iTx 	 iRx    ichrec  ifreq 	 sig_misfit   x       y      z
16 	 1 	 Ex 	 1 	 3.930894e+00 	 -1.800000e+03 	 -1.800000e+03 	 2.000000e+00
16 	 2 	 Ex 	 1 	 3.805549e+00 	 -1.560000e+03 	 -1.800000e+03 	 2.000000e+00
16 	 3 	 Ex 	 1 	 3.379479e+00 	 -1.320000e+03 	 -1.800000e+03 	 2.000000e+00
16 	 4 	 Ex 	 1 	 3.647865e+00 	 -1.080000e+03 	 -1.800000e+03 	 2.000000e+00
16 	 5 	 Ex 	 1 	 1.184677e+00 	 -8.400000e+02 	 -1.800000e+03 	 2.000000e+00
16 	 6 	 Ex 	 1 	 3.110667e+00 	 -6.000000e+02 	 -1.800000e+03 	 2.000000e+00
16 	 7 	 Ex 	 1 	 1.356400e+00 	 -3.600000e+02 	 -1.800000e+03 	 2.000000e+00
16 	 8 	 Ex 	 1 	 4.386806e+00 	 -1.200000e+02 	 -1.800000e+03 	 2.000000e+00
16 	 9 	 Ex 	 1 	 5.547457e+00 	 1.200000e+02 	 -1.800000e+03 	 2.000000e+00
16 	 10 	 Ex 	 1 	 4.484285e+00 	 3.600000e+02 	 -1.800000e+03 	 2.000000e+00
16 	 11 	 Ex 	 1 	 4.433470e+00 	 6.000000e+02 	 -1.800000e+03 	 2.000000e+00
16 	 12 	 Ex 	 1 	 4.091984e+00 	 8.400000e+02 	 -1.800000e+03 	 2.000000e+00
16 	 13 	 Ex 	 1 	 9.127355e-01 	 1.080000e+03 	 -1.800000e+03 	 2.000000e+00
16 	 14 	 Ex 	 1 	 3.179517e+00 	 1.320000e+03 	 -1.800000e+03 	 2.000000e+00
16 	 15 	 Ex 	 1 	 1.190037e+00 	 1.560000e+03 	 -1.800000e+03 	 2.000000e+00
16 	 16 	 Ex 	 1 	 6.830404e-01 	 1.800000e+03 	 -1.800000e+03 	 2.000000e+00
16 	 17 	 Ex 	 1 	 7.283283e+00 	 -1.800000e+03 	 -1.560000e+03 	 2.000000e+00
16 	 18 	 Ex 	 1 	 6.092247e+00 	 -1.560000e+03 	 -1.560000e+03 	 2.000000e+00
16 	 19 	 Ex 	 1 	 6.499680e+00 	 -1.320000e+03 	 -1.560000e+03 	 2.000000e+00
16 	 20 	 Ex 	 1 	 5.092649e+00 	 -1.080000e+03 	 -1.560000e+03 	 2.000000e+00
16 	 21 	 Ex 	 1 	 4.588510e+00 	 -8.400000e+02 	 -1.560000e+03 	 2.000000e+00
16 	 22 	 Ex 	 1 	 1.408399e+00 	 -6.000000e+02 	 -1.560000e+03 	 2.000000e+00
16 	 23 	 Ex 	 1 	 1.583614e+00 	 -3.600000e+02 	 -1.560000e+03 	 2.000000e+00
16 	 24 	 Ex 	 1 	 2.211315e+00 	 -1.200000e+02 	 -1.560000e+03 	 2.000000e+00
16 	 25 	 Ex 	 1 	 5.403268e+00 	 1.200000e+02 	 -1.560000e+03 	 2.000000e+00
16 	 26 	 Ex 	 1 	 5.575247e+00 	 3.600000e+02 	 -1.560000e+03 	 2.000000e+00
16 	 27 	 Ex 	 1 	 5.048351e+00 	 6.000000e+02 	 -1.560000e+03 	 2.000000e+00
16 	 28 	 Ex 	 1 	 3.735383e+00 	 8.400000e+02 	 -1.560000e+03 	 2.000000e+00
16 	 29 	 Ex 	 1 	 3.403545e+00 	 1.080000e+03 	 -1.560000e+03 	 2.000000e+00
16 	 30 	 Ex 	 1 	 1.938769e+00 	 1.320000e+03 	 -1.560000e+03 	 2.000000e+00
16 	 31 	 Ex 	 1 	 1.705676e+00 	 1.560000e+03 	 -1.560000e+03 	 2.000000e+00
16 	 32 	 Ex 	 1 	 1.882432e+00 	 1.800000e+03 	 -1.560000e+03 	 2.000000e+00
16 	 33 	 Ex 	 1 	 5.281034e+00 	 -1.800000e+03 	 -1.320000e+03 	 2.000000e+00
16 	 34 	 Ex 	 1 	 7.702718e+00 	 -1.560000e+03 	 -1.320000e+03 	 2.000000e+00
16 	 35 	 Ex 	 1 	 5.098263e+00 	 -1.320000e+03 	 -1.320000e+03 	 2.000000e+00
16 	 36 	 Ex 	 1 	 5.687275e+00 	 -1.080000e+03 	 -1.320000e+03 	 2.000000e+00
16 	 37 	 Ex 	 1 	 3.732812e+00 	 -8.400000e+02 	 -1.320000e+03 	 2.000000e+00
16 	 38 	 Ex 	 1 	 1.127546e+00 	 -6.000000e+02 	 -1.320000e+03 	 2.000000e+00
16 	 39 	 Ex 	 1 	 3.081795e+00 	 -3.600000e+02 	 -1.320000e+03 	 2.000000e+00
16 	 40 	 Ex 	 1 	 3.342698e+00 	 -1.200000e+02 	 -1.320000e+03 	 2.000000e+00
16 	 41 	 Ex 	 1 	 6.033396e+00 	 1.200000e+02 	 -1.320000e+03 	 2.000000e+00
16 	 42 	 Ex 	 1 	 5.141665e+00 	 3.600000e+02 	 -1.320000e+03 	 2.000000e+00
16 	 43 	 Ex 	 1 	 5.685610e+00 	 6.000000e+02 	 -1.320000e+03 	 2.000000e+00
16 	 44 	 Ex 	 1 	 3.709293e+00 	 8.400000e+02 	 -1.320000e+03 	 2.000000e+00
16 	 45 	 Ex 	 1 	 1.930246e+00 	 1.080000e+03 	 -1.320000e+03 	 2.000000e+00
16 	 46 	 Ex 	 1 	 2.371890e+00 	 1.320000e+03 	 -1.320000e+03 	 2.000000e+00
16 	 47 	 Ex 	 1 	 5.059320e-01 	 1.560000e+03 	 -1.320000e+03 	 2.000000e+00
16 	 48 	 Ex 	 1 	 2.509412e-01 	 1.800000e+03 	 -1.320000e+03 	 2.000000e+00
16 	 49 	 Ex 	 1 	 4.690880e+00 	 -1.800000e+03 	 -1.080000e+03 	 2.000000e+00
16 	 50 	 Ex 	 1 	 7.794812e+00 	 -1.560000e+03 	 -1.080000e+03 	 2.000000e+00
16 	 51 	 Ex 	 1 	 5.002578e+00 	 -1.320000e+03 	 -1.080000e+03 	 2.000000e+00
16 	 52 	 Ex 	 1 	 5.490380e+00 	 -1.080000e+03 	 -1.080000e+03 	 2.000000e+00
16 	 53 	 Ex 	 1 	 4.270632e+00 	 -8.400000e+02 	 -1.080000e+03 	 2.000000e+00
16 	 54 	 Ex 	 1 	 2.154198e+00 	 -6.000000e+02 	 -1.080000e+03 	 2.000000e+00
16 	 55 	 Ex 	 1 	 2.298031e+00 	 -3.600000e+02 	 -1.080000e+03 	 2.000000e+00
16 	 56 	 Ex 	 1 	 3.112677e+00 	 -1.200000e+02 	 -1.080000e+03 	 2.000000e+00
16 	 57 	 Ex 	 1 	 3.319397e+00 	 1.200000e+02 	 -1.080000e+03 	 2.000000e+00
16 	 58 	 Ex 	 1 	 5.186307e+00 	 3.600000e+02 	 -1.080000e+03 	 2.000000e+00
16 	 59 	 Ex 	 1 	 5.275545e+00 	 6.000000e+02 	 -1.080000e+03 	 2.000000e+00
16 	 60 	 Ex 	 1 	 3.498746e+00 	 8.400000e+02 	 -1.080000e+03 	 2.000000e+00
16 	 61 	 Ex 	 1 	 2.221143e+00 	 1.080000e+03 	 -1.080000e+03 	 2.000000e+00
16 	 62 	 Ex 	 1 	 1.231333e+00 	 1.320000e+03 	 -1.080000e+03 	 2.000000e+00
16 	 63 	 Ex 	 1 	 5.379656e-01 	 1.560000e+03 	 -1.080000e+03 	 2.000000e+00
16 	 64 	 Ex 	 1 	 8.794619e-01 	 1.800000e+03 	 -1.080000e+03 	 2.000000e+00
16 	 65 	 Ex 	 1 	 6.577629e+00 	 -1.800000e+03 	 -8.400000e+02 	 2.000000e+00
16 	 66 	 Ex 	 1 	 5.453961e+00 	 -1.560000e+03 	 -8.400000e+02 	 2.000000e+00
16 	 67 	 Ex 	 1 	 7.967699e+00 	 -1.320000e+03 	 -8.400000e+02 	 2.000000e+00
16 	 68 	 Ex 	 1 	 6.261913e+00 	 -1.080000e+03 	 -8.400000e+02 	 2.000000e+00
16 	 69 	 Ex 	 1 	 5.442138e+00 	 -8.400000e+02 	 -8.400000e+02 	 2.000000e+00
16 	 70 	 Ex 	 1 	 3.363409e+00 	 -6.000000e+02 	 -8.400000e+02 	 2.000000e+00
16 	 71 	 Ex 	 1 	 2.158672e+00 	 -3.600000e+02 	 -8.400000e+02 	 2.000000e+00
16 	 72 	 Ex 	 1 	 1.716325e+00 	 -1.200000e+02 	 -8.400000e+02 	 2.000000e+00
16 	 73 	 Ex 	 1 	 3.052310e+00 	 1.200000e+02 	 -8.400000e+02 	 2.000000e+00
16 	 74 	 Ex 	 1 	 4.581964e+00 	 3.600000e+02 	 -8.400000e+02 	 2.000000e+00
16 	 75 	 Ex 	 1 	 5.920320e+00 	 6.000000e+02 	 -8.400000e+02 	 2.000000e+00
16 	 76 	 Ex 	 1 	 5.299102e+00 	 8.400000e+02 	 -8.400000e+02 	 2.000000e+00
16 	 77 	 Ex 	 1 	 2.067688e+00 	 1.080000e+03 	 -8.400000e+02 	 2.000000e+00
16 	 78 	 Ex 	 1 	 7.085935e-01 	 1.320000e+03 	 -8.400000e+02 	 2.000000e+00
16 	 79 	 Ex 	 1 	 8.614044e-01 	 1.560000e+03 	 -8.400000e+02 	 2.000000e+00
16 	 80 	 Ex 	 1 	 1.538755e+00 	 1.800000e+03 	 -8.400000e+02 	 2.000000e+00
16 	 81 	 Ex 	 1 	 7.006998e+00 	 -1.800000e+03 	 -6.000000e+02 	 2.000000e+00
16 	 82 	 Ex 	 1 	 4.843674e+00 	 -1.560000e+03 	 -6.000000e+02 	 2.000000e+00
16 	 83 	 Ex 	 1 	 5.691644e+00 	 -1.320000e+03 	 -6.000000e+02 	 2.000000e+00
16 	 84 	 Ex 	 1 	 3.950226e+00 	 -1.080000e+03 	 -6.000000e+02 	 2.000000e+00
16 	 85 	 Ex 	 1 	 5.820034e+00 	 -8.400000e+02 	 -6.000000e+02 	 2.000000e+00
16 	 86 	 Ex 	 1 	 3.135367e+00 	 -6.000000e+02 	 -6.000000e+02 	 2.000000e+00
16 	 87 	 Ex 	 1 	 1.895369e+00 	 -3.600000e+02 	 -6.000000e+02 	 2.000000e+00
16 	 88 	 Ex 	 1 	 1.218949e+00 	 -1.200000e+02 	 -6.000000e+02 	 2.000000e+00
16 	 89 	 Ex 	 1 	 2.329324e-01 	 1.200000e+02 	 -6.000000e+02 	 2.000000e+00
16 	 90 	 Ex 	 1 	 4.426012e+00 	 3.600000e+02 	 -6.000000e+02 	 2.000000e+00
16 	 91 	 Ex 	 1 	 4.119629e+00 	 6.000000e+02 	 -6.000000e+02 	 2.000000e+00
16 	 92 	 Ex 	 1 	 4.829407e+00 	 8.400000e+02 	 -6.000000e+02 	 2.000000e+00
16 	 93 	 Ex 	 1 	 2.864333e+00 	 1.080000e+03 	 -6.000000e+02 	 2.000000e+00
16 	 94 	 Ex 	 1 	 2.265300e+00 	 1.320000e+03 	 -6.000000e+02 	 2.000000e+00
16 	 95 	 Ex 	 1 	 2.091858e-01 	 1.560000e+03 	 -6.000000e+02 	 2.000000e+00
16 	 96 	 Ex 	 1 	 1.074096e+00 	 1.800000e+03 	 -6.000000e+02 	 2.000000e+00
16 	 97 	 Ex 	 1 	 5.104069e+00 	 -1.800000e+03 	 -3.600000e+02 	 2.000000e+00
16 	 98 	 Ex 	 1 	 3.726717e+00 	 -1.560000e+03 	 -3.600000e+02 	 2.000000e+00
16 	 99 	 Ex 	 1 	 3.125322e+00 	 -1.320000e+03 	 -3.600000e+02 	 2.000000e+00
16 	 100 	 Ex 	 1 	 1.890142e+00 	 -1.080000e+03 	 -3.600000e+02 	 2.000000e+00
16 	 101 	 Ex 	 1 	 2.531787e+00 	 -8.400000e+02 	 -3.600000e+02 	 2.000000e+00
16 	 102 	 Ex 	 1 	 4.472891e+00 	 -6.000000e+02 	 -3.600000e+02 	 2.000000e+00
16 	 103 	 Ex 	 1 	 2.905365e+00 	 -3.600000e+02 	 -3.600000e+02 	 2.000000e+00
16 	 104 	 Ex 	 1 	 3.778151e+00 	 -1.200000e+02 	 -3.600000e+02 	 2.000000e+00
16 	 105 	 Ex 	 1 	 4.108147e+00 	 1.200000e+02 	 -3.600000e+02 	 2.000000e+00
16 	 106 	 Ex 	 1 	 1.747442e+00 	 3.600000e+02 	 -3.600000e+02 	 2.000000e+00
16 	 107 	 Ex 	 1 	 3.157897e+00 	 6.000000e+02 	 -3.600000e+02 	 2.000000e+00
16 	 108 	 Ex 	 1 	 3.883983e+00 	 8.400000e+02 	 -3.600000e+02 	 2.000000e+00
16 	 109 	 Ex 	 1 	 4.284327e+00 	 1.080000e+03 	 -3.600000e+02 	 2.000000e+00
16 	 110 	 Ex 	 1 	 2.949836e-01 	 1.320000e+03 	 -3.600000e+02 	 2.000000e+00
16 	 111 	 Ex 	 1 	 3.563142e-01 	 1.560000e+03 	 -3.600000e+02 	 2.000000e+00
16 	 112 	 Ex 	 1 	 1.385312e+00 	 1.800000e+03 	 -3.600000e+02 	 2.000000e+00
16 	 113 	 Ex 	 1 	 7.964150e-01 	 -1.800000e+03 	 -1.200000e+02 	 2.000000e+00
16 	 114 	 Ex 	 1 	 4.062265e+00 	 -1.560000e+03 	 -1.200000e+02 	 2.000000e+00
16 	 115 	 Ex 	 1 	 1.624841e+00 	 -1.320000e+03 	 -1.200000e+02 	 2.000000e+00
16 	 116 	 Ex 	 1 	 1.974301e+00 	 -1.080000e+03 	 -1.200000e+02 	 2.000000e+00
16 	 117 	 Ex 	 1 	 1.035388e+00 	 -8.400000e+02 	 -1.200000e+02 	 2.000000e+00
16 	 118 	 Ex 	 1 	 5.281661e+00 	 -6.000000e+02 	 -1.200000e+02 	 2.000000e+00
16 	 119 	 Ex 	 1 	 5.198905e+00 	 -3.600000e+02 	 -1.200000e+02 	 2.000000e+00
16 	 120 	 Ex 	 1 	 5.899514e+00 	 -1.200000e+02 	 -1.200000e+02 	 2.000000e+00
16 	 121 	 Ex 	 1 	 6.129766e+00 	 1.200000e+02 	 -1.200000e+02 	 2.000000e+00
16 	 122 	 Ex 	 1 	 3.256334e+00 	 3.600000e+02 	 -1.200000e+02 	 2.000000e+00
16 	 123 	 Ex 	 1 	 3.696735e+00 	 6.000000e+02 	 -1.200000e+02 	 2.000000e+00
16 	 124 	 Ex 	 1 	 3.823212e+00 	 8.400000e+02 	 -1.200000e+02 	 2.000000e+00
16 	 125 	 Ex 	 1 	 2.461356e+00 	 1.080000e+03 	 -1.200000e+02 	 2.000000e+00
16 	 126 	 Ex 	 1 	 2.309920e+00 	 1.320000e+03 	 -1.200000e+02 	 2.000000e+00
16 	 127 	 Ex 	 1 	 6.819507e-01 	 1.560000e+03 	 -1.200000e+02 	 2.000000e+00
16 	 128 	 Ex 	 1 	 1.104698e+00 	 1.800000e+03 	 -1.200000e+02 	 2.000000e+00
16 	 129 	 Ex 	 1 	 1.721153e+00 	 -1.800000e+03 	 1.200000e+02 	 2.000000e+00
16 	 130 	 Ex 	 1 	 1.747396e+00 	 -1.560000e+03 	 1.200000e+02 	 2.000000e+00
16 	 131 	 Ex 	 1 	 1.763365e+00 	 -1.320000e+03 	 1.200000e+02 	 2.000000e+00
16 	 132 	 Ex 	 1 	 4.670292e+00 	 -1.080000e+03 	 1.200000e+02 	 2.000000e+00
16 	 133 	 Ex 	 1 	 4.379012e+00 	 -8.400000e+02 	 1.200000e+02 	 2.000000e+00
16 	 134 	 Ex 	 1 	 1.761323e+00 	 -6.000000e+02 	 1.200000e+02 	 2.000000e+00
16 	 135 	 Ex 	 1 	 2.312734e+00 	 -3.600000e+02 	 1.200000e+02 	 2.000000e+00
16 	 136 	 Ex 	 1 	 5.620167e+00 	 -1.200000e+02 	 1.200000e+02 	 2.000000e+00
16 	 137 	 Ex 	 1 	 7.030111e+00 	 1.200000e+02 	 1.200000e+02 	 2.000000e+00
16 	 138 	 Ex 	 1 	 5.007463e+00 	 3.600000e+02 	 1.200000e+02 	 2.000000e+00
16 	 139 	 Ex 	 1 	 2.191393e+00 	 6.000000e+02 	 1.200000e+02 	 2.000000e+00
16 	 140 	 Ex 	 1 	 2.144363e+00 	 8.400000e+02 	 1.200000e+02 	 2.000000e+00
16 	 141 	 Ex 	 1 	 3.197110e+00 	 1.080000e+03 	 1.200000e+02 	 2.000000e+00
16 	 142 	 Ex 	 1 	 1.512670e+00 	 1.320000e+03 	 1.200000e+02 	 2.000000e+00
16 	 143 	 Ex 	 1 	 1.737152e+00 	 1.560000e+03 	 1.200000e+02 	 2.000000e+00
16 	 144 	 Ex 	 1 	 1.195244e+00 	 1.800000e+03 	 1.200000e+02 	 2.000000e+00
16 	 145 	 Ex 	 1 	 3.286237e-01 	 -1.800000e+03 	 3.600000e+02 	 2.000000e+00
16 	 146 	 Ex 	 1 	 2.603117e+00 	 -1.560000e+03 	 3.600000e+02 	 2.000000e+00
16 	 147 	 Ex 	 1 	 3.028067e+00 	 -1.320000e+03 	 3.600000e+02 	 2.000000e+00
16 	 148 	 Ex 	 1 	 6.246535e+00 	 -1.080000e+03 	 3.600000e+02 	 2.000000e+00
16 	 149 	 Ex 	 1 	 5.291686e+00 	 -8.400000e+02 	 3.600000e+02 	 2.000000e+00
16 	 150 	 Ex 	 1 	 3.162641e+00 	 -6.000000e+02 	 3.600000e+02 	 2.000000e+00
16 	 151 	 Ex 	 1 	 2.585720e+00 	 -3.600000e+02 	 3.600000e+02 	 2.000000e+00
16 	 152 	 Ex 	 1 	 6.642269e+00 	 -1.200000e+02 	 3.600000e+02 	 2.000000e+00
16 	 153 	 Ex 	 1 	 7.275599e+00 	 1.200000e+02 	 3.600000e+02 	 2.000000e+00
16 	 154 	 Ex 	 1 	 4.787120e+00 	 3.600000e+02 	 3.600000e+02 	 2.000000e+00
16 	 155 	 Ex 	 1 	 1.354265e+00 	 6.000000e+02 	 3.600000e+02 	 2.000000e+00
16 	 156 	 Ex 	 1 	 2.480301e+00 	 8.400000e+02 	 3.600000e+02 	 2.000000e+00
16 	 157 	 Ex 	 1 	 2.960653e+00 	 1.080000e+03 	 3.600000e+02 	 2.000000e+00
16 	 158 	 Ex 	 1 	 2.042328e+00 	 1.320000e+03 	 3.600000e+02 	 2.000000e+00
16 	 159 	 Ex 	 1 	 1.221182e+00 	 1.560000e+03 	 3.600000e+02 	 2.000000e+00
16 	 160 	 Ex 	 1 	 1.900398e+00 	 1.800000e+03 	 3.600000e+02 	 2.000000e+00
16 	 161 	 Ex 	 1 	 3.139377e+00 	 -1.800000e+03 	 6.000000e+02 	 2.000000e+00
16 	 162 	 Ex 	 1 	 3.557250e+00 	 -1.560000e+03 	 6.000000e+02 	 2.000000e+00
16 	 163 	 Ex 	 1 	 3.853743e+00 	 -1.320000e+03 	 6.000000e+02 	 2.000000e+00
16 	 164 	 Ex 	 1 	 7.046171e+00 	 -1.080000e+03 	 6.000000e+02 	 2.000000e+00
16 	 165 	 Ex 	 1 	 6.928265e+00 	 -8.400000e+02 	 6.000000e+02 	 2.000000e+00
16 	 166 	 Ex 	 1 	 3.832554e+00 	 -6.000000e+02 	 6.000000e+02 	 2.000000e+00
16 	 167 	 Ex 	 1 	 1.830867e+00 	 -3.600000e+02 	 6.000000e+02 	 2.000000e+00
16 	 168 	 Ex 	 1 	 6.441530e+00 	 -1.200000e+02 	 6.000000e+02 	 2.000000e+00
16 	 169 	 Ex 	 1 	 7.178950e+00 	 1.200000e+02 	 6.000000e+02 	 2.000000e+00
16 	 170 	 Ex 	 1 	 5.427801e+00 	 3.600000e+02 	 6.000000e+02 	 2.000000e+00
16 	 171 	 Ex 	 1 	 1.782429e+00 	 6.000000e+02 	 6.000000e+02 	 2.000000e+00
16 	 172 	 Ex 	 1 	 2.595216e+00 	 8.400000e+02 	 6.000000e+02 	 2.000000e+00
16 	 173 	 Ex 	 1 	 1.773082e+00 	 1.080000e+03 	 6.000000e+02 	 2.000000e+00
16 	 174 	 Ex 	 1 	 1.920433e+00 	 1.320000e+03 	 6.000000e+02 	 2.000000e+00
16 	 175 	 Ex 	 1 	 3.669696e-01 	 1.560000e+03 	 6.000000e+02 	 2.000000e+00
16 	 176 	 Ex 	 1 	 5.722846e-01 	 1.800000e+03 	 6.000000e+02 	 2.000000e+00
16 	 177 	 Ex 	 1 	 1.946428e+00 	 -1.800000e+03 	 8.400000e+02 	 2.000000e+00
16 	 178 	 Ex 	 1 	 3.031425e+00 	 -1.560000e+03 	 8.400000e+02 	 2.000000e+00
16 	 179 	 Ex 	 1 	 4.180723e+00 	 -1.320000e+03 	 8.400000e+02 	 2.000000e+00
16 	 180 	 Ex 	 1 	 6.458288e+00 	 -1.080000e+03 	 8.400000e+02 	 2.000000e+00
16 	 181 	 Ex 	 1 	 4.190356e+00 	 -8.400000e+02 	 8.400000e+02 	 2.000000e+00
16 	 182 	 Ex 	 1 	 2.745058e+00 	 -6.000000e+02 	 8.400000e+02 	 2.000000e+00
16 	 183 	 Ex 	 1 	 2.738327e+00 	 -3.600000e+02 	 8.400000e+02 	 2.000000e+00
16 	 184 	 Ex 	 1 	 3.970722e+00 	 -1.200000e+02 	 8.400000e+02 	 2.000000e+00
16 	 185 	 Ex 	 1 	 5.355925e+00 	 1.200000e+02 	 8.400000e+02 	 2.000000e+00
16 	 186 	 Ex 	 1 	 4.470444e+00 	 3.600000e+02 	 8.400000e+02 	 2.000000e+00
16 	 187 	 Ex 	 1 	 1.408638e+00 	 6.000000e+02 	 8.400000e+02 	 2.000000e+00
16 	 188 	 Ex 	 1 	 1.023295e+00 	 8.400000e+02 	 8.400000e+02 	 2.000000e+00
16 	 189 	 Ex 	 1 	 5.909759e-01 	 1.080000e+03 	 8.400000e+02 	 2.000000e+00
16 	 190 	 Ex 	 1 	 1.468519e+00 	 1.320000e+03 	 8.400000e+02 	 2.000000e+00
16 	 191 	 Ex 	 1 	 1.218981e+00 	 1.560000e+03 	 8.400000e+02 	 2.000000e+00
16 	 192 	 Ex 	 1 	 7.024124e-01 	 1.800000e+03 	 8.400000e+02 	 2.000000e+00
16 	 193 	 Ex 	 1 	 3.308291e+00 	 -1.800000e+03 	 1.080000e+03 	 2.000000e+00
16 	 194 	 Ex 	 1 	 4.466592e+00 	 -1.560000e+03 	 1.080000e+03 	 2.000000e+00
16 	 195 	 Ex 	 1 	 4.683286e+00 	 -1.320000e+03 	 1.080000e+03 	 2.000000e+00
16 	 196 	 Ex 	 1 	 6.005063e+00 	 -1.080000e+03 	 1.080000e+03 	 2.000000e+00
16 	 197 	 Ex 	 1 	 1.985289e+00 	 -8.400000e+02 	 1.080000e+03 	 2.000000e+00
16 	 198 	 Ex 	 1 	 1.317351e+00 	 -6.000000e+02 	 1.080000e+03 	 2.000000e+00
16 	 199 	 Ex 	 1 	 1.701787e+00 	 -3.600000e+02 	 1.080000e+03 	 2.000000e+00
16 	 200 	 Ex 	 1 	 3.237401e+00 	 -1.200000e+02 	 1.080000e+03 	 2.000000e+00
16 	 201 	 Ex 	 1 	 3.751987e+00 	 1.200000e+02 	 1.080000e+03 	 2.000000e+00
16 	 202 	 Ex 	 1 	 1.632814e+00 	 3.600000e+02 	 1.080000e+03 	 2.000000e+00
16 	 203 	 Ex 	 1 	 1.350601e+00 	 6.000000e+02 	 1.080000e+03 	 2.000000e+00
16 	 204 	 Ex 	 1 	 1.015150e+00 	 8.400000e+02 	 1.080000e+03 	 2.000000e+00
16 	 205 	 Ex 	 1 	 1.132724e+00 	 1.080000e+03 	 1.080000e+03 	 2.000000e+00
16 	 206 	 Ex 	 1 	 0.000000e+00 	 1.320000e+03 	 1.080000e+03 	 2.000000e+00
16 	 207 	 Ex 	 1 	 0.000000e+00 	 1.560000e+03 	 1.080000e+03 	 2.000000e+00
16 	 208 	 Ex 	 1 	 0.000000e+00 	 1.800000e+03 	 1.080000e+03 	 2.000000e+00
16 	 209 	 Ex 	 1 	 2.864369e+00 	 -1.800000e+03 	 1.320000e+03 	 2.000000e+00
16 	 210 	 Ex 	 1 	 2.148464e+00 	 -1.560000e+03 	 1.320000e+03 	 2.000000e+00
16 	 211 	 Ex 	 1 	 3.962032e+00 	 -1.320000e+03 	 1.320000e+03 	 2.000000e+00
16 	 212 	 Ex 	 1 	 2.900485e+00 	 -1.080000e+03 	 1.320000e+03 	 2.000000e+00
16 	 213 	 Ex 	 1 	 1.334160e+00 	 -8.400000e+02 	 1.320000e+03 	 2.000000e+00
16 	 214 	 Ex 	 1 	 6.017364e-01 	 -6.000000e+02 	 1.320000e+03 	 2.000000e+00
16 	 215 	 Ex 	 1 	 2.038813e+00 	 -3.600000e+02 	 1.320000e+03 	 2.000000e+00
16 	 216 	 Ex 	 1 	 2.251196e+00 	 -1.200000e+02 	 1.320000e+03 	 2.000000e+00
16 	 217 	 Ex 	 1 	 1.823584e+00 	 1.200000e+02 	 1.320000e+03 	 2.000000e+00
16 	 218 	 Ex 	 1 	 1.456474e+00 	 3.600000e+02 	 1.320000e+03 	 2.000000e+00
16 	 219 	 Ex 	 1 	 5.136040e-01 	 6.000000e+02 	 1.320000e+03 	 2.000000e+00
16 	 220 	 Ex 	 1 	 1.822924e+00 	 8.400000e+02 	 1.320000e+03 	 2.000000e+00
16 	 221 	 Ex 	 1 	 0.000000e+00 	 1.080000e+03 	 1.320000e+03 	 2.000000e+00
16 	 222 	 Ex 	 1 	 0.000000e+00 	 1.320000e+03 	 1.320000e+03 	 2.000000e+00
16 	 223 	 Ex 	 1 	 0.000000e+00 	 1.560000e+03 	 1.320000e+03 	 2.000000e+00
16 	 224 	 Ex 	 1 	 0.000000e+00 	 1.800000e+03 	 1.320000e+03 	 2.000000e+00
16 	 225 	 Ex 	 1 	 3.357228e+00 	 -1.800000e+03 	 1.560000e+03 	 2.000000e+00
16 	 226 	 Ex 	 1 	 1.561839e+00 	 -1.560000e+03 	 1.560000e+03 	 2.000000e+00
16 	 227 	 Ex 	 1 	 2.562347e+00 	 -1.320000e+03 	 1.560000e+03 	 2.000000e+00
16 	 228 	 Ex 	 1 	 1.612071e+00 	 -1.080000e+03 	 1.560000e+03 	 2.000000e+00
16 	 229 	 Ex 	 1 	 1.138944e+00 	 -8.400000e+02 	 1.560000e+03 	 2.000000e+00
16 	 230 	 Ex 	 1 	 7.289929e-01 	 -6.000000e+02 	 1.560000e+03 	 2.000000e+00
16 	 231 	 Ex 	 1 	 1.531380e+00 	 -3.600000e+02 	 1.560000e+03 	 2.000000e+00
16 	 232 	 Ex 	 1 	 1.889518e+00 	 -1.200000e+02 	 1.560000e+03 	 2.000000e+00
16 	 233 	 Ex 	 1 	 1.603530e+00 	 1.200000e+02 	 1.560000e+03 	 2.000000e+00
16 	 234 	 Ex 	 1 	 1.060835e+00 	 3.600000e+02 	 1.560000e+03 	 2.000000e+00
16 	 235 	 Ex 	 1 	 1.177607e+00 	 6.000000e+02 	 1.560000e+03 	 2.000000e+00
16 	 236 	 Ex 	 1 	 3.116025e-01 	 8.400000e+02 	 1.560000e+03 	 2.000000e+00
16 	 237 	 Ex 	 1 	 0.000000e+00 	 1.080000e+03 	 1.560000e+03 	 2.000000e+00
16 	 238 	 Ex 	 1 	 0.000000e+00 	 1.320000e+03 	 1.560000e+03 	 2.000000e+00
16 	 239 	 Ex 	 1 	 0.000000e+00 	 1.560000e+03 	 1.560000e+03 	 2.000000e+00
16 	 240 	 Ex 	 1 	 0.000000e+00 	 1.800000e+03 	 1.560000e+03 	 2.000000e+00
16 	 241 	 Ex 	 1 	 3.629252e+00 	 -1.800000e+03 	 1.800000e+03 	 2.000000e+00
16 	 242 	 Ex 	 1 	 2.408434e+00 	 -1.560000e+03 	 1.800000e+03 	 2.000000e+00
16 	 243 	 Ex 	 1 	 2.979732e+00 	 -1.320000e+03 	 1.800000e+03 	 2.000000e+00
16 	 244 	 Ex 	 1 	 1.050947e+00 	 -1.080000e+03 	 1.800000e+03 	 2.000000e+00
16 	 245 	 Ex 	 1 	 1.398096e+00 	 -8.400000e+02 	 1.800000e+03 	 2.000000e+00
16 	 246 	 Ex 	 1 	 2.932549e-01 	 -6.000000e+02 	 1.800000e+03 	 2.000000e+00
16 	 247 	 Ex 	 1 	 4.034765e-01 	 -3.600000e+02 	 1.800000e+03 	 2.000000e+00
16 	 248 	 Ex 	 1 	 2.430725e+00 	 -1.200000e+02 	 1.800000e+03 	 2.000000e+00
16 	 249 	 Ex 	 1 	 2.742250e+00 	 1.200000e+02 	 1.800000e+03 	 2.000000e+00
16 	 250 	 Ex 	 1 	 3.770167e-01 	 3.600000e+02 	 1.800000e+03 	 2.000000e+00
16 	 251 	 Ex 	 1 	 6.115628e-01 	 6.000000e+02 	 1.800000e+03 	 2.000000e+00
16 	 252 	 Ex 	 1 	 1.432665e+00 	 8.400000e+02 	 1.800000e+03 	 2.000000e+00
16 	 253 	 Ex 	 1 	 0.000000e+00 	 1.080000e+03 	 1.800000e+03 	 2.000000e+00
16 	 254 	 Ex 	 1 	 0.000000e+00 	 1.320000e+03 	 1.800000e+03 	 2.000000e+00
16 	 255 	 Ex 	 1 	 0.000000e+00 	 1.560000e+03 	 1.800000e+03 	 2.000000e+00
16 	 256 	 Ex 	 1 	 0.000000e+00 	 1.800000e+03 	 1.800000e+03 	 2.000000e+00
16 	 1 	 Ex 	 2 	 2.720094e+00 	 -1.800000e+03 	 -1.800000e+03 	 2.000000e+00
16 	 2 	 Ex 	 2 	 3.500473e+00 	 -1.560000e+03 	 -1.800000e+03 	 2.000000e+00
16 	 3 	 Ex 	 2 	 3.686589e+00 	 -1.320000e+03 	 -1.800000e+03 	 2.000000e+00
16 	 4 	 Ex 	 2 	 3.297043e+00 	 -1.080000e+03 	 -1.800000e+03 	 2.000000e+00
16 	 5 	 Ex 	 2 	 1.899382e+00 	 -8.400000e+02 	 -1.800000e+03 	 2.000000e+00
16 	 6 	 Ex 	 2 	 1.501215e+00 	 -6.000000e+02 	 -1.800000e+03 	 2.000000e+00
16 	 7 	 Ex 	 2 	 2.596897e+00 	 -3.600000e+02 	 -1.800000e+03 	 2.000000e+00
16 	 8 	 Ex 	 2 	 4.912860e+00 	 -1.200000e+02 	 -1.800000e+03 	 2.000000e+00
16 	 9 	 Ex 	 2 	 3.264455e+00 	 1.200000e+02 	 -1.800000e+03 	 2.000000e+00
16 	 10 	 Ex 	 2 	 4.150631e+00 	 3.600000e+02 	 -1.800000e+03 	 2.000000e+00
16 	 11 	 Ex 	 2 	 3.851541e+00 	 6.000000e+02 	 -1.800000e+03 	 2.000000e+00
16 	 12 	 Ex 	 2 	 2.944486e+00 	 8.400000e+02 	 -1.800000e+03 	 2.000000e+00
16 	 13 	 Ex 	 2 	 2.009589e+00 	 1.080000e+03 	 -1.800000e+03 	 2.000000e+00
16 	 14 	 Ex 	 2 	 7.515076e-01 	 1.320000e+03 	 -1.800000e+03 	 2.000000e+00
16 	 15 	 Ex 	 2 	 1.016212e+00 	 1.560000e+03 	 -1.800000e+03 	 2.000000e+00
16 	 16 	 Ex 	 2 	 5.403872e-01 	 1.800000e+03 	 -1.800000e+03 	 2.000000e+00
16 	 17 	 Ex 	 2 	 3.697910e+00 	 -1.800000e+03 	 -1.560000e+03 	 2.000000e+00
16 	 18 	 Ex 	 2 	 3.090069e+00 	 -1.560000e+03 	 -1.560000e+03 	 2.000000e+00
16 	 19 	 Ex 	 2 	 4.885878e+00 	 -1.320000e+03 	 -1.560000e+03 	 2.000000e+00
16 	 20 	 Ex 	 2 	 2.362445e+00 	 -1.080000e+03 	 -1.560000e+03 	 2.000000e+00
16 	 21 	 Ex 	 2 	 2.449036e+00 	 -8.400000e+02 	 -1.560000e+03 	 2.000000e+00
16 	 22 	 Ex 	 2 	 9.525982e-01 	 -6.000000e+02 	 -1.560000e+03 	 2.000000e+00
16 	 23 	 Ex 	 2 	 3.049819e+00 	 -3.600000e+02 	 -1.560000e+03 	 2.000000e+00
16 	 24 	 Ex 	 2 	 3.414077e+00 	 -1.200000e+02 	 -1.560000e+03 	 2.000000e+00
16 	 25 	 Ex 	 2 	 5.101980e+00 	 1.200000e+02 	 -1.560000e+03 	 2.000000e+00
16 	 26 	 Ex 	 2 	 6.463155e+00 	 3.600000e+02 	 -1.560000e+03 	 2.000000e+00
16 	 27 	 Ex 	 2 	 4.541964e+00 	 6.000000e+02 	 -1.560000e+03 	 2.000000e+00
16 	 28 	 Ex 	 2 	 3.776529e+00 	 8.400000e+02 	 -1.560000e+03 	 2.000000e+00
16 	 29 	 Ex 	 2 	 2.210090e+00 	 1.080000e+03 	 -1.560000e+03 	 2.000000e+00
16 	 30 	 Ex 	 2 	 3.310052e+00 	 1.320000e+03 	 -1.560000e+03 	 2.000000e+00
16 	 31 	 Ex 	 2 	 8.062655e-01 	 1.560000e+03 	 -1.560000e+03 	 2.000000e+00
16 	 32 	 Ex 	 2 	 5.124934e-02 	 1.800000e+03 	 -1.560000e+03 	 2.000000e+00
16 	 33 	 Ex 	 2 	 4.098794e+00 	 -1.800000e+03 	 -1.320000e+03 	 2.000000e+00
16 	 34 	 Ex 	 2 	 4.829331e+00 	 -1.560000e+03 	 -1.320000e+03 	 2.000000e+00
16 	 35 	 Ex 	 2 	 4.453846e+00 	 -1.320000e+03 	 -1.320000e+03 	 2.000000e+00
16 	 36 	 Ex 	 2 	 4.138601e+00 	 -1.080000e+03 	 -1.320000e+03 	 2.000000e+00
16 	 37 	 Ex 	 2 	 3.123835e+00 	 -8.400000e+02 	 -1.320000e+03 	 2.000000e+00
16 	 38 	 Ex 	 2 	 9.915989e-01 	 -6.000000e+02 	 -1.320000e+03 	 2.000000e+00
16 	 39 	 Ex 	 2 	 3.303587e+00 	 -3.600000e+02 	 -1.320000e+03 	 2.000000e+00
16 	 40 	 Ex 	 2 	 3.435097e+00 	 -1.200000e+02 	 -1.320000e+03 	 2.000000e+00
16 	 41 	 Ex 	 2 	 5.615594e+00 	 1.200000e+02 	 -1.320000e+03 	 2.000000e+00
16 	 42 	 Ex 	 2 	 5.227827e+00 	 3.600000e+02 	 -1.320000e+03 	 2.000000e+00
16 	 43 	 Ex 	 2 	 4.403899e+00 	 6.000000e+02 	 -1.320000e+03 	 2.000000e+00
16 	 44 	 Ex 	 2 	 3.323496e+00 	 8.400000e+02 	 -1.320000e+03 	 2.000000e+00
16 	 45 	 Ex 	 2 	 2.421833e+00 	 1.080000e+03 	 -1.320000e+03 	 2.000000e+00
16 	 46 	 Ex 	 2 	 1.383673e+00 	 1.320000e+03 	 -1.320000e+03 	 2.000000e+00
16 	 47 	 Ex 	 2 	 7.368957e-02 	 1.560000e+03 	 -1.320000e+03 	 2.000000e+00
16 	 48 	 Ex 	 2 	 2.593105e-01 	 1.800000e+03 	 -1.320000e+03 	 2.000000e+00
16 	 49 	 Ex 	 2 	 4.076867e+00 	 -1.800000e+03 	 -1.080000e+03 	 2.000000e+00
16 	 50 	 Ex 	 2 	 5.680458e+00 	 -1.560000e+03 	 -1.080000e+03 	 2.000000e+00
16 	 51 	 Ex 	 2 	 5.284992e+00 	 -1.320000e+03 	 -1.080000e+03 	 2.000000e+00
16 	 52 	 Ex 	 2 	 5.967280e+00 	 -1.080000e+03 	 -1.080000e+03 	 2.000000e+00
16 	 53 	 Ex 	 2 	 5.864198e+00 	 -8.400000e+02 	 -1.080000e+03 	 2.000000e+00
16 	 54 	 Ex 	 2 	 3.198820e+00 	 -6.000000e+02 	 -1.080000e+03 	 2.000000e+00
16 	 55 	 Ex 	 2 	 2.439554e+00 	 -3.600000e+02 	 -1.080000e+03 	 2.000000e+00
16 	 56 	 Ex 	 2 	 2.881098e+00 	 -1.200000e+02 	 -1.080000e+03 	 2.000000e+00
16 	 57 	 Ex 	 2 	 6.120152e+00 	 1.200000e+02 	 -1.080000e+03 	 2.000000e+00
16 	 58 	 Ex 	 2 	 7.002972e+00 	 3.600000e+02 	 -1.080000e+03 	 2.000000e+00
16 	 59 	 Ex 	 2 	 5.427586e+00 	 6.000000e+02 	 -1.080000e+03 	 2.000000e+00
16 	 60 	 Ex 	 2 	 4.332435e+00 	 8.400000e+02 	 -1.080000e+03 	 2.000000e+00
16 	 61 	 Ex 	 2 	 2.009065e+00 	 1.080000e+03 	 -1.080000e+03 	 2.000000e+00
16 	 62 	 Ex 	 2 	 1.365625e+00 	 1.320000e+03 	 -1.080000e+03 	 2.000000e+00
16 	 63 	 Ex 	 2 	 1.012600e+00 	 1.560000e+03 	 -1.080000e+03 	 2.000000e+00
16 	 64 	 Ex 	 2 	 1.120928e+00 	 1.800000e+03 	 -1.080000e+03 	 2.000000e+00
16 	 65 	 Ex 	 2 	 4.205815e+00 	 -1.800000e+03 	 -8.400000e+02 	 2.000000e+00
16 	 66 	 Ex 	 2 	 6.108982e+00 	 -1.560000e+03 	 -8.400000e+02 	 2.000000e+00
16 	 67 	 Ex 	 2 	 5.452615e+00 	 -1.320000e+03 	 -8.400000e+02 	 2.000000e+00
16 	 68 	 Ex 	 2 	 6.199774e+00 	 -1.080000e+03 	 -8.400000e+02 	 2.000000e+00
16 	 69 	 Ex 	 2 	 4.842447e+00 	 -8.400000e+02 	 -8.400000e+02 	 2.000000e+00
16 	 70 	 Ex 	 2 	 3.870106e+00 	 -6.000000e+02 	 -8.400000e+02 	 2.000000e+00
16 	 71 	 Ex 	 2 	 1.858127e+00 	 -3.600000e+02 	 -8.400000e+02 	 2.000000e+00
16 	 72 	 Ex 	 2 	 1.212055e+00 	 -1.200000e+02 	 -8.400000e+02 	 2.000000e+00
16 	 73 	 Ex 	 2 	 3.789506e+00 	 1.200000e+02 	 -8.400000e+02 	 2.000000e+00
16 	 74 	 Ex 	 2 	 5.819832e+00 	 3.600000e+02 	 -8.400000e+02 	 2.000000e+00
16 	 75 	 Ex 	 2 	 4.640694e+00 	 6.000000e+02 	 -8.400000e+02 	 2.000000e+00
16 	 76 	 Ex 	 2 	 4.172279e+00 	 8.400000e+02 	 -8.400000e+02 	 2.000000e+00
16 	 77 	 Ex 	 2 	 3.530753e+00 	 1.080000e+03 	 -8.400000e+02 	 2.000000e+00
16 	 78 	 Ex 	 2 	 1.600256e+00 	 1.320000e+03 	 -8.400000e+02 	 2.000000e+00
16 	 79 	 Ex 	 2 	 5.711470e-01 	 1.560000e+03 	 -8.400000e+02 	 2.000000e+00
16 	 80 	 Ex 	 2 	 1.032067e+00 	 1.800000e+03 	 -8.400000e+02 	 2.000000e+00
16 	 81 	 Ex 	 2 	 4.438797e+00 	 -1.800000e+03 	 -6.000000e+02 	 2.000000e+00
16 	 82 	 Ex 	 2 	 3.561459e+00 	 -1.560000e+03 	 -6.000000e+02 	 2.000000e+00
16 	 83 	 Ex 	 2 	 3.766584e+00 	 -1.320000e+03 	 -6.000000e+02 	 2.000000e+00
16 	 84 	 Ex 	 2 	 4.813182e+00 	 -1.080000e+03 	 -6.000000e+02 	 2.000000e+00
16 	 85 	 Ex 	 2 	 4.377449e+00 	 -8.400000e+02 	 -6.000000e+02 	 2.000000e+00
16 	 86 	 Ex 	 2 	 4.876259e+00 	 -6.000000e+02 	 -6.000000e+02 	 2.000000e+00
16 	 87 	 Ex 	 2 	 4.112495e+00 	 -3.600000e+02 	 -6.000000e+02 	 2.000000e+00
16 	 88 	 Ex 	 2 	 2.277529e+00 	 -1.200000e+02 	 -6.000000e+02 	 2.000000e+00
16 	 89 	 Ex 	 2 	 4.867535e+00 	 1.200000e+02 	 -6.000000e+02 	 2.000000e+00
16 	 90 	 Ex 	 2 	 5.393060e+00 	 3.600000e+02 	 -6.000000e+02 	 2.000000e+00
16 	 91 	 Ex 	 2 	 4.485466e+00 	 6.000000e+02 	 -6.000000e+02 	 2.000000e+00
16 	 92 	 Ex 	 2 	 4.765164e+00 	 8.400000e+02 	 -6.000000e+02 	 2.000000e+00
16 	 93 	 Ex 	 2 	 2.947741e+00 	 1.080000e+03 	 -6.000000e+02 	 2.000000e+00
16 	 94 	 Ex 	 2 	 9.302420e-01 	 1.320000e+03 	 -6.000000e+02 	 2.000000e+00
16 	 95 	 Ex 	 2 	 4.754661e-01 	 1.560000e+03 	 -6.000000e+02 	 2.000000e+00
16 	 96 	 Ex 	 2 	 6.024210e-01 	 1.800000e+03 	 -6.000000e+02 	 2.000000e+00
16 	 97 	 Ex 	 2 	 1.076358e+00 	 -1.800000e+03 	 -3.600000e+02 	 2.000000e+00
16 	 98 	 Ex 	 2 	 3.313669e+00 	 -1.560000e+03 	 -3.600000e+02 	 2.000000e+00
16 	 99 	 Ex 	 2 	 3.202633e+00 	 -1.320000e+03 	 -3.600000e+02 	 2.000000e+00
16 	 100 	 Ex 	 2 	 3.550514e+00 	 -1.080000e+03 	 -3.600000e+02 	 2.000000e+00
16 	 101 	 Ex 	 2 	 4.028946e+00 	 -8.400000e+02 	 -3.600000e+02 	 2.000000e+00
16 	 102 	 Ex 	 2 	 4.206668e+00 	 -6.000000e+02 	 -3.600000e+02 	 2.000000e+00
16 	 103 	 Ex 	 2 	 3.108751e+00 	 -3.600000e+02 	 -3.600000e+02 	 2.000000e+00
16 	 104 	 Ex 	 2 	 2.027306e+00 	 -1.200000e+02 	 -3.600000e+02 	 2.000000e+00
16 	 105 	 Ex 	 2 	 3.654027e+00 	 1.200000e+02 	 -3.600000e+02 	 2.000000e+00
16 	 106 	 Ex 	 2 	 4.057482e+00 	 3.600000e+02 	 -3.600000e+02 	 2.000000e+00
16 	 107 	 Ex 	 2 	 4.704093e+00 	 6.000000e+02 	 -3.600000e+02 	 2.000000e+00
16 	 108 	 Ex 	 2 	 4.534626e+00 	 8.400000e+02 	 -3.600000e+02 	 2.000000e+00
16 	 109 	 Ex 	 2 	 1.446131e+00 	 1.080000e+03 	 -3.600000e+02 	 2.000000e+00
16 	 110 	 Ex 	 2 	 1.155497e+00 	 1.320000e+03 	 -3.600000e+02 	 2.000000e+00
16 	 111 	 Ex 	 2 	 3.910340e-01 	 1.560000e+03 	 -3.600000e+02 	 2.000000e+00
16 	 112 	 Ex 	 2 	 1.581384e+00 	 1.800000e+03 	 -3.600000e+02 	 2.000000e+00
16 	 113 	 Ex 	 2 	 1.533372e+00 	 -1.800000e+03 	 -1.200000e+02 	 2.000000e+00
16 	 114 	 Ex 	 2 	 1.688467e+00 	 -1.560000e+03 	 -1.200000e+02 	 2.000000e+00
16 	 115 	 Ex 	 2 	 2.731743e+00 	 -1.320000e+03 	 -1.200000e+02 	 2.000000e+00
16 	 116 	 Ex 	 2 	 1.834553e+00 	 -1.080000e+03 	 -1.200000e+02 	 2.000000e+00
16 	 117 	 Ex 	 2 	 3.283671e+00 	 -8.400000e+02 	 -1.200000e+02 	 2.000000e+00
16 	 118 	 Ex 	 2 	 3.927108e+00 	 -6.000000e+02 	 -1.200000e+02 	 2.000000e+00
16 	 119 	 Ex 	 2 	 3.522362e+00 	 -3.600000e+02 	 -1.200000e+02 	 2.000000e+00
16 	 120 	 Ex 	 2 	 3.531546e+00 	 -1.200000e+02 	 -1.200000e+02 	 2.000000e+00
16 	 121 	 Ex 	 2 	 5.853415e+00 	 1.200000e+02 	 -1.200000e+02 	 2.000000e+00
16 	 122 	 Ex 	 2 	 3.130678e+00 	 3.600000e+02 	 -1.200000e+02 	 2.000000e+00
16 	 123 	 Ex 	 2 	 4.985685e+00 	 6.000000e+02 	 -1.200000e+02 	 2.000000e+00
16 	 124 	 Ex 	 2 	 4.076530e+00 	 8.400000e+02 	 -1.200000e+02 	 2.000000e+00
16 	 125 	 Ex 	 2 	 3.223134e+00 	 1.080000e+03 	 -1.200000e+02 	 2.000000e+00
16 	 126 	 Ex 	 2 	 6.480539e-01 	 1.320000e+03 	 -1.200000e+02 	 2.000000e+00
16 	 127 	 Ex 	 2 	 8.415338e-01 	 1.560000e+03 	 -1.200000e+02 	 2.000000e+00
16 	 128 	 Ex 	 2 	 6.852371e-01 	 1.800000e+03 	 -1.200000e+02 	 2.000000e+00
16 	 129 	 Ex 	 2 	 8.314637e-01 	 -1.800000e+03 	 1.200000e+02 	 2.000000e+00
16 	 130 	 Ex 	 2 	 1.595396e+00 	 -1.560000e+03 	 1.200000e+02 	 2.000000e+00
16 	 131 	 Ex 	 2 	 3.037001e+00 	 -1.320000e+03 	 1.200000e+02 	 2.000000e+00
16 	 132 	 Ex 	 2 	 3.449068e+00 	 -1.080000e+03 	 1.200000e+02 	 2.000000e+00
16 	 133 	 Ex 	 2 	 2.082680e+00 	 -8.400000e+02 	 1.200000e+02 	 2.000000e+00
16 	 134 	 Ex 	 2 	 3.280844e+00 	 -6.000000e+02 	 1.200000e+02 	 2.000000e+00
16 	 135 	 Ex 	 2 	 5.660935e+00 	 -3.600000e+02 	 1.200000e+02 	 2.000000e+00
16 	 136 	 Ex 	 2 	 6.223261e+00 	 -1.200000e+02 	 1.200000e+02 	 2.000000e+00
16 	 137 	 Ex 	 2 	 6.552468e+00 	 1.200000e+02 	 1.200000e+02 	 2.000000e+00
16 	 138 	 Ex 	 2 	 3.883269e+00 	 3.600000e+02 	 1.200000e+02 	 2.000000e+00
16 	 139 	 Ex 	 2 	 3.620243e+00 	 6.000000e+02 	 1.200000e+02 	 2.000000e+00
16 	 140 	 Ex 	 2 	 2.149061e+00 	 8.400000e+02 	 1.200000e+02 	 2.000000e+00
16 	 141 	 Ex 	 2 	 2.103387e+00 	 1.080000e+03 	 1.200000e+02 	 2.000000e+00
16 	 142 	 Ex 	 2 	 1.475301e+00 	 1.320000e+03 	 1.200000e+02 	 2.000000e+00
16 	 143 	 Ex 	 2 	 6.915081e-01 	 1.560000e+03 	 1.200000e+02 	 2.000000e+00
16 	 144 	 Ex 	 2 	 9.908680e-01 	 1.800000e+03 	 1.200000e+02 	 2.000000e+00
16 	 145 	 Ex 	 2 	 2.396932e+00 	 -1.800000e+03 	 3.600000e+02 	 2.000000e+00
16 	 146 	 Ex 	 2 	 1.858074e+00 	 -1.560000e+03 	 3.600000e+02 	 2.000000e+00
16 	 147 	 Ex 	 2 	 3.186969e+00 	 -1.320000e+03 	 3.600000e+02 	 2.000000e+00
16 	 148 	 Ex 	 2 	 3.862582e+00 	 -1.080000e+03 	 3.600000e+02 	 2.000000e+00
16 	 149 	 Ex 	 2 	 2.154422e+00 	 -8.400000e+02 	 3.600000e+02 	 2.000000e+00
16 	 150 	 Ex 	 2 	 3.201887e+00 	 -6.000000e+02 	 3.600000e+02 	 2.000000e+00
16 	 151 	 Ex 	 2 	 4.268701e+00 	 -3.600000e+02 	 3.600000e+02 	 2.000000e+00
16 	 152 	 Ex 	 2 	 6.874360e+00 	 -1.200000e+02 	 3.600000e+02 	 2.000000e+00
16 	 153 	 Ex 	 2 	 6.445439e+00 	 1.200000e+02 	 3.600000e+02 	 2.000000e+00
16 	 154 	 Ex 	 2 	 4.434411e+00 	 3.600000e+02 	 3.600000e+02 	 2.000000e+00
16 	 155 	 Ex 	 2 	 1.337954e+00 	 6.000000e+02 	 3.600000e+02 	 2.000000e+00
16 	 156 	 Ex 	 2 	 2.992398e+00 	 8.400000e+02 	 3.600000e+02 	 2.000000e+00
16 	 157 	 Ex 	 2 	 2.880576e+00 	 1.080000e+03 	 3.600000e+02 	 2.000000e+00
16 	 158 	 Ex 	 2 	 2.457935e+00 	 1.320000e+03 	 3.600000e+02 	 2.000000e+00
16 	 159 	 Ex 	 2 	 3.796627e-01 	 1.560000e+03 	 3.600000e+02 	 2.000000e+00
16 	 160 	 Ex 	 2 	 1.383710e+00 	 1.800000e+03 	 3.600000e+02 	 2.000000e+00
16 	 161 	 Ex 	 2 	 2.548870e+00 	 -1.800000e+03 	 6.000000e+02 	 2.000000e+00
16 	 162 	 Ex 	 2 	 5.151716e+00 	 -1.560000e+03 	 6.000000e+02 	 2.000000e+00
16 	 163 	 Ex 	 2 	 4.967521e+00 	 -1.320000e+03 	 6.000000e+02 	 2.000000e+00
16 	 164 	 Ex 	 2 	 4.984771e+00 	 -1.080000e+03 	 6.000000e+02 	 2.000000e+00
16 	 165 	 Ex 	 2 	 3.667836e+00 	 -8.400000e+02 	 6.000000e+02 	 2.000000e+00
16 	 166 	 Ex 	 2 	 2.162437e+00 	 -6.000000e+02 	 6.000000e+02 	 2.000000e+00
16 	 167 	 Ex 	 2 	 4.868641e+00 	 -3.600000e+02 	 6.000000e+02 	 2.000000e+00
16 	 168 	 Ex 	 2 	 6.580128e+00 	 -1.200000e+02 	 6.000000e+02 	 2.000000e+00
16 	 169 	 Ex 	 2 	 7.500362e+00 	 1.200000e+02 	 6.000000e+02 	 2.000000e+00
16 	 170 	 Ex 	 2 	 3.221868e+00 	 3.600000e+02 	 6.000000e+02 	 2.000000e+00
16 	 171 	 Ex 	 2 	 1.434155e+00 	 6.000000e+02 	 6.000000e+02 	 2.000000e+00
16 	 172 	 Ex 	 2 	 2.359123e+00 	 8.400000e+02 	 6.000000e+02 	 2.000000e+00
16 	 173 	 Ex 	 2 	 2.702676e+00 	 1.080000e+03 	 6.000000e+02 	 2.000000e+00
16 	 174 	 Ex 	 2 	 1.059719e+00 	 1.320000e+03 	 6.000000e+02 	 2.000000e+00
16 	 175 	 Ex 	 2 	 4.789759e-01 	 1.560000e+03 	 6.000000e+02 	 2.000000e+00
16 	 176 	 Ex 	 2 	 1.813304e-01 	 1.800000e+03 	 6.000000e+02 	 2.000000e+00
16 	 177 	 Ex 	 2 	 3.839054e+00 	 -1.800000e+03 	 8.400000e+02 	 2.000000e+00
16 	 178 	 Ex 	 2 	 5.120066e+00 	 -1.560000e+03 	 8.400000e+02 	 2.000000e+00
16 	 179 	 Ex 	 2 	 5.253147e+00 	 -1.320000e+03 	 8.400000e+02 	 2.000000e+00
16 	 180 	 Ex 	 2 	 5.881147e+00 	 -1.080000e+03 	 8.400000e+02 	 2.000000e+00
16 	 181 	 Ex 	 2 	 3.994584e+00 	 -8.400000e+02 	 8.400000e+02 	 2.000000e+00
16 	 182 	 Ex 	 2 	 2.358435e+00 	 -6.000000e+02 	 8.400000e+02 	 2.000000e+00
16 	 183 	 Ex 	 2 	 1.882146e+00 	 -3.600000e+02 	 8.400000e+02 	 2.000000e+00
16 	 184 	 Ex 	 2 	 5.167536e+00 	 -1.200000e+02 	 8.400000e+02 	 2.000000e+00
16 	 185 	 Ex 	 2 	 6.137448e+00 	 1.200000e+02 	 8.400000e+02 	 2.000000e+00
16 	 186 	 Ex 	 2 	 3.136766e+00 	 3.600000e+02 	 8.400000e+02 	 2.000000e+00
16 	 187 	 Ex 	 2 	 1.176332e+00 	 6.000000e+02 	 8.400000e+02 	 2.000000e+00
16 	 188 	 Ex 	 2 	 1.976744e+00 	 8.400000e+02 	 8.400000e+02 	 2.000000e+00
16 	 189 	 Ex 	 2 	 6.957902e-01 	 1.080000e+03 	 8.400000e+02 	 2.000000e+00
16 	 190 	 Ex 	 2 	 1.385910e+00 	 1.320000e+03 	 8.400000e+02 	 2.000000e+00
16 	 191 	 Ex 	 2 	 1.516314e-01 	 1.560000e+03 	 8.400000e+02 	 2.000000e+00
16 	 192 	 Ex 	 2 	 1.018455e+00 	 1.800000e+03 	 8.400000e+02 	 2.000000e+00
16 	 193 	 Ex 	 2 	 3.111986e+00 	 -1.800000e+03 	 1.080000e+03 	 2.000000e+00
16 	 194 	 Ex 	 2 	 4.830979e+00 	 -1.560000e+03 	 1.080000e+03 	 2.000000e+00
16 	 195 	 Ex 	 2 	 5.497328e+00 	 -1.320000e+03 	 1.080000e+03 	 2.000000e+00
16 	 196 	 Ex 	 2 	 5.133865e+00 	 -1.080000e+03 	 1.080000e+03 	 2.000000e+00
16 	 197 	 Ex 	 2 	 3.265301e+00 	 -8.400000e+02 	 1.080000e+03 	 2.000000e+00
16 	 198 	 Ex 	 2 	 1.111655e+00 	 -6.000000e+02 	 1.080000e+03 	 2.000000e+00
16 	 199 	 Ex 	 2 	 1.895635e+00 	 -3.600000e+02 	 1.080000e+03 	 2.000000e+00
16 	 200 	 Ex 	 2 	 4.736705e+00 	 -1.200000e+02 	 1.080000e+03 	 2.000000e+00
16 	 201 	 Ex 	 2 	 4.451687e+00 	 1.200000e+02 	 1.080000e+03 	 2.000000e+00
16 	 202 	 Ex 	 2 	 3.508695e+00 	 3.600000e+02 	 1.080000e+03 	 2.000000e+00
16 	 203 	 Ex 	 2 	 9.391666e-01 	 6.000000e+02 	 1.080000e+03 	 2.000000e+00
16 	 204 	 Ex 	 2 	 1.207383e+00 	 8.400000e+02 	 1.080000e+03 	 2.000000e+00
16 	 205 	 Ex 	 2 	 2.992924e-01 	 1.080000e+03 	 1.080000e+03 	 2.000000e+00
16 	 206 	 Ex 	 2 	 0.000000e+00 	 1.320000e+03 	 1.080000e+03 	 2.000000e+00
16 	 207 	 Ex 	 2 	 0.000000e+00 	 1.560000e+03 	 1.080000e+03 	 2.000000e+00
16 	 208 	 Ex 	 2 	 0.000000e+00 	 1.800000e+03 	 1.080000e+03 	 2.000000e+00
16 	 209 	 Ex 	 2 	 3.633512e+00 	 -1.800000e+03 	 1.320000e+03 	 2.000000e+00
16 	 210 	 Ex 	 2 	 3.564585e+00 	 -1.560000e+03 	 1.320000e+03 	 2.000000e+00
16 	 211 	 Ex 	 2 	 4.130618e+00 	 -1.320000e+03 	 1.320000e+03 	 2.000000e+00
16 	 212 	 Ex 	 2 	 2.768739e+00 	 -1.080000e+03 	 1.320000e+03 	 2.000000e+00
16 	 213 	 Ex 	 2 	 1.882128e+00 	 -8.400000e+02 	 1.320000e+03 	 2.000000e+00
16 	 214 	 Ex 	 2 	 3.345441e-01 	 -6.000000e+02 	 1.320000e+03 	 2.000000e+00
16 	 215 	 Ex 	 2 	 3.947633e+00 	 -3.600000e+02 	 1.320000e+03 	 2.000000e+00
16 	 216 	 Ex 	 2 	 3.911742e+00 	 -1.200000e+02 	 1.320000e+03 	 2.000000e+00
16 	 217 	 Ex 	 2 	 3.546709e+00 	 1.200000e+02 	 1.320000e+03 	 2.000000e+00
16 	 218 	 Ex 	 2 	 2.366907e+00 	 3.600000e+02 	 1.320000e+03 	 2.000000e+00
16 	 219 	 Ex 	 2 	 1.340061e+00 	 6.000000e+02 	 1.320000e+03 	 2.000000e+00
16 	 220 	 Ex 	 2 	 9.738055e-01 	 8.400000e+02 	 1.320000e+03 	 2.000000e+00
16 	 221 	 Ex 	 2 	 0.000000e+00 	 1.080000e+03 	 1.320000e+03 	 2.000000e+00
16 	 222 	 Ex 	 2 	 0.000000e+00 	 1.320000e+03 	 1.320000e+03 	 2.000000e+00
16 	 223 	 Ex 	 2 	 0.000000e+00 	 1.560000e+03 	 1.320000e+03 	 2.000000e+00
16 	 224 	 Ex 	 2 	 0.000000e+00 	 1.800000e+03 	 1.320000e+03 	 2.000000e+00
16 	 225 	 Ex 	 2 	 2.056613e+00 	 -1.800000e+03 	 1.560000e+03 	 2.000000e+00
16 	 226 	 Ex 	 2 	 3.524871e+00 	 -1.560000e+03 	 1.560000e+03 	 2.000000e+00
16 	 227 	 Ex 	 2 	 3.071727e+00 	 -1.320000e+03 	 1.560000e+03 	 2.000000e+00
16 	 228 	 Ex 	 2 	 9.062045e-01 	 -1.080000e+03 	 1.560000e+03 	 2.000000e+00
16 	 229 	 Ex 	 2 	 3.541290e-01 	 -8.400000e+02 	 1.560000e+03 	 2.000000e+00
16 	 230 	 Ex 	 2 	 1.946900e+00 	 -6.000000e+02 	 1.560000e+03 	 2.000000e+00
16 	 231 	 Ex 	 2 	 1.631478e+00 	 -3.600000e+02 	 1.560000e+03 	 2.000000e+00
16 	 232 	 Ex 	 2 	 2.185094e+00 	 -1.200000e+02 	 1.560000e+03 	 2.000000e+00
16 	 233 	 Ex 	 2 	 1.463820e+00 	 1.200000e+02 	 1.560000e+03 	 2.000000e+00
16 	 234 	 Ex 	 2 	 7.569935e-01 	 3.600000e+02 	 1.560000e+03 	 2.000000e+00
16 	 235 	 Ex 	 2 	 6.012707e-01 	 6.000000e+02 	 1.560000e+03 	 2.000000e+00
16 	 236 	 Ex 	 2 	 1.289946e+00 	 8.400000e+02 	 1.560000e+03 	 2.000000e+00
16 	 237 	 Ex 	 2 	 0.000000e+00 	 1.080000e+03 	 1.560000e+03 	 2.000000e+00
16 	 238 	 Ex 	 2 	 0.000000e+00 	 1.320000e+03 	 1.560000e+03 	 2.000000e+00
16 	 239 	 Ex 	 2 	 0.000000e+00 	 1.560000e+03 	 1.560000e+03 	 2.000000e+00
16 	 240 	 Ex 	 2 	 0.000000e+00 	 1.800000e+03 	 1.560000e+03 	 2.000000e+00
16 	 241 	 Ex 	 2 	 1.451746e+00 	 -1.800000e+03 	 1.800000e+03 	 2.000000e+00
16 	 242 	 Ex 	 2 	 1.829592e+00 	 -1.560000e+03 	 1.800000e+03 	 2.000000e+00
16 	 243 	 Ex 	 2 	 1.642604e+00 	 -1.320000e+03 	 1.800000e+03 	 2.000000e+00
16 	 244 	 Ex 	 2 	 2.374231e+00 	 -1.080000e+03 	 1.800000e+03 	 2.000000e+00
16 	 245 	 Ex 	 2 	 2.041596e+00 	 -8.400000e+02 	 1.800000e+03 	 2.000000e+00
16 	 246 	 Ex 	 2 	 4.313695e-01 	 -6.000000e+02 	 1.800000e+03 	 2.000000e+00
16 	 247 	 Ex 	 2 	 1.537962e+00 	 -3.600000e+02 	 1.800000e+03 	 2.000000e+00
16 	 248 	 Ex 	 2 	 1.207727e+00 	 -1.200000e+02 	 1.800000e+03 	 2.000000e+00
16 	 249 	 Ex 	 2 	 1.514800e+00 	 1.200000e+02 	 1.800000e+03 	 2.000000e+00
16 	 250 	 Ex 	 2 	 3.977324e-01 	 3.600000e+02 	 1.800000e+03 	 2.000000e+00
16 	 251 	 Ex 	 2 	 3.550653e-01 	 6.000000e+02 	 1.800000e+03 	 2.000000e+00
16 	 252 	 Ex 	 2 	 1.403016e+00 	 8.400000e+02 	 1.800000e+03 	 2.000000e+00
16 	 253 	 Ex 	 2 	 0.000000e+00 	 1.080000e+03 	 1.800000e+03 	 2.000000e+00
16 	 254 	 Ex 	 2 	 0.000000e+00 	 1.320000e+03 	 1.800000e+03 	 2.000000e+00
16 	 255 	 Ex 	 2 	 0.000000e+00 	 1.560000e+03 	 1.800000e+03 	 2.000000e+00
16 	 256 	 Ex 	 2 	 0.000000e+00 	 1.800000e+03 	 1.800000e+03 	 2.000000e+00
16 	 1 	 Ey 	 1 	 2.330999e+00 	 -1.800000e+03 	 -1.800000e+03 	 2.000000e+00
16 	 2 	 Ey 	 1 	 2.181803e+00 	 -1.560000e+03 	 -1.800000e+03 	 2.000000e+00
16 	 3 	 Ey 	 1 	 4.665583e+00 	 -1.320000e+03 	 -1.800000e+03 	 2.000000e+00
16 	 4 	 Ey 	 1 	 5.601983e+00 	 -1.080000e+03 	 -1.800000e+03 	 2.000000e+00
16 	 5 	 Ey 	 1 	 6.745304e+00 	 -8.400000e+02 	 -1.800000e+03 	 2.000000e+00
16 	 6 	 Ey 	 1 	 5.951438e+00 	 -6.000000e+02 	 -1.800000e+03 	 2.000000e+00
16 	 7 	 Ey 	 1 	 4.815836e+00 	 -3.600000e+02 	 -1.800000e+03 	 2.000000e+00
16 	 8 	 Ey 	 1 	 3.602648e+00 	 -1.200000e+02 	 -1.800000e+03 	 2.000000e+00
16 	 9 	 Ey 	 1 	 2.026512e+00 	 1.200000e+02 	 -1.800000e+03 	 2.000000e+00
16 	 10 	 Ey 	 1 	 2.669123e+00 	 3.600000e+02 	 -1.800000e+03 	 2.000000e+00
16 	 11 	 Ey 	 1 	 1.517102e+00 	 6.000000e+02 	 -1.800000e+03 	 2.000000e+00
16 	 12 	 Ey 	 1 	 3.380906e-01 	 8.400000e+02 	 -1.800000e+03 	 2.000000e+00
16 	 13 	 Ey 	 1 	 2.417104e+00 	 1.080000e+03 	 -1.800000e+03 	 2.000000e+00
16 	 14 	 Ey 	 1 	 2.588631e+00 	 1.320000e+03 	 -1.800000e+03 	 2.000000e+00
16 	 15 	 Ey 	 1 	 1.791006e+00 	 1.560000e+03 	 -1.800000e+03 	 2.000000e+00
16 	 16 	 Ey 	 1 	 1.364938e+00 	 1.800000e+03 	 -1.800000e+03 	 2.000000e+00
16 	 17 	 Ey 	 1 	 1.577445e+00 	 -1.800000e+03 	 -1.560000e+03 	 2.000000e+00
16 	 18 	 Ey 	 1 	 6.661507e+00 	 -1.560000e+03 	 -1.560000e+03 	 2.000000e+00
16 	 19 	 Ey 	 1 	 4.677752e+00 	 -1.320000e+03 	 -1.560000e+03 	 2.000000e+00
16 	 20 	 Ey 	 1 	 3.570007e+00 	 -1.080000e+03 	 -1.560000e+03 	 2.000000e+00
16 	 21 	 Ey 	 1 	 5.864569e+00 	 -8.400000e+02 	 -1.560000e+03 	 2.000000e+00
16 	 22 	 Ey 	 1 	 6.374094e+00 	 -6.000000e+02 	 -1.560000e+03 	 2.000000e+00
16 	 23 	 Ey 	 1 	 5.201735e+00 	 -3.600000e+02 	 -1.560000e+03 	 2.000000e+00
16 	 24 	 Ey 	 1 	 5.365854e+00 	 -1.200000e+02 	 -1.560000e+03 	 2.000000e+00
16 	 25 	 Ey 	 1 	 3.885167e+00 	 1.200000e+02 	 -1.560000e+03 	 2.000000e+00
16 	 26 	 Ey 	 1 	 1.790910e+00 	 3.600000e+02 	 -1.560000e+03 	 2.000000e+00
16 	 27 	 Ey 	 1 	 5.147780e-01 	 6.000000e+02 	 -1.560000e+03 	 2.000000e+00
16 	 28 	 Ey 	 1 	 1.694201e+00 	 8.400000e+02 	 -1.560000e+03 	 2.000000e+00
16 	 29 	 Ey 	 1 	 2.409231e+00 	 1.080000e+03 	 -1.560000e+03 	 2.000000e+00
16 	 30 	 Ey 	 1 	 3.052463e+00 	 1.320000e+03 	 -1.560000e+03 	 2.000000e+00
16 	 31 	 Ey 	 1 	 2.054420e+00 	 1.560000e+03 	 -1.560000e+03 	 2.000000e+00
16 	 32 	 Ey 	 1 	 1.397069e+00 	 1.800000e+03 	 -1.560000e+03 	 2.000000e+00
16 	 33 	 Ey 	 1 	 4.376383e+00 	 -1.800000e+03 	 -1.320000e+03 	 2.000000e+00
16 	 34 	 Ey 	 1 	 9.285072e-01 	 -1.560000e+03 	 -1.320000e+03 	 2.000000e+00
16 	 35 	 Ey 	 1 	 4.158812e+00 	 -1.320000e+03 	 -1.320000e+03 	 2.000000e+00
16 	 36 	 Ey 	 1 	 4.356293e+00 	 -1.080000e+03 	 -1.320000e+03 	 2.000000e+00
16 	 37 	 Ey 	 1 	 3.966690e+00 	 -8.400000e+02 	 -1.320000e+03 	 2.000000e+00
16 	 38 	 Ey 	 1 	 4.665588e+00 	 -6.000000e+02 	 -1.320000e+03 	 2.000000e+00
16 	 39 	 Ey 	 1 	 4.717680e+00 	 -3.600000e+02 	 -1.320000e+03 	 2.000000e+00
16 	 40 	 Ey 	 1 	 5.502451e+00 	 -1.200000e+02 	 -1.320000e+03 	 2.000000e+00
16 	 41 	 Ey 	 1 	 4.980566e+00 	 1.200000e+02 	 -1.320000e+03 	 2.000000e+00
16 	 42 	 Ey 	 1 	 2.890633e+00 	 3.600000e+02 	 -1.320000e+03 	 2.000000e+00
16 	 43 	 Ey 	 1 	 2.345235e+00 	 6.000000e+02 	 -1.320000e+03 	 2.000000e+00
16 	 44 	 Ey 	 1 	 1.085845e+00 	 8.400000e+02 	 -1.320000e+03 	 2.000000e+00
16 	 45 	 Ey 	 1 	 1.812020e+00 	 1.080000e+03 	 -1.320000e+03 	 2.000000e+00
16 	 46 	 Ey 	 1 	 2.445608e+00 	 1.320000e+03 	 -1.320000e+03 	 2.000000e+00
16 	 47 	 Ey 	 1 	 2.132817e+00 	 1.560000e+03 	 -1.320000e+03 	 2.000000e+00
16 	 48 	 Ey 	 1 	 1.506733e+00 	 1.800000e+03 	 -1.320000e+03 	 2.000000e+00
16 	 49 	 Ey 	 1 	 2.216868e+00 	 -1.800000e+03 	 -1.080000e+03 	 2.000000e+00
16 	 50 	 Ey 	 1 	 1.324379e+00 	 -1.560000e+03 	 -1.080000e+03 	 2.000000e+00
16 	 51 	 Ey 	 1 	 4.294934e+00 	 -1.320000e+03 	 -1.080000e+03 	 2.000000e+00
16 	 52 	 Ey 	 1 	 1.461338e+00 	 -1.080000e+03 	 -1.080000e+03 	 2.000000e+00
16 	 53 	 Ey 	 1 	 3.029976e+00 	 -8.400000e+02 	 -1.080000e+03 	 2.000000e+00
16 	 54 	 Ey 	 1 	 2.665655e+00 	 -6.000000e+02 	 -1.080000e+03 	 2.000000e+00
16 	 55 	 Ey 	 1 	 2.946820e+00 	 -3.600000e+02 	 -1.080000e+03 	 2.000000e+00
16 	 56 	 Ey 	 1 	 3.701257e+00 	 -1.200000e+02 	 -1.080000e+03 	 2.000000e+00
16 	 57 	 Ey 	 1 	 3.302213e+00 	 1.200000e+02 	 -1.080000e+03 	 2.000000e+00
16 	 58 	 Ey 	 1 	 3.854435e+00 	 3.600000e+02 	 -1.080000e+03 	 2.000000e+00
16 	 59 	 Ey 	 1 	 2.478113e+00 	 6.000000e+02 	 -1.080000e+03 	 2.000000e+00
16 	 60 	 Ey 	 1 	 2.855727e+00 	 8.400000e+02 	 -1.080000e+03 	 2.000000e+00
16 	 61 	 Ey 	 1 	 1.267338e+00 	 1.080000e+03 	 -1.080000e+03 	 2.000000e+00
16 	 62 	 Ey 	 1 	 6.003067e-01 	 1.320000e+03 	 -1.080000e+03 	 2.000000e+00
16 	 63 	 Ey 	 1 	 1.504097e+00 	 1.560000e+03 	 -1.080000e+03 	 2.000000e+00
16 	 64 	 Ey 	 1 	 3.972099e-01 	 1.800000e+03 	 -1.080000e+03 	 2.000000e+00
16 	 65 	 Ey 	 1 	 1.542726e+00 	 -1.800000e+03 	 -8.400000e+02 	 2.000000e+00
16 	 66 	 Ey 	 1 	 3.399663e+00 	 -1.560000e+03 	 -8.400000e+02 	 2.000000e+00
16 	 67 	 Ey 	 1 	 1.437151e+00 	 -1.320000e+03 	 -8.400000e+02 	 2.000000e+00
16 	 68 	 Ey 	 1 	 2.673805e+00 	 -1.080000e+03 	 -8.400000e+02 	 2.000000e+00
16 	 69 	 Ey 	 1 	 2.412829e+00 	 -8.400000e+02 	 -8.400000e+02 	 2.000000e+00
16 	 70 	 Ey 	 1 	 1.722698e+00 	 -6.000000e+02 	 -8.400000e+02 	 2.000000e+00
16 	 71 	 Ey 	 1 	 3.541581e+00 	 -3.600000e+02 	 -8.400000e+02 	 2.000000e+00
16 	 72 	 Ey 	 1 	 1.854658e+00 	 -1.200000e+02 	 -8.400000e+02 	 2.000000e+00
16 	 73 	 Ey 	 1 	 2.837893e+00 	 1.200000e+02 	 -8.400000e+02 	 2.000000e+00
16 	 74 	 Ey 	 1 	 4.561763e+00 	 3.600000e+02 	 -8.400000e+02 	 2.000000e+00
16 	 75 	 Ey 	 1 	 2.557573e+00 	 6.000000e+02 	 -8.400000e+02 	 2.000000e+00
16 	 76 	 Ey 	 1 	 2.570002e+00 	 8.400000e+02 	 -8.400000e+02 	 2.000000e+00
16 	 77 	 Ey 	 1 	 1.841195e+00 	 1.080000e+03 	 -8.400000e+02 	 2.000000e+00
16 	 78 	 Ey 	 1 	 7.571468e-01 	 1.320000e+03 	 -8.400000e+02 	 2.000000e+00
16 	 79 	 Ey 	 1 	 1.438384e-01 	 1.560000e+03 	 -8.400000e+02 	 2.000000e+00
16 	 80 	 Ey 	 1 	 8.979647e-01 	 1.800000e+03 	 -8.400000e+02 	 2.000000e+00
16 	 81 	 Ey 	 1 	 1.984958e+00 	 -1.800000e+03 	 -6.000000e+02 	 2.000000e+00
16 	 82 	 Ey 	 1 	 2.534147e+00 	 -1.560000e+03 	 -6.000000e+02 	 2.000000e+00
16 	 83 	 Ey 	 1 	 3.550115e+00 	 -1.320000e+03 	 -6.000000e+02 	 2.000000e+00
16 	 84 	 Ey 	 1 	 4.350060e+00 	 -1.080000e+03 	 -6.000000e+02 	 2.000000e+00
16 	 85 	 Ey 	 1 	 5.441754e+00 	 -8.400000e+02 	 -6.000000e+02 	 2.000000e+00
16 	 86 	 Ey 	 1 	 4.650952e+00 	 -6.000000e+02 	 -6.000000e+02 	 2.000000e+00
16 	 87 	 Ey 	 1 	 4.684956e+00 	 -3.600000e+02 	 -6.000000e+02 	 2.000000e+00
16 	 88 	 Ey 	 1 	 2.522230e+00 	 -1.200000e+02 	 -6.000000e+02 	 2.000000e+00
16 	 89 	 Ey 	 1 	 2.227868e+00 	 1.200000e+02 	 -6.000000e+02 	 2.000000e+00
16 	 90 	 Ey 	 1 	 3.380241e+00 	 3.600000e+02 	 -6.000000e+02 	 2.000000e+00
16 	 91 	 Ey 	 1 	 4.366123e+00 	 6.000000e+02 	 -6.000000e+02 	 2.000000e+00
16 	 92 	 Ey 	 1 	 2.787988e+00 	 8.400000e+02 	 -6.000000e+02 	 2.000000e+00
16 	 93 	 Ey 	 1 	 2.792749e+00 	 1.080000e+03 	 -6.000000e+02 	 2.000000e+00
16 	 94 	 Ey 	 1 	 2.358411e+00 	 1.320000e+03 	 -6.000000e+02 	 2.000000e+00
16 	 95 	 Ey 	 1 	 1.289716e+00 	 1.560000e+03 	 -6.000000e+02 	 2.000000e+00
16 	 96 	 Ey 	 1 	 1.218368e+00 	 1.800000e+03 	 -6.000000e+02 	 2.000000e+00
16 	 97 	 Ey 	 1 	 2.817848e+00 	 -1.800000e+03 	 -3.600000e+02 	 2.000000e+00
16 	 98 	 Ey 	 1 	 4.444072e+00 	 -1.560000e+03 	 -3.600000e+02 	 2.000000e+00
16 	 99 	 Ey 	 1 	 3.405230e+00 	 -1.320000e+03 	 -3.600000e+02 	 2.000000e+00
16 	 100 	 Ey 	 1 	 4.807827e+00 	 -1.080000e+03 	 -3.600000e+02 	 2.000000e+00
16 	 101 	 Ey 	 1 	 8.512175e+00 	 -8.400000e+02 	 -3.600000e+02 	 2.000000e+00
16 	 102 	 Ey 	 1 	 6.046487e+00 	 -6.000000e+02 	 -3.600000e+02 	 2.000000e+00
16 	 103 	 Ey 	 1 	 5.750753e+00 	 -3.600000e+02 	 -3.600000e+02 	 2.000000e+00
16 	 104 	 Ey 	 1 	 3.499624e+00 	 -1.200000e+02 	 -3.600000e+02 	 2.000000e+00
16 	 105 	 Ey 	 1 	 3.541768e+00 	 1.200000e+02 	 -3.600000e+02 	 2.000000e+00
16 	 106 	 Ey 	 1 	 3.642935e+00 	 3.600000e+02 	 -3.600000e+02 	 2.000000e+00
16 	 107 	 Ey 	 1 	 3.891900e+00 	 6.000000e+02 	 -3.600000e+02 	 2.000000e+00
16 	 108 	 Ey 	 1 	 1.446068e+00 	 8.400000e+02 	 -3.600000e+02 	 2.000000e+00
16 	 109 	 Ey 	 1 	 1.265362e+00 	 1.080000e+03 	 -3.600000e+02 	 2.000000e+00
16 	 110 	 Ey 	 1 	 1.504251e+00 	 1.320000e+03 	 -3.600000e+02 	 2.000000e+00
16 	 111 	 Ey 	 1 	 1.749520e+00 	 1.560000e+03 	 -3.600000e+02 	 2.000000e+00
16 	 112 	 Ey 	 1 	 1.883991e+00 	 1.800000e+03 	 -3.600000e+02 	 2.000000e+00
16 	 113 	 Ey 	 1 	 3.994646e+00 	 -1.800000e+03 	 -1.200000e+02 	 2.000000e+00
16 	 114 	 Ey 	 1 	 5.552186e+00 	 -1.560000e+03 	 -1.200000e+02 	 2.000000e+00
16 	 115 	 Ey 	 1 	 4.535295e+00 	 -1.320000e+03 	 -1.200000e+02 	 2.000000e+00
16 	 116 	 Ey 	 1 	 6.186471e+00 	 -1.080000e+03 	 -1.200000e+02 	 2.000000e+00
16 	 117 	 Ey 	 1 	 7.202713e+00 	 -8.400000e+02 	 -1.200000e+02 	 2.000000e+00
16 	 118 	 Ey 	 1 	 8.248697e+00 	 -6.000000e+02 	 -1.200000e+02 	 2.000000e+00
16 	 119 	 Ey 	 1 	 6.112734e+00 	 -3.600000e+02 	 -1.200000e+02 	 2.000000e+00
16 	 120 	 Ey 	 1 	 3.720293e+00 	 -1.200000e+02 	 -1.200000e+02 	 2.000000e+00
16 	 121 	 Ey 	 1 	 1.590414e+00 	 1.200000e+02 	 -1.200000e+02 	 2.000000e+00
16 	 122 	 Ey 	 1 	 3.316476e+00 	 3.600000e+02 	 -1.200000e+02 	 2.000000e+00
16 	 123 	 Ey 	 1 	 5.270636e+00 	 6.000000e+02 	 -1.200000e+02 	 2.000000e+00
16 	 124 	 Ey 	 1 	 3.627970e+00 	 8.400000e+02 	 -1.200000e+02 	 2.000000e+00
16 	 125 	 Ey 	 1 	 2.761559e+00 	 1.080000e+03 	 -1.200000e+02 	 2.000000e+00
16 	 126 	 Ey 	 1 	 1.695962e+00 	 1.320000e+03 	 -1.200000e+02 	 2.000000e+00
16 	 127 	 Ey 	 1 	 2.597310e+00 	 1.560000e+03 	 -1.200000e+02 	 2.000000e+00
16 	 128 	 Ey 	 1 	 8.924779e-01 	 1.800000e+03 	 -1.200000e+02 	 2.000000e+00
16 	 129 	 Ey 	 1 	 4.688538e+00 	 -1.800000e+03 	 1.200000e+02 	 2.000000e+00
16 	 130 	 Ey 	 1 	 3.761614e+00 	 -1.560000e+03 	 1.200000e+02 	 2.000000e+00
16 	 131 	 Ey 	 1 	 7.114578e+00 	 -1.320000e+03 	 1.200000e+02 	 2.000000e+00
16 	 132 	 Ey 	 1 	 7.450095e+00 	 -1.080000e+03 	 1.200000e+02 	 2.000000e+00
16 	 133 	 Ey 	 1 	 7.714028e+00 	 -8.400000e+02 	 1.200000e+02 	 2.000000e+00
16 	 134 	 Ey 	 1 	 5.243944e+00 	 -6.000000e+02 	 1.200000e+02 	 2.000000e+00
16 	 135 	 Ey 	 1 	 4.927365e+00 	 -3.600000e+02 	 1.200000e+02 	 2.000000e+00
16 	 136 	 Ey 	 1 	 2.765160e+00 	 -1.200000e+02 	 1.200000e+02 	 2.000000e+00
16 	 137 	 Ey 	 1 	 1.544899e+00 	 1.200000e+02 	 1.200000e+02 	 2.000000e+00
16 	 138 	 Ey 	 1 	 3.457136e+00 	 3.600000e+02 	 1.200000e+02 	 2.000000e+00
16 	 139 	 Ey 	 1 	 3.561802e+00 	 6.000000e+02 	 1.200000e+02 	 2.000000e+00
16 	 140 	 Ey 	 1 	 2.994265e+00 	 8.400000e+02 	 1.200000e+02 	 2.000000e+00
16 	 141 	 Ey 	 1 	 2.914757e+00 	 1.080000e+03 	 1.200000e+02 	 2.000000e+00
16 	 142 	 Ey 	 1 	 1.924825e+00 	 1.320000e+03 	 1.200000e+02 	 2.000000e+00
16 	 143 	 Ey 	 1 	 2.082924e+00 	 1.560000e+03 	 1.200000e+02 	 2.000000e+00
16 	 144 	 Ey 	 1 	 8.591015e-01 	 1.800000e+03 	 1.200000e+02 	 2.000000e+00
16 	 145 	 Ey 	 1 	 4.105865e+00 	 -1.800000e+03 	 3.600000e+02 	 2.000000e+00
16 	 146 	 Ey 	 1 	 5.049729e+00 	 -1.560000e+03 	 3.600000e+02 	 2.000000e+00
16 	 147 	 Ey 	 1 	 7.040454e+00 	 -1.320000e+03 	 3.600000e+02 	 2.000000e+00
16 	 148 	 Ey 	 1 	 6.399746e+00 	 -1.080000e+03 	 3.600000e+02 	 2.000000e+00
16 	 149 	 Ey 	 1 	 6.176414e+00 	 -8.400000e+02 	 3.600000e+02 	 2.000000e+00
16 	 150 	 Ey 	 1 	 6.075086e+00 	 -6.000000e+02 	 3.600000e+02 	 2.000000e+00
16 	 151 	 Ey 	 1 	 2.945596e+00 	 -3.600000e+02 	 3.600000e+02 	 2.000000e+00
16 	 152 	 Ey 	 1 	 2.704780e+00 	 -1.200000e+02 	 3.600000e+02 	 2.000000e+00
16 	 153 	 Ey 	 1 	 5.537733e-01 	 1.200000e+02 	 3.600000e+02 	 2.000000e+00
16 	 154 	 Ey 	 1 	 2.474290e+00 	 3.600000e+02 	 3.600000e+02 	 2.000000e+00
16 	 155 	 Ey 	 1 	 3.306874e+00 	 6.000000e+02 	 3.600000e+02 	 2.000000e+00
16 	 156 	 Ey 	 1 	 3.683178e+00 	 8.400000e+02 	 3.600000e+02 	 2.000000e+00
16 	 157 	 Ey 	 1 	 2.539889e+00 	 1.080000e+03 	 3.600000e+02 	 2.000000e+00
16 	 158 	 Ey 	 1 	 1.273887e+00 	 1.320000e+03 	 3.600000e+02 	 2.000000e+00
16 	 159 	 Ey 	 1 	 5.767422e-01 	 1.560000e+03 	 3.600000e+02 	 2.000000e+00
16 	 160 	 Ey 	 1 	 1.504047e+00 	 1.800000e+03 	 3.600000e+02 	 2.000000e+00
16 	 161 	 Ey 	 1 	 4.634026e+00 	 -1.800000e+03 	 6.000000e+02 	 2.000000e+00
16 	 162 	 Ey 	 1 	 3.551302e+00 	 -1.560000e+03 	 6.000000e+02 	 2.000000e+00
16 	 163 	 Ey 	 1 	 4.714401e+00 	 -1.320000e+03 	 6.000000e+02 	 2.000000e+00
16 	 164 	 Ey 	 1 	 5.746018e+00 	 -1.080000e+03 	 6.000000e+02 	 2.000000e+00
16 	 165 	 Ey 	 1 	 5.694303e+00 	 -8.400000e+02 	 6.000000e+02 	 2.000000e+00
16 	 166 	 Ey 	 1 	 3.516747e+00 	 -6.000000e+02 	 6.000000e+02 	 2.000000e+00
16 	 167 	 Ey 	 1 	 3.292037e+00 	 -3.600000e+02 	 6.000000e+02 	 2.000000e+00
16 	 168 	 Ey 	 1 	 2.000833e+00 	 -1.200000e+02 	 6.000000e+02 	 2.000000e+00
16 	 169 	 Ey 	 1 	 1.172867e+00 	 1.200000e+02 	 6.000000e+02 	 2.000000e+00
16 	 170 	 Ey 	 1 	 1.742256e+00 	 3.600000e+02 	 6.000000e+02 	 2.000000e+00
16 	 171 	 Ey 	 1 	 1.167161e+00 	 6.000000e+02 	 6.000000e+02 	 2.000000e+00
16 	 172 	 Ey 	 1 	 1.253603e+00 	 8.400000e+02 	 6.000000e+02 	 2.000000e+00
16 	 173 	 Ey 	 1 	 7.143334e-01 	 1.080000e+03 	 6.000000e+02 	 2.000000e+00
16 	 174 	 Ey 	 1 	 4.648537e-01 	 1.320000e+03 	 6.000000e+02 	 2.000000e+00
16 	 175 	 Ey 	 1 	 5.741713e-01 	 1.560000e+03 	 6.000000e+02 	 2.000000e+00
16 	 176 	 Ey 	 1 	 1.595163e+00 	 1.800000e+03 	 6.000000e+02 	 2.000000e+00
16 	 177 	 Ey 	 1 	 4.347764e+00 	 -1.800000e+03 	 8.400000e+02 	 2.000000e+00
16 	 178 	 Ey 	 1 	 2.703958e+00 	 -1.560000e+03 	 8.400000e+02 	 2.000000e+00
16 	 179 	 Ey 	 1 	 3.218499e+00 	 -1.320000e+03 	 8.400000e+02 	 2.000000e+00
16 	 180 	 Ey 	 1 	 3.008249e+00 	 -1.080000e+03 	 8.400000e+02 	 2.000000e+00
16 	 181 	 Ey 	 1 	 7.525852e-01 	 -8.400000e+02 	 8.400000e+02 	 2.000000e+00
16 	 182 	 Ey 	 1 	 1.910119e+00 	 -6.000000e+02 	 8.400000e+02 	 2.000000e+00
16 	 183 	 Ey 	 1 	 6.911249e-01 	 -3.600000e+02 	 8.400000e+02 	 2.000000e+00
16 	 184 	 Ey 	 1 	 1.550013e+00 	 -1.200000e+02 	 8.400000e+02 	 2.000000e+00
16 	 185 	 Ey 	 1 	 2.888958e-01 	 1.200000e+02 	 8.400000e+02 	 2.000000e+00
16 	 186 	 Ey 	 1 	 3.670896e-01 	 3.600000e+02 	 8.400000e+02 	 2.000000e+00
16 	 187 	 Ey 	 1 	 8.941994e-01 	 6.000000e+02 	 8.400000e+02 	 2.000000e+00
16 	 188 	 Ey 	 1 	 1.370920e+00 	 8.400000e+02 	 8.400000e+02 	 2.000000e+00
16 	 189 	 Ey 	 1 	 1.070675e+00 	 1.080000e+03 	 8.400000e+02 	 2.000000e+00
16 	 190 	 Ey 	 1 	 7.260625e-01 	 1.320000e+03 	 8.400000e+02 	 2.000000e+00
16 	 191 	 Ey 	 1 	 5.962412e-01 	 1.560000e+03 	 8.400000e+02 	 2.000000e+00
16 	 192 	 Ey 	 1 	 6.127532e-01 	 1.800000e+03 	 8.400000e+02 	 2.000000e+00
16 	 193 	 Ey 	 1 	 1.882168e+00 	 -1.800000e+03 	 1.080000e+03 	 2.000000e+00
16 	 194 	 Ey 	 1 	 2.651649e+00 	 -1.560000e+03 	 1.080000e+03 	 2.000000e+00
16 	 195 	 Ey 	 1 	 7.979355e-01 	 -1.320000e+03 	 1.080000e+03 	 2.000000e+00
16 	 196 	 Ey 	 1 	 2.246631e-01 	 -1.080000e+03 	 1.080000e+03 	 2.000000e+00
16 	 197 	 Ey 	 1 	 1.501494e+00 	 -8.400000e+02 	 1.080000e+03 	 2.000000e+00
16 	 198 	 Ey 	 1 	 1.193336e+00 	 -6.000000e+02 	 1.080000e+03 	 2.000000e+00
16 	 199 	 Ey 	 1 	 3.500150e+00 	 -3.600000e+02 	 1.080000e+03 	 2.000000e+00
16 	 200 	 Ey 	 1 	 8.651017e-01 	 -1.200000e+02 	 1.080000e+03 	 2.000000e+00
16 	 201 	 Ey 	 1 	 1.479946e+00 	 1.200000e+02 	 1.080000e+03 	 2.000000e+00
16 	 202 	 Ey 	 1 	 1.183821e-01 	 3.600000e+02 	 1.080000e+03 	 2.000000e+00
16 	 203 	 Ey 	 1 	 2.194125e+00 	 6.000000e+02 	 1.080000e+03 	 2.000000e+00
16 	 204 	 Ey 	 1 	 1.123510e+00 	 8.400000e+02 	 1.080000e+03 	 2.000000e+00
16 	 205 	 Ey 	 1 	 1.104905e+00 	 1.080000e+03 	 1.080000e+03 	 2.000000e+00
16 	 206 	 Ey 	 1 	 0.000000e+00 	 1.320000e+03 	 1.080000e+03 	 2.000000e+00
16 	 207 	 Ey 	 1 	 0.000000e+00 	 1.560000e+03 	 1.080000e+03 	 2.000000e+00
16 	 208 	 Ey 	 1 	 0.000000e+00 	 1.800000e+03 	 1.080000e+03 	 2.000000e+00
16 	 209 	 Ey 	 1 	 2.268706e+00 	 -1.800000e+03 	 1.320000e+03 	 2.000000e+00
16 	 210 	 Ey 	 1 	 6.931525e-01 	 -1.560000e+03 	 1.320000e+03 	 2.000000e+00
16 	 211 	 Ey 	 1 	 1.122134e+00 	 -1.320000e+03 	 1.320000e+03 	 2.000000e+00
16 	 212 	 Ey 	 1 	 8.901909e-01 	 -1.080000e+03 	 1.320000e+03 	 2.000000e+00
16 	 213 	 Ey 	 1 	 1.409298e+00 	 -8.400000e+02 	 1.320000e+03 	 2.000000e+00
16 	 214 	 Ey 	 1 	 2.530766e+00 	 -6.000000e+02 	 1.320000e+03 	 2.000000e+00
16 	 215 	 Ey 	 1 	 2.814100e+00 	 -3.600000e+02 	 1.320000e+03 	 2.000000e+00
16 	 216 	 Ey 	 1 	 1.143482e+00 	 -1.200000e+02 	 1.320000e+03 	 2.000000e+00
16 	 217 	 Ey 	 1 	 3.000239e+00 	 1.200000e+02 	 1.320000e+03 	 2.000000e+00
16 	 218 	 Ey 	 1 	 1.435164e+00 	 3.600000e+02 	 1.320000e+03 	 2.000000e+00
16 	 219 	 Ey 	 1 	 5.083281e-01 	 6.000000e+02 	 1.320000e+03 	 2.000000e+00
16 	 220 	 Ey 	 1 	 4.308700e-01 	 8.400000e+02 	 1.320000e+03 	 2.000000e+00
16 	 221 	 Ey 	 1 	 0.000000e+00 	 1.080000e+03 	 1.320000e+03 	 2.000000e+00
16 	 222 	 Ey 	 1 	 0.000000e+00 	 1.320000e+03 	 1.320000e+03 	 2.000000e+00
16 	 223 	 Ey 	 1 	 0.000000e+00 	 1.560000e+03 	 1.320000e+03 	 2.000000e+00
16 	 224 	 Ey 	 1 	 0.000000e+00 	 1.800000e+03 	 1.320000e+03 	 2.000000e+00
16 	 225 	 Ey 	 1 	 4.113877e-01 	 -1.800000e+03 	 1.560000e+03 	 2.000000e+00
16 	 226 	 Ey 	 1 	 1.005771e+00 	 -1.560000e+03 	 1.560000e+03 	 2.000000e+00
16 	 227 	 Ey 	 1 	 6.981869e-01 	 -1.320000e+03 	 1.560000e+03 	 2.000000e+00
16 	 228 	 Ey 	 1 	 2.147077e+00 	 -1.080000e+03 	 1.560000e+03 	 2.000000e+00
16 	 229 	 Ey 	 1 	 2.176855e+00 	 -8.400000e+02 	 1.560000e+03 	 2.000000e+00
16 	 230 	 Ey 	 1 	 2.401787e+00 	 -6.000000e+02 	 1.560000e+03 	 2.000000e+00
16 	 231 	 Ey 	 1 	 2.115013e+00 	 -3.600000e+02 	 1.560000e+03 	 2.000000e+00
16 	 232 	 Ey 	 1 	 2.086216e+00 	 -1.200000e+02 	 1.560000e+03 	 2.000000e+00
16 	 233 	 Ey 	 1 	 1.608690e+00 	 1.200000e+02 	 1.560000e+03 	 2.000000e+00
16 	 234 	 Ey 	 1 	 1.258811e+00 	 3.600000e+02 	 1.560000e+03 	 2.000000e+00
16 	 235 	 Ey 	 1 	 5.749335e-01 	 6.000000e+02 	 1.560000e+03 	 2.000000e+00
16 	 236 	 Ey 	 1 	 3.600344e-01 	 8.400000e+02 	 1.560000e+03 	 2.000000e+00
16 	 237 	 Ey 	 1 	 0.000000e+00 	 1.080000e+03 	 1.560000e+03 	 2.000000e+00
16 	 238 	 Ey 	 1 	 0.000000e+00 	 1.320000e+03 	 1.560000e+03 	 2.000000e+00
16 	 239 	 Ey 	 1 	 0.000000e+00 	 1.560000e+03 	 1.560000e+03 	 2.000000e+00
16 	 240 	 Ey 	 1 	 0.000000e+00 	 1.800000e+03 	 1.560000e+03 	 2.000000e+00
16 	 241 	 Ey 	 1 	 5.506071e-01 	 -1.800000e+03 	 1.800000e+03 	 2.000000e+00
16 	 242 	 Ey 	 1 	 2.365166e+00 	 -1.560000e+03 	 1.800000e+03 	 2.000000e+00
16 	 243 	 Ey 	 1 	 2.445024e-01 	 -1.320000e+03 	 1.800000e+03 	 2.000000e+00
16 	 244 	 Ey 	 1 	 1.583423e+00 	 -1.080000e+03 	 1.800000e+03 	 2.000000e+00
16 	 245 	 Ey 	 1 	 2.899708e-01 	 -8.400000e+02 	 1.800000e+03 	 2.000000e+00
16 	 246 	 Ey 	 1 	 6.919811e-01 	 -6.000000e+02 	 1.800000e+03 	 2.000000e+00
16 	 247 	 Ey 	 1 	 1.907580e+00 	 -3.600000e+02 	 1.800000e+03 	 2.000000e+00
16 	 248 	 Ey 	 1 	 8.277539e-01 	 -1.200000e+02 	 1.800000e+03 	 2.000000e+00
16 	 249 	 Ey 	 1 	 3.111573e-01 	 1.200000e+02 	 1.800000e+03 	 2.000000e+00
16 	 250 	 Ey 	 1 	 2.182564e+00 	 3.600000e+02 	 1.800000e+03 	 2.000000e+00
16 	 251 	 Ey 	 1 	 4.982867e-01 	 6.000000e+02 	 1.800000e+03 	 2.000000e+00
16 	 252 	 Ey 	 1 	 6.858289e-01 	 8.400000e+02 	 1.800000e+03 	 2.000000e+00
16 	 253 	 Ey 	 1 	 0.000000e+00 	 1.080000e+03 	 1.800000e+03 	 2.000000e+00
16 	 254 	 Ey 	 1 	 0.000000e+00 	 1.320000e+03 	 1.800000e+03 	 2.000000e+00
16 	 255 	 Ey 	 1 	 0.000000e+00 	 1.560000e+03 	 1.800000e+03 	 2.000000e+00
16 	 256 	 Ey 	 1 	 0.000000e+00 	 1.800000e+03 	 1.800000e+03 	 2.000000e+00
16 	 1 	 Ey 	 2 	 1.253518e+00 	 -1.800000e+03 	 -1.800000e+03 	 2.000000e+00
16 	 2 	 Ey 	 2 	 2.245830e+00 	 -1.560000e+03 	 -1.800000e+03 	 2.000000e+00
16 	 3 	 Ey 	 2 	 2.400897e+00 	 -1.320000e+03 	 -1.800000e+03 	 2.000000e+00
16 	 4 	 Ey 	 2 	 4.224336e+00 	 -1.080000e+03 	 -1.800000e+03 	 2.000000e+00
16 	 5 	 Ey 	 2 	 4.922204e+00 	 -8.400000e+02 	 -1.800000e+03 	 2.000000e+00
16 	 6 	 Ey 	 2 	 3.954339e+00 	 -6.000000e+02 	 -1.800000e+03 	 2.000000e+00
16 	 7 	 Ey 	 2 	 3.523831e+00 	 -3.600000e+02 	 -1.800000e+03 	 2.000000e+00
16 	 8 	 Ey 	 2 	 3.374943e+00 	 -1.200000e+02 	 -1.800000e+03 	 2.000000e+00
16 	 9 	 Ey 	 2 	 3.900842e+00 	 1.200000e+02 	 -1.800000e+03 	 2.000000e+00
16 	 10 	 Ey 	 2 	 2.788690e-01 	 3.600000e+02 	 -1.800000e+03 	 2.000000e+00
16 	 11 	 Ey 	 2 	 1.195202e+00 	 6.000000e+02 	 -1.800000e+03 	 2.000000e+00
16 	 12 	 Ey 	 2 	 1.300080e+00 	 8.400000e+02 	 -1.800000e+03 	 2.000000e+00
16 	 13 	 Ey 	 2 	 2.232926e+00 	 1.080000e+03 	 -1.800000e+03 	 2.000000e+00
16 	 14 	 Ey 	 2 	 1.487175e+00 	 1.320000e+03 	 -1.800000e+03 	 2.000000e+00
16 	 15 	 Ey 	 2 	 2.222410e+00 	 1.560000e+03 	 -1.800000e+03 	 2.000000e+00
16 	 16 	 Ey 	 2 	 2.439002e+00 	 1.800000e+03 	 -1.800000e+03 	 2.000000e+00
16 	 17 	 Ey 	 2 	 5.449793e-01 	 -1.800000e+03 	 -1.560000e+03 	 2.000000e+00
16 	 18 	 Ey 	 2 	 1.869328e+00 	 -1.560000e+03 	 -1.560000e+03 	 2.000000e+00
16 	 19 	 Ey 	 2 	 1.029682e+00 	 -1.320000e+03 	 -1.560000e+03 	 2.000000e+00
16 	 20 	 Ey 	 2 	 3.135789e+00 	 -1.080000e+03 	 -1.560000e+03 	 2.000000e+00
16 	 21 	 Ey 	 2 	 4.140675e+00 	 -8.400000e+02 	 -1.560000e+03 	 2.000000e+00
16 	 22 	 Ey 	 2 	 3.943340e+00 	 -6.000000e+02 	 -1.560000e+03 	 2.000000e+00
16 	 23 	 Ey 	 2 	 4.842365e+00 	 -3.600000e+02 	 -1.560000e+03 	 2.000000e+00
16 	 24 	 Ey 	 2 	 5.540399e+00 	 -1.200000e+02 	 -1.560000e+03 	 2.000000e+00
16 	 25 	 Ey 	 2 	 2.306241e+00 	 1.200000e+02 	 -1.560000e+03 	 2.000000e+00
16 	 26 	 Ey 	 2 	 1.143340e+00 	 3.600000e+02 	 -1.560000e+03 	 2.000000e+00
16 	 27 	 Ey 	 2 	 1.476799e+00 	 6.000000e+02 	 -1.560000e+03 	 2.000000e+00
16 	 28 	 Ey 	 2 	 1.380042e+00 	 8.400000e+02 	 -1.560000e+03 	 2.000000e+00
16 	 29 	 Ey 	 2 	 2.097462e+00 	 1.080000e+03 	 -1.560000e+03 	 2.000000e+00
16 	 30 	 Ey 	 2 	 2.206986e+00 	 1.320000e+03 	 -1.560000e+03 	 2.000000e+00
16 	 31 	 Ey 	 2 	 1.669195e+00 	 1.560000e+03 	 -1.560000e+03 	 2.000000e+00
16 	 32 	 Ey 	 2 	 2.352716e+00 	 1.800000e+03 	 -1.560000e+03 	 2.000000e+00
16 	 33 	 Ey 	 2 	 3.034317e-01 	 -1.800000e+03 	 -1.320000e+03 	 2.000000e+00
16 	 34 	 Ey 	 2 	 1.455577e+00 	 -1.560000e+03 	 -1.320000e+03 	 2.000000e+00
16 	 35 	 Ey 	 2 	 2.768584e+00 	 -1.320000e+03 	 -1.320000e+03 	 2.000000e+00
16 	 36 	 Ey 	 2 	 2.294491e+00 	 -1.080000e+03 	 -1.320000e+03 	 2.000000e+00
16 	 37 	 Ey 	 2 	 2.473307e+00 	 -8.400000e+02 	 -1.320000e+03 	 2.000000e+00
16 	 38 	 Ey 	 2 	 4.434519e+00 	 -6.000000e+02 	 -1.320000e+03 	 2.000000e+00
16 	 39 	 Ey 	 2 	 5.244909e+00 	 -3.600000e+02 	 -1.320000e+03 	 2.000000e+00
16 	 40 	 Ey 	 2 	 5.429873e+00 	 -1.200000e+02 	 -1.320000e+03 	 2.000000e+00
16 	 41 	 Ey 	 2 	 4.622772e+00 	 1.200000e+02 	 -1.320000e+03 	 2.000000e+00
16 	 42 	 Ey 	 2 	 2.026314e+00 	 3.600000e+02 	 -1.320000e+03 	 2.000000e+00
16 	 43 	 Ey 	 2 	 1.362363e+00 	 6.000000e+02 	 -1.320000e+03 	 2.000000e+00
16 	 44 	 Ey 	 2 	 1.337817e+00 	 8.400000e+02 	 -1.320000e+03 	 2.000000e+00
16 	 45 	 Ey 	 2 	 9.977504e-01 	 1.080000e+03 	 -1.320000e+03 	 2.000000e+00
16 	 46 	 Ey 	 2 	 1.753280e+00 	 1.320000e+03 	 -1.320000e+03 	 2.000000e+00
16 	 47 	 Ey 	 2 	 1.156909e+00 	 1.560000e+03 	 -1.320000e+03 	 2.000000e+00
16 	 48 	 Ey 	 2 	 1.947629e+00 	 1.800000e+03 	 -1.320000e+03 	 2.000000e+00
16 	 49 	 Ey 	 2 	 2.263449e+00 	 -1.800000e+03 	 -1.080000e+03 	 2.000000e+00
16 	 50 	 Ey 	 2 	 1.271552e+00 	 -1.560000e+03 	 -1.080000e+03 	 2.000000e+00
16 	 51 	 Ey 	 2 	 1.656320e+00 	 -1.320000e+03 	 -1.080000e+03 	 2.000000e+00
16 	 52 	 Ey 	 2 	 1.058567e+00 	 -1.080000e+03 	 -1.080000e+03 	 2.000000e+00
16 	 53 	 Ey 	 2 	 8.210914e-01 	 -8.400000e+02 	 -1.080000e+03 	 2.000000e+00
16 	 54 	 Ey 	 2 	 1.910447e+00 	 -6.000000e+02 	 -1.080000e+03 	 2.000000e+00
16 	 55 	 Ey 	 2 	 1.939331e+00 	 -3.600000e+02 	 -1.080000e+03 	 2.000000e+00
16 	 56 	 Ey 	 2 	 4.171228e+00 	 -1.200000e+02 	 -1.080000e+03 	 2.000000e+00
16 	 57 	 Ey 	 2 	 3.708951e+00 	 1.200000e+02 	 -1.080000e+03 	 2.000000e+00
16 	 58 	 Ey 	 2 	 2.229253e+00 	 3.600000e+02 	 -1.080000e+03 	 2.000000e+00
16 	 59 	 Ey 	 2 	 2.285082e+00 	 6.000000e+02 	 -1.080000e+03 	 2.000000e+00
16 	 60 	 Ey 	 2 	 5.504695e-01 	 8.400000e+02 	 -1.080000e+03 	 2.000000e+00
16 	 61 	 Ey 	 2 	 1.978235e+00 	 1.080000e+03 	 -1.080000e+03 	 2.000000e+00
16 	 62 	 Ey 	 2 	 1.996351e+00 	 1.320000e+03 	 -1.080000e+03 	 2.000000e+00
16 	 63 	 Ey 	 2 	 1.717902e+00 	 1.560000e+03 	 -1.080000e+03 	 2.000000e+00
16 	 64 	 Ey 	 2 	 1.955321e+00 	 1.800000e+03 	 -1.080000e+03 	 2.000000e+00
16 	 65 	 Ey 	 2 	 3.328094e+00 	 -1.800000e+03 	 -8.400000e+02 	 2.000000e+00
16 	 66 	 Ey 	 2 	 2.726483e+00 	 -1.560000e+03 	 -8.400000e+02 	 2.000000e+00
16 	 67 	 Ey 	 2 	 3.928534e+00 	 -1.320000e+03 	 -8.400000e+02 	 2.000000e+00
16 	 68 	 Ey 	 2 	 2.765527e+00 	 -1.080000e+03 	 -8.400000e+02 	 2.000000e+00
16 	 69 	 Ey 	 2 	 9.566970e-01 	 -8.400000e+02 	 -8.400000e+02 	 2.000000e+00
16 	 70 	 Ey 	 2 	 1.927349e+00 	 -6.000000e+02 	 -8.400000e+02 	 2.000000e+00
16 	 71 	 Ey 	 2 	 2.354177e+00 	 -3.600000e+02 	 -8.400000e+02 	 2.000000e+00
16 	 72 	 Ey 	 2 	 4.343292e+00 	 -1.200000e+02 	 -8.400000e+02 	 2.000000e+00
16 	 73 	 Ey 	 2 	 4.598537e+00 	 1.200000e+02 	 -8.400000e+02 	 2.000000e+00
16 	 74 	 Ey 	 2 	 2.953502e+00 	 3.600000e+02 	 -8.400000e+02 	 2.000000e+00
16 	 75 	 Ey 	 2 	 3.013952e+00 	 6.000000e+02 	 -8.400000e+02 	 2.000000e+00
16 	 76 	 Ey 	 2 	 1.130382e+00 	 8.400000e+02 	 -8.400000e+02 	 2.000000e+00
16 	 77 	 Ey 	 2 	 1.806685e+00 	 1.080000e+03 	 -8.400000e+02 	 2.000000e+00
16 	 78 	 Ey 	 2 	 1.575153e+00 	 1.320000e+03 	 -8.400000e+02 	 2.000000e+00
16 	 79 	 Ey 	 2 	 1.541991e+00 	 1.560000e+03 	 -8.400000e+02 	 2.000000e+00
16 	 80 	 Ey 	 2 	 8.591736e-01 	 1.800000e+03 	 -8.400000e+02 	 2.000000e+00
16 	 81 	 Ey 	 2 	 4.960805e+00 	 -1.800000e+03 	 -6.000000e+02 	 2.000000e+00
16 	 82 	 Ey 	 2 	 4.458443e+00 	 -1.560000e+03 	 -6.000000e+02 	 2.000000e+00
16 	 83 	 Ey 	 2 	 5.877298e+00 	 -1.320000e+03 	 -6.000000e+02 	 2.000000e+00
16 	 84 	 Ey 	 2 	 3.285797e+00 	 -1.080000e+03 	 -6.000000e+02 	 2.000000e+00
16 	 85 	 Ey 	 2 	 3.959571e+00 	 -8.400000e+02 	 -6.000000e+02 	 2.000000e+00
16 	 86 	 Ey 	 2 	 3.042525e+00 	 -6.000000e+02 	 -6.000000e+02 	 2.000000e+00
16 	 87 	 Ey 	 2 	 2.361144e+00 	 -3.600000e+02 	 -6.000000e+02 	 2.000000e+00
16 	 88 	 Ey 	 2 	 1.917290e+00 	 -1.200000e+02 	 -6.000000e+02 	 2.000000e+00
16 	 89 	 Ey 	 2 	 9.709840e-01 	 1.200000e+02 	 -6.000000e+02 	 2.000000e+00
16 	 90 	 Ey 	 2 	 2.724082e+00 	 3.600000e+02 	 -6.000000e+02 	 2.000000e+00
16 	 91 	 Ey 	 2 	 2.303208e+00 	 6.000000e+02 	 -6.000000e+02 	 2.000000e+00
16 	 92 	 Ey 	 2 	 2.503702e+00 	 8.400000e+02 	 -6.000000e+02 	 2.000000e+00
16 	 93 	 Ey 	 2 	 9.787582e-01 	 1.080000e+03 	 -6.000000e+02 	 2.000000e+00
16 	 94 	 Ey 	 2 	 2.510887e+00 	 1.320000e+03 	 -6.000000e+02 	 2.000000e+00
16 	 95 	 Ey 	 2 	 9.530432e-01 	 1.560000e+03 	 -6.000000e+02 	 2.000000e+00
16 	 96 	 Ey 	 2 	 1.504303e+00 	 1.800000e+03 	 -6.000000e+02 	 2.000000e+00
16 	 97 	 Ey 	 2 	 5.130531e+00 	 -1.800000e+03 	 -3.600000e+02 	 2.000000e+00
16 	 98 	 Ey 	 2 	 5.082361e+00 	 -1.560000e+03 	 -3.600000e+02 	 2.000000e+00
16 	 99 	 Ey 	 2 	 6.325311e+00 	 -1.320000e+03 	 -3.600000e+02 	 2.000000e+00
16 	 100 	 Ey 	 2 	 5.649628e+00 	 -1.080000e+03 	 -3.600000e+02 	 2.000000e+00
16 	 101 	 Ey 	 2 	 5.796107e+00 	 -8.400000e+02 	 -3.600000e+02 	 2.000000e+00
16 	 102 	 Ey 	 2 	 5.477882e+00 	 -6.000000e+02 	 -3.600000e+02 	 2.000000e+00
16 	 103 	 Ey 	 2 	 3.409667e+00 	 -3.600000e+02 	 -3.600000e+02 	 2.000000e+00
16 	 104 	 Ey 	 2 	 3.515810e+00 	 -1.200000e+02 	 -3.600000e+02 	 2.000000e+00
16 	 105 	 Ey 	 2 	 1.808610e+00 	 1.200000e+02 	 -3.600000e+02 	 2.000000e+00
16 	 106 	 Ey 	 2 	 3.774211e+00 	 3.600000e+02 	 -3.600000e+02 	 2.000000e+00
16 	 107 	 Ey 	 2 	 1.417229e+00 	 6.000000e+02 	 -3.600000e+02 	 2.000000e+00
16 	 108 	 Ey 	 2 	 2.746696e+00 	 8.400000e+02 	 -3.600000e+02 	 2.000000e+00
16 	 109 	 Ey 	 2 	 7.397351e-01 	 1.080000e+03 	 -3.600000e+02 	 2.000000e+00
16 	 110 	 Ey 	 2 	 7.425347e-01 	 1.320000e+03 	 -3.600000e+02 	 2.000000e+00
16 	 111 	 Ey 	 2 	 1.099793e+00 	 1.560000e+03 	 -3.600000e+02 	 2.000000e+00
16 	 112 	 Ey 	 2 	 4.458950e-01 	 1.800000e+03 	 -3.600000e+02 	 2.000000e+00
16 	 113 	 Ey 	 2 	 5.176857e+00 	 -1.800000e+03 	 -1.200000e+02 	 2.000000e+00
16 	 114 	 Ey 	 2 	 5.821407e+00 	 -1.560000e+03 	 -1.200000e+02 	 2.000000e+00
16 	 115 	 Ey 	 2 	 6.458251e+00 	 -1.320000e+03 	 -1.200000e+02 	 2.000000e+00
16 	 116 	 Ey 	 2 	 6.988927e+00 	 -1.080000e+03 	 -1.200000e+02 	 2.000000e+00
16 	 117 	 Ey 	 2 	 6.839346e+00 	 -8.400000e+02 	 -1.200000e+02 	 2.000000e+00
16 	 118 	 Ey 	 2 	 5.651959e+00 	 -6.000000e+02 	 -1.200000e+02 	 2.000000e+00
16 	 119 	 Ey 	 2 	 4.360420e+00 	 -3.600000e+02 	 -1.200000e+02 	 2.000000e+00
16 	 120 	 Ey 	 2 	 1.686860e+00 	 -1.200000e+02 	 -1.200000e+02 	 2.000000e+00
16 	 121 	 Ey 	 2 	 1.576634e+00 	 1.200000e+02 	 -1.200000e+02 	 2.000000e+00
16 	 122 	 Ey 	 2 	 3.818607e+00 	 3.600000e+02 	 -1.200000e+02 	 2.000000e+00
16 	 123 	 Ey 	 2 	 1.658466e+00 	 6.000000e+02 	 -1.200000e+02 	 2.000000e+00
16 	 124 	 Ey 	 2 	 2.733446e+00 	 8.400000e+02 	 -1.200000e+02 	 2.000000e+00
16 	 125 	 Ey 	 2 	 2.436598e+00 	 1.080000e+03 	 -1.200000e+02 	 2.000000e+00
16 	 126 	 Ey 	 2 	 4.364679e-01 	 1.320000e+03 	 -1.200000e+02 	 2.000000e+00
16 	 127 	 Ey 	 2 	 2.098632e+00 	 1.560000e+03 	 -1.200000e+02 	 2.000000e+00
16 	 128 	 Ey 	 2 	 1.024946e+00 	 1.800000e+03 	 -1.200000e+02 	 2.000000e+00
16 	 129 	 Ey 	 2 	 5.305953e+00 	 -1.800000e+03 	 1.200000e+02 	 2.000000e+00
16 	 130 	 Ey 	 2 	 6.287206e+00 	 -1.560000e+03 	 1.200000e+02 	 2.000000e+00
16 	 131 	 Ey 	 2 	 7.361987e+00 	 -1.320000e+03 	 1.200000e+02 	 2.000000e+00
16 	 132 	 Ey 	 2 	 6.754323e+00 	 -1.080000e+03 	 1.200000e+02 	 2.000000e+00
16 	 133 	 Ey 	 2 	 7.396986e+00 	 -8.400000e+02 	 1.200000e+02 	 2.000000e+00
16 	 134 	 Ey 	 2 	 6.475348e+00 	 -6.000000e+02 	 1.200000e+02 	 2.000000e+00
16 	 135 	 Ey 	 2 	 2.973397e+00 	 -3.600000e+02 	 1.200000e+02 	 2.000000e+00
16 	 136 	 Ey 	 2 	 8.278486e-01 	 -1.200000e+02 	 1.200000e+02 	 2.000000e+00
16 	 137 	 Ey 	 2 	 2.264824e+00 	 1.200000e+02 	 1.200000e+02 	 2.000000e+00
16 	 138 	 Ey 	 2 	 2.103833e+00 	 3.600000e+02 	 1.200000e+02 	 2.000000e+00
16 	 139 	 Ey 	 2 	 2.217322e+00 	 6.000000e+02 	 1.200000e+02 	 2.000000e+00
16 	 140 	 Ey 	 2 	 2.154636e+00 	 8.400000e+02 	 1.200000e+02 	 2.000000e+00
16 	 141 	 Ey 	 2 	 2.019980e+00 	 1.080000e+03 	 1.200000e+02 	 2.000000e+00
16 	 142 	 Ey 	 2 	 1.658924e+00 	 1.320000e+03 	 1.200000e+02 	 2.000000e+00
16 	 143 	 Ey 	 2 	 7.692803e-01 	 1.560000e+03 	 1.200000e+02 	 2.000000e+00
16 	 144 	 Ey 	 2 	 1.484922e+00 	 1.800000e+03 	 1.200000e+02 	 2.000000e+00
16 	 145 	 Ey 	 2 	 5.549323e+00 	 -1.800000e+03 	 3.600000e+02 	 2.000000e+00
16 	 146 	 Ey 	 2 	 6.753926e+00 	 -1.560000e+03 	 3.600000e+02 	 2.000000e+00
16 	 147 	 Ey 	 2 	 6.651456e+00 	 -1.320000e+03 	 3.600000e+02 	 2.000000e+00
16 	 148 	 Ey 	 2 	 8.719281e+00 	 -1.080000e+03 	 3.600000e+02 	 2.000000e+00
16 	 149 	 Ey 	 2 	 7.344983e+00 	 -8.400000e+02 	 3.600000e+02 	 2.000000e+00
16 	 150 	 Ey 	 2 	 4.451321e+00 	 -6.000000e+02 	 3.600000e+02 	 2.000000e+00
16 	 151 	 Ey 	 2 	 4.051802e+00 	 -3.600000e+02 	 3.600000e+02 	 2.000000e+00
16 	 152 	 Ey 	 2 	 1.037795e+00 	 -1.200000e+02 	 3.600000e+02 	 2.000000e+00
16 	 153 	 Ey 	 2 	 1.159354e+00 	 1.200000e+02 	 3.600000e+02 	 2.000000e+00
16 	 154 	 Ey 	 2 	 2.353581e+00 	 3.600000e+02 	 3.600000e+02 	 2.000000e+00
16 	 155 	 Ey 	 2 	 3.064749e+00 	 6.000000e+02 	 3.600000e+02 	 2.000000e+00
16 	 156 	 Ey 	 2 	 2.962048e+00 	 8.400000e+02 	 3.600000e+02 	 2.000000e+00
16 	 157 	 Ey 	 2 	 9.373077e-01 	 1.080000e+03 	 3.600000e+02 	 2.000000e+00
16 	 158 	 Ey 	 2 	 1.324382e+00 	 1.320000e+03 	 3.600000e+02 	 2.000000e+00
16 	 159 	 Ey 	 2 	 1.355454e+00 	 1.560000e+03 	 3.600000e+02 	 2.000000e+00
16 	 160 	 Ey 	 2 	 1.700680e+00 	 1.800000e+03 	 3.600000e+02 	 2.000000e+00
16 	 161 	 Ey 	 2 	 3.875042e+00 	 -1.800000e+03 	 6.000000e+02 	 2.000000e+00
16 	 162 	 Ey 	 2 	 4.776961e+00 	 -1.560000e+03 	 6.000000e+02 	 2.000000e+00
16 	 163 	 Ey 	 2 	 6.917079e+00 	 -1.320000e+03 	 6.000000e+02 	 2.000000e+00
16 	 164 	 Ey 	 2 	 7.737985e+00 	 -1.080000e+03 	 6.000000e+02 	 2.000000e+00
16 	 165 	 Ey 	 2 	 5.854829e+00 	 -8.400000e+02 	 6.000000e+02 	 2.000000e+00
16 	 166 	 Ey 	 2 	 3.431848e+00 	 -6.000000e+02 	 6.000000e+02 	 2.000000e+00
16 	 167 	 Ey 	 2 	 3.321148e+00 	 -3.600000e+02 	 6.000000e+02 	 2.000000e+00
16 	 168 	 Ey 	 2 	 2.387712e+00 	 -1.200000e+02 	 6.000000e+02 	 2.000000e+00
16 	 169 	 Ey 	 2 	 1.249584e+00 	 1.200000e+02 	 6.000000e+02 	 2.000000e+00
16 	 170 	 Ey 	 2 	 1.170463e+00 	 3.600000e+02 	 6.000000e+02 	 2.000000e+00
16 	 171 	 Ey 	 2 	 2.425321e+00 	 6.000000e+02 	 6.000000e+02 	 2.000000e+00
16 	 172 	 Ey 	 2 	 1.033646e+00 	 8.400000e+02 	 6.000000e+02 	 2.000000e+00
16 	 173 	 Ey 	 2 	 1.771104e+00 	 1.080000e+03 	 6.000000e+02 	 2.000000e+00
16 	 174 	 Ey 	 2 	 6.904193e-01 	 1.320000e+03 	 6.000000e+02 	 2.000000e+00
16 	 175 	 Ey 	 2 	 1.800416e+00 	 1.560000e+03 	 6.000000e+02 	 2.000000e+00
16 	 176 	 Ey 	 2 	 1.485196e+00 	 1.800000e+03 	 6.000000e+02 	 2.000000e+00
16 	 177 	 Ey 	 2 	 3.818772e+00 	 -1.800000e+03 	 8.400000e+02 	 2.000000e+00
16 	 178 	 Ey 	 2 	 4.580455e+00 	 -1.560000e+03 	 8.400000e+02 	 2.000000e+00
16 	 179 	 Ey 	 2 	 5.197711e+00 	 -1.320000e+03 	 8.400000e+02 	 2.000000e+00
16 	 180 	 Ey 	 2 	 2.955869e+00 	 -1.080000e+03 	 8.400000e+02 	 2.000000e+00
16 	 181 	 Ey 	 2 	 4.045435e+00 	 -8.400000e+02 	 8.400000e+02 	 2.000000e+00
16 	 182 	 Ey 	 2 	 2.798189e+00 	 -6.000000e+02 	 8.400000e+02 	 2.000000e+00
16 	 183 	 Ey 	 2 	 1.644452e+00 	 -3.600000e+02 	 8.400000e+02 	 2.000000e+00
16 	 184 	 Ey 	 2 	 1.837901e+00 	 -1.200000e+02 	 8.400000e+02 	 2.000000e+00
16 	 185 	 Ey 	 2 	 8.263469e-01 	 1.200000e+02 	 8.400000e+02 	 2.000000e+00
16 	 186 	 Ey 	 2 	 1.746831e+00 	 3.600000e+02 	 8.400000e+02 	 2.000000e+00
16 	 187 	 Ey 	 2 	 1.084272e+00 	 6.000000e+02 	 8.400000e+02 	 2.000000e+00
16 	 188 	 Ey 	 2 	 9.808742e-01 	 8.400000e+02 	 8.400000e+02 	 2.000000e+00
16 	 189 	 Ey 	 2 	 1.770503e+00 	 1.080000e+03 	 8.400000e+02 	 2.000000e+00
16 	 190 	 Ey 	 2 	 8.162085e-01 	 1.320000e+03 	 8.400000e+02 	 2.000000e+00
16 	 191 	 Ey 	 2 	 1.018462e+00 	 1.560000e+03 	 8.400000e+02 	 2.000000e+00
16 	 192 	 Ey 	 2 	 6.470882e-01 	 1.800000e+03 	 8.400000e+02 	 2.000000e+00
16 	 193 	 Ey 	 2 	 4.505782e+00 	 -1.800000e+03 	 1.080000e+03 	 2.000000e+00
16 	 194 	 Ey 	 2 	 3.314083e+00 	 -1.560000e+03 	 1.080000e+03 	 2.000000e+00
16 	 195 	 Ey 	 2 	 2.292251e+00 	 -1.320000e+03 	 1.080000e+03 	 2.000000e+00
16 	 196 	 Ey 	 2 	 2.674197e+00 	 -1.080000e+03 	 1.080000e+03 	 2.000000e+00
16 	 197 	 Ey 	 2 	 2.123055e+00 	 -8.400000e+02 	 1.080000e+03 	 2.000000e+00
16 	 198 	 Ey 	 2 	 1.137261e+00 	 -6.000000e+02 	 1.080000e+03 	 2.000000e+00
16 	 199 	 Ey 	 2 	 1.461530e+00 	 -3.600000e+02 	 1.080000e+03 	 2.000000e+00
16 	 200 	 Ey 	 2 	 1.384608e+00 	 -1.200000e+02 	 1.080000e+03 	 2.000000e+00
16 	 201 	 Ey 	 2 	 1.419582e+00 	 1.200000e+02 	 1.080000e+03 	 2.000000e+00
16 	 202 	 Ey 	 2 	 5.751752e-01 	 3.600000e+02 	 1.080000e+03 	 2.000000e+00
16 	 203 	 Ey 	 2 	 7.328696e-01 	 6.000000e+02 	 1.080000e+03 	 2.000000e+00
16 	 204 	 Ey 	 2 	 1.459985e+00 	 8.400000e+02 	 1.080000e+03 	 2.000000e+00
16 	 205 	 Ey 	 2 	 6.945750e-01 	 1.080000e+03 	 1.080000e+03 	 2.000000e+00
16 	 206 	 Ey 	 2 	 0.000000e+00 	 1.320000e+03 	 1.080000e+03 	 2.000000e+00
16 	 207 	 Ey 	 2 	 0.000000e+00 	 1.560000e+03 	 1.080000e+03 	 2.000000e+00
16 	 208 	 Ey 	 2 	 0.000000e+00 	 1.800000e+03 	 1.080000e+03 	 2.000000e+00
16 	 209 	 Ey 	 2 	 3.127475e+00 	 -1.800000e+03 	 1.320000e+03 	 2.000000e+00
16 	 210 	 Ey 	 2 	 2.088329e+00 	 -1.560000e+03 	 1.320000e+03 	 2.000000e+00
16 	 211 	 Ey 	 2 	 1.861573e+00 	 -1.320000e+03 	 1.320000e+03 	 2.000000e+00
16 	 212 	 Ey 	 2 	 3.827785e+00 	 -1.080000e+03 	 1.320000e+03 	 2.000000e+00
16 	 213 	 Ey 	 2 	 3.638571e+00 	 -8.400000e+02 	 1.320000e+03 	 2.000000e+00
16 	 214 	 Ey 	 2 	 3.498777e+00 	 -6.000000e+02 	 1.320000e+03 	 2.000000e+00
16 	 215 	 Ey 	 2 	 1.715512e+00 	 -3.600000e+02 	 1.320000e+03 	 2.000000e+00
16 	 216 	 Ey 	 2 	 1.220532e+00 	 -1.200000e+02 	 1.320000e+03 	 2.000000e+00
16 	 217 	 Ey 	 2 	 9.076903e-01 	 1.200000e+02 	 1.320000e+03 	 2.000000e+00
16 	 218 	 Ey 	 2 	 6.237415e-01 	 3.600000e+02 	 1.320000e+03 	 2.000000e+00
16 	 219 	 Ey 	 2 	 1.632424e-01 	 6.000000e+02 	 1.320000e+03 	 2.000000e+00
16 	 220 	 Ey 	 2 	 2.001504e-01 	 8.400000e+02 	 1.320000e+03 	 2.000000e+00
16 	 221 	 Ey 	 2 	 0.000000e+00 	 1.080000e+03 	 1.320000e+03 	 2.000000e+00
16 	 222 	 Ey 	 2 	 0.000000e+00 	 1.320000e+03 	 1.320000e+03 	 2.000000e+00
16 	 223 	 Ey 	 2 	 0.000000e+00 	 1.560000e+03 	 1.320000e+03 	 2.000000e+00
16 	 224 	 Ey 	 2 	 0.000000e+00 	 1.800000e+03 	 1.320000e+03 	 2.000000e+00
16 	 225 	 Ey 	 2 	 2.548716e+00 	 -1.800000e+03 	 1.560000e+03 	 2.000000e+00
16 	 226 	 Ey 	 2 	 1.601027e+00 	 -1.560000e+03 	 1.560000e+03 	 2.000000e+00
16 	 227 	 Ey 	 2 	 9.983045e-01 	 -1.320000e+03 	 1.560000e+03 	 2.000000e+00
16 	 228 	 Ey 	 2 	 2.208423e+00 	 -1.080000e+03 	 1.560000e+03 	 2.000000e+00
16 	 229 	 Ey 	 2 	 1.277313e+00 	 -8.400000e+02 	 1.560000e+03 	 2.000000e+00
16 	 230 	 Ey 	 2 	 1.597455e+00 	 -6.000000e+02 	 1.560000e+03 	 2.000000e+00
16 	 231 	 Ey 	 2 	 1.474893e+00 	 -3.600000e+02 	 1.560000e+03 	 2.000000e+00
16 	 232 	 Ey 	 2 	 4.570837e-01 	 -1.200000e+02 	 1.560000e+03 	 2.000000e+00
16 	 233 	 Ey 	 2 	 6.081116e-01 	 1.200000e+02 	 1.560000e+03 	 2.000000e+00
16 	 234 	 Ey 	 2 	 7.132515e-01 	 3.600000e+02 	 1.560000e+03 	 2.000000e+00
16 	 235 	 Ey 	 2 	 1.385725e+00 	 6.000000e+02 	 1.560000e+03 	 2.000000e+00
16 	 236 	 Ey 	 2 	 7.063990e-01 	 8.400000e+02 	 1.560000e+03 	 2.000000e+00
16 	 237 	 Ey 	 2 	 0.000000e+00 	 1.080000e+03 	 1.560000e+03 	 2.000000e+00
16 	 238 	 Ey 	 2 	 0.000000e+00 	 1.320000e+03 	 1.560000e+03 	 2.000000e+00
16 	 239 	 Ey 	 2 	 0.000000e+00 	 1.560000e+03 	 1.560000e+03 	 2.000000e+00
16 	 240 	 Ey 	 2 	 0.000000e+00 	 1.800000e+03 	 1.560000e+03 	 2.000000e+00
16 	 241 	 Ey 	 2 	 1.747170e+00 	 -1.800000e+03 	 1.800000e+03 	 2.000000e+00
16 	 242 	 Ey 	 2 	 6.706359e-01 	 -1.560000e+03 	 1.800000e+03 	 2.000000e+00
16 	 243 	 Ey 	 2 	 4.485416e-01 	 -1.320000e+03 	 1.800000e+03 	 2.000000e+00
16 	 244 	 Ey 	 2 	 1.966594e+00 	 -1.080000e+03 	 1.800000e+03 	 2.000000e+00
16 	 245 	 Ey 	 2 	 1.646510e+00 	 -8.400000e+02 	 1.800000e+03 	 2.000000e+00
16 	 246 	 Ey 	 2 	 3.436270e-01 	 -6.000000e+02 	 1.800000e+03 	 2.000000e+00
16 	 247 	 Ey 	 2 	 9.003584e-01 	 -3.600000e+02 	 1.800000e+03 	 2.000000e+00
16 	 248 	 Ey 	 2 	 1.210191e-01 	 -1.200000e+02 	 1.800000e+03 	 2.000000e+00
16 	 249 	 Ey 	 2 	 1.145006e+00 	 1.200000e+02 	 1.800000e+03 	 2.000000e+00
16 	 250 	 Ey 	 2 	 1.709744e+00 	 3.600000e+02 	 1.800000e+03 	 2.000000e+00
16 	 251 	 Ey 	 2 	 1.273688e+00 	 6.000000e+02 	 1.800000e+03 	 2.000000e+00
16 	 252 	 Ey 	 2 	 4.263036e-01 	 8.400000e+02 	 1.800000e+03 	 2.000000e+00
16 	 253 	 Ey 	 2 	 0.000000e+00 	 1.080000e+03 	 1.800000e+03 	 2.000000e+00
16 	 254 	 Ey 	 2 	 0.000000e+00 	 1.320000e+03 	 1.800000e+03 	 2.000000e+00
16 	 255 	 Ey 	 2 	 0.000000e+00 	 1.560000e+03 	 1.800000e+03 	 2.000000e+00
16 	 256 	 Ey 	 2 	 0.000000e+00 	 1.800000e+03 	 1.800000e+03 	 2.000000e+00
