iTx 	 iRx    ichrec  ifreq 	 sig_misfit   x       y      z
12 	 1 	 Ex 	 1 	 6.079304e+00 	 -1.800000e+03 	 -1.800000e+03 	 2.000000e+00
12 	 2 	 Ex 	 1 	 5.393093e+00 	 -1.560000e+03 	 -1.800000e+03 	 2.000000e+00
12 	 3 	 Ex 	 1 	 4.572237e+00 	 -1.320000e+03 	 -1.800000e+03 	 2.000000e+00
12 	 4 	 Ex 	 1 	 2.616664e+00 	 -1.080000e+03 	 -1.800000e+03 	 2.000000e+00
12 	 5 	 Ex 	 1 	 3.884457e+00 	 -8.400000e+02 	 -1.800000e+03 	 2.000000e+00
12 	 6 	 Ex 	 1 	 2.512560e+00 	 -6.000000e+02 	 -1.800000e+03 	 2.000000e+00
12 	 7 	 Ex 	 1 	 4.915416e+00 	 -3.600000e+02 	 -1.800000e+03 	 2.000000e+00
12 	 8 	 Ex 	 1 	 4.570199e-01 	 -1.200000e+02 	 -1.800000e+03 	 2.000000e+00
12 	 9 	 Ex 	 1 	 1.255039e+00 	 1.200000e+02 	 -1.800000e+03 	 2.000000e+00
12 	 10 	 Ex 	 1 	 1.820822e+00 	 3.600000e+02 	 -1.800000e+03 	 2.000000e+00
12 	 11 	 Ex 	 1 	 6.034814e-01 	 6.000000e+02 	 -1.800000e+03 	 2.000000e+00
12 	 12 	 Ex 	 1 	 1.095675e+00 	 8.400000e+02 	 -1.800000e+03 	 2.000000e+00
12 	 13 	 Ex 	 1 	 1.701421e+00 	 1.080000e+03 	 -1.800000e+03 	 2.000000e+00
12 	 14 	 Ex 	 1 	 2.652580e+00 	 1.320000e+03 	 -1.800000e+03 	 2.000000e+00
12 	 15 	 Ex 	 1 	 2.325156e+00 	 1.560000e+03 	 -1.800000e+03 	 2.000000e+00
12 	 16 	 Ex 	 1 	 1.017205e+00 	 1.800000e+03 	 -1.800000e+03 	 2.000000e+00
12 	 17 	 Ex 	 1 	 6.833264e+00 	 -1.800000e+03 	 -1.560000e+03 	 2.000000e+00
12 	 18 	 Ex 	 1 	 3.770785e+00 	 -1.560000e+03 	 -1.560000e+03 	 2.000000e+00
12 	 19 	 Ex 	 1 	 3.247179e+00 	 -1.320000e+03 	 -1.560000e+03 	 2.000000e+00
12 	 20 	 Ex 	 1 	 4.453060e+00 	 -1.080000e+03 	 -1.560000e+03 	 2.000000e+00
12 	 21 	 Ex 	 1 	 1.895531e+00 	 -8.400000e+02 	 -1.560000e+03 	 2.000000e+00
12 	 22 	 Ex 	 1 	 2.284016e+00 	 -6.000000e+02 	 -1.560000e+03 	 2.000000e+00
12 	 23 	 Ex 	 1 	 2.173087e+00 	 -3.600000e+02 	 -1.560000e+03 	 2.000000e+00
12 	 24 	 Ex 	 1 	 2.834155e+00 	 -1.200000e+02 	 -1.560000e+03 	 2.000000e+00
12 	 25 	 Ex 	 1 	 1.247160e+00 	 1.200000e+02 	 -1.560000e+03 	 2.000000e+00
12 	 26 	 Ex 	 1 	 9.516503e-01 	 3.600000e+02 	 -1.560000e+03 	 2.000000e+00
12 	 27 	 Ex 	 1 	 1.827546e-01 	 6.000000e+02 	 -1.560000e+03 	 2.000000e+00
12 	 28 	 Ex 	 1 	 8.890778e-01 	 8.400000e+02 	 -1.560000e+03 	 2.000000e+00
12 	 29 	 Ex 	 1 	 1.705184e+00 	 1.080000e+03 	 -1.560000e+03 	 2.000000e+00
12 	 30 	 Ex 	 1 	 1.432277e+00 	 1.320000e+03 	 -1.560000e+03 	 2.000000e+00
12 	 31 	 Ex 	 1 	 6.595014e-01 	 1.560000e+03 	 -1.560000e+03 	 2.000000e+00
12 	 32 	 Ex 	 1 	 1.578576e+00 	 1.800000e+03 	 -1.560000e+03 	 2.000000e+00
12 	 33 	 Ex 	 1 	 3.183847e+00 	 -1.800000e+03 	 -1.320000e+03 	 2.000000e+00
12 	 34 	 Ex 	 1 	 7.817454e+00 	 -1.560000e+03 	 -1.320000e+03 	 2.000000e+00
12 	 35 	 Ex 	 1 	 3.912751e+00 	 -1.320000e+03 	 -1.320000e+03 	 2.000000e+00
12 	 36 	 Ex 	 1 	 3.016852e+00 	 -1.080000e+03 	 -1.320000e+03 	 2.000000e+00
12 	 37 	 Ex 	 1 	 2.961057e+00 	 -8.400000e+02 	 -1.320000e+03 	 2.000000e+00
12 	 38 	 Ex 	 1 	 1.447721e+00 	 -6.000000e+02 	 -1.320000e+03 	 2.000000e+00
12 	 39 	 Ex 	 1 	 2.300178e+00 	 -3.600000e+02 	 -1.320000e+03 	 2.000000e+00
12 	 40 	 Ex 	 1 	 3.016629e+00 	 -1.200000e+02 	 -1.320000e+03 	 2.000000e+00
12 	 41 	 Ex 	 1 	 3.623468e+00 	 1.200000e+02 	 -1.320000e+03 	 2.000000e+00
12 	 42 	 Ex 	 1 	 2.131605e+00 	 3.600000e+02 	 -1.320000e+03 	 2.000000e+00
12 	 43 	 Ex 	 1 	 2.078063e+00 	 6.000000e+02 	 -1.320000e+03 	 2.000000e+00
12 	 44 	 Ex 	 1 	 1.196735e+00 	 8.400000e+02 	 -1.320000e+03 	 2.000000e+00
12 	 45 	 Ex 	 1 	 2.229337e-01 	 1.080000e+03 	 -1.320000e+03 	 2.000000e+00
12 	 46 	 Ex 	 1 	 2.126601e+00 	 1.320000e+03 	 -1.320000e+03 	 2.000000e+00
12 	 47 	 Ex 	 1 	 4.694854e-02 	 1.560000e+03 	 -1.320000e+03 	 2.000000e+00
12 	 48 	 Ex 	 1 	 8.122232e-01 	 1.800000e+03 	 -1.320000e+03 	 2.000000e+00
12 	 49 	 Ex 	 1 	 5.380394e+00 	 -1.800000e+03 	 -1.080000e+03 	 2.000000e+00
12 	 50 	 Ex 	 1 	 5.832057e+00 	 -1.560000e+03 	 -1.080000e+03 	 2.000000e+00
12 	 51 	 Ex 	 1 	 2.913674e+00 	 -1.320000e+03 	 -1.080000e+03 	 2.000000e+00
12 	 52 	 Ex 	 1 	 3.713325e+00 	 -1.080000e+03 	 -1.080000e+03 	 2.000000e+00
12 	 53 	 Ex 	 1 	 1.237736e+00 	 -8.400000e+02 	 -1.080000e+03 	 2.000000e+00
12 	 54 	 Ex 	 1 	 2.501626e+00 	 -6.000000e+02 	 -1.080000e+03 	 2.000000e+00
12 	 55 	 Ex 	 1 	 3.633487e+00 	 -3.600000e+02 	 -1.080000e+03 	 2.000000e+00
12 	 56 	 Ex 	 1 	 5.533227e+00 	 -1.200000e+02 	 -1.080000e+03 	 2.000000e+00
12 	 57 	 Ex 	 1 	 6.964446e+00 	 1.200000e+02 	 -1.080000e+03 	 2.000000e+00
12 	 58 	 Ex 	 1 	 6.013273e+00 	 3.600000e+02 	 -1.080000e+03 	 2.000000e+00
12 	 59 	 Ex 	 1 	 1.967803e+00 	 6.000000e+02 	 -1.080000e+03 	 2.000000e+00
12 	 60 	 Ex 	 1 	 5.155412e-01 	 8.400000e+02 	 -1.080000e+03 	 2.000000e+00
12 	 61 	 Ex 	 1 	 1.138803e+00 	 1.080000e+03 	 -1.080000e+03 	 2.000000e+00
12 	 62 	 Ex 	 1 	 1.520443e+00 	 1.320000e+03 	 -1.080000e+03 	 2.000000e+00
12 	 63 	 Ex 	 1 	 1.271984e+00 	 1.560000e+03 	 -1.080000e+03 	 2.000000e+00
12 	 64 	 Ex 	 1 	 1.665211e+00 	 1.800000e+03 	 -1.080000e+03 	 2.000000e+00
12 	 65 	 Ex 	 1 	 4.784444e+00 	 -1.800000e+03 	 -8.400000e+02 	 2.000000e+00
12 	 66 	 Ex 	 1 	 3.361609e+00 	 -1.560000e+03 	 -8.400000e+02 	 2.000000e+00
12 	 67 	 Ex 	 1 	 4.668165e+00 	 -1.320000e+03 	 -8.400000e+02 	 2.000000e+00
12 	 68 	 Ex 	 1 	 5.384786e+00 	 -1.080000e+03 	 -8.400000e+02 	 2.000000e+00
12 	 69 	 Ex 	 1 	 4.266547e+00 	 -8.400000e+02 	 -8.400000e+02 	 2.000000e+00
12 	 70 	 Ex 	 1 	 2.634949e+00 	 -6.000000e+02 	 -8.400000e+02 	 2.000000e+00
12 	 71 	 Ex 	 1 	 6.519452e+00 	 -3.600000e+02 	 -8.400000e+02 	 2.000000e+00
12 	 72 	 Ex 	 1 	 8.117713e+00 	 -1.200000e+02 	 -8.400000e+02 	 2.000000e+00
12 	 73 	 Ex 	 1 	 8.886064e+00 	 1.200000e+02 	 -8.400000e+02 	 2.000000e+00
12 	 74 	 Ex 	 1 	 6.143819e+00 	 3.600000e+02 	 -8.400000e+02 	 2.000000e+00
12 	 75 	 Ex 	 1 	 2.754231e-01 	 6.000000e+02 	 -8.400000e+02 	 2.000000e+00
12 	 76 	 Ex 	 1 	 2.366305e+00 	 8.400000e+02 	 -8.400000e+02 	 2.000000e+00
12 	 77 	 Ex 	 1 	 1.636216e+00 	 1.080000e+03 	 -8.400000e+02 	 2.000000e+00
12 	 78 	 Ex 	 1 	 1.764560e+00 	 1.320000e+03 	 -8.400000e+02 	 2.000000e+00
12 	 79 	 Ex 	 1 	 7.080570e-01 	 1.560000e+03 	 -8.400000e+02 	 2.000000e+00
12 	 80 	 Ex 	 1 	 2.929611e+00 	 1.800000e+03 	 -8.400000e+02 	 2.000000e+00
12 	 81 	 Ex 	 1 	 4.007094e+00 	 -1.800000e+03 	 -6.000000e+02 	 2.000000e+00
12 	 82 	 Ex 	 1 	 2.882717e+00 	 -1.560000e+03 	 -6.000000e+02 	 2.000000e+00
12 	 83 	 Ex 	 1 	 2.411997e+00 	 -1.320000e+03 	 -6.000000e+02 	 2.000000e+00
12 	 84 	 Ex 	 1 	 3.897805e+00 	 -1.080000e+03 	 -6.000000e+02 	 2.000000e+00
12 	 85 	 Ex 	 1 	 4.823252e+00 	 -8.400000e+02 	 -6.000000e+02 	 2.000000e+00
12 	 86 	 Ex 	 1 	 1.653770e+00 	 -6.000000e+02 	 -6.000000e+02 	 2.000000e+00
12 	 87 	 Ex 	 1 	 6.158195e+00 	 -3.600000e+02 	 -6.000000e+02 	 2.000000e+00
12 	 88 	 Ex 	 1 	 9.899577e+00 	 -1.200000e+02 	 -6.000000e+02 	 2.000000e+00
12 	 89 	 Ex 	 1 	 1.117832e+01 	 1.200000e+02 	 -6.000000e+02 	 2.000000e+00
12 	 90 	 Ex 	 1 	 6.671032e+00 	 3.600000e+02 	 -6.000000e+02 	 2.000000e+00
12 	 91 	 Ex 	 1 	 2.156557e+00 	 6.000000e+02 	 -6.000000e+02 	 2.000000e+00
12 	 92 	 Ex 	 1 	 2.048246e+00 	 8.400000e+02 	 -6.000000e+02 	 2.000000e+00
12 	 93 	 Ex 	 1 	 2.705928e+00 	 1.080000e+03 	 -6.000000e+02 	 2.000000e+00
12 	 94 	 Ex 	 1 	 3.264539e+00 	 1.320000e+03 	 -6.000000e+02 	 2.000000e+00
12 	 95 	 Ex 	 1 	 1.419854e+00 	 1.560000e+03 	 -6.000000e+02 	 2.000000e+00
12 	 96 	 Ex 	 1 	 1.521627e+00 	 1.800000e+03 	 -6.000000e+02 	 2.000000e+00
12 	 97 	 Ex 	 1 	 3.962067e+00 	 -1.800000e+03 	 -3.600000e+02 	 2.000000e+00
12 	 98 	 Ex 	 1 	 1.323559e+00 	 -1.560000e+03 	 -3.600000e+02 	 2.000000e+00
12 	 99 	 Ex 	 1 	 4.033860e-01 	 -1.320000e+03 	 -3.600000e+02 	 2.000000e+00
12 	 100 	 Ex 	 1 	 3.074017e+00 	 -1.080000e+03 	 -3.600000e+02 	 2.000000e+00
12 	 101 	 Ex 	 1 	 4.162178e+00 	 -8.400000e+02 	 -3.600000e+02 	 2.000000e+00
12 	 102 	 Ex 	 1 	 3.483329e+00 	 -6.000000e+02 	 -3.600000e+02 	 2.000000e+00
12 	 103 	 Ex 	 1 	 7.427683e+00 	 -3.600000e+02 	 -3.600000e+02 	 2.000000e+00
12 	 104 	 Ex 	 1 	 1.139801e+01 	 -1.200000e+02 	 -3.600000e+02 	 2.000000e+00
12 	 105 	 Ex 	 1 	 1.158846e+01 	 1.200000e+02 	 -3.600000e+02 	 2.000000e+00
12 	 106 	 Ex 	 1 	 8.549269e+00 	 3.600000e+02 	 -3.600000e+02 	 2.000000e+00
12 	 107 	 Ex 	 1 	 2.742520e+00 	 6.000000e+02 	 -3.600000e+02 	 2.000000e+00
12 	 108 	 Ex 	 1 	 1.194386e+00 	 8.400000e+02 	 -3.600000e+02 	 2.000000e+00
12 	 109 	 Ex 	 1 	 3.572665e+00 	 1.080000e+03 	 -3.600000e+02 	 2.000000e+00
12 	 110 	 Ex 	 1 	 3.737299e-01 	 1.320000e+03 	 -3.600000e+02 	 2.000000e+00
12 	 111 	 Ex 	 1 	 7.155382e-01 	 1.560000e+03 	 -3.600000e+02 	 2.000000e+00
12 	 112 	 Ex 	 1 	 1.849137e+00 	 1.800000e+03 	 -3.600000e+02 	 2.000000e+00
12 	 113 	 Ex 	 1 	 2.661284e+00 	 -1.800000e+03 	 -1.200000e+02 	 2.000000e+00
12 	 114 	 Ex 	 1 	 1.233965e+00 	 -1.560000e+03 	 -1.200000e+02 	 2.000000e+00
12 	 115 	 Ex 	 1 	 2.605476e+00 	 -1.320000e+03 	 -1.200000e+02 	 2.000000e+00
12 	 116 	 Ex 	 1 	 3.377907e+00 	 -1.080000e+03 	 -1.200000e+02 	 2.000000e+00
12 	 117 	 Ex 	 1 	 4.075131e+00 	 -8.400000e+02 	 -1.200000e+02 	 2.000000e+00
12 	 118 	 Ex 	 1 	 4.439533e+00 	 -6.000000e+02 	 -1.200000e+02 	 2.000000e+00
12 	 119 	 Ex 	 1 	 8.761140e+00 	 -3.600000e+02 	 -1.200000e+02 	 2.000000e+00
12 	 120 	 Ex 	 1 	 1.180594e+01 	 -1.200000e+02 	 -1.200000e+02 	 2.000000e+00
12 	 121 	 Ex 	 1 	 1.193516e+01 	 1.200000e+02 	 -1.200000e+02 	 2.000000e+00
12 	 122 	 Ex 	 1 	 7.781787e+00 	 3.600000e+02 	 -1.200000e+02 	 2.000000e+00
12 	 123 	 Ex 	 1 	 3.214390e+00 	 6.000000e+02 	 -1.200000e+02 	 2.000000e+00
12 	 124 	 Ex 	 1 	 1.177831e+00 	 8.400000e+02 	 -1.200000e+02 	 2.000000e+00
12 	 125 	 Ex 	 1 	 1.316350e+00 	 1.080000e+03 	 -1.200000e+02 	 2.000000e+00
12 	 126 	 Ex 	 1 	 1.925331e+00 	 1.320000e+03 	 -1.200000e+02 	 2.000000e+00
12 	 127 	 Ex 	 1 	 3.148807e-01 	 1.560000e+03 	 -1.200000e+02 	 2.000000e+00
12 	 128 	 Ex 	 1 	 9.942256e-01 	 1.800000e+03 	 -1.200000e+02 	 2.000000e+00
12 	 129 	 Ex 	 1 	 1.288681e+00 	 -1.800000e+03 	 1.200000e+02 	 2.000000e+00
12 	 130 	 Ex 	 1 	 3.785739e+00 	 -1.560000e+03 	 1.200000e+02 	 2.000000e+00
12 	 131 	 Ex 	 1 	 5.256805e+00 	 -1.320000e+03 	 1.200000e+02 	 2.000000e+00
12 	 132 	 Ex 	 1 	 4.714102e+00 	 -1.080000e+03 	 1.200000e+02 	 2.000000e+00
12 	 133 	 Ex 	 1 	 3.383335e+00 	 -8.400000e+02 	 1.200000e+02 	 2.000000e+00
12 	 134 	 Ex 	 1 	 2.178297e+00 	 -6.000000e+02 	 1.200000e+02 	 2.000000e+00
12 	 135 	 Ex 	 1 	 5.934757e+00 	 -3.600000e+02 	 1.200000e+02 	 2.000000e+00
12 	 136 	 Ex 	 1 	 1.056188e+01 	 -1.200000e+02 	 1.200000e+02 	 2.000000e+00
12 	 137 	 Ex 	 1 	 1.124242e+01 	 1.200000e+02 	 1.200000e+02 	 2.000000e+00
12 	 138 	 Ex 	 1 	 8.331554e+00 	 3.600000e+02 	 1.200000e+02 	 2.000000e+00
12 	 139 	 Ex 	 1 	 3.439112e+00 	 6.000000e+02 	 1.200000e+02 	 2.000000e+00
12 	 140 	 Ex 	 1 	 1.067564e+00 	 8.400000e+02 	 1.200000e+02 	 2.000000e+00
12 	 141 	 Ex 	 1 	 1.640387e+00 	 1.080000e+03 	 1.200000e+02 	 2.000000e+00
12 	 142 	 Ex 	 1 	 0.000000e+00 	 1.320000e+03 	 1.200000e+02 	 2.000000e+00
12 	 143 	 Ex 	 1 	 0.000000e+00 	 1.560000e+03 	 1.200000e+02 	 2.000000e+00
12 	 144 	 Ex 	 1 	 0.000000e+00 	 1.800000e+03 	 1.200000e+02 	 2.000000e+00
12 	 145 	 Ex 	 1 	 2.718606e+00 	 -1.800000e+03 	 3.600000e+02 	 2.000000e+00
12 	 146 	 Ex 	 1 	 3.573691e+00 	 -1.560000e+03 	 3.600000e+02 	 2.000000e+00
12 	 147 	 Ex 	 1 	 5.835003e+00 	 -1.320000e+03 	 3.600000e+02 	 2.000000e+00
12 	 148 	 Ex 	 1 	 5.516804e+00 	 -1.080000e+03 	 3.600000e+02 	 2.000000e+00
12 	 149 	 Ex 	 1 	 5.034217e+00 	 -8.400000e+02 	 3.600000e+02 	 2.000000e+00
12 	 150 	 Ex 	 1 	 1.988531e+00 	 -6.000000e+02 	 3.600000e+02 	 2.000000e+00
12 	 151 	 Ex 	 1 	 7.157030e+00 	 -3.600000e+02 	 3.600000e+02 	 2.000000e+00
12 	 152 	 Ex 	 1 	 1.123968e+01 	 -1.200000e+02 	 3.600000e+02 	 2.000000e+00
12 	 153 	 Ex 	 1 	 1.152841e+01 	 1.200000e+02 	 3.600000e+02 	 2.000000e+00
12 	 154 	 Ex 	 1 	 6.780542e+00 	 3.600000e+02 	 3.600000e+02 	 2.000000e+00
12 	 155 	 Ex 	 1 	 2.505005e+00 	 6.000000e+02 	 3.600000e+02 	 2.000000e+00
12 	 156 	 Ex 	 1 	 5.995209e-01 	 8.400000e+02 	 3.600000e+02 	 2.000000e+00
12 	 157 	 Ex 	 1 	 0.000000e+00 	 1.080000e+03 	 3.600000e+02 	 2.000000e+00
12 	 158 	 Ex 	 1 	 0.000000e+00 	 1.320000e+03 	 3.600000e+02 	 2.000000e+00
12 	 159 	 Ex 	 1 	 0.000000e+00 	 1.560000e+03 	 3.600000e+02 	 2.000000e+00
12 	 160 	 Ex 	 1 	 0.000000e+00 	 1.800000e+03 	 3.600000e+02 	 2.000000e+00
12 	 161 	 Ex 	 1 	 3.816576e+00 	 -1.800000e+03 	 6.000000e+02 	 2.000000e+00
12 	 162 	 Ex 	 1 	 4.478597e+00 	 -1.560000e+03 	 6.000000e+02 	 2.000000e+00
12 	 163 	 Ex 	 1 	 4.493887e+00 	 -1.320000e+03 	 6.000000e+02 	 2.000000e+00
12 	 164 	 Ex 	 1 	 4.829478e+00 	 -1.080000e+03 	 6.000000e+02 	 2.000000e+00
12 	 165 	 Ex 	 1 	 3.860462e+00 	 -8.400000e+02 	 6.000000e+02 	 2.000000e+00
12 	 166 	 Ex 	 1 	 2.612577e+00 	 -6.000000e+02 	 6.000000e+02 	 2.000000e+00
12 	 167 	 Ex 	 1 	 4.395923e+00 	 -3.600000e+02 	 6.000000e+02 	 2.000000e+00
12 	 168 	 Ex 	 1 	 8.585979e+00 	 -1.200000e+02 	 6.000000e+02 	 2.000000e+00
12 	 169 	 Ex 	 1 	 1.048405e+01 	 1.200000e+02 	 6.000000e+02 	 2.000000e+00
12 	 170 	 Ex 	 1 	 6.450231e+00 	 3.600000e+02 	 6.000000e+02 	 2.000000e+00
12 	 171 	 Ex 	 1 	 2.918041e+00 	 6.000000e+02 	 6.000000e+02 	 2.000000e+00
12 	 172 	 Ex 	 1 	 1.775847e+00 	 8.400000e+02 	 6.000000e+02 	 2.000000e+00
12 	 173 	 Ex 	 1 	 0.000000e+00 	 1.080000e+03 	 6.000000e+02 	 2.000000e+00
12 	 174 	 Ex 	 1 	 0.000000e+00 	 1.320000e+03 	 6.000000e+02 	 2.000000e+00
12 	 175 	 Ex 	 1 	 0.000000e+00 	 1.560000e+03 	 6.000000e+02 	 2.000000e+00
12 	 176 	 Ex 	 1 	 0.000000e+00 	 1.800000e+03 	 6.000000e+02 	 2.000000e+00
12 	 177 	 Ex 	 1 	 4.256945e+00 	 -1.800000e+03 	 8.400000e+02 	 2.000000e+00
12 	 178 	 Ex 	 1 	 3.655053e+00 	 -1.560000e+03 	 8.400000e+02 	 2.000000e+00
12 	 179 	 Ex 	 1 	 4.883177e+00 	 -1.320000e+03 	 8.400000e+02 	 2.000000e+00
12 	 180 	 Ex 	 1 	 3.879259e+00 	 -1.080000e+03 	 8.400000e+02 	 2.000000e+00
12 	 181 	 Ex 	 1 	 1.921982e+00 	 -8.400000e+02 	 8.400000e+02 	 2.000000e+00
12 	 182 	 Ex 	 1 	 3.278658e+00 	 -6.000000e+02 	 8.400000e+02 	 2.000000e+00
12 	 183 	 Ex 	 1 	 4.336171e+00 	 -3.600000e+02 	 8.400000e+02 	 2.000000e+00
12 	 184 	 Ex 	 1 	 9.547741e+00 	 -1.200000e+02 	 8.400000e+02 	 2.000000e+00
12 	 185 	 Ex 	 1 	 8.230699e+00 	 1.200000e+02 	 8.400000e+02 	 2.000000e+00
12 	 186 	 Ex 	 1 	 6.498022e+00 	 3.600000e+02 	 8.400000e+02 	 2.000000e+00
12 	 187 	 Ex 	 1 	 3.119337e+00 	 6.000000e+02 	 8.400000e+02 	 2.000000e+00
12 	 188 	 Ex 	 1 	 2.672935e-01 	 8.400000e+02 	 8.400000e+02 	 2.000000e+00
12 	 189 	 Ex 	 1 	 8.517724e-01 	 1.080000e+03 	 8.400000e+02 	 2.000000e+00
12 	 190 	 Ex 	 1 	 0.000000e+00 	 1.320000e+03 	 8.400000e+02 	 2.000000e+00
12 	 191 	 Ex 	 1 	 0.000000e+00 	 1.560000e+03 	 8.400000e+02 	 2.000000e+00
12 	 192 	 Ex 	 1 	 0.000000e+00 	 1.800000e+03 	 8.400000e+02 	 2.000000e+00
12 	 193 	 Ex 	 1 	 1.080637e+00 	 -1.800000e+03 	 1.080000e+03 	 2.000000e+00
12 	 194 	 Ex 	 1 	 1.765533e+00 	 -1.560000e+03 	 1.080000e+03 	 2.000000e+00
12 	 195 	 Ex 	 1 	 3.226859e+00 	 -1.320000e+03 	 1.080000e+03 	 2.000000e+00
12 	 196 	 Ex 	 1 	 2.325952e+00 	 -1.080000e+03 	 1.080000e+03 	 2.000000e+00
12 	 197 	 Ex 	 1 	 1.424740e+00 	 -8.400000e+02 	 1.080000e+03 	 2.000000e+00
12 	 198 	 Ex 	 1 	 1.410607e+00 	 -6.000000e+02 	 1.080000e+03 	 2.000000e+00
12 	 199 	 Ex 	 1 	 4.617828e+00 	 -3.600000e+02 	 1.080000e+03 	 2.000000e+00
12 	 200 	 Ex 	 1 	 7.826566e+00 	 -1.200000e+02 	 1.080000e+03 	 2.000000e+00
12 	 201 	 Ex 	 1 	 7.720943e+00 	 1.200000e+02 	 1.080000e+03 	 2.000000e+00
12 	 202 	 Ex 	 1 	 4.749779e+00 	 3.600000e+02 	 1.080000e+03 	 2.000000e+00
12 	 203 	 Ex 	 1 	 3.541462e+00 	 6.000000e+02 	 1.080000e+03 	 2.000000e+00
12 	 204 	 Ex 	 1 	 2.012666e+00 	 8.400000e+02 	 1.080000e+03 	 2.000000e+00
12 	 205 	 Ex 	 1 	 1.481761e+00 	 1.080000e+03 	 1.080000e+03 	 2.000000e+00
12 	 206 	 Ex 	 1 	 6.286048e-01 	 1.320000e+03 	 1.080000e+03 	 2.000000e+00
12 	 207 	 Ex 	 1 	 0.000000e+00 	 1.560000e+03 	 1.080000e+03 	 2.000000e+00
12 	 208 	 Ex 	 1 	 0.000000e+00 	 1.800000e+03 	 1.080000e+03 	 2.000000e+00
12 	 209 	 Ex 	 1 	 8.364577e-01 	 -1.800000e+03 	 1.320000e+03 	 2.000000e+00
12 	 210 	 Ex 	 1 	 2.617087e+00 	 -1.560000e+03 	 1.320000e+03 	 2.000000e+00
12 	 211 	 Ex 	 1 	 1.966064e+00 	 -1.320000e+03 	 1.320000e+03 	 2.000000e+00
12 	 212 	 Ex 	 1 	 2.421768e+00 	 -1.080000e+03 	 1.320000e+03 	 2.000000e+00
12 	 213 	 Ex 	 1 	 1.841346e+00 	 -8.400000e+02 	 1.320000e+03 	 2.000000e+00
12 	 214 	 Ex 	 1 	 2.400344e+00 	 -6.000000e+02 	 1.320000e+03 	 2.000000e+00
12 	 215 	 Ex 	 1 	 3.499385e+00 	 -3.600000e+02 	 1.320000e+03 	 2.000000e+00
12 	 216 	 Ex 	 1 	 4.688511e+00 	 -1.200000e+02 	 1.320000e+03 	 2.000000e+00
12 	 217 	 Ex 	 1 	 5.024015e+00 	 1.200000e+02 	 1.320000e+03 	 2.000000e+00
12 	 218 	 Ex 	 1 	 3.000756e+00 	 3.600000e+02 	 1.320000e+03 	 2.000000e+00
12 	 219 	 Ex 	 1 	 8.821198e-01 	 6.000000e+02 	 1.320000e+03 	 2.000000e+00
12 	 220 	 Ex 	 1 	 1.378374e+00 	 8.400000e+02 	 1.320000e+03 	 2.000000e+00
12 	 221 	 Ex 	 1 	 1.209944e+00 	 1.080000e+03 	 1.320000e+03 	 2.000000e+00
12 	 222 	 Ex 	 1 	 1.074351e+00 	 1.320000e+03 	 1.320000e+03 	 2.000000e+00
12 	 223 	 Ex 	 1 	 6.571526e-01 	 1.560000e+03 	 1.320000e+03 	 2.000000e+00
12 	 224 	 Ex 	 1 	 1.122764e+00 	 1.800000e+03 	 1.320000e+03 	 2.000000e+00
12 	 225 	 Ex 	 1 	 9.425692e-01 	 -1.800000e+03 	 1.560000e+03 	 2.000000e+00
12 	 226 	 Ex 	 1 	 9.908371e-01 	 -1.560000e+03 	 1.560000e+03 	 2.000000e+00
12 	 227 	 Ex 	 1 	 1.068025e+00 	 -1.320000e+03 	 1.560000e+03 	 2.000000e+00
12 	 228 	 Ex 	 1 	 7.354956e-01 	 -1.080000e+03 	 1.560000e+03 	 2.000000e+00
12 	 229 	 Ex 	 1 	 1.805853e+00 	 -8.400000e+02 	 1.560000e+03 	 2.000000e+00
12 	 230 	 Ex 	 1 	 8.849241e-01 	 -6.000000e+02 	 1.560000e+03 	 2.000000e+00
12 	 231 	 Ex 	 1 	 3.199110e+00 	 -3.600000e+02 	 1.560000e+03 	 2.000000e+00
12 	 232 	 Ex 	 1 	 3.354807e+00 	 -1.200000e+02 	 1.560000e+03 	 2.000000e+00
12 	 233 	 Ex 	 1 	 3.192848e+00 	 1.200000e+02 	 1.560000e+03 	 2.000000e+00
12 	 234 	 Ex 	 1 	 2.832407e+00 	 3.600000e+02 	 1.560000e+03 	 2.000000e+00
12 	 235 	 Ex 	 1 	 2.533947e+00 	 6.000000e+02 	 1.560000e+03 	 2.000000e+00
12 	 236 	 Ex 	 1 	 1.152998e+00 	 8.400000e+02 	 1.560000e+03 	 2.000000e+00
12 	 237 	 Ex 	 1 	 8.539193e-01 	 1.080000e+03 	 1.560000e+03 	 2.000000e+00
12 	 238 	 Ex 	 1 	 7.152530e-01 	 1.320000e+03 	 1.560000e+03 	 2.000000e+00
12 	 239 	 Ex 	 1 	 7.800240e-01 	 1.560000e+03 	 1.560000e+03 	 2.000000e+00
12 	 240 	 Ex 	 1 	 5.324410e-01 	 1.800000e+03 	 1.560000e+03 	 2.000000e+00
12 	 241 	 Ex 	 1 	 5.550143e-01 	 -1.800000e+03 	 1.800000e+03 	 2.000000e+00
12 	 242 	 Ex 	 1 	 2.155443e+00 	 -1.560000e+03 	 1.800000e+03 	 2.000000e+00
12 	 243 	 Ex 	 1 	 3.737007e+00 	 -1.320000e+03 	 1.800000e+03 	 2.000000e+00
12 	 244 	 Ex 	 1 	 2.958863e+00 	 -1.080000e+03 	 1.800000e+03 	 2.000000e+00
12 	 245 	 Ex 	 1 	 2.491663e+00 	 -8.400000e+02 	 1.800000e+03 	 2.000000e+00
12 	 246 	 Ex 	 1 	 2.813401e+00 	 -6.000000e+02 	 1.800000e+03 	 2.000000e+00
12 	 247 	 Ex 	 1 	 3.234171e+00 	 -3.600000e+02 	 1.800000e+03 	 2.000000e+00
12 	 248 	 Ex 	 1 	 1.546919e+00 	 -1.200000e+02 	 1.800000e+03 	 2.000000e+00
12 	 249 	 Ex 	 1 	 3.127498e+00 	 1.200000e+02 	 1.800000e+03 	 2.000000e+00
12 	 250 	 Ex 	 1 	 2.582686e+00 	 3.600000e+02 	 1.800000e+03 	 2.000000e+00
12 	 251 	 Ex 	 1 	 1.377629e+00 	 6.000000e+02 	 1.800000e+03 	 2.000000e+00
12 	 252 	 Ex 	 1 	 7.736778e-01 	 8.400000e+02 	 1.800000e+03 	 2.000000e+00
12 	 253 	 Ex 	 1 	 1.760224e+00 	 1.080000e+03 	 1.800000e+03 	 2.000000e+00
12 	 254 	 Ex 	 1 	 1.931587e+00 	 1.320000e+03 	 1.800000e+03 	 2.000000e+00
12 	 255 	 Ex 	 1 	 1.322595e+00 	 1.560000e+03 	 1.800000e+03 	 2.000000e+00
12 	 256 	 Ex 	 1 	 4.091562e-01 	 1.800000e+03 	 1.800000e+03 	 2.000000e+00
12 	 1 	 Ex 	 2 	 3.805664e+00 	 -1.800000e+03 	 -1.800000e+03 	 2.000000e+00
12 	 2 	 Ex 	 2 	 2.340321e+00 	 -1.560000e+03 	 -1.800000e+03 	 2.000000e+00
12 	 3 	 Ex 	 2 	 2.987015e+00 	 -1.320000e+03 	 -1.800000e+03 	 2.000000e+00
12 	 4 	 Ex 	 2 	 3.074144e+00 	 -1.080000e+03 	 -1.800000e+03 	 2.000000e+00
12 	 5 	 Ex 	 2 	 3.096295e+00 	 -8.400000e+02 	 -1.800000e+03 	 2.000000e+00
12 	 6 	 Ex 	 2 	 1.949304e+00 	 -6.000000e+02 	 -1.800000e+03 	 2.000000e+00
12 	 7 	 Ex 	 2 	 1.909625e+00 	 -3.600000e+02 	 -1.800000e+03 	 2.000000e+00
12 	 8 	 Ex 	 2 	 1.549238e+00 	 -1.200000e+02 	 -1.800000e+03 	 2.000000e+00
12 	 9 	 Ex 	 2 	 2.889672e+00 	 1.200000e+02 	 -1.800000e+03 	 2.000000e+00
12 	 10 	 Ex 	 2 	 1.153470e+00 	 3.600000e+02 	 -1.800000e+03 	 2.000000e+00
12 	 11 	 Ex 	 2 	 1.329314e+00 	 6.000000e+02 	 -1.800000e+03 	 2.000000e+00
12 	 12 	 Ex 	 2 	 9.932079e-01 	 8.400000e+02 	 -1.800000e+03 	 2.000000e+00
12 	 13 	 Ex 	 2 	 6.562858e-01 	 1.080000e+03 	 -1.800000e+03 	 2.000000e+00
12 	 14 	 Ex 	 2 	 4.439244e-01 	 1.320000e+03 	 -1.800000e+03 	 2.000000e+00
12 	 15 	 Ex 	 2 	 1.332260e+00 	 1.560000e+03 	 -1.800000e+03 	 2.000000e+00
12 	 16 	 Ex 	 2 	 2.089078e+00 	 1.800000e+03 	 -1.800000e+03 	 2.000000e+00
12 	 17 	 Ex 	 2 	 3.683440e+00 	 -1.800000e+03 	 -1.560000e+03 	 2.000000e+00
12 	 18 	 Ex 	 2 	 3.332772e+00 	 -1.560000e+03 	 -1.560000e+03 	 2.000000e+00
12 	 19 	 Ex 	 2 	 2.724673e+00 	 -1.320000e+03 	 -1.560000e+03 	 2.000000e+00
12 	 20 	 Ex 	 2 	 3.865537e+00 	 -1.080000e+03 	 -1.560000e+03 	 2.000000e+00
12 	 21 	 Ex 	 2 	 1.405270e+00 	 -8.400000e+02 	 -1.560000e+03 	 2.000000e+00
12 	 22 	 Ex 	 2 	 2.289916e+00 	 -6.000000e+02 	 -1.560000e+03 	 2.000000e+00
12 	 23 	 Ex 	 2 	 1.494809e+00 	 -3.600000e+02 	 -1.560000e+03 	 2.000000e+00
12 	 24 	 Ex 	 2 	 1.797448e+00 	 -1.200000e+02 	 -1.560000e+03 	 2.000000e+00
12 	 25 	 Ex 	 2 	 2.166671e+00 	 1.200000e+02 	 -1.560000e+03 	 2.000000e+00
12 	 26 	 Ex 	 2 	 2.144638e+00 	 3.600000e+02 	 -1.560000e+03 	 2.000000e+00
12 	 27 	 Ex 	 2 	 2.406225e+00 	 6.000000e+02 	 -1.560000e+03 	 2.000000e+00
12 	 28 	 Ex 	 2 	 6.049858e-01 	 8.400000e+02 	 -1.560000e+03 	 2.000000e+00
12 	 29 	 Ex 	 2 	 1.459623e+00 	 1.080000e+03 	 -1.560000e+03 	 2.000000e+00
12 	 30 	 Ex 	 2 	 5.394055e-01 	 1.320000e+03 	 -1.560000e+03 	 2.000000e+00
12 	 31 	 Ex 	 2 	 1.850476e+00 	 1.560000e+03 	 -1.560000e+03 	 2.000000e+00
12 	 32 	 Ex 	 2 	 8.122820e-01 	 1.800000e+03 	 -1.560000e+03 	 2.000000e+00
12 	 33 	 Ex 	 2 	 3.455100e+00 	 -1.800000e+03 	 -1.320000e+03 	 2.000000e+00
12 	 34 	 Ex 	 2 	 3.844266e+00 	 -1.560000e+03 	 -1.320000e+03 	 2.000000e+00
12 	 35 	 Ex 	 2 	 4.074837e+00 	 -1.320000e+03 	 -1.320000e+03 	 2.000000e+00
12 	 36 	 Ex 	 2 	 3.165565e+00 	 -1.080000e+03 	 -1.320000e+03 	 2.000000e+00
12 	 37 	 Ex 	 2 	 2.477589e+00 	 -8.400000e+02 	 -1.320000e+03 	 2.000000e+00
12 	 38 	 Ex 	 2 	 2.389217e+00 	 -6.000000e+02 	 -1.320000e+03 	 2.000000e+00
12 	 39 	 Ex 	 2 	 2.142169e+00 	 -3.600000e+02 	 -1.320000e+03 	 2.000000e+00
12 	 40 	 Ex 	 2 	 4.661841e-01 	 -1.200000e+02 	 -1.320000e+03 	 2.000000e+00
12 	 41 	 Ex 	 2 	 3.214944e+00 	 1.200000e+02 	 -1.320000e+03 	 2.000000e+00
12 	 42 	 Ex 	 2 	 2.115437e+00 	 3.600000e+02 	 -1.320000e+03 	 2.000000e+00
12 	 43 	 Ex 	 2 	 1.173059e+00 	 6.000000e+02 	 -1.320000e+03 	 2.000000e+00
12 	 44 	 Ex 	 2 	 1.458162e+00 	 8.400000e+02 	 -1.320000e+03 	 2.000000e+00
12 	 45 	 Ex 	 2 	 5.112051e-01 	 1.080000e+03 	 -1.320000e+03 	 2.000000e+00
12 	 46 	 Ex 	 2 	 2.833055e-01 	 1.320000e+03 	 -1.320000e+03 	 2.000000e+00
12 	 47 	 Ex 	 2 	 5.835413e-01 	 1.560000e+03 	 -1.320000e+03 	 2.000000e+00
12 	 48 	 Ex 	 2 	 6.619207e-01 	 1.800000e+03 	 -1.320000e+03 	 2.000000e+00
12 	 49 	 Ex 	 2 	 3.610018e+00 	 -1.800000e+03 	 -1.080000e+03 	 2.000000e+00
12 	 50 	 Ex 	 2 	 4.138391e+00 	 -1.560000e+03 	 -1.080000e+03 	 2.000000e+00
12 	 51 	 Ex 	 2 	 4.916709e+00 	 -1.320000e+03 	 -1.080000e+03 	 2.000000e+00
12 	 52 	 Ex 	 2 	 3.950998e+00 	 -1.080000e+03 	 -1.080000e+03 	 2.000000e+00
12 	 53 	 Ex 	 2 	 3.976848e+00 	 -8.400000e+02 	 -1.080000e+03 	 2.000000e+00
12 	 54 	 Ex 	 2 	 4.754490e+00 	 -6.000000e+02 	 -1.080000e+03 	 2.000000e+00
12 	 55 	 Ex 	 2 	 4.980241e+00 	 -3.600000e+02 	 -1.080000e+03 	 2.000000e+00
12 	 56 	 Ex 	 2 	 6.290770e+00 	 -1.200000e+02 	 -1.080000e+03 	 2.000000e+00
12 	 57 	 Ex 	 2 	 5.280139e+00 	 1.200000e+02 	 -1.080000e+03 	 2.000000e+00
12 	 58 	 Ex 	 2 	 3.654885e+00 	 3.600000e+02 	 -1.080000e+03 	 2.000000e+00
12 	 59 	 Ex 	 2 	 2.493556e+00 	 6.000000e+02 	 -1.080000e+03 	 2.000000e+00
12 	 60 	 Ex 	 2 	 1.623961e+00 	 8.400000e+02 	 -1.080000e+03 	 2.000000e+00
12 	 61 	 Ex 	 2 	 1.557309e+00 	 1.080000e+03 	 -1.080000e+03 	 2.000000e+00
12 	 62 	 Ex 	 2 	 4.064249e-01 	 1.320000e+03 	 -1.080000e+03 	 2.000000e+00
12 	 63 	 Ex 	 2 	 4.667444e-01 	 1.560000e+03 	 -1.080000e+03 	 2.000000e+00
12 	 64 	 Ex 	 2 	 1.581468e+00 	 1.800000e+03 	 -1.080000e+03 	 2.000000e+00
12 	 65 	 Ex 	 2 	 3.865368e+00 	 -1.800000e+03 	 -8.400000e+02 	 2.000000e+00
12 	 66 	 Ex 	 2 	 3.685870e+00 	 -1.560000e+03 	 -8.400000e+02 	 2.000000e+00
12 	 67 	 Ex 	 2 	 4.646730e+00 	 -1.320000e+03 	 -8.400000e+02 	 2.000000e+00
12 	 68 	 Ex 	 2 	 3.654118e+00 	 -1.080000e+03 	 -8.400000e+02 	 2.000000e+00
12 	 69 	 Ex 	 2 	 4.015232e+00 	 -8.400000e+02 	 -8.400000e+02 	 2.000000e+00
12 	 70 	 Ex 	 2 	 4.463555e+00 	 -6.000000e+02 	 -8.400000e+02 	 2.000000e+00
12 	 71 	 Ex 	 2 	 7.190342e+00 	 -3.600000e+02 	 -8.400000e+02 	 2.000000e+00
12 	 72 	 Ex 	 2 	 8.924947e+00 	 -1.200000e+02 	 -8.400000e+02 	 2.000000e+00
12 	 73 	 Ex 	 2 	 8.985966e+00 	 1.200000e+02 	 -8.400000e+02 	 2.000000e+00
12 	 74 	 Ex 	 2 	 6.098638e+00 	 3.600000e+02 	 -8.400000e+02 	 2.000000e+00
12 	 75 	 Ex 	 2 	 2.711514e+00 	 6.000000e+02 	 -8.400000e+02 	 2.000000e+00
12 	 76 	 Ex 	 2 	 1.363460e+00 	 8.400000e+02 	 -8.400000e+02 	 2.000000e+00
12 	 77 	 Ex 	 2 	 1.809979e+00 	 1.080000e+03 	 -8.400000e+02 	 2.000000e+00
12 	 78 	 Ex 	 2 	 2.401214e+00 	 1.320000e+03 	 -8.400000e+02 	 2.000000e+00
12 	 79 	 Ex 	 2 	 1.569347e+00 	 1.560000e+03 	 -8.400000e+02 	 2.000000e+00
12 	 80 	 Ex 	 2 	 3.640681e-01 	 1.800000e+03 	 -8.400000e+02 	 2.000000e+00
12 	 81 	 Ex 	 2 	 3.095849e+00 	 -1.800000e+03 	 -6.000000e+02 	 2.000000e+00
12 	 82 	 Ex 	 2 	 3.443999e+00 	 -1.560000e+03 	 -6.000000e+02 	 2.000000e+00
12 	 83 	 Ex 	 2 	 1.069697e+00 	 -1.320000e+03 	 -6.000000e+02 	 2.000000e+00
12 	 84 	 Ex 	 2 	 1.708940e+00 	 -1.080000e+03 	 -6.000000e+02 	 2.000000e+00
12 	 85 	 Ex 	 2 	 2.503170e+00 	 -8.400000e+02 	 -6.000000e+02 	 2.000000e+00
12 	 86 	 Ex 	 2 	 4.487229e+00 	 -6.000000e+02 	 -6.000000e+02 	 2.000000e+00
12 	 87 	 Ex 	 2 	 9.506626e+00 	 -3.600000e+02 	 -6.000000e+02 	 2.000000e+00
12 	 88 	 Ex 	 2 	 1.299749e+01 	 -1.200000e+02 	 -6.000000e+02 	 2.000000e+00
12 	 89 	 Ex 	 2 	 1.075425e+01 	 1.200000e+02 	 -6.000000e+02 	 2.000000e+00
12 	 90 	 Ex 	 2 	 5.758102e+00 	 3.600000e+02 	 -6.000000e+02 	 2.000000e+00
12 	 91 	 Ex 	 2 	 5.591139e-01 	 6.000000e+02 	 -6.000000e+02 	 2.000000e+00
12 	 92 	 Ex 	 2 	 1.691031e+00 	 8.400000e+02 	 -6.000000e+02 	 2.000000e+00
12 	 93 	 Ex 	 2 	 2.926679e+00 	 1.080000e+03 	 -6.000000e+02 	 2.000000e+00
12 	 94 	 Ex 	 2 	 2.024704e+00 	 1.320000e+03 	 -6.000000e+02 	 2.000000e+00
12 	 95 	 Ex 	 2 	 1.377632e+00 	 1.560000e+03 	 -6.000000e+02 	 2.000000e+00
12 	 96 	 Ex 	 2 	 1.355406e+00 	 1.800000e+03 	 -6.000000e+02 	 2.000000e+00
12 	 97 	 Ex 	 2 	 2.146732e+00 	 -1.800000e+03 	 -3.600000e+02 	 2.000000e+00
12 	 98 	 Ex 	 2 	 8.806957e-01 	 -1.560000e+03 	 -3.600000e+02 	 2.000000e+00
12 	 99 	 Ex 	 2 	 4.878378e-01 	 -1.320000e+03 	 -3.600000e+02 	 2.000000e+00
12 	 100 	 Ex 	 2 	 1.467135e+00 	 -1.080000e+03 	 -3.600000e+02 	 2.000000e+00
12 	 101 	 Ex 	 2 	 2.503360e+00 	 -8.400000e+02 	 -3.600000e+02 	 2.000000e+00
12 	 102 	 Ex 	 2 	 5.057437e+00 	 -6.000000e+02 	 -3.600000e+02 	 2.000000e+00
12 	 103 	 Ex 	 2 	 9.921979e+00 	 -3.600000e+02 	 -3.600000e+02 	 2.000000e+00
12 	 104 	 Ex 	 2 	 1.246836e+01 	 -1.200000e+02 	 -3.600000e+02 	 2.000000e+00
12 	 105 	 Ex 	 2 	 1.161648e+01 	 1.200000e+02 	 -3.600000e+02 	 2.000000e+00
12 	 106 	 Ex 	 2 	 7.698107e+00 	 3.600000e+02 	 -3.600000e+02 	 2.000000e+00
12 	 107 	 Ex 	 2 	 2.469045e+00 	 6.000000e+02 	 -3.600000e+02 	 2.000000e+00
12 	 108 	 Ex 	 2 	 2.109966e+00 	 8.400000e+02 	 -3.600000e+02 	 2.000000e+00
12 	 109 	 Ex 	 2 	 2.750059e+00 	 1.080000e+03 	 -3.600000e+02 	 2.000000e+00
12 	 110 	 Ex 	 2 	 2.058333e-01 	 1.320000e+03 	 -3.600000e+02 	 2.000000e+00
12 	 111 	 Ex 	 2 	 1.358755e+00 	 1.560000e+03 	 -3.600000e+02 	 2.000000e+00
12 	 112 	 Ex 	 2 	 5.937823e-01 	 1.800000e+03 	 -3.600000e+02 	 2.000000e+00
12 	 113 	 Ex 	 2 	 3.201523e-01 	 -1.800000e+03 	 -1.200000e+02 	 2.000000e+00
12 	 114 	 Ex 	 2 	 1.405054e+00 	 -1.560000e+03 	 -1.200000e+02 	 2.000000e+00
12 	 115 	 Ex 	 2 	 2.122256e+00 	 -1.320000e+03 	 -1.200000e+02 	 2.000000e+00
12 	 116 	 Ex 	 2 	 6.358333e+00 	 -1.080000e+03 	 -1.200000e+02 	 2.000000e+00
12 	 117 	 Ex 	 2 	 1.954087e+00 	 -8.400000e+02 	 -1.200000e+02 	 2.000000e+00
12 	 118 	 Ex 	 2 	 4.816343e+00 	 -6.000000e+02 	 -1.200000e+02 	 2.000000e+00
12 	 119 	 Ex 	 2 	 1.005235e+01 	 -3.600000e+02 	 -1.200000e+02 	 2.000000e+00
12 	 120 	 Ex 	 2 	 1.277310e+01 	 -1.200000e+02 	 -1.200000e+02 	 2.000000e+00
12 	 121 	 Ex 	 2 	 1.090979e+01 	 1.200000e+02 	 -1.200000e+02 	 2.000000e+00
12 	 122 	 Ex 	 2 	 8.379254e+00 	 3.600000e+02 	 -1.200000e+02 	 2.000000e+00
12 	 123 	 Ex 	 2 	 2.448905e+00 	 6.000000e+02 	 -1.200000e+02 	 2.000000e+00
12 	 124 	 Ex 	 2 	 2.552161e+00 	 8.400000e+02 	 -1.200000e+02 	 2.000000e+00
12 	 125 	 Ex 	 2 	 2.290288e+00 	 1.080000e+03 	 -1.200000e+02 	 2.000000e+00
12 	 126 	 Ex 	 2 	 1.700451e+00 	 1.320000e+03 	 -1.200000e+02 	 2.000000e+00
12 	 127 	 Ex 	 2 	 7.520199e-01 	 1.560000e+03 	 -1.200000e+02 	 2.000000e+00
12 	 128 	 Ex 	 2 	 6.279895e-01 	 1.800000e+03 	 -1.200000e+02 	 2.000000e+00
12 	 129 	 Ex 	 2 	 1.273632e+00 	 -1.800000e+03 	 1.200000e+02 	 2.000000e+00
12 	 130 	 Ex 	 2 	 2.410433e+00 	 -1.560000e+03 	 1.200000e+02 	 2.000000e+00
12 	 131 	 Ex 	 2 	 3.890607e+00 	 -1.320000e+03 	 1.200000e+02 	 2.000000e+00
12 	 132 	 Ex 	 2 	 6.317819e+00 	 -1.080000e+03 	 1.200000e+02 	 2.000000e+00
12 	 133 	 Ex 	 2 	 3.728078e+00 	 -8.400000e+02 	 1.200000e+02 	 2.000000e+00
12 	 134 	 Ex 	 2 	 4.086273e+00 	 -6.000000e+02 	 1.200000e+02 	 2.000000e+00
12 	 135 	 Ex 	 2 	 1.011495e+01 	 -3.600000e+02 	 1.200000e+02 	 2.000000e+00
12 	 136 	 Ex 	 2 	 1.413926e+01 	 -1.200000e+02 	 1.200000e+02 	 2.000000e+00
12 	 137 	 Ex 	 2 	 1.287254e+01 	 1.200000e+02 	 1.200000e+02 	 2.000000e+00
12 	 138 	 Ex 	 2 	 8.339536e+00 	 3.600000e+02 	 1.200000e+02 	 2.000000e+00
12 	 139 	 Ex 	 2 	 3.169059e+00 	 6.000000e+02 	 1.200000e+02 	 2.000000e+00
12 	 140 	 Ex 	 2 	 1.552714e+00 	 8.400000e+02 	 1.200000e+02 	 2.000000e+00
12 	 141 	 Ex 	 2 	 1.011361e+00 	 1.080000e+03 	 1.200000e+02 	 2.000000e+00
12 	 142 	 Ex 	 2 	 0.000000e+00 	 1.320000e+03 	 1.200000e+02 	 2.000000e+00
12 	 143 	 Ex 	 2 	 0.000000e+00 	 1.560000e+03 	 1.200000e+02 	 2.000000e+00
12 	 144 	 Ex 	 2 	 0.000000e+00 	 1.800000e+03 	 1.200000e+02 	 2.000000e+00
12 	 145 	 Ex 	 2 	 1.351594e+00 	 -1.800000e+03 	 3.600000e+02 	 2.000000e+00
12 	 146 	 Ex 	 2 	 2.675921e+00 	 -1.560000e+03 	 3.600000e+02 	 2.000000e+00
12 	 147 	 Ex 	 2 	 3.012478e+00 	 -1.320000e+03 	 3.600000e+02 	 2.000000e+00
12 	 148 	 Ex 	 2 	 5.944395e+00 	 -1.080000e+03 	 3.600000e+02 	 2.000000e+00
12 	 149 	 Ex 	 2 	 4.698437e+00 	 -8.400000e+02 	 3.600000e+02 	 2.000000e+00
12 	 150 	 Ex 	 2 	 3.563609e+00 	 -6.000000e+02 	 3.600000e+02 	 2.000000e+00
12 	 151 	 Ex 	 2 	 9.491289e+00 	 -3.600000e+02 	 3.600000e+02 	 2.000000e+00
12 	 152 	 Ex 	 2 	 1.155088e+01 	 -1.200000e+02 	 3.600000e+02 	 2.000000e+00
12 	 153 	 Ex 	 2 	 1.198622e+01 	 1.200000e+02 	 3.600000e+02 	 2.000000e+00
12 	 154 	 Ex 	 2 	 8.343117e+00 	 3.600000e+02 	 3.600000e+02 	 2.000000e+00
12 	 155 	 Ex 	 2 	 2.616924e+00 	 6.000000e+02 	 3.600000e+02 	 2.000000e+00
12 	 156 	 Ex 	 2 	 1.024660e-01 	 8.400000e+02 	 3.600000e+02 	 2.000000e+00
12 	 157 	 Ex 	 2 	 0.000000e+00 	 1.080000e+03 	 3.600000e+02 	 2.000000e+00
12 	 158 	 Ex 	 2 	 0.000000e+00 	 1.320000e+03 	 3.600000e+02 	 2.000000e+00
12 	 159 	 Ex 	 2 	 0.000000e+00 	 1.560000e+03 	 3.600000e+02 	 2.000000e+00
12 	 160 	 Ex 	 2 	 0.000000e+00 	 1.800000e+03 	 3.600000e+02 	 2.000000e+00
12 	 161 	 Ex 	 2 	 1.140717e+00 	 -1.800000e+03 	 6.000000e+02 	 2.000000e+00
12 	 162 	 Ex 	 2 	 2.058300e+00 	 -1.560000e+03 	 6.000000e+02 	 2.000000e+00
12 	 163 	 Ex 	 2 	 3.127265e+00 	 -1.320000e+03 	 6.000000e+02 	 2.000000e+00
12 	 164 	 Ex 	 2 	 4.966209e+00 	 -1.080000e+03 	 6.000000e+02 	 2.000000e+00
12 	 165 	 Ex 	 2 	 4.584083e+00 	 -8.400000e+02 	 6.000000e+02 	 2.000000e+00
12 	 166 	 Ex 	 2 	 1.968466e+00 	 -6.000000e+02 	 6.000000e+02 	 2.000000e+00
12 	 167 	 Ex 	 2 	 8.066180e+00 	 -3.600000e+02 	 6.000000e+02 	 2.000000e+00
12 	 168 	 Ex 	 2 	 1.212489e+01 	 -1.200000e+02 	 6.000000e+02 	 2.000000e+00
12 	 169 	 Ex 	 2 	 1.028347e+01 	 1.200000e+02 	 6.000000e+02 	 2.000000e+00
12 	 170 	 Ex 	 2 	 6.569142e+00 	 3.600000e+02 	 6.000000e+02 	 2.000000e+00
12 	 171 	 Ex 	 2 	 2.046301e+00 	 6.000000e+02 	 6.000000e+02 	 2.000000e+00
12 	 172 	 Ex 	 2 	 1.472958e+00 	 8.400000e+02 	 6.000000e+02 	 2.000000e+00
12 	 173 	 Ex 	 2 	 0.000000e+00 	 1.080000e+03 	 6.000000e+02 	 2.000000e+00
12 	 174 	 Ex 	 2 	 0.000000e+00 	 1.320000e+03 	 6.000000e+02 	 2.000000e+00
12 	 175 	 Ex 	 2 	 0.000000e+00 	 1.560000e+03 	 6.000000e+02 	 2.000000e+00
12 	 176 	 Ex 	 2 	 0.000000e+00 	 1.800000e+03 	 6.000000e+02 	 2.000000e+00
12 	 177 	 Ex 	 2 	 1.016947e+00 	 -1.800000e+03 	 8.400000e+02 	 2.000000e+00
12 	 178 	 Ex 	 2 	 2.623301e+00 	 -1.560000e+03 	 8.400000e+02 	 2.000000e+00
12 	 179 	 Ex 	 2 	 1.136951e+00 	 -1.320000e+03 	 8.400000e+02 	 2.000000e+00
12 	 180 	 Ex 	 2 	 3.169718e+00 	 -1.080000e+03 	 8.400000e+02 	 2.000000e+00
12 	 181 	 Ex 	 2 	 2.068870e+00 	 -8.400000e+02 	 8.400000e+02 	 2.000000e+00
12 	 182 	 Ex 	 2 	 2.528399e+00 	 -6.000000e+02 	 8.400000e+02 	 2.000000e+00
12 	 183 	 Ex 	 2 	 7.230577e+00 	 -3.600000e+02 	 8.400000e+02 	 2.000000e+00
12 	 184 	 Ex 	 2 	 9.721786e+00 	 -1.200000e+02 	 8.400000e+02 	 2.000000e+00
12 	 185 	 Ex 	 2 	 8.449844e+00 	 1.200000e+02 	 8.400000e+02 	 2.000000e+00
12 	 186 	 Ex 	 2 	 5.870044e+00 	 3.600000e+02 	 8.400000e+02 	 2.000000e+00
12 	 187 	 Ex 	 2 	 2.937210e+00 	 6.000000e+02 	 8.400000e+02 	 2.000000e+00
12 	 188 	 Ex 	 2 	 1.256984e-01 	 8.400000e+02 	 8.400000e+02 	 2.000000e+00
12 	 189 	 Ex 	 2 	 1.971726e+00 	 1.080000e+03 	 8.400000e+02 	 2.000000e+00
12 	 190 	 Ex 	 2 	 0.000000e+00 	 1.320000e+03 	 8.400000e+02 	 2.000000e+00
12 	 191 	 Ex 	 2 	 0.000000e+00 	 1.560000e+03 	 8.400000e+02 	 2.000000e+00
12 	 192 	 Ex 	 2 	 0.000000e+00 	 1.800000e+03 	 8.400000e+02 	 2.000000e+00
12 	 193 	 Ex 	 2 	 1.223813e+00 	 -1.800000e+03 	 1.080000e+03 	 2.000000e+00
12 	 194 	 Ex 	 2 	 7.341554e-01 	 -1.560000e+03 	 1.080000e+03 	 2.000000e+00
12 	 195 	 Ex 	 2 	 1.779476e+00 	 -1.320000e+03 	 1.080000e+03 	 2.000000e+00
12 	 196 	 Ex 	 2 	 1.980083e+00 	 -1.080000e+03 	 1.080000e+03 	 2.000000e+00
12 	 197 	 Ex 	 2 	 2.786330e+00 	 -8.400000e+02 	 1.080000e+03 	 2.000000e+00
12 	 198 	 Ex 	 2 	 1.804321e+00 	 -6.000000e+02 	 1.080000e+03 	 2.000000e+00
12 	 199 	 Ex 	 2 	 5.379693e+00 	 -3.600000e+02 	 1.080000e+03 	 2.000000e+00
12 	 200 	 Ex 	 2 	 8.417002e+00 	 -1.200000e+02 	 1.080000e+03 	 2.000000e+00
12 	 201 	 Ex 	 2 	 7.693450e+00 	 1.200000e+02 	 1.080000e+03 	 2.000000e+00
12 	 202 	 Ex 	 2 	 5.475547e+00 	 3.600000e+02 	 1.080000e+03 	 2.000000e+00
12 	 203 	 Ex 	 2 	 1.014368e+00 	 6.000000e+02 	 1.080000e+03 	 2.000000e+00
12 	 204 	 Ex 	 2 	 1.512504e+00 	 8.400000e+02 	 1.080000e+03 	 2.000000e+00
12 	 205 	 Ex 	 2 	 1.516808e+00 	 1.080000e+03 	 1.080000e+03 	 2.000000e+00
12 	 206 	 Ex 	 2 	 3.897443e-01 	 1.320000e+03 	 1.080000e+03 	 2.000000e+00
12 	 207 	 Ex 	 2 	 0.000000e+00 	 1.560000e+03 	 1.080000e+03 	 2.000000e+00
12 	 208 	 Ex 	 2 	 0.000000e+00 	 1.800000e+03 	 1.080000e+03 	 2.000000e+00
12 	 209 	 Ex 	 2 	 1.219060e+00 	 -1.800000e+03 	 1.320000e+03 	 2.000000e+00
12 	 210 	 Ex 	 2 	 9.375849e-01 	 -1.560000e+03 	 1.320000e+03 	 2.000000e+00
12 	 211 	 Ex 	 2 	 1.645862e+00 	 -1.320000e+03 	 1.320000e+03 	 2.000000e+00
12 	 212 	 Ex 	 2 	 1.660451e+00 	 -1.080000e+03 	 1.320000e+03 	 2.000000e+00
12 	 213 	 Ex 	 2 	 4.134822e-01 	 -8.400000e+02 	 1.320000e+03 	 2.000000e+00
12 	 214 	 Ex 	 2 	 2.328259e+00 	 -6.000000e+02 	 1.320000e+03 	 2.000000e+00
12 	 215 	 Ex 	 2 	 3.949667e+00 	 -3.600000e+02 	 1.320000e+03 	 2.000000e+00
12 	 216 	 Ex 	 2 	 5.136878e+00 	 -1.200000e+02 	 1.320000e+03 	 2.000000e+00
12 	 217 	 Ex 	 2 	 5.769260e+00 	 1.200000e+02 	 1.320000e+03 	 2.000000e+00
12 	 218 	 Ex 	 2 	 4.008399e+00 	 3.600000e+02 	 1.320000e+03 	 2.000000e+00
12 	 219 	 Ex 	 2 	 3.047810e+00 	 6.000000e+02 	 1.320000e+03 	 2.000000e+00
12 	 220 	 Ex 	 2 	 6.856610e-01 	 8.400000e+02 	 1.320000e+03 	 2.000000e+00
12 	 221 	 Ex 	 2 	 1.129588e+00 	 1.080000e+03 	 1.320000e+03 	 2.000000e+00
12 	 222 	 Ex 	 2 	 4.674898e-01 	 1.320000e+03 	 1.320000e+03 	 2.000000e+00
12 	 223 	 Ex 	 2 	 2.908268e-01 	 1.560000e+03 	 1.320000e+03 	 2.000000e+00
12 	 224 	 Ex 	 2 	 1.176687e-01 	 1.800000e+03 	 1.320000e+03 	 2.000000e+00
12 	 225 	 Ex 	 2 	 8.525214e-01 	 -1.800000e+03 	 1.560000e+03 	 2.000000e+00
12 	 226 	 Ex 	 2 	 8.681735e-01 	 -1.560000e+03 	 1.560000e+03 	 2.000000e+00
12 	 227 	 Ex 	 2 	 5.110988e-01 	 -1.320000e+03 	 1.560000e+03 	 2.000000e+00
12 	 228 	 Ex 	 2 	 5.982419e-01 	 -1.080000e+03 	 1.560000e+03 	 2.000000e+00
12 	 229 	 Ex 	 2 	 2.958482e+00 	 -8.400000e+02 	 1.560000e+03 	 2.000000e+00
12 	 230 	 Ex 	 2 	 3.479938e+00 	 -6.000000e+02 	 1.560000e+03 	 2.000000e+00
12 	 231 	 Ex 	 2 	 4.869579e+00 	 -3.600000e+02 	 1.560000e+03 	 2.000000e+00
12 	 232 	 Ex 	 2 	 5.538239e+00 	 -1.200000e+02 	 1.560000e+03 	 2.000000e+00
12 	 233 	 Ex 	 2 	 4.651075e+00 	 1.200000e+02 	 1.560000e+03 	 2.000000e+00
12 	 234 	 Ex 	 2 	 3.198644e+00 	 3.600000e+02 	 1.560000e+03 	 2.000000e+00
12 	 235 	 Ex 	 2 	 1.886114e+00 	 6.000000e+02 	 1.560000e+03 	 2.000000e+00
12 	 236 	 Ex 	 2 	 1.160842e+00 	 8.400000e+02 	 1.560000e+03 	 2.000000e+00
12 	 237 	 Ex 	 2 	 9.400810e-01 	 1.080000e+03 	 1.560000e+03 	 2.000000e+00
12 	 238 	 Ex 	 2 	 4.169115e-01 	 1.320000e+03 	 1.560000e+03 	 2.000000e+00
12 	 239 	 Ex 	 2 	 6.553195e-01 	 1.560000e+03 	 1.560000e+03 	 2.000000e+00
12 	 240 	 Ex 	 2 	 9.087131e-01 	 1.800000e+03 	 1.560000e+03 	 2.000000e+00
12 	 241 	 Ex 	 2 	 1.137684e+00 	 -1.800000e+03 	 1.800000e+03 	 2.000000e+00
12 	 242 	 Ex 	 2 	 5.115676e-01 	 -1.560000e+03 	 1.800000e+03 	 2.000000e+00
12 	 243 	 Ex 	 2 	 4.829648e-01 	 -1.320000e+03 	 1.800000e+03 	 2.000000e+00
12 	 244 	 Ex 	 2 	 8.030718e-01 	 -1.080000e+03 	 1.800000e+03 	 2.000000e+00
12 	 245 	 Ex 	 2 	 1.156973e+00 	 -8.400000e+02 	 1.800000e+03 	 2.000000e+00
12 	 246 	 Ex 	 2 	 3.169252e+00 	 -6.000000e+02 	 1.800000e+03 	 2.000000e+00
12 	 247 	 Ex 	 2 	 3.926358e+00 	 -3.600000e+02 	 1.800000e+03 	 2.000000e+00
12 	 248 	 Ex 	 2 	 3.473455e+00 	 -1.200000e+02 	 1.800000e+03 	 2.000000e+00
12 	 249 	 Ex 	 2 	 2.784775e+00 	 1.200000e+02 	 1.800000e+03 	 2.000000e+00
12 	 250 	 Ex 	 2 	 1.189268e+00 	 3.600000e+02 	 1.800000e+03 	 2.000000e+00
12 	 251 	 Ex 	 2 	 2.372799e+00 	 6.000000e+02 	 1.800000e+03 	 2.000000e+00
12 	 252 	 Ex 	 2 	 3.589143e-01 	 8.400000e+02 	 1.800000e+03 	 2.000000e+00
12 	 253 	 Ex 	 2 	 6.903836e-01 	 1.080000e+03 	 1.800000e+03 	 2.000000e+00
12 	 254 	 Ex 	 2 	 1.731595e+00 	 1.320000e+03 	 1.800000e+03 	 2.000000e+00
12 	 255 	 Ex 	 2 	 6.106193e-01 	 1.560000e+03 	 1.800000e+03 	 2.000000e+00
12 	 256 	 Ex 	 2 	 2.811510e-01 	 1.800000e+03 	 1.800000e+03 	 2.000000e+00
12 	 1 	 Ey 	 1 	 1.560224e+00 	 -1.800000e+03 	 -1.800000e+03 	 2.000000e+00
12 	 2 	 Ey 	 1 	 4.101118e+00 	 -1.560000e+03 	 -1.800000e+03 	 2.000000e+00
12 	 3 	 Ey 	 1 	 2.399019e+00 	 -1.320000e+03 	 -1.800000e+03 	 2.000000e+00
12 	 4 	 Ey 	 1 	 2.120074e+00 	 -1.080000e+03 	 -1.800000e+03 	 2.000000e+00
12 	 5 	 Ey 	 1 	 3.416749e+00 	 -8.400000e+02 	 -1.800000e+03 	 2.000000e+00
12 	 6 	 Ey 	 1 	 3.678119e+00 	 -6.000000e+02 	 -1.800000e+03 	 2.000000e+00
12 	 7 	 Ey 	 1 	 3.909299e+00 	 -3.600000e+02 	 -1.800000e+03 	 2.000000e+00
12 	 8 	 Ey 	 1 	 3.201901e+00 	 -1.200000e+02 	 -1.800000e+03 	 2.000000e+00
12 	 9 	 Ey 	 1 	 2.512270e+00 	 1.200000e+02 	 -1.800000e+03 	 2.000000e+00
12 	 10 	 Ey 	 1 	 2.643016e+00 	 3.600000e+02 	 -1.800000e+03 	 2.000000e+00
12 	 11 	 Ey 	 1 	 2.274107e+00 	 6.000000e+02 	 -1.800000e+03 	 2.000000e+00
12 	 12 	 Ey 	 1 	 3.952947e+00 	 8.400000e+02 	 -1.800000e+03 	 2.000000e+00
12 	 13 	 Ey 	 1 	 4.488994e+00 	 1.080000e+03 	 -1.800000e+03 	 2.000000e+00
12 	 14 	 Ey 	 1 	 3.989986e+00 	 1.320000e+03 	 -1.800000e+03 	 2.000000e+00
12 	 15 	 Ey 	 1 	 2.342508e+00 	 1.560000e+03 	 -1.800000e+03 	 2.000000e+00
12 	 16 	 Ey 	 1 	 2.524690e+00 	 1.800000e+03 	 -1.800000e+03 	 2.000000e+00
12 	 17 	 Ey 	 1 	 3.617470e+00 	 -1.800000e+03 	 -1.560000e+03 	 2.000000e+00
12 	 18 	 Ey 	 1 	 2.511418e+00 	 -1.560000e+03 	 -1.560000e+03 	 2.000000e+00
12 	 19 	 Ey 	 1 	 2.614232e+00 	 -1.320000e+03 	 -1.560000e+03 	 2.000000e+00
12 	 20 	 Ey 	 1 	 3.222067e+00 	 -1.080000e+03 	 -1.560000e+03 	 2.000000e+00
12 	 21 	 Ey 	 1 	 4.011634e+00 	 -8.400000e+02 	 -1.560000e+03 	 2.000000e+00
12 	 22 	 Ey 	 1 	 2.067703e+00 	 -6.000000e+02 	 -1.560000e+03 	 2.000000e+00
12 	 23 	 Ey 	 1 	 2.905939e+00 	 -3.600000e+02 	 -1.560000e+03 	 2.000000e+00
12 	 24 	 Ey 	 1 	 3.889440e+00 	 -1.200000e+02 	 -1.560000e+03 	 2.000000e+00
12 	 25 	 Ey 	 1 	 3.794439e+00 	 1.200000e+02 	 -1.560000e+03 	 2.000000e+00
12 	 26 	 Ey 	 1 	 5.242126e+00 	 3.600000e+02 	 -1.560000e+03 	 2.000000e+00
12 	 27 	 Ey 	 1 	 5.067839e+00 	 6.000000e+02 	 -1.560000e+03 	 2.000000e+00
12 	 28 	 Ey 	 1 	 4.310893e+00 	 8.400000e+02 	 -1.560000e+03 	 2.000000e+00
12 	 29 	 Ey 	 1 	 3.958363e+00 	 1.080000e+03 	 -1.560000e+03 	 2.000000e+00
12 	 30 	 Ey 	 1 	 4.656547e+00 	 1.320000e+03 	 -1.560000e+03 	 2.000000e+00
12 	 31 	 Ey 	 1 	 1.515149e+00 	 1.560000e+03 	 -1.560000e+03 	 2.000000e+00
12 	 32 	 Ey 	 1 	 1.441537e+00 	 1.800000e+03 	 -1.560000e+03 	 2.000000e+00
12 	 33 	 Ey 	 1 	 1.330316e+00 	 -1.800000e+03 	 -1.320000e+03 	 2.000000e+00
12 	 34 	 Ey 	 1 	 1.285802e+00 	 -1.560000e+03 	 -1.320000e+03 	 2.000000e+00
12 	 35 	 Ey 	 1 	 2.030816e+00 	 -1.320000e+03 	 -1.320000e+03 	 2.000000e+00
12 	 36 	 Ey 	 1 	 1.739332e+00 	 -1.080000e+03 	 -1.320000e+03 	 2.000000e+00
12 	 37 	 Ey 	 1 	 2.124324e+00 	 -8.400000e+02 	 -1.320000e+03 	 2.000000e+00
12 	 38 	 Ey 	 1 	 2.254923e+00 	 -6.000000e+02 	 -1.320000e+03 	 2.000000e+00
12 	 39 	 Ey 	 1 	 2.217742e+00 	 -3.600000e+02 	 -1.320000e+03 	 2.000000e+00
12 	 40 	 Ey 	 1 	 3.637112e+00 	 -1.200000e+02 	 -1.320000e+03 	 2.000000e+00
12 	 41 	 Ey 	 1 	 4.850779e+00 	 1.200000e+02 	 -1.320000e+03 	 2.000000e+00
12 	 42 	 Ey 	 1 	 7.068899e+00 	 3.600000e+02 	 -1.320000e+03 	 2.000000e+00
12 	 43 	 Ey 	 1 	 7.861640e+00 	 6.000000e+02 	 -1.320000e+03 	 2.000000e+00
12 	 44 	 Ey 	 1 	 6.465531e+00 	 8.400000e+02 	 -1.320000e+03 	 2.000000e+00
12 	 45 	 Ey 	 1 	 6.545384e+00 	 1.080000e+03 	 -1.320000e+03 	 2.000000e+00
12 	 46 	 Ey 	 1 	 3.430266e+00 	 1.320000e+03 	 -1.320000e+03 	 2.000000e+00
12 	 47 	 Ey 	 1 	 3.013168e+00 	 1.560000e+03 	 -1.320000e+03 	 2.000000e+00
12 	 48 	 Ey 	 1 	 1.885041e+00 	 1.800000e+03 	 -1.320000e+03 	 2.000000e+00
12 	 49 	 Ey 	 1 	 7.499995e-01 	 -1.800000e+03 	 -1.080000e+03 	 2.000000e+00
12 	 50 	 Ey 	 1 	 1.223918e+00 	 -1.560000e+03 	 -1.080000e+03 	 2.000000e+00
12 	 51 	 Ey 	 1 	 1.930697e+00 	 -1.320000e+03 	 -1.080000e+03 	 2.000000e+00
12 	 52 	 Ey 	 1 	 7.227778e-01 	 -1.080000e+03 	 -1.080000e+03 	 2.000000e+00
12 	 53 	 Ey 	 1 	 1.642007e+00 	 -8.400000e+02 	 -1.080000e+03 	 2.000000e+00
12 	 54 	 Ey 	 1 	 6.332098e-01 	 -6.000000e+02 	 -1.080000e+03 	 2.000000e+00
12 	 55 	 Ey 	 1 	 1.542536e+00 	 -3.600000e+02 	 -1.080000e+03 	 2.000000e+00
12 	 56 	 Ey 	 1 	 3.818020e+00 	 -1.200000e+02 	 -1.080000e+03 	 2.000000e+00
12 	 57 	 Ey 	 1 	 6.221673e+00 	 1.200000e+02 	 -1.080000e+03 	 2.000000e+00
12 	 58 	 Ey 	 1 	 8.034860e+00 	 3.600000e+02 	 -1.080000e+03 	 2.000000e+00
12 	 59 	 Ey 	 1 	 8.378325e+00 	 6.000000e+02 	 -1.080000e+03 	 2.000000e+00
12 	 60 	 Ey 	 1 	 8.283613e+00 	 8.400000e+02 	 -1.080000e+03 	 2.000000e+00
12 	 61 	 Ey 	 1 	 5.473984e+00 	 1.080000e+03 	 -1.080000e+03 	 2.000000e+00
12 	 62 	 Ey 	 1 	 6.307611e+00 	 1.320000e+03 	 -1.080000e+03 	 2.000000e+00
12 	 63 	 Ey 	 1 	 4.172750e+00 	 1.560000e+03 	 -1.080000e+03 	 2.000000e+00
12 	 64 	 Ey 	 1 	 3.442348e+00 	 1.800000e+03 	 -1.080000e+03 	 2.000000e+00
12 	 65 	 Ey 	 1 	 1.285701e+00 	 -1.800000e+03 	 -8.400000e+02 	 2.000000e+00
12 	 66 	 Ey 	 1 	 1.674026e+00 	 -1.560000e+03 	 -8.400000e+02 	 2.000000e+00
12 	 67 	 Ey 	 1 	 1.383322e+00 	 -1.320000e+03 	 -8.400000e+02 	 2.000000e+00
12 	 68 	 Ey 	 1 	 1.406092e+00 	 -1.080000e+03 	 -8.400000e+02 	 2.000000e+00
12 	 69 	 Ey 	 1 	 3.327496e+00 	 -8.400000e+02 	 -8.400000e+02 	 2.000000e+00
12 	 70 	 Ey 	 1 	 3.722949e+00 	 -6.000000e+02 	 -8.400000e+02 	 2.000000e+00
12 	 71 	 Ey 	 1 	 3.015421e+00 	 -3.600000e+02 	 -8.400000e+02 	 2.000000e+00
12 	 72 	 Ey 	 1 	 2.743315e+00 	 -1.200000e+02 	 -8.400000e+02 	 2.000000e+00
12 	 73 	 Ey 	 1 	 6.358379e+00 	 1.200000e+02 	 -8.400000e+02 	 2.000000e+00
12 	 74 	 Ey 	 1 	 8.819027e+00 	 3.600000e+02 	 -8.400000e+02 	 2.000000e+00
12 	 75 	 Ey 	 1 	 8.445149e+00 	 6.000000e+02 	 -8.400000e+02 	 2.000000e+00
12 	 76 	 Ey 	 1 	 8.733360e+00 	 8.400000e+02 	 -8.400000e+02 	 2.000000e+00
12 	 77 	 Ey 	 1 	 5.372088e+00 	 1.080000e+03 	 -8.400000e+02 	 2.000000e+00
12 	 78 	 Ey 	 1 	 4.741158e+00 	 1.320000e+03 	 -8.400000e+02 	 2.000000e+00
12 	 79 	 Ey 	 1 	 3.358109e+00 	 1.560000e+03 	 -8.400000e+02 	 2.000000e+00
12 	 80 	 Ey 	 1 	 2.376719e+00 	 1.800000e+03 	 -8.400000e+02 	 2.000000e+00
12 	 81 	 Ey 	 1 	 1.805033e+00 	 -1.800000e+03 	 -6.000000e+02 	 2.000000e+00
12 	 82 	 Ey 	 1 	 2.473354e+00 	 -1.560000e+03 	 -6.000000e+02 	 2.000000e+00
12 	 83 	 Ey 	 1 	 2.398603e+00 	 -1.320000e+03 	 -6.000000e+02 	 2.000000e+00
12 	 84 	 Ey 	 1 	 4.024318e+00 	 -1.080000e+03 	 -6.000000e+02 	 2.000000e+00
12 	 85 	 Ey 	 1 	 5.301202e+00 	 -8.400000e+02 	 -6.000000e+02 	 2.000000e+00
12 	 86 	 Ey 	 1 	 4.262058e+00 	 -6.000000e+02 	 -6.000000e+02 	 2.000000e+00
12 	 87 	 Ey 	 1 	 2.479434e+00 	 -3.600000e+02 	 -6.000000e+02 	 2.000000e+00
12 	 88 	 Ey 	 1 	 3.139947e+00 	 -1.200000e+02 	 -6.000000e+02 	 2.000000e+00
12 	 89 	 Ey 	 1 	 5.004230e+00 	 1.200000e+02 	 -6.000000e+02 	 2.000000e+00
12 	 90 	 Ey 	 1 	 7.366121e+00 	 3.600000e+02 	 -6.000000e+02 	 2.000000e+00
12 	 91 	 Ey 	 1 	 8.516772e+00 	 6.000000e+02 	 -6.000000e+02 	 2.000000e+00
12 	 92 	 Ey 	 1 	 6.804508e+00 	 8.400000e+02 	 -6.000000e+02 	 2.000000e+00
12 	 93 	 Ey 	 1 	 5.770245e+00 	 1.080000e+03 	 -6.000000e+02 	 2.000000e+00
12 	 94 	 Ey 	 1 	 3.383744e+00 	 1.320000e+03 	 -6.000000e+02 	 2.000000e+00
12 	 95 	 Ey 	 1 	 3.211257e+00 	 1.560000e+03 	 -6.000000e+02 	 2.000000e+00
12 	 96 	 Ey 	 1 	 3.250757e+00 	 1.800000e+03 	 -6.000000e+02 	 2.000000e+00
12 	 97 	 Ey 	 1 	 1.867904e+00 	 -1.800000e+03 	 -3.600000e+02 	 2.000000e+00
12 	 98 	 Ey 	 1 	 3.780373e+00 	 -1.560000e+03 	 -3.600000e+02 	 2.000000e+00
12 	 99 	 Ey 	 1 	 2.488363e+00 	 -1.320000e+03 	 -3.600000e+02 	 2.000000e+00
12 	 100 	 Ey 	 1 	 4.445947e+00 	 -1.080000e+03 	 -3.600000e+02 	 2.000000e+00
12 	 101 	 Ey 	 1 	 3.626037e+00 	 -8.400000e+02 	 -3.600000e+02 	 2.000000e+00
12 	 102 	 Ey 	 1 	 3.037297e+00 	 -6.000000e+02 	 -3.600000e+02 	 2.000000e+00
12 	 103 	 Ey 	 1 	 3.066587e+00 	 -3.600000e+02 	 -3.600000e+02 	 2.000000e+00
12 	 104 	 Ey 	 1 	 2.421544e+00 	 -1.200000e+02 	 -3.600000e+02 	 2.000000e+00
12 	 105 	 Ey 	 1 	 3.831533e+00 	 1.200000e+02 	 -3.600000e+02 	 2.000000e+00
12 	 106 	 Ey 	 1 	 6.098950e+00 	 3.600000e+02 	 -3.600000e+02 	 2.000000e+00
12 	 107 	 Ey 	 1 	 7.890162e+00 	 6.000000e+02 	 -3.600000e+02 	 2.000000e+00
12 	 108 	 Ey 	 1 	 5.592427e+00 	 8.400000e+02 	 -3.600000e+02 	 2.000000e+00
12 	 109 	 Ey 	 1 	 3.569059e+00 	 1.080000e+03 	 -3.600000e+02 	 2.000000e+00
12 	 110 	 Ey 	 1 	 4.708903e-01 	 1.320000e+03 	 -3.600000e+02 	 2.000000e+00
12 	 111 	 Ey 	 1 	 6.850868e-01 	 1.560000e+03 	 -3.600000e+02 	 2.000000e+00
12 	 112 	 Ey 	 1 	 8.706981e-01 	 1.800000e+03 	 -3.600000e+02 	 2.000000e+00
12 	 113 	 Ey 	 1 	 3.366718e+00 	 -1.800000e+03 	 -1.200000e+02 	 2.000000e+00
12 	 114 	 Ey 	 1 	 1.891408e+00 	 -1.560000e+03 	 -1.200000e+02 	 2.000000e+00
12 	 115 	 Ey 	 1 	 3.030115e+00 	 -1.320000e+03 	 -1.200000e+02 	 2.000000e+00
12 	 116 	 Ey 	 1 	 4.497456e+00 	 -1.080000e+03 	 -1.200000e+02 	 2.000000e+00
12 	 117 	 Ey 	 1 	 3.084203e+00 	 -8.400000e+02 	 -1.200000e+02 	 2.000000e+00
12 	 118 	 Ey 	 1 	 2.862305e+00 	 -6.000000e+02 	 -1.200000e+02 	 2.000000e+00
12 	 119 	 Ey 	 1 	 2.092498e+00 	 -3.600000e+02 	 -1.200000e+02 	 2.000000e+00
12 	 120 	 Ey 	 1 	 2.443749e+00 	 -1.200000e+02 	 -1.200000e+02 	 2.000000e+00
12 	 121 	 Ey 	 1 	 2.584829e+00 	 1.200000e+02 	 -1.200000e+02 	 2.000000e+00
12 	 122 	 Ey 	 1 	 3.643892e+00 	 3.600000e+02 	 -1.200000e+02 	 2.000000e+00
12 	 123 	 Ey 	 1 	 4.277339e+00 	 6.000000e+02 	 -1.200000e+02 	 2.000000e+00
12 	 124 	 Ey 	 1 	 3.499310e+00 	 8.400000e+02 	 -1.200000e+02 	 2.000000e+00
12 	 125 	 Ey 	 1 	 3.250332e+00 	 1.080000e+03 	 -1.200000e+02 	 2.000000e+00
12 	 126 	 Ey 	 1 	 1.330258e+00 	 1.320000e+03 	 -1.200000e+02 	 2.000000e+00
12 	 127 	 Ey 	 1 	 9.132635e-01 	 1.560000e+03 	 -1.200000e+02 	 2.000000e+00
12 	 128 	 Ey 	 1 	 5.769852e-01 	 1.800000e+03 	 -1.200000e+02 	 2.000000e+00
12 	 129 	 Ey 	 1 	 1.030803e+00 	 -1.800000e+03 	 1.200000e+02 	 2.000000e+00
12 	 130 	 Ey 	 1 	 2.071954e+00 	 -1.560000e+03 	 1.200000e+02 	 2.000000e+00
12 	 131 	 Ey 	 1 	 2.828530e+00 	 -1.320000e+03 	 1.200000e+02 	 2.000000e+00
12 	 132 	 Ey 	 1 	 1.340831e+00 	 -1.080000e+03 	 1.200000e+02 	 2.000000e+00
12 	 133 	 Ey 	 1 	 4.038467e+00 	 -8.400000e+02 	 1.200000e+02 	 2.000000e+00
12 	 134 	 Ey 	 1 	 2.760094e+00 	 -6.000000e+02 	 1.200000e+02 	 2.000000e+00
12 	 135 	 Ey 	 1 	 1.357985e+00 	 -3.600000e+02 	 1.200000e+02 	 2.000000e+00
12 	 136 	 Ey 	 1 	 2.076713e+00 	 -1.200000e+02 	 1.200000e+02 	 2.000000e+00
12 	 137 	 Ey 	 1 	 2.083748e+00 	 1.200000e+02 	 1.200000e+02 	 2.000000e+00
12 	 138 	 Ey 	 1 	 2.532983e+00 	 3.600000e+02 	 1.200000e+02 	 2.000000e+00
12 	 139 	 Ey 	 1 	 3.253879e+00 	 6.000000e+02 	 1.200000e+02 	 2.000000e+00
12 	 140 	 Ey 	 1 	 2.221177e+00 	 8.400000e+02 	 1.200000e+02 	 2.000000e+00
12 	 141 	 Ey 	 1 	 6.885147e-01 	 1.080000e+03 	 1.200000e+02 	 2.000000e+00
12 	 142 	 Ey 	 1 	 0.000000e+00 	 1.320000e+03 	 1.200000e+02 	 2.000000e+00
12 	 143 	 Ey 	 1 	 0.000000e+00 	 1.560000e+03 	 1.200000e+02 	 2.000000e+00
12 	 144 	 Ey 	 1 	 0.000000e+00 	 1.800000e+03 	 1.200000e+02 	 2.000000e+00
12 	 145 	 Ey 	 1 	 2.143705e+00 	 -1.800000e+03 	 3.600000e+02 	 2.000000e+00
12 	 146 	 Ey 	 1 	 1.913349e+00 	 -1.560000e+03 	 3.600000e+02 	 2.000000e+00
12 	 147 	 Ey 	 1 	 2.601627e+00 	 -1.320000e+03 	 3.600000e+02 	 2.000000e+00
12 	 148 	 Ey 	 1 	 2.124142e+00 	 -1.080000e+03 	 3.600000e+02 	 2.000000e+00
12 	 149 	 Ey 	 1 	 1.506865e+00 	 -8.400000e+02 	 3.600000e+02 	 2.000000e+00
12 	 150 	 Ey 	 1 	 3.172947e-01 	 -6.000000e+02 	 3.600000e+02 	 2.000000e+00
12 	 151 	 Ey 	 1 	 1.054394e+00 	 -3.600000e+02 	 3.600000e+02 	 2.000000e+00
12 	 152 	 Ey 	 1 	 2.036597e+00 	 -1.200000e+02 	 3.600000e+02 	 2.000000e+00
12 	 153 	 Ey 	 1 	 6.960133e-01 	 1.200000e+02 	 3.600000e+02 	 2.000000e+00
12 	 154 	 Ey 	 1 	 5.395913e-01 	 3.600000e+02 	 3.600000e+02 	 2.000000e+00
12 	 155 	 Ey 	 1 	 3.562102e-01 	 6.000000e+02 	 3.600000e+02 	 2.000000e+00
12 	 156 	 Ey 	 1 	 2.105253e+00 	 8.400000e+02 	 3.600000e+02 	 2.000000e+00
12 	 157 	 Ey 	 1 	 0.000000e+00 	 1.080000e+03 	 3.600000e+02 	 2.000000e+00
12 	 158 	 Ey 	 1 	 0.000000e+00 	 1.320000e+03 	 3.600000e+02 	 2.000000e+00
12 	 159 	 Ey 	 1 	 0.000000e+00 	 1.560000e+03 	 3.600000e+02 	 2.000000e+00
12 	 160 	 Ey 	 1 	 0.000000e+00 	 1.800000e+03 	 3.600000e+02 	 2.000000e+00
12 	 161 	 Ey 	 1 	 2.319050e+00 	 -1.800000e+03 	 6.000000e+02 	 2.000000e+00
12 	 162 	 Ey 	 1 	 1.335528e+00 	 -1.560000e+03 	 6.000000e+02 	 2.000000e+00
12 	 163 	 Ey 	 1 	 1.051118e+00 	 -1.320000e+03 	 6.000000e+02 	 2.000000e+00
12 	 164 	 Ey 	 1 	 1.155488e+00 	 -1.080000e+03 	 6.000000e+02 	 2.000000e+00
12 	 165 	 Ey 	 1 	 1.893733e+00 	 -8.400000e+02 	 6.000000e+02 	 2.000000e+00
12 	 166 	 Ey 	 1 	 1.547014e+00 	 -6.000000e+02 	 6.000000e+02 	 2.000000e+00
12 	 167 	 Ey 	 1 	 1.773084e+00 	 -3.600000e+02 	 6.000000e+02 	 2.000000e+00
12 	 168 	 Ey 	 1 	 2.658826e+00 	 -1.200000e+02 	 6.000000e+02 	 2.000000e+00
12 	 169 	 Ey 	 1 	 2.066410e+00 	 1.200000e+02 	 6.000000e+02 	 2.000000e+00
12 	 170 	 Ey 	 1 	 3.185335e+00 	 3.600000e+02 	 6.000000e+02 	 2.000000e+00
12 	 171 	 Ey 	 1 	 1.663080e+00 	 6.000000e+02 	 6.000000e+02 	 2.000000e+00
12 	 172 	 Ey 	 1 	 1.281555e+00 	 8.400000e+02 	 6.000000e+02 	 2.000000e+00
12 	 173 	 Ey 	 1 	 0.000000e+00 	 1.080000e+03 	 6.000000e+02 	 2.000000e+00
12 	 174 	 Ey 	 1 	 0.000000e+00 	 1.320000e+03 	 6.000000e+02 	 2.000000e+00
12 	 175 	 Ey 	 1 	 0.000000e+00 	 1.560000e+03 	 6.000000e+02 	 2.000000e+00
12 	 176 	 Ey 	 1 	 0.000000e+00 	 1.800000e+03 	 6.000000e+02 	 2.000000e+00
12 	 177 	 Ey 	 1 	 2.847745e+00 	 -1.800000e+03 	 8.400000e+02 	 2.000000e+00
12 	 178 	 Ey 	 1 	 2.324083e+00 	 -1.560000e+03 	 8.400000e+02 	 2.000000e+00
12 	 179 	 Ey 	 1 	 2.052075e-01 	 -1.320000e+03 	 8.400000e+02 	 2.000000e+00
12 	 180 	 Ey 	 1 	 1.558650e+00 	 -1.080000e+03 	 8.400000e+02 	 2.000000e+00
12 	 181 	 Ey 	 1 	 1.937606e+00 	 -8.400000e+02 	 8.400000e+02 	 2.000000e+00
12 	 182 	 Ey 	 1 	 2.291450e+00 	 -6.000000e+02 	 8.400000e+02 	 2.000000e+00
12 	 183 	 Ey 	 1 	 1.991084e+00 	 -3.600000e+02 	 8.400000e+02 	 2.000000e+00
12 	 184 	 Ey 	 1 	 2.196534e+00 	 -1.200000e+02 	 8.400000e+02 	 2.000000e+00
12 	 185 	 Ey 	 1 	 4.211089e+00 	 1.200000e+02 	 8.400000e+02 	 2.000000e+00
12 	 186 	 Ey 	 1 	 5.229341e+00 	 3.600000e+02 	 8.400000e+02 	 2.000000e+00
12 	 187 	 Ey 	 1 	 4.980686e+00 	 6.000000e+02 	 8.400000e+02 	 2.000000e+00
12 	 188 	 Ey 	 1 	 2.364090e+00 	 8.400000e+02 	 8.400000e+02 	 2.000000e+00
12 	 189 	 Ey 	 1 	 9.728623e-01 	 1.080000e+03 	 8.400000e+02 	 2.000000e+00
12 	 190 	 Ey 	 1 	 0.000000e+00 	 1.320000e+03 	 8.400000e+02 	 2.000000e+00
12 	 191 	 Ey 	 1 	 0.000000e+00 	 1.560000e+03 	 8.400000e+02 	 2.000000e+00
12 	 192 	 Ey 	 1 	 0.000000e+00 	 1.800000e+03 	 8.400000e+02 	 2.000000e+00
12 	 193 	 Ey 	 1 	 2.567305e+00 	 -1.800000e+03 	 1.080000e+03 	 2.000000e+00
12 	 194 	 Ey 	 1 	 1.687878e+00 	 -1.560000e+03 	 1.080000e+03 	 2.000000e+00
12 	 195 	 Ey 	 1 	 9.546306e-01 	 -1.320000e+03 	 1.080000e+03 	 2.000000e+00
12 	 196 	 Ey 	 1 	 1.504199e-01 	 -1.080000e+03 	 1.080000e+03 	 2.000000e+00
12 	 197 	 Ey 	 1 	 3.052469e+00 	 -8.400000e+02 	 1.080000e+03 	 2.000000e+00
12 	 198 	 Ey 	 1 	 3.372361e+00 	 -6.000000e+02 	 1.080000e+03 	 2.000000e+00
12 	 199 	 Ey 	 1 	 1.537135e+00 	 -3.600000e+02 	 1.080000e+03 	 2.000000e+00
12 	 200 	 Ey 	 1 	 3.230889e+00 	 -1.200000e+02 	 1.080000e+03 	 2.000000e+00
12 	 201 	 Ey 	 1 	 4.418958e+00 	 1.200000e+02 	 1.080000e+03 	 2.000000e+00
12 	 202 	 Ey 	 1 	 5.489235e+00 	 3.600000e+02 	 1.080000e+03 	 2.000000e+00
12 	 203 	 Ey 	 1 	 5.863987e+00 	 6.000000e+02 	 1.080000e+03 	 2.000000e+00
12 	 204 	 Ey 	 1 	 2.131689e+00 	 8.400000e+02 	 1.080000e+03 	 2.000000e+00
12 	 205 	 Ey 	 1 	 2.921955e+00 	 1.080000e+03 	 1.080000e+03 	 2.000000e+00
12 	 206 	 Ey 	 1 	 1.281783e+00 	 1.320000e+03 	 1.080000e+03 	 2.000000e+00
12 	 207 	 Ey 	 1 	 0.000000e+00 	 1.560000e+03 	 1.080000e+03 	 2.000000e+00
12 	 208 	 Ey 	 1 	 0.000000e+00 	 1.800000e+03 	 1.080000e+03 	 2.000000e+00
12 	 209 	 Ey 	 1 	 8.679774e-01 	 -1.800000e+03 	 1.320000e+03 	 2.000000e+00
12 	 210 	 Ey 	 1 	 1.012798e+00 	 -1.560000e+03 	 1.320000e+03 	 2.000000e+00
12 	 211 	 Ey 	 1 	 1.135376e+00 	 -1.320000e+03 	 1.320000e+03 	 2.000000e+00
12 	 212 	 Ey 	 1 	 1.348796e+00 	 -1.080000e+03 	 1.320000e+03 	 2.000000e+00
12 	 213 	 Ey 	 1 	 1.859415e+00 	 -8.400000e+02 	 1.320000e+03 	 2.000000e+00
12 	 214 	 Ey 	 1 	 1.652723e+00 	 -6.000000e+02 	 1.320000e+03 	 2.000000e+00
12 	 215 	 Ey 	 1 	 1.630966e+00 	 -3.600000e+02 	 1.320000e+03 	 2.000000e+00
12 	 216 	 Ey 	 1 	 2.167093e+00 	 -1.200000e+02 	 1.320000e+03 	 2.000000e+00
12 	 217 	 Ey 	 1 	 2.342590e+00 	 1.200000e+02 	 1.320000e+03 	 2.000000e+00
12 	 218 	 Ey 	 1 	 5.349875e+00 	 3.600000e+02 	 1.320000e+03 	 2.000000e+00
12 	 219 	 Ey 	 1 	 5.614047e+00 	 6.000000e+02 	 1.320000e+03 	 2.000000e+00
12 	 220 	 Ey 	 1 	 2.309697e+00 	 8.400000e+02 	 1.320000e+03 	 2.000000e+00
12 	 221 	 Ey 	 1 	 3.518226e+00 	 1.080000e+03 	 1.320000e+03 	 2.000000e+00
12 	 222 	 Ey 	 1 	 2.138668e+00 	 1.320000e+03 	 1.320000e+03 	 2.000000e+00
12 	 223 	 Ey 	 1 	 1.243326e+00 	 1.560000e+03 	 1.320000e+03 	 2.000000e+00
12 	 224 	 Ey 	 1 	 1.584618e+00 	 1.800000e+03 	 1.320000e+03 	 2.000000e+00
12 	 225 	 Ey 	 1 	 1.238339e+00 	 -1.800000e+03 	 1.560000e+03 	 2.000000e+00
12 	 226 	 Ey 	 1 	 1.340182e+00 	 -1.560000e+03 	 1.560000e+03 	 2.000000e+00
12 	 227 	 Ey 	 1 	 1.102408e+00 	 -1.320000e+03 	 1.560000e+03 	 2.000000e+00
12 	 228 	 Ey 	 1 	 4.333957e-01 	 -1.080000e+03 	 1.560000e+03 	 2.000000e+00
12 	 229 	 Ey 	 1 	 1.336671e+00 	 -8.400000e+02 	 1.560000e+03 	 2.000000e+00
12 	 230 	 Ey 	 1 	 1.876858e+00 	 -6.000000e+02 	 1.560000e+03 	 2.000000e+00
12 	 231 	 Ey 	 1 	 1.033794e+00 	 -3.600000e+02 	 1.560000e+03 	 2.000000e+00
12 	 232 	 Ey 	 1 	 3.989981e+00 	 -1.200000e+02 	 1.560000e+03 	 2.000000e+00
12 	 233 	 Ey 	 1 	 3.360275e+00 	 1.200000e+02 	 1.560000e+03 	 2.000000e+00
12 	 234 	 Ey 	 1 	 2.548529e+00 	 3.600000e+02 	 1.560000e+03 	 2.000000e+00
12 	 235 	 Ey 	 1 	 3.917050e+00 	 6.000000e+02 	 1.560000e+03 	 2.000000e+00
12 	 236 	 Ey 	 1 	 2.749479e+00 	 8.400000e+02 	 1.560000e+03 	 2.000000e+00
12 	 237 	 Ey 	 1 	 3.309750e+00 	 1.080000e+03 	 1.560000e+03 	 2.000000e+00
12 	 238 	 Ey 	 1 	 3.509221e+00 	 1.320000e+03 	 1.560000e+03 	 2.000000e+00
12 	 239 	 Ey 	 1 	 7.175734e-01 	 1.560000e+03 	 1.560000e+03 	 2.000000e+00
12 	 240 	 Ey 	 1 	 1.391968e+00 	 1.800000e+03 	 1.560000e+03 	 2.000000e+00
12 	 241 	 Ey 	 1 	 1.197502e+00 	 -1.800000e+03 	 1.800000e+03 	 2.000000e+00
12 	 242 	 Ey 	 1 	 4.888735e-01 	 -1.560000e+03 	 1.800000e+03 	 2.000000e+00
12 	 243 	 Ey 	 1 	 2.026793e+00 	 -1.320000e+03 	 1.800000e+03 	 2.000000e+00
12 	 244 	 Ey 	 1 	 8.079078e-01 	 -1.080000e+03 	 1.800000e+03 	 2.000000e+00
12 	 245 	 Ey 	 1 	 6.572674e-02 	 -8.400000e+02 	 1.800000e+03 	 2.000000e+00
12 	 246 	 Ey 	 1 	 3.863952e-01 	 -6.000000e+02 	 1.800000e+03 	 2.000000e+00
12 	 247 	 Ey 	 1 	 1.072789e+00 	 -3.600000e+02 	 1.800000e+03 	 2.000000e+00
12 	 248 	 Ey 	 1 	 1.118571e+00 	 -1.200000e+02 	 1.800000e+03 	 2.000000e+00
12 	 249 	 Ey 	 1 	 2.466832e+00 	 1.200000e+02 	 1.800000e+03 	 2.000000e+00
12 	 250 	 Ey 	 1 	 4.043107e+00 	 3.600000e+02 	 1.800000e+03 	 2.000000e+00
12 	 251 	 Ey 	 1 	 2.964096e+00 	 6.000000e+02 	 1.800000e+03 	 2.000000e+00
12 	 252 	 Ey 	 1 	 4.163049e+00 	 8.400000e+02 	 1.800000e+03 	 2.000000e+00
12 	 253 	 Ey 	 1 	 4.508393e+00 	 1.080000e+03 	 1.800000e+03 	 2.000000e+00
12 	 254 	 Ey 	 1 	 1.686551e+00 	 1.320000e+03 	 1.800000e+03 	 2.000000e+00
12 	 255 	 Ey 	 1 	 1.212915e+00 	 1.560000e+03 	 1.800000e+03 	 2.000000e+00
12 	 256 	 Ey 	 1 	 8.501035e-01 	 1.800000e+03 	 1.800000e+03 	 2.000000e+00
12 	 1 	 Ey 	 2 	 2.658703e+00 	 -1.800000e+03 	 -1.800000e+03 	 2.000000e+00
12 	 2 	 Ey 	 2 	 1.279898e+00 	 -1.560000e+03 	 -1.800000e+03 	 2.000000e+00
12 	 3 	 Ey 	 2 	 1.253672e+00 	 -1.320000e+03 	 -1.800000e+03 	 2.000000e+00
12 	 4 	 Ey 	 2 	 2.530243e+00 	 -1.080000e+03 	 -1.800000e+03 	 2.000000e+00
12 	 5 	 Ey 	 2 	 3.211774e+00 	 -8.400000e+02 	 -1.800000e+03 	 2.000000e+00
12 	 6 	 Ey 	 2 	 3.166542e+00 	 -6.000000e+02 	 -1.800000e+03 	 2.000000e+00
12 	 7 	 Ey 	 2 	 3.894911e+00 	 -3.600000e+02 	 -1.800000e+03 	 2.000000e+00
12 	 8 	 Ey 	 2 	 3.762025e+00 	 -1.200000e+02 	 -1.800000e+03 	 2.000000e+00
12 	 9 	 Ey 	 2 	 2.417570e+00 	 1.200000e+02 	 -1.800000e+03 	 2.000000e+00
12 	 10 	 Ey 	 2 	 1.790506e+00 	 3.600000e+02 	 -1.800000e+03 	 2.000000e+00
12 	 11 	 Ey 	 2 	 2.251408e+00 	 6.000000e+02 	 -1.800000e+03 	 2.000000e+00
12 	 12 	 Ey 	 2 	 3.599776e+00 	 8.400000e+02 	 -1.800000e+03 	 2.000000e+00
12 	 13 	 Ey 	 2 	 9.515983e-01 	 1.080000e+03 	 -1.800000e+03 	 2.000000e+00
12 	 14 	 Ey 	 2 	 1.656622e+00 	 1.320000e+03 	 -1.800000e+03 	 2.000000e+00
12 	 15 	 Ey 	 2 	 1.029106e+00 	 1.560000e+03 	 -1.800000e+03 	 2.000000e+00
12 	 16 	 Ey 	 2 	 1.696923e+00 	 1.800000e+03 	 -1.800000e+03 	 2.000000e+00
12 	 17 	 Ey 	 2 	 7.542875e-01 	 -1.800000e+03 	 -1.560000e+03 	 2.000000e+00
12 	 18 	 Ey 	 2 	 4.724003e-01 	 -1.560000e+03 	 -1.560000e+03 	 2.000000e+00
12 	 19 	 Ey 	 2 	 1.991807e+00 	 -1.320000e+03 	 -1.560000e+03 	 2.000000e+00
12 	 20 	 Ey 	 2 	 2.296702e+00 	 -1.080000e+03 	 -1.560000e+03 	 2.000000e+00
12 	 21 	 Ey 	 2 	 2.492779e+00 	 -8.400000e+02 	 -1.560000e+03 	 2.000000e+00
12 	 22 	 Ey 	 2 	 2.745572e+00 	 -6.000000e+02 	 -1.560000e+03 	 2.000000e+00
12 	 23 	 Ey 	 2 	 3.108813e+00 	 -3.600000e+02 	 -1.560000e+03 	 2.000000e+00
12 	 24 	 Ey 	 2 	 3.461008e+00 	 -1.200000e+02 	 -1.560000e+03 	 2.000000e+00
12 	 25 	 Ey 	 2 	 3.183570e+00 	 1.200000e+02 	 -1.560000e+03 	 2.000000e+00
12 	 26 	 Ey 	 2 	 3.701332e+00 	 3.600000e+02 	 -1.560000e+03 	 2.000000e+00
12 	 27 	 Ey 	 2 	 4.791869e+00 	 6.000000e+02 	 -1.560000e+03 	 2.000000e+00
12 	 28 	 Ey 	 2 	 2.464761e+00 	 8.400000e+02 	 -1.560000e+03 	 2.000000e+00
12 	 29 	 Ey 	 2 	 2.192105e+00 	 1.080000e+03 	 -1.560000e+03 	 2.000000e+00
12 	 30 	 Ey 	 2 	 2.976353e+00 	 1.320000e+03 	 -1.560000e+03 	 2.000000e+00
12 	 31 	 Ey 	 2 	 2.590281e+00 	 1.560000e+03 	 -1.560000e+03 	 2.000000e+00
12 	 32 	 Ey 	 2 	 9.557428e-01 	 1.800000e+03 	 -1.560000e+03 	 2.000000e+00
12 	 33 	 Ey 	 2 	 1.588751e+00 	 -1.800000e+03 	 -1.320000e+03 	 2.000000e+00
12 	 34 	 Ey 	 2 	 5.651376e-01 	 -1.560000e+03 	 -1.320000e+03 	 2.000000e+00
12 	 35 	 Ey 	 2 	 7.907547e-01 	 -1.320000e+03 	 -1.320000e+03 	 2.000000e+00
12 	 36 	 Ey 	 2 	 1.824727e+00 	 -1.080000e+03 	 -1.320000e+03 	 2.000000e+00
12 	 37 	 Ey 	 2 	 7.063395e-01 	 -8.400000e+02 	 -1.320000e+03 	 2.000000e+00
12 	 38 	 Ey 	 2 	 2.915296e+00 	 -6.000000e+02 	 -1.320000e+03 	 2.000000e+00
12 	 39 	 Ey 	 2 	 3.778368e+00 	 -3.600000e+02 	 -1.320000e+03 	 2.000000e+00
12 	 40 	 Ey 	 2 	 4.119920e+00 	 -1.200000e+02 	 -1.320000e+03 	 2.000000e+00
12 	 41 	 Ey 	 2 	 5.557734e+00 	 1.200000e+02 	 -1.320000e+03 	 2.000000e+00
12 	 42 	 Ey 	 2 	 6.345184e+00 	 3.600000e+02 	 -1.320000e+03 	 2.000000e+00
12 	 43 	 Ey 	 2 	 6.454938e+00 	 6.000000e+02 	 -1.320000e+03 	 2.000000e+00
12 	 44 	 Ey 	 2 	 5.967115e+00 	 8.400000e+02 	 -1.320000e+03 	 2.000000e+00
12 	 45 	 Ey 	 2 	 3.727154e+00 	 1.080000e+03 	 -1.320000e+03 	 2.000000e+00
12 	 46 	 Ey 	 2 	 1.863912e+00 	 1.320000e+03 	 -1.320000e+03 	 2.000000e+00
12 	 47 	 Ey 	 2 	 2.763235e+00 	 1.560000e+03 	 -1.320000e+03 	 2.000000e+00
12 	 48 	 Ey 	 2 	 1.934642e+00 	 1.800000e+03 	 -1.320000e+03 	 2.000000e+00
12 	 49 	 Ey 	 2 	 1.520928e+00 	 -1.800000e+03 	 -1.080000e+03 	 2.000000e+00
12 	 50 	 Ey 	 2 	 9.439710e-01 	 -1.560000e+03 	 -1.080000e+03 	 2.000000e+00
12 	 51 	 Ey 	 2 	 1.723869e+00 	 -1.320000e+03 	 -1.080000e+03 	 2.000000e+00
12 	 52 	 Ey 	 2 	 1.457854e+00 	 -1.080000e+03 	 -1.080000e+03 	 2.000000e+00
12 	 53 	 Ey 	 2 	 4.511525e-01 	 -8.400000e+02 	 -1.080000e+03 	 2.000000e+00
12 	 54 	 Ey 	 2 	 7.178770e-01 	 -6.000000e+02 	 -1.080000e+03 	 2.000000e+00
12 	 55 	 Ey 	 2 	 2.063285e+00 	 -3.600000e+02 	 -1.080000e+03 	 2.000000e+00
12 	 56 	 Ey 	 2 	 4.599731e+00 	 -1.200000e+02 	 -1.080000e+03 	 2.000000e+00
12 	 57 	 Ey 	 2 	 6.063516e+00 	 1.200000e+02 	 -1.080000e+03 	 2.000000e+00
12 	 58 	 Ey 	 2 	 6.200903e+00 	 3.600000e+02 	 -1.080000e+03 	 2.000000e+00
12 	 59 	 Ey 	 2 	 7.772733e+00 	 6.000000e+02 	 -1.080000e+03 	 2.000000e+00
12 	 60 	 Ey 	 2 	 6.647539e+00 	 8.400000e+02 	 -1.080000e+03 	 2.000000e+00
12 	 61 	 Ey 	 2 	 4.314188e+00 	 1.080000e+03 	 -1.080000e+03 	 2.000000e+00
12 	 62 	 Ey 	 2 	 3.837784e+00 	 1.320000e+03 	 -1.080000e+03 	 2.000000e+00
12 	 63 	 Ey 	 2 	 2.256050e+00 	 1.560000e+03 	 -1.080000e+03 	 2.000000e+00
12 	 64 	 Ey 	 2 	 2.131424e+00 	 1.800000e+03 	 -1.080000e+03 	 2.000000e+00
12 	 65 	 Ey 	 2 	 3.132421e+00 	 -1.800000e+03 	 -8.400000e+02 	 2.000000e+00
12 	 66 	 Ey 	 2 	 3.459298e+00 	 -1.560000e+03 	 -8.400000e+02 	 2.000000e+00
12 	 67 	 Ey 	 2 	 3.422324e+00 	 -1.320000e+03 	 -8.400000e+02 	 2.000000e+00
12 	 68 	 Ey 	 2 	 4.097334e+00 	 -1.080000e+03 	 -8.400000e+02 	 2.000000e+00
12 	 69 	 Ey 	 2 	 3.478025e+00 	 -8.400000e+02 	 -8.400000e+02 	 2.000000e+00
12 	 70 	 Ey 	 2 	 3.999579e+00 	 -6.000000e+02 	 -8.400000e+02 	 2.000000e+00
12 	 71 	 Ey 	 2 	 3.364717e+00 	 -3.600000e+02 	 -8.400000e+02 	 2.000000e+00
12 	 72 	 Ey 	 2 	 4.652271e+00 	 -1.200000e+02 	 -8.400000e+02 	 2.000000e+00
12 	 73 	 Ey 	 2 	 5.801968e+00 	 1.200000e+02 	 -8.400000e+02 	 2.000000e+00
12 	 74 	 Ey 	 2 	 7.939231e+00 	 3.600000e+02 	 -8.400000e+02 	 2.000000e+00
12 	 75 	 Ey 	 2 	 9.819509e+00 	 6.000000e+02 	 -8.400000e+02 	 2.000000e+00
12 	 76 	 Ey 	 2 	 8.572268e+00 	 8.400000e+02 	 -8.400000e+02 	 2.000000e+00
12 	 77 	 Ey 	 2 	 4.895795e+00 	 1.080000e+03 	 -8.400000e+02 	 2.000000e+00
12 	 78 	 Ey 	 2 	 4.052359e+00 	 1.320000e+03 	 -8.400000e+02 	 2.000000e+00
12 	 79 	 Ey 	 2 	 2.082212e+00 	 1.560000e+03 	 -8.400000e+02 	 2.000000e+00
12 	 80 	 Ey 	 2 	 1.549202e+00 	 1.800000e+03 	 -8.400000e+02 	 2.000000e+00
12 	 81 	 Ey 	 2 	 3.410919e+00 	 -1.800000e+03 	 -6.000000e+02 	 2.000000e+00
12 	 82 	 Ey 	 2 	 4.035377e+00 	 -1.560000e+03 	 -6.000000e+02 	 2.000000e+00
12 	 83 	 Ey 	 2 	 5.278130e+00 	 -1.320000e+03 	 -6.000000e+02 	 2.000000e+00
12 	 84 	 Ey 	 2 	 6.649375e+00 	 -1.080000e+03 	 -6.000000e+02 	 2.000000e+00
12 	 85 	 Ey 	 2 	 5.709516e+00 	 -8.400000e+02 	 -6.000000e+02 	 2.000000e+00
12 	 86 	 Ey 	 2 	 5.315962e+00 	 -6.000000e+02 	 -6.000000e+02 	 2.000000e+00
12 	 87 	 Ey 	 2 	 1.081683e+00 	 -3.600000e+02 	 -6.000000e+02 	 2.000000e+00
12 	 88 	 Ey 	 2 	 3.926308e+00 	 -1.200000e+02 	 -6.000000e+02 	 2.000000e+00
12 	 89 	 Ey 	 2 	 6.213916e+00 	 1.200000e+02 	 -6.000000e+02 	 2.000000e+00
12 	 90 	 Ey 	 2 	 7.277680e+00 	 3.600000e+02 	 -6.000000e+02 	 2.000000e+00
12 	 91 	 Ey 	 2 	 8.098413e+00 	 6.000000e+02 	 -6.000000e+02 	 2.000000e+00
12 	 92 	 Ey 	 2 	 4.712676e+00 	 8.400000e+02 	 -6.000000e+02 	 2.000000e+00
12 	 93 	 Ey 	 2 	 4.257760e+00 	 1.080000e+03 	 -6.000000e+02 	 2.000000e+00
12 	 94 	 Ey 	 2 	 2.449349e+00 	 1.320000e+03 	 -6.000000e+02 	 2.000000e+00
12 	 95 	 Ey 	 2 	 2.506015e+00 	 1.560000e+03 	 -6.000000e+02 	 2.000000e+00
12 	 96 	 Ey 	 2 	 1.330521e+00 	 1.800000e+03 	 -6.000000e+02 	 2.000000e+00
12 	 97 	 Ey 	 2 	 4.049499e+00 	 -1.800000e+03 	 -3.600000e+02 	 2.000000e+00
12 	 98 	 Ey 	 2 	 5.393571e+00 	 -1.560000e+03 	 -3.600000e+02 	 2.000000e+00
12 	 99 	 Ey 	 2 	 6.627259e+00 	 -1.320000e+03 	 -3.600000e+02 	 2.000000e+00
12 	 100 	 Ey 	 2 	 6.516789e+00 	 -1.080000e+03 	 -3.600000e+02 	 2.000000e+00
12 	 101 	 Ey 	 2 	 5.637582e+00 	 -8.400000e+02 	 -3.600000e+02 	 2.000000e+00
12 	 102 	 Ey 	 2 	 4.773604e+00 	 -6.000000e+02 	 -3.600000e+02 	 2.000000e+00
12 	 103 	 Ey 	 2 	 1.769187e+00 	 -3.600000e+02 	 -3.600000e+02 	 2.000000e+00
12 	 104 	 Ey 	 2 	 2.908090e+00 	 -1.200000e+02 	 -3.600000e+02 	 2.000000e+00
12 	 105 	 Ey 	 2 	 4.052988e+00 	 1.200000e+02 	 -3.600000e+02 	 2.000000e+00
12 	 106 	 Ey 	 2 	 6.534518e+00 	 3.600000e+02 	 -3.600000e+02 	 2.000000e+00
12 	 107 	 Ey 	 2 	 7.977449e+00 	 6.000000e+02 	 -3.600000e+02 	 2.000000e+00
12 	 108 	 Ey 	 2 	 3.893409e+00 	 8.400000e+02 	 -3.600000e+02 	 2.000000e+00
12 	 109 	 Ey 	 2 	 4.088177e+00 	 1.080000e+03 	 -3.600000e+02 	 2.000000e+00
12 	 110 	 Ey 	 2 	 4.496691e-01 	 1.320000e+03 	 -3.600000e+02 	 2.000000e+00
12 	 111 	 Ey 	 2 	 1.798661e+00 	 1.560000e+03 	 -3.600000e+02 	 2.000000e+00
12 	 112 	 Ey 	 2 	 8.678032e-02 	 1.800000e+03 	 -3.600000e+02 	 2.000000e+00
12 	 113 	 Ey 	 2 	 4.548702e+00 	 -1.800000e+03 	 -1.200000e+02 	 2.000000e+00
12 	 114 	 Ey 	 2 	 4.976251e+00 	 -1.560000e+03 	 -1.200000e+02 	 2.000000e+00
12 	 115 	 Ey 	 2 	 5.806402e+00 	 -1.320000e+03 	 -1.200000e+02 	 2.000000e+00
12 	 116 	 Ey 	 2 	 5.519234e+00 	 -1.080000e+03 	 -1.200000e+02 	 2.000000e+00
12 	 117 	 Ey 	 2 	 5.019111e+00 	 -8.400000e+02 	 -1.200000e+02 	 2.000000e+00
12 	 118 	 Ey 	 2 	 3.533537e+00 	 -6.000000e+02 	 -1.200000e+02 	 2.000000e+00
12 	 119 	 Ey 	 2 	 1.477554e+00 	 -3.600000e+02 	 -1.200000e+02 	 2.000000e+00
12 	 120 	 Ey 	 2 	 1.121802e+00 	 -1.200000e+02 	 -1.200000e+02 	 2.000000e+00
12 	 121 	 Ey 	 2 	 4.604766e+00 	 1.200000e+02 	 -1.200000e+02 	 2.000000e+00
12 	 122 	 Ey 	 2 	 5.491323e+00 	 3.600000e+02 	 -1.200000e+02 	 2.000000e+00
12 	 123 	 Ey 	 2 	 4.120056e+00 	 6.000000e+02 	 -1.200000e+02 	 2.000000e+00
12 	 124 	 Ey 	 2 	 2.934182e+00 	 8.400000e+02 	 -1.200000e+02 	 2.000000e+00
12 	 125 	 Ey 	 2 	 2.441300e+00 	 1.080000e+03 	 -1.200000e+02 	 2.000000e+00
12 	 126 	 Ey 	 2 	 6.922209e-01 	 1.320000e+03 	 -1.200000e+02 	 2.000000e+00
12 	 127 	 Ey 	 2 	 1.182231e+00 	 1.560000e+03 	 -1.200000e+02 	 2.000000e+00
12 	 128 	 Ey 	 2 	 1.205940e+00 	 1.800000e+03 	 -1.200000e+02 	 2.000000e+00
12 	 129 	 Ey 	 2 	 4.897236e+00 	 -1.800000e+03 	 1.200000e+02 	 2.000000e+00
12 	 130 	 Ey 	 2 	 2.880779e+00 	 -1.560000e+03 	 1.200000e+02 	 2.000000e+00
12 	 131 	 Ey 	 2 	 4.833637e+00 	 -1.320000e+03 	 1.200000e+02 	 2.000000e+00
12 	 132 	 Ey 	 2 	 3.465255e+00 	 -1.080000e+03 	 1.200000e+02 	 2.000000e+00
12 	 133 	 Ey 	 2 	 3.467163e+00 	 -8.400000e+02 	 1.200000e+02 	 2.000000e+00
12 	 134 	 Ey 	 2 	 3.053046e+00 	 -6.000000e+02 	 1.200000e+02 	 2.000000e+00
12 	 135 	 Ey 	 2 	 8.337547e-01 	 -3.600000e+02 	 1.200000e+02 	 2.000000e+00
12 	 136 	 Ey 	 2 	 1.958541e+00 	 -1.200000e+02 	 1.200000e+02 	 2.000000e+00
12 	 137 	 Ey 	 2 	 1.965438e+00 	 1.200000e+02 	 1.200000e+02 	 2.000000e+00
12 	 138 	 Ey 	 2 	 3.895661e+00 	 3.600000e+02 	 1.200000e+02 	 2.000000e+00
12 	 139 	 Ey 	 2 	 3.343820e+00 	 6.000000e+02 	 1.200000e+02 	 2.000000e+00
12 	 140 	 Ey 	 2 	 1.619218e+00 	 8.400000e+02 	 1.200000e+02 	 2.000000e+00
12 	 141 	 Ey 	 2 	 3.504587e-01 	 1.080000e+03 	 1.200000e+02 	 2.000000e+00
12 	 142 	 Ey 	 2 	 0.000000e+00 	 1.320000e+03 	 1.200000e+02 	 2.000000e+00
12 	 143 	 Ey 	 2 	 0.000000e+00 	 1.560000e+03 	 1.200000e+02 	 2.000000e+00
12 	 144 	 Ey 	 2 	 0.000000e+00 	 1.800000e+03 	 1.200000e+02 	 2.000000e+00
12 	 145 	 Ey 	 2 	 4.151171e+00 	 -1.800000e+03 	 3.600000e+02 	 2.000000e+00
12 	 146 	 Ey 	 2 	 3.819430e+00 	 -1.560000e+03 	 3.600000e+02 	 2.000000e+00
12 	 147 	 Ey 	 2 	 2.464880e+00 	 -1.320000e+03 	 3.600000e+02 	 2.000000e+00
12 	 148 	 Ey 	 2 	 3.878641e+00 	 -1.080000e+03 	 3.600000e+02 	 2.000000e+00
12 	 149 	 Ey 	 2 	 1.801237e+00 	 -8.400000e+02 	 3.600000e+02 	 2.000000e+00
12 	 150 	 Ey 	 2 	 1.276130e+00 	 -6.000000e+02 	 3.600000e+02 	 2.000000e+00
12 	 151 	 Ey 	 2 	 9.107572e-01 	 -3.600000e+02 	 3.600000e+02 	 2.000000e+00
12 	 152 	 Ey 	 2 	 1.246753e+00 	 -1.200000e+02 	 3.600000e+02 	 2.000000e+00
12 	 153 	 Ey 	 2 	 3.474229e-01 	 1.200000e+02 	 3.600000e+02 	 2.000000e+00
12 	 154 	 Ey 	 2 	 1.764108e+00 	 3.600000e+02 	 3.600000e+02 	 2.000000e+00
12 	 155 	 Ey 	 2 	 1.286592e-01 	 6.000000e+02 	 3.600000e+02 	 2.000000e+00
12 	 156 	 Ey 	 2 	 1.847731e+00 	 8.400000e+02 	 3.600000e+02 	 2.000000e+00
12 	 157 	 Ey 	 2 	 0.000000e+00 	 1.080000e+03 	 3.600000e+02 	 2.000000e+00
12 	 158 	 Ey 	 2 	 0.000000e+00 	 1.320000e+03 	 3.600000e+02 	 2.000000e+00
12 	 159 	 Ey 	 2 	 0.000000e+00 	 1.560000e+03 	 3.600000e+02 	 2.000000e+00
12 	 160 	 Ey 	 2 	 0.000000e+00 	 1.800000e+03 	 3.600000e+02 	 2.000000e+00
12 	 161 	 Ey 	 2 	 1.848529e+00 	 -1.800000e+03 	 6.000000e+02 	 2.000000e+00
12 	 162 	 Ey 	 2 	 6.380107e-01 	 -1.560000e+03 	 6.000000e+02 	 2.000000e+00
12 	 163 	 Ey 	 2 	 1.011524e+00 	 -1.320000e+03 	 6.000000e+02 	 2.000000e+00
12 	 164 	 Ey 	 2 	 6.750743e-01 	 -1.080000e+03 	 6.000000e+02 	 2.000000e+00
12 	 165 	 Ey 	 2 	 3.882346e-01 	 -8.400000e+02 	 6.000000e+02 	 2.000000e+00
12 	 166 	 Ey 	 2 	 1.119189e+00 	 -6.000000e+02 	 6.000000e+02 	 2.000000e+00
12 	 167 	 Ey 	 2 	 1.651114e+00 	 -3.600000e+02 	 6.000000e+02 	 2.000000e+00
12 	 168 	 Ey 	 2 	 2.826569e+00 	 -1.200000e+02 	 6.000000e+02 	 2.000000e+00
12 	 169 	 Ey 	 2 	 1.995314e+00 	 1.200000e+02 	 6.000000e+02 	 2.000000e+00
12 	 170 	 Ey 	 2 	 1.642617e+00 	 3.600000e+02 	 6.000000e+02 	 2.000000e+00
12 	 171 	 Ey 	 2 	 6.036450e-01 	 6.000000e+02 	 6.000000e+02 	 2.000000e+00
12 	 172 	 Ey 	 2 	 3.905293e-01 	 8.400000e+02 	 6.000000e+02 	 2.000000e+00
12 	 173 	 Ey 	 2 	 0.000000e+00 	 1.080000e+03 	 6.000000e+02 	 2.000000e+00
12 	 174 	 Ey 	 2 	 0.000000e+00 	 1.320000e+03 	 6.000000e+02 	 2.000000e+00
12 	 175 	 Ey 	 2 	 0.000000e+00 	 1.560000e+03 	 6.000000e+02 	 2.000000e+00
12 	 176 	 Ey 	 2 	 0.000000e+00 	 1.800000e+03 	 6.000000e+02 	 2.000000e+00
12 	 177 	 Ey 	 2 	 2.818665e+00 	 -1.800000e+03 	 8.400000e+02 	 2.000000e+00
12 	 178 	 Ey 	 2 	 2.981863e+00 	 -1.560000e+03 	 8.400000e+02 	 2.000000e+00
12 	 179 	 Ey 	 2 	 1.329292e+00 	 -1.320000e+03 	 8.400000e+02 	 2.000000e+00
12 	 180 	 Ey 	 2 	 2.280751e+00 	 -1.080000e+03 	 8.400000e+02 	 2.000000e+00
12 	 181 	 Ey 	 2 	 1.887617e+00 	 -8.400000e+02 	 8.400000e+02 	 2.000000e+00
12 	 182 	 Ey 	 2 	 2.958282e+00 	 -6.000000e+02 	 8.400000e+02 	 2.000000e+00
12 	 183 	 Ey 	 2 	 1.162100e+00 	 -3.600000e+02 	 8.400000e+02 	 2.000000e+00
12 	 184 	 Ey 	 2 	 3.296079e+00 	 -1.200000e+02 	 8.400000e+02 	 2.000000e+00
12 	 185 	 Ey 	 2 	 5.493993e+00 	 1.200000e+02 	 8.400000e+02 	 2.000000e+00
12 	 186 	 Ey 	 2 	 5.842952e+00 	 3.600000e+02 	 8.400000e+02 	 2.000000e+00
12 	 187 	 Ey 	 2 	 4.064139e+00 	 6.000000e+02 	 8.400000e+02 	 2.000000e+00
12 	 188 	 Ey 	 2 	 3.570444e+00 	 8.400000e+02 	 8.400000e+02 	 2.000000e+00
12 	 189 	 Ey 	 2 	 6.514624e-01 	 1.080000e+03 	 8.400000e+02 	 2.000000e+00
12 	 190 	 Ey 	 2 	 0.000000e+00 	 1.320000e+03 	 8.400000e+02 	 2.000000e+00
12 	 191 	 Ey 	 2 	 0.000000e+00 	 1.560000e+03 	 8.400000e+02 	 2.000000e+00
12 	 192 	 Ey 	 2 	 0.000000e+00 	 1.800000e+03 	 8.400000e+02 	 2.000000e+00
12 	 193 	 Ey 	 2 	 1.658426e+00 	 -1.800000e+03 	 1.080000e+03 	 2.000000e+00
12 	 194 	 Ey 	 2 	 5.694444e-01 	 -1.560000e+03 	 1.080000e+03 	 2.000000e+00
12 	 195 	 Ey 	 2 	 6.182423e-01 	 -1.320000e+03 	 1.080000e+03 	 2.000000e+00
12 	 196 	 Ey 	 2 	 3.558196e-01 	 -1.080000e+03 	 1.080000e+03 	 2.000000e+00
12 	 197 	 Ey 	 2 	 3.253841e+00 	 -8.400000e+02 	 1.080000e+03 	 2.000000e+00
12 	 198 	 Ey 	 2 	 2.160923e+00 	 -6.000000e+02 	 1.080000e+03 	 2.000000e+00
12 	 199 	 Ey 	 2 	 2.075016e+00 	 -3.600000e+02 	 1.080000e+03 	 2.000000e+00
12 	 200 	 Ey 	 2 	 3.252307e+00 	 -1.200000e+02 	 1.080000e+03 	 2.000000e+00
12 	 201 	 Ey 	 2 	 6.333130e+00 	 1.200000e+02 	 1.080000e+03 	 2.000000e+00
12 	 202 	 Ey 	 2 	 5.332935e+00 	 3.600000e+02 	 1.080000e+03 	 2.000000e+00
12 	 203 	 Ey 	 2 	 4.425517e+00 	 6.000000e+02 	 1.080000e+03 	 2.000000e+00
12 	 204 	 Ey 	 2 	 3.081711e+00 	 8.400000e+02 	 1.080000e+03 	 2.000000e+00
12 	 205 	 Ey 	 2 	 7.985916e-01 	 1.080000e+03 	 1.080000e+03 	 2.000000e+00
12 	 206 	 Ey 	 2 	 1.551937e+00 	 1.320000e+03 	 1.080000e+03 	 2.000000e+00
12 	 207 	 Ey 	 2 	 0.000000e+00 	 1.560000e+03 	 1.080000e+03 	 2.000000e+00
12 	 208 	 Ey 	 2 	 0.000000e+00 	 1.800000e+03 	 1.080000e+03 	 2.000000e+00
12 	 209 	 Ey 	 2 	 5.269037e-01 	 -1.800000e+03 	 1.320000e+03 	 2.000000e+00
12 	 210 	 Ey 	 2 	 1.128967e+00 	 -1.560000e+03 	 1.320000e+03 	 2.000000e+00
12 	 211 	 Ey 	 2 	 1.198114e+00 	 -1.320000e+03 	 1.320000e+03 	 2.000000e+00
12 	 212 	 Ey 	 2 	 1.323795e+00 	 -1.080000e+03 	 1.320000e+03 	 2.000000e+00
12 	 213 	 Ey 	 2 	 2.410404e+00 	 -8.400000e+02 	 1.320000e+03 	 2.000000e+00
12 	 214 	 Ey 	 2 	 1.827827e+00 	 -6.000000e+02 	 1.320000e+03 	 2.000000e+00
12 	 215 	 Ey 	 2 	 2.708550e+00 	 -3.600000e+02 	 1.320000e+03 	 2.000000e+00
12 	 216 	 Ey 	 2 	 4.071637e+00 	 -1.200000e+02 	 1.320000e+03 	 2.000000e+00
12 	 217 	 Ey 	 2 	 3.897531e+00 	 1.200000e+02 	 1.320000e+03 	 2.000000e+00
12 	 218 	 Ey 	 2 	 5.381977e+00 	 3.600000e+02 	 1.320000e+03 	 2.000000e+00
12 	 219 	 Ey 	 2 	 4.466733e+00 	 6.000000e+02 	 1.320000e+03 	 2.000000e+00
12 	 220 	 Ey 	 2 	 3.470570e+00 	 8.400000e+02 	 1.320000e+03 	 2.000000e+00
12 	 221 	 Ey 	 2 	 1.318346e+00 	 1.080000e+03 	 1.320000e+03 	 2.000000e+00
12 	 222 	 Ey 	 2 	 1.083474e+00 	 1.320000e+03 	 1.320000e+03 	 2.000000e+00
12 	 223 	 Ey 	 2 	 1.363360e+00 	 1.560000e+03 	 1.320000e+03 	 2.000000e+00
12 	 224 	 Ey 	 2 	 1.054006e+00 	 1.800000e+03 	 1.320000e+03 	 2.000000e+00
12 	 225 	 Ey 	 2 	 1.482512e+00 	 -1.800000e+03 	 1.560000e+03 	 2.000000e+00
12 	 226 	 Ey 	 2 	 9.153117e-01 	 -1.560000e+03 	 1.560000e+03 	 2.000000e+00
12 	 227 	 Ey 	 2 	 1.751698e+00 	 -1.320000e+03 	 1.560000e+03 	 2.000000e+00
12 	 228 	 Ey 	 2 	 2.765506e+00 	 -1.080000e+03 	 1.560000e+03 	 2.000000e+00
12 	 229 	 Ey 	 2 	 2.589754e+00 	 -8.400000e+02 	 1.560000e+03 	 2.000000e+00
12 	 230 	 Ey 	 2 	 2.669710e+00 	 -6.000000e+02 	 1.560000e+03 	 2.000000e+00
12 	 231 	 Ey 	 2 	 2.274047e+00 	 -3.600000e+02 	 1.560000e+03 	 2.000000e+00
12 	 232 	 Ey 	 2 	 3.052162e+00 	 -1.200000e+02 	 1.560000e+03 	 2.000000e+00
12 	 233 	 Ey 	 2 	 3.232971e+00 	 1.200000e+02 	 1.560000e+03 	 2.000000e+00
12 	 234 	 Ey 	 2 	 3.139780e+00 	 3.600000e+02 	 1.560000e+03 	 2.000000e+00
12 	 235 	 Ey 	 2 	 2.831980e+00 	 6.000000e+02 	 1.560000e+03 	 2.000000e+00
12 	 236 	 Ey 	 2 	 2.313812e+00 	 8.400000e+02 	 1.560000e+03 	 2.000000e+00
12 	 237 	 Ey 	 2 	 3.604812e+00 	 1.080000e+03 	 1.560000e+03 	 2.000000e+00
12 	 238 	 Ey 	 2 	 2.359801e+00 	 1.320000e+03 	 1.560000e+03 	 2.000000e+00
12 	 239 	 Ey 	 2 	 6.843079e-01 	 1.560000e+03 	 1.560000e+03 	 2.000000e+00
12 	 240 	 Ey 	 2 	 1.068211e+00 	 1.800000e+03 	 1.560000e+03 	 2.000000e+00
12 	 241 	 Ey 	 2 	 1.061719e+00 	 -1.800000e+03 	 1.800000e+03 	 2.000000e+00
12 	 242 	 Ey 	 2 	 3.715213e-01 	 -1.560000e+03 	 1.800000e+03 	 2.000000e+00
12 	 243 	 Ey 	 2 	 4.891104e-01 	 -1.320000e+03 	 1.800000e+03 	 2.000000e+00
12 	 244 	 Ey 	 2 	 5.602173e-01 	 -1.080000e+03 	 1.800000e+03 	 2.000000e+00
12 	 245 	 Ey 	 2 	 6.313532e-01 	 -8.400000e+02 	 1.800000e+03 	 2.000000e+00
12 	 246 	 Ey 	 2 	 2.955988e-01 	 -6.000000e+02 	 1.800000e+03 	 2.000000e+00
12 	 247 	 Ey 	 2 	 2.069746e+00 	 -3.600000e+02 	 1.800000e+03 	 2.000000e+00
12 	 248 	 Ey 	 2 	 9.785516e-01 	 -1.200000e+02 	 1.800000e+03 	 2.000000e+00
12 	 249 	 Ey 	 2 	 2.266448e+00 	 1.200000e+02 	 1.800000e+03 	 2.000000e+00
12 	 250 	 Ey 	 2 	 2.139281e+00 	 3.600000e+02 	 1.800000e+03 	 2.000000e+00
12 	 251 	 Ey 	 2 	 3.000111e+00 	 6.000000e+02 	 1.800000e+03 	 2.000000e+00
12 	 252 	 Ey 	 2 	 3.233778e+00 	 8.400000e+02 	 1.800000e+03 	 2.000000e+00
12 	 253 	 Ey 	 2 	 1.468925e+00 	 1.080000e+03 	 1.800000e+03 	 2.000000e+00
12 	 254 	 Ey 	 2 	 2.441826e+00 	 1.320000e+03 	 1.800000e+03 	 2.000000e+00
12 	 255 	 Ey 	 2 	 1.539310e+00 	 1.560000e+03 	 1.800000e+03 	 2.000000e+00
12 	 256 	 Ey 	 2 	 8.108801e-01 	 1.800000e+03 	 1.800000e+03 	 2.000000e+00
