iTx 	 iRx    ichrec  ifreq 	 sig_misfit   x       y      z
13 	 1 	 Ex 	 1 	 2.521906e+00 	 -1.800000e+03 	 -1.800000e+03 	 2.000000e+00
13 	 2 	 Ex 	 1 	 2.804869e+00 	 -1.560000e+03 	 -1.800000e+03 	 2.000000e+00
13 	 3 	 Ex 	 1 	 3.327099e+00 	 -1.320000e+03 	 -1.800000e+03 	 2.000000e+00
13 	 4 	 Ex 	 1 	 1.960558e+00 	 -1.080000e+03 	 -1.800000e+03 	 2.000000e+00
13 	 5 	 Ex 	 1 	 6.745179e-01 	 -8.400000e+02 	 -1.800000e+03 	 2.000000e+00
13 	 6 	 Ex 	 1 	 4.334011e+00 	 -6.000000e+02 	 -1.800000e+03 	 2.000000e+00
13 	 7 	 Ex 	 1 	 6.192571e+00 	 -3.600000e+02 	 -1.800000e+03 	 2.000000e+00
13 	 8 	 Ex 	 1 	 5.937811e+00 	 -1.200000e+02 	 -1.800000e+03 	 2.000000e+00
13 	 9 	 Ex 	 1 	 5.853137e+00 	 1.200000e+02 	 -1.800000e+03 	 2.000000e+00
13 	 10 	 Ex 	 1 	 7.099073e+00 	 3.600000e+02 	 -1.800000e+03 	 2.000000e+00
13 	 11 	 Ex 	 1 	 8.382689e+00 	 6.000000e+02 	 -1.800000e+03 	 2.000000e+00
13 	 12 	 Ex 	 1 	 7.264904e+00 	 8.400000e+02 	 -1.800000e+03 	 2.000000e+00
13 	 13 	 Ex 	 1 	 7.046402e+00 	 1.080000e+03 	 -1.800000e+03 	 2.000000e+00
13 	 14 	 Ex 	 1 	 7.002807e+00 	 1.320000e+03 	 -1.800000e+03 	 2.000000e+00
13 	 15 	 Ex 	 1 	 7.389389e+00 	 1.560000e+03 	 -1.800000e+03 	 2.000000e+00
13 	 16 	 Ex 	 1 	 3.955834e+00 	 1.800000e+03 	 -1.800000e+03 	 2.000000e+00
13 	 17 	 Ex 	 1 	 3.104209e+00 	 -1.800000e+03 	 -1.560000e+03 	 2.000000e+00
13 	 18 	 Ex 	 1 	 2.724782e+00 	 -1.560000e+03 	 -1.560000e+03 	 2.000000e+00
13 	 19 	 Ex 	 1 	 2.569614e+00 	 -1.320000e+03 	 -1.560000e+03 	 2.000000e+00
13 	 20 	 Ex 	 1 	 1.469922e+00 	 -1.080000e+03 	 -1.560000e+03 	 2.000000e+00
13 	 21 	 Ex 	 1 	 3.216620e+00 	 -8.400000e+02 	 -1.560000e+03 	 2.000000e+00
13 	 22 	 Ex 	 1 	 4.276774e+00 	 -6.000000e+02 	 -1.560000e+03 	 2.000000e+00
13 	 23 	 Ex 	 1 	 7.408508e+00 	 -3.600000e+02 	 -1.560000e+03 	 2.000000e+00
13 	 24 	 Ex 	 1 	 8.595921e+00 	 -1.200000e+02 	 -1.560000e+03 	 2.000000e+00
13 	 25 	 Ex 	 1 	 9.215343e+00 	 1.200000e+02 	 -1.560000e+03 	 2.000000e+00
13 	 26 	 Ex 	 1 	 1.158109e+01 	 3.600000e+02 	 -1.560000e+03 	 2.000000e+00
13 	 27 	 Ex 	 1 	 7.911945e+00 	 6.000000e+02 	 -1.560000e+03 	 2.000000e+00
13 	 28 	 Ex 	 1 	 6.785611e+00 	 8.400000e+02 	 -1.560000e+03 	 2.000000e+00
13 	 29 	 Ex 	 1 	 6.894133e+00 	 1.080000e+03 	 -1.560000e+03 	 2.000000e+00
13 	 30 	 Ex 	 1 	 7.535159e+00 	 1.320000e+03 	 -1.560000e+03 	 2.000000e+00
13 	 31 	 Ex 	 1 	 6.341386e+00 	 1.560000e+03 	 -1.560000e+03 	 2.000000e+00
13 	 32 	 Ex 	 1 	 7.049305e+00 	 1.800000e+03 	 -1.560000e+03 	 2.000000e+00
13 	 33 	 Ex 	 1 	 4.359573e+00 	 -1.800000e+03 	 -1.320000e+03 	 2.000000e+00
13 	 34 	 Ex 	 1 	 3.591402e+00 	 -1.560000e+03 	 -1.320000e+03 	 2.000000e+00
13 	 35 	 Ex 	 1 	 4.220759e+00 	 -1.320000e+03 	 -1.320000e+03 	 2.000000e+00
13 	 36 	 Ex 	 1 	 2.364674e+00 	 -1.080000e+03 	 -1.320000e+03 	 2.000000e+00
13 	 37 	 Ex 	 1 	 2.237687e+00 	 -8.400000e+02 	 -1.320000e+03 	 2.000000e+00
13 	 38 	 Ex 	 1 	 3.145880e+00 	 -6.000000e+02 	 -1.320000e+03 	 2.000000e+00
13 	 39 	 Ex 	 1 	 5.701820e+00 	 -3.600000e+02 	 -1.320000e+03 	 2.000000e+00
13 	 40 	 Ex 	 1 	 9.157824e+00 	 -1.200000e+02 	 -1.320000e+03 	 2.000000e+00
13 	 41 	 Ex 	 1 	 9.353116e+00 	 1.200000e+02 	 -1.320000e+03 	 2.000000e+00
13 	 42 	 Ex 	 1 	 9.058813e+00 	 3.600000e+02 	 -1.320000e+03 	 2.000000e+00
13 	 43 	 Ex 	 1 	 8.100685e+00 	 6.000000e+02 	 -1.320000e+03 	 2.000000e+00
13 	 44 	 Ex 	 1 	 9.952679e+00 	 8.400000e+02 	 -1.320000e+03 	 2.000000e+00
13 	 45 	 Ex 	 1 	 7.943052e+00 	 1.080000e+03 	 -1.320000e+03 	 2.000000e+00
13 	 46 	 Ex 	 1 	 4.023041e+00 	 1.320000e+03 	 -1.320000e+03 	 2.000000e+00
13 	 47 	 Ex 	 1 	 8.331227e+00 	 1.560000e+03 	 -1.320000e+03 	 2.000000e+00
13 	 48 	 Ex 	 1 	 4.867508e+00 	 1.800000e+03 	 -1.320000e+03 	 2.000000e+00
13 	 49 	 Ex 	 1 	 4.035858e+00 	 -1.800000e+03 	 -1.080000e+03 	 2.000000e+00
13 	 50 	 Ex 	 1 	 4.554173e+00 	 -1.560000e+03 	 -1.080000e+03 	 2.000000e+00
13 	 51 	 Ex 	 1 	 5.535431e+00 	 -1.320000e+03 	 -1.080000e+03 	 2.000000e+00
13 	 52 	 Ex 	 1 	 2.602048e+00 	 -1.080000e+03 	 -1.080000e+03 	 2.000000e+00
13 	 53 	 Ex 	 1 	 2.216926e+00 	 -8.400000e+02 	 -1.080000e+03 	 2.000000e+00
13 	 54 	 Ex 	 1 	 4.462868e+00 	 -6.000000e+02 	 -1.080000e+03 	 2.000000e+00
13 	 55 	 Ex 	 1 	 7.566308e+00 	 -3.600000e+02 	 -1.080000e+03 	 2.000000e+00
13 	 56 	 Ex 	 1 	 9.659334e+00 	 -1.200000e+02 	 -1.080000e+03 	 2.000000e+00
13 	 57 	 Ex 	 1 	 1.083234e+01 	 1.200000e+02 	 -1.080000e+03 	 2.000000e+00
13 	 58 	 Ex 	 1 	 1.012227e+01 	 3.600000e+02 	 -1.080000e+03 	 2.000000e+00
13 	 59 	 Ex 	 1 	 9.072069e+00 	 6.000000e+02 	 -1.080000e+03 	 2.000000e+00
13 	 60 	 Ex 	 1 	 9.488357e+00 	 8.400000e+02 	 -1.080000e+03 	 2.000000e+00
13 	 61 	 Ex 	 1 	 6.571284e+00 	 1.080000e+03 	 -1.080000e+03 	 2.000000e+00
13 	 62 	 Ex 	 1 	 6.149399e+00 	 1.320000e+03 	 -1.080000e+03 	 2.000000e+00
13 	 63 	 Ex 	 1 	 7.279099e+00 	 1.560000e+03 	 -1.080000e+03 	 2.000000e+00
13 	 64 	 Ex 	 1 	 4.142087e+00 	 1.800000e+03 	 -1.080000e+03 	 2.000000e+00
13 	 65 	 Ex 	 1 	 1.968029e+00 	 -1.800000e+03 	 -8.400000e+02 	 2.000000e+00
13 	 66 	 Ex 	 1 	 3.853360e+00 	 -1.560000e+03 	 -8.400000e+02 	 2.000000e+00
13 	 67 	 Ex 	 1 	 3.341518e+00 	 -1.320000e+03 	 -8.400000e+02 	 2.000000e+00
13 	 68 	 Ex 	 1 	 3.129031e+00 	 -1.080000e+03 	 -8.400000e+02 	 2.000000e+00
13 	 69 	 Ex 	 1 	 2.852319e+00 	 -8.400000e+02 	 -8.400000e+02 	 2.000000e+00
13 	 70 	 Ex 	 1 	 6.209286e+00 	 -6.000000e+02 	 -8.400000e+02 	 2.000000e+00
13 	 71 	 Ex 	 1 	 8.590944e+00 	 -3.600000e+02 	 -8.400000e+02 	 2.000000e+00
13 	 72 	 Ex 	 1 	 8.125585e+00 	 -1.200000e+02 	 -8.400000e+02 	 2.000000e+00
13 	 73 	 Ex 	 1 	 8.460300e+00 	 1.200000e+02 	 -8.400000e+02 	 2.000000e+00
13 	 74 	 Ex 	 1 	 9.291232e+00 	 3.600000e+02 	 -8.400000e+02 	 2.000000e+00
13 	 75 	 Ex 	 1 	 7.045815e+00 	 6.000000e+02 	 -8.400000e+02 	 2.000000e+00
13 	 76 	 Ex 	 1 	 6.050371e+00 	 8.400000e+02 	 -8.400000e+02 	 2.000000e+00
13 	 77 	 Ex 	 1 	 7.613411e+00 	 1.080000e+03 	 -8.400000e+02 	 2.000000e+00
13 	 78 	 Ex 	 1 	 8.331888e+00 	 1.320000e+03 	 -8.400000e+02 	 2.000000e+00
13 	 79 	 Ex 	 1 	 4.896251e+00 	 1.560000e+03 	 -8.400000e+02 	 2.000000e+00
13 	 80 	 Ex 	 1 	 3.195323e+00 	 1.800000e+03 	 -8.400000e+02 	 2.000000e+00
13 	 81 	 Ex 	 1 	 1.878246e+00 	 -1.800000e+03 	 -6.000000e+02 	 2.000000e+00
13 	 82 	 Ex 	 1 	 2.542255e+00 	 -1.560000e+03 	 -6.000000e+02 	 2.000000e+00
13 	 83 	 Ex 	 1 	 2.920714e+00 	 -1.320000e+03 	 -6.000000e+02 	 2.000000e+00
13 	 84 	 Ex 	 1 	 2.599649e+00 	 -1.080000e+03 	 -6.000000e+02 	 2.000000e+00
13 	 85 	 Ex 	 1 	 3.582509e+00 	 -8.400000e+02 	 -6.000000e+02 	 2.000000e+00
13 	 86 	 Ex 	 1 	 5.480630e+00 	 -6.000000e+02 	 -6.000000e+02 	 2.000000e+00
13 	 87 	 Ex 	 1 	 6.837747e+00 	 -3.600000e+02 	 -6.000000e+02 	 2.000000e+00
13 	 88 	 Ex 	 1 	 6.180073e+00 	 -1.200000e+02 	 -6.000000e+02 	 2.000000e+00
13 	 89 	 Ex 	 1 	 6.344031e+00 	 1.200000e+02 	 -6.000000e+02 	 2.000000e+00
13 	 90 	 Ex 	 1 	 7.142128e+00 	 3.600000e+02 	 -6.000000e+02 	 2.000000e+00
13 	 91 	 Ex 	 1 	 6.760170e+00 	 6.000000e+02 	 -6.000000e+02 	 2.000000e+00
13 	 92 	 Ex 	 1 	 6.420050e+00 	 8.400000e+02 	 -6.000000e+02 	 2.000000e+00
13 	 93 	 Ex 	 1 	 7.867509e+00 	 1.080000e+03 	 -6.000000e+02 	 2.000000e+00
13 	 94 	 Ex 	 1 	 6.768690e+00 	 1.320000e+03 	 -6.000000e+02 	 2.000000e+00
13 	 95 	 Ex 	 1 	 4.463890e+00 	 1.560000e+03 	 -6.000000e+02 	 2.000000e+00
13 	 96 	 Ex 	 1 	 4.754265e+00 	 1.800000e+03 	 -6.000000e+02 	 2.000000e+00
13 	 97 	 Ex 	 1 	 1.967000e+00 	 -1.800000e+03 	 -3.600000e+02 	 2.000000e+00
13 	 98 	 Ex 	 1 	 2.428563e+00 	 -1.560000e+03 	 -3.600000e+02 	 2.000000e+00
13 	 99 	 Ex 	 1 	 1.904373e+00 	 -1.320000e+03 	 -3.600000e+02 	 2.000000e+00
13 	 100 	 Ex 	 1 	 9.071643e-01 	 -1.080000e+03 	 -3.600000e+02 	 2.000000e+00
13 	 101 	 Ex 	 1 	 2.827097e+00 	 -8.400000e+02 	 -3.600000e+02 	 2.000000e+00
13 	 102 	 Ex 	 1 	 5.913769e+00 	 -6.000000e+02 	 -3.600000e+02 	 2.000000e+00
13 	 103 	 Ex 	 1 	 4.979702e+00 	 -3.600000e+02 	 -3.600000e+02 	 2.000000e+00
13 	 104 	 Ex 	 1 	 4.605133e+00 	 -1.200000e+02 	 -3.600000e+02 	 2.000000e+00
13 	 105 	 Ex 	 1 	 2.746570e+00 	 1.200000e+02 	 -3.600000e+02 	 2.000000e+00
13 	 106 	 Ex 	 1 	 3.905169e+00 	 3.600000e+02 	 -3.600000e+02 	 2.000000e+00
13 	 107 	 Ex 	 1 	 5.192611e+00 	 6.000000e+02 	 -3.600000e+02 	 2.000000e+00
13 	 108 	 Ex 	 1 	 8.354210e+00 	 8.400000e+02 	 -3.600000e+02 	 2.000000e+00
13 	 109 	 Ex 	 1 	 7.183116e+00 	 1.080000e+03 	 -3.600000e+02 	 2.000000e+00
13 	 110 	 Ex 	 1 	 6.320291e+00 	 1.320000e+03 	 -3.600000e+02 	 2.000000e+00
13 	 111 	 Ex 	 1 	 4.953414e+00 	 1.560000e+03 	 -3.600000e+02 	 2.000000e+00
13 	 112 	 Ex 	 1 	 3.981417e+00 	 1.800000e+03 	 -3.600000e+02 	 2.000000e+00
13 	 113 	 Ex 	 1 	 2.226021e+00 	 -1.800000e+03 	 -1.200000e+02 	 2.000000e+00
13 	 114 	 Ex 	 1 	 9.677458e-01 	 -1.560000e+03 	 -1.200000e+02 	 2.000000e+00
13 	 115 	 Ex 	 1 	 6.146139e-01 	 -1.320000e+03 	 -1.200000e+02 	 2.000000e+00
13 	 116 	 Ex 	 1 	 1.042635e+00 	 -1.080000e+03 	 -1.200000e+02 	 2.000000e+00
13 	 117 	 Ex 	 1 	 2.138809e+00 	 -8.400000e+02 	 -1.200000e+02 	 2.000000e+00
13 	 118 	 Ex 	 1 	 4.442235e+00 	 -6.000000e+02 	 -1.200000e+02 	 2.000000e+00
13 	 119 	 Ex 	 1 	 4.739575e+00 	 -3.600000e+02 	 -1.200000e+02 	 2.000000e+00
13 	 120 	 Ex 	 1 	 1.436232e+00 	 -1.200000e+02 	 -1.200000e+02 	 2.000000e+00
13 	 121 	 Ex 	 1 	 1.916081e+00 	 1.200000e+02 	 -1.200000e+02 	 2.000000e+00
13 	 122 	 Ex 	 1 	 1.025525e+00 	 3.600000e+02 	 -1.200000e+02 	 2.000000e+00
13 	 123 	 Ex 	 1 	 4.204506e+00 	 6.000000e+02 	 -1.200000e+02 	 2.000000e+00
13 	 124 	 Ex 	 1 	 7.951675e+00 	 8.400000e+02 	 -1.200000e+02 	 2.000000e+00
13 	 125 	 Ex 	 1 	 6.160637e+00 	 1.080000e+03 	 -1.200000e+02 	 2.000000e+00
13 	 126 	 Ex 	 1 	 3.357005e+00 	 1.320000e+03 	 -1.200000e+02 	 2.000000e+00
13 	 127 	 Ex 	 1 	 5.462308e+00 	 1.560000e+03 	 -1.200000e+02 	 2.000000e+00
13 	 128 	 Ex 	 1 	 3.028672e+00 	 1.800000e+03 	 -1.200000e+02 	 2.000000e+00
13 	 129 	 Ex 	 1 	 9.849264e-01 	 -1.800000e+03 	 1.200000e+02 	 2.000000e+00
13 	 130 	 Ex 	 1 	 1.634476e+00 	 -1.560000e+03 	 1.200000e+02 	 2.000000e+00
13 	 131 	 Ex 	 1 	 8.461629e-01 	 -1.320000e+03 	 1.200000e+02 	 2.000000e+00
13 	 132 	 Ex 	 1 	 1.890044e+00 	 -1.080000e+03 	 1.200000e+02 	 2.000000e+00
13 	 133 	 Ex 	 1 	 3.239582e+00 	 -8.400000e+02 	 1.200000e+02 	 2.000000e+00
13 	 134 	 Ex 	 1 	 1.788839e+00 	 -6.000000e+02 	 1.200000e+02 	 2.000000e+00
13 	 135 	 Ex 	 1 	 3.220353e+00 	 -3.600000e+02 	 1.200000e+02 	 2.000000e+00
13 	 136 	 Ex 	 1 	 5.480015e+00 	 -1.200000e+02 	 1.200000e+02 	 2.000000e+00
13 	 137 	 Ex 	 1 	 4.334344e+00 	 1.200000e+02 	 1.200000e+02 	 2.000000e+00
13 	 138 	 Ex 	 1 	 1.397845e+00 	 3.600000e+02 	 1.200000e+02 	 2.000000e+00
13 	 139 	 Ex 	 1 	 3.700274e+00 	 6.000000e+02 	 1.200000e+02 	 2.000000e+00
13 	 140 	 Ex 	 1 	 6.040527e+00 	 8.400000e+02 	 1.200000e+02 	 2.000000e+00
13 	 141 	 Ex 	 1 	 3.653975e+00 	 1.080000e+03 	 1.200000e+02 	 2.000000e+00
13 	 142 	 Ex 	 1 	 4.911166e+00 	 1.320000e+03 	 1.200000e+02 	 2.000000e+00
13 	 143 	 Ex 	 1 	 9.447860e-01 	 1.560000e+03 	 1.200000e+02 	 2.000000e+00
13 	 144 	 Ex 	 1 	 3.110756e+00 	 1.800000e+03 	 1.200000e+02 	 2.000000e+00
13 	 145 	 Ex 	 1 	 9.367291e-01 	 -1.800000e+03 	 3.600000e+02 	 2.000000e+00
13 	 146 	 Ex 	 1 	 6.366708e-01 	 -1.560000e+03 	 3.600000e+02 	 2.000000e+00
13 	 147 	 Ex 	 1 	 8.815486e-01 	 -1.320000e+03 	 3.600000e+02 	 2.000000e+00
13 	 148 	 Ex 	 1 	 2.262029e+00 	 -1.080000e+03 	 3.600000e+02 	 2.000000e+00
13 	 149 	 Ex 	 1 	 2.296808e+00 	 -8.400000e+02 	 3.600000e+02 	 2.000000e+00
13 	 150 	 Ex 	 1 	 2.929162e+00 	 -6.000000e+02 	 3.600000e+02 	 2.000000e+00
13 	 151 	 Ex 	 1 	 4.363007e+00 	 -3.600000e+02 	 3.600000e+02 	 2.000000e+00
13 	 152 	 Ex 	 1 	 6.167797e+00 	 -1.200000e+02 	 3.600000e+02 	 2.000000e+00
13 	 153 	 Ex 	 1 	 6.614728e+00 	 1.200000e+02 	 3.600000e+02 	 2.000000e+00
13 	 154 	 Ex 	 1 	 3.832738e+00 	 3.600000e+02 	 3.600000e+02 	 2.000000e+00
13 	 155 	 Ex 	 1 	 2.201600e+00 	 6.000000e+02 	 3.600000e+02 	 2.000000e+00
13 	 156 	 Ex 	 1 	 2.907402e+00 	 8.400000e+02 	 3.600000e+02 	 2.000000e+00
13 	 157 	 Ex 	 1 	 3.721623e+00 	 1.080000e+03 	 3.600000e+02 	 2.000000e+00
13 	 158 	 Ex 	 1 	 2.320171e+00 	 1.320000e+03 	 3.600000e+02 	 2.000000e+00
13 	 159 	 Ex 	 1 	 6.612594e-01 	 1.560000e+03 	 3.600000e+02 	 2.000000e+00
13 	 160 	 Ex 	 1 	 2.281020e+00 	 1.800000e+03 	 3.600000e+02 	 2.000000e+00
13 	 161 	 Ex 	 1 	 9.931884e-01 	 -1.800000e+03 	 6.000000e+02 	 2.000000e+00
13 	 162 	 Ex 	 1 	 1.586981e+00 	 -1.560000e+03 	 6.000000e+02 	 2.000000e+00
13 	 163 	 Ex 	 1 	 1.065745e+00 	 -1.320000e+03 	 6.000000e+02 	 2.000000e+00
13 	 164 	 Ex 	 1 	 2.281577e+00 	 -1.080000e+03 	 6.000000e+02 	 2.000000e+00
13 	 165 	 Ex 	 1 	 7.919996e-01 	 -8.400000e+02 	 6.000000e+02 	 2.000000e+00
13 	 166 	 Ex 	 1 	 2.480285e+00 	 -6.000000e+02 	 6.000000e+02 	 2.000000e+00
13 	 167 	 Ex 	 1 	 4.443275e+00 	 -3.600000e+02 	 6.000000e+02 	 2.000000e+00
13 	 168 	 Ex 	 1 	 7.008360e+00 	 -1.200000e+02 	 6.000000e+02 	 2.000000e+00
13 	 169 	 Ex 	 1 	 7.612494e+00 	 1.200000e+02 	 6.000000e+02 	 2.000000e+00
13 	 170 	 Ex 	 1 	 4.674172e+00 	 3.600000e+02 	 6.000000e+02 	 2.000000e+00
13 	 171 	 Ex 	 1 	 1.065803e+00 	 6.000000e+02 	 6.000000e+02 	 2.000000e+00
13 	 172 	 Ex 	 1 	 1.170344e+00 	 8.400000e+02 	 6.000000e+02 	 2.000000e+00
13 	 173 	 Ex 	 1 	 2.948384e+00 	 1.080000e+03 	 6.000000e+02 	 2.000000e+00
13 	 174 	 Ex 	 1 	 1.718529e+00 	 1.320000e+03 	 6.000000e+02 	 2.000000e+00
13 	 175 	 Ex 	 1 	 1.360587e+00 	 1.560000e+03 	 6.000000e+02 	 2.000000e+00
13 	 176 	 Ex 	 1 	 1.636064e+00 	 1.800000e+03 	 6.000000e+02 	 2.000000e+00
13 	 177 	 Ex 	 1 	 3.133679e-01 	 -1.800000e+03 	 8.400000e+02 	 2.000000e+00
13 	 178 	 Ex 	 1 	 1.386604e+00 	 -1.560000e+03 	 8.400000e+02 	 2.000000e+00
13 	 179 	 Ex 	 1 	 1.187422e+00 	 -1.320000e+03 	 8.400000e+02 	 2.000000e+00
13 	 180 	 Ex 	 1 	 5.764799e-01 	 -1.080000e+03 	 8.400000e+02 	 2.000000e+00
13 	 181 	 Ex 	 1 	 2.070161e+00 	 -8.400000e+02 	 8.400000e+02 	 2.000000e+00
13 	 182 	 Ex 	 1 	 1.202576e+00 	 -6.000000e+02 	 8.400000e+02 	 2.000000e+00
13 	 183 	 Ex 	 1 	 3.169487e+00 	 -3.600000e+02 	 8.400000e+02 	 2.000000e+00
13 	 184 	 Ex 	 1 	 7.527022e+00 	 -1.200000e+02 	 8.400000e+02 	 2.000000e+00
13 	 185 	 Ex 	 1 	 8.217228e+00 	 1.200000e+02 	 8.400000e+02 	 2.000000e+00
13 	 186 	 Ex 	 1 	 5.285681e+00 	 3.600000e+02 	 8.400000e+02 	 2.000000e+00
13 	 187 	 Ex 	 1 	 2.740861e+00 	 6.000000e+02 	 8.400000e+02 	 2.000000e+00
13 	 188 	 Ex 	 1 	 6.216652e-01 	 8.400000e+02 	 8.400000e+02 	 2.000000e+00
13 	 189 	 Ex 	 1 	 2.306753e+00 	 1.080000e+03 	 8.400000e+02 	 2.000000e+00
13 	 190 	 Ex 	 1 	 1.868965e+00 	 1.320000e+03 	 8.400000e+02 	 2.000000e+00
13 	 191 	 Ex 	 1 	 2.096916e+00 	 1.560000e+03 	 8.400000e+02 	 2.000000e+00
13 	 192 	 Ex 	 1 	 9.652005e-01 	 1.800000e+03 	 8.400000e+02 	 2.000000e+00
13 	 193 	 Ex 	 1 	 0.000000e+00 	 -1.800000e+03 	 1.080000e+03 	 2.000000e+00
13 	 194 	 Ex 	 1 	 0.000000e+00 	 -1.560000e+03 	 1.080000e+03 	 2.000000e+00
13 	 195 	 Ex 	 1 	 0.000000e+00 	 -1.320000e+03 	 1.080000e+03 	 2.000000e+00
13 	 196 	 Ex 	 1 	 7.255962e-01 	 -1.080000e+03 	 1.080000e+03 	 2.000000e+00
13 	 197 	 Ex 	 1 	 1.430425e+00 	 -8.400000e+02 	 1.080000e+03 	 2.000000e+00
13 	 198 	 Ex 	 1 	 9.131632e-01 	 -6.000000e+02 	 1.080000e+03 	 2.000000e+00
13 	 199 	 Ex 	 1 	 3.345470e+00 	 -3.600000e+02 	 1.080000e+03 	 2.000000e+00
13 	 200 	 Ex 	 1 	 2.635028e+00 	 -1.200000e+02 	 1.080000e+03 	 2.000000e+00
13 	 201 	 Ex 	 1 	 4.962080e+00 	 1.200000e+02 	 1.080000e+03 	 2.000000e+00
13 	 202 	 Ex 	 1 	 5.679253e+00 	 3.600000e+02 	 1.080000e+03 	 2.000000e+00
13 	 203 	 Ex 	 1 	 4.361225e+00 	 6.000000e+02 	 1.080000e+03 	 2.000000e+00
13 	 204 	 Ex 	 1 	 1.678986e+00 	 8.400000e+02 	 1.080000e+03 	 2.000000e+00
13 	 205 	 Ex 	 1 	 1.376081e+00 	 1.080000e+03 	 1.080000e+03 	 2.000000e+00
13 	 206 	 Ex 	 1 	 2.406765e+00 	 1.320000e+03 	 1.080000e+03 	 2.000000e+00
13 	 207 	 Ex 	 1 	 6.891414e-01 	 1.560000e+03 	 1.080000e+03 	 2.000000e+00
13 	 208 	 Ex 	 1 	 3.534730e+00 	 1.800000e+03 	 1.080000e+03 	 2.000000e+00
13 	 209 	 Ex 	 1 	 0.000000e+00 	 -1.800000e+03 	 1.320000e+03 	 2.000000e+00
13 	 210 	 Ex 	 1 	 0.000000e+00 	 -1.560000e+03 	 1.320000e+03 	 2.000000e+00
13 	 211 	 Ex 	 1 	 0.000000e+00 	 -1.320000e+03 	 1.320000e+03 	 2.000000e+00
13 	 212 	 Ex 	 1 	 0.000000e+00 	 -1.080000e+03 	 1.320000e+03 	 2.000000e+00
13 	 213 	 Ex 	 1 	 1.848679e-01 	 -8.400000e+02 	 1.320000e+03 	 2.000000e+00
13 	 214 	 Ex 	 1 	 3.358136e-01 	 -6.000000e+02 	 1.320000e+03 	 2.000000e+00
13 	 215 	 Ex 	 1 	 1.559885e+00 	 -3.600000e+02 	 1.320000e+03 	 2.000000e+00
13 	 216 	 Ex 	 1 	 2.671972e+00 	 -1.200000e+02 	 1.320000e+03 	 2.000000e+00
13 	 217 	 Ex 	 1 	 3.509547e+00 	 1.200000e+02 	 1.320000e+03 	 2.000000e+00
13 	 218 	 Ex 	 1 	 3.412453e+00 	 3.600000e+02 	 1.320000e+03 	 2.000000e+00
13 	 219 	 Ex 	 1 	 2.949966e+00 	 6.000000e+02 	 1.320000e+03 	 2.000000e+00
13 	 220 	 Ex 	 1 	 2.441010e+00 	 8.400000e+02 	 1.320000e+03 	 2.000000e+00
13 	 221 	 Ex 	 1 	 2.117840e+00 	 1.080000e+03 	 1.320000e+03 	 2.000000e+00
13 	 222 	 Ex 	 1 	 1.758371e+00 	 1.320000e+03 	 1.320000e+03 	 2.000000e+00
13 	 223 	 Ex 	 1 	 2.062555e+00 	 1.560000e+03 	 1.320000e+03 	 2.000000e+00
13 	 224 	 Ex 	 1 	 4.064305e+00 	 1.800000e+03 	 1.320000e+03 	 2.000000e+00
13 	 225 	 Ex 	 1 	 0.000000e+00 	 -1.800000e+03 	 1.560000e+03 	 2.000000e+00
13 	 226 	 Ex 	 1 	 0.000000e+00 	 -1.560000e+03 	 1.560000e+03 	 2.000000e+00
13 	 227 	 Ex 	 1 	 0.000000e+00 	 -1.320000e+03 	 1.560000e+03 	 2.000000e+00
13 	 228 	 Ex 	 1 	 0.000000e+00 	 -1.080000e+03 	 1.560000e+03 	 2.000000e+00
13 	 229 	 Ex 	 1 	 4.824882e-01 	 -8.400000e+02 	 1.560000e+03 	 2.000000e+00
13 	 230 	 Ex 	 1 	 8.459593e-01 	 -6.000000e+02 	 1.560000e+03 	 2.000000e+00
13 	 231 	 Ex 	 1 	 3.008667e-01 	 -3.600000e+02 	 1.560000e+03 	 2.000000e+00
13 	 232 	 Ex 	 1 	 9.315286e-01 	 -1.200000e+02 	 1.560000e+03 	 2.000000e+00
13 	 233 	 Ex 	 1 	 1.755830e+00 	 1.200000e+02 	 1.560000e+03 	 2.000000e+00
13 	 234 	 Ex 	 1 	 3.312701e+00 	 3.600000e+02 	 1.560000e+03 	 2.000000e+00
13 	 235 	 Ex 	 1 	 2.523561e+00 	 6.000000e+02 	 1.560000e+03 	 2.000000e+00
13 	 236 	 Ex 	 1 	 1.926626e+00 	 8.400000e+02 	 1.560000e+03 	 2.000000e+00
13 	 237 	 Ex 	 1 	 2.378646e+00 	 1.080000e+03 	 1.560000e+03 	 2.000000e+00
13 	 238 	 Ex 	 1 	 3.186805e+00 	 1.320000e+03 	 1.560000e+03 	 2.000000e+00
13 	 239 	 Ex 	 1 	 2.427101e+00 	 1.560000e+03 	 1.560000e+03 	 2.000000e+00
13 	 240 	 Ex 	 1 	 3.848654e+00 	 1.800000e+03 	 1.560000e+03 	 2.000000e+00
13 	 241 	 Ex 	 1 	 0.000000e+00 	 -1.800000e+03 	 1.800000e+03 	 2.000000e+00
13 	 242 	 Ex 	 1 	 0.000000e+00 	 -1.560000e+03 	 1.800000e+03 	 2.000000e+00
13 	 243 	 Ex 	 1 	 0.000000e+00 	 -1.320000e+03 	 1.800000e+03 	 2.000000e+00
13 	 244 	 Ex 	 1 	 0.000000e+00 	 -1.080000e+03 	 1.800000e+03 	 2.000000e+00
13 	 245 	 Ex 	 1 	 4.464353e-01 	 -8.400000e+02 	 1.800000e+03 	 2.000000e+00
13 	 246 	 Ex 	 1 	 6.062911e-01 	 -6.000000e+02 	 1.800000e+03 	 2.000000e+00
13 	 247 	 Ex 	 1 	 1.970352e+00 	 -3.600000e+02 	 1.800000e+03 	 2.000000e+00
13 	 248 	 Ex 	 1 	 6.545154e-01 	 -1.200000e+02 	 1.800000e+03 	 2.000000e+00
13 	 249 	 Ex 	 1 	 1.601806e+00 	 1.200000e+02 	 1.800000e+03 	 2.000000e+00
13 	 250 	 Ex 	 1 	 2.653056e+00 	 3.600000e+02 	 1.800000e+03 	 2.000000e+00
13 	 251 	 Ex 	 1 	 3.460407e+00 	 6.000000e+02 	 1.800000e+03 	 2.000000e+00
13 	 252 	 Ex 	 1 	 2.625587e+00 	 8.400000e+02 	 1.800000e+03 	 2.000000e+00
13 	 253 	 Ex 	 1 	 8.784235e-01 	 1.080000e+03 	 1.800000e+03 	 2.000000e+00
13 	 254 	 Ex 	 1 	 3.404417e+00 	 1.320000e+03 	 1.800000e+03 	 2.000000e+00
13 	 255 	 Ex 	 1 	 1.577552e+00 	 1.560000e+03 	 1.800000e+03 	 2.000000e+00
13 	 256 	 Ex 	 1 	 4.050812e+00 	 1.800000e+03 	 1.800000e+03 	 2.000000e+00
13 	 1 	 Ex 	 2 	 1.764329e+00 	 -1.800000e+03 	 -1.800000e+03 	 2.000000e+00
13 	 2 	 Ex 	 2 	 6.842609e-01 	 -1.560000e+03 	 -1.800000e+03 	 2.000000e+00
13 	 3 	 Ex 	 2 	 7.501455e-01 	 -1.320000e+03 	 -1.800000e+03 	 2.000000e+00
13 	 4 	 Ex 	 2 	 4.259450e+00 	 -1.080000e+03 	 -1.800000e+03 	 2.000000e+00
13 	 5 	 Ex 	 2 	 2.012339e+00 	 -8.400000e+02 	 -1.800000e+03 	 2.000000e+00
13 	 6 	 Ex 	 2 	 4.139062e+00 	 -6.000000e+02 	 -1.800000e+03 	 2.000000e+00
13 	 7 	 Ex 	 2 	 4.964568e+00 	 -3.600000e+02 	 -1.800000e+03 	 2.000000e+00
13 	 8 	 Ex 	 2 	 4.861885e+00 	 -1.200000e+02 	 -1.800000e+03 	 2.000000e+00
13 	 9 	 Ex 	 2 	 7.053703e+00 	 1.200000e+02 	 -1.800000e+03 	 2.000000e+00
13 	 10 	 Ex 	 2 	 6.219124e+00 	 3.600000e+02 	 -1.800000e+03 	 2.000000e+00
13 	 11 	 Ex 	 2 	 5.664668e+00 	 6.000000e+02 	 -1.800000e+03 	 2.000000e+00
13 	 12 	 Ex 	 2 	 5.232007e+00 	 8.400000e+02 	 -1.800000e+03 	 2.000000e+00
13 	 13 	 Ex 	 2 	 4.495833e+00 	 1.080000e+03 	 -1.800000e+03 	 2.000000e+00
13 	 14 	 Ex 	 2 	 4.336691e+00 	 1.320000e+03 	 -1.800000e+03 	 2.000000e+00
13 	 15 	 Ex 	 2 	 5.080697e+00 	 1.560000e+03 	 -1.800000e+03 	 2.000000e+00
13 	 16 	 Ex 	 2 	 3.978633e+00 	 1.800000e+03 	 -1.800000e+03 	 2.000000e+00
13 	 17 	 Ex 	 2 	 1.695970e+00 	 -1.800000e+03 	 -1.560000e+03 	 2.000000e+00
13 	 18 	 Ex 	 2 	 2.849613e+00 	 -1.560000e+03 	 -1.560000e+03 	 2.000000e+00
13 	 19 	 Ex 	 2 	 5.970594e-01 	 -1.320000e+03 	 -1.560000e+03 	 2.000000e+00
13 	 20 	 Ex 	 2 	 2.078855e+00 	 -1.080000e+03 	 -1.560000e+03 	 2.000000e+00
13 	 21 	 Ex 	 2 	 3.815976e+00 	 -8.400000e+02 	 -1.560000e+03 	 2.000000e+00
13 	 22 	 Ex 	 2 	 4.577581e+00 	 -6.000000e+02 	 -1.560000e+03 	 2.000000e+00
13 	 23 	 Ex 	 2 	 5.209891e+00 	 -3.600000e+02 	 -1.560000e+03 	 2.000000e+00
13 	 24 	 Ex 	 2 	 7.468871e+00 	 -1.200000e+02 	 -1.560000e+03 	 2.000000e+00
13 	 25 	 Ex 	 2 	 7.038217e+00 	 1.200000e+02 	 -1.560000e+03 	 2.000000e+00
13 	 26 	 Ex 	 2 	 5.389477e+00 	 3.600000e+02 	 -1.560000e+03 	 2.000000e+00
13 	 27 	 Ex 	 2 	 5.264560e+00 	 6.000000e+02 	 -1.560000e+03 	 2.000000e+00
13 	 28 	 Ex 	 2 	 5.646361e+00 	 8.400000e+02 	 -1.560000e+03 	 2.000000e+00
13 	 29 	 Ex 	 2 	 4.900716e+00 	 1.080000e+03 	 -1.560000e+03 	 2.000000e+00
13 	 30 	 Ex 	 2 	 2.874927e+00 	 1.320000e+03 	 -1.560000e+03 	 2.000000e+00
13 	 31 	 Ex 	 2 	 3.016819e+00 	 1.560000e+03 	 -1.560000e+03 	 2.000000e+00
13 	 32 	 Ex 	 2 	 3.249162e+00 	 1.800000e+03 	 -1.560000e+03 	 2.000000e+00
13 	 33 	 Ex 	 2 	 2.171194e+00 	 -1.800000e+03 	 -1.320000e+03 	 2.000000e+00
13 	 34 	 Ex 	 2 	 1.806866e+00 	 -1.560000e+03 	 -1.320000e+03 	 2.000000e+00
13 	 35 	 Ex 	 2 	 2.308790e+00 	 -1.320000e+03 	 -1.320000e+03 	 2.000000e+00
13 	 36 	 Ex 	 2 	 1.495476e+00 	 -1.080000e+03 	 -1.320000e+03 	 2.000000e+00
13 	 37 	 Ex 	 2 	 3.055112e+00 	 -8.400000e+02 	 -1.320000e+03 	 2.000000e+00
13 	 38 	 Ex 	 2 	 5.594947e+00 	 -6.000000e+02 	 -1.320000e+03 	 2.000000e+00
13 	 39 	 Ex 	 2 	 6.046409e+00 	 -3.600000e+02 	 -1.320000e+03 	 2.000000e+00
13 	 40 	 Ex 	 2 	 8.800550e+00 	 -1.200000e+02 	 -1.320000e+03 	 2.000000e+00
13 	 41 	 Ex 	 2 	 7.674707e+00 	 1.200000e+02 	 -1.320000e+03 	 2.000000e+00
13 	 42 	 Ex 	 2 	 7.102249e+00 	 3.600000e+02 	 -1.320000e+03 	 2.000000e+00
13 	 43 	 Ex 	 2 	 6.694790e+00 	 6.000000e+02 	 -1.320000e+03 	 2.000000e+00
13 	 44 	 Ex 	 2 	 4.883526e+00 	 8.400000e+02 	 -1.320000e+03 	 2.000000e+00
13 	 45 	 Ex 	 2 	 4.425446e+00 	 1.080000e+03 	 -1.320000e+03 	 2.000000e+00
13 	 46 	 Ex 	 2 	 3.566202e+00 	 1.320000e+03 	 -1.320000e+03 	 2.000000e+00
13 	 47 	 Ex 	 2 	 3.545231e+00 	 1.560000e+03 	 -1.320000e+03 	 2.000000e+00
13 	 48 	 Ex 	 2 	 3.101679e+00 	 1.800000e+03 	 -1.320000e+03 	 2.000000e+00
13 	 49 	 Ex 	 2 	 3.011539e+00 	 -1.800000e+03 	 -1.080000e+03 	 2.000000e+00
13 	 50 	 Ex 	 2 	 1.787599e+00 	 -1.560000e+03 	 -1.080000e+03 	 2.000000e+00
13 	 51 	 Ex 	 2 	 3.024770e+00 	 -1.320000e+03 	 -1.080000e+03 	 2.000000e+00
13 	 52 	 Ex 	 2 	 1.898147e+00 	 -1.080000e+03 	 -1.080000e+03 	 2.000000e+00
13 	 53 	 Ex 	 2 	 3.731927e+00 	 -8.400000e+02 	 -1.080000e+03 	 2.000000e+00
13 	 54 	 Ex 	 2 	 6.956010e+00 	 -6.000000e+02 	 -1.080000e+03 	 2.000000e+00
13 	 55 	 Ex 	 2 	 9.149304e+00 	 -3.600000e+02 	 -1.080000e+03 	 2.000000e+00
13 	 56 	 Ex 	 2 	 9.816611e+00 	 -1.200000e+02 	 -1.080000e+03 	 2.000000e+00
13 	 57 	 Ex 	 2 	 7.967520e+00 	 1.200000e+02 	 -1.080000e+03 	 2.000000e+00
13 	 58 	 Ex 	 2 	 5.951451e+00 	 3.600000e+02 	 -1.080000e+03 	 2.000000e+00
13 	 59 	 Ex 	 2 	 5.020965e+00 	 6.000000e+02 	 -1.080000e+03 	 2.000000e+00
13 	 60 	 Ex 	 2 	 4.985971e+00 	 8.400000e+02 	 -1.080000e+03 	 2.000000e+00
13 	 61 	 Ex 	 2 	 4.682464e+00 	 1.080000e+03 	 -1.080000e+03 	 2.000000e+00
13 	 62 	 Ex 	 2 	 4.384136e+00 	 1.320000e+03 	 -1.080000e+03 	 2.000000e+00
13 	 63 	 Ex 	 2 	 2.471599e+00 	 1.560000e+03 	 -1.080000e+03 	 2.000000e+00
13 	 64 	 Ex 	 2 	 3.483917e+00 	 1.800000e+03 	 -1.080000e+03 	 2.000000e+00
13 	 65 	 Ex 	 2 	 2.002194e+00 	 -1.800000e+03 	 -8.400000e+02 	 2.000000e+00
13 	 66 	 Ex 	 2 	 1.003810e+00 	 -1.560000e+03 	 -8.400000e+02 	 2.000000e+00
13 	 67 	 Ex 	 2 	 2.844278e+00 	 -1.320000e+03 	 -8.400000e+02 	 2.000000e+00
13 	 68 	 Ex 	 2 	 2.116607e+00 	 -1.080000e+03 	 -8.400000e+02 	 2.000000e+00
13 	 69 	 Ex 	 2 	 3.995428e+00 	 -8.400000e+02 	 -8.400000e+02 	 2.000000e+00
13 	 70 	 Ex 	 2 	 8.202417e+00 	 -6.000000e+02 	 -8.400000e+02 	 2.000000e+00
13 	 71 	 Ex 	 2 	 9.700621e+00 	 -3.600000e+02 	 -8.400000e+02 	 2.000000e+00
13 	 72 	 Ex 	 2 	 1.066848e+01 	 -1.200000e+02 	 -8.400000e+02 	 2.000000e+00
13 	 73 	 Ex 	 2 	 8.804577e+00 	 1.200000e+02 	 -8.400000e+02 	 2.000000e+00
13 	 74 	 Ex 	 2 	 6.286499e+00 	 3.600000e+02 	 -8.400000e+02 	 2.000000e+00
13 	 75 	 Ex 	 2 	 5.017586e+00 	 6.000000e+02 	 -8.400000e+02 	 2.000000e+00
13 	 76 	 Ex 	 2 	 5.425869e+00 	 8.400000e+02 	 -8.400000e+02 	 2.000000e+00
13 	 77 	 Ex 	 2 	 3.596104e+00 	 1.080000e+03 	 -8.400000e+02 	 2.000000e+00
13 	 78 	 Ex 	 2 	 3.496049e+00 	 1.320000e+03 	 -8.400000e+02 	 2.000000e+00
13 	 79 	 Ex 	 2 	 3.868968e+00 	 1.560000e+03 	 -8.400000e+02 	 2.000000e+00
13 	 80 	 Ex 	 2 	 2.985124e+00 	 1.800000e+03 	 -8.400000e+02 	 2.000000e+00
13 	 81 	 Ex 	 2 	 2.411931e+00 	 -1.800000e+03 	 -6.000000e+02 	 2.000000e+00
13 	 82 	 Ex 	 2 	 2.674156e+00 	 -1.560000e+03 	 -6.000000e+02 	 2.000000e+00
13 	 83 	 Ex 	 2 	 2.660321e+00 	 -1.320000e+03 	 -6.000000e+02 	 2.000000e+00
13 	 84 	 Ex 	 2 	 1.243350e+00 	 -1.080000e+03 	 -6.000000e+02 	 2.000000e+00
13 	 85 	 Ex 	 2 	 3.428183e+00 	 -8.400000e+02 	 -6.000000e+02 	 2.000000e+00
13 	 86 	 Ex 	 2 	 7.850258e+00 	 -6.000000e+02 	 -6.000000e+02 	 2.000000e+00
13 	 87 	 Ex 	 2 	 1.077545e+01 	 -3.600000e+02 	 -6.000000e+02 	 2.000000e+00
13 	 88 	 Ex 	 2 	 8.663553e+00 	 -1.200000e+02 	 -6.000000e+02 	 2.000000e+00
13 	 89 	 Ex 	 2 	 5.198244e+00 	 1.200000e+02 	 -6.000000e+02 	 2.000000e+00
13 	 90 	 Ex 	 2 	 3.265911e+00 	 3.600000e+02 	 -6.000000e+02 	 2.000000e+00
13 	 91 	 Ex 	 2 	 3.954687e+00 	 6.000000e+02 	 -6.000000e+02 	 2.000000e+00
13 	 92 	 Ex 	 2 	 3.863301e+00 	 8.400000e+02 	 -6.000000e+02 	 2.000000e+00
13 	 93 	 Ex 	 2 	 4.113492e+00 	 1.080000e+03 	 -6.000000e+02 	 2.000000e+00
13 	 94 	 Ex 	 2 	 3.615599e+00 	 1.320000e+03 	 -6.000000e+02 	 2.000000e+00
13 	 95 	 Ex 	 2 	 2.722362e+00 	 1.560000e+03 	 -6.000000e+02 	 2.000000e+00
13 	 96 	 Ex 	 2 	 2.190977e+00 	 1.800000e+03 	 -6.000000e+02 	 2.000000e+00
13 	 97 	 Ex 	 2 	 2.688447e+00 	 -1.800000e+03 	 -3.600000e+02 	 2.000000e+00
13 	 98 	 Ex 	 2 	 9.092912e-01 	 -1.560000e+03 	 -3.600000e+02 	 2.000000e+00
13 	 99 	 Ex 	 2 	 1.523046e+00 	 -1.320000e+03 	 -3.600000e+02 	 2.000000e+00
13 	 100 	 Ex 	 2 	 1.129916e+00 	 -1.080000e+03 	 -3.600000e+02 	 2.000000e+00
13 	 101 	 Ex 	 2 	 3.940603e+00 	 -8.400000e+02 	 -3.600000e+02 	 2.000000e+00
13 	 102 	 Ex 	 2 	 7.361303e+00 	 -6.000000e+02 	 -3.600000e+02 	 2.000000e+00
13 	 103 	 Ex 	 2 	 8.128531e+00 	 -3.600000e+02 	 -3.600000e+02 	 2.000000e+00
13 	 104 	 Ex 	 2 	 7.656624e+00 	 -1.200000e+02 	 -3.600000e+02 	 2.000000e+00
13 	 105 	 Ex 	 2 	 4.857273e+00 	 1.200000e+02 	 -3.600000e+02 	 2.000000e+00
13 	 106 	 Ex 	 2 	 2.946125e+00 	 3.600000e+02 	 -3.600000e+02 	 2.000000e+00
13 	 107 	 Ex 	 2 	 3.641006e+00 	 6.000000e+02 	 -3.600000e+02 	 2.000000e+00
13 	 108 	 Ex 	 2 	 3.560341e+00 	 8.400000e+02 	 -3.600000e+02 	 2.000000e+00
13 	 109 	 Ex 	 2 	 5.658600e+00 	 1.080000e+03 	 -3.600000e+02 	 2.000000e+00
13 	 110 	 Ex 	 2 	 3.179277e+00 	 1.320000e+03 	 -3.600000e+02 	 2.000000e+00
13 	 111 	 Ex 	 2 	 2.983134e+00 	 1.560000e+03 	 -3.600000e+02 	 2.000000e+00
13 	 112 	 Ex 	 2 	 1.975933e+00 	 1.800000e+03 	 -3.600000e+02 	 2.000000e+00
13 	 113 	 Ex 	 2 	 1.002937e+00 	 -1.800000e+03 	 -1.200000e+02 	 2.000000e+00
13 	 114 	 Ex 	 2 	 9.568507e-01 	 -1.560000e+03 	 -1.200000e+02 	 2.000000e+00
13 	 115 	 Ex 	 2 	 3.122564e+00 	 -1.320000e+03 	 -1.200000e+02 	 2.000000e+00
13 	 116 	 Ex 	 2 	 5.314213e-01 	 -1.080000e+03 	 -1.200000e+02 	 2.000000e+00
13 	 117 	 Ex 	 2 	 3.927040e+00 	 -8.400000e+02 	 -1.200000e+02 	 2.000000e+00
13 	 118 	 Ex 	 2 	 6.798826e+00 	 -6.000000e+02 	 -1.200000e+02 	 2.000000e+00
13 	 119 	 Ex 	 2 	 6.968465e+00 	 -3.600000e+02 	 -1.200000e+02 	 2.000000e+00
13 	 120 	 Ex 	 2 	 5.049581e+00 	 -1.200000e+02 	 -1.200000e+02 	 2.000000e+00
13 	 121 	 Ex 	 2 	 2.494014e+00 	 1.200000e+02 	 -1.200000e+02 	 2.000000e+00
13 	 122 	 Ex 	 2 	 2.126475e+00 	 3.600000e+02 	 -1.200000e+02 	 2.000000e+00
13 	 123 	 Ex 	 2 	 1.655843e+00 	 6.000000e+02 	 -1.200000e+02 	 2.000000e+00
13 	 124 	 Ex 	 2 	 2.269591e+00 	 8.400000e+02 	 -1.200000e+02 	 2.000000e+00
13 	 125 	 Ex 	 2 	 3.444056e+00 	 1.080000e+03 	 -1.200000e+02 	 2.000000e+00
13 	 126 	 Ex 	 2 	 3.334256e+00 	 1.320000e+03 	 -1.200000e+02 	 2.000000e+00
13 	 127 	 Ex 	 2 	 2.475280e+00 	 1.560000e+03 	 -1.200000e+02 	 2.000000e+00
13 	 128 	 Ex 	 2 	 1.746378e+00 	 1.800000e+03 	 -1.200000e+02 	 2.000000e+00
13 	 129 	 Ex 	 2 	 7.474011e-01 	 -1.800000e+03 	 1.200000e+02 	 2.000000e+00
13 	 130 	 Ex 	 2 	 6.107090e-01 	 -1.560000e+03 	 1.200000e+02 	 2.000000e+00
13 	 131 	 Ex 	 2 	 1.437545e+00 	 -1.320000e+03 	 1.200000e+02 	 2.000000e+00
13 	 132 	 Ex 	 2 	 2.819418e+00 	 -1.080000e+03 	 1.200000e+02 	 2.000000e+00
13 	 133 	 Ex 	 2 	 2.771901e+00 	 -8.400000e+02 	 1.200000e+02 	 2.000000e+00
13 	 134 	 Ex 	 2 	 5.132486e+00 	 -6.000000e+02 	 1.200000e+02 	 2.000000e+00
13 	 135 	 Ex 	 2 	 5.166837e+00 	 -3.600000e+02 	 1.200000e+02 	 2.000000e+00
13 	 136 	 Ex 	 2 	 5.049630e+00 	 -1.200000e+02 	 1.200000e+02 	 2.000000e+00
13 	 137 	 Ex 	 2 	 3.009592e+00 	 1.200000e+02 	 1.200000e+02 	 2.000000e+00
13 	 138 	 Ex 	 2 	 2.372467e+00 	 3.600000e+02 	 1.200000e+02 	 2.000000e+00
13 	 139 	 Ex 	 2 	 1.136065e+00 	 6.000000e+02 	 1.200000e+02 	 2.000000e+00
13 	 140 	 Ex 	 2 	 1.809024e+00 	 8.400000e+02 	 1.200000e+02 	 2.000000e+00
13 	 141 	 Ex 	 2 	 2.611147e+00 	 1.080000e+03 	 1.200000e+02 	 2.000000e+00
13 	 142 	 Ex 	 2 	 2.049580e+00 	 1.320000e+03 	 1.200000e+02 	 2.000000e+00
13 	 143 	 Ex 	 2 	 2.487276e+00 	 1.560000e+03 	 1.200000e+02 	 2.000000e+00
13 	 144 	 Ex 	 2 	 4.247636e-01 	 1.800000e+03 	 1.200000e+02 	 2.000000e+00
13 	 145 	 Ex 	 2 	 9.112185e-01 	 -1.800000e+03 	 3.600000e+02 	 2.000000e+00
13 	 146 	 Ex 	 2 	 8.556021e-01 	 -1.560000e+03 	 3.600000e+02 	 2.000000e+00
13 	 147 	 Ex 	 2 	 1.062811e+00 	 -1.320000e+03 	 3.600000e+02 	 2.000000e+00
13 	 148 	 Ex 	 2 	 7.273223e-01 	 -1.080000e+03 	 3.600000e+02 	 2.000000e+00
13 	 149 	 Ex 	 2 	 2.599409e+00 	 -8.400000e+02 	 3.600000e+02 	 2.000000e+00
13 	 150 	 Ex 	 2 	 4.276705e+00 	 -6.000000e+02 	 3.600000e+02 	 2.000000e+00
13 	 151 	 Ex 	 2 	 3.515971e+00 	 -3.600000e+02 	 3.600000e+02 	 2.000000e+00
13 	 152 	 Ex 	 2 	 4.870118e+00 	 -1.200000e+02 	 3.600000e+02 	 2.000000e+00
13 	 153 	 Ex 	 2 	 6.043928e+00 	 1.200000e+02 	 3.600000e+02 	 2.000000e+00
13 	 154 	 Ex 	 2 	 4.990844e+00 	 3.600000e+02 	 3.600000e+02 	 2.000000e+00
13 	 155 	 Ex 	 2 	 2.481623e+00 	 6.000000e+02 	 3.600000e+02 	 2.000000e+00
13 	 156 	 Ex 	 2 	 9.053081e-01 	 8.400000e+02 	 3.600000e+02 	 2.000000e+00
13 	 157 	 Ex 	 2 	 6.678276e-01 	 1.080000e+03 	 3.600000e+02 	 2.000000e+00
13 	 158 	 Ex 	 2 	 2.741984e+00 	 1.320000e+03 	 3.600000e+02 	 2.000000e+00
13 	 159 	 Ex 	 2 	 5.701065e-01 	 1.560000e+03 	 3.600000e+02 	 2.000000e+00
13 	 160 	 Ex 	 2 	 1.313895e+00 	 1.800000e+03 	 3.600000e+02 	 2.000000e+00
13 	 161 	 Ex 	 2 	 8.461191e-01 	 -1.800000e+03 	 6.000000e+02 	 2.000000e+00
13 	 162 	 Ex 	 2 	 1.546302e+00 	 -1.560000e+03 	 6.000000e+02 	 2.000000e+00
13 	 163 	 Ex 	 2 	 6.224975e-01 	 -1.320000e+03 	 6.000000e+02 	 2.000000e+00
13 	 164 	 Ex 	 2 	 1.060839e+00 	 -1.080000e+03 	 6.000000e+02 	 2.000000e+00
13 	 165 	 Ex 	 2 	 2.028292e+00 	 -8.400000e+02 	 6.000000e+02 	 2.000000e+00
13 	 166 	 Ex 	 2 	 2.163726e+00 	 -6.000000e+02 	 6.000000e+02 	 2.000000e+00
13 	 167 	 Ex 	 2 	 1.589469e+00 	 -3.600000e+02 	 6.000000e+02 	 2.000000e+00
13 	 168 	 Ex 	 2 	 5.675711e+00 	 -1.200000e+02 	 6.000000e+02 	 2.000000e+00
13 	 169 	 Ex 	 2 	 6.895513e+00 	 1.200000e+02 	 6.000000e+02 	 2.000000e+00
13 	 170 	 Ex 	 2 	 7.627087e+00 	 3.600000e+02 	 6.000000e+02 	 2.000000e+00
13 	 171 	 Ex 	 2 	 4.148805e+00 	 6.000000e+02 	 6.000000e+02 	 2.000000e+00
13 	 172 	 Ex 	 2 	 1.781135e+00 	 8.400000e+02 	 6.000000e+02 	 2.000000e+00
13 	 173 	 Ex 	 2 	 1.289980e+00 	 1.080000e+03 	 6.000000e+02 	 2.000000e+00
13 	 174 	 Ex 	 2 	 5.814905e-01 	 1.320000e+03 	 6.000000e+02 	 2.000000e+00
13 	 175 	 Ex 	 2 	 3.383680e-01 	 1.560000e+03 	 6.000000e+02 	 2.000000e+00
13 	 176 	 Ex 	 2 	 6.778443e-01 	 1.800000e+03 	 6.000000e+02 	 2.000000e+00
13 	 177 	 Ex 	 2 	 1.458912e+00 	 -1.800000e+03 	 8.400000e+02 	 2.000000e+00
13 	 178 	 Ex 	 2 	 9.880044e-01 	 -1.560000e+03 	 8.400000e+02 	 2.000000e+00
13 	 179 	 Ex 	 2 	 8.424961e-01 	 -1.320000e+03 	 8.400000e+02 	 2.000000e+00
13 	 180 	 Ex 	 2 	 6.306978e-01 	 -1.080000e+03 	 8.400000e+02 	 2.000000e+00
13 	 181 	 Ex 	 2 	 1.000140e+00 	 -8.400000e+02 	 8.400000e+02 	 2.000000e+00
13 	 182 	 Ex 	 2 	 1.935780e+00 	 -6.000000e+02 	 8.400000e+02 	 2.000000e+00
13 	 183 	 Ex 	 2 	 3.797376e+00 	 -3.600000e+02 	 8.400000e+02 	 2.000000e+00
13 	 184 	 Ex 	 2 	 6.092714e+00 	 -1.200000e+02 	 8.400000e+02 	 2.000000e+00
13 	 185 	 Ex 	 2 	 7.498909e+00 	 1.200000e+02 	 8.400000e+02 	 2.000000e+00
13 	 186 	 Ex 	 2 	 7.877639e+00 	 3.600000e+02 	 8.400000e+02 	 2.000000e+00
13 	 187 	 Ex 	 2 	 4.630414e+00 	 6.000000e+02 	 8.400000e+02 	 2.000000e+00
13 	 188 	 Ex 	 2 	 3.378391e+00 	 8.400000e+02 	 8.400000e+02 	 2.000000e+00
13 	 189 	 Ex 	 2 	 7.062281e-01 	 1.080000e+03 	 8.400000e+02 	 2.000000e+00
13 	 190 	 Ex 	 2 	 1.599635e+00 	 1.320000e+03 	 8.400000e+02 	 2.000000e+00
13 	 191 	 Ex 	 2 	 1.190699e+00 	 1.560000e+03 	 8.400000e+02 	 2.000000e+00
13 	 192 	 Ex 	 2 	 2.340848e+00 	 1.800000e+03 	 8.400000e+02 	 2.000000e+00
13 	 193 	 Ex 	 2 	 0.000000e+00 	 -1.800000e+03 	 1.080000e+03 	 2.000000e+00
13 	 194 	 Ex 	 2 	 0.000000e+00 	 -1.560000e+03 	 1.080000e+03 	 2.000000e+00
13 	 195 	 Ex 	 2 	 0.000000e+00 	 -1.320000e+03 	 1.080000e+03 	 2.000000e+00
13 	 196 	 Ex 	 2 	 1.274982e+00 	 -1.080000e+03 	 1.080000e+03 	 2.000000e+00
13 	 197 	 Ex 	 2 	 1.549306e+00 	 -8.400000e+02 	 1.080000e+03 	 2.000000e+00
13 	 198 	 Ex 	 2 	 1.098890e+00 	 -6.000000e+02 	 1.080000e+03 	 2.000000e+00
13 	 199 	 Ex 	 2 	 2.350346e+00 	 -3.600000e+02 	 1.080000e+03 	 2.000000e+00
13 	 200 	 Ex 	 2 	 4.441618e+00 	 -1.200000e+02 	 1.080000e+03 	 2.000000e+00
13 	 201 	 Ex 	 2 	 7.114112e+00 	 1.200000e+02 	 1.080000e+03 	 2.000000e+00
13 	 202 	 Ex 	 2 	 7.546856e+00 	 3.600000e+02 	 1.080000e+03 	 2.000000e+00
13 	 203 	 Ex 	 2 	 4.981681e+00 	 6.000000e+02 	 1.080000e+03 	 2.000000e+00
13 	 204 	 Ex 	 2 	 3.064405e+00 	 8.400000e+02 	 1.080000e+03 	 2.000000e+00
13 	 205 	 Ex 	 2 	 6.052861e-01 	 1.080000e+03 	 1.080000e+03 	 2.000000e+00
13 	 206 	 Ex 	 2 	 1.334502e+00 	 1.320000e+03 	 1.080000e+03 	 2.000000e+00
13 	 207 	 Ex 	 2 	 2.436105e+00 	 1.560000e+03 	 1.080000e+03 	 2.000000e+00
13 	 208 	 Ex 	 2 	 2.195354e+00 	 1.800000e+03 	 1.080000e+03 	 2.000000e+00
13 	 209 	 Ex 	 2 	 0.000000e+00 	 -1.800000e+03 	 1.320000e+03 	 2.000000e+00
13 	 210 	 Ex 	 2 	 0.000000e+00 	 -1.560000e+03 	 1.320000e+03 	 2.000000e+00
13 	 211 	 Ex 	 2 	 0.000000e+00 	 -1.320000e+03 	 1.320000e+03 	 2.000000e+00
13 	 212 	 Ex 	 2 	 0.000000e+00 	 -1.080000e+03 	 1.320000e+03 	 2.000000e+00
13 	 213 	 Ex 	 2 	 4.045355e-01 	 -8.400000e+02 	 1.320000e+03 	 2.000000e+00
13 	 214 	 Ex 	 2 	 3.889023e-01 	 -6.000000e+02 	 1.320000e+03 	 2.000000e+00
13 	 215 	 Ex 	 2 	 1.225637e+00 	 -3.600000e+02 	 1.320000e+03 	 2.000000e+00
13 	 216 	 Ex 	 2 	 2.399003e+00 	 -1.200000e+02 	 1.320000e+03 	 2.000000e+00
13 	 217 	 Ex 	 2 	 4.559420e+00 	 1.200000e+02 	 1.320000e+03 	 2.000000e+00
13 	 218 	 Ex 	 2 	 5.786463e+00 	 3.600000e+02 	 1.320000e+03 	 2.000000e+00
13 	 219 	 Ex 	 2 	 3.087837e+00 	 6.000000e+02 	 1.320000e+03 	 2.000000e+00
13 	 220 	 Ex 	 2 	 2.799566e+00 	 8.400000e+02 	 1.320000e+03 	 2.000000e+00
13 	 221 	 Ex 	 2 	 1.723035e+00 	 1.080000e+03 	 1.320000e+03 	 2.000000e+00
13 	 222 	 Ex 	 2 	 1.721540e+00 	 1.320000e+03 	 1.320000e+03 	 2.000000e+00
13 	 223 	 Ex 	 2 	 1.623299e+00 	 1.560000e+03 	 1.320000e+03 	 2.000000e+00
13 	 224 	 Ex 	 2 	 1.931417e+00 	 1.800000e+03 	 1.320000e+03 	 2.000000e+00
13 	 225 	 Ex 	 2 	 0.000000e+00 	 -1.800000e+03 	 1.560000e+03 	 2.000000e+00
13 	 226 	 Ex 	 2 	 0.000000e+00 	 -1.560000e+03 	 1.560000e+03 	 2.000000e+00
13 	 227 	 Ex 	 2 	 0.000000e+00 	 -1.320000e+03 	 1.560000e+03 	 2.000000e+00
13 	 228 	 Ex 	 2 	 0.000000e+00 	 -1.080000e+03 	 1.560000e+03 	 2.000000e+00
13 	 229 	 Ex 	 2 	 5.069291e-01 	 -8.400000e+02 	 1.560000e+03 	 2.000000e+00
13 	 230 	 Ex 	 2 	 1.467213e+00 	 -6.000000e+02 	 1.560000e+03 	 2.000000e+00
13 	 231 	 Ex 	 2 	 1.363917e+00 	 -3.600000e+02 	 1.560000e+03 	 2.000000e+00
13 	 232 	 Ex 	 2 	 8.139704e-01 	 -1.200000e+02 	 1.560000e+03 	 2.000000e+00
13 	 233 	 Ex 	 2 	 1.963608e+00 	 1.200000e+02 	 1.560000e+03 	 2.000000e+00
13 	 234 	 Ex 	 2 	 2.823248e+00 	 3.600000e+02 	 1.560000e+03 	 2.000000e+00
13 	 235 	 Ex 	 2 	 4.345346e+00 	 6.000000e+02 	 1.560000e+03 	 2.000000e+00
13 	 236 	 Ex 	 2 	 3.394004e+00 	 8.400000e+02 	 1.560000e+03 	 2.000000e+00
13 	 237 	 Ex 	 2 	 2.884280e+00 	 1.080000e+03 	 1.560000e+03 	 2.000000e+00
13 	 238 	 Ex 	 2 	 2.714708e+00 	 1.320000e+03 	 1.560000e+03 	 2.000000e+00
13 	 239 	 Ex 	 2 	 3.086037e+00 	 1.560000e+03 	 1.560000e+03 	 2.000000e+00
13 	 240 	 Ex 	 2 	 1.233535e+00 	 1.800000e+03 	 1.560000e+03 	 2.000000e+00
13 	 241 	 Ex 	 2 	 0.000000e+00 	 -1.800000e+03 	 1.800000e+03 	 2.000000e+00
13 	 242 	 Ex 	 2 	 0.000000e+00 	 -1.560000e+03 	 1.800000e+03 	 2.000000e+00
13 	 243 	 Ex 	 2 	 0.000000e+00 	 -1.320000e+03 	 1.800000e+03 	 2.000000e+00
13 	 244 	 Ex 	 2 	 0.000000e+00 	 -1.080000e+03 	 1.800000e+03 	 2.000000e+00
13 	 245 	 Ex 	 2 	 1.123017e+00 	 -8.400000e+02 	 1.800000e+03 	 2.000000e+00
13 	 246 	 Ex 	 2 	 2.914231e-01 	 -6.000000e+02 	 1.800000e+03 	 2.000000e+00
13 	 247 	 Ex 	 2 	 4.269418e-01 	 -3.600000e+02 	 1.800000e+03 	 2.000000e+00
13 	 248 	 Ex 	 2 	 2.429791e+00 	 -1.200000e+02 	 1.800000e+03 	 2.000000e+00
13 	 249 	 Ex 	 2 	 2.281077e+00 	 1.200000e+02 	 1.800000e+03 	 2.000000e+00
13 	 250 	 Ex 	 2 	 2.953032e+00 	 3.600000e+02 	 1.800000e+03 	 2.000000e+00
13 	 251 	 Ex 	 2 	 2.768538e+00 	 6.000000e+02 	 1.800000e+03 	 2.000000e+00
13 	 252 	 Ex 	 2 	 4.565462e+00 	 8.400000e+02 	 1.800000e+03 	 2.000000e+00
13 	 253 	 Ex 	 2 	 2.563196e+00 	 1.080000e+03 	 1.800000e+03 	 2.000000e+00
13 	 254 	 Ex 	 2 	 3.157864e+00 	 1.320000e+03 	 1.800000e+03 	 2.000000e+00
13 	 255 	 Ex 	 2 	 3.012631e+00 	 1.560000e+03 	 1.800000e+03 	 2.000000e+00
13 	 256 	 Ex 	 2 	 4.222442e+00 	 1.800000e+03 	 1.800000e+03 	 2.000000e+00
13 	 1 	 Ey 	 1 	 2.984278e+00 	 -1.800000e+03 	 -1.800000e+03 	 2.000000e+00
13 	 2 	 Ey 	 1 	 3.679822e+00 	 -1.560000e+03 	 -1.800000e+03 	 2.000000e+00
13 	 3 	 Ey 	 1 	 4.790514e+00 	 -1.320000e+03 	 -1.800000e+03 	 2.000000e+00
13 	 4 	 Ey 	 1 	 5.058377e+00 	 -1.080000e+03 	 -1.800000e+03 	 2.000000e+00
13 	 5 	 Ey 	 1 	 5.662350e+00 	 -8.400000e+02 	 -1.800000e+03 	 2.000000e+00
13 	 6 	 Ey 	 1 	 7.105663e+00 	 -6.000000e+02 	 -1.800000e+03 	 2.000000e+00
13 	 7 	 Ey 	 1 	 7.538458e+00 	 -3.600000e+02 	 -1.800000e+03 	 2.000000e+00
13 	 8 	 Ey 	 1 	 7.027853e+00 	 -1.200000e+02 	 -1.800000e+03 	 2.000000e+00
13 	 9 	 Ey 	 1 	 5.433443e+00 	 1.200000e+02 	 -1.800000e+03 	 2.000000e+00
13 	 10 	 Ey 	 1 	 3.042223e+00 	 3.600000e+02 	 -1.800000e+03 	 2.000000e+00
13 	 11 	 Ey 	 1 	 3.119578e+00 	 6.000000e+02 	 -1.800000e+03 	 2.000000e+00
13 	 12 	 Ey 	 1 	 3.546108e+00 	 8.400000e+02 	 -1.800000e+03 	 2.000000e+00
13 	 13 	 Ey 	 1 	 3.529086e+00 	 1.080000e+03 	 -1.800000e+03 	 2.000000e+00
13 	 14 	 Ey 	 1 	 2.407616e+00 	 1.320000e+03 	 -1.800000e+03 	 2.000000e+00
13 	 15 	 Ey 	 1 	 4.044950e+00 	 1.560000e+03 	 -1.800000e+03 	 2.000000e+00
13 	 16 	 Ey 	 1 	 4.637775e+00 	 1.800000e+03 	 -1.800000e+03 	 2.000000e+00
13 	 17 	 Ey 	 1 	 2.637012e+00 	 -1.800000e+03 	 -1.560000e+03 	 2.000000e+00
13 	 18 	 Ey 	 1 	 3.629998e+00 	 -1.560000e+03 	 -1.560000e+03 	 2.000000e+00
13 	 19 	 Ey 	 1 	 3.620262e+00 	 -1.320000e+03 	 -1.560000e+03 	 2.000000e+00
13 	 20 	 Ey 	 1 	 6.794841e+00 	 -1.080000e+03 	 -1.560000e+03 	 2.000000e+00
13 	 21 	 Ey 	 1 	 7.512836e+00 	 -8.400000e+02 	 -1.560000e+03 	 2.000000e+00
13 	 22 	 Ey 	 1 	 6.755929e+00 	 -6.000000e+02 	 -1.560000e+03 	 2.000000e+00
13 	 23 	 Ey 	 1 	 7.751044e+00 	 -3.600000e+02 	 -1.560000e+03 	 2.000000e+00
13 	 24 	 Ey 	 1 	 4.414585e+00 	 -1.200000e+02 	 -1.560000e+03 	 2.000000e+00
13 	 25 	 Ey 	 1 	 4.594518e+00 	 1.200000e+02 	 -1.560000e+03 	 2.000000e+00
13 	 26 	 Ey 	 1 	 3.882541e+00 	 3.600000e+02 	 -1.560000e+03 	 2.000000e+00
13 	 27 	 Ey 	 1 	 4.251339e+00 	 6.000000e+02 	 -1.560000e+03 	 2.000000e+00
13 	 28 	 Ey 	 1 	 3.476648e+00 	 8.400000e+02 	 -1.560000e+03 	 2.000000e+00
13 	 29 	 Ey 	 1 	 2.123960e+00 	 1.080000e+03 	 -1.560000e+03 	 2.000000e+00
13 	 30 	 Ey 	 1 	 2.480376e+00 	 1.320000e+03 	 -1.560000e+03 	 2.000000e+00
13 	 31 	 Ey 	 1 	 6.558239e+00 	 1.560000e+03 	 -1.560000e+03 	 2.000000e+00
13 	 32 	 Ey 	 1 	 4.998736e+00 	 1.800000e+03 	 -1.560000e+03 	 2.000000e+00
13 	 33 	 Ey 	 1 	 1.819205e+00 	 -1.800000e+03 	 -1.320000e+03 	 2.000000e+00
13 	 34 	 Ey 	 1 	 3.506910e+00 	 -1.560000e+03 	 -1.320000e+03 	 2.000000e+00
13 	 35 	 Ey 	 1 	 3.649667e+00 	 -1.320000e+03 	 -1.320000e+03 	 2.000000e+00
13 	 36 	 Ey 	 1 	 6.312017e+00 	 -1.080000e+03 	 -1.320000e+03 	 2.000000e+00
13 	 37 	 Ey 	 1 	 6.083464e+00 	 -8.400000e+02 	 -1.320000e+03 	 2.000000e+00
13 	 38 	 Ey 	 1 	 5.975863e+00 	 -6.000000e+02 	 -1.320000e+03 	 2.000000e+00
13 	 39 	 Ey 	 1 	 5.826519e+00 	 -3.600000e+02 	 -1.320000e+03 	 2.000000e+00
13 	 40 	 Ey 	 1 	 6.689892e+00 	 -1.200000e+02 	 -1.320000e+03 	 2.000000e+00
13 	 41 	 Ey 	 1 	 6.204031e+00 	 1.200000e+02 	 -1.320000e+03 	 2.000000e+00
13 	 42 	 Ey 	 1 	 4.861166e+00 	 3.600000e+02 	 -1.320000e+03 	 2.000000e+00
13 	 43 	 Ey 	 1 	 3.340322e+00 	 6.000000e+02 	 -1.320000e+03 	 2.000000e+00
13 	 44 	 Ey 	 1 	 1.517979e+00 	 8.400000e+02 	 -1.320000e+03 	 2.000000e+00
13 	 45 	 Ey 	 1 	 3.971824e+00 	 1.080000e+03 	 -1.320000e+03 	 2.000000e+00
13 	 46 	 Ey 	 1 	 2.812635e+00 	 1.320000e+03 	 -1.320000e+03 	 2.000000e+00
13 	 47 	 Ey 	 1 	 4.724176e+00 	 1.560000e+03 	 -1.320000e+03 	 2.000000e+00
13 	 48 	 Ey 	 1 	 4.747109e+00 	 1.800000e+03 	 -1.320000e+03 	 2.000000e+00
13 	 49 	 Ey 	 1 	 1.786121e+00 	 -1.800000e+03 	 -1.080000e+03 	 2.000000e+00
13 	 50 	 Ey 	 1 	 1.494002e+00 	 -1.560000e+03 	 -1.080000e+03 	 2.000000e+00
13 	 51 	 Ey 	 1 	 1.934939e+00 	 -1.320000e+03 	 -1.080000e+03 	 2.000000e+00
13 	 52 	 Ey 	 1 	 2.669057e+00 	 -1.080000e+03 	 -1.080000e+03 	 2.000000e+00
13 	 53 	 Ey 	 1 	 2.505773e+00 	 -8.400000e+02 	 -1.080000e+03 	 2.000000e+00
13 	 54 	 Ey 	 1 	 3.347003e+00 	 -6.000000e+02 	 -1.080000e+03 	 2.000000e+00
13 	 55 	 Ey 	 1 	 3.754425e+00 	 -3.600000e+02 	 -1.080000e+03 	 2.000000e+00
13 	 56 	 Ey 	 1 	 4.238364e+00 	 -1.200000e+02 	 -1.080000e+03 	 2.000000e+00
13 	 57 	 Ey 	 1 	 2.735158e+00 	 1.200000e+02 	 -1.080000e+03 	 2.000000e+00
13 	 58 	 Ey 	 1 	 3.164838e+00 	 3.600000e+02 	 -1.080000e+03 	 2.000000e+00
13 	 59 	 Ey 	 1 	 1.907453e+00 	 6.000000e+02 	 -1.080000e+03 	 2.000000e+00
13 	 60 	 Ey 	 1 	 3.444349e+00 	 8.400000e+02 	 -1.080000e+03 	 2.000000e+00
13 	 61 	 Ey 	 1 	 3.480403e+00 	 1.080000e+03 	 -1.080000e+03 	 2.000000e+00
13 	 62 	 Ey 	 1 	 4.143389e+00 	 1.320000e+03 	 -1.080000e+03 	 2.000000e+00
13 	 63 	 Ey 	 1 	 4.142491e+00 	 1.560000e+03 	 -1.080000e+03 	 2.000000e+00
13 	 64 	 Ey 	 1 	 5.516088e+00 	 1.800000e+03 	 -1.080000e+03 	 2.000000e+00
13 	 65 	 Ey 	 1 	 1.226701e+00 	 -1.800000e+03 	 -8.400000e+02 	 2.000000e+00
13 	 66 	 Ey 	 1 	 1.927340e+00 	 -1.560000e+03 	 -8.400000e+02 	 2.000000e+00
13 	 67 	 Ey 	 1 	 7.162424e-01 	 -1.320000e+03 	 -8.400000e+02 	 2.000000e+00
13 	 68 	 Ey 	 1 	 1.630635e+00 	 -1.080000e+03 	 -8.400000e+02 	 2.000000e+00
13 	 69 	 Ey 	 1 	 2.692462e+00 	 -8.400000e+02 	 -8.400000e+02 	 2.000000e+00
13 	 70 	 Ey 	 1 	 2.144001e+00 	 -6.000000e+02 	 -8.400000e+02 	 2.000000e+00
13 	 71 	 Ey 	 1 	 4.490191e+00 	 -3.600000e+02 	 -8.400000e+02 	 2.000000e+00
13 	 72 	 Ey 	 1 	 4.128222e+00 	 -1.200000e+02 	 -8.400000e+02 	 2.000000e+00
13 	 73 	 Ey 	 1 	 4.182277e+00 	 1.200000e+02 	 -8.400000e+02 	 2.000000e+00
13 	 74 	 Ey 	 1 	 4.465360e+00 	 3.600000e+02 	 -8.400000e+02 	 2.000000e+00
13 	 75 	 Ey 	 1 	 3.885283e+00 	 6.000000e+02 	 -8.400000e+02 	 2.000000e+00
13 	 76 	 Ey 	 1 	 2.785418e+00 	 8.400000e+02 	 -8.400000e+02 	 2.000000e+00
13 	 77 	 Ey 	 1 	 3.082736e+00 	 1.080000e+03 	 -8.400000e+02 	 2.000000e+00
13 	 78 	 Ey 	 1 	 4.142291e+00 	 1.320000e+03 	 -8.400000e+02 	 2.000000e+00
13 	 79 	 Ey 	 1 	 5.570509e+00 	 1.560000e+03 	 -8.400000e+02 	 2.000000e+00
13 	 80 	 Ey 	 1 	 5.143126e+00 	 1.800000e+03 	 -8.400000e+02 	 2.000000e+00
13 	 81 	 Ey 	 1 	 2.418444e+00 	 -1.800000e+03 	 -6.000000e+02 	 2.000000e+00
13 	 82 	 Ey 	 1 	 2.221573e+00 	 -1.560000e+03 	 -6.000000e+02 	 2.000000e+00
13 	 83 	 Ey 	 1 	 2.238815e+00 	 -1.320000e+03 	 -6.000000e+02 	 2.000000e+00
13 	 84 	 Ey 	 1 	 3.140068e+00 	 -1.080000e+03 	 -6.000000e+02 	 2.000000e+00
13 	 85 	 Ey 	 1 	 4.389624e+00 	 -8.400000e+02 	 -6.000000e+02 	 2.000000e+00
13 	 86 	 Ey 	 1 	 6.929218e+00 	 -6.000000e+02 	 -6.000000e+02 	 2.000000e+00
13 	 87 	 Ey 	 1 	 6.374035e+00 	 -3.600000e+02 	 -6.000000e+02 	 2.000000e+00
13 	 88 	 Ey 	 1 	 6.461390e+00 	 -1.200000e+02 	 -6.000000e+02 	 2.000000e+00
13 	 89 	 Ey 	 1 	 5.779138e+00 	 1.200000e+02 	 -6.000000e+02 	 2.000000e+00
13 	 90 	 Ey 	 1 	 4.408290e+00 	 3.600000e+02 	 -6.000000e+02 	 2.000000e+00
13 	 91 	 Ey 	 1 	 3.541549e+00 	 6.000000e+02 	 -6.000000e+02 	 2.000000e+00
13 	 92 	 Ey 	 1 	 2.559870e+00 	 8.400000e+02 	 -6.000000e+02 	 2.000000e+00
13 	 93 	 Ey 	 1 	 4.414629e+00 	 1.080000e+03 	 -6.000000e+02 	 2.000000e+00
13 	 94 	 Ey 	 1 	 6.007699e+00 	 1.320000e+03 	 -6.000000e+02 	 2.000000e+00
13 	 95 	 Ey 	 1 	 5.512956e+00 	 1.560000e+03 	 -6.000000e+02 	 2.000000e+00
13 	 96 	 Ey 	 1 	 4.402912e+00 	 1.800000e+03 	 -6.000000e+02 	 2.000000e+00
13 	 97 	 Ey 	 1 	 3.231562e+00 	 -1.800000e+03 	 -3.600000e+02 	 2.000000e+00
13 	 98 	 Ey 	 1 	 2.867770e+00 	 -1.560000e+03 	 -3.600000e+02 	 2.000000e+00
13 	 99 	 Ey 	 1 	 5.297139e+00 	 -1.320000e+03 	 -3.600000e+02 	 2.000000e+00
13 	 100 	 Ey 	 1 	 5.994038e+00 	 -1.080000e+03 	 -3.600000e+02 	 2.000000e+00
13 	 101 	 Ey 	 1 	 5.415541e+00 	 -8.400000e+02 	 -3.600000e+02 	 2.000000e+00
13 	 102 	 Ey 	 1 	 9.493934e+00 	 -6.000000e+02 	 -3.600000e+02 	 2.000000e+00
13 	 103 	 Ey 	 1 	 8.370631e+00 	 -3.600000e+02 	 -3.600000e+02 	 2.000000e+00
13 	 104 	 Ey 	 1 	 8.375622e+00 	 -1.200000e+02 	 -3.600000e+02 	 2.000000e+00
13 	 105 	 Ey 	 1 	 8.595074e+00 	 1.200000e+02 	 -3.600000e+02 	 2.000000e+00
13 	 106 	 Ey 	 1 	 5.120745e+00 	 3.600000e+02 	 -3.600000e+02 	 2.000000e+00
13 	 107 	 Ey 	 1 	 3.748788e+00 	 6.000000e+02 	 -3.600000e+02 	 2.000000e+00
13 	 108 	 Ey 	 1 	 1.870049e+00 	 8.400000e+02 	 -3.600000e+02 	 2.000000e+00
13 	 109 	 Ey 	 1 	 3.829361e+00 	 1.080000e+03 	 -3.600000e+02 	 2.000000e+00
13 	 110 	 Ey 	 1 	 4.784206e+00 	 1.320000e+03 	 -3.600000e+02 	 2.000000e+00
13 	 111 	 Ey 	 1 	 5.372339e+00 	 1.560000e+03 	 -3.600000e+02 	 2.000000e+00
13 	 112 	 Ey 	 1 	 6.112175e+00 	 1.800000e+03 	 -3.600000e+02 	 2.000000e+00
13 	 113 	 Ey 	 1 	 2.396432e+00 	 -1.800000e+03 	 -1.200000e+02 	 2.000000e+00
13 	 114 	 Ey 	 1 	 2.753733e+00 	 -1.560000e+03 	 -1.200000e+02 	 2.000000e+00
13 	 115 	 Ey 	 1 	 5.577543e+00 	 -1.320000e+03 	 -1.200000e+02 	 2.000000e+00
13 	 116 	 Ey 	 1 	 6.703562e+00 	 -1.080000e+03 	 -1.200000e+02 	 2.000000e+00
13 	 117 	 Ey 	 1 	 8.936346e+00 	 -8.400000e+02 	 -1.200000e+02 	 2.000000e+00
13 	 118 	 Ey 	 1 	 9.746325e+00 	 -6.000000e+02 	 -1.200000e+02 	 2.000000e+00
13 	 119 	 Ey 	 1 	 9.841991e+00 	 -3.600000e+02 	 -1.200000e+02 	 2.000000e+00
13 	 120 	 Ey 	 1 	 8.435292e+00 	 -1.200000e+02 	 -1.200000e+02 	 2.000000e+00
13 	 121 	 Ey 	 1 	 7.372845e+00 	 1.200000e+02 	 -1.200000e+02 	 2.000000e+00
13 	 122 	 Ey 	 1 	 5.841368e+00 	 3.600000e+02 	 -1.200000e+02 	 2.000000e+00
13 	 123 	 Ey 	 1 	 5.997095e+00 	 6.000000e+02 	 -1.200000e+02 	 2.000000e+00
13 	 124 	 Ey 	 1 	 4.157062e+00 	 8.400000e+02 	 -1.200000e+02 	 2.000000e+00
13 	 125 	 Ey 	 1 	 4.733745e+00 	 1.080000e+03 	 -1.200000e+02 	 2.000000e+00
13 	 126 	 Ey 	 1 	 4.947651e+00 	 1.320000e+03 	 -1.200000e+02 	 2.000000e+00
13 	 127 	 Ey 	 1 	 6.887756e+00 	 1.560000e+03 	 -1.200000e+02 	 2.000000e+00
13 	 128 	 Ey 	 1 	 5.637218e+00 	 1.800000e+03 	 -1.200000e+02 	 2.000000e+00
13 	 129 	 Ey 	 1 	 2.330156e+00 	 -1.800000e+03 	 1.200000e+02 	 2.000000e+00
13 	 130 	 Ey 	 1 	 3.868115e+00 	 -1.560000e+03 	 1.200000e+02 	 2.000000e+00
13 	 131 	 Ey 	 1 	 3.572635e+00 	 -1.320000e+03 	 1.200000e+02 	 2.000000e+00
13 	 132 	 Ey 	 1 	 5.525354e+00 	 -1.080000e+03 	 1.200000e+02 	 2.000000e+00
13 	 133 	 Ey 	 1 	 7.899823e+00 	 -8.400000e+02 	 1.200000e+02 	 2.000000e+00
13 	 134 	 Ey 	 1 	 1.152697e+01 	 -6.000000e+02 	 1.200000e+02 	 2.000000e+00
13 	 135 	 Ey 	 1 	 1.091381e+01 	 -3.600000e+02 	 1.200000e+02 	 2.000000e+00
13 	 136 	 Ey 	 1 	 9.847131e+00 	 -1.200000e+02 	 1.200000e+02 	 2.000000e+00
13 	 137 	 Ey 	 1 	 8.786614e+00 	 1.200000e+02 	 1.200000e+02 	 2.000000e+00
13 	 138 	 Ey 	 1 	 6.479187e+00 	 3.600000e+02 	 1.200000e+02 	 2.000000e+00
13 	 139 	 Ey 	 1 	 4.727947e+00 	 6.000000e+02 	 1.200000e+02 	 2.000000e+00
13 	 140 	 Ey 	 1 	 3.911313e+00 	 8.400000e+02 	 1.200000e+02 	 2.000000e+00
13 	 141 	 Ey 	 1 	 5.013292e+00 	 1.080000e+03 	 1.200000e+02 	 2.000000e+00
13 	 142 	 Ey 	 1 	 4.591366e+00 	 1.320000e+03 	 1.200000e+02 	 2.000000e+00
13 	 143 	 Ey 	 1 	 5.477372e+00 	 1.560000e+03 	 1.200000e+02 	 2.000000e+00
13 	 144 	 Ey 	 1 	 5.452006e+00 	 1.800000e+03 	 1.200000e+02 	 2.000000e+00
13 	 145 	 Ey 	 1 	 2.105844e+00 	 -1.800000e+03 	 3.600000e+02 	 2.000000e+00
13 	 146 	 Ey 	 1 	 1.545031e+00 	 -1.560000e+03 	 3.600000e+02 	 2.000000e+00
13 	 147 	 Ey 	 1 	 1.617328e+00 	 -1.320000e+03 	 3.600000e+02 	 2.000000e+00
13 	 148 	 Ey 	 1 	 4.577356e+00 	 -1.080000e+03 	 3.600000e+02 	 2.000000e+00
13 	 149 	 Ey 	 1 	 6.753198e+00 	 -8.400000e+02 	 3.600000e+02 	 2.000000e+00
13 	 150 	 Ey 	 1 	 7.905562e+00 	 -6.000000e+02 	 3.600000e+02 	 2.000000e+00
13 	 151 	 Ey 	 1 	 1.060842e+01 	 -3.600000e+02 	 3.600000e+02 	 2.000000e+00
13 	 152 	 Ey 	 1 	 8.158366e+00 	 -1.200000e+02 	 3.600000e+02 	 2.000000e+00
13 	 153 	 Ey 	 1 	 7.570193e+00 	 1.200000e+02 	 3.600000e+02 	 2.000000e+00
13 	 154 	 Ey 	 1 	 6.213724e+00 	 3.600000e+02 	 3.600000e+02 	 2.000000e+00
13 	 155 	 Ey 	 1 	 5.156513e+00 	 6.000000e+02 	 3.600000e+02 	 2.000000e+00
13 	 156 	 Ey 	 1 	 5.352489e+00 	 8.400000e+02 	 3.600000e+02 	 2.000000e+00
13 	 157 	 Ey 	 1 	 4.975663e+00 	 1.080000e+03 	 3.600000e+02 	 2.000000e+00
13 	 158 	 Ey 	 1 	 4.146396e+00 	 1.320000e+03 	 3.600000e+02 	 2.000000e+00
13 	 159 	 Ey 	 1 	 3.367729e+00 	 1.560000e+03 	 3.600000e+02 	 2.000000e+00
13 	 160 	 Ey 	 1 	 5.942294e+00 	 1.800000e+03 	 3.600000e+02 	 2.000000e+00
13 	 161 	 Ey 	 1 	 6.604308e-01 	 -1.800000e+03 	 6.000000e+02 	 2.000000e+00
13 	 162 	 Ey 	 1 	 1.529782e+00 	 -1.560000e+03 	 6.000000e+02 	 2.000000e+00
13 	 163 	 Ey 	 1 	 1.393209e+00 	 -1.320000e+03 	 6.000000e+02 	 2.000000e+00
13 	 164 	 Ey 	 1 	 1.518496e+00 	 -1.080000e+03 	 6.000000e+02 	 2.000000e+00
13 	 165 	 Ey 	 1 	 3.075155e+00 	 -8.400000e+02 	 6.000000e+02 	 2.000000e+00
13 	 166 	 Ey 	 1 	 5.428231e+00 	 -6.000000e+02 	 6.000000e+02 	 2.000000e+00
13 	 167 	 Ey 	 1 	 6.088190e+00 	 -3.600000e+02 	 6.000000e+02 	 2.000000e+00
13 	 168 	 Ey 	 1 	 5.898262e+00 	 -1.200000e+02 	 6.000000e+02 	 2.000000e+00
13 	 169 	 Ey 	 1 	 6.596996e+00 	 1.200000e+02 	 6.000000e+02 	 2.000000e+00
13 	 170 	 Ey 	 1 	 5.800320e+00 	 3.600000e+02 	 6.000000e+02 	 2.000000e+00
13 	 171 	 Ey 	 1 	 4.213714e+00 	 6.000000e+02 	 6.000000e+02 	 2.000000e+00
13 	 172 	 Ey 	 1 	 3.973109e+00 	 8.400000e+02 	 6.000000e+02 	 2.000000e+00
13 	 173 	 Ey 	 1 	 3.446992e+00 	 1.080000e+03 	 6.000000e+02 	 2.000000e+00
13 	 174 	 Ey 	 1 	 3.107599e+00 	 1.320000e+03 	 6.000000e+02 	 2.000000e+00
13 	 175 	 Ey 	 1 	 3.983064e+00 	 1.560000e+03 	 6.000000e+02 	 2.000000e+00
13 	 176 	 Ey 	 1 	 5.413625e+00 	 1.800000e+03 	 6.000000e+02 	 2.000000e+00
13 	 177 	 Ey 	 1 	 9.270248e-01 	 -1.800000e+03 	 8.400000e+02 	 2.000000e+00
13 	 178 	 Ey 	 1 	 1.053089e+00 	 -1.560000e+03 	 8.400000e+02 	 2.000000e+00
13 	 179 	 Ey 	 1 	 3.010382e-01 	 -1.320000e+03 	 8.400000e+02 	 2.000000e+00
13 	 180 	 Ey 	 1 	 3.122965e-01 	 -1.080000e+03 	 8.400000e+02 	 2.000000e+00
13 	 181 	 Ey 	 1 	 2.253649e+00 	 -8.400000e+02 	 8.400000e+02 	 2.000000e+00
13 	 182 	 Ey 	 1 	 2.126427e+00 	 -6.000000e+02 	 8.400000e+02 	 2.000000e+00
13 	 183 	 Ey 	 1 	 2.461627e+00 	 -3.600000e+02 	 8.400000e+02 	 2.000000e+00
13 	 184 	 Ey 	 1 	 1.749179e+00 	 -1.200000e+02 	 8.400000e+02 	 2.000000e+00
13 	 185 	 Ey 	 1 	 3.751875e+00 	 1.200000e+02 	 8.400000e+02 	 2.000000e+00
13 	 186 	 Ey 	 1 	 4.305821e+00 	 3.600000e+02 	 8.400000e+02 	 2.000000e+00
13 	 187 	 Ey 	 1 	 3.306471e+00 	 6.000000e+02 	 8.400000e+02 	 2.000000e+00
13 	 188 	 Ey 	 1 	 5.015901e+00 	 8.400000e+02 	 8.400000e+02 	 2.000000e+00
13 	 189 	 Ey 	 1 	 2.102061e+00 	 1.080000e+03 	 8.400000e+02 	 2.000000e+00
13 	 190 	 Ey 	 1 	 3.024841e+00 	 1.320000e+03 	 8.400000e+02 	 2.000000e+00
13 	 191 	 Ey 	 1 	 3.737627e+00 	 1.560000e+03 	 8.400000e+02 	 2.000000e+00
13 	 192 	 Ey 	 1 	 4.178946e+00 	 1.800000e+03 	 8.400000e+02 	 2.000000e+00
13 	 193 	 Ey 	 1 	 0.000000e+00 	 -1.800000e+03 	 1.080000e+03 	 2.000000e+00
13 	 194 	 Ey 	 1 	 0.000000e+00 	 -1.560000e+03 	 1.080000e+03 	 2.000000e+00
13 	 195 	 Ey 	 1 	 0.000000e+00 	 -1.320000e+03 	 1.080000e+03 	 2.000000e+00
13 	 196 	 Ey 	 1 	 1.529179e+00 	 -1.080000e+03 	 1.080000e+03 	 2.000000e+00
13 	 197 	 Ey 	 1 	 1.349430e+00 	 -8.400000e+02 	 1.080000e+03 	 2.000000e+00
13 	 198 	 Ey 	 1 	 2.519695e-01 	 -6.000000e+02 	 1.080000e+03 	 2.000000e+00
13 	 199 	 Ey 	 1 	 7.229627e-01 	 -3.600000e+02 	 1.080000e+03 	 2.000000e+00
13 	 200 	 Ey 	 1 	 5.125288e-01 	 -1.200000e+02 	 1.080000e+03 	 2.000000e+00
13 	 201 	 Ey 	 1 	 6.739307e-01 	 1.200000e+02 	 1.080000e+03 	 2.000000e+00
13 	 202 	 Ey 	 1 	 4.248936e+00 	 3.600000e+02 	 1.080000e+03 	 2.000000e+00
13 	 203 	 Ey 	 1 	 3.220158e+00 	 6.000000e+02 	 1.080000e+03 	 2.000000e+00
13 	 204 	 Ey 	 1 	 2.560077e+00 	 8.400000e+02 	 1.080000e+03 	 2.000000e+00
13 	 205 	 Ey 	 1 	 4.143612e+00 	 1.080000e+03 	 1.080000e+03 	 2.000000e+00
13 	 206 	 Ey 	 1 	 1.624369e+00 	 1.320000e+03 	 1.080000e+03 	 2.000000e+00
13 	 207 	 Ey 	 1 	 2.045142e+00 	 1.560000e+03 	 1.080000e+03 	 2.000000e+00
13 	 208 	 Ey 	 1 	 3.368908e+00 	 1.800000e+03 	 1.080000e+03 	 2.000000e+00
13 	 209 	 Ey 	 1 	 0.000000e+00 	 -1.800000e+03 	 1.320000e+03 	 2.000000e+00
13 	 210 	 Ey 	 1 	 0.000000e+00 	 -1.560000e+03 	 1.320000e+03 	 2.000000e+00
13 	 211 	 Ey 	 1 	 0.000000e+00 	 -1.320000e+03 	 1.320000e+03 	 2.000000e+00
13 	 212 	 Ey 	 1 	 0.000000e+00 	 -1.080000e+03 	 1.320000e+03 	 2.000000e+00
13 	 213 	 Ey 	 1 	 1.466399e+00 	 -8.400000e+02 	 1.320000e+03 	 2.000000e+00
13 	 214 	 Ey 	 1 	 1.045747e+00 	 -6.000000e+02 	 1.320000e+03 	 2.000000e+00
13 	 215 	 Ey 	 1 	 1.558730e+00 	 -3.600000e+02 	 1.320000e+03 	 2.000000e+00
13 	 216 	 Ey 	 1 	 1.863515e+00 	 -1.200000e+02 	 1.320000e+03 	 2.000000e+00
13 	 217 	 Ey 	 1 	 1.230641e+00 	 1.200000e+02 	 1.320000e+03 	 2.000000e+00
13 	 218 	 Ey 	 1 	 8.837454e-01 	 3.600000e+02 	 1.320000e+03 	 2.000000e+00
13 	 219 	 Ey 	 1 	 3.046525e+00 	 6.000000e+02 	 1.320000e+03 	 2.000000e+00
13 	 220 	 Ey 	 1 	 2.793803e+00 	 8.400000e+02 	 1.320000e+03 	 2.000000e+00
13 	 221 	 Ey 	 1 	 6.340501e-01 	 1.080000e+03 	 1.320000e+03 	 2.000000e+00
13 	 222 	 Ey 	 1 	 2.052369e+00 	 1.320000e+03 	 1.320000e+03 	 2.000000e+00
13 	 223 	 Ey 	 1 	 3.635902e+00 	 1.560000e+03 	 1.320000e+03 	 2.000000e+00
13 	 224 	 Ey 	 1 	 2.584454e+00 	 1.800000e+03 	 1.320000e+03 	 2.000000e+00
13 	 225 	 Ey 	 1 	 0.000000e+00 	 -1.800000e+03 	 1.560000e+03 	 2.000000e+00
13 	 226 	 Ey 	 1 	 0.000000e+00 	 -1.560000e+03 	 1.560000e+03 	 2.000000e+00
13 	 227 	 Ey 	 1 	 0.000000e+00 	 -1.320000e+03 	 1.560000e+03 	 2.000000e+00
13 	 228 	 Ey 	 1 	 0.000000e+00 	 -1.080000e+03 	 1.560000e+03 	 2.000000e+00
13 	 229 	 Ey 	 1 	 2.553024e-01 	 -8.400000e+02 	 1.560000e+03 	 2.000000e+00
13 	 230 	 Ey 	 1 	 1.697880e+00 	 -6.000000e+02 	 1.560000e+03 	 2.000000e+00
13 	 231 	 Ey 	 1 	 2.666910e+00 	 -3.600000e+02 	 1.560000e+03 	 2.000000e+00
13 	 232 	 Ey 	 1 	 6.455985e-01 	 -1.200000e+02 	 1.560000e+03 	 2.000000e+00
13 	 233 	 Ey 	 1 	 1.199621e+00 	 1.200000e+02 	 1.560000e+03 	 2.000000e+00
13 	 234 	 Ey 	 1 	 7.453203e-01 	 3.600000e+02 	 1.560000e+03 	 2.000000e+00
13 	 235 	 Ey 	 1 	 1.354397e+00 	 6.000000e+02 	 1.560000e+03 	 2.000000e+00
13 	 236 	 Ey 	 1 	 2.214786e+00 	 8.400000e+02 	 1.560000e+03 	 2.000000e+00
13 	 237 	 Ey 	 1 	 1.709939e+00 	 1.080000e+03 	 1.560000e+03 	 2.000000e+00
13 	 238 	 Ey 	 1 	 1.513318e+00 	 1.320000e+03 	 1.560000e+03 	 2.000000e+00
13 	 239 	 Ey 	 1 	 1.790275e+00 	 1.560000e+03 	 1.560000e+03 	 2.000000e+00
13 	 240 	 Ey 	 1 	 1.810459e+00 	 1.800000e+03 	 1.560000e+03 	 2.000000e+00
13 	 241 	 Ey 	 1 	 0.000000e+00 	 -1.800000e+03 	 1.800000e+03 	 2.000000e+00
13 	 242 	 Ey 	 1 	 0.000000e+00 	 -1.560000e+03 	 1.800000e+03 	 2.000000e+00
13 	 243 	 Ey 	 1 	 0.000000e+00 	 -1.320000e+03 	 1.800000e+03 	 2.000000e+00
13 	 244 	 Ey 	 1 	 0.000000e+00 	 -1.080000e+03 	 1.800000e+03 	 2.000000e+00
13 	 245 	 Ey 	 1 	 2.438499e-01 	 -8.400000e+02 	 1.800000e+03 	 2.000000e+00
13 	 246 	 Ey 	 1 	 1.624855e+00 	 -6.000000e+02 	 1.800000e+03 	 2.000000e+00
13 	 247 	 Ey 	 1 	 2.231776e+00 	 -3.600000e+02 	 1.800000e+03 	 2.000000e+00
13 	 248 	 Ey 	 1 	 1.167786e+00 	 -1.200000e+02 	 1.800000e+03 	 2.000000e+00
13 	 249 	 Ey 	 1 	 2.307975e+00 	 1.200000e+02 	 1.800000e+03 	 2.000000e+00
13 	 250 	 Ey 	 1 	 2.627613e+00 	 3.600000e+02 	 1.800000e+03 	 2.000000e+00
13 	 251 	 Ey 	 1 	 9.443793e-01 	 6.000000e+02 	 1.800000e+03 	 2.000000e+00
13 	 252 	 Ey 	 1 	 9.245989e-01 	 8.400000e+02 	 1.800000e+03 	 2.000000e+00
13 	 253 	 Ey 	 1 	 1.709110e+00 	 1.080000e+03 	 1.800000e+03 	 2.000000e+00
13 	 254 	 Ey 	 1 	 1.179164e+00 	 1.320000e+03 	 1.800000e+03 	 2.000000e+00
13 	 255 	 Ey 	 1 	 2.194946e+00 	 1.560000e+03 	 1.800000e+03 	 2.000000e+00
13 	 256 	 Ey 	 1 	 1.703855e+00 	 1.800000e+03 	 1.800000e+03 	 2.000000e+00
13 	 1 	 Ey 	 2 	 9.689358e-01 	 -1.800000e+03 	 -1.800000e+03 	 2.000000e+00
13 	 2 	 Ey 	 2 	 1.232632e+00 	 -1.560000e+03 	 -1.800000e+03 	 2.000000e+00
13 	 3 	 Ey 	 2 	 3.124317e+00 	 -1.320000e+03 	 -1.800000e+03 	 2.000000e+00
13 	 4 	 Ey 	 2 	 3.128183e+00 	 -1.080000e+03 	 -1.800000e+03 	 2.000000e+00
13 	 5 	 Ey 	 2 	 2.778476e+00 	 -8.400000e+02 	 -1.800000e+03 	 2.000000e+00
13 	 6 	 Ey 	 2 	 4.165098e+00 	 -6.000000e+02 	 -1.800000e+03 	 2.000000e+00
13 	 7 	 Ey 	 2 	 3.150509e+00 	 -3.600000e+02 	 -1.800000e+03 	 2.000000e+00
13 	 8 	 Ey 	 2 	 2.475266e+00 	 -1.200000e+02 	 -1.800000e+03 	 2.000000e+00
13 	 9 	 Ey 	 2 	 3.112978e+00 	 1.200000e+02 	 -1.800000e+03 	 2.000000e+00
13 	 10 	 Ey 	 2 	 2.898473e+00 	 3.600000e+02 	 -1.800000e+03 	 2.000000e+00
13 	 11 	 Ey 	 2 	 3.144791e+00 	 6.000000e+02 	 -1.800000e+03 	 2.000000e+00
13 	 12 	 Ey 	 2 	 3.797755e+00 	 8.400000e+02 	 -1.800000e+03 	 2.000000e+00
13 	 13 	 Ey 	 2 	 3.731064e+00 	 1.080000e+03 	 -1.800000e+03 	 2.000000e+00
13 	 14 	 Ey 	 2 	 4.183525e+00 	 1.320000e+03 	 -1.800000e+03 	 2.000000e+00
13 	 15 	 Ey 	 2 	 3.136819e+00 	 1.560000e+03 	 -1.800000e+03 	 2.000000e+00
13 	 16 	 Ey 	 2 	 3.730583e+00 	 1.800000e+03 	 -1.800000e+03 	 2.000000e+00
13 	 17 	 Ey 	 2 	 9.219588e-01 	 -1.800000e+03 	 -1.560000e+03 	 2.000000e+00
13 	 18 	 Ey 	 2 	 1.782853e+00 	 -1.560000e+03 	 -1.560000e+03 	 2.000000e+00
13 	 19 	 Ey 	 2 	 3.817439e+00 	 -1.320000e+03 	 -1.560000e+03 	 2.000000e+00
13 	 20 	 Ey 	 2 	 3.507232e+00 	 -1.080000e+03 	 -1.560000e+03 	 2.000000e+00
13 	 21 	 Ey 	 2 	 3.869184e+00 	 -8.400000e+02 	 -1.560000e+03 	 2.000000e+00
13 	 22 	 Ey 	 2 	 4.408276e+00 	 -6.000000e+02 	 -1.560000e+03 	 2.000000e+00
13 	 23 	 Ey 	 2 	 2.217157e+00 	 -3.600000e+02 	 -1.560000e+03 	 2.000000e+00
13 	 24 	 Ey 	 2 	 4.532717e+00 	 -1.200000e+02 	 -1.560000e+03 	 2.000000e+00
13 	 25 	 Ey 	 2 	 4.016683e+00 	 1.200000e+02 	 -1.560000e+03 	 2.000000e+00
13 	 26 	 Ey 	 2 	 3.425597e+00 	 3.600000e+02 	 -1.560000e+03 	 2.000000e+00
13 	 27 	 Ey 	 2 	 5.071972e+00 	 6.000000e+02 	 -1.560000e+03 	 2.000000e+00
13 	 28 	 Ey 	 2 	 5.465304e+00 	 8.400000e+02 	 -1.560000e+03 	 2.000000e+00
13 	 29 	 Ey 	 2 	 4.055968e+00 	 1.080000e+03 	 -1.560000e+03 	 2.000000e+00
13 	 30 	 Ey 	 2 	 4.410843e+00 	 1.320000e+03 	 -1.560000e+03 	 2.000000e+00
13 	 31 	 Ey 	 2 	 3.993719e+00 	 1.560000e+03 	 -1.560000e+03 	 2.000000e+00
13 	 32 	 Ey 	 2 	 3.183863e+00 	 1.800000e+03 	 -1.560000e+03 	 2.000000e+00
13 	 33 	 Ey 	 2 	 1.495019e-01 	 -1.800000e+03 	 -1.320000e+03 	 2.000000e+00
13 	 34 	 Ey 	 2 	 2.367956e+00 	 -1.560000e+03 	 -1.320000e+03 	 2.000000e+00
13 	 35 	 Ey 	 2 	 1.732354e+00 	 -1.320000e+03 	 -1.320000e+03 	 2.000000e+00
13 	 36 	 Ey 	 2 	 2.980699e+00 	 -1.080000e+03 	 -1.320000e+03 	 2.000000e+00
13 	 37 	 Ey 	 2 	 4.345094e+00 	 -8.400000e+02 	 -1.320000e+03 	 2.000000e+00
13 	 38 	 Ey 	 2 	 3.309290e+00 	 -6.000000e+02 	 -1.320000e+03 	 2.000000e+00
13 	 39 	 Ey 	 2 	 3.941131e+00 	 -3.600000e+02 	 -1.320000e+03 	 2.000000e+00
13 	 40 	 Ey 	 2 	 4.416092e+00 	 -1.200000e+02 	 -1.320000e+03 	 2.000000e+00
13 	 41 	 Ey 	 2 	 5.151703e+00 	 1.200000e+02 	 -1.320000e+03 	 2.000000e+00
13 	 42 	 Ey 	 2 	 5.086102e+00 	 3.600000e+02 	 -1.320000e+03 	 2.000000e+00
13 	 43 	 Ey 	 2 	 3.903354e+00 	 6.000000e+02 	 -1.320000e+03 	 2.000000e+00
13 	 44 	 Ey 	 2 	 5.887365e+00 	 8.400000e+02 	 -1.320000e+03 	 2.000000e+00
13 	 45 	 Ey 	 2 	 5.193826e+00 	 1.080000e+03 	 -1.320000e+03 	 2.000000e+00
13 	 46 	 Ey 	 2 	 4.431565e+00 	 1.320000e+03 	 -1.320000e+03 	 2.000000e+00
13 	 47 	 Ey 	 2 	 4.826094e+00 	 1.560000e+03 	 -1.320000e+03 	 2.000000e+00
13 	 48 	 Ey 	 2 	 3.327165e+00 	 1.800000e+03 	 -1.320000e+03 	 2.000000e+00
13 	 49 	 Ey 	 2 	 8.889351e-01 	 -1.800000e+03 	 -1.080000e+03 	 2.000000e+00
13 	 50 	 Ey 	 2 	 2.979474e-01 	 -1.560000e+03 	 -1.080000e+03 	 2.000000e+00
13 	 51 	 Ey 	 2 	 1.163288e+00 	 -1.320000e+03 	 -1.080000e+03 	 2.000000e+00
13 	 52 	 Ey 	 2 	 2.353684e+00 	 -1.080000e+03 	 -1.080000e+03 	 2.000000e+00
13 	 53 	 Ey 	 2 	 2.659422e+00 	 -8.400000e+02 	 -1.080000e+03 	 2.000000e+00
13 	 54 	 Ey 	 2 	 1.413494e+00 	 -6.000000e+02 	 -1.080000e+03 	 2.000000e+00
13 	 55 	 Ey 	 2 	 2.027770e+00 	 -3.600000e+02 	 -1.080000e+03 	 2.000000e+00
13 	 56 	 Ey 	 2 	 5.689638e+00 	 -1.200000e+02 	 -1.080000e+03 	 2.000000e+00
13 	 57 	 Ey 	 2 	 6.423584e+00 	 1.200000e+02 	 -1.080000e+03 	 2.000000e+00
13 	 58 	 Ey 	 2 	 5.521757e+00 	 3.600000e+02 	 -1.080000e+03 	 2.000000e+00
13 	 59 	 Ey 	 2 	 5.590259e+00 	 6.000000e+02 	 -1.080000e+03 	 2.000000e+00
13 	 60 	 Ey 	 2 	 5.419607e+00 	 8.400000e+02 	 -1.080000e+03 	 2.000000e+00
13 	 61 	 Ey 	 2 	 4.883630e+00 	 1.080000e+03 	 -1.080000e+03 	 2.000000e+00
13 	 62 	 Ey 	 2 	 4.205932e+00 	 1.320000e+03 	 -1.080000e+03 	 2.000000e+00
13 	 63 	 Ey 	 2 	 3.904235e+00 	 1.560000e+03 	 -1.080000e+03 	 2.000000e+00
13 	 64 	 Ey 	 2 	 5.549038e+00 	 1.800000e+03 	 -1.080000e+03 	 2.000000e+00
13 	 65 	 Ey 	 2 	 8.893664e-01 	 -1.800000e+03 	 -8.400000e+02 	 2.000000e+00
13 	 66 	 Ey 	 2 	 5.101319e-01 	 -1.560000e+03 	 -8.400000e+02 	 2.000000e+00
13 	 67 	 Ey 	 2 	 9.975683e-01 	 -1.320000e+03 	 -8.400000e+02 	 2.000000e+00
13 	 68 	 Ey 	 2 	 1.644520e+00 	 -1.080000e+03 	 -8.400000e+02 	 2.000000e+00
13 	 69 	 Ey 	 2 	 2.127670e+00 	 -8.400000e+02 	 -8.400000e+02 	 2.000000e+00
13 	 70 	 Ey 	 2 	 2.283452e+00 	 -6.000000e+02 	 -8.400000e+02 	 2.000000e+00
13 	 71 	 Ey 	 2 	 5.270991e+00 	 -3.600000e+02 	 -8.400000e+02 	 2.000000e+00
13 	 72 	 Ey 	 2 	 9.011822e+00 	 -1.200000e+02 	 -8.400000e+02 	 2.000000e+00
13 	 73 	 Ey 	 2 	 9.044505e+00 	 1.200000e+02 	 -8.400000e+02 	 2.000000e+00
13 	 74 	 Ey 	 2 	 6.834196e+00 	 3.600000e+02 	 -8.400000e+02 	 2.000000e+00
13 	 75 	 Ey 	 2 	 6.492328e+00 	 6.000000e+02 	 -8.400000e+02 	 2.000000e+00
13 	 76 	 Ey 	 2 	 5.288538e+00 	 8.400000e+02 	 -8.400000e+02 	 2.000000e+00
13 	 77 	 Ey 	 2 	 4.489058e+00 	 1.080000e+03 	 -8.400000e+02 	 2.000000e+00
13 	 78 	 Ey 	 2 	 5.610898e+00 	 1.320000e+03 	 -8.400000e+02 	 2.000000e+00
13 	 79 	 Ey 	 2 	 5.733836e+00 	 1.560000e+03 	 -8.400000e+02 	 2.000000e+00
13 	 80 	 Ey 	 2 	 4.422179e+00 	 1.800000e+03 	 -8.400000e+02 	 2.000000e+00
13 	 81 	 Ey 	 2 	 3.581138e-01 	 -1.800000e+03 	 -6.000000e+02 	 2.000000e+00
13 	 82 	 Ey 	 2 	 1.003761e+00 	 -1.560000e+03 	 -6.000000e+02 	 2.000000e+00
13 	 83 	 Ey 	 2 	 1.096951e+00 	 -1.320000e+03 	 -6.000000e+02 	 2.000000e+00
13 	 84 	 Ey 	 2 	 3.424796e+00 	 -1.080000e+03 	 -6.000000e+02 	 2.000000e+00
13 	 85 	 Ey 	 2 	 3.937860e+00 	 -8.400000e+02 	 -6.000000e+02 	 2.000000e+00
13 	 86 	 Ey 	 2 	 5.592809e+00 	 -6.000000e+02 	 -6.000000e+02 	 2.000000e+00
13 	 87 	 Ey 	 2 	 7.022943e+00 	 -3.600000e+02 	 -6.000000e+02 	 2.000000e+00
13 	 88 	 Ey 	 2 	 8.951357e+00 	 -1.200000e+02 	 -6.000000e+02 	 2.000000e+00
13 	 89 	 Ey 	 2 	 6.782582e+00 	 1.200000e+02 	 -6.000000e+02 	 2.000000e+00
13 	 90 	 Ey 	 2 	 7.269656e+00 	 3.600000e+02 	 -6.000000e+02 	 2.000000e+00
13 	 91 	 Ey 	 2 	 6.072954e+00 	 6.000000e+02 	 -6.000000e+02 	 2.000000e+00
13 	 92 	 Ey 	 2 	 6.454105e+00 	 8.400000e+02 	 -6.000000e+02 	 2.000000e+00
13 	 93 	 Ey 	 2 	 5.615062e+00 	 1.080000e+03 	 -6.000000e+02 	 2.000000e+00
13 	 94 	 Ey 	 2 	 6.817988e+00 	 1.320000e+03 	 -6.000000e+02 	 2.000000e+00
13 	 95 	 Ey 	 2 	 4.926694e+00 	 1.560000e+03 	 -6.000000e+02 	 2.000000e+00
13 	 96 	 Ey 	 2 	 4.008116e+00 	 1.800000e+03 	 -6.000000e+02 	 2.000000e+00
13 	 97 	 Ey 	 2 	 1.161706e+00 	 -1.800000e+03 	 -3.600000e+02 	 2.000000e+00
13 	 98 	 Ey 	 2 	 2.077259e+00 	 -1.560000e+03 	 -3.600000e+02 	 2.000000e+00
13 	 99 	 Ey 	 2 	 1.750491e+00 	 -1.320000e+03 	 -3.600000e+02 	 2.000000e+00
13 	 100 	 Ey 	 2 	 3.686720e+00 	 -1.080000e+03 	 -3.600000e+02 	 2.000000e+00
13 	 101 	 Ey 	 2 	 5.087127e+00 	 -8.400000e+02 	 -3.600000e+02 	 2.000000e+00
13 	 102 	 Ey 	 2 	 6.297789e+00 	 -6.000000e+02 	 -3.600000e+02 	 2.000000e+00
13 	 103 	 Ey 	 2 	 8.786243e+00 	 -3.600000e+02 	 -3.600000e+02 	 2.000000e+00
13 	 104 	 Ey 	 2 	 1.114943e+01 	 -1.200000e+02 	 -3.600000e+02 	 2.000000e+00
13 	 105 	 Ey 	 2 	 8.158258e+00 	 1.200000e+02 	 -3.600000e+02 	 2.000000e+00
13 	 106 	 Ey 	 2 	 8.960327e+00 	 3.600000e+02 	 -3.600000e+02 	 2.000000e+00
13 	 107 	 Ey 	 2 	 5.398339e+00 	 6.000000e+02 	 -3.600000e+02 	 2.000000e+00
13 	 108 	 Ey 	 2 	 6.687987e+00 	 8.400000e+02 	 -3.600000e+02 	 2.000000e+00
13 	 109 	 Ey 	 2 	 5.441335e+00 	 1.080000e+03 	 -3.600000e+02 	 2.000000e+00
13 	 110 	 Ey 	 2 	 5.988175e+00 	 1.320000e+03 	 -3.600000e+02 	 2.000000e+00
13 	 111 	 Ey 	 2 	 6.261204e+00 	 1.560000e+03 	 -3.600000e+02 	 2.000000e+00
13 	 112 	 Ey 	 2 	 5.076051e+00 	 1.800000e+03 	 -3.600000e+02 	 2.000000e+00
13 	 113 	 Ey 	 2 	 1.856516e+00 	 -1.800000e+03 	 -1.200000e+02 	 2.000000e+00
13 	 114 	 Ey 	 2 	 2.143548e+00 	 -1.560000e+03 	 -1.200000e+02 	 2.000000e+00
13 	 115 	 Ey 	 2 	 2.990498e+00 	 -1.320000e+03 	 -1.200000e+02 	 2.000000e+00
13 	 116 	 Ey 	 2 	 3.962487e+00 	 -1.080000e+03 	 -1.200000e+02 	 2.000000e+00
13 	 117 	 Ey 	 2 	 5.894073e+00 	 -8.400000e+02 	 -1.200000e+02 	 2.000000e+00
13 	 118 	 Ey 	 2 	 8.920345e+00 	 -6.000000e+02 	 -1.200000e+02 	 2.000000e+00
13 	 119 	 Ey 	 2 	 1.026459e+01 	 -3.600000e+02 	 -1.200000e+02 	 2.000000e+00
13 	 120 	 Ey 	 2 	 9.713374e+00 	 -1.200000e+02 	 -1.200000e+02 	 2.000000e+00
13 	 121 	 Ey 	 2 	 9.182416e+00 	 1.200000e+02 	 -1.200000e+02 	 2.000000e+00
13 	 122 	 Ey 	 2 	 9.108436e+00 	 3.600000e+02 	 -1.200000e+02 	 2.000000e+00
13 	 123 	 Ey 	 2 	 5.669776e+00 	 6.000000e+02 	 -1.200000e+02 	 2.000000e+00
13 	 124 	 Ey 	 2 	 6.830448e+00 	 8.400000e+02 	 -1.200000e+02 	 2.000000e+00
13 	 125 	 Ey 	 2 	 6.899133e+00 	 1.080000e+03 	 -1.200000e+02 	 2.000000e+00
13 	 126 	 Ey 	 2 	 5.724791e+00 	 1.320000e+03 	 -1.200000e+02 	 2.000000e+00
13 	 127 	 Ey 	 2 	 7.526253e+00 	 1.560000e+03 	 -1.200000e+02 	 2.000000e+00
13 	 128 	 Ey 	 2 	 5.124320e+00 	 1.800000e+03 	 -1.200000e+02 	 2.000000e+00
13 	 129 	 Ey 	 2 	 2.558511e+00 	 -1.800000e+03 	 1.200000e+02 	 2.000000e+00
13 	 130 	 Ey 	 2 	 1.974009e+00 	 -1.560000e+03 	 1.200000e+02 	 2.000000e+00
13 	 131 	 Ey 	 2 	 2.495708e+00 	 -1.320000e+03 	 1.200000e+02 	 2.000000e+00
13 	 132 	 Ey 	 2 	 5.031389e+00 	 -1.080000e+03 	 1.200000e+02 	 2.000000e+00
13 	 133 	 Ey 	 2 	 6.636180e+00 	 -8.400000e+02 	 1.200000e+02 	 2.000000e+00
13 	 134 	 Ey 	 2 	 8.485760e+00 	 -6.000000e+02 	 1.200000e+02 	 2.000000e+00
13 	 135 	 Ey 	 2 	 1.112825e+01 	 -3.600000e+02 	 1.200000e+02 	 2.000000e+00
13 	 136 	 Ey 	 2 	 1.120274e+01 	 -1.200000e+02 	 1.200000e+02 	 2.000000e+00
13 	 137 	 Ey 	 2 	 9.271220e+00 	 1.200000e+02 	 1.200000e+02 	 2.000000e+00
13 	 138 	 Ey 	 2 	 7.356588e+00 	 3.600000e+02 	 1.200000e+02 	 2.000000e+00
13 	 139 	 Ey 	 2 	 6.271503e+00 	 6.000000e+02 	 1.200000e+02 	 2.000000e+00
13 	 140 	 Ey 	 2 	 5.967418e+00 	 8.400000e+02 	 1.200000e+02 	 2.000000e+00
13 	 141 	 Ey 	 2 	 6.776575e+00 	 1.080000e+03 	 1.200000e+02 	 2.000000e+00
13 	 142 	 Ey 	 2 	 6.417956e+00 	 1.320000e+03 	 1.200000e+02 	 2.000000e+00
13 	 143 	 Ey 	 2 	 6.544221e+00 	 1.560000e+03 	 1.200000e+02 	 2.000000e+00
13 	 144 	 Ey 	 2 	 7.217427e+00 	 1.800000e+03 	 1.200000e+02 	 2.000000e+00
13 	 145 	 Ey 	 2 	 1.245654e+00 	 -1.800000e+03 	 3.600000e+02 	 2.000000e+00
13 	 146 	 Ey 	 2 	 9.976498e-01 	 -1.560000e+03 	 3.600000e+02 	 2.000000e+00
13 	 147 	 Ey 	 2 	 2.596169e+00 	 -1.320000e+03 	 3.600000e+02 	 2.000000e+00
13 	 148 	 Ey 	 2 	 2.451287e+00 	 -1.080000e+03 	 3.600000e+02 	 2.000000e+00
13 	 149 	 Ey 	 2 	 5.283912e+00 	 -8.400000e+02 	 3.600000e+02 	 2.000000e+00
13 	 150 	 Ey 	 2 	 9.238880e+00 	 -6.000000e+02 	 3.600000e+02 	 2.000000e+00
13 	 151 	 Ey 	 2 	 9.830242e+00 	 -3.600000e+02 	 3.600000e+02 	 2.000000e+00
13 	 152 	 Ey 	 2 	 1.045061e+01 	 -1.200000e+02 	 3.600000e+02 	 2.000000e+00
13 	 153 	 Ey 	 2 	 9.033590e+00 	 1.200000e+02 	 3.600000e+02 	 2.000000e+00
13 	 154 	 Ey 	 2 	 7.478726e+00 	 3.600000e+02 	 3.600000e+02 	 2.000000e+00
13 	 155 	 Ey 	 2 	 6.862378e+00 	 6.000000e+02 	 3.600000e+02 	 2.000000e+00
13 	 156 	 Ey 	 2 	 7.093418e+00 	 8.400000e+02 	 3.600000e+02 	 2.000000e+00
13 	 157 	 Ey 	 2 	 5.661352e+00 	 1.080000e+03 	 3.600000e+02 	 2.000000e+00
13 	 158 	 Ey 	 2 	 6.780112e+00 	 1.320000e+03 	 3.600000e+02 	 2.000000e+00
13 	 159 	 Ey 	 2 	 6.871599e+00 	 1.560000e+03 	 3.600000e+02 	 2.000000e+00
13 	 160 	 Ey 	 2 	 7.186674e+00 	 1.800000e+03 	 3.600000e+02 	 2.000000e+00
13 	 161 	 Ey 	 2 	 2.193117e+00 	 -1.800000e+03 	 6.000000e+02 	 2.000000e+00
13 	 162 	 Ey 	 2 	 1.865394e+00 	 -1.560000e+03 	 6.000000e+02 	 2.000000e+00
13 	 163 	 Ey 	 2 	 6.698579e-01 	 -1.320000e+03 	 6.000000e+02 	 2.000000e+00
13 	 164 	 Ey 	 2 	 1.238075e+00 	 -1.080000e+03 	 6.000000e+02 	 2.000000e+00
13 	 165 	 Ey 	 2 	 4.482412e+00 	 -8.400000e+02 	 6.000000e+02 	 2.000000e+00
13 	 166 	 Ey 	 2 	 7.303278e+00 	 -6.000000e+02 	 6.000000e+02 	 2.000000e+00
13 	 167 	 Ey 	 2 	 6.445711e+00 	 -3.600000e+02 	 6.000000e+02 	 2.000000e+00
13 	 168 	 Ey 	 2 	 6.411263e+00 	 -1.200000e+02 	 6.000000e+02 	 2.000000e+00
13 	 169 	 Ey 	 2 	 7.111617e+00 	 1.200000e+02 	 6.000000e+02 	 2.000000e+00
13 	 170 	 Ey 	 2 	 6.334500e+00 	 3.600000e+02 	 6.000000e+02 	 2.000000e+00
13 	 171 	 Ey 	 2 	 5.493946e+00 	 6.000000e+02 	 6.000000e+02 	 2.000000e+00
13 	 172 	 Ey 	 2 	 5.725140e+00 	 8.400000e+02 	 6.000000e+02 	 2.000000e+00
13 	 173 	 Ey 	 2 	 7.208457e+00 	 1.080000e+03 	 6.000000e+02 	 2.000000e+00
13 	 174 	 Ey 	 2 	 5.080100e+00 	 1.320000e+03 	 6.000000e+02 	 2.000000e+00
13 	 175 	 Ey 	 2 	 7.116110e+00 	 1.560000e+03 	 6.000000e+02 	 2.000000e+00
13 	 176 	 Ey 	 2 	 6.547152e+00 	 1.800000e+03 	 6.000000e+02 	 2.000000e+00
13 	 177 	 Ey 	 2 	 1.267948e+00 	 -1.800000e+03 	 8.400000e+02 	 2.000000e+00
13 	 178 	 Ey 	 2 	 3.914400e-01 	 -1.560000e+03 	 8.400000e+02 	 2.000000e+00
13 	 179 	 Ey 	 2 	 1.393344e+00 	 -1.320000e+03 	 8.400000e+02 	 2.000000e+00
13 	 180 	 Ey 	 2 	 2.261647e+00 	 -1.080000e+03 	 8.400000e+02 	 2.000000e+00
13 	 181 	 Ey 	 2 	 9.569532e-01 	 -8.400000e+02 	 8.400000e+02 	 2.000000e+00
13 	 182 	 Ey 	 2 	 1.900043e+00 	 -6.000000e+02 	 8.400000e+02 	 2.000000e+00
13 	 183 	 Ey 	 2 	 3.274346e+00 	 -3.600000e+02 	 8.400000e+02 	 2.000000e+00
13 	 184 	 Ey 	 2 	 2.862637e+00 	 -1.200000e+02 	 8.400000e+02 	 2.000000e+00
13 	 185 	 Ey 	 2 	 5.158516e+00 	 1.200000e+02 	 8.400000e+02 	 2.000000e+00
13 	 186 	 Ey 	 2 	 5.763865e+00 	 3.600000e+02 	 8.400000e+02 	 2.000000e+00
13 	 187 	 Ey 	 2 	 5.316184e+00 	 6.000000e+02 	 8.400000e+02 	 2.000000e+00
13 	 188 	 Ey 	 2 	 6.605463e+00 	 8.400000e+02 	 8.400000e+02 	 2.000000e+00
13 	 189 	 Ey 	 2 	 7.162019e+00 	 1.080000e+03 	 8.400000e+02 	 2.000000e+00
13 	 190 	 Ey 	 2 	 6.453621e+00 	 1.320000e+03 	 8.400000e+02 	 2.000000e+00
13 	 191 	 Ey 	 2 	 6.363773e+00 	 1.560000e+03 	 8.400000e+02 	 2.000000e+00
13 	 192 	 Ey 	 2 	 5.038244e+00 	 1.800000e+03 	 8.400000e+02 	 2.000000e+00
13 	 193 	 Ey 	 2 	 0.000000e+00 	 -1.800000e+03 	 1.080000e+03 	 2.000000e+00
13 	 194 	 Ey 	 2 	 0.000000e+00 	 -1.560000e+03 	 1.080000e+03 	 2.000000e+00
13 	 195 	 Ey 	 2 	 0.000000e+00 	 -1.320000e+03 	 1.080000e+03 	 2.000000e+00
13 	 196 	 Ey 	 2 	 2.347562e+00 	 -1.080000e+03 	 1.080000e+03 	 2.000000e+00
13 	 197 	 Ey 	 2 	 6.009288e-01 	 -8.400000e+02 	 1.080000e+03 	 2.000000e+00
13 	 198 	 Ey 	 2 	 5.635421e-01 	 -6.000000e+02 	 1.080000e+03 	 2.000000e+00
13 	 199 	 Ey 	 2 	 2.634933e-01 	 -3.600000e+02 	 1.080000e+03 	 2.000000e+00
13 	 200 	 Ey 	 2 	 1.354549e+00 	 -1.200000e+02 	 1.080000e+03 	 2.000000e+00
13 	 201 	 Ey 	 2 	 2.442754e+00 	 1.200000e+02 	 1.080000e+03 	 2.000000e+00
13 	 202 	 Ey 	 2 	 2.897571e+00 	 3.600000e+02 	 1.080000e+03 	 2.000000e+00
13 	 203 	 Ey 	 2 	 4.860824e+00 	 6.000000e+02 	 1.080000e+03 	 2.000000e+00
13 	 204 	 Ey 	 2 	 4.708741e+00 	 8.400000e+02 	 1.080000e+03 	 2.000000e+00
13 	 205 	 Ey 	 2 	 5.805387e+00 	 1.080000e+03 	 1.080000e+03 	 2.000000e+00
13 	 206 	 Ey 	 2 	 5.607808e+00 	 1.320000e+03 	 1.080000e+03 	 2.000000e+00
13 	 207 	 Ey 	 2 	 5.470971e+00 	 1.560000e+03 	 1.080000e+03 	 2.000000e+00
13 	 208 	 Ey 	 2 	 4.920882e+00 	 1.800000e+03 	 1.080000e+03 	 2.000000e+00
13 	 209 	 Ey 	 2 	 0.000000e+00 	 -1.800000e+03 	 1.320000e+03 	 2.000000e+00
13 	 210 	 Ey 	 2 	 0.000000e+00 	 -1.560000e+03 	 1.320000e+03 	 2.000000e+00
13 	 211 	 Ey 	 2 	 0.000000e+00 	 -1.320000e+03 	 1.320000e+03 	 2.000000e+00
13 	 212 	 Ey 	 2 	 0.000000e+00 	 -1.080000e+03 	 1.320000e+03 	 2.000000e+00
13 	 213 	 Ey 	 2 	 1.268564e+00 	 -8.400000e+02 	 1.320000e+03 	 2.000000e+00
13 	 214 	 Ey 	 2 	 8.619671e-01 	 -6.000000e+02 	 1.320000e+03 	 2.000000e+00
13 	 215 	 Ey 	 2 	 2.599550e+00 	 -3.600000e+02 	 1.320000e+03 	 2.000000e+00
13 	 216 	 Ey 	 2 	 1.232577e+00 	 -1.200000e+02 	 1.320000e+03 	 2.000000e+00
13 	 217 	 Ey 	 2 	 1.016617e+00 	 1.200000e+02 	 1.320000e+03 	 2.000000e+00
13 	 218 	 Ey 	 2 	 1.913973e+00 	 3.600000e+02 	 1.320000e+03 	 2.000000e+00
13 	 219 	 Ey 	 2 	 2.329664e+00 	 6.000000e+02 	 1.320000e+03 	 2.000000e+00
13 	 220 	 Ey 	 2 	 3.401252e+00 	 8.400000e+02 	 1.320000e+03 	 2.000000e+00
13 	 221 	 Ey 	 2 	 4.469187e+00 	 1.080000e+03 	 1.320000e+03 	 2.000000e+00
13 	 222 	 Ey 	 2 	 5.427637e+00 	 1.320000e+03 	 1.320000e+03 	 2.000000e+00
13 	 223 	 Ey 	 2 	 5.671328e+00 	 1.560000e+03 	 1.320000e+03 	 2.000000e+00
13 	 224 	 Ey 	 2 	 5.613172e+00 	 1.800000e+03 	 1.320000e+03 	 2.000000e+00
13 	 225 	 Ey 	 2 	 0.000000e+00 	 -1.800000e+03 	 1.560000e+03 	 2.000000e+00
13 	 226 	 Ey 	 2 	 0.000000e+00 	 -1.560000e+03 	 1.560000e+03 	 2.000000e+00
13 	 227 	 Ey 	 2 	 0.000000e+00 	 -1.320000e+03 	 1.560000e+03 	 2.000000e+00
13 	 228 	 Ey 	 2 	 0.000000e+00 	 -1.080000e+03 	 1.560000e+03 	 2.000000e+00
13 	 229 	 Ey 	 2 	 1.972081e+00 	 -8.400000e+02 	 1.560000e+03 	 2.000000e+00
13 	 230 	 Ey 	 2 	 1.500429e+00 	 -6.000000e+02 	 1.560000e+03 	 2.000000e+00
13 	 231 	 Ey 	 2 	 8.443126e-01 	 -3.600000e+02 	 1.560000e+03 	 2.000000e+00
13 	 232 	 Ey 	 2 	 1.406905e+00 	 -1.200000e+02 	 1.560000e+03 	 2.000000e+00
13 	 233 	 Ey 	 2 	 1.479200e+00 	 1.200000e+02 	 1.560000e+03 	 2.000000e+00
13 	 234 	 Ey 	 2 	 6.169228e-01 	 3.600000e+02 	 1.560000e+03 	 2.000000e+00
13 	 235 	 Ey 	 2 	 1.888945e+00 	 6.000000e+02 	 1.560000e+03 	 2.000000e+00
13 	 236 	 Ey 	 2 	 2.564812e+00 	 8.400000e+02 	 1.560000e+03 	 2.000000e+00
13 	 237 	 Ey 	 2 	 3.065986e+00 	 1.080000e+03 	 1.560000e+03 	 2.000000e+00
13 	 238 	 Ey 	 2 	 3.357362e+00 	 1.320000e+03 	 1.560000e+03 	 2.000000e+00
13 	 239 	 Ey 	 2 	 4.476129e+00 	 1.560000e+03 	 1.560000e+03 	 2.000000e+00
13 	 240 	 Ey 	 2 	 3.811270e+00 	 1.800000e+03 	 1.560000e+03 	 2.000000e+00
13 	 241 	 Ey 	 2 	 0.000000e+00 	 -1.800000e+03 	 1.800000e+03 	 2.000000e+00
13 	 242 	 Ey 	 2 	 0.000000e+00 	 -1.560000e+03 	 1.800000e+03 	 2.000000e+00
13 	 243 	 Ey 	 2 	 0.000000e+00 	 -1.320000e+03 	 1.800000e+03 	 2.000000e+00
13 	 244 	 Ey 	 2 	 0.000000e+00 	 -1.080000e+03 	 1.800000e+03 	 2.000000e+00
13 	 245 	 Ey 	 2 	 2.260220e+00 	 -8.400000e+02 	 1.800000e+03 	 2.000000e+00
13 	 246 	 Ey 	 2 	 5.574760e-01 	 -6.000000e+02 	 1.800000e+03 	 2.000000e+00
13 	 247 	 Ey 	 2 	 1.388153e+00 	 -3.600000e+02 	 1.800000e+03 	 2.000000e+00
13 	 248 	 Ey 	 2 	 1.889669e+00 	 -1.200000e+02 	 1.800000e+03 	 2.000000e+00
13 	 249 	 Ey 	 2 	 9.061220e-01 	 1.200000e+02 	 1.800000e+03 	 2.000000e+00
13 	 250 	 Ey 	 2 	 1.826538e+00 	 3.600000e+02 	 1.800000e+03 	 2.000000e+00
13 	 251 	 Ey 	 2 	 2.225079e-01 	 6.000000e+02 	 1.800000e+03 	 2.000000e+00
13 	 252 	 Ey 	 2 	 1.620814e+00 	 8.400000e+02 	 1.800000e+03 	 2.000000e+00
13 	 253 	 Ey 	 2 	 2.351476e+00 	 1.080000e+03 	 1.800000e+03 	 2.000000e+00
13 	 254 	 Ey 	 2 	 2.382374e+00 	 1.320000e+03 	 1.800000e+03 	 2.000000e+00
13 	 255 	 Ey 	 2 	 2.430423e+00 	 1.560000e+03 	 1.800000e+03 	 2.000000e+00
13 	 256 	 Ey 	 2 	 3.918753e+00 	 1.800000e+03 	 1.800000e+03 	 2.000000e+00
