iTx 	 iRx    ichrec  ifreq 	 sig_misfit   x       y      z
10 	 1 	 Ex 	 1 	 8.696795e+00 	 -1.800000e+03 	 -1.800000e+03 	 2.000000e+00
10 	 2 	 Ex 	 1 	 9.009644e+00 	 -1.560000e+03 	 -1.800000e+03 	 2.000000e+00
10 	 3 	 Ex 	 1 	 1.090919e+01 	 -1.320000e+03 	 -1.800000e+03 	 2.000000e+00
10 	 4 	 Ex 	 1 	 1.353604e+01 	 -1.080000e+03 	 -1.800000e+03 	 2.000000e+00
10 	 5 	 Ex 	 1 	 1.441370e+01 	 -8.400000e+02 	 -1.800000e+03 	 2.000000e+00
10 	 6 	 Ex 	 1 	 1.811413e+01 	 -6.000000e+02 	 -1.800000e+03 	 2.000000e+00
10 	 7 	 Ex 	 1 	 1.557106e+01 	 -3.600000e+02 	 -1.800000e+03 	 2.000000e+00
10 	 8 	 Ex 	 1 	 1.275208e+01 	 -1.200000e+02 	 -1.800000e+03 	 2.000000e+00
10 	 9 	 Ex 	 1 	 9.347918e+00 	 1.200000e+02 	 -1.800000e+03 	 2.000000e+00
10 	 10 	 Ex 	 1 	 8.254561e+00 	 3.600000e+02 	 -1.800000e+03 	 2.000000e+00
10 	 11 	 Ex 	 1 	 6.773377e+00 	 6.000000e+02 	 -1.800000e+03 	 2.000000e+00
10 	 12 	 Ex 	 1 	 5.797957e+00 	 8.400000e+02 	 -1.800000e+03 	 2.000000e+00
10 	 13 	 Ex 	 1 	 6.495660e+00 	 1.080000e+03 	 -1.800000e+03 	 2.000000e+00
10 	 14 	 Ex 	 1 	 3.801736e+00 	 1.320000e+03 	 -1.800000e+03 	 2.000000e+00
10 	 15 	 Ex 	 1 	 5.558808e+00 	 1.560000e+03 	 -1.800000e+03 	 2.000000e+00
10 	 16 	 Ex 	 1 	 5.931962e+00 	 1.800000e+03 	 -1.800000e+03 	 2.000000e+00
10 	 17 	 Ex 	 1 	 5.403412e+00 	 -1.800000e+03 	 -1.560000e+03 	 2.000000e+00
10 	 18 	 Ex 	 1 	 7.999729e+00 	 -1.560000e+03 	 -1.560000e+03 	 2.000000e+00
10 	 19 	 Ex 	 1 	 9.711184e+00 	 -1.320000e+03 	 -1.560000e+03 	 2.000000e+00
10 	 20 	 Ex 	 1 	 1.239256e+01 	 -1.080000e+03 	 -1.560000e+03 	 2.000000e+00
10 	 21 	 Ex 	 1 	 1.460776e+01 	 -8.400000e+02 	 -1.560000e+03 	 2.000000e+00
10 	 22 	 Ex 	 1 	 1.734607e+01 	 -6.000000e+02 	 -1.560000e+03 	 2.000000e+00
10 	 23 	 Ex 	 1 	 1.521015e+01 	 -3.600000e+02 	 -1.560000e+03 	 2.000000e+00
10 	 24 	 Ex 	 1 	 1.349062e+01 	 -1.200000e+02 	 -1.560000e+03 	 2.000000e+00
10 	 25 	 Ex 	 1 	 9.186060e+00 	 1.200000e+02 	 -1.560000e+03 	 2.000000e+00
10 	 26 	 Ex 	 1 	 6.727766e+00 	 3.600000e+02 	 -1.560000e+03 	 2.000000e+00
10 	 27 	 Ex 	 1 	 5.071486e+00 	 6.000000e+02 	 -1.560000e+03 	 2.000000e+00
10 	 28 	 Ex 	 1 	 4.382308e+00 	 8.400000e+02 	 -1.560000e+03 	 2.000000e+00
10 	 29 	 Ex 	 1 	 2.731676e+00 	 1.080000e+03 	 -1.560000e+03 	 2.000000e+00
10 	 30 	 Ex 	 1 	 2.813150e+00 	 1.320000e+03 	 -1.560000e+03 	 2.000000e+00
10 	 31 	 Ex 	 1 	 4.188138e+00 	 1.560000e+03 	 -1.560000e+03 	 2.000000e+00
10 	 32 	 Ex 	 1 	 4.365407e+00 	 1.800000e+03 	 -1.560000e+03 	 2.000000e+00
10 	 33 	 Ex 	 1 	 1.720345e+00 	 -1.800000e+03 	 -1.320000e+03 	 2.000000e+00
10 	 34 	 Ex 	 1 	 4.749928e+00 	 -1.560000e+03 	 -1.320000e+03 	 2.000000e+00
10 	 35 	 Ex 	 1 	 7.486099e+00 	 -1.320000e+03 	 -1.320000e+03 	 2.000000e+00
10 	 36 	 Ex 	 1 	 1.172532e+01 	 -1.080000e+03 	 -1.320000e+03 	 2.000000e+00
10 	 37 	 Ex 	 1 	 1.494981e+01 	 -8.400000e+02 	 -1.320000e+03 	 2.000000e+00
10 	 38 	 Ex 	 1 	 1.765294e+01 	 -6.000000e+02 	 -1.320000e+03 	 2.000000e+00
10 	 39 	 Ex 	 1 	 1.388275e+01 	 -3.600000e+02 	 -1.320000e+03 	 2.000000e+00
10 	 40 	 Ex 	 1 	 1.090600e+01 	 -1.200000e+02 	 -1.320000e+03 	 2.000000e+00
10 	 41 	 Ex 	 1 	 5.394736e+00 	 1.200000e+02 	 -1.320000e+03 	 2.000000e+00
10 	 42 	 Ex 	 1 	 4.644273e+00 	 3.600000e+02 	 -1.320000e+03 	 2.000000e+00
10 	 43 	 Ex 	 1 	 2.165006e+00 	 6.000000e+02 	 -1.320000e+03 	 2.000000e+00
10 	 44 	 Ex 	 1 	 3.354989e+00 	 8.400000e+02 	 -1.320000e+03 	 2.000000e+00
10 	 45 	 Ex 	 1 	 3.515044e+00 	 1.080000e+03 	 -1.320000e+03 	 2.000000e+00
10 	 46 	 Ex 	 1 	 3.510343e+00 	 1.320000e+03 	 -1.320000e+03 	 2.000000e+00
10 	 47 	 Ex 	 1 	 4.017909e+00 	 1.560000e+03 	 -1.320000e+03 	 2.000000e+00
10 	 48 	 Ex 	 1 	 1.955605e+00 	 1.800000e+03 	 -1.320000e+03 	 2.000000e+00
10 	 49 	 Ex 	 1 	 2.340101e+00 	 -1.800000e+03 	 -1.080000e+03 	 2.000000e+00
10 	 50 	 Ex 	 1 	 2.057065e+00 	 -1.560000e+03 	 -1.080000e+03 	 2.000000e+00
10 	 51 	 Ex 	 1 	 4.232077e+00 	 -1.320000e+03 	 -1.080000e+03 	 2.000000e+00
10 	 52 	 Ex 	 1 	 9.636349e+00 	 -1.080000e+03 	 -1.080000e+03 	 2.000000e+00
10 	 53 	 Ex 	 1 	 1.403902e+01 	 -8.400000e+02 	 -1.080000e+03 	 2.000000e+00
10 	 54 	 Ex 	 1 	 1.825094e+01 	 -6.000000e+02 	 -1.080000e+03 	 2.000000e+00
10 	 55 	 Ex 	 1 	 1.381316e+01 	 -3.600000e+02 	 -1.080000e+03 	 2.000000e+00
10 	 56 	 Ex 	 1 	 8.500448e+00 	 -1.200000e+02 	 -1.080000e+03 	 2.000000e+00
10 	 57 	 Ex 	 1 	 4.625866e+00 	 1.200000e+02 	 -1.080000e+03 	 2.000000e+00
10 	 58 	 Ex 	 1 	 2.096493e+00 	 3.600000e+02 	 -1.080000e+03 	 2.000000e+00
10 	 59 	 Ex 	 1 	 1.211186e+00 	 6.000000e+02 	 -1.080000e+03 	 2.000000e+00
10 	 60 	 Ex 	 1 	 3.488847e+00 	 8.400000e+02 	 -1.080000e+03 	 2.000000e+00
10 	 61 	 Ex 	 1 	 4.044558e+00 	 1.080000e+03 	 -1.080000e+03 	 2.000000e+00
10 	 62 	 Ex 	 1 	 3.538359e+00 	 1.320000e+03 	 -1.080000e+03 	 2.000000e+00
10 	 63 	 Ex 	 1 	 2.540515e+00 	 1.560000e+03 	 -1.080000e+03 	 2.000000e+00
10 	 64 	 Ex 	 1 	 1.289509e+00 	 1.800000e+03 	 -1.080000e+03 	 2.000000e+00
10 	 65 	 Ex 	 1 	 4.138684e+00 	 -1.800000e+03 	 -8.400000e+02 	 2.000000e+00
10 	 66 	 Ex 	 1 	 3.767004e+00 	 -1.560000e+03 	 -8.400000e+02 	 2.000000e+00
10 	 67 	 Ex 	 1 	 2.974455e+00 	 -1.320000e+03 	 -8.400000e+02 	 2.000000e+00
10 	 68 	 Ex 	 1 	 8.141500e+00 	 -1.080000e+03 	 -8.400000e+02 	 2.000000e+00
10 	 69 	 Ex 	 1 	 1.232792e+01 	 -8.400000e+02 	 -8.400000e+02 	 2.000000e+00
10 	 70 	 Ex 	 1 	 1.726113e+01 	 -6.000000e+02 	 -8.400000e+02 	 2.000000e+00
10 	 71 	 Ex 	 1 	 1.327290e+01 	 -3.600000e+02 	 -8.400000e+02 	 2.000000e+00
10 	 72 	 Ex 	 1 	 5.288511e+00 	 -1.200000e+02 	 -8.400000e+02 	 2.000000e+00
10 	 73 	 Ex 	 1 	 1.385718e+00 	 1.200000e+02 	 -8.400000e+02 	 2.000000e+00
10 	 74 	 Ex 	 1 	 1.643639e+00 	 3.600000e+02 	 -8.400000e+02 	 2.000000e+00
10 	 75 	 Ex 	 1 	 2.226108e+00 	 6.000000e+02 	 -8.400000e+02 	 2.000000e+00
10 	 76 	 Ex 	 1 	 2.432176e+00 	 8.400000e+02 	 -8.400000e+02 	 2.000000e+00
10 	 77 	 Ex 	 1 	 5.647269e+00 	 1.080000e+03 	 -8.400000e+02 	 2.000000e+00
10 	 78 	 Ex 	 1 	 4.818120e+00 	 1.320000e+03 	 -8.400000e+02 	 2.000000e+00
10 	 79 	 Ex 	 1 	 3.783113e+00 	 1.560000e+03 	 -8.400000e+02 	 2.000000e+00
10 	 80 	 Ex 	 1 	 3.129235e+00 	 1.800000e+03 	 -8.400000e+02 	 2.000000e+00
10 	 81 	 Ex 	 1 	 5.564401e+00 	 -1.800000e+03 	 -6.000000e+02 	 2.000000e+00
10 	 82 	 Ex 	 1 	 2.763377e+00 	 -1.560000e+03 	 -6.000000e+02 	 2.000000e+00
10 	 83 	 Ex 	 1 	 1.746899e+00 	 -1.320000e+03 	 -6.000000e+02 	 2.000000e+00
10 	 84 	 Ex 	 1 	 4.760962e+00 	 -1.080000e+03 	 -6.000000e+02 	 2.000000e+00
10 	 85 	 Ex 	 1 	 1.072022e+01 	 -8.400000e+02 	 -6.000000e+02 	 2.000000e+00
10 	 86 	 Ex 	 1 	 1.275655e+01 	 -6.000000e+02 	 -6.000000e+02 	 2.000000e+00
10 	 87 	 Ex 	 1 	 9.234108e+00 	 -3.600000e+02 	 -6.000000e+02 	 2.000000e+00
10 	 88 	 Ex 	 1 	 3.048873e+00 	 -1.200000e+02 	 -6.000000e+02 	 2.000000e+00
10 	 89 	 Ex 	 1 	 3.462583e+00 	 1.200000e+02 	 -6.000000e+02 	 2.000000e+00
10 	 90 	 Ex 	 1 	 4.429603e+00 	 3.600000e+02 	 -6.000000e+02 	 2.000000e+00
10 	 91 	 Ex 	 1 	 1.192453e+00 	 6.000000e+02 	 -6.000000e+02 	 2.000000e+00
10 	 92 	 Ex 	 1 	 3.266240e+00 	 8.400000e+02 	 -6.000000e+02 	 2.000000e+00
10 	 93 	 Ex 	 1 	 5.959096e+00 	 1.080000e+03 	 -6.000000e+02 	 2.000000e+00
10 	 94 	 Ex 	 1 	 4.024810e+00 	 1.320000e+03 	 -6.000000e+02 	 2.000000e+00
10 	 95 	 Ex 	 1 	 3.657084e+00 	 1.560000e+03 	 -6.000000e+02 	 2.000000e+00
10 	 96 	 Ex 	 1 	 2.131285e+00 	 1.800000e+03 	 -6.000000e+02 	 2.000000e+00
10 	 97 	 Ex 	 1 	 6.379555e+00 	 -1.800000e+03 	 -3.600000e+02 	 2.000000e+00
10 	 98 	 Ex 	 1 	 5.242532e+00 	 -1.560000e+03 	 -3.600000e+02 	 2.000000e+00
10 	 99 	 Ex 	 1 	 1.774622e+00 	 -1.320000e+03 	 -3.600000e+02 	 2.000000e+00
10 	 100 	 Ex 	 1 	 2.051223e+00 	 -1.080000e+03 	 -3.600000e+02 	 2.000000e+00
10 	 101 	 Ex 	 1 	 6.631952e+00 	 -8.400000e+02 	 -3.600000e+02 	 2.000000e+00
10 	 102 	 Ex 	 1 	 9.937843e+00 	 -6.000000e+02 	 -3.600000e+02 	 2.000000e+00
10 	 103 	 Ex 	 1 	 6.927372e+00 	 -3.600000e+02 	 -3.600000e+02 	 2.000000e+00
10 	 104 	 Ex 	 1 	 2.542515e+00 	 -1.200000e+02 	 -3.600000e+02 	 2.000000e+00
10 	 105 	 Ex 	 1 	 3.804190e+00 	 1.200000e+02 	 -3.600000e+02 	 2.000000e+00
10 	 106 	 Ex 	 1 	 4.217578e+00 	 3.600000e+02 	 -3.600000e+02 	 2.000000e+00
10 	 107 	 Ex 	 1 	 1.141883e+00 	 6.000000e+02 	 -3.600000e+02 	 2.000000e+00
10 	 108 	 Ex 	 1 	 4.209497e+00 	 8.400000e+02 	 -3.600000e+02 	 2.000000e+00
10 	 109 	 Ex 	 1 	 4.916101e+00 	 1.080000e+03 	 -3.600000e+02 	 2.000000e+00
10 	 110 	 Ex 	 1 	 7.087419e+00 	 1.320000e+03 	 -3.600000e+02 	 2.000000e+00
10 	 111 	 Ex 	 1 	 4.219970e+00 	 1.560000e+03 	 -3.600000e+02 	 2.000000e+00
10 	 112 	 Ex 	 1 	 1.764577e+00 	 1.800000e+03 	 -3.600000e+02 	 2.000000e+00
10 	 113 	 Ex 	 1 	 7.052829e+00 	 -1.800000e+03 	 -1.200000e+02 	 2.000000e+00
10 	 114 	 Ex 	 1 	 4.162068e+00 	 -1.560000e+03 	 -1.200000e+02 	 2.000000e+00
10 	 115 	 Ex 	 1 	 1.895915e+00 	 -1.320000e+03 	 -1.200000e+02 	 2.000000e+00
10 	 116 	 Ex 	 1 	 1.609909e+00 	 -1.080000e+03 	 -1.200000e+02 	 2.000000e+00
10 	 117 	 Ex 	 1 	 3.085950e+00 	 -8.400000e+02 	 -1.200000e+02 	 2.000000e+00
10 	 118 	 Ex 	 1 	 3.991054e+00 	 -6.000000e+02 	 -1.200000e+02 	 2.000000e+00
10 	 119 	 Ex 	 1 	 5.338555e+00 	 -3.600000e+02 	 -1.200000e+02 	 2.000000e+00
10 	 120 	 Ex 	 1 	 7.953942e-01 	 -1.200000e+02 	 -1.200000e+02 	 2.000000e+00
10 	 121 	 Ex 	 1 	 3.571382e+00 	 1.200000e+02 	 -1.200000e+02 	 2.000000e+00
10 	 122 	 Ex 	 1 	 4.866585e+00 	 3.600000e+02 	 -1.200000e+02 	 2.000000e+00
10 	 123 	 Ex 	 1 	 1.320091e+00 	 6.000000e+02 	 -1.200000e+02 	 2.000000e+00
10 	 124 	 Ex 	 1 	 3.876062e+00 	 8.400000e+02 	 -1.200000e+02 	 2.000000e+00
10 	 125 	 Ex 	 1 	 6.838385e+00 	 1.080000e+03 	 -1.200000e+02 	 2.000000e+00
10 	 126 	 Ex 	 1 	 4.730882e+00 	 1.320000e+03 	 -1.200000e+02 	 2.000000e+00
10 	 127 	 Ex 	 1 	 4.799150e+00 	 1.560000e+03 	 -1.200000e+02 	 2.000000e+00
10 	 128 	 Ex 	 1 	 2.987419e+00 	 1.800000e+03 	 -1.200000e+02 	 2.000000e+00
10 	 129 	 Ex 	 1 	 5.360725e+00 	 -1.800000e+03 	 1.200000e+02 	 2.000000e+00
10 	 130 	 Ex 	 1 	 5.358993e+00 	 -1.560000e+03 	 1.200000e+02 	 2.000000e+00
10 	 131 	 Ex 	 1 	 2.908077e+00 	 -1.320000e+03 	 1.200000e+02 	 2.000000e+00
10 	 132 	 Ex 	 1 	 7.620450e-01 	 -1.080000e+03 	 1.200000e+02 	 2.000000e+00
10 	 133 	 Ex 	 1 	 0.000000e+00 	 -8.400000e+02 	 1.200000e+02 	 2.000000e+00
10 	 134 	 Ex 	 1 	 0.000000e+00 	 -6.000000e+02 	 1.200000e+02 	 2.000000e+00
10 	 135 	 Ex 	 1 	 0.000000e+00 	 -3.600000e+02 	 1.200000e+02 	 2.000000e+00
10 	 136 	 Ex 	 1 	 0.000000e+00 	 -1.200000e+02 	 1.200000e+02 	 2.000000e+00
10 	 137 	 Ex 	 1 	 2.185956e+00 	 1.200000e+02 	 1.200000e+02 	 2.000000e+00
10 	 138 	 Ex 	 1 	 4.820235e+00 	 3.600000e+02 	 1.200000e+02 	 2.000000e+00
10 	 139 	 Ex 	 1 	 2.223671e+00 	 6.000000e+02 	 1.200000e+02 	 2.000000e+00
10 	 140 	 Ex 	 1 	 3.097696e+00 	 8.400000e+02 	 1.200000e+02 	 2.000000e+00
10 	 141 	 Ex 	 1 	 5.511299e+00 	 1.080000e+03 	 1.200000e+02 	 2.000000e+00
10 	 142 	 Ex 	 1 	 5.595323e+00 	 1.320000e+03 	 1.200000e+02 	 2.000000e+00
10 	 143 	 Ex 	 1 	 4.057780e+00 	 1.560000e+03 	 1.200000e+02 	 2.000000e+00
10 	 144 	 Ex 	 1 	 3.150435e+00 	 1.800000e+03 	 1.200000e+02 	 2.000000e+00
10 	 145 	 Ex 	 1 	 6.116932e+00 	 -1.800000e+03 	 3.600000e+02 	 2.000000e+00
10 	 146 	 Ex 	 1 	 3.569742e+00 	 -1.560000e+03 	 3.600000e+02 	 2.000000e+00
10 	 147 	 Ex 	 1 	 2.834508e+00 	 -1.320000e+03 	 3.600000e+02 	 2.000000e+00
10 	 148 	 Ex 	 1 	 0.000000e+00 	 -1.080000e+03 	 3.600000e+02 	 2.000000e+00
10 	 149 	 Ex 	 1 	 0.000000e+00 	 -8.400000e+02 	 3.600000e+02 	 2.000000e+00
10 	 150 	 Ex 	 1 	 0.000000e+00 	 -6.000000e+02 	 3.600000e+02 	 2.000000e+00
10 	 151 	 Ex 	 1 	 0.000000e+00 	 -3.600000e+02 	 3.600000e+02 	 2.000000e+00
10 	 152 	 Ex 	 1 	 0.000000e+00 	 -1.200000e+02 	 3.600000e+02 	 2.000000e+00
10 	 153 	 Ex 	 1 	 2.821668e+00 	 1.200000e+02 	 3.600000e+02 	 2.000000e+00
10 	 154 	 Ex 	 1 	 3.015530e+00 	 3.600000e+02 	 3.600000e+02 	 2.000000e+00
10 	 155 	 Ex 	 1 	 2.206854e+00 	 6.000000e+02 	 3.600000e+02 	 2.000000e+00
10 	 156 	 Ex 	 1 	 2.729733e+00 	 8.400000e+02 	 3.600000e+02 	 2.000000e+00
10 	 157 	 Ex 	 1 	 5.824737e+00 	 1.080000e+03 	 3.600000e+02 	 2.000000e+00
10 	 158 	 Ex 	 1 	 5.042137e+00 	 1.320000e+03 	 3.600000e+02 	 2.000000e+00
10 	 159 	 Ex 	 1 	 4.684879e+00 	 1.560000e+03 	 3.600000e+02 	 2.000000e+00
10 	 160 	 Ex 	 1 	 1.561158e+00 	 1.800000e+03 	 3.600000e+02 	 2.000000e+00
10 	 161 	 Ex 	 1 	 5.551157e+00 	 -1.800000e+03 	 6.000000e+02 	 2.000000e+00
10 	 162 	 Ex 	 1 	 3.917444e+00 	 -1.560000e+03 	 6.000000e+02 	 2.000000e+00
10 	 163 	 Ex 	 1 	 1.536602e+00 	 -1.320000e+03 	 6.000000e+02 	 2.000000e+00
10 	 164 	 Ex 	 1 	 0.000000e+00 	 -1.080000e+03 	 6.000000e+02 	 2.000000e+00
10 	 165 	 Ex 	 1 	 0.000000e+00 	 -8.400000e+02 	 6.000000e+02 	 2.000000e+00
10 	 166 	 Ex 	 1 	 0.000000e+00 	 -6.000000e+02 	 6.000000e+02 	 2.000000e+00
10 	 167 	 Ex 	 1 	 0.000000e+00 	 -3.600000e+02 	 6.000000e+02 	 2.000000e+00
10 	 168 	 Ex 	 1 	 0.000000e+00 	 -1.200000e+02 	 6.000000e+02 	 2.000000e+00
10 	 169 	 Ex 	 1 	 2.378619e+00 	 1.200000e+02 	 6.000000e+02 	 2.000000e+00
10 	 170 	 Ex 	 1 	 2.834327e+00 	 3.600000e+02 	 6.000000e+02 	 2.000000e+00
10 	 171 	 Ex 	 1 	 1.285953e+00 	 6.000000e+02 	 6.000000e+02 	 2.000000e+00
10 	 172 	 Ex 	 1 	 2.262382e+00 	 8.400000e+02 	 6.000000e+02 	 2.000000e+00
10 	 173 	 Ex 	 1 	 4.401844e+00 	 1.080000e+03 	 6.000000e+02 	 2.000000e+00
10 	 174 	 Ex 	 1 	 2.614846e+00 	 1.320000e+03 	 6.000000e+02 	 2.000000e+00
10 	 175 	 Ex 	 1 	 3.150651e+00 	 1.560000e+03 	 6.000000e+02 	 2.000000e+00
10 	 176 	 Ex 	 1 	 2.541512e+00 	 1.800000e+03 	 6.000000e+02 	 2.000000e+00
10 	 177 	 Ex 	 1 	 5.457989e+00 	 -1.800000e+03 	 8.400000e+02 	 2.000000e+00
10 	 178 	 Ex 	 1 	 3.790428e+00 	 -1.560000e+03 	 8.400000e+02 	 2.000000e+00
10 	 179 	 Ex 	 1 	 2.993686e+00 	 -1.320000e+03 	 8.400000e+02 	 2.000000e+00
10 	 180 	 Ex 	 1 	 1.610320e+00 	 -1.080000e+03 	 8.400000e+02 	 2.000000e+00
10 	 181 	 Ex 	 1 	 0.000000e+00 	 -8.400000e+02 	 8.400000e+02 	 2.000000e+00
10 	 182 	 Ex 	 1 	 0.000000e+00 	 -6.000000e+02 	 8.400000e+02 	 2.000000e+00
10 	 183 	 Ex 	 1 	 0.000000e+00 	 -3.600000e+02 	 8.400000e+02 	 2.000000e+00
10 	 184 	 Ex 	 1 	 0.000000e+00 	 -1.200000e+02 	 8.400000e+02 	 2.000000e+00
10 	 185 	 Ex 	 1 	 2.517746e+00 	 1.200000e+02 	 8.400000e+02 	 2.000000e+00
10 	 186 	 Ex 	 1 	 2.888918e+00 	 3.600000e+02 	 8.400000e+02 	 2.000000e+00
10 	 187 	 Ex 	 1 	 1.038297e+00 	 6.000000e+02 	 8.400000e+02 	 2.000000e+00
10 	 188 	 Ex 	 1 	 2.746257e+00 	 8.400000e+02 	 8.400000e+02 	 2.000000e+00
10 	 189 	 Ex 	 1 	 4.653823e+00 	 1.080000e+03 	 8.400000e+02 	 2.000000e+00
10 	 190 	 Ex 	 1 	 2.144422e+00 	 1.320000e+03 	 8.400000e+02 	 2.000000e+00
10 	 191 	 Ex 	 1 	 2.154984e+00 	 1.560000e+03 	 8.400000e+02 	 2.000000e+00
10 	 192 	 Ex 	 1 	 1.485045e+00 	 1.800000e+03 	 8.400000e+02 	 2.000000e+00
10 	 193 	 Ex 	 1 	 4.407799e+00 	 -1.800000e+03 	 1.080000e+03 	 2.000000e+00
10 	 194 	 Ex 	 1 	 2.684002e+00 	 -1.560000e+03 	 1.080000e+03 	 2.000000e+00
10 	 195 	 Ex 	 1 	 1.591925e+00 	 -1.320000e+03 	 1.080000e+03 	 2.000000e+00
10 	 196 	 Ex 	 1 	 9.441074e-01 	 -1.080000e+03 	 1.080000e+03 	 2.000000e+00
10 	 197 	 Ex 	 1 	 2.171219e+00 	 -8.400000e+02 	 1.080000e+03 	 2.000000e+00
10 	 198 	 Ex 	 1 	 0.000000e+00 	 -6.000000e+02 	 1.080000e+03 	 2.000000e+00
10 	 199 	 Ex 	 1 	 0.000000e+00 	 -3.600000e+02 	 1.080000e+03 	 2.000000e+00
10 	 200 	 Ex 	 1 	 7.973180e-01 	 -1.200000e+02 	 1.080000e+03 	 2.000000e+00
10 	 201 	 Ex 	 1 	 6.062722e-01 	 1.200000e+02 	 1.080000e+03 	 2.000000e+00
10 	 202 	 Ex 	 1 	 1.940533e+00 	 3.600000e+02 	 1.080000e+03 	 2.000000e+00
10 	 203 	 Ex 	 1 	 1.514179e+00 	 6.000000e+02 	 1.080000e+03 	 2.000000e+00
10 	 204 	 Ex 	 1 	 1.310420e+00 	 8.400000e+02 	 1.080000e+03 	 2.000000e+00
10 	 205 	 Ex 	 1 	 2.518676e+00 	 1.080000e+03 	 1.080000e+03 	 2.000000e+00
10 	 206 	 Ex 	 1 	 2.093052e+00 	 1.320000e+03 	 1.080000e+03 	 2.000000e+00
10 	 207 	 Ex 	 1 	 2.328851e+00 	 1.560000e+03 	 1.080000e+03 	 2.000000e+00
10 	 208 	 Ex 	 1 	 2.073618e+00 	 1.800000e+03 	 1.080000e+03 	 2.000000e+00
10 	 209 	 Ex 	 1 	 3.051537e+00 	 -1.800000e+03 	 1.320000e+03 	 2.000000e+00
10 	 210 	 Ex 	 1 	 2.566997e+00 	 -1.560000e+03 	 1.320000e+03 	 2.000000e+00
10 	 211 	 Ex 	 1 	 1.660085e+00 	 -1.320000e+03 	 1.320000e+03 	 2.000000e+00
10 	 212 	 Ex 	 1 	 1.950228e+00 	 -1.080000e+03 	 1.320000e+03 	 2.000000e+00
10 	 213 	 Ex 	 1 	 3.698889e+00 	 -8.400000e+02 	 1.320000e+03 	 2.000000e+00
10 	 214 	 Ex 	 1 	 3.447917e+00 	 -6.000000e+02 	 1.320000e+03 	 2.000000e+00
10 	 215 	 Ex 	 1 	 3.752650e+00 	 -3.600000e+02 	 1.320000e+03 	 2.000000e+00
10 	 216 	 Ex 	 1 	 1.066482e+00 	 -1.200000e+02 	 1.320000e+03 	 2.000000e+00
10 	 217 	 Ex 	 1 	 1.641494e+00 	 1.200000e+02 	 1.320000e+03 	 2.000000e+00
10 	 218 	 Ex 	 1 	 1.154007e+00 	 3.600000e+02 	 1.320000e+03 	 2.000000e+00
10 	 219 	 Ex 	 1 	 1.795779e+00 	 6.000000e+02 	 1.320000e+03 	 2.000000e+00
10 	 220 	 Ex 	 1 	 1.822307e+00 	 8.400000e+02 	 1.320000e+03 	 2.000000e+00
10 	 221 	 Ex 	 1 	 1.303760e+00 	 1.080000e+03 	 1.320000e+03 	 2.000000e+00
10 	 222 	 Ex 	 1 	 1.184144e+00 	 1.320000e+03 	 1.320000e+03 	 2.000000e+00
10 	 223 	 Ex 	 1 	 2.354854e+00 	 1.560000e+03 	 1.320000e+03 	 2.000000e+00
10 	 224 	 Ex 	 1 	 3.450579e+00 	 1.800000e+03 	 1.320000e+03 	 2.000000e+00
10 	 225 	 Ex 	 1 	 4.055639e+00 	 -1.800000e+03 	 1.560000e+03 	 2.000000e+00
10 	 226 	 Ex 	 1 	 1.813311e+00 	 -1.560000e+03 	 1.560000e+03 	 2.000000e+00
10 	 227 	 Ex 	 1 	 1.317485e+00 	 -1.320000e+03 	 1.560000e+03 	 2.000000e+00
10 	 228 	 Ex 	 1 	 2.678539e+00 	 -1.080000e+03 	 1.560000e+03 	 2.000000e+00
10 	 229 	 Ex 	 1 	 4.781065e+00 	 -8.400000e+02 	 1.560000e+03 	 2.000000e+00
10 	 230 	 Ex 	 1 	 6.460419e+00 	 -6.000000e+02 	 1.560000e+03 	 2.000000e+00
10 	 231 	 Ex 	 1 	 5.840027e+00 	 -3.600000e+02 	 1.560000e+03 	 2.000000e+00
10 	 232 	 Ex 	 1 	 3.866484e+00 	 -1.200000e+02 	 1.560000e+03 	 2.000000e+00
10 	 233 	 Ex 	 1 	 1.421730e+00 	 1.200000e+02 	 1.560000e+03 	 2.000000e+00
10 	 234 	 Ex 	 1 	 1.193149e+00 	 3.600000e+02 	 1.560000e+03 	 2.000000e+00
10 	 235 	 Ex 	 1 	 8.855768e-01 	 6.000000e+02 	 1.560000e+03 	 2.000000e+00
10 	 236 	 Ex 	 1 	 2.075618e+00 	 8.400000e+02 	 1.560000e+03 	 2.000000e+00
10 	 237 	 Ex 	 1 	 3.077329e+00 	 1.080000e+03 	 1.560000e+03 	 2.000000e+00
10 	 238 	 Ex 	 1 	 6.870239e-01 	 1.320000e+03 	 1.560000e+03 	 2.000000e+00
10 	 239 	 Ex 	 1 	 1.554060e+00 	 1.560000e+03 	 1.560000e+03 	 2.000000e+00
10 	 240 	 Ex 	 1 	 2.095944e+00 	 1.800000e+03 	 1.560000e+03 	 2.000000e+00
10 	 241 	 Ex 	 1 	 2.988383e+00 	 -1.800000e+03 	 1.800000e+03 	 2.000000e+00
10 	 242 	 Ex 	 1 	 1.409354e+00 	 -1.560000e+03 	 1.800000e+03 	 2.000000e+00
10 	 243 	 Ex 	 1 	 2.642948e+00 	 -1.320000e+03 	 1.800000e+03 	 2.000000e+00
10 	 244 	 Ex 	 1 	 4.889498e+00 	 -1.080000e+03 	 1.800000e+03 	 2.000000e+00
10 	 245 	 Ex 	 1 	 6.423141e+00 	 -8.400000e+02 	 1.800000e+03 	 2.000000e+00
10 	 246 	 Ex 	 1 	 6.981645e+00 	 -6.000000e+02 	 1.800000e+03 	 2.000000e+00
10 	 247 	 Ex 	 1 	 5.469295e+00 	 -3.600000e+02 	 1.800000e+03 	 2.000000e+00
10 	 248 	 Ex 	 1 	 4.141606e+00 	 -1.200000e+02 	 1.800000e+03 	 2.000000e+00
10 	 249 	 Ex 	 1 	 3.429458e+00 	 1.200000e+02 	 1.800000e+03 	 2.000000e+00
10 	 250 	 Ex 	 1 	 1.769251e+00 	 3.600000e+02 	 1.800000e+03 	 2.000000e+00
10 	 251 	 Ex 	 1 	 8.049223e-01 	 6.000000e+02 	 1.800000e+03 	 2.000000e+00
10 	 252 	 Ex 	 1 	 2.089567e+00 	 8.400000e+02 	 1.800000e+03 	 2.000000e+00
10 	 253 	 Ex 	 1 	 1.974928e+00 	 1.080000e+03 	 1.800000e+03 	 2.000000e+00
10 	 254 	 Ex 	 1 	 6.063973e-01 	 1.320000e+03 	 1.800000e+03 	 2.000000e+00
10 	 255 	 Ex 	 1 	 5.228537e-01 	 1.560000e+03 	 1.800000e+03 	 2.000000e+00
10 	 256 	 Ex 	 1 	 3.100588e+00 	 1.800000e+03 	 1.800000e+03 	 2.000000e+00
10 	 1 	 Ex 	 2 	 7.690006e+00 	 -1.800000e+03 	 -1.800000e+03 	 2.000000e+00
10 	 2 	 Ex 	 2 	 1.045796e+01 	 -1.560000e+03 	 -1.800000e+03 	 2.000000e+00
10 	 3 	 Ex 	 2 	 9.461546e+00 	 -1.320000e+03 	 -1.800000e+03 	 2.000000e+00
10 	 4 	 Ex 	 2 	 1.193750e+01 	 -1.080000e+03 	 -1.800000e+03 	 2.000000e+00
10 	 5 	 Ex 	 2 	 1.262549e+01 	 -8.400000e+02 	 -1.800000e+03 	 2.000000e+00
10 	 6 	 Ex 	 2 	 1.357969e+01 	 -6.000000e+02 	 -1.800000e+03 	 2.000000e+00
10 	 7 	 Ex 	 2 	 1.248708e+01 	 -3.600000e+02 	 -1.800000e+03 	 2.000000e+00
10 	 8 	 Ex 	 2 	 1.144466e+01 	 -1.200000e+02 	 -1.800000e+03 	 2.000000e+00
10 	 9 	 Ex 	 2 	 1.187620e+01 	 1.200000e+02 	 -1.800000e+03 	 2.000000e+00
10 	 10 	 Ex 	 2 	 7.174551e+00 	 3.600000e+02 	 -1.800000e+03 	 2.000000e+00
10 	 11 	 Ex 	 2 	 6.593353e+00 	 6.000000e+02 	 -1.800000e+03 	 2.000000e+00
10 	 12 	 Ex 	 2 	 5.249523e+00 	 8.400000e+02 	 -1.800000e+03 	 2.000000e+00
10 	 13 	 Ex 	 2 	 3.599261e+00 	 1.080000e+03 	 -1.800000e+03 	 2.000000e+00
10 	 14 	 Ex 	 2 	 5.210392e+00 	 1.320000e+03 	 -1.800000e+03 	 2.000000e+00
10 	 15 	 Ex 	 2 	 4.028837e+00 	 1.560000e+03 	 -1.800000e+03 	 2.000000e+00
10 	 16 	 Ex 	 2 	 3.477924e+00 	 1.800000e+03 	 -1.800000e+03 	 2.000000e+00
10 	 17 	 Ex 	 2 	 6.865345e+00 	 -1.800000e+03 	 -1.560000e+03 	 2.000000e+00
10 	 18 	 Ex 	 2 	 8.501156e+00 	 -1.560000e+03 	 -1.560000e+03 	 2.000000e+00
10 	 19 	 Ex 	 2 	 1.099438e+01 	 -1.320000e+03 	 -1.560000e+03 	 2.000000e+00
10 	 20 	 Ex 	 2 	 1.338117e+01 	 -1.080000e+03 	 -1.560000e+03 	 2.000000e+00
10 	 21 	 Ex 	 2 	 1.412446e+01 	 -8.400000e+02 	 -1.560000e+03 	 2.000000e+00
10 	 22 	 Ex 	 2 	 1.482948e+01 	 -6.000000e+02 	 -1.560000e+03 	 2.000000e+00
10 	 23 	 Ex 	 2 	 1.363186e+01 	 -3.600000e+02 	 -1.560000e+03 	 2.000000e+00
10 	 24 	 Ex 	 2 	 1.125839e+01 	 -1.200000e+02 	 -1.560000e+03 	 2.000000e+00
10 	 25 	 Ex 	 2 	 8.071116e+00 	 1.200000e+02 	 -1.560000e+03 	 2.000000e+00
10 	 26 	 Ex 	 2 	 7.394314e+00 	 3.600000e+02 	 -1.560000e+03 	 2.000000e+00
10 	 27 	 Ex 	 2 	 5.155750e+00 	 6.000000e+02 	 -1.560000e+03 	 2.000000e+00
10 	 28 	 Ex 	 2 	 3.596234e+00 	 8.400000e+02 	 -1.560000e+03 	 2.000000e+00
10 	 29 	 Ex 	 2 	 4.560259e+00 	 1.080000e+03 	 -1.560000e+03 	 2.000000e+00
10 	 30 	 Ex 	 2 	 3.660188e+00 	 1.320000e+03 	 -1.560000e+03 	 2.000000e+00
10 	 31 	 Ex 	 2 	 2.108862e+00 	 1.560000e+03 	 -1.560000e+03 	 2.000000e+00
10 	 32 	 Ex 	 2 	 3.061780e+00 	 1.800000e+03 	 -1.560000e+03 	 2.000000e+00
10 	 33 	 Ex 	 2 	 4.922304e+00 	 -1.800000e+03 	 -1.320000e+03 	 2.000000e+00
10 	 34 	 Ex 	 2 	 6.990438e+00 	 -1.560000e+03 	 -1.320000e+03 	 2.000000e+00
10 	 35 	 Ex 	 2 	 7.363598e+00 	 -1.320000e+03 	 -1.320000e+03 	 2.000000e+00
10 	 36 	 Ex 	 2 	 1.157646e+01 	 -1.080000e+03 	 -1.320000e+03 	 2.000000e+00
10 	 37 	 Ex 	 2 	 1.391017e+01 	 -8.400000e+02 	 -1.320000e+03 	 2.000000e+00
10 	 38 	 Ex 	 2 	 1.514765e+01 	 -6.000000e+02 	 -1.320000e+03 	 2.000000e+00
10 	 39 	 Ex 	 2 	 1.349863e+01 	 -3.600000e+02 	 -1.320000e+03 	 2.000000e+00
10 	 40 	 Ex 	 2 	 1.013168e+01 	 -1.200000e+02 	 -1.320000e+03 	 2.000000e+00
10 	 41 	 Ex 	 2 	 6.112734e+00 	 1.200000e+02 	 -1.320000e+03 	 2.000000e+00
10 	 42 	 Ex 	 2 	 4.411255e+00 	 3.600000e+02 	 -1.320000e+03 	 2.000000e+00
10 	 43 	 Ex 	 2 	 3.832068e+00 	 6.000000e+02 	 -1.320000e+03 	 2.000000e+00
10 	 44 	 Ex 	 2 	 2.807002e+00 	 8.400000e+02 	 -1.320000e+03 	 2.000000e+00
10 	 45 	 Ex 	 2 	 4.466957e+00 	 1.080000e+03 	 -1.320000e+03 	 2.000000e+00
10 	 46 	 Ex 	 2 	 3.593785e+00 	 1.320000e+03 	 -1.320000e+03 	 2.000000e+00
10 	 47 	 Ex 	 2 	 3.861153e+00 	 1.560000e+03 	 -1.320000e+03 	 2.000000e+00
10 	 48 	 Ex 	 2 	 3.966850e+00 	 1.800000e+03 	 -1.320000e+03 	 2.000000e+00
10 	 49 	 Ex 	 2 	 5.376976e+00 	 -1.800000e+03 	 -1.080000e+03 	 2.000000e+00
10 	 50 	 Ex 	 2 	 5.468836e+00 	 -1.560000e+03 	 -1.080000e+03 	 2.000000e+00
10 	 51 	 Ex 	 2 	 7.473291e+00 	 -1.320000e+03 	 -1.080000e+03 	 2.000000e+00
10 	 52 	 Ex 	 2 	 1.092303e+01 	 -1.080000e+03 	 -1.080000e+03 	 2.000000e+00
10 	 53 	 Ex 	 2 	 1.353420e+01 	 -8.400000e+02 	 -1.080000e+03 	 2.000000e+00
10 	 54 	 Ex 	 2 	 1.712881e+01 	 -6.000000e+02 	 -1.080000e+03 	 2.000000e+00
10 	 55 	 Ex 	 2 	 1.404617e+01 	 -3.600000e+02 	 -1.080000e+03 	 2.000000e+00
10 	 56 	 Ex 	 2 	 9.715819e+00 	 -1.200000e+02 	 -1.080000e+03 	 2.000000e+00
10 	 57 	 Ex 	 2 	 4.847110e+00 	 1.200000e+02 	 -1.080000e+03 	 2.000000e+00
10 	 58 	 Ex 	 2 	 2.444769e+00 	 3.600000e+02 	 -1.080000e+03 	 2.000000e+00
10 	 59 	 Ex 	 2 	 2.768967e+00 	 6.000000e+02 	 -1.080000e+03 	 2.000000e+00
10 	 60 	 Ex 	 2 	 4.282024e+00 	 8.400000e+02 	 -1.080000e+03 	 2.000000e+00
10 	 61 	 Ex 	 2 	 5.285361e+00 	 1.080000e+03 	 -1.080000e+03 	 2.000000e+00
10 	 62 	 Ex 	 2 	 4.443487e+00 	 1.320000e+03 	 -1.080000e+03 	 2.000000e+00
10 	 63 	 Ex 	 2 	 3.224331e+00 	 1.560000e+03 	 -1.080000e+03 	 2.000000e+00
10 	 64 	 Ex 	 2 	 3.346256e+00 	 1.800000e+03 	 -1.080000e+03 	 2.000000e+00
10 	 65 	 Ex 	 2 	 3.748522e+00 	 -1.800000e+03 	 -8.400000e+02 	 2.000000e+00
10 	 66 	 Ex 	 2 	 4.381356e+00 	 -1.560000e+03 	 -8.400000e+02 	 2.000000e+00
10 	 67 	 Ex 	 2 	 5.209029e+00 	 -1.320000e+03 	 -8.400000e+02 	 2.000000e+00
10 	 68 	 Ex 	 2 	 8.720034e+00 	 -1.080000e+03 	 -8.400000e+02 	 2.000000e+00
10 	 69 	 Ex 	 2 	 1.351689e+01 	 -8.400000e+02 	 -8.400000e+02 	 2.000000e+00
10 	 70 	 Ex 	 2 	 1.548094e+01 	 -6.000000e+02 	 -8.400000e+02 	 2.000000e+00
10 	 71 	 Ex 	 2 	 1.265355e+01 	 -3.600000e+02 	 -8.400000e+02 	 2.000000e+00
10 	 72 	 Ex 	 2 	 8.100765e+00 	 -1.200000e+02 	 -8.400000e+02 	 2.000000e+00
10 	 73 	 Ex 	 2 	 2.996633e+00 	 1.200000e+02 	 -8.400000e+02 	 2.000000e+00
10 	 74 	 Ex 	 2 	 1.711398e+00 	 3.600000e+02 	 -8.400000e+02 	 2.000000e+00
10 	 75 	 Ex 	 2 	 2.651137e+00 	 6.000000e+02 	 -8.400000e+02 	 2.000000e+00
10 	 76 	 Ex 	 2 	 4.477631e+00 	 8.400000e+02 	 -8.400000e+02 	 2.000000e+00
10 	 77 	 Ex 	 2 	 7.430950e+00 	 1.080000e+03 	 -8.400000e+02 	 2.000000e+00
10 	 78 	 Ex 	 2 	 7.473700e+00 	 1.320000e+03 	 -8.400000e+02 	 2.000000e+00
10 	 79 	 Ex 	 2 	 5.468736e+00 	 1.560000e+03 	 -8.400000e+02 	 2.000000e+00
10 	 80 	 Ex 	 2 	 4.747942e+00 	 1.800000e+03 	 -8.400000e+02 	 2.000000e+00
10 	 81 	 Ex 	 2 	 3.860706e+00 	 -1.800000e+03 	 -6.000000e+02 	 2.000000e+00
10 	 82 	 Ex 	 2 	 4.352257e+00 	 -1.560000e+03 	 -6.000000e+02 	 2.000000e+00
10 	 83 	 Ex 	 2 	 3.690461e+00 	 -1.320000e+03 	 -6.000000e+02 	 2.000000e+00
10 	 84 	 Ex 	 2 	 6.623184e+00 	 -1.080000e+03 	 -6.000000e+02 	 2.000000e+00
10 	 85 	 Ex 	 2 	 9.175582e+00 	 -8.400000e+02 	 -6.000000e+02 	 2.000000e+00
10 	 86 	 Ex 	 2 	 1.167152e+01 	 -6.000000e+02 	 -6.000000e+02 	 2.000000e+00
10 	 87 	 Ex 	 2 	 9.189362e+00 	 -3.600000e+02 	 -6.000000e+02 	 2.000000e+00
10 	 88 	 Ex 	 2 	 5.032187e+00 	 -1.200000e+02 	 -6.000000e+02 	 2.000000e+00
10 	 89 	 Ex 	 2 	 2.393345e+00 	 1.200000e+02 	 -6.000000e+02 	 2.000000e+00
10 	 90 	 Ex 	 2 	 3.097299e+00 	 3.600000e+02 	 -6.000000e+02 	 2.000000e+00
10 	 91 	 Ex 	 2 	 1.067426e+00 	 6.000000e+02 	 -6.000000e+02 	 2.000000e+00
10 	 92 	 Ex 	 2 	 6.274429e+00 	 8.400000e+02 	 -6.000000e+02 	 2.000000e+00
10 	 93 	 Ex 	 2 	 7.320703e+00 	 1.080000e+03 	 -6.000000e+02 	 2.000000e+00
10 	 94 	 Ex 	 2 	 6.319911e+00 	 1.320000e+03 	 -6.000000e+02 	 2.000000e+00
10 	 95 	 Ex 	 2 	 5.139998e+00 	 1.560000e+03 	 -6.000000e+02 	 2.000000e+00
10 	 96 	 Ex 	 2 	 5.122272e+00 	 1.800000e+03 	 -6.000000e+02 	 2.000000e+00
10 	 97 	 Ex 	 2 	 5.987161e+00 	 -1.800000e+03 	 -3.600000e+02 	 2.000000e+00
10 	 98 	 Ex 	 2 	 4.259200e+00 	 -1.560000e+03 	 -3.600000e+02 	 2.000000e+00
10 	 99 	 Ex 	 2 	 3.159633e+00 	 -1.320000e+03 	 -3.600000e+02 	 2.000000e+00
10 	 100 	 Ex 	 2 	 4.104689e+00 	 -1.080000e+03 	 -3.600000e+02 	 2.000000e+00
10 	 101 	 Ex 	 2 	 6.349666e+00 	 -8.400000e+02 	 -3.600000e+02 	 2.000000e+00
10 	 102 	 Ex 	 2 	 8.872770e+00 	 -6.000000e+02 	 -3.600000e+02 	 2.000000e+00
10 	 103 	 Ex 	 2 	 7.728179e+00 	 -3.600000e+02 	 -3.600000e+02 	 2.000000e+00
10 	 104 	 Ex 	 2 	 2.217948e+00 	 -1.200000e+02 	 -3.600000e+02 	 2.000000e+00
10 	 105 	 Ex 	 2 	 3.241605e+00 	 1.200000e+02 	 -3.600000e+02 	 2.000000e+00
10 	 106 	 Ex 	 2 	 3.748953e+00 	 3.600000e+02 	 -3.600000e+02 	 2.000000e+00
10 	 107 	 Ex 	 2 	 1.241267e+00 	 6.000000e+02 	 -3.600000e+02 	 2.000000e+00
10 	 108 	 Ex 	 2 	 4.590567e+00 	 8.400000e+02 	 -3.600000e+02 	 2.000000e+00
10 	 109 	 Ex 	 2 	 7.560239e+00 	 1.080000e+03 	 -3.600000e+02 	 2.000000e+00
10 	 110 	 Ex 	 2 	 7.837588e+00 	 1.320000e+03 	 -3.600000e+02 	 2.000000e+00
10 	 111 	 Ex 	 2 	 6.680892e+00 	 1.560000e+03 	 -3.600000e+02 	 2.000000e+00
10 	 112 	 Ex 	 2 	 5.446404e+00 	 1.800000e+03 	 -3.600000e+02 	 2.000000e+00
10 	 113 	 Ex 	 2 	 6.250721e+00 	 -1.800000e+03 	 -1.200000e+02 	 2.000000e+00
10 	 114 	 Ex 	 2 	 2.495069e+00 	 -1.560000e+03 	 -1.200000e+02 	 2.000000e+00
10 	 115 	 Ex 	 2 	 2.605025e+00 	 -1.320000e+03 	 -1.200000e+02 	 2.000000e+00
10 	 116 	 Ex 	 2 	 2.161834e+00 	 -1.080000e+03 	 -1.200000e+02 	 2.000000e+00
10 	 117 	 Ex 	 2 	 5.021351e+00 	 -8.400000e+02 	 -1.200000e+02 	 2.000000e+00
10 	 118 	 Ex 	 2 	 4.962261e+00 	 -6.000000e+02 	 -1.200000e+02 	 2.000000e+00
10 	 119 	 Ex 	 2 	 3.991075e+00 	 -3.600000e+02 	 -1.200000e+02 	 2.000000e+00
10 	 120 	 Ex 	 2 	 3.715021e+00 	 -1.200000e+02 	 -1.200000e+02 	 2.000000e+00
10 	 121 	 Ex 	 2 	 3.603419e+00 	 1.200000e+02 	 -1.200000e+02 	 2.000000e+00
10 	 122 	 Ex 	 2 	 4.797439e+00 	 3.600000e+02 	 -1.200000e+02 	 2.000000e+00
10 	 123 	 Ex 	 2 	 2.030380e+00 	 6.000000e+02 	 -1.200000e+02 	 2.000000e+00
10 	 124 	 Ex 	 2 	 4.581592e+00 	 8.400000e+02 	 -1.200000e+02 	 2.000000e+00
10 	 125 	 Ex 	 2 	 6.192680e+00 	 1.080000e+03 	 -1.200000e+02 	 2.000000e+00
10 	 126 	 Ex 	 2 	 7.824054e+00 	 1.320000e+03 	 -1.200000e+02 	 2.000000e+00
10 	 127 	 Ex 	 2 	 6.584645e+00 	 1.560000e+03 	 -1.200000e+02 	 2.000000e+00
10 	 128 	 Ex 	 2 	 4.251563e+00 	 1.800000e+03 	 -1.200000e+02 	 2.000000e+00
10 	 129 	 Ex 	 2 	 6.437434e+00 	 -1.800000e+03 	 1.200000e+02 	 2.000000e+00
10 	 130 	 Ex 	 2 	 4.619315e+00 	 -1.560000e+03 	 1.200000e+02 	 2.000000e+00
10 	 131 	 Ex 	 2 	 1.509738e+00 	 -1.320000e+03 	 1.200000e+02 	 2.000000e+00
10 	 132 	 Ex 	 2 	 1.387757e+00 	 -1.080000e+03 	 1.200000e+02 	 2.000000e+00
10 	 133 	 Ex 	 2 	 0.000000e+00 	 -8.400000e+02 	 1.200000e+02 	 2.000000e+00
10 	 134 	 Ex 	 2 	 0.000000e+00 	 -6.000000e+02 	 1.200000e+02 	 2.000000e+00
10 	 135 	 Ex 	 2 	 0.000000e+00 	 -3.600000e+02 	 1.200000e+02 	 2.000000e+00
10 	 136 	 Ex 	 2 	 0.000000e+00 	 -1.200000e+02 	 1.200000e+02 	 2.000000e+00
10 	 137 	 Ex 	 2 	 2.326423e+00 	 1.200000e+02 	 1.200000e+02 	 2.000000e+00
10 	 138 	 Ex 	 2 	 4.311880e+00 	 3.600000e+02 	 1.200000e+02 	 2.000000e+00
10 	 139 	 Ex 	 2 	 1.612926e+00 	 6.000000e+02 	 1.200000e+02 	 2.000000e+00
10 	 140 	 Ex 	 2 	 4.237288e+00 	 8.400000e+02 	 1.200000e+02 	 2.000000e+00
10 	 141 	 Ex 	 2 	 8.790141e+00 	 1.080000e+03 	 1.200000e+02 	 2.000000e+00
10 	 142 	 Ex 	 2 	 7.093125e+00 	 1.320000e+03 	 1.200000e+02 	 2.000000e+00
10 	 143 	 Ex 	 2 	 6.835545e+00 	 1.560000e+03 	 1.200000e+02 	 2.000000e+00
10 	 144 	 Ex 	 2 	 6.042507e+00 	 1.800000e+03 	 1.200000e+02 	 2.000000e+00
10 	 145 	 Ex 	 2 	 4.922196e+00 	 -1.800000e+03 	 3.600000e+02 	 2.000000e+00
10 	 146 	 Ex 	 2 	 3.418283e+00 	 -1.560000e+03 	 3.600000e+02 	 2.000000e+00
10 	 147 	 Ex 	 2 	 1.030837e+00 	 -1.320000e+03 	 3.600000e+02 	 2.000000e+00
10 	 148 	 Ex 	 2 	 0.000000e+00 	 -1.080000e+03 	 3.600000e+02 	 2.000000e+00
10 	 149 	 Ex 	 2 	 0.000000e+00 	 -8.400000e+02 	 3.600000e+02 	 2.000000e+00
10 	 150 	 Ex 	 2 	 0.000000e+00 	 -6.000000e+02 	 3.600000e+02 	 2.000000e+00
10 	 151 	 Ex 	 2 	 0.000000e+00 	 -3.600000e+02 	 3.600000e+02 	 2.000000e+00
10 	 152 	 Ex 	 2 	 0.000000e+00 	 -1.200000e+02 	 3.600000e+02 	 2.000000e+00
10 	 153 	 Ex 	 2 	 2.446574e+00 	 1.200000e+02 	 3.600000e+02 	 2.000000e+00
10 	 154 	 Ex 	 2 	 2.740619e+00 	 3.600000e+02 	 3.600000e+02 	 2.000000e+00
10 	 155 	 Ex 	 2 	 1.431193e+00 	 6.000000e+02 	 3.600000e+02 	 2.000000e+00
10 	 156 	 Ex 	 2 	 3.602556e+00 	 8.400000e+02 	 3.600000e+02 	 2.000000e+00
10 	 157 	 Ex 	 2 	 7.480664e+00 	 1.080000e+03 	 3.600000e+02 	 2.000000e+00
10 	 158 	 Ex 	 2 	 6.852683e+00 	 1.320000e+03 	 3.600000e+02 	 2.000000e+00
10 	 159 	 Ex 	 2 	 5.985109e+00 	 1.560000e+03 	 3.600000e+02 	 2.000000e+00
10 	 160 	 Ex 	 2 	 3.929375e+00 	 1.800000e+03 	 3.600000e+02 	 2.000000e+00
10 	 161 	 Ex 	 2 	 5.042103e+00 	 -1.800000e+03 	 6.000000e+02 	 2.000000e+00
10 	 162 	 Ex 	 2 	 4.266633e+00 	 -1.560000e+03 	 6.000000e+02 	 2.000000e+00
10 	 163 	 Ex 	 2 	 1.451483e+00 	 -1.320000e+03 	 6.000000e+02 	 2.000000e+00
10 	 164 	 Ex 	 2 	 0.000000e+00 	 -1.080000e+03 	 6.000000e+02 	 2.000000e+00
10 	 165 	 Ex 	 2 	 0.000000e+00 	 -8.400000e+02 	 6.000000e+02 	 2.000000e+00
10 	 166 	 Ex 	 2 	 0.000000e+00 	 -6.000000e+02 	 6.000000e+02 	 2.000000e+00
10 	 167 	 Ex 	 2 	 0.000000e+00 	 -3.600000e+02 	 6.000000e+02 	 2.000000e+00
10 	 168 	 Ex 	 2 	 0.000000e+00 	 -1.200000e+02 	 6.000000e+02 	 2.000000e+00
10 	 169 	 Ex 	 2 	 1.142922e+00 	 1.200000e+02 	 6.000000e+02 	 2.000000e+00
10 	 170 	 Ex 	 2 	 2.830818e+00 	 3.600000e+02 	 6.000000e+02 	 2.000000e+00
10 	 171 	 Ex 	 2 	 8.111555e-01 	 6.000000e+02 	 6.000000e+02 	 2.000000e+00
10 	 172 	 Ex 	 2 	 3.519626e+00 	 8.400000e+02 	 6.000000e+02 	 2.000000e+00
10 	 173 	 Ex 	 2 	 5.473401e+00 	 1.080000e+03 	 6.000000e+02 	 2.000000e+00
10 	 174 	 Ex 	 2 	 6.591190e+00 	 1.320000e+03 	 6.000000e+02 	 2.000000e+00
10 	 175 	 Ex 	 2 	 4.694541e+00 	 1.560000e+03 	 6.000000e+02 	 2.000000e+00
10 	 176 	 Ex 	 2 	 3.790950e+00 	 1.800000e+03 	 6.000000e+02 	 2.000000e+00
10 	 177 	 Ex 	 2 	 6.007825e+00 	 -1.800000e+03 	 8.400000e+02 	 2.000000e+00
10 	 178 	 Ex 	 2 	 3.323144e+00 	 -1.560000e+03 	 8.400000e+02 	 2.000000e+00
10 	 179 	 Ex 	 2 	 1.289852e+00 	 -1.320000e+03 	 8.400000e+02 	 2.000000e+00
10 	 180 	 Ex 	 2 	 3.743321e-01 	 -1.080000e+03 	 8.400000e+02 	 2.000000e+00
10 	 181 	 Ex 	 2 	 0.000000e+00 	 -8.400000e+02 	 8.400000e+02 	 2.000000e+00
10 	 182 	 Ex 	 2 	 0.000000e+00 	 -6.000000e+02 	 8.400000e+02 	 2.000000e+00
10 	 183 	 Ex 	 2 	 0.000000e+00 	 -3.600000e+02 	 8.400000e+02 	 2.000000e+00
10 	 184 	 Ex 	 2 	 0.000000e+00 	 -1.200000e+02 	 8.400000e+02 	 2.000000e+00
10 	 185 	 Ex 	 2 	 2.878784e+00 	 1.200000e+02 	 8.400000e+02 	 2.000000e+00
10 	 186 	 Ex 	 2 	 3.135976e+00 	 3.600000e+02 	 8.400000e+02 	 2.000000e+00
10 	 187 	 Ex 	 2 	 1.744740e+00 	 6.000000e+02 	 8.400000e+02 	 2.000000e+00
10 	 188 	 Ex 	 2 	 2.782193e+00 	 8.400000e+02 	 8.400000e+02 	 2.000000e+00
10 	 189 	 Ex 	 2 	 3.862335e+00 	 1.080000e+03 	 8.400000e+02 	 2.000000e+00
10 	 190 	 Ex 	 2 	 5.601523e+00 	 1.320000e+03 	 8.400000e+02 	 2.000000e+00
10 	 191 	 Ex 	 2 	 3.372971e+00 	 1.560000e+03 	 8.400000e+02 	 2.000000e+00
10 	 192 	 Ex 	 2 	 3.659224e+00 	 1.800000e+03 	 8.400000e+02 	 2.000000e+00
10 	 193 	 Ex 	 2 	 4.945719e+00 	 -1.800000e+03 	 1.080000e+03 	 2.000000e+00
10 	 194 	 Ex 	 2 	 2.874544e+00 	 -1.560000e+03 	 1.080000e+03 	 2.000000e+00
10 	 195 	 Ex 	 2 	 1.445496e+00 	 -1.320000e+03 	 1.080000e+03 	 2.000000e+00
10 	 196 	 Ex 	 2 	 1.503789e+00 	 -1.080000e+03 	 1.080000e+03 	 2.000000e+00
10 	 197 	 Ex 	 2 	 2.260126e+00 	 -8.400000e+02 	 1.080000e+03 	 2.000000e+00
10 	 198 	 Ex 	 2 	 0.000000e+00 	 -6.000000e+02 	 1.080000e+03 	 2.000000e+00
10 	 199 	 Ex 	 2 	 0.000000e+00 	 -3.600000e+02 	 1.080000e+03 	 2.000000e+00
10 	 200 	 Ex 	 2 	 1.810974e+00 	 -1.200000e+02 	 1.080000e+03 	 2.000000e+00
10 	 201 	 Ex 	 2 	 1.196912e+00 	 1.200000e+02 	 1.080000e+03 	 2.000000e+00
10 	 202 	 Ex 	 2 	 3.356039e+00 	 3.600000e+02 	 1.080000e+03 	 2.000000e+00
10 	 203 	 Ex 	 2 	 2.030733e+00 	 6.000000e+02 	 1.080000e+03 	 2.000000e+00
10 	 204 	 Ex 	 2 	 1.706270e+00 	 8.400000e+02 	 1.080000e+03 	 2.000000e+00
10 	 205 	 Ex 	 2 	 2.651299e+00 	 1.080000e+03 	 1.080000e+03 	 2.000000e+00
10 	 206 	 Ex 	 2 	 3.283570e+00 	 1.320000e+03 	 1.080000e+03 	 2.000000e+00
10 	 207 	 Ex 	 2 	 4.166610e+00 	 1.560000e+03 	 1.080000e+03 	 2.000000e+00
10 	 208 	 Ex 	 2 	 1.354833e+00 	 1.800000e+03 	 1.080000e+03 	 2.000000e+00
10 	 209 	 Ex 	 2 	 3.774996e+00 	 -1.800000e+03 	 1.320000e+03 	 2.000000e+00
10 	 210 	 Ex 	 2 	 1.516836e+00 	 -1.560000e+03 	 1.320000e+03 	 2.000000e+00
10 	 211 	 Ex 	 2 	 2.513047e+00 	 -1.320000e+03 	 1.320000e+03 	 2.000000e+00
10 	 212 	 Ex 	 2 	 3.266217e+00 	 -1.080000e+03 	 1.320000e+03 	 2.000000e+00
10 	 213 	 Ex 	 2 	 3.572361e+00 	 -8.400000e+02 	 1.320000e+03 	 2.000000e+00
10 	 214 	 Ex 	 2 	 6.572816e+00 	 -6.000000e+02 	 1.320000e+03 	 2.000000e+00
10 	 215 	 Ex 	 2 	 3.428669e+00 	 -3.600000e+02 	 1.320000e+03 	 2.000000e+00
10 	 216 	 Ex 	 2 	 2.743082e+00 	 -1.200000e+02 	 1.320000e+03 	 2.000000e+00
10 	 217 	 Ex 	 2 	 2.102784e+00 	 1.200000e+02 	 1.320000e+03 	 2.000000e+00
10 	 218 	 Ex 	 2 	 8.967949e-01 	 3.600000e+02 	 1.320000e+03 	 2.000000e+00
10 	 219 	 Ex 	 2 	 1.934451e+00 	 6.000000e+02 	 1.320000e+03 	 2.000000e+00
10 	 220 	 Ex 	 2 	 1.820448e+00 	 8.400000e+02 	 1.320000e+03 	 2.000000e+00
10 	 221 	 Ex 	 2 	 1.006841e+00 	 1.080000e+03 	 1.320000e+03 	 2.000000e+00
10 	 222 	 Ex 	 2 	 1.795047e+00 	 1.320000e+03 	 1.320000e+03 	 2.000000e+00
10 	 223 	 Ex 	 2 	 1.547396e+00 	 1.560000e+03 	 1.320000e+03 	 2.000000e+00
10 	 224 	 Ex 	 2 	 1.284889e+00 	 1.800000e+03 	 1.320000e+03 	 2.000000e+00
10 	 225 	 Ex 	 2 	 1.665244e+00 	 -1.800000e+03 	 1.560000e+03 	 2.000000e+00
10 	 226 	 Ex 	 2 	 1.075663e+00 	 -1.560000e+03 	 1.560000e+03 	 2.000000e+00
10 	 227 	 Ex 	 2 	 3.492670e+00 	 -1.320000e+03 	 1.560000e+03 	 2.000000e+00
10 	 228 	 Ex 	 2 	 4.395979e+00 	 -1.080000e+03 	 1.560000e+03 	 2.000000e+00
10 	 229 	 Ex 	 2 	 4.744503e+00 	 -8.400000e+02 	 1.560000e+03 	 2.000000e+00
10 	 230 	 Ex 	 2 	 6.579375e+00 	 -6.000000e+02 	 1.560000e+03 	 2.000000e+00
10 	 231 	 Ex 	 2 	 5.675577e+00 	 -3.600000e+02 	 1.560000e+03 	 2.000000e+00
10 	 232 	 Ex 	 2 	 4.556112e+00 	 -1.200000e+02 	 1.560000e+03 	 2.000000e+00
10 	 233 	 Ex 	 2 	 2.427868e+00 	 1.200000e+02 	 1.560000e+03 	 2.000000e+00
10 	 234 	 Ex 	 2 	 9.501500e-01 	 3.600000e+02 	 1.560000e+03 	 2.000000e+00
10 	 235 	 Ex 	 2 	 1.312236e+00 	 6.000000e+02 	 1.560000e+03 	 2.000000e+00
10 	 236 	 Ex 	 2 	 7.078852e-01 	 8.400000e+02 	 1.560000e+03 	 2.000000e+00
10 	 237 	 Ex 	 2 	 2.985545e+00 	 1.080000e+03 	 1.560000e+03 	 2.000000e+00
10 	 238 	 Ex 	 2 	 2.525270e+00 	 1.320000e+03 	 1.560000e+03 	 2.000000e+00
10 	 239 	 Ex 	 2 	 2.501783e+00 	 1.560000e+03 	 1.560000e+03 	 2.000000e+00
10 	 240 	 Ex 	 2 	 2.625520e+00 	 1.800000e+03 	 1.560000e+03 	 2.000000e+00
10 	 241 	 Ex 	 2 	 2.065940e+00 	 -1.800000e+03 	 1.800000e+03 	 2.000000e+00
10 	 242 	 Ex 	 2 	 2.703439e+00 	 -1.560000e+03 	 1.800000e+03 	 2.000000e+00
10 	 243 	 Ex 	 2 	 4.246537e+00 	 -1.320000e+03 	 1.800000e+03 	 2.000000e+00
10 	 244 	 Ex 	 2 	 3.867965e+00 	 -1.080000e+03 	 1.800000e+03 	 2.000000e+00
10 	 245 	 Ex 	 2 	 5.581244e+00 	 -8.400000e+02 	 1.800000e+03 	 2.000000e+00
10 	 246 	 Ex 	 2 	 7.194612e+00 	 -6.000000e+02 	 1.800000e+03 	 2.000000e+00
10 	 247 	 Ex 	 2 	 6.299312e+00 	 -3.600000e+02 	 1.800000e+03 	 2.000000e+00
10 	 248 	 Ex 	 2 	 6.417232e+00 	 -1.200000e+02 	 1.800000e+03 	 2.000000e+00
10 	 249 	 Ex 	 2 	 4.683036e+00 	 1.200000e+02 	 1.800000e+03 	 2.000000e+00
10 	 250 	 Ex 	 2 	 3.819897e+00 	 3.600000e+02 	 1.800000e+03 	 2.000000e+00
10 	 251 	 Ex 	 2 	 2.223347e+00 	 6.000000e+02 	 1.800000e+03 	 2.000000e+00
10 	 252 	 Ex 	 2 	 2.513276e+00 	 8.400000e+02 	 1.800000e+03 	 2.000000e+00
10 	 253 	 Ex 	 2 	 2.525926e+00 	 1.080000e+03 	 1.800000e+03 	 2.000000e+00
10 	 254 	 Ex 	 2 	 2.271676e+00 	 1.320000e+03 	 1.800000e+03 	 2.000000e+00
10 	 255 	 Ex 	 2 	 2.612461e+00 	 1.560000e+03 	 1.800000e+03 	 2.000000e+00
10 	 256 	 Ex 	 2 	 1.828569e+00 	 1.800000e+03 	 1.800000e+03 	 2.000000e+00
10 	 1 	 Ey 	 1 	 1.371610e+01 	 -1.800000e+03 	 -1.800000e+03 	 2.000000e+00
10 	 2 	 Ey 	 1 	 1.380031e+01 	 -1.560000e+03 	 -1.800000e+03 	 2.000000e+00
10 	 3 	 Ey 	 1 	 1.127880e+01 	 -1.320000e+03 	 -1.800000e+03 	 2.000000e+00
10 	 4 	 Ey 	 1 	 1.156283e+01 	 -1.080000e+03 	 -1.800000e+03 	 2.000000e+00
10 	 5 	 Ey 	 1 	 7.765168e+00 	 -8.400000e+02 	 -1.800000e+03 	 2.000000e+00
10 	 6 	 Ey 	 1 	 5.033809e+00 	 -6.000000e+02 	 -1.800000e+03 	 2.000000e+00
10 	 7 	 Ey 	 1 	 1.085191e+00 	 -3.600000e+02 	 -1.800000e+03 	 2.000000e+00
10 	 8 	 Ey 	 1 	 4.107523e+00 	 -1.200000e+02 	 -1.800000e+03 	 2.000000e+00
10 	 9 	 Ey 	 1 	 5.234268e+00 	 1.200000e+02 	 -1.800000e+03 	 2.000000e+00
10 	 10 	 Ey 	 1 	 7.069639e+00 	 3.600000e+02 	 -1.800000e+03 	 2.000000e+00
10 	 11 	 Ey 	 1 	 5.296022e+00 	 6.000000e+02 	 -1.800000e+03 	 2.000000e+00
10 	 12 	 Ey 	 1 	 5.265204e+00 	 8.400000e+02 	 -1.800000e+03 	 2.000000e+00
10 	 13 	 Ey 	 1 	 6.573321e+00 	 1.080000e+03 	 -1.800000e+03 	 2.000000e+00
10 	 14 	 Ey 	 1 	 7.126883e+00 	 1.320000e+03 	 -1.800000e+03 	 2.000000e+00
10 	 15 	 Ey 	 1 	 7.836211e+00 	 1.560000e+03 	 -1.800000e+03 	 2.000000e+00
10 	 16 	 Ey 	 1 	 6.983521e+00 	 1.800000e+03 	 -1.800000e+03 	 2.000000e+00
10 	 17 	 Ey 	 1 	 1.441991e+01 	 -1.800000e+03 	 -1.560000e+03 	 2.000000e+00
10 	 18 	 Ey 	 1 	 1.499566e+01 	 -1.560000e+03 	 -1.560000e+03 	 2.000000e+00
10 	 19 	 Ey 	 1 	 1.497641e+01 	 -1.320000e+03 	 -1.560000e+03 	 2.000000e+00
10 	 20 	 Ey 	 1 	 1.177655e+01 	 -1.080000e+03 	 -1.560000e+03 	 2.000000e+00
10 	 21 	 Ey 	 1 	 7.779676e+00 	 -8.400000e+02 	 -1.560000e+03 	 2.000000e+00
10 	 22 	 Ey 	 1 	 3.537168e+00 	 -6.000000e+02 	 -1.560000e+03 	 2.000000e+00
10 	 23 	 Ey 	 1 	 3.087421e+00 	 -3.600000e+02 	 -1.560000e+03 	 2.000000e+00
10 	 24 	 Ey 	 1 	 3.656121e+00 	 -1.200000e+02 	 -1.560000e+03 	 2.000000e+00
10 	 25 	 Ey 	 1 	 5.395066e+00 	 1.200000e+02 	 -1.560000e+03 	 2.000000e+00
10 	 26 	 Ey 	 1 	 5.588948e+00 	 3.600000e+02 	 -1.560000e+03 	 2.000000e+00
10 	 27 	 Ey 	 1 	 4.186218e+00 	 6.000000e+02 	 -1.560000e+03 	 2.000000e+00
10 	 28 	 Ey 	 1 	 3.724404e+00 	 8.400000e+02 	 -1.560000e+03 	 2.000000e+00
10 	 29 	 Ey 	 1 	 5.321769e+00 	 1.080000e+03 	 -1.560000e+03 	 2.000000e+00
10 	 30 	 Ey 	 1 	 4.172729e+00 	 1.320000e+03 	 -1.560000e+03 	 2.000000e+00
10 	 31 	 Ey 	 1 	 5.228132e+00 	 1.560000e+03 	 -1.560000e+03 	 2.000000e+00
10 	 32 	 Ey 	 1 	 6.822575e+00 	 1.800000e+03 	 -1.560000e+03 	 2.000000e+00
10 	 33 	 Ey 	 1 	 1.439984e+01 	 -1.800000e+03 	 -1.320000e+03 	 2.000000e+00
10 	 34 	 Ey 	 1 	 1.391849e+01 	 -1.560000e+03 	 -1.320000e+03 	 2.000000e+00
10 	 35 	 Ey 	 1 	 1.423545e+01 	 -1.320000e+03 	 -1.320000e+03 	 2.000000e+00
10 	 36 	 Ey 	 1 	 1.374573e+01 	 -1.080000e+03 	 -1.320000e+03 	 2.000000e+00
10 	 37 	 Ey 	 1 	 1.011980e+01 	 -8.400000e+02 	 -1.320000e+03 	 2.000000e+00
10 	 38 	 Ey 	 1 	 3.906815e+00 	 -6.000000e+02 	 -1.320000e+03 	 2.000000e+00
10 	 39 	 Ey 	 1 	 1.858896e+00 	 -3.600000e+02 	 -1.320000e+03 	 2.000000e+00
10 	 40 	 Ey 	 1 	 3.478334e+00 	 -1.200000e+02 	 -1.320000e+03 	 2.000000e+00
10 	 41 	 Ey 	 1 	 4.149822e+00 	 1.200000e+02 	 -1.320000e+03 	 2.000000e+00
10 	 42 	 Ey 	 1 	 2.984640e+00 	 3.600000e+02 	 -1.320000e+03 	 2.000000e+00
10 	 43 	 Ey 	 1 	 8.317263e-01 	 6.000000e+02 	 -1.320000e+03 	 2.000000e+00
10 	 44 	 Ey 	 1 	 3.680332e-01 	 8.400000e+02 	 -1.320000e+03 	 2.000000e+00
10 	 45 	 Ey 	 1 	 1.940816e+00 	 1.080000e+03 	 -1.320000e+03 	 2.000000e+00
10 	 46 	 Ey 	 1 	 2.300933e+00 	 1.320000e+03 	 -1.320000e+03 	 2.000000e+00
10 	 47 	 Ey 	 1 	 3.823526e+00 	 1.560000e+03 	 -1.320000e+03 	 2.000000e+00
10 	 48 	 Ey 	 1 	 4.775801e+00 	 1.800000e+03 	 -1.320000e+03 	 2.000000e+00
10 	 49 	 Ey 	 1 	 1.339778e+01 	 -1.800000e+03 	 -1.080000e+03 	 2.000000e+00
10 	 50 	 Ey 	 1 	 1.319801e+01 	 -1.560000e+03 	 -1.080000e+03 	 2.000000e+00
10 	 51 	 Ey 	 1 	 1.281653e+01 	 -1.320000e+03 	 -1.080000e+03 	 2.000000e+00
10 	 52 	 Ey 	 1 	 1.323533e+01 	 -1.080000e+03 	 -1.080000e+03 	 2.000000e+00
10 	 53 	 Ey 	 1 	 9.060616e+00 	 -8.400000e+02 	 -1.080000e+03 	 2.000000e+00
10 	 54 	 Ey 	 1 	 5.488331e+00 	 -6.000000e+02 	 -1.080000e+03 	 2.000000e+00
10 	 55 	 Ey 	 1 	 2.012032e+00 	 -3.600000e+02 	 -1.080000e+03 	 2.000000e+00
10 	 56 	 Ey 	 1 	 3.749377e+00 	 -1.200000e+02 	 -1.080000e+03 	 2.000000e+00
10 	 57 	 Ey 	 1 	 2.555342e+00 	 1.200000e+02 	 -1.080000e+03 	 2.000000e+00
10 	 58 	 Ey 	 1 	 5.916250e-01 	 3.600000e+02 	 -1.080000e+03 	 2.000000e+00
10 	 59 	 Ey 	 1 	 3.307359e+00 	 6.000000e+02 	 -1.080000e+03 	 2.000000e+00
10 	 60 	 Ey 	 1 	 2.233108e+00 	 8.400000e+02 	 -1.080000e+03 	 2.000000e+00
10 	 61 	 Ey 	 1 	 1.906344e+00 	 1.080000e+03 	 -1.080000e+03 	 2.000000e+00
10 	 62 	 Ey 	 1 	 1.175721e+00 	 1.320000e+03 	 -1.080000e+03 	 2.000000e+00
10 	 63 	 Ey 	 1 	 3.206771e+00 	 1.560000e+03 	 -1.080000e+03 	 2.000000e+00
10 	 64 	 Ey 	 1 	 3.938003e+00 	 1.800000e+03 	 -1.080000e+03 	 2.000000e+00
10 	 65 	 Ey 	 1 	 1.137211e+01 	 -1.800000e+03 	 -8.400000e+02 	 2.000000e+00
10 	 66 	 Ey 	 1 	 1.200105e+01 	 -1.560000e+03 	 -8.400000e+02 	 2.000000e+00
10 	 67 	 Ey 	 1 	 1.240430e+01 	 -1.320000e+03 	 -8.400000e+02 	 2.000000e+00
10 	 68 	 Ey 	 1 	 1.145815e+01 	 -1.080000e+03 	 -8.400000e+02 	 2.000000e+00
10 	 69 	 Ey 	 1 	 1.050966e+01 	 -8.400000e+02 	 -8.400000e+02 	 2.000000e+00
10 	 70 	 Ey 	 1 	 2.569741e+00 	 -6.000000e+02 	 -8.400000e+02 	 2.000000e+00
10 	 71 	 Ey 	 1 	 3.380614e+00 	 -3.600000e+02 	 -8.400000e+02 	 2.000000e+00
10 	 72 	 Ey 	 1 	 4.934762e+00 	 -1.200000e+02 	 -8.400000e+02 	 2.000000e+00
10 	 73 	 Ey 	 1 	 1.948280e+00 	 1.200000e+02 	 -8.400000e+02 	 2.000000e+00
10 	 74 	 Ey 	 1 	 2.295746e-01 	 3.600000e+02 	 -8.400000e+02 	 2.000000e+00
10 	 75 	 Ey 	 1 	 2.625749e+00 	 6.000000e+02 	 -8.400000e+02 	 2.000000e+00
10 	 76 	 Ey 	 1 	 1.771393e+00 	 8.400000e+02 	 -8.400000e+02 	 2.000000e+00
10 	 77 	 Ey 	 1 	 1.418349e+00 	 1.080000e+03 	 -8.400000e+02 	 2.000000e+00
10 	 78 	 Ey 	 1 	 8.822647e-01 	 1.320000e+03 	 -8.400000e+02 	 2.000000e+00
10 	 79 	 Ey 	 1 	 2.179469e+00 	 1.560000e+03 	 -8.400000e+02 	 2.000000e+00
10 	 80 	 Ey 	 1 	 3.254034e+00 	 1.800000e+03 	 -8.400000e+02 	 2.000000e+00
10 	 81 	 Ey 	 1 	 9.400292e+00 	 -1.800000e+03 	 -6.000000e+02 	 2.000000e+00
10 	 82 	 Ey 	 1 	 8.875333e+00 	 -1.560000e+03 	 -6.000000e+02 	 2.000000e+00
10 	 83 	 Ey 	 1 	 9.813124e+00 	 -1.320000e+03 	 -6.000000e+02 	 2.000000e+00
10 	 84 	 Ey 	 1 	 7.882833e+00 	 -1.080000e+03 	 -6.000000e+02 	 2.000000e+00
10 	 85 	 Ey 	 1 	 7.818699e+00 	 -8.400000e+02 	 -6.000000e+02 	 2.000000e+00
10 	 86 	 Ey 	 1 	 2.631870e+00 	 -6.000000e+02 	 -6.000000e+02 	 2.000000e+00
10 	 87 	 Ey 	 1 	 2.682114e+00 	 -3.600000e+02 	 -6.000000e+02 	 2.000000e+00
10 	 88 	 Ey 	 1 	 3.877167e+00 	 -1.200000e+02 	 -6.000000e+02 	 2.000000e+00
10 	 89 	 Ey 	 1 	 2.778033e+00 	 1.200000e+02 	 -6.000000e+02 	 2.000000e+00
10 	 90 	 Ey 	 1 	 1.418650e+00 	 3.600000e+02 	 -6.000000e+02 	 2.000000e+00
10 	 91 	 Ey 	 1 	 1.817493e+00 	 6.000000e+02 	 -6.000000e+02 	 2.000000e+00
10 	 92 	 Ey 	 1 	 2.485093e+00 	 8.400000e+02 	 -6.000000e+02 	 2.000000e+00
10 	 93 	 Ey 	 1 	 2.004295e+00 	 1.080000e+03 	 -6.000000e+02 	 2.000000e+00
10 	 94 	 Ey 	 1 	 8.728779e-01 	 1.320000e+03 	 -6.000000e+02 	 2.000000e+00
10 	 95 	 Ey 	 1 	 1.024000e+00 	 1.560000e+03 	 -6.000000e+02 	 2.000000e+00
10 	 96 	 Ey 	 1 	 3.192487e+00 	 1.800000e+03 	 -6.000000e+02 	 2.000000e+00
10 	 97 	 Ey 	 1 	 7.242638e+00 	 -1.800000e+03 	 -3.600000e+02 	 2.000000e+00
10 	 98 	 Ey 	 1 	 7.013980e+00 	 -1.560000e+03 	 -3.600000e+02 	 2.000000e+00
10 	 99 	 Ey 	 1 	 5.729797e+00 	 -1.320000e+03 	 -3.600000e+02 	 2.000000e+00
10 	 100 	 Ey 	 1 	 5.556803e+00 	 -1.080000e+03 	 -3.600000e+02 	 2.000000e+00
10 	 101 	 Ey 	 1 	 3.552946e+00 	 -8.400000e+02 	 -3.600000e+02 	 2.000000e+00
10 	 102 	 Ey 	 1 	 1.934629e+00 	 -6.000000e+02 	 -3.600000e+02 	 2.000000e+00
10 	 103 	 Ey 	 1 	 2.921613e+00 	 -3.600000e+02 	 -3.600000e+02 	 2.000000e+00
10 	 104 	 Ey 	 1 	 4.711971e+00 	 -1.200000e+02 	 -3.600000e+02 	 2.000000e+00
10 	 105 	 Ey 	 1 	 2.410385e+00 	 1.200000e+02 	 -3.600000e+02 	 2.000000e+00
10 	 106 	 Ey 	 1 	 1.338445e+00 	 3.600000e+02 	 -3.600000e+02 	 2.000000e+00
10 	 107 	 Ey 	 1 	 1.033947e+00 	 6.000000e+02 	 -3.600000e+02 	 2.000000e+00
10 	 108 	 Ey 	 1 	 2.251802e+00 	 8.400000e+02 	 -3.600000e+02 	 2.000000e+00
10 	 109 	 Ey 	 1 	 5.892794e-01 	 1.080000e+03 	 -3.600000e+02 	 2.000000e+00
10 	 110 	 Ey 	 1 	 8.501728e-01 	 1.320000e+03 	 -3.600000e+02 	 2.000000e+00
10 	 111 	 Ey 	 1 	 7.926315e-01 	 1.560000e+03 	 -3.600000e+02 	 2.000000e+00
10 	 112 	 Ey 	 1 	 2.713246e+00 	 1.800000e+03 	 -3.600000e+02 	 2.000000e+00
10 	 113 	 Ey 	 1 	 5.180407e+00 	 -1.800000e+03 	 -1.200000e+02 	 2.000000e+00
10 	 114 	 Ey 	 1 	 4.827376e+00 	 -1.560000e+03 	 -1.200000e+02 	 2.000000e+00
10 	 115 	 Ey 	 1 	 3.396200e+00 	 -1.320000e+03 	 -1.200000e+02 	 2.000000e+00
10 	 116 	 Ey 	 1 	 3.059620e+00 	 -1.080000e+03 	 -1.200000e+02 	 2.000000e+00
10 	 117 	 Ey 	 1 	 2.520700e+00 	 -8.400000e+02 	 -1.200000e+02 	 2.000000e+00
10 	 118 	 Ey 	 1 	 2.476915e+00 	 -6.000000e+02 	 -1.200000e+02 	 2.000000e+00
10 	 119 	 Ey 	 1 	 6.494543e-01 	 -3.600000e+02 	 -1.200000e+02 	 2.000000e+00
10 	 120 	 Ey 	 1 	 1.819349e+00 	 -1.200000e+02 	 -1.200000e+02 	 2.000000e+00
10 	 121 	 Ey 	 1 	 2.225711e+00 	 1.200000e+02 	 -1.200000e+02 	 2.000000e+00
10 	 122 	 Ey 	 1 	 1.390011e+00 	 3.600000e+02 	 -1.200000e+02 	 2.000000e+00
10 	 123 	 Ey 	 1 	 1.357060e+00 	 6.000000e+02 	 -1.200000e+02 	 2.000000e+00
10 	 124 	 Ey 	 1 	 2.590821e+00 	 8.400000e+02 	 -1.200000e+02 	 2.000000e+00
10 	 125 	 Ey 	 1 	 7.321532e-01 	 1.080000e+03 	 -1.200000e+02 	 2.000000e+00
10 	 126 	 Ey 	 1 	 5.627795e-01 	 1.320000e+03 	 -1.200000e+02 	 2.000000e+00
10 	 127 	 Ey 	 1 	 2.685771e+00 	 1.560000e+03 	 -1.200000e+02 	 2.000000e+00
10 	 128 	 Ey 	 1 	 2.122410e+00 	 1.800000e+03 	 -1.200000e+02 	 2.000000e+00
10 	 129 	 Ey 	 1 	 2.915098e+00 	 -1.800000e+03 	 1.200000e+02 	 2.000000e+00
10 	 130 	 Ey 	 1 	 3.227235e+00 	 -1.560000e+03 	 1.200000e+02 	 2.000000e+00
10 	 131 	 Ey 	 1 	 2.296016e+00 	 -1.320000e+03 	 1.200000e+02 	 2.000000e+00
10 	 132 	 Ey 	 1 	 1.289341e+00 	 -1.080000e+03 	 1.200000e+02 	 2.000000e+00
10 	 133 	 Ey 	 1 	 0.000000e+00 	 -8.400000e+02 	 1.200000e+02 	 2.000000e+00
10 	 134 	 Ey 	 1 	 0.000000e+00 	 -6.000000e+02 	 1.200000e+02 	 2.000000e+00
10 	 135 	 Ey 	 1 	 0.000000e+00 	 -3.600000e+02 	 1.200000e+02 	 2.000000e+00
10 	 136 	 Ey 	 1 	 0.000000e+00 	 -1.200000e+02 	 1.200000e+02 	 2.000000e+00
10 	 137 	 Ey 	 1 	 2.291996e+00 	 1.200000e+02 	 1.200000e+02 	 2.000000e+00
10 	 138 	 Ey 	 1 	 1.046155e+00 	 3.600000e+02 	 1.200000e+02 	 2.000000e+00
10 	 139 	 Ey 	 1 	 6.979843e-01 	 6.000000e+02 	 1.200000e+02 	 2.000000e+00
10 	 140 	 Ey 	 1 	 8.658280e-01 	 8.400000e+02 	 1.200000e+02 	 2.000000e+00
10 	 141 	 Ey 	 1 	 1.321188e+00 	 1.080000e+03 	 1.200000e+02 	 2.000000e+00
10 	 142 	 Ey 	 1 	 7.158688e-01 	 1.320000e+03 	 1.200000e+02 	 2.000000e+00
10 	 143 	 Ey 	 1 	 1.481193e+00 	 1.560000e+03 	 1.200000e+02 	 2.000000e+00
10 	 144 	 Ey 	 1 	 2.206181e+00 	 1.800000e+03 	 1.200000e+02 	 2.000000e+00
10 	 145 	 Ey 	 1 	 2.549907e+00 	 -1.800000e+03 	 3.600000e+02 	 2.000000e+00
10 	 146 	 Ey 	 1 	 1.472309e+00 	 -1.560000e+03 	 3.600000e+02 	 2.000000e+00
10 	 147 	 Ey 	 1 	 9.803663e-01 	 -1.320000e+03 	 3.600000e+02 	 2.000000e+00
10 	 148 	 Ey 	 1 	 0.000000e+00 	 -1.080000e+03 	 3.600000e+02 	 2.000000e+00
10 	 149 	 Ey 	 1 	 0.000000e+00 	 -8.400000e+02 	 3.600000e+02 	 2.000000e+00
10 	 150 	 Ey 	 1 	 0.000000e+00 	 -6.000000e+02 	 3.600000e+02 	 2.000000e+00
10 	 151 	 Ey 	 1 	 0.000000e+00 	 -3.600000e+02 	 3.600000e+02 	 2.000000e+00
10 	 152 	 Ey 	 1 	 0.000000e+00 	 -1.200000e+02 	 3.600000e+02 	 2.000000e+00
10 	 153 	 Ey 	 1 	 2.077078e+00 	 1.200000e+02 	 3.600000e+02 	 2.000000e+00
10 	 154 	 Ey 	 1 	 8.982753e-01 	 3.600000e+02 	 3.600000e+02 	 2.000000e+00
10 	 155 	 Ey 	 1 	 5.806408e-01 	 6.000000e+02 	 3.600000e+02 	 2.000000e+00
10 	 156 	 Ey 	 1 	 1.493340e+00 	 8.400000e+02 	 3.600000e+02 	 2.000000e+00
10 	 157 	 Ey 	 1 	 1.502782e+00 	 1.080000e+03 	 3.600000e+02 	 2.000000e+00
10 	 158 	 Ey 	 1 	 7.908469e-01 	 1.320000e+03 	 3.600000e+02 	 2.000000e+00
10 	 159 	 Ey 	 1 	 8.479266e-01 	 1.560000e+03 	 3.600000e+02 	 2.000000e+00
10 	 160 	 Ey 	 1 	 1.456440e+00 	 1.800000e+03 	 3.600000e+02 	 2.000000e+00
10 	 161 	 Ey 	 1 	 1.644472e+00 	 -1.800000e+03 	 6.000000e+02 	 2.000000e+00
10 	 162 	 Ey 	 1 	 2.143099e+00 	 -1.560000e+03 	 6.000000e+02 	 2.000000e+00
10 	 163 	 Ey 	 1 	 8.856809e-01 	 -1.320000e+03 	 6.000000e+02 	 2.000000e+00
10 	 164 	 Ey 	 1 	 0.000000e+00 	 -1.080000e+03 	 6.000000e+02 	 2.000000e+00
10 	 165 	 Ey 	 1 	 0.000000e+00 	 -8.400000e+02 	 6.000000e+02 	 2.000000e+00
10 	 166 	 Ey 	 1 	 0.000000e+00 	 -6.000000e+02 	 6.000000e+02 	 2.000000e+00
10 	 167 	 Ey 	 1 	 0.000000e+00 	 -3.600000e+02 	 6.000000e+02 	 2.000000e+00
10 	 168 	 Ey 	 1 	 0.000000e+00 	 -1.200000e+02 	 6.000000e+02 	 2.000000e+00
10 	 169 	 Ey 	 1 	 6.412736e-01 	 1.200000e+02 	 6.000000e+02 	 2.000000e+00
10 	 170 	 Ey 	 1 	 1.352259e-01 	 3.600000e+02 	 6.000000e+02 	 2.000000e+00
10 	 171 	 Ey 	 1 	 4.053984e-02 	 6.000000e+02 	 6.000000e+02 	 2.000000e+00
10 	 172 	 Ey 	 1 	 2.013519e+00 	 8.400000e+02 	 6.000000e+02 	 2.000000e+00
10 	 173 	 Ey 	 1 	 2.221350e+00 	 1.080000e+03 	 6.000000e+02 	 2.000000e+00
10 	 174 	 Ey 	 1 	 1.329422e+00 	 1.320000e+03 	 6.000000e+02 	 2.000000e+00
10 	 175 	 Ey 	 1 	 2.720626e+00 	 1.560000e+03 	 6.000000e+02 	 2.000000e+00
10 	 176 	 Ey 	 1 	 1.074572e+00 	 1.800000e+03 	 6.000000e+02 	 2.000000e+00
10 	 177 	 Ey 	 1 	 3.184422e+00 	 -1.800000e+03 	 8.400000e+02 	 2.000000e+00
10 	 178 	 Ey 	 1 	 2.991950e+00 	 -1.560000e+03 	 8.400000e+02 	 2.000000e+00
10 	 179 	 Ey 	 1 	 2.418642e+00 	 -1.320000e+03 	 8.400000e+02 	 2.000000e+00
10 	 180 	 Ey 	 1 	 2.232629e+00 	 -1.080000e+03 	 8.400000e+02 	 2.000000e+00
10 	 181 	 Ey 	 1 	 0.000000e+00 	 -8.400000e+02 	 8.400000e+02 	 2.000000e+00
10 	 182 	 Ey 	 1 	 0.000000e+00 	 -6.000000e+02 	 8.400000e+02 	 2.000000e+00
10 	 183 	 Ey 	 1 	 0.000000e+00 	 -3.600000e+02 	 8.400000e+02 	 2.000000e+00
10 	 184 	 Ey 	 1 	 0.000000e+00 	 -1.200000e+02 	 8.400000e+02 	 2.000000e+00
10 	 185 	 Ey 	 1 	 4.262491e-01 	 1.200000e+02 	 8.400000e+02 	 2.000000e+00
10 	 186 	 Ey 	 1 	 1.297214e+00 	 3.600000e+02 	 8.400000e+02 	 2.000000e+00
10 	 187 	 Ey 	 1 	 1.307387e+00 	 6.000000e+02 	 8.400000e+02 	 2.000000e+00
10 	 188 	 Ey 	 1 	 4.007709e+00 	 8.400000e+02 	 8.400000e+02 	 2.000000e+00
10 	 189 	 Ey 	 1 	 2.357438e+00 	 1.080000e+03 	 8.400000e+02 	 2.000000e+00
10 	 190 	 Ey 	 1 	 2.092789e+00 	 1.320000e+03 	 8.400000e+02 	 2.000000e+00
10 	 191 	 Ey 	 1 	 3.572639e-01 	 1.560000e+03 	 8.400000e+02 	 2.000000e+00
10 	 192 	 Ey 	 1 	 1.276642e+00 	 1.800000e+03 	 8.400000e+02 	 2.000000e+00
10 	 193 	 Ey 	 1 	 4.046752e+00 	 -1.800000e+03 	 1.080000e+03 	 2.000000e+00
10 	 194 	 Ey 	 1 	 4.705356e+00 	 -1.560000e+03 	 1.080000e+03 	 2.000000e+00
10 	 195 	 Ey 	 1 	 3.778963e+00 	 -1.320000e+03 	 1.080000e+03 	 2.000000e+00
10 	 196 	 Ey 	 1 	 2.275912e+00 	 -1.080000e+03 	 1.080000e+03 	 2.000000e+00
10 	 197 	 Ey 	 1 	 2.058366e+00 	 -8.400000e+02 	 1.080000e+03 	 2.000000e+00
10 	 198 	 Ey 	 1 	 0.000000e+00 	 -6.000000e+02 	 1.080000e+03 	 2.000000e+00
10 	 199 	 Ey 	 1 	 0.000000e+00 	 -3.600000e+02 	 1.080000e+03 	 2.000000e+00
10 	 200 	 Ey 	 1 	 1.437283e+00 	 -1.200000e+02 	 1.080000e+03 	 2.000000e+00
10 	 201 	 Ey 	 1 	 1.494843e+00 	 1.200000e+02 	 1.080000e+03 	 2.000000e+00
10 	 202 	 Ey 	 1 	 4.940493e-01 	 3.600000e+02 	 1.080000e+03 	 2.000000e+00
10 	 203 	 Ey 	 1 	 2.077636e+00 	 6.000000e+02 	 1.080000e+03 	 2.000000e+00
10 	 204 	 Ey 	 1 	 2.479633e+00 	 8.400000e+02 	 1.080000e+03 	 2.000000e+00
10 	 205 	 Ey 	 1 	 2.398747e+00 	 1.080000e+03 	 1.080000e+03 	 2.000000e+00
10 	 206 	 Ey 	 1 	 2.332183e+00 	 1.320000e+03 	 1.080000e+03 	 2.000000e+00
10 	 207 	 Ey 	 1 	 1.338702e+00 	 1.560000e+03 	 1.080000e+03 	 2.000000e+00
10 	 208 	 Ey 	 1 	 1.313942e+00 	 1.800000e+03 	 1.080000e+03 	 2.000000e+00
10 	 209 	 Ey 	 1 	 5.758628e+00 	 -1.800000e+03 	 1.320000e+03 	 2.000000e+00
10 	 210 	 Ey 	 1 	 5.379366e+00 	 -1.560000e+03 	 1.320000e+03 	 2.000000e+00
10 	 211 	 Ey 	 1 	 6.447946e+00 	 -1.320000e+03 	 1.320000e+03 	 2.000000e+00
10 	 212 	 Ey 	 1 	 4.634671e+00 	 -1.080000e+03 	 1.320000e+03 	 2.000000e+00
10 	 213 	 Ey 	 1 	 3.233179e+00 	 -8.400000e+02 	 1.320000e+03 	 2.000000e+00
10 	 214 	 Ey 	 1 	 4.048152e-01 	 -6.000000e+02 	 1.320000e+03 	 2.000000e+00
10 	 215 	 Ey 	 1 	 1.308285e+00 	 -3.600000e+02 	 1.320000e+03 	 2.000000e+00
10 	 216 	 Ey 	 1 	 2.111038e+00 	 -1.200000e+02 	 1.320000e+03 	 2.000000e+00
10 	 217 	 Ey 	 1 	 3.064548e+00 	 1.200000e+02 	 1.320000e+03 	 2.000000e+00
10 	 218 	 Ey 	 1 	 7.019684e-01 	 3.600000e+02 	 1.320000e+03 	 2.000000e+00
10 	 219 	 Ey 	 1 	 1.080108e+00 	 6.000000e+02 	 1.320000e+03 	 2.000000e+00
10 	 220 	 Ey 	 1 	 1.431700e+00 	 8.400000e+02 	 1.320000e+03 	 2.000000e+00
10 	 221 	 Ey 	 1 	 1.111754e+00 	 1.080000e+03 	 1.320000e+03 	 2.000000e+00
10 	 222 	 Ey 	 1 	 3.332056e-01 	 1.320000e+03 	 1.320000e+03 	 2.000000e+00
10 	 223 	 Ey 	 1 	 1.323885e+00 	 1.560000e+03 	 1.320000e+03 	 2.000000e+00
10 	 224 	 Ey 	 1 	 2.992481e+00 	 1.800000e+03 	 1.320000e+03 	 2.000000e+00
10 	 225 	 Ey 	 1 	 7.857340e+00 	 -1.800000e+03 	 1.560000e+03 	 2.000000e+00
10 	 226 	 Ey 	 1 	 6.985497e+00 	 -1.560000e+03 	 1.560000e+03 	 2.000000e+00
10 	 227 	 Ey 	 1 	 6.369536e+00 	 -1.320000e+03 	 1.560000e+03 	 2.000000e+00
10 	 228 	 Ey 	 1 	 5.157729e+00 	 -1.080000e+03 	 1.560000e+03 	 2.000000e+00
10 	 229 	 Ey 	 1 	 5.873122e+00 	 -8.400000e+02 	 1.560000e+03 	 2.000000e+00
10 	 230 	 Ey 	 1 	 1.710774e+00 	 -6.000000e+02 	 1.560000e+03 	 2.000000e+00
10 	 231 	 Ey 	 1 	 2.519879e+00 	 -3.600000e+02 	 1.560000e+03 	 2.000000e+00
10 	 232 	 Ey 	 1 	 1.907636e+00 	 -1.200000e+02 	 1.560000e+03 	 2.000000e+00
10 	 233 	 Ey 	 1 	 4.440465e+00 	 1.200000e+02 	 1.560000e+03 	 2.000000e+00
10 	 234 	 Ey 	 1 	 3.218360e+00 	 3.600000e+02 	 1.560000e+03 	 2.000000e+00
10 	 235 	 Ey 	 1 	 1.916701e+00 	 6.000000e+02 	 1.560000e+03 	 2.000000e+00
10 	 236 	 Ey 	 1 	 2.243689e+00 	 8.400000e+02 	 1.560000e+03 	 2.000000e+00
10 	 237 	 Ey 	 1 	 1.589666e+00 	 1.080000e+03 	 1.560000e+03 	 2.000000e+00
10 	 238 	 Ey 	 1 	 2.244637e+00 	 1.320000e+03 	 1.560000e+03 	 2.000000e+00
10 	 239 	 Ey 	 1 	 3.346852e+00 	 1.560000e+03 	 1.560000e+03 	 2.000000e+00
10 	 240 	 Ey 	 1 	 4.009760e+00 	 1.800000e+03 	 1.560000e+03 	 2.000000e+00
10 	 241 	 Ey 	 1 	 8.110020e+00 	 -1.800000e+03 	 1.800000e+03 	 2.000000e+00
10 	 242 	 Ey 	 1 	 8.904435e+00 	 -1.560000e+03 	 1.800000e+03 	 2.000000e+00
10 	 243 	 Ey 	 1 	 7.630185e+00 	 -1.320000e+03 	 1.800000e+03 	 2.000000e+00
10 	 244 	 Ey 	 1 	 4.115604e+00 	 -1.080000e+03 	 1.800000e+03 	 2.000000e+00
10 	 245 	 Ey 	 1 	 4.554692e+00 	 -8.400000e+02 	 1.800000e+03 	 2.000000e+00
10 	 246 	 Ey 	 1 	 3.123732e+00 	 -6.000000e+02 	 1.800000e+03 	 2.000000e+00
10 	 247 	 Ey 	 1 	 1.488155e+00 	 -3.600000e+02 	 1.800000e+03 	 2.000000e+00
10 	 248 	 Ey 	 1 	 2.653339e+00 	 -1.200000e+02 	 1.800000e+03 	 2.000000e+00
10 	 249 	 Ey 	 1 	 4.325479e+00 	 1.200000e+02 	 1.800000e+03 	 2.000000e+00
10 	 250 	 Ey 	 1 	 5.079087e+00 	 3.600000e+02 	 1.800000e+03 	 2.000000e+00
10 	 251 	 Ey 	 1 	 2.598226e+00 	 6.000000e+02 	 1.800000e+03 	 2.000000e+00
10 	 252 	 Ey 	 1 	 2.932404e+00 	 8.400000e+02 	 1.800000e+03 	 2.000000e+00
10 	 253 	 Ey 	 1 	 3.238250e+00 	 1.080000e+03 	 1.800000e+03 	 2.000000e+00
10 	 254 	 Ey 	 1 	 3.016226e+00 	 1.320000e+03 	 1.800000e+03 	 2.000000e+00
10 	 255 	 Ey 	 1 	 3.960490e+00 	 1.560000e+03 	 1.800000e+03 	 2.000000e+00
10 	 256 	 Ey 	 1 	 5.336376e+00 	 1.800000e+03 	 1.800000e+03 	 2.000000e+00
10 	 1 	 Ey 	 2 	 9.882082e+00 	 -1.800000e+03 	 -1.800000e+03 	 2.000000e+00
10 	 2 	 Ey 	 2 	 8.887196e+00 	 -1.560000e+03 	 -1.800000e+03 	 2.000000e+00
10 	 3 	 Ey 	 2 	 7.501350e+00 	 -1.320000e+03 	 -1.800000e+03 	 2.000000e+00
10 	 4 	 Ey 	 2 	 5.767621e+00 	 -1.080000e+03 	 -1.800000e+03 	 2.000000e+00
10 	 5 	 Ey 	 2 	 2.227257e+00 	 -8.400000e+02 	 -1.800000e+03 	 2.000000e+00
10 	 6 	 Ey 	 2 	 2.683074e+00 	 -6.000000e+02 	 -1.800000e+03 	 2.000000e+00
10 	 7 	 Ey 	 2 	 2.744470e+00 	 -3.600000e+02 	 -1.800000e+03 	 2.000000e+00
10 	 8 	 Ey 	 2 	 3.225477e+00 	 -1.200000e+02 	 -1.800000e+03 	 2.000000e+00
10 	 9 	 Ey 	 2 	 4.307075e+00 	 1.200000e+02 	 -1.800000e+03 	 2.000000e+00
10 	 10 	 Ey 	 2 	 6.733505e+00 	 3.600000e+02 	 -1.800000e+03 	 2.000000e+00
10 	 11 	 Ey 	 2 	 6.230851e+00 	 6.000000e+02 	 -1.800000e+03 	 2.000000e+00
10 	 12 	 Ey 	 2 	 6.126004e+00 	 8.400000e+02 	 -1.800000e+03 	 2.000000e+00
10 	 13 	 Ey 	 2 	 5.371441e+00 	 1.080000e+03 	 -1.800000e+03 	 2.000000e+00
10 	 14 	 Ey 	 2 	 5.461019e+00 	 1.320000e+03 	 -1.800000e+03 	 2.000000e+00
10 	 15 	 Ey 	 2 	 4.601864e+00 	 1.560000e+03 	 -1.800000e+03 	 2.000000e+00
10 	 16 	 Ey 	 2 	 5.508571e+00 	 1.800000e+03 	 -1.800000e+03 	 2.000000e+00
10 	 17 	 Ey 	 2 	 9.470401e+00 	 -1.800000e+03 	 -1.560000e+03 	 2.000000e+00
10 	 18 	 Ey 	 2 	 9.691459e+00 	 -1.560000e+03 	 -1.560000e+03 	 2.000000e+00
10 	 19 	 Ey 	 2 	 8.368744e+00 	 -1.320000e+03 	 -1.560000e+03 	 2.000000e+00
10 	 20 	 Ey 	 2 	 6.760267e+00 	 -1.080000e+03 	 -1.560000e+03 	 2.000000e+00
10 	 21 	 Ey 	 2 	 5.212528e+00 	 -8.400000e+02 	 -1.560000e+03 	 2.000000e+00
10 	 22 	 Ey 	 2 	 2.464353e+00 	 -6.000000e+02 	 -1.560000e+03 	 2.000000e+00
10 	 23 	 Ey 	 2 	 2.463409e+00 	 -3.600000e+02 	 -1.560000e+03 	 2.000000e+00
10 	 24 	 Ey 	 2 	 5.306634e+00 	 -1.200000e+02 	 -1.560000e+03 	 2.000000e+00
10 	 25 	 Ey 	 2 	 4.971745e+00 	 1.200000e+02 	 -1.560000e+03 	 2.000000e+00
10 	 26 	 Ey 	 2 	 4.750426e+00 	 3.600000e+02 	 -1.560000e+03 	 2.000000e+00
10 	 27 	 Ey 	 2 	 4.544187e+00 	 6.000000e+02 	 -1.560000e+03 	 2.000000e+00
10 	 28 	 Ey 	 2 	 3.587971e+00 	 8.400000e+02 	 -1.560000e+03 	 2.000000e+00
10 	 29 	 Ey 	 2 	 4.247727e+00 	 1.080000e+03 	 -1.560000e+03 	 2.000000e+00
10 	 30 	 Ey 	 2 	 3.789556e+00 	 1.320000e+03 	 -1.560000e+03 	 2.000000e+00
10 	 31 	 Ey 	 2 	 3.777657e+00 	 1.560000e+03 	 -1.560000e+03 	 2.000000e+00
10 	 32 	 Ey 	 2 	 4.757308e+00 	 1.800000e+03 	 -1.560000e+03 	 2.000000e+00
10 	 33 	 Ey 	 2 	 1.080080e+01 	 -1.800000e+03 	 -1.320000e+03 	 2.000000e+00
10 	 34 	 Ey 	 2 	 1.132446e+01 	 -1.560000e+03 	 -1.320000e+03 	 2.000000e+00
10 	 35 	 Ey 	 2 	 1.033975e+01 	 -1.320000e+03 	 -1.320000e+03 	 2.000000e+00
10 	 36 	 Ey 	 2 	 9.143381e+00 	 -1.080000e+03 	 -1.320000e+03 	 2.000000e+00
10 	 37 	 Ey 	 2 	 6.636823e+00 	 -8.400000e+02 	 -1.320000e+03 	 2.000000e+00
10 	 38 	 Ey 	 2 	 2.204015e+00 	 -6.000000e+02 	 -1.320000e+03 	 2.000000e+00
10 	 39 	 Ey 	 2 	 4.383298e+00 	 -3.600000e+02 	 -1.320000e+03 	 2.000000e+00
10 	 40 	 Ey 	 2 	 5.124836e+00 	 -1.200000e+02 	 -1.320000e+03 	 2.000000e+00
10 	 41 	 Ey 	 2 	 4.223924e+00 	 1.200000e+02 	 -1.320000e+03 	 2.000000e+00
10 	 42 	 Ey 	 2 	 3.912452e+00 	 3.600000e+02 	 -1.320000e+03 	 2.000000e+00
10 	 43 	 Ey 	 2 	 2.981009e+00 	 6.000000e+02 	 -1.320000e+03 	 2.000000e+00
10 	 44 	 Ey 	 2 	 1.581545e+00 	 8.400000e+02 	 -1.320000e+03 	 2.000000e+00
10 	 45 	 Ey 	 2 	 1.763591e+00 	 1.080000e+03 	 -1.320000e+03 	 2.000000e+00
10 	 46 	 Ey 	 2 	 2.876975e+00 	 1.320000e+03 	 -1.320000e+03 	 2.000000e+00
10 	 47 	 Ey 	 2 	 2.190195e+00 	 1.560000e+03 	 -1.320000e+03 	 2.000000e+00
10 	 48 	 Ey 	 2 	 4.258756e+00 	 1.800000e+03 	 -1.320000e+03 	 2.000000e+00
10 	 49 	 Ey 	 2 	 1.193427e+01 	 -1.800000e+03 	 -1.080000e+03 	 2.000000e+00
10 	 50 	 Ey 	 2 	 1.072666e+01 	 -1.560000e+03 	 -1.080000e+03 	 2.000000e+00
10 	 51 	 Ey 	 2 	 1.056043e+01 	 -1.320000e+03 	 -1.080000e+03 	 2.000000e+00
10 	 52 	 Ey 	 2 	 1.032190e+01 	 -1.080000e+03 	 -1.080000e+03 	 2.000000e+00
10 	 53 	 Ey 	 2 	 6.401076e+00 	 -8.400000e+02 	 -1.080000e+03 	 2.000000e+00
10 	 54 	 Ey 	 2 	 2.220422e+00 	 -6.000000e+02 	 -1.080000e+03 	 2.000000e+00
10 	 55 	 Ey 	 2 	 3.660105e+00 	 -3.600000e+02 	 -1.080000e+03 	 2.000000e+00
10 	 56 	 Ey 	 2 	 5.684092e+00 	 -1.200000e+02 	 -1.080000e+03 	 2.000000e+00
10 	 57 	 Ey 	 2 	 3.778100e+00 	 1.200000e+02 	 -1.080000e+03 	 2.000000e+00
10 	 58 	 Ey 	 2 	 1.095506e+00 	 3.600000e+02 	 -1.080000e+03 	 2.000000e+00
10 	 59 	 Ey 	 2 	 3.151655e-01 	 6.000000e+02 	 -1.080000e+03 	 2.000000e+00
10 	 60 	 Ey 	 2 	 1.088553e+00 	 8.400000e+02 	 -1.080000e+03 	 2.000000e+00
10 	 61 	 Ey 	 2 	 5.520921e-01 	 1.080000e+03 	 -1.080000e+03 	 2.000000e+00
10 	 62 	 Ey 	 2 	 1.803602e+00 	 1.320000e+03 	 -1.080000e+03 	 2.000000e+00
10 	 63 	 Ey 	 2 	 1.353051e+00 	 1.560000e+03 	 -1.080000e+03 	 2.000000e+00
10 	 64 	 Ey 	 2 	 2.524129e+00 	 1.800000e+03 	 -1.080000e+03 	 2.000000e+00
10 	 65 	 Ey 	 2 	 9.814573e+00 	 -1.800000e+03 	 -8.400000e+02 	 2.000000e+00
10 	 66 	 Ey 	 2 	 1.023437e+01 	 -1.560000e+03 	 -8.400000e+02 	 2.000000e+00
10 	 67 	 Ey 	 2 	 1.072212e+01 	 -1.320000e+03 	 -8.400000e+02 	 2.000000e+00
10 	 68 	 Ey 	 2 	 9.497740e+00 	 -1.080000e+03 	 -8.400000e+02 	 2.000000e+00
10 	 69 	 Ey 	 2 	 7.233566e+00 	 -8.400000e+02 	 -8.400000e+02 	 2.000000e+00
10 	 70 	 Ey 	 2 	 3.674008e+00 	 -6.000000e+02 	 -8.400000e+02 	 2.000000e+00
10 	 71 	 Ey 	 2 	 3.210939e+00 	 -3.600000e+02 	 -8.400000e+02 	 2.000000e+00
10 	 72 	 Ey 	 2 	 5.218846e+00 	 -1.200000e+02 	 -8.400000e+02 	 2.000000e+00
10 	 73 	 Ey 	 2 	 2.929667e+00 	 1.200000e+02 	 -8.400000e+02 	 2.000000e+00
10 	 74 	 Ey 	 2 	 3.268912e-01 	 3.600000e+02 	 -8.400000e+02 	 2.000000e+00
10 	 75 	 Ey 	 2 	 1.879827e+00 	 6.000000e+02 	 -8.400000e+02 	 2.000000e+00
10 	 76 	 Ey 	 2 	 2.688063e+00 	 8.400000e+02 	 -8.400000e+02 	 2.000000e+00
10 	 77 	 Ey 	 2 	 2.202304e+00 	 1.080000e+03 	 -8.400000e+02 	 2.000000e+00
10 	 78 	 Ey 	 2 	 8.282903e-01 	 1.320000e+03 	 -8.400000e+02 	 2.000000e+00
10 	 79 	 Ey 	 2 	 2.318874e+00 	 1.560000e+03 	 -8.400000e+02 	 2.000000e+00
10 	 80 	 Ey 	 2 	 2.022969e+00 	 1.800000e+03 	 -8.400000e+02 	 2.000000e+00
10 	 81 	 Ey 	 2 	 8.598461e+00 	 -1.800000e+03 	 -6.000000e+02 	 2.000000e+00
10 	 82 	 Ey 	 2 	 9.619731e+00 	 -1.560000e+03 	 -6.000000e+02 	 2.000000e+00
10 	 83 	 Ey 	 2 	 7.856756e+00 	 -1.320000e+03 	 -6.000000e+02 	 2.000000e+00
10 	 84 	 Ey 	 2 	 6.831812e+00 	 -1.080000e+03 	 -6.000000e+02 	 2.000000e+00
10 	 85 	 Ey 	 2 	 6.446799e+00 	 -8.400000e+02 	 -6.000000e+02 	 2.000000e+00
10 	 86 	 Ey 	 2 	 2.701439e+00 	 -6.000000e+02 	 -6.000000e+02 	 2.000000e+00
10 	 87 	 Ey 	 2 	 4.502401e+00 	 -3.600000e+02 	 -6.000000e+02 	 2.000000e+00
10 	 88 	 Ey 	 2 	 5.791638e+00 	 -1.200000e+02 	 -6.000000e+02 	 2.000000e+00
10 	 89 	 Ey 	 2 	 3.406335e+00 	 1.200000e+02 	 -6.000000e+02 	 2.000000e+00
10 	 90 	 Ey 	 2 	 9.722050e-01 	 3.600000e+02 	 -6.000000e+02 	 2.000000e+00
10 	 91 	 Ey 	 2 	 1.953735e+00 	 6.000000e+02 	 -6.000000e+02 	 2.000000e+00
10 	 92 	 Ey 	 2 	 3.357409e+00 	 8.400000e+02 	 -6.000000e+02 	 2.000000e+00
10 	 93 	 Ey 	 2 	 1.931746e+00 	 1.080000e+03 	 -6.000000e+02 	 2.000000e+00
10 	 94 	 Ey 	 2 	 1.500088e+00 	 1.320000e+03 	 -6.000000e+02 	 2.000000e+00
10 	 95 	 Ey 	 2 	 4.632200e-01 	 1.560000e+03 	 -6.000000e+02 	 2.000000e+00
10 	 96 	 Ey 	 2 	 8.542007e-01 	 1.800000e+03 	 -6.000000e+02 	 2.000000e+00
10 	 97 	 Ey 	 2 	 7.367662e+00 	 -1.800000e+03 	 -3.600000e+02 	 2.000000e+00
10 	 98 	 Ey 	 2 	 8.332576e+00 	 -1.560000e+03 	 -3.600000e+02 	 2.000000e+00
10 	 99 	 Ey 	 2 	 5.291172e+00 	 -1.320000e+03 	 -3.600000e+02 	 2.000000e+00
10 	 100 	 Ey 	 2 	 4.659557e+00 	 -1.080000e+03 	 -3.600000e+02 	 2.000000e+00
10 	 101 	 Ey 	 2 	 3.770108e+00 	 -8.400000e+02 	 -3.600000e+02 	 2.000000e+00
10 	 102 	 Ey 	 2 	 1.727909e+00 	 -6.000000e+02 	 -3.600000e+02 	 2.000000e+00
10 	 103 	 Ey 	 2 	 2.558803e+00 	 -3.600000e+02 	 -3.600000e+02 	 2.000000e+00
10 	 104 	 Ey 	 2 	 1.897065e+00 	 -1.200000e+02 	 -3.600000e+02 	 2.000000e+00
10 	 105 	 Ey 	 2 	 2.287028e+00 	 1.200000e+02 	 -3.600000e+02 	 2.000000e+00
10 	 106 	 Ey 	 2 	 1.847618e+00 	 3.600000e+02 	 -3.600000e+02 	 2.000000e+00
10 	 107 	 Ey 	 2 	 9.692923e-01 	 6.000000e+02 	 -3.600000e+02 	 2.000000e+00
10 	 108 	 Ey 	 2 	 2.145310e+00 	 8.400000e+02 	 -3.600000e+02 	 2.000000e+00
10 	 109 	 Ey 	 2 	 2.525742e+00 	 1.080000e+03 	 -3.600000e+02 	 2.000000e+00
10 	 110 	 Ey 	 2 	 1.081618e+00 	 1.320000e+03 	 -3.600000e+02 	 2.000000e+00
10 	 111 	 Ey 	 2 	 9.714597e-01 	 1.560000e+03 	 -3.600000e+02 	 2.000000e+00
10 	 112 	 Ey 	 2 	 1.230698e+00 	 1.800000e+03 	 -3.600000e+02 	 2.000000e+00
10 	 113 	 Ey 	 2 	 5.124821e+00 	 -1.800000e+03 	 -1.200000e+02 	 2.000000e+00
10 	 114 	 Ey 	 2 	 5.268579e+00 	 -1.560000e+03 	 -1.200000e+02 	 2.000000e+00
10 	 115 	 Ey 	 2 	 3.540956e+00 	 -1.320000e+03 	 -1.200000e+02 	 2.000000e+00
10 	 116 	 Ey 	 2 	 2.757873e+00 	 -1.080000e+03 	 -1.200000e+02 	 2.000000e+00
10 	 117 	 Ey 	 2 	 3.050983e+00 	 -8.400000e+02 	 -1.200000e+02 	 2.000000e+00
10 	 118 	 Ey 	 2 	 5.029647e-01 	 -6.000000e+02 	 -1.200000e+02 	 2.000000e+00
10 	 119 	 Ey 	 2 	 3.161517e+00 	 -3.600000e+02 	 -1.200000e+02 	 2.000000e+00
10 	 120 	 Ey 	 2 	 1.439228e+00 	 -1.200000e+02 	 -1.200000e+02 	 2.000000e+00
10 	 121 	 Ey 	 2 	 2.696077e+00 	 1.200000e+02 	 -1.200000e+02 	 2.000000e+00
10 	 122 	 Ey 	 2 	 1.339231e+00 	 3.600000e+02 	 -1.200000e+02 	 2.000000e+00
10 	 123 	 Ey 	 2 	 1.261427e+00 	 6.000000e+02 	 -1.200000e+02 	 2.000000e+00
10 	 124 	 Ey 	 2 	 2.348873e+00 	 8.400000e+02 	 -1.200000e+02 	 2.000000e+00
10 	 125 	 Ey 	 2 	 1.461517e+00 	 1.080000e+03 	 -1.200000e+02 	 2.000000e+00
10 	 126 	 Ey 	 2 	 1.226714e+00 	 1.320000e+03 	 -1.200000e+02 	 2.000000e+00
10 	 127 	 Ey 	 2 	 3.080927e-01 	 1.560000e+03 	 -1.200000e+02 	 2.000000e+00
10 	 128 	 Ey 	 2 	 1.726594e+00 	 1.800000e+03 	 -1.200000e+02 	 2.000000e+00
10 	 129 	 Ey 	 2 	 3.072208e+00 	 -1.800000e+03 	 1.200000e+02 	 2.000000e+00
10 	 130 	 Ey 	 2 	 2.812956e+00 	 -1.560000e+03 	 1.200000e+02 	 2.000000e+00
10 	 131 	 Ey 	 2 	 2.769613e+00 	 -1.320000e+03 	 1.200000e+02 	 2.000000e+00
10 	 132 	 Ey 	 2 	 1.760019e+00 	 -1.080000e+03 	 1.200000e+02 	 2.000000e+00
10 	 133 	 Ey 	 2 	 0.000000e+00 	 -8.400000e+02 	 1.200000e+02 	 2.000000e+00
10 	 134 	 Ey 	 2 	 0.000000e+00 	 -6.000000e+02 	 1.200000e+02 	 2.000000e+00
10 	 135 	 Ey 	 2 	 0.000000e+00 	 -3.600000e+02 	 1.200000e+02 	 2.000000e+00
10 	 136 	 Ey 	 2 	 0.000000e+00 	 -1.200000e+02 	 1.200000e+02 	 2.000000e+00
10 	 137 	 Ey 	 2 	 2.041996e+00 	 1.200000e+02 	 1.200000e+02 	 2.000000e+00
10 	 138 	 Ey 	 2 	 1.318542e+00 	 3.600000e+02 	 1.200000e+02 	 2.000000e+00
10 	 139 	 Ey 	 2 	 1.596038e+00 	 6.000000e+02 	 1.200000e+02 	 2.000000e+00
10 	 140 	 Ey 	 2 	 1.046516e+00 	 8.400000e+02 	 1.200000e+02 	 2.000000e+00
10 	 141 	 Ey 	 2 	 5.058175e-01 	 1.080000e+03 	 1.200000e+02 	 2.000000e+00
10 	 142 	 Ey 	 2 	 1.177483e+00 	 1.320000e+03 	 1.200000e+02 	 2.000000e+00
10 	 143 	 Ey 	 2 	 1.661518e+00 	 1.560000e+03 	 1.200000e+02 	 2.000000e+00
10 	 144 	 Ey 	 2 	 1.817379e+00 	 1.800000e+03 	 1.200000e+02 	 2.000000e+00
10 	 145 	 Ey 	 2 	 1.804673e+00 	 -1.800000e+03 	 3.600000e+02 	 2.000000e+00
10 	 146 	 Ey 	 2 	 6.883695e-01 	 -1.560000e+03 	 3.600000e+02 	 2.000000e+00
10 	 147 	 Ey 	 2 	 1.357435e+00 	 -1.320000e+03 	 3.600000e+02 	 2.000000e+00
10 	 148 	 Ey 	 2 	 0.000000e+00 	 -1.080000e+03 	 3.600000e+02 	 2.000000e+00
10 	 149 	 Ey 	 2 	 0.000000e+00 	 -8.400000e+02 	 3.600000e+02 	 2.000000e+00
10 	 150 	 Ey 	 2 	 0.000000e+00 	 -6.000000e+02 	 3.600000e+02 	 2.000000e+00
10 	 151 	 Ey 	 2 	 0.000000e+00 	 -3.600000e+02 	 3.600000e+02 	 2.000000e+00
10 	 152 	 Ey 	 2 	 0.000000e+00 	 -1.200000e+02 	 3.600000e+02 	 2.000000e+00
10 	 153 	 Ey 	 2 	 1.782073e+00 	 1.200000e+02 	 3.600000e+02 	 2.000000e+00
10 	 154 	 Ey 	 2 	 3.175895e-01 	 3.600000e+02 	 3.600000e+02 	 2.000000e+00
10 	 155 	 Ey 	 2 	 1.421611e-01 	 6.000000e+02 	 3.600000e+02 	 2.000000e+00
10 	 156 	 Ey 	 2 	 1.105901e+00 	 8.400000e+02 	 3.600000e+02 	 2.000000e+00
10 	 157 	 Ey 	 2 	 1.627881e+00 	 1.080000e+03 	 3.600000e+02 	 2.000000e+00
10 	 158 	 Ey 	 2 	 1.077462e+00 	 1.320000e+03 	 3.600000e+02 	 2.000000e+00
10 	 159 	 Ey 	 2 	 3.144689e+00 	 1.560000e+03 	 3.600000e+02 	 2.000000e+00
10 	 160 	 Ey 	 2 	 2.486359e+00 	 1.800000e+03 	 3.600000e+02 	 2.000000e+00
10 	 161 	 Ey 	 2 	 1.180081e+00 	 -1.800000e+03 	 6.000000e+02 	 2.000000e+00
10 	 162 	 Ey 	 2 	 1.404896e-01 	 -1.560000e+03 	 6.000000e+02 	 2.000000e+00
10 	 163 	 Ey 	 2 	 5.188572e-01 	 -1.320000e+03 	 6.000000e+02 	 2.000000e+00
10 	 164 	 Ey 	 2 	 0.000000e+00 	 -1.080000e+03 	 6.000000e+02 	 2.000000e+00
10 	 165 	 Ey 	 2 	 0.000000e+00 	 -8.400000e+02 	 6.000000e+02 	 2.000000e+00
10 	 166 	 Ey 	 2 	 0.000000e+00 	 -6.000000e+02 	 6.000000e+02 	 2.000000e+00
10 	 167 	 Ey 	 2 	 0.000000e+00 	 -3.600000e+02 	 6.000000e+02 	 2.000000e+00
10 	 168 	 Ey 	 2 	 0.000000e+00 	 -1.200000e+02 	 6.000000e+02 	 2.000000e+00
10 	 169 	 Ey 	 2 	 8.001045e-01 	 1.200000e+02 	 6.000000e+02 	 2.000000e+00
10 	 170 	 Ey 	 2 	 6.731943e-01 	 3.600000e+02 	 6.000000e+02 	 2.000000e+00
10 	 171 	 Ey 	 2 	 1.719338e+00 	 6.000000e+02 	 6.000000e+02 	 2.000000e+00
10 	 172 	 Ey 	 2 	 2.185441e+00 	 8.400000e+02 	 6.000000e+02 	 2.000000e+00
10 	 173 	 Ey 	 2 	 2.947814e+00 	 1.080000e+03 	 6.000000e+02 	 2.000000e+00
10 	 174 	 Ey 	 2 	 1.767174e+00 	 1.320000e+03 	 6.000000e+02 	 2.000000e+00
10 	 175 	 Ey 	 2 	 6.697487e-01 	 1.560000e+03 	 6.000000e+02 	 2.000000e+00
10 	 176 	 Ey 	 2 	 8.572605e-01 	 1.800000e+03 	 6.000000e+02 	 2.000000e+00
10 	 177 	 Ey 	 2 	 2.173555e+00 	 -1.800000e+03 	 8.400000e+02 	 2.000000e+00
10 	 178 	 Ey 	 2 	 2.390229e+00 	 -1.560000e+03 	 8.400000e+02 	 2.000000e+00
10 	 179 	 Ey 	 2 	 3.530986e+00 	 -1.320000e+03 	 8.400000e+02 	 2.000000e+00
10 	 180 	 Ey 	 2 	 2.017130e+00 	 -1.080000e+03 	 8.400000e+02 	 2.000000e+00
10 	 181 	 Ey 	 2 	 0.000000e+00 	 -8.400000e+02 	 8.400000e+02 	 2.000000e+00
10 	 182 	 Ey 	 2 	 0.000000e+00 	 -6.000000e+02 	 8.400000e+02 	 2.000000e+00
10 	 183 	 Ey 	 2 	 0.000000e+00 	 -3.600000e+02 	 8.400000e+02 	 2.000000e+00
10 	 184 	 Ey 	 2 	 0.000000e+00 	 -1.200000e+02 	 8.400000e+02 	 2.000000e+00
10 	 185 	 Ey 	 2 	 1.025388e+00 	 1.200000e+02 	 8.400000e+02 	 2.000000e+00
10 	 186 	 Ey 	 2 	 1.044475e+00 	 3.600000e+02 	 8.400000e+02 	 2.000000e+00
10 	 187 	 Ey 	 2 	 2.365051e+00 	 6.000000e+02 	 8.400000e+02 	 2.000000e+00
10 	 188 	 Ey 	 2 	 3.593585e+00 	 8.400000e+02 	 8.400000e+02 	 2.000000e+00
10 	 189 	 Ey 	 2 	 3.816240e+00 	 1.080000e+03 	 8.400000e+02 	 2.000000e+00
10 	 190 	 Ey 	 2 	 1.159498e+00 	 1.320000e+03 	 8.400000e+02 	 2.000000e+00
10 	 191 	 Ey 	 2 	 1.575835e+00 	 1.560000e+03 	 8.400000e+02 	 2.000000e+00
10 	 192 	 Ey 	 2 	 6.378887e-01 	 1.800000e+03 	 8.400000e+02 	 2.000000e+00
10 	 193 	 Ey 	 2 	 6.312514e+00 	 -1.800000e+03 	 1.080000e+03 	 2.000000e+00
10 	 194 	 Ey 	 2 	 6.040666e+00 	 -1.560000e+03 	 1.080000e+03 	 2.000000e+00
10 	 195 	 Ey 	 2 	 4.532926e+00 	 -1.320000e+03 	 1.080000e+03 	 2.000000e+00
10 	 196 	 Ey 	 2 	 1.788057e+00 	 -1.080000e+03 	 1.080000e+03 	 2.000000e+00
10 	 197 	 Ey 	 2 	 8.315501e-01 	 -8.400000e+02 	 1.080000e+03 	 2.000000e+00
10 	 198 	 Ey 	 2 	 0.000000e+00 	 -6.000000e+02 	 1.080000e+03 	 2.000000e+00
10 	 199 	 Ey 	 2 	 0.000000e+00 	 -3.600000e+02 	 1.080000e+03 	 2.000000e+00
10 	 200 	 Ey 	 2 	 1.457387e+00 	 -1.200000e+02 	 1.080000e+03 	 2.000000e+00
10 	 201 	 Ey 	 2 	 5.918192e-01 	 1.200000e+02 	 1.080000e+03 	 2.000000e+00
10 	 202 	 Ey 	 2 	 5.113242e-01 	 3.600000e+02 	 1.080000e+03 	 2.000000e+00
10 	 203 	 Ey 	 2 	 2.010740e+00 	 6.000000e+02 	 1.080000e+03 	 2.000000e+00
10 	 204 	 Ey 	 2 	 2.957706e+00 	 8.400000e+02 	 1.080000e+03 	 2.000000e+00
10 	 205 	 Ey 	 2 	 2.214754e+00 	 1.080000e+03 	 1.080000e+03 	 2.000000e+00
10 	 206 	 Ey 	 2 	 1.399502e+00 	 1.320000e+03 	 1.080000e+03 	 2.000000e+00
10 	 207 	 Ey 	 2 	 4.688592e-01 	 1.560000e+03 	 1.080000e+03 	 2.000000e+00
10 	 208 	 Ey 	 2 	 1.454409e+00 	 1.800000e+03 	 1.080000e+03 	 2.000000e+00
10 	 209 	 Ey 	 2 	 5.069798e+00 	 -1.800000e+03 	 1.320000e+03 	 2.000000e+00
10 	 210 	 Ey 	 2 	 7.188488e+00 	 -1.560000e+03 	 1.320000e+03 	 2.000000e+00
10 	 211 	 Ey 	 2 	 6.257476e+00 	 -1.320000e+03 	 1.320000e+03 	 2.000000e+00
10 	 212 	 Ey 	 2 	 4.753220e+00 	 -1.080000e+03 	 1.320000e+03 	 2.000000e+00
10 	 213 	 Ey 	 2 	 2.759758e+00 	 -8.400000e+02 	 1.320000e+03 	 2.000000e+00
10 	 214 	 Ey 	 2 	 1.368808e+00 	 -6.000000e+02 	 1.320000e+03 	 2.000000e+00
10 	 215 	 Ey 	 2 	 1.108169e+00 	 -3.600000e+02 	 1.320000e+03 	 2.000000e+00
10 	 216 	 Ey 	 2 	 3.235258e+00 	 -1.200000e+02 	 1.320000e+03 	 2.000000e+00
10 	 217 	 Ey 	 2 	 2.977751e+00 	 1.200000e+02 	 1.320000e+03 	 2.000000e+00
10 	 218 	 Ey 	 2 	 1.830253e+00 	 3.600000e+02 	 1.320000e+03 	 2.000000e+00
10 	 219 	 Ey 	 2 	 1.619466e+00 	 6.000000e+02 	 1.320000e+03 	 2.000000e+00
10 	 220 	 Ey 	 2 	 1.595109e+00 	 8.400000e+02 	 1.320000e+03 	 2.000000e+00
10 	 221 	 Ey 	 2 	 1.446489e+00 	 1.080000e+03 	 1.320000e+03 	 2.000000e+00
10 	 222 	 Ey 	 2 	 3.585836e-01 	 1.320000e+03 	 1.320000e+03 	 2.000000e+00
10 	 223 	 Ey 	 2 	 8.395296e-01 	 1.560000e+03 	 1.320000e+03 	 2.000000e+00
10 	 224 	 Ey 	 2 	 1.932320e+00 	 1.800000e+03 	 1.320000e+03 	 2.000000e+00
10 	 225 	 Ey 	 2 	 7.585806e+00 	 -1.800000e+03 	 1.560000e+03 	 2.000000e+00
10 	 226 	 Ey 	 2 	 6.676534e+00 	 -1.560000e+03 	 1.560000e+03 	 2.000000e+00
10 	 227 	 Ey 	 2 	 5.492378e+00 	 -1.320000e+03 	 1.560000e+03 	 2.000000e+00
10 	 228 	 Ey 	 2 	 5.845066e+00 	 -1.080000e+03 	 1.560000e+03 	 2.000000e+00
10 	 229 	 Ey 	 2 	 3.171425e+00 	 -8.400000e+02 	 1.560000e+03 	 2.000000e+00
10 	 230 	 Ey 	 2 	 1.326318e+00 	 -6.000000e+02 	 1.560000e+03 	 2.000000e+00
10 	 231 	 Ey 	 2 	 2.268758e+00 	 -3.600000e+02 	 1.560000e+03 	 2.000000e+00
10 	 232 	 Ey 	 2 	 4.307572e+00 	 -1.200000e+02 	 1.560000e+03 	 2.000000e+00
10 	 233 	 Ey 	 2 	 2.753466e+00 	 1.200000e+02 	 1.560000e+03 	 2.000000e+00
10 	 234 	 Ey 	 2 	 3.329504e+00 	 3.600000e+02 	 1.560000e+03 	 2.000000e+00
10 	 235 	 Ey 	 2 	 2.682011e+00 	 6.000000e+02 	 1.560000e+03 	 2.000000e+00
10 	 236 	 Ey 	 2 	 1.847396e+00 	 8.400000e+02 	 1.560000e+03 	 2.000000e+00
10 	 237 	 Ey 	 2 	 1.337914e+00 	 1.080000e+03 	 1.560000e+03 	 2.000000e+00
10 	 238 	 Ey 	 2 	 2.228399e+00 	 1.320000e+03 	 1.560000e+03 	 2.000000e+00
10 	 239 	 Ey 	 2 	 2.631142e+00 	 1.560000e+03 	 1.560000e+03 	 2.000000e+00
10 	 240 	 Ey 	 2 	 4.148214e+00 	 1.800000e+03 	 1.560000e+03 	 2.000000e+00
10 	 241 	 Ey 	 2 	 6.473229e+00 	 -1.800000e+03 	 1.800000e+03 	 2.000000e+00
10 	 242 	 Ey 	 2 	 6.644051e+00 	 -1.560000e+03 	 1.800000e+03 	 2.000000e+00
10 	 243 	 Ey 	 2 	 5.260726e+00 	 -1.320000e+03 	 1.800000e+03 	 2.000000e+00
10 	 244 	 Ey 	 2 	 6.603799e+00 	 -1.080000e+03 	 1.800000e+03 	 2.000000e+00
10 	 245 	 Ey 	 2 	 3.680445e+00 	 -8.400000e+02 	 1.800000e+03 	 2.000000e+00
10 	 246 	 Ey 	 2 	 2.070729e+00 	 -6.000000e+02 	 1.800000e+03 	 2.000000e+00
10 	 247 	 Ey 	 2 	 2.236740e+00 	 -3.600000e+02 	 1.800000e+03 	 2.000000e+00
10 	 248 	 Ey 	 2 	 3.942712e+00 	 -1.200000e+02 	 1.800000e+03 	 2.000000e+00
10 	 249 	 Ey 	 2 	 3.851317e+00 	 1.200000e+02 	 1.800000e+03 	 2.000000e+00
10 	 250 	 Ey 	 2 	 3.514346e+00 	 3.600000e+02 	 1.800000e+03 	 2.000000e+00
10 	 251 	 Ey 	 2 	 3.094298e+00 	 6.000000e+02 	 1.800000e+03 	 2.000000e+00
10 	 252 	 Ey 	 2 	 2.994447e+00 	 8.400000e+02 	 1.800000e+03 	 2.000000e+00
10 	 253 	 Ey 	 2 	 4.684373e+00 	 1.080000e+03 	 1.800000e+03 	 2.000000e+00
10 	 254 	 Ey 	 2 	 4.607210e+00 	 1.320000e+03 	 1.800000e+03 	 2.000000e+00
10 	 255 	 Ey 	 2 	 3.809026e+00 	 1.560000e+03 	 1.800000e+03 	 2.000000e+00
10 	 256 	 Ey 	 2 	 4.836069e+00 	 1.800000e+03 	 1.800000e+03 	 2.000000e+00
