iTx 	 iRx    ichrec  ifreq 	 sig_misfit   x       y      z
14 	 1 	 Ex 	 1 	 4.573331e+00 	 -1.800000e+03 	 -1.800000e+03 	 2.000000e+00
14 	 2 	 Ex 	 1 	 4.983867e+00 	 -1.560000e+03 	 -1.800000e+03 	 2.000000e+00
14 	 3 	 Ex 	 1 	 5.987849e+00 	 -1.320000e+03 	 -1.800000e+03 	 2.000000e+00
14 	 4 	 Ex 	 1 	 7.819717e+00 	 -1.080000e+03 	 -1.800000e+03 	 2.000000e+00
14 	 5 	 Ex 	 1 	 7.784817e+00 	 -8.400000e+02 	 -1.800000e+03 	 2.000000e+00
14 	 6 	 Ex 	 1 	 9.273048e+00 	 -6.000000e+02 	 -1.800000e+03 	 2.000000e+00
14 	 7 	 Ex 	 1 	 8.098180e+00 	 -3.600000e+02 	 -1.800000e+03 	 2.000000e+00
14 	 8 	 Ex 	 1 	 5.511277e+00 	 -1.200000e+02 	 -1.800000e+03 	 2.000000e+00
14 	 9 	 Ex 	 1 	 3.656461e+00 	 1.200000e+02 	 -1.800000e+03 	 2.000000e+00
14 	 10 	 Ex 	 1 	 2.024201e+00 	 3.600000e+02 	 -1.800000e+03 	 2.000000e+00
14 	 11 	 Ex 	 1 	 1.516192e+00 	 6.000000e+02 	 -1.800000e+03 	 2.000000e+00
14 	 12 	 Ex 	 1 	 1.236059e+00 	 8.400000e+02 	 -1.800000e+03 	 2.000000e+00
14 	 13 	 Ex 	 1 	 1.870084e+00 	 1.080000e+03 	 -1.800000e+03 	 2.000000e+00
14 	 14 	 Ex 	 1 	 2.569336e+00 	 1.320000e+03 	 -1.800000e+03 	 2.000000e+00
14 	 15 	 Ex 	 1 	 1.352448e+00 	 1.560000e+03 	 -1.800000e+03 	 2.000000e+00
14 	 16 	 Ex 	 1 	 1.495046e+00 	 1.800000e+03 	 -1.800000e+03 	 2.000000e+00
14 	 17 	 Ex 	 1 	 4.932862e+00 	 -1.800000e+03 	 -1.560000e+03 	 2.000000e+00
14 	 18 	 Ex 	 1 	 6.194101e+00 	 -1.560000e+03 	 -1.560000e+03 	 2.000000e+00
14 	 19 	 Ex 	 1 	 6.110213e+00 	 -1.320000e+03 	 -1.560000e+03 	 2.000000e+00
14 	 20 	 Ex 	 1 	 7.789304e+00 	 -1.080000e+03 	 -1.560000e+03 	 2.000000e+00
14 	 21 	 Ex 	 1 	 8.976124e+00 	 -8.400000e+02 	 -1.560000e+03 	 2.000000e+00
14 	 22 	 Ex 	 1 	 9.899984e+00 	 -6.000000e+02 	 -1.560000e+03 	 2.000000e+00
14 	 23 	 Ex 	 1 	 8.879833e+00 	 -3.600000e+02 	 -1.560000e+03 	 2.000000e+00
14 	 24 	 Ex 	 1 	 7.516537e+00 	 -1.200000e+02 	 -1.560000e+03 	 2.000000e+00
14 	 25 	 Ex 	 1 	 3.560262e+00 	 1.200000e+02 	 -1.560000e+03 	 2.000000e+00
14 	 26 	 Ex 	 1 	 2.129840e+00 	 3.600000e+02 	 -1.560000e+03 	 2.000000e+00
14 	 27 	 Ex 	 1 	 3.046336e+00 	 6.000000e+02 	 -1.560000e+03 	 2.000000e+00
14 	 28 	 Ex 	 1 	 3.593295e+00 	 8.400000e+02 	 -1.560000e+03 	 2.000000e+00
14 	 29 	 Ex 	 1 	 2.593803e+00 	 1.080000e+03 	 -1.560000e+03 	 2.000000e+00
14 	 30 	 Ex 	 1 	 2.675540e+00 	 1.320000e+03 	 -1.560000e+03 	 2.000000e+00
14 	 31 	 Ex 	 1 	 1.852051e+00 	 1.560000e+03 	 -1.560000e+03 	 2.000000e+00
14 	 32 	 Ex 	 1 	 4.757273e+00 	 1.800000e+03 	 -1.560000e+03 	 2.000000e+00
14 	 33 	 Ex 	 1 	 1.536605e+00 	 -1.800000e+03 	 -1.320000e+03 	 2.000000e+00
14 	 34 	 Ex 	 1 	 3.796198e+00 	 -1.560000e+03 	 -1.320000e+03 	 2.000000e+00
14 	 35 	 Ex 	 1 	 5.259497e+00 	 -1.320000e+03 	 -1.320000e+03 	 2.000000e+00
14 	 36 	 Ex 	 1 	 8.271367e+00 	 -1.080000e+03 	 -1.320000e+03 	 2.000000e+00
14 	 37 	 Ex 	 1 	 1.050951e+01 	 -8.400000e+02 	 -1.320000e+03 	 2.000000e+00
14 	 38 	 Ex 	 1 	 1.149631e+01 	 -6.000000e+02 	 -1.320000e+03 	 2.000000e+00
14 	 39 	 Ex 	 1 	 9.173348e+00 	 -3.600000e+02 	 -1.320000e+03 	 2.000000e+00
14 	 40 	 Ex 	 1 	 6.548872e+00 	 -1.200000e+02 	 -1.320000e+03 	 2.000000e+00
14 	 41 	 Ex 	 1 	 1.502632e+00 	 1.200000e+02 	 -1.320000e+03 	 2.000000e+00
14 	 42 	 Ex 	 1 	 1.785936e+00 	 3.600000e+02 	 -1.320000e+03 	 2.000000e+00
14 	 43 	 Ex 	 1 	 2.405625e+00 	 6.000000e+02 	 -1.320000e+03 	 2.000000e+00
14 	 44 	 Ex 	 1 	 2.247253e+00 	 8.400000e+02 	 -1.320000e+03 	 2.000000e+00
14 	 45 	 Ex 	 1 	 1.222321e+00 	 1.080000e+03 	 -1.320000e+03 	 2.000000e+00
14 	 46 	 Ex 	 1 	 2.514089e+00 	 1.320000e+03 	 -1.320000e+03 	 2.000000e+00
14 	 47 	 Ex 	 1 	 1.045809e+00 	 1.560000e+03 	 -1.320000e+03 	 2.000000e+00
14 	 48 	 Ex 	 1 	 8.810124e-01 	 1.800000e+03 	 -1.320000e+03 	 2.000000e+00
14 	 49 	 Ex 	 1 	 1.378228e+00 	 -1.800000e+03 	 -1.080000e+03 	 2.000000e+00
14 	 50 	 Ex 	 1 	 2.005779e+00 	 -1.560000e+03 	 -1.080000e+03 	 2.000000e+00
14 	 51 	 Ex 	 1 	 3.612726e+00 	 -1.320000e+03 	 -1.080000e+03 	 2.000000e+00
14 	 52 	 Ex 	 1 	 7.949672e+00 	 -1.080000e+03 	 -1.080000e+03 	 2.000000e+00
14 	 53 	 Ex 	 1 	 1.156818e+01 	 -8.400000e+02 	 -1.080000e+03 	 2.000000e+00
14 	 54 	 Ex 	 1 	 1.433273e+01 	 -6.000000e+02 	 -1.080000e+03 	 2.000000e+00
14 	 55 	 Ex 	 1 	 1.134768e+01 	 -3.600000e+02 	 -1.080000e+03 	 2.000000e+00
14 	 56 	 Ex 	 1 	 6.451033e+00 	 -1.200000e+02 	 -1.080000e+03 	 2.000000e+00
14 	 57 	 Ex 	 1 	 2.668589e+00 	 1.200000e+02 	 -1.080000e+03 	 2.000000e+00
14 	 58 	 Ex 	 1 	 1.855273e+00 	 3.600000e+02 	 -1.080000e+03 	 2.000000e+00
14 	 59 	 Ex 	 1 	 2.855368e+00 	 6.000000e+02 	 -1.080000e+03 	 2.000000e+00
14 	 60 	 Ex 	 1 	 1.462276e+00 	 8.400000e+02 	 -1.080000e+03 	 2.000000e+00
14 	 61 	 Ex 	 1 	 9.964488e-01 	 1.080000e+03 	 -1.080000e+03 	 2.000000e+00
14 	 62 	 Ex 	 1 	 1.166622e+00 	 1.320000e+03 	 -1.080000e+03 	 2.000000e+00
14 	 63 	 Ex 	 1 	 1.268056e+00 	 1.560000e+03 	 -1.080000e+03 	 2.000000e+00
14 	 64 	 Ex 	 1 	 1.403105e+00 	 1.800000e+03 	 -1.080000e+03 	 2.000000e+00
14 	 65 	 Ex 	 1 	 2.616348e+00 	 -1.800000e+03 	 -8.400000e+02 	 2.000000e+00
14 	 66 	 Ex 	 1 	 3.003305e+00 	 -1.560000e+03 	 -8.400000e+02 	 2.000000e+00
14 	 67 	 Ex 	 1 	 4.089622e+00 	 -1.320000e+03 	 -8.400000e+02 	 2.000000e+00
14 	 68 	 Ex 	 1 	 8.535689e+00 	 -1.080000e+03 	 -8.400000e+02 	 2.000000e+00
14 	 69 	 Ex 	 1 	 1.240823e+01 	 -8.400000e+02 	 -8.400000e+02 	 2.000000e+00
14 	 70 	 Ex 	 1 	 1.659386e+01 	 -6.000000e+02 	 -8.400000e+02 	 2.000000e+00
14 	 71 	 Ex 	 1 	 1.344013e+01 	 -3.600000e+02 	 -8.400000e+02 	 2.000000e+00
14 	 72 	 Ex 	 1 	 5.314487e+00 	 -1.200000e+02 	 -8.400000e+02 	 2.000000e+00
14 	 73 	 Ex 	 1 	 5.349383e-01 	 1.200000e+02 	 -8.400000e+02 	 2.000000e+00
14 	 74 	 Ex 	 1 	 2.962096e+00 	 3.600000e+02 	 -8.400000e+02 	 2.000000e+00
14 	 75 	 Ex 	 1 	 4.375895e+00 	 6.000000e+02 	 -8.400000e+02 	 2.000000e+00
14 	 76 	 Ex 	 1 	 2.885759e+00 	 8.400000e+02 	 -8.400000e+02 	 2.000000e+00
14 	 77 	 Ex 	 1 	 6.331718e-01 	 1.080000e+03 	 -8.400000e+02 	 2.000000e+00
14 	 78 	 Ex 	 1 	 7.238970e-01 	 1.320000e+03 	 -8.400000e+02 	 2.000000e+00
14 	 79 	 Ex 	 1 	 1.620706e+00 	 1.560000e+03 	 -8.400000e+02 	 2.000000e+00
14 	 80 	 Ex 	 1 	 2.705401e+00 	 1.800000e+03 	 -8.400000e+02 	 2.000000e+00
14 	 81 	 Ex 	 1 	 2.442085e+00 	 -1.800000e+03 	 -6.000000e+02 	 2.000000e+00
14 	 82 	 Ex 	 1 	 9.705770e-01 	 -1.560000e+03 	 -6.000000e+02 	 2.000000e+00
14 	 83 	 Ex 	 1 	 3.081973e+00 	 -1.320000e+03 	 -6.000000e+02 	 2.000000e+00
14 	 84 	 Ex 	 1 	 7.116201e+00 	 -1.080000e+03 	 -6.000000e+02 	 2.000000e+00
14 	 85 	 Ex 	 1 	 1.376358e+01 	 -8.400000e+02 	 -6.000000e+02 	 2.000000e+00
14 	 86 	 Ex 	 1 	 1.580176e+01 	 -6.000000e+02 	 -6.000000e+02 	 2.000000e+00
14 	 87 	 Ex 	 1 	 1.195478e+01 	 -3.600000e+02 	 -6.000000e+02 	 2.000000e+00
14 	 88 	 Ex 	 1 	 4.372727e+00 	 -1.200000e+02 	 -6.000000e+02 	 2.000000e+00
14 	 89 	 Ex 	 1 	 2.518862e+00 	 1.200000e+02 	 -6.000000e+02 	 2.000000e+00
14 	 90 	 Ex 	 1 	 4.981186e+00 	 3.600000e+02 	 -6.000000e+02 	 2.000000e+00
14 	 91 	 Ex 	 1 	 3.444489e+00 	 6.000000e+02 	 -6.000000e+02 	 2.000000e+00
14 	 92 	 Ex 	 1 	 1.946232e+00 	 8.400000e+02 	 -6.000000e+02 	 2.000000e+00
14 	 93 	 Ex 	 1 	 5.154818e-01 	 1.080000e+03 	 -6.000000e+02 	 2.000000e+00
14 	 94 	 Ex 	 1 	 1.576090e+00 	 1.320000e+03 	 -6.000000e+02 	 2.000000e+00
14 	 95 	 Ex 	 1 	 1.380106e+00 	 1.560000e+03 	 -6.000000e+02 	 2.000000e+00
14 	 96 	 Ex 	 1 	 1.573913e+00 	 1.800000e+03 	 -6.000000e+02 	 2.000000e+00
14 	 97 	 Ex 	 1 	 2.083193e+00 	 -1.800000e+03 	 -3.600000e+02 	 2.000000e+00
14 	 98 	 Ex 	 1 	 2.213418e+00 	 -1.560000e+03 	 -3.600000e+02 	 2.000000e+00
14 	 99 	 Ex 	 1 	 1.965486e+00 	 -1.320000e+03 	 -3.600000e+02 	 2.000000e+00
14 	 100 	 Ex 	 1 	 5.785340e+00 	 -1.080000e+03 	 -3.600000e+02 	 2.000000e+00
14 	 101 	 Ex 	 1 	 1.218638e+01 	 -8.400000e+02 	 -3.600000e+02 	 2.000000e+00
14 	 102 	 Ex 	 1 	 1.649898e+01 	 -6.000000e+02 	 -3.600000e+02 	 2.000000e+00
14 	 103 	 Ex 	 1 	 1.164530e+01 	 -3.600000e+02 	 -3.600000e+02 	 2.000000e+00
14 	 104 	 Ex 	 1 	 4.643166e+00 	 -1.200000e+02 	 -3.600000e+02 	 2.000000e+00
14 	 105 	 Ex 	 1 	 2.955810e+00 	 1.200000e+02 	 -3.600000e+02 	 2.000000e+00
14 	 106 	 Ex 	 1 	 4.018358e+00 	 3.600000e+02 	 -3.600000e+02 	 2.000000e+00
14 	 107 	 Ex 	 1 	 3.179964e+00 	 6.000000e+02 	 -3.600000e+02 	 2.000000e+00
14 	 108 	 Ex 	 1 	 1.987765e+00 	 8.400000e+02 	 -3.600000e+02 	 2.000000e+00
14 	 109 	 Ex 	 1 	 1.713517e+00 	 1.080000e+03 	 -3.600000e+02 	 2.000000e+00
14 	 110 	 Ex 	 1 	 3.502825e+00 	 1.320000e+03 	 -3.600000e+02 	 2.000000e+00
14 	 111 	 Ex 	 1 	 2.042604e+00 	 1.560000e+03 	 -3.600000e+02 	 2.000000e+00
14 	 112 	 Ex 	 1 	 1.601030e+00 	 1.800000e+03 	 -3.600000e+02 	 2.000000e+00
14 	 113 	 Ex 	 1 	 3.594853e+00 	 -1.800000e+03 	 -1.200000e+02 	 2.000000e+00
14 	 114 	 Ex 	 1 	 1.800756e+00 	 -1.560000e+03 	 -1.200000e+02 	 2.000000e+00
14 	 115 	 Ex 	 1 	 1.059393e+00 	 -1.320000e+03 	 -1.200000e+02 	 2.000000e+00
14 	 116 	 Ex 	 1 	 5.389810e+00 	 -1.080000e+03 	 -1.200000e+02 	 2.000000e+00
14 	 117 	 Ex 	 1 	 1.008957e+01 	 -8.400000e+02 	 -1.200000e+02 	 2.000000e+00
14 	 118 	 Ex 	 1 	 1.310129e+01 	 -6.000000e+02 	 -1.200000e+02 	 2.000000e+00
14 	 119 	 Ex 	 1 	 1.186662e+01 	 -3.600000e+02 	 -1.200000e+02 	 2.000000e+00
14 	 120 	 Ex 	 1 	 2.965376e+00 	 -1.200000e+02 	 -1.200000e+02 	 2.000000e+00
14 	 121 	 Ex 	 1 	 3.613462e+00 	 1.200000e+02 	 -1.200000e+02 	 2.000000e+00
14 	 122 	 Ex 	 1 	 5.174439e+00 	 3.600000e+02 	 -1.200000e+02 	 2.000000e+00
14 	 123 	 Ex 	 1 	 3.917873e+00 	 6.000000e+02 	 -1.200000e+02 	 2.000000e+00
14 	 124 	 Ex 	 1 	 2.643754e+00 	 8.400000e+02 	 -1.200000e+02 	 2.000000e+00
14 	 125 	 Ex 	 1 	 2.879456e+00 	 1.080000e+03 	 -1.200000e+02 	 2.000000e+00
14 	 126 	 Ex 	 1 	 1.517166e+00 	 1.320000e+03 	 -1.200000e+02 	 2.000000e+00
14 	 127 	 Ex 	 1 	 2.861026e+00 	 1.560000e+03 	 -1.200000e+02 	 2.000000e+00
14 	 128 	 Ex 	 1 	 2.778894e+00 	 1.800000e+03 	 -1.200000e+02 	 2.000000e+00
14 	 129 	 Ex 	 1 	 2.488222e+00 	 -1.800000e+03 	 1.200000e+02 	 2.000000e+00
14 	 130 	 Ex 	 1 	 3.549544e+00 	 -1.560000e+03 	 1.200000e+02 	 2.000000e+00
14 	 131 	 Ex 	 1 	 1.471367e+00 	 -1.320000e+03 	 1.200000e+02 	 2.000000e+00
14 	 132 	 Ex 	 1 	 3.992879e+00 	 -1.080000e+03 	 1.200000e+02 	 2.000000e+00
14 	 133 	 Ex 	 1 	 9.327424e+00 	 -8.400000e+02 	 1.200000e+02 	 2.000000e+00
14 	 134 	 Ex 	 1 	 1.072492e+01 	 -6.000000e+02 	 1.200000e+02 	 2.000000e+00
14 	 135 	 Ex 	 1 	 7.350547e+00 	 -3.600000e+02 	 1.200000e+02 	 2.000000e+00
14 	 136 	 Ex 	 1 	 2.637362e+00 	 -1.200000e+02 	 1.200000e+02 	 2.000000e+00
14 	 137 	 Ex 	 1 	 4.272875e+00 	 1.200000e+02 	 1.200000e+02 	 2.000000e+00
14 	 138 	 Ex 	 1 	 4.603852e+00 	 3.600000e+02 	 1.200000e+02 	 2.000000e+00
14 	 139 	 Ex 	 1 	 2.431269e+00 	 6.000000e+02 	 1.200000e+02 	 2.000000e+00
14 	 140 	 Ex 	 1 	 2.745731e+00 	 8.400000e+02 	 1.200000e+02 	 2.000000e+00
14 	 141 	 Ex 	 1 	 2.409695e+00 	 1.080000e+03 	 1.200000e+02 	 2.000000e+00
14 	 142 	 Ex 	 1 	 2.887622e+00 	 1.320000e+03 	 1.200000e+02 	 2.000000e+00
14 	 143 	 Ex 	 1 	 1.372291e+00 	 1.560000e+03 	 1.200000e+02 	 2.000000e+00
14 	 144 	 Ex 	 1 	 6.553701e-01 	 1.800000e+03 	 1.200000e+02 	 2.000000e+00
14 	 145 	 Ex 	 1 	 2.920450e+00 	 -1.800000e+03 	 3.600000e+02 	 2.000000e+00
14 	 146 	 Ex 	 1 	 3.974948e+00 	 -1.560000e+03 	 3.600000e+02 	 2.000000e+00
14 	 147 	 Ex 	 1 	 1.781327e+00 	 -1.320000e+03 	 3.600000e+02 	 2.000000e+00
14 	 148 	 Ex 	 1 	 2.844928e+00 	 -1.080000e+03 	 3.600000e+02 	 2.000000e+00
14 	 149 	 Ex 	 1 	 6.435271e+00 	 -8.400000e+02 	 3.600000e+02 	 2.000000e+00
14 	 150 	 Ex 	 1 	 9.444838e+00 	 -6.000000e+02 	 3.600000e+02 	 2.000000e+00
14 	 151 	 Ex 	 1 	 5.895527e+00 	 -3.600000e+02 	 3.600000e+02 	 2.000000e+00
14 	 152 	 Ex 	 1 	 1.047225e+00 	 -1.200000e+02 	 3.600000e+02 	 2.000000e+00
14 	 153 	 Ex 	 1 	 4.233322e+00 	 1.200000e+02 	 3.600000e+02 	 2.000000e+00
14 	 154 	 Ex 	 1 	 4.626067e+00 	 3.600000e+02 	 3.600000e+02 	 2.000000e+00
14 	 155 	 Ex 	 1 	 3.035004e+00 	 6.000000e+02 	 3.600000e+02 	 2.000000e+00
14 	 156 	 Ex 	 1 	 1.701440e+00 	 8.400000e+02 	 3.600000e+02 	 2.000000e+00
14 	 157 	 Ex 	 1 	 3.303196e+00 	 1.080000e+03 	 3.600000e+02 	 2.000000e+00
14 	 158 	 Ex 	 1 	 2.340184e+00 	 1.320000e+03 	 3.600000e+02 	 2.000000e+00
14 	 159 	 Ex 	 1 	 1.782012e+00 	 1.560000e+03 	 3.600000e+02 	 2.000000e+00
14 	 160 	 Ex 	 1 	 1.109905e-01 	 1.800000e+03 	 3.600000e+02 	 2.000000e+00
14 	 161 	 Ex 	 1 	 4.381343e+00 	 -1.800000e+03 	 6.000000e+02 	 2.000000e+00
14 	 162 	 Ex 	 1 	 2.856968e+00 	 -1.560000e+03 	 6.000000e+02 	 2.000000e+00
14 	 163 	 Ex 	 1 	 1.717699e+00 	 -1.320000e+03 	 6.000000e+02 	 2.000000e+00
14 	 164 	 Ex 	 1 	 1.985060e+00 	 -1.080000e+03 	 6.000000e+02 	 2.000000e+00
14 	 165 	 Ex 	 1 	 2.521225e+00 	 -8.400000e+02 	 6.000000e+02 	 2.000000e+00
14 	 166 	 Ex 	 1 	 5.163194e+00 	 -6.000000e+02 	 6.000000e+02 	 2.000000e+00
14 	 167 	 Ex 	 1 	 3.316743e+00 	 -3.600000e+02 	 6.000000e+02 	 2.000000e+00
14 	 168 	 Ex 	 1 	 1.141850e+00 	 -1.200000e+02 	 6.000000e+02 	 2.000000e+00
14 	 169 	 Ex 	 1 	 3.426198e+00 	 1.200000e+02 	 6.000000e+02 	 2.000000e+00
14 	 170 	 Ex 	 1 	 3.282291e+00 	 3.600000e+02 	 6.000000e+02 	 2.000000e+00
14 	 171 	 Ex 	 1 	 1.052734e+00 	 6.000000e+02 	 6.000000e+02 	 2.000000e+00
14 	 172 	 Ex 	 1 	 7.803617e-01 	 8.400000e+02 	 6.000000e+02 	 2.000000e+00
14 	 173 	 Ex 	 1 	 3.814210e+00 	 1.080000e+03 	 6.000000e+02 	 2.000000e+00
14 	 174 	 Ex 	 1 	 2.083542e+00 	 1.320000e+03 	 6.000000e+02 	 2.000000e+00
14 	 175 	 Ex 	 1 	 2.631228e+00 	 1.560000e+03 	 6.000000e+02 	 2.000000e+00
14 	 176 	 Ex 	 1 	 2.372362e+00 	 1.800000e+03 	 6.000000e+02 	 2.000000e+00
14 	 177 	 Ex 	 1 	 2.097312e+00 	 -1.800000e+03 	 8.400000e+02 	 2.000000e+00
14 	 178 	 Ex 	 1 	 1.522972e+00 	 -1.560000e+03 	 8.400000e+02 	 2.000000e+00
14 	 179 	 Ex 	 1 	 7.961278e-01 	 -1.320000e+03 	 8.400000e+02 	 2.000000e+00
14 	 180 	 Ex 	 1 	 9.035844e-01 	 -1.080000e+03 	 8.400000e+02 	 2.000000e+00
14 	 181 	 Ex 	 1 	 2.955444e+00 	 -8.400000e+02 	 8.400000e+02 	 2.000000e+00
14 	 182 	 Ex 	 1 	 3.443437e+00 	 -6.000000e+02 	 8.400000e+02 	 2.000000e+00
14 	 183 	 Ex 	 1 	 2.504453e+00 	 -3.600000e+02 	 8.400000e+02 	 2.000000e+00
14 	 184 	 Ex 	 1 	 1.857690e+00 	 -1.200000e+02 	 8.400000e+02 	 2.000000e+00
14 	 185 	 Ex 	 1 	 3.309800e+00 	 1.200000e+02 	 8.400000e+02 	 2.000000e+00
14 	 186 	 Ex 	 1 	 2.199242e+00 	 3.600000e+02 	 8.400000e+02 	 2.000000e+00
14 	 187 	 Ex 	 1 	 6.647586e-01 	 6.000000e+02 	 8.400000e+02 	 2.000000e+00
14 	 188 	 Ex 	 1 	 1.071457e+00 	 8.400000e+02 	 8.400000e+02 	 2.000000e+00
14 	 189 	 Ex 	 1 	 4.034213e+00 	 1.080000e+03 	 8.400000e+02 	 2.000000e+00
14 	 190 	 Ex 	 1 	 4.134212e+00 	 1.320000e+03 	 8.400000e+02 	 2.000000e+00
14 	 191 	 Ex 	 1 	 1.047821e+00 	 1.560000e+03 	 8.400000e+02 	 2.000000e+00
14 	 192 	 Ex 	 1 	 1.622429e+00 	 1.800000e+03 	 8.400000e+02 	 2.000000e+00
14 	 193 	 Ex 	 1 	 1.422266e+00 	 -1.800000e+03 	 1.080000e+03 	 2.000000e+00
14 	 194 	 Ex 	 1 	 2.627993e+00 	 -1.560000e+03 	 1.080000e+03 	 2.000000e+00
14 	 195 	 Ex 	 1 	 8.581157e-01 	 -1.320000e+03 	 1.080000e+03 	 2.000000e+00
14 	 196 	 Ex 	 1 	 1.214712e+00 	 -1.080000e+03 	 1.080000e+03 	 2.000000e+00
14 	 197 	 Ex 	 1 	 2.300727e+00 	 -8.400000e+02 	 1.080000e+03 	 2.000000e+00
14 	 198 	 Ex 	 1 	 0.000000e+00 	 -6.000000e+02 	 1.080000e+03 	 2.000000e+00
14 	 199 	 Ex 	 1 	 0.000000e+00 	 -3.600000e+02 	 1.080000e+03 	 2.000000e+00
14 	 200 	 Ex 	 1 	 8.363901e-01 	 -1.200000e+02 	 1.080000e+03 	 2.000000e+00
14 	 201 	 Ex 	 1 	 1.690700e+00 	 1.200000e+02 	 1.080000e+03 	 2.000000e+00
14 	 202 	 Ex 	 1 	 2.264379e+00 	 3.600000e+02 	 1.080000e+03 	 2.000000e+00
14 	 203 	 Ex 	 1 	 1.179569e+00 	 6.000000e+02 	 1.080000e+03 	 2.000000e+00
14 	 204 	 Ex 	 1 	 1.311470e-01 	 8.400000e+02 	 1.080000e+03 	 2.000000e+00
14 	 205 	 Ex 	 1 	 8.336624e-01 	 1.080000e+03 	 1.080000e+03 	 2.000000e+00
14 	 206 	 Ex 	 1 	 2.785038e+00 	 1.320000e+03 	 1.080000e+03 	 2.000000e+00
14 	 207 	 Ex 	 1 	 1.884008e+00 	 1.560000e+03 	 1.080000e+03 	 2.000000e+00
14 	 208 	 Ex 	 1 	 9.301522e-01 	 1.800000e+03 	 1.080000e+03 	 2.000000e+00
14 	 209 	 Ex 	 1 	 4.756784e-01 	 -1.800000e+03 	 1.320000e+03 	 2.000000e+00
14 	 210 	 Ex 	 1 	 8.902282e-01 	 -1.560000e+03 	 1.320000e+03 	 2.000000e+00
14 	 211 	 Ex 	 1 	 5.134333e-01 	 -1.320000e+03 	 1.320000e+03 	 2.000000e+00
14 	 212 	 Ex 	 1 	 3.093637e-01 	 -1.080000e+03 	 1.320000e+03 	 2.000000e+00
14 	 213 	 Ex 	 1 	 0.000000e+00 	 -8.400000e+02 	 1.320000e+03 	 2.000000e+00
14 	 214 	 Ex 	 1 	 0.000000e+00 	 -6.000000e+02 	 1.320000e+03 	 2.000000e+00
14 	 215 	 Ex 	 1 	 0.000000e+00 	 -3.600000e+02 	 1.320000e+03 	 2.000000e+00
14 	 216 	 Ex 	 1 	 0.000000e+00 	 -1.200000e+02 	 1.320000e+03 	 2.000000e+00
14 	 217 	 Ex 	 1 	 6.544914e-01 	 1.200000e+02 	 1.320000e+03 	 2.000000e+00
14 	 218 	 Ex 	 1 	 1.888935e-01 	 3.600000e+02 	 1.320000e+03 	 2.000000e+00
14 	 219 	 Ex 	 1 	 9.859617e-01 	 6.000000e+02 	 1.320000e+03 	 2.000000e+00
14 	 220 	 Ex 	 1 	 5.013565e-01 	 8.400000e+02 	 1.320000e+03 	 2.000000e+00
14 	 221 	 Ex 	 1 	 9.829146e-01 	 1.080000e+03 	 1.320000e+03 	 2.000000e+00
14 	 222 	 Ex 	 1 	 8.226621e-01 	 1.320000e+03 	 1.320000e+03 	 2.000000e+00
14 	 223 	 Ex 	 1 	 1.916716e+00 	 1.560000e+03 	 1.320000e+03 	 2.000000e+00
14 	 224 	 Ex 	 1 	 8.204838e-01 	 1.800000e+03 	 1.320000e+03 	 2.000000e+00
14 	 225 	 Ex 	 1 	 5.508822e-01 	 -1.800000e+03 	 1.560000e+03 	 2.000000e+00
14 	 226 	 Ex 	 1 	 3.733407e-01 	 -1.560000e+03 	 1.560000e+03 	 2.000000e+00
14 	 227 	 Ex 	 1 	 1.227091e+00 	 -1.320000e+03 	 1.560000e+03 	 2.000000e+00
14 	 228 	 Ex 	 1 	 0.000000e+00 	 -1.080000e+03 	 1.560000e+03 	 2.000000e+00
14 	 229 	 Ex 	 1 	 0.000000e+00 	 -8.400000e+02 	 1.560000e+03 	 2.000000e+00
14 	 230 	 Ex 	 1 	 0.000000e+00 	 -6.000000e+02 	 1.560000e+03 	 2.000000e+00
14 	 231 	 Ex 	 1 	 0.000000e+00 	 -3.600000e+02 	 1.560000e+03 	 2.000000e+00
14 	 232 	 Ex 	 1 	 0.000000e+00 	 -1.200000e+02 	 1.560000e+03 	 2.000000e+00
14 	 233 	 Ex 	 1 	 6.971182e-01 	 1.200000e+02 	 1.560000e+03 	 2.000000e+00
14 	 234 	 Ex 	 1 	 4.322095e-01 	 3.600000e+02 	 1.560000e+03 	 2.000000e+00
14 	 235 	 Ex 	 1 	 1.873248e-01 	 6.000000e+02 	 1.560000e+03 	 2.000000e+00
14 	 236 	 Ex 	 1 	 2.406684e-01 	 8.400000e+02 	 1.560000e+03 	 2.000000e+00
14 	 237 	 Ex 	 1 	 8.502344e-01 	 1.080000e+03 	 1.560000e+03 	 2.000000e+00
14 	 238 	 Ex 	 1 	 4.252684e-01 	 1.320000e+03 	 1.560000e+03 	 2.000000e+00
14 	 239 	 Ex 	 1 	 1.527393e+00 	 1.560000e+03 	 1.560000e+03 	 2.000000e+00
14 	 240 	 Ex 	 1 	 1.123058e+00 	 1.800000e+03 	 1.560000e+03 	 2.000000e+00
14 	 241 	 Ex 	 1 	 3.671050e-01 	 -1.800000e+03 	 1.800000e+03 	 2.000000e+00
14 	 242 	 Ex 	 1 	 5.808766e-01 	 -1.560000e+03 	 1.800000e+03 	 2.000000e+00
14 	 243 	 Ex 	 1 	 1.574046e+00 	 -1.320000e+03 	 1.800000e+03 	 2.000000e+00
14 	 244 	 Ex 	 1 	 0.000000e+00 	 -1.080000e+03 	 1.800000e+03 	 2.000000e+00
14 	 245 	 Ex 	 1 	 0.000000e+00 	 -8.400000e+02 	 1.800000e+03 	 2.000000e+00
14 	 246 	 Ex 	 1 	 0.000000e+00 	 -6.000000e+02 	 1.800000e+03 	 2.000000e+00
14 	 247 	 Ex 	 1 	 0.000000e+00 	 -3.600000e+02 	 1.800000e+03 	 2.000000e+00
14 	 248 	 Ex 	 1 	 0.000000e+00 	 -1.200000e+02 	 1.800000e+03 	 2.000000e+00
14 	 249 	 Ex 	 1 	 3.023933e-01 	 1.200000e+02 	 1.800000e+03 	 2.000000e+00
14 	 250 	 Ex 	 1 	 7.002369e-01 	 3.600000e+02 	 1.800000e+03 	 2.000000e+00
14 	 251 	 Ex 	 1 	 4.475794e-01 	 6.000000e+02 	 1.800000e+03 	 2.000000e+00
14 	 252 	 Ex 	 1 	 1.217890e+00 	 8.400000e+02 	 1.800000e+03 	 2.000000e+00
14 	 253 	 Ex 	 1 	 2.275656e+00 	 1.080000e+03 	 1.800000e+03 	 2.000000e+00
14 	 254 	 Ex 	 1 	 1.837916e+00 	 1.320000e+03 	 1.800000e+03 	 2.000000e+00
14 	 255 	 Ex 	 1 	 7.423345e-01 	 1.560000e+03 	 1.800000e+03 	 2.000000e+00
14 	 256 	 Ex 	 1 	 1.066827e+00 	 1.800000e+03 	 1.800000e+03 	 2.000000e+00
14 	 1 	 Ex 	 2 	 4.841241e+00 	 -1.800000e+03 	 -1.800000e+03 	 2.000000e+00
14 	 2 	 Ex 	 2 	 4.916363e+00 	 -1.560000e+03 	 -1.800000e+03 	 2.000000e+00
14 	 3 	 Ex 	 2 	 6.628582e+00 	 -1.320000e+03 	 -1.800000e+03 	 2.000000e+00
14 	 4 	 Ex 	 2 	 7.957281e+00 	 -1.080000e+03 	 -1.800000e+03 	 2.000000e+00
14 	 5 	 Ex 	 2 	 1.040370e+01 	 -8.400000e+02 	 -1.800000e+03 	 2.000000e+00
14 	 6 	 Ex 	 2 	 7.911034e+00 	 -6.000000e+02 	 -1.800000e+03 	 2.000000e+00
14 	 7 	 Ex 	 2 	 7.342824e+00 	 -3.600000e+02 	 -1.800000e+03 	 2.000000e+00
14 	 8 	 Ex 	 2 	 5.297560e+00 	 -1.200000e+02 	 -1.800000e+03 	 2.000000e+00
14 	 9 	 Ex 	 2 	 2.509043e+00 	 1.200000e+02 	 -1.800000e+03 	 2.000000e+00
14 	 10 	 Ex 	 2 	 2.836947e+00 	 3.600000e+02 	 -1.800000e+03 	 2.000000e+00
14 	 11 	 Ex 	 2 	 1.000685e+00 	 6.000000e+02 	 -1.800000e+03 	 2.000000e+00
14 	 12 	 Ex 	 2 	 8.481587e-01 	 8.400000e+02 	 -1.800000e+03 	 2.000000e+00
14 	 13 	 Ex 	 2 	 1.024671e+00 	 1.080000e+03 	 -1.800000e+03 	 2.000000e+00
14 	 14 	 Ex 	 2 	 8.253924e-01 	 1.320000e+03 	 -1.800000e+03 	 2.000000e+00
14 	 15 	 Ex 	 2 	 6.709465e-02 	 1.560000e+03 	 -1.800000e+03 	 2.000000e+00
14 	 16 	 Ex 	 2 	 1.255262e+00 	 1.800000e+03 	 -1.800000e+03 	 2.000000e+00
14 	 17 	 Ex 	 2 	 5.037121e+00 	 -1.800000e+03 	 -1.560000e+03 	 2.000000e+00
14 	 18 	 Ex 	 2 	 5.223304e+00 	 -1.560000e+03 	 -1.560000e+03 	 2.000000e+00
14 	 19 	 Ex 	 2 	 7.029758e+00 	 -1.320000e+03 	 -1.560000e+03 	 2.000000e+00
14 	 20 	 Ex 	 2 	 8.567744e+00 	 -1.080000e+03 	 -1.560000e+03 	 2.000000e+00
14 	 21 	 Ex 	 2 	 8.600815e+00 	 -8.400000e+02 	 -1.560000e+03 	 2.000000e+00
14 	 22 	 Ex 	 2 	 1.060916e+01 	 -6.000000e+02 	 -1.560000e+03 	 2.000000e+00
14 	 23 	 Ex 	 2 	 8.074716e+00 	 -3.600000e+02 	 -1.560000e+03 	 2.000000e+00
14 	 24 	 Ex 	 2 	 4.931342e+00 	 -1.200000e+02 	 -1.560000e+03 	 2.000000e+00
14 	 25 	 Ex 	 2 	 3.684162e+00 	 1.200000e+02 	 -1.560000e+03 	 2.000000e+00
14 	 26 	 Ex 	 2 	 1.099436e+00 	 3.600000e+02 	 -1.560000e+03 	 2.000000e+00
14 	 27 	 Ex 	 2 	 1.857513e+00 	 6.000000e+02 	 -1.560000e+03 	 2.000000e+00
14 	 28 	 Ex 	 2 	 1.266616e+00 	 8.400000e+02 	 -1.560000e+03 	 2.000000e+00
14 	 29 	 Ex 	 2 	 2.219623e+00 	 1.080000e+03 	 -1.560000e+03 	 2.000000e+00
14 	 30 	 Ex 	 2 	 1.498424e+00 	 1.320000e+03 	 -1.560000e+03 	 2.000000e+00
14 	 31 	 Ex 	 2 	 3.033435e+00 	 1.560000e+03 	 -1.560000e+03 	 2.000000e+00
14 	 32 	 Ex 	 2 	 1.086944e+00 	 1.800000e+03 	 -1.560000e+03 	 2.000000e+00
14 	 33 	 Ex 	 2 	 3.910975e+00 	 -1.800000e+03 	 -1.320000e+03 	 2.000000e+00
14 	 34 	 Ex 	 2 	 4.423325e+00 	 -1.560000e+03 	 -1.320000e+03 	 2.000000e+00
14 	 35 	 Ex 	 2 	 6.601124e+00 	 -1.320000e+03 	 -1.320000e+03 	 2.000000e+00
14 	 36 	 Ex 	 2 	 8.197742e+00 	 -1.080000e+03 	 -1.320000e+03 	 2.000000e+00
14 	 37 	 Ex 	 2 	 9.638474e+00 	 -8.400000e+02 	 -1.320000e+03 	 2.000000e+00
14 	 38 	 Ex 	 2 	 1.113448e+01 	 -6.000000e+02 	 -1.320000e+03 	 2.000000e+00
14 	 39 	 Ex 	 2 	 9.352005e+00 	 -3.600000e+02 	 -1.320000e+03 	 2.000000e+00
14 	 40 	 Ex 	 2 	 4.960821e+00 	 -1.200000e+02 	 -1.320000e+03 	 2.000000e+00
14 	 41 	 Ex 	 2 	 3.156450e+00 	 1.200000e+02 	 -1.320000e+03 	 2.000000e+00
14 	 42 	 Ex 	 2 	 1.975865e-01 	 3.600000e+02 	 -1.320000e+03 	 2.000000e+00
14 	 43 	 Ex 	 2 	 9.099814e-01 	 6.000000e+02 	 -1.320000e+03 	 2.000000e+00
14 	 44 	 Ex 	 2 	 1.697475e+00 	 8.400000e+02 	 -1.320000e+03 	 2.000000e+00
14 	 45 	 Ex 	 2 	 1.244102e+00 	 1.080000e+03 	 -1.320000e+03 	 2.000000e+00
14 	 46 	 Ex 	 2 	 1.574981e+00 	 1.320000e+03 	 -1.320000e+03 	 2.000000e+00
14 	 47 	 Ex 	 2 	 1.295844e+00 	 1.560000e+03 	 -1.320000e+03 	 2.000000e+00
14 	 48 	 Ex 	 2 	 7.634506e-01 	 1.800000e+03 	 -1.320000e+03 	 2.000000e+00
14 	 49 	 Ex 	 2 	 2.990762e+00 	 -1.800000e+03 	 -1.080000e+03 	 2.000000e+00
14 	 50 	 Ex 	 2 	 5.525691e+00 	 -1.560000e+03 	 -1.080000e+03 	 2.000000e+00
14 	 51 	 Ex 	 2 	 6.773025e+00 	 -1.320000e+03 	 -1.080000e+03 	 2.000000e+00
14 	 52 	 Ex 	 2 	 9.109313e+00 	 -1.080000e+03 	 -1.080000e+03 	 2.000000e+00
14 	 53 	 Ex 	 2 	 1.190155e+01 	 -8.400000e+02 	 -1.080000e+03 	 2.000000e+00
14 	 54 	 Ex 	 2 	 1.343613e+01 	 -6.000000e+02 	 -1.080000e+03 	 2.000000e+00
14 	 55 	 Ex 	 2 	 1.110186e+01 	 -3.600000e+02 	 -1.080000e+03 	 2.000000e+00
14 	 56 	 Ex 	 2 	 6.788771e+00 	 -1.200000e+02 	 -1.080000e+03 	 2.000000e+00
14 	 57 	 Ex 	 2 	 2.439929e+00 	 1.200000e+02 	 -1.080000e+03 	 2.000000e+00
14 	 58 	 Ex 	 2 	 1.642587e+00 	 3.600000e+02 	 -1.080000e+03 	 2.000000e+00
14 	 59 	 Ex 	 2 	 3.317163e+00 	 6.000000e+02 	 -1.080000e+03 	 2.000000e+00
14 	 60 	 Ex 	 2 	 2.532501e+00 	 8.400000e+02 	 -1.080000e+03 	 2.000000e+00
14 	 61 	 Ex 	 2 	 2.314794e+00 	 1.080000e+03 	 -1.080000e+03 	 2.000000e+00
14 	 62 	 Ex 	 2 	 1.127833e+00 	 1.320000e+03 	 -1.080000e+03 	 2.000000e+00
14 	 63 	 Ex 	 2 	 1.700950e+00 	 1.560000e+03 	 -1.080000e+03 	 2.000000e+00
14 	 64 	 Ex 	 2 	 1.140531e+00 	 1.800000e+03 	 -1.080000e+03 	 2.000000e+00
14 	 65 	 Ex 	 2 	 3.292256e+00 	 -1.800000e+03 	 -8.400000e+02 	 2.000000e+00
14 	 66 	 Ex 	 2 	 3.886484e+00 	 -1.560000e+03 	 -8.400000e+02 	 2.000000e+00
14 	 67 	 Ex 	 2 	 5.790615e+00 	 -1.320000e+03 	 -8.400000e+02 	 2.000000e+00
14 	 68 	 Ex 	 2 	 9.173462e+00 	 -1.080000e+03 	 -8.400000e+02 	 2.000000e+00
14 	 69 	 Ex 	 2 	 1.276542e+01 	 -8.400000e+02 	 -8.400000e+02 	 2.000000e+00
14 	 70 	 Ex 	 2 	 1.391903e+01 	 -6.000000e+02 	 -8.400000e+02 	 2.000000e+00
14 	 71 	 Ex 	 2 	 1.230520e+01 	 -3.600000e+02 	 -8.400000e+02 	 2.000000e+00
14 	 72 	 Ex 	 2 	 6.721193e+00 	 -1.200000e+02 	 -8.400000e+02 	 2.000000e+00
14 	 73 	 Ex 	 2 	 2.779036e+00 	 1.200000e+02 	 -8.400000e+02 	 2.000000e+00
14 	 74 	 Ex 	 2 	 4.709333e-01 	 3.600000e+02 	 -8.400000e+02 	 2.000000e+00
14 	 75 	 Ex 	 2 	 2.920938e+00 	 6.000000e+02 	 -8.400000e+02 	 2.000000e+00
14 	 76 	 Ex 	 2 	 1.910152e+00 	 8.400000e+02 	 -8.400000e+02 	 2.000000e+00
14 	 77 	 Ex 	 2 	 2.184842e+00 	 1.080000e+03 	 -8.400000e+02 	 2.000000e+00
14 	 78 	 Ex 	 2 	 1.458174e+00 	 1.320000e+03 	 -8.400000e+02 	 2.000000e+00
14 	 79 	 Ex 	 2 	 1.139973e+00 	 1.560000e+03 	 -8.400000e+02 	 2.000000e+00
14 	 80 	 Ex 	 2 	 1.471815e+00 	 1.800000e+03 	 -8.400000e+02 	 2.000000e+00
14 	 81 	 Ex 	 2 	 1.326587e+00 	 -1.800000e+03 	 -6.000000e+02 	 2.000000e+00
14 	 82 	 Ex 	 2 	 1.298804e+00 	 -1.560000e+03 	 -6.000000e+02 	 2.000000e+00
14 	 83 	 Ex 	 2 	 3.536247e+00 	 -1.320000e+03 	 -6.000000e+02 	 2.000000e+00
14 	 84 	 Ex 	 2 	 7.509016e+00 	 -1.080000e+03 	 -6.000000e+02 	 2.000000e+00
14 	 85 	 Ex 	 2 	 1.180791e+01 	 -8.400000e+02 	 -6.000000e+02 	 2.000000e+00
14 	 86 	 Ex 	 2 	 1.353566e+01 	 -6.000000e+02 	 -6.000000e+02 	 2.000000e+00
14 	 87 	 Ex 	 2 	 1.213488e+01 	 -3.600000e+02 	 -6.000000e+02 	 2.000000e+00
14 	 88 	 Ex 	 2 	 7.691336e+00 	 -1.200000e+02 	 -6.000000e+02 	 2.000000e+00
14 	 89 	 Ex 	 2 	 1.561873e+00 	 1.200000e+02 	 -6.000000e+02 	 2.000000e+00
14 	 90 	 Ex 	 2 	 3.472804e+00 	 3.600000e+02 	 -6.000000e+02 	 2.000000e+00
14 	 91 	 Ex 	 2 	 3.969995e+00 	 6.000000e+02 	 -6.000000e+02 	 2.000000e+00
14 	 92 	 Ex 	 2 	 1.986675e+00 	 8.400000e+02 	 -6.000000e+02 	 2.000000e+00
14 	 93 	 Ex 	 2 	 1.780260e+00 	 1.080000e+03 	 -6.000000e+02 	 2.000000e+00
14 	 94 	 Ex 	 2 	 1.120743e+00 	 1.320000e+03 	 -6.000000e+02 	 2.000000e+00
14 	 95 	 Ex 	 2 	 1.081946e+00 	 1.560000e+03 	 -6.000000e+02 	 2.000000e+00
14 	 96 	 Ex 	 2 	 7.399167e-01 	 1.800000e+03 	 -6.000000e+02 	 2.000000e+00
14 	 97 	 Ex 	 2 	 2.272996e+00 	 -1.800000e+03 	 -3.600000e+02 	 2.000000e+00
14 	 98 	 Ex 	 2 	 3.202052e+00 	 -1.560000e+03 	 -3.600000e+02 	 2.000000e+00
14 	 99 	 Ex 	 2 	 3.992051e+00 	 -1.320000e+03 	 -3.600000e+02 	 2.000000e+00
14 	 100 	 Ex 	 2 	 6.357530e+00 	 -1.080000e+03 	 -3.600000e+02 	 2.000000e+00
14 	 101 	 Ex 	 2 	 1.119353e+01 	 -8.400000e+02 	 -3.600000e+02 	 2.000000e+00
14 	 102 	 Ex 	 2 	 1.348370e+01 	 -6.000000e+02 	 -3.600000e+02 	 2.000000e+00
14 	 103 	 Ex 	 2 	 1.148121e+01 	 -3.600000e+02 	 -3.600000e+02 	 2.000000e+00
14 	 104 	 Ex 	 2 	 5.461089e+00 	 -1.200000e+02 	 -3.600000e+02 	 2.000000e+00
14 	 105 	 Ex 	 2 	 3.061750e+00 	 1.200000e+02 	 -3.600000e+02 	 2.000000e+00
14 	 106 	 Ex 	 2 	 3.120526e+00 	 3.600000e+02 	 -3.600000e+02 	 2.000000e+00
14 	 107 	 Ex 	 2 	 2.903391e+00 	 6.000000e+02 	 -3.600000e+02 	 2.000000e+00
14 	 108 	 Ex 	 2 	 2.840946e+00 	 8.400000e+02 	 -3.600000e+02 	 2.000000e+00
14 	 109 	 Ex 	 2 	 1.837521e+00 	 1.080000e+03 	 -3.600000e+02 	 2.000000e+00
14 	 110 	 Ex 	 2 	 3.323905e+00 	 1.320000e+03 	 -3.600000e+02 	 2.000000e+00
14 	 111 	 Ex 	 2 	 1.539892e+00 	 1.560000e+03 	 -3.600000e+02 	 2.000000e+00
14 	 112 	 Ex 	 2 	 1.662953e+00 	 1.800000e+03 	 -3.600000e+02 	 2.000000e+00
14 	 113 	 Ex 	 2 	 3.242088e+00 	 -1.800000e+03 	 -1.200000e+02 	 2.000000e+00
14 	 114 	 Ex 	 2 	 1.590520e+00 	 -1.560000e+03 	 -1.200000e+02 	 2.000000e+00
14 	 115 	 Ex 	 2 	 2.401237e+00 	 -1.320000e+03 	 -1.200000e+02 	 2.000000e+00
14 	 116 	 Ex 	 2 	 6.561106e+00 	 -1.080000e+03 	 -1.200000e+02 	 2.000000e+00
14 	 117 	 Ex 	 2 	 9.370667e+00 	 -8.400000e+02 	 -1.200000e+02 	 2.000000e+00
14 	 118 	 Ex 	 2 	 1.221732e+01 	 -6.000000e+02 	 -1.200000e+02 	 2.000000e+00
14 	 119 	 Ex 	 2 	 1.064365e+01 	 -3.600000e+02 	 -1.200000e+02 	 2.000000e+00
14 	 120 	 Ex 	 2 	 4.918498e+00 	 -1.200000e+02 	 -1.200000e+02 	 2.000000e+00
14 	 121 	 Ex 	 2 	 3.608721e+00 	 1.200000e+02 	 -1.200000e+02 	 2.000000e+00
14 	 122 	 Ex 	 2 	 3.772936e+00 	 3.600000e+02 	 -1.200000e+02 	 2.000000e+00
14 	 123 	 Ex 	 2 	 2.987732e+00 	 6.000000e+02 	 -1.200000e+02 	 2.000000e+00
14 	 124 	 Ex 	 2 	 3.236589e+00 	 8.400000e+02 	 -1.200000e+02 	 2.000000e+00
14 	 125 	 Ex 	 2 	 1.351271e+00 	 1.080000e+03 	 -1.200000e+02 	 2.000000e+00
14 	 126 	 Ex 	 2 	 1.905871e+00 	 1.320000e+03 	 -1.200000e+02 	 2.000000e+00
14 	 127 	 Ex 	 2 	 2.745045e+00 	 1.560000e+03 	 -1.200000e+02 	 2.000000e+00
14 	 128 	 Ex 	 2 	 2.228555e+00 	 1.800000e+03 	 -1.200000e+02 	 2.000000e+00
14 	 129 	 Ex 	 2 	 2.395314e+00 	 -1.800000e+03 	 1.200000e+02 	 2.000000e+00
14 	 130 	 Ex 	 2 	 2.744528e+00 	 -1.560000e+03 	 1.200000e+02 	 2.000000e+00
14 	 131 	 Ex 	 2 	 2.853213e+00 	 -1.320000e+03 	 1.200000e+02 	 2.000000e+00
14 	 132 	 Ex 	 2 	 5.199699e+00 	 -1.080000e+03 	 1.200000e+02 	 2.000000e+00
14 	 133 	 Ex 	 2 	 1.000988e+01 	 -8.400000e+02 	 1.200000e+02 	 2.000000e+00
14 	 134 	 Ex 	 2 	 1.000810e+01 	 -6.000000e+02 	 1.200000e+02 	 2.000000e+00
14 	 135 	 Ex 	 2 	 8.957993e+00 	 -3.600000e+02 	 1.200000e+02 	 2.000000e+00
14 	 136 	 Ex 	 2 	 4.135442e+00 	 -1.200000e+02 	 1.200000e+02 	 2.000000e+00
14 	 137 	 Ex 	 2 	 2.276152e+00 	 1.200000e+02 	 1.200000e+02 	 2.000000e+00
14 	 138 	 Ex 	 2 	 3.867647e+00 	 3.600000e+02 	 1.200000e+02 	 2.000000e+00
14 	 139 	 Ex 	 2 	 2.423737e+00 	 6.000000e+02 	 1.200000e+02 	 2.000000e+00
14 	 140 	 Ex 	 2 	 2.162541e+00 	 8.400000e+02 	 1.200000e+02 	 2.000000e+00
14 	 141 	 Ex 	 2 	 2.625313e+00 	 1.080000e+03 	 1.200000e+02 	 2.000000e+00
14 	 142 	 Ex 	 2 	 2.801078e+00 	 1.320000e+03 	 1.200000e+02 	 2.000000e+00
14 	 143 	 Ex 	 2 	 2.082516e+00 	 1.560000e+03 	 1.200000e+02 	 2.000000e+00
14 	 144 	 Ex 	 2 	 3.051106e+00 	 1.800000e+03 	 1.200000e+02 	 2.000000e+00
14 	 145 	 Ex 	 2 	 3.334418e+00 	 -1.800000e+03 	 3.600000e+02 	 2.000000e+00
14 	 146 	 Ex 	 2 	 3.039611e+00 	 -1.560000e+03 	 3.600000e+02 	 2.000000e+00
14 	 147 	 Ex 	 2 	 1.082560e+00 	 -1.320000e+03 	 3.600000e+02 	 2.000000e+00
14 	 148 	 Ex 	 2 	 3.731194e+00 	 -1.080000e+03 	 3.600000e+02 	 2.000000e+00
14 	 149 	 Ex 	 2 	 5.693879e+00 	 -8.400000e+02 	 3.600000e+02 	 2.000000e+00
14 	 150 	 Ex 	 2 	 8.086610e+00 	 -6.000000e+02 	 3.600000e+02 	 2.000000e+00
14 	 151 	 Ex 	 2 	 7.622749e+00 	 -3.600000e+02 	 3.600000e+02 	 2.000000e+00
14 	 152 	 Ex 	 2 	 2.536405e+00 	 -1.200000e+02 	 3.600000e+02 	 2.000000e+00
14 	 153 	 Ex 	 2 	 2.711034e+00 	 1.200000e+02 	 3.600000e+02 	 2.000000e+00
14 	 154 	 Ex 	 2 	 4.066542e+00 	 3.600000e+02 	 3.600000e+02 	 2.000000e+00
14 	 155 	 Ex 	 2 	 3.426269e+00 	 6.000000e+02 	 3.600000e+02 	 2.000000e+00
14 	 156 	 Ex 	 2 	 9.133785e-01 	 8.400000e+02 	 3.600000e+02 	 2.000000e+00
14 	 157 	 Ex 	 2 	 2.089337e+00 	 1.080000e+03 	 3.600000e+02 	 2.000000e+00
14 	 158 	 Ex 	 2 	 2.339567e+00 	 1.320000e+03 	 3.600000e+02 	 2.000000e+00
14 	 159 	 Ex 	 2 	 2.535838e+00 	 1.560000e+03 	 3.600000e+02 	 2.000000e+00
14 	 160 	 Ex 	 2 	 2.258723e+00 	 1.800000e+03 	 3.600000e+02 	 2.000000e+00
14 	 161 	 Ex 	 2 	 2.236186e+00 	 -1.800000e+03 	 6.000000e+02 	 2.000000e+00
14 	 162 	 Ex 	 2 	 2.395694e+00 	 -1.560000e+03 	 6.000000e+02 	 2.000000e+00
14 	 163 	 Ex 	 2 	 2.932117e+00 	 -1.320000e+03 	 6.000000e+02 	 2.000000e+00
14 	 164 	 Ex 	 2 	 1.922267e+00 	 -1.080000e+03 	 6.000000e+02 	 2.000000e+00
14 	 165 	 Ex 	 2 	 3.100410e+00 	 -8.400000e+02 	 6.000000e+02 	 2.000000e+00
14 	 166 	 Ex 	 2 	 5.639964e+00 	 -6.000000e+02 	 6.000000e+02 	 2.000000e+00
14 	 167 	 Ex 	 2 	 3.727551e+00 	 -3.600000e+02 	 6.000000e+02 	 2.000000e+00
14 	 168 	 Ex 	 2 	 1.570669e+00 	 -1.200000e+02 	 6.000000e+02 	 2.000000e+00
14 	 169 	 Ex 	 2 	 3.392384e+00 	 1.200000e+02 	 6.000000e+02 	 2.000000e+00
14 	 170 	 Ex 	 2 	 2.988134e+00 	 3.600000e+02 	 6.000000e+02 	 2.000000e+00
14 	 171 	 Ex 	 2 	 2.753931e+00 	 6.000000e+02 	 6.000000e+02 	 2.000000e+00
14 	 172 	 Ex 	 2 	 1.187910e+00 	 8.400000e+02 	 6.000000e+02 	 2.000000e+00
14 	 173 	 Ex 	 2 	 2.763833e+00 	 1.080000e+03 	 6.000000e+02 	 2.000000e+00
14 	 174 	 Ex 	 2 	 2.113417e+00 	 1.320000e+03 	 6.000000e+02 	 2.000000e+00
14 	 175 	 Ex 	 2 	 2.575682e+00 	 1.560000e+03 	 6.000000e+02 	 2.000000e+00
14 	 176 	 Ex 	 2 	 3.110209e+00 	 1.800000e+03 	 6.000000e+02 	 2.000000e+00
14 	 177 	 Ex 	 2 	 1.789793e+00 	 -1.800000e+03 	 8.400000e+02 	 2.000000e+00
14 	 178 	 Ex 	 2 	 2.692549e+00 	 -1.560000e+03 	 8.400000e+02 	 2.000000e+00
14 	 179 	 Ex 	 2 	 1.600415e+00 	 -1.320000e+03 	 8.400000e+02 	 2.000000e+00
14 	 180 	 Ex 	 2 	 9.312911e-01 	 -1.080000e+03 	 8.400000e+02 	 2.000000e+00
14 	 181 	 Ex 	 2 	 1.684259e+00 	 -8.400000e+02 	 8.400000e+02 	 2.000000e+00
14 	 182 	 Ex 	 2 	 2.664404e+00 	 -6.000000e+02 	 8.400000e+02 	 2.000000e+00
14 	 183 	 Ex 	 2 	 3.554324e+00 	 -3.600000e+02 	 8.400000e+02 	 2.000000e+00
14 	 184 	 Ex 	 2 	 1.268142e+00 	 -1.200000e+02 	 8.400000e+02 	 2.000000e+00
14 	 185 	 Ex 	 2 	 2.656558e+00 	 1.200000e+02 	 8.400000e+02 	 2.000000e+00
14 	 186 	 Ex 	 2 	 2.464462e+00 	 3.600000e+02 	 8.400000e+02 	 2.000000e+00
14 	 187 	 Ex 	 2 	 1.429411e+00 	 6.000000e+02 	 8.400000e+02 	 2.000000e+00
14 	 188 	 Ex 	 2 	 1.558393e+00 	 8.400000e+02 	 8.400000e+02 	 2.000000e+00
14 	 189 	 Ex 	 2 	 1.643759e+00 	 1.080000e+03 	 8.400000e+02 	 2.000000e+00
14 	 190 	 Ex 	 2 	 4.376904e+00 	 1.320000e+03 	 8.400000e+02 	 2.000000e+00
14 	 191 	 Ex 	 2 	 2.480736e+00 	 1.560000e+03 	 8.400000e+02 	 2.000000e+00
14 	 192 	 Ex 	 2 	 2.298687e+00 	 1.800000e+03 	 8.400000e+02 	 2.000000e+00
14 	 193 	 Ex 	 2 	 1.940748e+00 	 -1.800000e+03 	 1.080000e+03 	 2.000000e+00
14 	 194 	 Ex 	 2 	 1.136964e+00 	 -1.560000e+03 	 1.080000e+03 	 2.000000e+00
14 	 195 	 Ex 	 2 	 1.169709e+00 	 -1.320000e+03 	 1.080000e+03 	 2.000000e+00
14 	 196 	 Ex 	 2 	 9.983118e-01 	 -1.080000e+03 	 1.080000e+03 	 2.000000e+00
14 	 197 	 Ex 	 2 	 1.540565e-01 	 -8.400000e+02 	 1.080000e+03 	 2.000000e+00
14 	 198 	 Ex 	 2 	 0.000000e+00 	 -6.000000e+02 	 1.080000e+03 	 2.000000e+00
14 	 199 	 Ex 	 2 	 0.000000e+00 	 -3.600000e+02 	 1.080000e+03 	 2.000000e+00
14 	 200 	 Ex 	 2 	 3.084169e-01 	 -1.200000e+02 	 1.080000e+03 	 2.000000e+00
14 	 201 	 Ex 	 2 	 1.673197e+00 	 1.200000e+02 	 1.080000e+03 	 2.000000e+00
14 	 202 	 Ex 	 2 	 2.238569e+00 	 3.600000e+02 	 1.080000e+03 	 2.000000e+00
14 	 203 	 Ex 	 2 	 1.063515e+00 	 6.000000e+02 	 1.080000e+03 	 2.000000e+00
14 	 204 	 Ex 	 2 	 1.316738e+00 	 8.400000e+02 	 1.080000e+03 	 2.000000e+00
14 	 205 	 Ex 	 2 	 3.134017e+00 	 1.080000e+03 	 1.080000e+03 	 2.000000e+00
14 	 206 	 Ex 	 2 	 2.642781e+00 	 1.320000e+03 	 1.080000e+03 	 2.000000e+00
14 	 207 	 Ex 	 2 	 1.578992e+00 	 1.560000e+03 	 1.080000e+03 	 2.000000e+00
14 	 208 	 Ex 	 2 	 2.250710e+00 	 1.800000e+03 	 1.080000e+03 	 2.000000e+00
14 	 209 	 Ex 	 2 	 6.363093e-01 	 -1.800000e+03 	 1.320000e+03 	 2.000000e+00
14 	 210 	 Ex 	 2 	 9.531108e-02 	 -1.560000e+03 	 1.320000e+03 	 2.000000e+00
14 	 211 	 Ex 	 2 	 3.153511e-01 	 -1.320000e+03 	 1.320000e+03 	 2.000000e+00
14 	 212 	 Ex 	 2 	 7.204120e-01 	 -1.080000e+03 	 1.320000e+03 	 2.000000e+00
14 	 213 	 Ex 	 2 	 0.000000e+00 	 -8.400000e+02 	 1.320000e+03 	 2.000000e+00
14 	 214 	 Ex 	 2 	 0.000000e+00 	 -6.000000e+02 	 1.320000e+03 	 2.000000e+00
14 	 215 	 Ex 	 2 	 0.000000e+00 	 -3.600000e+02 	 1.320000e+03 	 2.000000e+00
14 	 216 	 Ex 	 2 	 0.000000e+00 	 -1.200000e+02 	 1.320000e+03 	 2.000000e+00
14 	 217 	 Ex 	 2 	 6.768355e-01 	 1.200000e+02 	 1.320000e+03 	 2.000000e+00
14 	 218 	 Ex 	 2 	 1.636260e+00 	 3.600000e+02 	 1.320000e+03 	 2.000000e+00
14 	 219 	 Ex 	 2 	 1.203223e+00 	 6.000000e+02 	 1.320000e+03 	 2.000000e+00
14 	 220 	 Ex 	 2 	 1.105382e+00 	 8.400000e+02 	 1.320000e+03 	 2.000000e+00
14 	 221 	 Ex 	 2 	 2.080781e+00 	 1.080000e+03 	 1.320000e+03 	 2.000000e+00
14 	 222 	 Ex 	 2 	 2.742605e+00 	 1.320000e+03 	 1.320000e+03 	 2.000000e+00
14 	 223 	 Ex 	 2 	 2.422941e+00 	 1.560000e+03 	 1.320000e+03 	 2.000000e+00
14 	 224 	 Ex 	 2 	 2.121640e+00 	 1.800000e+03 	 1.320000e+03 	 2.000000e+00
14 	 225 	 Ex 	 2 	 1.332798e-01 	 -1.800000e+03 	 1.560000e+03 	 2.000000e+00
14 	 226 	 Ex 	 2 	 1.535900e+00 	 -1.560000e+03 	 1.560000e+03 	 2.000000e+00
14 	 227 	 Ex 	 2 	 8.017046e-01 	 -1.320000e+03 	 1.560000e+03 	 2.000000e+00
14 	 228 	 Ex 	 2 	 0.000000e+00 	 -1.080000e+03 	 1.560000e+03 	 2.000000e+00
14 	 229 	 Ex 	 2 	 0.000000e+00 	 -8.400000e+02 	 1.560000e+03 	 2.000000e+00
14 	 230 	 Ex 	 2 	 0.000000e+00 	 -6.000000e+02 	 1.560000e+03 	 2.000000e+00
14 	 231 	 Ex 	 2 	 0.000000e+00 	 -3.600000e+02 	 1.560000e+03 	 2.000000e+00
14 	 232 	 Ex 	 2 	 0.000000e+00 	 -1.200000e+02 	 1.560000e+03 	 2.000000e+00
14 	 233 	 Ex 	 2 	 6.262782e-01 	 1.200000e+02 	 1.560000e+03 	 2.000000e+00
14 	 234 	 Ex 	 2 	 7.420920e-01 	 3.600000e+02 	 1.560000e+03 	 2.000000e+00
14 	 235 	 Ex 	 2 	 8.759283e-01 	 6.000000e+02 	 1.560000e+03 	 2.000000e+00
14 	 236 	 Ex 	 2 	 1.106360e+00 	 8.400000e+02 	 1.560000e+03 	 2.000000e+00
14 	 237 	 Ex 	 2 	 1.059828e+00 	 1.080000e+03 	 1.560000e+03 	 2.000000e+00
14 	 238 	 Ex 	 2 	 9.601872e-01 	 1.320000e+03 	 1.560000e+03 	 2.000000e+00
14 	 239 	 Ex 	 2 	 1.408306e+00 	 1.560000e+03 	 1.560000e+03 	 2.000000e+00
14 	 240 	 Ex 	 2 	 1.318070e+00 	 1.800000e+03 	 1.560000e+03 	 2.000000e+00
14 	 241 	 Ex 	 2 	 1.050521e+00 	 -1.800000e+03 	 1.800000e+03 	 2.000000e+00
14 	 242 	 Ex 	 2 	 1.050887e+00 	 -1.560000e+03 	 1.800000e+03 	 2.000000e+00
14 	 243 	 Ex 	 2 	 3.852323e-01 	 -1.320000e+03 	 1.800000e+03 	 2.000000e+00
14 	 244 	 Ex 	 2 	 0.000000e+00 	 -1.080000e+03 	 1.800000e+03 	 2.000000e+00
14 	 245 	 Ex 	 2 	 0.000000e+00 	 -8.400000e+02 	 1.800000e+03 	 2.000000e+00
14 	 246 	 Ex 	 2 	 0.000000e+00 	 -6.000000e+02 	 1.800000e+03 	 2.000000e+00
14 	 247 	 Ex 	 2 	 0.000000e+00 	 -3.600000e+02 	 1.800000e+03 	 2.000000e+00
14 	 248 	 Ex 	 2 	 0.000000e+00 	 -1.200000e+02 	 1.800000e+03 	 2.000000e+00
14 	 249 	 Ex 	 2 	 1.426616e-01 	 1.200000e+02 	 1.800000e+03 	 2.000000e+00
14 	 250 	 Ex 	 2 	 1.623041e+00 	 3.600000e+02 	 1.800000e+03 	 2.000000e+00
14 	 251 	 Ex 	 2 	 1.676005e+00 	 6.000000e+02 	 1.800000e+03 	 2.000000e+00
14 	 252 	 Ex 	 2 	 6.227284e-01 	 8.400000e+02 	 1.800000e+03 	 2.000000e+00
14 	 253 	 Ex 	 2 	 6.673442e-01 	 1.080000e+03 	 1.800000e+03 	 2.000000e+00
14 	 254 	 Ex 	 2 	 1.469971e+00 	 1.320000e+03 	 1.800000e+03 	 2.000000e+00
14 	 255 	 Ex 	 2 	 1.488709e+00 	 1.560000e+03 	 1.800000e+03 	 2.000000e+00
14 	 256 	 Ex 	 2 	 1.131334e+00 	 1.800000e+03 	 1.800000e+03 	 2.000000e+00
14 	 1 	 Ey 	 1 	 5.802301e+00 	 -1.800000e+03 	 -1.800000e+03 	 2.000000e+00
14 	 2 	 Ey 	 1 	 5.064139e+00 	 -1.560000e+03 	 -1.800000e+03 	 2.000000e+00
14 	 3 	 Ey 	 1 	 5.461770e+00 	 -1.320000e+03 	 -1.800000e+03 	 2.000000e+00
14 	 4 	 Ey 	 1 	 4.314279e+00 	 -1.080000e+03 	 -1.800000e+03 	 2.000000e+00
14 	 5 	 Ey 	 1 	 1.886117e+00 	 -8.400000e+02 	 -1.800000e+03 	 2.000000e+00
14 	 6 	 Ey 	 1 	 1.632244e+00 	 -6.000000e+02 	 -1.800000e+03 	 2.000000e+00
14 	 7 	 Ey 	 1 	 4.129209e+00 	 -3.600000e+02 	 -1.800000e+03 	 2.000000e+00
14 	 8 	 Ey 	 1 	 4.934449e+00 	 -1.200000e+02 	 -1.800000e+03 	 2.000000e+00
14 	 9 	 Ey 	 1 	 4.640541e+00 	 1.200000e+02 	 -1.800000e+03 	 2.000000e+00
14 	 10 	 Ey 	 1 	 4.508004e+00 	 3.600000e+02 	 -1.800000e+03 	 2.000000e+00
14 	 11 	 Ey 	 1 	 3.410260e+00 	 6.000000e+02 	 -1.800000e+03 	 2.000000e+00
14 	 12 	 Ey 	 1 	 3.990209e+00 	 8.400000e+02 	 -1.800000e+03 	 2.000000e+00
14 	 13 	 Ey 	 1 	 4.076642e+00 	 1.080000e+03 	 -1.800000e+03 	 2.000000e+00
14 	 14 	 Ey 	 1 	 3.057401e+00 	 1.320000e+03 	 -1.800000e+03 	 2.000000e+00
14 	 15 	 Ey 	 1 	 1.931696e+00 	 1.560000e+03 	 -1.800000e+03 	 2.000000e+00
14 	 16 	 Ey 	 1 	 1.982589e+00 	 1.800000e+03 	 -1.800000e+03 	 2.000000e+00
14 	 17 	 Ey 	 1 	 5.769356e+00 	 -1.800000e+03 	 -1.560000e+03 	 2.000000e+00
14 	 18 	 Ey 	 1 	 5.385417e+00 	 -1.560000e+03 	 -1.560000e+03 	 2.000000e+00
14 	 19 	 Ey 	 1 	 5.948069e+00 	 -1.320000e+03 	 -1.560000e+03 	 2.000000e+00
14 	 20 	 Ey 	 1 	 5.079136e+00 	 -1.080000e+03 	 -1.560000e+03 	 2.000000e+00
14 	 21 	 Ey 	 1 	 1.681518e+00 	 -8.400000e+02 	 -1.560000e+03 	 2.000000e+00
14 	 22 	 Ey 	 1 	 4.811948e-01 	 -6.000000e+02 	 -1.560000e+03 	 2.000000e+00
14 	 23 	 Ey 	 1 	 3.502686e+00 	 -3.600000e+02 	 -1.560000e+03 	 2.000000e+00
14 	 24 	 Ey 	 1 	 5.924193e+00 	 -1.200000e+02 	 -1.560000e+03 	 2.000000e+00
14 	 25 	 Ey 	 1 	 5.595890e+00 	 1.200000e+02 	 -1.560000e+03 	 2.000000e+00
14 	 26 	 Ey 	 1 	 5.530527e+00 	 3.600000e+02 	 -1.560000e+03 	 2.000000e+00
14 	 27 	 Ey 	 1 	 4.268338e+00 	 6.000000e+02 	 -1.560000e+03 	 2.000000e+00
14 	 28 	 Ey 	 1 	 2.580201e+00 	 8.400000e+02 	 -1.560000e+03 	 2.000000e+00
14 	 29 	 Ey 	 1 	 1.927124e+00 	 1.080000e+03 	 -1.560000e+03 	 2.000000e+00
14 	 30 	 Ey 	 1 	 3.039711e+00 	 1.320000e+03 	 -1.560000e+03 	 2.000000e+00
14 	 31 	 Ey 	 1 	 8.962015e-01 	 1.560000e+03 	 -1.560000e+03 	 2.000000e+00
14 	 32 	 Ey 	 1 	 1.209300e+00 	 1.800000e+03 	 -1.560000e+03 	 2.000000e+00
14 	 33 	 Ey 	 1 	 7.288939e+00 	 -1.800000e+03 	 -1.320000e+03 	 2.000000e+00
14 	 34 	 Ey 	 1 	 7.186425e+00 	 -1.560000e+03 	 -1.320000e+03 	 2.000000e+00
14 	 35 	 Ey 	 1 	 7.418102e+00 	 -1.320000e+03 	 -1.320000e+03 	 2.000000e+00
14 	 36 	 Ey 	 1 	 7.415185e+00 	 -1.080000e+03 	 -1.320000e+03 	 2.000000e+00
14 	 37 	 Ey 	 1 	 3.671417e+00 	 -8.400000e+02 	 -1.320000e+03 	 2.000000e+00
14 	 38 	 Ey 	 1 	 2.143878e+00 	 -6.000000e+02 	 -1.320000e+03 	 2.000000e+00
14 	 39 	 Ey 	 1 	 3.593598e+00 	 -3.600000e+02 	 -1.320000e+03 	 2.000000e+00
14 	 40 	 Ey 	 1 	 5.913530e+00 	 -1.200000e+02 	 -1.320000e+03 	 2.000000e+00
14 	 41 	 Ey 	 1 	 5.065305e+00 	 1.200000e+02 	 -1.320000e+03 	 2.000000e+00
14 	 42 	 Ey 	 1 	 4.867057e+00 	 3.600000e+02 	 -1.320000e+03 	 2.000000e+00
14 	 43 	 Ey 	 1 	 3.676461e+00 	 6.000000e+02 	 -1.320000e+03 	 2.000000e+00
14 	 44 	 Ey 	 1 	 1.577603e+00 	 8.400000e+02 	 -1.320000e+03 	 2.000000e+00
14 	 45 	 Ey 	 1 	 1.633419e+00 	 1.080000e+03 	 -1.320000e+03 	 2.000000e+00
14 	 46 	 Ey 	 1 	 8.907202e-01 	 1.320000e+03 	 -1.320000e+03 	 2.000000e+00
14 	 47 	 Ey 	 1 	 1.606368e+00 	 1.560000e+03 	 -1.320000e+03 	 2.000000e+00
14 	 48 	 Ey 	 1 	 2.177189e+00 	 1.800000e+03 	 -1.320000e+03 	 2.000000e+00
14 	 49 	 Ey 	 1 	 7.605825e+00 	 -1.800000e+03 	 -1.080000e+03 	 2.000000e+00
14 	 50 	 Ey 	 1 	 6.907756e+00 	 -1.560000e+03 	 -1.080000e+03 	 2.000000e+00
14 	 51 	 Ey 	 1 	 9.142501e+00 	 -1.320000e+03 	 -1.080000e+03 	 2.000000e+00
14 	 52 	 Ey 	 1 	 7.486616e+00 	 -1.080000e+03 	 -1.080000e+03 	 2.000000e+00
14 	 53 	 Ey 	 1 	 4.113455e+00 	 -8.400000e+02 	 -1.080000e+03 	 2.000000e+00
14 	 54 	 Ey 	 1 	 3.112194e-01 	 -6.000000e+02 	 -1.080000e+03 	 2.000000e+00
14 	 55 	 Ey 	 1 	 4.494808e+00 	 -3.600000e+02 	 -1.080000e+03 	 2.000000e+00
14 	 56 	 Ey 	 1 	 6.106947e+00 	 -1.200000e+02 	 -1.080000e+03 	 2.000000e+00
14 	 57 	 Ey 	 1 	 4.731460e+00 	 1.200000e+02 	 -1.080000e+03 	 2.000000e+00
14 	 58 	 Ey 	 1 	 2.430067e+00 	 3.600000e+02 	 -1.080000e+03 	 2.000000e+00
14 	 59 	 Ey 	 1 	 1.018848e-01 	 6.000000e+02 	 -1.080000e+03 	 2.000000e+00
14 	 60 	 Ey 	 1 	 8.975249e-01 	 8.400000e+02 	 -1.080000e+03 	 2.000000e+00
14 	 61 	 Ey 	 1 	 3.280860e+00 	 1.080000e+03 	 -1.080000e+03 	 2.000000e+00
14 	 62 	 Ey 	 1 	 1.367977e+00 	 1.320000e+03 	 -1.080000e+03 	 2.000000e+00
14 	 63 	 Ey 	 1 	 1.426339e+00 	 1.560000e+03 	 -1.080000e+03 	 2.000000e+00
14 	 64 	 Ey 	 1 	 1.544761e+00 	 1.800000e+03 	 -1.080000e+03 	 2.000000e+00
14 	 65 	 Ey 	 1 	 6.781443e+00 	 -1.800000e+03 	 -8.400000e+02 	 2.000000e+00
14 	 66 	 Ey 	 1 	 6.498744e+00 	 -1.560000e+03 	 -8.400000e+02 	 2.000000e+00
14 	 67 	 Ey 	 1 	 7.454785e+00 	 -1.320000e+03 	 -8.400000e+02 	 2.000000e+00
14 	 68 	 Ey 	 1 	 6.327426e+00 	 -1.080000e+03 	 -8.400000e+02 	 2.000000e+00
14 	 69 	 Ey 	 1 	 5.005717e+00 	 -8.400000e+02 	 -8.400000e+02 	 2.000000e+00
14 	 70 	 Ey 	 1 	 2.310529e+00 	 -6.000000e+02 	 -8.400000e+02 	 2.000000e+00
14 	 71 	 Ey 	 1 	 4.321422e+00 	 -3.600000e+02 	 -8.400000e+02 	 2.000000e+00
14 	 72 	 Ey 	 1 	 4.636975e+00 	 -1.200000e+02 	 -8.400000e+02 	 2.000000e+00
14 	 73 	 Ey 	 1 	 4.029715e+00 	 1.200000e+02 	 -8.400000e+02 	 2.000000e+00
14 	 74 	 Ey 	 1 	 1.352450e+00 	 3.600000e+02 	 -8.400000e+02 	 2.000000e+00
14 	 75 	 Ey 	 1 	 2.231415e+00 	 6.000000e+02 	 -8.400000e+02 	 2.000000e+00
14 	 76 	 Ey 	 1 	 1.384035e+00 	 8.400000e+02 	 -8.400000e+02 	 2.000000e+00
14 	 77 	 Ey 	 1 	 2.559569e+00 	 1.080000e+03 	 -8.400000e+02 	 2.000000e+00
14 	 78 	 Ey 	 1 	 1.656566e+00 	 1.320000e+03 	 -8.400000e+02 	 2.000000e+00
14 	 79 	 Ey 	 1 	 1.416041e+00 	 1.560000e+03 	 -8.400000e+02 	 2.000000e+00
14 	 80 	 Ey 	 1 	 5.839573e-01 	 1.800000e+03 	 -8.400000e+02 	 2.000000e+00
14 	 81 	 Ey 	 1 	 5.382329e+00 	 -1.800000e+03 	 -6.000000e+02 	 2.000000e+00
14 	 82 	 Ey 	 1 	 7.142647e+00 	 -1.560000e+03 	 -6.000000e+02 	 2.000000e+00
14 	 83 	 Ey 	 1 	 6.609632e+00 	 -1.320000e+03 	 -6.000000e+02 	 2.000000e+00
14 	 84 	 Ey 	 1 	 6.902922e+00 	 -1.080000e+03 	 -6.000000e+02 	 2.000000e+00
14 	 85 	 Ey 	 1 	 5.888641e+00 	 -8.400000e+02 	 -6.000000e+02 	 2.000000e+00
14 	 86 	 Ey 	 1 	 1.702170e+00 	 -6.000000e+02 	 -6.000000e+02 	 2.000000e+00
14 	 87 	 Ey 	 1 	 2.673067e+00 	 -3.600000e+02 	 -6.000000e+02 	 2.000000e+00
14 	 88 	 Ey 	 1 	 4.647401e+00 	 -1.200000e+02 	 -6.000000e+02 	 2.000000e+00
14 	 89 	 Ey 	 1 	 2.294884e+00 	 1.200000e+02 	 -6.000000e+02 	 2.000000e+00
14 	 90 	 Ey 	 1 	 1.357530e+00 	 3.600000e+02 	 -6.000000e+02 	 2.000000e+00
14 	 91 	 Ey 	 1 	 9.427786e-01 	 6.000000e+02 	 -6.000000e+02 	 2.000000e+00
14 	 92 	 Ey 	 1 	 2.250403e+00 	 8.400000e+02 	 -6.000000e+02 	 2.000000e+00
14 	 93 	 Ey 	 1 	 1.384575e+00 	 1.080000e+03 	 -6.000000e+02 	 2.000000e+00
14 	 94 	 Ey 	 1 	 2.078702e+00 	 1.320000e+03 	 -6.000000e+02 	 2.000000e+00
14 	 95 	 Ey 	 1 	 9.566899e-01 	 1.560000e+03 	 -6.000000e+02 	 2.000000e+00
14 	 96 	 Ey 	 1 	 9.526772e-01 	 1.800000e+03 	 -6.000000e+02 	 2.000000e+00
14 	 97 	 Ey 	 1 	 4.645263e+00 	 -1.800000e+03 	 -3.600000e+02 	 2.000000e+00
14 	 98 	 Ey 	 1 	 7.031834e+00 	 -1.560000e+03 	 -3.600000e+02 	 2.000000e+00
14 	 99 	 Ey 	 1 	 5.620933e+00 	 -1.320000e+03 	 -3.600000e+02 	 2.000000e+00
14 	 100 	 Ey 	 1 	 6.577938e+00 	 -1.080000e+03 	 -3.600000e+02 	 2.000000e+00
14 	 101 	 Ey 	 1 	 3.974707e+00 	 -8.400000e+02 	 -3.600000e+02 	 2.000000e+00
14 	 102 	 Ey 	 1 	 1.187082e+00 	 -6.000000e+02 	 -3.600000e+02 	 2.000000e+00
14 	 103 	 Ey 	 1 	 5.234716e-01 	 -3.600000e+02 	 -3.600000e+02 	 2.000000e+00
14 	 104 	 Ey 	 1 	 3.809554e+00 	 -1.200000e+02 	 -3.600000e+02 	 2.000000e+00
14 	 105 	 Ey 	 1 	 1.129539e+00 	 1.200000e+02 	 -3.600000e+02 	 2.000000e+00
14 	 106 	 Ey 	 1 	 2.028107e+00 	 3.600000e+02 	 -3.600000e+02 	 2.000000e+00
14 	 107 	 Ey 	 1 	 2.275280e+00 	 6.000000e+02 	 -3.600000e+02 	 2.000000e+00
14 	 108 	 Ey 	 1 	 2.571457e+00 	 8.400000e+02 	 -3.600000e+02 	 2.000000e+00
14 	 109 	 Ey 	 1 	 2.657457e+00 	 1.080000e+03 	 -3.600000e+02 	 2.000000e+00
14 	 110 	 Ey 	 1 	 3.332556e+00 	 1.320000e+03 	 -3.600000e+02 	 2.000000e+00
14 	 111 	 Ey 	 1 	 1.945639e+00 	 1.560000e+03 	 -3.600000e+02 	 2.000000e+00
14 	 112 	 Ey 	 1 	 1.151624e+00 	 1.800000e+03 	 -3.600000e+02 	 2.000000e+00
14 	 113 	 Ey 	 1 	 4.841221e+00 	 -1.800000e+03 	 -1.200000e+02 	 2.000000e+00
14 	 114 	 Ey 	 1 	 4.025041e+00 	 -1.560000e+03 	 -1.200000e+02 	 2.000000e+00
14 	 115 	 Ey 	 1 	 5.569737e+00 	 -1.320000e+03 	 -1.200000e+02 	 2.000000e+00
14 	 116 	 Ey 	 1 	 6.812581e+00 	 -1.080000e+03 	 -1.200000e+02 	 2.000000e+00
14 	 117 	 Ey 	 1 	 4.088605e+00 	 -8.400000e+02 	 -1.200000e+02 	 2.000000e+00
14 	 118 	 Ey 	 1 	 1.620721e+00 	 -6.000000e+02 	 -1.200000e+02 	 2.000000e+00
14 	 119 	 Ey 	 1 	 2.795504e+00 	 -3.600000e+02 	 -1.200000e+02 	 2.000000e+00
14 	 120 	 Ey 	 1 	 3.240017e+00 	 -1.200000e+02 	 -1.200000e+02 	 2.000000e+00
14 	 121 	 Ey 	 1 	 7.477457e-01 	 1.200000e+02 	 -1.200000e+02 	 2.000000e+00
14 	 122 	 Ey 	 1 	 1.607714e+00 	 3.600000e+02 	 -1.200000e+02 	 2.000000e+00
14 	 123 	 Ey 	 1 	 2.437465e+00 	 6.000000e+02 	 -1.200000e+02 	 2.000000e+00
14 	 124 	 Ey 	 1 	 2.510093e+00 	 8.400000e+02 	 -1.200000e+02 	 2.000000e+00
14 	 125 	 Ey 	 1 	 6.188550e-01 	 1.080000e+03 	 -1.200000e+02 	 2.000000e+00
14 	 126 	 Ey 	 1 	 1.862622e+00 	 1.320000e+03 	 -1.200000e+02 	 2.000000e+00
14 	 127 	 Ey 	 1 	 8.829194e-01 	 1.560000e+03 	 -1.200000e+02 	 2.000000e+00
14 	 128 	 Ey 	 1 	 1.295244e+00 	 1.800000e+03 	 -1.200000e+02 	 2.000000e+00
14 	 129 	 Ey 	 1 	 1.648747e+00 	 -1.800000e+03 	 1.200000e+02 	 2.000000e+00
14 	 130 	 Ey 	 1 	 3.370940e+00 	 -1.560000e+03 	 1.200000e+02 	 2.000000e+00
14 	 131 	 Ey 	 1 	 4.589157e+00 	 -1.320000e+03 	 1.200000e+02 	 2.000000e+00
14 	 132 	 Ey 	 1 	 3.618093e+00 	 -1.080000e+03 	 1.200000e+02 	 2.000000e+00
14 	 133 	 Ey 	 1 	 5.764498e+00 	 -8.400000e+02 	 1.200000e+02 	 2.000000e+00
14 	 134 	 Ey 	 1 	 2.449436e+00 	 -6.000000e+02 	 1.200000e+02 	 2.000000e+00
14 	 135 	 Ey 	 1 	 8.978469e-01 	 -3.600000e+02 	 1.200000e+02 	 2.000000e+00
14 	 136 	 Ey 	 1 	 3.819327e+00 	 -1.200000e+02 	 1.200000e+02 	 2.000000e+00
14 	 137 	 Ey 	 1 	 1.367899e+00 	 1.200000e+02 	 1.200000e+02 	 2.000000e+00
14 	 138 	 Ey 	 1 	 8.857694e-01 	 3.600000e+02 	 1.200000e+02 	 2.000000e+00
14 	 139 	 Ey 	 1 	 1.461440e+00 	 6.000000e+02 	 1.200000e+02 	 2.000000e+00
14 	 140 	 Ey 	 1 	 2.469877e+00 	 8.400000e+02 	 1.200000e+02 	 2.000000e+00
14 	 141 	 Ey 	 1 	 2.061839e+00 	 1.080000e+03 	 1.200000e+02 	 2.000000e+00
14 	 142 	 Ey 	 1 	 2.021951e+00 	 1.320000e+03 	 1.200000e+02 	 2.000000e+00
14 	 143 	 Ey 	 1 	 1.145953e+00 	 1.560000e+03 	 1.200000e+02 	 2.000000e+00
14 	 144 	 Ey 	 1 	 1.891237e+00 	 1.800000e+03 	 1.200000e+02 	 2.000000e+00
14 	 145 	 Ey 	 1 	 2.401172e+00 	 -1.800000e+03 	 3.600000e+02 	 2.000000e+00
14 	 146 	 Ey 	 1 	 2.550131e+00 	 -1.560000e+03 	 3.600000e+02 	 2.000000e+00
14 	 147 	 Ey 	 1 	 2.058350e+00 	 -1.320000e+03 	 3.600000e+02 	 2.000000e+00
14 	 148 	 Ey 	 1 	 3.516868e+00 	 -1.080000e+03 	 3.600000e+02 	 2.000000e+00
14 	 149 	 Ey 	 1 	 4.361717e+00 	 -8.400000e+02 	 3.600000e+02 	 2.000000e+00
14 	 150 	 Ey 	 1 	 1.524395e+00 	 -6.000000e+02 	 3.600000e+02 	 2.000000e+00
14 	 151 	 Ey 	 1 	 1.351004e+00 	 -3.600000e+02 	 3.600000e+02 	 2.000000e+00
14 	 152 	 Ey 	 1 	 1.411170e+00 	 -1.200000e+02 	 3.600000e+02 	 2.000000e+00
14 	 153 	 Ey 	 1 	 2.449967e+00 	 1.200000e+02 	 3.600000e+02 	 2.000000e+00
14 	 154 	 Ey 	 1 	 2.019945e+00 	 3.600000e+02 	 3.600000e+02 	 2.000000e+00
14 	 155 	 Ey 	 1 	 2.141277e+00 	 6.000000e+02 	 3.600000e+02 	 2.000000e+00
14 	 156 	 Ey 	 1 	 2.333985e+00 	 8.400000e+02 	 3.600000e+02 	 2.000000e+00
14 	 157 	 Ey 	 1 	 1.820841e+00 	 1.080000e+03 	 3.600000e+02 	 2.000000e+00
14 	 158 	 Ey 	 1 	 6.126294e-01 	 1.320000e+03 	 3.600000e+02 	 2.000000e+00
14 	 159 	 Ey 	 1 	 7.753647e-01 	 1.560000e+03 	 3.600000e+02 	 2.000000e+00
14 	 160 	 Ey 	 1 	 2.108901e+00 	 1.800000e+03 	 3.600000e+02 	 2.000000e+00
14 	 161 	 Ey 	 1 	 1.959459e+00 	 -1.800000e+03 	 6.000000e+02 	 2.000000e+00
14 	 162 	 Ey 	 1 	 1.159637e+00 	 -1.560000e+03 	 6.000000e+02 	 2.000000e+00
14 	 163 	 Ey 	 1 	 1.678030e+00 	 -1.320000e+03 	 6.000000e+02 	 2.000000e+00
14 	 164 	 Ey 	 1 	 9.452451e-01 	 -1.080000e+03 	 6.000000e+02 	 2.000000e+00
14 	 165 	 Ey 	 1 	 1.465172e+00 	 -8.400000e+02 	 6.000000e+02 	 2.000000e+00
14 	 166 	 Ey 	 1 	 1.546460e+00 	 -6.000000e+02 	 6.000000e+02 	 2.000000e+00
14 	 167 	 Ey 	 1 	 1.505309e+00 	 -3.600000e+02 	 6.000000e+02 	 2.000000e+00
14 	 168 	 Ey 	 1 	 1.303789e+00 	 -1.200000e+02 	 6.000000e+02 	 2.000000e+00
14 	 169 	 Ey 	 1 	 1.380990e+00 	 1.200000e+02 	 6.000000e+02 	 2.000000e+00
14 	 170 	 Ey 	 1 	 1.732073e+00 	 3.600000e+02 	 6.000000e+02 	 2.000000e+00
14 	 171 	 Ey 	 1 	 6.082659e-01 	 6.000000e+02 	 6.000000e+02 	 2.000000e+00
14 	 172 	 Ey 	 1 	 1.683832e+00 	 8.400000e+02 	 6.000000e+02 	 2.000000e+00
14 	 173 	 Ey 	 1 	 1.485043e+00 	 1.080000e+03 	 6.000000e+02 	 2.000000e+00
14 	 174 	 Ey 	 1 	 1.196548e+00 	 1.320000e+03 	 6.000000e+02 	 2.000000e+00
14 	 175 	 Ey 	 1 	 1.319708e+00 	 1.560000e+03 	 6.000000e+02 	 2.000000e+00
14 	 176 	 Ey 	 1 	 1.884993e+00 	 1.800000e+03 	 6.000000e+02 	 2.000000e+00
14 	 177 	 Ey 	 1 	 4.099339e-01 	 -1.800000e+03 	 8.400000e+02 	 2.000000e+00
14 	 178 	 Ey 	 1 	 1.628869e+00 	 -1.560000e+03 	 8.400000e+02 	 2.000000e+00
14 	 179 	 Ey 	 1 	 1.065883e+00 	 -1.320000e+03 	 8.400000e+02 	 2.000000e+00
14 	 180 	 Ey 	 1 	 9.849990e-01 	 -1.080000e+03 	 8.400000e+02 	 2.000000e+00
14 	 181 	 Ey 	 1 	 4.288133e-01 	 -8.400000e+02 	 8.400000e+02 	 2.000000e+00
14 	 182 	 Ey 	 1 	 5.310292e-01 	 -6.000000e+02 	 8.400000e+02 	 2.000000e+00
14 	 183 	 Ey 	 1 	 1.107922e+00 	 -3.600000e+02 	 8.400000e+02 	 2.000000e+00
14 	 184 	 Ey 	 1 	 1.536192e+00 	 -1.200000e+02 	 8.400000e+02 	 2.000000e+00
14 	 185 	 Ey 	 1 	 5.386690e-01 	 1.200000e+02 	 8.400000e+02 	 2.000000e+00
14 	 186 	 Ey 	 1 	 1.461411e+00 	 3.600000e+02 	 8.400000e+02 	 2.000000e+00
14 	 187 	 Ey 	 1 	 2.564585e-01 	 6.000000e+02 	 8.400000e+02 	 2.000000e+00
14 	 188 	 Ey 	 1 	 4.013046e-01 	 8.400000e+02 	 8.400000e+02 	 2.000000e+00
14 	 189 	 Ey 	 1 	 1.184660e+00 	 1.080000e+03 	 8.400000e+02 	 2.000000e+00
14 	 190 	 Ey 	 1 	 1.059378e+00 	 1.320000e+03 	 8.400000e+02 	 2.000000e+00
14 	 191 	 Ey 	 1 	 2.093576e+00 	 1.560000e+03 	 8.400000e+02 	 2.000000e+00
14 	 192 	 Ey 	 1 	 1.340118e+00 	 1.800000e+03 	 8.400000e+02 	 2.000000e+00
14 	 193 	 Ey 	 1 	 1.106301e+00 	 -1.800000e+03 	 1.080000e+03 	 2.000000e+00
14 	 194 	 Ey 	 1 	 1.243718e+00 	 -1.560000e+03 	 1.080000e+03 	 2.000000e+00
14 	 195 	 Ey 	 1 	 1.749501e+00 	 -1.320000e+03 	 1.080000e+03 	 2.000000e+00
14 	 196 	 Ey 	 1 	 8.388497e-01 	 -1.080000e+03 	 1.080000e+03 	 2.000000e+00
14 	 197 	 Ey 	 1 	 7.287905e-01 	 -8.400000e+02 	 1.080000e+03 	 2.000000e+00
14 	 198 	 Ey 	 1 	 0.000000e+00 	 -6.000000e+02 	 1.080000e+03 	 2.000000e+00
14 	 199 	 Ey 	 1 	 0.000000e+00 	 -3.600000e+02 	 1.080000e+03 	 2.000000e+00
14 	 200 	 Ey 	 1 	 4.390529e-01 	 -1.200000e+02 	 1.080000e+03 	 2.000000e+00
14 	 201 	 Ey 	 1 	 9.773003e-01 	 1.200000e+02 	 1.080000e+03 	 2.000000e+00
14 	 202 	 Ey 	 1 	 3.403499e-01 	 3.600000e+02 	 1.080000e+03 	 2.000000e+00
14 	 203 	 Ey 	 1 	 2.534057e+00 	 6.000000e+02 	 1.080000e+03 	 2.000000e+00
14 	 204 	 Ey 	 1 	 1.076017e+00 	 8.400000e+02 	 1.080000e+03 	 2.000000e+00
14 	 205 	 Ey 	 1 	 7.840090e-01 	 1.080000e+03 	 1.080000e+03 	 2.000000e+00
14 	 206 	 Ey 	 1 	 1.233765e+00 	 1.320000e+03 	 1.080000e+03 	 2.000000e+00
14 	 207 	 Ey 	 1 	 1.609203e+00 	 1.560000e+03 	 1.080000e+03 	 2.000000e+00
14 	 208 	 Ey 	 1 	 1.317319e+00 	 1.800000e+03 	 1.080000e+03 	 2.000000e+00
14 	 209 	 Ey 	 1 	 1.691041e+00 	 -1.800000e+03 	 1.320000e+03 	 2.000000e+00
14 	 210 	 Ey 	 1 	 5.156642e-01 	 -1.560000e+03 	 1.320000e+03 	 2.000000e+00
14 	 211 	 Ey 	 1 	 4.185741e-01 	 -1.320000e+03 	 1.320000e+03 	 2.000000e+00
14 	 212 	 Ey 	 1 	 7.399241e-01 	 -1.080000e+03 	 1.320000e+03 	 2.000000e+00
14 	 213 	 Ey 	 1 	 0.000000e+00 	 -8.400000e+02 	 1.320000e+03 	 2.000000e+00
14 	 214 	 Ey 	 1 	 0.000000e+00 	 -6.000000e+02 	 1.320000e+03 	 2.000000e+00
14 	 215 	 Ey 	 1 	 0.000000e+00 	 -3.600000e+02 	 1.320000e+03 	 2.000000e+00
14 	 216 	 Ey 	 1 	 0.000000e+00 	 -1.200000e+02 	 1.320000e+03 	 2.000000e+00
14 	 217 	 Ey 	 1 	 9.671611e-01 	 1.200000e+02 	 1.320000e+03 	 2.000000e+00
14 	 218 	 Ey 	 1 	 7.624258e-01 	 3.600000e+02 	 1.320000e+03 	 2.000000e+00
14 	 219 	 Ey 	 1 	 8.227822e-01 	 6.000000e+02 	 1.320000e+03 	 2.000000e+00
14 	 220 	 Ey 	 1 	 2.018544e+00 	 8.400000e+02 	 1.320000e+03 	 2.000000e+00
14 	 221 	 Ey 	 1 	 1.112128e+00 	 1.080000e+03 	 1.320000e+03 	 2.000000e+00
14 	 222 	 Ey 	 1 	 2.177492e+00 	 1.320000e+03 	 1.320000e+03 	 2.000000e+00
14 	 223 	 Ey 	 1 	 1.026447e+00 	 1.560000e+03 	 1.320000e+03 	 2.000000e+00
14 	 224 	 Ey 	 1 	 8.672177e-01 	 1.800000e+03 	 1.320000e+03 	 2.000000e+00
14 	 225 	 Ey 	 1 	 7.190968e-01 	 -1.800000e+03 	 1.560000e+03 	 2.000000e+00
14 	 226 	 Ey 	 1 	 1.135388e+00 	 -1.560000e+03 	 1.560000e+03 	 2.000000e+00
14 	 227 	 Ey 	 1 	 1.110976e+00 	 -1.320000e+03 	 1.560000e+03 	 2.000000e+00
14 	 228 	 Ey 	 1 	 0.000000e+00 	 -1.080000e+03 	 1.560000e+03 	 2.000000e+00
14 	 229 	 Ey 	 1 	 0.000000e+00 	 -8.400000e+02 	 1.560000e+03 	 2.000000e+00
14 	 230 	 Ey 	 1 	 0.000000e+00 	 -6.000000e+02 	 1.560000e+03 	 2.000000e+00
14 	 231 	 Ey 	 1 	 0.000000e+00 	 -3.600000e+02 	 1.560000e+03 	 2.000000e+00
14 	 232 	 Ey 	 1 	 0.000000e+00 	 -1.200000e+02 	 1.560000e+03 	 2.000000e+00
14 	 233 	 Ey 	 1 	 1.617775e+00 	 1.200000e+02 	 1.560000e+03 	 2.000000e+00
14 	 234 	 Ey 	 1 	 6.268446e-01 	 3.600000e+02 	 1.560000e+03 	 2.000000e+00
14 	 235 	 Ey 	 1 	 9.347309e-01 	 6.000000e+02 	 1.560000e+03 	 2.000000e+00
14 	 236 	 Ey 	 1 	 1.079377e+00 	 8.400000e+02 	 1.560000e+03 	 2.000000e+00
14 	 237 	 Ey 	 1 	 1.364671e+00 	 1.080000e+03 	 1.560000e+03 	 2.000000e+00
14 	 238 	 Ey 	 1 	 1.966711e+00 	 1.320000e+03 	 1.560000e+03 	 2.000000e+00
14 	 239 	 Ey 	 1 	 1.277746e+00 	 1.560000e+03 	 1.560000e+03 	 2.000000e+00
14 	 240 	 Ey 	 1 	 7.833484e-01 	 1.800000e+03 	 1.560000e+03 	 2.000000e+00
14 	 241 	 Ey 	 1 	 6.871293e-01 	 -1.800000e+03 	 1.800000e+03 	 2.000000e+00
14 	 242 	 Ey 	 1 	 6.339974e-01 	 -1.560000e+03 	 1.800000e+03 	 2.000000e+00
14 	 243 	 Ey 	 1 	 7.620802e-01 	 -1.320000e+03 	 1.800000e+03 	 2.000000e+00
14 	 244 	 Ey 	 1 	 0.000000e+00 	 -1.080000e+03 	 1.800000e+03 	 2.000000e+00
14 	 245 	 Ey 	 1 	 0.000000e+00 	 -8.400000e+02 	 1.800000e+03 	 2.000000e+00
14 	 246 	 Ey 	 1 	 0.000000e+00 	 -6.000000e+02 	 1.800000e+03 	 2.000000e+00
14 	 247 	 Ey 	 1 	 0.000000e+00 	 -3.600000e+02 	 1.800000e+03 	 2.000000e+00
14 	 248 	 Ey 	 1 	 0.000000e+00 	 -1.200000e+02 	 1.800000e+03 	 2.000000e+00
14 	 249 	 Ey 	 1 	 1.896683e+00 	 1.200000e+02 	 1.800000e+03 	 2.000000e+00
14 	 250 	 Ey 	 1 	 1.346739e+00 	 3.600000e+02 	 1.800000e+03 	 2.000000e+00
14 	 251 	 Ey 	 1 	 5.288180e-01 	 6.000000e+02 	 1.800000e+03 	 2.000000e+00
14 	 252 	 Ey 	 1 	 1.011585e+00 	 8.400000e+02 	 1.800000e+03 	 2.000000e+00
14 	 253 	 Ey 	 1 	 1.693366e+00 	 1.080000e+03 	 1.800000e+03 	 2.000000e+00
14 	 254 	 Ey 	 1 	 1.282492e+00 	 1.320000e+03 	 1.800000e+03 	 2.000000e+00
14 	 255 	 Ey 	 1 	 6.502659e-01 	 1.560000e+03 	 1.800000e+03 	 2.000000e+00
14 	 256 	 Ey 	 1 	 5.247176e-01 	 1.800000e+03 	 1.800000e+03 	 2.000000e+00
14 	 1 	 Ey 	 2 	 4.139278e+00 	 -1.800000e+03 	 -1.800000e+03 	 2.000000e+00
14 	 2 	 Ey 	 2 	 3.946170e+00 	 -1.560000e+03 	 -1.800000e+03 	 2.000000e+00
14 	 3 	 Ey 	 2 	 4.007161e+00 	 -1.320000e+03 	 -1.800000e+03 	 2.000000e+00
14 	 4 	 Ey 	 2 	 2.098869e+00 	 -1.080000e+03 	 -1.800000e+03 	 2.000000e+00
14 	 5 	 Ey 	 2 	 4.855188e-01 	 -8.400000e+02 	 -1.800000e+03 	 2.000000e+00
14 	 6 	 Ey 	 2 	 2.135547e+00 	 -6.000000e+02 	 -1.800000e+03 	 2.000000e+00
14 	 7 	 Ey 	 2 	 4.297429e+00 	 -3.600000e+02 	 -1.800000e+03 	 2.000000e+00
14 	 8 	 Ey 	 2 	 5.501067e+00 	 -1.200000e+02 	 -1.800000e+03 	 2.000000e+00
14 	 9 	 Ey 	 2 	 4.636565e+00 	 1.200000e+02 	 -1.800000e+03 	 2.000000e+00
14 	 10 	 Ey 	 2 	 3.921568e+00 	 3.600000e+02 	 -1.800000e+03 	 2.000000e+00
14 	 11 	 Ey 	 2 	 3.775529e+00 	 6.000000e+02 	 -1.800000e+03 	 2.000000e+00
14 	 12 	 Ey 	 2 	 4.240773e+00 	 8.400000e+02 	 -1.800000e+03 	 2.000000e+00
14 	 13 	 Ey 	 2 	 1.017165e+00 	 1.080000e+03 	 -1.800000e+03 	 2.000000e+00
14 	 14 	 Ey 	 2 	 1.212584e+00 	 1.320000e+03 	 -1.800000e+03 	 2.000000e+00
14 	 15 	 Ey 	 2 	 7.687410e-01 	 1.560000e+03 	 -1.800000e+03 	 2.000000e+00
14 	 16 	 Ey 	 2 	 1.303129e+00 	 1.800000e+03 	 -1.800000e+03 	 2.000000e+00
14 	 17 	 Ey 	 2 	 4.565818e+00 	 -1.800000e+03 	 -1.560000e+03 	 2.000000e+00
14 	 18 	 Ey 	 2 	 5.424420e+00 	 -1.560000e+03 	 -1.560000e+03 	 2.000000e+00
14 	 19 	 Ey 	 2 	 5.180426e+00 	 -1.320000e+03 	 -1.560000e+03 	 2.000000e+00
14 	 20 	 Ey 	 2 	 3.193390e+00 	 -1.080000e+03 	 -1.560000e+03 	 2.000000e+00
14 	 21 	 Ey 	 2 	 1.691602e+00 	 -8.400000e+02 	 -1.560000e+03 	 2.000000e+00
14 	 22 	 Ey 	 2 	 1.745647e+00 	 -6.000000e+02 	 -1.560000e+03 	 2.000000e+00
14 	 23 	 Ey 	 2 	 3.446858e+00 	 -3.600000e+02 	 -1.560000e+03 	 2.000000e+00
14 	 24 	 Ey 	 2 	 5.023803e+00 	 -1.200000e+02 	 -1.560000e+03 	 2.000000e+00
14 	 25 	 Ey 	 2 	 4.952853e+00 	 1.200000e+02 	 -1.560000e+03 	 2.000000e+00
14 	 26 	 Ey 	 2 	 4.517826e+00 	 3.600000e+02 	 -1.560000e+03 	 2.000000e+00
14 	 27 	 Ey 	 2 	 4.931076e+00 	 6.000000e+02 	 -1.560000e+03 	 2.000000e+00
14 	 28 	 Ey 	 2 	 1.927424e+00 	 8.400000e+02 	 -1.560000e+03 	 2.000000e+00
14 	 29 	 Ey 	 2 	 1.133325e+00 	 1.080000e+03 	 -1.560000e+03 	 2.000000e+00
14 	 30 	 Ey 	 2 	 1.820525e+00 	 1.320000e+03 	 -1.560000e+03 	 2.000000e+00
14 	 31 	 Ey 	 2 	 1.783483e+00 	 1.560000e+03 	 -1.560000e+03 	 2.000000e+00
14 	 32 	 Ey 	 2 	 6.487674e-01 	 1.800000e+03 	 -1.560000e+03 	 2.000000e+00
14 	 33 	 Ey 	 2 	 5.346143e+00 	 -1.800000e+03 	 -1.320000e+03 	 2.000000e+00
14 	 34 	 Ey 	 2 	 5.443017e+00 	 -1.560000e+03 	 -1.320000e+03 	 2.000000e+00
14 	 35 	 Ey 	 2 	 6.311564e+00 	 -1.320000e+03 	 -1.320000e+03 	 2.000000e+00
14 	 36 	 Ey 	 2 	 3.922525e+00 	 -1.080000e+03 	 -1.320000e+03 	 2.000000e+00
14 	 37 	 Ey 	 2 	 3.496972e+00 	 -8.400000e+02 	 -1.320000e+03 	 2.000000e+00
14 	 38 	 Ey 	 2 	 1.522598e+00 	 -6.000000e+02 	 -1.320000e+03 	 2.000000e+00
14 	 39 	 Ey 	 2 	 4.357950e+00 	 -3.600000e+02 	 -1.320000e+03 	 2.000000e+00
14 	 40 	 Ey 	 2 	 5.313039e+00 	 -1.200000e+02 	 -1.320000e+03 	 2.000000e+00
14 	 41 	 Ey 	 2 	 6.009305e+00 	 1.200000e+02 	 -1.320000e+03 	 2.000000e+00
14 	 42 	 Ey 	 2 	 5.020372e+00 	 3.600000e+02 	 -1.320000e+03 	 2.000000e+00
14 	 43 	 Ey 	 2 	 3.684885e+00 	 6.000000e+02 	 -1.320000e+03 	 2.000000e+00
14 	 44 	 Ey 	 2 	 2.797869e+00 	 8.400000e+02 	 -1.320000e+03 	 2.000000e+00
14 	 45 	 Ey 	 2 	 1.039011e+00 	 1.080000e+03 	 -1.320000e+03 	 2.000000e+00
14 	 46 	 Ey 	 2 	 2.074958e+00 	 1.320000e+03 	 -1.320000e+03 	 2.000000e+00
14 	 47 	 Ey 	 2 	 1.402089e+00 	 1.560000e+03 	 -1.320000e+03 	 2.000000e+00
14 	 48 	 Ey 	 2 	 2.402503e-01 	 1.800000e+03 	 -1.320000e+03 	 2.000000e+00
14 	 49 	 Ey 	 2 	 5.508770e+00 	 -1.800000e+03 	 -1.080000e+03 	 2.000000e+00
14 	 50 	 Ey 	 2 	 5.573167e+00 	 -1.560000e+03 	 -1.080000e+03 	 2.000000e+00
14 	 51 	 Ey 	 2 	 6.831629e+00 	 -1.320000e+03 	 -1.080000e+03 	 2.000000e+00
14 	 52 	 Ey 	 2 	 5.966657e+00 	 -1.080000e+03 	 -1.080000e+03 	 2.000000e+00
14 	 53 	 Ey 	 2 	 3.019057e+00 	 -8.400000e+02 	 -1.080000e+03 	 2.000000e+00
14 	 54 	 Ey 	 2 	 6.130027e-01 	 -6.000000e+02 	 -1.080000e+03 	 2.000000e+00
14 	 55 	 Ey 	 2 	 3.239999e+00 	 -3.600000e+02 	 -1.080000e+03 	 2.000000e+00
14 	 56 	 Ey 	 2 	 5.545692e+00 	 -1.200000e+02 	 -1.080000e+03 	 2.000000e+00
14 	 57 	 Ey 	 2 	 4.602099e+00 	 1.200000e+02 	 -1.080000e+03 	 2.000000e+00
14 	 58 	 Ey 	 2 	 1.641167e+00 	 3.600000e+02 	 -1.080000e+03 	 2.000000e+00
14 	 59 	 Ey 	 2 	 1.797213e+00 	 6.000000e+02 	 -1.080000e+03 	 2.000000e+00
14 	 60 	 Ey 	 2 	 4.616833e-01 	 8.400000e+02 	 -1.080000e+03 	 2.000000e+00
14 	 61 	 Ey 	 2 	 1.331168e+00 	 1.080000e+03 	 -1.080000e+03 	 2.000000e+00
14 	 62 	 Ey 	 2 	 2.013014e+00 	 1.320000e+03 	 -1.080000e+03 	 2.000000e+00
14 	 63 	 Ey 	 2 	 8.009967e-01 	 1.560000e+03 	 -1.080000e+03 	 2.000000e+00
14 	 64 	 Ey 	 2 	 1.942354e+00 	 1.800000e+03 	 -1.080000e+03 	 2.000000e+00
14 	 65 	 Ey 	 2 	 6.046419e+00 	 -1.800000e+03 	 -8.400000e+02 	 2.000000e+00
14 	 66 	 Ey 	 2 	 6.608847e+00 	 -1.560000e+03 	 -8.400000e+02 	 2.000000e+00
14 	 67 	 Ey 	 2 	 6.341789e+00 	 -1.320000e+03 	 -8.400000e+02 	 2.000000e+00
14 	 68 	 Ey 	 2 	 6.496591e+00 	 -1.080000e+03 	 -8.400000e+02 	 2.000000e+00
14 	 69 	 Ey 	 2 	 3.671803e+00 	 -8.400000e+02 	 -8.400000e+02 	 2.000000e+00
14 	 70 	 Ey 	 2 	 1.912283e+00 	 -6.000000e+02 	 -8.400000e+02 	 2.000000e+00
14 	 71 	 Ey 	 2 	 4.428719e+00 	 -3.600000e+02 	 -8.400000e+02 	 2.000000e+00
14 	 72 	 Ey 	 2 	 5.697773e+00 	 -1.200000e+02 	 -8.400000e+02 	 2.000000e+00
14 	 73 	 Ey 	 2 	 3.218160e+00 	 1.200000e+02 	 -8.400000e+02 	 2.000000e+00
14 	 74 	 Ey 	 2 	 2.501641e+00 	 3.600000e+02 	 -8.400000e+02 	 2.000000e+00
14 	 75 	 Ey 	 2 	 2.583255e+00 	 6.000000e+02 	 -8.400000e+02 	 2.000000e+00
14 	 76 	 Ey 	 2 	 7.971768e-01 	 8.400000e+02 	 -8.400000e+02 	 2.000000e+00
14 	 77 	 Ey 	 2 	 1.525211e+00 	 1.080000e+03 	 -8.400000e+02 	 2.000000e+00
14 	 78 	 Ey 	 2 	 1.325594e+00 	 1.320000e+03 	 -8.400000e+02 	 2.000000e+00
14 	 79 	 Ey 	 2 	 1.332623e+00 	 1.560000e+03 	 -8.400000e+02 	 2.000000e+00
14 	 80 	 Ey 	 2 	 2.553594e+00 	 1.800000e+03 	 -8.400000e+02 	 2.000000e+00
14 	 81 	 Ey 	 2 	 4.840742e+00 	 -1.800000e+03 	 -6.000000e+02 	 2.000000e+00
14 	 82 	 Ey 	 2 	 5.474852e+00 	 -1.560000e+03 	 -6.000000e+02 	 2.000000e+00
14 	 83 	 Ey 	 2 	 6.194920e+00 	 -1.320000e+03 	 -6.000000e+02 	 2.000000e+00
14 	 84 	 Ey 	 2 	 6.766140e+00 	 -1.080000e+03 	 -6.000000e+02 	 2.000000e+00
14 	 85 	 Ey 	 2 	 4.195320e+00 	 -8.400000e+02 	 -6.000000e+02 	 2.000000e+00
14 	 86 	 Ey 	 2 	 2.305122e+00 	 -6.000000e+02 	 -6.000000e+02 	 2.000000e+00
14 	 87 	 Ey 	 2 	 3.533721e+00 	 -3.600000e+02 	 -6.000000e+02 	 2.000000e+00
14 	 88 	 Ey 	 2 	 4.908071e+00 	 -1.200000e+02 	 -6.000000e+02 	 2.000000e+00
14 	 89 	 Ey 	 2 	 3.243325e+00 	 1.200000e+02 	 -6.000000e+02 	 2.000000e+00
14 	 90 	 Ey 	 2 	 8.423830e-01 	 3.600000e+02 	 -6.000000e+02 	 2.000000e+00
14 	 91 	 Ey 	 2 	 5.053121e-01 	 6.000000e+02 	 -6.000000e+02 	 2.000000e+00
14 	 92 	 Ey 	 2 	 2.757193e+00 	 8.400000e+02 	 -6.000000e+02 	 2.000000e+00
14 	 93 	 Ey 	 2 	 2.088430e+00 	 1.080000e+03 	 -6.000000e+02 	 2.000000e+00
14 	 94 	 Ey 	 2 	 2.394693e+00 	 1.320000e+03 	 -6.000000e+02 	 2.000000e+00
14 	 95 	 Ey 	 2 	 1.554991e+00 	 1.560000e+03 	 -6.000000e+02 	 2.000000e+00
14 	 96 	 Ey 	 2 	 1.555899e+00 	 1.800000e+03 	 -6.000000e+02 	 2.000000e+00
14 	 97 	 Ey 	 2 	 4.755987e+00 	 -1.800000e+03 	 -3.600000e+02 	 2.000000e+00
14 	 98 	 Ey 	 2 	 5.476178e+00 	 -1.560000e+03 	 -3.600000e+02 	 2.000000e+00
14 	 99 	 Ey 	 2 	 6.544063e+00 	 -1.320000e+03 	 -3.600000e+02 	 2.000000e+00
14 	 100 	 Ey 	 2 	 5.781762e+00 	 -1.080000e+03 	 -3.600000e+02 	 2.000000e+00
14 	 101 	 Ey 	 2 	 4.033357e+00 	 -8.400000e+02 	 -3.600000e+02 	 2.000000e+00
14 	 102 	 Ey 	 2 	 1.882394e+00 	 -6.000000e+02 	 -3.600000e+02 	 2.000000e+00
14 	 103 	 Ey 	 2 	 2.482995e+00 	 -3.600000e+02 	 -3.600000e+02 	 2.000000e+00
14 	 104 	 Ey 	 2 	 3.692017e+00 	 -1.200000e+02 	 -3.600000e+02 	 2.000000e+00
14 	 105 	 Ey 	 2 	 1.421330e+00 	 1.200000e+02 	 -3.600000e+02 	 2.000000e+00
14 	 106 	 Ey 	 2 	 8.766899e-01 	 3.600000e+02 	 -3.600000e+02 	 2.000000e+00
14 	 107 	 Ey 	 2 	 1.842600e+00 	 6.000000e+02 	 -3.600000e+02 	 2.000000e+00
14 	 108 	 Ey 	 2 	 2.630627e+00 	 8.400000e+02 	 -3.600000e+02 	 2.000000e+00
14 	 109 	 Ey 	 2 	 1.799207e+00 	 1.080000e+03 	 -3.600000e+02 	 2.000000e+00
14 	 110 	 Ey 	 2 	 3.307549e+00 	 1.320000e+03 	 -3.600000e+02 	 2.000000e+00
14 	 111 	 Ey 	 2 	 1.186396e+00 	 1.560000e+03 	 -3.600000e+02 	 2.000000e+00
14 	 112 	 Ey 	 2 	 2.275837e+00 	 1.800000e+03 	 -3.600000e+02 	 2.000000e+00
14 	 113 	 Ey 	 2 	 4.384125e+00 	 -1.800000e+03 	 -1.200000e+02 	 2.000000e+00
14 	 114 	 Ey 	 2 	 4.972629e+00 	 -1.560000e+03 	 -1.200000e+02 	 2.000000e+00
14 	 115 	 Ey 	 2 	 5.451960e+00 	 -1.320000e+03 	 -1.200000e+02 	 2.000000e+00
14 	 116 	 Ey 	 2 	 5.310572e+00 	 -1.080000e+03 	 -1.200000e+02 	 2.000000e+00
14 	 117 	 Ey 	 2 	 3.867735e+00 	 -8.400000e+02 	 -1.200000e+02 	 2.000000e+00
14 	 118 	 Ey 	 2 	 1.437194e+00 	 -6.000000e+02 	 -1.200000e+02 	 2.000000e+00
14 	 119 	 Ey 	 2 	 1.021531e+00 	 -3.600000e+02 	 -1.200000e+02 	 2.000000e+00
14 	 120 	 Ey 	 2 	 2.268494e+00 	 -1.200000e+02 	 -1.200000e+02 	 2.000000e+00
14 	 121 	 Ey 	 2 	 2.813280e+00 	 1.200000e+02 	 -1.200000e+02 	 2.000000e+00
14 	 122 	 Ey 	 2 	 1.370502e+00 	 3.600000e+02 	 -1.200000e+02 	 2.000000e+00
14 	 123 	 Ey 	 2 	 2.178954e+00 	 6.000000e+02 	 -1.200000e+02 	 2.000000e+00
14 	 124 	 Ey 	 2 	 2.306962e+00 	 8.400000e+02 	 -1.200000e+02 	 2.000000e+00
14 	 125 	 Ey 	 2 	 1.332322e+00 	 1.080000e+03 	 -1.200000e+02 	 2.000000e+00
14 	 126 	 Ey 	 2 	 3.369677e+00 	 1.320000e+03 	 -1.200000e+02 	 2.000000e+00
14 	 127 	 Ey 	 2 	 2.585359e+00 	 1.560000e+03 	 -1.200000e+02 	 2.000000e+00
14 	 128 	 Ey 	 2 	 8.857825e-01 	 1.800000e+03 	 -1.200000e+02 	 2.000000e+00
14 	 129 	 Ey 	 2 	 4.128166e+00 	 -1.800000e+03 	 1.200000e+02 	 2.000000e+00
14 	 130 	 Ey 	 2 	 2.222829e+00 	 -1.560000e+03 	 1.200000e+02 	 2.000000e+00
14 	 131 	 Ey 	 2 	 4.572953e+00 	 -1.320000e+03 	 1.200000e+02 	 2.000000e+00
14 	 132 	 Ey 	 2 	 3.295131e+00 	 -1.080000e+03 	 1.200000e+02 	 2.000000e+00
14 	 133 	 Ey 	 2 	 3.586150e+00 	 -8.400000e+02 	 1.200000e+02 	 2.000000e+00
14 	 134 	 Ey 	 2 	 1.758889e+00 	 -6.000000e+02 	 1.200000e+02 	 2.000000e+00
14 	 135 	 Ey 	 2 	 1.728731e+00 	 -3.600000e+02 	 1.200000e+02 	 2.000000e+00
14 	 136 	 Ey 	 2 	 3.078941e+00 	 -1.200000e+02 	 1.200000e+02 	 2.000000e+00
14 	 137 	 Ey 	 2 	 1.494737e+00 	 1.200000e+02 	 1.200000e+02 	 2.000000e+00
14 	 138 	 Ey 	 2 	 1.850159e+00 	 3.600000e+02 	 1.200000e+02 	 2.000000e+00
14 	 139 	 Ey 	 2 	 1.804973e+00 	 6.000000e+02 	 1.200000e+02 	 2.000000e+00
14 	 140 	 Ey 	 2 	 2.570375e+00 	 8.400000e+02 	 1.200000e+02 	 2.000000e+00
14 	 141 	 Ey 	 2 	 3.131631e+00 	 1.080000e+03 	 1.200000e+02 	 2.000000e+00
14 	 142 	 Ey 	 2 	 3.003398e+00 	 1.320000e+03 	 1.200000e+02 	 2.000000e+00
14 	 143 	 Ey 	 2 	 2.321877e+00 	 1.560000e+03 	 1.200000e+02 	 2.000000e+00
14 	 144 	 Ey 	 2 	 1.705018e+00 	 1.800000e+03 	 1.200000e+02 	 2.000000e+00
14 	 145 	 Ey 	 2 	 3.948103e+00 	 -1.800000e+03 	 3.600000e+02 	 2.000000e+00
14 	 146 	 Ey 	 2 	 2.529833e+00 	 -1.560000e+03 	 3.600000e+02 	 2.000000e+00
14 	 147 	 Ey 	 2 	 2.687125e+00 	 -1.320000e+03 	 3.600000e+02 	 2.000000e+00
14 	 148 	 Ey 	 2 	 3.064937e+00 	 -1.080000e+03 	 3.600000e+02 	 2.000000e+00
14 	 149 	 Ey 	 2 	 3.085411e+00 	 -8.400000e+02 	 3.600000e+02 	 2.000000e+00
14 	 150 	 Ey 	 2 	 1.098116e+00 	 -6.000000e+02 	 3.600000e+02 	 2.000000e+00
14 	 151 	 Ey 	 2 	 1.185648e+00 	 -3.600000e+02 	 3.600000e+02 	 2.000000e+00
14 	 152 	 Ey 	 2 	 1.049183e+00 	 -1.200000e+02 	 3.600000e+02 	 2.000000e+00
14 	 153 	 Ey 	 2 	 2.188970e+00 	 1.200000e+02 	 3.600000e+02 	 2.000000e+00
14 	 154 	 Ey 	 2 	 6.580597e-01 	 3.600000e+02 	 3.600000e+02 	 2.000000e+00
14 	 155 	 Ey 	 2 	 1.384152e+00 	 6.000000e+02 	 3.600000e+02 	 2.000000e+00
14 	 156 	 Ey 	 2 	 2.347847e+00 	 8.400000e+02 	 3.600000e+02 	 2.000000e+00
14 	 157 	 Ey 	 2 	 2.263976e+00 	 1.080000e+03 	 3.600000e+02 	 2.000000e+00
14 	 158 	 Ey 	 2 	 1.573278e+00 	 1.320000e+03 	 3.600000e+02 	 2.000000e+00
14 	 159 	 Ey 	 2 	 1.304172e+00 	 1.560000e+03 	 3.600000e+02 	 2.000000e+00
14 	 160 	 Ey 	 2 	 2.323235e+00 	 1.800000e+03 	 3.600000e+02 	 2.000000e+00
14 	 161 	 Ey 	 2 	 2.270172e+00 	 -1.800000e+03 	 6.000000e+02 	 2.000000e+00
14 	 162 	 Ey 	 2 	 3.901970e-01 	 -1.560000e+03 	 6.000000e+02 	 2.000000e+00
14 	 163 	 Ey 	 2 	 5.325725e-01 	 -1.320000e+03 	 6.000000e+02 	 2.000000e+00
14 	 164 	 Ey 	 2 	 6.950834e-01 	 -1.080000e+03 	 6.000000e+02 	 2.000000e+00
14 	 165 	 Ey 	 2 	 8.547511e-01 	 -8.400000e+02 	 6.000000e+02 	 2.000000e+00
14 	 166 	 Ey 	 2 	 1.412077e+00 	 -6.000000e+02 	 6.000000e+02 	 2.000000e+00
14 	 167 	 Ey 	 2 	 1.234600e+00 	 -3.600000e+02 	 6.000000e+02 	 2.000000e+00
14 	 168 	 Ey 	 2 	 1.861266e+00 	 -1.200000e+02 	 6.000000e+02 	 2.000000e+00
14 	 169 	 Ey 	 2 	 2.255356e+00 	 1.200000e+02 	 6.000000e+02 	 2.000000e+00
14 	 170 	 Ey 	 2 	 7.211189e-01 	 3.600000e+02 	 6.000000e+02 	 2.000000e+00
14 	 171 	 Ey 	 2 	 2.855227e+00 	 6.000000e+02 	 6.000000e+02 	 2.000000e+00
14 	 172 	 Ey 	 2 	 1.541214e+00 	 8.400000e+02 	 6.000000e+02 	 2.000000e+00
14 	 173 	 Ey 	 2 	 2.001494e+00 	 1.080000e+03 	 6.000000e+02 	 2.000000e+00
14 	 174 	 Ey 	 2 	 1.875756e+00 	 1.320000e+03 	 6.000000e+02 	 2.000000e+00
14 	 175 	 Ey 	 2 	 1.901022e+00 	 1.560000e+03 	 6.000000e+02 	 2.000000e+00
14 	 176 	 Ey 	 2 	 2.210590e+00 	 1.800000e+03 	 6.000000e+02 	 2.000000e+00
14 	 177 	 Ey 	 2 	 1.314397e+00 	 -1.800000e+03 	 8.400000e+02 	 2.000000e+00
14 	 178 	 Ey 	 2 	 1.375965e+00 	 -1.560000e+03 	 8.400000e+02 	 2.000000e+00
14 	 179 	 Ey 	 2 	 1.108991e+00 	 -1.320000e+03 	 8.400000e+02 	 2.000000e+00
14 	 180 	 Ey 	 2 	 1.198075e+00 	 -1.080000e+03 	 8.400000e+02 	 2.000000e+00
14 	 181 	 Ey 	 2 	 2.583356e-01 	 -8.400000e+02 	 8.400000e+02 	 2.000000e+00
14 	 182 	 Ey 	 2 	 1.295742e+00 	 -6.000000e+02 	 8.400000e+02 	 2.000000e+00
14 	 183 	 Ey 	 2 	 1.398677e+00 	 -3.600000e+02 	 8.400000e+02 	 2.000000e+00
14 	 184 	 Ey 	 2 	 6.912427e-01 	 -1.200000e+02 	 8.400000e+02 	 2.000000e+00
14 	 185 	 Ey 	 2 	 6.042913e-01 	 1.200000e+02 	 8.400000e+02 	 2.000000e+00
14 	 186 	 Ey 	 2 	 1.179586e+00 	 3.600000e+02 	 8.400000e+02 	 2.000000e+00
14 	 187 	 Ey 	 2 	 1.782672e+00 	 6.000000e+02 	 8.400000e+02 	 2.000000e+00
14 	 188 	 Ey 	 2 	 8.546246e-01 	 8.400000e+02 	 8.400000e+02 	 2.000000e+00
14 	 189 	 Ey 	 2 	 4.351465e-01 	 1.080000e+03 	 8.400000e+02 	 2.000000e+00
14 	 190 	 Ey 	 2 	 7.060209e-01 	 1.320000e+03 	 8.400000e+02 	 2.000000e+00
14 	 191 	 Ey 	 2 	 1.145765e+00 	 1.560000e+03 	 8.400000e+02 	 2.000000e+00
14 	 192 	 Ey 	 2 	 2.107234e+00 	 1.800000e+03 	 8.400000e+02 	 2.000000e+00
14 	 193 	 Ey 	 2 	 1.319370e+00 	 -1.800000e+03 	 1.080000e+03 	 2.000000e+00
14 	 194 	 Ey 	 2 	 1.314269e+00 	 -1.560000e+03 	 1.080000e+03 	 2.000000e+00
14 	 195 	 Ey 	 2 	 4.411931e-01 	 -1.320000e+03 	 1.080000e+03 	 2.000000e+00
14 	 196 	 Ey 	 2 	 2.278237e+00 	 -1.080000e+03 	 1.080000e+03 	 2.000000e+00
14 	 197 	 Ey 	 2 	 8.861772e-01 	 -8.400000e+02 	 1.080000e+03 	 2.000000e+00
14 	 198 	 Ey 	 2 	 0.000000e+00 	 -6.000000e+02 	 1.080000e+03 	 2.000000e+00
14 	 199 	 Ey 	 2 	 0.000000e+00 	 -3.600000e+02 	 1.080000e+03 	 2.000000e+00
14 	 200 	 Ey 	 2 	 1.397572e-01 	 -1.200000e+02 	 1.080000e+03 	 2.000000e+00
14 	 201 	 Ey 	 2 	 1.258249e+00 	 1.200000e+02 	 1.080000e+03 	 2.000000e+00
14 	 202 	 Ey 	 2 	 1.238088e+00 	 3.600000e+02 	 1.080000e+03 	 2.000000e+00
14 	 203 	 Ey 	 2 	 1.118778e+00 	 6.000000e+02 	 1.080000e+03 	 2.000000e+00
14 	 204 	 Ey 	 2 	 1.095312e+00 	 8.400000e+02 	 1.080000e+03 	 2.000000e+00
14 	 205 	 Ey 	 2 	 1.741547e+00 	 1.080000e+03 	 1.080000e+03 	 2.000000e+00
14 	 206 	 Ey 	 2 	 2.562477e-01 	 1.320000e+03 	 1.080000e+03 	 2.000000e+00
14 	 207 	 Ey 	 2 	 9.004607e-01 	 1.560000e+03 	 1.080000e+03 	 2.000000e+00
14 	 208 	 Ey 	 2 	 1.312860e+00 	 1.800000e+03 	 1.080000e+03 	 2.000000e+00
14 	 209 	 Ey 	 2 	 1.736001e+00 	 -1.800000e+03 	 1.320000e+03 	 2.000000e+00
14 	 210 	 Ey 	 2 	 1.124813e-01 	 -1.560000e+03 	 1.320000e+03 	 2.000000e+00
14 	 211 	 Ey 	 2 	 8.903667e-01 	 -1.320000e+03 	 1.320000e+03 	 2.000000e+00
14 	 212 	 Ey 	 2 	 6.956325e-01 	 -1.080000e+03 	 1.320000e+03 	 2.000000e+00
14 	 213 	 Ey 	 2 	 0.000000e+00 	 -8.400000e+02 	 1.320000e+03 	 2.000000e+00
14 	 214 	 Ey 	 2 	 0.000000e+00 	 -6.000000e+02 	 1.320000e+03 	 2.000000e+00
14 	 215 	 Ey 	 2 	 0.000000e+00 	 -3.600000e+02 	 1.320000e+03 	 2.000000e+00
14 	 216 	 Ey 	 2 	 0.000000e+00 	 -1.200000e+02 	 1.320000e+03 	 2.000000e+00
14 	 217 	 Ey 	 2 	 1.580931e+00 	 1.200000e+02 	 1.320000e+03 	 2.000000e+00
14 	 218 	 Ey 	 2 	 2.448519e+00 	 3.600000e+02 	 1.320000e+03 	 2.000000e+00
14 	 219 	 Ey 	 2 	 1.861673e+00 	 6.000000e+02 	 1.320000e+03 	 2.000000e+00
14 	 220 	 Ey 	 2 	 2.009475e+00 	 8.400000e+02 	 1.320000e+03 	 2.000000e+00
14 	 221 	 Ey 	 2 	 1.050039e+00 	 1.080000e+03 	 1.320000e+03 	 2.000000e+00
14 	 222 	 Ey 	 2 	 9.747195e-01 	 1.320000e+03 	 1.320000e+03 	 2.000000e+00
14 	 223 	 Ey 	 2 	 5.383832e-01 	 1.560000e+03 	 1.320000e+03 	 2.000000e+00
14 	 224 	 Ey 	 2 	 9.895878e-01 	 1.800000e+03 	 1.320000e+03 	 2.000000e+00
14 	 225 	 Ey 	 2 	 1.595974e+00 	 -1.800000e+03 	 1.560000e+03 	 2.000000e+00
14 	 226 	 Ey 	 2 	 1.180053e+00 	 -1.560000e+03 	 1.560000e+03 	 2.000000e+00
14 	 227 	 Ey 	 2 	 1.534204e+00 	 -1.320000e+03 	 1.560000e+03 	 2.000000e+00
14 	 228 	 Ey 	 2 	 0.000000e+00 	 -1.080000e+03 	 1.560000e+03 	 2.000000e+00
14 	 229 	 Ey 	 2 	 0.000000e+00 	 -8.400000e+02 	 1.560000e+03 	 2.000000e+00
14 	 230 	 Ey 	 2 	 0.000000e+00 	 -6.000000e+02 	 1.560000e+03 	 2.000000e+00
14 	 231 	 Ey 	 2 	 0.000000e+00 	 -3.600000e+02 	 1.560000e+03 	 2.000000e+00
14 	 232 	 Ey 	 2 	 0.000000e+00 	 -1.200000e+02 	 1.560000e+03 	 2.000000e+00
14 	 233 	 Ey 	 2 	 1.092003e+00 	 1.200000e+02 	 1.560000e+03 	 2.000000e+00
14 	 234 	 Ey 	 2 	 1.593738e-01 	 3.600000e+02 	 1.560000e+03 	 2.000000e+00
14 	 235 	 Ey 	 2 	 1.055070e+00 	 6.000000e+02 	 1.560000e+03 	 2.000000e+00
14 	 236 	 Ey 	 2 	 2.084856e-01 	 8.400000e+02 	 1.560000e+03 	 2.000000e+00
14 	 237 	 Ey 	 2 	 6.979918e-01 	 1.080000e+03 	 1.560000e+03 	 2.000000e+00
14 	 238 	 Ey 	 2 	 1.065375e+00 	 1.320000e+03 	 1.560000e+03 	 2.000000e+00
14 	 239 	 Ey 	 2 	 5.343965e-01 	 1.560000e+03 	 1.560000e+03 	 2.000000e+00
14 	 240 	 Ey 	 2 	 4.090491e-01 	 1.800000e+03 	 1.560000e+03 	 2.000000e+00
14 	 241 	 Ey 	 2 	 1.227948e+00 	 -1.800000e+03 	 1.800000e+03 	 2.000000e+00
14 	 242 	 Ey 	 2 	 1.836791e+00 	 -1.560000e+03 	 1.800000e+03 	 2.000000e+00
14 	 243 	 Ey 	 2 	 1.131795e+00 	 -1.320000e+03 	 1.800000e+03 	 2.000000e+00
14 	 244 	 Ey 	 2 	 0.000000e+00 	 -1.080000e+03 	 1.800000e+03 	 2.000000e+00
14 	 245 	 Ey 	 2 	 0.000000e+00 	 -8.400000e+02 	 1.800000e+03 	 2.000000e+00
14 	 246 	 Ey 	 2 	 0.000000e+00 	 -6.000000e+02 	 1.800000e+03 	 2.000000e+00
14 	 247 	 Ey 	 2 	 0.000000e+00 	 -3.600000e+02 	 1.800000e+03 	 2.000000e+00
14 	 248 	 Ey 	 2 	 0.000000e+00 	 -1.200000e+02 	 1.800000e+03 	 2.000000e+00
14 	 249 	 Ey 	 2 	 2.145751e+00 	 1.200000e+02 	 1.800000e+03 	 2.000000e+00
14 	 250 	 Ey 	 2 	 5.458804e-01 	 3.600000e+02 	 1.800000e+03 	 2.000000e+00
14 	 251 	 Ey 	 2 	 6.448870e-01 	 6.000000e+02 	 1.800000e+03 	 2.000000e+00
14 	 252 	 Ey 	 2 	 1.233589e+00 	 8.400000e+02 	 1.800000e+03 	 2.000000e+00
14 	 253 	 Ey 	 2 	 7.664068e-01 	 1.080000e+03 	 1.800000e+03 	 2.000000e+00
14 	 254 	 Ey 	 2 	 9.329791e-01 	 1.320000e+03 	 1.800000e+03 	 2.000000e+00
14 	 255 	 Ey 	 2 	 8.950884e-01 	 1.560000e+03 	 1.800000e+03 	 2.000000e+00
14 	 256 	 Ey 	 2 	 2.150200e-01 	 1.800000e+03 	 1.800000e+03 	 2.000000e+00
