iTx 	 iRx    ichrec  ifreq 	 sig_misfit   x       y      z
7 	 1 	 Ex 	 1 	 1.616144e+00 	 -1.800000e+03 	 -1.800000e+03 	 2.000000e+00
7 	 2 	 Ex 	 1 	 2.857899e+00 	 -1.560000e+03 	 -1.800000e+03 	 2.000000e+00
7 	 3 	 Ex 	 1 	 3.564223e+00 	 -1.320000e+03 	 -1.800000e+03 	 2.000000e+00
7 	 4 	 Ex 	 1 	 3.625216e+00 	 -1.080000e+03 	 -1.800000e+03 	 2.000000e+00
7 	 5 	 Ex 	 1 	 4.025942e+00 	 -8.400000e+02 	 -1.800000e+03 	 2.000000e+00
7 	 6 	 Ex 	 1 	 2.994342e+00 	 -6.000000e+02 	 -1.800000e+03 	 2.000000e+00
7 	 7 	 Ex 	 1 	 2.778811e+00 	 -3.600000e+02 	 -1.800000e+03 	 2.000000e+00
7 	 8 	 Ex 	 1 	 2.971097e+00 	 -1.200000e+02 	 -1.800000e+03 	 2.000000e+00
7 	 9 	 Ex 	 1 	 4.888255e+00 	 1.200000e+02 	 -1.800000e+03 	 2.000000e+00
7 	 10 	 Ex 	 1 	 3.409249e+00 	 3.600000e+02 	 -1.800000e+03 	 2.000000e+00
7 	 11 	 Ex 	 1 	 3.714585e+00 	 6.000000e+02 	 -1.800000e+03 	 2.000000e+00
7 	 12 	 Ex 	 1 	 3.329929e+00 	 8.400000e+02 	 -1.800000e+03 	 2.000000e+00
7 	 13 	 Ex 	 1 	 7.138287e-01 	 1.080000e+03 	 -1.800000e+03 	 2.000000e+00
7 	 14 	 Ex 	 1 	 2.989864e+00 	 1.320000e+03 	 -1.800000e+03 	 2.000000e+00
7 	 15 	 Ex 	 1 	 2.808531e+00 	 1.560000e+03 	 -1.800000e+03 	 2.000000e+00
7 	 16 	 Ex 	 1 	 1.460757e+00 	 1.800000e+03 	 -1.800000e+03 	 2.000000e+00
7 	 17 	 Ex 	 1 	 1.942253e+00 	 -1.800000e+03 	 -1.560000e+03 	 2.000000e+00
7 	 18 	 Ex 	 1 	 2.132865e+00 	 -1.560000e+03 	 -1.560000e+03 	 2.000000e+00
7 	 19 	 Ex 	 1 	 2.962137e+00 	 -1.320000e+03 	 -1.560000e+03 	 2.000000e+00
7 	 20 	 Ex 	 1 	 3.530170e+00 	 -1.080000e+03 	 -1.560000e+03 	 2.000000e+00
7 	 21 	 Ex 	 1 	 4.322113e+00 	 -8.400000e+02 	 -1.560000e+03 	 2.000000e+00
7 	 22 	 Ex 	 1 	 3.515611e+00 	 -6.000000e+02 	 -1.560000e+03 	 2.000000e+00
7 	 23 	 Ex 	 1 	 2.654103e+00 	 -3.600000e+02 	 -1.560000e+03 	 2.000000e+00
7 	 24 	 Ex 	 1 	 4.247576e-01 	 -1.200000e+02 	 -1.560000e+03 	 2.000000e+00
7 	 25 	 Ex 	 1 	 2.125829e+00 	 1.200000e+02 	 -1.560000e+03 	 2.000000e+00
7 	 26 	 Ex 	 1 	 2.509167e+00 	 3.600000e+02 	 -1.560000e+03 	 2.000000e+00
7 	 27 	 Ex 	 1 	 2.964409e+00 	 6.000000e+02 	 -1.560000e+03 	 2.000000e+00
7 	 28 	 Ex 	 1 	 2.021294e+00 	 8.400000e+02 	 -1.560000e+03 	 2.000000e+00
7 	 29 	 Ex 	 1 	 1.909316e+00 	 1.080000e+03 	 -1.560000e+03 	 2.000000e+00
7 	 30 	 Ex 	 1 	 3.129741e-01 	 1.320000e+03 	 -1.560000e+03 	 2.000000e+00
7 	 31 	 Ex 	 1 	 2.627413e+00 	 1.560000e+03 	 -1.560000e+03 	 2.000000e+00
7 	 32 	 Ex 	 1 	 1.336854e+00 	 1.800000e+03 	 -1.560000e+03 	 2.000000e+00
7 	 33 	 Ex 	 1 	 2.066143e+00 	 -1.800000e+03 	 -1.320000e+03 	 2.000000e+00
7 	 34 	 Ex 	 1 	 2.007653e+00 	 -1.560000e+03 	 -1.320000e+03 	 2.000000e+00
7 	 35 	 Ex 	 1 	 3.264833e+00 	 -1.320000e+03 	 -1.320000e+03 	 2.000000e+00
7 	 36 	 Ex 	 1 	 3.595754e+00 	 -1.080000e+03 	 -1.320000e+03 	 2.000000e+00
7 	 37 	 Ex 	 1 	 4.118263e+00 	 -8.400000e+02 	 -1.320000e+03 	 2.000000e+00
7 	 38 	 Ex 	 1 	 3.467997e+00 	 -6.000000e+02 	 -1.320000e+03 	 2.000000e+00
7 	 39 	 Ex 	 1 	 2.002929e+00 	 -3.600000e+02 	 -1.320000e+03 	 2.000000e+00
7 	 40 	 Ex 	 1 	 2.953632e-01 	 -1.200000e+02 	 -1.320000e+03 	 2.000000e+00
7 	 41 	 Ex 	 1 	 2.170549e+00 	 1.200000e+02 	 -1.320000e+03 	 2.000000e+00
7 	 42 	 Ex 	 1 	 2.390671e+00 	 3.600000e+02 	 -1.320000e+03 	 2.000000e+00
7 	 43 	 Ex 	 1 	 3.410070e+00 	 6.000000e+02 	 -1.320000e+03 	 2.000000e+00
7 	 44 	 Ex 	 1 	 1.778085e+00 	 8.400000e+02 	 -1.320000e+03 	 2.000000e+00
7 	 45 	 Ex 	 1 	 7.658539e-01 	 1.080000e+03 	 -1.320000e+03 	 2.000000e+00
7 	 46 	 Ex 	 1 	 3.547874e-01 	 1.320000e+03 	 -1.320000e+03 	 2.000000e+00
7 	 47 	 Ex 	 1 	 3.197909e+00 	 1.560000e+03 	 -1.320000e+03 	 2.000000e+00
7 	 48 	 Ex 	 1 	 3.321441e+00 	 1.800000e+03 	 -1.320000e+03 	 2.000000e+00
7 	 49 	 Ex 	 1 	 1.734980e+00 	 -1.800000e+03 	 -1.080000e+03 	 2.000000e+00
7 	 50 	 Ex 	 1 	 2.924683e+00 	 -1.560000e+03 	 -1.080000e+03 	 2.000000e+00
7 	 51 	 Ex 	 1 	 4.952038e+00 	 -1.320000e+03 	 -1.080000e+03 	 2.000000e+00
7 	 52 	 Ex 	 1 	 4.908699e+00 	 -1.080000e+03 	 -1.080000e+03 	 2.000000e+00
7 	 53 	 Ex 	 1 	 5.515532e+00 	 -8.400000e+02 	 -1.080000e+03 	 2.000000e+00
7 	 54 	 Ex 	 1 	 2.773490e+00 	 -6.000000e+02 	 -1.080000e+03 	 2.000000e+00
7 	 55 	 Ex 	 1 	 4.958154e-01 	 -3.600000e+02 	 -1.080000e+03 	 2.000000e+00
7 	 56 	 Ex 	 1 	 9.995500e-01 	 -1.200000e+02 	 -1.080000e+03 	 2.000000e+00
7 	 57 	 Ex 	 1 	 1.478101e+00 	 1.200000e+02 	 -1.080000e+03 	 2.000000e+00
7 	 58 	 Ex 	 1 	 0.000000e+00 	 3.600000e+02 	 -1.080000e+03 	 2.000000e+00
7 	 59 	 Ex 	 1 	 0.000000e+00 	 6.000000e+02 	 -1.080000e+03 	 2.000000e+00
7 	 60 	 Ex 	 1 	 1.415158e+00 	 8.400000e+02 	 -1.080000e+03 	 2.000000e+00
7 	 61 	 Ex 	 1 	 5.536125e-01 	 1.080000e+03 	 -1.080000e+03 	 2.000000e+00
7 	 62 	 Ex 	 1 	 2.593680e+00 	 1.320000e+03 	 -1.080000e+03 	 2.000000e+00
7 	 63 	 Ex 	 1 	 3.520535e+00 	 1.560000e+03 	 -1.080000e+03 	 2.000000e+00
7 	 64 	 Ex 	 1 	 4.231597e+00 	 1.800000e+03 	 -1.080000e+03 	 2.000000e+00
7 	 65 	 Ex 	 1 	 1.928553e+00 	 -1.800000e+03 	 -8.400000e+02 	 2.000000e+00
7 	 66 	 Ex 	 1 	 3.313514e+00 	 -1.560000e+03 	 -8.400000e+02 	 2.000000e+00
7 	 67 	 Ex 	 1 	 3.559959e+00 	 -1.320000e+03 	 -8.400000e+02 	 2.000000e+00
7 	 68 	 Ex 	 1 	 6.627356e+00 	 -1.080000e+03 	 -8.400000e+02 	 2.000000e+00
7 	 69 	 Ex 	 1 	 5.457939e+00 	 -8.400000e+02 	 -8.400000e+02 	 2.000000e+00
7 	 70 	 Ex 	 1 	 3.132314e+00 	 -6.000000e+02 	 -8.400000e+02 	 2.000000e+00
7 	 71 	 Ex 	 1 	 1.356925e+00 	 -3.600000e+02 	 -8.400000e+02 	 2.000000e+00
7 	 72 	 Ex 	 1 	 1.598291e+00 	 -1.200000e+02 	 -8.400000e+02 	 2.000000e+00
7 	 73 	 Ex 	 1 	 0.000000e+00 	 1.200000e+02 	 -8.400000e+02 	 2.000000e+00
7 	 74 	 Ex 	 1 	 0.000000e+00 	 3.600000e+02 	 -8.400000e+02 	 2.000000e+00
7 	 75 	 Ex 	 1 	 0.000000e+00 	 6.000000e+02 	 -8.400000e+02 	 2.000000e+00
7 	 76 	 Ex 	 1 	 0.000000e+00 	 8.400000e+02 	 -8.400000e+02 	 2.000000e+00
7 	 77 	 Ex 	 1 	 1.846769e+00 	 1.080000e+03 	 -8.400000e+02 	 2.000000e+00
7 	 78 	 Ex 	 1 	 2.011280e+00 	 1.320000e+03 	 -8.400000e+02 	 2.000000e+00
7 	 79 	 Ex 	 1 	 3.646633e+00 	 1.560000e+03 	 -8.400000e+02 	 2.000000e+00
7 	 80 	 Ex 	 1 	 4.341498e+00 	 1.800000e+03 	 -8.400000e+02 	 2.000000e+00
7 	 81 	 Ex 	 1 	 2.269800e+00 	 -1.800000e+03 	 -6.000000e+02 	 2.000000e+00
7 	 82 	 Ex 	 1 	 3.999083e+00 	 -1.560000e+03 	 -6.000000e+02 	 2.000000e+00
7 	 83 	 Ex 	 1 	 4.785668e+00 	 -1.320000e+03 	 -6.000000e+02 	 2.000000e+00
7 	 84 	 Ex 	 1 	 6.920094e+00 	 -1.080000e+03 	 -6.000000e+02 	 2.000000e+00
7 	 85 	 Ex 	 1 	 5.690169e+00 	 -8.400000e+02 	 -6.000000e+02 	 2.000000e+00
7 	 86 	 Ex 	 1 	 4.373307e+00 	 -6.000000e+02 	 -6.000000e+02 	 2.000000e+00
7 	 87 	 Ex 	 1 	 9.937735e-01 	 -3.600000e+02 	 -6.000000e+02 	 2.000000e+00
7 	 88 	 Ex 	 1 	 2.467751e+00 	 -1.200000e+02 	 -6.000000e+02 	 2.000000e+00
7 	 89 	 Ex 	 1 	 0.000000e+00 	 1.200000e+02 	 -6.000000e+02 	 2.000000e+00
7 	 90 	 Ex 	 1 	 0.000000e+00 	 3.600000e+02 	 -6.000000e+02 	 2.000000e+00
7 	 91 	 Ex 	 1 	 0.000000e+00 	 6.000000e+02 	 -6.000000e+02 	 2.000000e+00
7 	 92 	 Ex 	 1 	 0.000000e+00 	 8.400000e+02 	 -6.000000e+02 	 2.000000e+00
7 	 93 	 Ex 	 1 	 0.000000e+00 	 1.080000e+03 	 -6.000000e+02 	 2.000000e+00
7 	 94 	 Ex 	 1 	 2.319239e+00 	 1.320000e+03 	 -6.000000e+02 	 2.000000e+00
7 	 95 	 Ex 	 1 	 3.090723e+00 	 1.560000e+03 	 -6.000000e+02 	 2.000000e+00
7 	 96 	 Ex 	 1 	 4.792368e+00 	 1.800000e+03 	 -6.000000e+02 	 2.000000e+00
7 	 97 	 Ex 	 1 	 2.362575e+00 	 -1.800000e+03 	 -3.600000e+02 	 2.000000e+00
7 	 98 	 Ex 	 1 	 3.711710e+00 	 -1.560000e+03 	 -3.600000e+02 	 2.000000e+00
7 	 99 	 Ex 	 1 	 6.436885e+00 	 -1.320000e+03 	 -3.600000e+02 	 2.000000e+00
7 	 100 	 Ex 	 1 	 7.562361e+00 	 -1.080000e+03 	 -3.600000e+02 	 2.000000e+00
7 	 101 	 Ex 	 1 	 7.644287e+00 	 -8.400000e+02 	 -3.600000e+02 	 2.000000e+00
7 	 102 	 Ex 	 1 	 3.184900e+00 	 -6.000000e+02 	 -3.600000e+02 	 2.000000e+00
7 	 103 	 Ex 	 1 	 5.503511e-01 	 -3.600000e+02 	 -3.600000e+02 	 2.000000e+00
7 	 104 	 Ex 	 1 	 1.957021e+00 	 -1.200000e+02 	 -3.600000e+02 	 2.000000e+00
7 	 105 	 Ex 	 1 	 0.000000e+00 	 1.200000e+02 	 -3.600000e+02 	 2.000000e+00
7 	 106 	 Ex 	 1 	 0.000000e+00 	 3.600000e+02 	 -3.600000e+02 	 2.000000e+00
7 	 107 	 Ex 	 1 	 0.000000e+00 	 6.000000e+02 	 -3.600000e+02 	 2.000000e+00
7 	 108 	 Ex 	 1 	 0.000000e+00 	 8.400000e+02 	 -3.600000e+02 	 2.000000e+00
7 	 109 	 Ex 	 1 	 0.000000e+00 	 1.080000e+03 	 -3.600000e+02 	 2.000000e+00
7 	 110 	 Ex 	 1 	 1.622360e+00 	 1.320000e+03 	 -3.600000e+02 	 2.000000e+00
7 	 111 	 Ex 	 1 	 3.861710e+00 	 1.560000e+03 	 -3.600000e+02 	 2.000000e+00
7 	 112 	 Ex 	 1 	 4.500002e+00 	 1.800000e+03 	 -3.600000e+02 	 2.000000e+00
7 	 113 	 Ex 	 1 	 2.649276e+00 	 -1.800000e+03 	 -1.200000e+02 	 2.000000e+00
7 	 114 	 Ex 	 1 	 2.942011e+00 	 -1.560000e+03 	 -1.200000e+02 	 2.000000e+00
7 	 115 	 Ex 	 1 	 5.092430e+00 	 -1.320000e+03 	 -1.200000e+02 	 2.000000e+00
7 	 116 	 Ex 	 1 	 7.780869e+00 	 -1.080000e+03 	 -1.200000e+02 	 2.000000e+00
7 	 117 	 Ex 	 1 	 6.831056e+00 	 -8.400000e+02 	 -1.200000e+02 	 2.000000e+00
7 	 118 	 Ex 	 1 	 3.006520e+00 	 -6.000000e+02 	 -1.200000e+02 	 2.000000e+00
7 	 119 	 Ex 	 1 	 7.648753e-01 	 -3.600000e+02 	 -1.200000e+02 	 2.000000e+00
7 	 120 	 Ex 	 1 	 1.886085e+00 	 -1.200000e+02 	 -1.200000e+02 	 2.000000e+00
7 	 121 	 Ex 	 1 	 0.000000e+00 	 1.200000e+02 	 -1.200000e+02 	 2.000000e+00
7 	 122 	 Ex 	 1 	 0.000000e+00 	 3.600000e+02 	 -1.200000e+02 	 2.000000e+00
7 	 123 	 Ex 	 1 	 0.000000e+00 	 6.000000e+02 	 -1.200000e+02 	 2.000000e+00
7 	 124 	 Ex 	 1 	 0.000000e+00 	 8.400000e+02 	 -1.200000e+02 	 2.000000e+00
7 	 125 	 Ex 	 1 	 1.161134e+00 	 1.080000e+03 	 -1.200000e+02 	 2.000000e+00
7 	 126 	 Ex 	 1 	 3.714323e+00 	 1.320000e+03 	 -1.200000e+02 	 2.000000e+00
7 	 127 	 Ex 	 1 	 4.179594e+00 	 1.560000e+03 	 -1.200000e+02 	 2.000000e+00
7 	 128 	 Ex 	 1 	 5.559525e+00 	 1.800000e+03 	 -1.200000e+02 	 2.000000e+00
7 	 129 	 Ex 	 1 	 1.654059e+00 	 -1.800000e+03 	 1.200000e+02 	 2.000000e+00
7 	 130 	 Ex 	 1 	 8.704464e-01 	 -1.560000e+03 	 1.200000e+02 	 2.000000e+00
7 	 131 	 Ex 	 1 	 3.258154e+00 	 -1.320000e+03 	 1.200000e+02 	 2.000000e+00
7 	 132 	 Ex 	 1 	 6.369142e+00 	 -1.080000e+03 	 1.200000e+02 	 2.000000e+00
7 	 133 	 Ex 	 1 	 7.032933e+00 	 -8.400000e+02 	 1.200000e+02 	 2.000000e+00
7 	 134 	 Ex 	 1 	 2.991396e+00 	 -6.000000e+02 	 1.200000e+02 	 2.000000e+00
7 	 135 	 Ex 	 1 	 2.597430e-01 	 -3.600000e+02 	 1.200000e+02 	 2.000000e+00
7 	 136 	 Ex 	 1 	 2.396233e+00 	 -1.200000e+02 	 1.200000e+02 	 2.000000e+00
7 	 137 	 Ex 	 1 	 1.509938e+00 	 1.200000e+02 	 1.200000e+02 	 2.000000e+00
7 	 138 	 Ex 	 1 	 4.311437e+00 	 3.600000e+02 	 1.200000e+02 	 2.000000e+00
7 	 139 	 Ex 	 1 	 1.792028e+00 	 6.000000e+02 	 1.200000e+02 	 2.000000e+00
7 	 140 	 Ex 	 1 	 1.840831e+00 	 8.400000e+02 	 1.200000e+02 	 2.000000e+00
7 	 141 	 Ex 	 1 	 1.292133e+00 	 1.080000e+03 	 1.200000e+02 	 2.000000e+00
7 	 142 	 Ex 	 1 	 2.898824e+00 	 1.320000e+03 	 1.200000e+02 	 2.000000e+00
7 	 143 	 Ex 	 1 	 4.569933e+00 	 1.560000e+03 	 1.200000e+02 	 2.000000e+00
7 	 144 	 Ex 	 1 	 5.369524e+00 	 1.800000e+03 	 1.200000e+02 	 2.000000e+00
7 	 145 	 Ex 	 1 	 3.029991e+00 	 -1.800000e+03 	 3.600000e+02 	 2.000000e+00
7 	 146 	 Ex 	 1 	 1.614948e+00 	 -1.560000e+03 	 3.600000e+02 	 2.000000e+00
7 	 147 	 Ex 	 1 	 9.280611e-01 	 -1.320000e+03 	 3.600000e+02 	 2.000000e+00
7 	 148 	 Ex 	 1 	 3.127420e+00 	 -1.080000e+03 	 3.600000e+02 	 2.000000e+00
7 	 149 	 Ex 	 1 	 4.543607e+00 	 -8.400000e+02 	 3.600000e+02 	 2.000000e+00
7 	 150 	 Ex 	 1 	 4.282056e+00 	 -6.000000e+02 	 3.600000e+02 	 2.000000e+00
7 	 151 	 Ex 	 1 	 1.608425e+00 	 -3.600000e+02 	 3.600000e+02 	 2.000000e+00
7 	 152 	 Ex 	 1 	 1.141706e+00 	 -1.200000e+02 	 3.600000e+02 	 2.000000e+00
7 	 153 	 Ex 	 1 	 1.658203e+00 	 1.200000e+02 	 3.600000e+02 	 2.000000e+00
7 	 154 	 Ex 	 1 	 5.463841e+00 	 3.600000e+02 	 3.600000e+02 	 2.000000e+00
7 	 155 	 Ex 	 1 	 6.166554e+00 	 6.000000e+02 	 3.600000e+02 	 2.000000e+00
7 	 156 	 Ex 	 1 	 3.533480e+00 	 8.400000e+02 	 3.600000e+02 	 2.000000e+00
7 	 157 	 Ex 	 1 	 1.511225e+00 	 1.080000e+03 	 3.600000e+02 	 2.000000e+00
7 	 158 	 Ex 	 1 	 3.552866e+00 	 1.320000e+03 	 3.600000e+02 	 2.000000e+00
7 	 159 	 Ex 	 1 	 4.896176e+00 	 1.560000e+03 	 3.600000e+02 	 2.000000e+00
7 	 160 	 Ex 	 1 	 6.480703e+00 	 1.800000e+03 	 3.600000e+02 	 2.000000e+00
7 	 161 	 Ex 	 1 	 3.605538e+00 	 -1.800000e+03 	 6.000000e+02 	 2.000000e+00
7 	 162 	 Ex 	 1 	 4.498552e+00 	 -1.560000e+03 	 6.000000e+02 	 2.000000e+00
7 	 163 	 Ex 	 1 	 3.478456e-01 	 -1.320000e+03 	 6.000000e+02 	 2.000000e+00
7 	 164 	 Ex 	 1 	 2.503159e+00 	 -1.080000e+03 	 6.000000e+02 	 2.000000e+00
7 	 165 	 Ex 	 1 	 3.103749e+00 	 -8.400000e+02 	 6.000000e+02 	 2.000000e+00
7 	 166 	 Ex 	 1 	 3.948959e+00 	 -6.000000e+02 	 6.000000e+02 	 2.000000e+00
7 	 167 	 Ex 	 1 	 2.134229e+00 	 -3.600000e+02 	 6.000000e+02 	 2.000000e+00
7 	 168 	 Ex 	 1 	 2.211578e+00 	 -1.200000e+02 	 6.000000e+02 	 2.000000e+00
7 	 169 	 Ex 	 1 	 5.026606e+00 	 1.200000e+02 	 6.000000e+02 	 2.000000e+00
7 	 170 	 Ex 	 1 	 5.676592e+00 	 3.600000e+02 	 6.000000e+02 	 2.000000e+00
7 	 171 	 Ex 	 1 	 7.047184e+00 	 6.000000e+02 	 6.000000e+02 	 2.000000e+00
7 	 172 	 Ex 	 1 	 4.451811e+00 	 8.400000e+02 	 6.000000e+02 	 2.000000e+00
7 	 173 	 Ex 	 1 	 1.601652e+00 	 1.080000e+03 	 6.000000e+02 	 2.000000e+00
7 	 174 	 Ex 	 1 	 2.479010e+00 	 1.320000e+03 	 6.000000e+02 	 2.000000e+00
7 	 175 	 Ex 	 1 	 3.005414e+00 	 1.560000e+03 	 6.000000e+02 	 2.000000e+00
7 	 176 	 Ex 	 1 	 4.624117e+00 	 1.800000e+03 	 6.000000e+02 	 2.000000e+00
7 	 177 	 Ex 	 1 	 6.619965e+00 	 -1.800000e+03 	 8.400000e+02 	 2.000000e+00
7 	 178 	 Ex 	 1 	 5.187801e+00 	 -1.560000e+03 	 8.400000e+02 	 2.000000e+00
7 	 179 	 Ex 	 1 	 2.862207e+00 	 -1.320000e+03 	 8.400000e+02 	 2.000000e+00
7 	 180 	 Ex 	 1 	 6.576462e-01 	 -1.080000e+03 	 8.400000e+02 	 2.000000e+00
7 	 181 	 Ex 	 1 	 2.702367e+00 	 -8.400000e+02 	 8.400000e+02 	 2.000000e+00
7 	 182 	 Ex 	 1 	 2.413845e+00 	 -6.000000e+02 	 8.400000e+02 	 2.000000e+00
7 	 183 	 Ex 	 1 	 2.894166e+00 	 -3.600000e+02 	 8.400000e+02 	 2.000000e+00
7 	 184 	 Ex 	 1 	 4.510870e+00 	 -1.200000e+02 	 8.400000e+02 	 2.000000e+00
7 	 185 	 Ex 	 1 	 8.822578e+00 	 1.200000e+02 	 8.400000e+02 	 2.000000e+00
7 	 186 	 Ex 	 1 	 8.351406e+00 	 3.600000e+02 	 8.400000e+02 	 2.000000e+00
7 	 187 	 Ex 	 1 	 8.606371e+00 	 6.000000e+02 	 8.400000e+02 	 2.000000e+00
7 	 188 	 Ex 	 1 	 5.170257e+00 	 8.400000e+02 	 8.400000e+02 	 2.000000e+00
7 	 189 	 Ex 	 1 	 3.274740e+00 	 1.080000e+03 	 8.400000e+02 	 2.000000e+00
7 	 190 	 Ex 	 1 	 2.799695e+00 	 1.320000e+03 	 8.400000e+02 	 2.000000e+00
7 	 191 	 Ex 	 1 	 3.428597e+00 	 1.560000e+03 	 8.400000e+02 	 2.000000e+00
7 	 192 	 Ex 	 1 	 2.916557e+00 	 1.800000e+03 	 8.400000e+02 	 2.000000e+00
7 	 193 	 Ex 	 1 	 8.706733e+00 	 -1.800000e+03 	 1.080000e+03 	 2.000000e+00
7 	 194 	 Ex 	 1 	 5.159815e+00 	 -1.560000e+03 	 1.080000e+03 	 2.000000e+00
7 	 195 	 Ex 	 1 	 4.935893e+00 	 -1.320000e+03 	 1.080000e+03 	 2.000000e+00
7 	 196 	 Ex 	 1 	 3.991962e+00 	 -1.080000e+03 	 1.080000e+03 	 2.000000e+00
7 	 197 	 Ex 	 1 	 1.288304e+00 	 -8.400000e+02 	 1.080000e+03 	 2.000000e+00
7 	 198 	 Ex 	 1 	 1.552102e+00 	 -6.000000e+02 	 1.080000e+03 	 2.000000e+00
7 	 199 	 Ex 	 1 	 3.398067e+00 	 -3.600000e+02 	 1.080000e+03 	 2.000000e+00
7 	 200 	 Ex 	 1 	 7.131180e+00 	 -1.200000e+02 	 1.080000e+03 	 2.000000e+00
7 	 201 	 Ex 	 1 	 7.346365e+00 	 1.200000e+02 	 1.080000e+03 	 2.000000e+00
7 	 202 	 Ex 	 1 	 7.993554e+00 	 3.600000e+02 	 1.080000e+03 	 2.000000e+00
7 	 203 	 Ex 	 1 	 8.101146e+00 	 6.000000e+02 	 1.080000e+03 	 2.000000e+00
7 	 204 	 Ex 	 1 	 8.533300e+00 	 8.400000e+02 	 1.080000e+03 	 2.000000e+00
7 	 205 	 Ex 	 1 	 4.229490e+00 	 1.080000e+03 	 1.080000e+03 	 2.000000e+00
7 	 206 	 Ex 	 1 	 2.879487e+00 	 1.320000e+03 	 1.080000e+03 	 2.000000e+00
7 	 207 	 Ex 	 1 	 2.627276e+00 	 1.560000e+03 	 1.080000e+03 	 2.000000e+00
7 	 208 	 Ex 	 1 	 2.564315e+00 	 1.800000e+03 	 1.080000e+03 	 2.000000e+00
7 	 209 	 Ex 	 1 	 8.430484e+00 	 -1.800000e+03 	 1.320000e+03 	 2.000000e+00
7 	 210 	 Ex 	 1 	 6.603345e+00 	 -1.560000e+03 	 1.320000e+03 	 2.000000e+00
7 	 211 	 Ex 	 1 	 3.635405e+00 	 -1.320000e+03 	 1.320000e+03 	 2.000000e+00
7 	 212 	 Ex 	 1 	 4.081918e+00 	 -1.080000e+03 	 1.320000e+03 	 2.000000e+00
7 	 213 	 Ex 	 1 	 1.453301e+00 	 -8.400000e+02 	 1.320000e+03 	 2.000000e+00
7 	 214 	 Ex 	 1 	 2.935776e+00 	 -6.000000e+02 	 1.320000e+03 	 2.000000e+00
7 	 215 	 Ex 	 1 	 4.515017e+00 	 -3.600000e+02 	 1.320000e+03 	 2.000000e+00
7 	 216 	 Ex 	 1 	 8.345616e+00 	 -1.200000e+02 	 1.320000e+03 	 2.000000e+00
7 	 217 	 Ex 	 1 	 7.172669e+00 	 1.200000e+02 	 1.320000e+03 	 2.000000e+00
7 	 218 	 Ex 	 1 	 8.508993e+00 	 3.600000e+02 	 1.320000e+03 	 2.000000e+00
7 	 219 	 Ex 	 1 	 9.855544e+00 	 6.000000e+02 	 1.320000e+03 	 2.000000e+00
7 	 220 	 Ex 	 1 	 7.868252e+00 	 8.400000e+02 	 1.320000e+03 	 2.000000e+00
7 	 221 	 Ex 	 1 	 5.603195e+00 	 1.080000e+03 	 1.320000e+03 	 2.000000e+00
7 	 222 	 Ex 	 1 	 4.146673e+00 	 1.320000e+03 	 1.320000e+03 	 2.000000e+00
7 	 223 	 Ex 	 1 	 4.032567e+00 	 1.560000e+03 	 1.320000e+03 	 2.000000e+00
7 	 224 	 Ex 	 1 	 2.013098e+00 	 1.800000e+03 	 1.320000e+03 	 2.000000e+00
7 	 225 	 Ex 	 1 	 4.505499e+00 	 -1.800000e+03 	 1.560000e+03 	 2.000000e+00
7 	 226 	 Ex 	 1 	 4.439334e+00 	 -1.560000e+03 	 1.560000e+03 	 2.000000e+00
7 	 227 	 Ex 	 1 	 4.978426e+00 	 -1.320000e+03 	 1.560000e+03 	 2.000000e+00
7 	 228 	 Ex 	 1 	 2.836873e+00 	 -1.080000e+03 	 1.560000e+03 	 2.000000e+00
7 	 229 	 Ex 	 1 	 1.102158e+00 	 -8.400000e+02 	 1.560000e+03 	 2.000000e+00
7 	 230 	 Ex 	 1 	 2.509137e+00 	 -6.000000e+02 	 1.560000e+03 	 2.000000e+00
7 	 231 	 Ex 	 1 	 4.631270e+00 	 -3.600000e+02 	 1.560000e+03 	 2.000000e+00
7 	 232 	 Ex 	 1 	 6.971219e+00 	 -1.200000e+02 	 1.560000e+03 	 2.000000e+00
7 	 233 	 Ex 	 1 	 9.118155e+00 	 1.200000e+02 	 1.560000e+03 	 2.000000e+00
7 	 234 	 Ex 	 1 	 9.850475e+00 	 3.600000e+02 	 1.560000e+03 	 2.000000e+00
7 	 235 	 Ex 	 1 	 9.474878e+00 	 6.000000e+02 	 1.560000e+03 	 2.000000e+00
7 	 236 	 Ex 	 1 	 8.349009e+00 	 8.400000e+02 	 1.560000e+03 	 2.000000e+00
7 	 237 	 Ex 	 1 	 7.074059e+00 	 1.080000e+03 	 1.560000e+03 	 2.000000e+00
7 	 238 	 Ex 	 1 	 5.252130e+00 	 1.320000e+03 	 1.560000e+03 	 2.000000e+00
7 	 239 	 Ex 	 1 	 2.435276e+00 	 1.560000e+03 	 1.560000e+03 	 2.000000e+00
7 	 240 	 Ex 	 1 	 2.238275e+00 	 1.800000e+03 	 1.560000e+03 	 2.000000e+00
7 	 241 	 Ex 	 1 	 4.343131e+00 	 -1.800000e+03 	 1.800000e+03 	 2.000000e+00
7 	 242 	 Ex 	 1 	 6.201882e+00 	 -1.560000e+03 	 1.800000e+03 	 2.000000e+00
7 	 243 	 Ex 	 1 	 4.154305e+00 	 -1.320000e+03 	 1.800000e+03 	 2.000000e+00
7 	 244 	 Ex 	 1 	 1.004915e+00 	 -1.080000e+03 	 1.800000e+03 	 2.000000e+00
7 	 245 	 Ex 	 1 	 1.685956e+00 	 -8.400000e+02 	 1.800000e+03 	 2.000000e+00
7 	 246 	 Ex 	 1 	 4.098375e+00 	 -6.000000e+02 	 1.800000e+03 	 2.000000e+00
7 	 247 	 Ex 	 1 	 6.580264e+00 	 -3.600000e+02 	 1.800000e+03 	 2.000000e+00
7 	 248 	 Ex 	 1 	 8.225044e+00 	 -1.200000e+02 	 1.800000e+03 	 2.000000e+00
7 	 249 	 Ex 	 1 	 8.246100e+00 	 1.200000e+02 	 1.800000e+03 	 2.000000e+00
7 	 250 	 Ex 	 1 	 8.931249e+00 	 3.600000e+02 	 1.800000e+03 	 2.000000e+00
7 	 251 	 Ex 	 1 	 9.548310e+00 	 6.000000e+02 	 1.800000e+03 	 2.000000e+00
7 	 252 	 Ex 	 1 	 9.755109e+00 	 8.400000e+02 	 1.800000e+03 	 2.000000e+00
7 	 253 	 Ex 	 1 	 6.913321e+00 	 1.080000e+03 	 1.800000e+03 	 2.000000e+00
7 	 254 	 Ex 	 1 	 6.089813e+00 	 1.320000e+03 	 1.800000e+03 	 2.000000e+00
7 	 255 	 Ex 	 1 	 4.796535e+00 	 1.560000e+03 	 1.800000e+03 	 2.000000e+00
7 	 256 	 Ex 	 1 	 4.551441e+00 	 1.800000e+03 	 1.800000e+03 	 2.000000e+00
7 	 1 	 Ex 	 2 	 5.321760e+00 	 -1.800000e+03 	 -1.800000e+03 	 2.000000e+00
7 	 2 	 Ex 	 2 	 1.831322e+00 	 -1.560000e+03 	 -1.800000e+03 	 2.000000e+00
7 	 3 	 Ex 	 2 	 4.690172e+00 	 -1.320000e+03 	 -1.800000e+03 	 2.000000e+00
7 	 4 	 Ex 	 2 	 3.928598e+00 	 -1.080000e+03 	 -1.800000e+03 	 2.000000e+00
7 	 5 	 Ex 	 2 	 3.754722e+00 	 -8.400000e+02 	 -1.800000e+03 	 2.000000e+00
7 	 6 	 Ex 	 2 	 3.877068e+00 	 -6.000000e+02 	 -1.800000e+03 	 2.000000e+00
7 	 7 	 Ex 	 2 	 3.315346e+00 	 -3.600000e+02 	 -1.800000e+03 	 2.000000e+00
7 	 8 	 Ex 	 2 	 3.477402e+00 	 -1.200000e+02 	 -1.800000e+03 	 2.000000e+00
7 	 9 	 Ex 	 2 	 8.440210e-01 	 1.200000e+02 	 -1.800000e+03 	 2.000000e+00
7 	 10 	 Ex 	 2 	 4.246044e+00 	 3.600000e+02 	 -1.800000e+03 	 2.000000e+00
7 	 11 	 Ex 	 2 	 3.722760e+00 	 6.000000e+02 	 -1.800000e+03 	 2.000000e+00
7 	 12 	 Ex 	 2 	 3.228169e+00 	 8.400000e+02 	 -1.800000e+03 	 2.000000e+00
7 	 13 	 Ex 	 2 	 4.104635e+00 	 1.080000e+03 	 -1.800000e+03 	 2.000000e+00
7 	 14 	 Ex 	 2 	 1.473883e+00 	 1.320000e+03 	 -1.800000e+03 	 2.000000e+00
7 	 15 	 Ex 	 2 	 1.935777e+00 	 1.560000e+03 	 -1.800000e+03 	 2.000000e+00
7 	 16 	 Ex 	 2 	 1.884648e+00 	 1.800000e+03 	 -1.800000e+03 	 2.000000e+00
7 	 17 	 Ex 	 2 	 3.210841e+00 	 -1.800000e+03 	 -1.560000e+03 	 2.000000e+00
7 	 18 	 Ex 	 2 	 3.614890e+00 	 -1.560000e+03 	 -1.560000e+03 	 2.000000e+00
7 	 19 	 Ex 	 2 	 3.538415e+00 	 -1.320000e+03 	 -1.560000e+03 	 2.000000e+00
7 	 20 	 Ex 	 2 	 2.404159e+00 	 -1.080000e+03 	 -1.560000e+03 	 2.000000e+00
7 	 21 	 Ex 	 2 	 2.870190e+00 	 -8.400000e+02 	 -1.560000e+03 	 2.000000e+00
7 	 22 	 Ex 	 2 	 3.005621e+00 	 -6.000000e+02 	 -1.560000e+03 	 2.000000e+00
7 	 23 	 Ex 	 2 	 2.054896e+00 	 -3.600000e+02 	 -1.560000e+03 	 2.000000e+00
7 	 24 	 Ex 	 2 	 3.015398e+00 	 -1.200000e+02 	 -1.560000e+03 	 2.000000e+00
7 	 25 	 Ex 	 2 	 3.105718e+00 	 1.200000e+02 	 -1.560000e+03 	 2.000000e+00
7 	 26 	 Ex 	 2 	 2.401925e+00 	 3.600000e+02 	 -1.560000e+03 	 2.000000e+00
7 	 27 	 Ex 	 2 	 3.291034e+00 	 6.000000e+02 	 -1.560000e+03 	 2.000000e+00
7 	 28 	 Ex 	 2 	 3.465454e+00 	 8.400000e+02 	 -1.560000e+03 	 2.000000e+00
7 	 29 	 Ex 	 2 	 2.100530e+00 	 1.080000e+03 	 -1.560000e+03 	 2.000000e+00
7 	 30 	 Ex 	 2 	 1.967784e+00 	 1.320000e+03 	 -1.560000e+03 	 2.000000e+00
7 	 31 	 Ex 	 2 	 1.898794e+00 	 1.560000e+03 	 -1.560000e+03 	 2.000000e+00
7 	 32 	 Ex 	 2 	 9.866886e-01 	 1.800000e+03 	 -1.560000e+03 	 2.000000e+00
7 	 33 	 Ex 	 2 	 3.180382e+00 	 -1.800000e+03 	 -1.320000e+03 	 2.000000e+00
7 	 34 	 Ex 	 2 	 3.571387e+00 	 -1.560000e+03 	 -1.320000e+03 	 2.000000e+00
7 	 35 	 Ex 	 2 	 6.400125e+00 	 -1.320000e+03 	 -1.320000e+03 	 2.000000e+00
7 	 36 	 Ex 	 2 	 5.123726e+00 	 -1.080000e+03 	 -1.320000e+03 	 2.000000e+00
7 	 37 	 Ex 	 2 	 4.136190e+00 	 -8.400000e+02 	 -1.320000e+03 	 2.000000e+00
7 	 38 	 Ex 	 2 	 3.145619e+00 	 -6.000000e+02 	 -1.320000e+03 	 2.000000e+00
7 	 39 	 Ex 	 2 	 1.350837e+00 	 -3.600000e+02 	 -1.320000e+03 	 2.000000e+00
7 	 40 	 Ex 	 2 	 1.507040e+00 	 -1.200000e+02 	 -1.320000e+03 	 2.000000e+00
7 	 41 	 Ex 	 2 	 2.817863e+00 	 1.200000e+02 	 -1.320000e+03 	 2.000000e+00
7 	 42 	 Ex 	 2 	 2.921820e+00 	 3.600000e+02 	 -1.320000e+03 	 2.000000e+00
7 	 43 	 Ex 	 2 	 2.701008e+00 	 6.000000e+02 	 -1.320000e+03 	 2.000000e+00
7 	 44 	 Ex 	 2 	 3.349928e+00 	 8.400000e+02 	 -1.320000e+03 	 2.000000e+00
7 	 45 	 Ex 	 2 	 1.597488e+00 	 1.080000e+03 	 -1.320000e+03 	 2.000000e+00
7 	 46 	 Ex 	 2 	 1.088542e+00 	 1.320000e+03 	 -1.320000e+03 	 2.000000e+00
7 	 47 	 Ex 	 2 	 1.792351e+00 	 1.560000e+03 	 -1.320000e+03 	 2.000000e+00
7 	 48 	 Ex 	 2 	 3.163580e+00 	 1.800000e+03 	 -1.320000e+03 	 2.000000e+00
7 	 49 	 Ex 	 2 	 3.698970e+00 	 -1.800000e+03 	 -1.080000e+03 	 2.000000e+00
7 	 50 	 Ex 	 2 	 4.397091e+00 	 -1.560000e+03 	 -1.080000e+03 	 2.000000e+00
7 	 51 	 Ex 	 2 	 5.714732e+00 	 -1.320000e+03 	 -1.080000e+03 	 2.000000e+00
7 	 52 	 Ex 	 2 	 5.889715e+00 	 -1.080000e+03 	 -1.080000e+03 	 2.000000e+00
7 	 53 	 Ex 	 2 	 5.343061e+00 	 -8.400000e+02 	 -1.080000e+03 	 2.000000e+00
7 	 54 	 Ex 	 2 	 2.870846e+00 	 -6.000000e+02 	 -1.080000e+03 	 2.000000e+00
7 	 55 	 Ex 	 2 	 2.771034e-01 	 -3.600000e+02 	 -1.080000e+03 	 2.000000e+00
7 	 56 	 Ex 	 2 	 6.759919e-01 	 -1.200000e+02 	 -1.080000e+03 	 2.000000e+00
7 	 57 	 Ex 	 2 	 1.218944e+00 	 1.200000e+02 	 -1.080000e+03 	 2.000000e+00
7 	 58 	 Ex 	 2 	 0.000000e+00 	 3.600000e+02 	 -1.080000e+03 	 2.000000e+00
7 	 59 	 Ex 	 2 	 0.000000e+00 	 6.000000e+02 	 -1.080000e+03 	 2.000000e+00
7 	 60 	 Ex 	 2 	 2.875524e+00 	 8.400000e+02 	 -1.080000e+03 	 2.000000e+00
7 	 61 	 Ex 	 2 	 1.443006e+00 	 1.080000e+03 	 -1.080000e+03 	 2.000000e+00
7 	 62 	 Ex 	 2 	 2.884706e+00 	 1.320000e+03 	 -1.080000e+03 	 2.000000e+00
7 	 63 	 Ex 	 2 	 3.285612e+00 	 1.560000e+03 	 -1.080000e+03 	 2.000000e+00
7 	 64 	 Ex 	 2 	 3.186104e+00 	 1.800000e+03 	 -1.080000e+03 	 2.000000e+00
7 	 65 	 Ex 	 2 	 4.998306e+00 	 -1.800000e+03 	 -8.400000e+02 	 2.000000e+00
7 	 66 	 Ex 	 2 	 5.966581e+00 	 -1.560000e+03 	 -8.400000e+02 	 2.000000e+00
7 	 67 	 Ex 	 2 	 6.964953e+00 	 -1.320000e+03 	 -8.400000e+02 	 2.000000e+00
7 	 68 	 Ex 	 2 	 7.246010e+00 	 -1.080000e+03 	 -8.400000e+02 	 2.000000e+00
7 	 69 	 Ex 	 2 	 6.201614e+00 	 -8.400000e+02 	 -8.400000e+02 	 2.000000e+00
7 	 70 	 Ex 	 2 	 3.918573e+00 	 -6.000000e+02 	 -8.400000e+02 	 2.000000e+00
7 	 71 	 Ex 	 2 	 7.913918e-01 	 -3.600000e+02 	 -8.400000e+02 	 2.000000e+00
7 	 72 	 Ex 	 2 	 1.203814e+00 	 -1.200000e+02 	 -8.400000e+02 	 2.000000e+00
7 	 73 	 Ex 	 2 	 0.000000e+00 	 1.200000e+02 	 -8.400000e+02 	 2.000000e+00
7 	 74 	 Ex 	 2 	 0.000000e+00 	 3.600000e+02 	 -8.400000e+02 	 2.000000e+00
7 	 75 	 Ex 	 2 	 0.000000e+00 	 6.000000e+02 	 -8.400000e+02 	 2.000000e+00
7 	 76 	 Ex 	 2 	 0.000000e+00 	 8.400000e+02 	 -8.400000e+02 	 2.000000e+00
7 	 77 	 Ex 	 2 	 1.907163e+00 	 1.080000e+03 	 -8.400000e+02 	 2.000000e+00
7 	 78 	 Ex 	 2 	 2.423923e+00 	 1.320000e+03 	 -8.400000e+02 	 2.000000e+00
7 	 79 	 Ex 	 2 	 3.556938e+00 	 1.560000e+03 	 -8.400000e+02 	 2.000000e+00
7 	 80 	 Ex 	 2 	 3.523496e+00 	 1.800000e+03 	 -8.400000e+02 	 2.000000e+00
7 	 81 	 Ex 	 2 	 4.144623e+00 	 -1.800000e+03 	 -6.000000e+02 	 2.000000e+00
7 	 82 	 Ex 	 2 	 5.545350e+00 	 -1.560000e+03 	 -6.000000e+02 	 2.000000e+00
7 	 83 	 Ex 	 2 	 6.857871e+00 	 -1.320000e+03 	 -6.000000e+02 	 2.000000e+00
7 	 84 	 Ex 	 2 	 7.584705e+00 	 -1.080000e+03 	 -6.000000e+02 	 2.000000e+00
7 	 85 	 Ex 	 2 	 6.720907e+00 	 -8.400000e+02 	 -6.000000e+02 	 2.000000e+00
7 	 86 	 Ex 	 2 	 2.952324e+00 	 -6.000000e+02 	 -6.000000e+02 	 2.000000e+00
7 	 87 	 Ex 	 2 	 6.925219e-01 	 -3.600000e+02 	 -6.000000e+02 	 2.000000e+00
7 	 88 	 Ex 	 2 	 5.996695e-01 	 -1.200000e+02 	 -6.000000e+02 	 2.000000e+00
7 	 89 	 Ex 	 2 	 0.000000e+00 	 1.200000e+02 	 -6.000000e+02 	 2.000000e+00
7 	 90 	 Ex 	 2 	 0.000000e+00 	 3.600000e+02 	 -6.000000e+02 	 2.000000e+00
7 	 91 	 Ex 	 2 	 0.000000e+00 	 6.000000e+02 	 -6.000000e+02 	 2.000000e+00
7 	 92 	 Ex 	 2 	 0.000000e+00 	 8.400000e+02 	 -6.000000e+02 	 2.000000e+00
7 	 93 	 Ex 	 2 	 0.000000e+00 	 1.080000e+03 	 -6.000000e+02 	 2.000000e+00
7 	 94 	 Ex 	 2 	 1.380643e+00 	 1.320000e+03 	 -6.000000e+02 	 2.000000e+00
7 	 95 	 Ex 	 2 	 3.490925e+00 	 1.560000e+03 	 -6.000000e+02 	 2.000000e+00
7 	 96 	 Ex 	 2 	 3.151551e+00 	 1.800000e+03 	 -6.000000e+02 	 2.000000e+00
7 	 97 	 Ex 	 2 	 5.029099e+00 	 -1.800000e+03 	 -3.600000e+02 	 2.000000e+00
7 	 98 	 Ex 	 2 	 7.562306e+00 	 -1.560000e+03 	 -3.600000e+02 	 2.000000e+00
7 	 99 	 Ex 	 2 	 9.791374e+00 	 -1.320000e+03 	 -3.600000e+02 	 2.000000e+00
7 	 100 	 Ex 	 2 	 1.003796e+01 	 -1.080000e+03 	 -3.600000e+02 	 2.000000e+00
7 	 101 	 Ex 	 2 	 7.880963e+00 	 -8.400000e+02 	 -3.600000e+02 	 2.000000e+00
7 	 102 	 Ex 	 2 	 2.281200e+00 	 -6.000000e+02 	 -3.600000e+02 	 2.000000e+00
7 	 103 	 Ex 	 2 	 2.236880e+00 	 -3.600000e+02 	 -3.600000e+02 	 2.000000e+00
7 	 104 	 Ex 	 2 	 1.645162e+00 	 -1.200000e+02 	 -3.600000e+02 	 2.000000e+00
7 	 105 	 Ex 	 2 	 0.000000e+00 	 1.200000e+02 	 -3.600000e+02 	 2.000000e+00
7 	 106 	 Ex 	 2 	 0.000000e+00 	 3.600000e+02 	 -3.600000e+02 	 2.000000e+00
7 	 107 	 Ex 	 2 	 0.000000e+00 	 6.000000e+02 	 -3.600000e+02 	 2.000000e+00
7 	 108 	 Ex 	 2 	 0.000000e+00 	 8.400000e+02 	 -3.600000e+02 	 2.000000e+00
7 	 109 	 Ex 	 2 	 0.000000e+00 	 1.080000e+03 	 -3.600000e+02 	 2.000000e+00
7 	 110 	 Ex 	 2 	 1.557695e+00 	 1.320000e+03 	 -3.600000e+02 	 2.000000e+00
7 	 111 	 Ex 	 2 	 2.639751e+00 	 1.560000e+03 	 -3.600000e+02 	 2.000000e+00
7 	 112 	 Ex 	 2 	 4.697517e+00 	 1.800000e+03 	 -3.600000e+02 	 2.000000e+00
7 	 113 	 Ex 	 2 	 4.294053e+00 	 -1.800000e+03 	 -1.200000e+02 	 2.000000e+00
7 	 114 	 Ex 	 2 	 6.397640e+00 	 -1.560000e+03 	 -1.200000e+02 	 2.000000e+00
7 	 115 	 Ex 	 2 	 8.559598e+00 	 -1.320000e+03 	 -1.200000e+02 	 2.000000e+00
7 	 116 	 Ex 	 2 	 1.006706e+01 	 -1.080000e+03 	 -1.200000e+02 	 2.000000e+00
7 	 117 	 Ex 	 2 	 8.394030e+00 	 -8.400000e+02 	 -1.200000e+02 	 2.000000e+00
7 	 118 	 Ex 	 2 	 4.615762e+00 	 -6.000000e+02 	 -1.200000e+02 	 2.000000e+00
7 	 119 	 Ex 	 2 	 5.530172e-01 	 -3.600000e+02 	 -1.200000e+02 	 2.000000e+00
7 	 120 	 Ex 	 2 	 1.545576e+00 	 -1.200000e+02 	 -1.200000e+02 	 2.000000e+00
7 	 121 	 Ex 	 2 	 0.000000e+00 	 1.200000e+02 	 -1.200000e+02 	 2.000000e+00
7 	 122 	 Ex 	 2 	 0.000000e+00 	 3.600000e+02 	 -1.200000e+02 	 2.000000e+00
7 	 123 	 Ex 	 2 	 0.000000e+00 	 6.000000e+02 	 -1.200000e+02 	 2.000000e+00
7 	 124 	 Ex 	 2 	 0.000000e+00 	 8.400000e+02 	 -1.200000e+02 	 2.000000e+00
7 	 125 	 Ex 	 2 	 9.544646e-01 	 1.080000e+03 	 -1.200000e+02 	 2.000000e+00
7 	 126 	 Ex 	 2 	 2.672998e+00 	 1.320000e+03 	 -1.200000e+02 	 2.000000e+00
7 	 127 	 Ex 	 2 	 4.258033e+00 	 1.560000e+03 	 -1.200000e+02 	 2.000000e+00
7 	 128 	 Ex 	 2 	 4.731929e+00 	 1.800000e+03 	 -1.200000e+02 	 2.000000e+00
7 	 129 	 Ex 	 2 	 3.044767e+00 	 -1.800000e+03 	 1.200000e+02 	 2.000000e+00
7 	 130 	 Ex 	 2 	 4.328053e+00 	 -1.560000e+03 	 1.200000e+02 	 2.000000e+00
7 	 131 	 Ex 	 2 	 6.560432e+00 	 -1.320000e+03 	 1.200000e+02 	 2.000000e+00
7 	 132 	 Ex 	 2 	 7.412249e+00 	 -1.080000e+03 	 1.200000e+02 	 2.000000e+00
7 	 133 	 Ex 	 2 	 6.972442e+00 	 -8.400000e+02 	 1.200000e+02 	 2.000000e+00
7 	 134 	 Ex 	 2 	 1.572092e+00 	 -6.000000e+02 	 1.200000e+02 	 2.000000e+00
7 	 135 	 Ex 	 2 	 1.061888e+00 	 -3.600000e+02 	 1.200000e+02 	 2.000000e+00
7 	 136 	 Ex 	 2 	 1.292105e+00 	 -1.200000e+02 	 1.200000e+02 	 2.000000e+00
7 	 137 	 Ex 	 2 	 5.890655e-01 	 1.200000e+02 	 1.200000e+02 	 2.000000e+00
7 	 138 	 Ex 	 2 	 3.670854e+00 	 3.600000e+02 	 1.200000e+02 	 2.000000e+00
7 	 139 	 Ex 	 2 	 4.036018e+00 	 6.000000e+02 	 1.200000e+02 	 2.000000e+00
7 	 140 	 Ex 	 2 	 3.195129e+00 	 8.400000e+02 	 1.200000e+02 	 2.000000e+00
7 	 141 	 Ex 	 2 	 2.380122e+00 	 1.080000e+03 	 1.200000e+02 	 2.000000e+00
7 	 142 	 Ex 	 2 	 2.259603e+00 	 1.320000e+03 	 1.200000e+02 	 2.000000e+00
7 	 143 	 Ex 	 2 	 4.293493e+00 	 1.560000e+03 	 1.200000e+02 	 2.000000e+00
7 	 144 	 Ex 	 2 	 4.696033e+00 	 1.800000e+03 	 1.200000e+02 	 2.000000e+00
7 	 145 	 Ex 	 2 	 1.808468e+00 	 -1.800000e+03 	 3.600000e+02 	 2.000000e+00
7 	 146 	 Ex 	 2 	 1.931543e+00 	 -1.560000e+03 	 3.600000e+02 	 2.000000e+00
7 	 147 	 Ex 	 2 	 4.190393e+00 	 -1.320000e+03 	 3.600000e+02 	 2.000000e+00
7 	 148 	 Ex 	 2 	 5.752685e+00 	 -1.080000e+03 	 3.600000e+02 	 2.000000e+00
7 	 149 	 Ex 	 2 	 5.716615e+00 	 -8.400000e+02 	 3.600000e+02 	 2.000000e+00
7 	 150 	 Ex 	 2 	 3.247482e+00 	 -6.000000e+02 	 3.600000e+02 	 2.000000e+00
7 	 151 	 Ex 	 2 	 7.200690e-01 	 -3.600000e+02 	 3.600000e+02 	 2.000000e+00
7 	 152 	 Ex 	 2 	 1.250947e+00 	 -1.200000e+02 	 3.600000e+02 	 2.000000e+00
7 	 153 	 Ex 	 2 	 3.432182e+00 	 1.200000e+02 	 3.600000e+02 	 2.000000e+00
7 	 154 	 Ex 	 2 	 5.087432e+00 	 3.600000e+02 	 3.600000e+02 	 2.000000e+00
7 	 155 	 Ex 	 2 	 4.863518e+00 	 6.000000e+02 	 3.600000e+02 	 2.000000e+00
7 	 156 	 Ex 	 2 	 3.788700e+00 	 8.400000e+02 	 3.600000e+02 	 2.000000e+00
7 	 157 	 Ex 	 2 	 2.189525e+00 	 1.080000e+03 	 3.600000e+02 	 2.000000e+00
7 	 158 	 Ex 	 2 	 2.678694e+00 	 1.320000e+03 	 3.600000e+02 	 2.000000e+00
7 	 159 	 Ex 	 2 	 4.282522e+00 	 1.560000e+03 	 3.600000e+02 	 2.000000e+00
7 	 160 	 Ex 	 2 	 6.027285e+00 	 1.800000e+03 	 3.600000e+02 	 2.000000e+00
7 	 161 	 Ex 	 2 	 2.334072e+00 	 -1.800000e+03 	 6.000000e+02 	 2.000000e+00
7 	 162 	 Ex 	 2 	 1.632116e+00 	 -1.560000e+03 	 6.000000e+02 	 2.000000e+00
7 	 163 	 Ex 	 2 	 7.757449e-01 	 -1.320000e+03 	 6.000000e+02 	 2.000000e+00
7 	 164 	 Ex 	 2 	 2.545850e+00 	 -1.080000e+03 	 6.000000e+02 	 2.000000e+00
7 	 165 	 Ex 	 2 	 3.887713e+00 	 -8.400000e+02 	 6.000000e+02 	 2.000000e+00
7 	 166 	 Ex 	 2 	 2.540701e+00 	 -6.000000e+02 	 6.000000e+02 	 2.000000e+00
7 	 167 	 Ex 	 2 	 1.393631e+00 	 -3.600000e+02 	 6.000000e+02 	 2.000000e+00
7 	 168 	 Ex 	 2 	 3.413460e+00 	 -1.200000e+02 	 6.000000e+02 	 2.000000e+00
7 	 169 	 Ex 	 2 	 5.465813e+00 	 1.200000e+02 	 6.000000e+02 	 2.000000e+00
7 	 170 	 Ex 	 2 	 6.277312e+00 	 3.600000e+02 	 6.000000e+02 	 2.000000e+00
7 	 171 	 Ex 	 2 	 7.542436e+00 	 6.000000e+02 	 6.000000e+02 	 2.000000e+00
7 	 172 	 Ex 	 2 	 4.805772e+00 	 8.400000e+02 	 6.000000e+02 	 2.000000e+00
7 	 173 	 Ex 	 2 	 3.807994e+00 	 1.080000e+03 	 6.000000e+02 	 2.000000e+00
7 	 174 	 Ex 	 2 	 3.308092e+00 	 1.320000e+03 	 6.000000e+02 	 2.000000e+00
7 	 175 	 Ex 	 2 	 3.438088e+00 	 1.560000e+03 	 6.000000e+02 	 2.000000e+00
7 	 176 	 Ex 	 2 	 3.903400e+00 	 1.800000e+03 	 6.000000e+02 	 2.000000e+00
7 	 177 	 Ex 	 2 	 3.733698e+00 	 -1.800000e+03 	 8.400000e+02 	 2.000000e+00
7 	 178 	 Ex 	 2 	 3.085584e+00 	 -1.560000e+03 	 8.400000e+02 	 2.000000e+00
7 	 179 	 Ex 	 2 	 2.180069e+00 	 -1.320000e+03 	 8.400000e+02 	 2.000000e+00
7 	 180 	 Ex 	 2 	 2.930945e+00 	 -1.080000e+03 	 8.400000e+02 	 2.000000e+00
7 	 181 	 Ex 	 2 	 2.790419e+00 	 -8.400000e+02 	 8.400000e+02 	 2.000000e+00
7 	 182 	 Ex 	 2 	 2.889990e+00 	 -6.000000e+02 	 8.400000e+02 	 2.000000e+00
7 	 183 	 Ex 	 2 	 3.202840e+00 	 -3.600000e+02 	 8.400000e+02 	 2.000000e+00
7 	 184 	 Ex 	 2 	 4.689872e+00 	 -1.200000e+02 	 8.400000e+02 	 2.000000e+00
7 	 185 	 Ex 	 2 	 5.934746e+00 	 1.200000e+02 	 8.400000e+02 	 2.000000e+00
7 	 186 	 Ex 	 2 	 8.638864e+00 	 3.600000e+02 	 8.400000e+02 	 2.000000e+00
7 	 187 	 Ex 	 2 	 7.524544e+00 	 6.000000e+02 	 8.400000e+02 	 2.000000e+00
7 	 188 	 Ex 	 2 	 6.370745e+00 	 8.400000e+02 	 8.400000e+02 	 2.000000e+00
7 	 189 	 Ex 	 2 	 5.616093e+00 	 1.080000e+03 	 8.400000e+02 	 2.000000e+00
7 	 190 	 Ex 	 2 	 2.851795e+00 	 1.320000e+03 	 8.400000e+02 	 2.000000e+00
7 	 191 	 Ex 	 2 	 1.666195e+00 	 1.560000e+03 	 8.400000e+02 	 2.000000e+00
7 	 192 	 Ex 	 2 	 4.169552e+00 	 1.800000e+03 	 8.400000e+02 	 2.000000e+00
7 	 193 	 Ex 	 2 	 4.293161e+00 	 -1.800000e+03 	 1.080000e+03 	 2.000000e+00
7 	 194 	 Ex 	 2 	 5.061898e+00 	 -1.560000e+03 	 1.080000e+03 	 2.000000e+00
7 	 195 	 Ex 	 2 	 3.063109e+00 	 -1.320000e+03 	 1.080000e+03 	 2.000000e+00
7 	 196 	 Ex 	 2 	 3.072254e+00 	 -1.080000e+03 	 1.080000e+03 	 2.000000e+00
7 	 197 	 Ex 	 2 	 1.708047e+00 	 -8.400000e+02 	 1.080000e+03 	 2.000000e+00
7 	 198 	 Ex 	 2 	 1.858340e+00 	 -6.000000e+02 	 1.080000e+03 	 2.000000e+00
7 	 199 	 Ex 	 2 	 2.726044e+00 	 -3.600000e+02 	 1.080000e+03 	 2.000000e+00
7 	 200 	 Ex 	 2 	 5.049377e+00 	 -1.200000e+02 	 1.080000e+03 	 2.000000e+00
7 	 201 	 Ex 	 2 	 7.740896e+00 	 1.200000e+02 	 1.080000e+03 	 2.000000e+00
7 	 202 	 Ex 	 2 	 9.997193e+00 	 3.600000e+02 	 1.080000e+03 	 2.000000e+00
7 	 203 	 Ex 	 2 	 7.935069e+00 	 6.000000e+02 	 1.080000e+03 	 2.000000e+00
7 	 204 	 Ex 	 2 	 6.942344e+00 	 8.400000e+02 	 1.080000e+03 	 2.000000e+00
7 	 205 	 Ex 	 2 	 5.842339e+00 	 1.080000e+03 	 1.080000e+03 	 2.000000e+00
7 	 206 	 Ex 	 2 	 3.856933e+00 	 1.320000e+03 	 1.080000e+03 	 2.000000e+00
7 	 207 	 Ex 	 2 	 1.736421e+00 	 1.560000e+03 	 1.080000e+03 	 2.000000e+00
7 	 208 	 Ex 	 2 	 2.380101e+00 	 1.800000e+03 	 1.080000e+03 	 2.000000e+00
7 	 209 	 Ex 	 2 	 3.670956e+00 	 -1.800000e+03 	 1.320000e+03 	 2.000000e+00
7 	 210 	 Ex 	 2 	 4.515321e+00 	 -1.560000e+03 	 1.320000e+03 	 2.000000e+00
7 	 211 	 Ex 	 2 	 3.840859e+00 	 -1.320000e+03 	 1.320000e+03 	 2.000000e+00
7 	 212 	 Ex 	 2 	 3.347380e+00 	 -1.080000e+03 	 1.320000e+03 	 2.000000e+00
7 	 213 	 Ex 	 2 	 9.161658e-01 	 -8.400000e+02 	 1.320000e+03 	 2.000000e+00
7 	 214 	 Ex 	 2 	 9.676397e-01 	 -6.000000e+02 	 1.320000e+03 	 2.000000e+00
7 	 215 	 Ex 	 2 	 4.330815e+00 	 -3.600000e+02 	 1.320000e+03 	 2.000000e+00
7 	 216 	 Ex 	 2 	 6.157074e+00 	 -1.200000e+02 	 1.320000e+03 	 2.000000e+00
7 	 217 	 Ex 	 2 	 7.947017e+00 	 1.200000e+02 	 1.320000e+03 	 2.000000e+00
7 	 218 	 Ex 	 2 	 9.031248e+00 	 3.600000e+02 	 1.320000e+03 	 2.000000e+00
7 	 219 	 Ex 	 2 	 7.707297e+00 	 6.000000e+02 	 1.320000e+03 	 2.000000e+00
7 	 220 	 Ex 	 2 	 7.094759e+00 	 8.400000e+02 	 1.320000e+03 	 2.000000e+00
7 	 221 	 Ex 	 2 	 7.121280e+00 	 1.080000e+03 	 1.320000e+03 	 2.000000e+00
7 	 222 	 Ex 	 2 	 5.202604e+00 	 1.320000e+03 	 1.320000e+03 	 2.000000e+00
7 	 223 	 Ex 	 2 	 4.076782e+00 	 1.560000e+03 	 1.320000e+03 	 2.000000e+00
7 	 224 	 Ex 	 2 	 3.126931e+00 	 1.800000e+03 	 1.320000e+03 	 2.000000e+00
7 	 225 	 Ex 	 2 	 4.007145e+00 	 -1.800000e+03 	 1.560000e+03 	 2.000000e+00
7 	 226 	 Ex 	 2 	 3.752905e+00 	 -1.560000e+03 	 1.560000e+03 	 2.000000e+00
7 	 227 	 Ex 	 2 	 3.964883e+00 	 -1.320000e+03 	 1.560000e+03 	 2.000000e+00
7 	 228 	 Ex 	 2 	 1.867696e+00 	 -1.080000e+03 	 1.560000e+03 	 2.000000e+00
7 	 229 	 Ex 	 2 	 8.552774e-01 	 -8.400000e+02 	 1.560000e+03 	 2.000000e+00
7 	 230 	 Ex 	 2 	 1.864255e+00 	 -6.000000e+02 	 1.560000e+03 	 2.000000e+00
7 	 231 	 Ex 	 2 	 4.152352e+00 	 -3.600000e+02 	 1.560000e+03 	 2.000000e+00
7 	 232 	 Ex 	 2 	 6.027956e+00 	 -1.200000e+02 	 1.560000e+03 	 2.000000e+00
7 	 233 	 Ex 	 2 	 8.096260e+00 	 1.200000e+02 	 1.560000e+03 	 2.000000e+00
7 	 234 	 Ex 	 2 	 8.810796e+00 	 3.600000e+02 	 1.560000e+03 	 2.000000e+00
7 	 235 	 Ex 	 2 	 9.082273e+00 	 6.000000e+02 	 1.560000e+03 	 2.000000e+00
7 	 236 	 Ex 	 2 	 8.801225e+00 	 8.400000e+02 	 1.560000e+03 	 2.000000e+00
7 	 237 	 Ex 	 2 	 5.558441e+00 	 1.080000e+03 	 1.560000e+03 	 2.000000e+00
7 	 238 	 Ex 	 2 	 5.054323e+00 	 1.320000e+03 	 1.560000e+03 	 2.000000e+00
7 	 239 	 Ex 	 2 	 4.211545e+00 	 1.560000e+03 	 1.560000e+03 	 2.000000e+00
7 	 240 	 Ex 	 2 	 2.798237e+00 	 1.800000e+03 	 1.560000e+03 	 2.000000e+00
7 	 241 	 Ex 	 2 	 3.432658e+00 	 -1.800000e+03 	 1.800000e+03 	 2.000000e+00
7 	 242 	 Ex 	 2 	 2.665097e+00 	 -1.560000e+03 	 1.800000e+03 	 2.000000e+00
7 	 243 	 Ex 	 2 	 1.765435e+00 	 -1.320000e+03 	 1.800000e+03 	 2.000000e+00
7 	 244 	 Ex 	 2 	 1.593524e+00 	 -1.080000e+03 	 1.800000e+03 	 2.000000e+00
7 	 245 	 Ex 	 2 	 2.174300e+00 	 -8.400000e+02 	 1.800000e+03 	 2.000000e+00
7 	 246 	 Ex 	 2 	 2.738979e+00 	 -6.000000e+02 	 1.800000e+03 	 2.000000e+00
7 	 247 	 Ex 	 2 	 4.736239e+00 	 -3.600000e+02 	 1.800000e+03 	 2.000000e+00
7 	 248 	 Ex 	 2 	 5.389799e+00 	 -1.200000e+02 	 1.800000e+03 	 2.000000e+00
7 	 249 	 Ex 	 2 	 7.441668e+00 	 1.200000e+02 	 1.800000e+03 	 2.000000e+00
7 	 250 	 Ex 	 2 	 7.463353e+00 	 3.600000e+02 	 1.800000e+03 	 2.000000e+00
7 	 251 	 Ex 	 2 	 8.628120e+00 	 6.000000e+02 	 1.800000e+03 	 2.000000e+00
7 	 252 	 Ex 	 2 	 7.389883e+00 	 8.400000e+02 	 1.800000e+03 	 2.000000e+00
7 	 253 	 Ex 	 2 	 6.864193e+00 	 1.080000e+03 	 1.800000e+03 	 2.000000e+00
7 	 254 	 Ex 	 2 	 6.301038e+00 	 1.320000e+03 	 1.800000e+03 	 2.000000e+00
7 	 255 	 Ex 	 2 	 4.839669e+00 	 1.560000e+03 	 1.800000e+03 	 2.000000e+00
7 	 256 	 Ex 	 2 	 4.353688e+00 	 1.800000e+03 	 1.800000e+03 	 2.000000e+00
7 	 1 	 Ey 	 1 	 4.104007e+00 	 -1.800000e+03 	 -1.800000e+03 	 2.000000e+00
7 	 2 	 Ey 	 1 	 3.767281e+00 	 -1.560000e+03 	 -1.800000e+03 	 2.000000e+00
7 	 3 	 Ey 	 1 	 4.484630e+00 	 -1.320000e+03 	 -1.800000e+03 	 2.000000e+00
7 	 4 	 Ey 	 1 	 1.627822e+00 	 -1.080000e+03 	 -1.800000e+03 	 2.000000e+00
7 	 5 	 Ey 	 1 	 8.667790e-01 	 -8.400000e+02 	 -1.800000e+03 	 2.000000e+00
7 	 6 	 Ey 	 1 	 3.000196e+00 	 -6.000000e+02 	 -1.800000e+03 	 2.000000e+00
7 	 7 	 Ey 	 1 	 6.137772e-01 	 -3.600000e+02 	 -1.800000e+03 	 2.000000e+00
7 	 8 	 Ey 	 1 	 1.297346e+00 	 -1.200000e+02 	 -1.800000e+03 	 2.000000e+00
7 	 9 	 Ey 	 1 	 1.309504e+00 	 1.200000e+02 	 -1.800000e+03 	 2.000000e+00
7 	 10 	 Ey 	 1 	 2.443141e+00 	 3.600000e+02 	 -1.800000e+03 	 2.000000e+00
7 	 11 	 Ey 	 1 	 3.813481e+00 	 6.000000e+02 	 -1.800000e+03 	 2.000000e+00
7 	 12 	 Ey 	 1 	 4.697526e+00 	 8.400000e+02 	 -1.800000e+03 	 2.000000e+00
7 	 13 	 Ey 	 1 	 4.492491e+00 	 1.080000e+03 	 -1.800000e+03 	 2.000000e+00
7 	 14 	 Ey 	 1 	 3.770736e+00 	 1.320000e+03 	 -1.800000e+03 	 2.000000e+00
7 	 15 	 Ey 	 1 	 3.575474e+00 	 1.560000e+03 	 -1.800000e+03 	 2.000000e+00
7 	 16 	 Ey 	 1 	 4.303352e+00 	 1.800000e+03 	 -1.800000e+03 	 2.000000e+00
7 	 17 	 Ey 	 1 	 3.719508e+00 	 -1.800000e+03 	 -1.560000e+03 	 2.000000e+00
7 	 18 	 Ey 	 1 	 2.756780e+00 	 -1.560000e+03 	 -1.560000e+03 	 2.000000e+00
7 	 19 	 Ey 	 1 	 2.001374e+00 	 -1.320000e+03 	 -1.560000e+03 	 2.000000e+00
7 	 20 	 Ey 	 1 	 1.555625e+00 	 -1.080000e+03 	 -1.560000e+03 	 2.000000e+00
7 	 21 	 Ey 	 1 	 1.323169e+00 	 -8.400000e+02 	 -1.560000e+03 	 2.000000e+00
7 	 22 	 Ey 	 1 	 8.946795e-01 	 -6.000000e+02 	 -1.560000e+03 	 2.000000e+00
7 	 23 	 Ey 	 1 	 2.597916e+00 	 -3.600000e+02 	 -1.560000e+03 	 2.000000e+00
7 	 24 	 Ey 	 1 	 1.296260e+00 	 -1.200000e+02 	 -1.560000e+03 	 2.000000e+00
7 	 25 	 Ey 	 1 	 2.437867e-01 	 1.200000e+02 	 -1.560000e+03 	 2.000000e+00
7 	 26 	 Ey 	 1 	 6.731876e-01 	 3.600000e+02 	 -1.560000e+03 	 2.000000e+00
7 	 27 	 Ey 	 1 	 2.938405e+00 	 6.000000e+02 	 -1.560000e+03 	 2.000000e+00
7 	 28 	 Ey 	 1 	 3.876679e+00 	 8.400000e+02 	 -1.560000e+03 	 2.000000e+00
7 	 29 	 Ey 	 1 	 3.310401e+00 	 1.080000e+03 	 -1.560000e+03 	 2.000000e+00
7 	 30 	 Ey 	 1 	 5.051342e+00 	 1.320000e+03 	 -1.560000e+03 	 2.000000e+00
7 	 31 	 Ey 	 1 	 4.509503e+00 	 1.560000e+03 	 -1.560000e+03 	 2.000000e+00
7 	 32 	 Ey 	 1 	 4.108701e+00 	 1.800000e+03 	 -1.560000e+03 	 2.000000e+00
7 	 33 	 Ey 	 1 	 3.474879e+00 	 -1.800000e+03 	 -1.320000e+03 	 2.000000e+00
7 	 34 	 Ey 	 1 	 3.485018e+00 	 -1.560000e+03 	 -1.320000e+03 	 2.000000e+00
7 	 35 	 Ey 	 1 	 2.373643e+00 	 -1.320000e+03 	 -1.320000e+03 	 2.000000e+00
7 	 36 	 Ey 	 1 	 1.319216e+00 	 -1.080000e+03 	 -1.320000e+03 	 2.000000e+00
7 	 37 	 Ey 	 1 	 2.046000e+00 	 -8.400000e+02 	 -1.320000e+03 	 2.000000e+00
7 	 38 	 Ey 	 1 	 1.153471e+00 	 -6.000000e+02 	 -1.320000e+03 	 2.000000e+00
7 	 39 	 Ey 	 1 	 3.013309e+00 	 -3.600000e+02 	 -1.320000e+03 	 2.000000e+00
7 	 40 	 Ey 	 1 	 2.005836e+00 	 -1.200000e+02 	 -1.320000e+03 	 2.000000e+00
7 	 41 	 Ey 	 1 	 1.893637e+00 	 1.200000e+02 	 -1.320000e+03 	 2.000000e+00
7 	 42 	 Ey 	 1 	 1.257722e+00 	 3.600000e+02 	 -1.320000e+03 	 2.000000e+00
7 	 43 	 Ey 	 1 	 2.388031e+00 	 6.000000e+02 	 -1.320000e+03 	 2.000000e+00
7 	 44 	 Ey 	 1 	 4.275816e+00 	 8.400000e+02 	 -1.320000e+03 	 2.000000e+00
7 	 45 	 Ey 	 1 	 3.609242e+00 	 1.080000e+03 	 -1.320000e+03 	 2.000000e+00
7 	 46 	 Ey 	 1 	 4.487469e+00 	 1.320000e+03 	 -1.320000e+03 	 2.000000e+00
7 	 47 	 Ey 	 1 	 4.122922e+00 	 1.560000e+03 	 -1.320000e+03 	 2.000000e+00
7 	 48 	 Ey 	 1 	 3.950077e+00 	 1.800000e+03 	 -1.320000e+03 	 2.000000e+00
7 	 49 	 Ey 	 1 	 2.971191e+00 	 -1.800000e+03 	 -1.080000e+03 	 2.000000e+00
7 	 50 	 Ey 	 1 	 3.198540e+00 	 -1.560000e+03 	 -1.080000e+03 	 2.000000e+00
7 	 51 	 Ey 	 1 	 2.588434e+00 	 -1.320000e+03 	 -1.080000e+03 	 2.000000e+00
7 	 52 	 Ey 	 1 	 1.435588e+00 	 -1.080000e+03 	 -1.080000e+03 	 2.000000e+00
7 	 53 	 Ey 	 1 	 1.490623e+00 	 -8.400000e+02 	 -1.080000e+03 	 2.000000e+00
7 	 54 	 Ey 	 1 	 3.509661e+00 	 -6.000000e+02 	 -1.080000e+03 	 2.000000e+00
7 	 55 	 Ey 	 1 	 1.705719e+00 	 -3.600000e+02 	 -1.080000e+03 	 2.000000e+00
7 	 56 	 Ey 	 1 	 1.193604e+00 	 -1.200000e+02 	 -1.080000e+03 	 2.000000e+00
7 	 57 	 Ey 	 1 	 1.083085e+00 	 1.200000e+02 	 -1.080000e+03 	 2.000000e+00
7 	 58 	 Ey 	 1 	 0.000000e+00 	 3.600000e+02 	 -1.080000e+03 	 2.000000e+00
7 	 59 	 Ey 	 1 	 0.000000e+00 	 6.000000e+02 	 -1.080000e+03 	 2.000000e+00
7 	 60 	 Ey 	 1 	 1.656543e+00 	 8.400000e+02 	 -1.080000e+03 	 2.000000e+00
7 	 61 	 Ey 	 1 	 4.236496e+00 	 1.080000e+03 	 -1.080000e+03 	 2.000000e+00
7 	 62 	 Ey 	 1 	 3.337166e+00 	 1.320000e+03 	 -1.080000e+03 	 2.000000e+00
7 	 63 	 Ey 	 1 	 2.660946e+00 	 1.560000e+03 	 -1.080000e+03 	 2.000000e+00
7 	 64 	 Ey 	 1 	 2.827567e+00 	 1.800000e+03 	 -1.080000e+03 	 2.000000e+00
7 	 65 	 Ey 	 1 	 3.880777e+00 	 -1.800000e+03 	 -8.400000e+02 	 2.000000e+00
7 	 66 	 Ey 	 1 	 2.461326e+00 	 -1.560000e+03 	 -8.400000e+02 	 2.000000e+00
7 	 67 	 Ey 	 1 	 7.650477e-01 	 -1.320000e+03 	 -8.400000e+02 	 2.000000e+00
7 	 68 	 Ey 	 1 	 1.419307e+00 	 -1.080000e+03 	 -8.400000e+02 	 2.000000e+00
7 	 69 	 Ey 	 1 	 2.426537e+00 	 -8.400000e+02 	 -8.400000e+02 	 2.000000e+00
7 	 70 	 Ey 	 1 	 1.796445e+00 	 -6.000000e+02 	 -8.400000e+02 	 2.000000e+00
7 	 71 	 Ey 	 1 	 2.731249e+00 	 -3.600000e+02 	 -8.400000e+02 	 2.000000e+00
7 	 72 	 Ey 	 1 	 1.417971e+00 	 -1.200000e+02 	 -8.400000e+02 	 2.000000e+00
7 	 73 	 Ey 	 1 	 0.000000e+00 	 1.200000e+02 	 -8.400000e+02 	 2.000000e+00
7 	 74 	 Ey 	 1 	 0.000000e+00 	 3.600000e+02 	 -8.400000e+02 	 2.000000e+00
7 	 75 	 Ey 	 1 	 0.000000e+00 	 6.000000e+02 	 -8.400000e+02 	 2.000000e+00
7 	 76 	 Ey 	 1 	 0.000000e+00 	 8.400000e+02 	 -8.400000e+02 	 2.000000e+00
7 	 77 	 Ey 	 1 	 1.075607e+00 	 1.080000e+03 	 -8.400000e+02 	 2.000000e+00
7 	 78 	 Ey 	 1 	 1.200003e+00 	 1.320000e+03 	 -8.400000e+02 	 2.000000e+00
7 	 79 	 Ey 	 1 	 2.392757e+00 	 1.560000e+03 	 -8.400000e+02 	 2.000000e+00
7 	 80 	 Ey 	 1 	 1.457038e+00 	 1.800000e+03 	 -8.400000e+02 	 2.000000e+00
7 	 81 	 Ey 	 1 	 3.510208e+00 	 -1.800000e+03 	 -6.000000e+02 	 2.000000e+00
7 	 82 	 Ey 	 1 	 3.758725e+00 	 -1.560000e+03 	 -6.000000e+02 	 2.000000e+00
7 	 83 	 Ey 	 1 	 1.836963e+00 	 -1.320000e+03 	 -6.000000e+02 	 2.000000e+00
7 	 84 	 Ey 	 1 	 1.833596e+00 	 -1.080000e+03 	 -6.000000e+02 	 2.000000e+00
7 	 85 	 Ey 	 1 	 2.159169e+00 	 -8.400000e+02 	 -6.000000e+02 	 2.000000e+00
7 	 86 	 Ey 	 1 	 7.652401e-01 	 -6.000000e+02 	 -6.000000e+02 	 2.000000e+00
7 	 87 	 Ey 	 1 	 1.810411e+00 	 -3.600000e+02 	 -6.000000e+02 	 2.000000e+00
7 	 88 	 Ey 	 1 	 3.038946e-01 	 -1.200000e+02 	 -6.000000e+02 	 2.000000e+00
7 	 89 	 Ey 	 1 	 0.000000e+00 	 1.200000e+02 	 -6.000000e+02 	 2.000000e+00
7 	 90 	 Ey 	 1 	 0.000000e+00 	 3.600000e+02 	 -6.000000e+02 	 2.000000e+00
7 	 91 	 Ey 	 1 	 0.000000e+00 	 6.000000e+02 	 -6.000000e+02 	 2.000000e+00
7 	 92 	 Ey 	 1 	 0.000000e+00 	 8.400000e+02 	 -6.000000e+02 	 2.000000e+00
7 	 93 	 Ey 	 1 	 0.000000e+00 	 1.080000e+03 	 -6.000000e+02 	 2.000000e+00
7 	 94 	 Ey 	 1 	 1.498823e+00 	 1.320000e+03 	 -6.000000e+02 	 2.000000e+00
7 	 95 	 Ey 	 1 	 1.059234e+00 	 1.560000e+03 	 -6.000000e+02 	 2.000000e+00
7 	 96 	 Ey 	 1 	 1.677553e+00 	 1.800000e+03 	 -6.000000e+02 	 2.000000e+00
7 	 97 	 Ey 	 1 	 3.514202e+00 	 -1.800000e+03 	 -3.600000e+02 	 2.000000e+00
7 	 98 	 Ey 	 1 	 3.176527e+00 	 -1.560000e+03 	 -3.600000e+02 	 2.000000e+00
7 	 99 	 Ey 	 1 	 2.593789e+00 	 -1.320000e+03 	 -3.600000e+02 	 2.000000e+00
7 	 100 	 Ey 	 1 	 2.693522e+00 	 -1.080000e+03 	 -3.600000e+02 	 2.000000e+00
7 	 101 	 Ey 	 1 	 1.581280e+00 	 -8.400000e+02 	 -3.600000e+02 	 2.000000e+00
7 	 102 	 Ey 	 1 	 1.970817e+00 	 -6.000000e+02 	 -3.600000e+02 	 2.000000e+00
7 	 103 	 Ey 	 1 	 1.146514e+00 	 -3.600000e+02 	 -3.600000e+02 	 2.000000e+00
7 	 104 	 Ey 	 1 	 5.521898e-01 	 -1.200000e+02 	 -3.600000e+02 	 2.000000e+00
7 	 105 	 Ey 	 1 	 0.000000e+00 	 1.200000e+02 	 -3.600000e+02 	 2.000000e+00
7 	 106 	 Ey 	 1 	 0.000000e+00 	 3.600000e+02 	 -3.600000e+02 	 2.000000e+00
7 	 107 	 Ey 	 1 	 0.000000e+00 	 6.000000e+02 	 -3.600000e+02 	 2.000000e+00
7 	 108 	 Ey 	 1 	 0.000000e+00 	 8.400000e+02 	 -3.600000e+02 	 2.000000e+00
7 	 109 	 Ey 	 1 	 0.000000e+00 	 1.080000e+03 	 -3.600000e+02 	 2.000000e+00
7 	 110 	 Ey 	 1 	 8.031235e-01 	 1.320000e+03 	 -3.600000e+02 	 2.000000e+00
7 	 111 	 Ey 	 1 	 9.006090e-01 	 1.560000e+03 	 -3.600000e+02 	 2.000000e+00
7 	 112 	 Ey 	 1 	 1.478193e+00 	 1.800000e+03 	 -3.600000e+02 	 2.000000e+00
7 	 113 	 Ey 	 1 	 3.153863e+00 	 -1.800000e+03 	 -1.200000e+02 	 2.000000e+00
7 	 114 	 Ey 	 1 	 3.493763e+00 	 -1.560000e+03 	 -1.200000e+02 	 2.000000e+00
7 	 115 	 Ey 	 1 	 4.454381e+00 	 -1.320000e+03 	 -1.200000e+02 	 2.000000e+00
7 	 116 	 Ey 	 1 	 4.493334e+00 	 -1.080000e+03 	 -1.200000e+02 	 2.000000e+00
7 	 117 	 Ey 	 1 	 5.068642e+00 	 -8.400000e+02 	 -1.200000e+02 	 2.000000e+00
7 	 118 	 Ey 	 1 	 3.199055e+00 	 -6.000000e+02 	 -1.200000e+02 	 2.000000e+00
7 	 119 	 Ey 	 1 	 2.775841e+00 	 -3.600000e+02 	 -1.200000e+02 	 2.000000e+00
7 	 120 	 Ey 	 1 	 2.179335e+00 	 -1.200000e+02 	 -1.200000e+02 	 2.000000e+00
7 	 121 	 Ey 	 1 	 0.000000e+00 	 1.200000e+02 	 -1.200000e+02 	 2.000000e+00
7 	 122 	 Ey 	 1 	 0.000000e+00 	 3.600000e+02 	 -1.200000e+02 	 2.000000e+00
7 	 123 	 Ey 	 1 	 0.000000e+00 	 6.000000e+02 	 -1.200000e+02 	 2.000000e+00
7 	 124 	 Ey 	 1 	 0.000000e+00 	 8.400000e+02 	 -1.200000e+02 	 2.000000e+00
7 	 125 	 Ey 	 1 	 1.784872e+00 	 1.080000e+03 	 -1.200000e+02 	 2.000000e+00
7 	 126 	 Ey 	 1 	 4.594491e-01 	 1.320000e+03 	 -1.200000e+02 	 2.000000e+00
7 	 127 	 Ey 	 1 	 2.609262e+00 	 1.560000e+03 	 -1.200000e+02 	 2.000000e+00
7 	 128 	 Ey 	 1 	 1.737916e+00 	 1.800000e+03 	 -1.200000e+02 	 2.000000e+00
7 	 129 	 Ey 	 1 	 5.270541e+00 	 -1.800000e+03 	 1.200000e+02 	 2.000000e+00
7 	 130 	 Ey 	 1 	 4.795448e+00 	 -1.560000e+03 	 1.200000e+02 	 2.000000e+00
7 	 131 	 Ey 	 1 	 3.366009e+00 	 -1.320000e+03 	 1.200000e+02 	 2.000000e+00
7 	 132 	 Ey 	 1 	 6.911359e+00 	 -1.080000e+03 	 1.200000e+02 	 2.000000e+00
7 	 133 	 Ey 	 1 	 6.081558e+00 	 -8.400000e+02 	 1.200000e+02 	 2.000000e+00
7 	 134 	 Ey 	 1 	 5.361452e+00 	 -6.000000e+02 	 1.200000e+02 	 2.000000e+00
7 	 135 	 Ey 	 1 	 5.065650e+00 	 -3.600000e+02 	 1.200000e+02 	 2.000000e+00
7 	 136 	 Ey 	 1 	 2.426239e+00 	 -1.200000e+02 	 1.200000e+02 	 2.000000e+00
7 	 137 	 Ey 	 1 	 1.795398e+00 	 1.200000e+02 	 1.200000e+02 	 2.000000e+00
7 	 138 	 Ey 	 1 	 1.863097e+00 	 3.600000e+02 	 1.200000e+02 	 2.000000e+00
7 	 139 	 Ey 	 1 	 9.120239e-01 	 6.000000e+02 	 1.200000e+02 	 2.000000e+00
7 	 140 	 Ey 	 1 	 2.510403e+00 	 8.400000e+02 	 1.200000e+02 	 2.000000e+00
7 	 141 	 Ey 	 1 	 3.406041e+00 	 1.080000e+03 	 1.200000e+02 	 2.000000e+00
7 	 142 	 Ey 	 1 	 4.077402e+00 	 1.320000e+03 	 1.200000e+02 	 2.000000e+00
7 	 143 	 Ey 	 1 	 3.038963e+00 	 1.560000e+03 	 1.200000e+02 	 2.000000e+00
7 	 144 	 Ey 	 1 	 2.219409e+00 	 1.800000e+03 	 1.200000e+02 	 2.000000e+00
7 	 145 	 Ey 	 1 	 3.920631e+00 	 -1.800000e+03 	 3.600000e+02 	 2.000000e+00
7 	 146 	 Ey 	 1 	 4.272377e+00 	 -1.560000e+03 	 3.600000e+02 	 2.000000e+00
7 	 147 	 Ey 	 1 	 5.670172e+00 	 -1.320000e+03 	 3.600000e+02 	 2.000000e+00
7 	 148 	 Ey 	 1 	 6.711102e+00 	 -1.080000e+03 	 3.600000e+02 	 2.000000e+00
7 	 149 	 Ey 	 1 	 7.276053e+00 	 -8.400000e+02 	 3.600000e+02 	 2.000000e+00
7 	 150 	 Ey 	 1 	 6.504264e+00 	 -6.000000e+02 	 3.600000e+02 	 2.000000e+00
7 	 151 	 Ey 	 1 	 5.002092e+00 	 -3.600000e+02 	 3.600000e+02 	 2.000000e+00
7 	 152 	 Ey 	 1 	 3.123394e+00 	 -1.200000e+02 	 3.600000e+02 	 2.000000e+00
7 	 153 	 Ey 	 1 	 2.216722e+00 	 1.200000e+02 	 3.600000e+02 	 2.000000e+00
7 	 154 	 Ey 	 1 	 1.591627e+00 	 3.600000e+02 	 3.600000e+02 	 2.000000e+00
7 	 155 	 Ey 	 1 	 3.191210e+00 	 6.000000e+02 	 3.600000e+02 	 2.000000e+00
7 	 156 	 Ey 	 1 	 4.386819e+00 	 8.400000e+02 	 3.600000e+02 	 2.000000e+00
7 	 157 	 Ey 	 1 	 6.319813e+00 	 1.080000e+03 	 3.600000e+02 	 2.000000e+00
7 	 158 	 Ey 	 1 	 4.811262e+00 	 1.320000e+03 	 3.600000e+02 	 2.000000e+00
7 	 159 	 Ey 	 1 	 4.301066e+00 	 1.560000e+03 	 3.600000e+02 	 2.000000e+00
7 	 160 	 Ey 	 1 	 5.243548e+00 	 1.800000e+03 	 3.600000e+02 	 2.000000e+00
7 	 161 	 Ey 	 1 	 9.159997e-01 	 -1.800000e+03 	 6.000000e+02 	 2.000000e+00
7 	 162 	 Ey 	 1 	 2.094838e+00 	 -1.560000e+03 	 6.000000e+02 	 2.000000e+00
7 	 163 	 Ey 	 1 	 3.853426e+00 	 -1.320000e+03 	 6.000000e+02 	 2.000000e+00
7 	 164 	 Ey 	 1 	 7.781903e+00 	 -1.080000e+03 	 6.000000e+02 	 2.000000e+00
7 	 165 	 Ey 	 1 	 8.008495e+00 	 -8.400000e+02 	 6.000000e+02 	 2.000000e+00
7 	 166 	 Ey 	 1 	 7.788985e+00 	 -6.000000e+02 	 6.000000e+02 	 2.000000e+00
7 	 167 	 Ey 	 1 	 7.018974e+00 	 -3.600000e+02 	 6.000000e+02 	 2.000000e+00
7 	 168 	 Ey 	 1 	 3.952102e+00 	 -1.200000e+02 	 6.000000e+02 	 2.000000e+00
7 	 169 	 Ey 	 1 	 2.067218e+00 	 1.200000e+02 	 6.000000e+02 	 2.000000e+00
7 	 170 	 Ey 	 1 	 2.483963e+00 	 3.600000e+02 	 6.000000e+02 	 2.000000e+00
7 	 171 	 Ey 	 1 	 5.123855e+00 	 6.000000e+02 	 6.000000e+02 	 2.000000e+00
7 	 172 	 Ey 	 1 	 5.817126e+00 	 8.400000e+02 	 6.000000e+02 	 2.000000e+00
7 	 173 	 Ey 	 1 	 6.824777e+00 	 1.080000e+03 	 6.000000e+02 	 2.000000e+00
7 	 174 	 Ey 	 1 	 6.018724e+00 	 1.320000e+03 	 6.000000e+02 	 2.000000e+00
7 	 175 	 Ey 	 1 	 6.507575e+00 	 1.560000e+03 	 6.000000e+02 	 2.000000e+00
7 	 176 	 Ey 	 1 	 5.014202e+00 	 1.800000e+03 	 6.000000e+02 	 2.000000e+00
7 	 177 	 Ey 	 1 	 1.757794e+00 	 -1.800000e+03 	 8.400000e+02 	 2.000000e+00
7 	 178 	 Ey 	 1 	 1.045503e+00 	 -1.560000e+03 	 8.400000e+02 	 2.000000e+00
7 	 179 	 Ey 	 1 	 2.418510e+00 	 -1.320000e+03 	 8.400000e+02 	 2.000000e+00
7 	 180 	 Ey 	 1 	 2.997552e+00 	 -1.080000e+03 	 8.400000e+02 	 2.000000e+00
7 	 181 	 Ey 	 1 	 6.274592e+00 	 -8.400000e+02 	 8.400000e+02 	 2.000000e+00
7 	 182 	 Ey 	 1 	 4.740293e+00 	 -6.000000e+02 	 8.400000e+02 	 2.000000e+00
7 	 183 	 Ey 	 1 	 4.594833e+00 	 -3.600000e+02 	 8.400000e+02 	 2.000000e+00
7 	 184 	 Ey 	 1 	 3.755764e+00 	 -1.200000e+02 	 8.400000e+02 	 2.000000e+00
7 	 185 	 Ey 	 1 	 2.274916e+00 	 1.200000e+02 	 8.400000e+02 	 2.000000e+00
7 	 186 	 Ey 	 1 	 4.623225e+00 	 3.600000e+02 	 8.400000e+02 	 2.000000e+00
7 	 187 	 Ey 	 1 	 6.613300e+00 	 6.000000e+02 	 8.400000e+02 	 2.000000e+00
7 	 188 	 Ey 	 1 	 7.001600e+00 	 8.400000e+02 	 8.400000e+02 	 2.000000e+00
7 	 189 	 Ey 	 1 	 6.653746e+00 	 1.080000e+03 	 8.400000e+02 	 2.000000e+00
7 	 190 	 Ey 	 1 	 8.231175e+00 	 1.320000e+03 	 8.400000e+02 	 2.000000e+00
7 	 191 	 Ey 	 1 	 6.674466e+00 	 1.560000e+03 	 8.400000e+02 	 2.000000e+00
7 	 192 	 Ey 	 1 	 7.033514e+00 	 1.800000e+03 	 8.400000e+02 	 2.000000e+00
7 	 193 	 Ey 	 1 	 1.945986e+00 	 -1.800000e+03 	 1.080000e+03 	 2.000000e+00
7 	 194 	 Ey 	 1 	 3.040150e+00 	 -1.560000e+03 	 1.080000e+03 	 2.000000e+00
7 	 195 	 Ey 	 1 	 2.257899e+00 	 -1.320000e+03 	 1.080000e+03 	 2.000000e+00
7 	 196 	 Ey 	 1 	 6.285073e-01 	 -1.080000e+03 	 1.080000e+03 	 2.000000e+00
7 	 197 	 Ey 	 1 	 1.830711e+00 	 -8.400000e+02 	 1.080000e+03 	 2.000000e+00
7 	 198 	 Ey 	 1 	 1.876647e+00 	 -6.000000e+02 	 1.080000e+03 	 2.000000e+00
7 	 199 	 Ey 	 1 	 5.889648e-01 	 -3.600000e+02 	 1.080000e+03 	 2.000000e+00
7 	 200 	 Ey 	 1 	 2.552484e+00 	 -1.200000e+02 	 1.080000e+03 	 2.000000e+00
7 	 201 	 Ey 	 1 	 1.523735e+00 	 1.200000e+02 	 1.080000e+03 	 2.000000e+00
7 	 202 	 Ey 	 1 	 3.258436e+00 	 3.600000e+02 	 1.080000e+03 	 2.000000e+00
7 	 203 	 Ey 	 1 	 5.968216e+00 	 6.000000e+02 	 1.080000e+03 	 2.000000e+00
7 	 204 	 Ey 	 1 	 6.630719e+00 	 8.400000e+02 	 1.080000e+03 	 2.000000e+00
7 	 205 	 Ey 	 1 	 8.587381e+00 	 1.080000e+03 	 1.080000e+03 	 2.000000e+00
7 	 206 	 Ey 	 1 	 9.600820e+00 	 1.320000e+03 	 1.080000e+03 	 2.000000e+00
7 	 207 	 Ey 	 1 	 7.008837e+00 	 1.560000e+03 	 1.080000e+03 	 2.000000e+00
7 	 208 	 Ey 	 1 	 7.838863e+00 	 1.800000e+03 	 1.080000e+03 	 2.000000e+00
7 	 209 	 Ey 	 1 	 3.601341e+00 	 -1.800000e+03 	 1.320000e+03 	 2.000000e+00
7 	 210 	 Ey 	 1 	 4.320116e+00 	 -1.560000e+03 	 1.320000e+03 	 2.000000e+00
7 	 211 	 Ey 	 1 	 3.443871e+00 	 -1.320000e+03 	 1.320000e+03 	 2.000000e+00
7 	 212 	 Ey 	 1 	 4.483103e+00 	 -1.080000e+03 	 1.320000e+03 	 2.000000e+00
7 	 213 	 Ey 	 1 	 4.566246e+00 	 -8.400000e+02 	 1.320000e+03 	 2.000000e+00
7 	 214 	 Ey 	 1 	 5.993161e+00 	 -6.000000e+02 	 1.320000e+03 	 2.000000e+00
7 	 215 	 Ey 	 1 	 4.369489e+00 	 -3.600000e+02 	 1.320000e+03 	 2.000000e+00
7 	 216 	 Ey 	 1 	 3.151664e+00 	 -1.200000e+02 	 1.320000e+03 	 2.000000e+00
7 	 217 	 Ey 	 1 	 2.460111e+00 	 1.200000e+02 	 1.320000e+03 	 2.000000e+00
7 	 218 	 Ey 	 1 	 3.332719e+00 	 3.600000e+02 	 1.320000e+03 	 2.000000e+00
7 	 219 	 Ey 	 1 	 3.736020e+00 	 6.000000e+02 	 1.320000e+03 	 2.000000e+00
7 	 220 	 Ey 	 1 	 6.802704e+00 	 8.400000e+02 	 1.320000e+03 	 2.000000e+00
7 	 221 	 Ey 	 1 	 8.544527e+00 	 1.080000e+03 	 1.320000e+03 	 2.000000e+00
7 	 222 	 Ey 	 1 	 8.945608e+00 	 1.320000e+03 	 1.320000e+03 	 2.000000e+00
7 	 223 	 Ey 	 1 	 8.790627e+00 	 1.560000e+03 	 1.320000e+03 	 2.000000e+00
7 	 224 	 Ey 	 1 	 7.144073e+00 	 1.800000e+03 	 1.320000e+03 	 2.000000e+00
7 	 225 	 Ey 	 1 	 4.180190e+00 	 -1.800000e+03 	 1.560000e+03 	 2.000000e+00
7 	 226 	 Ey 	 1 	 5.680303e+00 	 -1.560000e+03 	 1.560000e+03 	 2.000000e+00
7 	 227 	 Ey 	 1 	 6.233347e+00 	 -1.320000e+03 	 1.560000e+03 	 2.000000e+00
7 	 228 	 Ey 	 1 	 7.295127e+00 	 -1.080000e+03 	 1.560000e+03 	 2.000000e+00
7 	 229 	 Ey 	 1 	 5.238450e+00 	 -8.400000e+02 	 1.560000e+03 	 2.000000e+00
7 	 230 	 Ey 	 1 	 7.175934e+00 	 -6.000000e+02 	 1.560000e+03 	 2.000000e+00
7 	 231 	 Ey 	 1 	 7.212263e+00 	 -3.600000e+02 	 1.560000e+03 	 2.000000e+00
7 	 232 	 Ey 	 1 	 3.779930e+00 	 -1.200000e+02 	 1.560000e+03 	 2.000000e+00
7 	 233 	 Ey 	 1 	 3.722455e+00 	 1.200000e+02 	 1.560000e+03 	 2.000000e+00
7 	 234 	 Ey 	 1 	 4.967608e-01 	 3.600000e+02 	 1.560000e+03 	 2.000000e+00
7 	 235 	 Ey 	 1 	 4.187174e+00 	 6.000000e+02 	 1.560000e+03 	 2.000000e+00
7 	 236 	 Ey 	 1 	 4.618063e+00 	 8.400000e+02 	 1.560000e+03 	 2.000000e+00
7 	 237 	 Ey 	 1 	 6.921598e+00 	 1.080000e+03 	 1.560000e+03 	 2.000000e+00
7 	 238 	 Ey 	 1 	 7.632454e+00 	 1.320000e+03 	 1.560000e+03 	 2.000000e+00
7 	 239 	 Ey 	 1 	 7.412686e+00 	 1.560000e+03 	 1.560000e+03 	 2.000000e+00
7 	 240 	 Ey 	 1 	 7.260954e+00 	 1.800000e+03 	 1.560000e+03 	 2.000000e+00
7 	 241 	 Ey 	 1 	 6.273770e+00 	 -1.800000e+03 	 1.800000e+03 	 2.000000e+00
7 	 242 	 Ey 	 1 	 5.766506e+00 	 -1.560000e+03 	 1.800000e+03 	 2.000000e+00
7 	 243 	 Ey 	 1 	 6.711881e+00 	 -1.320000e+03 	 1.800000e+03 	 2.000000e+00
7 	 244 	 Ey 	 1 	 9.809658e+00 	 -1.080000e+03 	 1.800000e+03 	 2.000000e+00
7 	 245 	 Ey 	 1 	 7.973635e+00 	 -8.400000e+02 	 1.800000e+03 	 2.000000e+00
7 	 246 	 Ey 	 1 	 6.323800e+00 	 -6.000000e+02 	 1.800000e+03 	 2.000000e+00
7 	 247 	 Ey 	 1 	 6.807107e+00 	 -3.600000e+02 	 1.800000e+03 	 2.000000e+00
7 	 248 	 Ey 	 1 	 4.721980e+00 	 -1.200000e+02 	 1.800000e+03 	 2.000000e+00
7 	 249 	 Ey 	 1 	 3.611253e+00 	 1.200000e+02 	 1.800000e+03 	 2.000000e+00
7 	 250 	 Ey 	 1 	 1.862768e+00 	 3.600000e+02 	 1.800000e+03 	 2.000000e+00
7 	 251 	 Ey 	 1 	 3.017720e+00 	 6.000000e+02 	 1.800000e+03 	 2.000000e+00
7 	 252 	 Ey 	 1 	 4.643219e+00 	 8.400000e+02 	 1.800000e+03 	 2.000000e+00
7 	 253 	 Ey 	 1 	 6.075008e+00 	 1.080000e+03 	 1.800000e+03 	 2.000000e+00
7 	 254 	 Ey 	 1 	 7.573277e+00 	 1.320000e+03 	 1.800000e+03 	 2.000000e+00
7 	 255 	 Ey 	 1 	 8.024482e+00 	 1.560000e+03 	 1.800000e+03 	 2.000000e+00
7 	 256 	 Ey 	 1 	 7.064514e+00 	 1.800000e+03 	 1.800000e+03 	 2.000000e+00
7 	 1 	 Ey 	 2 	 4.504365e+00 	 -1.800000e+03 	 -1.800000e+03 	 2.000000e+00
7 	 2 	 Ey 	 2 	 4.331851e+00 	 -1.560000e+03 	 -1.800000e+03 	 2.000000e+00
7 	 3 	 Ey 	 2 	 3.808828e+00 	 -1.320000e+03 	 -1.800000e+03 	 2.000000e+00
7 	 4 	 Ey 	 2 	 3.627531e+00 	 -1.080000e+03 	 -1.800000e+03 	 2.000000e+00
7 	 5 	 Ey 	 2 	 3.447015e+00 	 -8.400000e+02 	 -1.800000e+03 	 2.000000e+00
7 	 6 	 Ey 	 2 	 2.516795e+00 	 -6.000000e+02 	 -1.800000e+03 	 2.000000e+00
7 	 7 	 Ey 	 2 	 2.869368e+00 	 -3.600000e+02 	 -1.800000e+03 	 2.000000e+00
7 	 8 	 Ey 	 2 	 2.013029e+00 	 -1.200000e+02 	 -1.800000e+03 	 2.000000e+00
7 	 9 	 Ey 	 2 	 2.655844e+00 	 1.200000e+02 	 -1.800000e+03 	 2.000000e+00
7 	 10 	 Ey 	 2 	 7.376105e-01 	 3.600000e+02 	 -1.800000e+03 	 2.000000e+00
7 	 11 	 Ey 	 2 	 1.121554e+00 	 6.000000e+02 	 -1.800000e+03 	 2.000000e+00
7 	 12 	 Ey 	 2 	 1.964401e+00 	 8.400000e+02 	 -1.800000e+03 	 2.000000e+00
7 	 13 	 Ey 	 2 	 3.845265e+00 	 1.080000e+03 	 -1.800000e+03 	 2.000000e+00
7 	 14 	 Ey 	 2 	 3.390386e+00 	 1.320000e+03 	 -1.800000e+03 	 2.000000e+00
7 	 15 	 Ey 	 2 	 4.431853e+00 	 1.560000e+03 	 -1.800000e+03 	 2.000000e+00
7 	 16 	 Ey 	 2 	 3.784210e+00 	 1.800000e+03 	 -1.800000e+03 	 2.000000e+00
7 	 17 	 Ey 	 2 	 5.622478e+00 	 -1.800000e+03 	 -1.560000e+03 	 2.000000e+00
7 	 18 	 Ey 	 2 	 4.863255e+00 	 -1.560000e+03 	 -1.560000e+03 	 2.000000e+00
7 	 19 	 Ey 	 2 	 4.568867e+00 	 -1.320000e+03 	 -1.560000e+03 	 2.000000e+00
7 	 20 	 Ey 	 2 	 3.477890e+00 	 -1.080000e+03 	 -1.560000e+03 	 2.000000e+00
7 	 21 	 Ey 	 2 	 3.064074e+00 	 -8.400000e+02 	 -1.560000e+03 	 2.000000e+00
7 	 22 	 Ey 	 2 	 2.037621e+00 	 -6.000000e+02 	 -1.560000e+03 	 2.000000e+00
7 	 23 	 Ey 	 2 	 1.924721e+00 	 -3.600000e+02 	 -1.560000e+03 	 2.000000e+00
7 	 24 	 Ey 	 2 	 1.325548e+00 	 -1.200000e+02 	 -1.560000e+03 	 2.000000e+00
7 	 25 	 Ey 	 2 	 1.992772e+00 	 1.200000e+02 	 -1.560000e+03 	 2.000000e+00
7 	 26 	 Ey 	 2 	 1.184372e+00 	 3.600000e+02 	 -1.560000e+03 	 2.000000e+00
7 	 27 	 Ey 	 2 	 1.865314e+00 	 6.000000e+02 	 -1.560000e+03 	 2.000000e+00
7 	 28 	 Ey 	 2 	 3.163417e+00 	 8.400000e+02 	 -1.560000e+03 	 2.000000e+00
7 	 29 	 Ey 	 2 	 2.980984e+00 	 1.080000e+03 	 -1.560000e+03 	 2.000000e+00
7 	 30 	 Ey 	 2 	 3.980772e+00 	 1.320000e+03 	 -1.560000e+03 	 2.000000e+00
7 	 31 	 Ey 	 2 	 4.978586e+00 	 1.560000e+03 	 -1.560000e+03 	 2.000000e+00
7 	 32 	 Ey 	 2 	 3.898093e+00 	 1.800000e+03 	 -1.560000e+03 	 2.000000e+00
7 	 33 	 Ey 	 2 	 4.778811e+00 	 -1.800000e+03 	 -1.320000e+03 	 2.000000e+00
7 	 34 	 Ey 	 2 	 3.805413e+00 	 -1.560000e+03 	 -1.320000e+03 	 2.000000e+00
7 	 35 	 Ey 	 2 	 2.638425e+00 	 -1.320000e+03 	 -1.320000e+03 	 2.000000e+00
7 	 36 	 Ey 	 2 	 1.842949e+00 	 -1.080000e+03 	 -1.320000e+03 	 2.000000e+00
7 	 37 	 Ey 	 2 	 2.685966e+00 	 -8.400000e+02 	 -1.320000e+03 	 2.000000e+00
7 	 38 	 Ey 	 2 	 1.442511e+00 	 -6.000000e+02 	 -1.320000e+03 	 2.000000e+00
7 	 39 	 Ey 	 2 	 2.614070e+00 	 -3.600000e+02 	 -1.320000e+03 	 2.000000e+00
7 	 40 	 Ey 	 2 	 2.267396e+00 	 -1.200000e+02 	 -1.320000e+03 	 2.000000e+00
7 	 41 	 Ey 	 2 	 7.963256e-01 	 1.200000e+02 	 -1.320000e+03 	 2.000000e+00
7 	 42 	 Ey 	 2 	 4.844403e-01 	 3.600000e+02 	 -1.320000e+03 	 2.000000e+00
7 	 43 	 Ey 	 2 	 1.038749e+00 	 6.000000e+02 	 -1.320000e+03 	 2.000000e+00
7 	 44 	 Ey 	 2 	 2.836417e+00 	 8.400000e+02 	 -1.320000e+03 	 2.000000e+00
7 	 45 	 Ey 	 2 	 3.594270e+00 	 1.080000e+03 	 -1.320000e+03 	 2.000000e+00
7 	 46 	 Ey 	 2 	 3.129921e+00 	 1.320000e+03 	 -1.320000e+03 	 2.000000e+00
7 	 47 	 Ey 	 2 	 4.643176e+00 	 1.560000e+03 	 -1.320000e+03 	 2.000000e+00
7 	 48 	 Ey 	 2 	 3.285380e+00 	 1.800000e+03 	 -1.320000e+03 	 2.000000e+00
7 	 49 	 Ey 	 2 	 3.848271e+00 	 -1.800000e+03 	 -1.080000e+03 	 2.000000e+00
7 	 50 	 Ey 	 2 	 4.076635e+00 	 -1.560000e+03 	 -1.080000e+03 	 2.000000e+00
7 	 51 	 Ey 	 2 	 2.612676e+00 	 -1.320000e+03 	 -1.080000e+03 	 2.000000e+00
7 	 52 	 Ey 	 2 	 2.386644e+00 	 -1.080000e+03 	 -1.080000e+03 	 2.000000e+00
7 	 53 	 Ey 	 2 	 2.395563e+00 	 -8.400000e+02 	 -1.080000e+03 	 2.000000e+00
7 	 54 	 Ey 	 2 	 2.621830e+00 	 -6.000000e+02 	 -1.080000e+03 	 2.000000e+00
7 	 55 	 Ey 	 2 	 1.059112e+00 	 -3.600000e+02 	 -1.080000e+03 	 2.000000e+00
7 	 56 	 Ey 	 2 	 1.124630e+00 	 -1.200000e+02 	 -1.080000e+03 	 2.000000e+00
7 	 57 	 Ey 	 2 	 5.607382e-01 	 1.200000e+02 	 -1.080000e+03 	 2.000000e+00
7 	 58 	 Ey 	 2 	 0.000000e+00 	 3.600000e+02 	 -1.080000e+03 	 2.000000e+00
7 	 59 	 Ey 	 2 	 0.000000e+00 	 6.000000e+02 	 -1.080000e+03 	 2.000000e+00
7 	 60 	 Ey 	 2 	 3.138221e+00 	 8.400000e+02 	 -1.080000e+03 	 2.000000e+00
7 	 61 	 Ey 	 2 	 2.137256e+00 	 1.080000e+03 	 -1.080000e+03 	 2.000000e+00
7 	 62 	 Ey 	 2 	 2.256389e+00 	 1.320000e+03 	 -1.080000e+03 	 2.000000e+00
7 	 63 	 Ey 	 2 	 3.004081e+00 	 1.560000e+03 	 -1.080000e+03 	 2.000000e+00
7 	 64 	 Ey 	 2 	 2.370878e+00 	 1.800000e+03 	 -1.080000e+03 	 2.000000e+00
7 	 65 	 Ey 	 2 	 4.877994e+00 	 -1.800000e+03 	 -8.400000e+02 	 2.000000e+00
7 	 66 	 Ey 	 2 	 3.645551e+00 	 -1.560000e+03 	 -8.400000e+02 	 2.000000e+00
7 	 67 	 Ey 	 2 	 2.080975e+00 	 -1.320000e+03 	 -8.400000e+02 	 2.000000e+00
7 	 68 	 Ey 	 2 	 2.559940e-01 	 -1.080000e+03 	 -8.400000e+02 	 2.000000e+00
7 	 69 	 Ey 	 2 	 2.551479e+00 	 -8.400000e+02 	 -8.400000e+02 	 2.000000e+00
7 	 70 	 Ey 	 2 	 2.876733e+00 	 -6.000000e+02 	 -8.400000e+02 	 2.000000e+00
7 	 71 	 Ey 	 2 	 1.350040e+00 	 -3.600000e+02 	 -8.400000e+02 	 2.000000e+00
7 	 72 	 Ey 	 2 	 1.317056e+00 	 -1.200000e+02 	 -8.400000e+02 	 2.000000e+00
7 	 73 	 Ey 	 2 	 0.000000e+00 	 1.200000e+02 	 -8.400000e+02 	 2.000000e+00
7 	 74 	 Ey 	 2 	 0.000000e+00 	 3.600000e+02 	 -8.400000e+02 	 2.000000e+00
7 	 75 	 Ey 	 2 	 0.000000e+00 	 6.000000e+02 	 -8.400000e+02 	 2.000000e+00
7 	 76 	 Ey 	 2 	 0.000000e+00 	 8.400000e+02 	 -8.400000e+02 	 2.000000e+00
7 	 77 	 Ey 	 2 	 7.967625e-01 	 1.080000e+03 	 -8.400000e+02 	 2.000000e+00
7 	 78 	 Ey 	 2 	 1.331593e+00 	 1.320000e+03 	 -8.400000e+02 	 2.000000e+00
7 	 79 	 Ey 	 2 	 2.467922e+00 	 1.560000e+03 	 -8.400000e+02 	 2.000000e+00
7 	 80 	 Ey 	 2 	 2.657027e+00 	 1.800000e+03 	 -8.400000e+02 	 2.000000e+00
7 	 81 	 Ey 	 2 	 5.713497e+00 	 -1.800000e+03 	 -6.000000e+02 	 2.000000e+00
7 	 82 	 Ey 	 2 	 3.929424e+00 	 -1.560000e+03 	 -6.000000e+02 	 2.000000e+00
7 	 83 	 Ey 	 2 	 1.999622e+00 	 -1.320000e+03 	 -6.000000e+02 	 2.000000e+00
7 	 84 	 Ey 	 2 	 1.601244e+00 	 -1.080000e+03 	 -6.000000e+02 	 2.000000e+00
7 	 85 	 Ey 	 2 	 5.085589e-01 	 -8.400000e+02 	 -6.000000e+02 	 2.000000e+00
7 	 86 	 Ey 	 2 	 8.574814e-01 	 -6.000000e+02 	 -6.000000e+02 	 2.000000e+00
7 	 87 	 Ey 	 2 	 5.909968e-01 	 -3.600000e+02 	 -6.000000e+02 	 2.000000e+00
7 	 88 	 Ey 	 2 	 1.422964e+00 	 -1.200000e+02 	 -6.000000e+02 	 2.000000e+00
7 	 89 	 Ey 	 2 	 0.000000e+00 	 1.200000e+02 	 -6.000000e+02 	 2.000000e+00
7 	 90 	 Ey 	 2 	 0.000000e+00 	 3.600000e+02 	 -6.000000e+02 	 2.000000e+00
7 	 91 	 Ey 	 2 	 0.000000e+00 	 6.000000e+02 	 -6.000000e+02 	 2.000000e+00
7 	 92 	 Ey 	 2 	 0.000000e+00 	 8.400000e+02 	 -6.000000e+02 	 2.000000e+00
7 	 93 	 Ey 	 2 	 0.000000e+00 	 1.080000e+03 	 -6.000000e+02 	 2.000000e+00
7 	 94 	 Ey 	 2 	 1.372232e+00 	 1.320000e+03 	 -6.000000e+02 	 2.000000e+00
7 	 95 	 Ey 	 2 	 6.054025e-01 	 1.560000e+03 	 -6.000000e+02 	 2.000000e+00
7 	 96 	 Ey 	 2 	 2.044613e+00 	 1.800000e+03 	 -6.000000e+02 	 2.000000e+00
7 	 97 	 Ey 	 2 	 6.141667e+00 	 -1.800000e+03 	 -3.600000e+02 	 2.000000e+00
7 	 98 	 Ey 	 2 	 7.451406e+00 	 -1.560000e+03 	 -3.600000e+02 	 2.000000e+00
7 	 99 	 Ey 	 2 	 6.436573e+00 	 -1.320000e+03 	 -3.600000e+02 	 2.000000e+00
7 	 100 	 Ey 	 2 	 4.104898e+00 	 -1.080000e+03 	 -3.600000e+02 	 2.000000e+00
7 	 101 	 Ey 	 2 	 3.499185e+00 	 -8.400000e+02 	 -3.600000e+02 	 2.000000e+00
7 	 102 	 Ey 	 2 	 2.163252e+00 	 -6.000000e+02 	 -3.600000e+02 	 2.000000e+00
7 	 103 	 Ey 	 2 	 6.269124e-01 	 -3.600000e+02 	 -3.600000e+02 	 2.000000e+00
7 	 104 	 Ey 	 2 	 9.888242e-01 	 -1.200000e+02 	 -3.600000e+02 	 2.000000e+00
7 	 105 	 Ey 	 2 	 0.000000e+00 	 1.200000e+02 	 -3.600000e+02 	 2.000000e+00
7 	 106 	 Ey 	 2 	 0.000000e+00 	 3.600000e+02 	 -3.600000e+02 	 2.000000e+00
7 	 107 	 Ey 	 2 	 0.000000e+00 	 6.000000e+02 	 -3.600000e+02 	 2.000000e+00
7 	 108 	 Ey 	 2 	 0.000000e+00 	 8.400000e+02 	 -3.600000e+02 	 2.000000e+00
7 	 109 	 Ey 	 2 	 0.000000e+00 	 1.080000e+03 	 -3.600000e+02 	 2.000000e+00
7 	 110 	 Ey 	 2 	 1.113753e+00 	 1.320000e+03 	 -3.600000e+02 	 2.000000e+00
7 	 111 	 Ey 	 2 	 6.722044e-01 	 1.560000e+03 	 -3.600000e+02 	 2.000000e+00
7 	 112 	 Ey 	 2 	 7.884072e-01 	 1.800000e+03 	 -3.600000e+02 	 2.000000e+00
7 	 113 	 Ey 	 2 	 6.909780e+00 	 -1.800000e+03 	 -1.200000e+02 	 2.000000e+00
7 	 114 	 Ey 	 2 	 5.306823e+00 	 -1.560000e+03 	 -1.200000e+02 	 2.000000e+00
7 	 115 	 Ey 	 2 	 7.696972e+00 	 -1.320000e+03 	 -1.200000e+02 	 2.000000e+00
7 	 116 	 Ey 	 2 	 7.093007e+00 	 -1.080000e+03 	 -1.200000e+02 	 2.000000e+00
7 	 117 	 Ey 	 2 	 5.794423e+00 	 -8.400000e+02 	 -1.200000e+02 	 2.000000e+00
7 	 118 	 Ey 	 2 	 3.567374e+00 	 -6.000000e+02 	 -1.200000e+02 	 2.000000e+00
7 	 119 	 Ey 	 2 	 2.616429e+00 	 -3.600000e+02 	 -1.200000e+02 	 2.000000e+00
7 	 120 	 Ey 	 2 	 8.520502e-01 	 -1.200000e+02 	 -1.200000e+02 	 2.000000e+00
7 	 121 	 Ey 	 2 	 0.000000e+00 	 1.200000e+02 	 -1.200000e+02 	 2.000000e+00
7 	 122 	 Ey 	 2 	 0.000000e+00 	 3.600000e+02 	 -1.200000e+02 	 2.000000e+00
7 	 123 	 Ey 	 2 	 0.000000e+00 	 6.000000e+02 	 -1.200000e+02 	 2.000000e+00
7 	 124 	 Ey 	 2 	 0.000000e+00 	 8.400000e+02 	 -1.200000e+02 	 2.000000e+00
7 	 125 	 Ey 	 2 	 1.389353e+00 	 1.080000e+03 	 -1.200000e+02 	 2.000000e+00
7 	 126 	 Ey 	 2 	 2.105566e+00 	 1.320000e+03 	 -1.200000e+02 	 2.000000e+00
7 	 127 	 Ey 	 2 	 2.425595e+00 	 1.560000e+03 	 -1.200000e+02 	 2.000000e+00
7 	 128 	 Ey 	 2 	 1.862457e+00 	 1.800000e+03 	 -1.200000e+02 	 2.000000e+00
7 	 129 	 Ey 	 2 	 7.938419e+00 	 -1.800000e+03 	 1.200000e+02 	 2.000000e+00
7 	 130 	 Ey 	 2 	 7.389826e+00 	 -1.560000e+03 	 1.200000e+02 	 2.000000e+00
7 	 131 	 Ey 	 2 	 7.192455e+00 	 -1.320000e+03 	 1.200000e+02 	 2.000000e+00
7 	 132 	 Ey 	 2 	 7.571119e+00 	 -1.080000e+03 	 1.200000e+02 	 2.000000e+00
7 	 133 	 Ey 	 2 	 7.586634e+00 	 -8.400000e+02 	 1.200000e+02 	 2.000000e+00
7 	 134 	 Ey 	 2 	 5.029574e+00 	 -6.000000e+02 	 1.200000e+02 	 2.000000e+00
7 	 135 	 Ey 	 2 	 3.970782e+00 	 -3.600000e+02 	 1.200000e+02 	 2.000000e+00
7 	 136 	 Ey 	 2 	 1.542124e+00 	 -1.200000e+02 	 1.200000e+02 	 2.000000e+00
7 	 137 	 Ey 	 2 	 1.573597e+00 	 1.200000e+02 	 1.200000e+02 	 2.000000e+00
7 	 138 	 Ey 	 2 	 3.804706e-01 	 3.600000e+02 	 1.200000e+02 	 2.000000e+00
7 	 139 	 Ey 	 2 	 3.237275e+00 	 6.000000e+02 	 1.200000e+02 	 2.000000e+00
7 	 140 	 Ey 	 2 	 1.705622e+00 	 8.400000e+02 	 1.200000e+02 	 2.000000e+00
7 	 141 	 Ey 	 2 	 3.807768e+00 	 1.080000e+03 	 1.200000e+02 	 2.000000e+00
7 	 142 	 Ey 	 2 	 1.900098e+00 	 1.320000e+03 	 1.200000e+02 	 2.000000e+00
7 	 143 	 Ey 	 2 	 3.914547e+00 	 1.560000e+03 	 1.200000e+02 	 2.000000e+00
7 	 144 	 Ey 	 2 	 2.488081e+00 	 1.800000e+03 	 1.200000e+02 	 2.000000e+00
7 	 145 	 Ey 	 2 	 6.504132e+00 	 -1.800000e+03 	 3.600000e+02 	 2.000000e+00
7 	 146 	 Ey 	 2 	 6.919139e+00 	 -1.560000e+03 	 3.600000e+02 	 2.000000e+00
7 	 147 	 Ey 	 2 	 7.487335e+00 	 -1.320000e+03 	 3.600000e+02 	 2.000000e+00
7 	 148 	 Ey 	 2 	 8.642795e+00 	 -1.080000e+03 	 3.600000e+02 	 2.000000e+00
7 	 149 	 Ey 	 2 	 8.547187e+00 	 -8.400000e+02 	 3.600000e+02 	 2.000000e+00
7 	 150 	 Ey 	 2 	 7.151614e+00 	 -6.000000e+02 	 3.600000e+02 	 2.000000e+00
7 	 151 	 Ey 	 2 	 4.741682e+00 	 -3.600000e+02 	 3.600000e+02 	 2.000000e+00
7 	 152 	 Ey 	 2 	 2.560066e+00 	 -1.200000e+02 	 3.600000e+02 	 2.000000e+00
7 	 153 	 Ey 	 2 	 1.411959e+00 	 1.200000e+02 	 3.600000e+02 	 2.000000e+00
7 	 154 	 Ey 	 2 	 1.427459e+00 	 3.600000e+02 	 3.600000e+02 	 2.000000e+00
7 	 155 	 Ey 	 2 	 2.341753e+00 	 6.000000e+02 	 3.600000e+02 	 2.000000e+00
7 	 156 	 Ey 	 2 	 3.688388e+00 	 8.400000e+02 	 3.600000e+02 	 2.000000e+00
7 	 157 	 Ey 	 2 	 5.380485e+00 	 1.080000e+03 	 3.600000e+02 	 2.000000e+00
7 	 158 	 Ey 	 2 	 3.193934e+00 	 1.320000e+03 	 3.600000e+02 	 2.000000e+00
7 	 159 	 Ey 	 2 	 4.391221e+00 	 1.560000e+03 	 3.600000e+02 	 2.000000e+00
7 	 160 	 Ey 	 2 	 5.152194e+00 	 1.800000e+03 	 3.600000e+02 	 2.000000e+00
7 	 161 	 Ey 	 2 	 4.304343e+00 	 -1.800000e+03 	 6.000000e+02 	 2.000000e+00
7 	 162 	 Ey 	 2 	 7.237710e+00 	 -1.560000e+03 	 6.000000e+02 	 2.000000e+00
7 	 163 	 Ey 	 2 	 6.291550e+00 	 -1.320000e+03 	 6.000000e+02 	 2.000000e+00
7 	 164 	 Ey 	 2 	 8.545839e+00 	 -1.080000e+03 	 6.000000e+02 	 2.000000e+00
7 	 165 	 Ey 	 2 	 7.757802e+00 	 -8.400000e+02 	 6.000000e+02 	 2.000000e+00
7 	 166 	 Ey 	 2 	 6.405907e+00 	 -6.000000e+02 	 6.000000e+02 	 2.000000e+00
7 	 167 	 Ey 	 2 	 5.564851e+00 	 -3.600000e+02 	 6.000000e+02 	 2.000000e+00
7 	 168 	 Ey 	 2 	 2.940078e+00 	 -1.200000e+02 	 6.000000e+02 	 2.000000e+00
7 	 169 	 Ey 	 2 	 1.687337e+00 	 1.200000e+02 	 6.000000e+02 	 2.000000e+00
7 	 170 	 Ey 	 2 	 3.974811e+00 	 3.600000e+02 	 6.000000e+02 	 2.000000e+00
7 	 171 	 Ey 	 2 	 4.434938e+00 	 6.000000e+02 	 6.000000e+02 	 2.000000e+00
7 	 172 	 Ey 	 2 	 5.027132e+00 	 8.400000e+02 	 6.000000e+02 	 2.000000e+00
7 	 173 	 Ey 	 2 	 4.952361e+00 	 1.080000e+03 	 6.000000e+02 	 2.000000e+00
7 	 174 	 Ey 	 2 	 4.960631e+00 	 1.320000e+03 	 6.000000e+02 	 2.000000e+00
7 	 175 	 Ey 	 2 	 5.245950e+00 	 1.560000e+03 	 6.000000e+02 	 2.000000e+00
7 	 176 	 Ey 	 2 	 5.706882e+00 	 1.800000e+03 	 6.000000e+02 	 2.000000e+00
7 	 177 	 Ey 	 2 	 2.588525e+00 	 -1.800000e+03 	 8.400000e+02 	 2.000000e+00
7 	 178 	 Ey 	 2 	 3.703177e+00 	 -1.560000e+03 	 8.400000e+02 	 2.000000e+00
7 	 179 	 Ey 	 2 	 4.826762e+00 	 -1.320000e+03 	 8.400000e+02 	 2.000000e+00
7 	 180 	 Ey 	 2 	 4.772724e+00 	 -1.080000e+03 	 8.400000e+02 	 2.000000e+00
7 	 181 	 Ey 	 2 	 4.368241e+00 	 -8.400000e+02 	 8.400000e+02 	 2.000000e+00
7 	 182 	 Ey 	 2 	 4.644186e+00 	 -6.000000e+02 	 8.400000e+02 	 2.000000e+00
7 	 183 	 Ey 	 2 	 1.958357e+00 	 -3.600000e+02 	 8.400000e+02 	 2.000000e+00
7 	 184 	 Ey 	 2 	 2.818896e+00 	 -1.200000e+02 	 8.400000e+02 	 2.000000e+00
7 	 185 	 Ey 	 2 	 3.705304e+00 	 1.200000e+02 	 8.400000e+02 	 2.000000e+00
7 	 186 	 Ey 	 2 	 2.789182e+00 	 3.600000e+02 	 8.400000e+02 	 2.000000e+00
7 	 187 	 Ey 	 2 	 5.216229e+00 	 6.000000e+02 	 8.400000e+02 	 2.000000e+00
7 	 188 	 Ey 	 2 	 5.873546e+00 	 8.400000e+02 	 8.400000e+02 	 2.000000e+00
7 	 189 	 Ey 	 2 	 6.462818e+00 	 1.080000e+03 	 8.400000e+02 	 2.000000e+00
7 	 190 	 Ey 	 2 	 7.220117e+00 	 1.320000e+03 	 8.400000e+02 	 2.000000e+00
7 	 191 	 Ey 	 2 	 7.476682e+00 	 1.560000e+03 	 8.400000e+02 	 2.000000e+00
7 	 192 	 Ey 	 2 	 5.701827e+00 	 1.800000e+03 	 8.400000e+02 	 2.000000e+00
7 	 193 	 Ey 	 2 	 1.189045e+00 	 -1.800000e+03 	 1.080000e+03 	 2.000000e+00
7 	 194 	 Ey 	 2 	 2.077621e+00 	 -1.560000e+03 	 1.080000e+03 	 2.000000e+00
7 	 195 	 Ey 	 2 	 2.247511e+00 	 -1.320000e+03 	 1.080000e+03 	 2.000000e+00
7 	 196 	 Ey 	 2 	 2.183386e+00 	 -1.080000e+03 	 1.080000e+03 	 2.000000e+00
7 	 197 	 Ey 	 2 	 1.490849e+00 	 -8.400000e+02 	 1.080000e+03 	 2.000000e+00
7 	 198 	 Ey 	 2 	 2.203381e+00 	 -6.000000e+02 	 1.080000e+03 	 2.000000e+00
7 	 199 	 Ey 	 2 	 3.266603e+00 	 -3.600000e+02 	 1.080000e+03 	 2.000000e+00
7 	 200 	 Ey 	 2 	 1.577644e+00 	 -1.200000e+02 	 1.080000e+03 	 2.000000e+00
7 	 201 	 Ey 	 2 	 1.894858e+00 	 1.200000e+02 	 1.080000e+03 	 2.000000e+00
7 	 202 	 Ey 	 2 	 1.927393e+00 	 3.600000e+02 	 1.080000e+03 	 2.000000e+00
7 	 203 	 Ey 	 2 	 3.623576e+00 	 6.000000e+02 	 1.080000e+03 	 2.000000e+00
7 	 204 	 Ey 	 2 	 5.779825e+00 	 8.400000e+02 	 1.080000e+03 	 2.000000e+00
7 	 205 	 Ey 	 2 	 6.580551e+00 	 1.080000e+03 	 1.080000e+03 	 2.000000e+00
7 	 206 	 Ey 	 2 	 7.183787e+00 	 1.320000e+03 	 1.080000e+03 	 2.000000e+00
7 	 207 	 Ey 	 2 	 7.046100e+00 	 1.560000e+03 	 1.080000e+03 	 2.000000e+00
7 	 208 	 Ey 	 2 	 7.582138e+00 	 1.800000e+03 	 1.080000e+03 	 2.000000e+00
7 	 209 	 Ey 	 2 	 1.992442e+00 	 -1.800000e+03 	 1.320000e+03 	 2.000000e+00
7 	 210 	 Ey 	 2 	 1.432666e+00 	 -1.560000e+03 	 1.320000e+03 	 2.000000e+00
7 	 211 	 Ey 	 2 	 1.906477e+00 	 -1.320000e+03 	 1.320000e+03 	 2.000000e+00
7 	 212 	 Ey 	 2 	 2.152917e+00 	 -1.080000e+03 	 1.320000e+03 	 2.000000e+00
7 	 213 	 Ey 	 2 	 3.589035e+00 	 -8.400000e+02 	 1.320000e+03 	 2.000000e+00
7 	 214 	 Ey 	 2 	 4.667474e+00 	 -6.000000e+02 	 1.320000e+03 	 2.000000e+00
7 	 215 	 Ey 	 2 	 3.862940e+00 	 -3.600000e+02 	 1.320000e+03 	 2.000000e+00
7 	 216 	 Ey 	 2 	 4.730891e+00 	 -1.200000e+02 	 1.320000e+03 	 2.000000e+00
7 	 217 	 Ey 	 2 	 2.930402e+00 	 1.200000e+02 	 1.320000e+03 	 2.000000e+00
7 	 218 	 Ey 	 2 	 2.201266e+00 	 3.600000e+02 	 1.320000e+03 	 2.000000e+00
7 	 219 	 Ey 	 2 	 2.758787e+00 	 6.000000e+02 	 1.320000e+03 	 2.000000e+00
7 	 220 	 Ey 	 2 	 5.850550e+00 	 8.400000e+02 	 1.320000e+03 	 2.000000e+00
7 	 221 	 Ey 	 2 	 7.232240e+00 	 1.080000e+03 	 1.320000e+03 	 2.000000e+00
7 	 222 	 Ey 	 2 	 7.138546e+00 	 1.320000e+03 	 1.320000e+03 	 2.000000e+00
7 	 223 	 Ey 	 2 	 7.950027e+00 	 1.560000e+03 	 1.320000e+03 	 2.000000e+00
7 	 224 	 Ey 	 2 	 8.204351e+00 	 1.800000e+03 	 1.320000e+03 	 2.000000e+00
7 	 225 	 Ey 	 2 	 1.636512e+00 	 -1.800000e+03 	 1.560000e+03 	 2.000000e+00
7 	 226 	 Ey 	 2 	 2.781762e+00 	 -1.560000e+03 	 1.560000e+03 	 2.000000e+00
7 	 227 	 Ey 	 2 	 4.587741e+00 	 -1.320000e+03 	 1.560000e+03 	 2.000000e+00
7 	 228 	 Ey 	 2 	 5.370809e+00 	 -1.080000e+03 	 1.560000e+03 	 2.000000e+00
7 	 229 	 Ey 	 2 	 5.656011e+00 	 -8.400000e+02 	 1.560000e+03 	 2.000000e+00
7 	 230 	 Ey 	 2 	 5.642725e+00 	 -6.000000e+02 	 1.560000e+03 	 2.000000e+00
7 	 231 	 Ey 	 2 	 6.094551e+00 	 -3.600000e+02 	 1.560000e+03 	 2.000000e+00
7 	 232 	 Ey 	 2 	 5.853719e+00 	 -1.200000e+02 	 1.560000e+03 	 2.000000e+00
7 	 233 	 Ey 	 2 	 2.023492e+00 	 1.200000e+02 	 1.560000e+03 	 2.000000e+00
7 	 234 	 Ey 	 2 	 1.471419e+00 	 3.600000e+02 	 1.560000e+03 	 2.000000e+00
7 	 235 	 Ey 	 2 	 2.749549e+00 	 6.000000e+02 	 1.560000e+03 	 2.000000e+00
7 	 236 	 Ey 	 2 	 3.705853e+00 	 8.400000e+02 	 1.560000e+03 	 2.000000e+00
7 	 237 	 Ey 	 2 	 6.205018e+00 	 1.080000e+03 	 1.560000e+03 	 2.000000e+00
7 	 238 	 Ey 	 2 	 6.530512e+00 	 1.320000e+03 	 1.560000e+03 	 2.000000e+00
7 	 239 	 Ey 	 2 	 7.446671e+00 	 1.560000e+03 	 1.560000e+03 	 2.000000e+00
7 	 240 	 Ey 	 2 	 6.319889e+00 	 1.800000e+03 	 1.560000e+03 	 2.000000e+00
7 	 241 	 Ey 	 2 	 3.921447e+00 	 -1.800000e+03 	 1.800000e+03 	 2.000000e+00
7 	 242 	 Ey 	 2 	 4.054420e+00 	 -1.560000e+03 	 1.800000e+03 	 2.000000e+00
7 	 243 	 Ey 	 2 	 6.162189e+00 	 -1.320000e+03 	 1.800000e+03 	 2.000000e+00
7 	 244 	 Ey 	 2 	 3.971749e+00 	 -1.080000e+03 	 1.800000e+03 	 2.000000e+00
7 	 245 	 Ey 	 2 	 5.998609e+00 	 -8.400000e+02 	 1.800000e+03 	 2.000000e+00
7 	 246 	 Ey 	 2 	 6.314949e+00 	 -6.000000e+02 	 1.800000e+03 	 2.000000e+00
7 	 247 	 Ey 	 2 	 6.396286e+00 	 -3.600000e+02 	 1.800000e+03 	 2.000000e+00
7 	 248 	 Ey 	 2 	 5.558959e+00 	 -1.200000e+02 	 1.800000e+03 	 2.000000e+00
7 	 249 	 Ey 	 2 	 3.006612e+00 	 1.200000e+02 	 1.800000e+03 	 2.000000e+00
7 	 250 	 Ey 	 2 	 1.436813e+00 	 3.600000e+02 	 1.800000e+03 	 2.000000e+00
7 	 251 	 Ey 	 2 	 2.194294e+00 	 6.000000e+02 	 1.800000e+03 	 2.000000e+00
7 	 252 	 Ey 	 2 	 3.627271e+00 	 8.400000e+02 	 1.800000e+03 	 2.000000e+00
7 	 253 	 Ey 	 2 	 3.644703e+00 	 1.080000e+03 	 1.800000e+03 	 2.000000e+00
7 	 254 	 Ey 	 2 	 4.537523e+00 	 1.320000e+03 	 1.800000e+03 	 2.000000e+00
7 	 255 	 Ey 	 2 	 6.394839e+00 	 1.560000e+03 	 1.800000e+03 	 2.000000e+00
7 	 256 	 Ey 	 2 	 6.179301e+00 	 1.800000e+03 	 1.800000e+03 	 2.000000e+00
