iTx 	 iRx    ichrec  ifreq 	 sig_misfit   x       y      z
8 	 1 	 Ex 	 1 	 9.413573e-01 	 -1.800000e+03 	 -1.800000e+03 	 2.000000e+00
8 	 2 	 Ex 	 1 	 2.936684e+00 	 -1.560000e+03 	 -1.800000e+03 	 2.000000e+00
8 	 3 	 Ex 	 1 	 1.258094e+00 	 -1.320000e+03 	 -1.800000e+03 	 2.000000e+00
8 	 4 	 Ex 	 1 	 2.574126e+00 	 -1.080000e+03 	 -1.800000e+03 	 2.000000e+00
8 	 5 	 Ex 	 1 	 2.286118e+00 	 -8.400000e+02 	 -1.800000e+03 	 2.000000e+00
8 	 6 	 Ex 	 1 	 3.978830e+00 	 -6.000000e+02 	 -1.800000e+03 	 2.000000e+00
8 	 7 	 Ex 	 1 	 4.420376e+00 	 -3.600000e+02 	 -1.800000e+03 	 2.000000e+00
8 	 8 	 Ex 	 1 	 2.989495e+00 	 -1.200000e+02 	 -1.800000e+03 	 2.000000e+00
8 	 9 	 Ex 	 1 	 2.384279e+00 	 1.200000e+02 	 -1.800000e+03 	 2.000000e+00
8 	 10 	 Ex 	 1 	 2.041080e+00 	 3.600000e+02 	 -1.800000e+03 	 2.000000e+00
8 	 11 	 Ex 	 1 	 9.682633e-01 	 6.000000e+02 	 -1.800000e+03 	 2.000000e+00
8 	 12 	 Ex 	 1 	 7.295502e-01 	 8.400000e+02 	 -1.800000e+03 	 2.000000e+00
8 	 13 	 Ex 	 1 	 1.390614e+00 	 1.080000e+03 	 -1.800000e+03 	 2.000000e+00
8 	 14 	 Ex 	 1 	 2.184641e+00 	 1.320000e+03 	 -1.800000e+03 	 2.000000e+00
8 	 15 	 Ex 	 1 	 1.342706e+00 	 1.560000e+03 	 -1.800000e+03 	 2.000000e+00
8 	 16 	 Ex 	 1 	 9.445968e-01 	 1.800000e+03 	 -1.800000e+03 	 2.000000e+00
8 	 17 	 Ex 	 1 	 1.618609e-02 	 -1.800000e+03 	 -1.560000e+03 	 2.000000e+00
8 	 18 	 Ex 	 1 	 2.205081e+00 	 -1.560000e+03 	 -1.560000e+03 	 2.000000e+00
8 	 19 	 Ex 	 1 	 5.709600e-01 	 -1.320000e+03 	 -1.560000e+03 	 2.000000e+00
8 	 20 	 Ex 	 1 	 6.809669e-01 	 -1.080000e+03 	 -1.560000e+03 	 2.000000e+00
8 	 21 	 Ex 	 1 	 2.177601e+00 	 -8.400000e+02 	 -1.560000e+03 	 2.000000e+00
8 	 22 	 Ex 	 1 	 1.269976e+00 	 -6.000000e+02 	 -1.560000e+03 	 2.000000e+00
8 	 23 	 Ex 	 1 	 3.533273e+00 	 -3.600000e+02 	 -1.560000e+03 	 2.000000e+00
8 	 24 	 Ex 	 1 	 5.376430e+00 	 -1.200000e+02 	 -1.560000e+03 	 2.000000e+00
8 	 25 	 Ex 	 1 	 3.857621e+00 	 1.200000e+02 	 -1.560000e+03 	 2.000000e+00
8 	 26 	 Ex 	 1 	 3.044675e+00 	 3.600000e+02 	 -1.560000e+03 	 2.000000e+00
8 	 27 	 Ex 	 1 	 1.447505e+00 	 6.000000e+02 	 -1.560000e+03 	 2.000000e+00
8 	 28 	 Ex 	 1 	 7.624956e-01 	 8.400000e+02 	 -1.560000e+03 	 2.000000e+00
8 	 29 	 Ex 	 1 	 1.704055e+00 	 1.080000e+03 	 -1.560000e+03 	 2.000000e+00
8 	 30 	 Ex 	 1 	 1.608403e+00 	 1.320000e+03 	 -1.560000e+03 	 2.000000e+00
8 	 31 	 Ex 	 1 	 4.270729e-01 	 1.560000e+03 	 -1.560000e+03 	 2.000000e+00
8 	 32 	 Ex 	 1 	 1.955008e+00 	 1.800000e+03 	 -1.560000e+03 	 2.000000e+00
8 	 33 	 Ex 	 1 	 1.778129e+00 	 -1.800000e+03 	 -1.320000e+03 	 2.000000e+00
8 	 34 	 Ex 	 1 	 9.985871e-01 	 -1.560000e+03 	 -1.320000e+03 	 2.000000e+00
8 	 35 	 Ex 	 1 	 1.826440e+00 	 -1.320000e+03 	 -1.320000e+03 	 2.000000e+00
8 	 36 	 Ex 	 1 	 5.740265e-01 	 -1.080000e+03 	 -1.320000e+03 	 2.000000e+00
8 	 37 	 Ex 	 1 	 1.101486e+00 	 -8.400000e+02 	 -1.320000e+03 	 2.000000e+00
8 	 38 	 Ex 	 1 	 1.469561e+00 	 -6.000000e+02 	 -1.320000e+03 	 2.000000e+00
8 	 39 	 Ex 	 1 	 2.966146e+00 	 -3.600000e+02 	 -1.320000e+03 	 2.000000e+00
8 	 40 	 Ex 	 1 	 5.777504e+00 	 -1.200000e+02 	 -1.320000e+03 	 2.000000e+00
8 	 41 	 Ex 	 1 	 4.809407e+00 	 1.200000e+02 	 -1.320000e+03 	 2.000000e+00
8 	 42 	 Ex 	 1 	 3.895281e+00 	 3.600000e+02 	 -1.320000e+03 	 2.000000e+00
8 	 43 	 Ex 	 1 	 1.288923e+00 	 6.000000e+02 	 -1.320000e+03 	 2.000000e+00
8 	 44 	 Ex 	 1 	 8.621415e-01 	 8.400000e+02 	 -1.320000e+03 	 2.000000e+00
8 	 45 	 Ex 	 1 	 4.754530e-02 	 1.080000e+03 	 -1.320000e+03 	 2.000000e+00
8 	 46 	 Ex 	 1 	 1.777047e+00 	 1.320000e+03 	 -1.320000e+03 	 2.000000e+00
8 	 47 	 Ex 	 1 	 7.747742e-01 	 1.560000e+03 	 -1.320000e+03 	 2.000000e+00
8 	 48 	 Ex 	 1 	 5.715967e-01 	 1.800000e+03 	 -1.320000e+03 	 2.000000e+00
8 	 49 	 Ex 	 1 	 1.461557e+00 	 -1.800000e+03 	 -1.080000e+03 	 2.000000e+00
8 	 50 	 Ex 	 1 	 1.999175e+00 	 -1.560000e+03 	 -1.080000e+03 	 2.000000e+00
8 	 51 	 Ex 	 1 	 4.201194e+00 	 -1.320000e+03 	 -1.080000e+03 	 2.000000e+00
8 	 52 	 Ex 	 1 	 2.167313e+00 	 -1.080000e+03 	 -1.080000e+03 	 2.000000e+00
8 	 53 	 Ex 	 1 	 2.218904e+00 	 -8.400000e+02 	 -1.080000e+03 	 2.000000e+00
8 	 54 	 Ex 	 1 	 1.211321e+00 	 -6.000000e+02 	 -1.080000e+03 	 2.000000e+00
8 	 55 	 Ex 	 1 	 4.355996e+00 	 -3.600000e+02 	 -1.080000e+03 	 2.000000e+00
8 	 56 	 Ex 	 1 	 7.409194e+00 	 -1.200000e+02 	 -1.080000e+03 	 2.000000e+00
8 	 57 	 Ex 	 1 	 8.578533e+00 	 1.200000e+02 	 -1.080000e+03 	 2.000000e+00
8 	 58 	 Ex 	 1 	 6.407703e+00 	 3.600000e+02 	 -1.080000e+03 	 2.000000e+00
8 	 59 	 Ex 	 1 	 1.871453e+00 	 6.000000e+02 	 -1.080000e+03 	 2.000000e+00
8 	 60 	 Ex 	 1 	 1.412102e+00 	 8.400000e+02 	 -1.080000e+03 	 2.000000e+00
8 	 61 	 Ex 	 1 	 1.253924e-01 	 1.080000e+03 	 -1.080000e+03 	 2.000000e+00
8 	 62 	 Ex 	 1 	 1.108325e+00 	 1.320000e+03 	 -1.080000e+03 	 2.000000e+00
8 	 63 	 Ex 	 1 	 0.000000e+00 	 1.560000e+03 	 -1.080000e+03 	 2.000000e+00
8 	 64 	 Ex 	 1 	 0.000000e+00 	 1.800000e+03 	 -1.080000e+03 	 2.000000e+00
8 	 65 	 Ex 	 1 	 2.642966e+00 	 -1.800000e+03 	 -8.400000e+02 	 2.000000e+00
8 	 66 	 Ex 	 1 	 3.288142e+00 	 -1.560000e+03 	 -8.400000e+02 	 2.000000e+00
8 	 67 	 Ex 	 1 	 4.343337e+00 	 -1.320000e+03 	 -8.400000e+02 	 2.000000e+00
8 	 68 	 Ex 	 1 	 4.913678e+00 	 -1.080000e+03 	 -8.400000e+02 	 2.000000e+00
8 	 69 	 Ex 	 1 	 2.355177e+00 	 -8.400000e+02 	 -8.400000e+02 	 2.000000e+00
8 	 70 	 Ex 	 1 	 3.540410e+00 	 -6.000000e+02 	 -8.400000e+02 	 2.000000e+00
8 	 71 	 Ex 	 1 	 4.672427e+00 	 -3.600000e+02 	 -8.400000e+02 	 2.000000e+00
8 	 72 	 Ex 	 1 	 8.890244e+00 	 -1.200000e+02 	 -8.400000e+02 	 2.000000e+00
8 	 73 	 Ex 	 1 	 1.005459e+01 	 1.200000e+02 	 -8.400000e+02 	 2.000000e+00
8 	 74 	 Ex 	 1 	 5.823217e+00 	 3.600000e+02 	 -8.400000e+02 	 2.000000e+00
8 	 75 	 Ex 	 1 	 2.692247e+00 	 6.000000e+02 	 -8.400000e+02 	 2.000000e+00
8 	 76 	 Ex 	 1 	 6.620663e-01 	 8.400000e+02 	 -8.400000e+02 	 2.000000e+00
8 	 77 	 Ex 	 1 	 2.416985e+00 	 1.080000e+03 	 -8.400000e+02 	 2.000000e+00
8 	 78 	 Ex 	 1 	 0.000000e+00 	 1.320000e+03 	 -8.400000e+02 	 2.000000e+00
8 	 79 	 Ex 	 1 	 0.000000e+00 	 1.560000e+03 	 -8.400000e+02 	 2.000000e+00
8 	 80 	 Ex 	 1 	 0.000000e+00 	 1.800000e+03 	 -8.400000e+02 	 2.000000e+00
8 	 81 	 Ex 	 1 	 4.549081e+00 	 -1.800000e+03 	 -6.000000e+02 	 2.000000e+00
8 	 82 	 Ex 	 1 	 4.087094e+00 	 -1.560000e+03 	 -6.000000e+02 	 2.000000e+00
8 	 83 	 Ex 	 1 	 5.041677e+00 	 -1.320000e+03 	 -6.000000e+02 	 2.000000e+00
8 	 84 	 Ex 	 1 	 4.737063e+00 	 -1.080000e+03 	 -6.000000e+02 	 2.000000e+00
8 	 85 	 Ex 	 1 	 4.653439e+00 	 -8.400000e+02 	 -6.000000e+02 	 2.000000e+00
8 	 86 	 Ex 	 1 	 2.180136e+00 	 -6.000000e+02 	 -6.000000e+02 	 2.000000e+00
8 	 87 	 Ex 	 1 	 6.627138e+00 	 -3.600000e+02 	 -6.000000e+02 	 2.000000e+00
8 	 88 	 Ex 	 1 	 9.890445e+00 	 -1.200000e+02 	 -6.000000e+02 	 2.000000e+00
8 	 89 	 Ex 	 1 	 9.610111e+00 	 1.200000e+02 	 -6.000000e+02 	 2.000000e+00
8 	 90 	 Ex 	 1 	 7.230031e+00 	 3.600000e+02 	 -6.000000e+02 	 2.000000e+00
8 	 91 	 Ex 	 1 	 1.355692e+00 	 6.000000e+02 	 -6.000000e+02 	 2.000000e+00
8 	 92 	 Ex 	 1 	 8.348330e-01 	 8.400000e+02 	 -6.000000e+02 	 2.000000e+00
8 	 93 	 Ex 	 1 	 0.000000e+00 	 1.080000e+03 	 -6.000000e+02 	 2.000000e+00
8 	 94 	 Ex 	 1 	 0.000000e+00 	 1.320000e+03 	 -6.000000e+02 	 2.000000e+00
8 	 95 	 Ex 	 1 	 0.000000e+00 	 1.560000e+03 	 -6.000000e+02 	 2.000000e+00
8 	 96 	 Ex 	 1 	 0.000000e+00 	 1.800000e+03 	 -6.000000e+02 	 2.000000e+00
8 	 97 	 Ex 	 1 	 3.846897e+00 	 -1.800000e+03 	 -3.600000e+02 	 2.000000e+00
8 	 98 	 Ex 	 1 	 2.658064e+00 	 -1.560000e+03 	 -3.600000e+02 	 2.000000e+00
8 	 99 	 Ex 	 1 	 5.186141e+00 	 -1.320000e+03 	 -3.600000e+02 	 2.000000e+00
8 	 100 	 Ex 	 1 	 6.096902e+00 	 -1.080000e+03 	 -3.600000e+02 	 2.000000e+00
8 	 101 	 Ex 	 1 	 4.212635e+00 	 -8.400000e+02 	 -3.600000e+02 	 2.000000e+00
8 	 102 	 Ex 	 1 	 3.363899e+00 	 -6.000000e+02 	 -3.600000e+02 	 2.000000e+00
8 	 103 	 Ex 	 1 	 5.770095e+00 	 -3.600000e+02 	 -3.600000e+02 	 2.000000e+00
8 	 104 	 Ex 	 1 	 1.095244e+01 	 -1.200000e+02 	 -3.600000e+02 	 2.000000e+00
8 	 105 	 Ex 	 1 	 1.094356e+01 	 1.200000e+02 	 -3.600000e+02 	 2.000000e+00
8 	 106 	 Ex 	 1 	 7.597525e+00 	 3.600000e+02 	 -3.600000e+02 	 2.000000e+00
8 	 107 	 Ex 	 1 	 2.293845e+00 	 6.000000e+02 	 -3.600000e+02 	 2.000000e+00
8 	 108 	 Ex 	 1 	 2.790727e-01 	 8.400000e+02 	 -3.600000e+02 	 2.000000e+00
8 	 109 	 Ex 	 1 	 0.000000e+00 	 1.080000e+03 	 -3.600000e+02 	 2.000000e+00
8 	 110 	 Ex 	 1 	 0.000000e+00 	 1.320000e+03 	 -3.600000e+02 	 2.000000e+00
8 	 111 	 Ex 	 1 	 0.000000e+00 	 1.560000e+03 	 -3.600000e+02 	 2.000000e+00
8 	 112 	 Ex 	 1 	 0.000000e+00 	 1.800000e+03 	 -3.600000e+02 	 2.000000e+00
8 	 113 	 Ex 	 1 	 2.432111e-01 	 -1.800000e+03 	 -1.200000e+02 	 2.000000e+00
8 	 114 	 Ex 	 1 	 3.176788e+00 	 -1.560000e+03 	 -1.200000e+02 	 2.000000e+00
8 	 115 	 Ex 	 1 	 5.042917e+00 	 -1.320000e+03 	 -1.200000e+02 	 2.000000e+00
8 	 116 	 Ex 	 1 	 4.950810e+00 	 -1.080000e+03 	 -1.200000e+02 	 2.000000e+00
8 	 117 	 Ex 	 1 	 4.227880e+00 	 -8.400000e+02 	 -1.200000e+02 	 2.000000e+00
8 	 118 	 Ex 	 1 	 2.723454e+00 	 -6.000000e+02 	 -1.200000e+02 	 2.000000e+00
8 	 119 	 Ex 	 1 	 7.996345e+00 	 -3.600000e+02 	 -1.200000e+02 	 2.000000e+00
8 	 120 	 Ex 	 1 	 1.140835e+01 	 -1.200000e+02 	 -1.200000e+02 	 2.000000e+00
8 	 121 	 Ex 	 1 	 1.220751e+01 	 1.200000e+02 	 -1.200000e+02 	 2.000000e+00
8 	 122 	 Ex 	 1 	 6.955116e+00 	 3.600000e+02 	 -1.200000e+02 	 2.000000e+00
8 	 123 	 Ex 	 1 	 4.592273e+00 	 6.000000e+02 	 -1.200000e+02 	 2.000000e+00
8 	 124 	 Ex 	 1 	 6.782822e-02 	 8.400000e+02 	 -1.200000e+02 	 2.000000e+00
8 	 125 	 Ex 	 1 	 1.826881e+00 	 1.080000e+03 	 -1.200000e+02 	 2.000000e+00
8 	 126 	 Ex 	 1 	 0.000000e+00 	 1.320000e+03 	 -1.200000e+02 	 2.000000e+00
8 	 127 	 Ex 	 1 	 0.000000e+00 	 1.560000e+03 	 -1.200000e+02 	 2.000000e+00
8 	 128 	 Ex 	 1 	 0.000000e+00 	 1.800000e+03 	 -1.200000e+02 	 2.000000e+00
8 	 129 	 Ex 	 1 	 2.604756e+00 	 -1.800000e+03 	 1.200000e+02 	 2.000000e+00
8 	 130 	 Ex 	 1 	 1.240384e+00 	 -1.560000e+03 	 1.200000e+02 	 2.000000e+00
8 	 131 	 Ex 	 1 	 2.592838e+00 	 -1.320000e+03 	 1.200000e+02 	 2.000000e+00
8 	 132 	 Ex 	 1 	 3.391315e+00 	 -1.080000e+03 	 1.200000e+02 	 2.000000e+00
8 	 133 	 Ex 	 1 	 4.064312e+00 	 -8.400000e+02 	 1.200000e+02 	 2.000000e+00
8 	 134 	 Ex 	 1 	 4.421549e+00 	 -6.000000e+02 	 1.200000e+02 	 2.000000e+00
8 	 135 	 Ex 	 1 	 8.762151e+00 	 -3.600000e+02 	 1.200000e+02 	 2.000000e+00
8 	 136 	 Ex 	 1 	 1.180535e+01 	 -1.200000e+02 	 1.200000e+02 	 2.000000e+00
8 	 137 	 Ex 	 1 	 1.193614e+01 	 1.200000e+02 	 1.200000e+02 	 2.000000e+00
8 	 138 	 Ex 	 1 	 7.780796e+00 	 3.600000e+02 	 1.200000e+02 	 2.000000e+00
8 	 139 	 Ex 	 1 	 3.215984e+00 	 6.000000e+02 	 1.200000e+02 	 2.000000e+00
8 	 140 	 Ex 	 1 	 1.179797e+00 	 8.400000e+02 	 1.200000e+02 	 2.000000e+00
8 	 141 	 Ex 	 1 	 1.313968e+00 	 1.080000e+03 	 1.200000e+02 	 2.000000e+00
8 	 142 	 Ex 	 1 	 1.925194e+00 	 1.320000e+03 	 1.200000e+02 	 2.000000e+00
8 	 143 	 Ex 	 1 	 3.167164e-01 	 1.560000e+03 	 1.200000e+02 	 2.000000e+00
8 	 144 	 Ex 	 1 	 9.959463e-01 	 1.800000e+03 	 1.200000e+02 	 2.000000e+00
8 	 145 	 Ex 	 1 	 4.102203e+00 	 -1.800000e+03 	 3.600000e+02 	 2.000000e+00
8 	 146 	 Ex 	 1 	 2.059565e-01 	 -1.560000e+03 	 3.600000e+02 	 2.000000e+00
8 	 147 	 Ex 	 1 	 1.358463e+00 	 -1.320000e+03 	 3.600000e+02 	 2.000000e+00
8 	 148 	 Ex 	 1 	 2.586458e+00 	 -1.080000e+03 	 3.600000e+02 	 2.000000e+00
8 	 149 	 Ex 	 1 	 4.289206e+00 	 -8.400000e+02 	 3.600000e+02 	 2.000000e+00
8 	 150 	 Ex 	 1 	 2.089739e+00 	 -6.000000e+02 	 3.600000e+02 	 2.000000e+00
8 	 151 	 Ex 	 1 	 6.100132e+00 	 -3.600000e+02 	 3.600000e+02 	 2.000000e+00
8 	 152 	 Ex 	 1 	 1.058912e+01 	 -1.200000e+02 	 3.600000e+02 	 2.000000e+00
8 	 153 	 Ex 	 1 	 1.128172e+01 	 1.200000e+02 	 3.600000e+02 	 2.000000e+00
8 	 154 	 Ex 	 1 	 8.409450e+00 	 3.600000e+02 	 3.600000e+02 	 2.000000e+00
8 	 155 	 Ex 	 1 	 3.339939e+00 	 6.000000e+02 	 3.600000e+02 	 2.000000e+00
8 	 156 	 Ex 	 1 	 7.626351e-01 	 8.400000e+02 	 3.600000e+02 	 2.000000e+00
8 	 157 	 Ex 	 1 	 3.054076e+00 	 1.080000e+03 	 3.600000e+02 	 2.000000e+00
8 	 158 	 Ex 	 1 	 1.862894e+00 	 1.320000e+03 	 3.600000e+02 	 2.000000e+00
8 	 159 	 Ex 	 1 	 2.267461e+00 	 1.560000e+03 	 3.600000e+02 	 2.000000e+00
8 	 160 	 Ex 	 1 	 1.960102e+00 	 1.800000e+03 	 3.600000e+02 	 2.000000e+00
8 	 161 	 Ex 	 1 	 3.788791e+00 	 -1.800000e+03 	 6.000000e+02 	 2.000000e+00
8 	 162 	 Ex 	 1 	 1.462407e+00 	 -1.560000e+03 	 6.000000e+02 	 2.000000e+00
8 	 163 	 Ex 	 1 	 2.441250e+00 	 -1.320000e+03 	 6.000000e+02 	 2.000000e+00
8 	 164 	 Ex 	 1 	 3.937258e+00 	 -1.080000e+03 	 6.000000e+02 	 2.000000e+00
8 	 165 	 Ex 	 1 	 3.694853e+00 	 -8.400000e+02 	 6.000000e+02 	 2.000000e+00
8 	 166 	 Ex 	 1 	 3.499952e+00 	 -6.000000e+02 	 6.000000e+02 	 2.000000e+00
8 	 167 	 Ex 	 1 	 6.220488e+00 	 -3.600000e+02 	 6.000000e+02 	 2.000000e+00
8 	 168 	 Ex 	 1 	 1.035256e+01 	 -1.200000e+02 	 6.000000e+02 	 2.000000e+00
8 	 169 	 Ex 	 1 	 1.040722e+01 	 1.200000e+02 	 6.000000e+02 	 2.000000e+00
8 	 170 	 Ex 	 1 	 7.281720e+00 	 3.600000e+02 	 6.000000e+02 	 2.000000e+00
8 	 171 	 Ex 	 1 	 1.647592e+00 	 6.000000e+02 	 6.000000e+02 	 2.000000e+00
8 	 172 	 Ex 	 1 	 1.844382e+00 	 8.400000e+02 	 6.000000e+02 	 2.000000e+00
8 	 173 	 Ex 	 1 	 3.286095e+00 	 1.080000e+03 	 6.000000e+02 	 2.000000e+00
8 	 174 	 Ex 	 1 	 2.930016e+00 	 1.320000e+03 	 6.000000e+02 	 2.000000e+00
8 	 175 	 Ex 	 1 	 2.011205e+00 	 1.560000e+03 	 6.000000e+02 	 2.000000e+00
8 	 176 	 Ex 	 1 	 2.830257e+00 	 1.800000e+03 	 6.000000e+02 	 2.000000e+00
8 	 177 	 Ex 	 1 	 3.273064e+00 	 -1.800000e+03 	 8.400000e+02 	 2.000000e+00
8 	 178 	 Ex 	 1 	 3.922152e+00 	 -1.560000e+03 	 8.400000e+02 	 2.000000e+00
8 	 179 	 Ex 	 1 	 4.360142e+00 	 -1.320000e+03 	 8.400000e+02 	 2.000000e+00
8 	 180 	 Ex 	 1 	 5.344943e+00 	 -1.080000e+03 	 8.400000e+02 	 2.000000e+00
8 	 181 	 Ex 	 1 	 2.508164e+00 	 -8.400000e+02 	 8.400000e+02 	 2.000000e+00
8 	 182 	 Ex 	 1 	 2.125225e+00 	 -6.000000e+02 	 8.400000e+02 	 2.000000e+00
8 	 183 	 Ex 	 1 	 4.780404e+00 	 -3.600000e+02 	 8.400000e+02 	 2.000000e+00
8 	 184 	 Ex 	 1 	 8.551931e+00 	 -1.200000e+02 	 8.400000e+02 	 2.000000e+00
8 	 185 	 Ex 	 1 	 8.662561e+00 	 1.200000e+02 	 8.400000e+02 	 2.000000e+00
8 	 186 	 Ex 	 1 	 6.696852e+00 	 3.600000e+02 	 8.400000e+02 	 2.000000e+00
8 	 187 	 Ex 	 1 	 2.672451e+00 	 6.000000e+02 	 8.400000e+02 	 2.000000e+00
8 	 188 	 Ex 	 1 	 2.631082e+00 	 8.400000e+02 	 8.400000e+02 	 2.000000e+00
8 	 189 	 Ex 	 1 	 2.393406e+00 	 1.080000e+03 	 8.400000e+02 	 2.000000e+00
8 	 190 	 Ex 	 1 	 2.948627e+00 	 1.320000e+03 	 8.400000e+02 	 2.000000e+00
8 	 191 	 Ex 	 1 	 1.060886e+00 	 1.560000e+03 	 8.400000e+02 	 2.000000e+00
8 	 192 	 Ex 	 1 	 7.227099e-01 	 1.800000e+03 	 8.400000e+02 	 2.000000e+00
8 	 193 	 Ex 	 1 	 5.836249e+00 	 -1.800000e+03 	 1.080000e+03 	 2.000000e+00
8 	 194 	 Ex 	 1 	 7.155882e+00 	 -1.560000e+03 	 1.080000e+03 	 2.000000e+00
8 	 195 	 Ex 	 1 	 4.393032e+00 	 -1.320000e+03 	 1.080000e+03 	 2.000000e+00
8 	 196 	 Ex 	 1 	 4.897627e+00 	 -1.080000e+03 	 1.080000e+03 	 2.000000e+00
8 	 197 	 Ex 	 1 	 3.039572e+00 	 -8.400000e+02 	 1.080000e+03 	 2.000000e+00
8 	 198 	 Ex 	 1 	 3.152512e+00 	 -6.000000e+02 	 1.080000e+03 	 2.000000e+00
8 	 199 	 Ex 	 1 	 4.437431e+00 	 -3.600000e+02 	 1.080000e+03 	 2.000000e+00
8 	 200 	 Ex 	 1 	 3.494498e+00 	 -1.200000e+02 	 1.080000e+03 	 2.000000e+00
8 	 201 	 Ex 	 1 	 5.072834e+00 	 1.200000e+02 	 1.080000e+03 	 2.000000e+00
8 	 202 	 Ex 	 1 	 5.283305e+00 	 3.600000e+02 	 1.080000e+03 	 2.000000e+00
8 	 203 	 Ex 	 1 	 2.405221e+00 	 6.000000e+02 	 1.080000e+03 	 2.000000e+00
8 	 204 	 Ex 	 1 	 1.017800e+00 	 8.400000e+02 	 1.080000e+03 	 2.000000e+00
8 	 205 	 Ex 	 1 	 2.121759e-01 	 1.080000e+03 	 1.080000e+03 	 2.000000e+00
8 	 206 	 Ex 	 1 	 1.474790e+00 	 1.320000e+03 	 1.080000e+03 	 2.000000e+00
8 	 207 	 Ex 	 1 	 1.953094e+00 	 1.560000e+03 	 1.080000e+03 	 2.000000e+00
8 	 208 	 Ex 	 1 	 7.536979e-01 	 1.800000e+03 	 1.080000e+03 	 2.000000e+00
8 	 209 	 Ex 	 1 	 4.046965e+00 	 -1.800000e+03 	 1.320000e+03 	 2.000000e+00
8 	 210 	 Ex 	 1 	 6.014185e+00 	 -1.560000e+03 	 1.320000e+03 	 2.000000e+00
8 	 211 	 Ex 	 1 	 4.212429e+00 	 -1.320000e+03 	 1.320000e+03 	 2.000000e+00
8 	 212 	 Ex 	 1 	 1.881737e+00 	 -1.080000e+03 	 1.320000e+03 	 2.000000e+00
8 	 213 	 Ex 	 1 	 4.306589e+00 	 -8.400000e+02 	 1.320000e+03 	 2.000000e+00
8 	 214 	 Ex 	 1 	 2.643760e+00 	 -6.000000e+02 	 1.320000e+03 	 2.000000e+00
8 	 215 	 Ex 	 1 	 1.450414e+00 	 -3.600000e+02 	 1.320000e+03 	 2.000000e+00
8 	 216 	 Ex 	 1 	 1.975402e+00 	 -1.200000e+02 	 1.320000e+03 	 2.000000e+00
8 	 217 	 Ex 	 1 	 3.119587e+00 	 1.200000e+02 	 1.320000e+03 	 2.000000e+00
8 	 218 	 Ex 	 1 	 2.440718e+00 	 3.600000e+02 	 1.320000e+03 	 2.000000e+00
8 	 219 	 Ex 	 1 	 2.199688e+00 	 6.000000e+02 	 1.320000e+03 	 2.000000e+00
8 	 220 	 Ex 	 1 	 7.153275e-01 	 8.400000e+02 	 1.320000e+03 	 2.000000e+00
8 	 221 	 Ex 	 1 	 1.463884e+00 	 1.080000e+03 	 1.320000e+03 	 2.000000e+00
8 	 222 	 Ex 	 1 	 1.277217e+00 	 1.320000e+03 	 1.320000e+03 	 2.000000e+00
8 	 223 	 Ex 	 1 	 4.156432e-01 	 1.560000e+03 	 1.320000e+03 	 2.000000e+00
8 	 224 	 Ex 	 1 	 1.415036e+00 	 1.800000e+03 	 1.320000e+03 	 2.000000e+00
8 	 225 	 Ex 	 1 	 7.223408e+00 	 -1.800000e+03 	 1.560000e+03 	 2.000000e+00
8 	 226 	 Ex 	 1 	 3.277170e+00 	 -1.560000e+03 	 1.560000e+03 	 2.000000e+00
8 	 227 	 Ex 	 1 	 3.195589e+00 	 -1.320000e+03 	 1.560000e+03 	 2.000000e+00
8 	 228 	 Ex 	 1 	 4.212692e+00 	 -1.080000e+03 	 1.560000e+03 	 2.000000e+00
8 	 229 	 Ex 	 1 	 1.622086e+00 	 -8.400000e+02 	 1.560000e+03 	 2.000000e+00
8 	 230 	 Ex 	 1 	 1.937431e+00 	 -6.000000e+02 	 1.560000e+03 	 2.000000e+00
8 	 231 	 Ex 	 1 	 1.035206e+00 	 -3.600000e+02 	 1.560000e+03 	 2.000000e+00
8 	 232 	 Ex 	 1 	 1.349645e+00 	 -1.200000e+02 	 1.560000e+03 	 2.000000e+00
8 	 233 	 Ex 	 1 	 3.031085e-01 	 1.200000e+02 	 1.560000e+03 	 2.000000e+00
8 	 234 	 Ex 	 1 	 1.222585e+00 	 3.600000e+02 	 1.560000e+03 	 2.000000e+00
8 	 235 	 Ex 	 1 	 1.240955e+00 	 6.000000e+02 	 1.560000e+03 	 2.000000e+00
8 	 236 	 Ex 	 1 	 6.667217e-01 	 8.400000e+02 	 1.560000e+03 	 2.000000e+00
8 	 237 	 Ex 	 1 	 9.835117e-01 	 1.080000e+03 	 1.560000e+03 	 2.000000e+00
8 	 238 	 Ex 	 1 	 6.660593e-01 	 1.320000e+03 	 1.560000e+03 	 2.000000e+00
8 	 239 	 Ex 	 1 	 4.840954e-01 	 1.560000e+03 	 1.560000e+03 	 2.000000e+00
8 	 240 	 Ex 	 1 	 4.701003e-02 	 1.800000e+03 	 1.560000e+03 	 2.000000e+00
8 	 241 	 Ex 	 1 	 5.473457e+00 	 -1.800000e+03 	 1.800000e+03 	 2.000000e+00
8 	 242 	 Ex 	 1 	 3.884244e+00 	 -1.560000e+03 	 1.800000e+03 	 2.000000e+00
8 	 243 	 Ex 	 1 	 5.633770e+00 	 -1.320000e+03 	 1.800000e+03 	 2.000000e+00
8 	 244 	 Ex 	 1 	 8.548728e-01 	 -1.080000e+03 	 1.800000e+03 	 2.000000e+00
8 	 245 	 Ex 	 1 	 3.768104e+00 	 -8.400000e+02 	 1.800000e+03 	 2.000000e+00
8 	 246 	 Ex 	 1 	 1.112003e+00 	 -6.000000e+02 	 1.800000e+03 	 2.000000e+00
8 	 247 	 Ex 	 1 	 3.871688e+00 	 -3.600000e+02 	 1.800000e+03 	 2.000000e+00
8 	 248 	 Ex 	 1 	 1.873059e+00 	 -1.200000e+02 	 1.800000e+03 	 2.000000e+00
8 	 249 	 Ex 	 1 	 7.461942e-01 	 1.200000e+02 	 1.800000e+03 	 2.000000e+00
8 	 250 	 Ex 	 1 	 7.644729e-03 	 3.600000e+02 	 1.800000e+03 	 2.000000e+00
8 	 251 	 Ex 	 1 	 1.775032e-01 	 6.000000e+02 	 1.800000e+03 	 2.000000e+00
8 	 252 	 Ex 	 1 	 1.223252e+00 	 8.400000e+02 	 1.800000e+03 	 2.000000e+00
8 	 253 	 Ex 	 1 	 1.217617e+00 	 1.080000e+03 	 1.800000e+03 	 2.000000e+00
8 	 254 	 Ex 	 1 	 3.126287e+00 	 1.320000e+03 	 1.800000e+03 	 2.000000e+00
8 	 255 	 Ex 	 1 	 8.924592e-01 	 1.560000e+03 	 1.800000e+03 	 2.000000e+00
8 	 256 	 Ex 	 1 	 6.705808e-01 	 1.800000e+03 	 1.800000e+03 	 2.000000e+00
8 	 1 	 Ex 	 2 	 1.723017e+00 	 -1.800000e+03 	 -1.800000e+03 	 2.000000e+00
8 	 2 	 Ex 	 2 	 8.615592e-01 	 -1.560000e+03 	 -1.800000e+03 	 2.000000e+00
8 	 3 	 Ex 	 2 	 1.021471e+00 	 -1.320000e+03 	 -1.800000e+03 	 2.000000e+00
8 	 4 	 Ex 	 2 	 1.741756e+00 	 -1.080000e+03 	 -1.800000e+03 	 2.000000e+00
8 	 5 	 Ex 	 2 	 3.549541e+00 	 -8.400000e+02 	 -1.800000e+03 	 2.000000e+00
8 	 6 	 Ex 	 2 	 2.123320e+00 	 -6.000000e+02 	 -1.800000e+03 	 2.000000e+00
8 	 7 	 Ex 	 2 	 3.269951e+00 	 -3.600000e+02 	 -1.800000e+03 	 2.000000e+00
8 	 8 	 Ex 	 2 	 2.920785e+00 	 -1.200000e+02 	 -1.800000e+03 	 2.000000e+00
8 	 9 	 Ex 	 2 	 2.111175e+00 	 1.200000e+02 	 -1.800000e+03 	 2.000000e+00
8 	 10 	 Ex 	 2 	 2.957565e+00 	 3.600000e+02 	 -1.800000e+03 	 2.000000e+00
8 	 11 	 Ex 	 2 	 1.414841e+00 	 6.000000e+02 	 -1.800000e+03 	 2.000000e+00
8 	 12 	 Ex 	 2 	 5.879142e-01 	 8.400000e+02 	 -1.800000e+03 	 2.000000e+00
8 	 13 	 Ex 	 2 	 2.843772e-01 	 1.080000e+03 	 -1.800000e+03 	 2.000000e+00
8 	 14 	 Ex 	 2 	 3.830619e-01 	 1.320000e+03 	 -1.800000e+03 	 2.000000e+00
8 	 15 	 Ex 	 2 	 1.083045e+00 	 1.560000e+03 	 -1.800000e+03 	 2.000000e+00
8 	 16 	 Ex 	 2 	 1.476802e+00 	 1.800000e+03 	 -1.800000e+03 	 2.000000e+00
8 	 17 	 Ex 	 2 	 3.511024e-01 	 -1.800000e+03 	 -1.560000e+03 	 2.000000e+00
8 	 18 	 Ex 	 2 	 3.780142e-01 	 -1.560000e+03 	 -1.560000e+03 	 2.000000e+00
8 	 19 	 Ex 	 2 	 1.419600e+00 	 -1.320000e+03 	 -1.560000e+03 	 2.000000e+00
8 	 20 	 Ex 	 2 	 1.440499e+00 	 -1.080000e+03 	 -1.560000e+03 	 2.000000e+00
8 	 21 	 Ex 	 2 	 6.721521e-01 	 -8.400000e+02 	 -1.560000e+03 	 2.000000e+00
8 	 22 	 Ex 	 2 	 3.271365e+00 	 -6.000000e+02 	 -1.560000e+03 	 2.000000e+00
8 	 23 	 Ex 	 2 	 3.550793e+00 	 -3.600000e+02 	 -1.560000e+03 	 2.000000e+00
8 	 24 	 Ex 	 2 	 3.296062e+00 	 -1.200000e+02 	 -1.560000e+03 	 2.000000e+00
8 	 25 	 Ex 	 2 	 4.263792e+00 	 1.200000e+02 	 -1.560000e+03 	 2.000000e+00
8 	 26 	 Ex 	 2 	 2.528390e+00 	 3.600000e+02 	 -1.560000e+03 	 2.000000e+00
8 	 27 	 Ex 	 2 	 4.635760e-01 	 6.000000e+02 	 -1.560000e+03 	 2.000000e+00
8 	 28 	 Ex 	 2 	 1.212197e+00 	 8.400000e+02 	 -1.560000e+03 	 2.000000e+00
8 	 29 	 Ex 	 2 	 9.568947e-01 	 1.080000e+03 	 -1.560000e+03 	 2.000000e+00
8 	 30 	 Ex 	 2 	 2.587372e-01 	 1.320000e+03 	 -1.560000e+03 	 2.000000e+00
8 	 31 	 Ex 	 2 	 2.321396e+00 	 1.560000e+03 	 -1.560000e+03 	 2.000000e+00
8 	 32 	 Ex 	 2 	 9.112232e-01 	 1.800000e+03 	 -1.560000e+03 	 2.000000e+00
8 	 33 	 Ex 	 2 	 5.456857e-01 	 -1.800000e+03 	 -1.320000e+03 	 2.000000e+00
8 	 34 	 Ex 	 2 	 8.307267e-01 	 -1.560000e+03 	 -1.320000e+03 	 2.000000e+00
8 	 35 	 Ex 	 2 	 4.606166e-01 	 -1.320000e+03 	 -1.320000e+03 	 2.000000e+00
8 	 36 	 Ex 	 2 	 9.688486e-01 	 -1.080000e+03 	 -1.320000e+03 	 2.000000e+00
8 	 37 	 Ex 	 2 	 2.461059e-01 	 -8.400000e+02 	 -1.320000e+03 	 2.000000e+00
8 	 38 	 Ex 	 2 	 2.444776e+00 	 -6.000000e+02 	 -1.320000e+03 	 2.000000e+00
8 	 39 	 Ex 	 2 	 4.523195e+00 	 -3.600000e+02 	 -1.320000e+03 	 2.000000e+00
8 	 40 	 Ex 	 2 	 4.073601e+00 	 -1.200000e+02 	 -1.320000e+03 	 2.000000e+00
8 	 41 	 Ex 	 2 	 5.915153e+00 	 1.200000e+02 	 -1.320000e+03 	 2.000000e+00
8 	 42 	 Ex 	 2 	 3.202531e+00 	 3.600000e+02 	 -1.320000e+03 	 2.000000e+00
8 	 43 	 Ex 	 2 	 1.692708e+00 	 6.000000e+02 	 -1.320000e+03 	 2.000000e+00
8 	 44 	 Ex 	 2 	 8.515369e-01 	 8.400000e+02 	 -1.320000e+03 	 2.000000e+00
8 	 45 	 Ex 	 2 	 9.060976e-01 	 1.080000e+03 	 -1.320000e+03 	 2.000000e+00
8 	 46 	 Ex 	 2 	 4.860197e-01 	 1.320000e+03 	 -1.320000e+03 	 2.000000e+00
8 	 47 	 Ex 	 2 	 6.866565e-01 	 1.560000e+03 	 -1.320000e+03 	 2.000000e+00
8 	 48 	 Ex 	 2 	 3.714368e-01 	 1.800000e+03 	 -1.320000e+03 	 2.000000e+00
8 	 49 	 Ex 	 2 	 1.108016e+00 	 -1.800000e+03 	 -1.080000e+03 	 2.000000e+00
8 	 50 	 Ex 	 2 	 1.843078e+00 	 -1.560000e+03 	 -1.080000e+03 	 2.000000e+00
8 	 51 	 Ex 	 2 	 1.205256e+00 	 -1.320000e+03 	 -1.080000e+03 	 2.000000e+00
8 	 52 	 Ex 	 2 	 2.745246e+00 	 -1.080000e+03 	 -1.080000e+03 	 2.000000e+00
8 	 53 	 Ex 	 2 	 1.409893e+00 	 -8.400000e+02 	 -1.080000e+03 	 2.000000e+00
8 	 54 	 Ex 	 2 	 3.518989e+00 	 -6.000000e+02 	 -1.080000e+03 	 2.000000e+00
8 	 55 	 Ex 	 2 	 6.423650e+00 	 -3.600000e+02 	 -1.080000e+03 	 2.000000e+00
8 	 56 	 Ex 	 2 	 8.792153e+00 	 -1.200000e+02 	 -1.080000e+03 	 2.000000e+00
8 	 57 	 Ex 	 2 	 8.133902e+00 	 1.200000e+02 	 -1.080000e+03 	 2.000000e+00
8 	 58 	 Ex 	 2 	 4.507770e+00 	 3.600000e+02 	 -1.080000e+03 	 2.000000e+00
8 	 59 	 Ex 	 2 	 9.226632e-01 	 6.000000e+02 	 -1.080000e+03 	 2.000000e+00
8 	 60 	 Ex 	 2 	 8.204722e-01 	 8.400000e+02 	 -1.080000e+03 	 2.000000e+00
8 	 61 	 Ex 	 2 	 8.379782e-01 	 1.080000e+03 	 -1.080000e+03 	 2.000000e+00
8 	 62 	 Ex 	 2 	 2.070750e-01 	 1.320000e+03 	 -1.080000e+03 	 2.000000e+00
8 	 63 	 Ex 	 2 	 0.000000e+00 	 1.560000e+03 	 -1.080000e+03 	 2.000000e+00
8 	 64 	 Ex 	 2 	 0.000000e+00 	 1.800000e+03 	 -1.080000e+03 	 2.000000e+00
8 	 65 	 Ex 	 2 	 1.456435e+00 	 -1.800000e+03 	 -8.400000e+02 	 2.000000e+00
8 	 66 	 Ex 	 2 	 2.439032e+00 	 -1.560000e+03 	 -8.400000e+02 	 2.000000e+00
8 	 67 	 Ex 	 2 	 2.159087e+00 	 -1.320000e+03 	 -8.400000e+02 	 2.000000e+00
8 	 68 	 Ex 	 2 	 3.509756e+00 	 -1.080000e+03 	 -8.400000e+02 	 2.000000e+00
8 	 69 	 Ex 	 2 	 1.526805e+00 	 -8.400000e+02 	 -8.400000e+02 	 2.000000e+00
8 	 70 	 Ex 	 2 	 3.885029e+00 	 -6.000000e+02 	 -8.400000e+02 	 2.000000e+00
8 	 71 	 Ex 	 2 	 7.729698e+00 	 -3.600000e+02 	 -8.400000e+02 	 2.000000e+00
8 	 72 	 Ex 	 2 	 9.693151e+00 	 -1.200000e+02 	 -8.400000e+02 	 2.000000e+00
8 	 73 	 Ex 	 2 	 9.876013e+00 	 1.200000e+02 	 -8.400000e+02 	 2.000000e+00
8 	 74 	 Ex 	 2 	 6.548478e+00 	 3.600000e+02 	 -8.400000e+02 	 2.000000e+00
8 	 75 	 Ex 	 2 	 3.792173e+00 	 6.000000e+02 	 -8.400000e+02 	 2.000000e+00
8 	 76 	 Ex 	 2 	 1.191910e+00 	 8.400000e+02 	 -8.400000e+02 	 2.000000e+00
8 	 77 	 Ex 	 2 	 1.124302e+00 	 1.080000e+03 	 -8.400000e+02 	 2.000000e+00
8 	 78 	 Ex 	 2 	 0.000000e+00 	 1.320000e+03 	 -8.400000e+02 	 2.000000e+00
8 	 79 	 Ex 	 2 	 0.000000e+00 	 1.560000e+03 	 -8.400000e+02 	 2.000000e+00
8 	 80 	 Ex 	 2 	 0.000000e+00 	 1.800000e+03 	 -8.400000e+02 	 2.000000e+00
8 	 81 	 Ex 	 2 	 1.113602e+00 	 -1.800000e+03 	 -6.000000e+02 	 2.000000e+00
8 	 82 	 Ex 	 2 	 1.072730e+00 	 -1.560000e+03 	 -6.000000e+02 	 2.000000e+00
8 	 83 	 Ex 	 2 	 4.032142e+00 	 -1.320000e+03 	 -6.000000e+02 	 2.000000e+00
8 	 84 	 Ex 	 2 	 4.837691e+00 	 -1.080000e+03 	 -6.000000e+02 	 2.000000e+00
8 	 85 	 Ex 	 2 	 2.672956e+00 	 -8.400000e+02 	 -6.000000e+02 	 2.000000e+00
8 	 86 	 Ex 	 2 	 1.995673e+00 	 -6.000000e+02 	 -6.000000e+02 	 2.000000e+00
8 	 87 	 Ex 	 2 	 7.458622e+00 	 -3.600000e+02 	 -6.000000e+02 	 2.000000e+00
8 	 88 	 Ex 	 2 	 1.012879e+01 	 -1.200000e+02 	 -6.000000e+02 	 2.000000e+00
8 	 89 	 Ex 	 2 	 9.835978e+00 	 1.200000e+02 	 -6.000000e+02 	 2.000000e+00
8 	 90 	 Ex 	 2 	 6.528875e+00 	 3.600000e+02 	 -6.000000e+02 	 2.000000e+00
8 	 91 	 Ex 	 2 	 1.819508e+00 	 6.000000e+02 	 -6.000000e+02 	 2.000000e+00
8 	 92 	 Ex 	 2 	 1.089056e+00 	 8.400000e+02 	 -6.000000e+02 	 2.000000e+00
8 	 93 	 Ex 	 2 	 0.000000e+00 	 1.080000e+03 	 -6.000000e+02 	 2.000000e+00
8 	 94 	 Ex 	 2 	 0.000000e+00 	 1.320000e+03 	 -6.000000e+02 	 2.000000e+00
8 	 95 	 Ex 	 2 	 0.000000e+00 	 1.560000e+03 	 -6.000000e+02 	 2.000000e+00
8 	 96 	 Ex 	 2 	 0.000000e+00 	 1.800000e+03 	 -6.000000e+02 	 2.000000e+00
8 	 97 	 Ex 	 2 	 2.772617e-01 	 -1.800000e+03 	 -3.600000e+02 	 2.000000e+00
8 	 98 	 Ex 	 2 	 1.978696e+00 	 -1.560000e+03 	 -3.600000e+02 	 2.000000e+00
8 	 99 	 Ex 	 2 	 4.572670e+00 	 -1.320000e+03 	 -3.600000e+02 	 2.000000e+00
8 	 100 	 Ex 	 2 	 6.676273e+00 	 -1.080000e+03 	 -3.600000e+02 	 2.000000e+00
8 	 101 	 Ex 	 2 	 4.240198e+00 	 -8.400000e+02 	 -3.600000e+02 	 2.000000e+00
8 	 102 	 Ex 	 2 	 3.871447e+00 	 -6.000000e+02 	 -3.600000e+02 	 2.000000e+00
8 	 103 	 Ex 	 2 	 8.850816e+00 	 -3.600000e+02 	 -3.600000e+02 	 2.000000e+00
8 	 104 	 Ex 	 2 	 1.243334e+01 	 -1.200000e+02 	 -3.600000e+02 	 2.000000e+00
8 	 105 	 Ex 	 2 	 1.118973e+01 	 1.200000e+02 	 -3.600000e+02 	 2.000000e+00
8 	 106 	 Ex 	 2 	 6.331728e+00 	 3.600000e+02 	 -3.600000e+02 	 2.000000e+00
8 	 107 	 Ex 	 2 	 1.514597e+00 	 6.000000e+02 	 -3.600000e+02 	 2.000000e+00
8 	 108 	 Ex 	 2 	 4.021564e-01 	 8.400000e+02 	 -3.600000e+02 	 2.000000e+00
8 	 109 	 Ex 	 2 	 0.000000e+00 	 1.080000e+03 	 -3.600000e+02 	 2.000000e+00
8 	 110 	 Ex 	 2 	 0.000000e+00 	 1.320000e+03 	 -3.600000e+02 	 2.000000e+00
8 	 111 	 Ex 	 2 	 0.000000e+00 	 1.560000e+03 	 -3.600000e+02 	 2.000000e+00
8 	 112 	 Ex 	 2 	 0.000000e+00 	 1.800000e+03 	 -3.600000e+02 	 2.000000e+00
8 	 113 	 Ex 	 2 	 2.662391e+00 	 -1.800000e+03 	 -1.200000e+02 	 2.000000e+00
8 	 114 	 Ex 	 2 	 2.091120e+00 	 -1.560000e+03 	 -1.200000e+02 	 2.000000e+00
8 	 115 	 Ex 	 2 	 3.368152e+00 	 -1.320000e+03 	 -1.200000e+02 	 2.000000e+00
8 	 116 	 Ex 	 2 	 4.775801e+00 	 -1.080000e+03 	 -1.200000e+02 	 2.000000e+00
8 	 117 	 Ex 	 2 	 3.841485e+00 	 -8.400000e+02 	 -1.200000e+02 	 2.000000e+00
8 	 118 	 Ex 	 2 	 5.169446e+00 	 -6.000000e+02 	 -1.200000e+02 	 2.000000e+00
8 	 119 	 Ex 	 2 	 9.777454e+00 	 -3.600000e+02 	 -1.200000e+02 	 2.000000e+00
8 	 120 	 Ex 	 2 	 1.293668e+01 	 -1.200000e+02 	 -1.200000e+02 	 2.000000e+00
8 	 121 	 Ex 	 2 	 1.257488e+01 	 1.200000e+02 	 -1.200000e+02 	 2.000000e+00
8 	 122 	 Ex 	 2 	 7.480126e+00 	 3.600000e+02 	 -1.200000e+02 	 2.000000e+00
8 	 123 	 Ex 	 2 	 4.200234e+00 	 6.000000e+02 	 -1.200000e+02 	 2.000000e+00
8 	 124 	 Ex 	 2 	 8.997589e-01 	 8.400000e+02 	 -1.200000e+02 	 2.000000e+00
8 	 125 	 Ex 	 2 	 8.780829e-01 	 1.080000e+03 	 -1.200000e+02 	 2.000000e+00
8 	 126 	 Ex 	 2 	 0.000000e+00 	 1.320000e+03 	 -1.200000e+02 	 2.000000e+00
8 	 127 	 Ex 	 2 	 0.000000e+00 	 1.560000e+03 	 -1.200000e+02 	 2.000000e+00
8 	 128 	 Ex 	 2 	 0.000000e+00 	 1.800000e+03 	 -1.200000e+02 	 2.000000e+00
8 	 129 	 Ex 	 2 	 3.224799e-01 	 -1.800000e+03 	 1.200000e+02 	 2.000000e+00
8 	 130 	 Ex 	 2 	 1.407109e+00 	 -1.560000e+03 	 1.200000e+02 	 2.000000e+00
8 	 131 	 Ex 	 2 	 2.125962e+00 	 -1.320000e+03 	 1.200000e+02 	 2.000000e+00
8 	 132 	 Ex 	 2 	 6.362389e+00 	 -1.080000e+03 	 1.200000e+02 	 2.000000e+00
8 	 133 	 Ex 	 2 	 1.953141e+00 	 -8.400000e+02 	 1.200000e+02 	 2.000000e+00
8 	 134 	 Ex 	 2 	 4.813262e+00 	 -6.000000e+02 	 1.200000e+02 	 2.000000e+00
8 	 135 	 Ex 	 2 	 1.005071e+01 	 -3.600000e+02 	 1.200000e+02 	 2.000000e+00
8 	 136 	 Ex 	 2 	 1.277415e+01 	 -1.200000e+02 	 1.200000e+02 	 2.000000e+00
8 	 137 	 Ex 	 2 	 1.091056e+01 	 1.200000e+02 	 1.200000e+02 	 2.000000e+00
8 	 138 	 Ex 	 2 	 8.379286e+00 	 3.600000e+02 	 1.200000e+02 	 2.000000e+00
8 	 139 	 Ex 	 2 	 2.449910e+00 	 6.000000e+02 	 1.200000e+02 	 2.000000e+00
8 	 140 	 Ex 	 2 	 2.551887e+00 	 8.400000e+02 	 1.200000e+02 	 2.000000e+00
8 	 141 	 Ex 	 2 	 2.289608e+00 	 1.080000e+03 	 1.200000e+02 	 2.000000e+00
8 	 142 	 Ex 	 2 	 1.700402e+00 	 1.320000e+03 	 1.200000e+02 	 2.000000e+00
8 	 143 	 Ex 	 2 	 7.522253e-01 	 1.560000e+03 	 1.200000e+02 	 2.000000e+00
8 	 144 	 Ex 	 2 	 6.276013e-01 	 1.800000e+03 	 1.200000e+02 	 2.000000e+00
8 	 145 	 Ex 	 2 	 1.864591e+00 	 -1.800000e+03 	 3.600000e+02 	 2.000000e+00
8 	 146 	 Ex 	 2 	 2.747177e-01 	 -1.560000e+03 	 3.600000e+02 	 2.000000e+00
8 	 147 	 Ex 	 2 	 1.416101e+00 	 -1.320000e+03 	 3.600000e+02 	 2.000000e+00
8 	 148 	 Ex 	 2 	 3.807345e+00 	 -1.080000e+03 	 3.600000e+02 	 2.000000e+00
8 	 149 	 Ex 	 2 	 3.955671e+00 	 -8.400000e+02 	 3.600000e+02 	 2.000000e+00
8 	 150 	 Ex 	 2 	 4.815176e+00 	 -6.000000e+02 	 3.600000e+02 	 2.000000e+00
8 	 151 	 Ex 	 2 	 1.014970e+01 	 -3.600000e+02 	 3.600000e+02 	 2.000000e+00
8 	 152 	 Ex 	 2 	 1.398003e+01 	 -1.200000e+02 	 3.600000e+02 	 2.000000e+00
8 	 153 	 Ex 	 2 	 1.254804e+01 	 1.200000e+02 	 3.600000e+02 	 2.000000e+00
8 	 154 	 Ex 	 2 	 8.151937e+00 	 3.600000e+02 	 3.600000e+02 	 2.000000e+00
8 	 155 	 Ex 	 2 	 2.940094e+00 	 6.000000e+02 	 3.600000e+02 	 2.000000e+00
8 	 156 	 Ex 	 2 	 2.536639e+00 	 8.400000e+02 	 3.600000e+02 	 2.000000e+00
8 	 157 	 Ex 	 2 	 1.708779e+00 	 1.080000e+03 	 3.600000e+02 	 2.000000e+00
8 	 158 	 Ex 	 2 	 1.518765e+00 	 1.320000e+03 	 3.600000e+02 	 2.000000e+00
8 	 159 	 Ex 	 2 	 1.332156e+00 	 1.560000e+03 	 3.600000e+02 	 2.000000e+00
8 	 160 	 Ex 	 2 	 4.093623e-01 	 1.800000e+03 	 3.600000e+02 	 2.000000e+00
8 	 161 	 Ex 	 2 	 2.023741e+00 	 -1.800000e+03 	 6.000000e+02 	 2.000000e+00
8 	 162 	 Ex 	 2 	 1.760356e+00 	 -1.560000e+03 	 6.000000e+02 	 2.000000e+00
8 	 163 	 Ex 	 2 	 1.740171e+00 	 -1.320000e+03 	 6.000000e+02 	 2.000000e+00
8 	 164 	 Ex 	 2 	 2.580352e+00 	 -1.080000e+03 	 6.000000e+02 	 2.000000e+00
8 	 165 	 Ex 	 2 	 2.404866e+00 	 -8.400000e+02 	 6.000000e+02 	 2.000000e+00
8 	 166 	 Ex 	 2 	 5.426533e+00 	 -6.000000e+02 	 6.000000e+02 	 2.000000e+00
8 	 167 	 Ex 	 2 	 9.483646e+00 	 -3.600000e+02 	 6.000000e+02 	 2.000000e+00
8 	 168 	 Ex 	 2 	 1.140069e+01 	 -1.200000e+02 	 6.000000e+02 	 2.000000e+00
8 	 169 	 Ex 	 2 	 1.081599e+01 	 1.200000e+02 	 6.000000e+02 	 2.000000e+00
8 	 170 	 Ex 	 2 	 6.560580e+00 	 3.600000e+02 	 6.000000e+02 	 2.000000e+00
8 	 171 	 Ex 	 2 	 2.794671e+00 	 6.000000e+02 	 6.000000e+02 	 2.000000e+00
8 	 172 	 Ex 	 2 	 1.494190e+00 	 8.400000e+02 	 6.000000e+02 	 2.000000e+00
8 	 173 	 Ex 	 2 	 2.965222e+00 	 1.080000e+03 	 6.000000e+02 	 2.000000e+00
8 	 174 	 Ex 	 2 	 2.759697e+00 	 1.320000e+03 	 6.000000e+02 	 2.000000e+00
8 	 175 	 Ex 	 2 	 2.241814e+00 	 1.560000e+03 	 6.000000e+02 	 2.000000e+00
8 	 176 	 Ex 	 2 	 7.887794e-01 	 1.800000e+03 	 6.000000e+02 	 2.000000e+00
8 	 177 	 Ex 	 2 	 3.698584e+00 	 -1.800000e+03 	 8.400000e+02 	 2.000000e+00
8 	 178 	 Ex 	 2 	 3.787286e+00 	 -1.560000e+03 	 8.400000e+02 	 2.000000e+00
8 	 179 	 Ex 	 2 	 2.924051e+00 	 -1.320000e+03 	 8.400000e+02 	 2.000000e+00
8 	 180 	 Ex 	 2 	 3.033836e+00 	 -1.080000e+03 	 8.400000e+02 	 2.000000e+00
8 	 181 	 Ex 	 2 	 2.683985e+00 	 -8.400000e+02 	 8.400000e+02 	 2.000000e+00
8 	 182 	 Ex 	 2 	 5.058578e+00 	 -6.000000e+02 	 8.400000e+02 	 2.000000e+00
8 	 183 	 Ex 	 2 	 5.697778e+00 	 -3.600000e+02 	 8.400000e+02 	 2.000000e+00
8 	 184 	 Ex 	 2 	 9.667531e+00 	 -1.200000e+02 	 8.400000e+02 	 2.000000e+00
8 	 185 	 Ex 	 2 	 7.745991e+00 	 1.200000e+02 	 8.400000e+02 	 2.000000e+00
8 	 186 	 Ex 	 2 	 5.765168e+00 	 3.600000e+02 	 8.400000e+02 	 2.000000e+00
8 	 187 	 Ex 	 2 	 1.773318e+00 	 6.000000e+02 	 8.400000e+02 	 2.000000e+00
8 	 188 	 Ex 	 2 	 1.998023e+00 	 8.400000e+02 	 8.400000e+02 	 2.000000e+00
8 	 189 	 Ex 	 2 	 2.422930e+00 	 1.080000e+03 	 8.400000e+02 	 2.000000e+00
8 	 190 	 Ex 	 2 	 2.538065e+00 	 1.320000e+03 	 8.400000e+02 	 2.000000e+00
8 	 191 	 Ex 	 2 	 1.112646e+00 	 1.560000e+03 	 8.400000e+02 	 2.000000e+00
8 	 192 	 Ex 	 2 	 4.992035e-01 	 1.800000e+03 	 8.400000e+02 	 2.000000e+00
8 	 193 	 Ex 	 2 	 3.856966e+00 	 -1.800000e+03 	 1.080000e+03 	 2.000000e+00
8 	 194 	 Ex 	 2 	 4.195970e+00 	 -1.560000e+03 	 1.080000e+03 	 2.000000e+00
8 	 195 	 Ex 	 2 	 3.956459e+00 	 -1.320000e+03 	 1.080000e+03 	 2.000000e+00
8 	 196 	 Ex 	 2 	 4.047843e+00 	 -1.080000e+03 	 1.080000e+03 	 2.000000e+00
8 	 197 	 Ex 	 2 	 3.201466e+00 	 -8.400000e+02 	 1.080000e+03 	 2.000000e+00
8 	 198 	 Ex 	 2 	 3.747043e+00 	 -6.000000e+02 	 1.080000e+03 	 2.000000e+00
8 	 199 	 Ex 	 2 	 5.361963e+00 	 -3.600000e+02 	 1.080000e+03 	 2.000000e+00
8 	 200 	 Ex 	 2 	 3.879591e+00 	 -1.200000e+02 	 1.080000e+03 	 2.000000e+00
8 	 201 	 Ex 	 2 	 4.245090e+00 	 1.200000e+02 	 1.080000e+03 	 2.000000e+00
8 	 202 	 Ex 	 2 	 3.730408e+00 	 3.600000e+02 	 1.080000e+03 	 2.000000e+00
8 	 203 	 Ex 	 2 	 8.552708e-01 	 6.000000e+02 	 1.080000e+03 	 2.000000e+00
8 	 204 	 Ex 	 2 	 1.014505e+00 	 8.400000e+02 	 1.080000e+03 	 2.000000e+00
8 	 205 	 Ex 	 2 	 2.163401e+00 	 1.080000e+03 	 1.080000e+03 	 2.000000e+00
8 	 206 	 Ex 	 2 	 1.068105e+00 	 1.320000e+03 	 1.080000e+03 	 2.000000e+00
8 	 207 	 Ex 	 2 	 1.075638e+00 	 1.560000e+03 	 1.080000e+03 	 2.000000e+00
8 	 208 	 Ex 	 2 	 5.048315e-01 	 1.800000e+03 	 1.080000e+03 	 2.000000e+00
8 	 209 	 Ex 	 2 	 2.726343e+00 	 -1.800000e+03 	 1.320000e+03 	 2.000000e+00
8 	 210 	 Ex 	 2 	 4.709949e+00 	 -1.560000e+03 	 1.320000e+03 	 2.000000e+00
8 	 211 	 Ex 	 2 	 4.035858e+00 	 -1.320000e+03 	 1.320000e+03 	 2.000000e+00
8 	 212 	 Ex 	 2 	 3.409820e+00 	 -1.080000e+03 	 1.320000e+03 	 2.000000e+00
8 	 213 	 Ex 	 2 	 2.412336e+00 	 -8.400000e+02 	 1.320000e+03 	 2.000000e+00
8 	 214 	 Ex 	 2 	 2.186232e+00 	 -6.000000e+02 	 1.320000e+03 	 2.000000e+00
8 	 215 	 Ex 	 2 	 1.773382e+00 	 -3.600000e+02 	 1.320000e+03 	 2.000000e+00
8 	 216 	 Ex 	 2 	 2.155453e+00 	 -1.200000e+02 	 1.320000e+03 	 2.000000e+00
8 	 217 	 Ex 	 2 	 3.418583e+00 	 1.200000e+02 	 1.320000e+03 	 2.000000e+00
8 	 218 	 Ex 	 2 	 3.279600e+00 	 3.600000e+02 	 1.320000e+03 	 2.000000e+00
8 	 219 	 Ex 	 2 	 2.571125e+00 	 6.000000e+02 	 1.320000e+03 	 2.000000e+00
8 	 220 	 Ex 	 2 	 1.326845e+00 	 8.400000e+02 	 1.320000e+03 	 2.000000e+00
8 	 221 	 Ex 	 2 	 1.368315e+00 	 1.080000e+03 	 1.320000e+03 	 2.000000e+00
8 	 222 	 Ex 	 2 	 3.410355e-01 	 1.320000e+03 	 1.320000e+03 	 2.000000e+00
8 	 223 	 Ex 	 2 	 3.537310e-01 	 1.560000e+03 	 1.320000e+03 	 2.000000e+00
8 	 224 	 Ex 	 2 	 5.172744e-01 	 1.800000e+03 	 1.320000e+03 	 2.000000e+00
8 	 225 	 Ex 	 2 	 2.914239e+00 	 -1.800000e+03 	 1.560000e+03 	 2.000000e+00
8 	 226 	 Ex 	 2 	 3.644124e+00 	 -1.560000e+03 	 1.560000e+03 	 2.000000e+00
8 	 227 	 Ex 	 2 	 2.633931e+00 	 -1.320000e+03 	 1.560000e+03 	 2.000000e+00
8 	 228 	 Ex 	 2 	 2.309294e+00 	 -1.080000e+03 	 1.560000e+03 	 2.000000e+00
8 	 229 	 Ex 	 2 	 3.758630e+00 	 -8.400000e+02 	 1.560000e+03 	 2.000000e+00
8 	 230 	 Ex 	 2 	 2.627944e+00 	 -6.000000e+02 	 1.560000e+03 	 2.000000e+00
8 	 231 	 Ex 	 2 	 2.736107e+00 	 -3.600000e+02 	 1.560000e+03 	 2.000000e+00
8 	 232 	 Ex 	 2 	 2.450537e+00 	 -1.200000e+02 	 1.560000e+03 	 2.000000e+00
8 	 233 	 Ex 	 2 	 2.992011e+00 	 1.200000e+02 	 1.560000e+03 	 2.000000e+00
8 	 234 	 Ex 	 2 	 2.711491e+00 	 3.600000e+02 	 1.560000e+03 	 2.000000e+00
8 	 235 	 Ex 	 2 	 1.847354e+00 	 6.000000e+02 	 1.560000e+03 	 2.000000e+00
8 	 236 	 Ex 	 2 	 2.210802e+00 	 8.400000e+02 	 1.560000e+03 	 2.000000e+00
8 	 237 	 Ex 	 2 	 9.695500e-01 	 1.080000e+03 	 1.560000e+03 	 2.000000e+00
8 	 238 	 Ex 	 2 	 8.179312e-01 	 1.320000e+03 	 1.560000e+03 	 2.000000e+00
8 	 239 	 Ex 	 2 	 8.569700e-01 	 1.560000e+03 	 1.560000e+03 	 2.000000e+00
8 	 240 	 Ex 	 2 	 1.402529e+00 	 1.800000e+03 	 1.560000e+03 	 2.000000e+00
8 	 241 	 Ex 	 2 	 1.524899e+00 	 -1.800000e+03 	 1.800000e+03 	 2.000000e+00
8 	 242 	 Ex 	 2 	 2.271451e+00 	 -1.560000e+03 	 1.800000e+03 	 2.000000e+00
8 	 243 	 Ex 	 2 	 2.462373e+00 	 -1.320000e+03 	 1.800000e+03 	 2.000000e+00
8 	 244 	 Ex 	 2 	 1.862954e+00 	 -1.080000e+03 	 1.800000e+03 	 2.000000e+00
8 	 245 	 Ex 	 2 	 8.538257e-01 	 -8.400000e+02 	 1.800000e+03 	 2.000000e+00
8 	 246 	 Ex 	 2 	 2.545026e+00 	 -6.000000e+02 	 1.800000e+03 	 2.000000e+00
8 	 247 	 Ex 	 2 	 2.181319e+00 	 -3.600000e+02 	 1.800000e+03 	 2.000000e+00
8 	 248 	 Ex 	 2 	 1.768253e+00 	 -1.200000e+02 	 1.800000e+03 	 2.000000e+00
8 	 249 	 Ex 	 2 	 1.872252e+00 	 1.200000e+02 	 1.800000e+03 	 2.000000e+00
8 	 250 	 Ex 	 2 	 1.453837e+00 	 3.600000e+02 	 1.800000e+03 	 2.000000e+00
8 	 251 	 Ex 	 2 	 5.964424e-01 	 6.000000e+02 	 1.800000e+03 	 2.000000e+00
8 	 252 	 Ex 	 2 	 1.318529e+00 	 8.400000e+02 	 1.800000e+03 	 2.000000e+00
8 	 253 	 Ex 	 2 	 1.223530e+00 	 1.080000e+03 	 1.800000e+03 	 2.000000e+00
8 	 254 	 Ex 	 2 	 1.301854e+00 	 1.320000e+03 	 1.800000e+03 	 2.000000e+00
8 	 255 	 Ex 	 2 	 9.747389e-01 	 1.560000e+03 	 1.800000e+03 	 2.000000e+00
8 	 256 	 Ex 	 2 	 3.868602e-01 	 1.800000e+03 	 1.800000e+03 	 2.000000e+00
8 	 1 	 Ey 	 1 	 5.878112e-01 	 -1.800000e+03 	 -1.800000e+03 	 2.000000e+00
8 	 2 	 Ey 	 1 	 1.438681e+00 	 -1.560000e+03 	 -1.800000e+03 	 2.000000e+00
8 	 3 	 Ey 	 1 	 7.536889e-01 	 -1.320000e+03 	 -1.800000e+03 	 2.000000e+00
8 	 4 	 Ey 	 1 	 1.423262e+00 	 -1.080000e+03 	 -1.800000e+03 	 2.000000e+00
8 	 5 	 Ey 	 1 	 2.026384e+00 	 -8.400000e+02 	 -1.800000e+03 	 2.000000e+00
8 	 6 	 Ey 	 1 	 4.563767e-01 	 -6.000000e+02 	 -1.800000e+03 	 2.000000e+00
8 	 7 	 Ey 	 1 	 1.431508e+00 	 -3.600000e+02 	 -1.800000e+03 	 2.000000e+00
8 	 8 	 Ey 	 1 	 1.483173e+00 	 -1.200000e+02 	 -1.800000e+03 	 2.000000e+00
8 	 9 	 Ey 	 1 	 1.833877e+00 	 1.200000e+02 	 -1.800000e+03 	 2.000000e+00
8 	 10 	 Ey 	 1 	 2.372074e+00 	 3.600000e+02 	 -1.800000e+03 	 2.000000e+00
8 	 11 	 Ey 	 1 	 2.212664e+00 	 6.000000e+02 	 -1.800000e+03 	 2.000000e+00
8 	 12 	 Ey 	 1 	 3.512403e+00 	 8.400000e+02 	 -1.800000e+03 	 2.000000e+00
8 	 13 	 Ey 	 1 	 3.712378e+00 	 1.080000e+03 	 -1.800000e+03 	 2.000000e+00
8 	 14 	 Ey 	 1 	 3.209924e+00 	 1.320000e+03 	 -1.800000e+03 	 2.000000e+00
8 	 15 	 Ey 	 1 	 2.006175e+00 	 1.560000e+03 	 -1.800000e+03 	 2.000000e+00
8 	 16 	 Ey 	 1 	 1.182140e+00 	 1.800000e+03 	 -1.800000e+03 	 2.000000e+00
8 	 17 	 Ey 	 1 	 9.174127e-01 	 -1.800000e+03 	 -1.560000e+03 	 2.000000e+00
8 	 18 	 Ey 	 1 	 2.300346e+00 	 -1.560000e+03 	 -1.560000e+03 	 2.000000e+00
8 	 19 	 Ey 	 1 	 4.444903e-01 	 -1.320000e+03 	 -1.560000e+03 	 2.000000e+00
8 	 20 	 Ey 	 1 	 8.674913e-01 	 -1.080000e+03 	 -1.560000e+03 	 2.000000e+00
8 	 21 	 Ey 	 1 	 7.110385e-01 	 -8.400000e+02 	 -1.560000e+03 	 2.000000e+00
8 	 22 	 Ey 	 1 	 1.608678e+00 	 -6.000000e+02 	 -1.560000e+03 	 2.000000e+00
8 	 23 	 Ey 	 1 	 7.814459e-01 	 -3.600000e+02 	 -1.560000e+03 	 2.000000e+00
8 	 24 	 Ey 	 1 	 1.676090e+00 	 -1.200000e+02 	 -1.560000e+03 	 2.000000e+00
8 	 25 	 Ey 	 1 	 2.624729e+00 	 1.200000e+02 	 -1.560000e+03 	 2.000000e+00
8 	 26 	 Ey 	 1 	 4.414550e+00 	 3.600000e+02 	 -1.560000e+03 	 2.000000e+00
8 	 27 	 Ey 	 1 	 4.156617e+00 	 6.000000e+02 	 -1.560000e+03 	 2.000000e+00
8 	 28 	 Ey 	 1 	 3.025650e+00 	 8.400000e+02 	 -1.560000e+03 	 2.000000e+00
8 	 29 	 Ey 	 1 	 2.432237e+00 	 1.080000e+03 	 -1.560000e+03 	 2.000000e+00
8 	 30 	 Ey 	 1 	 2.709567e+00 	 1.320000e+03 	 -1.560000e+03 	 2.000000e+00
8 	 31 	 Ey 	 1 	 4.391367e-01 	 1.560000e+03 	 -1.560000e+03 	 2.000000e+00
8 	 32 	 Ey 	 1 	 4.990919e-01 	 1.800000e+03 	 -1.560000e+03 	 2.000000e+00
8 	 33 	 Ey 	 1 	 1.184874e+00 	 -1.800000e+03 	 -1.320000e+03 	 2.000000e+00
8 	 34 	 Ey 	 1 	 9.836411e-01 	 -1.560000e+03 	 -1.320000e+03 	 2.000000e+00
8 	 35 	 Ey 	 1 	 7.969522e-01 	 -1.320000e+03 	 -1.320000e+03 	 2.000000e+00
8 	 36 	 Ey 	 1 	 1.605262e+00 	 -1.080000e+03 	 -1.320000e+03 	 2.000000e+00
8 	 37 	 Ey 	 1 	 1.215033e+00 	 -8.400000e+02 	 -1.320000e+03 	 2.000000e+00
8 	 38 	 Ey 	 1 	 3.190871e+00 	 -6.000000e+02 	 -1.320000e+03 	 2.000000e+00
8 	 39 	 Ey 	 1 	 9.080462e-01 	 -3.600000e+02 	 -1.320000e+03 	 2.000000e+00
8 	 40 	 Ey 	 1 	 1.476585e+00 	 -1.200000e+02 	 -1.320000e+03 	 2.000000e+00
8 	 41 	 Ey 	 1 	 3.370906e+00 	 1.200000e+02 	 -1.320000e+03 	 2.000000e+00
8 	 42 	 Ey 	 1 	 5.447413e+00 	 3.600000e+02 	 -1.320000e+03 	 2.000000e+00
8 	 43 	 Ey 	 1 	 5.763376e+00 	 6.000000e+02 	 -1.320000e+03 	 2.000000e+00
8 	 44 	 Ey 	 1 	 3.657821e+00 	 8.400000e+02 	 -1.320000e+03 	 2.000000e+00
8 	 45 	 Ey 	 1 	 3.351801e+00 	 1.080000e+03 	 -1.320000e+03 	 2.000000e+00
8 	 46 	 Ey 	 1 	 4.308188e-01 	 1.320000e+03 	 -1.320000e+03 	 2.000000e+00
8 	 47 	 Ey 	 1 	 9.284697e-01 	 1.560000e+03 	 -1.320000e+03 	 2.000000e+00
8 	 48 	 Ey 	 1 	 4.551114e-01 	 1.800000e+03 	 -1.320000e+03 	 2.000000e+00
8 	 49 	 Ey 	 1 	 6.233290e-01 	 -1.800000e+03 	 -1.080000e+03 	 2.000000e+00
8 	 50 	 Ey 	 1 	 1.742823e+00 	 -1.560000e+03 	 -1.080000e+03 	 2.000000e+00
8 	 51 	 Ey 	 1 	 1.255507e+00 	 -1.320000e+03 	 -1.080000e+03 	 2.000000e+00
8 	 52 	 Ey 	 1 	 9.320132e-01 	 -1.080000e+03 	 -1.080000e+03 	 2.000000e+00
8 	 53 	 Ey 	 1 	 1.205713e+00 	 -8.400000e+02 	 -1.080000e+03 	 2.000000e+00
8 	 54 	 Ey 	 1 	 2.125819e+00 	 -6.000000e+02 	 -1.080000e+03 	 2.000000e+00
8 	 55 	 Ey 	 1 	 3.150167e-01 	 -3.600000e+02 	 -1.080000e+03 	 2.000000e+00
8 	 56 	 Ey 	 1 	 2.154781e+00 	 -1.200000e+02 	 -1.080000e+03 	 2.000000e+00
8 	 57 	 Ey 	 1 	 4.216616e+00 	 1.200000e+02 	 -1.080000e+03 	 2.000000e+00
8 	 58 	 Ey 	 1 	 5.363449e+00 	 3.600000e+02 	 -1.080000e+03 	 2.000000e+00
8 	 59 	 Ey 	 1 	 4.789131e+00 	 6.000000e+02 	 -1.080000e+03 	 2.000000e+00
8 	 60 	 Ey 	 1 	 3.659861e+00 	 8.400000e+02 	 -1.080000e+03 	 2.000000e+00
8 	 61 	 Ey 	 1 	 1.635701e+00 	 1.080000e+03 	 -1.080000e+03 	 2.000000e+00
8 	 62 	 Ey 	 1 	 2.154306e+00 	 1.320000e+03 	 -1.080000e+03 	 2.000000e+00
8 	 63 	 Ey 	 1 	 0.000000e+00 	 1.560000e+03 	 -1.080000e+03 	 2.000000e+00
8 	 64 	 Ey 	 1 	 0.000000e+00 	 1.800000e+03 	 -1.080000e+03 	 2.000000e+00
8 	 65 	 Ey 	 1 	 2.950121e+00 	 -1.800000e+03 	 -8.400000e+02 	 2.000000e+00
8 	 66 	 Ey 	 1 	 1.910392e+00 	 -1.560000e+03 	 -8.400000e+02 	 2.000000e+00
8 	 67 	 Ey 	 1 	 2.602690e-01 	 -1.320000e+03 	 -8.400000e+02 	 2.000000e+00
8 	 68 	 Ey 	 1 	 2.719496e-01 	 -1.080000e+03 	 -8.400000e+02 	 2.000000e+00
8 	 69 	 Ey 	 1 	 1.730485e+00 	 -8.400000e+02 	 -8.400000e+02 	 2.000000e+00
8 	 70 	 Ey 	 1 	 1.139606e+00 	 -6.000000e+02 	 -8.400000e+02 	 2.000000e+00
8 	 71 	 Ey 	 1 	 8.970879e-01 	 -3.600000e+02 	 -8.400000e+02 	 2.000000e+00
8 	 72 	 Ey 	 1 	 2.628595e+00 	 -1.200000e+02 	 -8.400000e+02 	 2.000000e+00
8 	 73 	 Ey 	 1 	 4.535650e+00 	 1.200000e+02 	 -8.400000e+02 	 2.000000e+00
8 	 74 	 Ey 	 1 	 5.249983e+00 	 3.600000e+02 	 -8.400000e+02 	 2.000000e+00
8 	 75 	 Ey 	 1 	 4.197366e+00 	 6.000000e+02 	 -8.400000e+02 	 2.000000e+00
8 	 76 	 Ey 	 1 	 2.569432e+00 	 8.400000e+02 	 -8.400000e+02 	 2.000000e+00
8 	 77 	 Ey 	 1 	 1.003930e+00 	 1.080000e+03 	 -8.400000e+02 	 2.000000e+00
8 	 78 	 Ey 	 1 	 0.000000e+00 	 1.320000e+03 	 -8.400000e+02 	 2.000000e+00
8 	 79 	 Ey 	 1 	 0.000000e+00 	 1.560000e+03 	 -8.400000e+02 	 2.000000e+00
8 	 80 	 Ey 	 1 	 0.000000e+00 	 1.800000e+03 	 -8.400000e+02 	 2.000000e+00
8 	 81 	 Ey 	 1 	 2.553337e+00 	 -1.800000e+03 	 -6.000000e+02 	 2.000000e+00
8 	 82 	 Ey 	 1 	 4.008932e-01 	 -1.560000e+03 	 -6.000000e+02 	 2.000000e+00
8 	 83 	 Ey 	 1 	 8.029995e-01 	 -1.320000e+03 	 -6.000000e+02 	 2.000000e+00
8 	 84 	 Ey 	 1 	 3.031855e-01 	 -1.080000e+03 	 -6.000000e+02 	 2.000000e+00
8 	 85 	 Ey 	 1 	 7.678938e-01 	 -8.400000e+02 	 -6.000000e+02 	 2.000000e+00
8 	 86 	 Ey 	 1 	 1.210653e+00 	 -6.000000e+02 	 -6.000000e+02 	 2.000000e+00
8 	 87 	 Ey 	 1 	 1.057452e+00 	 -3.600000e+02 	 -6.000000e+02 	 2.000000e+00
8 	 88 	 Ey 	 1 	 1.948572e+00 	 -1.200000e+02 	 -6.000000e+02 	 2.000000e+00
8 	 89 	 Ey 	 1 	 2.726160e+00 	 1.200000e+02 	 -6.000000e+02 	 2.000000e+00
8 	 90 	 Ey 	 1 	 2.616806e+00 	 3.600000e+02 	 -6.000000e+02 	 2.000000e+00
8 	 91 	 Ey 	 1 	 2.392582e+00 	 6.000000e+02 	 -6.000000e+02 	 2.000000e+00
8 	 92 	 Ey 	 1 	 1.239304e+00 	 8.400000e+02 	 -6.000000e+02 	 2.000000e+00
8 	 93 	 Ey 	 1 	 0.000000e+00 	 1.080000e+03 	 -6.000000e+02 	 2.000000e+00
8 	 94 	 Ey 	 1 	 0.000000e+00 	 1.320000e+03 	 -6.000000e+02 	 2.000000e+00
8 	 95 	 Ey 	 1 	 0.000000e+00 	 1.560000e+03 	 -6.000000e+02 	 2.000000e+00
8 	 96 	 Ey 	 1 	 0.000000e+00 	 1.800000e+03 	 -6.000000e+02 	 2.000000e+00
8 	 97 	 Ey 	 1 	 3.035900e+00 	 -1.800000e+03 	 -3.600000e+02 	 2.000000e+00
8 	 98 	 Ey 	 1 	 1.272273e+00 	 -1.560000e+03 	 -3.600000e+02 	 2.000000e+00
8 	 99 	 Ey 	 1 	 1.340439e+00 	 -1.320000e+03 	 -3.600000e+02 	 2.000000e+00
8 	 100 	 Ey 	 1 	 1.751666e+00 	 -1.080000e+03 	 -3.600000e+02 	 2.000000e+00
8 	 101 	 Ey 	 1 	 1.192849e+00 	 -8.400000e+02 	 -3.600000e+02 	 2.000000e+00
8 	 102 	 Ey 	 1 	 1.516554e+00 	 -6.000000e+02 	 -3.600000e+02 	 2.000000e+00
8 	 103 	 Ey 	 1 	 6.962398e-01 	 -3.600000e+02 	 -3.600000e+02 	 2.000000e+00
8 	 104 	 Ey 	 1 	 1.426478e+00 	 -1.200000e+02 	 -3.600000e+02 	 2.000000e+00
8 	 105 	 Ey 	 1 	 2.161158e+00 	 1.200000e+02 	 -3.600000e+02 	 2.000000e+00
8 	 106 	 Ey 	 1 	 4.493610e-01 	 3.600000e+02 	 -3.600000e+02 	 2.000000e+00
8 	 107 	 Ey 	 1 	 1.459103e+00 	 6.000000e+02 	 -3.600000e+02 	 2.000000e+00
8 	 108 	 Ey 	 1 	 6.917220e-01 	 8.400000e+02 	 -3.600000e+02 	 2.000000e+00
8 	 109 	 Ey 	 1 	 0.000000e+00 	 1.080000e+03 	 -3.600000e+02 	 2.000000e+00
8 	 110 	 Ey 	 1 	 0.000000e+00 	 1.320000e+03 	 -3.600000e+02 	 2.000000e+00
8 	 111 	 Ey 	 1 	 0.000000e+00 	 1.560000e+03 	 -3.600000e+02 	 2.000000e+00
8 	 112 	 Ey 	 1 	 0.000000e+00 	 1.800000e+03 	 -3.600000e+02 	 2.000000e+00
8 	 113 	 Ey 	 1 	 2.256030e+00 	 -1.800000e+03 	 -1.200000e+02 	 2.000000e+00
8 	 114 	 Ey 	 1 	 3.767611e+00 	 -1.560000e+03 	 -1.200000e+02 	 2.000000e+00
8 	 115 	 Ey 	 1 	 3.258825e+00 	 -1.320000e+03 	 -1.200000e+02 	 2.000000e+00
8 	 116 	 Ey 	 1 	 1.071779e+00 	 -1.080000e+03 	 -1.200000e+02 	 2.000000e+00
8 	 117 	 Ey 	 1 	 3.554684e+00 	 -8.400000e+02 	 -1.200000e+02 	 2.000000e+00
8 	 118 	 Ey 	 1 	 1.846475e+00 	 -6.000000e+02 	 -1.200000e+02 	 2.000000e+00
8 	 119 	 Ey 	 1 	 1.614212e+00 	 -3.600000e+02 	 -1.200000e+02 	 2.000000e+00
8 	 120 	 Ey 	 1 	 2.240918e+00 	 -1.200000e+02 	 -1.200000e+02 	 2.000000e+00
8 	 121 	 Ey 	 1 	 2.027045e+00 	 1.200000e+02 	 -1.200000e+02 	 2.000000e+00
8 	 122 	 Ey 	 1 	 3.022193e+00 	 3.600000e+02 	 -1.200000e+02 	 2.000000e+00
8 	 123 	 Ey 	 1 	 4.177348e+00 	 6.000000e+02 	 -1.200000e+02 	 2.000000e+00
8 	 124 	 Ey 	 1 	 2.662582e+00 	 8.400000e+02 	 -1.200000e+02 	 2.000000e+00
8 	 125 	 Ey 	 1 	 6.851879e-01 	 1.080000e+03 	 -1.200000e+02 	 2.000000e+00
8 	 126 	 Ey 	 1 	 0.000000e+00 	 1.320000e+03 	 -1.200000e+02 	 2.000000e+00
8 	 127 	 Ey 	 1 	 0.000000e+00 	 1.560000e+03 	 -1.200000e+02 	 2.000000e+00
8 	 128 	 Ey 	 1 	 0.000000e+00 	 1.800000e+03 	 -1.200000e+02 	 2.000000e+00
8 	 129 	 Ey 	 1 	 2.610679e+00 	 -1.800000e+03 	 1.200000e+02 	 2.000000e+00
8 	 130 	 Ey 	 1 	 3.498492e+00 	 -1.560000e+03 	 1.200000e+02 	 2.000000e+00
8 	 131 	 Ey 	 1 	 3.060851e+00 	 -1.320000e+03 	 1.200000e+02 	 2.000000e+00
8 	 132 	 Ey 	 1 	 3.178939e+00 	 -1.080000e+03 	 1.200000e+02 	 2.000000e+00
8 	 133 	 Ey 	 1 	 5.031297e+00 	 -8.400000e+02 	 1.200000e+02 	 2.000000e+00
8 	 134 	 Ey 	 1 	 3.719999e+00 	 -6.000000e+02 	 1.200000e+02 	 2.000000e+00
8 	 135 	 Ey 	 1 	 3.003451e+00 	 -3.600000e+02 	 1.200000e+02 	 2.000000e+00
8 	 136 	 Ey 	 1 	 2.137770e+00 	 -1.200000e+02 	 1.200000e+02 	 2.000000e+00
8 	 137 	 Ey 	 1 	 3.420876e+00 	 1.200000e+02 	 1.200000e+02 	 2.000000e+00
8 	 138 	 Ey 	 1 	 5.256225e+00 	 3.600000e+02 	 1.200000e+02 	 2.000000e+00
8 	 139 	 Ey 	 1 	 4.727011e+00 	 6.000000e+02 	 1.200000e+02 	 2.000000e+00
8 	 140 	 Ey 	 1 	 3.201195e+00 	 8.400000e+02 	 1.200000e+02 	 2.000000e+00
8 	 141 	 Ey 	 1 	 4.013715e-01 	 1.080000e+03 	 1.200000e+02 	 2.000000e+00
8 	 142 	 Ey 	 1 	 1.349979e+00 	 1.320000e+03 	 1.200000e+02 	 2.000000e+00
8 	 143 	 Ey 	 1 	 7.426226e-01 	 1.560000e+03 	 1.200000e+02 	 2.000000e+00
8 	 144 	 Ey 	 1 	 3.620511e-01 	 1.800000e+03 	 1.200000e+02 	 2.000000e+00
8 	 145 	 Ey 	 1 	 3.684211e+00 	 -1.800000e+03 	 3.600000e+02 	 2.000000e+00
8 	 146 	 Ey 	 1 	 2.675228e+00 	 -1.560000e+03 	 3.600000e+02 	 2.000000e+00
8 	 147 	 Ey 	 1 	 3.496487e+00 	 -1.320000e+03 	 3.600000e+02 	 2.000000e+00
8 	 148 	 Ey 	 1 	 5.713893e+00 	 -1.080000e+03 	 3.600000e+02 	 2.000000e+00
8 	 149 	 Ey 	 1 	 4.289359e+00 	 -8.400000e+02 	 3.600000e+02 	 2.000000e+00
8 	 150 	 Ey 	 1 	 3.598483e+00 	 -6.000000e+02 	 3.600000e+02 	 2.000000e+00
8 	 151 	 Ey 	 1 	 1.465028e+00 	 -3.600000e+02 	 3.600000e+02 	 2.000000e+00
8 	 152 	 Ey 	 1 	 4.146175e-01 	 -1.200000e+02 	 3.600000e+02 	 2.000000e+00
8 	 153 	 Ey 	 1 	 3.734378e+00 	 1.200000e+02 	 3.600000e+02 	 2.000000e+00
8 	 154 	 Ey 	 1 	 5.946368e+00 	 3.600000e+02 	 3.600000e+02 	 2.000000e+00
8 	 155 	 Ey 	 1 	 5.449709e+00 	 6.000000e+02 	 3.600000e+02 	 2.000000e+00
8 	 156 	 Ey 	 1 	 4.987679e+00 	 8.400000e+02 	 3.600000e+02 	 2.000000e+00
8 	 157 	 Ey 	 1 	 3.451927e+00 	 1.080000e+03 	 3.600000e+02 	 2.000000e+00
8 	 158 	 Ey 	 1 	 2.580535e+00 	 1.320000e+03 	 3.600000e+02 	 2.000000e+00
8 	 159 	 Ey 	 1 	 1.528523e+00 	 1.560000e+03 	 3.600000e+02 	 2.000000e+00
8 	 160 	 Ey 	 1 	 2.314563e+00 	 1.800000e+03 	 3.600000e+02 	 2.000000e+00
8 	 161 	 Ey 	 1 	 2.850202e+00 	 -1.800000e+03 	 6.000000e+02 	 2.000000e+00
8 	 162 	 Ey 	 1 	 1.724174e+00 	 -1.560000e+03 	 6.000000e+02 	 2.000000e+00
8 	 163 	 Ey 	 1 	 3.709152e+00 	 -1.320000e+03 	 6.000000e+02 	 2.000000e+00
8 	 164 	 Ey 	 1 	 3.971798e+00 	 -1.080000e+03 	 6.000000e+02 	 2.000000e+00
8 	 165 	 Ey 	 1 	 3.613719e+00 	 -8.400000e+02 	 6.000000e+02 	 2.000000e+00
8 	 166 	 Ey 	 1 	 4.351783e+00 	 -6.000000e+02 	 6.000000e+02 	 2.000000e+00
8 	 167 	 Ey 	 1 	 2.101298e+00 	 -3.600000e+02 	 6.000000e+02 	 2.000000e+00
8 	 168 	 Ey 	 1 	 2.432613e+00 	 -1.200000e+02 	 6.000000e+02 	 2.000000e+00
8 	 169 	 Ey 	 1 	 4.206304e+00 	 1.200000e+02 	 6.000000e+02 	 2.000000e+00
8 	 170 	 Ey 	 1 	 8.344632e+00 	 3.600000e+02 	 6.000000e+02 	 2.000000e+00
8 	 171 	 Ey 	 1 	 7.930918e+00 	 6.000000e+02 	 6.000000e+02 	 2.000000e+00
8 	 172 	 Ey 	 1 	 6.557931e+00 	 8.400000e+02 	 6.000000e+02 	 2.000000e+00
8 	 173 	 Ey 	 1 	 5.055125e+00 	 1.080000e+03 	 6.000000e+02 	 2.000000e+00
8 	 174 	 Ey 	 1 	 2.342226e+00 	 1.320000e+03 	 6.000000e+02 	 2.000000e+00
8 	 175 	 Ey 	 1 	 1.531797e+00 	 1.560000e+03 	 6.000000e+02 	 2.000000e+00
8 	 176 	 Ey 	 1 	 2.382278e+00 	 1.800000e+03 	 6.000000e+02 	 2.000000e+00
8 	 177 	 Ey 	 1 	 5.697280e-01 	 -1.800000e+03 	 8.400000e+02 	 2.000000e+00
8 	 178 	 Ey 	 1 	 1.375807e+00 	 -1.560000e+03 	 8.400000e+02 	 2.000000e+00
8 	 179 	 Ey 	 1 	 1.177784e+00 	 -1.320000e+03 	 8.400000e+02 	 2.000000e+00
8 	 180 	 Ey 	 1 	 3.120881e+00 	 -1.080000e+03 	 8.400000e+02 	 2.000000e+00
8 	 181 	 Ey 	 1 	 3.511846e+00 	 -8.400000e+02 	 8.400000e+02 	 2.000000e+00
8 	 182 	 Ey 	 1 	 2.349585e+00 	 -6.000000e+02 	 8.400000e+02 	 2.000000e+00
8 	 183 	 Ey 	 1 	 2.562969e+00 	 -3.600000e+02 	 8.400000e+02 	 2.000000e+00
8 	 184 	 Ey 	 1 	 2.605245e+00 	 -1.200000e+02 	 8.400000e+02 	 2.000000e+00
8 	 185 	 Ey 	 1 	 6.573290e+00 	 1.200000e+02 	 8.400000e+02 	 2.000000e+00
8 	 186 	 Ey 	 1 	 9.200562e+00 	 3.600000e+02 	 8.400000e+02 	 2.000000e+00
8 	 187 	 Ey 	 1 	 8.482206e+00 	 6.000000e+02 	 8.400000e+02 	 2.000000e+00
8 	 188 	 Ey 	 1 	 7.369695e+00 	 8.400000e+02 	 8.400000e+02 	 2.000000e+00
8 	 189 	 Ey 	 1 	 6.400134e+00 	 1.080000e+03 	 8.400000e+02 	 2.000000e+00
8 	 190 	 Ey 	 1 	 4.559527e+00 	 1.320000e+03 	 8.400000e+02 	 2.000000e+00
8 	 191 	 Ey 	 1 	 3.238906e+00 	 1.560000e+03 	 8.400000e+02 	 2.000000e+00
8 	 192 	 Ey 	 1 	 3.189069e+00 	 1.800000e+03 	 8.400000e+02 	 2.000000e+00
8 	 193 	 Ey 	 1 	 1.404741e+00 	 -1.800000e+03 	 1.080000e+03 	 2.000000e+00
8 	 194 	 Ey 	 1 	 1.954017e+00 	 -1.560000e+03 	 1.080000e+03 	 2.000000e+00
8 	 195 	 Ey 	 1 	 2.216416e+00 	 -1.320000e+03 	 1.080000e+03 	 2.000000e+00
8 	 196 	 Ey 	 1 	 8.785459e-01 	 -1.080000e+03 	 1.080000e+03 	 2.000000e+00
8 	 197 	 Ey 	 1 	 3.883786e-01 	 -8.400000e+02 	 1.080000e+03 	 2.000000e+00
8 	 198 	 Ey 	 1 	 5.321426e-01 	 -6.000000e+02 	 1.080000e+03 	 2.000000e+00
8 	 199 	 Ey 	 1 	 1.286065e+00 	 -3.600000e+02 	 1.080000e+03 	 2.000000e+00
8 	 200 	 Ey 	 1 	 4.162157e+00 	 -1.200000e+02 	 1.080000e+03 	 2.000000e+00
8 	 201 	 Ey 	 1 	 6.335695e+00 	 1.200000e+02 	 1.080000e+03 	 2.000000e+00
8 	 202 	 Ey 	 1 	 9.614750e+00 	 3.600000e+02 	 1.080000e+03 	 2.000000e+00
8 	 203 	 Ey 	 1 	 8.658545e+00 	 6.000000e+02 	 1.080000e+03 	 2.000000e+00
8 	 204 	 Ey 	 1 	 7.525665e+00 	 8.400000e+02 	 1.080000e+03 	 2.000000e+00
8 	 205 	 Ey 	 1 	 7.261628e+00 	 1.080000e+03 	 1.080000e+03 	 2.000000e+00
8 	 206 	 Ey 	 1 	 3.853062e+00 	 1.320000e+03 	 1.080000e+03 	 2.000000e+00
8 	 207 	 Ey 	 1 	 4.334480e+00 	 1.560000e+03 	 1.080000e+03 	 2.000000e+00
8 	 208 	 Ey 	 1 	 2.822063e+00 	 1.800000e+03 	 1.080000e+03 	 2.000000e+00
8 	 209 	 Ey 	 1 	 2.517208e+00 	 -1.800000e+03 	 1.320000e+03 	 2.000000e+00
8 	 210 	 Ey 	 1 	 9.405746e-01 	 -1.560000e+03 	 1.320000e+03 	 2.000000e+00
8 	 211 	 Ey 	 1 	 1.329391e+00 	 -1.320000e+03 	 1.320000e+03 	 2.000000e+00
8 	 212 	 Ey 	 1 	 3.009998e+00 	 -1.080000e+03 	 1.320000e+03 	 2.000000e+00
8 	 213 	 Ey 	 1 	 1.610209e+00 	 -8.400000e+02 	 1.320000e+03 	 2.000000e+00
8 	 214 	 Ey 	 1 	 2.035853e+00 	 -6.000000e+02 	 1.320000e+03 	 2.000000e+00
8 	 215 	 Ey 	 1 	 3.101518e+00 	 -3.600000e+02 	 1.320000e+03 	 2.000000e+00
8 	 216 	 Ey 	 1 	 4.326341e+00 	 -1.200000e+02 	 1.320000e+03 	 2.000000e+00
8 	 217 	 Ey 	 1 	 3.856107e+00 	 1.200000e+02 	 1.320000e+03 	 2.000000e+00
8 	 218 	 Ey 	 1 	 6.872201e+00 	 3.600000e+02 	 1.320000e+03 	 2.000000e+00
8 	 219 	 Ey 	 1 	 7.654563e+00 	 6.000000e+02 	 1.320000e+03 	 2.000000e+00
8 	 220 	 Ey 	 1 	 5.305732e+00 	 8.400000e+02 	 1.320000e+03 	 2.000000e+00
8 	 221 	 Ey 	 1 	 6.729115e+00 	 1.080000e+03 	 1.320000e+03 	 2.000000e+00
8 	 222 	 Ey 	 1 	 5.161561e+00 	 1.320000e+03 	 1.320000e+03 	 2.000000e+00
8 	 223 	 Ey 	 1 	 2.684062e+00 	 1.560000e+03 	 1.320000e+03 	 2.000000e+00
8 	 224 	 Ey 	 1 	 3.795054e+00 	 1.800000e+03 	 1.320000e+03 	 2.000000e+00
8 	 225 	 Ey 	 1 	 3.228668e+00 	 -1.800000e+03 	 1.560000e+03 	 2.000000e+00
8 	 226 	 Ey 	 1 	 2.310427e+00 	 -1.560000e+03 	 1.560000e+03 	 2.000000e+00
8 	 227 	 Ey 	 1 	 3.524646e+00 	 -1.320000e+03 	 1.560000e+03 	 2.000000e+00
8 	 228 	 Ey 	 1 	 4.335849e+00 	 -1.080000e+03 	 1.560000e+03 	 2.000000e+00
8 	 229 	 Ey 	 1 	 3.175313e+00 	 -8.400000e+02 	 1.560000e+03 	 2.000000e+00
8 	 230 	 Ey 	 1 	 1.841627e+00 	 -6.000000e+02 	 1.560000e+03 	 2.000000e+00
8 	 231 	 Ey 	 1 	 2.825295e+00 	 -3.600000e+02 	 1.560000e+03 	 2.000000e+00
8 	 232 	 Ey 	 1 	 5.996326e+00 	 -1.200000e+02 	 1.560000e+03 	 2.000000e+00
8 	 233 	 Ey 	 1 	 4.470821e+00 	 1.200000e+02 	 1.560000e+03 	 2.000000e+00
8 	 234 	 Ey 	 1 	 3.338553e+00 	 3.600000e+02 	 1.560000e+03 	 2.000000e+00
8 	 235 	 Ey 	 1 	 4.906823e+00 	 6.000000e+02 	 1.560000e+03 	 2.000000e+00
8 	 236 	 Ey 	 1 	 4.083658e+00 	 8.400000e+02 	 1.560000e+03 	 2.000000e+00
8 	 237 	 Ey 	 1 	 5.194618e+00 	 1.080000e+03 	 1.560000e+03 	 2.000000e+00
8 	 238 	 Ey 	 1 	 5.417115e+00 	 1.320000e+03 	 1.560000e+03 	 2.000000e+00
8 	 239 	 Ey 	 1 	 2.215443e+00 	 1.560000e+03 	 1.560000e+03 	 2.000000e+00
8 	 240 	 Ey 	 1 	 3.117477e+00 	 1.800000e+03 	 1.560000e+03 	 2.000000e+00
8 	 241 	 Ey 	 1 	 2.303639e+00 	 -1.800000e+03 	 1.800000e+03 	 2.000000e+00
8 	 242 	 Ey 	 1 	 3.614835e+00 	 -1.560000e+03 	 1.800000e+03 	 2.000000e+00
8 	 243 	 Ey 	 1 	 2.660983e+00 	 -1.320000e+03 	 1.800000e+03 	 2.000000e+00
8 	 244 	 Ey 	 1 	 3.639140e+00 	 -1.080000e+03 	 1.800000e+03 	 2.000000e+00
8 	 245 	 Ey 	 1 	 3.802823e+00 	 -8.400000e+02 	 1.800000e+03 	 2.000000e+00
8 	 246 	 Ey 	 1 	 3.066134e+00 	 -6.000000e+02 	 1.800000e+03 	 2.000000e+00
8 	 247 	 Ey 	 1 	 3.041081e+00 	 -3.600000e+02 	 1.800000e+03 	 2.000000e+00
8 	 248 	 Ey 	 1 	 2.593972e+00 	 -1.200000e+02 	 1.800000e+03 	 2.000000e+00
8 	 249 	 Ey 	 1 	 3.089747e+00 	 1.200000e+02 	 1.800000e+03 	 2.000000e+00
8 	 250 	 Ey 	 1 	 4.319589e+00 	 3.600000e+02 	 1.800000e+03 	 2.000000e+00
8 	 251 	 Ey 	 1 	 3.205004e+00 	 6.000000e+02 	 1.800000e+03 	 2.000000e+00
8 	 252 	 Ey 	 1 	 4.508182e+00 	 8.400000e+02 	 1.800000e+03 	 2.000000e+00
8 	 253 	 Ey 	 1 	 5.376727e+00 	 1.080000e+03 	 1.800000e+03 	 2.000000e+00
8 	 254 	 Ey 	 1 	 2.254998e+00 	 1.320000e+03 	 1.800000e+03 	 2.000000e+00
8 	 255 	 Ey 	 1 	 1.949284e+00 	 1.560000e+03 	 1.800000e+03 	 2.000000e+00
8 	 256 	 Ey 	 1 	 2.339631e+00 	 1.800000e+03 	 1.800000e+03 	 2.000000e+00
8 	 1 	 Ey 	 2 	 2.257496e+00 	 -1.800000e+03 	 -1.800000e+03 	 2.000000e+00
8 	 2 	 Ey 	 2 	 8.786274e-01 	 -1.560000e+03 	 -1.800000e+03 	 2.000000e+00
8 	 3 	 Ey 	 2 	 4.113189e-01 	 -1.320000e+03 	 -1.800000e+03 	 2.000000e+00
8 	 4 	 Ey 	 2 	 8.062994e-01 	 -1.080000e+03 	 -1.800000e+03 	 2.000000e+00
8 	 5 	 Ey 	 2 	 1.053235e+00 	 -8.400000e+02 	 -1.800000e+03 	 2.000000e+00
8 	 6 	 Ey 	 2 	 1.939017e+00 	 -6.000000e+02 	 -1.800000e+03 	 2.000000e+00
8 	 7 	 Ey 	 2 	 2.263946e+00 	 -3.600000e+02 	 -1.800000e+03 	 2.000000e+00
8 	 8 	 Ey 	 2 	 2.707105e+00 	 -1.200000e+02 	 -1.800000e+03 	 2.000000e+00
8 	 9 	 Ey 	 2 	 2.359848e+00 	 1.200000e+02 	 -1.800000e+03 	 2.000000e+00
8 	 10 	 Ey 	 2 	 1.940750e+00 	 3.600000e+02 	 -1.800000e+03 	 2.000000e+00
8 	 11 	 Ey 	 2 	 2.636422e+00 	 6.000000e+02 	 -1.800000e+03 	 2.000000e+00
8 	 12 	 Ey 	 2 	 3.709099e+00 	 8.400000e+02 	 -1.800000e+03 	 2.000000e+00
8 	 13 	 Ey 	 2 	 9.208831e-01 	 1.080000e+03 	 -1.800000e+03 	 2.000000e+00
8 	 14 	 Ey 	 2 	 1.155118e+00 	 1.320000e+03 	 -1.800000e+03 	 2.000000e+00
8 	 15 	 Ey 	 2 	 8.663520e-01 	 1.560000e+03 	 -1.800000e+03 	 2.000000e+00
8 	 16 	 Ey 	 2 	 1.075350e+00 	 1.800000e+03 	 -1.800000e+03 	 2.000000e+00
8 	 17 	 Ey 	 2 	 1.131814e+00 	 -1.800000e+03 	 -1.560000e+03 	 2.000000e+00
8 	 18 	 Ey 	 2 	 1.098669e+00 	 -1.560000e+03 	 -1.560000e+03 	 2.000000e+00
8 	 19 	 Ey 	 2 	 7.765256e-01 	 -1.320000e+03 	 -1.560000e+03 	 2.000000e+00
8 	 20 	 Ey 	 2 	 1.058653e+00 	 -1.080000e+03 	 -1.560000e+03 	 2.000000e+00
8 	 21 	 Ey 	 2 	 4.670224e-01 	 -8.400000e+02 	 -1.560000e+03 	 2.000000e+00
8 	 22 	 Ey 	 2 	 2.448194e+00 	 -6.000000e+02 	 -1.560000e+03 	 2.000000e+00
8 	 23 	 Ey 	 2 	 1.126057e+00 	 -3.600000e+02 	 -1.560000e+03 	 2.000000e+00
8 	 24 	 Ey 	 2 	 2.139775e+00 	 -1.200000e+02 	 -1.560000e+03 	 2.000000e+00
8 	 25 	 Ey 	 2 	 2.793746e+00 	 1.200000e+02 	 -1.560000e+03 	 2.000000e+00
8 	 26 	 Ey 	 2 	 3.617773e+00 	 3.600000e+02 	 -1.560000e+03 	 2.000000e+00
8 	 27 	 Ey 	 2 	 5.044173e+00 	 6.000000e+02 	 -1.560000e+03 	 2.000000e+00
8 	 28 	 Ey 	 2 	 2.435189e+00 	 8.400000e+02 	 -1.560000e+03 	 2.000000e+00
8 	 29 	 Ey 	 2 	 1.400367e+00 	 1.080000e+03 	 -1.560000e+03 	 2.000000e+00
8 	 30 	 Ey 	 2 	 2.146500e+00 	 1.320000e+03 	 -1.560000e+03 	 2.000000e+00
8 	 31 	 Ey 	 2 	 1.964195e+00 	 1.560000e+03 	 -1.560000e+03 	 2.000000e+00
8 	 32 	 Ey 	 2 	 2.806990e-01 	 1.800000e+03 	 -1.560000e+03 	 2.000000e+00
8 	 33 	 Ey 	 2 	 1.773113e+00 	 -1.800000e+03 	 -1.320000e+03 	 2.000000e+00
8 	 34 	 Ey 	 2 	 1.601278e+00 	 -1.560000e+03 	 -1.320000e+03 	 2.000000e+00
8 	 35 	 Ey 	 2 	 3.930636e-01 	 -1.320000e+03 	 -1.320000e+03 	 2.000000e+00
8 	 36 	 Ey 	 2 	 1.165231e+00 	 -1.080000e+03 	 -1.320000e+03 	 2.000000e+00
8 	 37 	 Ey 	 2 	 2.292192e+00 	 -8.400000e+02 	 -1.320000e+03 	 2.000000e+00
8 	 38 	 Ey 	 2 	 4.091358e-01 	 -6.000000e+02 	 -1.320000e+03 	 2.000000e+00
8 	 39 	 Ey 	 2 	 2.186077e+00 	 -3.600000e+02 	 -1.320000e+03 	 2.000000e+00
8 	 40 	 Ey 	 2 	 2.958088e+00 	 -1.200000e+02 	 -1.320000e+03 	 2.000000e+00
8 	 41 	 Ey 	 2 	 4.811381e+00 	 1.200000e+02 	 -1.320000e+03 	 2.000000e+00
8 	 42 	 Ey 	 2 	 5.915228e+00 	 3.600000e+02 	 -1.320000e+03 	 2.000000e+00
8 	 43 	 Ey 	 2 	 5.462356e+00 	 6.000000e+02 	 -1.320000e+03 	 2.000000e+00
8 	 44 	 Ey 	 2 	 4.342082e+00 	 8.400000e+02 	 -1.320000e+03 	 2.000000e+00
8 	 45 	 Ey 	 2 	 1.859734e+00 	 1.080000e+03 	 -1.320000e+03 	 2.000000e+00
8 	 46 	 Ey 	 2 	 5.859385e-01 	 1.320000e+03 	 -1.320000e+03 	 2.000000e+00
8 	 47 	 Ey 	 2 	 1.565992e+00 	 1.560000e+03 	 -1.320000e+03 	 2.000000e+00
8 	 48 	 Ey 	 2 	 1.045218e+00 	 1.800000e+03 	 -1.320000e+03 	 2.000000e+00
8 	 49 	 Ey 	 2 	 1.505692e+00 	 -1.800000e+03 	 -1.080000e+03 	 2.000000e+00
8 	 50 	 Ey 	 2 	 2.073591e+00 	 -1.560000e+03 	 -1.080000e+03 	 2.000000e+00
8 	 51 	 Ey 	 2 	 1.035896e+00 	 -1.320000e+03 	 -1.080000e+03 	 2.000000e+00
8 	 52 	 Ey 	 2 	 2.024899e+00 	 -1.080000e+03 	 -1.080000e+03 	 2.000000e+00
8 	 53 	 Ey 	 2 	 1.719508e+00 	 -8.400000e+02 	 -1.080000e+03 	 2.000000e+00
8 	 54 	 Ey 	 2 	 1.247451e+00 	 -6.000000e+02 	 -1.080000e+03 	 2.000000e+00
8 	 55 	 Ey 	 2 	 1.632760e+00 	 -3.600000e+02 	 -1.080000e+03 	 2.000000e+00
8 	 56 	 Ey 	 2 	 3.417312e+00 	 -1.200000e+02 	 -1.080000e+03 	 2.000000e+00
8 	 57 	 Ey 	 2 	 4.781611e+00 	 1.200000e+02 	 -1.080000e+03 	 2.000000e+00
8 	 58 	 Ey 	 2 	 4.765910e+00 	 3.600000e+02 	 -1.080000e+03 	 2.000000e+00
8 	 59 	 Ey 	 2 	 5.687270e+00 	 6.000000e+02 	 -1.080000e+03 	 2.000000e+00
8 	 60 	 Ey 	 2 	 3.629113e+00 	 8.400000e+02 	 -1.080000e+03 	 2.000000e+00
8 	 61 	 Ey 	 2 	 1.141143e+00 	 1.080000e+03 	 -1.080000e+03 	 2.000000e+00
8 	 62 	 Ey 	 2 	 1.302273e+00 	 1.320000e+03 	 -1.080000e+03 	 2.000000e+00
8 	 63 	 Ey 	 2 	 0.000000e+00 	 1.560000e+03 	 -1.080000e+03 	 2.000000e+00
8 	 64 	 Ey 	 2 	 0.000000e+00 	 1.800000e+03 	 -1.080000e+03 	 2.000000e+00
8 	 65 	 Ey 	 2 	 2.200343e+00 	 -1.800000e+03 	 -8.400000e+02 	 2.000000e+00
8 	 66 	 Ey 	 2 	 1.910974e+00 	 -1.560000e+03 	 -8.400000e+02 	 2.000000e+00
8 	 67 	 Ey 	 2 	 8.439161e-02 	 -1.320000e+03 	 -8.400000e+02 	 2.000000e+00
8 	 68 	 Ey 	 2 	 1.724543e+00 	 -1.080000e+03 	 -8.400000e+02 	 2.000000e+00
8 	 69 	 Ey 	 2 	 1.192473e+00 	 -8.400000e+02 	 -8.400000e+02 	 2.000000e+00
8 	 70 	 Ey 	 2 	 1.817167e+00 	 -6.000000e+02 	 -8.400000e+02 	 2.000000e+00
8 	 71 	 Ey 	 2 	 1.500998e+00 	 -3.600000e+02 	 -8.400000e+02 	 2.000000e+00
8 	 72 	 Ey 	 2 	 2.574373e+00 	 -1.200000e+02 	 -8.400000e+02 	 2.000000e+00
8 	 73 	 Ey 	 2 	 5.638431e+00 	 1.200000e+02 	 -8.400000e+02 	 2.000000e+00
8 	 74 	 Ey 	 2 	 6.254263e+00 	 3.600000e+02 	 -8.400000e+02 	 2.000000e+00
8 	 75 	 Ey 	 2 	 3.181706e+00 	 6.000000e+02 	 -8.400000e+02 	 2.000000e+00
8 	 76 	 Ey 	 2 	 2.213407e+00 	 8.400000e+02 	 -8.400000e+02 	 2.000000e+00
8 	 77 	 Ey 	 2 	 2.765806e+00 	 1.080000e+03 	 -8.400000e+02 	 2.000000e+00
8 	 78 	 Ey 	 2 	 0.000000e+00 	 1.320000e+03 	 -8.400000e+02 	 2.000000e+00
8 	 79 	 Ey 	 2 	 0.000000e+00 	 1.560000e+03 	 -8.400000e+02 	 2.000000e+00
8 	 80 	 Ey 	 2 	 0.000000e+00 	 1.800000e+03 	 -8.400000e+02 	 2.000000e+00
8 	 81 	 Ey 	 2 	 3.586488e+00 	 -1.800000e+03 	 -6.000000e+02 	 2.000000e+00
8 	 82 	 Ey 	 2 	 1.635677e+00 	 -1.560000e+03 	 -6.000000e+02 	 2.000000e+00
8 	 83 	 Ey 	 2 	 1.779380e+00 	 -1.320000e+03 	 -6.000000e+02 	 2.000000e+00
8 	 84 	 Ey 	 2 	 1.112166e+00 	 -1.080000e+03 	 -6.000000e+02 	 2.000000e+00
8 	 85 	 Ey 	 2 	 8.265783e-01 	 -8.400000e+02 	 -6.000000e+02 	 2.000000e+00
8 	 86 	 Ey 	 2 	 3.702924e-01 	 -6.000000e+02 	 -6.000000e+02 	 2.000000e+00
8 	 87 	 Ey 	 2 	 1.124851e+00 	 -3.600000e+02 	 -6.000000e+02 	 2.000000e+00
8 	 88 	 Ey 	 2 	 1.753353e+00 	 -1.200000e+02 	 -6.000000e+02 	 2.000000e+00
8 	 89 	 Ey 	 2 	 1.585284e+00 	 1.200000e+02 	 -6.000000e+02 	 2.000000e+00
8 	 90 	 Ey 	 2 	 2.544889e+00 	 3.600000e+02 	 -6.000000e+02 	 2.000000e+00
8 	 91 	 Ey 	 2 	 7.365901e-01 	 6.000000e+02 	 -6.000000e+02 	 2.000000e+00
8 	 92 	 Ey 	 2 	 2.260649e+00 	 8.400000e+02 	 -6.000000e+02 	 2.000000e+00
8 	 93 	 Ey 	 2 	 0.000000e+00 	 1.080000e+03 	 -6.000000e+02 	 2.000000e+00
8 	 94 	 Ey 	 2 	 0.000000e+00 	 1.320000e+03 	 -6.000000e+02 	 2.000000e+00
8 	 95 	 Ey 	 2 	 0.000000e+00 	 1.560000e+03 	 -6.000000e+02 	 2.000000e+00
8 	 96 	 Ey 	 2 	 0.000000e+00 	 1.800000e+03 	 -6.000000e+02 	 2.000000e+00
8 	 97 	 Ey 	 2 	 3.760869e+00 	 -1.800000e+03 	 -3.600000e+02 	 2.000000e+00
8 	 98 	 Ey 	 2 	 3.435381e+00 	 -1.560000e+03 	 -3.600000e+02 	 2.000000e+00
8 	 99 	 Ey 	 2 	 2.367104e+00 	 -1.320000e+03 	 -3.600000e+02 	 2.000000e+00
8 	 100 	 Ey 	 2 	 2.760432e+00 	 -1.080000e+03 	 -3.600000e+02 	 2.000000e+00
8 	 101 	 Ey 	 2 	 3.649367e-01 	 -8.400000e+02 	 -3.600000e+02 	 2.000000e+00
8 	 102 	 Ey 	 2 	 1.454735e+00 	 -6.000000e+02 	 -3.600000e+02 	 2.000000e+00
8 	 103 	 Ey 	 2 	 1.360746e+00 	 -3.600000e+02 	 -3.600000e+02 	 2.000000e+00
8 	 104 	 Ey 	 2 	 1.492858e+00 	 -1.200000e+02 	 -3.600000e+02 	 2.000000e+00
8 	 105 	 Ey 	 2 	 5.390284e-01 	 1.200000e+02 	 -3.600000e+02 	 2.000000e+00
8 	 106 	 Ey 	 2 	 2.296009e+00 	 3.600000e+02 	 -3.600000e+02 	 2.000000e+00
8 	 107 	 Ey 	 2 	 1.048837e+00 	 6.000000e+02 	 -3.600000e+02 	 2.000000e+00
8 	 108 	 Ey 	 2 	 1.636781e+00 	 8.400000e+02 	 -3.600000e+02 	 2.000000e+00
8 	 109 	 Ey 	 2 	 0.000000e+00 	 1.080000e+03 	 -3.600000e+02 	 2.000000e+00
8 	 110 	 Ey 	 2 	 0.000000e+00 	 1.320000e+03 	 -3.600000e+02 	 2.000000e+00
8 	 111 	 Ey 	 2 	 0.000000e+00 	 1.560000e+03 	 -3.600000e+02 	 2.000000e+00
8 	 112 	 Ey 	 2 	 0.000000e+00 	 1.800000e+03 	 -3.600000e+02 	 2.000000e+00
8 	 113 	 Ey 	 2 	 3.692067e+00 	 -1.800000e+03 	 -1.200000e+02 	 2.000000e+00
8 	 114 	 Ey 	 2 	 4.285748e+00 	 -1.560000e+03 	 -1.200000e+02 	 2.000000e+00
8 	 115 	 Ey 	 2 	 3.447608e+00 	 -1.320000e+03 	 -1.200000e+02 	 2.000000e+00
8 	 116 	 Ey 	 2 	 4.393082e+00 	 -1.080000e+03 	 -1.200000e+02 	 2.000000e+00
8 	 117 	 Ey 	 2 	 3.772678e+00 	 -8.400000e+02 	 -1.200000e+02 	 2.000000e+00
8 	 118 	 Ey 	 2 	 2.066518e+00 	 -6.000000e+02 	 -1.200000e+02 	 2.000000e+00
8 	 119 	 Ey 	 2 	 1.248621e+00 	 -3.600000e+02 	 -1.200000e+02 	 2.000000e+00
8 	 120 	 Ey 	 2 	 1.452849e+00 	 -1.200000e+02 	 -1.200000e+02 	 2.000000e+00
8 	 121 	 Ey 	 2 	 2.611812e+00 	 1.200000e+02 	 -1.200000e+02 	 2.000000e+00
8 	 122 	 Ey 	 2 	 2.355190e+00 	 3.600000e+02 	 -1.200000e+02 	 2.000000e+00
8 	 123 	 Ey 	 2 	 3.952208e+00 	 6.000000e+02 	 -1.200000e+02 	 2.000000e+00
8 	 124 	 Ey 	 2 	 1.348820e+00 	 8.400000e+02 	 -1.200000e+02 	 2.000000e+00
8 	 125 	 Ey 	 2 	 1.306309e+00 	 1.080000e+03 	 -1.200000e+02 	 2.000000e+00
8 	 126 	 Ey 	 2 	 0.000000e+00 	 1.320000e+03 	 -1.200000e+02 	 2.000000e+00
8 	 127 	 Ey 	 2 	 0.000000e+00 	 1.560000e+03 	 -1.200000e+02 	 2.000000e+00
8 	 128 	 Ey 	 2 	 0.000000e+00 	 1.800000e+03 	 -1.200000e+02 	 2.000000e+00
8 	 129 	 Ey 	 2 	 4.190818e+00 	 -1.800000e+03 	 1.200000e+02 	 2.000000e+00
8 	 130 	 Ey 	 2 	 4.870735e+00 	 -1.560000e+03 	 1.200000e+02 	 2.000000e+00
8 	 131 	 Ey 	 2 	 4.744509e+00 	 -1.320000e+03 	 1.200000e+02 	 2.000000e+00
8 	 132 	 Ey 	 2 	 5.652633e+00 	 -1.080000e+03 	 1.200000e+02 	 2.000000e+00
8 	 133 	 Ey 	 2 	 5.076100e+00 	 -8.400000e+02 	 1.200000e+02 	 2.000000e+00
8 	 134 	 Ey 	 2 	 3.481552e+00 	 -6.000000e+02 	 1.200000e+02 	 2.000000e+00
8 	 135 	 Ey 	 2 	 1.827690e+00 	 -3.600000e+02 	 1.200000e+02 	 2.000000e+00
8 	 136 	 Ey 	 2 	 2.049155e+00 	 -1.200000e+02 	 1.200000e+02 	 2.000000e+00
8 	 137 	 Ey 	 2 	 2.799756e+00 	 1.200000e+02 	 1.200000e+02 	 2.000000e+00
8 	 138 	 Ey 	 2 	 4.130641e+00 	 3.600000e+02 	 1.200000e+02 	 2.000000e+00
8 	 139 	 Ey 	 2 	 5.299323e+00 	 6.000000e+02 	 1.200000e+02 	 2.000000e+00
8 	 140 	 Ey 	 2 	 3.416016e+00 	 8.400000e+02 	 1.200000e+02 	 2.000000e+00
8 	 141 	 Ey 	 2 	 8.945644e-01 	 1.080000e+03 	 1.200000e+02 	 2.000000e+00
8 	 142 	 Ey 	 2 	 2.335758e+00 	 1.320000e+03 	 1.200000e+02 	 2.000000e+00
8 	 143 	 Ey 	 2 	 1.259176e+00 	 1.560000e+03 	 1.200000e+02 	 2.000000e+00
8 	 144 	 Ey 	 2 	 9.209846e-01 	 1.800000e+03 	 1.200000e+02 	 2.000000e+00
8 	 145 	 Ey 	 2 	 3.417821e+00 	 -1.800000e+03 	 3.600000e+02 	 2.000000e+00
8 	 146 	 Ey 	 2 	 6.248901e+00 	 -1.560000e+03 	 3.600000e+02 	 2.000000e+00
8 	 147 	 Ey 	 2 	 4.975254e+00 	 -1.320000e+03 	 3.600000e+02 	 2.000000e+00
8 	 148 	 Ey 	 2 	 6.942662e+00 	 -1.080000e+03 	 3.600000e+02 	 2.000000e+00
8 	 149 	 Ey 	 2 	 5.537549e+00 	 -8.400000e+02 	 3.600000e+02 	 2.000000e+00
8 	 150 	 Ey 	 2 	 3.570958e+00 	 -6.000000e+02 	 3.600000e+02 	 2.000000e+00
8 	 151 	 Ey 	 2 	 1.864072e+00 	 -3.600000e+02 	 3.600000e+02 	 2.000000e+00
8 	 152 	 Ey 	 2 	 1.806338e+00 	 -1.200000e+02 	 3.600000e+02 	 2.000000e+00
8 	 153 	 Ey 	 2 	 4.800490e+00 	 1.200000e+02 	 3.600000e+02 	 2.000000e+00
8 	 154 	 Ey 	 2 	 5.967625e+00 	 3.600000e+02 	 3.600000e+02 	 2.000000e+00
8 	 155 	 Ey 	 2 	 5.764622e+00 	 6.000000e+02 	 3.600000e+02 	 2.000000e+00
8 	 156 	 Ey 	 2 	 5.020026e+00 	 8.400000e+02 	 3.600000e+02 	 2.000000e+00
8 	 157 	 Ey 	 2 	 3.975487e+00 	 1.080000e+03 	 3.600000e+02 	 2.000000e+00
8 	 158 	 Ey 	 2 	 2.860696e+00 	 1.320000e+03 	 3.600000e+02 	 2.000000e+00
8 	 159 	 Ey 	 2 	 1.788401e+00 	 1.560000e+03 	 3.600000e+02 	 2.000000e+00
8 	 160 	 Ey 	 2 	 6.723974e-01 	 1.800000e+03 	 3.600000e+02 	 2.000000e+00
8 	 161 	 Ey 	 2 	 3.238631e+00 	 -1.800000e+03 	 6.000000e+02 	 2.000000e+00
8 	 162 	 Ey 	 2 	 4.173696e+00 	 -1.560000e+03 	 6.000000e+02 	 2.000000e+00
8 	 163 	 Ey 	 2 	 5.659193e+00 	 -1.320000e+03 	 6.000000e+02 	 2.000000e+00
8 	 164 	 Ey 	 2 	 5.540804e+00 	 -1.080000e+03 	 6.000000e+02 	 2.000000e+00
8 	 165 	 Ey 	 2 	 4.939018e+00 	 -8.400000e+02 	 6.000000e+02 	 2.000000e+00
8 	 166 	 Ey 	 2 	 4.177441e+00 	 -6.000000e+02 	 6.000000e+02 	 2.000000e+00
8 	 167 	 Ey 	 2 	 1.093809e+00 	 -3.600000e+02 	 6.000000e+02 	 2.000000e+00
8 	 168 	 Ey 	 2 	 3.519323e+00 	 -1.200000e+02 	 6.000000e+02 	 2.000000e+00
8 	 169 	 Ey 	 2 	 4.678809e+00 	 1.200000e+02 	 6.000000e+02 	 2.000000e+00
8 	 170 	 Ey 	 2 	 6.928695e+00 	 3.600000e+02 	 6.000000e+02 	 2.000000e+00
8 	 171 	 Ey 	 2 	 6.629635e+00 	 6.000000e+02 	 6.000000e+02 	 2.000000e+00
8 	 172 	 Ey 	 2 	 5.987870e+00 	 8.400000e+02 	 6.000000e+02 	 2.000000e+00
8 	 173 	 Ey 	 2 	 4.446373e+00 	 1.080000e+03 	 6.000000e+02 	 2.000000e+00
8 	 174 	 Ey 	 2 	 2.788106e+00 	 1.320000e+03 	 6.000000e+02 	 2.000000e+00
8 	 175 	 Ey 	 2 	 9.328657e-01 	 1.560000e+03 	 6.000000e+02 	 2.000000e+00
8 	 176 	 Ey 	 2 	 2.042814e+00 	 1.800000e+03 	 6.000000e+02 	 2.000000e+00
8 	 177 	 Ey 	 2 	 2.631757e+00 	 -1.800000e+03 	 8.400000e+02 	 2.000000e+00
8 	 178 	 Ey 	 2 	 3.537000e+00 	 -1.560000e+03 	 8.400000e+02 	 2.000000e+00
8 	 179 	 Ey 	 2 	 4.409290e+00 	 -1.320000e+03 	 8.400000e+02 	 2.000000e+00
8 	 180 	 Ey 	 2 	 5.084172e+00 	 -1.080000e+03 	 8.400000e+02 	 2.000000e+00
8 	 181 	 Ey 	 2 	 4.478214e+00 	 -8.400000e+02 	 8.400000e+02 	 2.000000e+00
8 	 182 	 Ey 	 2 	 2.061511e+00 	 -6.000000e+02 	 8.400000e+02 	 2.000000e+00
8 	 183 	 Ey 	 2 	 2.085699e+00 	 -3.600000e+02 	 8.400000e+02 	 2.000000e+00
8 	 184 	 Ey 	 2 	 3.264503e+00 	 -1.200000e+02 	 8.400000e+02 	 2.000000e+00
8 	 185 	 Ey 	 2 	 4.860181e+00 	 1.200000e+02 	 8.400000e+02 	 2.000000e+00
8 	 186 	 Ey 	 2 	 8.353780e+00 	 3.600000e+02 	 8.400000e+02 	 2.000000e+00
8 	 187 	 Ey 	 2 	 9.124311e+00 	 6.000000e+02 	 8.400000e+02 	 2.000000e+00
8 	 188 	 Ey 	 2 	 6.751184e+00 	 8.400000e+02 	 8.400000e+02 	 2.000000e+00
8 	 189 	 Ey 	 2 	 5.093029e+00 	 1.080000e+03 	 8.400000e+02 	 2.000000e+00
8 	 190 	 Ey 	 2 	 4.251583e+00 	 1.320000e+03 	 8.400000e+02 	 2.000000e+00
8 	 191 	 Ey 	 2 	 2.333216e+00 	 1.560000e+03 	 8.400000e+02 	 2.000000e+00
8 	 192 	 Ey 	 2 	 1.282877e+00 	 1.800000e+03 	 8.400000e+02 	 2.000000e+00
8 	 193 	 Ey 	 2 	 2.802181e-01 	 -1.800000e+03 	 1.080000e+03 	 2.000000e+00
8 	 194 	 Ey 	 2 	 2.811356e+00 	 -1.560000e+03 	 1.080000e+03 	 2.000000e+00
8 	 195 	 Ey 	 2 	 2.341460e+00 	 -1.320000e+03 	 1.080000e+03 	 2.000000e+00
8 	 196 	 Ey 	 2 	 1.690865e+00 	 -1.080000e+03 	 1.080000e+03 	 2.000000e+00
8 	 197 	 Ey 	 2 	 7.619894e-01 	 -8.400000e+02 	 1.080000e+03 	 2.000000e+00
8 	 198 	 Ey 	 2 	 9.692845e-01 	 -6.000000e+02 	 1.080000e+03 	 2.000000e+00
8 	 199 	 Ey 	 2 	 2.171589e+00 	 -3.600000e+02 	 1.080000e+03 	 2.000000e+00
8 	 200 	 Ey 	 2 	 5.111985e+00 	 -1.200000e+02 	 1.080000e+03 	 2.000000e+00
8 	 201 	 Ey 	 2 	 6.864128e+00 	 1.200000e+02 	 1.080000e+03 	 2.000000e+00
8 	 202 	 Ey 	 2 	 7.371943e+00 	 3.600000e+02 	 1.080000e+03 	 2.000000e+00
8 	 203 	 Ey 	 2 	 8.412264e+00 	 6.000000e+02 	 1.080000e+03 	 2.000000e+00
8 	 204 	 Ey 	 2 	 5.544669e+00 	 8.400000e+02 	 1.080000e+03 	 2.000000e+00
8 	 205 	 Ey 	 2 	 4.031000e+00 	 1.080000e+03 	 1.080000e+03 	 2.000000e+00
8 	 206 	 Ey 	 2 	 3.445757e+00 	 1.320000e+03 	 1.080000e+03 	 2.000000e+00
8 	 207 	 Ey 	 2 	 1.083443e+00 	 1.560000e+03 	 1.080000e+03 	 2.000000e+00
8 	 208 	 Ey 	 2 	 8.750904e-01 	 1.800000e+03 	 1.080000e+03 	 2.000000e+00
8 	 209 	 Ey 	 2 	 1.151806e+00 	 -1.800000e+03 	 1.320000e+03 	 2.000000e+00
8 	 210 	 Ey 	 2 	 3.729920e-01 	 -1.560000e+03 	 1.320000e+03 	 2.000000e+00
8 	 211 	 Ey 	 2 	 1.600901e+00 	 -1.320000e+03 	 1.320000e+03 	 2.000000e+00
8 	 212 	 Ey 	 2 	 2.905702e+00 	 -1.080000e+03 	 1.320000e+03 	 2.000000e+00
8 	 213 	 Ey 	 2 	 2.184721e+00 	 -8.400000e+02 	 1.320000e+03 	 2.000000e+00
8 	 214 	 Ey 	 2 	 2.318134e+00 	 -6.000000e+02 	 1.320000e+03 	 2.000000e+00
8 	 215 	 Ey 	 2 	 3.859828e+00 	 -3.600000e+02 	 1.320000e+03 	 2.000000e+00
8 	 216 	 Ey 	 2 	 5.611772e+00 	 -1.200000e+02 	 1.320000e+03 	 2.000000e+00
8 	 217 	 Ey 	 2 	 4.688671e+00 	 1.200000e+02 	 1.320000e+03 	 2.000000e+00
8 	 218 	 Ey 	 2 	 5.849034e+00 	 3.600000e+02 	 1.320000e+03 	 2.000000e+00
8 	 219 	 Ey 	 2 	 5.286799e+00 	 6.000000e+02 	 1.320000e+03 	 2.000000e+00
8 	 220 	 Ey 	 2 	 5.007137e+00 	 8.400000e+02 	 1.320000e+03 	 2.000000e+00
8 	 221 	 Ey 	 2 	 2.843155e+00 	 1.080000e+03 	 1.320000e+03 	 2.000000e+00
8 	 222 	 Ey 	 2 	 2.396624e+00 	 1.320000e+03 	 1.320000e+03 	 2.000000e+00
8 	 223 	 Ey 	 2 	 2.440738e+00 	 1.560000e+03 	 1.320000e+03 	 2.000000e+00
8 	 224 	 Ey 	 2 	 2.108924e+00 	 1.800000e+03 	 1.320000e+03 	 2.000000e+00
8 	 225 	 Ey 	 2 	 8.310235e-01 	 -1.800000e+03 	 1.560000e+03 	 2.000000e+00
8 	 226 	 Ey 	 2 	 7.514908e-01 	 -1.560000e+03 	 1.560000e+03 	 2.000000e+00
8 	 227 	 Ey 	 2 	 3.046196e+00 	 -1.320000e+03 	 1.560000e+03 	 2.000000e+00
8 	 228 	 Ey 	 2 	 1.071638e+00 	 -1.080000e+03 	 1.560000e+03 	 2.000000e+00
8 	 229 	 Ey 	 2 	 2.664788e+00 	 -8.400000e+02 	 1.560000e+03 	 2.000000e+00
8 	 230 	 Ey 	 2 	 3.238687e+00 	 -6.000000e+02 	 1.560000e+03 	 2.000000e+00
8 	 231 	 Ey 	 2 	 4.030000e+00 	 -3.600000e+02 	 1.560000e+03 	 2.000000e+00
8 	 232 	 Ey 	 2 	 4.381973e+00 	 -1.200000e+02 	 1.560000e+03 	 2.000000e+00
8 	 233 	 Ey 	 2 	 3.675241e+00 	 1.200000e+02 	 1.560000e+03 	 2.000000e+00
8 	 234 	 Ey 	 2 	 2.986929e+00 	 3.600000e+02 	 1.560000e+03 	 2.000000e+00
8 	 235 	 Ey 	 2 	 2.742075e+00 	 6.000000e+02 	 1.560000e+03 	 2.000000e+00
8 	 236 	 Ey 	 2 	 2.462374e+00 	 8.400000e+02 	 1.560000e+03 	 2.000000e+00
8 	 237 	 Ey 	 2 	 4.255280e+00 	 1.080000e+03 	 1.560000e+03 	 2.000000e+00
8 	 238 	 Ey 	 2 	 2.832652e+00 	 1.320000e+03 	 1.560000e+03 	 2.000000e+00
8 	 239 	 Ey 	 2 	 1.335328e+00 	 1.560000e+03 	 1.560000e+03 	 2.000000e+00
8 	 240 	 Ey 	 2 	 1.299997e+00 	 1.800000e+03 	 1.560000e+03 	 2.000000e+00
8 	 241 	 Ey 	 2 	 1.416014e+00 	 -1.800000e+03 	 1.800000e+03 	 2.000000e+00
8 	 242 	 Ey 	 2 	 1.333973e+00 	 -1.560000e+03 	 1.800000e+03 	 2.000000e+00
8 	 243 	 Ey 	 2 	 1.160993e+00 	 -1.320000e+03 	 1.800000e+03 	 2.000000e+00
8 	 244 	 Ey 	 2 	 1.788183e+00 	 -1.080000e+03 	 1.800000e+03 	 2.000000e+00
8 	 245 	 Ey 	 2 	 2.301084e+00 	 -8.400000e+02 	 1.800000e+03 	 2.000000e+00
8 	 246 	 Ey 	 2 	 2.462954e+00 	 -6.000000e+02 	 1.800000e+03 	 2.000000e+00
8 	 247 	 Ey 	 2 	 2.651773e+00 	 -3.600000e+02 	 1.800000e+03 	 2.000000e+00
8 	 248 	 Ey 	 2 	 2.098903e+00 	 -1.200000e+02 	 1.800000e+03 	 2.000000e+00
8 	 249 	 Ey 	 2 	 2.649172e+00 	 1.200000e+02 	 1.800000e+03 	 2.000000e+00
8 	 250 	 Ey 	 2 	 1.892143e+00 	 3.600000e+02 	 1.800000e+03 	 2.000000e+00
8 	 251 	 Ey 	 2 	 2.771589e+00 	 6.000000e+02 	 1.800000e+03 	 2.000000e+00
8 	 252 	 Ey 	 2 	 2.557387e+00 	 8.400000e+02 	 1.800000e+03 	 2.000000e+00
8 	 253 	 Ey 	 2 	 1.739100e+00 	 1.080000e+03 	 1.800000e+03 	 2.000000e+00
8 	 254 	 Ey 	 2 	 2.823775e+00 	 1.320000e+03 	 1.800000e+03 	 2.000000e+00
8 	 255 	 Ey 	 2 	 1.528251e+00 	 1.560000e+03 	 1.800000e+03 	 2.000000e+00
8 	 256 	 Ey 	 2 	 1.379773e+00 	 1.800000e+03 	 1.800000e+03 	 2.000000e+00
