iTx 	 iRx    ichrec  ifreq 	 sig_misfit   x       y      z
11 	 1 	 Ex 	 1 	 4.276239e+00 	 -1.800000e+03 	 -1.800000e+03 	 2.000000e+00
11 	 2 	 Ex 	 1 	 5.486537e+00 	 -1.560000e+03 	 -1.800000e+03 	 2.000000e+00
11 	 3 	 Ex 	 1 	 3.438917e+00 	 -1.320000e+03 	 -1.800000e+03 	 2.000000e+00
11 	 4 	 Ex 	 1 	 1.376657e+00 	 -1.080000e+03 	 -1.800000e+03 	 2.000000e+00
11 	 5 	 Ex 	 1 	 1.903209e+00 	 -8.400000e+02 	 -1.800000e+03 	 2.000000e+00
11 	 6 	 Ex 	 1 	 2.754306e+00 	 -6.000000e+02 	 -1.800000e+03 	 2.000000e+00
11 	 7 	 Ex 	 1 	 4.749628e+00 	 -3.600000e+02 	 -1.800000e+03 	 2.000000e+00
11 	 8 	 Ex 	 1 	 7.334223e+00 	 -1.200000e+02 	 -1.800000e+03 	 2.000000e+00
11 	 9 	 Ex 	 1 	 1.005142e+01 	 1.200000e+02 	 -1.800000e+03 	 2.000000e+00
11 	 10 	 Ex 	 1 	 9.214719e+00 	 3.600000e+02 	 -1.800000e+03 	 2.000000e+00
11 	 11 	 Ex 	 1 	 9.864399e+00 	 6.000000e+02 	 -1.800000e+03 	 2.000000e+00
11 	 12 	 Ex 	 1 	 8.866654e+00 	 8.400000e+02 	 -1.800000e+03 	 2.000000e+00
11 	 13 	 Ex 	 1 	 5.634049e+00 	 1.080000e+03 	 -1.800000e+03 	 2.000000e+00
11 	 14 	 Ex 	 1 	 7.400221e+00 	 1.320000e+03 	 -1.800000e+03 	 2.000000e+00
11 	 15 	 Ex 	 1 	 2.807257e+00 	 1.560000e+03 	 -1.800000e+03 	 2.000000e+00
11 	 16 	 Ex 	 1 	 3.615350e+00 	 1.800000e+03 	 -1.800000e+03 	 2.000000e+00
11 	 17 	 Ex 	 1 	 4.779513e+00 	 -1.800000e+03 	 -1.560000e+03 	 2.000000e+00
11 	 18 	 Ex 	 1 	 4.700995e+00 	 -1.560000e+03 	 -1.560000e+03 	 2.000000e+00
11 	 19 	 Ex 	 1 	 4.507969e+00 	 -1.320000e+03 	 -1.560000e+03 	 2.000000e+00
11 	 20 	 Ex 	 1 	 3.632781e+00 	 -1.080000e+03 	 -1.560000e+03 	 2.000000e+00
11 	 21 	 Ex 	 1 	 4.294307e-01 	 -8.400000e+02 	 -1.560000e+03 	 2.000000e+00
11 	 22 	 Ex 	 1 	 3.087391e+00 	 -6.000000e+02 	 -1.560000e+03 	 2.000000e+00
11 	 23 	 Ex 	 1 	 5.420269e+00 	 -3.600000e+02 	 -1.560000e+03 	 2.000000e+00
11 	 24 	 Ex 	 1 	 5.953777e+00 	 -1.200000e+02 	 -1.560000e+03 	 2.000000e+00
11 	 25 	 Ex 	 1 	 8.786425e+00 	 1.200000e+02 	 -1.560000e+03 	 2.000000e+00
11 	 26 	 Ex 	 1 	 9.058828e+00 	 3.600000e+02 	 -1.560000e+03 	 2.000000e+00
11 	 27 	 Ex 	 1 	 9.503356e+00 	 6.000000e+02 	 -1.560000e+03 	 2.000000e+00
11 	 28 	 Ex 	 1 	 7.809559e+00 	 8.400000e+02 	 -1.560000e+03 	 2.000000e+00
11 	 29 	 Ex 	 1 	 7.385962e+00 	 1.080000e+03 	 -1.560000e+03 	 2.000000e+00
11 	 30 	 Ex 	 1 	 5.381674e+00 	 1.320000e+03 	 -1.560000e+03 	 2.000000e+00
11 	 31 	 Ex 	 1 	 2.534949e+00 	 1.560000e+03 	 -1.560000e+03 	 2.000000e+00
11 	 32 	 Ex 	 1 	 3.315070e+00 	 1.800000e+03 	 -1.560000e+03 	 2.000000e+00
11 	 33 	 Ex 	 1 	 7.260415e+00 	 -1.800000e+03 	 -1.320000e+03 	 2.000000e+00
11 	 34 	 Ex 	 1 	 5.441029e+00 	 -1.560000e+03 	 -1.320000e+03 	 2.000000e+00
11 	 35 	 Ex 	 1 	 4.407618e+00 	 -1.320000e+03 	 -1.320000e+03 	 2.000000e+00
11 	 36 	 Ex 	 1 	 4.243355e+00 	 -1.080000e+03 	 -1.320000e+03 	 2.000000e+00
11 	 37 	 Ex 	 1 	 1.725466e+00 	 -8.400000e+02 	 -1.320000e+03 	 2.000000e+00
11 	 38 	 Ex 	 1 	 2.322733e+00 	 -6.000000e+02 	 -1.320000e+03 	 2.000000e+00
11 	 39 	 Ex 	 1 	 5.113599e+00 	 -3.600000e+02 	 -1.320000e+03 	 2.000000e+00
11 	 40 	 Ex 	 1 	 6.779121e+00 	 -1.200000e+02 	 -1.320000e+03 	 2.000000e+00
11 	 41 	 Ex 	 1 	 9.758164e+00 	 1.200000e+02 	 -1.320000e+03 	 2.000000e+00
11 	 42 	 Ex 	 1 	 9.272098e+00 	 3.600000e+02 	 -1.320000e+03 	 2.000000e+00
11 	 43 	 Ex 	 1 	 1.008035e+01 	 6.000000e+02 	 -1.320000e+03 	 2.000000e+00
11 	 44 	 Ex 	 1 	 7.297715e+00 	 8.400000e+02 	 -1.320000e+03 	 2.000000e+00
11 	 45 	 Ex 	 1 	 4.978568e+00 	 1.080000e+03 	 -1.320000e+03 	 2.000000e+00
11 	 46 	 Ex 	 1 	 4.462635e+00 	 1.320000e+03 	 -1.320000e+03 	 2.000000e+00
11 	 47 	 Ex 	 1 	 2.988054e+00 	 1.560000e+03 	 -1.320000e+03 	 2.000000e+00
11 	 48 	 Ex 	 1 	 3.042010e+00 	 1.800000e+03 	 -1.320000e+03 	 2.000000e+00
11 	 49 	 Ex 	 1 	 7.606446e+00 	 -1.800000e+03 	 -1.080000e+03 	 2.000000e+00
11 	 50 	 Ex 	 1 	 5.522690e+00 	 -1.560000e+03 	 -1.080000e+03 	 2.000000e+00
11 	 51 	 Ex 	 1 	 3.313442e+00 	 -1.320000e+03 	 -1.080000e+03 	 2.000000e+00
11 	 52 	 Ex 	 1 	 3.408591e+00 	 -1.080000e+03 	 -1.080000e+03 	 2.000000e+00
11 	 53 	 Ex 	 1 	 6.059024e-01 	 -8.400000e+02 	 -1.080000e+03 	 2.000000e+00
11 	 54 	 Ex 	 1 	 1.574516e+00 	 -6.000000e+02 	 -1.080000e+03 	 2.000000e+00
11 	 55 	 Ex 	 1 	 3.625316e+00 	 -3.600000e+02 	 -1.080000e+03 	 2.000000e+00
11 	 56 	 Ex 	 1 	 6.116334e+00 	 -1.200000e+02 	 -1.080000e+03 	 2.000000e+00
11 	 57 	 Ex 	 1 	 6.996929e+00 	 1.200000e+02 	 -1.080000e+03 	 2.000000e+00
11 	 58 	 Ex 	 1 	 7.963415e+00 	 3.600000e+02 	 -1.080000e+03 	 2.000000e+00
11 	 59 	 Ex 	 1 	 8.858728e+00 	 6.000000e+02 	 -1.080000e+03 	 2.000000e+00
11 	 60 	 Ex 	 1 	 5.849090e+00 	 8.400000e+02 	 -1.080000e+03 	 2.000000e+00
11 	 61 	 Ex 	 1 	 3.894521e+00 	 1.080000e+03 	 -1.080000e+03 	 2.000000e+00
11 	 62 	 Ex 	 1 	 3.264254e+00 	 1.320000e+03 	 -1.080000e+03 	 2.000000e+00
11 	 63 	 Ex 	 1 	 2.427645e+00 	 1.560000e+03 	 -1.080000e+03 	 2.000000e+00
11 	 64 	 Ex 	 1 	 2.549084e+00 	 1.800000e+03 	 -1.080000e+03 	 2.000000e+00
11 	 65 	 Ex 	 1 	 6.996617e+00 	 -1.800000e+03 	 -8.400000e+02 	 2.000000e+00
11 	 66 	 Ex 	 1 	 4.983194e+00 	 -1.560000e+03 	 -8.400000e+02 	 2.000000e+00
11 	 67 	 Ex 	 1 	 3.629775e+00 	 -1.320000e+03 	 -8.400000e+02 	 2.000000e+00
11 	 68 	 Ex 	 1 	 2.760700e+00 	 -1.080000e+03 	 -8.400000e+02 	 2.000000e+00
11 	 69 	 Ex 	 1 	 2.508813e+00 	 -8.400000e+02 	 -8.400000e+02 	 2.000000e+00
11 	 70 	 Ex 	 1 	 2.131768e+00 	 -6.000000e+02 	 -8.400000e+02 	 2.000000e+00
11 	 71 	 Ex 	 1 	 1.695505e+00 	 -3.600000e+02 	 -8.400000e+02 	 2.000000e+00
11 	 72 	 Ex 	 1 	 5.187201e+00 	 -1.200000e+02 	 -8.400000e+02 	 2.000000e+00
11 	 73 	 Ex 	 1 	 6.813048e+00 	 1.200000e+02 	 -8.400000e+02 	 2.000000e+00
11 	 74 	 Ex 	 1 	 8.114261e+00 	 3.600000e+02 	 -8.400000e+02 	 2.000000e+00
11 	 75 	 Ex 	 1 	 8.998254e+00 	 6.000000e+02 	 -8.400000e+02 	 2.000000e+00
11 	 76 	 Ex 	 1 	 6.266051e+00 	 8.400000e+02 	 -8.400000e+02 	 2.000000e+00
11 	 77 	 Ex 	 1 	 1.864481e+00 	 1.080000e+03 	 -8.400000e+02 	 2.000000e+00
11 	 78 	 Ex 	 1 	 1.752333e+00 	 1.320000e+03 	 -8.400000e+02 	 2.000000e+00
11 	 79 	 Ex 	 1 	 3.441471e+00 	 1.560000e+03 	 -8.400000e+02 	 2.000000e+00
11 	 80 	 Ex 	 1 	 2.484917e+00 	 1.800000e+03 	 -8.400000e+02 	 2.000000e+00
11 	 81 	 Ex 	 1 	 4.834062e+00 	 -1.800000e+03 	 -6.000000e+02 	 2.000000e+00
11 	 82 	 Ex 	 1 	 5.388971e+00 	 -1.560000e+03 	 -6.000000e+02 	 2.000000e+00
11 	 83 	 Ex 	 1 	 1.373731e+00 	 -1.320000e+03 	 -6.000000e+02 	 2.000000e+00
11 	 84 	 Ex 	 1 	 2.706432e+00 	 -1.080000e+03 	 -6.000000e+02 	 2.000000e+00
11 	 85 	 Ex 	 1 	 3.388623e+00 	 -8.400000e+02 	 -6.000000e+02 	 2.000000e+00
11 	 86 	 Ex 	 1 	 3.830949e+00 	 -6.000000e+02 	 -6.000000e+02 	 2.000000e+00
11 	 87 	 Ex 	 1 	 2.238364e+00 	 -3.600000e+02 	 -6.000000e+02 	 2.000000e+00
11 	 88 	 Ex 	 1 	 3.042179e+00 	 -1.200000e+02 	 -6.000000e+02 	 2.000000e+00
11 	 89 	 Ex 	 1 	 4.050939e+00 	 1.200000e+02 	 -6.000000e+02 	 2.000000e+00
11 	 90 	 Ex 	 1 	 7.701963e+00 	 3.600000e+02 	 -6.000000e+02 	 2.000000e+00
11 	 91 	 Ex 	 1 	 6.576808e+00 	 6.000000e+02 	 -6.000000e+02 	 2.000000e+00
11 	 92 	 Ex 	 1 	 4.539059e+00 	 8.400000e+02 	 -6.000000e+02 	 2.000000e+00
11 	 93 	 Ex 	 1 	 7.023034e-01 	 1.080000e+03 	 -6.000000e+02 	 2.000000e+00
11 	 94 	 Ex 	 1 	 1.855883e+00 	 1.320000e+03 	 -6.000000e+02 	 2.000000e+00
11 	 95 	 Ex 	 1 	 3.775802e+00 	 1.560000e+03 	 -6.000000e+02 	 2.000000e+00
11 	 96 	 Ex 	 1 	 4.313194e+00 	 1.800000e+03 	 -6.000000e+02 	 2.000000e+00
11 	 97 	 Ex 	 1 	 3.127188e+00 	 -1.800000e+03 	 -3.600000e+02 	 2.000000e+00
11 	 98 	 Ex 	 1 	 8.486524e-01 	 -1.560000e+03 	 -3.600000e+02 	 2.000000e+00
11 	 99 	 Ex 	 1 	 1.849958e+00 	 -1.320000e+03 	 -3.600000e+02 	 2.000000e+00
11 	 100 	 Ex 	 1 	 4.599942e+00 	 -1.080000e+03 	 -3.600000e+02 	 2.000000e+00
11 	 101 	 Ex 	 1 	 5.299557e+00 	 -8.400000e+02 	 -3.600000e+02 	 2.000000e+00
11 	 102 	 Ex 	 1 	 3.238995e+00 	 -6.000000e+02 	 -3.600000e+02 	 2.000000e+00
11 	 103 	 Ex 	 1 	 8.937408e-01 	 -3.600000e+02 	 -3.600000e+02 	 2.000000e+00
11 	 104 	 Ex 	 1 	 4.140242e-01 	 -1.200000e+02 	 -3.600000e+02 	 2.000000e+00
11 	 105 	 Ex 	 1 	 2.365136e+00 	 1.200000e+02 	 -3.600000e+02 	 2.000000e+00
11 	 106 	 Ex 	 1 	 3.667210e+00 	 3.600000e+02 	 -3.600000e+02 	 2.000000e+00
11 	 107 	 Ex 	 1 	 4.881775e+00 	 6.000000e+02 	 -3.600000e+02 	 2.000000e+00
11 	 108 	 Ex 	 1 	 2.794630e+00 	 8.400000e+02 	 -3.600000e+02 	 2.000000e+00
11 	 109 	 Ex 	 1 	 1.345713e+00 	 1.080000e+03 	 -3.600000e+02 	 2.000000e+00
11 	 110 	 Ex 	 1 	 4.781363e+00 	 1.320000e+03 	 -3.600000e+02 	 2.000000e+00
11 	 111 	 Ex 	 1 	 4.772100e+00 	 1.560000e+03 	 -3.600000e+02 	 2.000000e+00
11 	 112 	 Ex 	 1 	 5.410869e+00 	 1.800000e+03 	 -3.600000e+02 	 2.000000e+00
11 	 113 	 Ex 	 1 	 2.934618e+00 	 -1.800000e+03 	 -1.200000e+02 	 2.000000e+00
11 	 114 	 Ex 	 1 	 6.468729e-01 	 -1.560000e+03 	 -1.200000e+02 	 2.000000e+00
11 	 115 	 Ex 	 1 	 3.550301e+00 	 -1.320000e+03 	 -1.200000e+02 	 2.000000e+00
11 	 116 	 Ex 	 1 	 5.698616e+00 	 -1.080000e+03 	 -1.200000e+02 	 2.000000e+00
11 	 117 	 Ex 	 1 	 6.777328e+00 	 -8.400000e+02 	 -1.200000e+02 	 2.000000e+00
11 	 118 	 Ex 	 1 	 5.577220e+00 	 -6.000000e+02 	 -1.200000e+02 	 2.000000e+00
11 	 119 	 Ex 	 1 	 1.726081e+00 	 -3.600000e+02 	 -1.200000e+02 	 2.000000e+00
11 	 120 	 Ex 	 1 	 1.719588e+00 	 -1.200000e+02 	 -1.200000e+02 	 2.000000e+00
11 	 121 	 Ex 	 1 	 8.628017e-02 	 1.200000e+02 	 -1.200000e+02 	 2.000000e+00
11 	 122 	 Ex 	 1 	 2.801131e+00 	 3.600000e+02 	 -1.200000e+02 	 2.000000e+00
11 	 123 	 Ex 	 1 	 3.797168e+00 	 6.000000e+02 	 -1.200000e+02 	 2.000000e+00
11 	 124 	 Ex 	 1 	 1.997296e+00 	 8.400000e+02 	 -1.200000e+02 	 2.000000e+00
11 	 125 	 Ex 	 1 	 1.891500e+00 	 1.080000e+03 	 -1.200000e+02 	 2.000000e+00
11 	 126 	 Ex 	 1 	 2.592284e+00 	 1.320000e+03 	 -1.200000e+02 	 2.000000e+00
11 	 127 	 Ex 	 1 	 5.353064e+00 	 1.560000e+03 	 -1.200000e+02 	 2.000000e+00
11 	 128 	 Ex 	 1 	 6.292078e+00 	 1.800000e+03 	 -1.200000e+02 	 2.000000e+00
11 	 129 	 Ex 	 1 	 2.253733e+00 	 -1.800000e+03 	 1.200000e+02 	 2.000000e+00
11 	 130 	 Ex 	 1 	 3.597201e+00 	 -1.560000e+03 	 1.200000e+02 	 2.000000e+00
11 	 131 	 Ex 	 1 	 6.085894e+00 	 -1.320000e+03 	 1.200000e+02 	 2.000000e+00
11 	 132 	 Ex 	 1 	 6.899316e+00 	 -1.080000e+03 	 1.200000e+02 	 2.000000e+00
11 	 133 	 Ex 	 1 	 6.194584e+00 	 -8.400000e+02 	 1.200000e+02 	 2.000000e+00
11 	 134 	 Ex 	 1 	 4.053918e+00 	 -6.000000e+02 	 1.200000e+02 	 2.000000e+00
11 	 135 	 Ex 	 1 	 1.036411e+00 	 -3.600000e+02 	 1.200000e+02 	 2.000000e+00
11 	 136 	 Ex 	 1 	 1.490605e+00 	 -1.200000e+02 	 1.200000e+02 	 2.000000e+00
11 	 137 	 Ex 	 1 	 0.000000e+00 	 1.200000e+02 	 1.200000e+02 	 2.000000e+00
11 	 138 	 Ex 	 1 	 0.000000e+00 	 3.600000e+02 	 1.200000e+02 	 2.000000e+00
11 	 139 	 Ex 	 1 	 0.000000e+00 	 6.000000e+02 	 1.200000e+02 	 2.000000e+00
11 	 140 	 Ex 	 1 	 0.000000e+00 	 8.400000e+02 	 1.200000e+02 	 2.000000e+00
11 	 141 	 Ex 	 1 	 1.039769e+00 	 1.080000e+03 	 1.200000e+02 	 2.000000e+00
11 	 142 	 Ex 	 1 	 3.388569e+00 	 1.320000e+03 	 1.200000e+02 	 2.000000e+00
11 	 143 	 Ex 	 1 	 4.705371e+00 	 1.560000e+03 	 1.200000e+02 	 2.000000e+00
11 	 144 	 Ex 	 1 	 6.447364e+00 	 1.800000e+03 	 1.200000e+02 	 2.000000e+00
11 	 145 	 Ex 	 1 	 1.260335e+00 	 -1.800000e+03 	 3.600000e+02 	 2.000000e+00
11 	 146 	 Ex 	 1 	 2.709083e+00 	 -1.560000e+03 	 3.600000e+02 	 2.000000e+00
11 	 147 	 Ex 	 1 	 6.786759e+00 	 -1.320000e+03 	 3.600000e+02 	 2.000000e+00
11 	 148 	 Ex 	 1 	 8.721914e+00 	 -1.080000e+03 	 3.600000e+02 	 2.000000e+00
11 	 149 	 Ex 	 1 	 6.397767e+00 	 -8.400000e+02 	 3.600000e+02 	 2.000000e+00
11 	 150 	 Ex 	 1 	 4.265373e+00 	 -6.000000e+02 	 3.600000e+02 	 2.000000e+00
11 	 151 	 Ex 	 1 	 2.088932e-01 	 -3.600000e+02 	 3.600000e+02 	 2.000000e+00
11 	 152 	 Ex 	 1 	 1.950069e+00 	 -1.200000e+02 	 3.600000e+02 	 2.000000e+00
11 	 153 	 Ex 	 1 	 0.000000e+00 	 1.200000e+02 	 3.600000e+02 	 2.000000e+00
11 	 154 	 Ex 	 1 	 0.000000e+00 	 3.600000e+02 	 3.600000e+02 	 2.000000e+00
11 	 155 	 Ex 	 1 	 0.000000e+00 	 6.000000e+02 	 3.600000e+02 	 2.000000e+00
11 	 156 	 Ex 	 1 	 0.000000e+00 	 8.400000e+02 	 3.600000e+02 	 2.000000e+00
11 	 157 	 Ex 	 1 	 0.000000e+00 	 1.080000e+03 	 3.600000e+02 	 2.000000e+00
11 	 158 	 Ex 	 1 	 2.966001e+00 	 1.320000e+03 	 3.600000e+02 	 2.000000e+00
11 	 159 	 Ex 	 1 	 4.391705e+00 	 1.560000e+03 	 3.600000e+02 	 2.000000e+00
11 	 160 	 Ex 	 1 	 3.933967e+00 	 1.800000e+03 	 3.600000e+02 	 2.000000e+00
11 	 161 	 Ex 	 1 	 2.104209e+00 	 -1.800000e+03 	 6.000000e+02 	 2.000000e+00
11 	 162 	 Ex 	 1 	 3.271857e+00 	 -1.560000e+03 	 6.000000e+02 	 2.000000e+00
11 	 163 	 Ex 	 1 	 5.329697e+00 	 -1.320000e+03 	 6.000000e+02 	 2.000000e+00
11 	 164 	 Ex 	 1 	 8.022099e+00 	 -1.080000e+03 	 6.000000e+02 	 2.000000e+00
11 	 165 	 Ex 	 1 	 6.178651e+00 	 -8.400000e+02 	 6.000000e+02 	 2.000000e+00
11 	 166 	 Ex 	 1 	 3.042155e+00 	 -6.000000e+02 	 6.000000e+02 	 2.000000e+00
11 	 167 	 Ex 	 1 	 4.805530e-01 	 -3.600000e+02 	 6.000000e+02 	 2.000000e+00
11 	 168 	 Ex 	 1 	 1.019628e+00 	 -1.200000e+02 	 6.000000e+02 	 2.000000e+00
11 	 169 	 Ex 	 1 	 0.000000e+00 	 1.200000e+02 	 6.000000e+02 	 2.000000e+00
11 	 170 	 Ex 	 1 	 0.000000e+00 	 3.600000e+02 	 6.000000e+02 	 2.000000e+00
11 	 171 	 Ex 	 1 	 0.000000e+00 	 6.000000e+02 	 6.000000e+02 	 2.000000e+00
11 	 172 	 Ex 	 1 	 0.000000e+00 	 8.400000e+02 	 6.000000e+02 	 2.000000e+00
11 	 173 	 Ex 	 1 	 0.000000e+00 	 1.080000e+03 	 6.000000e+02 	 2.000000e+00
11 	 174 	 Ex 	 1 	 8.126126e-01 	 1.320000e+03 	 6.000000e+02 	 2.000000e+00
11 	 175 	 Ex 	 1 	 2.296585e+00 	 1.560000e+03 	 6.000000e+02 	 2.000000e+00
11 	 176 	 Ex 	 1 	 4.793938e+00 	 1.800000e+03 	 6.000000e+02 	 2.000000e+00
11 	 177 	 Ex 	 1 	 2.023789e+00 	 -1.800000e+03 	 8.400000e+02 	 2.000000e+00
11 	 178 	 Ex 	 1 	 3.094429e+00 	 -1.560000e+03 	 8.400000e+02 	 2.000000e+00
11 	 179 	 Ex 	 1 	 5.896734e+00 	 -1.320000e+03 	 8.400000e+02 	 2.000000e+00
11 	 180 	 Ex 	 1 	 7.075750e+00 	 -1.080000e+03 	 8.400000e+02 	 2.000000e+00
11 	 181 	 Ex 	 1 	 6.544363e+00 	 -8.400000e+02 	 8.400000e+02 	 2.000000e+00
11 	 182 	 Ex 	 1 	 2.860977e+00 	 -6.000000e+02 	 8.400000e+02 	 2.000000e+00
11 	 183 	 Ex 	 1 	 3.399867e-01 	 -3.600000e+02 	 8.400000e+02 	 2.000000e+00
11 	 184 	 Ex 	 1 	 2.055197e+00 	 -1.200000e+02 	 8.400000e+02 	 2.000000e+00
11 	 185 	 Ex 	 1 	 0.000000e+00 	 1.200000e+02 	 8.400000e+02 	 2.000000e+00
11 	 186 	 Ex 	 1 	 0.000000e+00 	 3.600000e+02 	 8.400000e+02 	 2.000000e+00
11 	 187 	 Ex 	 1 	 0.000000e+00 	 6.000000e+02 	 8.400000e+02 	 2.000000e+00
11 	 188 	 Ex 	 1 	 0.000000e+00 	 8.400000e+02 	 8.400000e+02 	 2.000000e+00
11 	 189 	 Ex 	 1 	 2.011879e+00 	 1.080000e+03 	 8.400000e+02 	 2.000000e+00
11 	 190 	 Ex 	 1 	 1.435931e+00 	 1.320000e+03 	 8.400000e+02 	 2.000000e+00
11 	 191 	 Ex 	 1 	 4.093266e+00 	 1.560000e+03 	 8.400000e+02 	 2.000000e+00
11 	 192 	 Ex 	 1 	 3.216681e+00 	 1.800000e+03 	 8.400000e+02 	 2.000000e+00
11 	 193 	 Ex 	 1 	 7.853053e-01 	 -1.800000e+03 	 1.080000e+03 	 2.000000e+00
11 	 194 	 Ex 	 1 	 1.870814e+00 	 -1.560000e+03 	 1.080000e+03 	 2.000000e+00
11 	 195 	 Ex 	 1 	 3.799807e+00 	 -1.320000e+03 	 1.080000e+03 	 2.000000e+00
11 	 196 	 Ex 	 1 	 4.737698e+00 	 -1.080000e+03 	 1.080000e+03 	 2.000000e+00
11 	 197 	 Ex 	 1 	 4.585793e+00 	 -8.400000e+02 	 1.080000e+03 	 2.000000e+00
11 	 198 	 Ex 	 1 	 3.645558e+00 	 -6.000000e+02 	 1.080000e+03 	 2.000000e+00
11 	 199 	 Ex 	 1 	 8.261929e-01 	 -3.600000e+02 	 1.080000e+03 	 2.000000e+00
11 	 200 	 Ex 	 1 	 1.588491e+00 	 -1.200000e+02 	 1.080000e+03 	 2.000000e+00
11 	 201 	 Ex 	 1 	 5.277472e-01 	 1.200000e+02 	 1.080000e+03 	 2.000000e+00
11 	 202 	 Ex 	 1 	 0.000000e+00 	 3.600000e+02 	 1.080000e+03 	 2.000000e+00
11 	 203 	 Ex 	 1 	 0.000000e+00 	 6.000000e+02 	 1.080000e+03 	 2.000000e+00
11 	 204 	 Ex 	 1 	 2.910129e+00 	 8.400000e+02 	 1.080000e+03 	 2.000000e+00
11 	 205 	 Ex 	 1 	 1.479505e+00 	 1.080000e+03 	 1.080000e+03 	 2.000000e+00
11 	 206 	 Ex 	 1 	 2.768443e+00 	 1.320000e+03 	 1.080000e+03 	 2.000000e+00
11 	 207 	 Ex 	 1 	 3.418019e+00 	 1.560000e+03 	 1.080000e+03 	 2.000000e+00
11 	 208 	 Ex 	 1 	 3.468135e+00 	 1.800000e+03 	 1.080000e+03 	 2.000000e+00
11 	 209 	 Ex 	 1 	 3.323040e-01 	 -1.800000e+03 	 1.320000e+03 	 2.000000e+00
11 	 210 	 Ex 	 1 	 1.544119e+00 	 -1.560000e+03 	 1.320000e+03 	 2.000000e+00
11 	 211 	 Ex 	 1 	 4.033188e+00 	 -1.320000e+03 	 1.320000e+03 	 2.000000e+00
11 	 212 	 Ex 	 1 	 3.765690e+00 	 -1.080000e+03 	 1.320000e+03 	 2.000000e+00
11 	 213 	 Ex 	 1 	 4.160987e+00 	 -8.400000e+02 	 1.320000e+03 	 2.000000e+00
11 	 214 	 Ex 	 1 	 4.470245e+00 	 -6.000000e+02 	 1.320000e+03 	 2.000000e+00
11 	 215 	 Ex 	 1 	 1.462790e+00 	 -3.600000e+02 	 1.320000e+03 	 2.000000e+00
11 	 216 	 Ex 	 1 	 1.716517e+00 	 -1.200000e+02 	 1.320000e+03 	 2.000000e+00
11 	 217 	 Ex 	 1 	 7.567655e-01 	 1.200000e+02 	 1.320000e+03 	 2.000000e+00
11 	 218 	 Ex 	 1 	 1.358189e+00 	 3.600000e+02 	 1.320000e+03 	 2.000000e+00
11 	 219 	 Ex 	 1 	 3.342545e+00 	 6.000000e+02 	 1.320000e+03 	 2.000000e+00
11 	 220 	 Ex 	 1 	 2.114748e+00 	 8.400000e+02 	 1.320000e+03 	 2.000000e+00
11 	 221 	 Ex 	 1 	 2.902884e-01 	 1.080000e+03 	 1.320000e+03 	 2.000000e+00
11 	 222 	 Ex 	 1 	 6.052281e-01 	 1.320000e+03 	 1.320000e+03 	 2.000000e+00
11 	 223 	 Ex 	 1 	 1.403569e+00 	 1.560000e+03 	 1.320000e+03 	 2.000000e+00
11 	 224 	 Ex 	 1 	 3.734658e+00 	 1.800000e+03 	 1.320000e+03 	 2.000000e+00
11 	 225 	 Ex 	 1 	 2.155657e+00 	 -1.800000e+03 	 1.560000e+03 	 2.000000e+00
11 	 226 	 Ex 	 1 	 2.885164e+00 	 -1.560000e+03 	 1.560000e+03 	 2.000000e+00
11 	 227 	 Ex 	 1 	 2.937795e+00 	 -1.320000e+03 	 1.560000e+03 	 2.000000e+00
11 	 228 	 Ex 	 1 	 4.304543e+00 	 -1.080000e+03 	 1.560000e+03 	 2.000000e+00
11 	 229 	 Ex 	 1 	 4.088760e+00 	 -8.400000e+02 	 1.560000e+03 	 2.000000e+00
11 	 230 	 Ex 	 1 	 2.965798e+00 	 -6.000000e+02 	 1.560000e+03 	 2.000000e+00
11 	 231 	 Ex 	 1 	 1.950027e+00 	 -3.600000e+02 	 1.560000e+03 	 2.000000e+00
11 	 232 	 Ex 	 1 	 1.699972e+00 	 -1.200000e+02 	 1.560000e+03 	 2.000000e+00
11 	 233 	 Ex 	 1 	 2.477687e+00 	 1.200000e+02 	 1.560000e+03 	 2.000000e+00
11 	 234 	 Ex 	 1 	 3.307935e+00 	 3.600000e+02 	 1.560000e+03 	 2.000000e+00
11 	 235 	 Ex 	 1 	 3.049894e+00 	 6.000000e+02 	 1.560000e+03 	 2.000000e+00
11 	 236 	 Ex 	 1 	 2.556779e+00 	 8.400000e+02 	 1.560000e+03 	 2.000000e+00
11 	 237 	 Ex 	 1 	 1.719042e+00 	 1.080000e+03 	 1.560000e+03 	 2.000000e+00
11 	 238 	 Ex 	 1 	 1.512113e+00 	 1.320000e+03 	 1.560000e+03 	 2.000000e+00
11 	 239 	 Ex 	 1 	 2.435339e+00 	 1.560000e+03 	 1.560000e+03 	 2.000000e+00
11 	 240 	 Ex 	 1 	 2.915826e+00 	 1.800000e+03 	 1.560000e+03 	 2.000000e+00
11 	 241 	 Ex 	 1 	 1.553350e+00 	 -1.800000e+03 	 1.800000e+03 	 2.000000e+00
11 	 242 	 Ex 	 1 	 3.151550e+00 	 -1.560000e+03 	 1.800000e+03 	 2.000000e+00
11 	 243 	 Ex 	 1 	 3.569091e+00 	 -1.320000e+03 	 1.800000e+03 	 2.000000e+00
11 	 244 	 Ex 	 1 	 3.744152e+00 	 -1.080000e+03 	 1.800000e+03 	 2.000000e+00
11 	 245 	 Ex 	 1 	 3.877477e+00 	 -8.400000e+02 	 1.800000e+03 	 2.000000e+00
11 	 246 	 Ex 	 1 	 4.136045e+00 	 -6.000000e+02 	 1.800000e+03 	 2.000000e+00
11 	 247 	 Ex 	 1 	 4.291342e+00 	 -3.600000e+02 	 1.800000e+03 	 2.000000e+00
11 	 248 	 Ex 	 1 	 3.844887e+00 	 -1.200000e+02 	 1.800000e+03 	 2.000000e+00
11 	 249 	 Ex 	 1 	 2.842081e+00 	 1.200000e+02 	 1.800000e+03 	 2.000000e+00
11 	 250 	 Ex 	 1 	 3.290584e+00 	 3.600000e+02 	 1.800000e+03 	 2.000000e+00
11 	 251 	 Ex 	 1 	 3.600447e+00 	 6.000000e+02 	 1.800000e+03 	 2.000000e+00
11 	 252 	 Ex 	 1 	 4.226480e+00 	 8.400000e+02 	 1.800000e+03 	 2.000000e+00
11 	 253 	 Ex 	 1 	 2.009157e+00 	 1.080000e+03 	 1.800000e+03 	 2.000000e+00
11 	 254 	 Ex 	 1 	 2.288615e+00 	 1.320000e+03 	 1.800000e+03 	 2.000000e+00
11 	 255 	 Ex 	 1 	 1.415026e+00 	 1.560000e+03 	 1.800000e+03 	 2.000000e+00
11 	 256 	 Ex 	 1 	 1.003662e+00 	 1.800000e+03 	 1.800000e+03 	 2.000000e+00
11 	 1 	 Ex 	 2 	 1.511429e+00 	 -1.800000e+03 	 -1.800000e+03 	 2.000000e+00
11 	 2 	 Ex 	 2 	 3.968879e+00 	 -1.560000e+03 	 -1.800000e+03 	 2.000000e+00
11 	 3 	 Ex 	 2 	 8.705287e-01 	 -1.320000e+03 	 -1.800000e+03 	 2.000000e+00
11 	 4 	 Ex 	 2 	 1.388737e-01 	 -1.080000e+03 	 -1.800000e+03 	 2.000000e+00
11 	 5 	 Ex 	 2 	 2.248689e+00 	 -8.400000e+02 	 -1.800000e+03 	 2.000000e+00
11 	 6 	 Ex 	 2 	 3.644064e+00 	 -6.000000e+02 	 -1.800000e+03 	 2.000000e+00
11 	 7 	 Ex 	 2 	 4.938804e+00 	 -3.600000e+02 	 -1.800000e+03 	 2.000000e+00
11 	 8 	 Ex 	 2 	 6.391988e+00 	 -1.200000e+02 	 -1.800000e+03 	 2.000000e+00
11 	 9 	 Ex 	 2 	 5.096918e+00 	 1.200000e+02 	 -1.800000e+03 	 2.000000e+00
11 	 10 	 Ex 	 2 	 8.807314e+00 	 3.600000e+02 	 -1.800000e+03 	 2.000000e+00
11 	 11 	 Ex 	 2 	 8.488018e+00 	 6.000000e+02 	 -1.800000e+03 	 2.000000e+00
11 	 12 	 Ex 	 2 	 7.849536e+00 	 8.400000e+02 	 -1.800000e+03 	 2.000000e+00
11 	 13 	 Ex 	 2 	 8.470166e+00 	 1.080000e+03 	 -1.800000e+03 	 2.000000e+00
11 	 14 	 Ex 	 2 	 5.154944e+00 	 1.320000e+03 	 -1.800000e+03 	 2.000000e+00
11 	 15 	 Ex 	 2 	 5.231170e+00 	 1.560000e+03 	 -1.800000e+03 	 2.000000e+00
11 	 16 	 Ex 	 2 	 4.541998e+00 	 1.800000e+03 	 -1.800000e+03 	 2.000000e+00
11 	 17 	 Ex 	 2 	 3.661667e+00 	 -1.800000e+03 	 -1.560000e+03 	 2.000000e+00
11 	 18 	 Ex 	 2 	 3.344935e+00 	 -1.560000e+03 	 -1.560000e+03 	 2.000000e+00
11 	 19 	 Ex 	 2 	 3.363823e+00 	 -1.320000e+03 	 -1.560000e+03 	 2.000000e+00
11 	 20 	 Ex 	 2 	 3.187954e+00 	 -1.080000e+03 	 -1.560000e+03 	 2.000000e+00
11 	 21 	 Ex 	 2 	 7.420880e-01 	 -8.400000e+02 	 -1.560000e+03 	 2.000000e+00
11 	 22 	 Ex 	 2 	 2.156283e+00 	 -6.000000e+02 	 -1.560000e+03 	 2.000000e+00
11 	 23 	 Ex 	 2 	 3.949112e+00 	 -3.600000e+02 	 -1.560000e+03 	 2.000000e+00
11 	 24 	 Ex 	 2 	 6.415204e+00 	 -1.200000e+02 	 -1.560000e+03 	 2.000000e+00
11 	 25 	 Ex 	 2 	 8.363297e+00 	 1.200000e+02 	 -1.560000e+03 	 2.000000e+00
11 	 26 	 Ex 	 2 	 7.607573e+00 	 3.600000e+02 	 -1.560000e+03 	 2.000000e+00
11 	 27 	 Ex 	 2 	 8.752543e+00 	 6.000000e+02 	 -1.560000e+03 	 2.000000e+00
11 	 28 	 Ex 	 2 	 8.556225e+00 	 8.400000e+02 	 -1.560000e+03 	 2.000000e+00
11 	 29 	 Ex 	 2 	 6.546730e+00 	 1.080000e+03 	 -1.560000e+03 	 2.000000e+00
11 	 30 	 Ex 	 2 	 6.065486e+00 	 1.320000e+03 	 -1.560000e+03 	 2.000000e+00
11 	 31 	 Ex 	 2 	 5.989103e+00 	 1.560000e+03 	 -1.560000e+03 	 2.000000e+00
11 	 32 	 Ex 	 2 	 3.240945e+00 	 1.800000e+03 	 -1.560000e+03 	 2.000000e+00
11 	 33 	 Ex 	 2 	 4.467986e+00 	 -1.800000e+03 	 -1.320000e+03 	 2.000000e+00
11 	 34 	 Ex 	 2 	 4.318745e+00 	 -1.560000e+03 	 -1.320000e+03 	 2.000000e+00
11 	 35 	 Ex 	 2 	 1.596917e+00 	 -1.320000e+03 	 -1.320000e+03 	 2.000000e+00
11 	 36 	 Ex 	 2 	 2.544984e+00 	 -1.080000e+03 	 -1.320000e+03 	 2.000000e+00
11 	 37 	 Ex 	 2 	 1.317921e+00 	 -8.400000e+02 	 -1.320000e+03 	 2.000000e+00
11 	 38 	 Ex 	 2 	 1.388375e+00 	 -6.000000e+02 	 -1.320000e+03 	 2.000000e+00
11 	 39 	 Ex 	 2 	 3.393032e+00 	 -3.600000e+02 	 -1.320000e+03 	 2.000000e+00
11 	 40 	 Ex 	 2 	 6.516521e+00 	 -1.200000e+02 	 -1.320000e+03 	 2.000000e+00
11 	 41 	 Ex 	 2 	 8.992640e+00 	 1.200000e+02 	 -1.320000e+03 	 2.000000e+00
11 	 42 	 Ex 	 2 	 9.012141e+00 	 3.600000e+02 	 -1.320000e+03 	 2.000000e+00
11 	 43 	 Ex 	 2 	 8.689406e+00 	 6.000000e+02 	 -1.320000e+03 	 2.000000e+00
11 	 44 	 Ex 	 2 	 8.606924e+00 	 8.400000e+02 	 -1.320000e+03 	 2.000000e+00
11 	 45 	 Ex 	 2 	 6.107839e+00 	 1.080000e+03 	 -1.320000e+03 	 2.000000e+00
11 	 46 	 Ex 	 2 	 5.153501e+00 	 1.320000e+03 	 -1.320000e+03 	 2.000000e+00
11 	 47 	 Ex 	 2 	 3.208187e+00 	 1.560000e+03 	 -1.320000e+03 	 2.000000e+00
11 	 48 	 Ex 	 2 	 2.893025e+00 	 1.800000e+03 	 -1.320000e+03 	 2.000000e+00
11 	 49 	 Ex 	 2 	 4.267679e+00 	 -1.800000e+03 	 -1.080000e+03 	 2.000000e+00
11 	 50 	 Ex 	 2 	 4.061079e+00 	 -1.560000e+03 	 -1.080000e+03 	 2.000000e+00
11 	 51 	 Ex 	 2 	 3.481095e+00 	 -1.320000e+03 	 -1.080000e+03 	 2.000000e+00
11 	 52 	 Ex 	 2 	 3.344423e+00 	 -1.080000e+03 	 -1.080000e+03 	 2.000000e+00
11 	 53 	 Ex 	 2 	 1.845764e+00 	 -8.400000e+02 	 -1.080000e+03 	 2.000000e+00
11 	 54 	 Ex 	 2 	 2.275134e+00 	 -6.000000e+02 	 -1.080000e+03 	 2.000000e+00
11 	 55 	 Ex 	 2 	 1.818337e+00 	 -3.600000e+02 	 -1.080000e+03 	 2.000000e+00
11 	 56 	 Ex 	 2 	 5.280754e+00 	 -1.200000e+02 	 -1.080000e+03 	 2.000000e+00
11 	 57 	 Ex 	 2 	 7.850637e+00 	 1.200000e+02 	 -1.080000e+03 	 2.000000e+00
11 	 58 	 Ex 	 2 	 9.274925e+00 	 3.600000e+02 	 -1.080000e+03 	 2.000000e+00
11 	 59 	 Ex 	 2 	 8.482702e+00 	 6.000000e+02 	 -1.080000e+03 	 2.000000e+00
11 	 60 	 Ex 	 2 	 7.618912e+00 	 8.400000e+02 	 -1.080000e+03 	 2.000000e+00
11 	 61 	 Ex 	 2 	 5.039156e+00 	 1.080000e+03 	 -1.080000e+03 	 2.000000e+00
11 	 62 	 Ex 	 2 	 4.795816e+00 	 1.320000e+03 	 -1.080000e+03 	 2.000000e+00
11 	 63 	 Ex 	 2 	 3.698398e+00 	 1.560000e+03 	 -1.080000e+03 	 2.000000e+00
11 	 64 	 Ex 	 2 	 1.561834e+00 	 1.800000e+03 	 -1.080000e+03 	 2.000000e+00
11 	 65 	 Ex 	 2 	 3.228400e+00 	 -1.800000e+03 	 -8.400000e+02 	 2.000000e+00
11 	 66 	 Ex 	 2 	 3.425466e+00 	 -1.560000e+03 	 -8.400000e+02 	 2.000000e+00
11 	 67 	 Ex 	 2 	 2.353883e+00 	 -1.320000e+03 	 -8.400000e+02 	 2.000000e+00
11 	 68 	 Ex 	 2 	 2.284546e+00 	 -1.080000e+03 	 -8.400000e+02 	 2.000000e+00
11 	 69 	 Ex 	 2 	 2.709143e+00 	 -8.400000e+02 	 -8.400000e+02 	 2.000000e+00
11 	 70 	 Ex 	 2 	 1.656471e+00 	 -6.000000e+02 	 -8.400000e+02 	 2.000000e+00
11 	 71 	 Ex 	 2 	 1.604053e+00 	 -3.600000e+02 	 -8.400000e+02 	 2.000000e+00
11 	 72 	 Ex 	 2 	 4.091975e+00 	 -1.200000e+02 	 -8.400000e+02 	 2.000000e+00
11 	 73 	 Ex 	 2 	 6.836296e+00 	 1.200000e+02 	 -8.400000e+02 	 2.000000e+00
11 	 74 	 Ex 	 2 	 8.313676e+00 	 3.600000e+02 	 -8.400000e+02 	 2.000000e+00
11 	 75 	 Ex 	 2 	 7.036760e+00 	 6.000000e+02 	 -8.400000e+02 	 2.000000e+00
11 	 76 	 Ex 	 2 	 5.986968e+00 	 8.400000e+02 	 -8.400000e+02 	 2.000000e+00
11 	 77 	 Ex 	 2 	 2.869733e+00 	 1.080000e+03 	 -8.400000e+02 	 2.000000e+00
11 	 78 	 Ex 	 2 	 2.874021e+00 	 1.320000e+03 	 -8.400000e+02 	 2.000000e+00
11 	 79 	 Ex 	 2 	 3.289986e+00 	 1.560000e+03 	 -8.400000e+02 	 2.000000e+00
11 	 80 	 Ex 	 2 	 2.442162e+00 	 1.800000e+03 	 -8.400000e+02 	 2.000000e+00
11 	 81 	 Ex 	 2 	 2.267550e+00 	 -1.800000e+03 	 -6.000000e+02 	 2.000000e+00
11 	 82 	 Ex 	 2 	 5.353200e-01 	 -1.560000e+03 	 -6.000000e+02 	 2.000000e+00
11 	 83 	 Ex 	 2 	 1.635611e+00 	 -1.320000e+03 	 -6.000000e+02 	 2.000000e+00
11 	 84 	 Ex 	 2 	 2.211575e+00 	 -1.080000e+03 	 -6.000000e+02 	 2.000000e+00
11 	 85 	 Ex 	 2 	 3.381890e+00 	 -8.400000e+02 	 -6.000000e+02 	 2.000000e+00
11 	 86 	 Ex 	 2 	 1.782219e+00 	 -6.000000e+02 	 -6.000000e+02 	 2.000000e+00
11 	 87 	 Ex 	 2 	 2.148653e+00 	 -3.600000e+02 	 -6.000000e+02 	 2.000000e+00
11 	 88 	 Ex 	 2 	 3.738929e+00 	 -1.200000e+02 	 -6.000000e+02 	 2.000000e+00
11 	 89 	 Ex 	 2 	 6.231557e+00 	 1.200000e+02 	 -6.000000e+02 	 2.000000e+00
11 	 90 	 Ex 	 2 	 7.845531e+00 	 3.600000e+02 	 -6.000000e+02 	 2.000000e+00
11 	 91 	 Ex 	 2 	 6.986782e+00 	 6.000000e+02 	 -6.000000e+02 	 2.000000e+00
11 	 92 	 Ex 	 2 	 3.913044e+00 	 8.400000e+02 	 -6.000000e+02 	 2.000000e+00
11 	 93 	 Ex 	 2 	 2.800483e+00 	 1.080000e+03 	 -6.000000e+02 	 2.000000e+00
11 	 94 	 Ex 	 2 	 2.264976e+00 	 1.320000e+03 	 -6.000000e+02 	 2.000000e+00
11 	 95 	 Ex 	 2 	 1.587702e+00 	 1.560000e+03 	 -6.000000e+02 	 2.000000e+00
11 	 96 	 Ex 	 2 	 3.628557e+00 	 1.800000e+03 	 -6.000000e+02 	 2.000000e+00
11 	 97 	 Ex 	 2 	 9.857850e-01 	 -1.800000e+03 	 -3.600000e+02 	 2.000000e+00
11 	 98 	 Ex 	 2 	 2.404809e+00 	 -1.560000e+03 	 -3.600000e+02 	 2.000000e+00
11 	 99 	 Ex 	 2 	 4.240994e+00 	 -1.320000e+03 	 -3.600000e+02 	 2.000000e+00
11 	 100 	 Ex 	 2 	 6.071075e+00 	 -1.080000e+03 	 -3.600000e+02 	 2.000000e+00
11 	 101 	 Ex 	 2 	 5.960583e+00 	 -8.400000e+02 	 -3.600000e+02 	 2.000000e+00
11 	 102 	 Ex 	 2 	 4.250886e+00 	 -6.000000e+02 	 -3.600000e+02 	 2.000000e+00
11 	 103 	 Ex 	 2 	 1.982663e-01 	 -3.600000e+02 	 -3.600000e+02 	 2.000000e+00
11 	 104 	 Ex 	 2 	 2.950607e+00 	 -1.200000e+02 	 -3.600000e+02 	 2.000000e+00
11 	 105 	 Ex 	 2 	 3.991348e+00 	 1.200000e+02 	 -3.600000e+02 	 2.000000e+00
11 	 106 	 Ex 	 2 	 5.489819e+00 	 3.600000e+02 	 -3.600000e+02 	 2.000000e+00
11 	 107 	 Ex 	 2 	 5.044002e+00 	 6.000000e+02 	 -3.600000e+02 	 2.000000e+00
11 	 108 	 Ex 	 2 	 3.756039e+00 	 8.400000e+02 	 -3.600000e+02 	 2.000000e+00
11 	 109 	 Ex 	 2 	 7.521242e-01 	 1.080000e+03 	 -3.600000e+02 	 2.000000e+00
11 	 110 	 Ex 	 2 	 2.631609e+00 	 1.320000e+03 	 -3.600000e+02 	 2.000000e+00
11 	 111 	 Ex 	 2 	 3.934049e+00 	 1.560000e+03 	 -3.600000e+02 	 2.000000e+00
11 	 112 	 Ex 	 2 	 5.161088e+00 	 1.800000e+03 	 -3.600000e+02 	 2.000000e+00
11 	 113 	 Ex 	 2 	 2.775350e+00 	 -1.800000e+03 	 -1.200000e+02 	 2.000000e+00
11 	 114 	 Ex 	 2 	 2.818193e+00 	 -1.560000e+03 	 -1.200000e+02 	 2.000000e+00
11 	 115 	 Ex 	 2 	 6.974264e+00 	 -1.320000e+03 	 -1.200000e+02 	 2.000000e+00
11 	 116 	 Ex 	 2 	 7.937231e+00 	 -1.080000e+03 	 -1.200000e+02 	 2.000000e+00
11 	 117 	 Ex 	 2 	 6.907265e+00 	 -8.400000e+02 	 -1.200000e+02 	 2.000000e+00
11 	 118 	 Ex 	 2 	 3.174195e+00 	 -6.000000e+02 	 -1.200000e+02 	 2.000000e+00
11 	 119 	 Ex 	 2 	 4.770833e-01 	 -3.600000e+02 	 -1.200000e+02 	 2.000000e+00
11 	 120 	 Ex 	 2 	 1.497316e+00 	 -1.200000e+02 	 -1.200000e+02 	 2.000000e+00
11 	 121 	 Ex 	 2 	 2.996988e+00 	 1.200000e+02 	 -1.200000e+02 	 2.000000e+00
11 	 122 	 Ex 	 2 	 3.151214e+00 	 3.600000e+02 	 -1.200000e+02 	 2.000000e+00
11 	 123 	 Ex 	 2 	 2.842669e+00 	 6.000000e+02 	 -1.200000e+02 	 2.000000e+00
11 	 124 	 Ex 	 2 	 2.057307e+00 	 8.400000e+02 	 -1.200000e+02 	 2.000000e+00
11 	 125 	 Ex 	 2 	 1.109651e+00 	 1.080000e+03 	 -1.200000e+02 	 2.000000e+00
11 	 126 	 Ex 	 2 	 3.592849e+00 	 1.320000e+03 	 -1.200000e+02 	 2.000000e+00
11 	 127 	 Ex 	 2 	 3.991778e+00 	 1.560000e+03 	 -1.200000e+02 	 2.000000e+00
11 	 128 	 Ex 	 2 	 4.377222e+00 	 1.800000e+03 	 -1.200000e+02 	 2.000000e+00
11 	 129 	 Ex 	 2 	 4.313544e+00 	 -1.800000e+03 	 1.200000e+02 	 2.000000e+00
11 	 130 	 Ex 	 2 	 6.660728e+00 	 -1.560000e+03 	 1.200000e+02 	 2.000000e+00
11 	 131 	 Ex 	 2 	 7.884096e+00 	 -1.320000e+03 	 1.200000e+02 	 2.000000e+00
11 	 132 	 Ex 	 2 	 9.120235e+00 	 -1.080000e+03 	 1.200000e+02 	 2.000000e+00
11 	 133 	 Ex 	 2 	 7.058305e+00 	 -8.400000e+02 	 1.200000e+02 	 2.000000e+00
11 	 134 	 Ex 	 2 	 3.696351e+00 	 -6.000000e+02 	 1.200000e+02 	 2.000000e+00
11 	 135 	 Ex 	 2 	 1.084913e+00 	 -3.600000e+02 	 1.200000e+02 	 2.000000e+00
11 	 136 	 Ex 	 2 	 1.355662e+00 	 -1.200000e+02 	 1.200000e+02 	 2.000000e+00
11 	 137 	 Ex 	 2 	 0.000000e+00 	 1.200000e+02 	 1.200000e+02 	 2.000000e+00
11 	 138 	 Ex 	 2 	 0.000000e+00 	 3.600000e+02 	 1.200000e+02 	 2.000000e+00
11 	 139 	 Ex 	 2 	 0.000000e+00 	 6.000000e+02 	 1.200000e+02 	 2.000000e+00
11 	 140 	 Ex 	 2 	 0.000000e+00 	 8.400000e+02 	 1.200000e+02 	 2.000000e+00
11 	 141 	 Ex 	 2 	 2.369536e+00 	 1.080000e+03 	 1.200000e+02 	 2.000000e+00
11 	 142 	 Ex 	 2 	 2.433029e+00 	 1.320000e+03 	 1.200000e+02 	 2.000000e+00
11 	 143 	 Ex 	 2 	 4.476154e+00 	 1.560000e+03 	 1.200000e+02 	 2.000000e+00
11 	 144 	 Ex 	 2 	 6.196807e+00 	 1.800000e+03 	 1.200000e+02 	 2.000000e+00
11 	 145 	 Ex 	 2 	 3.677893e+00 	 -1.800000e+03 	 3.600000e+02 	 2.000000e+00
11 	 146 	 Ex 	 2 	 6.058867e+00 	 -1.560000e+03 	 3.600000e+02 	 2.000000e+00
11 	 147 	 Ex 	 2 	 8.289140e+00 	 -1.320000e+03 	 3.600000e+02 	 2.000000e+00
11 	 148 	 Ex 	 2 	 1.025294e+01 	 -1.080000e+03 	 3.600000e+02 	 2.000000e+00
11 	 149 	 Ex 	 2 	 6.804982e+00 	 -8.400000e+02 	 3.600000e+02 	 2.000000e+00
11 	 150 	 Ex 	 2 	 2.969851e+00 	 -6.000000e+02 	 3.600000e+02 	 2.000000e+00
11 	 151 	 Ex 	 2 	 4.358083e-01 	 -3.600000e+02 	 3.600000e+02 	 2.000000e+00
11 	 152 	 Ex 	 2 	 2.029462e+00 	 -1.200000e+02 	 3.600000e+02 	 2.000000e+00
11 	 153 	 Ex 	 2 	 0.000000e+00 	 1.200000e+02 	 3.600000e+02 	 2.000000e+00
11 	 154 	 Ex 	 2 	 0.000000e+00 	 3.600000e+02 	 3.600000e+02 	 2.000000e+00
11 	 155 	 Ex 	 2 	 0.000000e+00 	 6.000000e+02 	 3.600000e+02 	 2.000000e+00
11 	 156 	 Ex 	 2 	 0.000000e+00 	 8.400000e+02 	 3.600000e+02 	 2.000000e+00
11 	 157 	 Ex 	 2 	 0.000000e+00 	 1.080000e+03 	 3.600000e+02 	 2.000000e+00
11 	 158 	 Ex 	 2 	 2.162512e+00 	 1.320000e+03 	 3.600000e+02 	 2.000000e+00
11 	 159 	 Ex 	 2 	 3.689077e+00 	 1.560000e+03 	 3.600000e+02 	 2.000000e+00
11 	 160 	 Ex 	 2 	 4.244388e+00 	 1.800000e+03 	 3.600000e+02 	 2.000000e+00
11 	 161 	 Ex 	 2 	 3.863368e+00 	 -1.800000e+03 	 6.000000e+02 	 2.000000e+00
11 	 162 	 Ex 	 2 	 6.674397e+00 	 -1.560000e+03 	 6.000000e+02 	 2.000000e+00
11 	 163 	 Ex 	 2 	 7.613922e+00 	 -1.320000e+03 	 6.000000e+02 	 2.000000e+00
11 	 164 	 Ex 	 2 	 8.436944e+00 	 -1.080000e+03 	 6.000000e+02 	 2.000000e+00
11 	 165 	 Ex 	 2 	 6.692842e+00 	 -8.400000e+02 	 6.000000e+02 	 2.000000e+00
11 	 166 	 Ex 	 2 	 2.508721e+00 	 -6.000000e+02 	 6.000000e+02 	 2.000000e+00
11 	 167 	 Ex 	 2 	 4.000661e-01 	 -3.600000e+02 	 6.000000e+02 	 2.000000e+00
11 	 168 	 Ex 	 2 	 1.366078e+00 	 -1.200000e+02 	 6.000000e+02 	 2.000000e+00
11 	 169 	 Ex 	 2 	 0.000000e+00 	 1.200000e+02 	 6.000000e+02 	 2.000000e+00
11 	 170 	 Ex 	 2 	 0.000000e+00 	 3.600000e+02 	 6.000000e+02 	 2.000000e+00
11 	 171 	 Ex 	 2 	 0.000000e+00 	 6.000000e+02 	 6.000000e+02 	 2.000000e+00
11 	 172 	 Ex 	 2 	 0.000000e+00 	 8.400000e+02 	 6.000000e+02 	 2.000000e+00
11 	 173 	 Ex 	 2 	 0.000000e+00 	 1.080000e+03 	 6.000000e+02 	 2.000000e+00
11 	 174 	 Ex 	 2 	 2.591404e+00 	 1.320000e+03 	 6.000000e+02 	 2.000000e+00
11 	 175 	 Ex 	 2 	 2.975885e+00 	 1.560000e+03 	 6.000000e+02 	 2.000000e+00
11 	 176 	 Ex 	 2 	 3.818038e+00 	 1.800000e+03 	 6.000000e+02 	 2.000000e+00
11 	 177 	 Ex 	 2 	 4.790143e+00 	 -1.800000e+03 	 8.400000e+02 	 2.000000e+00
11 	 178 	 Ex 	 2 	 5.237909e+00 	 -1.560000e+03 	 8.400000e+02 	 2.000000e+00
11 	 179 	 Ex 	 2 	 6.222792e+00 	 -1.320000e+03 	 8.400000e+02 	 2.000000e+00
11 	 180 	 Ex 	 2 	 7.973478e+00 	 -1.080000e+03 	 8.400000e+02 	 2.000000e+00
11 	 181 	 Ex 	 2 	 7.272309e+00 	 -8.400000e+02 	 8.400000e+02 	 2.000000e+00
11 	 182 	 Ex 	 2 	 3.261458e+00 	 -6.000000e+02 	 8.400000e+02 	 2.000000e+00
11 	 183 	 Ex 	 2 	 1.024341e+00 	 -3.600000e+02 	 8.400000e+02 	 2.000000e+00
11 	 184 	 Ex 	 2 	 1.271937e+00 	 -1.200000e+02 	 8.400000e+02 	 2.000000e+00
11 	 185 	 Ex 	 2 	 0.000000e+00 	 1.200000e+02 	 8.400000e+02 	 2.000000e+00
11 	 186 	 Ex 	 2 	 0.000000e+00 	 3.600000e+02 	 8.400000e+02 	 2.000000e+00
11 	 187 	 Ex 	 2 	 0.000000e+00 	 6.000000e+02 	 8.400000e+02 	 2.000000e+00
11 	 188 	 Ex 	 2 	 0.000000e+00 	 8.400000e+02 	 8.400000e+02 	 2.000000e+00
11 	 189 	 Ex 	 2 	 5.441784e-01 	 1.080000e+03 	 8.400000e+02 	 2.000000e+00
11 	 190 	 Ex 	 2 	 3.123611e+00 	 1.320000e+03 	 8.400000e+02 	 2.000000e+00
11 	 191 	 Ex 	 2 	 2.834282e+00 	 1.560000e+03 	 8.400000e+02 	 2.000000e+00
11 	 192 	 Ex 	 2 	 4.760913e+00 	 1.800000e+03 	 8.400000e+02 	 2.000000e+00
11 	 193 	 Ex 	 2 	 4.100374e+00 	 -1.800000e+03 	 1.080000e+03 	 2.000000e+00
11 	 194 	 Ex 	 2 	 4.392730e+00 	 -1.560000e+03 	 1.080000e+03 	 2.000000e+00
11 	 195 	 Ex 	 2 	 5.625694e+00 	 -1.320000e+03 	 1.080000e+03 	 2.000000e+00
11 	 196 	 Ex 	 2 	 7.159659e+00 	 -1.080000e+03 	 1.080000e+03 	 2.000000e+00
11 	 197 	 Ex 	 2 	 5.389084e+00 	 -8.400000e+02 	 1.080000e+03 	 2.000000e+00
11 	 198 	 Ex 	 2 	 2.012367e+00 	 -6.000000e+02 	 1.080000e+03 	 2.000000e+00
11 	 199 	 Ex 	 2 	 3.025144e-01 	 -3.600000e+02 	 1.080000e+03 	 2.000000e+00
11 	 200 	 Ex 	 2 	 1.692948e+00 	 -1.200000e+02 	 1.080000e+03 	 2.000000e+00
11 	 201 	 Ex 	 2 	 2.891116e-01 	 1.200000e+02 	 1.080000e+03 	 2.000000e+00
11 	 202 	 Ex 	 2 	 0.000000e+00 	 3.600000e+02 	 1.080000e+03 	 2.000000e+00
11 	 203 	 Ex 	 2 	 0.000000e+00 	 6.000000e+02 	 1.080000e+03 	 2.000000e+00
11 	 204 	 Ex 	 2 	 1.140122e+00 	 8.400000e+02 	 1.080000e+03 	 2.000000e+00
11 	 205 	 Ex 	 2 	 7.135506e-01 	 1.080000e+03 	 1.080000e+03 	 2.000000e+00
11 	 206 	 Ex 	 2 	 1.678241e+00 	 1.320000e+03 	 1.080000e+03 	 2.000000e+00
11 	 207 	 Ex 	 2 	 3.616078e+00 	 1.560000e+03 	 1.080000e+03 	 2.000000e+00
11 	 208 	 Ex 	 2 	 1.988609e+00 	 1.800000e+03 	 1.080000e+03 	 2.000000e+00
11 	 209 	 Ex 	 2 	 3.881115e+00 	 -1.800000e+03 	 1.320000e+03 	 2.000000e+00
11 	 210 	 Ex 	 2 	 3.392589e+00 	 -1.560000e+03 	 1.320000e+03 	 2.000000e+00
11 	 211 	 Ex 	 2 	 4.678570e+00 	 -1.320000e+03 	 1.320000e+03 	 2.000000e+00
11 	 212 	 Ex 	 2 	 4.153414e+00 	 -1.080000e+03 	 1.320000e+03 	 2.000000e+00
11 	 213 	 Ex 	 2 	 5.177263e+00 	 -8.400000e+02 	 1.320000e+03 	 2.000000e+00
11 	 214 	 Ex 	 2 	 1.593617e+00 	 -6.000000e+02 	 1.320000e+03 	 2.000000e+00
11 	 215 	 Ex 	 2 	 2.345846e+00 	 -3.600000e+02 	 1.320000e+03 	 2.000000e+00
11 	 216 	 Ex 	 2 	 1.246084e+00 	 -1.200000e+02 	 1.320000e+03 	 2.000000e+00
11 	 217 	 Ex 	 2 	 1.514144e+00 	 1.200000e+02 	 1.320000e+03 	 2.000000e+00
11 	 218 	 Ex 	 2 	 3.247864e+00 	 3.600000e+02 	 1.320000e+03 	 2.000000e+00
11 	 219 	 Ex 	 2 	 1.716331e+00 	 6.000000e+02 	 1.320000e+03 	 2.000000e+00
11 	 220 	 Ex 	 2 	 1.619883e+00 	 8.400000e+02 	 1.320000e+03 	 2.000000e+00
11 	 221 	 Ex 	 2 	 2.050364e+00 	 1.080000e+03 	 1.320000e+03 	 2.000000e+00
11 	 222 	 Ex 	 2 	 1.213171e+00 	 1.320000e+03 	 1.320000e+03 	 2.000000e+00
11 	 223 	 Ex 	 2 	 1.204357e+00 	 1.560000e+03 	 1.320000e+03 	 2.000000e+00
11 	 224 	 Ex 	 2 	 1.819018e+00 	 1.800000e+03 	 1.320000e+03 	 2.000000e+00
11 	 225 	 Ex 	 2 	 2.937796e+00 	 -1.800000e+03 	 1.560000e+03 	 2.000000e+00
11 	 226 	 Ex 	 2 	 3.376591e+00 	 -1.560000e+03 	 1.560000e+03 	 2.000000e+00
11 	 227 	 Ex 	 2 	 2.606465e+00 	 -1.320000e+03 	 1.560000e+03 	 2.000000e+00
11 	 228 	 Ex 	 2 	 3.678366e+00 	 -1.080000e+03 	 1.560000e+03 	 2.000000e+00
11 	 229 	 Ex 	 2 	 4.399216e+00 	 -8.400000e+02 	 1.560000e+03 	 2.000000e+00
11 	 230 	 Ex 	 2 	 2.784898e+00 	 -6.000000e+02 	 1.560000e+03 	 2.000000e+00
11 	 231 	 Ex 	 2 	 2.235124e+00 	 -3.600000e+02 	 1.560000e+03 	 2.000000e+00
11 	 232 	 Ex 	 2 	 2.139544e+00 	 -1.200000e+02 	 1.560000e+03 	 2.000000e+00
11 	 233 	 Ex 	 2 	 2.961568e+00 	 1.200000e+02 	 1.560000e+03 	 2.000000e+00
11 	 234 	 Ex 	 2 	 3.677910e+00 	 3.600000e+02 	 1.560000e+03 	 2.000000e+00
11 	 235 	 Ex 	 2 	 3.607054e+00 	 6.000000e+02 	 1.560000e+03 	 2.000000e+00
11 	 236 	 Ex 	 2 	 3.834536e+00 	 8.400000e+02 	 1.560000e+03 	 2.000000e+00
11 	 237 	 Ex 	 2 	 2.199751e+00 	 1.080000e+03 	 1.560000e+03 	 2.000000e+00
11 	 238 	 Ex 	 2 	 2.086056e+00 	 1.320000e+03 	 1.560000e+03 	 2.000000e+00
11 	 239 	 Ex 	 2 	 2.699706e+00 	 1.560000e+03 	 1.560000e+03 	 2.000000e+00
11 	 240 	 Ex 	 2 	 2.936473e+00 	 1.800000e+03 	 1.560000e+03 	 2.000000e+00
11 	 241 	 Ex 	 2 	 2.791969e+00 	 -1.800000e+03 	 1.800000e+03 	 2.000000e+00
11 	 242 	 Ex 	 2 	 3.406264e+00 	 -1.560000e+03 	 1.800000e+03 	 2.000000e+00
11 	 243 	 Ex 	 2 	 3.509066e+00 	 -1.320000e+03 	 1.800000e+03 	 2.000000e+00
11 	 244 	 Ex 	 2 	 5.247563e+00 	 -1.080000e+03 	 1.800000e+03 	 2.000000e+00
11 	 245 	 Ex 	 2 	 4.479220e+00 	 -8.400000e+02 	 1.800000e+03 	 2.000000e+00
11 	 246 	 Ex 	 2 	 2.937709e+00 	 -6.000000e+02 	 1.800000e+03 	 2.000000e+00
11 	 247 	 Ex 	 2 	 3.118232e+00 	 -3.600000e+02 	 1.800000e+03 	 2.000000e+00
11 	 248 	 Ex 	 2 	 2.027931e+00 	 -1.200000e+02 	 1.800000e+03 	 2.000000e+00
11 	 249 	 Ex 	 2 	 2.925356e+00 	 1.200000e+02 	 1.800000e+03 	 2.000000e+00
11 	 250 	 Ex 	 2 	 2.684292e+00 	 3.600000e+02 	 1.800000e+03 	 2.000000e+00
11 	 251 	 Ex 	 2 	 3.769076e+00 	 6.000000e+02 	 1.800000e+03 	 2.000000e+00
11 	 252 	 Ex 	 2 	 2.801808e+00 	 8.400000e+02 	 1.800000e+03 	 2.000000e+00
11 	 253 	 Ex 	 2 	 2.321102e+00 	 1.080000e+03 	 1.800000e+03 	 2.000000e+00
11 	 254 	 Ex 	 2 	 3.165365e+00 	 1.320000e+03 	 1.800000e+03 	 2.000000e+00
11 	 255 	 Ex 	 2 	 2.515107e+00 	 1.560000e+03 	 1.800000e+03 	 2.000000e+00
11 	 256 	 Ex 	 2 	 2.088978e+00 	 1.800000e+03 	 1.800000e+03 	 2.000000e+00
11 	 1 	 Ey 	 1 	 6.176908e+00 	 -1.800000e+03 	 -1.800000e+03 	 2.000000e+00
11 	 2 	 Ey 	 1 	 5.873487e+00 	 -1.560000e+03 	 -1.800000e+03 	 2.000000e+00
11 	 3 	 Ey 	 1 	 8.444161e+00 	 -1.320000e+03 	 -1.800000e+03 	 2.000000e+00
11 	 4 	 Ey 	 1 	 7.070987e+00 	 -1.080000e+03 	 -1.800000e+03 	 2.000000e+00
11 	 5 	 Ey 	 1 	 7.663464e+00 	 -8.400000e+02 	 -1.800000e+03 	 2.000000e+00
11 	 6 	 Ey 	 1 	 7.875855e+00 	 -6.000000e+02 	 -1.800000e+03 	 2.000000e+00
11 	 7 	 Ey 	 1 	 7.022554e+00 	 -3.600000e+02 	 -1.800000e+03 	 2.000000e+00
11 	 8 	 Ey 	 1 	 5.360248e+00 	 -1.200000e+02 	 -1.800000e+03 	 2.000000e+00
11 	 9 	 Ey 	 1 	 2.786512e+00 	 1.200000e+02 	 -1.800000e+03 	 2.000000e+00
11 	 10 	 Ey 	 1 	 1.930315e+00 	 3.600000e+02 	 -1.800000e+03 	 2.000000e+00
11 	 11 	 Ey 	 1 	 3.195168e+00 	 6.000000e+02 	 -1.800000e+03 	 2.000000e+00
11 	 12 	 Ey 	 1 	 5.279145e+00 	 8.400000e+02 	 -1.800000e+03 	 2.000000e+00
11 	 13 	 Ey 	 1 	 6.256319e+00 	 1.080000e+03 	 -1.800000e+03 	 2.000000e+00
11 	 14 	 Ey 	 1 	 6.186247e+00 	 1.320000e+03 	 -1.800000e+03 	 2.000000e+00
11 	 15 	 Ey 	 1 	 6.758531e+00 	 1.560000e+03 	 -1.800000e+03 	 2.000000e+00
11 	 16 	 Ey 	 1 	 7.437304e+00 	 1.800000e+03 	 -1.800000e+03 	 2.000000e+00
11 	 17 	 Ey 	 1 	 4.315503e+00 	 -1.800000e+03 	 -1.560000e+03 	 2.000000e+00
11 	 18 	 Ey 	 1 	 4.992477e+00 	 -1.560000e+03 	 -1.560000e+03 	 2.000000e+00
11 	 19 	 Ey 	 1 	 5.070927e+00 	 -1.320000e+03 	 -1.560000e+03 	 2.000000e+00
11 	 20 	 Ey 	 1 	 7.406710e+00 	 -1.080000e+03 	 -1.560000e+03 	 2.000000e+00
11 	 21 	 Ey 	 1 	 8.075759e+00 	 -8.400000e+02 	 -1.560000e+03 	 2.000000e+00
11 	 22 	 Ey 	 1 	 7.794599e+00 	 -6.000000e+02 	 -1.560000e+03 	 2.000000e+00
11 	 23 	 Ey 	 1 	 6.650673e+00 	 -3.600000e+02 	 -1.560000e+03 	 2.000000e+00
11 	 24 	 Ey 	 1 	 4.129547e+00 	 -1.200000e+02 	 -1.560000e+03 	 2.000000e+00
11 	 25 	 Ey 	 1 	 2.508611e+00 	 1.200000e+02 	 -1.560000e+03 	 2.000000e+00
11 	 26 	 Ey 	 1 	 4.268842e-01 	 3.600000e+02 	 -1.560000e+03 	 2.000000e+00
11 	 27 	 Ey 	 1 	 3.906001e+00 	 6.000000e+02 	 -1.560000e+03 	 2.000000e+00
11 	 28 	 Ey 	 1 	 6.045382e+00 	 8.400000e+02 	 -1.560000e+03 	 2.000000e+00
11 	 29 	 Ey 	 1 	 6.261787e+00 	 1.080000e+03 	 -1.560000e+03 	 2.000000e+00
11 	 30 	 Ey 	 1 	 8.645103e+00 	 1.320000e+03 	 -1.560000e+03 	 2.000000e+00
11 	 31 	 Ey 	 1 	 8.360912e+00 	 1.560000e+03 	 -1.560000e+03 	 2.000000e+00
11 	 32 	 Ey 	 1 	 7.670518e+00 	 1.800000e+03 	 -1.560000e+03 	 2.000000e+00
11 	 33 	 Ey 	 1 	 2.697100e+00 	 -1.800000e+03 	 -1.320000e+03 	 2.000000e+00
11 	 34 	 Ey 	 1 	 4.640761e+00 	 -1.560000e+03 	 -1.320000e+03 	 2.000000e+00
11 	 35 	 Ey 	 1 	 4.664194e+00 	 -1.320000e+03 	 -1.320000e+03 	 2.000000e+00
11 	 36 	 Ey 	 1 	 4.335646e+00 	 -1.080000e+03 	 -1.320000e+03 	 2.000000e+00
11 	 37 	 Ey 	 1 	 4.564460e+00 	 -8.400000e+02 	 -1.320000e+03 	 2.000000e+00
11 	 38 	 Ey 	 1 	 5.258459e+00 	 -6.000000e+02 	 -1.320000e+03 	 2.000000e+00
11 	 39 	 Ey 	 1 	 3.475188e+00 	 -3.600000e+02 	 -1.320000e+03 	 2.000000e+00
11 	 40 	 Ey 	 1 	 2.402379e+00 	 -1.200000e+02 	 -1.320000e+03 	 2.000000e+00
11 	 41 	 Ey 	 1 	 2.365981e+00 	 1.200000e+02 	 -1.320000e+03 	 2.000000e+00
11 	 42 	 Ey 	 1 	 2.598927e+00 	 3.600000e+02 	 -1.320000e+03 	 2.000000e+00
11 	 43 	 Ey 	 1 	 5.441727e+00 	 6.000000e+02 	 -1.320000e+03 	 2.000000e+00
11 	 44 	 Ey 	 1 	 8.248106e+00 	 8.400000e+02 	 -1.320000e+03 	 2.000000e+00
11 	 45 	 Ey 	 1 	 8.244991e+00 	 1.080000e+03 	 -1.320000e+03 	 2.000000e+00
11 	 46 	 Ey 	 1 	 9.013733e+00 	 1.320000e+03 	 -1.320000e+03 	 2.000000e+00
11 	 47 	 Ey 	 1 	 8.641781e+00 	 1.560000e+03 	 -1.320000e+03 	 2.000000e+00
11 	 48 	 Ey 	 1 	 8.105990e+00 	 1.800000e+03 	 -1.320000e+03 	 2.000000e+00
11 	 49 	 Ey 	 1 	 1.791064e+00 	 -1.800000e+03 	 -1.080000e+03 	 2.000000e+00
11 	 50 	 Ey 	 1 	 1.878030e+00 	 -1.560000e+03 	 -1.080000e+03 	 2.000000e+00
11 	 51 	 Ey 	 1 	 2.421221e+00 	 -1.320000e+03 	 -1.080000e+03 	 2.000000e+00
11 	 52 	 Ey 	 1 	 1.056409e+00 	 -1.080000e+03 	 -1.080000e+03 	 2.000000e+00
11 	 53 	 Ey 	 1 	 1.622598e+00 	 -8.400000e+02 	 -1.080000e+03 	 2.000000e+00
11 	 54 	 Ey 	 1 	 8.868222e-01 	 -6.000000e+02 	 -1.080000e+03 	 2.000000e+00
11 	 55 	 Ey 	 1 	 7.483403e-01 	 -3.600000e+02 	 -1.080000e+03 	 2.000000e+00
11 	 56 	 Ey 	 1 	 1.618125e+00 	 -1.200000e+02 	 -1.080000e+03 	 2.000000e+00
11 	 57 	 Ey 	 1 	 2.603663e+00 	 1.200000e+02 	 -1.080000e+03 	 2.000000e+00
11 	 58 	 Ey 	 1 	 3.013752e+00 	 3.600000e+02 	 -1.080000e+03 	 2.000000e+00
11 	 59 	 Ey 	 1 	 7.765524e+00 	 6.000000e+02 	 -1.080000e+03 	 2.000000e+00
11 	 60 	 Ey 	 1 	 8.283378e+00 	 8.400000e+02 	 -1.080000e+03 	 2.000000e+00
11 	 61 	 Ey 	 1 	 7.868270e+00 	 1.080000e+03 	 -1.080000e+03 	 2.000000e+00
11 	 62 	 Ey 	 1 	 8.322529e+00 	 1.320000e+03 	 -1.080000e+03 	 2.000000e+00
11 	 63 	 Ey 	 1 	 7.413544e+00 	 1.560000e+03 	 -1.080000e+03 	 2.000000e+00
11 	 64 	 Ey 	 1 	 7.274601e+00 	 1.800000e+03 	 -1.080000e+03 	 2.000000e+00
11 	 65 	 Ey 	 1 	 1.476930e+00 	 -1.800000e+03 	 -8.400000e+02 	 2.000000e+00
11 	 66 	 Ey 	 1 	 1.536340e+00 	 -1.560000e+03 	 -8.400000e+02 	 2.000000e+00
11 	 67 	 Ey 	 1 	 2.666402e+00 	 -1.320000e+03 	 -8.400000e+02 	 2.000000e+00
11 	 68 	 Ey 	 1 	 3.187117e+00 	 -1.080000e+03 	 -8.400000e+02 	 2.000000e+00
11 	 69 	 Ey 	 1 	 6.118970e+00 	 -8.400000e+02 	 -8.400000e+02 	 2.000000e+00
11 	 70 	 Ey 	 1 	 3.675413e+00 	 -6.000000e+02 	 -8.400000e+02 	 2.000000e+00
11 	 71 	 Ey 	 1 	 3.381475e+00 	 -3.600000e+02 	 -8.400000e+02 	 2.000000e+00
11 	 72 	 Ey 	 1 	 2.315407e+00 	 -1.200000e+02 	 -8.400000e+02 	 2.000000e+00
11 	 73 	 Ey 	 1 	 2.897459e+00 	 1.200000e+02 	 -8.400000e+02 	 2.000000e+00
11 	 74 	 Ey 	 1 	 2.868177e+00 	 3.600000e+02 	 -8.400000e+02 	 2.000000e+00
11 	 75 	 Ey 	 1 	 5.639225e+00 	 6.000000e+02 	 -8.400000e+02 	 2.000000e+00
11 	 76 	 Ey 	 1 	 5.979925e+00 	 8.400000e+02 	 -8.400000e+02 	 2.000000e+00
11 	 77 	 Ey 	 1 	 7.638613e+00 	 1.080000e+03 	 -8.400000e+02 	 2.000000e+00
11 	 78 	 Ey 	 1 	 7.618809e+00 	 1.320000e+03 	 -8.400000e+02 	 2.000000e+00
11 	 79 	 Ey 	 1 	 7.004352e+00 	 1.560000e+03 	 -8.400000e+02 	 2.000000e+00
11 	 80 	 Ey 	 1 	 6.670351e+00 	 1.800000e+03 	 -8.400000e+02 	 2.000000e+00
11 	 81 	 Ey 	 1 	 2.267092e+00 	 -1.800000e+03 	 -6.000000e+02 	 2.000000e+00
11 	 82 	 Ey 	 1 	 2.717174e+00 	 -1.560000e+03 	 -6.000000e+02 	 2.000000e+00
11 	 83 	 Ey 	 1 	 4.794892e+00 	 -1.320000e+03 	 -6.000000e+02 	 2.000000e+00
11 	 84 	 Ey 	 1 	 5.219665e+00 	 -1.080000e+03 	 -6.000000e+02 	 2.000000e+00
11 	 85 	 Ey 	 1 	 8.280160e+00 	 -8.400000e+02 	 -6.000000e+02 	 2.000000e+00
11 	 86 	 Ey 	 1 	 7.539094e+00 	 -6.000000e+02 	 -6.000000e+02 	 2.000000e+00
11 	 87 	 Ey 	 1 	 5.824175e+00 	 -3.600000e+02 	 -6.000000e+02 	 2.000000e+00
11 	 88 	 Ey 	 1 	 3.803809e+00 	 -1.200000e+02 	 -6.000000e+02 	 2.000000e+00
11 	 89 	 Ey 	 1 	 2.319149e+00 	 1.200000e+02 	 -6.000000e+02 	 2.000000e+00
11 	 90 	 Ey 	 1 	 3.206660e+00 	 3.600000e+02 	 -6.000000e+02 	 2.000000e+00
11 	 91 	 Ey 	 1 	 4.119244e+00 	 6.000000e+02 	 -6.000000e+02 	 2.000000e+00
11 	 92 	 Ey 	 1 	 5.693656e+00 	 8.400000e+02 	 -6.000000e+02 	 2.000000e+00
11 	 93 	 Ey 	 1 	 6.635772e+00 	 1.080000e+03 	 -6.000000e+02 	 2.000000e+00
11 	 94 	 Ey 	 1 	 6.156629e+00 	 1.320000e+03 	 -6.000000e+02 	 2.000000e+00
11 	 95 	 Ey 	 1 	 5.906811e+00 	 1.560000e+03 	 -6.000000e+02 	 2.000000e+00
11 	 96 	 Ey 	 1 	 4.345956e+00 	 1.800000e+03 	 -6.000000e+02 	 2.000000e+00
11 	 97 	 Ey 	 1 	 3.430321e+00 	 -1.800000e+03 	 -3.600000e+02 	 2.000000e+00
11 	 98 	 Ey 	 1 	 4.148085e+00 	 -1.560000e+03 	 -3.600000e+02 	 2.000000e+00
11 	 99 	 Ey 	 1 	 4.481960e+00 	 -1.320000e+03 	 -3.600000e+02 	 2.000000e+00
11 	 100 	 Ey 	 1 	 6.594126e+00 	 -1.080000e+03 	 -3.600000e+02 	 2.000000e+00
11 	 101 	 Ey 	 1 	 6.953166e+00 	 -8.400000e+02 	 -3.600000e+02 	 2.000000e+00
11 	 102 	 Ey 	 1 	 7.368409e+00 	 -6.000000e+02 	 -3.600000e+02 	 2.000000e+00
11 	 103 	 Ey 	 1 	 4.277386e+00 	 -3.600000e+02 	 -3.600000e+02 	 2.000000e+00
11 	 104 	 Ey 	 1 	 2.276105e+00 	 -1.200000e+02 	 -3.600000e+02 	 2.000000e+00
11 	 105 	 Ey 	 1 	 4.785586e-01 	 1.200000e+02 	 -3.600000e+02 	 2.000000e+00
11 	 106 	 Ey 	 1 	 2.229096e+00 	 3.600000e+02 	 -3.600000e+02 	 2.000000e+00
11 	 107 	 Ey 	 1 	 2.155346e+00 	 6.000000e+02 	 -3.600000e+02 	 2.000000e+00
11 	 108 	 Ey 	 1 	 4.332020e+00 	 8.400000e+02 	 -3.600000e+02 	 2.000000e+00
11 	 109 	 Ey 	 1 	 3.233729e+00 	 1.080000e+03 	 -3.600000e+02 	 2.000000e+00
11 	 110 	 Ey 	 1 	 3.718040e+00 	 1.320000e+03 	 -3.600000e+02 	 2.000000e+00
11 	 111 	 Ey 	 1 	 5.872987e+00 	 1.560000e+03 	 -3.600000e+02 	 2.000000e+00
11 	 112 	 Ey 	 1 	 3.307402e+00 	 1.800000e+03 	 -3.600000e+02 	 2.000000e+00
11 	 113 	 Ey 	 1 	 4.211137e+00 	 -1.800000e+03 	 -1.200000e+02 	 2.000000e+00
11 	 114 	 Ey 	 1 	 4.280928e+00 	 -1.560000e+03 	 -1.200000e+02 	 2.000000e+00
11 	 115 	 Ey 	 1 	 3.989335e+00 	 -1.320000e+03 	 -1.200000e+02 	 2.000000e+00
11 	 116 	 Ey 	 1 	 5.719918e+00 	 -1.080000e+03 	 -1.200000e+02 	 2.000000e+00
11 	 117 	 Ey 	 1 	 6.682523e+00 	 -8.400000e+02 	 -1.200000e+02 	 2.000000e+00
11 	 118 	 Ey 	 1 	 7.414704e+00 	 -6.000000e+02 	 -1.200000e+02 	 2.000000e+00
11 	 119 	 Ey 	 1 	 4.473331e+00 	 -3.600000e+02 	 -1.200000e+02 	 2.000000e+00
11 	 120 	 Ey 	 1 	 1.273431e+00 	 -1.200000e+02 	 -1.200000e+02 	 2.000000e+00
11 	 121 	 Ey 	 1 	 2.221354e+00 	 1.200000e+02 	 -1.200000e+02 	 2.000000e+00
11 	 122 	 Ey 	 1 	 1.227410e+00 	 3.600000e+02 	 -1.200000e+02 	 2.000000e+00
11 	 123 	 Ey 	 1 	 1.434739e+00 	 6.000000e+02 	 -1.200000e+02 	 2.000000e+00
11 	 124 	 Ey 	 1 	 3.369191e+00 	 8.400000e+02 	 -1.200000e+02 	 2.000000e+00
11 	 125 	 Ey 	 1 	 2.205303e+00 	 1.080000e+03 	 -1.200000e+02 	 2.000000e+00
11 	 126 	 Ey 	 1 	 2.782098e+00 	 1.320000e+03 	 -1.200000e+02 	 2.000000e+00
11 	 127 	 Ey 	 1 	 3.611963e+00 	 1.560000e+03 	 -1.200000e+02 	 2.000000e+00
11 	 128 	 Ey 	 1 	 3.574671e+00 	 1.800000e+03 	 -1.200000e+02 	 2.000000e+00
11 	 129 	 Ey 	 1 	 3.800137e+00 	 -1.800000e+03 	 1.200000e+02 	 2.000000e+00
11 	 130 	 Ey 	 1 	 4.408716e+00 	 -1.560000e+03 	 1.200000e+02 	 2.000000e+00
11 	 131 	 Ey 	 1 	 4.160845e+00 	 -1.320000e+03 	 1.200000e+02 	 2.000000e+00
11 	 132 	 Ey 	 1 	 4.139066e+00 	 -1.080000e+03 	 1.200000e+02 	 2.000000e+00
11 	 133 	 Ey 	 1 	 2.752670e+00 	 -8.400000e+02 	 1.200000e+02 	 2.000000e+00
11 	 134 	 Ey 	 1 	 3.425160e+00 	 -6.000000e+02 	 1.200000e+02 	 2.000000e+00
11 	 135 	 Ey 	 1 	 1.862466e+00 	 -3.600000e+02 	 1.200000e+02 	 2.000000e+00
11 	 136 	 Ey 	 1 	 4.146721e-01 	 -1.200000e+02 	 1.200000e+02 	 2.000000e+00
11 	 137 	 Ey 	 1 	 0.000000e+00 	 1.200000e+02 	 1.200000e+02 	 2.000000e+00
11 	 138 	 Ey 	 1 	 0.000000e+00 	 3.600000e+02 	 1.200000e+02 	 2.000000e+00
11 	 139 	 Ey 	 1 	 0.000000e+00 	 6.000000e+02 	 1.200000e+02 	 2.000000e+00
11 	 140 	 Ey 	 1 	 0.000000e+00 	 8.400000e+02 	 1.200000e+02 	 2.000000e+00
11 	 141 	 Ey 	 1 	 5.558857e-01 	 1.080000e+03 	 1.200000e+02 	 2.000000e+00
11 	 142 	 Ey 	 1 	 1.616120e+00 	 1.320000e+03 	 1.200000e+02 	 2.000000e+00
11 	 143 	 Ey 	 1 	 2.312480e+00 	 1.560000e+03 	 1.200000e+02 	 2.000000e+00
11 	 144 	 Ey 	 1 	 5.431082e-01 	 1.800000e+03 	 1.200000e+02 	 2.000000e+00
11 	 145 	 Ey 	 1 	 4.974358e+00 	 -1.800000e+03 	 3.600000e+02 	 2.000000e+00
11 	 146 	 Ey 	 1 	 3.652651e+00 	 -1.560000e+03 	 3.600000e+02 	 2.000000e+00
11 	 147 	 Ey 	 1 	 3.005221e+00 	 -1.320000e+03 	 3.600000e+02 	 2.000000e+00
11 	 148 	 Ey 	 1 	 5.218672e-01 	 -1.080000e+03 	 3.600000e+02 	 2.000000e+00
11 	 149 	 Ey 	 1 	 1.242081e+00 	 -8.400000e+02 	 3.600000e+02 	 2.000000e+00
11 	 150 	 Ey 	 1 	 1.199437e+00 	 -6.000000e+02 	 3.600000e+02 	 2.000000e+00
11 	 151 	 Ey 	 1 	 4.757354e-01 	 -3.600000e+02 	 3.600000e+02 	 2.000000e+00
11 	 152 	 Ey 	 1 	 1.286833e+00 	 -1.200000e+02 	 3.600000e+02 	 2.000000e+00
11 	 153 	 Ey 	 1 	 0.000000e+00 	 1.200000e+02 	 3.600000e+02 	 2.000000e+00
11 	 154 	 Ey 	 1 	 0.000000e+00 	 3.600000e+02 	 3.600000e+02 	 2.000000e+00
11 	 155 	 Ey 	 1 	 0.000000e+00 	 6.000000e+02 	 3.600000e+02 	 2.000000e+00
11 	 156 	 Ey 	 1 	 0.000000e+00 	 8.400000e+02 	 3.600000e+02 	 2.000000e+00
11 	 157 	 Ey 	 1 	 0.000000e+00 	 1.080000e+03 	 3.600000e+02 	 2.000000e+00
11 	 158 	 Ey 	 1 	 5.448645e-01 	 1.320000e+03 	 3.600000e+02 	 2.000000e+00
11 	 159 	 Ey 	 1 	 9.696974e-01 	 1.560000e+03 	 3.600000e+02 	 2.000000e+00
11 	 160 	 Ey 	 1 	 9.829832e-01 	 1.800000e+03 	 3.600000e+02 	 2.000000e+00
11 	 161 	 Ey 	 1 	 3.940499e+00 	 -1.800000e+03 	 6.000000e+02 	 2.000000e+00
11 	 162 	 Ey 	 1 	 3.061824e+00 	 -1.560000e+03 	 6.000000e+02 	 2.000000e+00
11 	 163 	 Ey 	 1 	 1.988904e+00 	 -1.320000e+03 	 6.000000e+02 	 2.000000e+00
11 	 164 	 Ey 	 1 	 3.453394e-01 	 -1.080000e+03 	 6.000000e+02 	 2.000000e+00
11 	 165 	 Ey 	 1 	 4.021814e-01 	 -8.400000e+02 	 6.000000e+02 	 2.000000e+00
11 	 166 	 Ey 	 1 	 1.015667e+00 	 -6.000000e+02 	 6.000000e+02 	 2.000000e+00
11 	 167 	 Ey 	 1 	 7.584075e-01 	 -3.600000e+02 	 6.000000e+02 	 2.000000e+00
11 	 168 	 Ey 	 1 	 3.285989e-01 	 -1.200000e+02 	 6.000000e+02 	 2.000000e+00
11 	 169 	 Ey 	 1 	 0.000000e+00 	 1.200000e+02 	 6.000000e+02 	 2.000000e+00
11 	 170 	 Ey 	 1 	 0.000000e+00 	 3.600000e+02 	 6.000000e+02 	 2.000000e+00
11 	 171 	 Ey 	 1 	 0.000000e+00 	 6.000000e+02 	 6.000000e+02 	 2.000000e+00
11 	 172 	 Ey 	 1 	 0.000000e+00 	 8.400000e+02 	 6.000000e+02 	 2.000000e+00
11 	 173 	 Ey 	 1 	 0.000000e+00 	 1.080000e+03 	 6.000000e+02 	 2.000000e+00
11 	 174 	 Ey 	 1 	 6.061386e-01 	 1.320000e+03 	 6.000000e+02 	 2.000000e+00
11 	 175 	 Ey 	 1 	 2.664537e+00 	 1.560000e+03 	 6.000000e+02 	 2.000000e+00
11 	 176 	 Ey 	 1 	 1.090659e+00 	 1.800000e+03 	 6.000000e+02 	 2.000000e+00
11 	 177 	 Ey 	 1 	 3.425852e+00 	 -1.800000e+03 	 8.400000e+02 	 2.000000e+00
11 	 178 	 Ey 	 1 	 2.460567e+00 	 -1.560000e+03 	 8.400000e+02 	 2.000000e+00
11 	 179 	 Ey 	 1 	 1.239936e+00 	 -1.320000e+03 	 8.400000e+02 	 2.000000e+00
11 	 180 	 Ey 	 1 	 2.006128e+00 	 -1.080000e+03 	 8.400000e+02 	 2.000000e+00
11 	 181 	 Ey 	 1 	 2.944028e+00 	 -8.400000e+02 	 8.400000e+02 	 2.000000e+00
11 	 182 	 Ey 	 1 	 2.328527e+00 	 -6.000000e+02 	 8.400000e+02 	 2.000000e+00
11 	 183 	 Ey 	 1 	 5.000878e-01 	 -3.600000e+02 	 8.400000e+02 	 2.000000e+00
11 	 184 	 Ey 	 1 	 1.514528e+00 	 -1.200000e+02 	 8.400000e+02 	 2.000000e+00
11 	 185 	 Ey 	 1 	 0.000000e+00 	 1.200000e+02 	 8.400000e+02 	 2.000000e+00
11 	 186 	 Ey 	 1 	 0.000000e+00 	 3.600000e+02 	 8.400000e+02 	 2.000000e+00
11 	 187 	 Ey 	 1 	 0.000000e+00 	 6.000000e+02 	 8.400000e+02 	 2.000000e+00
11 	 188 	 Ey 	 1 	 0.000000e+00 	 8.400000e+02 	 8.400000e+02 	 2.000000e+00
11 	 189 	 Ey 	 1 	 9.845845e-01 	 1.080000e+03 	 8.400000e+02 	 2.000000e+00
11 	 190 	 Ey 	 1 	 2.253922e+00 	 1.320000e+03 	 8.400000e+02 	 2.000000e+00
11 	 191 	 Ey 	 1 	 1.710772e+00 	 1.560000e+03 	 8.400000e+02 	 2.000000e+00
11 	 192 	 Ey 	 1 	 1.101030e+00 	 1.800000e+03 	 8.400000e+02 	 2.000000e+00
11 	 193 	 Ey 	 1 	 4.708951e+00 	 -1.800000e+03 	 1.080000e+03 	 2.000000e+00
11 	 194 	 Ey 	 1 	 2.250196e+00 	 -1.560000e+03 	 1.080000e+03 	 2.000000e+00
11 	 195 	 Ey 	 1 	 1.796856e+00 	 -1.320000e+03 	 1.080000e+03 	 2.000000e+00
11 	 196 	 Ey 	 1 	 1.742723e+00 	 -1.080000e+03 	 1.080000e+03 	 2.000000e+00
11 	 197 	 Ey 	 1 	 2.553006e+00 	 -8.400000e+02 	 1.080000e+03 	 2.000000e+00
11 	 198 	 Ey 	 1 	 3.530925e+00 	 -6.000000e+02 	 1.080000e+03 	 2.000000e+00
11 	 199 	 Ey 	 1 	 1.466976e+00 	 -3.600000e+02 	 1.080000e+03 	 2.000000e+00
11 	 200 	 Ey 	 1 	 8.102781e-01 	 -1.200000e+02 	 1.080000e+03 	 2.000000e+00
11 	 201 	 Ey 	 1 	 1.178542e+00 	 1.200000e+02 	 1.080000e+03 	 2.000000e+00
11 	 202 	 Ey 	 1 	 0.000000e+00 	 3.600000e+02 	 1.080000e+03 	 2.000000e+00
11 	 203 	 Ey 	 1 	 0.000000e+00 	 6.000000e+02 	 1.080000e+03 	 2.000000e+00
11 	 204 	 Ey 	 1 	 1.089562e+00 	 8.400000e+02 	 1.080000e+03 	 2.000000e+00
11 	 205 	 Ey 	 1 	 2.557049e+00 	 1.080000e+03 	 1.080000e+03 	 2.000000e+00
11 	 206 	 Ey 	 1 	 4.071536e+00 	 1.320000e+03 	 1.080000e+03 	 2.000000e+00
11 	 207 	 Ey 	 1 	 2.029996e+00 	 1.560000e+03 	 1.080000e+03 	 2.000000e+00
11 	 208 	 Ey 	 1 	 3.391044e+00 	 1.800000e+03 	 1.080000e+03 	 2.000000e+00
11 	 209 	 Ey 	 1 	 4.169162e+00 	 -1.800000e+03 	 1.320000e+03 	 2.000000e+00
11 	 210 	 Ey 	 1 	 3.317587e+00 	 -1.560000e+03 	 1.320000e+03 	 2.000000e+00
11 	 211 	 Ey 	 1 	 1.040500e+00 	 -1.320000e+03 	 1.320000e+03 	 2.000000e+00
11 	 212 	 Ey 	 1 	 2.184925e+00 	 -1.080000e+03 	 1.320000e+03 	 2.000000e+00
11 	 213 	 Ey 	 1 	 1.759823e+00 	 -8.400000e+02 	 1.320000e+03 	 2.000000e+00
11 	 214 	 Ey 	 1 	 1.407664e+00 	 -6.000000e+02 	 1.320000e+03 	 2.000000e+00
11 	 215 	 Ey 	 1 	 1.606144e+00 	 -3.600000e+02 	 1.320000e+03 	 2.000000e+00
11 	 216 	 Ey 	 1 	 9.188185e-01 	 -1.200000e+02 	 1.320000e+03 	 2.000000e+00
11 	 217 	 Ey 	 1 	 1.522185e+00 	 1.200000e+02 	 1.320000e+03 	 2.000000e+00
11 	 218 	 Ey 	 1 	 1.601657e+00 	 3.600000e+02 	 1.320000e+03 	 2.000000e+00
11 	 219 	 Ey 	 1 	 8.519465e-01 	 6.000000e+02 	 1.320000e+03 	 2.000000e+00
11 	 220 	 Ey 	 1 	 2.918649e+00 	 8.400000e+02 	 1.320000e+03 	 2.000000e+00
11 	 221 	 Ey 	 1 	 3.911377e+00 	 1.080000e+03 	 1.320000e+03 	 2.000000e+00
11 	 222 	 Ey 	 1 	 4.295161e+00 	 1.320000e+03 	 1.320000e+03 	 2.000000e+00
11 	 223 	 Ey 	 1 	 4.609751e+00 	 1.560000e+03 	 1.320000e+03 	 2.000000e+00
11 	 224 	 Ey 	 1 	 3.017019e+00 	 1.800000e+03 	 1.320000e+03 	 2.000000e+00
11 	 225 	 Ey 	 1 	 3.828557e+00 	 -1.800000e+03 	 1.560000e+03 	 2.000000e+00
11 	 226 	 Ey 	 1 	 3.401420e+00 	 -1.560000e+03 	 1.560000e+03 	 2.000000e+00
11 	 227 	 Ey 	 1 	 2.852523e+00 	 -1.320000e+03 	 1.560000e+03 	 2.000000e+00
11 	 228 	 Ey 	 1 	 1.767949e+00 	 -1.080000e+03 	 1.560000e+03 	 2.000000e+00
11 	 229 	 Ey 	 1 	 2.528785e+00 	 -8.400000e+02 	 1.560000e+03 	 2.000000e+00
11 	 230 	 Ey 	 1 	 4.895562e-01 	 -6.000000e+02 	 1.560000e+03 	 2.000000e+00
11 	 231 	 Ey 	 1 	 1.641296e+00 	 -3.600000e+02 	 1.560000e+03 	 2.000000e+00
11 	 232 	 Ey 	 1 	 1.970152e+00 	 -1.200000e+02 	 1.560000e+03 	 2.000000e+00
11 	 233 	 Ey 	 1 	 1.187474e+00 	 1.200000e+02 	 1.560000e+03 	 2.000000e+00
11 	 234 	 Ey 	 1 	 5.723168e-01 	 3.600000e+02 	 1.560000e+03 	 2.000000e+00
11 	 235 	 Ey 	 1 	 3.313187e+00 	 6.000000e+02 	 1.560000e+03 	 2.000000e+00
11 	 236 	 Ey 	 1 	 2.505424e+00 	 8.400000e+02 	 1.560000e+03 	 2.000000e+00
11 	 237 	 Ey 	 1 	 3.822627e+00 	 1.080000e+03 	 1.560000e+03 	 2.000000e+00
11 	 238 	 Ey 	 1 	 4.103885e+00 	 1.320000e+03 	 1.560000e+03 	 2.000000e+00
11 	 239 	 Ey 	 1 	 3.575475e+00 	 1.560000e+03 	 1.560000e+03 	 2.000000e+00
11 	 240 	 Ey 	 1 	 3.541578e+00 	 1.800000e+03 	 1.560000e+03 	 2.000000e+00
11 	 241 	 Ey 	 1 	 4.493011e+00 	 -1.800000e+03 	 1.800000e+03 	 2.000000e+00
11 	 242 	 Ey 	 1 	 2.484907e+00 	 -1.560000e+03 	 1.800000e+03 	 2.000000e+00
11 	 243 	 Ey 	 1 	 2.519844e+00 	 -1.320000e+03 	 1.800000e+03 	 2.000000e+00
11 	 244 	 Ey 	 1 	 4.380296e+00 	 -1.080000e+03 	 1.800000e+03 	 2.000000e+00
11 	 245 	 Ey 	 1 	 2.353088e+00 	 -8.400000e+02 	 1.800000e+03 	 2.000000e+00
11 	 246 	 Ey 	 1 	 1.802268e+00 	 -6.000000e+02 	 1.800000e+03 	 2.000000e+00
11 	 247 	 Ey 	 1 	 1.607734e+00 	 -3.600000e+02 	 1.800000e+03 	 2.000000e+00
11 	 248 	 Ey 	 1 	 1.749562e+00 	 -1.200000e+02 	 1.800000e+03 	 2.000000e+00
11 	 249 	 Ey 	 1 	 3.840049e-01 	 1.200000e+02 	 1.800000e+03 	 2.000000e+00
11 	 250 	 Ey 	 1 	 4.390887e-01 	 3.600000e+02 	 1.800000e+03 	 2.000000e+00
11 	 251 	 Ey 	 1 	 3.747091e+00 	 6.000000e+02 	 1.800000e+03 	 2.000000e+00
11 	 252 	 Ey 	 1 	 3.998130e+00 	 8.400000e+02 	 1.800000e+03 	 2.000000e+00
11 	 253 	 Ey 	 1 	 4.348483e+00 	 1.080000e+03 	 1.800000e+03 	 2.000000e+00
11 	 254 	 Ey 	 1 	 5.045880e+00 	 1.320000e+03 	 1.800000e+03 	 2.000000e+00
11 	 255 	 Ey 	 1 	 5.153377e+00 	 1.560000e+03 	 1.800000e+03 	 2.000000e+00
11 	 256 	 Ey 	 1 	 4.122541e+00 	 1.800000e+03 	 1.800000e+03 	 2.000000e+00
11 	 1 	 Ey 	 2 	 2.794046e+00 	 -1.800000e+03 	 -1.800000e+03 	 2.000000e+00
11 	 2 	 Ey 	 2 	 4.125869e+00 	 -1.560000e+03 	 -1.800000e+03 	 2.000000e+00
11 	 3 	 Ey 	 2 	 5.086273e+00 	 -1.320000e+03 	 -1.800000e+03 	 2.000000e+00
11 	 4 	 Ey 	 2 	 6.127408e+00 	 -1.080000e+03 	 -1.800000e+03 	 2.000000e+00
11 	 5 	 Ey 	 2 	 7.631630e+00 	 -8.400000e+02 	 -1.800000e+03 	 2.000000e+00
11 	 6 	 Ey 	 2 	 4.949437e+00 	 -6.000000e+02 	 -1.800000e+03 	 2.000000e+00
11 	 7 	 Ey 	 2 	 5.929873e+00 	 -3.600000e+02 	 -1.800000e+03 	 2.000000e+00
11 	 8 	 Ey 	 2 	 3.535290e+00 	 -1.200000e+02 	 -1.800000e+03 	 2.000000e+00
11 	 9 	 Ey 	 2 	 1.947807e+00 	 1.200000e+02 	 -1.800000e+03 	 2.000000e+00
11 	 10 	 Ey 	 2 	 1.819055e+00 	 3.600000e+02 	 -1.800000e+03 	 2.000000e+00
11 	 11 	 Ey 	 2 	 8.147021e-01 	 6.000000e+02 	 -1.800000e+03 	 2.000000e+00
11 	 12 	 Ey 	 2 	 2.512246e+00 	 8.400000e+02 	 -1.800000e+03 	 2.000000e+00
11 	 13 	 Ey 	 2 	 4.811538e+00 	 1.080000e+03 	 -1.800000e+03 	 2.000000e+00
11 	 14 	 Ey 	 2 	 5.328130e+00 	 1.320000e+03 	 -1.800000e+03 	 2.000000e+00
11 	 15 	 Ey 	 2 	 6.569889e+00 	 1.560000e+03 	 -1.800000e+03 	 2.000000e+00
11 	 16 	 Ey 	 2 	 6.008215e+00 	 1.800000e+03 	 -1.800000e+03 	 2.000000e+00
11 	 17 	 Ey 	 2 	 2.908350e+00 	 -1.800000e+03 	 -1.560000e+03 	 2.000000e+00
11 	 18 	 Ey 	 2 	 3.215449e+00 	 -1.560000e+03 	 -1.560000e+03 	 2.000000e+00
11 	 19 	 Ey 	 2 	 4.878695e+00 	 -1.320000e+03 	 -1.560000e+03 	 2.000000e+00
11 	 20 	 Ey 	 2 	 5.743657e+00 	 -1.080000e+03 	 -1.560000e+03 	 2.000000e+00
11 	 21 	 Ey 	 2 	 5.389315e+00 	 -8.400000e+02 	 -1.560000e+03 	 2.000000e+00
11 	 22 	 Ey 	 2 	 4.903267e+00 	 -6.000000e+02 	 -1.560000e+03 	 2.000000e+00
11 	 23 	 Ey 	 2 	 5.632472e+00 	 -3.600000e+02 	 -1.560000e+03 	 2.000000e+00
11 	 24 	 Ey 	 2 	 5.231316e+00 	 -1.200000e+02 	 -1.560000e+03 	 2.000000e+00
11 	 25 	 Ey 	 2 	 2.476963e+00 	 1.200000e+02 	 -1.560000e+03 	 2.000000e+00
11 	 26 	 Ey 	 2 	 9.000582e-01 	 3.600000e+02 	 -1.560000e+03 	 2.000000e+00
11 	 27 	 Ey 	 2 	 2.431221e+00 	 6.000000e+02 	 -1.560000e+03 	 2.000000e+00
11 	 28 	 Ey 	 2 	 4.383768e+00 	 8.400000e+02 	 -1.560000e+03 	 2.000000e+00
11 	 29 	 Ey 	 2 	 5.081112e+00 	 1.080000e+03 	 -1.560000e+03 	 2.000000e+00
11 	 30 	 Ey 	 2 	 6.537250e+00 	 1.320000e+03 	 -1.560000e+03 	 2.000000e+00
11 	 31 	 Ey 	 2 	 7.456234e+00 	 1.560000e+03 	 -1.560000e+03 	 2.000000e+00
11 	 32 	 Ey 	 2 	 6.699444e+00 	 1.800000e+03 	 -1.560000e+03 	 2.000000e+00
11 	 33 	 Ey 	 2 	 1.597878e+00 	 -1.800000e+03 	 -1.320000e+03 	 2.000000e+00
11 	 34 	 Ey 	 2 	 5.368300e-01 	 -1.560000e+03 	 -1.320000e+03 	 2.000000e+00
11 	 35 	 Ey 	 2 	 1.932584e+00 	 -1.320000e+03 	 -1.320000e+03 	 2.000000e+00
11 	 36 	 Ey 	 2 	 2.612104e+00 	 -1.080000e+03 	 -1.320000e+03 	 2.000000e+00
11 	 37 	 Ey 	 2 	 3.025119e+00 	 -8.400000e+02 	 -1.320000e+03 	 2.000000e+00
11 	 38 	 Ey 	 2 	 3.692904e+00 	 -6.000000e+02 	 -1.320000e+03 	 2.000000e+00
11 	 39 	 Ey 	 2 	 6.267364e+00 	 -3.600000e+02 	 -1.320000e+03 	 2.000000e+00
11 	 40 	 Ey 	 2 	 4.236864e+00 	 -1.200000e+02 	 -1.320000e+03 	 2.000000e+00
11 	 41 	 Ey 	 2 	 1.645279e+00 	 1.200000e+02 	 -1.320000e+03 	 2.000000e+00
11 	 42 	 Ey 	 2 	 4.493644e-01 	 3.600000e+02 	 -1.320000e+03 	 2.000000e+00
11 	 43 	 Ey 	 2 	 2.500100e+00 	 6.000000e+02 	 -1.320000e+03 	 2.000000e+00
11 	 44 	 Ey 	 2 	 5.337598e+00 	 8.400000e+02 	 -1.320000e+03 	 2.000000e+00
11 	 45 	 Ey 	 2 	 6.709414e+00 	 1.080000e+03 	 -1.320000e+03 	 2.000000e+00
11 	 46 	 Ey 	 2 	 6.629855e+00 	 1.320000e+03 	 -1.320000e+03 	 2.000000e+00
11 	 47 	 Ey 	 2 	 8.191857e+00 	 1.560000e+03 	 -1.320000e+03 	 2.000000e+00
11 	 48 	 Ey 	 2 	 6.579562e+00 	 1.800000e+03 	 -1.320000e+03 	 2.000000e+00
11 	 49 	 Ey 	 2 	 2.598725e+00 	 -1.800000e+03 	 -1.080000e+03 	 2.000000e+00
11 	 50 	 Ey 	 2 	 2.331338e+00 	 -1.560000e+03 	 -1.080000e+03 	 2.000000e+00
11 	 51 	 Ey 	 2 	 8.649136e-01 	 -1.320000e+03 	 -1.080000e+03 	 2.000000e+00
11 	 52 	 Ey 	 2 	 1.544901e+00 	 -1.080000e+03 	 -1.080000e+03 	 2.000000e+00
11 	 53 	 Ey 	 2 	 1.207059e+00 	 -8.400000e+02 	 -1.080000e+03 	 2.000000e+00
11 	 54 	 Ey 	 2 	 2.836284e+00 	 -6.000000e+02 	 -1.080000e+03 	 2.000000e+00
11 	 55 	 Ey 	 2 	 3.055558e+00 	 -3.600000e+02 	 -1.080000e+03 	 2.000000e+00
11 	 56 	 Ey 	 2 	 2.445286e+00 	 -1.200000e+02 	 -1.080000e+03 	 2.000000e+00
11 	 57 	 Ey 	 2 	 1.482894e+00 	 1.200000e+02 	 -1.080000e+03 	 2.000000e+00
11 	 58 	 Ey 	 2 	 3.201032e+00 	 3.600000e+02 	 -1.080000e+03 	 2.000000e+00
11 	 59 	 Ey 	 2 	 3.395284e+00 	 6.000000e+02 	 -1.080000e+03 	 2.000000e+00
11 	 60 	 Ey 	 2 	 5.140682e+00 	 8.400000e+02 	 -1.080000e+03 	 2.000000e+00
11 	 61 	 Ey 	 2 	 7.013168e+00 	 1.080000e+03 	 -1.080000e+03 	 2.000000e+00
11 	 62 	 Ey 	 2 	 6.351266e+00 	 1.320000e+03 	 -1.080000e+03 	 2.000000e+00
11 	 63 	 Ey 	 2 	 7.696915e+00 	 1.560000e+03 	 -1.080000e+03 	 2.000000e+00
11 	 64 	 Ey 	 2 	 7.341602e+00 	 1.800000e+03 	 -1.080000e+03 	 2.000000e+00
11 	 65 	 Ey 	 2 	 3.278362e+00 	 -1.800000e+03 	 -8.400000e+02 	 2.000000e+00
11 	 66 	 Ey 	 2 	 3.851607e+00 	 -1.560000e+03 	 -8.400000e+02 	 2.000000e+00
11 	 67 	 Ey 	 2 	 4.892460e+00 	 -1.320000e+03 	 -8.400000e+02 	 2.000000e+00
11 	 68 	 Ey 	 2 	 5.228912e+00 	 -1.080000e+03 	 -8.400000e+02 	 2.000000e+00
11 	 69 	 Ey 	 2 	 5.365448e+00 	 -8.400000e+02 	 -8.400000e+02 	 2.000000e+00
11 	 70 	 Ey 	 2 	 5.699818e+00 	 -6.000000e+02 	 -8.400000e+02 	 2.000000e+00
11 	 71 	 Ey 	 2 	 3.553237e+00 	 -3.600000e+02 	 -8.400000e+02 	 2.000000e+00
11 	 72 	 Ey 	 2 	 2.881973e+00 	 -1.200000e+02 	 -8.400000e+02 	 2.000000e+00
11 	 73 	 Ey 	 2 	 2.111534e+00 	 1.200000e+02 	 -8.400000e+02 	 2.000000e+00
11 	 74 	 Ey 	 2 	 2.009996e+00 	 3.600000e+02 	 -8.400000e+02 	 2.000000e+00
11 	 75 	 Ey 	 2 	 3.958359e+00 	 6.000000e+02 	 -8.400000e+02 	 2.000000e+00
11 	 76 	 Ey 	 2 	 6.169760e+00 	 8.400000e+02 	 -8.400000e+02 	 2.000000e+00
11 	 77 	 Ey 	 2 	 7.544918e+00 	 1.080000e+03 	 -8.400000e+02 	 2.000000e+00
11 	 78 	 Ey 	 2 	 7.544052e+00 	 1.320000e+03 	 -8.400000e+02 	 2.000000e+00
11 	 79 	 Ey 	 2 	 7.208294e+00 	 1.560000e+03 	 -8.400000e+02 	 2.000000e+00
11 	 80 	 Ey 	 2 	 7.278203e+00 	 1.800000e+03 	 -8.400000e+02 	 2.000000e+00
11 	 81 	 Ey 	 2 	 5.095233e+00 	 -1.800000e+03 	 -6.000000e+02 	 2.000000e+00
11 	 82 	 Ey 	 2 	 6.841066e+00 	 -1.560000e+03 	 -6.000000e+02 	 2.000000e+00
11 	 83 	 Ey 	 2 	 6.338355e+00 	 -1.320000e+03 	 -6.000000e+02 	 2.000000e+00
11 	 84 	 Ey 	 2 	 6.582736e+00 	 -1.080000e+03 	 -6.000000e+02 	 2.000000e+00
11 	 85 	 Ey 	 2 	 8.794155e+00 	 -8.400000e+02 	 -6.000000e+02 	 2.000000e+00
11 	 86 	 Ey 	 2 	 7.778353e+00 	 -6.000000e+02 	 -6.000000e+02 	 2.000000e+00
11 	 87 	 Ey 	 2 	 4.527364e+00 	 -3.600000e+02 	 -6.000000e+02 	 2.000000e+00
11 	 88 	 Ey 	 2 	 2.017158e+00 	 -1.200000e+02 	 -6.000000e+02 	 2.000000e+00
11 	 89 	 Ey 	 2 	 2.564046e+00 	 1.200000e+02 	 -6.000000e+02 	 2.000000e+00
11 	 90 	 Ey 	 2 	 1.021772e+00 	 3.600000e+02 	 -6.000000e+02 	 2.000000e+00
11 	 91 	 Ey 	 2 	 3.397023e+00 	 6.000000e+02 	 -6.000000e+02 	 2.000000e+00
11 	 92 	 Ey 	 2 	 6.135883e+00 	 8.400000e+02 	 -6.000000e+02 	 2.000000e+00
11 	 93 	 Ey 	 2 	 5.947387e+00 	 1.080000e+03 	 -6.000000e+02 	 2.000000e+00
11 	 94 	 Ey 	 2 	 6.174747e+00 	 1.320000e+03 	 -6.000000e+02 	 2.000000e+00
11 	 95 	 Ey 	 2 	 6.094602e+00 	 1.560000e+03 	 -6.000000e+02 	 2.000000e+00
11 	 96 	 Ey 	 2 	 6.734188e+00 	 1.800000e+03 	 -6.000000e+02 	 2.000000e+00
11 	 97 	 Ey 	 2 	 6.888806e+00 	 -1.800000e+03 	 -3.600000e+02 	 2.000000e+00
11 	 98 	 Ey 	 2 	 8.599252e+00 	 -1.560000e+03 	 -3.600000e+02 	 2.000000e+00
11 	 99 	 Ey 	 2 	 6.634353e+00 	 -1.320000e+03 	 -3.600000e+02 	 2.000000e+00
11 	 100 	 Ey 	 2 	 7.909112e+00 	 -1.080000e+03 	 -3.600000e+02 	 2.000000e+00
11 	 101 	 Ey 	 2 	 8.275980e+00 	 -8.400000e+02 	 -3.600000e+02 	 2.000000e+00
11 	 102 	 Ey 	 2 	 7.594339e+00 	 -6.000000e+02 	 -3.600000e+02 	 2.000000e+00
11 	 103 	 Ey 	 2 	 4.352827e+00 	 -3.600000e+02 	 -3.600000e+02 	 2.000000e+00
11 	 104 	 Ey 	 2 	 3.679616e+00 	 -1.200000e+02 	 -3.600000e+02 	 2.000000e+00
11 	 105 	 Ey 	 2 	 6.666742e-01 	 1.200000e+02 	 -3.600000e+02 	 2.000000e+00
11 	 106 	 Ey 	 2 	 2.283173e+00 	 3.600000e+02 	 -3.600000e+02 	 2.000000e+00
11 	 107 	 Ey 	 2 	 1.913727e+00 	 6.000000e+02 	 -3.600000e+02 	 2.000000e+00
11 	 108 	 Ey 	 2 	 3.808699e+00 	 8.400000e+02 	 -3.600000e+02 	 2.000000e+00
11 	 109 	 Ey 	 2 	 5.089597e+00 	 1.080000e+03 	 -3.600000e+02 	 2.000000e+00
11 	 110 	 Ey 	 2 	 4.619927e+00 	 1.320000e+03 	 -3.600000e+02 	 2.000000e+00
11 	 111 	 Ey 	 2 	 5.241193e+00 	 1.560000e+03 	 -3.600000e+02 	 2.000000e+00
11 	 112 	 Ey 	 2 	 4.836863e+00 	 1.800000e+03 	 -3.600000e+02 	 2.000000e+00
11 	 113 	 Ey 	 2 	 7.187644e+00 	 -1.800000e+03 	 -1.200000e+02 	 2.000000e+00
11 	 114 	 Ey 	 2 	 7.834289e+00 	 -1.560000e+03 	 -1.200000e+02 	 2.000000e+00
11 	 115 	 Ey 	 2 	 7.285134e+00 	 -1.320000e+03 	 -1.200000e+02 	 2.000000e+00
11 	 116 	 Ey 	 2 	 7.710619e+00 	 -1.080000e+03 	 -1.200000e+02 	 2.000000e+00
11 	 117 	 Ey 	 2 	 8.267754e+00 	 -8.400000e+02 	 -1.200000e+02 	 2.000000e+00
11 	 118 	 Ey 	 2 	 5.713969e+00 	 -6.000000e+02 	 -1.200000e+02 	 2.000000e+00
11 	 119 	 Ey 	 2 	 2.702232e+00 	 -3.600000e+02 	 -1.200000e+02 	 2.000000e+00
11 	 120 	 Ey 	 2 	 2.328073e+00 	 -1.200000e+02 	 -1.200000e+02 	 2.000000e+00
11 	 121 	 Ey 	 2 	 1.209886e+00 	 1.200000e+02 	 -1.200000e+02 	 2.000000e+00
11 	 122 	 Ey 	 2 	 1.640285e+00 	 3.600000e+02 	 -1.200000e+02 	 2.000000e+00
11 	 123 	 Ey 	 2 	 1.217758e+00 	 6.000000e+02 	 -1.200000e+02 	 2.000000e+00
11 	 124 	 Ey 	 2 	 2.951094e+00 	 8.400000e+02 	 -1.200000e+02 	 2.000000e+00
11 	 125 	 Ey 	 2 	 3.197762e+00 	 1.080000e+03 	 -1.200000e+02 	 2.000000e+00
11 	 126 	 Ey 	 2 	 3.613404e+00 	 1.320000e+03 	 -1.200000e+02 	 2.000000e+00
11 	 127 	 Ey 	 2 	 3.523731e+00 	 1.560000e+03 	 -1.200000e+02 	 2.000000e+00
11 	 128 	 Ey 	 2 	 3.303101e+00 	 1.800000e+03 	 -1.200000e+02 	 2.000000e+00
11 	 129 	 Ey 	 2 	 7.178883e+00 	 -1.800000e+03 	 1.200000e+02 	 2.000000e+00
11 	 130 	 Ey 	 2 	 6.911137e+00 	 -1.560000e+03 	 1.200000e+02 	 2.000000e+00
11 	 131 	 Ey 	 2 	 6.857839e+00 	 -1.320000e+03 	 1.200000e+02 	 2.000000e+00
11 	 132 	 Ey 	 2 	 6.412236e+00 	 -1.080000e+03 	 1.200000e+02 	 2.000000e+00
11 	 133 	 Ey 	 2 	 4.568838e+00 	 -8.400000e+02 	 1.200000e+02 	 2.000000e+00
11 	 134 	 Ey 	 2 	 3.340196e+00 	 -6.000000e+02 	 1.200000e+02 	 2.000000e+00
11 	 135 	 Ey 	 2 	 2.725196e+00 	 -3.600000e+02 	 1.200000e+02 	 2.000000e+00
11 	 136 	 Ey 	 2 	 6.814494e-01 	 -1.200000e+02 	 1.200000e+02 	 2.000000e+00
11 	 137 	 Ey 	 2 	 0.000000e+00 	 1.200000e+02 	 1.200000e+02 	 2.000000e+00
11 	 138 	 Ey 	 2 	 0.000000e+00 	 3.600000e+02 	 1.200000e+02 	 2.000000e+00
11 	 139 	 Ey 	 2 	 0.000000e+00 	 6.000000e+02 	 1.200000e+02 	 2.000000e+00
11 	 140 	 Ey 	 2 	 0.000000e+00 	 8.400000e+02 	 1.200000e+02 	 2.000000e+00
11 	 141 	 Ey 	 2 	 5.353903e-01 	 1.080000e+03 	 1.200000e+02 	 2.000000e+00
11 	 142 	 Ey 	 2 	 3.165469e+00 	 1.320000e+03 	 1.200000e+02 	 2.000000e+00
11 	 143 	 Ey 	 2 	 2.318284e+00 	 1.560000e+03 	 1.200000e+02 	 2.000000e+00
11 	 144 	 Ey 	 2 	 1.266893e+00 	 1.800000e+03 	 1.200000e+02 	 2.000000e+00
11 	 145 	 Ey 	 2 	 7.269527e+00 	 -1.800000e+03 	 3.600000e+02 	 2.000000e+00
11 	 146 	 Ey 	 2 	 3.990047e+00 	 -1.560000e+03 	 3.600000e+02 	 2.000000e+00
11 	 147 	 Ey 	 2 	 4.869590e+00 	 -1.320000e+03 	 3.600000e+02 	 2.000000e+00
11 	 148 	 Ey 	 2 	 2.640620e+00 	 -1.080000e+03 	 3.600000e+02 	 2.000000e+00
11 	 149 	 Ey 	 2 	 2.690679e+00 	 -8.400000e+02 	 3.600000e+02 	 2.000000e+00
11 	 150 	 Ey 	 2 	 2.295333e+00 	 -6.000000e+02 	 3.600000e+02 	 2.000000e+00
11 	 151 	 Ey 	 2 	 4.008586e-01 	 -3.600000e+02 	 3.600000e+02 	 2.000000e+00
11 	 152 	 Ey 	 2 	 1.323260e+00 	 -1.200000e+02 	 3.600000e+02 	 2.000000e+00
11 	 153 	 Ey 	 2 	 0.000000e+00 	 1.200000e+02 	 3.600000e+02 	 2.000000e+00
11 	 154 	 Ey 	 2 	 0.000000e+00 	 3.600000e+02 	 3.600000e+02 	 2.000000e+00
11 	 155 	 Ey 	 2 	 0.000000e+00 	 6.000000e+02 	 3.600000e+02 	 2.000000e+00
11 	 156 	 Ey 	 2 	 0.000000e+00 	 8.400000e+02 	 3.600000e+02 	 2.000000e+00
11 	 157 	 Ey 	 2 	 0.000000e+00 	 1.080000e+03 	 3.600000e+02 	 2.000000e+00
11 	 158 	 Ey 	 2 	 5.446601e-01 	 1.320000e+03 	 3.600000e+02 	 2.000000e+00
11 	 159 	 Ey 	 2 	 2.191318e+00 	 1.560000e+03 	 3.600000e+02 	 2.000000e+00
11 	 160 	 Ey 	 2 	 1.428509e+00 	 1.800000e+03 	 3.600000e+02 	 2.000000e+00
11 	 161 	 Ey 	 2 	 5.738346e+00 	 -1.800000e+03 	 6.000000e+02 	 2.000000e+00
11 	 162 	 Ey 	 2 	 5.056257e+00 	 -1.560000e+03 	 6.000000e+02 	 2.000000e+00
11 	 163 	 Ey 	 2 	 3.634699e+00 	 -1.320000e+03 	 6.000000e+02 	 2.000000e+00
11 	 164 	 Ey 	 2 	 1.839565e+00 	 -1.080000e+03 	 6.000000e+02 	 2.000000e+00
11 	 165 	 Ey 	 2 	 1.149002e+00 	 -8.400000e+02 	 6.000000e+02 	 2.000000e+00
11 	 166 	 Ey 	 2 	 2.626410e+00 	 -6.000000e+02 	 6.000000e+02 	 2.000000e+00
11 	 167 	 Ey 	 2 	 6.867726e-01 	 -3.600000e+02 	 6.000000e+02 	 2.000000e+00
11 	 168 	 Ey 	 2 	 1.257013e+00 	 -1.200000e+02 	 6.000000e+02 	 2.000000e+00
11 	 169 	 Ey 	 2 	 0.000000e+00 	 1.200000e+02 	 6.000000e+02 	 2.000000e+00
11 	 170 	 Ey 	 2 	 0.000000e+00 	 3.600000e+02 	 6.000000e+02 	 2.000000e+00
11 	 171 	 Ey 	 2 	 0.000000e+00 	 6.000000e+02 	 6.000000e+02 	 2.000000e+00
11 	 172 	 Ey 	 2 	 0.000000e+00 	 8.400000e+02 	 6.000000e+02 	 2.000000e+00
11 	 173 	 Ey 	 2 	 0.000000e+00 	 1.080000e+03 	 6.000000e+02 	 2.000000e+00
11 	 174 	 Ey 	 2 	 6.786511e-01 	 1.320000e+03 	 6.000000e+02 	 2.000000e+00
11 	 175 	 Ey 	 2 	 3.485121e-01 	 1.560000e+03 	 6.000000e+02 	 2.000000e+00
11 	 176 	 Ey 	 2 	 1.011278e+00 	 1.800000e+03 	 6.000000e+02 	 2.000000e+00
11 	 177 	 Ey 	 2 	 6.897170e+00 	 -1.800000e+03 	 8.400000e+02 	 2.000000e+00
11 	 178 	 Ey 	 2 	 4.068850e+00 	 -1.560000e+03 	 8.400000e+02 	 2.000000e+00
11 	 179 	 Ey 	 2 	 1.516052e+00 	 -1.320000e+03 	 8.400000e+02 	 2.000000e+00
11 	 180 	 Ey 	 2 	 9.806806e-01 	 -1.080000e+03 	 8.400000e+02 	 2.000000e+00
11 	 181 	 Ey 	 2 	 3.077367e+00 	 -8.400000e+02 	 8.400000e+02 	 2.000000e+00
11 	 182 	 Ey 	 2 	 2.299369e+00 	 -6.000000e+02 	 8.400000e+02 	 2.000000e+00
11 	 183 	 Ey 	 2 	 8.093859e-01 	 -3.600000e+02 	 8.400000e+02 	 2.000000e+00
11 	 184 	 Ey 	 2 	 1.385782e-01 	 -1.200000e+02 	 8.400000e+02 	 2.000000e+00
11 	 185 	 Ey 	 2 	 0.000000e+00 	 1.200000e+02 	 8.400000e+02 	 2.000000e+00
11 	 186 	 Ey 	 2 	 0.000000e+00 	 3.600000e+02 	 8.400000e+02 	 2.000000e+00
11 	 187 	 Ey 	 2 	 0.000000e+00 	 6.000000e+02 	 8.400000e+02 	 2.000000e+00
11 	 188 	 Ey 	 2 	 0.000000e+00 	 8.400000e+02 	 8.400000e+02 	 2.000000e+00
11 	 189 	 Ey 	 2 	 1.846103e+00 	 1.080000e+03 	 8.400000e+02 	 2.000000e+00
11 	 190 	 Ey 	 2 	 1.102158e+00 	 1.320000e+03 	 8.400000e+02 	 2.000000e+00
11 	 191 	 Ey 	 2 	 1.781938e+00 	 1.560000e+03 	 8.400000e+02 	 2.000000e+00
11 	 192 	 Ey 	 2 	 2.888165e+00 	 1.800000e+03 	 8.400000e+02 	 2.000000e+00
11 	 193 	 Ey 	 2 	 3.950821e+00 	 -1.800000e+03 	 1.080000e+03 	 2.000000e+00
11 	 194 	 Ey 	 2 	 2.245321e+00 	 -1.560000e+03 	 1.080000e+03 	 2.000000e+00
11 	 195 	 Ey 	 2 	 1.797546e+00 	 -1.320000e+03 	 1.080000e+03 	 2.000000e+00
11 	 196 	 Ey 	 2 	 1.832393e+00 	 -1.080000e+03 	 1.080000e+03 	 2.000000e+00
11 	 197 	 Ey 	 2 	 1.176388e+00 	 -8.400000e+02 	 1.080000e+03 	 2.000000e+00
11 	 198 	 Ey 	 2 	 1.943725e+00 	 -6.000000e+02 	 1.080000e+03 	 2.000000e+00
11 	 199 	 Ey 	 2 	 2.754199e+00 	 -3.600000e+02 	 1.080000e+03 	 2.000000e+00
11 	 200 	 Ey 	 2 	 1.179696e+00 	 -1.200000e+02 	 1.080000e+03 	 2.000000e+00
11 	 201 	 Ey 	 2 	 2.694223e+00 	 1.200000e+02 	 1.080000e+03 	 2.000000e+00
11 	 202 	 Ey 	 2 	 0.000000e+00 	 3.600000e+02 	 1.080000e+03 	 2.000000e+00
11 	 203 	 Ey 	 2 	 0.000000e+00 	 6.000000e+02 	 1.080000e+03 	 2.000000e+00
11 	 204 	 Ey 	 2 	 1.620311e+00 	 8.400000e+02 	 1.080000e+03 	 2.000000e+00
11 	 205 	 Ey 	 2 	 1.990990e+00 	 1.080000e+03 	 1.080000e+03 	 2.000000e+00
11 	 206 	 Ey 	 2 	 3.036136e+00 	 1.320000e+03 	 1.080000e+03 	 2.000000e+00
11 	 207 	 Ey 	 2 	 2.665634e+00 	 1.560000e+03 	 1.080000e+03 	 2.000000e+00
11 	 208 	 Ey 	 2 	 3.850514e+00 	 1.800000e+03 	 1.080000e+03 	 2.000000e+00
11 	 209 	 Ey 	 2 	 6.439345e+00 	 -1.800000e+03 	 1.320000e+03 	 2.000000e+00
11 	 210 	 Ey 	 2 	 2.720850e+00 	 -1.560000e+03 	 1.320000e+03 	 2.000000e+00
11 	 211 	 Ey 	 2 	 1.867680e+00 	 -1.320000e+03 	 1.320000e+03 	 2.000000e+00
11 	 212 	 Ey 	 2 	 2.610332e+00 	 -1.080000e+03 	 1.320000e+03 	 2.000000e+00
11 	 213 	 Ey 	 2 	 2.132271e+00 	 -8.400000e+02 	 1.320000e+03 	 2.000000e+00
11 	 214 	 Ey 	 2 	 8.228225e-01 	 -6.000000e+02 	 1.320000e+03 	 2.000000e+00
11 	 215 	 Ey 	 2 	 3.025536e+00 	 -3.600000e+02 	 1.320000e+03 	 2.000000e+00
11 	 216 	 Ey 	 2 	 1.911566e+00 	 -1.200000e+02 	 1.320000e+03 	 2.000000e+00
11 	 217 	 Ey 	 2 	 1.728562e+00 	 1.200000e+02 	 1.320000e+03 	 2.000000e+00
11 	 218 	 Ey 	 2 	 1.520914e+00 	 3.600000e+02 	 1.320000e+03 	 2.000000e+00
11 	 219 	 Ey 	 2 	 1.076975e+00 	 6.000000e+02 	 1.320000e+03 	 2.000000e+00
11 	 220 	 Ey 	 2 	 3.288541e+00 	 8.400000e+02 	 1.320000e+03 	 2.000000e+00
11 	 221 	 Ey 	 2 	 4.215816e+00 	 1.080000e+03 	 1.320000e+03 	 2.000000e+00
11 	 222 	 Ey 	 2 	 3.716626e+00 	 1.320000e+03 	 1.320000e+03 	 2.000000e+00
11 	 223 	 Ey 	 2 	 4.501498e+00 	 1.560000e+03 	 1.320000e+03 	 2.000000e+00
11 	 224 	 Ey 	 2 	 4.938977e+00 	 1.800000e+03 	 1.320000e+03 	 2.000000e+00
11 	 225 	 Ey 	 2 	 4.542284e+00 	 -1.800000e+03 	 1.560000e+03 	 2.000000e+00
11 	 226 	 Ey 	 2 	 4.525537e+00 	 -1.560000e+03 	 1.560000e+03 	 2.000000e+00
11 	 227 	 Ey 	 2 	 3.872187e+00 	 -1.320000e+03 	 1.560000e+03 	 2.000000e+00
11 	 228 	 Ey 	 2 	 2.071340e+00 	 -1.080000e+03 	 1.560000e+03 	 2.000000e+00
11 	 229 	 Ey 	 2 	 3.320700e+00 	 -8.400000e+02 	 1.560000e+03 	 2.000000e+00
11 	 230 	 Ey 	 2 	 2.307376e+00 	 -6.000000e+02 	 1.560000e+03 	 2.000000e+00
11 	 231 	 Ey 	 2 	 3.216885e+00 	 -3.600000e+02 	 1.560000e+03 	 2.000000e+00
11 	 232 	 Ey 	 2 	 2.281583e+00 	 -1.200000e+02 	 1.560000e+03 	 2.000000e+00
11 	 233 	 Ey 	 2 	 7.125471e-01 	 1.200000e+02 	 1.560000e+03 	 2.000000e+00
11 	 234 	 Ey 	 2 	 1.305108e+00 	 3.600000e+02 	 1.560000e+03 	 2.000000e+00
11 	 235 	 Ey 	 2 	 2.202724e+00 	 6.000000e+02 	 1.560000e+03 	 2.000000e+00
11 	 236 	 Ey 	 2 	 2.520345e+00 	 8.400000e+02 	 1.560000e+03 	 2.000000e+00
11 	 237 	 Ey 	 2 	 3.988257e+00 	 1.080000e+03 	 1.560000e+03 	 2.000000e+00
11 	 238 	 Ey 	 2 	 3.862272e+00 	 1.320000e+03 	 1.560000e+03 	 2.000000e+00
11 	 239 	 Ey 	 2 	 4.802737e+00 	 1.560000e+03 	 1.560000e+03 	 2.000000e+00
11 	 240 	 Ey 	 2 	 3.470186e+00 	 1.800000e+03 	 1.560000e+03 	 2.000000e+00
11 	 241 	 Ey 	 2 	 5.807416e+00 	 -1.800000e+03 	 1.800000e+03 	 2.000000e+00
11 	 242 	 Ey 	 2 	 4.632993e+00 	 -1.560000e+03 	 1.800000e+03 	 2.000000e+00
11 	 243 	 Ey 	 2 	 4.546341e+00 	 -1.320000e+03 	 1.800000e+03 	 2.000000e+00
11 	 244 	 Ey 	 2 	 3.654521e+00 	 -1.080000e+03 	 1.800000e+03 	 2.000000e+00
11 	 245 	 Ey 	 2 	 3.999685e+00 	 -8.400000e+02 	 1.800000e+03 	 2.000000e+00
11 	 246 	 Ey 	 2 	 3.846550e+00 	 -6.000000e+02 	 1.800000e+03 	 2.000000e+00
11 	 247 	 Ey 	 2 	 3.104234e+00 	 -3.600000e+02 	 1.800000e+03 	 2.000000e+00
11 	 248 	 Ey 	 2 	 2.722900e+00 	 -1.200000e+02 	 1.800000e+03 	 2.000000e+00
11 	 249 	 Ey 	 2 	 1.679822e+00 	 1.200000e+02 	 1.800000e+03 	 2.000000e+00
11 	 250 	 Ey 	 2 	 2.105134e+00 	 3.600000e+02 	 1.800000e+03 	 2.000000e+00
11 	 251 	 Ey 	 2 	 2.496803e+00 	 6.000000e+02 	 1.800000e+03 	 2.000000e+00
11 	 252 	 Ey 	 2 	 3.071876e+00 	 8.400000e+02 	 1.800000e+03 	 2.000000e+00
11 	 253 	 Ey 	 2 	 2.606657e+00 	 1.080000e+03 	 1.800000e+03 	 2.000000e+00
11 	 254 	 Ey 	 2 	 2.738734e+00 	 1.320000e+03 	 1.800000e+03 	 2.000000e+00
11 	 255 	 Ey 	 2 	 4.239616e+00 	 1.560000e+03 	 1.800000e+03 	 2.000000e+00
11 	 256 	 Ey 	 2 	 3.885045e+00 	 1.800000e+03 	 1.800000e+03 	 2.000000e+00
