iTx 	 iRx    ichrec  ifreq 	 sig_misfit   x       y      z
6 	 1 	 Ex 	 1 	 2.643695e+00 	 -1.800000e+03 	 -1.800000e+03 	 2.000000e+00
6 	 2 	 Ex 	 1 	 1.867608e+00 	 -1.560000e+03 	 -1.800000e+03 	 2.000000e+00
6 	 3 	 Ex 	 1 	 3.507147e+00 	 -1.320000e+03 	 -1.800000e+03 	 2.000000e+00
6 	 4 	 Ex 	 1 	 5.651628e+00 	 -1.080000e+03 	 -1.800000e+03 	 2.000000e+00
6 	 5 	 Ex 	 1 	 6.252687e+00 	 -8.400000e+02 	 -1.800000e+03 	 2.000000e+00
6 	 6 	 Ex 	 1 	 8.561256e+00 	 -6.000000e+02 	 -1.800000e+03 	 2.000000e+00
6 	 7 	 Ex 	 1 	 7.515050e+00 	 -3.600000e+02 	 -1.800000e+03 	 2.000000e+00
6 	 8 	 Ex 	 1 	 4.973980e+00 	 -1.200000e+02 	 -1.800000e+03 	 2.000000e+00
6 	 9 	 Ex 	 1 	 2.323247e+00 	 1.200000e+02 	 -1.800000e+03 	 2.000000e+00
6 	 10 	 Ex 	 1 	 1.966998e+00 	 3.600000e+02 	 -1.800000e+03 	 2.000000e+00
6 	 11 	 Ex 	 1 	 1.575104e+00 	 6.000000e+02 	 -1.800000e+03 	 2.000000e+00
6 	 12 	 Ex 	 1 	 1.797422e+00 	 8.400000e+02 	 -1.800000e+03 	 2.000000e+00
6 	 13 	 Ex 	 1 	 2.998385e+00 	 1.080000e+03 	 -1.800000e+03 	 2.000000e+00
6 	 14 	 Ex 	 1 	 1.426579e+00 	 1.320000e+03 	 -1.800000e+03 	 2.000000e+00
6 	 15 	 Ex 	 1 	 1.614636e+00 	 1.560000e+03 	 -1.800000e+03 	 2.000000e+00
6 	 16 	 Ex 	 1 	 2.672349e+00 	 1.800000e+03 	 -1.800000e+03 	 2.000000e+00
6 	 17 	 Ex 	 1 	 3.382602e+00 	 -1.800000e+03 	 -1.560000e+03 	 2.000000e+00
6 	 18 	 Ex 	 1 	 2.392083e+00 	 -1.560000e+03 	 -1.560000e+03 	 2.000000e+00
6 	 19 	 Ex 	 1 	 1.570619e+00 	 -1.320000e+03 	 -1.560000e+03 	 2.000000e+00
6 	 20 	 Ex 	 1 	 3.456084e+00 	 -1.080000e+03 	 -1.560000e+03 	 2.000000e+00
6 	 21 	 Ex 	 1 	 4.917662e+00 	 -8.400000e+02 	 -1.560000e+03 	 2.000000e+00
6 	 22 	 Ex 	 1 	 5.982300e+00 	 -6.000000e+02 	 -1.560000e+03 	 2.000000e+00
6 	 23 	 Ex 	 1 	 5.898900e+00 	 -3.600000e+02 	 -1.560000e+03 	 2.000000e+00
6 	 24 	 Ex 	 1 	 4.998448e+00 	 -1.200000e+02 	 -1.560000e+03 	 2.000000e+00
6 	 25 	 Ex 	 1 	 2.096374e+00 	 1.200000e+02 	 -1.560000e+03 	 2.000000e+00
6 	 26 	 Ex 	 1 	 1.029722e+00 	 3.600000e+02 	 -1.560000e+03 	 2.000000e+00
6 	 27 	 Ex 	 1 	 1.543201e+00 	 6.000000e+02 	 -1.560000e+03 	 2.000000e+00
6 	 28 	 Ex 	 1 	 2.323425e+00 	 8.400000e+02 	 -1.560000e+03 	 2.000000e+00
6 	 29 	 Ex 	 1 	 2.950829e+00 	 1.080000e+03 	 -1.560000e+03 	 2.000000e+00
6 	 30 	 Ex 	 1 	 2.242861e+00 	 1.320000e+03 	 -1.560000e+03 	 2.000000e+00
6 	 31 	 Ex 	 1 	 1.088559e+00 	 1.560000e+03 	 -1.560000e+03 	 2.000000e+00
6 	 32 	 Ex 	 1 	 3.275239e+00 	 1.800000e+03 	 -1.560000e+03 	 2.000000e+00
6 	 33 	 Ex 	 1 	 4.540739e+00 	 -1.800000e+03 	 -1.320000e+03 	 2.000000e+00
6 	 34 	 Ex 	 1 	 2.465792e+00 	 -1.560000e+03 	 -1.320000e+03 	 2.000000e+00
6 	 35 	 Ex 	 1 	 1.056358e+00 	 -1.320000e+03 	 -1.320000e+03 	 2.000000e+00
6 	 36 	 Ex 	 1 	 2.123344e+00 	 -1.080000e+03 	 -1.320000e+03 	 2.000000e+00
6 	 37 	 Ex 	 1 	 3.561594e+00 	 -8.400000e+02 	 -1.320000e+03 	 2.000000e+00
6 	 38 	 Ex 	 1 	 4.065736e+00 	 -6.000000e+02 	 -1.320000e+03 	 2.000000e+00
6 	 39 	 Ex 	 1 	 3.123724e+00 	 -3.600000e+02 	 -1.320000e+03 	 2.000000e+00
6 	 40 	 Ex 	 1 	 2.316524e+00 	 -1.200000e+02 	 -1.320000e+03 	 2.000000e+00
6 	 41 	 Ex 	 1 	 1.137277e+00 	 1.200000e+02 	 -1.320000e+03 	 2.000000e+00
6 	 42 	 Ex 	 1 	 3.081090e+00 	 3.600000e+02 	 -1.320000e+03 	 2.000000e+00
6 	 43 	 Ex 	 1 	 2.123322e+00 	 6.000000e+02 	 -1.320000e+03 	 2.000000e+00
6 	 44 	 Ex 	 1 	 9.917374e-02 	 8.400000e+02 	 -1.320000e+03 	 2.000000e+00
6 	 45 	 Ex 	 1 	 1.137970e+00 	 1.080000e+03 	 -1.320000e+03 	 2.000000e+00
6 	 46 	 Ex 	 1 	 1.313133e+00 	 1.320000e+03 	 -1.320000e+03 	 2.000000e+00
6 	 47 	 Ex 	 1 	 1.336042e+00 	 1.560000e+03 	 -1.320000e+03 	 2.000000e+00
6 	 48 	 Ex 	 1 	 2.370007e+00 	 1.800000e+03 	 -1.320000e+03 	 2.000000e+00
6 	 49 	 Ex 	 1 	 4.829805e+00 	 -1.800000e+03 	 -1.080000e+03 	 2.000000e+00
6 	 50 	 Ex 	 1 	 3.796257e+00 	 -1.560000e+03 	 -1.080000e+03 	 2.000000e+00
6 	 51 	 Ex 	 1 	 2.676965e+00 	 -1.320000e+03 	 -1.080000e+03 	 2.000000e+00
6 	 52 	 Ex 	 1 	 9.287104e-01 	 -1.080000e+03 	 -1.080000e+03 	 2.000000e+00
6 	 53 	 Ex 	 1 	 1.413599e+00 	 -8.400000e+02 	 -1.080000e+03 	 2.000000e+00
6 	 54 	 Ex 	 1 	 0.000000e+00 	 -6.000000e+02 	 -1.080000e+03 	 2.000000e+00
6 	 55 	 Ex 	 1 	 0.000000e+00 	 -3.600000e+02 	 -1.080000e+03 	 2.000000e+00
6 	 56 	 Ex 	 1 	 9.182231e-01 	 -1.200000e+02 	 -1.080000e+03 	 2.000000e+00
6 	 57 	 Ex 	 1 	 1.526930e+00 	 1.200000e+02 	 -1.080000e+03 	 2.000000e+00
6 	 58 	 Ex 	 1 	 2.292534e+00 	 3.600000e+02 	 -1.080000e+03 	 2.000000e+00
6 	 59 	 Ex 	 1 	 1.389367e+00 	 6.000000e+02 	 -1.080000e+03 	 2.000000e+00
6 	 60 	 Ex 	 1 	 2.121665e+00 	 8.400000e+02 	 -1.080000e+03 	 2.000000e+00
6 	 61 	 Ex 	 1 	 1.652383e+00 	 1.080000e+03 	 -1.080000e+03 	 2.000000e+00
6 	 62 	 Ex 	 1 	 3.156886e+00 	 1.320000e+03 	 -1.080000e+03 	 2.000000e+00
6 	 63 	 Ex 	 1 	 2.157500e+00 	 1.560000e+03 	 -1.080000e+03 	 2.000000e+00
6 	 64 	 Ex 	 1 	 4.766864e-01 	 1.800000e+03 	 -1.080000e+03 	 2.000000e+00
6 	 65 	 Ex 	 1 	 5.355076e+00 	 -1.800000e+03 	 -8.400000e+02 	 2.000000e+00
6 	 66 	 Ex 	 1 	 4.098744e+00 	 -1.560000e+03 	 -8.400000e+02 	 2.000000e+00
6 	 67 	 Ex 	 1 	 8.639095e-01 	 -1.320000e+03 	 -8.400000e+02 	 2.000000e+00
6 	 68 	 Ex 	 1 	 1.581060e+00 	 -1.080000e+03 	 -8.400000e+02 	 2.000000e+00
6 	 69 	 Ex 	 1 	 0.000000e+00 	 -8.400000e+02 	 -8.400000e+02 	 2.000000e+00
6 	 70 	 Ex 	 1 	 0.000000e+00 	 -6.000000e+02 	 -8.400000e+02 	 2.000000e+00
6 	 71 	 Ex 	 1 	 0.000000e+00 	 -3.600000e+02 	 -8.400000e+02 	 2.000000e+00
6 	 72 	 Ex 	 1 	 0.000000e+00 	 -1.200000e+02 	 -8.400000e+02 	 2.000000e+00
6 	 73 	 Ex 	 1 	 1.469406e+00 	 1.200000e+02 	 -8.400000e+02 	 2.000000e+00
6 	 74 	 Ex 	 1 	 3.164375e+00 	 3.600000e+02 	 -8.400000e+02 	 2.000000e+00
6 	 75 	 Ex 	 1 	 2.376849e+00 	 6.000000e+02 	 -8.400000e+02 	 2.000000e+00
6 	 76 	 Ex 	 1 	 2.268702e+00 	 8.400000e+02 	 -8.400000e+02 	 2.000000e+00
6 	 77 	 Ex 	 1 	 4.523758e+00 	 1.080000e+03 	 -8.400000e+02 	 2.000000e+00
6 	 78 	 Ex 	 1 	 2.947886e+00 	 1.320000e+03 	 -8.400000e+02 	 2.000000e+00
6 	 79 	 Ex 	 1 	 3.011707e+00 	 1.560000e+03 	 -8.400000e+02 	 2.000000e+00
6 	 80 	 Ex 	 1 	 4.319389e-01 	 1.800000e+03 	 -8.400000e+02 	 2.000000e+00
6 	 81 	 Ex 	 1 	 7.157868e+00 	 -1.800000e+03 	 -6.000000e+02 	 2.000000e+00
6 	 82 	 Ex 	 1 	 4.644952e+00 	 -1.560000e+03 	 -6.000000e+02 	 2.000000e+00
6 	 83 	 Ex 	 1 	 1.231906e+00 	 -1.320000e+03 	 -6.000000e+02 	 2.000000e+00
6 	 84 	 Ex 	 1 	 0.000000e+00 	 -1.080000e+03 	 -6.000000e+02 	 2.000000e+00
6 	 85 	 Ex 	 1 	 0.000000e+00 	 -8.400000e+02 	 -6.000000e+02 	 2.000000e+00
6 	 86 	 Ex 	 1 	 0.000000e+00 	 -6.000000e+02 	 -6.000000e+02 	 2.000000e+00
6 	 87 	 Ex 	 1 	 0.000000e+00 	 -3.600000e+02 	 -6.000000e+02 	 2.000000e+00
6 	 88 	 Ex 	 1 	 0.000000e+00 	 -1.200000e+02 	 -6.000000e+02 	 2.000000e+00
6 	 89 	 Ex 	 1 	 1.388524e+00 	 1.200000e+02 	 -6.000000e+02 	 2.000000e+00
6 	 90 	 Ex 	 1 	 2.364879e+00 	 3.600000e+02 	 -6.000000e+02 	 2.000000e+00
6 	 91 	 Ex 	 1 	 2.790814e+00 	 6.000000e+02 	 -6.000000e+02 	 2.000000e+00
6 	 92 	 Ex 	 1 	 3.478672e+00 	 8.400000e+02 	 -6.000000e+02 	 2.000000e+00
6 	 93 	 Ex 	 1 	 5.695607e+00 	 1.080000e+03 	 -6.000000e+02 	 2.000000e+00
6 	 94 	 Ex 	 1 	 4.190917e+00 	 1.320000e+03 	 -6.000000e+02 	 2.000000e+00
6 	 95 	 Ex 	 1 	 3.402355e+00 	 1.560000e+03 	 -6.000000e+02 	 2.000000e+00
6 	 96 	 Ex 	 1 	 1.676764e+00 	 1.800000e+03 	 -6.000000e+02 	 2.000000e+00
6 	 97 	 Ex 	 1 	 6.843470e+00 	 -1.800000e+03 	 -3.600000e+02 	 2.000000e+00
6 	 98 	 Ex 	 1 	 4.572611e+00 	 -1.560000e+03 	 -3.600000e+02 	 2.000000e+00
6 	 99 	 Ex 	 1 	 2.449084e+00 	 -1.320000e+03 	 -3.600000e+02 	 2.000000e+00
6 	 100 	 Ex 	 1 	 0.000000e+00 	 -1.080000e+03 	 -3.600000e+02 	 2.000000e+00
6 	 101 	 Ex 	 1 	 0.000000e+00 	 -8.400000e+02 	 -3.600000e+02 	 2.000000e+00
6 	 102 	 Ex 	 1 	 0.000000e+00 	 -6.000000e+02 	 -3.600000e+02 	 2.000000e+00
6 	 103 	 Ex 	 1 	 0.000000e+00 	 -3.600000e+02 	 -3.600000e+02 	 2.000000e+00
6 	 104 	 Ex 	 1 	 0.000000e+00 	 -1.200000e+02 	 -3.600000e+02 	 2.000000e+00
6 	 105 	 Ex 	 1 	 2.397719e+00 	 1.200000e+02 	 -3.600000e+02 	 2.000000e+00
6 	 106 	 Ex 	 1 	 4.327435e+00 	 3.600000e+02 	 -3.600000e+02 	 2.000000e+00
6 	 107 	 Ex 	 1 	 1.191562e+00 	 6.000000e+02 	 -3.600000e+02 	 2.000000e+00
6 	 108 	 Ex 	 1 	 2.949649e+00 	 8.400000e+02 	 -3.600000e+02 	 2.000000e+00
6 	 109 	 Ex 	 1 	 5.926322e+00 	 1.080000e+03 	 -3.600000e+02 	 2.000000e+00
6 	 110 	 Ex 	 1 	 3.933002e+00 	 1.320000e+03 	 -3.600000e+02 	 2.000000e+00
6 	 111 	 Ex 	 1 	 3.739345e+00 	 1.560000e+03 	 -3.600000e+02 	 2.000000e+00
6 	 112 	 Ex 	 1 	 1.139169e+00 	 1.800000e+03 	 -3.600000e+02 	 2.000000e+00
6 	 113 	 Ex 	 1 	 6.015718e+00 	 -1.800000e+03 	 -1.200000e+02 	 2.000000e+00
6 	 114 	 Ex 	 1 	 4.801340e+00 	 -1.560000e+03 	 -1.200000e+02 	 2.000000e+00
6 	 115 	 Ex 	 1 	 1.912213e+00 	 -1.320000e+03 	 -1.200000e+02 	 2.000000e+00
6 	 116 	 Ex 	 1 	 7.076734e-01 	 -1.080000e+03 	 -1.200000e+02 	 2.000000e+00
6 	 117 	 Ex 	 1 	 0.000000e+00 	 -8.400000e+02 	 -1.200000e+02 	 2.000000e+00
6 	 118 	 Ex 	 1 	 0.000000e+00 	 -6.000000e+02 	 -1.200000e+02 	 2.000000e+00
6 	 119 	 Ex 	 1 	 0.000000e+00 	 -3.600000e+02 	 -1.200000e+02 	 2.000000e+00
6 	 120 	 Ex 	 1 	 0.000000e+00 	 -1.200000e+02 	 -1.200000e+02 	 2.000000e+00
6 	 121 	 Ex 	 1 	 2.772954e+00 	 1.200000e+02 	 -1.200000e+02 	 2.000000e+00
6 	 122 	 Ex 	 1 	 3.700208e+00 	 3.600000e+02 	 -1.200000e+02 	 2.000000e+00
6 	 123 	 Ex 	 1 	 1.002038e+00 	 6.000000e+02 	 -1.200000e+02 	 2.000000e+00
6 	 124 	 Ex 	 1 	 3.764293e+00 	 8.400000e+02 	 -1.200000e+02 	 2.000000e+00
6 	 125 	 Ex 	 1 	 5.881172e+00 	 1.080000e+03 	 -1.200000e+02 	 2.000000e+00
6 	 126 	 Ex 	 1 	 6.217176e+00 	 1.320000e+03 	 -1.200000e+02 	 2.000000e+00
6 	 127 	 Ex 	 1 	 3.955872e+00 	 1.560000e+03 	 -1.200000e+02 	 2.000000e+00
6 	 128 	 Ex 	 1 	 2.262531e+00 	 1.800000e+03 	 -1.200000e+02 	 2.000000e+00
6 	 129 	 Ex 	 1 	 7.316242e+00 	 -1.800000e+03 	 1.200000e+02 	 2.000000e+00
6 	 130 	 Ex 	 1 	 2.891046e+00 	 -1.560000e+03 	 1.200000e+02 	 2.000000e+00
6 	 131 	 Ex 	 1 	 1.792973e+00 	 -1.320000e+03 	 1.200000e+02 	 2.000000e+00
6 	 132 	 Ex 	 1 	 1.384357e+00 	 -1.080000e+03 	 1.200000e+02 	 2.000000e+00
6 	 133 	 Ex 	 1 	 3.034266e+00 	 -8.400000e+02 	 1.200000e+02 	 2.000000e+00
6 	 134 	 Ex 	 1 	 6.031921e+00 	 -6.000000e+02 	 1.200000e+02 	 2.000000e+00
6 	 135 	 Ex 	 1 	 4.076551e+00 	 -3.600000e+02 	 1.200000e+02 	 2.000000e+00
6 	 136 	 Ex 	 1 	 1.384017e+00 	 -1.200000e+02 	 1.200000e+02 	 2.000000e+00
6 	 137 	 Ex 	 1 	 4.061750e+00 	 1.200000e+02 	 1.200000e+02 	 2.000000e+00
6 	 138 	 Ex 	 1 	 6.547083e+00 	 3.600000e+02 	 1.200000e+02 	 2.000000e+00
6 	 139 	 Ex 	 1 	 1.454540e+00 	 6.000000e+02 	 1.200000e+02 	 2.000000e+00
6 	 140 	 Ex 	 1 	 3.883592e+00 	 8.400000e+02 	 1.200000e+02 	 2.000000e+00
6 	 141 	 Ex 	 1 	 6.234856e+00 	 1.080000e+03 	 1.200000e+02 	 2.000000e+00
6 	 142 	 Ex 	 1 	 5.271161e+00 	 1.320000e+03 	 1.200000e+02 	 2.000000e+00
6 	 143 	 Ex 	 1 	 3.362312e+00 	 1.560000e+03 	 1.200000e+02 	 2.000000e+00
6 	 144 	 Ex 	 1 	 2.151717e+00 	 1.800000e+03 	 1.200000e+02 	 2.000000e+00
6 	 145 	 Ex 	 1 	 6.074007e+00 	 -1.800000e+03 	 3.600000e+02 	 2.000000e+00
6 	 146 	 Ex 	 1 	 5.198345e+00 	 -1.560000e+03 	 3.600000e+02 	 2.000000e+00
6 	 147 	 Ex 	 1 	 1.398091e+00 	 -1.320000e+03 	 3.600000e+02 	 2.000000e+00
6 	 148 	 Ex 	 1 	 3.533432e+00 	 -1.080000e+03 	 3.600000e+02 	 2.000000e+00
6 	 149 	 Ex 	 1 	 7.362726e+00 	 -8.400000e+02 	 3.600000e+02 	 2.000000e+00
6 	 150 	 Ex 	 1 	 8.263951e+00 	 -6.000000e+02 	 3.600000e+02 	 2.000000e+00
6 	 151 	 Ex 	 1 	 5.961418e+00 	 -3.600000e+02 	 3.600000e+02 	 2.000000e+00
6 	 152 	 Ex 	 1 	 2.126435e+00 	 -1.200000e+02 	 3.600000e+02 	 2.000000e+00
6 	 153 	 Ex 	 1 	 3.302026e+00 	 1.200000e+02 	 3.600000e+02 	 2.000000e+00
6 	 154 	 Ex 	 1 	 5.314344e+00 	 3.600000e+02 	 3.600000e+02 	 2.000000e+00
6 	 155 	 Ex 	 1 	 2.206075e+00 	 6.000000e+02 	 3.600000e+02 	 2.000000e+00
6 	 156 	 Ex 	 1 	 3.391398e+00 	 8.400000e+02 	 3.600000e+02 	 2.000000e+00
6 	 157 	 Ex 	 1 	 5.479790e+00 	 1.080000e+03 	 3.600000e+02 	 2.000000e+00
6 	 158 	 Ex 	 1 	 5.766175e+00 	 1.320000e+03 	 3.600000e+02 	 2.000000e+00
6 	 159 	 Ex 	 1 	 4.166478e+00 	 1.560000e+03 	 3.600000e+02 	 2.000000e+00
6 	 160 	 Ex 	 1 	 3.598119e+00 	 1.800000e+03 	 3.600000e+02 	 2.000000e+00
6 	 161 	 Ex 	 1 	 6.866478e+00 	 -1.800000e+03 	 6.000000e+02 	 2.000000e+00
6 	 162 	 Ex 	 1 	 3.427763e+00 	 -1.560000e+03 	 6.000000e+02 	 2.000000e+00
6 	 163 	 Ex 	 1 	 2.616797e+00 	 -1.320000e+03 	 6.000000e+02 	 2.000000e+00
6 	 164 	 Ex 	 1 	 3.889037e+00 	 -1.080000e+03 	 6.000000e+02 	 2.000000e+00
6 	 165 	 Ex 	 1 	 1.052075e+01 	 -8.400000e+02 	 6.000000e+02 	 2.000000e+00
6 	 166 	 Ex 	 1 	 1.268320e+01 	 -6.000000e+02 	 6.000000e+02 	 2.000000e+00
6 	 167 	 Ex 	 1 	 9.316937e+00 	 -3.600000e+02 	 6.000000e+02 	 2.000000e+00
6 	 168 	 Ex 	 1 	 4.065311e+00 	 -1.200000e+02 	 6.000000e+02 	 2.000000e+00
6 	 169 	 Ex 	 1 	 2.416047e+00 	 1.200000e+02 	 6.000000e+02 	 2.000000e+00
6 	 170 	 Ex 	 1 	 3.671777e+00 	 3.600000e+02 	 6.000000e+02 	 2.000000e+00
6 	 171 	 Ex 	 1 	 1.730086e+00 	 6.000000e+02 	 6.000000e+02 	 2.000000e+00
6 	 172 	 Ex 	 1 	 3.363089e+00 	 8.400000e+02 	 6.000000e+02 	 2.000000e+00
6 	 173 	 Ex 	 1 	 5.257731e+00 	 1.080000e+03 	 6.000000e+02 	 2.000000e+00
6 	 174 	 Ex 	 1 	 5.100070e+00 	 1.320000e+03 	 6.000000e+02 	 2.000000e+00
6 	 175 	 Ex 	 1 	 2.702210e+00 	 1.560000e+03 	 6.000000e+02 	 2.000000e+00
6 	 176 	 Ex 	 1 	 2.408186e+00 	 1.800000e+03 	 6.000000e+02 	 2.000000e+00
6 	 177 	 Ex 	 1 	 4.408422e+00 	 -1.800000e+03 	 8.400000e+02 	 2.000000e+00
6 	 178 	 Ex 	 1 	 3.100597e+00 	 -1.560000e+03 	 8.400000e+02 	 2.000000e+00
6 	 179 	 Ex 	 1 	 2.816721e+00 	 -1.320000e+03 	 8.400000e+02 	 2.000000e+00
6 	 180 	 Ex 	 1 	 5.900057e+00 	 -1.080000e+03 	 8.400000e+02 	 2.000000e+00
6 	 181 	 Ex 	 1 	 1.197286e+01 	 -8.400000e+02 	 8.400000e+02 	 2.000000e+00
6 	 182 	 Ex 	 1 	 1.771595e+01 	 -6.000000e+02 	 8.400000e+02 	 2.000000e+00
6 	 183 	 Ex 	 1 	 1.201536e+01 	 -3.600000e+02 	 8.400000e+02 	 2.000000e+00
6 	 184 	 Ex 	 1 	 6.216728e+00 	 -1.200000e+02 	 8.400000e+02 	 2.000000e+00
6 	 185 	 Ex 	 1 	 1.881480e+00 	 1.200000e+02 	 8.400000e+02 	 2.000000e+00
6 	 186 	 Ex 	 1 	 3.027668e+00 	 3.600000e+02 	 8.400000e+02 	 2.000000e+00
6 	 187 	 Ex 	 1 	 5.963176e-01 	 6.000000e+02 	 8.400000e+02 	 2.000000e+00
6 	 188 	 Ex 	 1 	 3.501585e+00 	 8.400000e+02 	 8.400000e+02 	 2.000000e+00
6 	 189 	 Ex 	 1 	 4.489161e+00 	 1.080000e+03 	 8.400000e+02 	 2.000000e+00
6 	 190 	 Ex 	 1 	 4.813296e+00 	 1.320000e+03 	 8.400000e+02 	 2.000000e+00
6 	 191 	 Ex 	 1 	 4.192255e+00 	 1.560000e+03 	 8.400000e+02 	 2.000000e+00
6 	 192 	 Ex 	 1 	 1.095475e+00 	 1.800000e+03 	 8.400000e+02 	 2.000000e+00
6 	 193 	 Ex 	 1 	 1.240431e+00 	 -1.800000e+03 	 1.080000e+03 	 2.000000e+00
6 	 194 	 Ex 	 1 	 2.198084e+00 	 -1.560000e+03 	 1.080000e+03 	 2.000000e+00
6 	 195 	 Ex 	 1 	 5.728146e+00 	 -1.320000e+03 	 1.080000e+03 	 2.000000e+00
6 	 196 	 Ex 	 1 	 1.065587e+01 	 -1.080000e+03 	 1.080000e+03 	 2.000000e+00
6 	 197 	 Ex 	 1 	 1.463559e+01 	 -8.400000e+02 	 1.080000e+03 	 2.000000e+00
6 	 198 	 Ex 	 1 	 1.845673e+01 	 -6.000000e+02 	 1.080000e+03 	 2.000000e+00
6 	 199 	 Ex 	 1 	 1.404771e+01 	 -3.600000e+02 	 1.080000e+03 	 2.000000e+00
6 	 200 	 Ex 	 1 	 7.601525e+00 	 -1.200000e+02 	 1.080000e+03 	 2.000000e+00
6 	 201 	 Ex 	 1 	 4.069238e+00 	 1.200000e+02 	 1.080000e+03 	 2.000000e+00
6 	 202 	 Ex 	 1 	 1.983508e+00 	 3.600000e+02 	 1.080000e+03 	 2.000000e+00
6 	 203 	 Ex 	 1 	 1.971698e+00 	 6.000000e+02 	 1.080000e+03 	 2.000000e+00
6 	 204 	 Ex 	 1 	 1.251819e+00 	 8.400000e+02 	 1.080000e+03 	 2.000000e+00
6 	 205 	 Ex 	 1 	 4.386025e+00 	 1.080000e+03 	 1.080000e+03 	 2.000000e+00
6 	 206 	 Ex 	 1 	 4.023451e+00 	 1.320000e+03 	 1.080000e+03 	 2.000000e+00
6 	 207 	 Ex 	 1 	 3.144436e+00 	 1.560000e+03 	 1.080000e+03 	 2.000000e+00
6 	 208 	 Ex 	 1 	 1.671564e+00 	 1.800000e+03 	 1.080000e+03 	 2.000000e+00
6 	 209 	 Ex 	 1 	 3.637997e+00 	 -1.800000e+03 	 1.320000e+03 	 2.000000e+00
6 	 210 	 Ex 	 1 	 6.340743e+00 	 -1.560000e+03 	 1.320000e+03 	 2.000000e+00
6 	 211 	 Ex 	 1 	 6.835288e+00 	 -1.320000e+03 	 1.320000e+03 	 2.000000e+00
6 	 212 	 Ex 	 1 	 1.157351e+01 	 -1.080000e+03 	 1.320000e+03 	 2.000000e+00
6 	 213 	 Ex 	 1 	 1.514502e+01 	 -8.400000e+02 	 1.320000e+03 	 2.000000e+00
6 	 214 	 Ex 	 1 	 1.716887e+01 	 -6.000000e+02 	 1.320000e+03 	 2.000000e+00
6 	 215 	 Ex 	 1 	 1.453683e+01 	 -3.600000e+02 	 1.320000e+03 	 2.000000e+00
6 	 216 	 Ex 	 1 	 9.513875e+00 	 -1.200000e+02 	 1.320000e+03 	 2.000000e+00
6 	 217 	 Ex 	 1 	 8.065428e+00 	 1.200000e+02 	 1.320000e+03 	 2.000000e+00
6 	 218 	 Ex 	 1 	 4.522438e+00 	 3.600000e+02 	 1.320000e+03 	 2.000000e+00
6 	 219 	 Ex 	 1 	 2.649454e+00 	 6.000000e+02 	 1.320000e+03 	 2.000000e+00
6 	 220 	 Ex 	 1 	 2.438294e+00 	 8.400000e+02 	 1.320000e+03 	 2.000000e+00
6 	 221 	 Ex 	 1 	 2.961191e+00 	 1.080000e+03 	 1.320000e+03 	 2.000000e+00
6 	 222 	 Ex 	 1 	 3.624777e+00 	 1.320000e+03 	 1.320000e+03 	 2.000000e+00
6 	 223 	 Ex 	 1 	 3.492539e+00 	 1.560000e+03 	 1.320000e+03 	 2.000000e+00
6 	 224 	 Ex 	 1 	 2.782213e+00 	 1.800000e+03 	 1.320000e+03 	 2.000000e+00
6 	 225 	 Ex 	 1 	 6.153364e+00 	 -1.800000e+03 	 1.560000e+03 	 2.000000e+00
6 	 226 	 Ex 	 1 	 6.747075e+00 	 -1.560000e+03 	 1.560000e+03 	 2.000000e+00
6 	 227 	 Ex 	 1 	 9.517491e+00 	 -1.320000e+03 	 1.560000e+03 	 2.000000e+00
6 	 228 	 Ex 	 1 	 1.169088e+01 	 -1.080000e+03 	 1.560000e+03 	 2.000000e+00
6 	 229 	 Ex 	 1 	 1.430954e+01 	 -8.400000e+02 	 1.560000e+03 	 2.000000e+00
6 	 230 	 Ex 	 1 	 1.773227e+01 	 -6.000000e+02 	 1.560000e+03 	 2.000000e+00
6 	 231 	 Ex 	 1 	 1.499931e+01 	 -3.600000e+02 	 1.560000e+03 	 2.000000e+00
6 	 232 	 Ex 	 1 	 1.229363e+01 	 -1.200000e+02 	 1.560000e+03 	 2.000000e+00
6 	 233 	 Ex 	 1 	 8.651749e+00 	 1.200000e+02 	 1.560000e+03 	 2.000000e+00
6 	 234 	 Ex 	 1 	 5.933177e+00 	 3.600000e+02 	 1.560000e+03 	 2.000000e+00
6 	 235 	 Ex 	 1 	 4.883272e+00 	 6.000000e+02 	 1.560000e+03 	 2.000000e+00
6 	 236 	 Ex 	 1 	 3.761510e+00 	 8.400000e+02 	 1.560000e+03 	 2.000000e+00
6 	 237 	 Ex 	 1 	 3.186489e+00 	 1.080000e+03 	 1.560000e+03 	 2.000000e+00
6 	 238 	 Ex 	 1 	 2.665810e+00 	 1.320000e+03 	 1.560000e+03 	 2.000000e+00
6 	 239 	 Ex 	 1 	 4.302637e+00 	 1.560000e+03 	 1.560000e+03 	 2.000000e+00
6 	 240 	 Ex 	 1 	 4.436405e+00 	 1.800000e+03 	 1.560000e+03 	 2.000000e+00
6 	 241 	 Ex 	 1 	 8.868173e+00 	 -1.800000e+03 	 1.800000e+03 	 2.000000e+00
6 	 242 	 Ex 	 1 	 8.835721e+00 	 -1.560000e+03 	 1.800000e+03 	 2.000000e+00
6 	 243 	 Ex 	 1 	 1.026724e+01 	 -1.320000e+03 	 1.800000e+03 	 2.000000e+00
6 	 244 	 Ex 	 1 	 1.277488e+01 	 -1.080000e+03 	 1.800000e+03 	 2.000000e+00
6 	 245 	 Ex 	 1 	 1.454465e+01 	 -8.400000e+02 	 1.800000e+03 	 2.000000e+00
6 	 246 	 Ex 	 1 	 1.652161e+01 	 -6.000000e+02 	 1.800000e+03 	 2.000000e+00
6 	 247 	 Ex 	 1 	 1.348883e+01 	 -3.600000e+02 	 1.800000e+03 	 2.000000e+00
6 	 248 	 Ex 	 1 	 1.184880e+01 	 -1.200000e+02 	 1.800000e+03 	 2.000000e+00
6 	 249 	 Ex 	 1 	 1.073838e+01 	 1.200000e+02 	 1.800000e+03 	 2.000000e+00
6 	 250 	 Ex 	 1 	 8.439618e+00 	 3.600000e+02 	 1.800000e+03 	 2.000000e+00
6 	 251 	 Ex 	 1 	 6.759351e+00 	 6.000000e+02 	 1.800000e+03 	 2.000000e+00
6 	 252 	 Ex 	 1 	 4.883280e+00 	 8.400000e+02 	 1.800000e+03 	 2.000000e+00
6 	 253 	 Ex 	 1 	 5.100721e+00 	 1.080000e+03 	 1.800000e+03 	 2.000000e+00
6 	 254 	 Ex 	 1 	 4.612268e+00 	 1.320000e+03 	 1.800000e+03 	 2.000000e+00
6 	 255 	 Ex 	 1 	 3.361643e+00 	 1.560000e+03 	 1.800000e+03 	 2.000000e+00
6 	 256 	 Ex 	 1 	 5.516322e+00 	 1.800000e+03 	 1.800000e+03 	 2.000000e+00
6 	 1 	 Ex 	 2 	 4.253658e+00 	 -1.800000e+03 	 -1.800000e+03 	 2.000000e+00
6 	 2 	 Ex 	 2 	 4.221029e+00 	 -1.560000e+03 	 -1.800000e+03 	 2.000000e+00
6 	 3 	 Ex 	 2 	 3.345272e+00 	 -1.320000e+03 	 -1.800000e+03 	 2.000000e+00
6 	 4 	 Ex 	 2 	 5.568090e+00 	 -1.080000e+03 	 -1.800000e+03 	 2.000000e+00
6 	 5 	 Ex 	 2 	 5.883382e+00 	 -8.400000e+02 	 -1.800000e+03 	 2.000000e+00
6 	 6 	 Ex 	 2 	 6.295166e+00 	 -6.000000e+02 	 -1.800000e+03 	 2.000000e+00
6 	 7 	 Ex 	 2 	 6.091579e+00 	 -3.600000e+02 	 -1.800000e+03 	 2.000000e+00
6 	 8 	 Ex 	 2 	 5.420850e+00 	 -1.200000e+02 	 -1.800000e+03 	 2.000000e+00
6 	 9 	 Ex 	 2 	 6.659400e+00 	 1.200000e+02 	 -1.800000e+03 	 2.000000e+00
6 	 10 	 Ex 	 2 	 2.276736e+00 	 3.600000e+02 	 -1.800000e+03 	 2.000000e+00
6 	 11 	 Ex 	 2 	 2.327470e+00 	 6.000000e+02 	 -1.800000e+03 	 2.000000e+00
6 	 12 	 Ex 	 2 	 2.081641e+00 	 8.400000e+02 	 -1.800000e+03 	 2.000000e+00
6 	 13 	 Ex 	 2 	 6.899736e-01 	 1.080000e+03 	 -1.800000e+03 	 2.000000e+00
6 	 14 	 Ex 	 2 	 3.030396e+00 	 1.320000e+03 	 -1.800000e+03 	 2.000000e+00
6 	 15 	 Ex 	 2 	 1.930866e+00 	 1.560000e+03 	 -1.800000e+03 	 2.000000e+00
6 	 16 	 Ex 	 2 	 1.535005e+00 	 1.800000e+03 	 -1.800000e+03 	 2.000000e+00
6 	 17 	 Ex 	 2 	 2.288269e+00 	 -1.800000e+03 	 -1.560000e+03 	 2.000000e+00
6 	 18 	 Ex 	 2 	 2.402697e+00 	 -1.560000e+03 	 -1.560000e+03 	 2.000000e+00
6 	 19 	 Ex 	 2 	 3.914188e+00 	 -1.320000e+03 	 -1.560000e+03 	 2.000000e+00
6 	 20 	 Ex 	 2 	 5.654560e+00 	 -1.080000e+03 	 -1.560000e+03 	 2.000000e+00
6 	 21 	 Ex 	 2 	 6.165042e+00 	 -8.400000e+02 	 -1.560000e+03 	 2.000000e+00
6 	 22 	 Ex 	 2 	 6.127290e+00 	 -6.000000e+02 	 -1.560000e+03 	 2.000000e+00
6 	 23 	 Ex 	 2 	 6.281593e+00 	 -3.600000e+02 	 -1.560000e+03 	 2.000000e+00
6 	 24 	 Ex 	 2 	 4.305672e+00 	 -1.200000e+02 	 -1.560000e+03 	 2.000000e+00
6 	 25 	 Ex 	 2 	 2.424433e+00 	 1.200000e+02 	 -1.560000e+03 	 2.000000e+00
6 	 26 	 Ex 	 2 	 2.220345e+00 	 3.600000e+02 	 -1.560000e+03 	 2.000000e+00
6 	 27 	 Ex 	 2 	 1.415068e+00 	 6.000000e+02 	 -1.560000e+03 	 2.000000e+00
6 	 28 	 Ex 	 2 	 1.387337e+00 	 8.400000e+02 	 -1.560000e+03 	 2.000000e+00
6 	 29 	 Ex 	 2 	 1.803617e+00 	 1.080000e+03 	 -1.560000e+03 	 2.000000e+00
6 	 30 	 Ex 	 2 	 1.364419e+00 	 1.320000e+03 	 -1.560000e+03 	 2.000000e+00
6 	 31 	 Ex 	 2 	 9.633092e-01 	 1.560000e+03 	 -1.560000e+03 	 2.000000e+00
6 	 32 	 Ex 	 2 	 2.414261e+00 	 1.800000e+03 	 -1.560000e+03 	 2.000000e+00
6 	 33 	 Ex 	 2 	 3.053528e+00 	 -1.800000e+03 	 -1.320000e+03 	 2.000000e+00
6 	 34 	 Ex 	 2 	 1.734674e+00 	 -1.560000e+03 	 -1.320000e+03 	 2.000000e+00
6 	 35 	 Ex 	 2 	 2.407419e+00 	 -1.320000e+03 	 -1.320000e+03 	 2.000000e+00
6 	 36 	 Ex 	 2 	 2.859162e+00 	 -1.080000e+03 	 -1.320000e+03 	 2.000000e+00
6 	 37 	 Ex 	 2 	 4.226552e+00 	 -8.400000e+02 	 -1.320000e+03 	 2.000000e+00
6 	 38 	 Ex 	 2 	 4.433910e+00 	 -6.000000e+02 	 -1.320000e+03 	 2.000000e+00
6 	 39 	 Ex 	 2 	 4.339882e+00 	 -3.600000e+02 	 -1.320000e+03 	 2.000000e+00
6 	 40 	 Ex 	 2 	 2.425413e+00 	 -1.200000e+02 	 -1.320000e+03 	 2.000000e+00
6 	 41 	 Ex 	 2 	 8.697921e-01 	 1.200000e+02 	 -1.320000e+03 	 2.000000e+00
6 	 42 	 Ex 	 2 	 1.496474e+00 	 3.600000e+02 	 -1.320000e+03 	 2.000000e+00
6 	 43 	 Ex 	 2 	 1.666687e+00 	 6.000000e+02 	 -1.320000e+03 	 2.000000e+00
6 	 44 	 Ex 	 2 	 2.960460e+00 	 8.400000e+02 	 -1.320000e+03 	 2.000000e+00
6 	 45 	 Ex 	 2 	 2.091958e+00 	 1.080000e+03 	 -1.320000e+03 	 2.000000e+00
6 	 46 	 Ex 	 2 	 1.823974e+00 	 1.320000e+03 	 -1.320000e+03 	 2.000000e+00
6 	 47 	 Ex 	 2 	 2.352218e+00 	 1.560000e+03 	 -1.320000e+03 	 2.000000e+00
6 	 48 	 Ex 	 2 	 1.892791e+00 	 1.800000e+03 	 -1.320000e+03 	 2.000000e+00
6 	 49 	 Ex 	 2 	 4.432344e+00 	 -1.800000e+03 	 -1.080000e+03 	 2.000000e+00
6 	 50 	 Ex 	 2 	 2.905088e+00 	 -1.560000e+03 	 -1.080000e+03 	 2.000000e+00
6 	 51 	 Ex 	 2 	 1.651574e+00 	 -1.320000e+03 	 -1.080000e+03 	 2.000000e+00
6 	 52 	 Ex 	 2 	 1.433961e+00 	 -1.080000e+03 	 -1.080000e+03 	 2.000000e+00
6 	 53 	 Ex 	 2 	 2.064088e+00 	 -8.400000e+02 	 -1.080000e+03 	 2.000000e+00
6 	 54 	 Ex 	 2 	 0.000000e+00 	 -6.000000e+02 	 -1.080000e+03 	 2.000000e+00
6 	 55 	 Ex 	 2 	 0.000000e+00 	 -3.600000e+02 	 -1.080000e+03 	 2.000000e+00
6 	 56 	 Ex 	 2 	 2.705327e+00 	 -1.200000e+02 	 -1.080000e+03 	 2.000000e+00
6 	 57 	 Ex 	 2 	 7.289864e-01 	 1.200000e+02 	 -1.080000e+03 	 2.000000e+00
6 	 58 	 Ex 	 2 	 2.478828e+00 	 3.600000e+02 	 -1.080000e+03 	 2.000000e+00
6 	 59 	 Ex 	 2 	 8.061054e-01 	 6.000000e+02 	 -1.080000e+03 	 2.000000e+00
6 	 60 	 Ex 	 2 	 1.920731e+00 	 8.400000e+02 	 -1.080000e+03 	 2.000000e+00
6 	 61 	 Ex 	 2 	 3.280603e+00 	 1.080000e+03 	 -1.080000e+03 	 2.000000e+00
6 	 62 	 Ex 	 2 	 3.761964e+00 	 1.320000e+03 	 -1.080000e+03 	 2.000000e+00
6 	 63 	 Ex 	 2 	 3.502617e+00 	 1.560000e+03 	 -1.080000e+03 	 2.000000e+00
6 	 64 	 Ex 	 2 	 1.446948e+00 	 1.800000e+03 	 -1.080000e+03 	 2.000000e+00
6 	 65 	 Ex 	 2 	 6.209718e+00 	 -1.800000e+03 	 -8.400000e+02 	 2.000000e+00
6 	 66 	 Ex 	 2 	 4.026503e+00 	 -1.560000e+03 	 -8.400000e+02 	 2.000000e+00
6 	 67 	 Ex 	 2 	 1.696296e+00 	 -1.320000e+03 	 -8.400000e+02 	 2.000000e+00
6 	 68 	 Ex 	 2 	 8.446848e-01 	 -1.080000e+03 	 -8.400000e+02 	 2.000000e+00
6 	 69 	 Ex 	 2 	 0.000000e+00 	 -8.400000e+02 	 -8.400000e+02 	 2.000000e+00
6 	 70 	 Ex 	 2 	 0.000000e+00 	 -6.000000e+02 	 -8.400000e+02 	 2.000000e+00
6 	 71 	 Ex 	 2 	 0.000000e+00 	 -3.600000e+02 	 -8.400000e+02 	 2.000000e+00
6 	 72 	 Ex 	 2 	 0.000000e+00 	 -1.200000e+02 	 -8.400000e+02 	 2.000000e+00
6 	 73 	 Ex 	 2 	 1.790575e+00 	 1.200000e+02 	 -8.400000e+02 	 2.000000e+00
6 	 74 	 Ex 	 2 	 3.789993e+00 	 3.600000e+02 	 -8.400000e+02 	 2.000000e+00
6 	 75 	 Ex 	 2 	 8.428217e-01 	 6.000000e+02 	 -8.400000e+02 	 2.000000e+00
6 	 76 	 Ex 	 2 	 2.858793e+00 	 8.400000e+02 	 -8.400000e+02 	 2.000000e+00
6 	 77 	 Ex 	 2 	 5.417185e+00 	 1.080000e+03 	 -8.400000e+02 	 2.000000e+00
6 	 78 	 Ex 	 2 	 5.401996e+00 	 1.320000e+03 	 -8.400000e+02 	 2.000000e+00
6 	 79 	 Ex 	 2 	 4.421612e+00 	 1.560000e+03 	 -8.400000e+02 	 2.000000e+00
6 	 80 	 Ex 	 2 	 2.572055e+00 	 1.800000e+03 	 -8.400000e+02 	 2.000000e+00
6 	 81 	 Ex 	 2 	 5.263810e+00 	 -1.800000e+03 	 -6.000000e+02 	 2.000000e+00
6 	 82 	 Ex 	 2 	 3.100706e+00 	 -1.560000e+03 	 -6.000000e+02 	 2.000000e+00
6 	 83 	 Ex 	 2 	 1.105192e+00 	 -1.320000e+03 	 -6.000000e+02 	 2.000000e+00
6 	 84 	 Ex 	 2 	 0.000000e+00 	 -1.080000e+03 	 -6.000000e+02 	 2.000000e+00
6 	 85 	 Ex 	 2 	 0.000000e+00 	 -8.400000e+02 	 -6.000000e+02 	 2.000000e+00
6 	 86 	 Ex 	 2 	 0.000000e+00 	 -6.000000e+02 	 -6.000000e+02 	 2.000000e+00
6 	 87 	 Ex 	 2 	 0.000000e+00 	 -3.600000e+02 	 -6.000000e+02 	 2.000000e+00
6 	 88 	 Ex 	 2 	 0.000000e+00 	 -1.200000e+02 	 -6.000000e+02 	 2.000000e+00
6 	 89 	 Ex 	 2 	 1.785529e-01 	 1.200000e+02 	 -6.000000e+02 	 2.000000e+00
6 	 90 	 Ex 	 2 	 3.106572e+00 	 3.600000e+02 	 -6.000000e+02 	 2.000000e+00
6 	 91 	 Ex 	 2 	 1.576493e+00 	 6.000000e+02 	 -6.000000e+02 	 2.000000e+00
6 	 92 	 Ex 	 2 	 3.702263e+00 	 8.400000e+02 	 -6.000000e+02 	 2.000000e+00
6 	 93 	 Ex 	 2 	 5.283540e+00 	 1.080000e+03 	 -6.000000e+02 	 2.000000e+00
6 	 94 	 Ex 	 2 	 5.369899e+00 	 1.320000e+03 	 -6.000000e+02 	 2.000000e+00
6 	 95 	 Ex 	 2 	 4.966050e+00 	 1.560000e+03 	 -6.000000e+02 	 2.000000e+00
6 	 96 	 Ex 	 2 	 2.278021e+00 	 1.800000e+03 	 -6.000000e+02 	 2.000000e+00
6 	 97 	 Ex 	 2 	 6.328712e+00 	 -1.800000e+03 	 -3.600000e+02 	 2.000000e+00
6 	 98 	 Ex 	 2 	 4.805869e+00 	 -1.560000e+03 	 -3.600000e+02 	 2.000000e+00
6 	 99 	 Ex 	 2 	 2.510923e+00 	 -1.320000e+03 	 -3.600000e+02 	 2.000000e+00
6 	 100 	 Ex 	 2 	 0.000000e+00 	 -1.080000e+03 	 -3.600000e+02 	 2.000000e+00
6 	 101 	 Ex 	 2 	 0.000000e+00 	 -8.400000e+02 	 -3.600000e+02 	 2.000000e+00
6 	 102 	 Ex 	 2 	 0.000000e+00 	 -6.000000e+02 	 -3.600000e+02 	 2.000000e+00
6 	 103 	 Ex 	 2 	 0.000000e+00 	 -3.600000e+02 	 -3.600000e+02 	 2.000000e+00
6 	 104 	 Ex 	 2 	 0.000000e+00 	 -1.200000e+02 	 -3.600000e+02 	 2.000000e+00
6 	 105 	 Ex 	 2 	 2.221089e+00 	 1.200000e+02 	 -3.600000e+02 	 2.000000e+00
6 	 106 	 Ex 	 2 	 4.129861e+00 	 3.600000e+02 	 -3.600000e+02 	 2.000000e+00
6 	 107 	 Ex 	 2 	 2.980106e-01 	 6.000000e+02 	 -3.600000e+02 	 2.000000e+00
6 	 108 	 Ex 	 2 	 5.817101e+00 	 8.400000e+02 	 -3.600000e+02 	 2.000000e+00
6 	 109 	 Ex 	 2 	 7.326683e+00 	 1.080000e+03 	 -3.600000e+02 	 2.000000e+00
6 	 110 	 Ex 	 2 	 6.212643e+00 	 1.320000e+03 	 -3.600000e+02 	 2.000000e+00
6 	 111 	 Ex 	 2 	 4.938327e+00 	 1.560000e+03 	 -3.600000e+02 	 2.000000e+00
6 	 112 	 Ex 	 2 	 4.731956e+00 	 1.800000e+03 	 -3.600000e+02 	 2.000000e+00
6 	 113 	 Ex 	 2 	 6.426478e+00 	 -1.800000e+03 	 -1.200000e+02 	 2.000000e+00
6 	 114 	 Ex 	 2 	 4.355998e+00 	 -1.560000e+03 	 -1.200000e+02 	 2.000000e+00
6 	 115 	 Ex 	 2 	 2.118355e+00 	 -1.320000e+03 	 -1.200000e+02 	 2.000000e+00
6 	 116 	 Ex 	 2 	 1.003597e+00 	 -1.080000e+03 	 -1.200000e+02 	 2.000000e+00
6 	 117 	 Ex 	 2 	 0.000000e+00 	 -8.400000e+02 	 -1.200000e+02 	 2.000000e+00
6 	 118 	 Ex 	 2 	 0.000000e+00 	 -6.000000e+02 	 -1.200000e+02 	 2.000000e+00
6 	 119 	 Ex 	 2 	 0.000000e+00 	 -3.600000e+02 	 -1.200000e+02 	 2.000000e+00
6 	 120 	 Ex 	 2 	 0.000000e+00 	 -1.200000e+02 	 -1.200000e+02 	 2.000000e+00
6 	 121 	 Ex 	 2 	 3.758910e+00 	 1.200000e+02 	 -1.200000e+02 	 2.000000e+00
6 	 122 	 Ex 	 2 	 5.223978e+00 	 3.600000e+02 	 -1.200000e+02 	 2.000000e+00
6 	 123 	 Ex 	 2 	 7.366170e-01 	 6.000000e+02 	 -1.200000e+02 	 2.000000e+00
6 	 124 	 Ex 	 2 	 3.562435e+00 	 8.400000e+02 	 -1.200000e+02 	 2.000000e+00
6 	 125 	 Ex 	 2 	 6.995617e+00 	 1.080000e+03 	 -1.200000e+02 	 2.000000e+00
6 	 126 	 Ex 	 2 	 7.338974e+00 	 1.320000e+03 	 -1.200000e+02 	 2.000000e+00
6 	 127 	 Ex 	 2 	 6.652025e+00 	 1.560000e+03 	 -1.200000e+02 	 2.000000e+00
6 	 128 	 Ex 	 2 	 4.902506e+00 	 1.800000e+03 	 -1.200000e+02 	 2.000000e+00
6 	 129 	 Ex 	 2 	 6.596511e+00 	 -1.800000e+03 	 1.200000e+02 	 2.000000e+00
6 	 130 	 Ex 	 2 	 4.017276e+00 	 -1.560000e+03 	 1.200000e+02 	 2.000000e+00
6 	 131 	 Ex 	 2 	 1.832322e+00 	 -1.320000e+03 	 1.200000e+02 	 2.000000e+00
6 	 132 	 Ex 	 2 	 1.745357e+00 	 -1.080000e+03 	 1.200000e+02 	 2.000000e+00
6 	 133 	 Ex 	 2 	 3.897202e+00 	 -8.400000e+02 	 1.200000e+02 	 2.000000e+00
6 	 134 	 Ex 	 2 	 6.770082e+00 	 -6.000000e+02 	 1.200000e+02 	 2.000000e+00
6 	 135 	 Ex 	 2 	 4.882554e+00 	 -3.600000e+02 	 1.200000e+02 	 2.000000e+00
6 	 136 	 Ex 	 2 	 1.868049e+00 	 -1.200000e+02 	 1.200000e+02 	 2.000000e+00
6 	 137 	 Ex 	 2 	 3.496793e+00 	 1.200000e+02 	 1.200000e+02 	 2.000000e+00
6 	 138 	 Ex 	 2 	 4.359648e+00 	 3.600000e+02 	 1.200000e+02 	 2.000000e+00
6 	 139 	 Ex 	 2 	 8.215086e-01 	 6.000000e+02 	 1.200000e+02 	 2.000000e+00
6 	 140 	 Ex 	 2 	 4.309150e+00 	 8.400000e+02 	 1.200000e+02 	 2.000000e+00
6 	 141 	 Ex 	 2 	 6.928914e+00 	 1.080000e+03 	 1.200000e+02 	 2.000000e+00
6 	 142 	 Ex 	 2 	 7.348614e+00 	 1.320000e+03 	 1.200000e+02 	 2.000000e+00
6 	 143 	 Ex 	 2 	 6.995621e+00 	 1.560000e+03 	 1.200000e+02 	 2.000000e+00
6 	 144 	 Ex 	 2 	 5.180012e+00 	 1.800000e+03 	 1.200000e+02 	 2.000000e+00
6 	 145 	 Ex 	 2 	 6.670914e+00 	 -1.800000e+03 	 3.600000e+02 	 2.000000e+00
6 	 146 	 Ex 	 2 	 2.911823e+00 	 -1.560000e+03 	 3.600000e+02 	 2.000000e+00
6 	 147 	 Ex 	 2 	 2.855982e+00 	 -1.320000e+03 	 3.600000e+02 	 2.000000e+00
6 	 148 	 Ex 	 2 	 2.919027e+00 	 -1.080000e+03 	 3.600000e+02 	 2.000000e+00
6 	 149 	 Ex 	 2 	 7.418823e+00 	 -8.400000e+02 	 3.600000e+02 	 2.000000e+00
6 	 150 	 Ex 	 2 	 8.956329e+00 	 -6.000000e+02 	 3.600000e+02 	 2.000000e+00
6 	 151 	 Ex 	 2 	 8.505216e+00 	 -3.600000e+02 	 3.600000e+02 	 2.000000e+00
6 	 152 	 Ex 	 2 	 4.062925e+00 	 -1.200000e+02 	 3.600000e+02 	 2.000000e+00
6 	 153 	 Ex 	 2 	 2.970479e+00 	 1.200000e+02 	 3.600000e+02 	 2.000000e+00
6 	 154 	 Ex 	 2 	 4.341232e+00 	 3.600000e+02 	 3.600000e+02 	 2.000000e+00
6 	 155 	 Ex 	 2 	 1.745867e+00 	 6.000000e+02 	 3.600000e+02 	 2.000000e+00
6 	 156 	 Ex 	 2 	 4.407500e+00 	 8.400000e+02 	 3.600000e+02 	 2.000000e+00
6 	 157 	 Ex 	 2 	 8.897175e+00 	 1.080000e+03 	 3.600000e+02 	 2.000000e+00
6 	 158 	 Ex 	 2 	 7.258782e+00 	 1.320000e+03 	 3.600000e+02 	 2.000000e+00
6 	 159 	 Ex 	 2 	 7.075050e+00 	 1.560000e+03 	 3.600000e+02 	 2.000000e+00
6 	 160 	 Ex 	 2 	 6.395963e+00 	 1.800000e+03 	 3.600000e+02 	 2.000000e+00
6 	 161 	 Ex 	 2 	 4.264026e+00 	 -1.800000e+03 	 6.000000e+02 	 2.000000e+00
6 	 162 	 Ex 	 2 	 2.248940e+00 	 -1.560000e+03 	 6.000000e+02 	 2.000000e+00
6 	 163 	 Ex 	 2 	 3.782440e+00 	 -1.320000e+03 	 6.000000e+02 	 2.000000e+00
6 	 164 	 Ex 	 2 	 6.042440e+00 	 -1.080000e+03 	 6.000000e+02 	 2.000000e+00
6 	 165 	 Ex 	 2 	 1.198054e+01 	 -8.400000e+02 	 6.000000e+02 	 2.000000e+00
6 	 166 	 Ex 	 2 	 1.357446e+01 	 -6.000000e+02 	 6.000000e+02 	 2.000000e+00
6 	 167 	 Ex 	 2 	 1.011041e+01 	 -3.600000e+02 	 6.000000e+02 	 2.000000e+00
6 	 168 	 Ex 	 2 	 5.496256e+00 	 -1.200000e+02 	 6.000000e+02 	 2.000000e+00
6 	 169 	 Ex 	 2 	 3.364442e+00 	 1.200000e+02 	 6.000000e+02 	 2.000000e+00
6 	 170 	 Ex 	 2 	 3.559474e+00 	 3.600000e+02 	 6.000000e+02 	 2.000000e+00
6 	 171 	 Ex 	 2 	 4.499438e-01 	 6.000000e+02 	 6.000000e+02 	 2.000000e+00
6 	 172 	 Ex 	 2 	 4.862778e+00 	 8.400000e+02 	 6.000000e+02 	 2.000000e+00
6 	 173 	 Ex 	 2 	 6.129463e+00 	 1.080000e+03 	 6.000000e+02 	 2.000000e+00
6 	 174 	 Ex 	 2 	 7.337788e+00 	 1.320000e+03 	 6.000000e+02 	 2.000000e+00
6 	 175 	 Ex 	 2 	 7.022199e+00 	 1.560000e+03 	 6.000000e+02 	 2.000000e+00
6 	 176 	 Ex 	 2 	 5.033069e+00 	 1.800000e+03 	 6.000000e+02 	 2.000000e+00
6 	 177 	 Ex 	 2 	 3.958578e+00 	 -1.800000e+03 	 8.400000e+02 	 2.000000e+00
6 	 178 	 Ex 	 2 	 4.059198e+00 	 -1.560000e+03 	 8.400000e+02 	 2.000000e+00
6 	 179 	 Ex 	 2 	 4.491569e+00 	 -1.320000e+03 	 8.400000e+02 	 2.000000e+00
6 	 180 	 Ex 	 2 	 9.717031e+00 	 -1.080000e+03 	 8.400000e+02 	 2.000000e+00
6 	 181 	 Ex 	 2 	 1.271955e+01 	 -8.400000e+02 	 8.400000e+02 	 2.000000e+00
6 	 182 	 Ex 	 2 	 1.531560e+01 	 -6.000000e+02 	 8.400000e+02 	 2.000000e+00
6 	 183 	 Ex 	 2 	 1.080965e+01 	 -3.600000e+02 	 8.400000e+02 	 2.000000e+00
6 	 184 	 Ex 	 2 	 7.402420e+00 	 -1.200000e+02 	 8.400000e+02 	 2.000000e+00
6 	 185 	 Ex 	 2 	 4.029988e+00 	 1.200000e+02 	 8.400000e+02 	 2.000000e+00
6 	 186 	 Ex 	 2 	 1.317073e+00 	 3.600000e+02 	 8.400000e+02 	 2.000000e+00
6 	 187 	 Ex 	 2 	 2.909524e+00 	 6.000000e+02 	 8.400000e+02 	 2.000000e+00
6 	 188 	 Ex 	 2 	 3.818209e+00 	 8.400000e+02 	 8.400000e+02 	 2.000000e+00
6 	 189 	 Ex 	 2 	 5.090194e+00 	 1.080000e+03 	 8.400000e+02 	 2.000000e+00
6 	 190 	 Ex 	 2 	 6.304215e+00 	 1.320000e+03 	 8.400000e+02 	 2.000000e+00
6 	 191 	 Ex 	 2 	 4.301964e+00 	 1.560000e+03 	 8.400000e+02 	 2.000000e+00
6 	 192 	 Ex 	 2 	 5.342785e+00 	 1.800000e+03 	 8.400000e+02 	 2.000000e+00
6 	 193 	 Ex 	 2 	 3.338802e+00 	 -1.800000e+03 	 1.080000e+03 	 2.000000e+00
6 	 194 	 Ex 	 2 	 5.792369e+00 	 -1.560000e+03 	 1.080000e+03 	 2.000000e+00
6 	 195 	 Ex 	 2 	 6.882391e+00 	 -1.320000e+03 	 1.080000e+03 	 2.000000e+00
6 	 196 	 Ex 	 2 	 1.060829e+01 	 -1.080000e+03 	 1.080000e+03 	 2.000000e+00
6 	 197 	 Ex 	 2 	 1.342105e+01 	 -8.400000e+02 	 1.080000e+03 	 2.000000e+00
6 	 198 	 Ex 	 2 	 1.530249e+01 	 -6.000000e+02 	 1.080000e+03 	 2.000000e+00
6 	 199 	 Ex 	 2 	 1.325695e+01 	 -3.600000e+02 	 1.080000e+03 	 2.000000e+00
6 	 200 	 Ex 	 2 	 9.835184e+00 	 -1.200000e+02 	 1.080000e+03 	 2.000000e+00
6 	 201 	 Ex 	 2 	 4.988960e+00 	 1.200000e+02 	 1.080000e+03 	 2.000000e+00
6 	 202 	 Ex 	 2 	 1.191222e+00 	 3.600000e+02 	 1.080000e+03 	 2.000000e+00
6 	 203 	 Ex 	 2 	 3.179253e+00 	 6.000000e+02 	 1.080000e+03 	 2.000000e+00
6 	 204 	 Ex 	 2 	 3.833009e+00 	 8.400000e+02 	 1.080000e+03 	 2.000000e+00
6 	 205 	 Ex 	 2 	 4.190513e+00 	 1.080000e+03 	 1.080000e+03 	 2.000000e+00
6 	 206 	 Ex 	 2 	 4.784049e+00 	 1.320000e+03 	 1.080000e+03 	 2.000000e+00
6 	 207 	 Ex 	 2 	 5.579843e+00 	 1.560000e+03 	 1.080000e+03 	 2.000000e+00
6 	 208 	 Ex 	 2 	 2.548370e+00 	 1.800000e+03 	 1.080000e+03 	 2.000000e+00
6 	 209 	 Ex 	 2 	 5.057939e+00 	 -1.800000e+03 	 1.320000e+03 	 2.000000e+00
6 	 210 	 Ex 	 2 	 7.080096e+00 	 -1.560000e+03 	 1.320000e+03 	 2.000000e+00
6 	 211 	 Ex 	 2 	 9.755152e+00 	 -1.320000e+03 	 1.320000e+03 	 2.000000e+00
6 	 212 	 Ex 	 2 	 1.220517e+01 	 -1.080000e+03 	 1.320000e+03 	 2.000000e+00
6 	 213 	 Ex 	 2 	 1.312959e+01 	 -8.400000e+02 	 1.320000e+03 	 2.000000e+00
6 	 214 	 Ex 	 2 	 1.727201e+01 	 -6.000000e+02 	 1.320000e+03 	 2.000000e+00
6 	 215 	 Ex 	 2 	 1.258119e+01 	 -3.600000e+02 	 1.320000e+03 	 2.000000e+00
6 	 216 	 Ex 	 2 	 1.048714e+01 	 -1.200000e+02 	 1.320000e+03 	 2.000000e+00
6 	 217 	 Ex 	 2 	 7.269288e+00 	 1.200000e+02 	 1.320000e+03 	 2.000000e+00
6 	 218 	 Ex 	 2 	 4.644274e+00 	 3.600000e+02 	 1.320000e+03 	 2.000000e+00
6 	 219 	 Ex 	 2 	 4.815871e+00 	 6.000000e+02 	 1.320000e+03 	 2.000000e+00
6 	 220 	 Ex 	 2 	 4.094695e+00 	 8.400000e+02 	 1.320000e+03 	 2.000000e+00
6 	 221 	 Ex 	 2 	 3.333938e+00 	 1.080000e+03 	 1.320000e+03 	 2.000000e+00
6 	 222 	 Ex 	 2 	 3.652431e+00 	 1.320000e+03 	 1.320000e+03 	 2.000000e+00
6 	 223 	 Ex 	 2 	 3.031669e+00 	 1.560000e+03 	 1.320000e+03 	 2.000000e+00
6 	 224 	 Ex 	 2 	 2.682515e+00 	 1.800000e+03 	 1.320000e+03 	 2.000000e+00
6 	 225 	 Ex 	 2 	 6.684728e+00 	 -1.800000e+03 	 1.560000e+03 	 2.000000e+00
6 	 226 	 Ex 	 2 	 7.872891e+00 	 -1.560000e+03 	 1.560000e+03 	 2.000000e+00
6 	 227 	 Ex 	 2 	 1.092410e+01 	 -1.320000e+03 	 1.560000e+03 	 2.000000e+00
6 	 228 	 Ex 	 2 	 1.207931e+01 	 -1.080000e+03 	 1.560000e+03 	 2.000000e+00
6 	 229 	 Ex 	 2 	 1.264390e+01 	 -8.400000e+02 	 1.560000e+03 	 2.000000e+00
6 	 230 	 Ex 	 2 	 1.522123e+01 	 -6.000000e+02 	 1.560000e+03 	 2.000000e+00
6 	 231 	 Ex 	 2 	 1.317265e+01 	 -3.600000e+02 	 1.560000e+03 	 2.000000e+00
6 	 232 	 Ex 	 2 	 1.140945e+01 	 -1.200000e+02 	 1.560000e+03 	 2.000000e+00
6 	 233 	 Ex 	 2 	 8.345270e+00 	 1.200000e+02 	 1.560000e+03 	 2.000000e+00
6 	 234 	 Ex 	 2 	 6.350962e+00 	 3.600000e+02 	 1.560000e+03 	 2.000000e+00
6 	 235 	 Ex 	 2 	 4.832622e+00 	 6.000000e+02 	 1.560000e+03 	 2.000000e+00
6 	 236 	 Ex 	 2 	 3.642648e+00 	 8.400000e+02 	 1.560000e+03 	 2.000000e+00
6 	 237 	 Ex 	 2 	 5.955174e+00 	 1.080000e+03 	 1.560000e+03 	 2.000000e+00
6 	 238 	 Ex 	 2 	 4.995527e+00 	 1.320000e+03 	 1.560000e+03 	 2.000000e+00
6 	 239 	 Ex 	 2 	 4.869716e+00 	 1.560000e+03 	 1.560000e+03 	 2.000000e+00
6 	 240 	 Ex 	 2 	 4.615346e+00 	 1.800000e+03 	 1.560000e+03 	 2.000000e+00
6 	 241 	 Ex 	 2 	 7.879382e+00 	 -1.800000e+03 	 1.800000e+03 	 2.000000e+00
6 	 242 	 Ex 	 2 	 8.839307e+00 	 -1.560000e+03 	 1.800000e+03 	 2.000000e+00
6 	 243 	 Ex 	 2 	 1.056112e+01 	 -1.320000e+03 	 1.800000e+03 	 2.000000e+00
6 	 244 	 Ex 	 2 	 1.027711e+01 	 -1.080000e+03 	 1.800000e+03 	 2.000000e+00
6 	 245 	 Ex 	 2 	 1.208321e+01 	 -8.400000e+02 	 1.800000e+03 	 2.000000e+00
6 	 246 	 Ex 	 2 	 1.451315e+01 	 -6.000000e+02 	 1.800000e+03 	 2.000000e+00
6 	 247 	 Ex 	 2 	 1.268225e+01 	 -3.600000e+02 	 1.800000e+03 	 2.000000e+00
6 	 248 	 Ex 	 2 	 1.221344e+01 	 -1.200000e+02 	 1.800000e+03 	 2.000000e+00
6 	 249 	 Ex 	 2 	 9.581786e+00 	 1.200000e+02 	 1.800000e+03 	 2.000000e+00
6 	 250 	 Ex 	 2 	 8.321468e+00 	 3.600000e+02 	 1.800000e+03 	 2.000000e+00
6 	 251 	 Ex 	 2 	 6.377130e+00 	 6.000000e+02 	 1.800000e+03 	 2.000000e+00
6 	 252 	 Ex 	 2 	 5.710525e+00 	 8.400000e+02 	 1.800000e+03 	 2.000000e+00
6 	 253 	 Ex 	 2 	 4.729326e+00 	 1.080000e+03 	 1.800000e+03 	 2.000000e+00
6 	 254 	 Ex 	 2 	 5.174468e+00 	 1.320000e+03 	 1.800000e+03 	 2.000000e+00
6 	 255 	 Ex 	 2 	 5.015569e+00 	 1.560000e+03 	 1.800000e+03 	 2.000000e+00
6 	 256 	 Ex 	 2 	 3.878159e+00 	 1.800000e+03 	 1.800000e+03 	 2.000000e+00
6 	 1 	 Ey 	 1 	 8.351208e+00 	 -1.800000e+03 	 -1.800000e+03 	 2.000000e+00
6 	 2 	 Ey 	 1 	 8.460515e+00 	 -1.560000e+03 	 -1.800000e+03 	 2.000000e+00
6 	 3 	 Ey 	 1 	 6.002334e+00 	 -1.320000e+03 	 -1.800000e+03 	 2.000000e+00
6 	 4 	 Ey 	 1 	 6.935949e+00 	 -1.080000e+03 	 -1.800000e+03 	 2.000000e+00
6 	 5 	 Ey 	 1 	 4.821607e+00 	 -8.400000e+02 	 -1.800000e+03 	 2.000000e+00
6 	 6 	 Ey 	 1 	 2.625679e+00 	 -6.000000e+02 	 -1.800000e+03 	 2.000000e+00
6 	 7 	 Ey 	 1 	 1.523131e+00 	 -3.600000e+02 	 -1.800000e+03 	 2.000000e+00
6 	 8 	 Ey 	 1 	 3.226910e+00 	 -1.200000e+02 	 -1.800000e+03 	 2.000000e+00
6 	 9 	 Ey 	 1 	 3.541252e+00 	 1.200000e+02 	 -1.800000e+03 	 2.000000e+00
6 	 10 	 Ey 	 1 	 4.468028e+00 	 3.600000e+02 	 -1.800000e+03 	 2.000000e+00
6 	 11 	 Ey 	 1 	 2.567334e+00 	 6.000000e+02 	 -1.800000e+03 	 2.000000e+00
6 	 12 	 Ey 	 1 	 2.243716e+00 	 8.400000e+02 	 -1.800000e+03 	 2.000000e+00
6 	 13 	 Ey 	 1 	 3.519904e+00 	 1.080000e+03 	 -1.800000e+03 	 2.000000e+00
6 	 14 	 Ey 	 1 	 4.244818e+00 	 1.320000e+03 	 -1.800000e+03 	 2.000000e+00
6 	 15 	 Ey 	 1 	 4.824602e+00 	 1.560000e+03 	 -1.800000e+03 	 2.000000e+00
6 	 16 	 Ey 	 1 	 4.707782e+00 	 1.800000e+03 	 -1.800000e+03 	 2.000000e+00
6 	 17 	 Ey 	 1 	 7.857591e+00 	 -1.800000e+03 	 -1.560000e+03 	 2.000000e+00
6 	 18 	 Ey 	 1 	 7.655400e+00 	 -1.560000e+03 	 -1.560000e+03 	 2.000000e+00
6 	 19 	 Ey 	 1 	 7.570361e+00 	 -1.320000e+03 	 -1.560000e+03 	 2.000000e+00
6 	 20 	 Ey 	 1 	 5.247362e+00 	 -1.080000e+03 	 -1.560000e+03 	 2.000000e+00
6 	 21 	 Ey 	 1 	 3.124801e+00 	 -8.400000e+02 	 -1.560000e+03 	 2.000000e+00
6 	 22 	 Ey 	 1 	 6.747013e-01 	 -6.000000e+02 	 -1.560000e+03 	 2.000000e+00
6 	 23 	 Ey 	 1 	 2.185368e+00 	 -3.600000e+02 	 -1.560000e+03 	 2.000000e+00
6 	 24 	 Ey 	 1 	 2.330029e+00 	 -1.200000e+02 	 -1.560000e+03 	 2.000000e+00
6 	 25 	 Ey 	 1 	 3.288419e+00 	 1.200000e+02 	 -1.560000e+03 	 2.000000e+00
6 	 26 	 Ey 	 1 	 3.039377e+00 	 3.600000e+02 	 -1.560000e+03 	 2.000000e+00
6 	 27 	 Ey 	 1 	 1.472455e+00 	 6.000000e+02 	 -1.560000e+03 	 2.000000e+00
6 	 28 	 Ey 	 1 	 8.558217e-01 	 8.400000e+02 	 -1.560000e+03 	 2.000000e+00
6 	 29 	 Ey 	 1 	 2.723331e+00 	 1.080000e+03 	 -1.560000e+03 	 2.000000e+00
6 	 30 	 Ey 	 1 	 1.472778e+00 	 1.320000e+03 	 -1.560000e+03 	 2.000000e+00
6 	 31 	 Ey 	 1 	 2.421306e+00 	 1.560000e+03 	 -1.560000e+03 	 2.000000e+00
6 	 32 	 Ey 	 1 	 3.682987e+00 	 1.800000e+03 	 -1.560000e+03 	 2.000000e+00
6 	 33 	 Ey 	 1 	 6.836637e+00 	 -1.800000e+03 	 -1.320000e+03 	 2.000000e+00
6 	 34 	 Ey 	 1 	 5.349638e+00 	 -1.560000e+03 	 -1.320000e+03 	 2.000000e+00
6 	 35 	 Ey 	 1 	 5.000254e+00 	 -1.320000e+03 	 -1.320000e+03 	 2.000000e+00
6 	 36 	 Ey 	 1 	 4.637282e+00 	 -1.080000e+03 	 -1.320000e+03 	 2.000000e+00
6 	 37 	 Ey 	 1 	 3.287858e+00 	 -8.400000e+02 	 -1.320000e+03 	 2.000000e+00
6 	 38 	 Ey 	 1 	 8.357934e-01 	 -6.000000e+02 	 -1.320000e+03 	 2.000000e+00
6 	 39 	 Ey 	 1 	 7.230362e-01 	 -3.600000e+02 	 -1.320000e+03 	 2.000000e+00
6 	 40 	 Ey 	 1 	 1.028521e+00 	 -1.200000e+02 	 -1.320000e+03 	 2.000000e+00
6 	 41 	 Ey 	 1 	 1.951108e+00 	 1.200000e+02 	 -1.320000e+03 	 2.000000e+00
6 	 42 	 Ey 	 1 	 1.193717e+00 	 3.600000e+02 	 -1.320000e+03 	 2.000000e+00
6 	 43 	 Ey 	 1 	 1.084569e+00 	 6.000000e+02 	 -1.320000e+03 	 2.000000e+00
6 	 44 	 Ey 	 1 	 2.413264e+00 	 8.400000e+02 	 -1.320000e+03 	 2.000000e+00
6 	 45 	 Ey 	 1 	 1.091384e+00 	 1.080000e+03 	 -1.320000e+03 	 2.000000e+00
6 	 46 	 Ey 	 1 	 1.084595e+00 	 1.320000e+03 	 -1.320000e+03 	 2.000000e+00
6 	 47 	 Ey 	 1 	 1.296758e+00 	 1.560000e+03 	 -1.320000e+03 	 2.000000e+00
6 	 48 	 Ey 	 1 	 1.961572e+00 	 1.800000e+03 	 -1.320000e+03 	 2.000000e+00
6 	 49 	 Ey 	 1 	 5.337186e+00 	 -1.800000e+03 	 -1.080000e+03 	 2.000000e+00
6 	 50 	 Ey 	 1 	 4.169231e+00 	 -1.560000e+03 	 -1.080000e+03 	 2.000000e+00
6 	 51 	 Ey 	 1 	 2.766568e+00 	 -1.320000e+03 	 -1.080000e+03 	 2.000000e+00
6 	 52 	 Ey 	 1 	 2.596584e+00 	 -1.080000e+03 	 -1.080000e+03 	 2.000000e+00
6 	 53 	 Ey 	 1 	 5.345457e-01 	 -8.400000e+02 	 -1.080000e+03 	 2.000000e+00
6 	 54 	 Ey 	 1 	 0.000000e+00 	 -6.000000e+02 	 -1.080000e+03 	 2.000000e+00
6 	 55 	 Ey 	 1 	 0.000000e+00 	 -3.600000e+02 	 -1.080000e+03 	 2.000000e+00
6 	 56 	 Ey 	 1 	 3.801879e-01 	 -1.200000e+02 	 -1.080000e+03 	 2.000000e+00
6 	 57 	 Ey 	 1 	 1.067245e+00 	 1.200000e+02 	 -1.080000e+03 	 2.000000e+00
6 	 58 	 Ey 	 1 	 1.442999e+00 	 3.600000e+02 	 -1.080000e+03 	 2.000000e+00
6 	 59 	 Ey 	 1 	 3.335832e+00 	 6.000000e+02 	 -1.080000e+03 	 2.000000e+00
6 	 60 	 Ey 	 1 	 2.760664e+00 	 8.400000e+02 	 -1.080000e+03 	 2.000000e+00
6 	 61 	 Ey 	 1 	 4.081342e+00 	 1.080000e+03 	 -1.080000e+03 	 2.000000e+00
6 	 62 	 Ey 	 1 	 1.566550e+00 	 1.320000e+03 	 -1.080000e+03 	 2.000000e+00
6 	 63 	 Ey 	 1 	 2.143298e+00 	 1.560000e+03 	 -1.080000e+03 	 2.000000e+00
6 	 64 	 Ey 	 1 	 1.255639e+00 	 1.800000e+03 	 -1.080000e+03 	 2.000000e+00
6 	 65 	 Ey 	 1 	 2.506806e+00 	 -1.800000e+03 	 -8.400000e+02 	 2.000000e+00
6 	 66 	 Ey 	 1 	 2.525926e+00 	 -1.560000e+03 	 -8.400000e+02 	 2.000000e+00
6 	 67 	 Ey 	 1 	 2.159282e+00 	 -1.320000e+03 	 -8.400000e+02 	 2.000000e+00
6 	 68 	 Ey 	 1 	 1.461928e+00 	 -1.080000e+03 	 -8.400000e+02 	 2.000000e+00
6 	 69 	 Ey 	 1 	 0.000000e+00 	 -8.400000e+02 	 -8.400000e+02 	 2.000000e+00
6 	 70 	 Ey 	 1 	 0.000000e+00 	 -6.000000e+02 	 -8.400000e+02 	 2.000000e+00
6 	 71 	 Ey 	 1 	 0.000000e+00 	 -3.600000e+02 	 -8.400000e+02 	 2.000000e+00
6 	 72 	 Ey 	 1 	 0.000000e+00 	 -1.200000e+02 	 -8.400000e+02 	 2.000000e+00
6 	 73 	 Ey 	 1 	 6.565886e-01 	 1.200000e+02 	 -8.400000e+02 	 2.000000e+00
6 	 74 	 Ey 	 1 	 9.866129e-01 	 3.600000e+02 	 -8.400000e+02 	 2.000000e+00
6 	 75 	 Ey 	 1 	 4.365870e+00 	 6.000000e+02 	 -8.400000e+02 	 2.000000e+00
6 	 76 	 Ey 	 1 	 2.072905e+00 	 8.400000e+02 	 -8.400000e+02 	 2.000000e+00
6 	 77 	 Ey 	 1 	 2.024656e+00 	 1.080000e+03 	 -8.400000e+02 	 2.000000e+00
6 	 78 	 Ey 	 1 	 1.022845e+00 	 1.320000e+03 	 -8.400000e+02 	 2.000000e+00
6 	 79 	 Ey 	 1 	 1.025789e+00 	 1.560000e+03 	 -8.400000e+02 	 2.000000e+00
6 	 80 	 Ey 	 1 	 9.494019e-01 	 1.800000e+03 	 -8.400000e+02 	 2.000000e+00
6 	 81 	 Ey 	 1 	 1.147722e+00 	 -1.800000e+03 	 -6.000000e+02 	 2.000000e+00
6 	 82 	 Ey 	 1 	 4.465232e-01 	 -1.560000e+03 	 -6.000000e+02 	 2.000000e+00
6 	 83 	 Ey 	 1 	 3.014786e-01 	 -1.320000e+03 	 -6.000000e+02 	 2.000000e+00
6 	 84 	 Ey 	 1 	 0.000000e+00 	 -1.080000e+03 	 -6.000000e+02 	 2.000000e+00
6 	 85 	 Ey 	 1 	 0.000000e+00 	 -8.400000e+02 	 -6.000000e+02 	 2.000000e+00
6 	 86 	 Ey 	 1 	 0.000000e+00 	 -6.000000e+02 	 -6.000000e+02 	 2.000000e+00
6 	 87 	 Ey 	 1 	 0.000000e+00 	 -3.600000e+02 	 -6.000000e+02 	 2.000000e+00
6 	 88 	 Ey 	 1 	 0.000000e+00 	 -1.200000e+02 	 -6.000000e+02 	 2.000000e+00
6 	 89 	 Ey 	 1 	 1.364709e+00 	 1.200000e+02 	 -6.000000e+02 	 2.000000e+00
6 	 90 	 Ey 	 1 	 1.772439e+00 	 3.600000e+02 	 -6.000000e+02 	 2.000000e+00
6 	 91 	 Ey 	 1 	 1.759744e+00 	 6.000000e+02 	 -6.000000e+02 	 2.000000e+00
6 	 92 	 Ey 	 1 	 2.831281e+00 	 8.400000e+02 	 -6.000000e+02 	 2.000000e+00
6 	 93 	 Ey 	 1 	 1.640225e+00 	 1.080000e+03 	 -6.000000e+02 	 2.000000e+00
6 	 94 	 Ey 	 1 	 2.199192e+00 	 1.320000e+03 	 -6.000000e+02 	 2.000000e+00
6 	 95 	 Ey 	 1 	 1.075866e+00 	 1.560000e+03 	 -6.000000e+02 	 2.000000e+00
6 	 96 	 Ey 	 1 	 1.213215e+00 	 1.800000e+03 	 -6.000000e+02 	 2.000000e+00
6 	 97 	 Ey 	 1 	 7.702715e-01 	 -1.800000e+03 	 -3.600000e+02 	 2.000000e+00
6 	 98 	 Ey 	 1 	 9.988621e-01 	 -1.560000e+03 	 -3.600000e+02 	 2.000000e+00
6 	 99 	 Ey 	 1 	 5.949609e-01 	 -1.320000e+03 	 -3.600000e+02 	 2.000000e+00
6 	 100 	 Ey 	 1 	 0.000000e+00 	 -1.080000e+03 	 -3.600000e+02 	 2.000000e+00
6 	 101 	 Ey 	 1 	 0.000000e+00 	 -8.400000e+02 	 -3.600000e+02 	 2.000000e+00
6 	 102 	 Ey 	 1 	 0.000000e+00 	 -6.000000e+02 	 -3.600000e+02 	 2.000000e+00
6 	 103 	 Ey 	 1 	 0.000000e+00 	 -3.600000e+02 	 -3.600000e+02 	 2.000000e+00
6 	 104 	 Ey 	 1 	 0.000000e+00 	 -1.200000e+02 	 -3.600000e+02 	 2.000000e+00
6 	 105 	 Ey 	 1 	 8.140265e-01 	 1.200000e+02 	 -3.600000e+02 	 2.000000e+00
6 	 106 	 Ey 	 1 	 1.189893e+00 	 3.600000e+02 	 -3.600000e+02 	 2.000000e+00
6 	 107 	 Ey 	 1 	 2.865353e-01 	 6.000000e+02 	 -3.600000e+02 	 2.000000e+00
6 	 108 	 Ey 	 1 	 3.415273e-01 	 8.400000e+02 	 -3.600000e+02 	 2.000000e+00
6 	 109 	 Ey 	 1 	 1.006933e+00 	 1.080000e+03 	 -3.600000e+02 	 2.000000e+00
6 	 110 	 Ey 	 1 	 8.107508e-01 	 1.320000e+03 	 -3.600000e+02 	 2.000000e+00
6 	 111 	 Ey 	 1 	 1.213895e+00 	 1.560000e+03 	 -3.600000e+02 	 2.000000e+00
6 	 112 	 Ey 	 1 	 3.358231e-01 	 1.800000e+03 	 -3.600000e+02 	 2.000000e+00
6 	 113 	 Ey 	 1 	 2.192753e+00 	 -1.800000e+03 	 -1.200000e+02 	 2.000000e+00
6 	 114 	 Ey 	 1 	 2.256296e+00 	 -1.560000e+03 	 -1.200000e+02 	 2.000000e+00
6 	 115 	 Ey 	 1 	 2.591957e+00 	 -1.320000e+03 	 -1.200000e+02 	 2.000000e+00
6 	 116 	 Ey 	 1 	 1.476811e+00 	 -1.080000e+03 	 -1.200000e+02 	 2.000000e+00
6 	 117 	 Ey 	 1 	 0.000000e+00 	 -8.400000e+02 	 -1.200000e+02 	 2.000000e+00
6 	 118 	 Ey 	 1 	 0.000000e+00 	 -6.000000e+02 	 -1.200000e+02 	 2.000000e+00
6 	 119 	 Ey 	 1 	 0.000000e+00 	 -3.600000e+02 	 -1.200000e+02 	 2.000000e+00
6 	 120 	 Ey 	 1 	 0.000000e+00 	 -1.200000e+02 	 -1.200000e+02 	 2.000000e+00
6 	 121 	 Ey 	 1 	 2.582558e-01 	 1.200000e+02 	 -1.200000e+02 	 2.000000e+00
6 	 122 	 Ey 	 1 	 6.490065e-01 	 3.600000e+02 	 -1.200000e+02 	 2.000000e+00
6 	 123 	 Ey 	 1 	 1.557372e+00 	 6.000000e+02 	 -1.200000e+02 	 2.000000e+00
6 	 124 	 Ey 	 1 	 2.618512e+00 	 8.400000e+02 	 -1.200000e+02 	 2.000000e+00
6 	 125 	 Ey 	 1 	 6.625242e-01 	 1.080000e+03 	 -1.200000e+02 	 2.000000e+00
6 	 126 	 Ey 	 1 	 1.498623e+00 	 1.320000e+03 	 -1.200000e+02 	 2.000000e+00
6 	 127 	 Ey 	 1 	 3.346674e-01 	 1.560000e+03 	 -1.200000e+02 	 2.000000e+00
6 	 128 	 Ey 	 1 	 9.380557e-01 	 1.800000e+03 	 -1.200000e+02 	 2.000000e+00
6 	 129 	 Ey 	 1 	 6.289611e+00 	 -1.800000e+03 	 1.200000e+02 	 2.000000e+00
6 	 130 	 Ey 	 1 	 5.287117e+00 	 -1.560000e+03 	 1.200000e+02 	 2.000000e+00
6 	 131 	 Ey 	 1 	 2.427678e+00 	 -1.320000e+03 	 1.200000e+02 	 2.000000e+00
6 	 132 	 Ey 	 1 	 4.083591e+00 	 -1.080000e+03 	 1.200000e+02 	 2.000000e+00
6 	 133 	 Ey 	 1 	 1.844310e+00 	 -8.400000e+02 	 1.200000e+02 	 2.000000e+00
6 	 134 	 Ey 	 1 	 1.650232e+00 	 -6.000000e+02 	 1.200000e+02 	 2.000000e+00
6 	 135 	 Ey 	 1 	 2.225938e+00 	 -3.600000e+02 	 1.200000e+02 	 2.000000e+00
6 	 136 	 Ey 	 1 	 2.070712e+00 	 -1.200000e+02 	 1.200000e+02 	 2.000000e+00
6 	 137 	 Ey 	 1 	 2.164135e+00 	 1.200000e+02 	 1.200000e+02 	 2.000000e+00
6 	 138 	 Ey 	 1 	 1.879580e+00 	 3.600000e+02 	 1.200000e+02 	 2.000000e+00
6 	 139 	 Ey 	 1 	 7.902421e-01 	 6.000000e+02 	 1.200000e+02 	 2.000000e+00
6 	 140 	 Ey 	 1 	 1.724788e+00 	 8.400000e+02 	 1.200000e+02 	 2.000000e+00
6 	 141 	 Ey 	 1 	 2.160259e+00 	 1.080000e+03 	 1.200000e+02 	 2.000000e+00
6 	 142 	 Ey 	 1 	 1.288116e+00 	 1.320000e+03 	 1.200000e+02 	 2.000000e+00
6 	 143 	 Ey 	 1 	 8.867173e-01 	 1.560000e+03 	 1.200000e+02 	 2.000000e+00
6 	 144 	 Ey 	 1 	 2.164219e+00 	 1.800000e+03 	 1.200000e+02 	 2.000000e+00
6 	 145 	 Ey 	 1 	 7.700098e+00 	 -1.800000e+03 	 3.600000e+02 	 2.000000e+00
6 	 146 	 Ey 	 1 	 7.112642e+00 	 -1.560000e+03 	 3.600000e+02 	 2.000000e+00
6 	 147 	 Ey 	 1 	 7.059021e+00 	 -1.320000e+03 	 3.600000e+02 	 2.000000e+00
6 	 148 	 Ey 	 1 	 5.847476e+00 	 -1.080000e+03 	 3.600000e+02 	 2.000000e+00
6 	 149 	 Ey 	 1 	 3.988572e+00 	 -8.400000e+02 	 3.600000e+02 	 2.000000e+00
6 	 150 	 Ey 	 1 	 8.179466e-01 	 -6.000000e+02 	 3.600000e+02 	 2.000000e+00
6 	 151 	 Ey 	 1 	 2.213412e+00 	 -3.600000e+02 	 3.600000e+02 	 2.000000e+00
6 	 152 	 Ey 	 1 	 2.987525e+00 	 -1.200000e+02 	 3.600000e+02 	 2.000000e+00
6 	 153 	 Ey 	 1 	 6.147359e-01 	 1.200000e+02 	 3.600000e+02 	 2.000000e+00
6 	 154 	 Ey 	 1 	 1.036368e+00 	 3.600000e+02 	 3.600000e+02 	 2.000000e+00
6 	 155 	 Ey 	 1 	 2.182376e+00 	 6.000000e+02 	 3.600000e+02 	 2.000000e+00
6 	 156 	 Ey 	 1 	 2.449548e+00 	 8.400000e+02 	 3.600000e+02 	 2.000000e+00
6 	 157 	 Ey 	 1 	 3.153606e+00 	 1.080000e+03 	 3.600000e+02 	 2.000000e+00
6 	 158 	 Ey 	 1 	 5.528684e-01 	 1.320000e+03 	 3.600000e+02 	 2.000000e+00
6 	 159 	 Ey 	 1 	 1.314471e+00 	 1.560000e+03 	 3.600000e+02 	 2.000000e+00
6 	 160 	 Ey 	 1 	 4.458768e-01 	 1.800000e+03 	 3.600000e+02 	 2.000000e+00
6 	 161 	 Ey 	 1 	 8.050916e+00 	 -1.800000e+03 	 6.000000e+02 	 2.000000e+00
6 	 162 	 Ey 	 1 	 8.439618e+00 	 -1.560000e+03 	 6.000000e+02 	 2.000000e+00
6 	 163 	 Ey 	 1 	 8.785759e+00 	 -1.320000e+03 	 6.000000e+02 	 2.000000e+00
6 	 164 	 Ey 	 1 	 1.038086e+01 	 -1.080000e+03 	 6.000000e+02 	 2.000000e+00
6 	 165 	 Ey 	 1 	 7.543673e+00 	 -8.400000e+02 	 6.000000e+02 	 2.000000e+00
6 	 166 	 Ey 	 1 	 2.881171e+00 	 -6.000000e+02 	 6.000000e+02 	 2.000000e+00
6 	 167 	 Ey 	 1 	 1.700418e+00 	 -3.600000e+02 	 6.000000e+02 	 2.000000e+00
6 	 168 	 Ey 	 1 	 3.808064e+00 	 -1.200000e+02 	 6.000000e+02 	 2.000000e+00
6 	 169 	 Ey 	 1 	 2.300016e+00 	 1.200000e+02 	 6.000000e+02 	 2.000000e+00
6 	 170 	 Ey 	 1 	 8.797619e-01 	 3.600000e+02 	 6.000000e+02 	 2.000000e+00
6 	 171 	 Ey 	 1 	 2.915700e+00 	 6.000000e+02 	 6.000000e+02 	 2.000000e+00
6 	 172 	 Ey 	 1 	 2.749852e+00 	 8.400000e+02 	 6.000000e+02 	 2.000000e+00
6 	 173 	 Ey 	 1 	 2.655206e+00 	 1.080000e+03 	 6.000000e+02 	 2.000000e+00
6 	 174 	 Ey 	 1 	 4.763706e-01 	 1.320000e+03 	 6.000000e+02 	 2.000000e+00
6 	 175 	 Ey 	 1 	 9.179032e-01 	 1.560000e+03 	 6.000000e+02 	 2.000000e+00
6 	 176 	 Ey 	 1 	 2.508132e+00 	 1.800000e+03 	 6.000000e+02 	 2.000000e+00
6 	 177 	 Ey 	 1 	 9.519030e+00 	 -1.800000e+03 	 8.400000e+02 	 2.000000e+00
6 	 178 	 Ey 	 1 	 1.142003e+01 	 -1.560000e+03 	 8.400000e+02 	 2.000000e+00
6 	 179 	 Ey 	 1 	 1.218960e+01 	 -1.320000e+03 	 8.400000e+02 	 2.000000e+00
6 	 180 	 Ey 	 1 	 1.108654e+01 	 -1.080000e+03 	 8.400000e+02 	 2.000000e+00
6 	 181 	 Ey 	 1 	 1.058108e+01 	 -8.400000e+02 	 8.400000e+02 	 2.000000e+00
6 	 182 	 Ey 	 1 	 3.610305e+00 	 -6.000000e+02 	 8.400000e+02 	 2.000000e+00
6 	 183 	 Ey 	 1 	 2.797167e+00 	 -3.600000e+02 	 8.400000e+02 	 2.000000e+00
6 	 184 	 Ey 	 1 	 4.469135e+00 	 -1.200000e+02 	 8.400000e+02 	 2.000000e+00
6 	 185 	 Ey 	 1 	 2.275600e+00 	 1.200000e+02 	 8.400000e+02 	 2.000000e+00
6 	 186 	 Ey 	 1 	 1.978370e+00 	 3.600000e+02 	 8.400000e+02 	 2.000000e+00
6 	 187 	 Ey 	 1 	 3.529845e+00 	 6.000000e+02 	 8.400000e+02 	 2.000000e+00
6 	 188 	 Ey 	 1 	 2.851741e+00 	 8.400000e+02 	 8.400000e+02 	 2.000000e+00
6 	 189 	 Ey 	 1 	 5.552970e-01 	 1.080000e+03 	 8.400000e+02 	 2.000000e+00
6 	 190 	 Ey 	 1 	 8.933885e-01 	 1.320000e+03 	 8.400000e+02 	 2.000000e+00
6 	 191 	 Ey 	 1 	 1.962077e+00 	 1.560000e+03 	 8.400000e+02 	 2.000000e+00
6 	 192 	 Ey 	 1 	 2.483952e+00 	 1.800000e+03 	 8.400000e+02 	 2.000000e+00
6 	 193 	 Ey 	 1 	 1.255699e+01 	 -1.800000e+03 	 1.080000e+03 	 2.000000e+00
6 	 194 	 Ey 	 1 	 1.245450e+01 	 -1.560000e+03 	 1.080000e+03 	 2.000000e+00
6 	 195 	 Ey 	 1 	 1.323470e+01 	 -1.320000e+03 	 1.080000e+03 	 2.000000e+00
6 	 196 	 Ey 	 1 	 1.401255e+01 	 -1.080000e+03 	 1.080000e+03 	 2.000000e+00
6 	 197 	 Ey 	 1 	 1.018746e+01 	 -8.400000e+02 	 1.080000e+03 	 2.000000e+00
6 	 198 	 Ey 	 1 	 4.241284e+00 	 -6.000000e+02 	 1.080000e+03 	 2.000000e+00
6 	 199 	 Ey 	 1 	 1.668979e+00 	 -3.600000e+02 	 1.080000e+03 	 2.000000e+00
6 	 200 	 Ey 	 1 	 4.565163e+00 	 -1.200000e+02 	 1.080000e+03 	 2.000000e+00
6 	 201 	 Ey 	 1 	 3.477409e+00 	 1.200000e+02 	 1.080000e+03 	 2.000000e+00
6 	 202 	 Ey 	 1 	 1.023189e+00 	 3.600000e+02 	 1.080000e+03 	 2.000000e+00
6 	 203 	 Ey 	 1 	 1.556105e+00 	 6.000000e+02 	 1.080000e+03 	 2.000000e+00
6 	 204 	 Ey 	 1 	 1.328374e+00 	 8.400000e+02 	 1.080000e+03 	 2.000000e+00
6 	 205 	 Ey 	 1 	 8.738809e-01 	 1.080000e+03 	 1.080000e+03 	 2.000000e+00
6 	 206 	 Ey 	 1 	 1.375293e+00 	 1.320000e+03 	 1.080000e+03 	 2.000000e+00
6 	 207 	 Ey 	 1 	 3.542091e+00 	 1.560000e+03 	 1.080000e+03 	 2.000000e+00
6 	 208 	 Ey 	 1 	 3.779769e+00 	 1.800000e+03 	 1.080000e+03 	 2.000000e+00
6 	 209 	 Ey 	 1 	 1.375023e+01 	 -1.800000e+03 	 1.320000e+03 	 2.000000e+00
6 	 210 	 Ey 	 1 	 1.433742e+01 	 -1.560000e+03 	 1.320000e+03 	 2.000000e+00
6 	 211 	 Ey 	 1 	 1.549397e+01 	 -1.320000e+03 	 1.320000e+03 	 2.000000e+00
6 	 212 	 Ey 	 1 	 1.359936e+01 	 -1.080000e+03 	 1.320000e+03 	 2.000000e+00
6 	 213 	 Ey 	 1 	 1.013946e+01 	 -8.400000e+02 	 1.320000e+03 	 2.000000e+00
6 	 214 	 Ey 	 1 	 3.344800e+00 	 -6.000000e+02 	 1.320000e+03 	 2.000000e+00
6 	 215 	 Ey 	 1 	 1.882867e+00 	 -3.600000e+02 	 1.320000e+03 	 2.000000e+00
6 	 216 	 Ey 	 1 	 4.293345e+00 	 -1.200000e+02 	 1.320000e+03 	 2.000000e+00
6 	 217 	 Ey 	 1 	 5.429183e+00 	 1.200000e+02 	 1.320000e+03 	 2.000000e+00
6 	 218 	 Ey 	 1 	 2.027941e+00 	 3.600000e+02 	 1.320000e+03 	 2.000000e+00
6 	 219 	 Ey 	 1 	 2.857161e+00 	 6.000000e+02 	 1.320000e+03 	 2.000000e+00
6 	 220 	 Ey 	 1 	 1.615611e+00 	 8.400000e+02 	 1.320000e+03 	 2.000000e+00
6 	 221 	 Ey 	 1 	 1.284485e+00 	 1.080000e+03 	 1.320000e+03 	 2.000000e+00
6 	 222 	 Ey 	 1 	 2.180254e+00 	 1.320000e+03 	 1.320000e+03 	 2.000000e+00
6 	 223 	 Ey 	 1 	 3.354650e+00 	 1.560000e+03 	 1.320000e+03 	 2.000000e+00
6 	 224 	 Ey 	 1 	 5.640209e+00 	 1.800000e+03 	 1.320000e+03 	 2.000000e+00
6 	 225 	 Ey 	 1 	 1.448908e+01 	 -1.800000e+03 	 1.560000e+03 	 2.000000e+00
6 	 226 	 Ey 	 1 	 1.405544e+01 	 -1.560000e+03 	 1.560000e+03 	 2.000000e+00
6 	 227 	 Ey 	 1 	 1.374080e+01 	 -1.320000e+03 	 1.560000e+03 	 2.000000e+00
6 	 228 	 Ey 	 1 	 1.158073e+01 	 -1.080000e+03 	 1.560000e+03 	 2.000000e+00
6 	 229 	 Ey 	 1 	 1.048189e+01 	 -8.400000e+02 	 1.560000e+03 	 2.000000e+00
6 	 230 	 Ey 	 1 	 4.111222e+00 	 -6.000000e+02 	 1.560000e+03 	 2.000000e+00
6 	 231 	 Ey 	 1 	 2.763784e+00 	 -3.600000e+02 	 1.560000e+03 	 2.000000e+00
6 	 232 	 Ey 	 1 	 3.486063e+00 	 -1.200000e+02 	 1.560000e+03 	 2.000000e+00
6 	 233 	 Ey 	 1 	 6.592489e+00 	 1.200000e+02 	 1.560000e+03 	 2.000000e+00
6 	 234 	 Ey 	 1 	 5.701809e+00 	 3.600000e+02 	 1.560000e+03 	 2.000000e+00
6 	 235 	 Ey 	 1 	 4.364647e+00 	 6.000000e+02 	 1.560000e+03 	 2.000000e+00
6 	 236 	 Ey 	 1 	 5.046696e+00 	 8.400000e+02 	 1.560000e+03 	 2.000000e+00
6 	 237 	 Ey 	 1 	 4.428991e+00 	 1.080000e+03 	 1.560000e+03 	 2.000000e+00
6 	 238 	 Ey 	 1 	 4.965504e+00 	 1.320000e+03 	 1.560000e+03 	 2.000000e+00
6 	 239 	 Ey 	 1 	 6.132596e+00 	 1.560000e+03 	 1.560000e+03 	 2.000000e+00
6 	 240 	 Ey 	 1 	 7.158576e+00 	 1.800000e+03 	 1.560000e+03 	 2.000000e+00
6 	 241 	 Ey 	 1 	 1.348110e+01 	 -1.800000e+03 	 1.800000e+03 	 2.000000e+00
6 	 242 	 Ey 	 1 	 1.428838e+01 	 -1.560000e+03 	 1.800000e+03 	 2.000000e+00
6 	 243 	 Ey 	 1 	 1.276582e+01 	 -1.320000e+03 	 1.800000e+03 	 2.000000e+00
6 	 244 	 Ey 	 1 	 8.568154e+00 	 -1.080000e+03 	 1.800000e+03 	 2.000000e+00
6 	 245 	 Ey 	 1 	 7.674718e+00 	 -8.400000e+02 	 1.800000e+03 	 2.000000e+00
6 	 246 	 Ey 	 1 	 5.303443e+00 	 -6.000000e+02 	 1.800000e+03 	 2.000000e+00
6 	 247 	 Ey 	 1 	 1.960012e+00 	 -3.600000e+02 	 1.800000e+03 	 2.000000e+00
6 	 248 	 Ey 	 1 	 3.602612e+00 	 -1.200000e+02 	 1.800000e+03 	 2.000000e+00
6 	 249 	 Ey 	 1 	 5.976616e+00 	 1.200000e+02 	 1.800000e+03 	 2.000000e+00
6 	 250 	 Ey 	 1 	 7.523646e+00 	 3.600000e+02 	 1.800000e+03 	 2.000000e+00
6 	 251 	 Ey 	 1 	 5.454058e+00 	 6.000000e+02 	 1.800000e+03 	 2.000000e+00
6 	 252 	 Ey 	 1 	 5.816234e+00 	 8.400000e+02 	 1.800000e+03 	 2.000000e+00
6 	 253 	 Ey 	 1 	 6.333779e+00 	 1.080000e+03 	 1.800000e+03 	 2.000000e+00
6 	 254 	 Ey 	 1 	 5.940006e+00 	 1.320000e+03 	 1.800000e+03 	 2.000000e+00
6 	 255 	 Ey 	 1 	 6.496574e+00 	 1.560000e+03 	 1.800000e+03 	 2.000000e+00
6 	 256 	 Ey 	 1 	 7.461170e+00 	 1.800000e+03 	 1.800000e+03 	 2.000000e+00
6 	 1 	 Ey 	 2 	 7.875680e+00 	 -1.800000e+03 	 -1.800000e+03 	 2.000000e+00
6 	 2 	 Ey 	 2 	 6.784901e+00 	 -1.560000e+03 	 -1.800000e+03 	 2.000000e+00
6 	 3 	 Ey 	 2 	 5.948942e+00 	 -1.320000e+03 	 -1.800000e+03 	 2.000000e+00
6 	 4 	 Ey 	 2 	 4.530558e+00 	 -1.080000e+03 	 -1.800000e+03 	 2.000000e+00
6 	 5 	 Ey 	 2 	 2.285434e+00 	 -8.400000e+02 	 -1.800000e+03 	 2.000000e+00
6 	 6 	 Ey 	 2 	 2.329198e+00 	 -6.000000e+02 	 -1.800000e+03 	 2.000000e+00
6 	 7 	 Ey 	 2 	 1.826408e+00 	 -3.600000e+02 	 -1.800000e+03 	 2.000000e+00
6 	 8 	 Ey 	 2 	 1.985376e+00 	 -1.200000e+02 	 -1.800000e+03 	 2.000000e+00
6 	 9 	 Ey 	 2 	 2.443954e+00 	 1.200000e+02 	 -1.800000e+03 	 2.000000e+00
6 	 10 	 Ey 	 2 	 4.836154e+00 	 3.600000e+02 	 -1.800000e+03 	 2.000000e+00
6 	 11 	 Ey 	 2 	 4.153969e+00 	 6.000000e+02 	 -1.800000e+03 	 2.000000e+00
6 	 12 	 Ey 	 2 	 4.209555e+00 	 8.400000e+02 	 -1.800000e+03 	 2.000000e+00
6 	 13 	 Ey 	 2 	 3.623292e+00 	 1.080000e+03 	 -1.800000e+03 	 2.000000e+00
6 	 14 	 Ey 	 2 	 4.139073e+00 	 1.320000e+03 	 -1.800000e+03 	 2.000000e+00
6 	 15 	 Ey 	 2 	 3.661053e+00 	 1.560000e+03 	 -1.800000e+03 	 2.000000e+00
6 	 16 	 Ey 	 2 	 4.920619e+00 	 1.800000e+03 	 -1.800000e+03 	 2.000000e+00
6 	 17 	 Ey 	 2 	 6.503553e+00 	 -1.800000e+03 	 -1.560000e+03 	 2.000000e+00
6 	 18 	 Ey 	 2 	 6.336824e+00 	 -1.560000e+03 	 -1.560000e+03 	 2.000000e+00
6 	 19 	 Ey 	 2 	 4.994013e+00 	 -1.320000e+03 	 -1.560000e+03 	 2.000000e+00
6 	 20 	 Ey 	 2 	 4.121275e+00 	 -1.080000e+03 	 -1.560000e+03 	 2.000000e+00
6 	 21 	 Ey 	 2 	 3.560057e+00 	 -8.400000e+02 	 -1.560000e+03 	 2.000000e+00
6 	 22 	 Ey 	 2 	 1.974254e+00 	 -6.000000e+02 	 -1.560000e+03 	 2.000000e+00
6 	 23 	 Ey 	 2 	 1.476493e+00 	 -3.600000e+02 	 -1.560000e+03 	 2.000000e+00
6 	 24 	 Ey 	 2 	 3.848097e+00 	 -1.200000e+02 	 -1.560000e+03 	 2.000000e+00
6 	 25 	 Ey 	 2 	 2.819553e+00 	 1.200000e+02 	 -1.560000e+03 	 2.000000e+00
6 	 26 	 Ey 	 2 	 2.290646e+00 	 3.600000e+02 	 -1.560000e+03 	 2.000000e+00
6 	 27 	 Ey 	 2 	 2.178501e+00 	 6.000000e+02 	 -1.560000e+03 	 2.000000e+00
6 	 28 	 Ey 	 2 	 1.221983e+00 	 8.400000e+02 	 -1.560000e+03 	 2.000000e+00
6 	 29 	 Ey 	 2 	 2.191658e+00 	 1.080000e+03 	 -1.560000e+03 	 2.000000e+00
6 	 30 	 Ey 	 2 	 2.538306e+00 	 1.320000e+03 	 -1.560000e+03 	 2.000000e+00
6 	 31 	 Ey 	 2 	 2.378141e+00 	 1.560000e+03 	 -1.560000e+03 	 2.000000e+00
6 	 32 	 Ey 	 2 	 3.837568e+00 	 1.800000e+03 	 -1.560000e+03 	 2.000000e+00
6 	 33 	 Ey 	 2 	 6.779025e+00 	 -1.800000e+03 	 -1.320000e+03 	 2.000000e+00
6 	 34 	 Ey 	 2 	 6.501916e+00 	 -1.560000e+03 	 -1.320000e+03 	 2.000000e+00
6 	 35 	 Ey 	 2 	 5.636592e+00 	 -1.320000e+03 	 -1.320000e+03 	 2.000000e+00
6 	 36 	 Ey 	 2 	 4.458891e+00 	 -1.080000e+03 	 -1.320000e+03 	 2.000000e+00
6 	 37 	 Ey 	 2 	 3.448299e+00 	 -8.400000e+02 	 -1.320000e+03 	 2.000000e+00
6 	 38 	 Ey 	 2 	 1.678663e+00 	 -6.000000e+02 	 -1.320000e+03 	 2.000000e+00
6 	 39 	 Ey 	 2 	 3.043655e+00 	 -3.600000e+02 	 -1.320000e+03 	 2.000000e+00
6 	 40 	 Ey 	 2 	 2.564077e+00 	 -1.200000e+02 	 -1.320000e+03 	 2.000000e+00
6 	 41 	 Ey 	 2 	 1.680339e+00 	 1.200000e+02 	 -1.320000e+03 	 2.000000e+00
6 	 42 	 Ey 	 2 	 1.641649e+00 	 3.600000e+02 	 -1.320000e+03 	 2.000000e+00
6 	 43 	 Ey 	 2 	 7.056988e-01 	 6.000000e+02 	 -1.320000e+03 	 2.000000e+00
6 	 44 	 Ey 	 2 	 1.443487e+00 	 8.400000e+02 	 -1.320000e+03 	 2.000000e+00
6 	 45 	 Ey 	 2 	 8.168446e-01 	 1.080000e+03 	 -1.320000e+03 	 2.000000e+00
6 	 46 	 Ey 	 2 	 1.702268e+00 	 1.320000e+03 	 -1.320000e+03 	 2.000000e+00
6 	 47 	 Ey 	 2 	 5.432984e-01 	 1.560000e+03 	 -1.320000e+03 	 2.000000e+00
6 	 48 	 Ey 	 2 	 2.886164e+00 	 1.800000e+03 	 -1.320000e+03 	 2.000000e+00
6 	 49 	 Ey 	 2 	 6.200190e+00 	 -1.800000e+03 	 -1.080000e+03 	 2.000000e+00
6 	 50 	 Ey 	 2 	 4.668057e+00 	 -1.560000e+03 	 -1.080000e+03 	 2.000000e+00
6 	 51 	 Ey 	 2 	 3.532866e+00 	 -1.320000e+03 	 -1.080000e+03 	 2.000000e+00
6 	 52 	 Ey 	 2 	 3.253072e+00 	 -1.080000e+03 	 -1.080000e+03 	 2.000000e+00
6 	 53 	 Ey 	 2 	 1.246390e+00 	 -8.400000e+02 	 -1.080000e+03 	 2.000000e+00
6 	 54 	 Ey 	 2 	 0.000000e+00 	 -6.000000e+02 	 -1.080000e+03 	 2.000000e+00
6 	 55 	 Ey 	 2 	 0.000000e+00 	 -3.600000e+02 	 -1.080000e+03 	 2.000000e+00
6 	 56 	 Ey 	 2 	 2.476974e+00 	 -1.200000e+02 	 -1.080000e+03 	 2.000000e+00
6 	 57 	 Ey 	 2 	 2.253770e+00 	 1.200000e+02 	 -1.080000e+03 	 2.000000e+00
6 	 58 	 Ey 	 2 	 1.248134e+00 	 3.600000e+02 	 -1.080000e+03 	 2.000000e+00
6 	 59 	 Ey 	 2 	 2.353623e+00 	 6.000000e+02 	 -1.080000e+03 	 2.000000e+00
6 	 60 	 Ey 	 2 	 4.519278e+00 	 8.400000e+02 	 -1.080000e+03 	 2.000000e+00
6 	 61 	 Ey 	 2 	 1.957632e+00 	 1.080000e+03 	 -1.080000e+03 	 2.000000e+00
6 	 62 	 Ey 	 2 	 9.077510e-01 	 1.320000e+03 	 -1.080000e+03 	 2.000000e+00
6 	 63 	 Ey 	 2 	 3.806213e-01 	 1.560000e+03 	 -1.080000e+03 	 2.000000e+00
6 	 64 	 Ey 	 2 	 2.301745e+00 	 1.800000e+03 	 -1.080000e+03 	 2.000000e+00
6 	 65 	 Ey 	 2 	 4.032249e+00 	 -1.800000e+03 	 -8.400000e+02 	 2.000000e+00
6 	 66 	 Ey 	 2 	 3.165471e+00 	 -1.560000e+03 	 -8.400000e+02 	 2.000000e+00
6 	 67 	 Ey 	 2 	 1.919974e+00 	 -1.320000e+03 	 -8.400000e+02 	 2.000000e+00
6 	 68 	 Ey 	 2 	 1.499092e+00 	 -1.080000e+03 	 -8.400000e+02 	 2.000000e+00
6 	 69 	 Ey 	 2 	 0.000000e+00 	 -8.400000e+02 	 -8.400000e+02 	 2.000000e+00
6 	 70 	 Ey 	 2 	 0.000000e+00 	 -6.000000e+02 	 -8.400000e+02 	 2.000000e+00
6 	 71 	 Ey 	 2 	 0.000000e+00 	 -3.600000e+02 	 -8.400000e+02 	 2.000000e+00
6 	 72 	 Ey 	 2 	 0.000000e+00 	 -1.200000e+02 	 -8.400000e+02 	 2.000000e+00
6 	 73 	 Ey 	 2 	 3.325539e-01 	 1.200000e+02 	 -8.400000e+02 	 2.000000e+00
6 	 74 	 Ey 	 2 	 1.605178e+00 	 3.600000e+02 	 -8.400000e+02 	 2.000000e+00
6 	 75 	 Ey 	 2 	 3.090800e+00 	 6.000000e+02 	 -8.400000e+02 	 2.000000e+00
6 	 76 	 Ey 	 2 	 4.981847e+00 	 8.400000e+02 	 -8.400000e+02 	 2.000000e+00
6 	 77 	 Ey 	 2 	 2.676713e+00 	 1.080000e+03 	 -8.400000e+02 	 2.000000e+00
6 	 78 	 Ey 	 2 	 1.614167e+00 	 1.320000e+03 	 -8.400000e+02 	 2.000000e+00
6 	 79 	 Ey 	 2 	 1.220970e+00 	 1.560000e+03 	 -8.400000e+02 	 2.000000e+00
6 	 80 	 Ey 	 2 	 1.002778e+00 	 1.800000e+03 	 -8.400000e+02 	 2.000000e+00
6 	 81 	 Ey 	 2 	 1.070934e+00 	 -1.800000e+03 	 -6.000000e+02 	 2.000000e+00
6 	 82 	 Ey 	 2 	 1.432759e+00 	 -1.560000e+03 	 -6.000000e+02 	 2.000000e+00
6 	 83 	 Ey 	 2 	 1.100038e+00 	 -1.320000e+03 	 -6.000000e+02 	 2.000000e+00
6 	 84 	 Ey 	 2 	 0.000000e+00 	 -1.080000e+03 	 -6.000000e+02 	 2.000000e+00
6 	 85 	 Ey 	 2 	 0.000000e+00 	 -8.400000e+02 	 -6.000000e+02 	 2.000000e+00
6 	 86 	 Ey 	 2 	 0.000000e+00 	 -6.000000e+02 	 -6.000000e+02 	 2.000000e+00
6 	 87 	 Ey 	 2 	 0.000000e+00 	 -3.600000e+02 	 -6.000000e+02 	 2.000000e+00
6 	 88 	 Ey 	 2 	 0.000000e+00 	 -1.200000e+02 	 -6.000000e+02 	 2.000000e+00
6 	 89 	 Ey 	 2 	 8.027965e-01 	 1.200000e+02 	 -6.000000e+02 	 2.000000e+00
6 	 90 	 Ey 	 2 	 1.489022e+00 	 3.600000e+02 	 -6.000000e+02 	 2.000000e+00
6 	 91 	 Ey 	 2 	 2.237619e+00 	 6.000000e+02 	 -6.000000e+02 	 2.000000e+00
6 	 92 	 Ey 	 2 	 2.082086e+00 	 8.400000e+02 	 -6.000000e+02 	 2.000000e+00
6 	 93 	 Ey 	 2 	 3.242604e+00 	 1.080000e+03 	 -6.000000e+02 	 2.000000e+00
6 	 94 	 Ey 	 2 	 2.036133e+00 	 1.320000e+03 	 -6.000000e+02 	 2.000000e+00
6 	 95 	 Ey 	 2 	 3.364680e-01 	 1.560000e+03 	 -6.000000e+02 	 2.000000e+00
6 	 96 	 Ey 	 2 	 1.700560e+00 	 1.800000e+03 	 -6.000000e+02 	 2.000000e+00
6 	 97 	 Ey 	 2 	 1.715268e+00 	 -1.800000e+03 	 -3.600000e+02 	 2.000000e+00
6 	 98 	 Ey 	 2 	 2.965008e+00 	 -1.560000e+03 	 -3.600000e+02 	 2.000000e+00
6 	 99 	 Ey 	 2 	 2.458286e+00 	 -1.320000e+03 	 -3.600000e+02 	 2.000000e+00
6 	 100 	 Ey 	 2 	 0.000000e+00 	 -1.080000e+03 	 -3.600000e+02 	 2.000000e+00
6 	 101 	 Ey 	 2 	 0.000000e+00 	 -8.400000e+02 	 -3.600000e+02 	 2.000000e+00
6 	 102 	 Ey 	 2 	 0.000000e+00 	 -6.000000e+02 	 -3.600000e+02 	 2.000000e+00
6 	 103 	 Ey 	 2 	 0.000000e+00 	 -3.600000e+02 	 -3.600000e+02 	 2.000000e+00
6 	 104 	 Ey 	 2 	 0.000000e+00 	 -1.200000e+02 	 -3.600000e+02 	 2.000000e+00
6 	 105 	 Ey 	 2 	 8.034704e-01 	 1.200000e+02 	 -3.600000e+02 	 2.000000e+00
6 	 106 	 Ey 	 2 	 5.330794e-01 	 3.600000e+02 	 -3.600000e+02 	 2.000000e+00
6 	 107 	 Ey 	 2 	 6.803017e-01 	 6.000000e+02 	 -3.600000e+02 	 2.000000e+00
6 	 108 	 Ey 	 2 	 1.469850e+00 	 8.400000e+02 	 -3.600000e+02 	 2.000000e+00
6 	 109 	 Ey 	 2 	 9.372216e-01 	 1.080000e+03 	 -3.600000e+02 	 2.000000e+00
6 	 110 	 Ey 	 2 	 1.250340e+00 	 1.320000e+03 	 -3.600000e+02 	 2.000000e+00
6 	 111 	 Ey 	 2 	 1.638379e+00 	 1.560000e+03 	 -3.600000e+02 	 2.000000e+00
6 	 112 	 Ey 	 2 	 2.210235e+00 	 1.800000e+03 	 -3.600000e+02 	 2.000000e+00
6 	 113 	 Ey 	 2 	 2.698290e+00 	 -1.800000e+03 	 -1.200000e+02 	 2.000000e+00
6 	 114 	 Ey 	 2 	 1.147984e+00 	 -1.560000e+03 	 -1.200000e+02 	 2.000000e+00
6 	 115 	 Ey 	 2 	 3.293942e+00 	 -1.320000e+03 	 -1.200000e+02 	 2.000000e+00
6 	 116 	 Ey 	 2 	 2.316803e+00 	 -1.080000e+03 	 -1.200000e+02 	 2.000000e+00
6 	 117 	 Ey 	 2 	 0.000000e+00 	 -8.400000e+02 	 -1.200000e+02 	 2.000000e+00
6 	 118 	 Ey 	 2 	 0.000000e+00 	 -6.000000e+02 	 -1.200000e+02 	 2.000000e+00
6 	 119 	 Ey 	 2 	 0.000000e+00 	 -3.600000e+02 	 -1.200000e+02 	 2.000000e+00
6 	 120 	 Ey 	 2 	 0.000000e+00 	 -1.200000e+02 	 -1.200000e+02 	 2.000000e+00
6 	 121 	 Ey 	 2 	 1.004953e+00 	 1.200000e+02 	 -1.200000e+02 	 2.000000e+00
6 	 122 	 Ey 	 2 	 8.250887e-01 	 3.600000e+02 	 -1.200000e+02 	 2.000000e+00
6 	 123 	 Ey 	 2 	 1.126518e+00 	 6.000000e+02 	 -1.200000e+02 	 2.000000e+00
6 	 124 	 Ey 	 2 	 5.700577e-01 	 8.400000e+02 	 -1.200000e+02 	 2.000000e+00
6 	 125 	 Ey 	 2 	 5.299693e-01 	 1.080000e+03 	 -1.200000e+02 	 2.000000e+00
6 	 126 	 Ey 	 2 	 1.841827e+00 	 1.320000e+03 	 -1.200000e+02 	 2.000000e+00
6 	 127 	 Ey 	 2 	 1.870783e-01 	 1.560000e+03 	 -1.200000e+02 	 2.000000e+00
6 	 128 	 Ey 	 2 	 1.189556e+00 	 1.800000e+03 	 -1.200000e+02 	 2.000000e+00
6 	 129 	 Ey 	 2 	 5.534118e+00 	 -1.800000e+03 	 1.200000e+02 	 2.000000e+00
6 	 130 	 Ey 	 2 	 4.991876e+00 	 -1.560000e+03 	 1.200000e+02 	 2.000000e+00
6 	 131 	 Ey 	 2 	 3.988611e+00 	 -1.320000e+03 	 1.200000e+02 	 2.000000e+00
6 	 132 	 Ey 	 2 	 2.774866e+00 	 -1.080000e+03 	 1.200000e+02 	 2.000000e+00
6 	 133 	 Ey 	 2 	 2.021028e+00 	 -8.400000e+02 	 1.200000e+02 	 2.000000e+00
6 	 134 	 Ey 	 2 	 1.390138e-01 	 -6.000000e+02 	 1.200000e+02 	 2.000000e+00
6 	 135 	 Ey 	 2 	 6.103126e-01 	 -3.600000e+02 	 1.200000e+02 	 2.000000e+00
6 	 136 	 Ey 	 2 	 1.536109e+00 	 -1.200000e+02 	 1.200000e+02 	 2.000000e+00
6 	 137 	 Ey 	 2 	 2.761414e+00 	 1.200000e+02 	 1.200000e+02 	 2.000000e+00
6 	 138 	 Ey 	 2 	 3.394561e-01 	 3.600000e+02 	 1.200000e+02 	 2.000000e+00
6 	 139 	 Ey 	 2 	 3.117700e+00 	 6.000000e+02 	 1.200000e+02 	 2.000000e+00
6 	 140 	 Ey 	 2 	 1.081307e+00 	 8.400000e+02 	 1.200000e+02 	 2.000000e+00
6 	 141 	 Ey 	 2 	 2.257521e+00 	 1.080000e+03 	 1.200000e+02 	 2.000000e+00
6 	 142 	 Ey 	 2 	 1.462982e+00 	 1.320000e+03 	 1.200000e+02 	 2.000000e+00
6 	 143 	 Ey 	 2 	 1.516153e+00 	 1.560000e+03 	 1.200000e+02 	 2.000000e+00
6 	 144 	 Ey 	 2 	 2.136889e+00 	 1.800000e+03 	 1.200000e+02 	 2.000000e+00
6 	 145 	 Ey 	 2 	 6.890387e+00 	 -1.800000e+03 	 3.600000e+02 	 2.000000e+00
6 	 146 	 Ey 	 2 	 6.501252e+00 	 -1.560000e+03 	 3.600000e+02 	 2.000000e+00
6 	 147 	 Ey 	 2 	 6.088835e+00 	 -1.320000e+03 	 3.600000e+02 	 2.000000e+00
6 	 148 	 Ey 	 2 	 5.371833e+00 	 -1.080000e+03 	 3.600000e+02 	 2.000000e+00
6 	 149 	 Ey 	 2 	 3.928203e+00 	 -8.400000e+02 	 3.600000e+02 	 2.000000e+00
6 	 150 	 Ey 	 2 	 1.215411e+00 	 -6.000000e+02 	 3.600000e+02 	 2.000000e+00
6 	 151 	 Ey 	 2 	 2.737844e+00 	 -3.600000e+02 	 3.600000e+02 	 2.000000e+00
6 	 152 	 Ey 	 2 	 3.606894e+00 	 -1.200000e+02 	 3.600000e+02 	 2.000000e+00
6 	 153 	 Ey 	 2 	 1.477581e+00 	 1.200000e+02 	 3.600000e+02 	 2.000000e+00
6 	 154 	 Ey 	 2 	 4.945103e-01 	 3.600000e+02 	 3.600000e+02 	 2.000000e+00
6 	 155 	 Ey 	 2 	 1.793001e+00 	 6.000000e+02 	 3.600000e+02 	 2.000000e+00
6 	 156 	 Ey 	 2 	 2.090550e+00 	 8.400000e+02 	 3.600000e+02 	 2.000000e+00
6 	 157 	 Ey 	 2 	 2.410908e+00 	 1.080000e+03 	 3.600000e+02 	 2.000000e+00
6 	 158 	 Ey 	 2 	 1.071866e+00 	 1.320000e+03 	 3.600000e+02 	 2.000000e+00
6 	 159 	 Ey 	 2 	 9.154043e-01 	 1.560000e+03 	 3.600000e+02 	 2.000000e+00
6 	 160 	 Ey 	 2 	 1.798625e+00 	 1.800000e+03 	 3.600000e+02 	 2.000000e+00
6 	 161 	 Ey 	 2 	 7.806704e+00 	 -1.800000e+03 	 6.000000e+02 	 2.000000e+00
6 	 162 	 Ey 	 2 	 1.012917e+01 	 -1.560000e+03 	 6.000000e+02 	 2.000000e+00
6 	 163 	 Ey 	 2 	 8.296387e+00 	 -1.320000e+03 	 6.000000e+02 	 2.000000e+00
6 	 164 	 Ey 	 2 	 8.820704e+00 	 -1.080000e+03 	 6.000000e+02 	 2.000000e+00
6 	 165 	 Ey 	 2 	 5.790283e+00 	 -8.400000e+02 	 6.000000e+02 	 2.000000e+00
6 	 166 	 Ey 	 2 	 1.378432e+00 	 -6.000000e+02 	 6.000000e+02 	 2.000000e+00
6 	 167 	 Ey 	 2 	 1.940592e+00 	 -3.600000e+02 	 6.000000e+02 	 2.000000e+00
6 	 168 	 Ey 	 2 	 3.553821e+00 	 -1.200000e+02 	 6.000000e+02 	 2.000000e+00
6 	 169 	 Ey 	 2 	 2.715125e+00 	 1.200000e+02 	 6.000000e+02 	 2.000000e+00
6 	 170 	 Ey 	 2 	 2.912006e+00 	 3.600000e+02 	 6.000000e+02 	 2.000000e+00
6 	 171 	 Ey 	 2 	 3.170606e+00 	 6.000000e+02 	 6.000000e+02 	 2.000000e+00
6 	 172 	 Ey 	 2 	 2.376454e+00 	 8.400000e+02 	 6.000000e+02 	 2.000000e+00
6 	 173 	 Ey 	 2 	 9.796857e-01 	 1.080000e+03 	 6.000000e+02 	 2.000000e+00
6 	 174 	 Ey 	 2 	 4.000220e-01 	 1.320000e+03 	 6.000000e+02 	 2.000000e+00
6 	 175 	 Ey 	 2 	 1.573802e+00 	 1.560000e+03 	 6.000000e+02 	 2.000000e+00
6 	 176 	 Ey 	 2 	 1.734307e+00 	 1.800000e+03 	 6.000000e+02 	 2.000000e+00
6 	 177 	 Ey 	 2 	 8.840726e+00 	 -1.800000e+03 	 8.400000e+02 	 2.000000e+00
6 	 178 	 Ey 	 2 	 1.013395e+01 	 -1.560000e+03 	 8.400000e+02 	 2.000000e+00
6 	 179 	 Ey 	 2 	 1.045539e+01 	 -1.320000e+03 	 8.400000e+02 	 2.000000e+00
6 	 180 	 Ey 	 2 	 9.367471e+00 	 -1.080000e+03 	 8.400000e+02 	 2.000000e+00
6 	 181 	 Ey 	 2 	 6.038137e+00 	 -8.400000e+02 	 8.400000e+02 	 2.000000e+00
6 	 182 	 Ey 	 2 	 2.322515e+00 	 -6.000000e+02 	 8.400000e+02 	 2.000000e+00
6 	 183 	 Ey 	 2 	 3.816119e+00 	 -3.600000e+02 	 8.400000e+02 	 2.000000e+00
6 	 184 	 Ey 	 2 	 5.101668e+00 	 -1.200000e+02 	 8.400000e+02 	 2.000000e+00
6 	 185 	 Ey 	 2 	 2.700063e+00 	 1.200000e+02 	 8.400000e+02 	 2.000000e+00
6 	 186 	 Ey 	 2 	 5.959128e-01 	 3.600000e+02 	 8.400000e+02 	 2.000000e+00
6 	 187 	 Ey 	 2 	 3.084507e+00 	 6.000000e+02 	 8.400000e+02 	 2.000000e+00
6 	 188 	 Ey 	 2 	 2.722418e+00 	 8.400000e+02 	 8.400000e+02 	 2.000000e+00
6 	 189 	 Ey 	 2 	 1.452390e+00 	 1.080000e+03 	 8.400000e+02 	 2.000000e+00
6 	 190 	 Ey 	 2 	 8.815683e-01 	 1.320000e+03 	 8.400000e+02 	 2.000000e+00
6 	 191 	 Ey 	 2 	 6.381885e-01 	 1.560000e+03 	 8.400000e+02 	 2.000000e+00
6 	 192 	 Ey 	 2 	 3.094804e+00 	 1.800000e+03 	 8.400000e+02 	 2.000000e+00
6 	 193 	 Ey 	 2 	 1.007509e+01 	 -1.800000e+03 	 1.080000e+03 	 2.000000e+00
6 	 194 	 Ey 	 2 	 1.147550e+01 	 -1.560000e+03 	 1.080000e+03 	 2.000000e+00
6 	 195 	 Ey 	 2 	 1.178307e+01 	 -1.320000e+03 	 1.080000e+03 	 2.000000e+00
6 	 196 	 Ey 	 2 	 1.109535e+01 	 -1.080000e+03 	 1.080000e+03 	 2.000000e+00
6 	 197 	 Ey 	 2 	 7.401009e+00 	 -8.400000e+02 	 1.080000e+03 	 2.000000e+00
6 	 198 	 Ey 	 2 	 1.392469e+00 	 -6.000000e+02 	 1.080000e+03 	 2.000000e+00
6 	 199 	 Ey 	 2 	 4.076105e+00 	 -3.600000e+02 	 1.080000e+03 	 2.000000e+00
6 	 200 	 Ey 	 2 	 4.505994e+00 	 -1.200000e+02 	 1.080000e+03 	 2.000000e+00
6 	 201 	 Ey 	 2 	 2.149097e+00 	 1.200000e+02 	 1.080000e+03 	 2.000000e+00
6 	 202 	 Ey 	 2 	 2.043924e+00 	 3.600000e+02 	 1.080000e+03 	 2.000000e+00
6 	 203 	 Ey 	 2 	 2.414846e+00 	 6.000000e+02 	 1.080000e+03 	 2.000000e+00
6 	 204 	 Ey 	 2 	 1.056449e+00 	 8.400000e+02 	 1.080000e+03 	 2.000000e+00
6 	 205 	 Ey 	 2 	 3.059062e-01 	 1.080000e+03 	 1.080000e+03 	 2.000000e+00
6 	 206 	 Ey 	 2 	 2.150333e+00 	 1.320000e+03 	 1.080000e+03 	 2.000000e+00
6 	 207 	 Ey 	 2 	 2.291358e+00 	 1.560000e+03 	 1.080000e+03 	 2.000000e+00
6 	 208 	 Ey 	 2 	 2.277262e+00 	 1.800000e+03 	 1.080000e+03 	 2.000000e+00
6 	 209 	 Ey 	 2 	 9.198125e+00 	 -1.800000e+03 	 1.320000e+03 	 2.000000e+00
6 	 210 	 Ey 	 2 	 1.189096e+01 	 -1.560000e+03 	 1.320000e+03 	 2.000000e+00
6 	 211 	 Ey 	 2 	 1.141917e+01 	 -1.320000e+03 	 1.320000e+03 	 2.000000e+00
6 	 212 	 Ey 	 2 	 9.612049e+00 	 -1.080000e+03 	 1.320000e+03 	 2.000000e+00
6 	 213 	 Ey 	 2 	 5.825014e+00 	 -8.400000e+02 	 1.320000e+03 	 2.000000e+00
6 	 214 	 Ey 	 2 	 1.461316e+00 	 -6.000000e+02 	 1.320000e+03 	 2.000000e+00
6 	 215 	 Ey 	 2 	 2.364765e+00 	 -3.600000e+02 	 1.320000e+03 	 2.000000e+00
6 	 216 	 Ey 	 2 	 5.810863e+00 	 -1.200000e+02 	 1.320000e+03 	 2.000000e+00
6 	 217 	 Ey 	 2 	 5.697442e+00 	 1.200000e+02 	 1.320000e+03 	 2.000000e+00
6 	 218 	 Ey 	 2 	 3.963065e+00 	 3.600000e+02 	 1.320000e+03 	 2.000000e+00
6 	 219 	 Ey 	 2 	 3.717024e+00 	 6.000000e+02 	 1.320000e+03 	 2.000000e+00
6 	 220 	 Ey 	 2 	 1.017905e+00 	 8.400000e+02 	 1.320000e+03 	 2.000000e+00
6 	 221 	 Ey 	 2 	 1.173736e+00 	 1.080000e+03 	 1.320000e+03 	 2.000000e+00
6 	 222 	 Ey 	 2 	 2.401309e+00 	 1.320000e+03 	 1.320000e+03 	 2.000000e+00
6 	 223 	 Ey 	 2 	 2.235371e+00 	 1.560000e+03 	 1.320000e+03 	 2.000000e+00
6 	 224 	 Ey 	 2 	 2.576685e+00 	 1.800000e+03 	 1.320000e+03 	 2.000000e+00
6 	 225 	 Ey 	 2 	 1.054816e+01 	 -1.800000e+03 	 1.560000e+03 	 2.000000e+00
6 	 226 	 Ey 	 2 	 9.843952e+00 	 -1.560000e+03 	 1.560000e+03 	 2.000000e+00
6 	 227 	 Ey 	 2 	 8.594142e+00 	 -1.320000e+03 	 1.560000e+03 	 2.000000e+00
6 	 228 	 Ey 	 2 	 7.860331e+00 	 -1.080000e+03 	 1.560000e+03 	 2.000000e+00
6 	 229 	 Ey 	 2 	 4.784368e+00 	 -8.400000e+02 	 1.560000e+03 	 2.000000e+00
6 	 230 	 Ey 	 2 	 2.050613e+00 	 -6.000000e+02 	 1.560000e+03 	 2.000000e+00
6 	 231 	 Ey 	 2 	 3.374764e+00 	 -3.600000e+02 	 1.560000e+03 	 2.000000e+00
6 	 232 	 Ey 	 2 	 5.987483e+00 	 -1.200000e+02 	 1.560000e+03 	 2.000000e+00
6 	 233 	 Ey 	 2 	 4.897533e+00 	 1.200000e+02 	 1.560000e+03 	 2.000000e+00
6 	 234 	 Ey 	 2 	 5.617811e+00 	 3.600000e+02 	 1.560000e+03 	 2.000000e+00
6 	 235 	 Ey 	 2 	 4.819397e+00 	 6.000000e+02 	 1.560000e+03 	 2.000000e+00
6 	 236 	 Ey 	 2 	 4.179821e+00 	 8.400000e+02 	 1.560000e+03 	 2.000000e+00
6 	 237 	 Ey 	 2 	 3.271008e+00 	 1.080000e+03 	 1.560000e+03 	 2.000000e+00
6 	 238 	 Ey 	 2 	 3.794000e+00 	 1.320000e+03 	 1.560000e+03 	 2.000000e+00
6 	 239 	 Ey 	 2 	 4.149108e+00 	 1.560000e+03 	 1.560000e+03 	 2.000000e+00
6 	 240 	 Ey 	 2 	 5.130315e+00 	 1.800000e+03 	 1.560000e+03 	 2.000000e+00
6 	 241 	 Ey 	 2 	 8.503169e+00 	 -1.800000e+03 	 1.800000e+03 	 2.000000e+00
6 	 242 	 Ey 	 2 	 8.607512e+00 	 -1.560000e+03 	 1.800000e+03 	 2.000000e+00
6 	 243 	 Ey 	 2 	 6.734271e+00 	 -1.320000e+03 	 1.800000e+03 	 2.000000e+00
6 	 244 	 Ey 	 2 	 7.936687e+00 	 -1.080000e+03 	 1.800000e+03 	 2.000000e+00
6 	 245 	 Ey 	 2 	 4.604936e+00 	 -8.400000e+02 	 1.800000e+03 	 2.000000e+00
6 	 246 	 Ey 	 2 	 2.945677e+00 	 -6.000000e+02 	 1.800000e+03 	 2.000000e+00
6 	 247 	 Ey 	 2 	 3.131190e+00 	 -3.600000e+02 	 1.800000e+03 	 2.000000e+00
6 	 248 	 Ey 	 2 	 5.259486e+00 	 -1.200000e+02 	 1.800000e+03 	 2.000000e+00
6 	 249 	 Ey 	 2 	 5.587803e+00 	 1.200000e+02 	 1.800000e+03 	 2.000000e+00
6 	 250 	 Ey 	 2 	 5.478762e+00 	 3.600000e+02 	 1.800000e+03 	 2.000000e+00
6 	 251 	 Ey 	 2 	 5.055339e+00 	 6.000000e+02 	 1.800000e+03 	 2.000000e+00
6 	 252 	 Ey 	 2 	 4.959294e+00 	 8.400000e+02 	 1.800000e+03 	 2.000000e+00
6 	 253 	 Ey 	 2 	 6.540771e+00 	 1.080000e+03 	 1.800000e+03 	 2.000000e+00
6 	 254 	 Ey 	 2 	 5.932770e+00 	 1.320000e+03 	 1.800000e+03 	 2.000000e+00
6 	 255 	 Ey 	 2 	 4.820324e+00 	 1.560000e+03 	 1.800000e+03 	 2.000000e+00
6 	 256 	 Ey 	 2 	 5.297841e+00 	 1.800000e+03 	 1.800000e+03 	 2.000000e+00
