iTx 	 iRx    ichrec  ifreq 	 sig_misfit   x       y      z
15 	 1 	 Ex 	 1 	 8.427239e+00 	 -1.800000e+03 	 -1.800000e+03 	 2.000000e+00
15 	 2 	 Ex 	 1 	 6.886866e+00 	 -1.560000e+03 	 -1.800000e+03 	 2.000000e+00
15 	 3 	 Ex 	 1 	 5.308904e+00 	 -1.320000e+03 	 -1.800000e+03 	 2.000000e+00
15 	 4 	 Ex 	 1 	 4.926488e+00 	 -1.080000e+03 	 -1.800000e+03 	 2.000000e+00
15 	 5 	 Ex 	 1 	 2.981958e+00 	 -8.400000e+02 	 -1.800000e+03 	 2.000000e+00
15 	 6 	 Ex 	 1 	 3.603174e+00 	 -6.000000e+02 	 -1.800000e+03 	 2.000000e+00
15 	 7 	 Ex 	 1 	 2.797992e+00 	 -3.600000e+02 	 -1.800000e+03 	 2.000000e+00
15 	 8 	 Ex 	 1 	 4.673951e+00 	 -1.200000e+02 	 -1.800000e+03 	 2.000000e+00
15 	 9 	 Ex 	 1 	 7.784815e+00 	 1.200000e+02 	 -1.800000e+03 	 2.000000e+00
15 	 10 	 Ex 	 1 	 7.859232e+00 	 3.600000e+02 	 -1.800000e+03 	 2.000000e+00
15 	 11 	 Ex 	 1 	 8.478150e+00 	 6.000000e+02 	 -1.800000e+03 	 2.000000e+00
15 	 12 	 Ex 	 1 	 7.975340e+00 	 8.400000e+02 	 -1.800000e+03 	 2.000000e+00
15 	 13 	 Ex 	 1 	 5.107265e+00 	 1.080000e+03 	 -1.800000e+03 	 2.000000e+00
15 	 14 	 Ex 	 1 	 7.164185e+00 	 1.320000e+03 	 -1.800000e+03 	 2.000000e+00
15 	 15 	 Ex 	 1 	 3.312709e+00 	 1.560000e+03 	 -1.800000e+03 	 2.000000e+00
15 	 16 	 Ex 	 1 	 4.103105e+00 	 1.800000e+03 	 -1.800000e+03 	 2.000000e+00
15 	 17 	 Ex 	 1 	 6.804372e+00 	 -1.800000e+03 	 -1.560000e+03 	 2.000000e+00
15 	 18 	 Ex 	 1 	 8.873347e+00 	 -1.560000e+03 	 -1.560000e+03 	 2.000000e+00
15 	 19 	 Ex 	 1 	 9.567223e+00 	 -1.320000e+03 	 -1.560000e+03 	 2.000000e+00
15 	 20 	 Ex 	 1 	 6.706383e+00 	 -1.080000e+03 	 -1.560000e+03 	 2.000000e+00
15 	 21 	 Ex 	 1 	 4.133128e+00 	 -8.400000e+02 	 -1.560000e+03 	 2.000000e+00
15 	 22 	 Ex 	 1 	 2.548218e+00 	 -6.000000e+02 	 -1.560000e+03 	 2.000000e+00
15 	 23 	 Ex 	 1 	 3.833648e+00 	 -3.600000e+02 	 -1.560000e+03 	 2.000000e+00
15 	 24 	 Ex 	 1 	 3.718917e+00 	 -1.200000e+02 	 -1.560000e+03 	 2.000000e+00
15 	 25 	 Ex 	 1 	 7.169680e+00 	 1.200000e+02 	 -1.560000e+03 	 2.000000e+00
15 	 26 	 Ex 	 1 	 8.026368e+00 	 3.600000e+02 	 -1.560000e+03 	 2.000000e+00
15 	 27 	 Ex 	 1 	 8.650564e+00 	 6.000000e+02 	 -1.560000e+03 	 2.000000e+00
15 	 28 	 Ex 	 1 	 7.642831e+00 	 8.400000e+02 	 -1.560000e+03 	 2.000000e+00
15 	 29 	 Ex 	 1 	 7.676896e+00 	 1.080000e+03 	 -1.560000e+03 	 2.000000e+00
15 	 30 	 Ex 	 1 	 6.244828e+00 	 1.320000e+03 	 -1.560000e+03 	 2.000000e+00
15 	 31 	 Ex 	 1 	 3.686436e+00 	 1.560000e+03 	 -1.560000e+03 	 2.000000e+00
15 	 32 	 Ex 	 1 	 5.082176e+00 	 1.800000e+03 	 -1.560000e+03 	 2.000000e+00
15 	 33 	 Ex 	 1 	 8.836450e+00 	 -1.800000e+03 	 -1.320000e+03 	 2.000000e+00
15 	 34 	 Ex 	 1 	 8.919765e+00 	 -1.560000e+03 	 -1.320000e+03 	 2.000000e+00
15 	 35 	 Ex 	 1 	 8.893904e+00 	 -1.320000e+03 	 -1.320000e+03 	 2.000000e+00
15 	 36 	 Ex 	 1 	 9.270023e+00 	 -1.080000e+03 	 -1.320000e+03 	 2.000000e+00
15 	 37 	 Ex 	 1 	 6.397131e+00 	 -8.400000e+02 	 -1.320000e+03 	 2.000000e+00
15 	 38 	 Ex 	 1 	 2.344590e+00 	 -6.000000e+02 	 -1.320000e+03 	 2.000000e+00
15 	 39 	 Ex 	 1 	 2.015188e+00 	 -3.600000e+02 	 -1.320000e+03 	 2.000000e+00
15 	 40 	 Ex 	 1 	 5.033223e+00 	 -1.200000e+02 	 -1.320000e+03 	 2.000000e+00
15 	 41 	 Ex 	 1 	 8.963295e+00 	 1.200000e+02 	 -1.320000e+03 	 2.000000e+00
15 	 42 	 Ex 	 1 	 9.389359e+00 	 3.600000e+02 	 -1.320000e+03 	 2.000000e+00
15 	 43 	 Ex 	 1 	 1.014961e+01 	 6.000000e+02 	 -1.320000e+03 	 2.000000e+00
15 	 44 	 Ex 	 1 	 7.955969e+00 	 8.400000e+02 	 -1.320000e+03 	 2.000000e+00
15 	 45 	 Ex 	 1 	 6.078815e+00 	 1.080000e+03 	 -1.320000e+03 	 2.000000e+00
15 	 46 	 Ex 	 1 	 5.955270e+00 	 1.320000e+03 	 -1.320000e+03 	 2.000000e+00
15 	 47 	 Ex 	 1 	 3.144488e+00 	 1.560000e+03 	 -1.320000e+03 	 2.000000e+00
15 	 48 	 Ex 	 1 	 2.611704e+00 	 1.800000e+03 	 -1.320000e+03 	 2.000000e+00
15 	 49 	 Ex 	 1 	 1.025516e+01 	 -1.800000e+03 	 -1.080000e+03 	 2.000000e+00
15 	 50 	 Ex 	 1 	 8.904767e+00 	 -1.560000e+03 	 -1.080000e+03 	 2.000000e+00
15 	 51 	 Ex 	 1 	 8.513258e+00 	 -1.320000e+03 	 -1.080000e+03 	 2.000000e+00
15 	 52 	 Ex 	 1 	 1.023758e+01 	 -1.080000e+03 	 -1.080000e+03 	 2.000000e+00
15 	 53 	 Ex 	 1 	 7.949135e+00 	 -8.400000e+02 	 -1.080000e+03 	 2.000000e+00
15 	 54 	 Ex 	 1 	 5.261784e+00 	 -6.000000e+02 	 -1.080000e+03 	 2.000000e+00
15 	 55 	 Ex 	 1 	 4.692115e-01 	 -3.600000e+02 	 -1.080000e+03 	 2.000000e+00
15 	 56 	 Ex 	 1 	 5.083135e+00 	 -1.200000e+02 	 -1.080000e+03 	 2.000000e+00
15 	 57 	 Ex 	 1 	 7.499266e+00 	 1.200000e+02 	 -1.080000e+03 	 2.000000e+00
15 	 58 	 Ex 	 1 	 8.665728e+00 	 3.600000e+02 	 -1.080000e+03 	 2.000000e+00
15 	 59 	 Ex 	 1 	 9.877476e+00 	 6.000000e+02 	 -1.080000e+03 	 2.000000e+00
15 	 60 	 Ex 	 1 	 7.716642e+00 	 8.400000e+02 	 -1.080000e+03 	 2.000000e+00
15 	 61 	 Ex 	 1 	 5.755494e+00 	 1.080000e+03 	 -1.080000e+03 	 2.000000e+00
15 	 62 	 Ex 	 1 	 4.390189e+00 	 1.320000e+03 	 -1.080000e+03 	 2.000000e+00
15 	 63 	 Ex 	 1 	 3.037989e+00 	 1.560000e+03 	 -1.080000e+03 	 2.000000e+00
15 	 64 	 Ex 	 1 	 2.433486e+00 	 1.800000e+03 	 -1.080000e+03 	 2.000000e+00
15 	 65 	 Ex 	 1 	 9.641370e+00 	 -1.800000e+03 	 -8.400000e+02 	 2.000000e+00
15 	 66 	 Ex 	 1 	 9.707914e+00 	 -1.560000e+03 	 -8.400000e+02 	 2.000000e+00
15 	 67 	 Ex 	 1 	 1.062463e+01 	 -1.320000e+03 	 -8.400000e+02 	 2.000000e+00
15 	 68 	 Ex 	 1 	 1.038673e+01 	 -1.080000e+03 	 -8.400000e+02 	 2.000000e+00
15 	 69 	 Ex 	 1 	 8.413924e+00 	 -8.400000e+02 	 -8.400000e+02 	 2.000000e+00
15 	 70 	 Ex 	 1 	 6.588811e+00 	 -6.000000e+02 	 -8.400000e+02 	 2.000000e+00
15 	 71 	 Ex 	 1 	 2.028104e+00 	 -3.600000e+02 	 -8.400000e+02 	 2.000000e+00
15 	 72 	 Ex 	 1 	 5.176355e+00 	 -1.200000e+02 	 -8.400000e+02 	 2.000000e+00
15 	 73 	 Ex 	 1 	 8.509812e+00 	 1.200000e+02 	 -8.400000e+02 	 2.000000e+00
15 	 74 	 Ex 	 1 	 9.900788e+00 	 3.600000e+02 	 -8.400000e+02 	 2.000000e+00
15 	 75 	 Ex 	 1 	 1.080538e+01 	 6.000000e+02 	 -8.400000e+02 	 2.000000e+00
15 	 76 	 Ex 	 1 	 8.707081e+00 	 8.400000e+02 	 -8.400000e+02 	 2.000000e+00
15 	 77 	 Ex 	 1 	 4.600155e+00 	 1.080000e+03 	 -8.400000e+02 	 2.000000e+00
15 	 78 	 Ex 	 1 	 2.568617e+00 	 1.320000e+03 	 -8.400000e+02 	 2.000000e+00
15 	 79 	 Ex 	 1 	 8.584312e-01 	 1.560000e+03 	 -8.400000e+02 	 2.000000e+00
15 	 80 	 Ex 	 1 	 1.854639e+00 	 1.800000e+03 	 -8.400000e+02 	 2.000000e+00
15 	 81 	 Ex 	 1 	 7.508151e+00 	 -1.800000e+03 	 -6.000000e+02 	 2.000000e+00
15 	 82 	 Ex 	 1 	 1.002922e+01 	 -1.560000e+03 	 -6.000000e+02 	 2.000000e+00
15 	 83 	 Ex 	 1 	 9.035275e+00 	 -1.320000e+03 	 -6.000000e+02 	 2.000000e+00
15 	 84 	 Ex 	 1 	 8.389900e+00 	 -1.080000e+03 	 -6.000000e+02 	 2.000000e+00
15 	 85 	 Ex 	 1 	 9.186801e+00 	 -8.400000e+02 	 -6.000000e+02 	 2.000000e+00
15 	 86 	 Ex 	 1 	 5.927655e+00 	 -6.000000e+02 	 -6.000000e+02 	 2.000000e+00
15 	 87 	 Ex 	 1 	 1.679927e+00 	 -3.600000e+02 	 -6.000000e+02 	 2.000000e+00
15 	 88 	 Ex 	 1 	 4.714664e+00 	 -1.200000e+02 	 -6.000000e+02 	 2.000000e+00
15 	 89 	 Ex 	 1 	 7.530838e+00 	 1.200000e+02 	 -6.000000e+02 	 2.000000e+00
15 	 90 	 Ex 	 1 	 1.052373e+01 	 3.600000e+02 	 -6.000000e+02 	 2.000000e+00
15 	 91 	 Ex 	 1 	 8.989115e+00 	 6.000000e+02 	 -6.000000e+02 	 2.000000e+00
15 	 92 	 Ex 	 1 	 7.562985e+00 	 8.400000e+02 	 -6.000000e+02 	 2.000000e+00
15 	 93 	 Ex 	 1 	 4.202565e+00 	 1.080000e+03 	 -6.000000e+02 	 2.000000e+00
15 	 94 	 Ex 	 1 	 2.893349e+00 	 1.320000e+03 	 -6.000000e+02 	 2.000000e+00
15 	 95 	 Ex 	 1 	 2.150235e-01 	 1.560000e+03 	 -6.000000e+02 	 2.000000e+00
15 	 96 	 Ex 	 1 	 8.719143e-01 	 1.800000e+03 	 -6.000000e+02 	 2.000000e+00
15 	 97 	 Ex 	 1 	 6.240335e+00 	 -1.800000e+03 	 -3.600000e+02 	 2.000000e+00
15 	 98 	 Ex 	 1 	 5.337852e+00 	 -1.560000e+03 	 -3.600000e+02 	 2.000000e+00
15 	 99 	 Ex 	 1 	 6.410902e+00 	 -1.320000e+03 	 -3.600000e+02 	 2.000000e+00
15 	 100 	 Ex 	 1 	 6.384111e+00 	 -1.080000e+03 	 -3.600000e+02 	 2.000000e+00
15 	 101 	 Ex 	 1 	 6.751707e+00 	 -8.400000e+02 	 -3.600000e+02 	 2.000000e+00
15 	 102 	 Ex 	 1 	 6.600178e+00 	 -6.000000e+02 	 -3.600000e+02 	 2.000000e+00
15 	 103 	 Ex 	 1 	 2.342912e+00 	 -3.600000e+02 	 -3.600000e+02 	 2.000000e+00
15 	 104 	 Ex 	 1 	 3.171263e+00 	 -1.200000e+02 	 -3.600000e+02 	 2.000000e+00
15 	 105 	 Ex 	 1 	 7.190987e+00 	 1.200000e+02 	 -3.600000e+02 	 2.000000e+00
15 	 106 	 Ex 	 1 	 7.372995e+00 	 3.600000e+02 	 -3.600000e+02 	 2.000000e+00
15 	 107 	 Ex 	 1 	 7.817841e+00 	 6.000000e+02 	 -3.600000e+02 	 2.000000e+00
15 	 108 	 Ex 	 1 	 6.001603e+00 	 8.400000e+02 	 -3.600000e+02 	 2.000000e+00
15 	 109 	 Ex 	 1 	 4.745671e+00 	 1.080000e+03 	 -3.600000e+02 	 2.000000e+00
15 	 110 	 Ex 	 1 	 1.927523e+00 	 1.320000e+03 	 -3.600000e+02 	 2.000000e+00
15 	 111 	 Ex 	 1 	 2.001435e+00 	 1.560000e+03 	 -3.600000e+02 	 2.000000e+00
15 	 112 	 Ex 	 1 	 3.251897e+00 	 1.800000e+03 	 -3.600000e+02 	 2.000000e+00
15 	 113 	 Ex 	 1 	 4.921727e+00 	 -1.800000e+03 	 -1.200000e+02 	 2.000000e+00
15 	 114 	 Ex 	 1 	 4.342422e+00 	 -1.560000e+03 	 -1.200000e+02 	 2.000000e+00
15 	 115 	 Ex 	 1 	 3.620573e+00 	 -1.320000e+03 	 -1.200000e+02 	 2.000000e+00
15 	 116 	 Ex 	 1 	 4.308558e+00 	 -1.080000e+03 	 -1.200000e+02 	 2.000000e+00
15 	 117 	 Ex 	 1 	 3.764475e+00 	 -8.400000e+02 	 -1.200000e+02 	 2.000000e+00
15 	 118 	 Ex 	 1 	 4.106347e+00 	 -6.000000e+02 	 -1.200000e+02 	 2.000000e+00
15 	 119 	 Ex 	 1 	 4.040679e+00 	 -3.600000e+02 	 -1.200000e+02 	 2.000000e+00
15 	 120 	 Ex 	 1 	 2.092981e+00 	 -1.200000e+02 	 -1.200000e+02 	 2.000000e+00
15 	 121 	 Ex 	 1 	 5.349286e+00 	 1.200000e+02 	 -1.200000e+02 	 2.000000e+00
15 	 122 	 Ex 	 1 	 6.918959e+00 	 3.600000e+02 	 -1.200000e+02 	 2.000000e+00
15 	 123 	 Ex 	 1 	 7.183833e+00 	 6.000000e+02 	 -1.200000e+02 	 2.000000e+00
15 	 124 	 Ex 	 1 	 5.286262e+00 	 8.400000e+02 	 -1.200000e+02 	 2.000000e+00
15 	 125 	 Ex 	 1 	 1.660011e+00 	 1.080000e+03 	 -1.200000e+02 	 2.000000e+00
15 	 126 	 Ex 	 1 	 1.375564e+00 	 1.320000e+03 	 -1.200000e+02 	 2.000000e+00
15 	 127 	 Ex 	 1 	 3.308181e+00 	 1.560000e+03 	 -1.200000e+02 	 2.000000e+00
15 	 128 	 Ex 	 1 	 4.456448e+00 	 1.800000e+03 	 -1.200000e+02 	 2.000000e+00
15 	 129 	 Ex 	 1 	 2.928957e+00 	 -1.800000e+03 	 1.200000e+02 	 2.000000e+00
15 	 130 	 Ex 	 1 	 1.763613e+00 	 -1.560000e+03 	 1.200000e+02 	 2.000000e+00
15 	 131 	 Ex 	 1 	 1.014573e+00 	 -1.320000e+03 	 1.200000e+02 	 2.000000e+00
15 	 132 	 Ex 	 1 	 1.773021e+00 	 -1.080000e+03 	 1.200000e+02 	 2.000000e+00
15 	 133 	 Ex 	 1 	 2.933640e+00 	 -8.400000e+02 	 1.200000e+02 	 2.000000e+00
15 	 134 	 Ex 	 1 	 1.813696e+00 	 -6.000000e+02 	 1.200000e+02 	 2.000000e+00
15 	 135 	 Ex 	 1 	 1.104135e+00 	 -3.600000e+02 	 1.200000e+02 	 2.000000e+00
15 	 136 	 Ex 	 1 	 1.310780e+00 	 -1.200000e+02 	 1.200000e+02 	 2.000000e+00
15 	 137 	 Ex 	 1 	 4.443526e+00 	 1.200000e+02 	 1.200000e+02 	 2.000000e+00
15 	 138 	 Ex 	 1 	 4.935355e+00 	 3.600000e+02 	 1.200000e+02 	 2.000000e+00
15 	 139 	 Ex 	 1 	 4.854706e+00 	 6.000000e+02 	 1.200000e+02 	 2.000000e+00
15 	 140 	 Ex 	 1 	 3.008254e+00 	 8.400000e+02 	 1.200000e+02 	 2.000000e+00
15 	 141 	 Ex 	 1 	 1.465498e+00 	 1.080000e+03 	 1.200000e+02 	 2.000000e+00
15 	 142 	 Ex 	 1 	 2.351066e+00 	 1.320000e+03 	 1.200000e+02 	 2.000000e+00
15 	 143 	 Ex 	 1 	 1.663658e+00 	 1.560000e+03 	 1.200000e+02 	 2.000000e+00
15 	 144 	 Ex 	 1 	 2.210301e+00 	 1.800000e+03 	 1.200000e+02 	 2.000000e+00
15 	 145 	 Ex 	 1 	 7.845514e-01 	 -1.800000e+03 	 3.600000e+02 	 2.000000e+00
15 	 146 	 Ex 	 1 	 2.411693e+00 	 -1.560000e+03 	 3.600000e+02 	 2.000000e+00
15 	 147 	 Ex 	 1 	 2.731678e+00 	 -1.320000e+03 	 3.600000e+02 	 2.000000e+00
15 	 148 	 Ex 	 1 	 3.861522e+00 	 -1.080000e+03 	 3.600000e+02 	 2.000000e+00
15 	 149 	 Ex 	 1 	 2.028466e+00 	 -8.400000e+02 	 3.600000e+02 	 2.000000e+00
15 	 150 	 Ex 	 1 	 2.910029e+00 	 -6.000000e+02 	 3.600000e+02 	 2.000000e+00
15 	 151 	 Ex 	 1 	 1.356685e+00 	 -3.600000e+02 	 3.600000e+02 	 2.000000e+00
15 	 152 	 Ex 	 1 	 9.623432e-01 	 -1.200000e+02 	 3.600000e+02 	 2.000000e+00
15 	 153 	 Ex 	 1 	 2.043517e+00 	 1.200000e+02 	 3.600000e+02 	 2.000000e+00
15 	 154 	 Ex 	 1 	 3.240600e+00 	 3.600000e+02 	 3.600000e+02 	 2.000000e+00
15 	 155 	 Ex 	 1 	 4.488443e+00 	 6.000000e+02 	 3.600000e+02 	 2.000000e+00
15 	 156 	 Ex 	 1 	 2.835036e+00 	 8.400000e+02 	 3.600000e+02 	 2.000000e+00
15 	 157 	 Ex 	 1 	 2.226927e+00 	 1.080000e+03 	 3.600000e+02 	 2.000000e+00
15 	 158 	 Ex 	 1 	 1.206169e+00 	 1.320000e+03 	 3.600000e+02 	 2.000000e+00
15 	 159 	 Ex 	 1 	 2.073653e+00 	 1.560000e+03 	 3.600000e+02 	 2.000000e+00
15 	 160 	 Ex 	 1 	 1.277321e+00 	 1.800000e+03 	 3.600000e+02 	 2.000000e+00
15 	 161 	 Ex 	 1 	 3.605607e+00 	 -1.800000e+03 	 6.000000e+02 	 2.000000e+00
15 	 162 	 Ex 	 1 	 2.920516e+00 	 -1.560000e+03 	 6.000000e+02 	 2.000000e+00
15 	 163 	 Ex 	 1 	 4.326078e+00 	 -1.320000e+03 	 6.000000e+02 	 2.000000e+00
15 	 164 	 Ex 	 1 	 5.325314e+00 	 -1.080000e+03 	 6.000000e+02 	 2.000000e+00
15 	 165 	 Ex 	 1 	 4.807976e+00 	 -8.400000e+02 	 6.000000e+02 	 2.000000e+00
15 	 166 	 Ex 	 1 	 2.982133e+00 	 -6.000000e+02 	 6.000000e+02 	 2.000000e+00
15 	 167 	 Ex 	 1 	 1.140153e-01 	 -3.600000e+02 	 6.000000e+02 	 2.000000e+00
15 	 168 	 Ex 	 1 	 1.510182e+00 	 -1.200000e+02 	 6.000000e+02 	 2.000000e+00
15 	 169 	 Ex 	 1 	 1.453829e+00 	 1.200000e+02 	 6.000000e+02 	 2.000000e+00
15 	 170 	 Ex 	 1 	 1.791287e+00 	 3.600000e+02 	 6.000000e+02 	 2.000000e+00
15 	 171 	 Ex 	 1 	 1.194505e+00 	 6.000000e+02 	 6.000000e+02 	 2.000000e+00
15 	 172 	 Ex 	 1 	 2.535885e+00 	 8.400000e+02 	 6.000000e+02 	 2.000000e+00
15 	 173 	 Ex 	 1 	 2.002522e+00 	 1.080000e+03 	 6.000000e+02 	 2.000000e+00
15 	 174 	 Ex 	 1 	 7.799961e-01 	 1.320000e+03 	 6.000000e+02 	 2.000000e+00
15 	 175 	 Ex 	 1 	 2.572162e+00 	 1.560000e+03 	 6.000000e+02 	 2.000000e+00
15 	 176 	 Ex 	 1 	 3.066391e+00 	 1.800000e+03 	 6.000000e+02 	 2.000000e+00
15 	 177 	 Ex 	 1 	 3.324610e+00 	 -1.800000e+03 	 8.400000e+02 	 2.000000e+00
15 	 178 	 Ex 	 1 	 3.668705e+00 	 -1.560000e+03 	 8.400000e+02 	 2.000000e+00
15 	 179 	 Ex 	 1 	 4.446269e+00 	 -1.320000e+03 	 8.400000e+02 	 2.000000e+00
15 	 180 	 Ex 	 1 	 5.835639e+00 	 -1.080000e+03 	 8.400000e+02 	 2.000000e+00
15 	 181 	 Ex 	 1 	 2.614209e+00 	 -8.400000e+02 	 8.400000e+02 	 2.000000e+00
15 	 182 	 Ex 	 1 	 1.398288e+00 	 -6.000000e+02 	 8.400000e+02 	 2.000000e+00
15 	 183 	 Ex 	 1 	 1.200623e+00 	 -3.600000e+02 	 8.400000e+02 	 2.000000e+00
15 	 184 	 Ex 	 1 	 1.371233e+00 	 -1.200000e+02 	 8.400000e+02 	 2.000000e+00
15 	 185 	 Ex 	 1 	 1.274945e+00 	 1.200000e+02 	 8.400000e+02 	 2.000000e+00
15 	 186 	 Ex 	 1 	 1.278422e+00 	 3.600000e+02 	 8.400000e+02 	 2.000000e+00
15 	 187 	 Ex 	 1 	 7.717135e-01 	 6.000000e+02 	 8.400000e+02 	 2.000000e+00
15 	 188 	 Ex 	 1 	 7.147639e-01 	 8.400000e+02 	 8.400000e+02 	 2.000000e+00
15 	 189 	 Ex 	 1 	 1.817804e+00 	 1.080000e+03 	 8.400000e+02 	 2.000000e+00
15 	 190 	 Ex 	 1 	 2.794866e+00 	 1.320000e+03 	 8.400000e+02 	 2.000000e+00
15 	 191 	 Ex 	 1 	 6.236284e-01 	 1.560000e+03 	 8.400000e+02 	 2.000000e+00
15 	 192 	 Ex 	 1 	 2.160572e+00 	 1.800000e+03 	 8.400000e+02 	 2.000000e+00
15 	 193 	 Ex 	 1 	 3.419623e+00 	 -1.800000e+03 	 1.080000e+03 	 2.000000e+00
15 	 194 	 Ex 	 1 	 5.666608e+00 	 -1.560000e+03 	 1.080000e+03 	 2.000000e+00
15 	 195 	 Ex 	 1 	 4.660624e+00 	 -1.320000e+03 	 1.080000e+03 	 2.000000e+00
15 	 196 	 Ex 	 1 	 5.301568e+00 	 -1.080000e+03 	 1.080000e+03 	 2.000000e+00
15 	 197 	 Ex 	 1 	 1.305418e+00 	 -8.400000e+02 	 1.080000e+03 	 2.000000e+00
15 	 198 	 Ex 	 1 	 5.212928e-01 	 -6.000000e+02 	 1.080000e+03 	 2.000000e+00
15 	 199 	 Ex 	 1 	 1.125631e+00 	 -3.600000e+02 	 1.080000e+03 	 2.000000e+00
15 	 200 	 Ex 	 1 	 7.542959e-01 	 -1.200000e+02 	 1.080000e+03 	 2.000000e+00
15 	 201 	 Ex 	 1 	 4.263248e-01 	 1.200000e+02 	 1.080000e+03 	 2.000000e+00
15 	 202 	 Ex 	 1 	 0.000000e+00 	 3.600000e+02 	 1.080000e+03 	 2.000000e+00
15 	 203 	 Ex 	 1 	 0.000000e+00 	 6.000000e+02 	 1.080000e+03 	 2.000000e+00
15 	 204 	 Ex 	 1 	 9.330695e-01 	 8.400000e+02 	 1.080000e+03 	 2.000000e+00
15 	 205 	 Ex 	 1 	 1.648608e+00 	 1.080000e+03 	 1.080000e+03 	 2.000000e+00
15 	 206 	 Ex 	 1 	 1.573513e+00 	 1.320000e+03 	 1.080000e+03 	 2.000000e+00
15 	 207 	 Ex 	 1 	 1.120850e+00 	 1.560000e+03 	 1.080000e+03 	 2.000000e+00
15 	 208 	 Ex 	 1 	 9.439932e-01 	 1.800000e+03 	 1.080000e+03 	 2.000000e+00
15 	 209 	 Ex 	 1 	 2.899658e+00 	 -1.800000e+03 	 1.320000e+03 	 2.000000e+00
15 	 210 	 Ex 	 1 	 3.952607e+00 	 -1.560000e+03 	 1.320000e+03 	 2.000000e+00
15 	 211 	 Ex 	 1 	 3.540271e+00 	 -1.320000e+03 	 1.320000e+03 	 2.000000e+00
15 	 212 	 Ex 	 1 	 2.470537e+00 	 -1.080000e+03 	 1.320000e+03 	 2.000000e+00
15 	 213 	 Ex 	 1 	 1.072432e+00 	 -8.400000e+02 	 1.320000e+03 	 2.000000e+00
15 	 214 	 Ex 	 1 	 2.025398e-01 	 -6.000000e+02 	 1.320000e+03 	 2.000000e+00
15 	 215 	 Ex 	 1 	 6.432164e-01 	 -3.600000e+02 	 1.320000e+03 	 2.000000e+00
15 	 216 	 Ex 	 1 	 5.387115e-01 	 -1.200000e+02 	 1.320000e+03 	 2.000000e+00
15 	 217 	 Ex 	 1 	 0.000000e+00 	 1.200000e+02 	 1.320000e+03 	 2.000000e+00
15 	 218 	 Ex 	 1 	 0.000000e+00 	 3.600000e+02 	 1.320000e+03 	 2.000000e+00
15 	 219 	 Ex 	 1 	 0.000000e+00 	 6.000000e+02 	 1.320000e+03 	 2.000000e+00
15 	 220 	 Ex 	 1 	 0.000000e+00 	 8.400000e+02 	 1.320000e+03 	 2.000000e+00
15 	 221 	 Ex 	 1 	 3.919012e-01 	 1.080000e+03 	 1.320000e+03 	 2.000000e+00
15 	 222 	 Ex 	 1 	 6.244670e-01 	 1.320000e+03 	 1.320000e+03 	 2.000000e+00
15 	 223 	 Ex 	 1 	 1.521652e+00 	 1.560000e+03 	 1.320000e+03 	 2.000000e+00
15 	 224 	 Ex 	 1 	 8.584043e-01 	 1.800000e+03 	 1.320000e+03 	 2.000000e+00
15 	 225 	 Ex 	 1 	 1.915698e+00 	 -1.800000e+03 	 1.560000e+03 	 2.000000e+00
15 	 226 	 Ex 	 1 	 2.521383e+00 	 -1.560000e+03 	 1.560000e+03 	 2.000000e+00
15 	 227 	 Ex 	 1 	 2.206176e+00 	 -1.320000e+03 	 1.560000e+03 	 2.000000e+00
15 	 228 	 Ex 	 1 	 1.221811e+00 	 -1.080000e+03 	 1.560000e+03 	 2.000000e+00
15 	 229 	 Ex 	 1 	 1.112569e+00 	 -8.400000e+02 	 1.560000e+03 	 2.000000e+00
15 	 230 	 Ex 	 1 	 1.652023e-01 	 -6.000000e+02 	 1.560000e+03 	 2.000000e+00
15 	 231 	 Ex 	 1 	 2.605377e-01 	 -3.600000e+02 	 1.560000e+03 	 2.000000e+00
15 	 232 	 Ex 	 1 	 7.957595e-01 	 -1.200000e+02 	 1.560000e+03 	 2.000000e+00
15 	 233 	 Ex 	 1 	 0.000000e+00 	 1.200000e+02 	 1.560000e+03 	 2.000000e+00
15 	 234 	 Ex 	 1 	 0.000000e+00 	 3.600000e+02 	 1.560000e+03 	 2.000000e+00
15 	 235 	 Ex 	 1 	 0.000000e+00 	 6.000000e+02 	 1.560000e+03 	 2.000000e+00
15 	 236 	 Ex 	 1 	 0.000000e+00 	 8.400000e+02 	 1.560000e+03 	 2.000000e+00
15 	 237 	 Ex 	 1 	 0.000000e+00 	 1.080000e+03 	 1.560000e+03 	 2.000000e+00
15 	 238 	 Ex 	 1 	 1.088282e+00 	 1.320000e+03 	 1.560000e+03 	 2.000000e+00
15 	 239 	 Ex 	 1 	 1.110869e+00 	 1.560000e+03 	 1.560000e+03 	 2.000000e+00
15 	 240 	 Ex 	 1 	 7.076513e-01 	 1.800000e+03 	 1.560000e+03 	 2.000000e+00
15 	 241 	 Ex 	 1 	 2.299635e+00 	 -1.800000e+03 	 1.800000e+03 	 2.000000e+00
15 	 242 	 Ex 	 1 	 2.249303e+00 	 -1.560000e+03 	 1.800000e+03 	 2.000000e+00
15 	 243 	 Ex 	 1 	 3.486946e+00 	 -1.320000e+03 	 1.800000e+03 	 2.000000e+00
15 	 244 	 Ex 	 1 	 1.019728e+00 	 -1.080000e+03 	 1.800000e+03 	 2.000000e+00
15 	 245 	 Ex 	 1 	 1.031943e+00 	 -8.400000e+02 	 1.800000e+03 	 2.000000e+00
15 	 246 	 Ex 	 1 	 6.215512e-01 	 -6.000000e+02 	 1.800000e+03 	 2.000000e+00
15 	 247 	 Ex 	 1 	 1.288839e+00 	 -3.600000e+02 	 1.800000e+03 	 2.000000e+00
15 	 248 	 Ex 	 1 	 2.240950e+00 	 -1.200000e+02 	 1.800000e+03 	 2.000000e+00
15 	 249 	 Ex 	 1 	 0.000000e+00 	 1.200000e+02 	 1.800000e+03 	 2.000000e+00
15 	 250 	 Ex 	 1 	 0.000000e+00 	 3.600000e+02 	 1.800000e+03 	 2.000000e+00
15 	 251 	 Ex 	 1 	 0.000000e+00 	 6.000000e+02 	 1.800000e+03 	 2.000000e+00
15 	 252 	 Ex 	 1 	 0.000000e+00 	 8.400000e+02 	 1.800000e+03 	 2.000000e+00
15 	 253 	 Ex 	 1 	 0.000000e+00 	 1.080000e+03 	 1.800000e+03 	 2.000000e+00
15 	 254 	 Ex 	 1 	 1.883591e+00 	 1.320000e+03 	 1.800000e+03 	 2.000000e+00
15 	 255 	 Ex 	 1 	 6.919240e-01 	 1.560000e+03 	 1.800000e+03 	 2.000000e+00
15 	 256 	 Ex 	 1 	 6.916773e-01 	 1.800000e+03 	 1.800000e+03 	 2.000000e+00
15 	 1 	 Ex 	 2 	 6.031209e+00 	 -1.800000e+03 	 -1.800000e+03 	 2.000000e+00
15 	 2 	 Ex 	 2 	 4.668905e+00 	 -1.560000e+03 	 -1.800000e+03 	 2.000000e+00
15 	 3 	 Ex 	 2 	 5.109708e+00 	 -1.320000e+03 	 -1.800000e+03 	 2.000000e+00
15 	 4 	 Ex 	 2 	 4.690058e+00 	 -1.080000e+03 	 -1.800000e+03 	 2.000000e+00
15 	 5 	 Ex 	 2 	 4.261158e+00 	 -8.400000e+02 	 -1.800000e+03 	 2.000000e+00
15 	 6 	 Ex 	 2 	 1.364108e+00 	 -6.000000e+02 	 -1.800000e+03 	 2.000000e+00
15 	 7 	 Ex 	 2 	 2.026254e+00 	 -3.600000e+02 	 -1.800000e+03 	 2.000000e+00
15 	 8 	 Ex 	 2 	 4.411206e+00 	 -1.200000e+02 	 -1.800000e+03 	 2.000000e+00
15 	 9 	 Ex 	 2 	 7.193167e+00 	 1.200000e+02 	 -1.800000e+03 	 2.000000e+00
15 	 10 	 Ex 	 2 	 5.859179e+00 	 3.600000e+02 	 -1.800000e+03 	 2.000000e+00
15 	 11 	 Ex 	 2 	 7.154867e+00 	 6.000000e+02 	 -1.800000e+03 	 2.000000e+00
15 	 12 	 Ex 	 2 	 6.830404e+00 	 8.400000e+02 	 -1.800000e+03 	 2.000000e+00
15 	 13 	 Ex 	 2 	 6.036252e+00 	 1.080000e+03 	 -1.800000e+03 	 2.000000e+00
15 	 14 	 Ex 	 2 	 5.143384e+00 	 1.320000e+03 	 -1.800000e+03 	 2.000000e+00
15 	 15 	 Ex 	 2 	 3.706612e+00 	 1.560000e+03 	 -1.800000e+03 	 2.000000e+00
15 	 16 	 Ex 	 2 	 2.119762e+00 	 1.800000e+03 	 -1.800000e+03 	 2.000000e+00
15 	 17 	 Ex 	 2 	 6.563403e+00 	 -1.800000e+03 	 -1.560000e+03 	 2.000000e+00
15 	 18 	 Ex 	 2 	 6.198130e+00 	 -1.560000e+03 	 -1.560000e+03 	 2.000000e+00
15 	 19 	 Ex 	 2 	 5.835427e+00 	 -1.320000e+03 	 -1.560000e+03 	 2.000000e+00
15 	 20 	 Ex 	 2 	 6.302907e+00 	 -1.080000e+03 	 -1.560000e+03 	 2.000000e+00
15 	 21 	 Ex 	 2 	 3.054547e+00 	 -8.400000e+02 	 -1.560000e+03 	 2.000000e+00
15 	 22 	 Ex 	 2 	 2.193851e+00 	 -6.000000e+02 	 -1.560000e+03 	 2.000000e+00
15 	 23 	 Ex 	 2 	 1.675798e+00 	 -3.600000e+02 	 -1.560000e+03 	 2.000000e+00
15 	 24 	 Ex 	 2 	 5.337431e+00 	 -1.200000e+02 	 -1.560000e+03 	 2.000000e+00
15 	 25 	 Ex 	 2 	 6.120394e+00 	 1.200000e+02 	 -1.560000e+03 	 2.000000e+00
15 	 26 	 Ex 	 2 	 7.834256e+00 	 3.600000e+02 	 -1.560000e+03 	 2.000000e+00
15 	 27 	 Ex 	 2 	 9.443090e+00 	 6.000000e+02 	 -1.560000e+03 	 2.000000e+00
15 	 28 	 Ex 	 2 	 7.372483e+00 	 8.400000e+02 	 -1.560000e+03 	 2.000000e+00
15 	 29 	 Ex 	 2 	 6.637006e+00 	 1.080000e+03 	 -1.560000e+03 	 2.000000e+00
15 	 30 	 Ex 	 2 	 5.101861e+00 	 1.320000e+03 	 -1.560000e+03 	 2.000000e+00
15 	 31 	 Ex 	 2 	 6.208410e+00 	 1.560000e+03 	 -1.560000e+03 	 2.000000e+00
15 	 32 	 Ex 	 2 	 3.551089e+00 	 1.800000e+03 	 -1.560000e+03 	 2.000000e+00
15 	 33 	 Ex 	 2 	 6.429088e+00 	 -1.800000e+03 	 -1.320000e+03 	 2.000000e+00
15 	 34 	 Ex 	 2 	 6.766448e+00 	 -1.560000e+03 	 -1.320000e+03 	 2.000000e+00
15 	 35 	 Ex 	 2 	 7.497466e+00 	 -1.320000e+03 	 -1.320000e+03 	 2.000000e+00
15 	 36 	 Ex 	 2 	 6.664483e+00 	 -1.080000e+03 	 -1.320000e+03 	 2.000000e+00
15 	 37 	 Ex 	 2 	 5.047965e+00 	 -8.400000e+02 	 -1.320000e+03 	 2.000000e+00
15 	 38 	 Ex 	 2 	 2.783328e+00 	 -6.000000e+02 	 -1.320000e+03 	 2.000000e+00
15 	 39 	 Ex 	 2 	 8.400262e-01 	 -3.600000e+02 	 -1.320000e+03 	 2.000000e+00
15 	 40 	 Ex 	 2 	 6.327367e+00 	 -1.200000e+02 	 -1.320000e+03 	 2.000000e+00
15 	 41 	 Ex 	 2 	 6.723753e+00 	 1.200000e+02 	 -1.320000e+03 	 2.000000e+00
15 	 42 	 Ex 	 2 	 8.627070e+00 	 3.600000e+02 	 -1.320000e+03 	 2.000000e+00
15 	 43 	 Ex 	 2 	 8.254172e+00 	 6.000000e+02 	 -1.320000e+03 	 2.000000e+00
15 	 44 	 Ex 	 2 	 7.157244e+00 	 8.400000e+02 	 -1.320000e+03 	 2.000000e+00
15 	 45 	 Ex 	 2 	 5.908212e+00 	 1.080000e+03 	 -1.320000e+03 	 2.000000e+00
15 	 46 	 Ex 	 2 	 4.914785e+00 	 1.320000e+03 	 -1.320000e+03 	 2.000000e+00
15 	 47 	 Ex 	 2 	 3.843065e+00 	 1.560000e+03 	 -1.320000e+03 	 2.000000e+00
15 	 48 	 Ex 	 2 	 2.481248e+00 	 1.800000e+03 	 -1.320000e+03 	 2.000000e+00
15 	 49 	 Ex 	 2 	 6.461317e+00 	 -1.800000e+03 	 -1.080000e+03 	 2.000000e+00
15 	 50 	 Ex 	 2 	 7.582743e+00 	 -1.560000e+03 	 -1.080000e+03 	 2.000000e+00
15 	 51 	 Ex 	 2 	 8.780342e+00 	 -1.320000e+03 	 -1.080000e+03 	 2.000000e+00
15 	 52 	 Ex 	 2 	 8.365027e+00 	 -1.080000e+03 	 -1.080000e+03 	 2.000000e+00
15 	 53 	 Ex 	 2 	 7.825532e+00 	 -8.400000e+02 	 -1.080000e+03 	 2.000000e+00
15 	 54 	 Ex 	 2 	 5.640224e+00 	 -6.000000e+02 	 -1.080000e+03 	 2.000000e+00
15 	 55 	 Ex 	 2 	 1.193409e+00 	 -3.600000e+02 	 -1.080000e+03 	 2.000000e+00
15 	 56 	 Ex 	 2 	 4.246625e+00 	 -1.200000e+02 	 -1.080000e+03 	 2.000000e+00
15 	 57 	 Ex 	 2 	 7.008793e+00 	 1.200000e+02 	 -1.080000e+03 	 2.000000e+00
15 	 58 	 Ex 	 2 	 9.427311e+00 	 3.600000e+02 	 -1.080000e+03 	 2.000000e+00
15 	 59 	 Ex 	 2 	 1.012830e+01 	 6.000000e+02 	 -1.080000e+03 	 2.000000e+00
15 	 60 	 Ex 	 2 	 8.042028e+00 	 8.400000e+02 	 -1.080000e+03 	 2.000000e+00
15 	 61 	 Ex 	 2 	 6.397027e+00 	 1.080000e+03 	 -1.080000e+03 	 2.000000e+00
15 	 62 	 Ex 	 2 	 3.785282e+00 	 1.320000e+03 	 -1.080000e+03 	 2.000000e+00
15 	 63 	 Ex 	 2 	 3.233401e+00 	 1.560000e+03 	 -1.080000e+03 	 2.000000e+00
15 	 64 	 Ex 	 2 	 2.620239e+00 	 1.800000e+03 	 -1.080000e+03 	 2.000000e+00
15 	 65 	 Ex 	 2 	 6.916726e+00 	 -1.800000e+03 	 -8.400000e+02 	 2.000000e+00
15 	 66 	 Ex 	 2 	 7.252259e+00 	 -1.560000e+03 	 -8.400000e+02 	 2.000000e+00
15 	 67 	 Ex 	 2 	 9.006711e+00 	 -1.320000e+03 	 -8.400000e+02 	 2.000000e+00
15 	 68 	 Ex 	 2 	 8.998672e+00 	 -1.080000e+03 	 -8.400000e+02 	 2.000000e+00
15 	 69 	 Ex 	 2 	 8.968327e+00 	 -8.400000e+02 	 -8.400000e+02 	 2.000000e+00
15 	 70 	 Ex 	 2 	 5.767151e+00 	 -6.000000e+02 	 -8.400000e+02 	 2.000000e+00
15 	 71 	 Ex 	 2 	 2.203535e+00 	 -3.600000e+02 	 -8.400000e+02 	 2.000000e+00
15 	 72 	 Ex 	 2 	 3.491494e+00 	 -1.200000e+02 	 -8.400000e+02 	 2.000000e+00
15 	 73 	 Ex 	 2 	 6.110763e+00 	 1.200000e+02 	 -8.400000e+02 	 2.000000e+00
15 	 74 	 Ex 	 2 	 7.499482e+00 	 3.600000e+02 	 -8.400000e+02 	 2.000000e+00
15 	 75 	 Ex 	 2 	 9.032240e+00 	 6.000000e+02 	 -8.400000e+02 	 2.000000e+00
15 	 76 	 Ex 	 2 	 7.088314e+00 	 8.400000e+02 	 -8.400000e+02 	 2.000000e+00
15 	 77 	 Ex 	 2 	 5.597410e+00 	 1.080000e+03 	 -8.400000e+02 	 2.000000e+00
15 	 78 	 Ex 	 2 	 4.245874e+00 	 1.320000e+03 	 -8.400000e+02 	 2.000000e+00
15 	 79 	 Ex 	 2 	 2.685771e+00 	 1.560000e+03 	 -8.400000e+02 	 2.000000e+00
15 	 80 	 Ex 	 2 	 1.746141e+00 	 1.800000e+03 	 -8.400000e+02 	 2.000000e+00
15 	 81 	 Ex 	 2 	 4.677208e+00 	 -1.800000e+03 	 -6.000000e+02 	 2.000000e+00
15 	 82 	 Ex 	 2 	 6.157473e+00 	 -1.560000e+03 	 -6.000000e+02 	 2.000000e+00
15 	 83 	 Ex 	 2 	 6.168075e+00 	 -1.320000e+03 	 -6.000000e+02 	 2.000000e+00
15 	 84 	 Ex 	 2 	 7.446699e+00 	 -1.080000e+03 	 -6.000000e+02 	 2.000000e+00
15 	 85 	 Ex 	 2 	 8.173767e+00 	 -8.400000e+02 	 -6.000000e+02 	 2.000000e+00
15 	 86 	 Ex 	 2 	 5.872510e+00 	 -6.000000e+02 	 -6.000000e+02 	 2.000000e+00
15 	 87 	 Ex 	 2 	 3.080486e+00 	 -3.600000e+02 	 -6.000000e+02 	 2.000000e+00
15 	 88 	 Ex 	 2 	 1.675556e+00 	 -1.200000e+02 	 -6.000000e+02 	 2.000000e+00
15 	 89 	 Ex 	 2 	 6.887671e+00 	 1.200000e+02 	 -6.000000e+02 	 2.000000e+00
15 	 90 	 Ex 	 2 	 9.234570e+00 	 3.600000e+02 	 -6.000000e+02 	 2.000000e+00
15 	 91 	 Ex 	 2 	 9.196163e+00 	 6.000000e+02 	 -6.000000e+02 	 2.000000e+00
15 	 92 	 Ex 	 2 	 6.792936e+00 	 8.400000e+02 	 -6.000000e+02 	 2.000000e+00
15 	 93 	 Ex 	 2 	 5.461897e+00 	 1.080000e+03 	 -6.000000e+02 	 2.000000e+00
15 	 94 	 Ex 	 2 	 2.890971e+00 	 1.320000e+03 	 -6.000000e+02 	 2.000000e+00
15 	 95 	 Ex 	 2 	 8.616282e-01 	 1.560000e+03 	 -6.000000e+02 	 2.000000e+00
15 	 96 	 Ex 	 2 	 9.697693e-01 	 1.800000e+03 	 -6.000000e+02 	 2.000000e+00
15 	 97 	 Ex 	 2 	 3.163044e+00 	 -1.800000e+03 	 -3.600000e+02 	 2.000000e+00
15 	 98 	 Ex 	 2 	 3.667444e+00 	 -1.560000e+03 	 -3.600000e+02 	 2.000000e+00
15 	 99 	 Ex 	 2 	 6.101704e+00 	 -1.320000e+03 	 -3.600000e+02 	 2.000000e+00
15 	 100 	 Ex 	 2 	 6.441376e+00 	 -1.080000e+03 	 -3.600000e+02 	 2.000000e+00
15 	 101 	 Ex 	 2 	 7.520247e+00 	 -8.400000e+02 	 -3.600000e+02 	 2.000000e+00
15 	 102 	 Ex 	 2 	 6.267571e+00 	 -6.000000e+02 	 -3.600000e+02 	 2.000000e+00
15 	 103 	 Ex 	 2 	 2.962959e+00 	 -3.600000e+02 	 -3.600000e+02 	 2.000000e+00
15 	 104 	 Ex 	 2 	 2.749062e+00 	 -1.200000e+02 	 -3.600000e+02 	 2.000000e+00
15 	 105 	 Ex 	 2 	 6.299860e+00 	 1.200000e+02 	 -3.600000e+02 	 2.000000e+00
15 	 106 	 Ex 	 2 	 7.429316e+00 	 3.600000e+02 	 -3.600000e+02 	 2.000000e+00
15 	 107 	 Ex 	 2 	 7.506029e+00 	 6.000000e+02 	 -3.600000e+02 	 2.000000e+00
15 	 108 	 Ex 	 2 	 6.753261e+00 	 8.400000e+02 	 -3.600000e+02 	 2.000000e+00
15 	 109 	 Ex 	 2 	 4.821591e+00 	 1.080000e+03 	 -3.600000e+02 	 2.000000e+00
15 	 110 	 Ex 	 2 	 2.337003e+00 	 1.320000e+03 	 -3.600000e+02 	 2.000000e+00
15 	 111 	 Ex 	 2 	 6.875945e-01 	 1.560000e+03 	 -3.600000e+02 	 2.000000e+00
15 	 112 	 Ex 	 2 	 1.624846e+00 	 1.800000e+03 	 -3.600000e+02 	 2.000000e+00
15 	 113 	 Ex 	 2 	 3.207017e+00 	 -1.800000e+03 	 -1.200000e+02 	 2.000000e+00
15 	 114 	 Ex 	 2 	 2.871078e+00 	 -1.560000e+03 	 -1.200000e+02 	 2.000000e+00
15 	 115 	 Ex 	 2 	 3.786054e+00 	 -1.320000e+03 	 -1.200000e+02 	 2.000000e+00
15 	 116 	 Ex 	 2 	 5.786017e+00 	 -1.080000e+03 	 -1.200000e+02 	 2.000000e+00
15 	 117 	 Ex 	 2 	 5.606323e+00 	 -8.400000e+02 	 -1.200000e+02 	 2.000000e+00
15 	 118 	 Ex 	 2 	 5.626388e+00 	 -6.000000e+02 	 -1.200000e+02 	 2.000000e+00
15 	 119 	 Ex 	 2 	 3.243375e+00 	 -3.600000e+02 	 -1.200000e+02 	 2.000000e+00
15 	 120 	 Ex 	 2 	 1.928651e+00 	 -1.200000e+02 	 -1.200000e+02 	 2.000000e+00
15 	 121 	 Ex 	 2 	 6.714756e+00 	 1.200000e+02 	 -1.200000e+02 	 2.000000e+00
15 	 122 	 Ex 	 2 	 7.383265e+00 	 3.600000e+02 	 -1.200000e+02 	 2.000000e+00
15 	 123 	 Ex 	 2 	 6.464641e+00 	 6.000000e+02 	 -1.200000e+02 	 2.000000e+00
15 	 124 	 Ex 	 2 	 6.917495e+00 	 8.400000e+02 	 -1.200000e+02 	 2.000000e+00
15 	 125 	 Ex 	 2 	 3.778082e+00 	 1.080000e+03 	 -1.200000e+02 	 2.000000e+00
15 	 126 	 Ex 	 2 	 2.113117e+00 	 1.320000e+03 	 -1.200000e+02 	 2.000000e+00
15 	 127 	 Ex 	 2 	 1.955324e+00 	 1.560000e+03 	 -1.200000e+02 	 2.000000e+00
15 	 128 	 Ex 	 2 	 2.315633e+00 	 1.800000e+03 	 -1.200000e+02 	 2.000000e+00
15 	 129 	 Ex 	 2 	 1.494444e+00 	 -1.800000e+03 	 1.200000e+02 	 2.000000e+00
15 	 130 	 Ex 	 2 	 2.107199e+00 	 -1.560000e+03 	 1.200000e+02 	 2.000000e+00
15 	 131 	 Ex 	 2 	 3.338937e+00 	 -1.320000e+03 	 1.200000e+02 	 2.000000e+00
15 	 132 	 Ex 	 2 	 4.770968e+00 	 -1.080000e+03 	 1.200000e+02 	 2.000000e+00
15 	 133 	 Ex 	 2 	 6.115902e+00 	 -8.400000e+02 	 1.200000e+02 	 2.000000e+00
15 	 134 	 Ex 	 2 	 3.932945e+00 	 -6.000000e+02 	 1.200000e+02 	 2.000000e+00
15 	 135 	 Ex 	 2 	 3.017188e+00 	 -3.600000e+02 	 1.200000e+02 	 2.000000e+00
15 	 136 	 Ex 	 2 	 2.489322e+00 	 -1.200000e+02 	 1.200000e+02 	 2.000000e+00
15 	 137 	 Ex 	 2 	 3.690488e+00 	 1.200000e+02 	 1.200000e+02 	 2.000000e+00
15 	 138 	 Ex 	 2 	 5.934175e+00 	 3.600000e+02 	 1.200000e+02 	 2.000000e+00
15 	 139 	 Ex 	 2 	 5.217893e+00 	 6.000000e+02 	 1.200000e+02 	 2.000000e+00
15 	 140 	 Ex 	 2 	 5.349260e+00 	 8.400000e+02 	 1.200000e+02 	 2.000000e+00
15 	 141 	 Ex 	 2 	 1.470046e+00 	 1.080000e+03 	 1.200000e+02 	 2.000000e+00
15 	 142 	 Ex 	 2 	 1.062496e+00 	 1.320000e+03 	 1.200000e+02 	 2.000000e+00
15 	 143 	 Ex 	 2 	 1.452978e+00 	 1.560000e+03 	 1.200000e+02 	 2.000000e+00
15 	 144 	 Ex 	 2 	 3.250527e+00 	 1.800000e+03 	 1.200000e+02 	 2.000000e+00
15 	 145 	 Ex 	 2 	 2.843409e+00 	 -1.800000e+03 	 3.600000e+02 	 2.000000e+00
15 	 146 	 Ex 	 2 	 3.645223e+00 	 -1.560000e+03 	 3.600000e+02 	 2.000000e+00
15 	 147 	 Ex 	 2 	 2.901917e+00 	 -1.320000e+03 	 3.600000e+02 	 2.000000e+00
15 	 148 	 Ex 	 2 	 3.811720e+00 	 -1.080000e+03 	 3.600000e+02 	 2.000000e+00
15 	 149 	 Ex 	 2 	 3.177355e+00 	 -8.400000e+02 	 3.600000e+02 	 2.000000e+00
15 	 150 	 Ex 	 2 	 2.484410e+00 	 -6.000000e+02 	 3.600000e+02 	 2.000000e+00
15 	 151 	 Ex 	 2 	 3.061691e+00 	 -3.600000e+02 	 3.600000e+02 	 2.000000e+00
15 	 152 	 Ex 	 2 	 1.353661e+00 	 -1.200000e+02 	 3.600000e+02 	 2.000000e+00
15 	 153 	 Ex 	 2 	 2.733118e+00 	 1.200000e+02 	 3.600000e+02 	 2.000000e+00
15 	 154 	 Ex 	 2 	 3.949282e+00 	 3.600000e+02 	 3.600000e+02 	 2.000000e+00
15 	 155 	 Ex 	 2 	 5.316093e+00 	 6.000000e+02 	 3.600000e+02 	 2.000000e+00
15 	 156 	 Ex 	 2 	 2.724504e+00 	 8.400000e+02 	 3.600000e+02 	 2.000000e+00
15 	 157 	 Ex 	 2 	 1.784766e+00 	 1.080000e+03 	 3.600000e+02 	 2.000000e+00
15 	 158 	 Ex 	 2 	 3.147644e-01 	 1.320000e+03 	 3.600000e+02 	 2.000000e+00
15 	 159 	 Ex 	 2 	 2.130805e+00 	 1.560000e+03 	 3.600000e+02 	 2.000000e+00
15 	 160 	 Ex 	 2 	 2.346147e+00 	 1.800000e+03 	 3.600000e+02 	 2.000000e+00
15 	 161 	 Ex 	 2 	 3.733899e+00 	 -1.800000e+03 	 6.000000e+02 	 2.000000e+00
15 	 162 	 Ex 	 2 	 4.565599e+00 	 -1.560000e+03 	 6.000000e+02 	 2.000000e+00
15 	 163 	 Ex 	 2 	 6.495897e+00 	 -1.320000e+03 	 6.000000e+02 	 2.000000e+00
15 	 164 	 Ex 	 2 	 5.196584e+00 	 -1.080000e+03 	 6.000000e+02 	 2.000000e+00
15 	 165 	 Ex 	 2 	 3.258845e+00 	 -8.400000e+02 	 6.000000e+02 	 2.000000e+00
15 	 166 	 Ex 	 2 	 1.597634e+00 	 -6.000000e+02 	 6.000000e+02 	 2.000000e+00
15 	 167 	 Ex 	 2 	 1.035616e+00 	 -3.600000e+02 	 6.000000e+02 	 2.000000e+00
15 	 168 	 Ex 	 2 	 2.602001e+00 	 -1.200000e+02 	 6.000000e+02 	 2.000000e+00
15 	 169 	 Ex 	 2 	 2.814282e+00 	 1.200000e+02 	 6.000000e+02 	 2.000000e+00
15 	 170 	 Ex 	 2 	 2.429329e+00 	 3.600000e+02 	 6.000000e+02 	 2.000000e+00
15 	 171 	 Ex 	 2 	 3.401331e+00 	 6.000000e+02 	 6.000000e+02 	 2.000000e+00
15 	 172 	 Ex 	 2 	 2.259557e+00 	 8.400000e+02 	 6.000000e+02 	 2.000000e+00
15 	 173 	 Ex 	 2 	 1.516797e+00 	 1.080000e+03 	 6.000000e+02 	 2.000000e+00
15 	 174 	 Ex 	 2 	 1.359901e-01 	 1.320000e+03 	 6.000000e+02 	 2.000000e+00
15 	 175 	 Ex 	 2 	 1.555861e+00 	 1.560000e+03 	 6.000000e+02 	 2.000000e+00
15 	 176 	 Ex 	 2 	 2.865052e+00 	 1.800000e+03 	 6.000000e+02 	 2.000000e+00
15 	 177 	 Ex 	 2 	 4.825176e+00 	 -1.800000e+03 	 8.400000e+02 	 2.000000e+00
15 	 178 	 Ex 	 2 	 6.225471e+00 	 -1.560000e+03 	 8.400000e+02 	 2.000000e+00
15 	 179 	 Ex 	 2 	 6.298768e+00 	 -1.320000e+03 	 8.400000e+02 	 2.000000e+00
15 	 180 	 Ex 	 2 	 5.052518e+00 	 -1.080000e+03 	 8.400000e+02 	 2.000000e+00
15 	 181 	 Ex 	 2 	 3.706171e+00 	 -8.400000e+02 	 8.400000e+02 	 2.000000e+00
15 	 182 	 Ex 	 2 	 1.269066e+00 	 -6.000000e+02 	 8.400000e+02 	 2.000000e+00
15 	 183 	 Ex 	 2 	 1.847993e+00 	 -3.600000e+02 	 8.400000e+02 	 2.000000e+00
15 	 184 	 Ex 	 2 	 5.573837e-01 	 -1.200000e+02 	 8.400000e+02 	 2.000000e+00
15 	 185 	 Ex 	 2 	 1.094895e+00 	 1.200000e+02 	 8.400000e+02 	 2.000000e+00
15 	 186 	 Ex 	 2 	 1.400755e+00 	 3.600000e+02 	 8.400000e+02 	 2.000000e+00
15 	 187 	 Ex 	 2 	 7.908973e-01 	 6.000000e+02 	 8.400000e+02 	 2.000000e+00
15 	 188 	 Ex 	 2 	 6.694511e-01 	 8.400000e+02 	 8.400000e+02 	 2.000000e+00
15 	 189 	 Ex 	 2 	 8.747223e-01 	 1.080000e+03 	 8.400000e+02 	 2.000000e+00
15 	 190 	 Ex 	 2 	 2.305859e+00 	 1.320000e+03 	 8.400000e+02 	 2.000000e+00
15 	 191 	 Ex 	 2 	 1.473234e+00 	 1.560000e+03 	 8.400000e+02 	 2.000000e+00
15 	 192 	 Ex 	 2 	 1.613988e+00 	 1.800000e+03 	 8.400000e+02 	 2.000000e+00
15 	 193 	 Ex 	 2 	 5.928403e+00 	 -1.800000e+03 	 1.080000e+03 	 2.000000e+00
15 	 194 	 Ex 	 2 	 4.982793e+00 	 -1.560000e+03 	 1.080000e+03 	 2.000000e+00
15 	 195 	 Ex 	 2 	 5.138250e+00 	 -1.320000e+03 	 1.080000e+03 	 2.000000e+00
15 	 196 	 Ex 	 2 	 4.474190e+00 	 -1.080000e+03 	 1.080000e+03 	 2.000000e+00
15 	 197 	 Ex 	 2 	 3.173546e+00 	 -8.400000e+02 	 1.080000e+03 	 2.000000e+00
15 	 198 	 Ex 	 2 	 1.315568e+00 	 -6.000000e+02 	 1.080000e+03 	 2.000000e+00
15 	 199 	 Ex 	 2 	 7.397219e-01 	 -3.600000e+02 	 1.080000e+03 	 2.000000e+00
15 	 200 	 Ex 	 2 	 4.144583e-01 	 -1.200000e+02 	 1.080000e+03 	 2.000000e+00
15 	 201 	 Ex 	 2 	 1.009339e+00 	 1.200000e+02 	 1.080000e+03 	 2.000000e+00
15 	 202 	 Ex 	 2 	 0.000000e+00 	 3.600000e+02 	 1.080000e+03 	 2.000000e+00
15 	 203 	 Ex 	 2 	 0.000000e+00 	 6.000000e+02 	 1.080000e+03 	 2.000000e+00
15 	 204 	 Ex 	 2 	 1.349034e+00 	 8.400000e+02 	 1.080000e+03 	 2.000000e+00
15 	 205 	 Ex 	 2 	 1.582989e+00 	 1.080000e+03 	 1.080000e+03 	 2.000000e+00
15 	 206 	 Ex 	 2 	 8.924844e-01 	 1.320000e+03 	 1.080000e+03 	 2.000000e+00
15 	 207 	 Ex 	 2 	 3.885337e-01 	 1.560000e+03 	 1.080000e+03 	 2.000000e+00
15 	 208 	 Ex 	 2 	 1.206530e+00 	 1.800000e+03 	 1.080000e+03 	 2.000000e+00
15 	 209 	 Ex 	 2 	 4.773620e+00 	 -1.800000e+03 	 1.320000e+03 	 2.000000e+00
15 	 210 	 Ex 	 2 	 4.128072e+00 	 -1.560000e+03 	 1.320000e+03 	 2.000000e+00
15 	 211 	 Ex 	 2 	 4.199499e+00 	 -1.320000e+03 	 1.320000e+03 	 2.000000e+00
15 	 212 	 Ex 	 2 	 2.849804e+00 	 -1.080000e+03 	 1.320000e+03 	 2.000000e+00
15 	 213 	 Ex 	 2 	 2.078750e+00 	 -8.400000e+02 	 1.320000e+03 	 2.000000e+00
15 	 214 	 Ex 	 2 	 1.541848e+00 	 -6.000000e+02 	 1.320000e+03 	 2.000000e+00
15 	 215 	 Ex 	 2 	 1.717262e+00 	 -3.600000e+02 	 1.320000e+03 	 2.000000e+00
15 	 216 	 Ex 	 2 	 1.123091e+00 	 -1.200000e+02 	 1.320000e+03 	 2.000000e+00
15 	 217 	 Ex 	 2 	 0.000000e+00 	 1.200000e+02 	 1.320000e+03 	 2.000000e+00
15 	 218 	 Ex 	 2 	 0.000000e+00 	 3.600000e+02 	 1.320000e+03 	 2.000000e+00
15 	 219 	 Ex 	 2 	 0.000000e+00 	 6.000000e+02 	 1.320000e+03 	 2.000000e+00
15 	 220 	 Ex 	 2 	 0.000000e+00 	 8.400000e+02 	 1.320000e+03 	 2.000000e+00
15 	 221 	 Ex 	 2 	 1.266350e+00 	 1.080000e+03 	 1.320000e+03 	 2.000000e+00
15 	 222 	 Ex 	 2 	 1.404520e+00 	 1.320000e+03 	 1.320000e+03 	 2.000000e+00
15 	 223 	 Ex 	 2 	 1.392244e+00 	 1.560000e+03 	 1.320000e+03 	 2.000000e+00
15 	 224 	 Ex 	 2 	 1.298796e+00 	 1.800000e+03 	 1.320000e+03 	 2.000000e+00
15 	 225 	 Ex 	 2 	 3.724637e+00 	 -1.800000e+03 	 1.560000e+03 	 2.000000e+00
15 	 226 	 Ex 	 2 	 4.843370e+00 	 -1.560000e+03 	 1.560000e+03 	 2.000000e+00
15 	 227 	 Ex 	 2 	 3.684973e+00 	 -1.320000e+03 	 1.560000e+03 	 2.000000e+00
15 	 228 	 Ex 	 2 	 1.332698e+00 	 -1.080000e+03 	 1.560000e+03 	 2.000000e+00
15 	 229 	 Ex 	 2 	 7.407694e-01 	 -8.400000e+02 	 1.560000e+03 	 2.000000e+00
15 	 230 	 Ex 	 2 	 8.454680e-01 	 -6.000000e+02 	 1.560000e+03 	 2.000000e+00
15 	 231 	 Ex 	 2 	 1.074426e+00 	 -3.600000e+02 	 1.560000e+03 	 2.000000e+00
15 	 232 	 Ex 	 2 	 7.151389e-01 	 -1.200000e+02 	 1.560000e+03 	 2.000000e+00
15 	 233 	 Ex 	 2 	 0.000000e+00 	 1.200000e+02 	 1.560000e+03 	 2.000000e+00
15 	 234 	 Ex 	 2 	 0.000000e+00 	 3.600000e+02 	 1.560000e+03 	 2.000000e+00
15 	 235 	 Ex 	 2 	 0.000000e+00 	 6.000000e+02 	 1.560000e+03 	 2.000000e+00
15 	 236 	 Ex 	 2 	 0.000000e+00 	 8.400000e+02 	 1.560000e+03 	 2.000000e+00
15 	 237 	 Ex 	 2 	 0.000000e+00 	 1.080000e+03 	 1.560000e+03 	 2.000000e+00
15 	 238 	 Ex 	 2 	 4.514587e-01 	 1.320000e+03 	 1.560000e+03 	 2.000000e+00
15 	 239 	 Ex 	 2 	 3.704851e-01 	 1.560000e+03 	 1.560000e+03 	 2.000000e+00
15 	 240 	 Ex 	 2 	 5.367530e-01 	 1.800000e+03 	 1.560000e+03 	 2.000000e+00
15 	 241 	 Ex 	 2 	 2.620276e+00 	 -1.800000e+03 	 1.800000e+03 	 2.000000e+00
15 	 242 	 Ex 	 2 	 1.832942e+00 	 -1.560000e+03 	 1.800000e+03 	 2.000000e+00
15 	 243 	 Ex 	 2 	 1.840715e+00 	 -1.320000e+03 	 1.800000e+03 	 2.000000e+00
15 	 244 	 Ex 	 2 	 1.510492e+00 	 -1.080000e+03 	 1.800000e+03 	 2.000000e+00
15 	 245 	 Ex 	 2 	 2.213494e+00 	 -8.400000e+02 	 1.800000e+03 	 2.000000e+00
15 	 246 	 Ex 	 2 	 1.581397e+00 	 -6.000000e+02 	 1.800000e+03 	 2.000000e+00
15 	 247 	 Ex 	 2 	 7.365134e-01 	 -3.600000e+02 	 1.800000e+03 	 2.000000e+00
15 	 248 	 Ex 	 2 	 6.848098e-01 	 -1.200000e+02 	 1.800000e+03 	 2.000000e+00
15 	 249 	 Ex 	 2 	 0.000000e+00 	 1.200000e+02 	 1.800000e+03 	 2.000000e+00
15 	 250 	 Ex 	 2 	 0.000000e+00 	 3.600000e+02 	 1.800000e+03 	 2.000000e+00
15 	 251 	 Ex 	 2 	 0.000000e+00 	 6.000000e+02 	 1.800000e+03 	 2.000000e+00
15 	 252 	 Ex 	 2 	 0.000000e+00 	 8.400000e+02 	 1.800000e+03 	 2.000000e+00
15 	 253 	 Ex 	 2 	 0.000000e+00 	 1.080000e+03 	 1.800000e+03 	 2.000000e+00
15 	 254 	 Ex 	 2 	 1.541293e+00 	 1.320000e+03 	 1.800000e+03 	 2.000000e+00
15 	 255 	 Ex 	 2 	 9.573504e-01 	 1.560000e+03 	 1.800000e+03 	 2.000000e+00
15 	 256 	 Ex 	 2 	 3.015058e-01 	 1.800000e+03 	 1.800000e+03 	 2.000000e+00
15 	 1 	 Ey 	 1 	 3.779423e+00 	 -1.800000e+03 	 -1.800000e+03 	 2.000000e+00
15 	 2 	 Ey 	 1 	 5.536317e+00 	 -1.560000e+03 	 -1.800000e+03 	 2.000000e+00
15 	 3 	 Ey 	 1 	 6.526499e+00 	 -1.320000e+03 	 -1.800000e+03 	 2.000000e+00
15 	 4 	 Ey 	 1 	 6.798972e+00 	 -1.080000e+03 	 -1.800000e+03 	 2.000000e+00
15 	 5 	 Ey 	 1 	 8.715810e+00 	 -8.400000e+02 	 -1.800000e+03 	 2.000000e+00
15 	 6 	 Ey 	 1 	 1.016093e+01 	 -6.000000e+02 	 -1.800000e+03 	 2.000000e+00
15 	 7 	 Ey 	 1 	 1.016265e+01 	 -3.600000e+02 	 -1.800000e+03 	 2.000000e+00
15 	 8 	 Ey 	 1 	 8.276947e+00 	 -1.200000e+02 	 -1.800000e+03 	 2.000000e+00
15 	 9 	 Ey 	 1 	 5.487898e+00 	 1.200000e+02 	 -1.800000e+03 	 2.000000e+00
15 	 10 	 Ey 	 1 	 3.151639e+00 	 3.600000e+02 	 -1.800000e+03 	 2.000000e+00
15 	 11 	 Ey 	 1 	 4.165350e-01 	 6.000000e+02 	 -1.800000e+03 	 2.000000e+00
15 	 12 	 Ey 	 1 	 1.360640e+00 	 8.400000e+02 	 -1.800000e+03 	 2.000000e+00
15 	 13 	 Ey 	 1 	 1.833472e+00 	 1.080000e+03 	 -1.800000e+03 	 2.000000e+00
15 	 14 	 Ey 	 1 	 2.762993e+00 	 1.320000e+03 	 -1.800000e+03 	 2.000000e+00
15 	 15 	 Ey 	 1 	 4.254326e+00 	 1.560000e+03 	 -1.800000e+03 	 2.000000e+00
15 	 16 	 Ey 	 1 	 5.527001e+00 	 1.800000e+03 	 -1.800000e+03 	 2.000000e+00
15 	 17 	 Ey 	 1 	 5.530087e+00 	 -1.800000e+03 	 -1.560000e+03 	 2.000000e+00
15 	 18 	 Ey 	 1 	 4.617328e+00 	 -1.560000e+03 	 -1.560000e+03 	 2.000000e+00
15 	 19 	 Ey 	 1 	 5.133776e+00 	 -1.320000e+03 	 -1.560000e+03 	 2.000000e+00
15 	 20 	 Ey 	 1 	 6.893497e+00 	 -1.080000e+03 	 -1.560000e+03 	 2.000000e+00
15 	 21 	 Ey 	 1 	 1.020901e+01 	 -8.400000e+02 	 -1.560000e+03 	 2.000000e+00
15 	 22 	 Ey 	 1 	 9.297198e+00 	 -6.000000e+02 	 -1.560000e+03 	 2.000000e+00
15 	 23 	 Ey 	 1 	 9.762971e+00 	 -3.600000e+02 	 -1.560000e+03 	 2.000000e+00
15 	 24 	 Ey 	 1 	 9.293774e+00 	 -1.200000e+02 	 -1.560000e+03 	 2.000000e+00
15 	 25 	 Ey 	 1 	 5.801283e+00 	 1.200000e+02 	 -1.560000e+03 	 2.000000e+00
15 	 26 	 Ey 	 1 	 4.231361e+00 	 3.600000e+02 	 -1.560000e+03 	 2.000000e+00
15 	 27 	 Ey 	 1 	 1.093478e+00 	 6.000000e+02 	 -1.560000e+03 	 2.000000e+00
15 	 28 	 Ey 	 1 	 2.024709e+00 	 8.400000e+02 	 -1.560000e+03 	 2.000000e+00
15 	 29 	 Ey 	 1 	 3.559498e+00 	 1.080000e+03 	 -1.560000e+03 	 2.000000e+00
15 	 30 	 Ey 	 1 	 4.211460e+00 	 1.320000e+03 	 -1.560000e+03 	 2.000000e+00
15 	 31 	 Ey 	 1 	 6.469603e+00 	 1.560000e+03 	 -1.560000e+03 	 2.000000e+00
15 	 32 	 Ey 	 1 	 6.630039e+00 	 1.800000e+03 	 -1.560000e+03 	 2.000000e+00
15 	 33 	 Ey 	 1 	 3.213042e-01 	 -1.800000e+03 	 -1.320000e+03 	 2.000000e+00
15 	 34 	 Ey 	 1 	 2.573768e+00 	 -1.560000e+03 	 -1.320000e+03 	 2.000000e+00
15 	 35 	 Ey 	 1 	 5.015043e+00 	 -1.320000e+03 	 -1.320000e+03 	 2.000000e+00
15 	 36 	 Ey 	 1 	 5.839959e+00 	 -1.080000e+03 	 -1.320000e+03 	 2.000000e+00
15 	 37 	 Ey 	 1 	 7.969983e+00 	 -8.400000e+02 	 -1.320000e+03 	 2.000000e+00
15 	 38 	 Ey 	 1 	 7.799341e+00 	 -6.000000e+02 	 -1.320000e+03 	 2.000000e+00
15 	 39 	 Ey 	 1 	 8.673656e+00 	 -3.600000e+02 	 -1.320000e+03 	 2.000000e+00
15 	 40 	 Ey 	 1 	 7.913362e+00 	 -1.200000e+02 	 -1.320000e+03 	 2.000000e+00
15 	 41 	 Ey 	 1 	 4.922796e+00 	 1.200000e+02 	 -1.320000e+03 	 2.000000e+00
15 	 42 	 Ey 	 1 	 2.902449e+00 	 3.600000e+02 	 -1.320000e+03 	 2.000000e+00
15 	 43 	 Ey 	 1 	 5.536145e-01 	 6.000000e+02 	 -1.320000e+03 	 2.000000e+00
15 	 44 	 Ey 	 1 	 2.827844e+00 	 8.400000e+02 	 -1.320000e+03 	 2.000000e+00
15 	 45 	 Ey 	 1 	 3.703295e+00 	 1.080000e+03 	 -1.320000e+03 	 2.000000e+00
15 	 46 	 Ey 	 1 	 6.504159e+00 	 1.320000e+03 	 -1.320000e+03 	 2.000000e+00
15 	 47 	 Ey 	 1 	 6.087293e+00 	 1.560000e+03 	 -1.320000e+03 	 2.000000e+00
15 	 48 	 Ey 	 1 	 6.453585e+00 	 1.800000e+03 	 -1.320000e+03 	 2.000000e+00
15 	 49 	 Ey 	 1 	 2.332995e+00 	 -1.800000e+03 	 -1.080000e+03 	 2.000000e+00
15 	 50 	 Ey 	 1 	 3.088015e+00 	 -1.560000e+03 	 -1.080000e+03 	 2.000000e+00
15 	 51 	 Ey 	 1 	 3.025589e+00 	 -1.320000e+03 	 -1.080000e+03 	 2.000000e+00
15 	 52 	 Ey 	 1 	 3.264567e+00 	 -1.080000e+03 	 -1.080000e+03 	 2.000000e+00
15 	 53 	 Ey 	 1 	 6.104659e+00 	 -8.400000e+02 	 -1.080000e+03 	 2.000000e+00
15 	 54 	 Ey 	 1 	 5.803783e+00 	 -6.000000e+02 	 -1.080000e+03 	 2.000000e+00
15 	 55 	 Ey 	 1 	 7.091489e+00 	 -3.600000e+02 	 -1.080000e+03 	 2.000000e+00
15 	 56 	 Ey 	 1 	 6.089324e+00 	 -1.200000e+02 	 -1.080000e+03 	 2.000000e+00
15 	 57 	 Ey 	 1 	 3.593067e+00 	 1.200000e+02 	 -1.080000e+03 	 2.000000e+00
15 	 58 	 Ey 	 1 	 7.715415e-01 	 3.600000e+02 	 -1.080000e+03 	 2.000000e+00
15 	 59 	 Ey 	 1 	 2.533564e+00 	 6.000000e+02 	 -1.080000e+03 	 2.000000e+00
15 	 60 	 Ey 	 1 	 4.264886e+00 	 8.400000e+02 	 -1.080000e+03 	 2.000000e+00
15 	 61 	 Ey 	 1 	 7.573916e+00 	 1.080000e+03 	 -1.080000e+03 	 2.000000e+00
15 	 62 	 Ey 	 1 	 5.124322e+00 	 1.320000e+03 	 -1.080000e+03 	 2.000000e+00
15 	 63 	 Ey 	 1 	 5.537771e+00 	 1.560000e+03 	 -1.080000e+03 	 2.000000e+00
15 	 64 	 Ey 	 1 	 5.053787e+00 	 1.800000e+03 	 -1.080000e+03 	 2.000000e+00
15 	 65 	 Ey 	 1 	 4.087292e+00 	 -1.800000e+03 	 -8.400000e+02 	 2.000000e+00
15 	 66 	 Ey 	 1 	 2.869726e+00 	 -1.560000e+03 	 -8.400000e+02 	 2.000000e+00
15 	 67 	 Ey 	 1 	 2.169349e+00 	 -1.320000e+03 	 -8.400000e+02 	 2.000000e+00
15 	 68 	 Ey 	 1 	 1.253852e+00 	 -1.080000e+03 	 -8.400000e+02 	 2.000000e+00
15 	 69 	 Ey 	 1 	 8.242016e-01 	 -8.400000e+02 	 -8.400000e+02 	 2.000000e+00
15 	 70 	 Ey 	 1 	 1.170656e+00 	 -6.000000e+02 	 -8.400000e+02 	 2.000000e+00
15 	 71 	 Ey 	 1 	 2.844777e+00 	 -3.600000e+02 	 -8.400000e+02 	 2.000000e+00
15 	 72 	 Ey 	 1 	 2.341226e+00 	 -1.200000e+02 	 -8.400000e+02 	 2.000000e+00
15 	 73 	 Ey 	 1 	 2.058724e+00 	 1.200000e+02 	 -8.400000e+02 	 2.000000e+00
15 	 74 	 Ey 	 1 	 7.644789e-01 	 3.600000e+02 	 -8.400000e+02 	 2.000000e+00
15 	 75 	 Ey 	 1 	 3.753455e+00 	 6.000000e+02 	 -8.400000e+02 	 2.000000e+00
15 	 76 	 Ey 	 1 	 4.022156e+00 	 8.400000e+02 	 -8.400000e+02 	 2.000000e+00
15 	 77 	 Ey 	 1 	 7.145053e+00 	 1.080000e+03 	 -8.400000e+02 	 2.000000e+00
15 	 78 	 Ey 	 1 	 6.501590e+00 	 1.320000e+03 	 -8.400000e+02 	 2.000000e+00
15 	 79 	 Ey 	 1 	 6.008830e+00 	 1.560000e+03 	 -8.400000e+02 	 2.000000e+00
15 	 80 	 Ey 	 1 	 5.540524e+00 	 1.800000e+03 	 -8.400000e+02 	 2.000000e+00
15 	 81 	 Ey 	 1 	 4.194805e+00 	 -1.800000e+03 	 -6.000000e+02 	 2.000000e+00
15 	 82 	 Ey 	 1 	 5.097396e+00 	 -1.560000e+03 	 -6.000000e+02 	 2.000000e+00
15 	 83 	 Ey 	 1 	 4.220219e+00 	 -1.320000e+03 	 -6.000000e+02 	 2.000000e+00
15 	 84 	 Ey 	 1 	 4.476353e+00 	 -1.080000e+03 	 -6.000000e+02 	 2.000000e+00
15 	 85 	 Ey 	 1 	 4.674706e+00 	 -8.400000e+02 	 -6.000000e+02 	 2.000000e+00
15 	 86 	 Ey 	 1 	 3.635442e+00 	 -6.000000e+02 	 -6.000000e+02 	 2.000000e+00
15 	 87 	 Ey 	 1 	 2.888037e+00 	 -3.600000e+02 	 -6.000000e+02 	 2.000000e+00
15 	 88 	 Ey 	 1 	 8.569316e-01 	 -1.200000e+02 	 -6.000000e+02 	 2.000000e+00
15 	 89 	 Ey 	 1 	 2.324197e+00 	 1.200000e+02 	 -6.000000e+02 	 2.000000e+00
15 	 90 	 Ey 	 1 	 2.778923e+00 	 3.600000e+02 	 -6.000000e+02 	 2.000000e+00
15 	 91 	 Ey 	 1 	 3.339731e+00 	 6.000000e+02 	 -6.000000e+02 	 2.000000e+00
15 	 92 	 Ey 	 1 	 4.979537e+00 	 8.400000e+02 	 -6.000000e+02 	 2.000000e+00
15 	 93 	 Ey 	 1 	 5.378824e+00 	 1.080000e+03 	 -6.000000e+02 	 2.000000e+00
15 	 94 	 Ey 	 1 	 6.313679e+00 	 1.320000e+03 	 -6.000000e+02 	 2.000000e+00
15 	 95 	 Ey 	 1 	 4.731700e+00 	 1.560000e+03 	 -6.000000e+02 	 2.000000e+00
15 	 96 	 Ey 	 1 	 3.796393e+00 	 1.800000e+03 	 -6.000000e+02 	 2.000000e+00
15 	 97 	 Ey 	 1 	 5.584182e+00 	 -1.800000e+03 	 -3.600000e+02 	 2.000000e+00
15 	 98 	 Ey 	 1 	 7.445968e+00 	 -1.560000e+03 	 -3.600000e+02 	 2.000000e+00
15 	 99 	 Ey 	 1 	 5.699913e+00 	 -1.320000e+03 	 -3.600000e+02 	 2.000000e+00
15 	 100 	 Ey 	 1 	 7.098317e+00 	 -1.080000e+03 	 -3.600000e+02 	 2.000000e+00
15 	 101 	 Ey 	 1 	 6.027481e+00 	 -8.400000e+02 	 -3.600000e+02 	 2.000000e+00
15 	 102 	 Ey 	 1 	 6.251175e+00 	 -6.000000e+02 	 -3.600000e+02 	 2.000000e+00
15 	 103 	 Ey 	 1 	 7.232875e+00 	 -3.600000e+02 	 -3.600000e+02 	 2.000000e+00
15 	 104 	 Ey 	 1 	 3.131733e+00 	 -1.200000e+02 	 -3.600000e+02 	 2.000000e+00
15 	 105 	 Ey 	 1 	 3.655668e+00 	 1.200000e+02 	 -3.600000e+02 	 2.000000e+00
15 	 106 	 Ey 	 1 	 4.140367e+00 	 3.600000e+02 	 -3.600000e+02 	 2.000000e+00
15 	 107 	 Ey 	 1 	 3.680464e+00 	 6.000000e+02 	 -3.600000e+02 	 2.000000e+00
15 	 108 	 Ey 	 1 	 5.069953e+00 	 8.400000e+02 	 -3.600000e+02 	 2.000000e+00
15 	 109 	 Ey 	 1 	 5.838735e+00 	 1.080000e+03 	 -3.600000e+02 	 2.000000e+00
15 	 110 	 Ey 	 1 	 7.305020e+00 	 1.320000e+03 	 -3.600000e+02 	 2.000000e+00
15 	 111 	 Ey 	 1 	 5.833518e+00 	 1.560000e+03 	 -3.600000e+02 	 2.000000e+00
15 	 112 	 Ey 	 1 	 4.182984e+00 	 1.800000e+03 	 -3.600000e+02 	 2.000000e+00
15 	 113 	 Ey 	 1 	 7.148315e+00 	 -1.800000e+03 	 -1.200000e+02 	 2.000000e+00
15 	 114 	 Ey 	 1 	 6.481971e+00 	 -1.560000e+03 	 -1.200000e+02 	 2.000000e+00
15 	 115 	 Ey 	 1 	 7.870931e+00 	 -1.320000e+03 	 -1.200000e+02 	 2.000000e+00
15 	 116 	 Ey 	 1 	 9.613258e+00 	 -1.080000e+03 	 -1.200000e+02 	 2.000000e+00
15 	 117 	 Ey 	 1 	 8.580941e+00 	 -8.400000e+02 	 -1.200000e+02 	 2.000000e+00
15 	 118 	 Ey 	 1 	 8.963652e+00 	 -6.000000e+02 	 -1.200000e+02 	 2.000000e+00
15 	 119 	 Ey 	 1 	 7.931795e+00 	 -3.600000e+02 	 -1.200000e+02 	 2.000000e+00
15 	 120 	 Ey 	 1 	 6.626903e+00 	 -1.200000e+02 	 -1.200000e+02 	 2.000000e+00
15 	 121 	 Ey 	 1 	 4.587323e+00 	 1.200000e+02 	 -1.200000e+02 	 2.000000e+00
15 	 122 	 Ey 	 1 	 4.471621e+00 	 3.600000e+02 	 -1.200000e+02 	 2.000000e+00
15 	 123 	 Ey 	 1 	 4.355091e+00 	 6.000000e+02 	 -1.200000e+02 	 2.000000e+00
15 	 124 	 Ey 	 1 	 4.497723e+00 	 8.400000e+02 	 -1.200000e+02 	 2.000000e+00
15 	 125 	 Ey 	 1 	 3.379962e+00 	 1.080000e+03 	 -1.200000e+02 	 2.000000e+00
15 	 126 	 Ey 	 1 	 4.509242e+00 	 1.320000e+03 	 -1.200000e+02 	 2.000000e+00
15 	 127 	 Ey 	 1 	 3.719760e+00 	 1.560000e+03 	 -1.200000e+02 	 2.000000e+00
15 	 128 	 Ey 	 1 	 3.442144e+00 	 1.800000e+03 	 -1.200000e+02 	 2.000000e+00
15 	 129 	 Ey 	 1 	 5.553852e+00 	 -1.800000e+03 	 1.200000e+02 	 2.000000e+00
15 	 130 	 Ey 	 1 	 7.584797e+00 	 -1.560000e+03 	 1.200000e+02 	 2.000000e+00
15 	 131 	 Ey 	 1 	 8.930260e+00 	 -1.320000e+03 	 1.200000e+02 	 2.000000e+00
15 	 132 	 Ey 	 1 	 8.397326e+00 	 -1.080000e+03 	 1.200000e+02 	 2.000000e+00
15 	 133 	 Ey 	 1 	 1.167388e+01 	 -8.400000e+02 	 1.200000e+02 	 2.000000e+00
15 	 134 	 Ey 	 1 	 1.084558e+01 	 -6.000000e+02 	 1.200000e+02 	 2.000000e+00
15 	 135 	 Ey 	 1 	 9.071102e+00 	 -3.600000e+02 	 1.200000e+02 	 2.000000e+00
15 	 136 	 Ey 	 1 	 4.609956e+00 	 -1.200000e+02 	 1.200000e+02 	 2.000000e+00
15 	 137 	 Ey 	 1 	 3.582084e+00 	 1.200000e+02 	 1.200000e+02 	 2.000000e+00
15 	 138 	 Ey 	 1 	 3.175826e+00 	 3.600000e+02 	 1.200000e+02 	 2.000000e+00
15 	 139 	 Ey 	 1 	 2.739079e+00 	 6.000000e+02 	 1.200000e+02 	 2.000000e+00
15 	 140 	 Ey 	 1 	 3.795522e+00 	 8.400000e+02 	 1.200000e+02 	 2.000000e+00
15 	 141 	 Ey 	 1 	 3.768329e+00 	 1.080000e+03 	 1.200000e+02 	 2.000000e+00
15 	 142 	 Ey 	 1 	 3.692467e+00 	 1.320000e+03 	 1.200000e+02 	 2.000000e+00
15 	 143 	 Ey 	 1 	 2.559866e+00 	 1.560000e+03 	 1.200000e+02 	 2.000000e+00
15 	 144 	 Ey 	 1 	 3.280591e+00 	 1.800000e+03 	 1.200000e+02 	 2.000000e+00
15 	 145 	 Ey 	 1 	 7.099922e+00 	 -1.800000e+03 	 3.600000e+02 	 2.000000e+00
15 	 146 	 Ey 	 1 	 7.878572e+00 	 -1.560000e+03 	 3.600000e+02 	 2.000000e+00
15 	 147 	 Ey 	 1 	 7.607240e+00 	 -1.320000e+03 	 3.600000e+02 	 2.000000e+00
15 	 148 	 Ey 	 1 	 9.469598e+00 	 -1.080000e+03 	 3.600000e+02 	 2.000000e+00
15 	 149 	 Ey 	 1 	 1.098281e+01 	 -8.400000e+02 	 3.600000e+02 	 2.000000e+00
15 	 150 	 Ey 	 1 	 9.287977e+00 	 -6.000000e+02 	 3.600000e+02 	 2.000000e+00
15 	 151 	 Ey 	 1 	 7.337706e+00 	 -3.600000e+02 	 3.600000e+02 	 2.000000e+00
15 	 152 	 Ey 	 1 	 5.637809e+00 	 -1.200000e+02 	 3.600000e+02 	 2.000000e+00
15 	 153 	 Ey 	 1 	 2.122168e+00 	 1.200000e+02 	 3.600000e+02 	 2.000000e+00
15 	 154 	 Ey 	 1 	 3.207406e+00 	 3.600000e+02 	 3.600000e+02 	 2.000000e+00
15 	 155 	 Ey 	 1 	 2.535280e+00 	 6.000000e+02 	 3.600000e+02 	 2.000000e+00
15 	 156 	 Ey 	 1 	 2.707061e+00 	 8.400000e+02 	 3.600000e+02 	 2.000000e+00
15 	 157 	 Ey 	 1 	 2.514286e+00 	 1.080000e+03 	 3.600000e+02 	 2.000000e+00
15 	 158 	 Ey 	 1 	 9.182091e-01 	 1.320000e+03 	 3.600000e+02 	 2.000000e+00
15 	 159 	 Ey 	 1 	 1.164654e+00 	 1.560000e+03 	 3.600000e+02 	 2.000000e+00
15 	 160 	 Ey 	 1 	 2.554670e+00 	 1.800000e+03 	 3.600000e+02 	 2.000000e+00
15 	 161 	 Ey 	 1 	 7.541872e+00 	 -1.800000e+03 	 6.000000e+02 	 2.000000e+00
15 	 162 	 Ey 	 1 	 5.927000e+00 	 -1.560000e+03 	 6.000000e+02 	 2.000000e+00
15 	 163 	 Ey 	 1 	 7.177238e+00 	 -1.320000e+03 	 6.000000e+02 	 2.000000e+00
15 	 164 	 Ey 	 1 	 6.559570e+00 	 -1.080000e+03 	 6.000000e+02 	 2.000000e+00
15 	 165 	 Ey 	 1 	 7.186995e+00 	 -8.400000e+02 	 6.000000e+02 	 2.000000e+00
15 	 166 	 Ey 	 1 	 7.160015e+00 	 -6.000000e+02 	 6.000000e+02 	 2.000000e+00
15 	 167 	 Ey 	 1 	 5.997504e+00 	 -3.600000e+02 	 6.000000e+02 	 2.000000e+00
15 	 168 	 Ey 	 1 	 2.941026e+00 	 -1.200000e+02 	 6.000000e+02 	 2.000000e+00
15 	 169 	 Ey 	 1 	 2.519062e+00 	 1.200000e+02 	 6.000000e+02 	 2.000000e+00
15 	 170 	 Ey 	 1 	 2.098102e+00 	 3.600000e+02 	 6.000000e+02 	 2.000000e+00
15 	 171 	 Ey 	 1 	 8.249457e-01 	 6.000000e+02 	 6.000000e+02 	 2.000000e+00
15 	 172 	 Ey 	 1 	 1.546231e+00 	 8.400000e+02 	 6.000000e+02 	 2.000000e+00
15 	 173 	 Ey 	 1 	 1.450655e+00 	 1.080000e+03 	 6.000000e+02 	 2.000000e+00
15 	 174 	 Ey 	 1 	 1.047756e+00 	 1.320000e+03 	 6.000000e+02 	 2.000000e+00
15 	 175 	 Ey 	 1 	 1.084881e+00 	 1.560000e+03 	 6.000000e+02 	 2.000000e+00
15 	 176 	 Ey 	 1 	 1.662693e+00 	 1.800000e+03 	 6.000000e+02 	 2.000000e+00
15 	 177 	 Ey 	 1 	 4.777436e+00 	 -1.800000e+03 	 8.400000e+02 	 2.000000e+00
15 	 178 	 Ey 	 1 	 3.578844e+00 	 -1.560000e+03 	 8.400000e+02 	 2.000000e+00
15 	 179 	 Ey 	 1 	 5.273438e+00 	 -1.320000e+03 	 8.400000e+02 	 2.000000e+00
15 	 180 	 Ey 	 1 	 3.662285e+00 	 -1.080000e+03 	 8.400000e+02 	 2.000000e+00
15 	 181 	 Ey 	 1 	 3.590103e+00 	 -8.400000e+02 	 8.400000e+02 	 2.000000e+00
15 	 182 	 Ey 	 1 	 2.905519e+00 	 -6.000000e+02 	 8.400000e+02 	 2.000000e+00
15 	 183 	 Ey 	 1 	 7.674240e-01 	 -3.600000e+02 	 8.400000e+02 	 2.000000e+00
15 	 184 	 Ey 	 1 	 1.793462e+00 	 -1.200000e+02 	 8.400000e+02 	 2.000000e+00
15 	 185 	 Ey 	 1 	 5.336577e-01 	 1.200000e+02 	 8.400000e+02 	 2.000000e+00
15 	 186 	 Ey 	 1 	 1.690663e+00 	 3.600000e+02 	 8.400000e+02 	 2.000000e+00
15 	 187 	 Ey 	 1 	 2.060885e-01 	 6.000000e+02 	 8.400000e+02 	 2.000000e+00
15 	 188 	 Ey 	 1 	 1.423478e-01 	 8.400000e+02 	 8.400000e+02 	 2.000000e+00
15 	 189 	 Ey 	 1 	 1.040465e+00 	 1.080000e+03 	 8.400000e+02 	 2.000000e+00
15 	 190 	 Ey 	 1 	 1.313992e+00 	 1.320000e+03 	 8.400000e+02 	 2.000000e+00
15 	 191 	 Ey 	 1 	 1.483124e+00 	 1.560000e+03 	 8.400000e+02 	 2.000000e+00
15 	 192 	 Ey 	 1 	 1.020414e+00 	 1.800000e+03 	 8.400000e+02 	 2.000000e+00
15 	 193 	 Ey 	 1 	 2.973214e+00 	 -1.800000e+03 	 1.080000e+03 	 2.000000e+00
15 	 194 	 Ey 	 1 	 2.274675e+00 	 -1.560000e+03 	 1.080000e+03 	 2.000000e+00
15 	 195 	 Ey 	 1 	 2.164956e+00 	 -1.320000e+03 	 1.080000e+03 	 2.000000e+00
15 	 196 	 Ey 	 1 	 2.267210e+00 	 -1.080000e+03 	 1.080000e+03 	 2.000000e+00
15 	 197 	 Ey 	 1 	 8.230140e-01 	 -8.400000e+02 	 1.080000e+03 	 2.000000e+00
15 	 198 	 Ey 	 1 	 8.682133e-02 	 -6.000000e+02 	 1.080000e+03 	 2.000000e+00
15 	 199 	 Ey 	 1 	 8.452953e-01 	 -3.600000e+02 	 1.080000e+03 	 2.000000e+00
15 	 200 	 Ey 	 1 	 4.964006e-01 	 -1.200000e+02 	 1.080000e+03 	 2.000000e+00
15 	 201 	 Ey 	 1 	 1.795855e+00 	 1.200000e+02 	 1.080000e+03 	 2.000000e+00
15 	 202 	 Ey 	 1 	 0.000000e+00 	 3.600000e+02 	 1.080000e+03 	 2.000000e+00
15 	 203 	 Ey 	 1 	 0.000000e+00 	 6.000000e+02 	 1.080000e+03 	 2.000000e+00
15 	 204 	 Ey 	 1 	 1.041217e+00 	 8.400000e+02 	 1.080000e+03 	 2.000000e+00
15 	 205 	 Ey 	 1 	 9.184438e-01 	 1.080000e+03 	 1.080000e+03 	 2.000000e+00
15 	 206 	 Ey 	 1 	 1.442254e+00 	 1.320000e+03 	 1.080000e+03 	 2.000000e+00
15 	 207 	 Ey 	 1 	 1.001906e+00 	 1.560000e+03 	 1.080000e+03 	 2.000000e+00
15 	 208 	 Ey 	 1 	 4.738171e-01 	 1.800000e+03 	 1.080000e+03 	 2.000000e+00
15 	 209 	 Ey 	 1 	 2.396067e+00 	 -1.800000e+03 	 1.320000e+03 	 2.000000e+00
15 	 210 	 Ey 	 1 	 2.294912e+00 	 -1.560000e+03 	 1.320000e+03 	 2.000000e+00
15 	 211 	 Ey 	 1 	 6.835155e-01 	 -1.320000e+03 	 1.320000e+03 	 2.000000e+00
15 	 212 	 Ey 	 1 	 1.305037e+00 	 -1.080000e+03 	 1.320000e+03 	 2.000000e+00
15 	 213 	 Ey 	 1 	 6.804535e-01 	 -8.400000e+02 	 1.320000e+03 	 2.000000e+00
15 	 214 	 Ey 	 1 	 2.051224e-01 	 -6.000000e+02 	 1.320000e+03 	 2.000000e+00
15 	 215 	 Ey 	 1 	 7.888269e-01 	 -3.600000e+02 	 1.320000e+03 	 2.000000e+00
15 	 216 	 Ey 	 1 	 1.599761e+00 	 -1.200000e+02 	 1.320000e+03 	 2.000000e+00
15 	 217 	 Ey 	 1 	 0.000000e+00 	 1.200000e+02 	 1.320000e+03 	 2.000000e+00
15 	 218 	 Ey 	 1 	 0.000000e+00 	 3.600000e+02 	 1.320000e+03 	 2.000000e+00
15 	 219 	 Ey 	 1 	 0.000000e+00 	 6.000000e+02 	 1.320000e+03 	 2.000000e+00
15 	 220 	 Ey 	 1 	 0.000000e+00 	 8.400000e+02 	 1.320000e+03 	 2.000000e+00
15 	 221 	 Ey 	 1 	 5.430074e-01 	 1.080000e+03 	 1.320000e+03 	 2.000000e+00
15 	 222 	 Ey 	 1 	 2.200354e+00 	 1.320000e+03 	 1.320000e+03 	 2.000000e+00
15 	 223 	 Ey 	 1 	 9.757458e-01 	 1.560000e+03 	 1.320000e+03 	 2.000000e+00
15 	 224 	 Ey 	 1 	 1.657393e+00 	 1.800000e+03 	 1.320000e+03 	 2.000000e+00
15 	 225 	 Ey 	 1 	 1.521710e+00 	 -1.800000e+03 	 1.560000e+03 	 2.000000e+00
15 	 226 	 Ey 	 1 	 6.756377e-01 	 -1.560000e+03 	 1.560000e+03 	 2.000000e+00
15 	 227 	 Ey 	 1 	 6.654586e-01 	 -1.320000e+03 	 1.560000e+03 	 2.000000e+00
15 	 228 	 Ey 	 1 	 7.128879e-01 	 -1.080000e+03 	 1.560000e+03 	 2.000000e+00
15 	 229 	 Ey 	 1 	 1.637698e+00 	 -8.400000e+02 	 1.560000e+03 	 2.000000e+00
15 	 230 	 Ey 	 1 	 1.205510e+00 	 -6.000000e+02 	 1.560000e+03 	 2.000000e+00
15 	 231 	 Ey 	 1 	 1.061094e+00 	 -3.600000e+02 	 1.560000e+03 	 2.000000e+00
15 	 232 	 Ey 	 1 	 1.011280e+00 	 -1.200000e+02 	 1.560000e+03 	 2.000000e+00
15 	 233 	 Ey 	 1 	 0.000000e+00 	 1.200000e+02 	 1.560000e+03 	 2.000000e+00
15 	 234 	 Ey 	 1 	 0.000000e+00 	 3.600000e+02 	 1.560000e+03 	 2.000000e+00
15 	 235 	 Ey 	 1 	 0.000000e+00 	 6.000000e+02 	 1.560000e+03 	 2.000000e+00
15 	 236 	 Ey 	 1 	 0.000000e+00 	 8.400000e+02 	 1.560000e+03 	 2.000000e+00
15 	 237 	 Ey 	 1 	 0.000000e+00 	 1.080000e+03 	 1.560000e+03 	 2.000000e+00
15 	 238 	 Ey 	 1 	 1.811900e+00 	 1.320000e+03 	 1.560000e+03 	 2.000000e+00
15 	 239 	 Ey 	 1 	 1.255470e+00 	 1.560000e+03 	 1.560000e+03 	 2.000000e+00
15 	 240 	 Ey 	 1 	 5.213799e-01 	 1.800000e+03 	 1.560000e+03 	 2.000000e+00
15 	 241 	 Ey 	 1 	 8.946685e-01 	 -1.800000e+03 	 1.800000e+03 	 2.000000e+00
15 	 242 	 Ey 	 1 	 9.362125e-01 	 -1.560000e+03 	 1.800000e+03 	 2.000000e+00
15 	 243 	 Ey 	 1 	 1.198253e+00 	 -1.320000e+03 	 1.800000e+03 	 2.000000e+00
15 	 244 	 Ey 	 1 	 2.751124e+00 	 -1.080000e+03 	 1.800000e+03 	 2.000000e+00
15 	 245 	 Ey 	 1 	 4.721561e-01 	 -8.400000e+02 	 1.800000e+03 	 2.000000e+00
15 	 246 	 Ey 	 1 	 7.945862e-01 	 -6.000000e+02 	 1.800000e+03 	 2.000000e+00
15 	 247 	 Ey 	 1 	 8.984345e-01 	 -3.600000e+02 	 1.800000e+03 	 2.000000e+00
15 	 248 	 Ey 	 1 	 1.819367e+00 	 -1.200000e+02 	 1.800000e+03 	 2.000000e+00
15 	 249 	 Ey 	 1 	 0.000000e+00 	 1.200000e+02 	 1.800000e+03 	 2.000000e+00
15 	 250 	 Ey 	 1 	 0.000000e+00 	 3.600000e+02 	 1.800000e+03 	 2.000000e+00
15 	 251 	 Ey 	 1 	 0.000000e+00 	 6.000000e+02 	 1.800000e+03 	 2.000000e+00
15 	 252 	 Ey 	 1 	 0.000000e+00 	 8.400000e+02 	 1.800000e+03 	 2.000000e+00
15 	 253 	 Ey 	 1 	 0.000000e+00 	 1.080000e+03 	 1.800000e+03 	 2.000000e+00
15 	 254 	 Ey 	 1 	 1.245843e+00 	 1.320000e+03 	 1.800000e+03 	 2.000000e+00
15 	 255 	 Ey 	 1 	 8.430300e-01 	 1.560000e+03 	 1.800000e+03 	 2.000000e+00
15 	 256 	 Ey 	 1 	 1.205731e+00 	 1.800000e+03 	 1.800000e+03 	 2.000000e+00
15 	 1 	 Ey 	 2 	 2.830705e+00 	 -1.800000e+03 	 -1.800000e+03 	 2.000000e+00
15 	 2 	 Ey 	 2 	 1.573705e+00 	 -1.560000e+03 	 -1.800000e+03 	 2.000000e+00
15 	 3 	 Ey 	 2 	 2.604238e+00 	 -1.320000e+03 	 -1.800000e+03 	 2.000000e+00
15 	 4 	 Ey 	 2 	 4.716834e+00 	 -1.080000e+03 	 -1.800000e+03 	 2.000000e+00
15 	 5 	 Ey 	 2 	 6.590592e+00 	 -8.400000e+02 	 -1.800000e+03 	 2.000000e+00
15 	 6 	 Ey 	 2 	 6.427082e+00 	 -6.000000e+02 	 -1.800000e+03 	 2.000000e+00
15 	 7 	 Ey 	 2 	 7.515727e+00 	 -3.600000e+02 	 -1.800000e+03 	 2.000000e+00
15 	 8 	 Ey 	 2 	 6.830513e+00 	 -1.200000e+02 	 -1.800000e+03 	 2.000000e+00
15 	 9 	 Ey 	 2 	 3.907357e+00 	 1.200000e+02 	 -1.800000e+03 	 2.000000e+00
15 	 10 	 Ey 	 2 	 1.883545e+00 	 3.600000e+02 	 -1.800000e+03 	 2.000000e+00
15 	 11 	 Ey 	 2 	 8.752428e-01 	 6.000000e+02 	 -1.800000e+03 	 2.000000e+00
15 	 12 	 Ey 	 2 	 1.790530e+00 	 8.400000e+02 	 -1.800000e+03 	 2.000000e+00
15 	 13 	 Ey 	 2 	 3.712973e+00 	 1.080000e+03 	 -1.800000e+03 	 2.000000e+00
15 	 14 	 Ey 	 2 	 4.307448e+00 	 1.320000e+03 	 -1.800000e+03 	 2.000000e+00
15 	 15 	 Ey 	 2 	 4.423884e+00 	 1.560000e+03 	 -1.800000e+03 	 2.000000e+00
15 	 16 	 Ey 	 2 	 4.810167e+00 	 1.800000e+03 	 -1.800000e+03 	 2.000000e+00
15 	 17 	 Ey 	 2 	 9.001484e-01 	 -1.800000e+03 	 -1.560000e+03 	 2.000000e+00
15 	 18 	 Ey 	 2 	 3.655212e-01 	 -1.560000e+03 	 -1.560000e+03 	 2.000000e+00
15 	 19 	 Ey 	 2 	 3.159230e+00 	 -1.320000e+03 	 -1.560000e+03 	 2.000000e+00
15 	 20 	 Ey 	 2 	 4.021224e+00 	 -1.080000e+03 	 -1.560000e+03 	 2.000000e+00
15 	 21 	 Ey 	 2 	 5.619245e+00 	 -8.400000e+02 	 -1.560000e+03 	 2.000000e+00
15 	 22 	 Ey 	 2 	 5.975897e+00 	 -6.000000e+02 	 -1.560000e+03 	 2.000000e+00
15 	 23 	 Ey 	 2 	 6.937065e+00 	 -3.600000e+02 	 -1.560000e+03 	 2.000000e+00
15 	 24 	 Ey 	 2 	 6.119009e+00 	 -1.200000e+02 	 -1.560000e+03 	 2.000000e+00
15 	 25 	 Ey 	 2 	 3.860159e+00 	 1.200000e+02 	 -1.560000e+03 	 2.000000e+00
15 	 26 	 Ey 	 2 	 2.406775e+00 	 3.600000e+02 	 -1.560000e+03 	 2.000000e+00
15 	 27 	 Ey 	 2 	 1.362719e+00 	 6.000000e+02 	 -1.560000e+03 	 2.000000e+00
15 	 28 	 Ey 	 2 	 2.584422e+00 	 8.400000e+02 	 -1.560000e+03 	 2.000000e+00
15 	 29 	 Ey 	 2 	 4.352947e+00 	 1.080000e+03 	 -1.560000e+03 	 2.000000e+00
15 	 30 	 Ey 	 2 	 4.165230e+00 	 1.320000e+03 	 -1.560000e+03 	 2.000000e+00
15 	 31 	 Ey 	 2 	 3.894828e+00 	 1.560000e+03 	 -1.560000e+03 	 2.000000e+00
15 	 32 	 Ey 	 2 	 5.226634e+00 	 1.800000e+03 	 -1.560000e+03 	 2.000000e+00
15 	 33 	 Ey 	 2 	 2.748080e+00 	 -1.800000e+03 	 -1.320000e+03 	 2.000000e+00
15 	 34 	 Ey 	 2 	 1.099178e+00 	 -1.560000e+03 	 -1.320000e+03 	 2.000000e+00
15 	 35 	 Ey 	 2 	 1.964745e+00 	 -1.320000e+03 	 -1.320000e+03 	 2.000000e+00
15 	 36 	 Ey 	 2 	 3.114045e+00 	 -1.080000e+03 	 -1.320000e+03 	 2.000000e+00
15 	 37 	 Ey 	 2 	 3.246721e+00 	 -8.400000e+02 	 -1.320000e+03 	 2.000000e+00
15 	 38 	 Ey 	 2 	 6.807052e+00 	 -6.000000e+02 	 -1.320000e+03 	 2.000000e+00
15 	 39 	 Ey 	 2 	 7.003454e+00 	 -3.600000e+02 	 -1.320000e+03 	 2.000000e+00
15 	 40 	 Ey 	 2 	 5.448795e+00 	 -1.200000e+02 	 -1.320000e+03 	 2.000000e+00
15 	 41 	 Ey 	 2 	 4.457296e+00 	 1.200000e+02 	 -1.320000e+03 	 2.000000e+00
15 	 42 	 Ey 	 2 	 2.278869e+00 	 3.600000e+02 	 -1.320000e+03 	 2.000000e+00
15 	 43 	 Ey 	 2 	 4.461642e-01 	 6.000000e+02 	 -1.320000e+03 	 2.000000e+00
15 	 44 	 Ey 	 2 	 2.645726e+00 	 8.400000e+02 	 -1.320000e+03 	 2.000000e+00
15 	 45 	 Ey 	 2 	 4.766523e+00 	 1.080000e+03 	 -1.320000e+03 	 2.000000e+00
15 	 46 	 Ey 	 2 	 6.691251e+00 	 1.320000e+03 	 -1.320000e+03 	 2.000000e+00
15 	 47 	 Ey 	 2 	 4.692865e+00 	 1.560000e+03 	 -1.320000e+03 	 2.000000e+00
15 	 48 	 Ey 	 2 	 4.681985e+00 	 1.800000e+03 	 -1.320000e+03 	 2.000000e+00
15 	 49 	 Ey 	 2 	 3.769158e+00 	 -1.800000e+03 	 -1.080000e+03 	 2.000000e+00
15 	 50 	 Ey 	 2 	 2.554475e+00 	 -1.560000e+03 	 -1.080000e+03 	 2.000000e+00
15 	 51 	 Ey 	 2 	 2.902662e+00 	 -1.320000e+03 	 -1.080000e+03 	 2.000000e+00
15 	 52 	 Ey 	 2 	 1.194420e+00 	 -1.080000e+03 	 -1.080000e+03 	 2.000000e+00
15 	 53 	 Ey 	 2 	 2.086731e+00 	 -8.400000e+02 	 -1.080000e+03 	 2.000000e+00
15 	 54 	 Ey 	 2 	 3.936973e+00 	 -6.000000e+02 	 -1.080000e+03 	 2.000000e+00
15 	 55 	 Ey 	 2 	 4.237296e+00 	 -3.600000e+02 	 -1.080000e+03 	 2.000000e+00
15 	 56 	 Ey 	 2 	 4.579947e+00 	 -1.200000e+02 	 -1.080000e+03 	 2.000000e+00
15 	 57 	 Ey 	 2 	 2.520402e+00 	 1.200000e+02 	 -1.080000e+03 	 2.000000e+00
15 	 58 	 Ey 	 2 	 9.403898e-01 	 3.600000e+02 	 -1.080000e+03 	 2.000000e+00
15 	 59 	 Ey 	 2 	 1.381089e+00 	 6.000000e+02 	 -1.080000e+03 	 2.000000e+00
15 	 60 	 Ey 	 2 	 3.281325e+00 	 8.400000e+02 	 -1.080000e+03 	 2.000000e+00
15 	 61 	 Ey 	 2 	 5.419189e+00 	 1.080000e+03 	 -1.080000e+03 	 2.000000e+00
15 	 62 	 Ey 	 2 	 5.827166e+00 	 1.320000e+03 	 -1.080000e+03 	 2.000000e+00
15 	 63 	 Ey 	 2 	 5.247753e+00 	 1.560000e+03 	 -1.080000e+03 	 2.000000e+00
15 	 64 	 Ey 	 2 	 5.380464e+00 	 1.800000e+03 	 -1.080000e+03 	 2.000000e+00
15 	 65 	 Ey 	 2 	 5.870296e+00 	 -1.800000e+03 	 -8.400000e+02 	 2.000000e+00
15 	 66 	 Ey 	 2 	 5.739256e+00 	 -1.560000e+03 	 -8.400000e+02 	 2.000000e+00
15 	 67 	 Ey 	 2 	 5.031892e+00 	 -1.320000e+03 	 -8.400000e+02 	 2.000000e+00
15 	 68 	 Ey 	 2 	 4.529623e+00 	 -1.080000e+03 	 -8.400000e+02 	 2.000000e+00
15 	 69 	 Ey 	 2 	 2.020931e+00 	 -8.400000e+02 	 -8.400000e+02 	 2.000000e+00
15 	 70 	 Ey 	 2 	 1.633714e+00 	 -6.000000e+02 	 -8.400000e+02 	 2.000000e+00
15 	 71 	 Ey 	 2 	 3.335122e+00 	 -3.600000e+02 	 -8.400000e+02 	 2.000000e+00
15 	 72 	 Ey 	 2 	 3.141263e+00 	 -1.200000e+02 	 -8.400000e+02 	 2.000000e+00
15 	 73 	 Ey 	 2 	 9.868252e-01 	 1.200000e+02 	 -8.400000e+02 	 2.000000e+00
15 	 74 	 Ey 	 2 	 2.215998e+00 	 3.600000e+02 	 -8.400000e+02 	 2.000000e+00
15 	 75 	 Ey 	 2 	 1.820578e+00 	 6.000000e+02 	 -8.400000e+02 	 2.000000e+00
15 	 76 	 Ey 	 2 	 2.356467e+00 	 8.400000e+02 	 -8.400000e+02 	 2.000000e+00
15 	 77 	 Ey 	 2 	 5.191602e+00 	 1.080000e+03 	 -8.400000e+02 	 2.000000e+00
15 	 78 	 Ey 	 2 	 5.005302e+00 	 1.320000e+03 	 -8.400000e+02 	 2.000000e+00
15 	 79 	 Ey 	 2 	 5.372795e+00 	 1.560000e+03 	 -8.400000e+02 	 2.000000e+00
15 	 80 	 Ey 	 2 	 5.859970e+00 	 1.800000e+03 	 -8.400000e+02 	 2.000000e+00
15 	 81 	 Ey 	 2 	 6.414766e+00 	 -1.800000e+03 	 -6.000000e+02 	 2.000000e+00
15 	 82 	 Ey 	 2 	 6.590267e+00 	 -1.560000e+03 	 -6.000000e+02 	 2.000000e+00
15 	 83 	 Ey 	 2 	 6.986759e+00 	 -1.320000e+03 	 -6.000000e+02 	 2.000000e+00
15 	 84 	 Ey 	 2 	 7.352620e+00 	 -1.080000e+03 	 -6.000000e+02 	 2.000000e+00
15 	 85 	 Ey 	 2 	 5.340839e+00 	 -8.400000e+02 	 -6.000000e+02 	 2.000000e+00
15 	 86 	 Ey 	 2 	 4.696542e+00 	 -6.000000e+02 	 -6.000000e+02 	 2.000000e+00
15 	 87 	 Ey 	 2 	 9.508952e-01 	 -3.600000e+02 	 -6.000000e+02 	 2.000000e+00
15 	 88 	 Ey 	 2 	 2.311248e+00 	 -1.200000e+02 	 -6.000000e+02 	 2.000000e+00
15 	 89 	 Ey 	 2 	 7.841199e-01 	 1.200000e+02 	 -6.000000e+02 	 2.000000e+00
15 	 90 	 Ey 	 2 	 1.945572e+00 	 3.600000e+02 	 -6.000000e+02 	 2.000000e+00
15 	 91 	 Ey 	 2 	 2.310141e+00 	 6.000000e+02 	 -6.000000e+02 	 2.000000e+00
15 	 92 	 Ey 	 2 	 5.446681e+00 	 8.400000e+02 	 -6.000000e+02 	 2.000000e+00
15 	 93 	 Ey 	 2 	 5.086178e+00 	 1.080000e+03 	 -6.000000e+02 	 2.000000e+00
15 	 94 	 Ey 	 2 	 5.947554e+00 	 1.320000e+03 	 -6.000000e+02 	 2.000000e+00
15 	 95 	 Ey 	 2 	 4.557137e+00 	 1.560000e+03 	 -6.000000e+02 	 2.000000e+00
15 	 96 	 Ey 	 2 	 4.590444e+00 	 1.800000e+03 	 -6.000000e+02 	 2.000000e+00
15 	 97 	 Ey 	 2 	 7.665425e+00 	 -1.800000e+03 	 -3.600000e+02 	 2.000000e+00
15 	 98 	 Ey 	 2 	 8.664504e+00 	 -1.560000e+03 	 -3.600000e+02 	 2.000000e+00
15 	 99 	 Ey 	 2 	 9.372310e+00 	 -1.320000e+03 	 -3.600000e+02 	 2.000000e+00
15 	 100 	 Ey 	 2 	 8.533413e+00 	 -1.080000e+03 	 -3.600000e+02 	 2.000000e+00
15 	 101 	 Ey 	 2 	 7.335388e+00 	 -8.400000e+02 	 -3.600000e+02 	 2.000000e+00
15 	 102 	 Ey 	 2 	 6.549457e+00 	 -6.000000e+02 	 -3.600000e+02 	 2.000000e+00
15 	 103 	 Ey 	 2 	 3.983040e+00 	 -3.600000e+02 	 -3.600000e+02 	 2.000000e+00
15 	 104 	 Ey 	 2 	 3.083541e+00 	 -1.200000e+02 	 -3.600000e+02 	 2.000000e+00
15 	 105 	 Ey 	 2 	 2.662858e+00 	 1.200000e+02 	 -3.600000e+02 	 2.000000e+00
15 	 106 	 Ey 	 2 	 2.168993e+00 	 3.600000e+02 	 -3.600000e+02 	 2.000000e+00
15 	 107 	 Ey 	 2 	 2.276851e+00 	 6.000000e+02 	 -3.600000e+02 	 2.000000e+00
15 	 108 	 Ey 	 2 	 4.692482e+00 	 8.400000e+02 	 -3.600000e+02 	 2.000000e+00
15 	 109 	 Ey 	 2 	 3.818622e+00 	 1.080000e+03 	 -3.600000e+02 	 2.000000e+00
15 	 110 	 Ey 	 2 	 6.269350e+00 	 1.320000e+03 	 -3.600000e+02 	 2.000000e+00
15 	 111 	 Ey 	 2 	 4.131486e+00 	 1.560000e+03 	 -3.600000e+02 	 2.000000e+00
15 	 112 	 Ey 	 2 	 4.756309e+00 	 1.800000e+03 	 -3.600000e+02 	 2.000000e+00
15 	 113 	 Ey 	 2 	 9.361060e+00 	 -1.800000e+03 	 -1.200000e+02 	 2.000000e+00
15 	 114 	 Ey 	 2 	 9.606306e+00 	 -1.560000e+03 	 -1.200000e+02 	 2.000000e+00
15 	 115 	 Ey 	 2 	 1.016670e+01 	 -1.320000e+03 	 -1.200000e+02 	 2.000000e+00
15 	 116 	 Ey 	 2 	 9.962502e+00 	 -1.080000e+03 	 -1.200000e+02 	 2.000000e+00
15 	 117 	 Ey 	 2 	 9.160162e+00 	 -8.400000e+02 	 -1.200000e+02 	 2.000000e+00
15 	 118 	 Ey 	 2 	 8.020301e+00 	 -6.000000e+02 	 -1.200000e+02 	 2.000000e+00
15 	 119 	 Ey 	 2 	 6.326453e+00 	 -3.600000e+02 	 -1.200000e+02 	 2.000000e+00
15 	 120 	 Ey 	 2 	 4.160849e+00 	 -1.200000e+02 	 -1.200000e+02 	 2.000000e+00
15 	 121 	 Ey 	 2 	 2.589374e+00 	 1.200000e+02 	 -1.200000e+02 	 2.000000e+00
15 	 122 	 Ey 	 2 	 2.278996e+00 	 3.600000e+02 	 -1.200000e+02 	 2.000000e+00
15 	 123 	 Ey 	 2 	 3.579858e+00 	 6.000000e+02 	 -1.200000e+02 	 2.000000e+00
15 	 124 	 Ey 	 2 	 3.612617e+00 	 8.400000e+02 	 -1.200000e+02 	 2.000000e+00
15 	 125 	 Ey 	 2 	 3.135737e+00 	 1.080000e+03 	 -1.200000e+02 	 2.000000e+00
15 	 126 	 Ey 	 2 	 5.394131e+00 	 1.320000e+03 	 -1.200000e+02 	 2.000000e+00
15 	 127 	 Ey 	 2 	 4.047636e+00 	 1.560000e+03 	 -1.200000e+02 	 2.000000e+00
15 	 128 	 Ey 	 2 	 2.792783e+00 	 1.800000e+03 	 -1.200000e+02 	 2.000000e+00
15 	 129 	 Ey 	 2 	 1.059445e+01 	 -1.800000e+03 	 1.200000e+02 	 2.000000e+00
15 	 130 	 Ey 	 2 	 8.729322e+00 	 -1.560000e+03 	 1.200000e+02 	 2.000000e+00
15 	 131 	 Ey 	 2 	 1.107581e+01 	 -1.320000e+03 	 1.200000e+02 	 2.000000e+00
15 	 132 	 Ey 	 2 	 9.947380e+00 	 -1.080000e+03 	 1.200000e+02 	 2.000000e+00
15 	 133 	 Ey 	 2 	 1.053188e+01 	 -8.400000e+02 	 1.200000e+02 	 2.000000e+00
15 	 134 	 Ey 	 2 	 9.662198e+00 	 -6.000000e+02 	 1.200000e+02 	 2.000000e+00
15 	 135 	 Ey 	 2 	 6.672097e+00 	 -3.600000e+02 	 1.200000e+02 	 2.000000e+00
15 	 136 	 Ey 	 2 	 4.954971e+00 	 -1.200000e+02 	 1.200000e+02 	 2.000000e+00
15 	 137 	 Ey 	 2 	 3.223516e+00 	 1.200000e+02 	 1.200000e+02 	 2.000000e+00
15 	 138 	 Ey 	 2 	 2.121645e+00 	 3.600000e+02 	 1.200000e+02 	 2.000000e+00
15 	 139 	 Ey 	 2 	 2.322738e+00 	 6.000000e+02 	 1.200000e+02 	 2.000000e+00
15 	 140 	 Ey 	 2 	 3.184387e+00 	 8.400000e+02 	 1.200000e+02 	 2.000000e+00
15 	 141 	 Ey 	 2 	 4.151614e+00 	 1.080000e+03 	 1.200000e+02 	 2.000000e+00
15 	 142 	 Ey 	 2 	 4.050525e+00 	 1.320000e+03 	 1.200000e+02 	 2.000000e+00
15 	 143 	 Ey 	 2 	 3.326895e+00 	 1.560000e+03 	 1.200000e+02 	 2.000000e+00
15 	 144 	 Ey 	 2 	 2.306683e+00 	 1.800000e+03 	 1.200000e+02 	 2.000000e+00
15 	 145 	 Ey 	 2 	 1.102136e+01 	 -1.800000e+03 	 3.600000e+02 	 2.000000e+00
15 	 146 	 Ey 	 2 	 1.008893e+01 	 -1.560000e+03 	 3.600000e+02 	 2.000000e+00
15 	 147 	 Ey 	 2 	 9.804093e+00 	 -1.320000e+03 	 3.600000e+02 	 2.000000e+00
15 	 148 	 Ey 	 2 	 1.055103e+01 	 -1.080000e+03 	 3.600000e+02 	 2.000000e+00
15 	 149 	 Ey 	 2 	 1.084601e+01 	 -8.400000e+02 	 3.600000e+02 	 2.000000e+00
15 	 150 	 Ey 	 2 	 8.976799e+00 	 -6.000000e+02 	 3.600000e+02 	 2.000000e+00
15 	 151 	 Ey 	 2 	 8.566606e+00 	 -3.600000e+02 	 3.600000e+02 	 2.000000e+00
15 	 152 	 Ey 	 2 	 5.063280e+00 	 -1.200000e+02 	 3.600000e+02 	 2.000000e+00
15 	 153 	 Ey 	 2 	 1.336314e+00 	 1.200000e+02 	 3.600000e+02 	 2.000000e+00
15 	 154 	 Ey 	 2 	 1.409555e+00 	 3.600000e+02 	 3.600000e+02 	 2.000000e+00
15 	 155 	 Ey 	 2 	 1.319798e+00 	 6.000000e+02 	 3.600000e+02 	 2.000000e+00
15 	 156 	 Ey 	 2 	 2.255228e+00 	 8.400000e+02 	 3.600000e+02 	 2.000000e+00
15 	 157 	 Ey 	 2 	 2.369772e+00 	 1.080000e+03 	 3.600000e+02 	 2.000000e+00
15 	 158 	 Ey 	 2 	 1.781849e+00 	 1.320000e+03 	 3.600000e+02 	 2.000000e+00
15 	 159 	 Ey 	 2 	 1.045326e+00 	 1.560000e+03 	 3.600000e+02 	 2.000000e+00
15 	 160 	 Ey 	 2 	 2.265631e+00 	 1.800000e+03 	 3.600000e+02 	 2.000000e+00
15 	 161 	 Ey 	 2 	 9.511243e+00 	 -1.800000e+03 	 6.000000e+02 	 2.000000e+00
15 	 162 	 Ey 	 2 	 8.360200e+00 	 -1.560000e+03 	 6.000000e+02 	 2.000000e+00
15 	 163 	 Ey 	 2 	 7.822336e+00 	 -1.320000e+03 	 6.000000e+02 	 2.000000e+00
15 	 164 	 Ey 	 2 	 7.308712e+00 	 -1.080000e+03 	 6.000000e+02 	 2.000000e+00
15 	 165 	 Ey 	 2 	 7.415700e+00 	 -8.400000e+02 	 6.000000e+02 	 2.000000e+00
15 	 166 	 Ey 	 2 	 7.798745e+00 	 -6.000000e+02 	 6.000000e+02 	 2.000000e+00
15 	 167 	 Ey 	 2 	 6.688601e+00 	 -3.600000e+02 	 6.000000e+02 	 2.000000e+00
15 	 168 	 Ey 	 2 	 3.199334e+00 	 -1.200000e+02 	 6.000000e+02 	 2.000000e+00
15 	 169 	 Ey 	 2 	 7.243148e-01 	 1.200000e+02 	 6.000000e+02 	 2.000000e+00
15 	 170 	 Ey 	 2 	 1.260952e+00 	 3.600000e+02 	 6.000000e+02 	 2.000000e+00
15 	 171 	 Ey 	 2 	 2.523610e+00 	 6.000000e+02 	 6.000000e+02 	 2.000000e+00
15 	 172 	 Ey 	 2 	 1.138385e+00 	 8.400000e+02 	 6.000000e+02 	 2.000000e+00
15 	 173 	 Ey 	 2 	 1.398024e+00 	 1.080000e+03 	 6.000000e+02 	 2.000000e+00
15 	 174 	 Ey 	 2 	 1.789119e+00 	 1.320000e+03 	 6.000000e+02 	 2.000000e+00
15 	 175 	 Ey 	 2 	 1.084224e+00 	 1.560000e+03 	 6.000000e+02 	 2.000000e+00
15 	 176 	 Ey 	 2 	 1.410938e+00 	 1.800000e+03 	 6.000000e+02 	 2.000000e+00
15 	 177 	 Ey 	 2 	 9.040690e+00 	 -1.800000e+03 	 8.400000e+02 	 2.000000e+00
15 	 178 	 Ey 	 2 	 5.883389e+00 	 -1.560000e+03 	 8.400000e+02 	 2.000000e+00
15 	 179 	 Ey 	 2 	 5.350619e+00 	 -1.320000e+03 	 8.400000e+02 	 2.000000e+00
15 	 180 	 Ey 	 2 	 5.199262e+00 	 -1.080000e+03 	 8.400000e+02 	 2.000000e+00
15 	 181 	 Ey 	 2 	 4.695224e+00 	 -8.400000e+02 	 8.400000e+02 	 2.000000e+00
15 	 182 	 Ey 	 2 	 3.852114e+00 	 -6.000000e+02 	 8.400000e+02 	 2.000000e+00
15 	 183 	 Ey 	 2 	 1.863988e+00 	 -3.600000e+02 	 8.400000e+02 	 2.000000e+00
15 	 184 	 Ey 	 2 	 2.255881e+00 	 -1.200000e+02 	 8.400000e+02 	 2.000000e+00
15 	 185 	 Ey 	 2 	 1.310999e+00 	 1.200000e+02 	 8.400000e+02 	 2.000000e+00
15 	 186 	 Ey 	 2 	 1.018200e+00 	 3.600000e+02 	 8.400000e+02 	 2.000000e+00
15 	 187 	 Ey 	 2 	 1.538786e+00 	 6.000000e+02 	 8.400000e+02 	 2.000000e+00
15 	 188 	 Ey 	 2 	 5.881197e-01 	 8.400000e+02 	 8.400000e+02 	 2.000000e+00
15 	 189 	 Ey 	 2 	 1.094144e+00 	 1.080000e+03 	 8.400000e+02 	 2.000000e+00
15 	 190 	 Ey 	 2 	 3.795508e-01 	 1.320000e+03 	 8.400000e+02 	 2.000000e+00
15 	 191 	 Ey 	 2 	 9.026681e-01 	 1.560000e+03 	 8.400000e+02 	 2.000000e+00
15 	 192 	 Ey 	 2 	 1.777070e+00 	 1.800000e+03 	 8.400000e+02 	 2.000000e+00
15 	 193 	 Ey 	 2 	 5.587755e+00 	 -1.800000e+03 	 1.080000e+03 	 2.000000e+00
15 	 194 	 Ey 	 2 	 5.071754e+00 	 -1.560000e+03 	 1.080000e+03 	 2.000000e+00
15 	 195 	 Ey 	 2 	 4.029198e+00 	 -1.320000e+03 	 1.080000e+03 	 2.000000e+00
15 	 196 	 Ey 	 2 	 2.229513e+00 	 -1.080000e+03 	 1.080000e+03 	 2.000000e+00
15 	 197 	 Ey 	 2 	 2.543536e+00 	 -8.400000e+02 	 1.080000e+03 	 2.000000e+00
15 	 198 	 Ey 	 2 	 1.105800e+00 	 -6.000000e+02 	 1.080000e+03 	 2.000000e+00
15 	 199 	 Ey 	 2 	 1.794144e+00 	 -3.600000e+02 	 1.080000e+03 	 2.000000e+00
15 	 200 	 Ey 	 2 	 1.566285e+00 	 -1.200000e+02 	 1.080000e+03 	 2.000000e+00
15 	 201 	 Ey 	 2 	 6.978918e-01 	 1.200000e+02 	 1.080000e+03 	 2.000000e+00
15 	 202 	 Ey 	 2 	 0.000000e+00 	 3.600000e+02 	 1.080000e+03 	 2.000000e+00
15 	 203 	 Ey 	 2 	 0.000000e+00 	 6.000000e+02 	 1.080000e+03 	 2.000000e+00
15 	 204 	 Ey 	 2 	 4.045674e-01 	 8.400000e+02 	 1.080000e+03 	 2.000000e+00
15 	 205 	 Ey 	 2 	 1.056116e+00 	 1.080000e+03 	 1.080000e+03 	 2.000000e+00
15 	 206 	 Ey 	 2 	 6.294420e-01 	 1.320000e+03 	 1.080000e+03 	 2.000000e+00
15 	 207 	 Ey 	 2 	 1.012343e+00 	 1.560000e+03 	 1.080000e+03 	 2.000000e+00
15 	 208 	 Ey 	 2 	 6.614623e-01 	 1.800000e+03 	 1.080000e+03 	 2.000000e+00
15 	 209 	 Ey 	 2 	 4.085194e+00 	 -1.800000e+03 	 1.320000e+03 	 2.000000e+00
15 	 210 	 Ey 	 2 	 3.695565e+00 	 -1.560000e+03 	 1.320000e+03 	 2.000000e+00
15 	 211 	 Ey 	 2 	 3.063653e+00 	 -1.320000e+03 	 1.320000e+03 	 2.000000e+00
15 	 212 	 Ey 	 2 	 1.917816e+00 	 -1.080000e+03 	 1.320000e+03 	 2.000000e+00
15 	 213 	 Ey 	 2 	 8.593867e-01 	 -8.400000e+02 	 1.320000e+03 	 2.000000e+00
15 	 214 	 Ey 	 2 	 3.141130e+00 	 -6.000000e+02 	 1.320000e+03 	 2.000000e+00
15 	 215 	 Ey 	 2 	 1.998423e+00 	 -3.600000e+02 	 1.320000e+03 	 2.000000e+00
15 	 216 	 Ey 	 2 	 1.686710e+00 	 -1.200000e+02 	 1.320000e+03 	 2.000000e+00
15 	 217 	 Ey 	 2 	 0.000000e+00 	 1.200000e+02 	 1.320000e+03 	 2.000000e+00
15 	 218 	 Ey 	 2 	 0.000000e+00 	 3.600000e+02 	 1.320000e+03 	 2.000000e+00
15 	 219 	 Ey 	 2 	 0.000000e+00 	 6.000000e+02 	 1.320000e+03 	 2.000000e+00
15 	 220 	 Ey 	 2 	 0.000000e+00 	 8.400000e+02 	 1.320000e+03 	 2.000000e+00
15 	 221 	 Ey 	 2 	 6.938077e-01 	 1.080000e+03 	 1.320000e+03 	 2.000000e+00
15 	 222 	 Ey 	 2 	 5.167629e-01 	 1.320000e+03 	 1.320000e+03 	 2.000000e+00
15 	 223 	 Ey 	 2 	 5.322782e-01 	 1.560000e+03 	 1.320000e+03 	 2.000000e+00
15 	 224 	 Ey 	 2 	 1.275735e+00 	 1.800000e+03 	 1.320000e+03 	 2.000000e+00
15 	 225 	 Ey 	 2 	 2.475708e+00 	 -1.800000e+03 	 1.560000e+03 	 2.000000e+00
15 	 226 	 Ey 	 2 	 1.681627e+00 	 -1.560000e+03 	 1.560000e+03 	 2.000000e+00
15 	 227 	 Ey 	 2 	 1.946538e+00 	 -1.320000e+03 	 1.560000e+03 	 2.000000e+00
15 	 228 	 Ey 	 2 	 1.399436e+00 	 -1.080000e+03 	 1.560000e+03 	 2.000000e+00
15 	 229 	 Ey 	 2 	 1.006193e+00 	 -8.400000e+02 	 1.560000e+03 	 2.000000e+00
15 	 230 	 Ey 	 2 	 1.398081e+00 	 -6.000000e+02 	 1.560000e+03 	 2.000000e+00
15 	 231 	 Ey 	 2 	 1.779696e-01 	 -3.600000e+02 	 1.560000e+03 	 2.000000e+00
15 	 232 	 Ey 	 2 	 3.183803e-01 	 -1.200000e+02 	 1.560000e+03 	 2.000000e+00
15 	 233 	 Ey 	 2 	 0.000000e+00 	 1.200000e+02 	 1.560000e+03 	 2.000000e+00
15 	 234 	 Ey 	 2 	 0.000000e+00 	 3.600000e+02 	 1.560000e+03 	 2.000000e+00
15 	 235 	 Ey 	 2 	 0.000000e+00 	 6.000000e+02 	 1.560000e+03 	 2.000000e+00
15 	 236 	 Ey 	 2 	 0.000000e+00 	 8.400000e+02 	 1.560000e+03 	 2.000000e+00
15 	 237 	 Ey 	 2 	 0.000000e+00 	 1.080000e+03 	 1.560000e+03 	 2.000000e+00
15 	 238 	 Ey 	 2 	 9.609442e-01 	 1.320000e+03 	 1.560000e+03 	 2.000000e+00
15 	 239 	 Ey 	 2 	 7.955084e-01 	 1.560000e+03 	 1.560000e+03 	 2.000000e+00
15 	 240 	 Ey 	 2 	 7.795677e-01 	 1.800000e+03 	 1.560000e+03 	 2.000000e+00
15 	 241 	 Ey 	 2 	 1.832855e+00 	 -1.800000e+03 	 1.800000e+03 	 2.000000e+00
15 	 242 	 Ey 	 2 	 2.355536e+00 	 -1.560000e+03 	 1.800000e+03 	 2.000000e+00
15 	 243 	 Ey 	 2 	 6.349453e-01 	 -1.320000e+03 	 1.800000e+03 	 2.000000e+00
15 	 244 	 Ey 	 2 	 1.672273e+00 	 -1.080000e+03 	 1.800000e+03 	 2.000000e+00
15 	 245 	 Ey 	 2 	 1.042597e+00 	 -8.400000e+02 	 1.800000e+03 	 2.000000e+00
15 	 246 	 Ey 	 2 	 3.704807e-01 	 -6.000000e+02 	 1.800000e+03 	 2.000000e+00
15 	 247 	 Ey 	 2 	 1.215946e+00 	 -3.600000e+02 	 1.800000e+03 	 2.000000e+00
15 	 248 	 Ey 	 2 	 7.339267e-01 	 -1.200000e+02 	 1.800000e+03 	 2.000000e+00
15 	 249 	 Ey 	 2 	 0.000000e+00 	 1.200000e+02 	 1.800000e+03 	 2.000000e+00
15 	 250 	 Ey 	 2 	 0.000000e+00 	 3.600000e+02 	 1.800000e+03 	 2.000000e+00
15 	 251 	 Ey 	 2 	 0.000000e+00 	 6.000000e+02 	 1.800000e+03 	 2.000000e+00
15 	 252 	 Ey 	 2 	 0.000000e+00 	 8.400000e+02 	 1.800000e+03 	 2.000000e+00
15 	 253 	 Ey 	 2 	 0.000000e+00 	 1.080000e+03 	 1.800000e+03 	 2.000000e+00
15 	 254 	 Ey 	 2 	 1.213026e+00 	 1.320000e+03 	 1.800000e+03 	 2.000000e+00
15 	 255 	 Ey 	 2 	 2.595265e-01 	 1.560000e+03 	 1.800000e+03 	 2.000000e+00
15 	 256 	 Ey 	 2 	 8.844768e-01 	 1.800000e+03 	 1.800000e+03 	 2.000000e+00
