iTx 	 iRx    chrec  ifreq 	 emf_real 	 emf_imag
12 	 1 	 Ex 	 1 	 1.611580e-12 	 5.719642e-12
12 	 2 	 Ex 	 1 	 1.355221e-12 	 6.802355e-12
12 	 3 	 Ex 	 1 	 6.954389e-13 	 7.874757e-12
12 	 4 	 Ex 	 1 	 -6.012210e-13 	 8.990087e-12
12 	 5 	 Ex 	 1 	 -2.747123e-12 	 1.036087e-11
12 	 6 	 Ex 	 1 	 -5.905266e-12 	 1.213404e-11
12 	 7 	 Ex 	 1 	 -1.028749e-11 	 1.435947e-11
12 	 8 	 Ex 	 1 	 -1.618573e-11 	 1.688639e-11
12 	 9 	 Ex 	 1 	 -2.403701e-11 	 1.950283e-11
12 	 10 	 Ex 	 1 	 -3.408365e-11 	 2.191259e-11
12 	 11 	 Ex 	 1 	 -4.610334e-11 	 2.392418e-11
12 	 12 	 Ex 	 1 	 -5.906677e-11 	 2.542149e-11
12 	 13 	 Ex 	 1 	 -7.118820e-11 	 2.637893e-11
12 	 14 	 Ex 	 1 	 -8.027596e-11 	 2.681836e-11
12 	 15 	 Ex 	 1 	 -1.052451e-10 	 2.675610e-11
12 	 16 	 Ex 	 1 	 -8.276368e-11 	 2.628026e-11
12 	 17 	 Ex 	 1 	 4.298903e-12 	 6.531192e-12
12 	 18 	 Ex 	 1 	 4.746818e-12 	 7.663654e-12
12 	 19 	 Ex 	 1 	 4.787210e-12 	 8.909535e-12
12 	 20 	 Ex 	 1 	 4.151195e-12 	 1.016232e-11
12 	 21 	 Ex 	 1 	 2.623489e-12 	 1.161746e-11
12 	 22 	 Ex 	 1 	 1.153837e-13 	 1.368218e-11
12 	 23 	 Ex 	 1 	 -3.658079e-12 	 1.659385e-11
12 	 24 	 Ex 	 1 	 -9.436471e-12 	 2.019910e-11
12 	 25 	 Ex 	 1 	 -1.839089e-11 	 2.395160e-11
12 	 26 	 Ex 	 1 	 -3.161067e-11 	 2.720294e-11
12 	 27 	 Ex 	 1 	 -4.918726e-11 	 2.973116e-11
12 	 28 	 Ex 	 1 	 -6.947923e-11 	 3.148633e-11
12 	 29 	 Ex 	 1 	 -8.922332e-11 	 3.253571e-11
12 	 30 	 Ex 	 1 	 -1.044264e-10 	 3.298696e-11
12 	 31 	 Ex 	 1 	 -1.371663e-10 	 3.286317e-11
12 	 32 	 Ex 	 1 	 -1.084733e-10 	 3.221173e-11
12 	 33 	 Ex 	 1 	 7.379794e-12 	 7.381711e-12
12 	 34 	 Ex 	 1 	 8.728861e-12 	 8.619890e-12
12 	 35 	 Ex 	 1 	 9.787160e-12 	 9.963876e-12
12 	 36 	 Ex 	 1 	 1.015918e-11 	 1.129110e-11
12 	 37 	 Ex 	 1 	 9.735568e-12 	 1.278144e-11
12 	 38 	 Ex 	 1 	 8.901580e-12 	 1.513781e-11
12 	 39 	 Ex 	 1 	 7.518847e-12 	 1.900593e-11
12 	 40 	 Ex 	 1 	 4.095489e-12 	 2.429425e-11
12 	 41 	 Ex 	 1 	 -4.535327e-12 	 2.978203e-11
12 	 42 	 Ex 	 1 	 -2.184256e-11 	 3.411205e-11
12 	 43 	 Ex 	 1 	 -4.875852e-11 	 3.710258e-11
12 	 44 	 Ex 	 1 	 -8.224881e-11 	 3.905870e-11
12 	 45 	 Ex 	 1 	 -1.159048e-10 	 4.018903e-11
12 	 46 	 Ex 	 1 	 -1.422403e-10 	 4.066152e-11
12 	 47 	 Ex 	 1 	 -1.869723e-10 	 4.059456e-11
12 	 48 	 Ex 	 1 	 -1.483234e-10 	 3.981381e-11
12 	 49 	 Ex 	 1 	 1.067493e-11 	 8.190044e-12
12 	 50 	 Ex 	 1 	 1.302122e-11 	 9.627066e-12
12 	 51 	 Ex 	 1 	 1.529442e-11 	 1.097874e-11
12 	 52 	 Ex 	 1 	 1.695664e-11 	 1.224454e-11
12 	 53 	 Ex 	 1 	 1.827804e-11 	 1.367848e-11
12 	 54 	 Ex 	 1 	 2.080491e-11 	 1.645198e-11
12 	 55 	 Ex 	 1 	 2.525224e-11 	 2.168902e-11
12 	 56 	 Ex 	 1 	 2.944862e-11 	 2.949176e-11
12 	 57 	 Ex 	 1 	 2.542004e-11 	 3.759448e-11
12 	 58 	 Ex 	 1 	 3.290093e-12 	 4.312957e-11
12 	 59 	 Ex 	 1 	 -3.935108e-11 	 4.638242e-11
12 	 60 	 Ex 	 1 	 -9.695494e-11 	 4.836884e-11
12 	 61 	 Ex 	 1 	 -1.566267e-10 	 4.956332e-11
12 	 62 	 Ex 	 1 	 -2.044042e-10 	 5.039179e-11
12 	 63 	 Ex 	 1 	 -2.692419e-10 	 5.066961e-11
12 	 64 	 Ex 	 1 	 -2.131932e-10 	 4.984572e-11
12 	 65 	 Ex 	 1 	 1.395235e-11 	 8.877651e-12
12 	 66 	 Ex 	 1 	 1.724981e-11 	 1.050818e-11
12 	 67 	 Ex 	 1 	 2.068058e-11 	 1.186128e-11
12 	 68 	 Ex 	 1 	 2.375994e-11 	 1.291848e-11
12 	 69 	 Ex 	 1 	 2.771935e-11 	 1.429363e-11
12 	 70 	 Ex 	 1 	 3.594007e-11 	 1.775676e-11
12 	 71 	 Ex 	 1 	 5.105156e-11 	 2.482196e-11
12 	 72 	 Ex 	 1 	 7.129337e-11 	 3.597025e-11
12 	 73 	 Ex 	 1 	 8.018409e-11 	 4.750438e-11
12 	 74 	 Ex 	 1 	 5.519454e-11 	 5.432071e-11
12 	 75 	 Ex 	 1 	 -9.003841e-12 	 5.766657e-11
12 	 76 	 Ex 	 1 	 -1.059438e-10 	 5.967669e-11
12 	 77 	 Ex 	 1 	 -2.148727e-10 	 6.133773e-11
12 	 78 	 Ex 	 1 	 -3.096151e-10 	 6.324895e-11
12 	 79 	 Ex 	 1 	 -4.144705e-10 	 6.442721e-11
12 	 80 	 Ex 	 1 	 -3.251819e-10 	 6.356084e-11
12 	 81 	 Ex 	 1 	 1.701792e-11 	 9.432871e-12
12 	 82 	 Ex 	 1 	 2.118611e-11 	 1.116986e-11
12 	 83 	 Ex 	 1 	 2.568488e-11 	 1.252011e-11
12 	 84 	 Ex 	 1 	 3.045485e-11 	 1.337731e-11
12 	 85 	 Ex 	 1 	 3.809797e-11 	 1.482275e-11
12 	 86 	 Ex 	 1 	 5.435007e-11 	 1.917569e-11
12 	 87 	 Ex 	 1 	 8.498588e-11 	 2.835895e-11
12 	 88 	 Ex 	 1 	 1.302243e-10 	 4.320144e-11
12 	 89 	 Ex 	 1 	 1.638543e-10 	 5.847648e-11
12 	 90 	 Ex 	 1 	 1.466679e-10 	 6.703368e-11
12 	 91 	 Ex 	 1 	 6.648970e-11 	 7.107045e-11
12 	 92 	 Ex 	 1 	 -8.015984e-11 	 7.387005e-11
12 	 93 	 Ex 	 1 	 -2.799874e-10 	 7.723653e-11
12 	 94 	 Ex 	 1 	 -4.923501e-10 	 8.182179e-11
12 	 95 	 Ex 	 1 	 -6.963261e-10 	 8.486171e-11
12 	 96 	 Ex 	 1 	 -5.339223e-10 	 8.379947e-11
12 	 97 	 Ex 	 1 	 1.976058e-11 	 9.857252e-12
12 	 98 	 Ex 	 1 	 2.478282e-11 	 1.162123e-11
12 	 99 	 Ex 	 1 	 3.042402e-11 	 1.300845e-11
12 	 100 	 Ex 	 1 	 3.722220e-11 	 1.378293e-11
12 	 101 	 Ex 	 1 	 4.933167e-11 	 1.537864e-11
12 	 102 	 Ex 	 1 	 7.527243e-11 	 2.062400e-11
12 	 103 	 Ex 	 1 	 1.252770e-10 	 3.195301e-11
12 	 104 	 Ex 	 1 	 2.039445e-10 	 5.044265e-11
12 	 105 	 Ex 	 1 	 2.780610e-10 	 6.958770e-11
12 	 106 	 Ex 	 1 	 2.940231e-10 	 8.053376e-11
12 	 107 	 Ex 	 1 	 2.315441e-10 	 8.636175e-11
12 	 108 	 Ex 	 1 	 5.718217e-11 	 9.187666e-11
12 	 109 	 Ex 	 1 	 -2.883059e-10 	 9.989005e-11
12 	 110 	 Ex 	 1 	 -8.185296e-10 	 1.107589e-10
12 	 111 	 Ex 	 1 	 -1.331908e-09 	 1.180417e-10
12 	 112 	 Ex 	 1 	 -9.645201e-10 	 1.156688e-10
12 	 113 	 Ex 	 1 	 2.207438e-11 	 1.018756e-11
12 	 114 	 Ex 	 1 	 2.794510e-11 	 1.193081e-11
12 	 115 	 Ex 	 1 	 3.479671e-11 	 1.337132e-11
12 	 116 	 Ex 	 1 	 4.373292e-11 	 1.418884e-11
12 	 117 	 Ex 	 1 	 6.043321e-11 	 1.596034e-11
12 	 118 	 Ex 	 1 	 9.646504e-11 	 2.196008e-11
12 	 119 	 Ex 	 1 	 1.675884e-10 	 3.515164e-11
12 	 120 	 Ex 	 1 	 2.857891e-10 	 5.694229e-11
12 	 121 	 Ex 	 1 	 4.176109e-10 	 7.982282e-11
12 	 122 	 Ex 	 1 	 5.076750e-10 	 9.369067e-11
12 	 123 	 Ex 	 1 	 5.491168e-10 	 1.027090e-10
12 	 124 	 Ex 	 1 	 4.925139e-10 	 1.137875e-10
12 	 125 	 Ex 	 1 	 7.332694e-11 	 1.327781e-10
12 	 126 	 Ex 	 1 	 -1.330160e-09 	 1.597431e-10
12 	 127 	 Ex 	 1 	 -3.169368e-09 	 1.782446e-10
12 	 128 	 Ex 	 1 	 -1.949586e-09 	 1.709516e-10
12 	 129 	 Ex 	 1 	 2.382979e-11 	 1.040646e-11
12 	 130 	 Ex 	 1 	 3.046150e-11 	 1.214521e-11
12 	 131 	 Ex 	 1 	 3.842628e-11 	 1.366753e-11
12 	 132 	 Ex 	 1 	 4.923920e-11 	 1.458519e-11
12 	 133 	 Ex 	 1 	 6.981776e-11 	 1.650532e-11
12 	 134 	 Ex 	 1 	 1.144248e-10 	 2.304181e-11
12 	 135 	 Ex 	 1 	 2.043204e-10 	 3.758554e-11
12 	 136 	 Ex 	 1 	 3.607268e-10 	 6.184439e-11
12 	 137 	 Ex 	 1 	 5.582627e-10 	 8.776365e-11
12 	 138 	 Ex 	 1 	 7.619447e-10 	 1.046779e-10
12 	 139 	 Ex 	 1 	 1.041697e-09 	 1.180316e-10
12 	 140 	 Ex 	 1 	 1.530709e-09 	 1.380845e-10
12 	 141 	 Ex 	 1 	 2.096148e-09 	 1.786219e-10
12 	 142 	 Ex 	 1 	 -5.500944e-10 	 2.500504e-10
12 	 143 	 Ex 	 1 	 -1.149737e-08 	 3.123711e-10
12 	 144 	 Ex 	 1 	 -3.688222e-09 	 2.808256e-10
12 	 145 	 Ex 	 1 	 2.485803e-11 	 1.051260e-11
12 	 146 	 Ex 	 1 	 3.206807e-11 	 1.225343e-11
12 	 147 	 Ex 	 1 	 4.088472e-11 	 1.389941e-11
12 	 148 	 Ex 	 1 	 5.297954e-11 	 1.497863e-11
12 	 149 	 Ex 	 1 	 7.589109e-11 	 1.703011e-11
12 	 150 	 Ex 	 1 	 1.253737e-10 	 2.379192e-11
12 	 151 	 Ex 	 1 	 2.261448e-10 	 3.886590e-11
12 	 152 	 Ex 	 1 	 4.067606e-10 	 6.421734e-11
12 	 153 	 Ex 	 1 	 6.537282e-10 	 9.175875e-11
12 	 154 	 Ex 	 1 	 9.648115e-10 	 1.108970e-10
12 	 155 	 Ex 	 1 	 1.535160e-09 	 1.282820e-10
12 	 156 	 Ex 	 1 	 3.026325e-09 	 1.578979e-10
12 	 157 	 Ex 	 1 	 8.018587e-09 	 2.280213e-10
12 	 158 	 Ex 	 1 	 2.624192e-08 	 4.124265e-10
12 	 159 	 Ex 	 1 	 -1.151229e-07 	 8.056445e-10
12 	 160 	 Ex 	 1 	 3.181213e-08 	 5.330074e-10
12 	 161 	 Ex 	 1 	 2.536192e-11 	 1.046083e-11
12 	 162 	 Ex 	 1 	 3.292943e-11 	 1.225861e-11
12 	 163 	 Ex 	 1 	 4.234834e-11 	 1.403925e-11
12 	 164 	 Ex 	 1 	 5.520059e-11 	 1.534151e-11
12 	 165 	 Ex 	 1 	 7.869371e-11 	 1.757398e-11
12 	 166 	 Ex 	 1 	 1.281991e-10 	 2.428891e-11
12 	 167 	 Ex 	 1 	 2.279228e-10 	 3.889579e-11
12 	 168 	 Ex 	 1 	 4.075200e-10 	 6.336790e-11
12 	 169 	 Ex 	 1 	 6.612378e-10 	 9.030678e-11
12 	 170 	 Ex 	 1 	 1.002959e-09 	 1.100074e-10
12 	 171 	 Ex 	 1 	 1.665798e-09 	 1.293001e-10
12 	 172 	 Ex 	 1 	 3.504786e-09 	 1.625288e-10
12 	 173 	 Ex 	 1 	 1.070262e-08 	 2.422659e-10
12 	 174 	 Ex 	 1 	 6.144177e-08 	 4.834719e-10
12 	 175 	 Ex 	 1 	 -9.556665e-07 	 1.990106e-09
12 	 176 	 Ex 	 1 	 1.485166e-07 	 6.858195e-10
12 	 177 	 Ex 	 1 	 2.406841e-11 	 1.022860e-11
12 	 178 	 Ex 	 1 	 3.139258e-11 	 1.208282e-11
12 	 179 	 Ex 	 1 	 4.064891e-11 	 1.404674e-11
12 	 180 	 Ex 	 1 	 5.323111e-11 	 1.568604e-11
12 	 181 	 Ex 	 1 	 7.504185e-11 	 1.821867e-11
12 	 182 	 Ex 	 1 	 1.187328e-10 	 2.467826e-11
12 	 183 	 Ex 	 1 	 2.033368e-10 	 3.787843e-11
12 	 184 	 Ex 	 1 	 3.510562e-10 	 5.929490e-11
12 	 185 	 Ex 	 1 	 5.561282e-10 	 8.303402e-11
12 	 186 	 Ex 	 1 	 8.205063e-10 	 1.015300e-10
12 	 187 	 Ex 	 1 	 1.268261e-09 	 1.200362e-10
12 	 188 	 Ex 	 1 	 2.225057e-09 	 1.487939e-10
12 	 189 	 Ex 	 1 	 4.292394e-09 	 2.056113e-10
12 	 190 	 Ex 	 1 	 3.899593e-09 	 3.175790e-10
12 	 191 	 Ex 	 1 	 -2.683151e-08 	 4.431990e-10
12 	 192 	 Ex 	 1 	 -1.937243e-09 	 3.700254e-10
12 	 193 	 Ex 	 1 	 2.216483e-11 	 9.863881e-12
12 	 194 	 Ex 	 1 	 2.888067e-11 	 1.174404e-11
12 	 195 	 Ex 	 1 	 3.751539e-11 	 1.382145e-11
12 	 196 	 Ex 	 1 	 4.932401e-11 	 1.589932e-11
12 	 197 	 Ex 	 1 	 6.851822e-11 	 1.893230e-11
12 	 198 	 Ex 	 1 	 1.036415e-10 	 2.505347e-11
12 	 199 	 Ex 	 1 	 1.663339e-10 	 3.621108e-11
12 	 200 	 Ex 	 1 	 2.671232e-10 	 5.307287e-11
12 	 201 	 Ex 	 1 	 3.984870e-10 	 7.183477e-11
12 	 202 	 Ex 	 1 	 5.483892e-10 	 8.795110e-11
12 	 203 	 Ex 	 1 	 7.296443e-10 	 1.042051e-10
12 	 204 	 Ex 	 1 	 9.078676e-10 	 1.256739e-10
12 	 205 	 Ex 	 1 	 6.949880e-10 	 1.577806e-10
12 	 206 	 Ex 	 1 	 -1.402126e-09 	 2.002613e-10
12 	 207 	 Ex 	 1 	 -5.253580e-09 	 2.291673e-10
12 	 208 	 Ex 	 1 	 -2.698854e-09 	 2.141186e-10
12 	 209 	 Ex 	 1 	 1.946179e-11 	 9.372877e-12
12 	 210 	 Ex 	 1 	 2.518215e-11 	 1.128591e-11
12 	 211 	 Ex 	 1 	 3.261950e-11 	 1.342951e-11
12 	 212 	 Ex 	 1 	 4.282737e-11 	 1.583199e-11
12 	 213 	 Ex 	 1 	 5.840954e-11 	 1.927308e-11
12 	 214 	 Ex 	 1 	 8.396964e-11 	 2.498557e-11
12 	 215 	 Ex 	 1 	 1.246819e-10 	 3.401499e-11
12 	 216 	 Ex 	 1 	 1.824799e-10 	 4.643734e-11
12 	 217 	 Ex 	 1 	 2.490879e-10 	 6.028049e-11
12 	 218 	 Ex 	 1 	 3.076977e-10 	 7.346176e-11
12 	 219 	 Ex 	 1 	 3.316392e-10 	 8.673077e-11
12 	 220 	 Ex 	 1 	 2.441795e-10 	 1.019166e-10
12 	 221 	 Ex 	 1 	 -1.389456e-10 	 1.197068e-10
12 	 222 	 Ex 	 1 	 -9.743995e-10 	 1.375525e-10
12 	 223 	 Ex 	 1 	 -1.877658e-09 	 1.470231e-10
12 	 224 	 Ex 	 1 	 -1.284998e-09 	 1.413631e-10
12 	 225 	 Ex 	 1 	 1.623891e-11 	 8.875371e-12
12 	 226 	 Ex 	 1 	 2.078909e-11 	 1.074110e-11
12 	 227 	 Ex 	 1 	 2.668707e-11 	 1.286113e-11
12 	 228 	 Ex 	 1 	 3.462126e-11 	 1.544061e-11
12 	 229 	 Ex 	 1 	 4.594273e-11 	 1.898081e-11
12 	 230 	 Ex 	 1 	 6.255673e-11 	 2.408839e-11
12 	 231 	 Ex 	 1 	 8.574186e-11 	 3.121834e-11
12 	 232 	 Ex 	 1 	 1.137449e-10 	 4.029843e-11
12 	 233 	 Ex 	 1 	 1.389726e-10 	 5.045741e-11
12 	 234 	 Ex 	 1 	 1.469403e-10 	 6.070075e-11
12 	 235 	 Ex 	 1 	 1.136412e-10 	 7.092540e-11
12 	 236 	 Ex 	 1 	 -1.166234e-12 	 8.145371e-11
12 	 237 	 Ex 	 1 	 -2.409361e-10 	 9.178492e-11
12 	 238 	 Ex 	 1 	 -5.709535e-10 	 1.003443e-10
12 	 239 	 Ex 	 1 	 -8.940499e-10 	 1.040559e-10
12 	 240 	 Ex 	 1 	 -6.721261e-10 	 1.010697e-10
12 	 241 	 Ex 	 1 	 1.280856e-11 	 8.377020e-12
12 	 242 	 Ex 	 1 	 1.615563e-11 	 1.015644e-11
12 	 243 	 Ex 	 1 	 2.041678e-11 	 1.214312e-11
12 	 244 	 Ex 	 1 	 2.587698e-11 	 1.472034e-11
12 	 245 	 Ex 	 1 	 3.306410e-11 	 1.810073e-11
12 	 246 	 Ex 	 1 	 4.242076e-11 	 2.247686e-11
12 	 247 	 Ex 	 1 	 5.347804e-11 	 2.805477e-11
12 	 248 	 Ex 	 1 	 6.363906e-11 	 3.483051e-11
12 	 249 	 Ex 	 1 	 6.706256e-11 	 4.234326e-11
12 	 250 	 Ex 	 1 	 5.408405e-11 	 5.009457e-11
12 	 251 	 Ex 	 1 	 1.139995e-11 	 5.771548e-11
12 	 252 	 Ex 	 1 	 -7.514452e-11 	 6.497028e-11
12 	 253 	 Ex 	 1 	 -2.075094e-10 	 7.140834e-11
12 	 254 	 Ex 	 1 	 -3.510171e-10 	 7.608555e-11
12 	 255 	 Ex 	 1 	 -5.040938e-10 	 7.777617e-11
12 	 256 	 Ex 	 1 	 -3.929388e-10 	 7.588960e-11
12 	 1 	 Ex 	 2 	 -2.103727e-12 	 3.254465e-13
12 	 2 	 Ex 	 2 	 -3.737655e-12 	 9.064962e-13
12 	 3 	 Ex 	 2 	 -6.027863e-12 	 1.656353e-12
12 	 4 	 Ex 	 2 	 -9.251870e-12 	 2.611824e-12
12 	 5 	 Ex 	 2 	 -1.375739e-11 	 3.878755e-12
12 	 6 	 Ex 	 2 	 -1.991848e-11 	 5.632543e-12
12 	 7 	 Ex 	 2 	 -2.807944e-11 	 8.020499e-12
12 	 8 	 Ex 	 2 	 -3.843784e-11 	 1.105387e-11
12 	 9 	 Ex 	 2 	 -5.093339e-11 	 1.453713e-11
12 	 10 	 Ex 	 2 	 -6.525704e-11 	 1.814458e-11
12 	 11 	 Ex 	 2 	 -8.078332e-11 	 2.154373e-11
12 	 12 	 Ex 	 2 	 -9.630977e-11 	 2.446236e-11
12 	 13 	 Ex 	 2 	 -1.100061e-10 	 2.667586e-11
12 	 14 	 Ex 	 2 	 -1.197533e-10 	 2.800401e-11
12 	 15 	 Ex 	 2 	 -1.445554e-10 	 2.824612e-11
12 	 16 	 Ex 	 2 	 -1.211581e-10 	 2.759138e-11
12 	 17 	 Ex 	 2 	 -5.049974e-13 	 8.654046e-13
12 	 18 	 Ex 	 2 	 -1.778703e-12 	 1.731597e-12
12 	 19 	 Ex 	 2 	 -3.653489e-12 	 2.828990e-12
12 	 20 	 Ex 	 2 	 -6.479397e-12 	 4.188536e-12
12 	 21 	 Ex 	 2 	 -1.073238e-11 	 5.986820e-12
12 	 22 	 Ex 	 2 	 -1.695760e-11 	 8.587438e-12
12 	 23 	 Ex 	 2 	 -2.578424e-11 	 1.231421e-11
12 	 24 	 Ex 	 2 	 -3.780132e-11 	 1.715657e-11
12 	 25 	 Ex 	 2 	 -5.328401e-11 	 2.262135e-11
12 	 26 	 Ex 	 2 	 -7.224401e-11 	 2.800582e-11
12 	 27 	 Ex 	 2 	 -9.427033e-11 	 3.284168e-11
12 	 28 	 Ex 	 2 	 -1.176240e-10 	 3.692663e-11
12 	 29 	 Ex 	 2 	 -1.391079e-10 	 4.008480e-11
12 	 30 	 Ex 	 2 	 -1.549158e-10 	 4.207335e-11
12 	 31 	 Ex 	 2 	 -1.873295e-10 	 4.251902e-11
12 	 32 	 Ex 	 2 	 -1.574180e-10 	 4.150953e-11
12 	 33 	 Ex 	 2 	 1.416884e-12 	 1.429641e-12
12 	 34 	 Ex 	 2 	 6.910464e-13 	 2.615206e-12
12 	 35 	 Ex 	 2 	 -4.649173e-13 	 4.107500e-12
12 	 36 	 Ex 	 2 	 -2.439138e-12 	 5.909934e-12
12 	 37 	 Ex 	 2 	 -5.790981e-12 	 8.326713e-12
12 	 38 	 Ex 	 2 	 -1.110556e-11 	 1.213311e-11
12 	 39 	 Ex 	 2 	 -1.927667e-11 	 1.804638e-11
12 	 40 	 Ex 	 2 	 -3.167216e-11 	 2.603794e-11
12 	 41 	 Ex 	 2 	 -4.963717e-11 	 3.477176e-11
12 	 42 	 Ex 	 2 	 -7.444650e-11 	 4.252690e-11
12 	 43 	 Ex 	 2 	 -1.066487e-10 	 4.886185e-11
12 	 44 	 Ex 	 2 	 -1.435077e-10 	 5.413927e-11
12 	 45 	 Ex 	 2 	 -1.788244e-10 	 5.857240e-11
12 	 46 	 Ex 	 2 	 -2.056241e-10 	 6.182325e-11
12 	 47 	 Ex 	 2 	 -2.499493e-10 	 6.294373e-11
12 	 48 	 Ex 	 2 	 -2.098370e-10 	 6.160607e-11
12 	 49 	 Ex 	 2 	 3.565046e-12 	 1.920064e-12
12 	 50 	 Ex 	 2 	 3.518660e-12 	 3.389194e-12
12 	 51 	 Ex 	 2 	 3.313934e-12 	 5.226275e-12
12 	 52 	 Ex 	 2 	 2.611179e-12 	 7.409047e-12
12 	 53 	 Ex 	 2 	 9.608406e-13 	 1.050777e-11
12 	 54 	 Ex 	 2 	 -1.844367e-12 	 1.605379e-11
12 	 55 	 Ex 	 2 	 -6.503824e-12 	 2.550759e-11
12 	 56 	 Ex 	 2 	 -1.531044e-11 	 3.902211e-11
12 	 57 	 Ex 	 2 	 -3.273206e-11 	 5.322363e-11
12 	 58 	 Ex 	 2 	 -6.419715e-11 	 6.383232e-11
12 	 59 	 Ex 	 2 	 -1.125529e-10 	 7.116670e-11
12 	 60 	 Ex 	 2 	 -1.734676e-10 	 7.727081e-11
12 	 61 	 Ex 	 2 	 -2.344458e-10 	 8.362529e-11
12 	 62 	 Ex 	 2 	 -2.825494e-10 	 8.965497e-11
12 	 63 	 Ex 	 2 	 -3.471954e-10 	 9.263950e-11
12 	 64 	 Ex 	 2 	 -2.896499e-10 	 9.111752e-11
12 	 65 	 Ex 	 2 	 5.810170e-12 	 2.241392e-12
12 	 66 	 Ex 	 2 	 6.486295e-12 	 3.870022e-12
12 	 67 	 Ex 	 2 	 7.298267e-12 	 5.864809e-12
12 	 68 	 Ex 	 2 	 8.105251e-12 	 8.259480e-12
12 	 69 	 Ex 	 2 	 8.997145e-12 	 1.216938e-11
12 	 70 	 Ex 	 2 	 1.074754e-11 	 2.013799e-11
12 	 71 	 Ex 	 2 	 1.387592e-11 	 3.472321e-11
12 	 72 	 Ex 	 2 	 1.604532e-11 	 5.666652e-11
12 	 73 	 Ex 	 2 	 6.526848e-12 	 7.911743e-11
12 	 74 	 Ex 	 2 	 -2.970681e-11 	 9.326389e-11
12 	 75 	 Ex 	 2 	 -9.972457e-11 	 1.013507e-10
12 	 76 	 Ex 	 2 	 -1.997025e-10 	 1.084701e-10
12 	 77 	 Ex 	 2 	 -3.095281e-10 	 1.185450e-10
12 	 78 	 Ex 	 2 	 -4.048115e-10 	 1.304627e-10
12 	 79 	 Ex 	 2 	 -5.101646e-10 	 1.374899e-10
12 	 80 	 Ex 	 2 	 -4.194943e-10 	 1.357609e-10
12 	 81 	 Ex 	 2 	 8.036787e-12 	 2.367474e-12
12 	 82 	 Ex 	 2 	 9.444647e-12 	 4.020407e-12
12 	 83 	 Ex 	 2 	 1.131011e-11 	 5.996398e-12
12 	 84 	 Ex 	 2 	 1.386031e-11 	 8.516081e-12
12 	 85 	 Ex 	 2 	 1.813040e-11 	 1.341185e-11
12 	 86 	 Ex 	 2 	 2.651104e-11 	 2.430829e-11
12 	 87 	 Ex 	 2 	 4.202312e-11 	 4.512111e-11
12 	 88 	 Ex 	 2 	 6.393391e-11 	 7.743767e-11
12 	 89 	 Ex 	 2 	 7.394865e-11 	 1.103862e-10
12 	 90 	 Ex 	 2 	 4.331488e-11 	 1.298720e-10
12 	 91 	 Ex 	 2 	 -4.321741e-11 	 1.406624e-10
12 	 92 	 Ex 	 2 	 -1.930564e-10 	 1.518371e-10
12 	 93 	 Ex 	 2 	 -3.940047e-10 	 1.704995e-10
12 	 94 	 Ex 	 2 	 -6.078758e-10 	 1.942504e-10
12 	 95 	 Ex 	 2 	 -8.134360e-10 	 2.090721e-10
12 	 96 	 Ex 	 2 	 -6.497993e-10 	 2.061998e-10
12 	 97 	 Ex 	 2 	 1.014666e-11 	 2.354829e-12
12 	 98 	 Ex 	 2 	 1.230527e-11 	 3.970808e-12
12 	 99 	 Ex 	 2 	 1.531511e-11 	 5.885804e-12
12 	 100 	 Ex 	 2 	 1.986971e-11 	 8.549101e-12
12 	 101 	 Ex 	 2 	 2.816203e-11 	 1.447316e-11
12 	 102 	 Ex 	 2 	 4.480583e-11 	 2.836233e-11
12 	 103 	 Ex 	 2 	 7.670618e-11 	 5.564558e-11
12 	 104 	 Ex 	 2 	 1.271896e-10 	 9.899594e-11
12 	 105 	 Ex 	 2 	 1.727824e-10 	 1.439089e-10
12 	 106 	 Ex 	 2 	 1.726735e-10 	 1.714438e-10
12 	 107 	 Ex 	 2 	 1.025354e-10 	 1.892748e-10
12 	 108 	 Ex 	 2 	 -7.628938e-11 	 2.115897e-10
12 	 109 	 Ex 	 2 	 -4.244541e-10 	 2.501189e-10
12 	 110 	 Ex 	 2 	 -9.584228e-10 	 2.999126e-10
12 	 111 	 Ex 	 2 	 -1.475285e-09 	 3.314688e-10
12 	 112 	 Ex 	 2 	 -1.106424e-09 	 3.235575e-10
12 	 113 	 Ex 	 2 	 1.201913e-11 	 2.288282e-12
12 	 114 	 Ex 	 2 	 1.491637e-11 	 3.878039e-12
12 	 115 	 Ex 	 2 	 1.909040e-11 	 5.768684e-12
12 	 116 	 Ex 	 2 	 2.570064e-11 	 8.586979e-12
12 	 117 	 Ex 	 2 	 3.815155e-11 	 1.539864e-11
12 	 118 	 Ex 	 2 	 6.365992e-11 	 3.190474e-11
12 	 119 	 Ex 	 2 	 1.141724e-10 	 6.505568e-11
12 	 120 	 Ex 	 2 	 2.000998e-10 	 1.188658e-10
12 	 121 	 Ex 	 2 	 2.990940e-10 	 1.761293e-10
12 	 122 	 Ex 	 2 	 3.703538e-10 	 2.142090e-10
12 	 123 	 Ex 	 2 	 4.020918e-10 	 2.446506e-10
12 	 124 	 Ex 	 2 	 3.385186e-10 	 2.895558e-10
12 	 125 	 Ex 	 2 	 -8.700662e-11 	 3.719490e-10
12 	 126 	 Ex 	 2 	 -1.498834e-09 	 4.862802e-10
12 	 127 	 Ex 	 2 	 -3.344670e-09 	 5.625225e-10
12 	 128 	 Ex 	 2 	 -2.122540e-09 	 5.349531e-10
12 	 129 	 Ex 	 2 	 1.350115e-11 	 2.228230e-12
12 	 130 	 Ex 	 2 	 1.704040e-11 	 3.837643e-12
12 	 131 	 Ex 	 2 	 2.222958e-11 	 5.764374e-12
12 	 132 	 Ex 	 2 	 3.059164e-11 	 8.721631e-12
12 	 133 	 Ex 	 2 	 4.656109e-11 	 1.614224e-11
12 	 134 	 Ex 	 2 	 7.978099e-11 	 3.448695e-11
12 	 135 	 Ex 	 2 	 1.473450e-10 	 7.196715e-11
12 	 136 	 Ex 	 2 	 2.685907e-10 	 1.339925e-10
12 	 137 	 Ex 	 2 	 4.300879e-10 	 2.019548e-10
12 	 138 	 Ex 	 2 	 6.125223e-10 	 2.513526e-10
12 	 139 	 Ex 	 2 	 8.800748e-10 	 2.988008e-10
12 	 140 	 Ex 	 2 	 1.358486e-09 	 3.794902e-10
12 	 141 	 Ex 	 2 	 1.911661e-09 	 5.480613e-10
12 	 142 	 Ex 	 2 	 -7.513617e-10 	 8.396961e-10
12 	 143 	 Ex 	 2 	 -1.171090e-08 	 1.088448e-09
12 	 144 	 Ex 	 2 	 -3.897270e-09 	 9.654937e-10
12 	 145 	 Ex 	 2 	 1.443768e-11 	 2.189567e-12
12 	 146 	 Ex 	 2 	 1.842695e-11 	 3.872928e-12
12 	 147 	 Ex 	 2 	 2.431206e-11 	 5.911695e-12
12 	 148 	 Ex 	 2 	 3.378037e-11 	 9.007554e-12
12 	 149 	 Ex 	 2 	 5.180845e-11 	 1.669998e-11
12 	 150 	 Ex 	 2 	 8.947897e-11 	 3.577509e-11
12 	 151 	 Ex 	 2 	 1.672453e-10 	 7.507150e-11
12 	 152 	 Ex 	 2 	 3.115722e-10 	 1.410085e-10
12 	 153 	 Ex 	 2 	 5.210117e-10 	 2.151549e-10
12 	 154 	 Ex 	 2 	 8.092471e-10 	 2.732841e-10
12 	 155 	 Ex 	 2 	 1.365103e-09 	 3.365830e-10
12 	 156 	 Ex 	 2 	 2.841921e-09 	 4.550077e-10
12 	 157 	 Ex 	 2 	 7.814920e-09 	 7.422974e-10
12 	 158 	 Ex 	 2 	 2.600656e-08 	 1.489953e-09
12 	 159 	 Ex 	 2 	 -1.153712e-07 	 3.028997e-09
12 	 160 	 Ex 	 2 	 3.156180e-08 	 1.976705e-09
12 	 161 	 Ex 	 2 	 1.505255e-11 	 2.142045e-12
12 	 162 	 Ex 	 2 	 1.930411e-11 	 3.936588e-12
12 	 163 	 Ex 	 2 	 2.557117e-11 	 6.175648e-12
12 	 164 	 Ex 	 2 	 3.547348e-11 	 9.478714e-12
12 	 165 	 Ex 	 2 	 5.383671e-11 	 1.716908e-11
12 	 166 	 Ex 	 2 	 9.155286e-11 	 3.574118e-11
12 	 167 	 Ex 	 2 	 1.688393e-10 	 7.364413e-11
12 	 168 	 Ex 	 2 	 3.133036e-10 	 1.373749e-10
12 	 169 	 Ex 	 2 	 5.303957e-10 	 2.104893e-10
12 	 170 	 Ex 	 2 	 8.488754e-10 	 2.713670e-10
12 	 171 	 Ex 	 2 	 1.495706e-09 	 3.417293e-10
12 	 172 	 Ex 	 2 	 3.318096e-09 	 4.735465e-10
12 	 173 	 Ex 	 2 	 1.049348e-08 	 7.985399e-10
12 	 174 	 Ex 	 2 	 6.119231e-08 	 1.780170e-09
12 	 175 	 Ex 	 2 	 -9.558297e-07 	 7.553209e-09
12 	 176 	 Ex 	 2 	 1.482399e-07 	 2.613530e-09
12 	 177 	 Ex 	 2 	 1.410143e-11 	 2.029397e-12
12 	 178 	 Ex 	 2 	 1.806849e-11 	 3.922343e-12
12 	 179 	 Ex 	 2 	 2.392974e-11 	 6.415077e-12
12 	 180 	 Ex 	 2 	 3.303911e-11 	 1.006644e-11
12 	 181 	 Ex 	 2 	 4.931401e-11 	 1.767024e-11
12 	 182 	 Ex 	 2 	 8.158834e-11 	 3.472924e-11
12 	 183 	 Ex 	 2 	 1.455711e-10 	 6.815689e-11
12 	 184 	 Ex 	 2 	 2.619145e-10 	 1.230769e-10
12 	 185 	 Ex 	 2 	 4.340711e-10 	 1.870341e-10
12 	 186 	 Ex 	 2 	 6.759805e-10 	 2.439254e-10
12 	 187 	 Ex 	 2 	 1.106966e-09 	 3.104652e-10
12 	 188 	 Ex 	 2 	 2.046940e-09 	 4.228633e-10
12 	 189 	 Ex 	 2 	 4.094596e-09 	 6.527022e-10
12 	 190 	 Ex 	 2 	 3.677449e-09 	 1.103817e-09
12 	 191 	 Ex 	 2 	 -2.706863e-08 	 1.599413e-09
12 	 192 	 Ex 	 2 	 -2.167740e-09 	 1.314956e-09
12 	 193 	 Ex 	 2 	 1.276486e-11 	 1.807779e-12
12 	 194 	 Ex 	 2 	 1.616384e-11 	 3.723898e-12
12 	 195 	 Ex 	 2 	 2.117142e-11 	 6.412255e-12
12 	 196 	 Ex 	 2 	 2.885197e-11 	 1.046593e-11
12 	 197 	 Ex 	 2 	 4.192335e-11 	 1.800612e-11
12 	 198 	 Ex 	 2 	 6.618255e-11 	 3.302204e-11
12 	 199 	 Ex 	 2 	 1.108969e-10 	 6.019443e-11
12 	 200 	 Ex 	 2 	 1.860944e-10 	 1.022208e-10
12 	 201 	 Ex 	 2 	 2.904642e-10 	 1.517821e-10
12 	 202 	 Ex 	 2 	 4.194943e-10 	 2.002111e-10
12 	 203 	 Ex 	 2 	 5.839137e-10 	 2.564274e-10
12 	 204 	 Ex 	 2 	 7.462437e-10 	 3.380323e-10
12 	 205 	 Ex 	 2 	 5.177165e-10 	 4.660510e-10
12 	 206 	 Ex 	 2 	 -1.594335e-09 	 6.366667e-10
12 	 207 	 Ex 	 2 	 -5.453919e-09 	 7.525541e-10
12 	 208 	 Ex 	 2 	 -2.894063e-09 	 6.955017e-10
12 	 209 	 Ex 	 2 	 1.078382e-11 	 1.482131e-12
12 	 210 	 Ex 	 2 	 1.330865e-11 	 3.324084e-12
12 	 211 	 Ex 	 2 	 1.698082e-11 	 6.047985e-12
12 	 212 	 Ex 	 2 	 2.253523e-11 	 1.027558e-11
12 	 213 	 Ex 	 2 	 3.156360e-11 	 1.751486e-11
12 	 214 	 Ex 	 2 	 4.700480e-11 	 3.025723e-11
12 	 215 	 Ex 	 2 	 7.268163e-11 	 5.112863e-11
12 	 216 	 Ex 	 2 	 1.107754e-10 	 8.106905e-11
12 	 217 	 Ex 	 2 	 1.564462e-10 	 1.167901e-10
12 	 218 	 Ex 	 2 	 1.967103e-10 	 1.548759e-10
12 	 219 	 Ex 	 2 	 2.048903e-10 	 1.984071e-10
12 	 220 	 Ex 	 2 	 1.032113e-10 	 2.533087e-10
12 	 221 	 Ex 	 2 	 -2.923447e-10 	 3.219022e-10
12 	 222 	 Ex 	 2 	 -1.137477e-09 	 3.926315e-10
12 	 223 	 Ex 	 2 	 -2.044864e-09 	 4.314366e-10
12 	 224 	 Ex 	 2 	 -1.448156e-09 	 4.117733e-10
12 	 225 	 Ex 	 2 	 8.389245e-12 	 1.093991e-12
12 	 226 	 Ex 	 2 	 9.898846e-12 	 2.782003e-12
12 	 227 	 Ex 	 2 	 1.203155e-11 	 5.360891e-12
12 	 228 	 Ex 	 2 	 1.516930e-11 	 9.385792e-12
12 	 229 	 Ex 	 2 	 2.000522e-11 	 1.586822e-11
12 	 230 	 Ex 	 2 	 2.753474e-11 	 2.622903e-11
12 	 231 	 Ex 	 2 	 3.842286e-11 	 4.177634e-11
12 	 232 	 Ex 	 2 	 5.135493e-11 	 6.280020e-11
12 	 233 	 Ex 	 2 	 6.048654e-11 	 8.802047e-11
12 	 234 	 Ex 	 2 	 5.322000e-11 	 1.161087e-10
12 	 235 	 Ex 	 2 	 6.245342e-12 	 1.474978e-10
12 	 236 	 Ex 	 2 	 -1.205563e-10 	 1.830111e-10
12 	 237 	 Ex 	 2 	 -3.701075e-10 	 2.208195e-10
12 	 238 	 Ex 	 2 	 -7.068157e-10 	 2.536982e-10
12 	 239 	 Ex 	 2 	 -1.032177e-09 	 2.691470e-10
12 	 240 	 Ex 	 2 	 -8.069730e-10 	 2.597706e-10
12 	 241 	 Ex 	 2 	 5.835703e-12 	 6.873457e-13
12 	 242 	 Ex 	 2 	 6.345494e-12 	 2.164653e-12
12 	 243 	 Ex 	 2 	 6.998706e-12 	 4.453710e-12
12 	 244 	 Ex 	 2 	 7.878534e-12 	 7.986624e-12
12 	 245 	 Ex 	 2 	 9.085441e-12 	 1.340980e-11
12 	 246 	 Ex 	 2 	 1.057441e-11 	 2.150400e-11
12 	 247 	 Ex 	 2 	 1.167444e-11 	 3.290007e-11
12 	 248 	 Ex 	 2 	 1.017046e-11 	 4.769954e-11
12 	 249 	 Ex 	 2 	 1.151043e-12 	 6.537199e-11
12 	 250 	 Ex 	 2 	 -2.399891e-11 	 8.521548e-11
12 	 251 	 Ex 	 2 	 -7.786997e-11 	 1.068014e-10
12 	 252 	 Ex 	 2 	 -1.740943e-10 	 1.294255e-10
12 	 253 	 Ex 	 2 	 -3.141033e-10 	 1.511035e-10
12 	 254 	 Ex 	 2 	 -4.625123e-10 	 1.679337e-10
12 	 255 	 Ex 	 2 	 -6.169759e-10 	 1.748016e-10
12 	 256 	 Ex 	 2 	 -5.032604e-10 	 1.695191e-10
12 	 1 	 Ey 	 1 	 1.602717e-11 	 1.103717e-13
12 	 2 	 Ey 	 1 	 1.924569e-11 	 1.876594e-13
12 	 3 	 Ey 	 1 	 2.312008e-11 	 2.036533e-13
12 	 4 	 Ey 	 1 	 2.761175e-11 	 1.408814e-13
12 	 5 	 Ey 	 1 	 3.265392e-11 	 -8.167630e-14
12 	 6 	 Ey 	 1 	 3.814271e-11 	 -3.987368e-13
12 	 7 	 Ey 	 1 	 4.396114e-11 	 -6.469332e-13
12 	 8 	 Ey 	 1 	 4.978026e-11 	 -6.237332e-13
12 	 9 	 Ey 	 1 	 5.487810e-11 	 -2.060949e-13
12 	 10 	 Ey 	 1 	 5.804695e-11 	 5.260536e-13
12 	 11 	 Ey 	 1 	 5.774905e-11 	 1.356545e-12
12 	 12 	 Ey 	 1 	 5.253399e-11 	 2.100443e-12
12 	 13 	 Ey 	 1 	 4.171190e-11 	 2.611747e-12
12 	 14 	 Ey 	 1 	 2.573692e-11 	 2.854610e-12
12 	 15 	 Ey 	 1 	 3.182055e-12 	 2.871046e-12
12 	 16 	 Ey 	 1 	 -1.358429e-11 	 2.765837e-12
12 	 17 	 Ey 	 1 	 1.697310e-11 	 2.665976e-13
12 	 18 	 Ey 	 1 	 2.075322e-11 	 3.790508e-13
12 	 19 	 Ey 	 1 	 2.544067e-11 	 4.546834e-13
12 	 20 	 Ey 	 1 	 3.108340e-11 	 3.628475e-13
12 	 21 	 Ey 	 1 	 3.766691e-11 	 -1.457594e-14
12 	 22 	 Ey 	 1 	 4.527066e-11 	 -5.899776e-13
12 	 23 	 Ey 	 1 	 5.416571e-11 	 -1.076167e-12
12 	 24 	 Ey 	 1 	 6.430728e-11 	 -1.021410e-12
12 	 25 	 Ey 	 1 	 7.476234e-11 	 -1.964362e-13
12 	 26 	 Ey 	 1 	 8.327453e-11 	 1.113234e-12
12 	 27 	 Ey 	 1 	 8.653483e-11 	 2.464962e-12
12 	 28 	 Ey 	 1 	 8.140161e-11 	 3.502714e-12
12 	 29 	 Ey 	 1 	 6.630856e-11 	 4.047768e-12
12 	 30 	 Ey 	 1 	 4.199674e-11 	 4.094514e-12
12 	 31 	 Ey 	 1 	 7.197905e-12 	 3.848618e-12
12 	 32 	 Ey 	 1 	 -1.959426e-11 	 3.442063e-12
12 	 33 	 Ey 	 1 	 1.736660e-11 	 3.544120e-13
12 	 34 	 Ey 	 1 	 2.153286e-11 	 4.906761e-13
12 	 35 	 Ey 	 1 	 2.684044e-11 	 5.918534e-13
12 	 36 	 Ey 	 1 	 3.341884e-11 	 4.408864e-13
12 	 37 	 Ey 	 1 	 4.136231e-11 	 -1.560344e-13
12 	 38 	 Ey 	 1 	 5.126610e-11 	 -1.128396e-12
12 	 39 	 Ey 	 1 	 6.436881e-11 	 -1.896734e-12
12 	 40 	 Ey 	 1 	 8.178723e-11 	 -1.677443e-12
12 	 41 	 Ey 	 1 	 1.027679e-10 	 -5.206978e-14
12 	 42 	 Ey 	 1 	 1.227245e-10 	 2.350756e-12
12 	 43 	 Ey 	 1 	 1.344166e-10 	 4.515417e-12
12 	 44 	 Ey 	 1 	 1.310385e-10 	 5.855664e-12
12 	 45 	 Ey 	 1 	 1.092147e-10 	 6.245118e-12
12 	 46 	 Ey 	 1 	 7.031854e-11 	 5.852117e-12
12 	 47 	 Ey 	 1 	 1.385262e-11 	 5.058095e-12
12 	 48 	 Ey 	 1 	 -3.095424e-11 	 4.224223e-12
12 	 49 	 Ey 	 1 	 1.705045e-11 	 3.461231e-13
12 	 50 	 Ey 	 1 	 2.130049e-11 	 4.641262e-13
12 	 51 	 Ey 	 1 	 2.674302e-11 	 4.916855e-13
12 	 52 	 Ey 	 1 	 3.356354e-11 	 1.941746e-13
12 	 53 	 Ey 	 1 	 4.215127e-11 	 -6.942854e-13
12 	 54 	 Ey 	 1 	 5.405417e-11 	 -1.995144e-12
12 	 55 	 Ey 	 1 	 7.228570e-11 	 -2.922275e-12
12 	 56 	 Ey 	 1 	 1.006180e-10 	 -2.345815e-12
12 	 57 	 Ey 	 1 	 1.397715e-10 	 5.426854e-13
12 	 58 	 Ey 	 1 	 1.812179e-10 	 4.440309e-12
12 	 59 	 Ey 	 1 	 2.106722e-10 	 7.550659e-12
12 	 60 	 Ey 	 1 	 2.144034e-10 	 9.092492e-12
12 	 61 	 Ey 	 1 	 1.840781e-10 	 9.011489e-12
12 	 62 	 Ey 	 1 	 1.206068e-10 	 7.822624e-12
12 	 63 	 Ey 	 1 	 2.430000e-11 	 6.341073e-12
12 	 64 	 Ey 	 1 	 -5.470272e-11 	 4.964511e-12
12 	 65 	 Ey 	 1 	 1.600196e-11 	 2.503236e-13
12 	 66 	 Ey 	 1 	 2.003602e-11 	 2.847112e-13
12 	 67 	 Ey 	 1 	 2.515080e-11 	 1.618054e-13
12 	 68 	 Ey 	 1 	 3.160427e-11 	 -3.521942e-13
12 	 69 	 Ey 	 1 	 4.035618e-11 	 -1.433988e-12
12 	 70 	 Ey 	 1 	 5.411779e-11 	 -2.779085e-12
12 	 71 	 Ey 	 1 	 7.785456e-11 	 -3.546021e-12
12 	 72 	 Ey 	 1 	 1.187906e-10 	 -2.457352e-12
12 	 73 	 Ey 	 1 	 1.807123e-10 	 1.284107e-12
12 	 74 	 Ey 	 1 	 2.528678e-10 	 6.185626e-12
12 	 75 	 Ey 	 1 	 3.147119e-10 	 1.004898e-11
12 	 76 	 Ey 	 1 	 3.426115e-10 	 1.174324e-11
12 	 77 	 Ey 	 1 	 3.133335e-10 	 1.126756e-11
12 	 78 	 Ey 	 1 	 2.137836e-10 	 9.402841e-12
12 	 79 	 Ey 	 1 	 4.035448e-11 	 7.252844e-12
12 	 80 	 Ey 	 1 	 -1.088024e-10 	 5.419074e-12
12 	 81 	 Ey 	 1 	 1.430179e-11 	 1.124537e-13
12 	 82 	 Ey 	 1 	 1.797443e-11 	 5.832359e-14
12 	 83 	 Ey 	 1 	 2.268247e-11 	 -1.767236e-13
12 	 84 	 Ey 	 1 	 2.888932e-11 	 -7.805836e-13
12 	 85 	 Ey 	 1 	 3.803442e-11 	 -1.818632e-12
12 	 86 	 Ey 	 1 	 5.364705e-11 	 -2.983783e-12
12 	 87 	 Ey 	 1 	 8.238876e-11 	 -3.516396e-12
12 	 88 	 Ey 	 1 	 1.347990e-10 	 -2.193386e-12
12 	 89 	 Ey 	 1 	 2.194550e-10 	 1.730469e-12
12 	 90 	 Ey 	 1 	 3.300345e-10 	 6.842688e-12
12 	 91 	 Ey 	 1 	 4.476728e-10 	 1.091578e-11
12 	 92 	 Ey 	 1 	 5.406980e-10 	 1.279887e-11
12 	 93 	 Ey 	 1 	 5.522738e-10 	 1.222080e-11
12 	 94 	 Ey 	 1 	 4.085275e-10 	 1.002688e-11
12 	 95 	 Ey 	 1 	 6.836797e-11 	 7.512566e-12
12 	 96 	 Ey 	 1 	 -2.445812e-10 	 5.377290e-12
12 	 97 	 Ey 	 1 	 1.204130e-11 	 -1.528464e-14
12 	 98 	 Ey 	 1 	 1.527441e-11 	 -1.032236e-13
12 	 99 	 Ey 	 1 	 1.957362e-11 	 -3.484752e-13
12 	 100 	 Ey 	 1 	 2.554983e-11 	 -8.802959e-13
12 	 101 	 Ey 	 1 	 3.483431e-11 	 -1.722262e-12
12 	 102 	 Ey 	 1 	 5.132445e-11 	 -2.653721e-12
12 	 103 	 Ey 	 1 	 8.286884e-11 	 -3.030979e-12
12 	 104 	 Ey 	 1 	 1.432318e-10 	 -1.760570e-12
12 	 105 	 Ey 	 1 	 2.480944e-10 	 1.822896e-12
12 	 106 	 Ey 	 1 	 4.039307e-10 	 6.637116e-12
12 	 107 	 Ey 	 1 	 6.115617e-10 	 1.064765e-11
12 	 108 	 Ey 	 1 	 8.562634e-10 	 1.256539e-11
12 	 109 	 Ey 	 1 	 1.043286e-09 	 1.190738e-11
12 	 110 	 Ey 	 1 	 9.008607e-10 	 9.646657e-12
12 	 111 	 Ey 	 1 	 1.377854e-10 	 6.908393e-12
12 	 112 	 Ey 	 1 	 -6.372384e-10 	 4.652254e-12
12 	 113 	 Ey 	 1 	 9.254769e-12 	 -1.087879e-13
12 	 114 	 Ey 	 1 	 1.190924e-11 	 -1.820043e-13
12 	 115 	 Ey 	 1 	 1.559273e-11 	 -3.509300e-13
12 	 116 	 Ey 	 1 	 2.092039e-11 	 -7.109290e-13
12 	 117 	 Ey 	 1 	 2.937858e-11 	 -1.288940e-12
12 	 118 	 Ey 	 1 	 4.463520e-11 	 -1.953453e-12
12 	 119 	 Ey 	 1 	 7.462553e-11 	 -2.241630e-12
12 	 120 	 Ey 	 1 	 1.347672e-10 	 -1.293879e-12
12 	 121 	 Ey 	 1 	 2.476343e-10 	 1.521073e-12
12 	 122 	 Ey 	 1 	 4.395501e-10 	 5.432554e-12
12 	 123 	 Ey 	 1 	 7.600915e-10 	 8.885114e-12
12 	 124 	 Ey 	 1 	 1.302631e-09 	 1.063833e-11
12 	 125 	 Ey 	 1 	 2.106534e-09 	 1.008603e-11
12 	 126 	 Ey 	 1 	 2.477950e-09 	 7.981615e-12
12 	 127 	 Ey 	 1 	 4.226349e-10 	 5.407738e-12
12 	 128 	 Ey 	 1 	 -2.068847e-09 	 3.036610e-12
12 	 129 	 Ey 	 1 	 5.969812e-12 	 -1.705568e-13
12 	 130 	 Ey 	 1 	 7.836335e-12 	 -2.095672e-13
12 	 131 	 Ey 	 1 	 1.055795e-11 	 -2.649310e-13
12 	 132 	 Ey 	 1 	 1.461166e-11 	 -3.855580e-13
12 	 133 	 Ey 	 1 	 2.102138e-11 	 -6.283042e-13
12 	 134 	 Ey 	 1 	 3.238181e-11 	 -9.654640e-13
12 	 135 	 Ey 	 1 	 5.469977e-11 	 -1.205250e-12
12 	 136 	 Ey 	 1 	 1.009015e-10 	 -8.562311e-13
12 	 137 	 Ey 	 1 	 1.942298e-10 	 5.367867e-13
12 	 138 	 Ey 	 1 	 3.754719e-10 	 2.655387e-12
12 	 139 	 Ey 	 1 	 7.507118e-10 	 4.785110e-12
12 	 140 	 Ey 	 1 	 1.646736e-09 	 5.963491e-12
12 	 141 	 Ey 	 1 	 4.054048e-09 	 5.863217e-12
12 	 142 	 Ey 	 1 	 8.974448e-09 	 4.935913e-12
12 	 143 	 Ey 	 1 	 2.660307e-09 	 2.830887e-12
12 	 144 	 Ey 	 1 	 -9.634357e-09 	 5.391514e-14
12 	 145 	 Ey 	 1 	 1.118459e-12 	 -2.230738e-13
12 	 146 	 Ey 	 1 	 1.780943e-12 	 -2.259456e-13
12 	 147 	 Ey 	 1 	 2.962391e-12 	 -1.688922e-13
12 	 148 	 Ey 	 1 	 4.902624e-12 	 -2.506334e-14
12 	 149 	 Ey 	 1 	 7.895756e-12 	 1.599508e-13
12 	 150 	 Ey 	 1 	 1.259720e-11 	 2.682554e-13
12 	 151 	 Ey 	 1 	 2.066927e-11 	 1.513381e-13
12 	 152 	 Ey 	 1 	 3.679064e-11 	 -3.487911e-13
12 	 153 	 Ey 	 1 	 7.294189e-11 	 -1.095729e-12
12 	 154 	 Ey 	 1 	 1.586694e-10 	 -1.778322e-12
12 	 155 	 Ey 	 1 	 3.814710e-10 	 -2.058315e-12
12 	 156 	 Ey 	 1 	 1.088772e-09 	 -1.876883e-12
12 	 157 	 Ey 	 1 	 4.312407e-09 	 -1.372781e-12
12 	 158 	 Ey 	 1 	 2.983312e-08 	 5.813214e-13
12 	 159 	 Ey 	 1 	 -5.658875e-08 	 8.045840e-12
12 	 160 	 Ey 	 1 	 -6.580225e-08 	 -4.900578e-12
12 	 161 	 Ey 	 1 	 -1.230810e-11 	 -2.753003e-13
12 	 162 	 Ey 	 1 	 -1.433905e-11 	 -2.716532e-13
12 	 163 	 Ey 	 1 	 -1.664257e-11 	 -1.321550e-13
12 	 164 	 Ey 	 1 	 -1.926115e-11 	 2.641187e-13
12 	 165 	 Ey 	 1 	 -2.282768e-11 	 9.599401e-13
12 	 166 	 Ey 	 1 	 -2.928078e-11 	 1.703730e-12
12 	 167 	 Ey 	 1 	 -4.304240e-11 	 1.873484e-12
12 	 168 	 Ey 	 1 	 -7.248097e-11 	 5.309364e-13
12 	 169 	 Ey 	 1 	 -1.274860e-10 	 -2.858117e-12
12 	 170 	 Ey 	 1 	 -2.160109e-10 	 -7.159129e-12
12 	 171 	 Ey 	 1 	 -3.716503e-10 	 -1.044421e-11
12 	 172 	 Ey 	 1 	 -7.752971e-10 	 -1.172464e-11
12 	 173 	 Ey 	 1 	 -2.627347e-09 	 -1.088498e-11
12 	 174 	 Ey 	 1 	 -2.367037e-08 	 -1.015272e-11
12 	 175 	 Ey 	 1 	 -5.390184e-06 	 1.358176e-10
12 	 176 	 Ey 	 1 	 6.272045e-08 	 -5.691353e-13
12 	 177 	 Ey 	 1 	 -5.601848e-12 	 -2.930462e-13
12 	 178 	 Ey 	 1 	 -7.322450e-12 	 -3.108731e-13
12 	 179 	 Ey 	 1 	 -9.417277e-12 	 -1.587808e-13
12 	 180 	 Ey 	 1 	 -1.186122e-11 	 4.242108e-13
12 	 181 	 Ey 	 1 	 -1.536595e-11 	 1.628921e-12
12 	 182 	 Ey 	 1 	 -2.322181e-11 	 3.097707e-12
12 	 183 	 Ey 	 1 	 -4.372058e-11 	 3.811352e-12
12 	 184 	 Ey 	 1 	 -9.425291e-11 	 1.991074e-12
12 	 185 	 Ey 	 1 	 -1.996813e-10 	 -3.644688e-12
12 	 186 	 Ey 	 1 	 -3.877385e-10 	 -1.103227e-11
12 	 187 	 Ey 	 1 	 -7.512464e-10 	 -1.686698e-11
12 	 188 	 Ey 	 1 	 -1.678041e-09 	 -1.921948e-11
12 	 189 	 Ey 	 1 	 -4.883318e-09 	 -1.780843e-11
12 	 190 	 Ey 	 1 	 -1.675087e-08 	 -1.489319e-11
12 	 191 	 Ey 	 1 	 -7.991645e-09 	 -9.974298e-12
12 	 192 	 Ey 	 1 	 2.227559e-08 	 -3.847605e-12
12 	 193 	 Ey 	 1 	 -9.135307e-12 	 -2.585357e-13
12 	 194 	 Ey 	 1 	 -1.206843e-11 	 -2.780806e-13
12 	 195 	 Ey 	 1 	 -1.593041e-11 	 -1.241042e-13
12 	 196 	 Ey 	 1 	 -2.087568e-11 	 5.196934e-13
12 	 197 	 Ey 	 1 	 -2.776748e-11 	 1.945981e-12
12 	 198 	 Ey 	 1 	 -4.049466e-11 	 3.813457e-12
12 	 199 	 Ey 	 1 	 -6.862644e-11 	 4.936192e-12
12 	 200 	 Ey 	 1 	 -1.313828e-10 	 3.301426e-12
12 	 201 	 Ey 	 1 	 -2.556271e-10 	 -2.596934e-12
12 	 202 	 Ey 	 1 	 -4.688012e-10 	 -1.041290e-11
12 	 203 	 Ey 	 1 	 -8.380242e-10 	 -1.670790e-11
12 	 204 	 Ey 	 1 	 -1.546916e-09 	 -1.955697e-11
12 	 205 	 Ey 	 1 	 -2.909798e-09 	 -1.839003e-11
12 	 206 	 Ey 	 1 	 -4.264610e-09 	 -1.469043e-11
12 	 207 	 Ey 	 1 	 -8.046306e-10 	 -1.018080e-11
12 	 208 	 Ey 	 1 	 3.873526e-09 	 -6.328893e-12
12 	 209 	 Ey 	 1 	 -1.197519e-11 	 -1.374644e-13
12 	 210 	 Ey 	 1 	 -1.576855e-11 	 -1.209827e-13
12 	 211 	 Ey 	 1 	 -2.086941e-11 	 6.325150e-14
12 	 212 	 Ey 	 1 	 -2.770559e-11 	 6.796638e-13
12 	 213 	 Ey 	 1 	 -3.742794e-11 	 1.911822e-12
12 	 214 	 Ey 	 1 	 -5.361160e-11 	 3.469365e-12
12 	 215 	 Ey 	 1 	 -8.416171e-11 	 4.376314e-12
12 	 216 	 Ey 	 1 	 -1.428720e-10 	 3.147736e-12
12 	 217 	 Ey 	 1 	 -2.469815e-10 	 -1.095346e-12
12 	 218 	 Ey 	 1 	 -4.124457e-10 	 -6.848756e-12
12 	 219 	 Ey 	 1 	 -6.617853e-10 	 -1.174630e-11
12 	 220 	 Ey 	 1 	 -1.017236e-09 	 -1.440106e-11
12 	 221 	 Ey 	 1 	 -1.399763e-09 	 -1.432160e-11
12 	 222 	 Ey 	 1 	 -1.359131e-09 	 -1.221054e-11
12 	 223 	 Ey 	 1 	 -1.945717e-10 	 -9.295597e-12
12 	 224 	 Ey 	 1 	 1.040789e-09 	 -6.577005e-12
12 	 225 	 Ey 	 1 	 -1.396139e-11 	 4.291943e-14
12 	 226 	 Ey 	 1 	 -1.820075e-11 	 1.112168e-13
12 	 227 	 Ey 	 1 	 -2.390870e-11 	 3.281511e-13
12 	 228 	 Ey 	 1 	 -3.167950e-11 	 8.416104e-13
12 	 229 	 Ey 	 1 	 -4.278127e-11 	 1.704070e-12
12 	 230 	 Ey 	 1 	 -6.001245e-11 	 2.670547e-12
12 	 231 	 Ey 	 1 	 -8.860716e-11 	 3.099595e-12
12 	 232 	 Ey 	 1 	 -1.362592e-10 	 2.202761e-12
12 	 233 	 Ey 	 1 	 -2.110778e-10 	 -4.148157e-13
12 	 234 	 Ey 	 1 	 -3.182495e-10 	 -3.975134e-12
12 	 235 	 Ey 	 1 	 -4.566002e-10 	 -7.305150e-12
12 	 236 	 Ey 	 1 	 -6.044272e-10 	 -9.400246e-12
12 	 237 	 Ey 	 1 	 -6.834776e-10 	 -9.943360e-12
12 	 238 	 Ey 	 1 	 -5.441952e-10 	 -9.150077e-12
12 	 239 	 Ey 	 1 	 -7.388362e-11 	 -7.622095e-12
12 	 240 	 Ey 	 1 	 3.718729e-10 	 -5.968730e-12
12 	 241 	 Ey 	 1 	 -1.509060e-11 	 2.498075e-13
12 	 242 	 Ey 	 1 	 -1.942550e-11 	 3.554727e-13
12 	 243 	 Ey 	 1 	 -2.521588e-11 	 5.699042e-13
12 	 244 	 Ey 	 1 	 -3.305848e-11 	 9.466487e-13
12 	 245 	 Ey 	 1 	 -4.402638e-11 	 1.476852e-12
12 	 246 	 Ey 	 1 	 -6.002764e-11 	 1.975373e-12
12 	 247 	 Ey 	 1 	 -8.402575e-11 	 2.095397e-12
12 	 248 	 Ey 	 1 	 -1.195812e-10 	 1.440967e-12
12 	 249 	 Ey 	 1 	 -1.693633e-10 	 -1.655984e-13
12 	 250 	 Ey 	 1 	 -2.327299e-10 	 -2.329551e-12
12 	 251 	 Ey 	 1 	 -3.020489e-10 	 -4.427009e-12
12 	 252 	 Ey 	 1 	 -3.563689e-10 	 -6.009416e-12
12 	 253 	 Ey 	 1 	 -3.557492e-10 	 -6.694154e-12
12 	 254 	 Ey 	 1 	 -2.555513e-10 	 -6.617307e-12
12 	 255 	 Ey 	 1 	 -3.490843e-11 	 -5.933397e-12
12 	 256 	 Ey 	 1 	 1.603154e-10 	 -5.039188e-12
12 	 1 	 Ey 	 2 	 1.583075e-11 	 1.208651e-13
12 	 2 	 Ey 	 2 	 1.892881e-11 	 3.479330e-13
12 	 3 	 Ey 	 2 	 2.273450e-11 	 6.436740e-13
12 	 4 	 Ey 	 2 	 2.732677e-11 	 9.567494e-13
12 	 5 	 Ey 	 2 	 3.268988e-11 	 1.223219e-12
12 	 6 	 Ey 	 2 	 3.865943e-11 	 1.432968e-12
12 	 7 	 Ey 	 2 	 4.485322e-11 	 1.675705e-12
12 	 8 	 Ey 	 2 	 5.061183e-11 	 2.090429e-12
12 	 9 	 Ey 	 2 	 5.502520e-11 	 2.743818e-12
12 	 10 	 Ey 	 2 	 5.700651e-11 	 3.537763e-12
12 	 11 	 Ey 	 2 	 5.533384e-11 	 4.250975e-12
12 	 12 	 Ey 	 2 	 4.890794e-11 	 4.671091e-12
12 	 13 	 Ey 	 2 	 3.726212e-11 	 4.697364e-12
12 	 14 	 Ey 	 2 	 2.095452e-11 	 4.343834e-12
12 	 15 	 Ey 	 2 	 -1.531299e-12 	 3.718061e-12
12 	 16 	 Ey 	 2 	 -1.797995e-11 	 2.947012e-12
12 	 17 	 Ey 	 2 	 1.658676e-11 	 1.188630e-13
12 	 18 	 Ey 	 2 	 2.018528e-11 	 3.752976e-13
12 	 19 	 Ey 	 2 	 2.477692e-11 	 7.219136e-13
12 	 20 	 Ey 	 2 	 3.057629e-11 	 1.083521e-12
12 	 21 	 Ey 	 2 	 3.772260e-11 	 1.354602e-12
12 	 22 	 Ey 	 2 	 4.622792e-11 	 1.557899e-12
12 	 23 	 Ey 	 2 	 5.587502e-11 	 1.956800e-12
12 	 24 	 Ey 	 2 	 6.596088e-11 	 2.920780e-12
12 	 25 	 Ey 	 2 	 7.516305e-11 	 4.585156e-12
12 	 26 	 Ey 	 2 	 8.156124e-11 	 6.553428e-12
12 	 27 	 Ey 	 2 	 8.259222e-11 	 8.129449e-12
12 	 28 	 Ey 	 2 	 7.569195e-11 	 8.826499e-12
12 	 29 	 Ey 	 2 	 5.960605e-11 	 8.562779e-12
12 	 30 	 Ey 	 2 	 3.514530e-11 	 7.568817e-12
12 	 31 	 Ey 	 2 	 8.388652e-13 	 6.196739e-12
12 	 32 	 Ey 	 2 	 -2.520656e-11 	 4.743526e-12
12 	 33 	 Ey 	 2 	 1.689615e-11 	 -2.781736e-14
12 	 34 	 Ey 	 2 	 2.086492e-11 	 1.700802e-13
12 	 35 	 Ey 	 2 	 2.608222e-11 	 4.387530e-13
12 	 36 	 Ey 	 2 	 3.294331e-11 	 6.689850e-13
12 	 37 	 Ey 	 2 	 4.184785e-11 	 7.050359e-13
12 	 38 	 Ey 	 2 	 5.325115e-11 	 6.823519e-13
12 	 39 	 Ey 	 2 	 6.762833e-11 	 1.245567e-12
12 	 40 	 Ey 	 2 	 8.488783e-11 	 3.332221e-12
12 	 41 	 Ey 	 2 	 1.034690e-10 	 7.302924e-12
12 	 42 	 Ey 	 2 	 1.197329e-10 	 1.188842e-11
12 	 43 	 Ey 	 2 	 1.279648e-10 	 1.517034e-11
12 	 44 	 Ey 	 2 	 1.221814e-10 	 1.611580e-11
12 	 45 	 Ey 	 2 	 9.935983e-11 	 1.487110e-11
12 	 46 	 Ey 	 2 	 6.085834e-11 	 1.238394e-11
12 	 47 	 Ey 	 2 	 5.595162e-12 	 9.607227e-12
12 	 48 	 Ey 	 2 	 -3.785621e-11 	 7.048116e-12
12 	 49 	 Ey 	 2 	 1.663827e-11 	 -3.213073e-13
12 	 50 	 Ey 	 2 	 2.075255e-11 	 -3.093337e-13
12 	 51 	 Ey 	 2 	 2.623210e-11 	 -3.480072e-13
12 	 52 	 Ey 	 2 	 3.360844e-11 	 -6.041860e-13
12 	 53 	 Ey 	 2 	 4.364893e-11 	 -1.216574e-12
12 	 54 	 Ey 	 2 	 5.762671e-11 	 -1.774067e-12
12 	 55 	 Ey 	 2 	 7.748522e-11 	 -1.059895e-12
12 	 56 	 Ey 	 2 	 1.052674e-10 	 2.806759e-12
12 	 57 	 Ey 	 2 	 1.404347e-10 	 1.072283e-11
12 	 58 	 Ey 	 2 	 1.762373e-10 	 1.973093e-11
12 	 59 	 Ey 	 2 	 2.008979e-10 	 2.572999e-11
12 	 60 	 Ey 	 2 	 2.017136e-10 	 2.682742e-11
12 	 61 	 Ey 	 2 	 1.707119e-10 	 2.362332e-11
12 	 62 	 Ey 	 2 	 1.085073e-10 	 1.858491e-11
12 	 63 	 Ey 	 2 	 1.429796e-11 	 1.369888e-11
12 	 64 	 Ey 	 2 	 -6.265306e-11 	 9.626159e-12
12 	 65 	 Ey 	 2 	 1.576024e-11 	 -6.871857e-13
12 	 66 	 Ey 	 2 	 1.979115e-11 	 -9.349920e-13
12 	 67 	 Ey 	 2 	 2.517524e-11 	 -1.420054e-12
12 	 68 	 Ey 	 2 	 3.252424e-11 	 -2.350977e-12
12 	 69 	 Ey 	 2 	 4.304323e-11 	 -3.720239e-12
12 	 70 	 Ey 	 2 	 5.902698e-11 	 -4.804112e-12
12 	 71 	 Ey 	 2 	 8.429098e-11 	 -3.943757e-12
12 	 72 	 Ey 	 2 	 1.241763e-10 	 1.527401e-12
12 	 73 	 Ey 	 2 	 1.812008e-10 	 1.298192e-11
12 	 74 	 Ey 	 2 	 2.466737e-10 	 2.613418e-11
12 	 75 	 Ey 	 2 	 3.029227e-10 	 3.503170e-11
12 	 76 	 Ey 	 2 	 3.275945e-10 	 3.682619e-11
12 	 77 	 Ey 	 2 	 2.978448e-10 	 3.218871e-11
12 	 78 	 Ey 	 2 	 2.001330e-10 	 2.476539e-11
12 	 79 	 Ey 	 2 	 2.941300e-11 	 1.766532e-11
12 	 80 	 Ey 	 2 	 -1.172203e-10 	 1.195529e-11
12 	 81 	 Ey 	 2 	 1.426679e-11 	 -9.958956e-13
12 	 82 	 Ey 	 2 	 1.804865e-11 	 -1.439223e-12
12 	 83 	 Ey 	 2 	 2.317486e-11 	 -2.218439e-12
12 	 84 	 Ey 	 2 	 3.038200e-11 	 -3.507674e-12
12 	 85 	 Ey 	 2 	 4.123936e-11 	 -5.199270e-12
12 	 86 	 Ey 	 2 	 5.886696e-11 	 -6.499932e-12
12 	 87 	 Ey 	 2 	 8.887571e-11 	 -5.615417e-12
12 	 88 	 Ey 	 2 	 1.401275e-10 	 4.023694e-13
12 	 89 	 Ey 	 2 	 2.201099e-10 	 1.317896e-11
12 	 90 	 Ey 	 2 	 3.242294e-10 	 2.837829e-11
12 	 91 	 Ey 	 2 	 4.363487e-10 	 3.943769e-11
12 	 92 	 Ey 	 2 	 5.260480e-10 	 4.267395e-11
12 	 93 	 Ey 	 2 	 5.370734e-10 	 3.804010e-11
12 	 94 	 Ey 	 2 	 3.951489e-10 	 2.926605e-11
12 	 95 	 Ey 	 2 	 5.775347e-11 	 2.042071e-11
12 	 96 	 Ey 	 2 	 -2.525537e-10 	 1.326670e-11
12 	 97 	 Ey 	 2 	 1.216986e-11 	 -1.147020e-12
12 	 98 	 Ey 	 2 	 1.554159e-11 	 -1.638329e-12
12 	 99 	 Ey 	 2 	 2.023374e-11 	 -2.440759e-12
12 	 100 	 Ey 	 2 	 2.706248e-11 	 -3.690655e-12
12 	 101 	 Ey 	 2 	 3.775773e-11 	 -5.305902e-12
12 	 102 	 Ey 	 2 	 5.592086e-11 	 -6.609491e-12
12 	 103 	 Ey 	 2 	 8.856004e-11 	 -5.922291e-12
12 	 104 	 Ey 	 2 	 1.480231e-10 	 -3.176169e-13
12 	 105 	 Ey 	 2 	 2.490267e-10 	 1.209301e-11
12 	 106 	 Ey 	 2 	 3.993909e-10 	 2.757961e-11
12 	 107 	 Ey 	 2 	 6.021613e-10 	 3.984977e-11
12 	 108 	 Ey 	 2 	 8.438729e-10 	 4.448997e-11
12 	 109 	 Ey 	 2 	 1.030332e-09 	 4.036279e-11
12 	 110 	 Ey 	 2 	 8.894603e-10 	 3.096812e-11
12 	 111 	 Ey 	 2 	 1.289599e-10 	 2.085354e-11
12 	 112 	 Ey 	 2 	 -6.436696e-10 	 1.262456e-11
12 	 113 	 Ey 	 2 	 9.478296e-12 	 -1.120474e-12
12 	 114 	 Ey 	 2 	 1.222678e-11 	 -1.525895e-12
12 	 115 	 Ey 	 2 	 1.615708e-11 	 -2.146374e-12
12 	 116 	 Ey 	 2 	 2.203218e-11 	 -3.101829e-12
12 	 117 	 Ey 	 2 	 3.146367e-11 	 -4.395422e-12
12 	 118 	 Ey 	 2 	 4.797032e-11 	 -5.573036e-12
12 	 119 	 Ey 	 2 	 7.890446e-11 	 -5.300181e-12
12 	 120 	 Ey 	 2 	 1.386223e-10 	 -1.029037e-12
12 	 121 	 Ey 	 2 	 2.488801e-10 	 9.216950e-12
12 	 122 	 Ey 	 2 	 4.369308e-10 	 2.279234e-11
12 	 123 	 Ey 	 2 	 7.539112e-10 	 3.455212e-11
12 	 124 	 Ey 	 2 	 1.294181e-09 	 4.004241e-11
12 	 125 	 Ey 	 2 	 2.097571e-09 	 3.721241e-11
12 	 126 	 Ey 	 2 	 2.470202e-09 	 2.865460e-11
12 	 127 	 Ey 	 2 	 4.169251e-10 	 1.803181e-11
12 	 128 	 Ey 	 2 	 -2.072556e-09 	 8.742526e-12
12 	 129 	 Ey 	 2 	 6.237957e-12 	 -9.621918e-13
12 	 130 	 Ey 	 2 	 8.114672e-12 	 -1.202337e-12
12 	 131 	 Ey 	 2 	 1.087956e-11 	 -1.520326e-12
12 	 132 	 Ey 	 2 	 1.509441e-11 	 -2.011713e-12
12 	 133 	 Ey 	 2 	 2.191626e-11 	 -2.772590e-12
12 	 134 	 Ey 	 2 	 3.395722e-11 	 -3.663779e-12
12 	 135 	 Ey 	 2 	 5.700189e-11 	 -3.992056e-12
12 	 136 	 Ey 	 2 	 1.034343e-10 	 -2.155351e-12
12 	 137 	 Ey 	 2 	 1.959426e-10 	 3.457548e-12
12 	 138 	 Ey 	 2 	 3.756609e-10 	 1.180477e-11
12 	 139 	 Ey 	 2 	 7.493653e-10 	 2.009983e-11
12 	 140 	 Ey 	 2 	 1.644297e-09 	 2.520871e-11
12 	 141 	 Ey 	 2 	 4.051135e-09 	 2.537041e-11
12 	 142 	 Ey 	 2 	 8.971505e-09 	 2.283827e-11
12 	 143 	 Ey 	 2 	 2.658781e-09 	 1.241146e-11
12 	 144 	 Ey 	 2 	 -9.633721e-09 	 -1.598736e-12
12 	 145 	 Ey 	 2 	 1.410346e-12 	 -7.462942e-13
12 	 146 	 Ey 	 2 	 2.008164e-12 	 -8.047252e-13
12 	 147 	 Ey 	 2 	 3.015358e-12 	 -7.771411e-13
12 	 148 	 Ey 	 2 	 4.674925e-12 	 -6.897873e-13
12 	 149 	 Ey 	 2 	 7.376348e-12 	 -6.987062e-13
12 	 150 	 Ey 	 2 	 1.196636e-11 	 -1.052532e-12
12 	 151 	 Ey 	 2 	 2.039121e-11 	 -2.027225e-12
12 	 152 	 Ey 	 2 	 3.750366e-11 	 -3.660503e-12
12 	 153 	 Ey 	 2 	 7.520951e-11 	 -5.361768e-12
12 	 154 	 Ey 	 2 	 1.626235e-10 	 -6.089051e-12
12 	 155 	 Ey 	 2 	 3.866929e-10 	 -4.976035e-12
12 	 156 	 Ey 	 2 	 1.094518e-09 	 -2.307177e-12
12 	 157 	 Ey 	 2 	 4.317730e-09 	 1.601149e-12
12 	 158 	 Ey 	 2 	 2.983484e-08 	 1.551917e-11
12 	 159 	 Ey 	 2 	 -5.657674e-08 	 2.226546e-11
12 	 160 	 Ey 	 2 	 -6.579106e-08 	 -3.161826e-11
12 	 161 	 Ey 	 2 	 -1.199918e-11 	 -5.538719e-13
12 	 162 	 Ey 	 2 	 -1.413572e-11 	 -4.788802e-13
12 	 163 	 Ey 	 2 	 -1.677331e-11 	 -1.620807e-13
12 	 164 	 Ey 	 2 	 -2.012577e-11 	 5.129422e-13
12 	 165 	 Ey 	 2 	 -2.482940e-11 	 1.426558e-12
12 	 166 	 Ey 	 2 	 -3.244909e-11 	 1.940976e-12
12 	 167 	 Ey 	 2 	 -4.655179e-11 	 6.306095e-13
12 	 168 	 Ey 	 2 	 -7.428982e-11 	 -4.801220e-12
12 	 169 	 Ey 	 2 	 -1.248948e-10 	 -1.548262e-11
12 	 170 	 Ey 	 2 	 -2.078163e-10 	 -2.785205e-11
12 	 171 	 Ey 	 2 	 -3.589125e-10 	 -3.640187e-11
12 	 172 	 Ey 	 2 	 -7.601541e-10 	 -3.790041e-11
12 	 173 	 Ey 	 2 	 -2.612208e-09 	 -3.331410e-11
12 	 174 	 Ey 	 2 	 -2.365496e-08 	 -3.568625e-11
12 	 175 	 Ey 	 2 	 -5.389507e-06 	 -7.722599e-10
12 	 176 	 Ey 	 2 	 6.272012e-08 	 1.974593e-11
12 	 177 	 Ey 	 2 	 -5.301631e-12 	 -3.724706e-13
12 	 178 	 Ey 	 2 	 -7.134330e-12 	 -2.435471e-13
12 	 179 	 Ey 	 2 	 -9.644881e-12 	 2.120470e-13
12 	 180 	 Ey 	 2 	 -1.316596e-11 	 1.290091e-12
12 	 181 	 Ey 	 2 	 -1.865542e-11 	 3.056248e-12
12 	 182 	 Ey 	 2 	 -2.889039e-11 	 4.640161e-12
12 	 183 	 Ey 	 2 	 -5.073268e-11 	 3.684489e-12
12 	 184 	 Ey 	 2 	 -9.925998e-11 	 -4.215303e-12
12 	 185 	 Ey 	 2 	 -1.976878e-10 	 -2.216745e-11
12 	 186 	 Ey 	 2 	 -3.765719e-10 	 -4.410692e-11
12 	 187 	 Ey 	 2 	 -7.327102e-10 	 -6.040685e-11
12 	 188 	 Ey 	 2 	 -1.655653e-09 	 -6.480468e-11
12 	 189 	 Ey 	 2 	 -4.860924e-09 	 -5.729493e-11
12 	 190 	 Ey 	 2 	 -1.673044e-08 	 -4.863926e-11
12 	 191 	 Ey 	 2 	 -7.976866e-09 	 -2.956251e-11
12 	 192 	 Ey 	 2 	 2.228304e-08 	 2.612466e-15
12 	 193 	 Ey 	 2 	 -8.918573e-12 	 -2.164644e-13
12 	 194 	 Ey 	 2 	 -1.196855e-11 	 -9.352381e-14
12 	 195 	 Ey 	 2 	 -1.627328e-11 	 3.416336e-13
12 	 196 	 Ey 	 2 	 -2.243646e-11 	 1.451263e-12
12 	 197 	 Ey 	 2 	 -3.172448e-11 	 3.456842e-12
12 	 198 	 Ey 	 2 	 -4.749006e-11 	 5.522665e-12
12 	 199 	 Ey 	 2 	 -7.764665e-11 	 5.103423e-12
12 	 200 	 Ey 	 2 	 -1.386325e-10 	 -2.531171e-12
12 	 201 	 Ey 	 2 	 -2.553355e-10 	 -2.073329e-11
12 	 202 	 Ey 	 2 	 -4.584244e-10 	 -4.325160e-11
12 	 203 	 Ey 	 2 	 -8.194547e-10 	 -6.030859e-11
12 	 204 	 Ey 	 2 	 -1.523777e-09 	 -6.568362e-11
12 	 205 	 Ey 	 2 	 -2.886341e-09 	 -5.820529e-11
12 	 206 	 Ey 	 2 	 -4.244266e-09 	 -4.399489e-11
12 	 207 	 Ey 	 2 	 -7.891303e-10 	 -2.729160e-11
12 	 208 	 Ey 	 2 	 3.884602e-09 	 -1.286351e-11
12 	 209 	 Ey 	 2 	 -1.193721e-11 	 -3.289015e-14
12 	 210 	 Ey 	 2 	 -1.588723e-11 	 8.277161e-14
12 	 211 	 Ey 	 2 	 -2.146153e-11 	 4.479377e-13
12 	 212 	 Ey 	 2 	 -2.943995e-11 	 1.328190e-12
12 	 213 	 Ey 	 2 	 -4.124590e-11 	 2.850752e-12
12 	 214 	 Ey 	 2 	 -5.999456e-11 	 4.336080e-12
12 	 215 	 Ey 	 2 	 -9.216371e-11 	 3.801962e-12
12 	 216 	 Ey 	 2 	 -1.494031e-10 	 -1.913276e-12
12 	 217 	 Ey 	 2 	 -2.477576e-10 	 -1.449477e-11
12 	 218 	 Ey 	 2 	 -4.053139e-10 	 -3.007467e-11
12 	 219 	 Ey 	 2 	 -6.477314e-10 	 -4.241822e-11
12 	 220 	 Ey 	 2 	 -9.988281e-10 	 -4.739056e-11
12 	 221 	 Ey 	 2 	 -1.380238e-09 	 -4.393119e-11
12 	 222 	 Ey 	 2 	 -1.341325e-09 	 -3.478206e-11
12 	 223 	 Ey 	 2 	 -1.799930e-10 	 -2.391283e-11
12 	 224 	 Ey 	 2 	 1.052043e-09 	 -1.448844e-11
12 	 225 	 Ey 	 2 	 -1.417621e-11 	 1.892710e-13
12 	 226 	 Ey 	 2 	 -1.862072e-11 	 3.123985e-13
12 	 227 	 Ey 	 2 	 -2.479367e-11 	 6.083411e-13
12 	 228 	 Ey 	 2 	 -3.348600e-11 	 1.203883e-12
12 	 229 	 Ey 	 2 	 -4.602535e-11 	 2.076271e-12
12 	 230 	 Ey 	 2 	 -6.484822e-11 	 2.709142e-12
12 	 231 	 Ey 	 2 	 -9.422457e-11 	 1.889152e-12
12 	 232 	 Ey 	 2 	 -1.406283e-10 	 -1.954056e-12
12 	 233 	 Ey 	 2 	 -2.116670e-10 	 -9.342112e-12
12 	 234 	 Ey 	 2 	 -3.135853e-10 	 -1.840442e-11
12 	 235 	 Ey 	 2 	 -4.469354e-10 	 -2.603653e-11
12 	 236 	 Ey 	 2 	 -5.912451e-10 	 -2.988025e-11
12 	 237 	 Ey 	 2 	 -6.688357e-10 	 -2.912882e-11
12 	 238 	 Ey 	 2 	 -5.300598e-10 	 -2.468817e-11
12 	 239 	 Ey 	 2 	 -6.149681e-11 	 -1.857938e-11
12 	 240 	 Ey 	 2 	 3.821112e-10 	 -1.267402e-11
12 	 241 	 Ey 	 2 	 -1.558821e-11 	 4.346861e-13
12 	 242 	 Ey 	 2 	 -2.015039e-11 	 5.680583e-13
12 	 243 	 Ey 	 2 	 -2.634582e-11 	 8.012667e-13
12 	 244 	 Ey 	 2 	 -3.484714e-11 	 1.165611e-12
12 	 245 	 Ey 	 2 	 -4.669031e-11 	 1.573036e-12
12 	 246 	 Ey 	 2 	 -6.350064e-11 	 1.671809e-12
12 	 247 	 Ey 	 2 	 -8.767348e-11 	 8.118774e-13
12 	 248 	 Ey 	 2 	 -1.221735e-10 	 -1.686457e-12
12 	 249 	 Ey 	 2 	 -1.694893e-10 	 -5.930706e-12
12 	 250 	 Ey 	 2 	 -2.294925e-10 	 -1.104261e-11
12 	 251 	 Ey 	 2 	 -2.954563e-10 	 -1.556008e-11
12 	 252 	 Ey 	 2 	 -3.471571e-10 	 -1.824480e-11
12 	 253 	 Ey 	 2 	 -3.451511e-10 	 -1.850234e-11
12 	 254 	 Ey 	 2 	 -2.447920e-10 	 -1.659872e-11
12 	 255 	 Ey 	 2 	 -2.492535e-11 	 -1.340498e-11
12 	 256 	 Ey 	 2 	 1.690631e-10 	 -9.909047e-12
