iTx 	 iRx    chrec  ifreq 	 emf_real 	 emf_imag
14 	 1 	 Ex 	 1 	 -2.155231e-11 	 8.082280e-12
14 	 2 	 Ex 	 1 	 -2.384828e-11 	 8.609627e-12
14 	 3 	 Ex 	 1 	 -2.570250e-11 	 9.029683e-12
14 	 4 	 Ex 	 1 	 -2.699357e-11 	 9.364511e-12
14 	 5 	 Ex 	 1 	 -2.783428e-11 	 9.602718e-12
14 	 6 	 Ex 	 1 	 -2.680422e-11 	 9.772028e-12
14 	 7 	 Ex 	 1 	 -2.890486e-11 	 9.888855e-12
14 	 8 	 Ex 	 1 	 -2.906210e-11 	 9.934544e-12
14 	 9 	 Ex 	 1 	 -2.876168e-11 	 9.850241e-12
14 	 10 	 Ex 	 1 	 -2.768221e-11 	 9.585681e-12
14 	 11 	 Ex 	 1 	 -2.580362e-11 	 9.133188e-12
14 	 12 	 Ex 	 1 	 -2.334507e-11 	 8.499278e-12
14 	 13 	 Ex 	 1 	 -2.057462e-11 	 7.723170e-12
14 	 14 	 Ex 	 1 	 -1.772035e-11 	 6.908705e-12
14 	 15 	 Ex 	 1 	 -1.491941e-11 	 6.190888e-12
14 	 16 	 Ex 	 1 	 -1.236035e-11 	 5.560212e-12
14 	 17 	 Ex 	 1 	 -2.411486e-11 	 9.636632e-12
14 	 18 	 Ex 	 1 	 -2.705181e-11 	 1.036139e-11
14 	 19 	 Ex 	 1 	 -2.932636e-11 	 1.095132e-11
14 	 20 	 Ex 	 1 	 -3.074942e-11 	 1.135542e-11
14 	 21 	 Ex 	 1 	 -3.150354e-11 	 1.161492e-11
14 	 22 	 Ex 	 1 	 -3.021976e-11 	 1.181140e-11
14 	 23 	 Ex 	 1 	 -3.281262e-11 	 1.199675e-11
14 	 24 	 Ex 	 1 	 -3.343726e-11 	 1.212916e-11
14 	 25 	 Ex 	 1 	 -3.341416e-11 	 1.212596e-11
14 	 26 	 Ex 	 1 	 -3.208630e-11 	 1.184110e-11
14 	 27 	 Ex 	 1 	 -2.951794e-11 	 1.123247e-11
14 	 28 	 Ex 	 1 	 -2.615981e-11 	 1.035210e-11
14 	 29 	 Ex 	 1 	 -2.240117e-11 	 9.327778e-12
14 	 30 	 Ex 	 1 	 -1.859711e-11 	 8.318067e-12
14 	 31 	 Ex 	 1 	 -1.510688e-11 	 7.398925e-12
14 	 32 	 Ex 	 1 	 -1.215177e-11 	 6.549826e-12
14 	 33 	 Ex 	 1 	 -2.714282e-11 	 1.143808e-11
14 	 34 	 Ex 	 1 	 -3.123290e-11 	 1.229819e-11
14 	 35 	 Ex 	 1 	 -3.429423e-11 	 1.302835e-11
14 	 36 	 Ex 	 1 	 -3.580836e-11 	 1.354502e-11
14 	 37 	 Ex 	 1 	 -3.619357e-11 	 1.384238e-11
14 	 38 	 Ex 	 1 	 -3.445143e-11 	 1.404870e-11
14 	 39 	 Ex 	 1 	 -3.780684e-11 	 1.427435e-11
14 	 40 	 Ex 	 1 	 -3.941886e-11 	 1.452336e-11
14 	 41 	 Ex 	 1 	 -4.010143e-11 	 1.461963e-11
14 	 42 	 Ex 	 1 	 -3.823679e-11 	 1.433258e-11
14 	 43 	 Ex 	 1 	 -3.418265e-11 	 1.367754e-11
14 	 44 	 Ex 	 1 	 -2.907642e-11 	 1.272239e-11
14 	 45 	 Ex 	 1 	 -2.368885e-11 	 1.150436e-11
14 	 46 	 Ex 	 1 	 -1.870756e-11 	 1.014717e-11
14 	 47 	 Ex 	 1 	 -1.462391e-11 	 8.795352e-12
14 	 48 	 Ex 	 1 	 -1.148170e-11 	 7.516783e-12
14 	 49 	 Ex 	 1 	 -3.034110e-11 	 1.371188e-11
14 	 50 	 Ex 	 1 	 -3.615585e-11 	 1.482523e-11
14 	 51 	 Ex 	 1 	 -4.059921e-11 	 1.574709e-11
14 	 52 	 Ex 	 1 	 -4.245534e-11 	 1.633007e-11
14 	 53 	 Ex 	 1 	 -4.226234e-11 	 1.660411e-11
14 	 54 	 Ex 	 1 	 -3.991018e-11 	 1.677514e-11
14 	 55 	 Ex 	 1 	 -4.432736e-11 	 1.701754e-11
14 	 56 	 Ex 	 1 	 -4.761485e-11 	 1.739880e-11
14 	 57 	 Ex 	 1 	 -4.943909e-11 	 1.769967e-11
14 	 58 	 Ex 	 1 	 -4.619288e-11 	 1.751283e-11
14 	 59 	 Ex 	 1 	 -3.936013e-11 	 1.685433e-11
14 	 60 	 Ex 	 1 	 -3.149676e-11 	 1.575935e-11
14 	 61 	 Ex 	 1 	 -2.396239e-11 	 1.412276e-11
14 	 62 	 Ex 	 1 	 -1.769564e-11 	 1.218613e-11
14 	 63 	 Ex 	 1 	 -1.308689e-11 	 1.032780e-11
14 	 64 	 Ex 	 1 	 -9.681313e-12 	 8.825715e-12
14 	 65 	 Ex 	 1 	 -3.339293e-11 	 1.648967e-11
14 	 66 	 Ex 	 1 	 -4.170625e-11 	 1.803057e-11
14 	 67 	 Ex 	 1 	 -4.848933e-11 	 1.926276e-11
14 	 68 	 Ex 	 1 	 -5.135377e-11 	 1.998261e-11
14 	 69 	 Ex 	 1 	 -5.086485e-11 	 2.027280e-11
14 	 70 	 Ex 	 1 	 -4.797626e-11 	 2.042655e-11
14 	 71 	 Ex 	 1 	 -5.379885e-11 	 2.062085e-11
14 	 72 	 Ex 	 1 	 -5.913558e-11 	 2.102906e-11
14 	 73 	 Ex 	 1 	 -6.202426e-11 	 2.145517e-11
14 	 74 	 Ex 	 1 	 -5.601275e-11 	 2.139143e-11
14 	 75 	 Ex 	 1 	 -4.455923e-11 	 2.077694e-11
14 	 76 	 Ex 	 1 	 -3.254150e-11 	 1.950349e-11
14 	 77 	 Ex 	 1 	 -2.230905e-11 	 1.721429e-11
14 	 78 	 Ex 	 1 	 -1.488280e-11 	 1.449236e-11
14 	 79 	 Ex 	 1 	 -9.905973e-12 	 1.219285e-11
14 	 80 	 Ex 	 1 	 -6.568037e-12 	 1.037612e-11
14 	 81 	 Ex 	 1 	 -3.556749e-11 	 1.974968e-11
14 	 82 	 Ex 	 1 	 -4.754400e-11 	 2.187295e-11
14 	 83 	 Ex 	 1 	 -5.818198e-11 	 2.361494e-11
14 	 84 	 Ex 	 1 	 -6.368923e-11 	 2.465338e-11
14 	 85 	 Ex 	 1 	 -6.419995e-11 	 2.510745e-11
14 	 86 	 Ex 	 1 	 -6.132024e-11 	 2.532994e-11
14 	 87 	 Ex 	 1 	 -6.879214e-11 	 2.541080e-11
14 	 88 	 Ex 	 1 	 -7.561902e-11 	 2.563135e-11
14 	 89 	 Ex 	 1 	 -7.814107e-11 	 2.602065e-11
14 	 90 	 Ex 	 1 	 -6.722457e-11 	 2.596448e-11
14 	 91 	 Ex 	 1 	 -4.896065e-11 	 2.531379e-11
14 	 92 	 Ex 	 1 	 -3.125111e-11 	 2.380549e-11
14 	 93 	 Ex 	 1 	 -1.783785e-11 	 2.086204e-11
14 	 94 	 Ex 	 1 	 -9.477918e-12 	 1.729498e-11
14 	 95 	 Ex 	 1 	 -4.702272e-12 	 1.432361e-11
14 	 96 	 Ex 	 1 	 -1.958323e-12 	 1.202923e-11
14 	 97 	 Ex 	 1 	 -3.520647e-11 	 2.369558e-11
14 	 98 	 Ex 	 1 	 -5.252343e-11 	 2.651434e-11
14 	 99 	 Ex 	 1 	 -6.977171e-11 	 2.894839e-11
14 	 100 	 Ex 	 1 	 -8.116850e-11 	 3.058093e-11
14 	 101 	 Ex 	 1 	 -8.552065e-11 	 3.143106e-11
14 	 102 	 Ex 	 1 	 -8.397388e-11 	 3.181223e-11
14 	 103 	 Ex 	 1 	 -9.320875e-11 	 3.171643e-11
14 	 104 	 Ex 	 1 	 -9.972838e-11 	 3.151525e-11
14 	 105 	 Ex 	 1 	 -9.872417e-11 	 3.157183e-11
14 	 106 	 Ex 	 1 	 -7.907362e-11 	 3.134183e-11
14 	 107 	 Ex 	 1 	 -5.079740e-11 	 3.056817e-11
14 	 108 	 Ex 	 1 	 -2.572180e-11 	 2.877390e-11
14 	 109 	 Ex 	 1 	 -9.055044e-12 	 2.509361e-11
14 	 110 	 Ex 	 1 	 -5.715578e-13 	 2.054212e-11
14 	 111 	 Ex 	 1 	 3.071251e-12 	 1.670568e-11
14 	 112 	 Ex 	 1 	 4.384733e-12 	 1.368719e-11
14 	 113 	 Ex 	 1 	 -2.910027e-11 	 2.848943e-11
14 	 114 	 Ex 	 1 	 -5.364346e-11 	 3.234201e-11
14 	 115 	 Ex 	 1 	 -8.196818e-11 	 3.584329e-11
14 	 116 	 Ex 	 1 	 -1.057157e-10 	 3.846611e-11
14 	 117 	 Ex 	 1 	 -1.202001e-10 	 4.007424e-11
14 	 118 	 Ex 	 1 	 -1.233139e-10 	 4.079667e-11
14 	 119 	 Ex 	 1 	 -1.339925e-10 	 4.038885e-11
14 	 120 	 Ex 	 1 	 -1.356908e-10 	 3.941373e-11
14 	 121 	 Ex 	 1 	 -1.245411e-10 	 3.870591e-11
14 	 122 	 Ex 	 1 	 -8.931211e-11 	 3.794166e-11
14 	 123 	 Ex 	 1 	 -4.649417e-11 	 3.679862e-11
14 	 124 	 Ex 	 1 	 -1.257267e-11 	 3.450630e-11
14 	 125 	 Ex 	 1 	 6.413816e-12 	 2.983959e-11
14 	 126 	 Ex 	 1 	 1.316135e-11 	 2.404561e-11
14 	 127 	 Ex 	 1 	 1.417213e-11 	 1.921886e-11
14 	 128 	 Ex 	 1 	 1.316329e-11 	 1.557806e-11
14 	 129 	 Ex 	 1 	 -1.133627e-11 	 3.427424e-11
14 	 130 	 Ex 	 1 	 -4.404775e-11 	 3.965704e-11
14 	 131 	 Ex 	 1 	 -8.997326e-11 	 4.488017e-11
14 	 132 	 Ex 	 1 	 -1.389529e-10 	 4.914913e-11
14 	 133 	 Ex 	 1 	 -1.789236e-10 	 5.227052e-11
14 	 134 	 Ex 	 1 	 -1.959000e-10 	 5.376736e-11
14 	 135 	 Ex 	 1 	 -2.060539e-10 	 5.286789e-11
14 	 136 	 Ex 	 1 	 -1.903981e-10 	 5.036080e-11
14 	 137 	 Ex 	 1 	 -1.541867e-10 	 4.809290e-11
14 	 138 	 Ex 	 1 	 -9.163661e-11 	 4.619614e-11
14 	 139 	 Ex 	 1 	 -2.905876e-11 	 4.417650e-11
14 	 140 	 Ex 	 1 	 1.345866e-11 	 4.091334e-11
14 	 141 	 Ex 	 1 	 3.181890e-11 	 3.497586e-11
14 	 142 	 Ex 	 1 	 3.353993e-11 	 2.778451e-11
14 	 143 	 Ex 	 1 	 2.952208e-11 	 2.188405e-11
14 	 144 	 Ex 	 1 	 2.469128e-11 	 1.763663e-11
14 	 145 	 Ex 	 1 	 2.867119e-11 	 4.113049e-11
14 	 146 	 Ex 	 1 	 -8.088887e-12 	 4.878440e-11
14 	 147 	 Ex 	 1 	 -7.784714e-11 	 5.666875e-11
14 	 148 	 Ex 	 1 	 -1.771648e-10 	 6.400001e-11
14 	 149 	 Ex 	 1 	 -2.834371e-10 	 7.003297e-11
14 	 150 	 Ex 	 1 	 -3.434264e-10 	 7.318261e-11
14 	 151 	 Ex 	 1 	 -3.446184e-10 	 7.151485e-11
14 	 152 	 Ex 	 1 	 -2.730001e-10 	 6.614403e-11
14 	 153 	 Ex 	 1 	 -1.763312e-10 	 6.073495e-11
14 	 154 	 Ex 	 1 	 -6.880418e-11 	 5.650183e-11
14 	 155 	 Ex 	 1 	 1.508170e-11 	 5.272871e-11
14 	 156 	 Ex 	 1 	 6.018069e-11 	 4.793180e-11
14 	 157 	 Ex 	 1 	 7.070648e-11 	 4.030206e-11
14 	 158 	 Ex 	 1 	 6.196296e-11 	 3.160119e-11
14 	 159 	 Ex 	 1 	 4.961477e-11 	 2.468516e-11
14 	 160 	 Ex 	 1 	 3.896890e-11 	 1.978044e-11
14 	 161 	 Ex 	 1 	 1.069639e-10 	 4.888505e-11
14 	 162 	 Ex 	 1 	 8.627114e-11 	 5.971933e-11
14 	 163 	 Ex 	 1 	 1.583626e-12 	 7.202391e-11
14 	 164 	 Ex 	 1 	 -1.879290e-10 	 8.487255e-11
14 	 165 	 Ex 	 1 	 -4.756351e-10 	 9.684022e-11
14 	 166 	 Ex 	 1 	 -6.855320e-10 	 1.037262e-10
14 	 167 	 Ex 	 1 	 -6.422267e-10 	 1.006970e-10
14 	 168 	 Ex 	 1 	 -3.833782e-10 	 8.973319e-11
14 	 169 	 Ex 	 1 	 -1.434659e-10 	 7.815559e-11
14 	 170 	 Ex 	 1 	 2.196798e-11 	 6.933275e-11
14 	 171 	 Ex 	 1 	 1.091533e-10 	 6.228663e-11
14 	 172 	 Ex 	 1 	 1.363018e-10 	 5.498703e-11
14 	 173 	 Ex 	 1 	 1.252216e-10 	 4.543474e-11
14 	 174 	 Ex 	 1 	 9.853560e-11 	 3.533590e-11
14 	 175 	 Ex 	 1 	 7.402368e-11 	 2.755129e-11
14 	 176 	 Ex 	 1 	 5.538369e-11 	 2.190630e-11
14 	 177 	 Ex 	 1 	 2.408144e-10 	 5.734824e-11
14 	 178 	 Ex 	 1 	 2.932248e-10 	 7.247580e-11
14 	 179 	 Ex 	 1 	 2.716552e-10 	 9.149843e-11
14 	 180 	 Ex 	 1 	 -8.504465e-12 	 1.144335e-10
14 	 181 	 Ex 	 1 	 -7.979067e-10 	 1.388383e-10
14 	 182 	 Ex 	 1 	 -1.635767e-09 	 1.541683e-10
14 	 183 	 Ex 	 1 	 -1.370940e-09 	 1.485211e-10
14 	 184 	 Ex 	 1 	 -4.240256e-10 	 1.260876e-10
14 	 185 	 Ex 	 1 	 1.097736e-10 	 1.025204e-10
14 	 186 	 Ex 	 1 	 2.712515e-10 	 8.505080e-11
14 	 187 	 Ex 	 1 	 2.838986e-10 	 7.228006e-11
14 	 188 	 Ex 	 1 	 2.466147e-10 	 6.137411e-11
14 	 189 	 Ex 	 1 	 1.929847e-10 	 4.983682e-11
14 	 190 	 Ex 	 1 	 1.404817e-10 	 3.872562e-11
14 	 191 	 Ex 	 1 	 1.005156e-10 	 3.017299e-11
14 	 192 	 Ex 	 1 	 7.241201e-11 	 2.384269e-11
14 	 193 	 Ex 	 1 	 4.299545e-10 	 6.564957e-11
14 	 194 	 Ex 	 1 	 6.616449e-10 	 8.600263e-11
14 	 195 	 Ex 	 1 	 9.710841e-10 	 1.146761e-10
14 	 196 	 Ex 	 1 	 1.033091e-09 	 1.554873e-10
14 	 197 	 Ex 	 1 	 -7.945500e-10 	 2.085593e-10
14 	 198 	 Ex 	 1 	 -5.130894e-09 	 2.497557e-10
14 	 199 	 Ex 	 1 	 -3.344024e-09 	 2.354064e-10
14 	 200 	 Ex 	 1 	 4.010084e-10 	 1.825520e-10
14 	 201 	 Ex 	 1 	 1.047580e-09 	 1.348709e-10
14 	 202 	 Ex 	 1 	 8.070609e-10 	 1.029742e-10
14 	 203 	 Ex 	 1 	 5.548947e-10 	 8.191839e-11
14 	 204 	 Ex 	 1 	 3.824941e-10 	 6.638669e-11
14 	 205 	 Ex 	 1 	 2.644090e-10 	 5.297010e-11
14 	 206 	 Ex 	 1 	 1.813740e-10 	 4.136181e-11
14 	 207 	 Ex 	 1 	 1.252068e-10 	 3.235791e-11
14 	 208 	 Ex 	 1 	 8.777531e-11 	 2.551001e-11
14 	 209 	 Ex 	 1 	 6.265176e-10 	 7.238703e-11
14 	 210 	 Ex 	 1 	 1.128252e-09 	 9.772293e-11
14 	 211 	 Ex 	 1 	 2.221489e-09 	 1.371076e-10
14 	 212 	 Ex 	 1 	 4.705048e-09 	 2.037954e-10
14 	 213 	 Ex 	 1 	 7.135570e-09 	 3.258498e-10
14 	 214 	 Ex 	 1 	 -2.776237e-08 	 5.017085e-10
14 	 215 	 Ex 	 1 	 -4.212431e-09 	 4.271102e-10
14 	 216 	 Ex 	 1 	 6.754481e-09 	 2.617506e-10
14 	 217 	 Ex 	 1 	 3.330711e-09 	 1.695809e-10
14 	 218 	 Ex 	 1 	 1.608872e-09 	 1.194066e-10
14 	 219 	 Ex 	 1 	 8.638373e-10 	 8.963440e-11
14 	 220 	 Ex 	 1 	 5.115368e-10 	 6.981232e-11
14 	 221 	 Ex 	 1 	 3.235760e-10 	 5.491215e-11
14 	 222 	 Ex 	 1 	 2.124355e-10 	 4.308002e-11
14 	 223 	 Ex 	 1 	 1.431458e-10 	 3.383482e-11
14 	 224 	 Ex 	 1 	 9.862588e-11 	 2.663626e-11
14 	 225 	 Ex 	 1 	 7.348352e-10 	 7.602313e-11
14 	 226 	 Ex 	 1 	 1.416975e-09 	 1.040369e-10
14 	 227 	 Ex 	 1 	 3.200359e-09 	 1.496279e-10
14 	 228 	 Ex 	 1 	 9.536465e-09 	 2.351130e-10
14 	 229 	 Ex 	 1 	 5.136793e-08 	 4.436330e-10
14 	 230 	 Ex 	 1 	 6.863311e-07 	 2.164960e-09
14 	 231 	 Ex 	 1 	 4.490760e-08 	 8.207449e-10
14 	 232 	 Ex 	 1 	 2.169651e-08 	 3.234961e-10
14 	 233 	 Ex 	 1 	 5.577680e-09 	 1.902456e-10
14 	 234 	 Ex 	 1 	 2.160589e-09 	 1.282823e-10
14 	 235 	 Ex 	 1 	 1.041993e-09 	 9.345659e-11
14 	 236 	 Ex 	 1 	 5.771656e-10 	 7.124316e-11
14 	 237 	 Ex 	 1 	 3.500114e-10 	 5.554710e-11
14 	 238 	 Ex 	 1 	 2.248188e-10 	 4.368252e-11
14 	 239 	 Ex 	 1 	 1.499408e-10 	 3.445043e-11
14 	 240 	 Ex 	 1 	 1.027630e-10 	 2.722325e-11
14 	 241 	 Ex 	 1 	 6.853728e-10 	 7.560474e-11
14 	 242 	 Ex 	 1 	 1.272452e-09 	 1.025827e-10
14 	 243 	 Ex 	 1 	 2.666030e-09 	 1.452603e-10
14 	 244 	 Ex 	 1 	 6.612812e-09 	 2.205276e-10
14 	 245 	 Ex 	 1 	 1.816537e-08 	 3.760322e-10
14 	 246 	 Ex 	 1 	 -6.000045e-08 	 7.102798e-10
14 	 247 	 Ex 	 1 	 1.151217e-08 	 5.418119e-10
14 	 248 	 Ex 	 1 	 1.177111e-08 	 2.915496e-10
14 	 249 	 Ex 	 1 	 4.305207e-09 	 1.821108e-10
14 	 250 	 Ex 	 1 	 1.880189e-09 	 1.253885e-10
14 	 251 	 Ex 	 1 	 9.552089e-10 	 9.185695e-11
14 	 252 	 Ex 	 1 	 5.413954e-10 	 6.998822e-11
14 	 253 	 Ex 	 1 	 3.318215e-10 	 5.461584e-11
14 	 254 	 Ex 	 1 	 2.147629e-10 	 4.315723e-11
14 	 255 	 Ex 	 1 	 1.443483e-10 	 3.427511e-11
14 	 256 	 Ex 	 1 	 9.965374e-11 	 2.726182e-11
14 	 1 	 Ex 	 2 	 -2.826335e-11 	 2.798078e-12
14 	 2 	 Ex 	 2 	 -3.134372e-11 	 3.696267e-12
14 	 3 	 Ex 	 2 	 -3.388935e-11 	 4.693143e-12
14 	 4 	 Ex 	 2 	 -3.578233e-11 	 5.663228e-12
14 	 5 	 Ex 	 2 	 -3.708995e-11 	 6.390445e-12
14 	 6 	 Ex 	 2 	 -3.639294e-11 	 6.624778e-12
14 	 7 	 Ex 	 2 	 -3.867789e-11 	 6.268329e-12
14 	 8 	 Ex 	 2 	 -3.885999e-11 	 5.371377e-12
14 	 9 	 Ex 	 2 	 -3.836879e-11 	 4.202227e-12
14 	 10 	 Ex 	 2 	 -3.685506e-11 	 3.038636e-12
14 	 11 	 Ex 	 2 	 -3.430212e-11 	 2.035413e-12
14 	 12 	 Ex 	 2 	 -3.093948e-11 	 1.231028e-12
14 	 13 	 Ex 	 2 	 -2.709512e-11 	 6.136050e-13
14 	 14 	 Ex 	 2 	 -2.312022e-11 	 1.486176e-13
14 	 15 	 Ex 	 2 	 -1.932106e-11 	 -2.043671e-13
14 	 16 	 Ex 	 2 	 -1.588807e-11 	 -4.719266e-13
14 	 17 	 Ex 	 2 	 -3.309184e-11 	 3.962374e-12
14 	 18 	 Ex 	 2 	 -3.712463e-11 	 5.246332e-12
14 	 19 	 Ex 	 2 	 -4.036344e-11 	 6.736557e-12
14 	 20 	 Ex 	 2 	 -4.256496e-11 	 8.290825e-12
14 	 21 	 Ex 	 2 	 -4.390999e-11 	 9.553676e-12
14 	 22 	 Ex 	 2 	 -4.305954e-11 	 1.004506e-11
14 	 23 	 Ex 	 2 	 -4.594295e-11 	 9.528630e-12
14 	 24 	 Ex 	 2 	 -4.668313e-11 	 8.110772e-12
14 	 25 	 Ex 	 2 	 -4.654019e-11 	 6.325639e-12
14 	 26 	 Ex 	 2 	 -4.472409e-11 	 4.699510e-12
14 	 27 	 Ex 	 2 	 -4.126190e-11 	 3.406873e-12
14 	 28 	 Ex 	 2 	 -3.665471e-11 	 2.400392e-12
14 	 29 	 Ex 	 2 	 -3.143978e-11 	 1.616572e-12
14 	 30 	 Ex 	 2 	 -2.616999e-11 	 9.925881e-13
14 	 31 	 Ex 	 2 	 -2.131858e-11 	 4.696113e-13
14 	 32 	 Ex 	 2 	 -1.711114e-11 	 2.864388e-14
14 	 33 	 Ex 	 2 	 -3.892054e-11 	 5.534189e-12
14 	 34 	 Ex 	 2 	 -4.436628e-11 	 7.307350e-12
14 	 35 	 Ex 	 2 	 -4.864481e-11 	 9.454340e-12
14 	 36 	 Ex 	 2 	 -5.116998e-11 	 1.187441e-11
14 	 37 	 Ex 	 2 	 -5.229794e-11 	 1.401032e-11
14 	 38 	 Ex 	 2 	 -5.108883e-11 	 1.494069e-11
14 	 39 	 Ex 	 2 	 -5.480678e-11 	 1.416345e-11
14 	 40 	 Ex 	 2 	 -5.665843e-11 	 1.186028e-11
14 	 41 	 Ex 	 2 	 -5.732405e-11 	 9.101495e-12
14 	 42 	 Ex 	 2 	 -5.496694e-11 	 6.929798e-12
14 	 43 	 Ex 	 2 	 -4.994484e-11 	 5.413475e-12
14 	 44 	 Ex 	 2 	 -4.342007e-11 	 4.246935e-12
14 	 45 	 Ex 	 2 	 -3.621672e-11 	 3.270365e-12
14 	 46 	 Ex 	 2 	 -2.918976e-11 	 2.394859e-12
14 	 47 	 Ex 	 2 	 -2.306427e-11 	 1.571591e-12
14 	 48 	 Ex 	 2 	 -1.801932e-11 	 8.320790e-13
14 	 49 	 Ex 	 2 	 -4.579226e-11 	 7.731236e-12
14 	 50 	 Ex 	 2 	 -5.336814e-11 	 1.013728e-11
14 	 51 	 Ex 	 2 	 -5.934103e-11 	 1.313438e-11
14 	 52 	 Ex 	 2 	 -6.237649e-11 	 1.676271e-11
14 	 53 	 Ex 	 2 	 -6.301780e-11 	 2.020731e-11
14 	 54 	 Ex 	 2 	 -6.123985e-11 	 2.179571e-11
14 	 55 	 Ex 	 2 	 -6.606330e-11 	 2.062302e-11
14 	 56 	 Ex 	 2 	 -6.972711e-11 	 1.692833e-11
14 	 57 	 Ex 	 2 	 -7.176963e-11 	 1.270533e-11
14 	 58 	 Ex 	 2 	 -6.819390e-11 	 9.979948e-12
14 	 59 	 Ex 	 2 	 -6.041139e-11 	 8.430054e-12
14 	 60 	 Ex 	 2 	 -5.090978e-11 	 7.222243e-12
14 	 61 	 Ex 	 2 	 -4.089666e-11 	 5.989442e-12
14 	 62 	 Ex 	 2 	 -3.166176e-11 	 4.636711e-12
14 	 63 	 Ex 	 2 	 -2.417218e-11 	 3.260519e-12
14 	 64 	 Ex 	 2 	 -1.834410e-11 	 2.023418e-12
14 	 65 	 Ex 	 2 	 -5.351231e-11 	 1.090266e-11
14 	 66 	 Ex 	 2 	 -6.423346e-11 	 1.420226e-11
14 	 67 	 Ex 	 2 	 -7.298893e-11 	 1.835320e-11
14 	 68 	 Ex 	 2 	 -7.725307e-11 	 2.357830e-11
14 	 69 	 Ex 	 2 	 -7.765289e-11 	 2.872814e-11
14 	 70 	 Ex 	 2 	 -7.535660e-11 	 3.115114e-11
14 	 71 	 Ex 	 2 	 -8.154985e-11 	 2.943781e-11
14 	 72 	 Ex 	 2 	 -8.731815e-11 	 2.389032e-11
14 	 73 	 Ex 	 2 	 -9.067402e-11 	 1.775296e-11
14 	 74 	 Ex 	 2 	 -8.458279e-11 	 1.441516e-11
14 	 75 	 Ex 	 2 	 -7.228741e-11 	 1.297197e-11
14 	 76 	 Ex 	 2 	 -5.835249e-11 	 1.181229e-11
14 	 77 	 Ex 	 2 	 -4.466134e-11 	 1.014281e-11
14 	 78 	 Ex 	 2 	 -3.297554e-11 	 7.912980e-12
14 	 79 	 Ex 	 2 	 -2.422164e-11 	 5.625754e-12
14 	 80 	 Ex 	 2 	 -1.779044e-11 	 3.647982e-12
14 	 81 	 Ex 	 2 	 -6.145267e-11 	 1.553549e-11
14 	 82 	 Ex 	 2 	 -7.672171e-11 	 2.018590e-11
14 	 83 	 Ex 	 2 	 -9.002294e-11 	 2.601007e-11
14 	 84 	 Ex 	 2 	 -9.723886e-11 	 3.332890e-11
14 	 85 	 Ex 	 2 	 -9.869652e-11 	 4.056492e-11
14 	 86 	 Ex 	 2 	 -9.639889e-11 	 4.399122e-11
14 	 87 	 Ex 	 2 	 -1.041608e-10 	 4.157650e-11
14 	 88 	 Ex 	 2 	 -1.114028e-10 	 3.379731e-11
14 	 89 	 Ex 	 2 	 -1.146018e-10 	 2.537384e-11
14 	 90 	 Ex 	 2 	 -1.037855e-10 	 2.113730e-11
14 	 91 	 Ex 	 2 	 -8.466596e-11 	 1.964201e-11
14 	 92 	 Ex 	 2 	 -6.464192e-11 	 1.834759e-11
14 	 93 	 Ex 	 2 	 -4.662640e-11 	 1.583813e-11
14 	 94 	 Ex 	 2 	 -3.253287e-11 	 1.223991e-11
14 	 95 	 Ex 	 2 	 -2.277197e-11 	 8.669627e-12
14 	 96 	 Ex 	 2 	 -1.603526e-11 	 5.708027e-12
14 	 97 	 Ex 	 2 	 -6.819400e-11 	 2.222796e-11
14 	 98 	 Ex 	 2 	 -8.994030e-11 	 2.894782e-11
14 	 99 	 Ex 	 2 	 -1.107780e-10 	 3.726024e-11
14 	 100 	 Ex 	 2 	 -1.243659e-10 	 4.747867e-11
14 	 101 	 Ex 	 2 	 -1.297474e-10 	 5.747042e-11
14 	 102 	 Ex 	 2 	 -1.287663e-10 	 6.223209e-11
14 	 103 	 Ex 	 2 	 -1.381403e-10 	 5.886883e-11
14 	 104 	 Ex 	 2 	 -1.449894e-10 	 4.819772e-11
14 	 105 	 Ex 	 2 	 -1.447705e-10 	 3.681238e-11
14 	 106 	 Ex 	 2 	 -1.252051e-10 	 3.112549e-11
14 	 107 	 Ex 	 2 	 -9.586486e-11 	 2.913461e-11
14 	 108 	 Ex 	 2 	 -6.788613e-11 	 2.722947e-11
14 	 109 	 Ex 	 2 	 -4.527180e-11 	 2.324641e-11
14 	 110 	 Ex 	 2 	 -2.931703e-11 	 1.765537e-11
14 	 111 	 Ex 	 2 	 -1.917895e-11 	 1.238099e-11
14 	 112 	 Ex 	 2 	 -1.267358e-11 	 8.186726e-12
14 	 113 	 Ex 	 2 	 -7.073159e-11 	 3.169487e-11
14 	 114 	 Ex 	 2 	 -1.012893e-10 	 4.157341e-11
14 	 115 	 Ex 	 2 	 -1.345530e-10 	 5.367667e-11
14 	 116 	 Ex 	 2 	 -1.612286e-10 	 6.822341e-11
14 	 117 	 Ex 	 2 	 -1.769453e-10 	 8.231608e-11
14 	 118 	 Ex 	 2 	 -1.806326e-10 	 8.912873e-11
14 	 119 	 Ex 	 2 	 -1.911964e-10 	 8.440145e-11
14 	 120 	 Ex 	 2 	 -1.929669e-10 	 6.948940e-11
14 	 121 	 Ex 	 2 	 -1.824813e-10 	 5.370592e-11
14 	 122 	 Ex 	 2 	 -1.469673e-10 	 4.554553e-11
14 	 123 	 Ex 	 2 	 -1.024742e-10 	 4.227391e-11
14 	 124 	 Ex 	 2 	 -6.470824e-11 	 3.898718e-11
14 	 125 	 Ex 	 2 	 -3.804598e-11 	 3.264440e-11
14 	 126 	 Ex 	 2 	 -2.172603e-11 	 2.425378e-11
14 	 127 	 Ex 	 2 	 -1.253821e-11 	 1.677035e-11
14 	 128 	 Ex 	 2 	 -7.226116e-12 	 1.106818e-11
14 	 129 	 Ex 	 2 	 -6.311835e-11 	 4.474485e-11
14 	 130 	 Ex 	 2 	 -1.040245e-10 	 5.945234e-11
14 	 131 	 Ex 	 2 	 -1.568775e-10 	 7.750859e-11
14 	 132 	 Ex 	 2 	 -2.100517e-10 	 9.896785e-11
14 	 133 	 Ex 	 2 	 -2.518834e-10 	 1.198031e-10
14 	 134 	 Ex 	 2 	 -2.696798e-10 	 1.302071e-10
14 	 135 	 Ex 	 2 	 -2.793094e-10 	 1.234288e-10
14 	 136 	 Ex 	 2 	 -2.629758e-10 	 1.016887e-10
14 	 137 	 Ex 	 2 	 -2.267311e-10 	 7.869184e-11
14 	 138 	 Ex 	 2 	 -1.628991e-10 	 6.604542e-11
14 	 139 	 Ex 	 2 	 -9.739694e-11 	 5.999936e-11
14 	 140 	 Ex 	 2 	 -4.952408e-11 	 5.404250e-11
14 	 141 	 Ex 	 2 	 -2.141149e-11 	 4.415183e-11
14 	 142 	 Ex 	 2 	 -7.823678e-12 	 3.202459e-11
14 	 143 	 Ex 	 2 	 -1.895755e-12 	 2.179294e-11
14 	 144 	 Ex 	 2 	 7.304016e-13 	 1.430725e-11
14 	 145 	 Ex 	 2 	 -3.454920e-11 	 6.216547e-11
14 	 146 	 Ex 	 2 	 -8.239981e-11 	 8.427569e-11
14 	 147 	 Ex 	 2 	 -1.618980e-10 	 1.119075e-10
14 	 148 	 Ex 	 2 	 -2.676599e-10 	 1.450333e-10
14 	 149 	 Ex 	 2 	 -3.773108e-10 	 1.778197e-10
14 	 150 	 Ex 	 2 	 -4.389069e-10 	 1.950897e-10
14 	 151 	 Ex 	 2 	 -4.390059e-10 	 1.851800e-10
14 	 152 	 Ex 	 2 	 -3.650745e-10 	 1.517468e-10
14 	 153 	 Ex 	 2 	 -2.665212e-10 	 1.161248e-10
14 	 154 	 Ex 	 2 	 -1.556572e-10 	 9.497716e-11
14 	 155 	 Ex 	 2 	 -6.670322e-11 	 8.319696e-11
14 	 156 	 Ex 	 2 	 -1.410798e-11 	 7.238801e-11
14 	 157 	 Ex 	 2 	 8.644950e-12 	 5.743252e-11
14 	 158 	 Ex 	 2 	 1.409137e-11 	 4.067606e-11
14 	 159 	 Ex 	 2 	 1.336241e-11 	 2.726797e-11
14 	 160 	 Ex 	 2 	 1.133025e-11 	 1.779536e-11
14 	 161 	 Ex 	 2 	 3.166264e-11 	 8.439029e-11
14 	 162 	 Ex 	 2 	 -3.584397e-12 	 1.176646e-10
14 	 163 	 Ex 	 2 	 -1.019901e-10 	 1.609994e-10
14 	 164 	 Ex 	 2 	 -3.017454e-10 	 2.147176e-10
14 	 165 	 Ex 	 2 	 -5.960221e-10 	 2.700759e-10
14 	 166 	 Ex 	 2 	 -8.094636e-10 	 3.013417e-10
14 	 167 	 Ex 	 2 	 -7.642669e-10 	 2.863702e-10
14 	 168 	 Ex 	 2 	 -4.999944e-10 	 2.318198e-10
14 	 169 	 Ex 	 2 	 -2.544889e-10 	 1.730943e-10
14 	 170 	 Ex 	 2 	 -8.200716e-11 	 1.354160e-10
14 	 171 	 Ex 	 2 	 1.364494e-11 	 1.122455e-10
14 	 172 	 Ex 	 2 	 5.126653e-11 	 9.300707e-11
14 	 173 	 Ex 	 2 	 5.494947e-11 	 7.134731e-11
14 	 174 	 Ex 	 2 	 4.443615e-11 	 4.951644e-11
14 	 175 	 Ex 	 2 	 3.295026e-11 	 3.283940e-11
14 	 176 	 Ex 	 2 	 2.413134e-11 	 2.133192e-11
14 	 177 	 Ex 	 2 	 1.535550e-10 	 1.107711e-10
14 	 178 	 Ex 	 2 	 1.875310e-10 	 1.601163e-10
14 	 179 	 Ex 	 2 	 1.473638e-10 	 2.288491e-10
14 	 180 	 Ex 	 2 	 -1.488606e-10 	 3.203037e-10
14 	 181 	 Ex 	 2 	 -9.506408e-10 	 4.219941e-10
14 	 182 	 Ex 	 2 	 -1.795438e-09 	 4.848124e-10
14 	 183 	 Ex 	 2 	 -1.527733e-09 	 4.599337e-10
14 	 184 	 Ex 	 2 	 -5.704794e-10 	 3.627799e-10
14 	 185 	 Ex 	 2 	 -2.483637e-11 	 2.596308e-10
14 	 186 	 Ex 	 2 	 1.495312e-10 	 1.900359e-10
14 	 187 	 Ex 	 2 	 1.755836e-10 	 1.459908e-10
14 	 188 	 Ex 	 2 	 1.525308e-10 	 1.134917e-10
14 	 189 	 Ex 	 2 	 1.159295e-10 	 8.389161e-11
14 	 190 	 Ex 	 2 	 8.089180e-11 	 5.748512e-11
14 	 191 	 Ex 	 2 	 5.506322e-11 	 3.797052e-11
14 	 192 	 Ex 	 2 	 3.786769e-11 	 2.461092e-11
14 	 193 	 Ex 	 2 	 3.320436e-10 	 1.384292e-10
14 	 194 	 Ex 	 2 	 5.414039e-10 	 2.081289e-10
14 	 195 	 Ex 	 2 	 8.267125e-10 	 3.144151e-10
14 	 196 	 Ex 	 2 	 8.646897e-10 	 4.745071e-10
14 	 197 	 Ex 	 2 	 -9.843819e-10 	 6.849907e-10
14 	 198 	 Ex 	 2 	 -5.333417e-09 	 8.436233e-10
14 	 199 	 Ex 	 2 	 -3.542169e-09 	 7.869334e-10
14 	 200 	 Ex 	 2 	 2.206837e-10 	 5.760341e-10
14 	 201 	 Ex 	 2 	 8.883272e-10 	 3.817494e-10
14 	 202 	 Ex 	 2 	 6.684778e-10 	 2.566964e-10
14 	 203 	 Ex 	 2 	 4.357334e-10 	 1.810119e-10
14 	 204 	 Ex 	 2 	 2.818668e-10 	 1.310833e-10
14 	 205 	 Ex 	 2 	 1.826515e-10 	 9.326762e-11
14 	 206 	 Ex 	 2 	 1.175209e-10 	 6.352546e-11
14 	 207 	 Ex 	 2 	 7.614690e-11 	 4.201941e-11
14 	 208 	 Ex 	 2 	 5.044924e-11 	 2.724614e-11
14 	 209 	 Ex 	 2 	 5.205447e-10 	 1.617937e-10
14 	 210 	 Ex 	 2 	 9.967237e-10 	 2.512891e-10
14 	 211 	 Ex 	 2 	 2.060679e-09 	 4.003618e-10
14 	 212 	 Ex 	 2 	 4.511765e-09 	 6.646885e-10
14 	 213 	 Ex 	 2 	 6.908654e-09 	 1.153678e-09
14 	 214 	 Ex 	 2 	 -2.801383e-08 	 1.799463e-09
14 	 215 	 Ex 	 2 	 -4.455515e-09 	 1.537485e-09
14 	 216 	 Ex 	 2 	 6.541919e-09 	 8.916684e-10
14 	 217 	 Ex 	 2 	 3.150270e-09 	 5.185284e-10
14 	 218 	 Ex 	 2 	 1.457031e-09 	 3.208495e-10
14 	 219 	 Ex 	 2 	 7.369593e-10 	 2.108324e-10
14 	 220 	 Ex 	 2 	 4.067787e-10 	 1.440055e-10
14 	 221 	 Ex 	 2 	 2.389709e-10 	 9.906445e-11
14 	 222 	 Ex 	 2 	 1.458243e-10 	 6.703317e-11
14 	 223 	 Ex 	 2 	 9.164976e-11 	 4.444254e-11
14 	 224 	 Ex 	 2 	 5.942002e-11 	 2.887903e-11
14 	 225 	 Ex 	 2 	 6.245434e-10 	 1.742758e-10
14 	 226 	 Ex 	 2 	 1.279429e-09 	 2.743767e-10
14 	 227 	 Ex 	 2 	 3.030710e-09 	 4.484534e-10
14 	 228 	 Ex 	 2 	 9.329245e-09 	 7.917674e-10
14 	 229 	 Ex 	 2 	 5.111744e-08 	 1.686407e-09
14 	 230 	 Ex 	 2 	 6.860413e-07 	 9.581909e-09
14 	 231 	 Ex 	 2 	 4.462848e-08 	 3.182019e-09
14 	 232 	 Ex 	 2 	 2.146500e-08 	 1.156000e-09
14 	 233 	 Ex 	 2 	 5.385784e-09 	 6.017710e-10
14 	 234 	 Ex 	 2 	 2.002045e-09 	 3.563709e-10
14 	 235 	 Ex 	 2 	 9.116131e-10 	 2.263162e-10
14 	 236 	 Ex 	 2 	 4.708390e-10 	 1.497849e-10
14 	 237 	 Ex 	 2 	 2.644984e-10 	 1.008583e-10
14 	 238 	 Ex 	 2 	 1.572346e-10 	 6.777836e-11
14 	 239 	 Ex 	 2 	 9.744841e-11 	 4.498397e-11
14 	 240 	 Ex 	 2 	 6.264855e-11 	 2.931037e-11
14 	 241 	 Ex 	 2 	 5.752301e-10 	 1.720321e-10
14 	 242 	 Ex 	 2 	 1.135481e-09 	 2.677616e-10
14 	 243 	 Ex 	 2 	 2.497724e-09 	 4.289468e-10
14 	 244 	 Ex 	 2 	 6.408691e-09 	 7.264456e-10
14 	 245 	 Ex 	 2 	 1.792256e-08 	 1.359800e-09
14 	 246 	 Ex 	 2 	 -6.027530e-08 	 2.567647e-09
14 	 247 	 Ex 	 2 	 1.124886e-08 	 2.007948e-09
14 	 248 	 Ex 	 2 	 1.154460e-08 	 1.010610e-09
14 	 249 	 Ex 	 2 	 4.115572e-09 	 5.669831e-10
14 	 250 	 Ex 	 2 	 1.723275e-09 	 3.453596e-10
14 	 251 	 Ex 	 2 	 8.264359e-10 	 2.211476e-10
14 	 252 	 Ex 	 2 	 4.366970e-10 	 1.459865e-10
14 	 253 	 Ex 	 2 	 2.476411e-10 	 9.781573e-11
14 	 254 	 Ex 	 2 	 1.480158e-10 	 6.562794e-11
14 	 255 	 Ex 	 2 	 9.223333e-11 	 4.364131e-11
14 	 256 	 Ex 	 2 	 5.963880e-11 	 2.852942e-11
14 	 1 	 Ey 	 1 	 1.369954e-11 	 -4.726050e-13
14 	 2 	 Ey 	 1 	 1.190233e-11 	 -4.303839e-13
14 	 3 	 Ey 	 1 	 9.666494e-12 	 -3.871978e-13
14 	 4 	 Ey 	 1 	 7.232767e-12 	 -3.266294e-13
14 	 5 	 Ey 	 1 	 4.780243e-12 	 -2.808177e-13
14 	 6 	 Ey 	 1 	 2.070389e-12 	 -2.361816e-13
14 	 7 	 Ey 	 1 	 -1.431418e-13 	 -1.767916e-13
14 	 8 	 Ey 	 1 	 -2.925824e-12 	 -5.617920e-14
14 	 9 	 Ey 	 1 	 -5.991125e-12 	 1.377546e-13
14 	 10 	 Ey 	 1 	 -9.086747e-12 	 3.870108e-13
14 	 11 	 Ey 	 1 	 -1.183893e-11 	 6.415383e-13
14 	 12 	 Ey 	 1 	 -1.396666e-11 	 8.594238e-13
14 	 13 	 Ey 	 1 	 -1.533755e-11 	 1.023596e-12
14 	 14 	 Ey 	 1 	 -1.596657e-11 	 1.109072e-12
14 	 15 	 Ey 	 1 	 -1.595828e-11 	 1.144108e-12
14 	 16 	 Ey 	 1 	 -1.548683e-11 	 1.149642e-12
14 	 17 	 Ey 	 1 	 1.715930e-11 	 -5.169641e-13
14 	 18 	 Ey 	 1 	 1.491032e-11 	 -4.721118e-13
14 	 19 	 Ey 	 1 	 1.201284e-11 	 -3.902285e-13
14 	 20 	 Ey 	 1 	 8.806094e-12 	 -3.222240e-13
14 	 21 	 Ey 	 1 	 5.692226e-12 	 -3.084982e-13
14 	 22 	 Ey 	 1 	 2.396158e-12 	 -3.507381e-13
14 	 23 	 Ey 	 1 	 -2.811693e-13 	 -3.938479e-13
14 	 24 	 Ey 	 1 	 -3.866324e-12 	 -3.512434e-13
14 	 25 	 Ey 	 1 	 -8.092486e-12 	 -1.604875e-13
14 	 26 	 Ey 	 1 	 -1.241753e-11 	 1.470806e-13
14 	 27 	 Ey 	 1 	 -1.608190e-11 	 4.850069e-13
14 	 28 	 Ey 	 1 	 -1.865980e-11 	 7.914094e-13
14 	 29 	 Ey 	 1 	 -2.006624e-11 	 1.006082e-12
14 	 30 	 Ey 	 1 	 -2.036439e-11 	 1.133636e-12
14 	 31 	 Ey 	 1 	 -1.980809e-11 	 1.194613e-12
14 	 32 	 Ey 	 1 	 -1.879798e-11 	 1.154470e-12
14 	 33 	 Ey 	 1 	 2.204207e-11 	 -4.813452e-13
14 	 34 	 Ey 	 1 	 1.927859e-11 	 -4.485240e-13
14 	 35 	 Ey 	 1 	 1.538007e-11 	 -3.767465e-13
14 	 36 	 Ey 	 1 	 1.093433e-11 	 -3.284551e-13
14 	 37 	 Ey 	 1 	 6.760344e-12 	 -3.664815e-13
14 	 38 	 Ey 	 1 	 2.561122e-12 	 -5.119377e-13
14 	 39 	 Ey 	 1 	 -8.589073e-13 	 -6.993248e-13
14 	 40 	 Ey 	 1 	 -5.731843e-12 	 -7.904883e-13
14 	 41 	 Ey 	 1 	 -1.191419e-11 	 -6.678435e-13
14 	 42 	 Ey 	 1 	 -1.820908e-11 	 -3.555252e-13
14 	 43 	 Ey 	 1 	 -2.303187e-11 	 8.458853e-14
14 	 44 	 Ey 	 1 	 -2.582203e-11 	 5.742488e-13
14 	 45 	 Ey 	 1 	 -2.670673e-11 	 1.001261e-12
14 	 46 	 Ey 	 1 	 -2.612133e-11 	 1.214039e-12
14 	 47 	 Ey 	 1 	 -2.466913e-11 	 1.210205e-12
14 	 48 	 Ey 	 1 	 -2.276074e-11 	 1.156878e-12
14 	 49 	 Ey 	 1 	 2.898607e-11 	 -4.711070e-13
14 	 50 	 Ey 	 1 	 2.584517e-11 	 -4.353901e-13
14 	 51 	 Ey 	 1 	 2.078405e-11 	 -3.725304e-13
14 	 52 	 Ey 	 1 	 1.457573e-11 	 -3.437504e-13
14 	 53 	 Ey 	 1 	 8.560723e-12 	 -4.327440e-13
14 	 54 	 Ey 	 1 	 2.497459e-12 	 -6.570568e-13
14 	 55 	 Ey 	 1 	 -2.632984e-12 	 -9.442965e-13
14 	 56 	 Ey 	 1 	 -9.824135e-12 	 -1.203327e-12
14 	 57 	 Ey 	 1 	 -1.899964e-11 	 -1.247774e-12
14 	 58 	 Ey 	 1 	 -2.795054e-11 	 -1.012522e-12
14 	 59 	 Ey 	 1 	 -3.393958e-11 	 -5.234209e-13
14 	 60 	 Ey 	 1 	 -3.637401e-11 	 1.594250e-13
14 	 61 	 Ey 	 1 	 -3.586489e-11 	 8.288117e-13
14 	 62 	 Ey 	 1 	 -3.353586e-11 	 1.205901e-12
14 	 63 	 Ey 	 1 	 -3.045792e-11 	 1.279607e-12
14 	 64 	 Ey 	 1 	 -2.732141e-11 	 1.182662e-12
14 	 65 	 Ey 	 1 	 3.902375e-11 	 -4.785323e-13
14 	 66 	 Ey 	 1 	 3.594470e-11 	 -4.764600e-13
14 	 67 	 Ey 	 1 	 2.986410e-11 	 -4.439134e-13
14 	 68 	 Ey 	 1 	 2.147811e-11 	 -4.234747e-13
14 	 69 	 Ey 	 1 	 1.237040e-11 	 -5.161447e-13
14 	 70 	 Ey 	 1 	 2.492794e-12 	 -7.081140e-13
14 	 71 	 Ey 	 1 	 -6.381605e-12 	 -9.885150e-13
14 	 72 	 Ey 	 1 	 -1.758638e-11 	 -1.321315e-12
14 	 73 	 Ey 	 1 	 -3.051989e-11 	 -1.538896e-12
14 	 74 	 Ey 	 1 	 -4.201837e-11 	 -1.459118e-12
14 	 75 	 Ey 	 1 	 -4.864845e-11 	 -9.970563e-13
14 	 76 	 Ey 	 1 	 -4.986521e-11 	 -1.903721e-13
14 	 77 	 Ey 	 1 	 -4.706696e-11 	 6.538414e-13
14 	 78 	 Ey 	 1 	 -4.231878e-11 	 1.147079e-12
14 	 79 	 Ey 	 1 	 -3.718518e-11 	 1.278950e-12
14 	 80 	 Ey 	 1 	 -3.235056e-11 	 1.239468e-12
14 	 81 	 Ey 	 1 	 5.360862e-11 	 -4.928314e-13
14 	 82 	 Ey 	 1 	 5.161290e-11 	 -5.159856e-13
14 	 83 	 Ey 	 1 	 4.493051e-11 	 -4.750500e-13
14 	 84 	 Ey 	 1 	 3.374560e-11 	 -4.665102e-13
14 	 85 	 Ey 	 1 	 1.968763e-11 	 -5.387202e-13
14 	 86 	 Ey 	 1 	 3.064095e-12 	 -7.019141e-13
14 	 87 	 Ey 	 1 	 -1.254169e-11 	 -9.664496e-13
14 	 88 	 Ey 	 1 	 -3.022077e-11 	 -1.326197e-12
14 	 89 	 Ey 	 1 	 -4.793044e-11 	 -1.605258e-12
14 	 90 	 Ey 	 1 	 -6.166403e-11 	 -1.575364e-12
14 	 91 	 Ey 	 1 	 -6.780544e-11 	 -1.112111e-12
14 	 92 	 Ey 	 1 	 -6.648600e-11 	 -2.805465e-13
14 	 93 	 Ey 	 1 	 -6.032788e-11 	 5.895652e-13
14 	 94 	 Ey 	 1 	 -5.242527e-11 	 1.123082e-12
14 	 95 	 Ey 	 1 	 -4.470379e-11 	 1.266998e-12
14 	 96 	 Ey 	 1 	 -3.788882e-11 	 1.182792e-12
14 	 97 	 Ey 	 1 	 7.480129e-11 	 -4.313782e-13
14 	 98 	 Ey 	 1 	 7.594476e-11 	 -4.632611e-13
14 	 99 	 Ey 	 1 	 6.977179e-11 	 -4.502679e-13
14 	 100 	 Ey 	 1 	 5.504581e-11 	 -4.561127e-13
14 	 101 	 Ey 	 1 	 3.309616e-11 	 -5.139544e-13
14 	 102 	 Ey 	 1 	 4.936932e-12 	 -6.230084e-13
14 	 103 	 Ey 	 1 	 -2.241837e-11 	 -8.680192e-13
14 	 104 	 Ey 	 1 	 -5.067638e-11 	 -1.245875e-12
14 	 105 	 Ey 	 1 	 -7.540830e-11 	 -1.599941e-12
14 	 106 	 Ey 	 1 	 -9.130901e-11 	 -1.624788e-12
14 	 107 	 Ey 	 1 	 -9.506456e-11 	 -1.155637e-12
14 	 108 	 Ey 	 1 	 -8.864572e-11 	 -2.789930e-13
14 	 109 	 Ey 	 1 	 -7.685027e-11 	 6.005941e-13
14 	 110 	 Ey 	 1 	 -6.426767e-11 	 1.080343e-12
14 	 111 	 Ey 	 1 	 -5.304615e-11 	 1.174910e-12
14 	 112 	 Ey 	 1 	 -4.364648e-11 	 1.108020e-12
14 	 113 	 Ey 	 1 	 1.052677e-10 	 -3.300850e-13
14 	 114 	 Ey 	 1 	 1.139343e-10 	 -4.067603e-13
14 	 115 	 Ey 	 1 	 1.117419e-10 	 -4.292453e-13
14 	 116 	 Ey 	 1 	 9.369936e-11 	 -4.326268e-13
14 	 117 	 Ey 	 1 	 5.903925e-11 	 -4.470754e-13
14 	 118 	 Ey 	 1 	 9.713353e-12 	 -4.781635e-13
14 	 119 	 Ey 	 1 	 -3.982548e-11 	 -5.987550e-13
14 	 120 	 Ey 	 1 	 -8.652232e-11 	 -9.728727e-13
14 	 121 	 Ey 	 1 	 -1.211940e-10 	 -1.423771e-12
14 	 122 	 Ey 	 1 	 -1.375645e-10 	 -1.559929e-12
14 	 123 	 Ey 	 1 	 -1.346252e-10 	 -1.165894e-12
14 	 124 	 Ey 	 1 	 -1.185172e-10 	 -3.120438e-13
14 	 125 	 Ey 	 1 	 -9.746265e-11 	 5.894217e-13
14 	 126 	 Ey 	 1 	 -7.782848e-11 	 1.041342e-12
14 	 127 	 Ey 	 1 	 -6.186460e-11 	 1.075353e-12
14 	 128 	 Ey 	 1 	 -4.931295e-11 	 9.761113e-13
14 	 129 	 Ey 	 1 	 1.481325e-10 	 -1.917144e-13
14 	 130 	 Ey 	 1 	 1.735387e-10 	 -2.752811e-13
14 	 131 	 Ey 	 1 	 1.851070e-10 	 -3.681134e-13
14 	 132 	 Ey 	 1 	 1.683250e-10 	 -3.969465e-13
14 	 133 	 Ey 	 1 	 1.133588e-10 	 -3.709982e-13
14 	 134 	 Ey 	 1 	 2.148385e-11 	 -1.861671e-13
14 	 135 	 Ey 	 1 	 -7.459959e-11 	 -6.480009e-14
14 	 136 	 Ey 	 1 	 -1.552675e-10 	 -3.507243e-13
14 	 137 	 Ey 	 1 	 -2.015908e-10 	 -9.074324e-13
14 	 138 	 Ey 	 1 	 -2.106383e-10 	 -1.213305e-12
14 	 139 	 Ey 	 1 	 -1.907204e-10 	 -9.328560e-13
14 	 140 	 Ey 	 1 	 -1.567378e-10 	 -2.219742e-13
14 	 141 	 Ey 	 1 	 -1.214612e-10 	 5.587076e-13
14 	 142 	 Ey 	 1 	 -9.220030e-11 	 9.297970e-13
14 	 143 	 Ey 	 1 	 -7.025589e-11 	 9.401088e-13
14 	 144 	 Ey 	 1 	 -5.414574e-11 	 7.960049e-13
14 	 145 	 Ey 	 1 	 2.052785e-10 	 4.848733e-14
14 	 146 	 Ey 	 1 	 2.652801e-10 	 -5.929177e-14
14 	 147 	 Ey 	 1 	 3.159709e-10 	 -1.968994e-13
14 	 148 	 Ey 	 1 	 3.214433e-10 	 -3.358680e-13
14 	 149 	 Ey 	 1 	 2.380802e-10 	 -2.603418e-13
14 	 150 	 Ey 	 1 	 5.175280e-11 	 2.227995e-13
14 	 151 	 Ey 	 1 	 -1.547519e-10 	 7.968603e-13
14 	 152 	 Ey 	 1 	 -3.012030e-10 	 7.915150e-13
14 	 153 	 Ey 	 1 	 -3.500750e-10 	 2.035368e-13
14 	 154 	 Ey 	 1 	 -3.255647e-10 	 -2.473936e-13
14 	 155 	 Ey 	 1 	 -2.658665e-10 	 -1.840126e-13
14 	 156 	 Ey 	 1 	 -2.008813e-10 	 1.992029e-13
14 	 157 	 Ey 	 1 	 -1.457315e-10 	 6.232682e-13
14 	 158 	 Ey 	 1 	 -1.050079e-10 	 7.568059e-13
14 	 159 	 Ey 	 1 	 -7.667483e-11 	 7.193993e-13
14 	 160 	 Ey 	 1 	 -5.704932e-11 	 5.865603e-13
14 	 161 	 Ey 	 1 	 2.725385e-10 	 4.294666e-13
14 	 162 	 Ey 	 1 	 3.967316e-10 	 3.538255e-13
14 	 163 	 Ey 	 1 	 5.464151e-10 	 1.577875e-13
14 	 164 	 Ey 	 1 	 6.525369e-10 	 -3.895023e-14
14 	 165 	 Ey 	 1 	 5.582674e-10 	 3.847330e-14
14 	 166 	 Ey 	 1 	 1.387378e-10 	 7.297303e-13
14 	 167 	 Ey 	 1 	 -3.723305e-10 	 1.721782e-12
14 	 168 	 Ey 	 1 	 -6.467161e-10 	 2.166723e-12
14 	 169 	 Ey 	 1 	 -6.351669e-10 	 1.961345e-12
14 	 170 	 Ey 	 1 	 -4.993662e-10 	 1.665136e-12
14 	 171 	 Ey 	 1 	 -3.549075e-10 	 1.507791e-12
14 	 172 	 Ey 	 1 	 -2.420566e-10 	 1.237350e-12
14 	 173 	 Ey 	 1 	 -1.636610e-10 	 8.955895e-13
14 	 174 	 Ey 	 1 	 -1.121264e-10 	 6.021753e-13
14 	 175 	 Ey 	 1 	 -7.867979e-11 	 4.406828e-13
14 	 176 	 Ey 	 1 	 -5.667149e-11 	 3.459590e-13
14 	 177 	 Ey 	 1 	 3.307275e-10 	 9.041273e-13
14 	 178 	 Ey 	 1 	 5.518355e-10 	 9.853354e-13
14 	 179 	 Ey 	 1 	 9.148020e-10 	 9.185983e-13
14 	 180 	 Ey 	 1 	 1.379223e-09 	 9.266015e-13
14 	 181 	 Ey 	 1 	 1.499731e-09 	 9.707896e-13
14 	 182 	 Ey 	 1 	 4.456801e-10 	 1.408619e-12
14 	 183 	 Ey 	 1 	 -1.093147e-09 	 2.104282e-12
14 	 184 	 Ey 	 1 	 -1.549035e-09 	 2.998548e-12
14 	 185 	 Ey 	 1 	 -1.174843e-09 	 3.825950e-12
14 	 186 	 Ey 	 1 	 -7.314909e-10 	 4.305174e-12
14 	 187 	 Ey 	 1 	 -4.348592e-10 	 3.946011e-12
14 	 188 	 Ey 	 1 	 -2.626014e-10 	 2.773364e-12
14 	 189 	 Ey 	 1 	 -1.651727e-10 	 1.368365e-12
14 	 190 	 Ey 	 1 	 -1.082630e-10 	 5.117660e-13
14 	 191 	 Ey 	 1 	 -7.352183e-11 	 2.015673e-13
14 	 192 	 Ey 	 1 	 -5.163845e-11 	 1.108391e-13
14 	 193 	 Ey 	 1 	 3.382687e-10 	 1.445801e-12
14 	 194 	 Ey 	 1 	 6.484973e-10 	 1.697405e-12
14 	 195 	 Ey 	 1 	 1.335694e-09 	 1.997557e-12
14 	 196 	 Ey 	 1 	 2.811770e-09 	 2.229799e-12
14 	 197 	 Ey 	 1 	 4.777290e-09 	 1.969681e-12
14 	 198 	 Ey 	 1 	 2.045626e-09 	 1.931843e-12
14 	 199 	 Ey 	 1 	 -4.358117e-09 	 2.417580e-12
14 	 200 	 Ey 	 1 	 -4.006393e-09 	 2.933983e-12
14 	 201 	 Ey 	 1 	 -2.016936e-09 	 4.466814e-12
14 	 202 	 Ey 	 1 	 -9.369163e-10 	 5.638198e-12
14 	 203 	 Ey 	 1 	 -4.557688e-10 	 5.365799e-12
14 	 204 	 Ey 	 1 	 -2.413032e-10 	 3.759442e-12
14 	 205 	 Ey 	 1 	 -1.409596e-10 	 1.772735e-12
14 	 206 	 Ey 	 1 	 -8.906487e-11 	 5.573394e-13
14 	 207 	 Ey 	 1 	 -5.929090e-11 	 9.323331e-14
14 	 208 	 Ey 	 1 	 -4.117415e-11 	 -3.625561e-14
14 	 209 	 Ey 	 1 	 2.467225e-10 	 1.887687e-12
14 	 210 	 Ey 	 1 	 5.267305e-10 	 2.254929e-12
14 	 211 	 Ey 	 1 	 1.329809e-09 	 2.677441e-12
14 	 212 	 Ey 	 1 	 4.224261e-09 	 2.745619e-12
14 	 213 	 Ey 	 1 	 1.675136e-08 	 -2.792746e-13
14 	 214 	 Ey 	 1 	 2.158632e-08 	 -3.262017e-12
14 	 215 	 Ey 	 1 	 -3.000658e-08 	 9.159304e-12
14 	 216 	 Ey 	 1 	 -8.968541e-09 	 3.532644e-12
14 	 217 	 Ey 	 1 	 -2.432139e-09 	 3.716373e-12
14 	 218 	 Ey 	 1 	 -8.322421e-10 	 4.752291e-12
14 	 219 	 Ey 	 1 	 -3.400051e-10 	 4.637875e-12
14 	 220 	 Ey 	 1 	 -1.608640e-10 	 3.377646e-12
14 	 221 	 Ey 	 1 	 -8.808428e-11 	 1.752830e-12
14 	 222 	 Ey 	 1 	 -5.450780e-11 	 6.187337e-13
14 	 223 	 Ey 	 1 	 -3.652387e-11 	 8.273475e-14
14 	 224 	 Ey 	 1 	 -2.584085e-11 	 -1.200178e-13
14 	 225 	 Ey 	 1 	 3.677608e-11 	 2.160607e-12
14 	 226 	 Ey 	 1 	 8.481189e-11 	 2.539923e-12
14 	 227 	 Ey 	 1 	 2.430247e-10 	 2.939247e-12
14 	 228 	 Ey 	 1 	 1.035847e-09 	 3.077687e-12
14 	 229 	 Ey 	 1 	 9.906620e-09 	 6.332310e-13
14 	 230 	 Ey 	 1 	 2.779390e-06 	 -1.003680e-09
14 	 231 	 Ey 	 1 	 -6.934528e-08 	 2.090839e-11
14 	 232 	 Ey 	 1 	 -3.573566e-09 	 2.383332e-12
14 	 233 	 Ey 	 1 	 -6.740359e-10 	 2.491746e-12
14 	 234 	 Ey 	 1 	 -2.220373e-10 	 3.156822e-12
14 	 235 	 Ey 	 1 	 -9.434994e-11 	 3.128037e-12
14 	 236 	 Ey 	 1 	 -4.845741e-11 	 2.396639e-12
14 	 237 	 Ey 	 1 	 -3.066958e-11 	 1.361585e-12
14 	 238 	 Ey 	 1 	 -2.295644e-11 	 5.295841e-13
14 	 239 	 Ey 	 1 	 -1.866475e-11 	 3.484819e-14
14 	 240 	 Ey 	 1 	 -1.567187e-11 	 -1.891872e-13
14 	 241 	 Ey 	 1 	 -1.576163e-10 	 2.265913e-12
14 	 242 	 Ey 	 1 	 -3.706390e-10 	 2.551634e-12
14 	 243 	 Ey 	 1 	 -1.041063e-09 	 2.904279e-12
14 	 244 	 Ey 	 1 	 -3.874953e-09 	 3.472052e-12
14 	 245 	 Ey 	 1 	 -2.235011e-08 	 8.044076e-12
14 	 246 	 Ey 	 1 	 -5.337347e-08 	 1.590014e-11
14 	 247 	 Ey 	 1 	 6.611999e-08 	 -1.730662e-11
14 	 248 	 Ey 	 1 	 9.646170e-09 	 -5.675439e-13
14 	 249 	 Ey 	 1 	 2.079434e-09 	 1.362524e-12
14 	 250 	 Ey 	 1 	 6.552609e-10 	 1.840576e-12
14 	 251 	 Ey 	 1 	 2.650771e-10 	 1.833429e-12
14 	 252 	 Ey 	 1 	 1.262395e-10 	 1.408414e-12
14 	 253 	 Ey 	 1 	 6.613795e-11 	 8.110074e-13
14 	 254 	 Ey 	 1 	 3.625698e-11 	 2.545025e-13
14 	 255 	 Ey 	 1 	 2.016280e-11 	 -1.109762e-13
14 	 256 	 Ey 	 1 	 1.110089e-11 	 -3.087018e-13
14 	 1 	 Ey 	 2 	 1.449237e-11 	 -1.887111e-12
14 	 2 	 Ey 	 2 	 1.268735e-11 	 -1.969042e-12
14 	 3 	 Ey 	 2 	 1.040974e-11 	 -1.801768e-12
14 	 4 	 Ey 	 2 	 7.867634e-12 	 -1.289726e-12
14 	 5 	 Ey 	 2 	 5.268859e-12 	 -4.079821e-13
14 	 6 	 Ey 	 2 	 2.373621e-12 	 7.184439e-13
14 	 7 	 Ey 	 2 	 -4.935345e-14 	 1.819174e-12
14 	 8 	 Ey 	 2 	 -3.078611e-12 	 2.598614e-12
14 	 9 	 Ey 	 2 	 -6.425244e-12 	 2.894862e-12
14 	 10 	 Ey 	 2 	 -9.814475e-12 	 2.756046e-12
14 	 11 	 Ey 	 2 	 -1.283385e-11 	 2.352881e-12
14 	 12 	 Ey 	 2 	 -1.516788e-11 	 1.848206e-12
14 	 13 	 Ey 	 2 	 -1.666296e-11 	 1.352108e-12
14 	 14 	 Ey 	 2 	 -1.731531e-11 	 9.252884e-13
14 	 15 	 Ey 	 2 	 -1.725528e-11 	 5.831578e-13
14 	 16 	 Ey 	 2 	 -1.668745e-11 	 3.115508e-13
14 	 17 	 Ey 	 2 	 1.803214e-11 	 -2.507361e-12
14 	 18 	 Ey 	 2 	 1.579541e-11 	 -2.747199e-12
14 	 19 	 Ey 	 2 	 1.283866e-11 	 -2.684356e-12
14 	 20 	 Ey 	 2 	 9.539120e-12 	 -2.127895e-12
14 	 21 	 Ey 	 2 	 6.327248e-12 	 -9.643956e-13
14 	 22 	 Ey 	 2 	 2.937381e-12 	 6.428698e-13
14 	 23 	 Ey 	 2 	 1.602741e-13 	 2.233303e-12
14 	 24 	 Ey 	 2 	 -3.585258e-12 	 3.278812e-12
14 	 25 	 Ey 	 2 	 -8.074020e-12 	 3.509451e-12
14 	 26 	 Ey 	 2 	 -1.274927e-11 	 3.102752e-12
14 	 27 	 Ey 	 2 	 -1.678621e-11 	 2.430659e-12
14 	 28 	 Ey 	 2 	 -1.969956e-11 	 1.745818e-12
14 	 29 	 Ey 	 2 	 -2.132918e-11 	 1.163613e-12
14 	 30 	 Ey 	 2 	 -2.172851e-11 	 7.228080e-13
14 	 31 	 Ey 	 2 	 -2.117394e-11 	 4.023158e-13
14 	 32 	 Ey 	 2 	 -2.003160e-11 	 1.563476e-13
14 	 33 	 Ey 	 2 	 2.285605e-11 	 -3.201120e-12
14 	 34 	 Ey 	 2 	 2.012017e-11 	 -3.661658e-12
14 	 35 	 Ey 	 2 	 1.620616e-11 	 -3.794400e-12
14 	 36 	 Ey 	 2 	 1.173157e-11 	 -3.276509e-12
14 	 37 	 Ey 	 2 	 7.553683e-12 	 -1.823266e-12
14 	 38 	 Ey 	 2 	 3.409514e-12 	 3.696036e-13
14 	 39 	 Ey 	 2 	 8.362155e-14 	 2.563044e-12
14 	 40 	 Ey 	 2 	 -4.740747e-12 	 3.874080e-12
14 	 41 	 Ey 	 2 	 -1.104918e-11 	 3.850150e-12
14 	 42 	 Ey 	 2 	 -1.767888e-11 	 2.958288e-12
14 	 43 	 Ey 	 2 	 -2.301520e-11 	 1.944602e-12
14 	 44 	 Ey 	 2 	 -2.642264e-11 	 1.154969e-12
14 	 45 	 Ey 	 2 	 -2.785957e-11 	 6.399575e-13
14 	 46 	 Ey 	 2 	 -2.755213e-11 	 3.366046e-13
14 	 47 	 Ey 	 2 	 -2.607480e-11 	 1.377800e-13
14 	 48 	 Ey 	 2 	 -2.403065e-11 	 -3.222182e-14
14 	 49 	 Ey 	 2 	 2.965855e-11 	 -3.874532e-12
14 	 50 	 Ey 	 2 	 2.651954e-11 	 -4.575391e-12
14 	 51 	 Ey 	 2 	 2.145423e-11 	 -4.942761e-12
14 	 52 	 Ey 	 2 	 1.528486e-11 	 -4.531810e-12
14 	 53 	 Ey 	 2 	 9.418003e-12 	 -2.869490e-12
14 	 54 	 Ey 	 2 	 3.620196e-12 	 -1.862262e-13
14 	 55 	 Ey 	 2 	 -1.159565e-12 	 2.494818e-12
14 	 56 	 Ey 	 2 	 -7.973194e-12 	 3.939389e-12
14 	 57 	 Ey 	 2 	 -1.699891e-11 	 3.486670e-12
14 	 58 	 Ey 	 2 	 -2.616779e-11 	 1.995445e-12
14 	 59 	 Ey 	 2 	 -3.281571e-11 	 6.836783e-13
14 	 60 	 Ey 	 2 	 -3.623496e-11 	 -1.293984e-14
14 	 61 	 Ey 	 2 	 -3.671754e-11 	 -1.866501e-13
14 	 62 	 Ey 	 2 	 -3.495016e-11 	 -1.535188e-13
14 	 63 	 Ey 	 2 	 -3.199202e-11 	 -1.440074e-13
14 	 64 	 Ey 	 2 	 -2.866897e-11 	 -2.148083e-13
14 	 65 	 Ey 	 2 	 3.946105e-11 	 -4.417865e-12
14 	 66 	 Ey 	 2 	 3.634302e-11 	 -5.321293e-12
14 	 67 	 Ey 	 2 	 3.020368e-11 	 -5.860968e-12
14 	 68 	 Ey 	 2 	 2.186963e-11 	 -5.524616e-12
14 	 69 	 Ey 	 2 	 1.306726e-11 	 -3.792547e-12
14 	 70 	 Ey 	 2 	 3.702308e-12 	 -9.346587e-13
14 	 71 	 Ey 	 2 	 -4.514009e-12 	 1.881020e-12
14 	 72 	 Ey 	 2 	 -1.503194e-11 	 3.252505e-12
14 	 73 	 Ey 	 2 	 -2.755086e-11 	 2.501938e-12
14 	 74 	 Ey 	 2 	 -3.920544e-11 	 6.991956e-13
14 	 75 	 Ey 	 2 	 -4.662891e-11 	 -6.844656e-13
14 	 76 	 Ey 	 2 	 -4.916168e-11 	 -1.120085e-12
14 	 77 	 Ey 	 2 	 -4.771645e-11 	 -8.618072e-13
14 	 78 	 Ey 	 2 	 -4.375709e-11 	 -4.971400e-13
14 	 79 	 Ey 	 2 	 -3.881371e-11 	 -3.271759e-13
14 	 80 	 Ey 	 2 	 -3.384984e-11 	 -3.386684e-13
14 	 81 	 Ey 	 2 	 5.369723e-11 	 -4.738127e-12
14 	 82 	 Ey 	 2 	 5.154407e-11 	 -5.803071e-12
14 	 83 	 Ey 	 2 	 4.467628e-11 	 -6.475390e-12
14 	 84 	 Ey 	 2 	 3.351734e-11 	 -6.210611e-12
14 	 85 	 Ey 	 2 	 1.992785e-11 	 -4.507857e-12
14 	 86 	 Ey 	 2 	 4.188214e-12 	 -1.646156e-12
14 	 87 	 Ey 	 2 	 -1.033731e-11 	 1.130821e-12
14 	 88 	 Ey 	 2 	 -2.700891e-11 	 2.340640e-12
14 	 89 	 Ey 	 2 	 -4.426060e-11 	 1.420569e-12
14 	 90 	 Ey 	 2 	 -5.830607e-11 	 -4.353188e-13
14 	 91 	 Ey 	 2 	 -6.547620e-11 	 -1.676225e-12
14 	 92 	 Ey 	 2 	 -6.569668e-11 	 -1.767628e-12
14 	 93 	 Ey 	 2 	 -6.103623e-11 	 -1.143942e-12
14 	 94 	 Ey 	 2 	 -5.398824e-11 	 -5.830982e-13
14 	 95 	 Ey 	 2 	 -4.645491e-11 	 -3.643934e-13
14 	 96 	 Ey 	 2 	 -3.943685e-11 	 -3.874738e-13
14 	 97 	 Ey 	 2 	 7.439944e-11 	 -4.749810e-12
14 	 98 	 Ey 	 2 	 7.522223e-11 	 -5.966286e-12
14 	 99 	 Ey 	 2 	 6.870190e-11 	 -6.815157e-12
14 	 100 	 Ey 	 2 	 5.394948e-11 	 -6.715036e-12
14 	 101 	 Ey 	 2 	 3.265471e-11 	 -5.097768e-12
14 	 102 	 Ey 	 2 	 5.789811e-12 	 -2.204260e-12
14 	 103 	 Ey 	 2 	 -2.001245e-11 	 5.864760e-13
14 	 104 	 Ey 	 2 	 -4.696324e-11 	 1.608625e-12
14 	 105 	 Ey 	 2 	 -7.120881e-11 	 3.719699e-13
14 	 106 	 Ey 	 2 	 -8.761618e-11 	 -1.636124e-12
14 	 107 	 Ey 	 2 	 -9.265339e-11 	 -2.700840e-12
14 	 108 	 Ey 	 2 	 -8.798581e-11 	 -2.360272e-12
14 	 109 	 Ey 	 2 	 -7.778089e-11 	 -1.306070e-12
14 	 110 	 Ey 	 2 	 -6.598582e-11 	 -5.469978e-13
14 	 111 	 Ey 	 2 	 -5.486047e-11 	 -3.192484e-13
14 	 112 	 Ey 	 2 	 -4.522719e-11 	 -3.936309e-13
14 	 113 	 Ey 	 2 	 1.043477e-10 	 -4.327985e-12
14 	 114 	 Ey 	 2 	 1.125429e-10 	 -5.672166e-12
14 	 115 	 Ey 	 2 	 1.098291e-10 	 -6.763627e-12
14 	 116 	 Ey 	 2 	 9.165489e-11 	 -6.963985e-12
14 	 117 	 Ey 	 2 	 5.777059e-11 	 -5.517649e-12
14 	 118 	 Ey 	 2 	 1.006581e-11 	 -2.529339e-12
14 	 119 	 Ey 	 2 	 -3.756216e-11 	 3.900849e-13
14 	 120 	 Ey 	 2 	 -8.269300e-11 	 1.195987e-12
14 	 121 	 Ey 	 2 	 -1.168669e-10 	 -5.786923e-13
14 	 122 	 Ey 	 2 	 -1.338844e-10 	 -2.932713e-12
14 	 123 	 Ey 	 2 	 -1.323597e-10 	 -3.849452e-12
14 	 124 	 Ey 	 2 	 -1.180608e-10 	 -3.019213e-12
14 	 125 	 Ey 	 2 	 -9.860331e-11 	 -1.481625e-12
14 	 126 	 Ey 	 2 	 -7.969795e-11 	 -5.057288e-13
14 	 127 	 Ey 	 2 	 -6.369272e-11 	 -2.769755e-13
14 	 128 	 Ey 	 2 	 -5.082333e-11 	 -4.108069e-13
14 	 129 	 Ey 	 2 	 1.467546e-10 	 -3.298514e-12
14 	 130 	 Ey 	 2 	 1.715701e-10 	 -4.653944e-12
14 	 131 	 Ey 	 2 	 1.824801e-10 	 -5.985899e-12
14 	 132 	 Ey 	 2 	 1.654457e-10 	 -6.638445e-12
14 	 133 	 Ey 	 2 	 1.112696e-10 	 -5.554158e-12
14 	 134 	 Ey 	 2 	 2.109601e-11 	 -2.507131e-12
14 	 135 	 Ey 	 2 	 -7.301262e-11 	 6.340143e-13
14 	 136 	 Ey 	 2 	 -1.520801e-10 	 1.223418e-12
14 	 137 	 Ey 	 2 	 -1.979252e-10 	 -1.203338e-12
14 	 138 	 Ey 	 2 	 -2.076815e-10 	 -3.936997e-12
14 	 139 	 Ey 	 2 	 -1.891367e-10 	 -4.672489e-12
14 	 140 	 Ey 	 2 	 -1.567727e-10 	 -3.402712e-12
14 	 141 	 Ey 	 2 	 -1.228308e-10 	 -1.517541e-12
14 	 142 	 Ey 	 2 	 -9.411014e-11 	 -4.511028e-13
14 	 143 	 Ey 	 2 	 -7.202786e-11 	 -2.759321e-13
14 	 144 	 Ey 	 2 	 -5.549949e-11 	 -4.743522e-13
14 	 145 	 Ey 	 2 	 2.035563e-10 	 -1.496236e-12
14 	 146 	 Ey 	 2 	 2.629790e-10 	 -2.556142e-12
14 	 147 	 Ey 	 2 	 3.130203e-10 	 -3.897661e-12
14 	 148 	 Ey 	 2 	 3.181856e-10 	 -5.059439e-12
14 	 149 	 Ey 	 2 	 2.354493e-10 	 -4.713912e-12
14 	 150 	 Ey 	 2 	 5.048305e-11 	 -2.009822e-12
14 	 151 	 Ey 	 2 	 -1.545062e-10 	 1.142912e-12
14 	 152 	 Ey 	 2 	 -2.997929e-10 	 1.569755e-12
14 	 153 	 Ey 	 2 	 -3.484123e-10 	 -1.169551e-12
14 	 154 	 Ey 	 2 	 -3.245879e-10 	 -3.781151e-12
14 	 155 	 Ey 	 2 	 -2.659266e-10 	 -4.129561e-12
14 	 156 	 Ey 	 2 	 -2.019556e-10 	 -2.729615e-12
14 	 157 	 Ey 	 2 	 -1.474667e-10 	 -1.053440e-12
14 	 158 	 Ey 	 2 	 -1.068225e-10 	 -2.901517e-13
14 	 159 	 Ey 	 2 	 -7.820018e-11 	 -3.151846e-13
14 	 160 	 Ey 	 2 	 -5.816050e-11 	 -5.939781e-13
14 	 161 	 Ey 	 2 	 2.706056e-10 	 1.095021e-12
14 	 162 	 Ey 	 2 	 3.944166e-10 	 8.817618e-13
14 	 163 	 Ey 	 2 	 5.437126e-10 	 2.414855e-13
14 	 164 	 Ey 	 2 	 6.496133e-10 	 -9.549729e-13
14 	 165 	 Ey 	 2 	 5.556079e-10 	 -1.786848e-12
14 	 166 	 Ey 	 2 	 1.366363e-10 	 -9.076297e-13
14 	 167 	 Ey 	 2 	 -3.740058e-10 	 7.538308e-13
14 	 168 	 Ey 	 2 	 -6.482861e-10 	 9.349266e-13
14 	 169 	 Ey 	 2 	 -6.371521e-10 	 -5.015919e-13
14 	 170 	 Ey 	 2 	 -5.020380e-10 	 -1.252461e-12
14 	 171 	 Ey 	 2 	 -3.579862e-10 	 -7.215520e-13
14 	 172 	 Ey 	 2 	 -2.449249e-10 	 2.309130e-14
14 	 173 	 Ey 	 2 	 -1.659303e-10 	 3.217303e-13
14 	 174 	 Ey 	 2 	 -1.137618e-10 	 8.213422e-14
14 	 175 	 Ey 	 2 	 -7.982666e-11 	 -3.537831e-13
14 	 176 	 Ey 	 2 	 -5.744537e-11 	 -7.435167e-13
14 	 177 	 Ey 	 2 	 3.286603e-10 	 4.111206e-12
14 	 178 	 Ey 	 2 	 5.496526e-10 	 5.335762e-12
14 	 179 	 Ey 	 2 	 9.126692e-10 	 6.571322e-12
14 	 180 	 Ey 	 2 	 1.377025e-09 	 6.994704e-12
14 	 181 	 Ey 	 2 	 1.497309e-09 	 5.228382e-12
14 	 182 	 Ey 	 2 	 4.428229e-10 	 1.152180e-12
14 	 183 	 Ey 	 2 	 -1.096725e-09 	 -3.053587e-12
14 	 184 	 Ey 	 2 	 -1.553988e-09 	 -3.811149e-12
14 	 185 	 Ey 	 2 	 -1.181275e-09 	 -6.403118e-13
14 	 186 	 Ey 	 2 	 -7.387787e-10 	 3.515203e-12
14 	 187 	 Ey 	 2 	 -4.417195e-10 	 5.522740e-12
14 	 188 	 Ey 	 2 	 -2.677358e-10 	 4.759829e-12
14 	 189 	 Ey 	 2 	 -1.680843e-10 	 2.511721e-12
14 	 190 	 Ey 	 2 	 -1.097020e-10 	 6.762841e-13
14 	 191 	 Ey 	 2 	 -7.427756e-11 	 -3.293356e-13
14 	 192 	 Ey 	 2 	 -5.205249e-11 	 -8.689422e-13
14 	 193 	 Ey 	 2 	 3.360249e-10 	 6.744323e-12
14 	 194 	 Ey 	 2 	 6.463162e-10 	 9.328124e-12
14 	 195 	 Ey 	 2 	 1.333722e-09 	 1.279202e-11
14 	 196 	 Ey 	 2 	 2.809778e-09 	 1.611716e-11
14 	 197 	 Ey 	 2 	 4.774716e-09 	 1.524589e-11
14 	 198 	 Ey 	 2 	 2.042072e-09 	 4.370844e-12
14 	 199 	 Ey 	 2 	 -4.362856e-09 	 -1.045881e-11
14 	 200 	 Ey 	 2 	 -4.013257e-09 	 -1.255424e-11
14 	 201 	 Ey 	 2 	 -2.025885e-09 	 -3.684663e-12
14 	 202 	 Ey 	 2 	 -9.466495e-10 	 5.691099e-12
14 	 203 	 Ey 	 2 	 -4.645928e-10 	 9.456029e-12
14 	 204 	 Ey 	 2 	 -2.476125e-10 	 7.951385e-12
14 	 205 	 Ey 	 2 	 -1.442461e-10 	 4.163964e-12
14 	 206 	 Ey 	 2 	 -9.042699e-11 	 1.246749e-12
14 	 207 	 Ey 	 2 	 -5.980449e-11 	 -2.351907e-13
14 	 208 	 Ey 	 2 	 -4.131738e-11 	 -9.423627e-13
14 	 209 	 Ey 	 2 	 2.442180e-10 	 8.166622e-12
14 	 210 	 Ey 	 2 	 5.242624e-10 	 1.111036e-11
14 	 211 	 Ey 	 2 	 1.327439e-09 	 1.497344e-11
14 	 212 	 Ey 	 2 	 4.221755e-09 	 1.930365e-11
14 	 213 	 Ey 	 2 	 1.674832e-08 	 2.411783e-11
14 	 214 	 Ey 	 2 	 2.158259e-08 	 1.463659e-11
14 	 215 	 Ey 	 2 	 -3.001161e-08 	 -2.458929e-11
14 	 216 	 Ey 	 2 	 -8.975100e-09 	 -1.746253e-11
14 	 217 	 Ey 	 2 	 -2.440341e-09 	 -6.511267e-12
14 	 218 	 Ey 	 2 	 -8.409508e-10 	 3.072377e-12
14 	 219 	 Ey 	 2 	 -3.477703e-10 	 7.450270e-12
14 	 220 	 Ey 	 2 	 -1.664556e-10 	 6.863670e-12
14 	 221 	 Ey 	 2 	 -9.116945e-11 	 3.942979e-12
14 	 222 	 Ey 	 2 	 -5.582398e-11 	 1.310136e-12
14 	 223 	 Ey 	 2 	 -3.692240e-11 	 -2.340085e-13
14 	 224 	 Ey 	 2 	 -2.580048e-11 	 -1.018138e-12
14 	 225 	 Ey 	 2 	 3.398970e-11 	 8.179723e-12
14 	 226 	 Ey 	 2 	 8.196489e-11 	 1.036681e-11
14 	 227 	 Ey 	 2 	 2.401654e-10 	 1.251665e-11
14 	 228 	 Ey 	 2 	 1.032862e-09 	 1.362332e-11
14 	 229 	 Ey 	 2 	 9.903376e-09 	 1.541668e-11
14 	 230 	 Ey 	 2 	 2.779414e-06 	 4.140871e-10
14 	 231 	 Ey 	 2 	 -6.935019e-08 	 -3.794548e-11
14 	 232 	 Ey 	 2 	 -3.578846e-09 	 -1.000250e-11
14 	 233 	 Ey 	 2 	 -6.801647e-10 	 -4.987630e-12
14 	 234 	 Ey 	 2 	 -2.283708e-10 	 4.268071e-13
14 	 235 	 Ey 	 2 	 -9.995413e-11 	 3.620974e-12
14 	 236 	 Ey 	 2 	 -5.258556e-11 	 3.877470e-12
14 	 237 	 Ey 	 2 	 -3.309810e-11 	 2.399146e-12
14 	 238 	 Ey 	 2 	 -2.404305e-11 	 6.981925e-13
14 	 239 	 Ey 	 2 	 -1.891481e-11 	 -5.061307e-13
14 	 240 	 Ey 	 2 	 -1.546932e-11 	 -1.197046e-12
14 	 241 	 Ey 	 2 	 -1.606149e-10 	 7.356177e-12
14 	 242 	 Ey 	 2 	 -3.737135e-10 	 8.429376e-12
14 	 243 	 Ey 	 2 	 -1.044195e-09 	 8.577651e-12
14 	 244 	 Ey 	 2 	 -3.878083e-09 	 5.678855e-12
14 	 245 	 Ey 	 2 	 -2.235344e-08 	 -7.506820e-12
14 	 246 	 Ey 	 2 	 -5.337726e-08 	 -2.750089e-11
14 	 247 	 Ey 	 2 	 6.611692e-08 	 2.834487e-11
14 	 248 	 Ey 	 2 	 9.642340e-09 	 2.912119e-12
14 	 249 	 Ey 	 2 	 2.075252e-09 	 -1.416353e-12
14 	 250 	 Ey 	 2 	 6.511263e-10 	 -4.141308e-13
14 	 251 	 Ey 	 2 	 2.614758e-10 	 9.789458e-13
14 	 252 	 Ey 	 2 	 1.235881e-10 	 1.297057e-12
14 	 253 	 Ey 	 2 	 6.456766e-11 	 6.803350e-13
14 	 254 	 Ey 	 2 	 3.563234e-11 	 -2.348418e-13
14 	 255 	 Ey 	 2 	 2.019352e-11 	 -1.000060e-12
14 	 256 	 Ey 	 2 	 1.153061e-11 	 -1.490359e-12
