iTx 	 iRx    chrec  ifreq 	 emf_real 	 emf_imag
8 	 1 	 Ex 	 1 	 1.291839e-11 	 8.299393e-12
8 	 2 	 Ex 	 1 	 1.625253e-11 	 1.007564e-11
8 	 3 	 Ex 	 1 	 2.049951e-11 	 1.204723e-11
8 	 4 	 Ex 	 1 	 2.594198e-11 	 1.459999e-11
8 	 5 	 Ex 	 1 	 3.309662e-11 	 1.796750e-11
8 	 6 	 Ex 	 1 	 4.242381e-11 	 2.233151e-11
8 	 7 	 Ex 	 1 	 5.343114e-11 	 2.790066e-11
8 	 8 	 Ex 	 1 	 6.355026e-11 	 3.463921e-11
8 	 9 	 Ex 	 1 	 6.692154e-11 	 4.214794e-11
8 	 10 	 Ex 	 1 	 5.390173e-11 	 4.985419e-11
8 	 11 	 Ex 	 1 	 1.115712e-11 	 5.747308e-11
8 	 12 	 Ex 	 1 	 -7.541479e-11 	 6.471355e-11
8 	 13 	 Ex 	 1 	 -2.078291e-10 	 7.112472e-11
8 	 14 	 Ex 	 1 	 -3.513903e-10 	 7.575746e-11
8 	 15 	 Ex 	 1 	 -5.044529e-10 	 7.744833e-11
8 	 16 	 Ex 	 1 	 -3.933062e-10 	 7.557394e-11
8 	 17 	 Ex 	 1 	 1.631978e-11 	 8.809320e-12
8 	 18 	 Ex 	 1 	 2.086335e-11 	 1.065807e-11
8 	 19 	 Ex 	 1 	 2.674997e-11 	 1.275672e-11
8 	 20 	 Ex 	 1 	 3.466383e-11 	 1.533092e-11
8 	 21 	 Ex 	 1 	 4.596074e-11 	 1.886272e-11
8 	 22 	 Ex 	 1 	 6.254795e-11 	 2.395521e-11
8 	 23 	 Ex 	 1 	 8.570029e-11 	 3.105984e-11
8 	 24 	 Ex 	 1 	 1.136603e-10 	 4.012750e-11
8 	 25 	 Ex 	 1 	 1.388516e-10 	 5.026767e-11
8 	 26 	 Ex 	 1 	 1.467658e-10 	 6.050235e-11
8 	 27 	 Ex 	 1 	 1.134318e-10 	 7.070521e-11
8 	 28 	 Ex 	 1 	 -1.428785e-12 	 8.119960e-11
8 	 29 	 Ex 	 1 	 -2.412161e-10 	 9.154560e-11
8 	 30 	 Ex 	 1 	 -5.712590e-10 	 1.000378e-10
8 	 31 	 Ex 	 1 	 -8.943123e-10 	 1.038506e-10
8 	 32 	 Ex 	 1 	 -6.724115e-10 	 1.008183e-10
8 	 33 	 Ex 	 1 	 1.952348e-11 	 9.302214e-12
8 	 34 	 Ex 	 1 	 2.523880e-11 	 1.119979e-11
8 	 35 	 Ex 	 1 	 3.265954e-11 	 1.333911e-11
8 	 36 	 Ex 	 1 	 4.285459e-11 	 1.573029e-11
8 	 37 	 Ex 	 1 	 5.841413e-11 	 1.916040e-11
8 	 38 	 Ex 	 1 	 8.395246e-11 	 2.486759e-11
8 	 39 	 Ex 	 1 	 1.246346e-10 	 3.388880e-11
8 	 40 	 Ex 	 1 	 1.824049e-10 	 4.629454e-11
8 	 41 	 Ex 	 1 	 2.489873e-10 	 6.013098e-11
8 	 42 	 Ex 	 1 	 3.075573e-10 	 7.328253e-11
8 	 43 	 Ex 	 1 	 3.315033e-10 	 8.655875e-11
8 	 44 	 Ex 	 1 	 2.439713e-10 	 1.016923e-10
8 	 45 	 Ex 	 1 	 -1.391352e-10 	 1.194700e-10
8 	 46 	 Ex 	 1 	 -9.746740e-10 	 1.372158e-10
8 	 47 	 Ex 	 1 	 -1.877822e-09 	 1.468419e-10
8 	 48 	 Ex 	 1 	 -1.285265e-09 	 1.411032e-10
8 	 49 	 Ex 	 1 	 2.221115e-11 	 9.796627e-12
8 	 50 	 Ex 	 1 	 2.891732e-11 	 1.167203e-11
8 	 51 	 Ex 	 1 	 3.754313e-11 	 1.373357e-11
8 	 52 	 Ex 	 1 	 4.933925e-11 	 1.579645e-11
8 	 53 	 Ex 	 1 	 6.851387e-11 	 1.883392e-11
8 	 54 	 Ex 	 1 	 1.036246e-10 	 2.495615e-11
8 	 55 	 Ex 	 1 	 1.662971e-10 	 3.610554e-11
8 	 56 	 Ex 	 1 	 2.670529e-10 	 5.295252e-11
8 	 57 	 Ex 	 1 	 3.983982e-10 	 7.167120e-11
8 	 58 	 Ex 	 1 	 5.482669e-10 	 8.779358e-11
8 	 59 	 Ex 	 1 	 7.294906e-10 	 1.040190e-10
8 	 60 	 Ex 	 1 	 9.076759e-10 	 1.254545e-10
8 	 61 	 Ex 	 1 	 6.949438e-10 	 1.576894e-10
8 	 62 	 Ex 	 1 	 -1.402226e-09 	 2.001312e-10
8 	 63 	 Ex 	 1 	 -5.253662e-09 	 2.290234e-10
8 	 64 	 Ex 	 1 	 -2.699054e-09 	 2.139164e-10
8 	 65 	 Ex 	 1 	 2.409774e-11 	 1.017488e-11
8 	 66 	 Ex 	 1 	 3.141676e-11 	 1.201226e-11
8 	 67 	 Ex 	 1 	 4.066589e-11 	 1.396296e-11
8 	 68 	 Ex 	 1 	 5.323316e-11 	 1.560449e-11
8 	 69 	 Ex 	 1 	 7.503902e-11 	 1.813963e-11
8 	 70 	 Ex 	 1 	 1.187095e-10 	 2.459331e-11
8 	 71 	 Ex 	 1 	 2.033056e-10 	 3.779365e-11
8 	 72 	 Ex 	 1 	 3.509937e-10 	 5.920292e-11
8 	 73 	 Ex 	 1 	 5.560445e-10 	 8.292142e-11
8 	 74 	 Ex 	 1 	 8.204099e-10 	 1.014016e-10
8 	 75 	 Ex 	 1 	 1.268130e-09 	 1.199169e-10
8 	 76 	 Ex 	 1 	 2.224938e-09 	 1.486202e-10
8 	 77 	 Ex 	 1 	 4.292187e-09 	 2.054322e-10
8 	 78 	 Ex 	 1 	 3.899610e-09 	 3.175479e-10
8 	 79 	 Ex 	 1 	 -2.683176e-08 	 4.430840e-10
8 	 80 	 Ex 	 1 	 -1.937512e-09 	 3.697486e-10
8 	 81 	 Ex 	 1 	 2.537790e-11 	 1.040498e-11
8 	 82 	 Ex 	 1 	 3.294180e-11 	 1.220136e-11
8 	 83 	 Ex 	 1 	 4.234945e-11 	 1.397757e-11
8 	 84 	 Ex 	 1 	 5.519695e-11 	 1.527313e-11
8 	 85 	 Ex 	 1 	 7.868525e-11 	 1.750160e-11
8 	 86 	 Ex 	 1 	 1.281659e-10 	 2.423093e-11
8 	 87 	 Ex 	 1 	 2.278780e-10 	 3.883566e-11
8 	 88 	 Ex 	 1 	 4.074604e-10 	 6.327931e-11
8 	 89 	 Ex 	 1 	 6.611672e-10 	 9.018863e-11
8 	 90 	 Ex 	 1 	 1.002860e-09 	 1.098843e-10
8 	 91 	 Ex 	 1 	 1.665679e-09 	 1.291573e-10
8 	 92 	 Ex 	 1 	 3.504688e-09 	 1.623240e-10
8 	 93 	 Ex 	 1 	 1.070261e-08 	 2.421827e-10
8 	 94 	 Ex 	 1 	 6.144165e-08 	 4.833020e-10
8 	 95 	 Ex 	 1 	 -9.556700e-07 	 1.990165e-09
8 	 96 	 Ex 	 1 	 1.485162e-07 	 6.855131e-10
8 	 97 	 Ex 	 1 	 2.486128e-11 	 1.047555e-11
8 	 98 	 Ex 	 1 	 3.206762e-11 	 1.220937e-11
8 	 99 	 Ex 	 1 	 4.087995e-11 	 1.384572e-11
8 	 100 	 Ex 	 1 	 5.297509e-11 	 1.492629e-11
8 	 101 	 Ex 	 1 	 7.586988e-11 	 1.698673e-11
8 	 102 	 Ex 	 1 	 1.253528e-10 	 2.374034e-11
8 	 103 	 Ex 	 1 	 2.261149e-10 	 3.880906e-11
8 	 104 	 Ex 	 1 	 4.067170e-10 	 6.413692e-11
8 	 105 	 Ex 	 1 	 6.536484e-10 	 9.166993e-11
8 	 106 	 Ex 	 1 	 9.647283e-10 	 1.107954e-10
8 	 107 	 Ex 	 1 	 1.535065e-09 	 1.281579e-10
8 	 108 	 Ex 	 1 	 3.026209e-09 	 1.577705e-10
8 	 109 	 Ex 	 1 	 8.018476e-09 	 2.278940e-10
8 	 110 	 Ex 	 1 	 2.624197e-08 	 4.123048e-10
8 	 111 	 Ex 	 1 	 -1.151230e-07 	 8.054141e-10
8 	 112 	 Ex 	 1 	 3.181182e-08 	 5.328456e-10
8 	 113 	 Ex 	 1 	 2.382476e-11 	 1.037712e-11
8 	 114 	 Ex 	 1 	 3.045418e-11 	 1.211272e-11
8 	 115 	 Ex 	 1 	 3.841333e-11 	 1.363701e-11
8 	 116 	 Ex 	 1 	 4.922387e-11 	 1.455377e-11
8 	 117 	 Ex 	 1 	 6.979081e-11 	 1.647326e-11
8 	 118 	 Ex 	 1 	 1.144027e-10 	 2.300266e-11
8 	 119 	 Ex 	 1 	 2.042948e-10 	 3.753378e-11
8 	 120 	 Ex 	 1 	 3.606755e-10 	 6.179782e-11
8 	 121 	 Ex 	 1 	 5.582013e-10 	 8.769417e-11
8 	 122 	 Ex 	 1 	 7.618693e-10 	 1.045894e-10
8 	 123 	 Ex 	 1 	 1.041590e-09 	 1.179530e-10
8 	 124 	 Ex 	 1 	 1.530624e-09 	 1.380152e-10
8 	 125 	 Ex 	 1 	 2.096091e-09 	 1.785435e-10
8 	 126 	 Ex 	 1 	 -5.502548e-10 	 2.499146e-10
8 	 127 	 Ex 	 1 	 -1.149746e-08 	 3.122395e-10
8 	 128 	 Ex 	 1 	 -3.688301e-09 	 2.806822e-10
8 	 129 	 Ex 	 1 	 2.205778e-11 	 1.017355e-11
8 	 130 	 Ex 	 1 	 2.792624e-11 	 1.191601e-11
8 	 131 	 Ex 	 1 	 3.477438e-11 	 1.335080e-11
8 	 132 	 Ex 	 1 	 4.371051e-11 	 1.416961e-11
8 	 133 	 Ex 	 1 	 6.041111e-11 	 1.594485e-11
8 	 134 	 Ex 	 1 	 9.643898e-11 	 2.194234e-11
8 	 135 	 Ex 	 1 	 1.675530e-10 	 3.512929e-11
8 	 136 	 Ex 	 1 	 2.857456e-10 	 5.691127e-11
8 	 137 	 Ex 	 1 	 4.175542e-10 	 7.976317e-11
8 	 138 	 Ex 	 1 	 5.076038e-10 	 9.364831e-11
8 	 139 	 Ex 	 1 	 5.490268e-10 	 1.026293e-10
8 	 140 	 Ex 	 1 	 4.924341e-10 	 1.137710e-10
8 	 141 	 Ex 	 1 	 7.325428e-11 	 1.327515e-10
8 	 142 	 Ex 	 1 	 -1.330235e-09 	 1.597128e-10
8 	 143 	 Ex 	 1 	 -3.169430e-09 	 1.781776e-10
8 	 144 	 Ex 	 1 	 -1.949627e-09 	 1.709207e-10
8 	 145 	 Ex 	 1 	 1.973424e-11 	 9.851537e-12
8 	 146 	 Ex 	 1 	 2.475473e-11 	 1.161829e-11
8 	 147 	 Ex 	 1 	 3.039225e-11 	 1.301047e-11
8 	 148 	 Ex 	 1 	 3.719158e-11 	 1.378323e-11
8 	 149 	 Ex 	 1 	 4.930281e-11 	 1.537597e-11
8 	 150 	 Ex 	 1 	 7.523846e-11 	 2.062505e-11
8 	 151 	 Ex 	 1 	 1.252443e-10 	 3.194020e-11
8 	 152 	 Ex 	 1 	 2.039071e-10 	 5.043322e-11
8 	 153 	 Ex 	 1 	 2.780121e-10 	 6.957480e-11
8 	 154 	 Ex 	 1 	 2.939584e-10 	 8.048361e-11
8 	 155 	 Ex 	 1 	 2.314898e-10 	 8.629805e-11
8 	 156 	 Ex 	 1 	 5.706603e-11 	 9.176878e-11
8 	 157 	 Ex 	 1 	 -2.883815e-10 	 9.984708e-11
8 	 158 	 Ex 	 1 	 -8.185926e-10 	 1.107196e-10
8 	 159 	 Ex 	 1 	 -1.331969e-09 	 1.180277e-10
8 	 160 	 Ex 	 1 	 -9.645830e-10 	 1.156347e-10
8 	 161 	 Ex 	 1 	 1.698271e-11 	 9.443598e-12
8 	 162 	 Ex 	 1 	 2.114997e-11 	 1.118112e-11
8 	 163 	 Ex 	 1 	 2.565164e-11 	 1.253365e-11
8 	 164 	 Ex 	 1 	 3.041630e-11 	 1.339401e-11
8 	 165 	 Ex 	 1 	 3.806702e-11 	 1.483864e-11
8 	 166 	 Ex 	 1 	 5.431730e-11 	 1.918796e-11
8 	 167 	 Ex 	 1 	 8.494831e-11 	 2.836826e-11
8 	 168 	 Ex 	 1 	 1.301925e-10 	 4.318084e-11
8 	 169 	 Ex 	 1 	 1.638093e-10 	 5.843835e-11
8 	 170 	 Ex 	 1 	 1.466000e-10 	 6.701804e-11
8 	 171 	 Ex 	 1 	 6.644873e-11 	 7.105417e-11
8 	 172 	 Ex 	 1 	 -8.020000e-11 	 7.388988e-11
8 	 173 	 Ex 	 1 	 -2.800189e-10 	 7.721720e-11
8 	 174 	 Ex 	 1 	 -4.923840e-10 	 8.181527e-11
8 	 175 	 Ex 	 1 	 -6.963405e-10 	 8.491731e-11
8 	 176 	 Ex 	 1 	 -5.339647e-10 	 8.383554e-11
8 	 177 	 Ex 	 1 	 1.390850e-11 	 8.896992e-12
8 	 178 	 Ex 	 1 	 1.720477e-11 	 1.053565e-11
8 	 179 	 Ex 	 1 	 2.063388e-11 	 1.189332e-11
8 	 180 	 Ex 	 1 	 2.372262e-11 	 1.294753e-11
8 	 181 	 Ex 	 1 	 2.768114e-11 	 1.432156e-11
8 	 182 	 Ex 	 1 	 3.590512e-11 	 1.778558e-11
8 	 183 	 Ex 	 1 	 5.101094e-11 	 2.484633e-11
8 	 184 	 Ex 	 1 	 7.126062e-11 	 3.597850e-11
8 	 185 	 Ex 	 1 	 8.015009e-11 	 4.747888e-11
8 	 186 	 Ex 	 1 	 5.513782e-11 	 5.434014e-11
8 	 187 	 Ex 	 1 	 -9.030905e-12 	 5.770277e-11
8 	 188 	 Ex 	 1 	 -1.059698e-10 	 5.973647e-11
8 	 189 	 Ex 	 1 	 -2.149187e-10 	 6.134111e-11
8 	 190 	 Ex 	 1 	 -3.096373e-10 	 6.325746e-11
8 	 191 	 Ex 	 1 	 -4.144863e-10 	 6.450003e-11
8 	 192 	 Ex 	 1 	 -3.251956e-10 	 6.366131e-11
8 	 193 	 Ex 	 1 	 1.061877e-11 	 8.223829e-12
8 	 194 	 Ex 	 1 	 1.296545e-11 	 9.663401e-12
8 	 195 	 Ex 	 1 	 1.524285e-11 	 1.101929e-11
8 	 196 	 Ex 	 1 	 1.690420e-11 	 1.229292e-11
8 	 197 	 Ex 	 1 	 1.823136e-11 	 1.372550e-11
8 	 198 	 Ex 	 1 	 2.076651e-11 	 1.649960e-11
8 	 199 	 Ex 	 1 	 2.521688e-11 	 2.172440e-11
8 	 200 	 Ex 	 1 	 2.941295e-11 	 2.954096e-11
8 	 201 	 Ex 	 1 	 2.538544e-11 	 3.765255e-11
8 	 202 	 Ex 	 1 	 3.259864e-12 	 4.317799e-11
8 	 203 	 Ex 	 1 	 -3.937673e-11 	 4.643114e-11
8 	 204 	 Ex 	 1 	 -9.697208e-11 	 4.841612e-11
8 	 205 	 Ex 	 1 	 -1.566497e-10 	 4.961294e-11
8 	 206 	 Ex 	 1 	 -2.044082e-10 	 5.046502e-11
8 	 207 	 Ex 	 1 	 -2.692395e-10 	 5.072908e-11
8 	 208 	 Ex 	 1 	 -2.131891e-10 	 4.988503e-11
8 	 209 	 Ex 	 1 	 7.314007e-12 	 7.420599e-12
8 	 210 	 Ex 	 1 	 8.664829e-12 	 8.668406e-12
8 	 211 	 Ex 	 1 	 9.722537e-12 	 1.002054e-11
8 	 212 	 Ex 	 1 	 1.009823e-11 	 1.134781e-11
8 	 213 	 Ex 	 1 	 9.683272e-12 	 1.284534e-11
8 	 214 	 Ex 	 1 	 8.857530e-12 	 1.520281e-11
8 	 215 	 Ex 	 1 	 7.481841e-12 	 1.907003e-11
8 	 216 	 Ex 	 1 	 4.060847e-12 	 2.435851e-11
8 	 217 	 Ex 	 1 	 -4.571537e-12 	 2.985078e-11
8 	 218 	 Ex 	 1 	 -2.186790e-11 	 3.418846e-11
8 	 219 	 Ex 	 1 	 -4.877853e-11 	 3.719267e-11
8 	 220 	 Ex 	 1 	 -8.224603e-11 	 3.913460e-11
8 	 221 	 Ex 	 1 	 -1.158985e-10 	 4.028539e-11
8 	 222 	 Ex 	 1 	 -1.422416e-10 	 4.078004e-11
8 	 223 	 Ex 	 1 	 -1.869584e-10 	 4.067557e-11
8 	 224 	 Ex 	 1 	 -1.483170e-10 	 3.991263e-11
8 	 225 	 Ex 	 1 	 4.221960e-12 	 6.580323e-12
8 	 226 	 Ex 	 1 	 4.673940e-12 	 7.718249e-12
8 	 227 	 Ex 	 1 	 4.717023e-12 	 8.976338e-12
8 	 228 	 Ex 	 1 	 4.080967e-12 	 1.023805e-11
8 	 229 	 Ex 	 1 	 2.566217e-12 	 1.169367e-11
8 	 230 	 Ex 	 1 	 7.248543e-14 	 1.375585e-11
8 	 231 	 Ex 	 1 	 -3.690694e-12 	 1.667331e-11
8 	 232 	 Ex 	 1 	 -9.459907e-12 	 2.028151e-11
8 	 233 	 Ex 	 1 	 -1.841804e-11 	 2.405053e-11
8 	 234 	 Ex 	 1 	 -3.162386e-11 	 2.731879e-11
8 	 235 	 Ex 	 1 	 -4.918718e-11 	 2.983374e-11
8 	 236 	 Ex 	 1 	 -6.945960e-11 	 3.159497e-11
8 	 237 	 Ex 	 1 	 -8.921810e-11 	 3.266393e-11
8 	 238 	 Ex 	 1 	 -1.044057e-10 	 3.310610e-11
8 	 239 	 Ex 	 1 	 -1.371365e-10 	 3.297413e-11
8 	 240 	 Ex 	 1 	 -1.084475e-10 	 3.234201e-11
8 	 241 	 Ex 	 1 	 1.521510e-12 	 5.779803e-12
8 	 242 	 Ex 	 1 	 1.269589e-12 	 6.872532e-12
8 	 243 	 Ex 	 1 	 6.157838e-13 	 7.950023e-12
8 	 244 	 Ex 	 1 	 -6.665035e-13 	 9.070083e-12
8 	 245 	 Ex 	 1 	 -2.811513e-12 	 1.044935e-11
8 	 246 	 Ex 	 1 	 -5.959061e-12 	 1.224314e-11
8 	 247 	 Ex 	 1 	 -1.032487e-11 	 1.446127e-11
8 	 248 	 Ex 	 1 	 -1.621568e-11 	 1.699267e-11
8 	 249 	 Ex 	 1 	 -2.405186e-11 	 1.962280e-11
8 	 250 	 Ex 	 1 	 -3.408595e-11 	 2.204523e-11
8 	 251 	 Ex 	 1 	 -4.609079e-11 	 2.406381e-11
8 	 252 	 Ex 	 1 	 -5.904042e-11 	 2.557275e-11
8 	 253 	 Ex 	 1 	 -7.115185e-11 	 2.652814e-11
8 	 254 	 Ex 	 1 	 -8.022898e-11 	 2.696669e-11
8 	 255 	 Ex 	 1 	 -1.051930e-10 	 2.691264e-11
8 	 256 	 Ex 	 1 	 -8.271154e-11 	 2.643986e-11
8 	 1 	 Ex 	 2 	 6.110975e-12 	 6.616235e-13
8 	 2 	 Ex 	 2 	 6.646472e-12 	 2.116037e-12
8 	 3 	 Ex 	 2 	 7.323071e-12 	 4.376678e-12
8 	 4 	 Ex 	 2 	 8.222480e-12 	 7.875768e-12
8 	 5 	 Ex 	 2 	 9.445065e-12 	 1.325984e-11
8 	 6 	 Ex 	 2 	 1.094573e-11 	 2.131154e-11
8 	 7 	 Ex 	 2 	 1.205377e-11 	 3.266037e-11
8 	 8 	 Ex 	 2 	 1.055630e-11 	 4.741325e-11
8 	 9 	 Ex 	 2 	 1.534656e-12 	 6.503590e-11
8 	 10 	 Ex 	 2 	 -2.361363e-11 	 8.483375e-11
8 	 11 	 Ex 	 2 	 -7.749421e-11 	 1.063762e-10
8 	 12 	 Ex 	 2 	 -1.737298e-10 	 1.289679e-10
8 	 13 	 Ex 	 2 	 -3.137469e-10 	 1.506077e-10
8 	 14 	 Ex 	 2 	 -4.621586e-10 	 1.674083e-10
8 	 15 	 Ex 	 2 	 -6.166334e-10 	 1.742767e-10
8 	 16 	 Ex 	 2 	 -5.029251e-10 	 1.689942e-10
8 	 17 	 Ex 	 2 	 8.626098e-12 	 1.069549e-12
8 	 18 	 Ex 	 2 	 1.015766e-11 	 2.738768e-12
8 	 19 	 Ex 	 2 	 1.231026e-11 	 5.294284e-12
8 	 20 	 Ex 	 2 	 1.546386e-11 	 9.291042e-12
8 	 21 	 Ex 	 2 	 2.031249e-11 	 1.574148e-11
8 	 22 	 Ex 	 2 	 2.785179e-11 	 2.606699e-11
8 	 23 	 Ex 	 2 	 3.874977e-11 	 4.157761e-11
8 	 24 	 Ex 	 2 	 5.169105e-11 	 6.256255e-11
8 	 25 	 Ex 	 2 	 6.082943e-11 	 8.774379e-11
8 	 26 	 Ex 	 2 	 5.356539e-11 	 1.157936e-10
8 	 27 	 Ex 	 2 	 6.588167e-12 	 1.471478e-10
8 	 28 	 Ex 	 2 	 -1.202129e-10 	 1.826226e-10
8 	 29 	 Ex 	 2 	 -3.697757e-10 	 2.204166e-10
8 	 30 	 Ex 	 2 	 -7.064816e-10 	 2.532686e-10
8 	 31 	 Ex 	 2 	 -1.031872e-09 	 2.687452e-10
8 	 32 	 Ex 	 2 	 -8.066646e-10 	 2.593601e-10
8 	 33 	 Ex 	 2 	 1.098611e-11 	 1.458810e-12
8 	 34 	 Ex 	 2 	 1.353018e-11 	 3.285529e-12
8 	 35 	 Ex 	 2 	 1.721920e-11 	 5.990263e-12
8 	 36 	 Ex 	 2 	 2.278569e-11 	 1.019484e-11
8 	 37 	 Ex 	 2 	 3.182198e-11 	 1.740698e-11
8 	 38 	 Ex 	 2 	 4.726986e-11 	 3.012003e-11
8 	 39 	 Ex 	 2 	 7.295572e-11 	 5.096240e-11
8 	 40 	 Ex 	 2 	 1.110621e-10 	 8.087308e-11
8 	 41 	 Ex 	 2 	 1.567413e-10 	 1.165661e-10
8 	 42 	 Ex 	 2 	 1.970154e-10 	 1.546205e-10
8 	 43 	 Ex 	 2 	 2.051918e-10 	 1.981404e-10
8 	 44 	 Ex 	 2 	 1.035138e-10 	 2.529963e-10
8 	 45 	 Ex 	 2 	 -2.920358e-10 	 3.215966e-10
8 	 46 	 Ex 	 2 	 -1.137177e-09 	 3.922614e-10
8 	 47 	 Ex 	 2 	 -2.044572e-09 	 4.311451e-10
8 	 48 	 Ex 	 2 	 -1.447886e-09 	 4.114272e-10
8 	 49 	 Ex 	 2 	 1.293635e-11 	 1.785067e-12
8 	 50 	 Ex 	 2 	 1.635181e-11 	 3.689195e-12
8 	 51 	 Ex 	 2 	 2.137319e-11 	 6.362301e-12
8 	 52 	 Ex 	 2 	 2.906207e-11 	 1.039706e-11
8 	 53 	 Ex 	 2 	 4.213575e-11 	 1.791418e-11
8 	 54 	 Ex 	 2 	 6.639769e-11 	 3.290685e-11
8 	 55 	 Ex 	 2 	 1.111197e-10 	 6.005643e-11
8 	 56 	 Ex 	 2 	 1.863334e-10 	 1.020590e-10
8 	 57 	 Ex 	 2 	 2.907233e-10 	 1.515970e-10
8 	 58 	 Ex 	 2 	 4.197600e-10 	 2.000040e-10
8 	 59 	 Ex 	 2 	 5.841883e-10 	 2.561987e-10
8 	 60 	 Ex 	 2 	 7.465168e-10 	 3.377711e-10
8 	 61 	 Ex 	 2 	 5.180195e-10 	 4.658773e-10
8 	 62 	 Ex 	 2 	 -1.594056e-09 	 6.364582e-10
8 	 63 	 Ex 	 2 	 -5.453633e-09 	 7.523524e-10
8 	 64 	 Ex 	 2 	 -2.893843e-09 	 6.952347e-10
8 	 65 	 Ex 	 2 	 1.424395e-11 	 2.006868e-12
8 	 66 	 Ex 	 2 	 1.822463e-11 	 3.890479e-12
8 	 67 	 Ex 	 2 	 2.409678e-11 	 6.371213e-12
8 	 68 	 Ex 	 2 	 3.321034e-11 	 1.000688e-11
8 	 69 	 Ex 	 2 	 4.948305e-11 	 1.759204e-11
8 	 70 	 Ex 	 2 	 8.175776e-11 	 3.463189e-11
8 	 71 	 Ex 	 2 	 1.457471e-10 	 6.804033e-11
8 	 72 	 Ex 	 2 	 2.621089e-10 	 1.229414e-10
8 	 73 	 Ex 	 2 	 4.342880e-10 	 1.868818e-10
8 	 74 	 Ex 	 2 	 6.762076e-10 	 2.437576e-10
8 	 75 	 Ex 	 2 	 1.107196e-09 	 3.102806e-10
8 	 76 	 Ex 	 2 	 2.047184e-09 	 4.226768e-10
8 	 77 	 Ex 	 2 	 4.094818e-09 	 6.524808e-10
8 	 78 	 Ex 	 2 	 3.677740e-09 	 1.103696e-09
8 	 79 	 Ex 	 2 	 -2.706850e-08 	 1.599160e-09
8 	 80 	 Ex 	 2 	 -2.167574e-09 	 1.314675e-09
8 	 81 	 Ex 	 2 	 1.516724e-11 	 2.118965e-12
8 	 82 	 Ex 	 2 	 1.942939e-11 	 3.906212e-12
8 	 83 	 Ex 	 2 	 2.570440e-11 	 6.135750e-12
8 	 84 	 Ex 	 2 	 3.560750e-11 	 9.426304e-12
8 	 85 	 Ex 	 2 	 5.396651e-11 	 1.710177e-11
8 	 86 	 Ex 	 2 	 9.168219e-11 	 3.565750e-11
8 	 87 	 Ex 	 2 	 1.689758e-10 	 7.354630e-11
8 	 88 	 Ex 	 2 	 3.134617e-10 	 1.372633e-10
8 	 89 	 Ex 	 2 	 5.305784e-10 	 2.103638e-10
8 	 90 	 Ex 	 2 	 8.490691e-10 	 2.712225e-10
8 	 91 	 Ex 	 2 	 1.495901e-09 	 3.415701e-10
8 	 92 	 Ex 	 2 	 3.318296e-09 	 4.733817e-10
8 	 93 	 Ex 	 2 	 1.049370e-08 	 7.984243e-10
8 	 94 	 Ex 	 2 	 6.119257e-08 	 1.780022e-09
8 	 95 	 Ex 	 2 	 -9.558316e-07 	 7.552524e-09
8 	 96 	 Ex 	 2 	 1.482400e-07 	 2.613214e-09
8 	 97 	 Ex 	 2 	 1.452584e-11 	 2.164981e-12
8 	 98 	 Ex 	 2 	 1.852244e-11 	 3.842609e-12
8 	 99 	 Ex 	 2 	 2.441232e-11 	 5.873933e-12
8 	 100 	 Ex 	 2 	 3.387934e-11 	 8.960477e-12
8 	 101 	 Ex 	 2 	 5.190369e-11 	 1.664121e-11
8 	 102 	 Ex 	 2 	 8.957387e-11 	 3.570554e-11
8 	 103 	 Ex 	 2 	 1.673467e-10 	 7.499007e-11
8 	 104 	 Ex 	 2 	 3.116932e-10 	 1.409153e-10
8 	 105 	 Ex 	 2 	 5.211559e-10 	 2.150485e-10
8 	 106 	 Ex 	 2 	 8.093997e-10 	 2.731678e-10
8 	 107 	 Ex 	 2 	 1.365262e-09 	 3.364568e-10
8 	 108 	 Ex 	 2 	 2.842072e-09 	 4.548675e-10
8 	 109 	 Ex 	 2 	 7.815047e-09 	 7.421644e-10
8 	 110 	 Ex 	 2 	 2.600683e-08 	 1.489854e-09
8 	 111 	 Ex 	 2 	 -1.153710e-07 	 3.028802e-09
8 	 112 	 Ex 	 2 	 3.156178e-08 	 1.976484e-09
8 	 113 	 Ex 	 2 	 1.356372e-11 	 2.201612e-12
8 	 114 	 Ex 	 2 	 1.710722e-11 	 3.806487e-12
8 	 115 	 Ex 	 2 	 2.229863e-11 	 5.727549e-12
8 	 116 	 Ex 	 2 	 3.065899e-11 	 8.678181e-12
8 	 117 	 Ex 	 2 	 4.662496e-11 	 1.609053e-11
8 	 118 	 Ex 	 2 	 7.984434e-11 	 3.442801e-11
8 	 119 	 Ex 	 2 	 1.474159e-10 	 7.190045e-11
8 	 120 	 Ex 	 2 	 2.686767e-10 	 1.339149e-10
8 	 121 	 Ex 	 2 	 4.301934e-10 	 2.018683e-10
8 	 122 	 Ex 	 2 	 6.126349e-10 	 2.512545e-10
8 	 123 	 Ex 	 2 	 8.801892e-10 	 2.986932e-10
8 	 124 	 Ex 	 2 	 1.358596e-09 	 3.793876e-10
8 	 125 	 Ex 	 2 	 1.911778e-09 	 5.479687e-10
8 	 126 	 Ex 	 2 	 -7.513025e-10 	 8.395431e-10
8 	 127 	 Ex 	 2 	 -1.171076e-08 	 1.088328e-09
8 	 128 	 Ex 	 2 	 -3.897159e-09 	 9.653659e-10
8 	 129 	 Ex 	 2 	 1.205642e-11 	 2.259384e-12
8 	 130 	 Ex 	 2 	 1.495537e-11 	 3.845518e-12
8 	 131 	 Ex 	 2 	 1.912965e-11 	 5.732122e-12
8 	 132 	 Ex 	 2 	 2.573780e-11 	 8.546384e-12
8 	 133 	 Ex 	 2 	 3.818584e-11 	 1.535370e-11
8 	 134 	 Ex 	 2 	 6.369420e-11 	 3.185479e-11
8 	 135 	 Ex 	 2 	 1.142119e-10 	 6.499985e-11
8 	 136 	 Ex 	 2 	 2.001507e-10 	 1.188028e-10
8 	 137 	 Ex 	 2 	 2.991613e-10 	 1.760591e-10
8 	 138 	 Ex 	 2 	 3.704220e-10 	 2.141298e-10
8 	 139 	 Ex 	 2 	 4.021663e-10 	 2.445591e-10
8 	 140 	 Ex 	 2 	 3.385838e-10 	 2.894780e-10
8 	 141 	 Ex 	 2 	 -8.695032e-11 	 3.718660e-10
8 	 142 	 Ex 	 2 	 -1.498778e-09 	 4.861909e-10
8 	 143 	 Ex 	 2 	 -3.344597e-09 	 5.624326e-10
8 	 144 	 Ex 	 2 	 -2.122483e-09 	 5.348835e-10
8 	 145 	 Ex 	 2 	 1.015923e-11 	 2.323530e-12
8 	 146 	 Ex 	 2 	 1.231689e-11 	 3.936717e-12
8 	 147 	 Ex 	 2 	 1.532519e-11 	 5.849071e-12
8 	 148 	 Ex 	 2 	 1.987722e-11 	 8.510751e-12
8 	 149 	 Ex 	 2 	 2.816720e-11 	 1.443363e-11
8 	 150 	 Ex 	 2 	 4.481144e-11 	 2.832028e-11
8 	 151 	 Ex 	 2 	 7.671636e-11 	 5.560152e-11
8 	 152 	 Ex 	 2 	 1.272062e-10 	 9.894642e-11
8 	 153 	 Ex 	 2 	 1.728059e-10 	 1.438547e-10
8 	 154 	 Ex 	 2 	 1.727088e-10 	 1.713815e-10
8 	 155 	 Ex 	 2 	 1.025729e-10 	 1.892103e-10
8 	 156 	 Ex 	 2 	 -7.625529e-11 	 2.114866e-10
8 	 157 	 Ex 	 2 	 -4.244295e-10 	 2.500476e-10
8 	 158 	 Ex 	 2 	 -9.584030e-10 	 2.998472e-10
8 	 159 	 Ex 	 2 	 -1.475277e-09 	 3.314000e-10
8 	 160 	 Ex 	 2 	 -1.106404e-09 	 3.234893e-10
8 	 161 	 Ex 	 2 	 8.025022e-12 	 2.334186e-12
8 	 162 	 Ex 	 2 	 9.429126e-12 	 3.985261e-12
8 	 163 	 Ex 	 2 	 1.129090e-11 	 5.959980e-12
8 	 164 	 Ex 	 2 	 1.383775e-11 	 8.480016e-12
8 	 165 	 Ex 	 2 	 1.810634e-11 	 1.337778e-11
8 	 166 	 Ex 	 2 	 2.648716e-11 	 2.427506e-11
8 	 167 	 Ex 	 2 	 4.200126e-11 	 4.508693e-11
8 	 168 	 Ex 	 2 	 6.392006e-11 	 7.740200e-11
8 	 169 	 Ex 	 2 	 7.394253e-11 	 1.103444e-10
8 	 170 	 Ex 	 2 	 4.330647e-11 	 1.298232e-10
8 	 171 	 Ex 	 2 	 -4.322709e-11 	 1.406218e-10
8 	 172 	 Ex 	 2 	 -1.930752e-10 	 1.517974e-10
8 	 173 	 Ex 	 2 	 -3.940210e-10 	 1.704562e-10
8 	 174 	 Ex 	 2 	 -6.078936e-10 	 1.942141e-10
8 	 175 	 Ex 	 2 	 -8.134688e-10 	 2.090472e-10
8 	 176 	 Ex 	 2 	 -6.498280e-10 	 2.061653e-10
8 	 177 	 Ex 	 2 	 5.773268e-12 	 2.206650e-12
8 	 178 	 Ex 	 2 	 6.443350e-12 	 3.834474e-12
8 	 179 	 Ex 	 2 	 7.249544e-12 	 5.829519e-12
8 	 180 	 Ex 	 2 	 8.051749e-12 	 8.226708e-12
8 	 181 	 Ex 	 2 	 8.942114e-12 	 1.214043e-11
8 	 182 	 Ex 	 2 	 1.069205e-11 	 2.011256e-11
8 	 183 	 Ex 	 2 	 1.382256e-11 	 3.469952e-11
8 	 184 	 Ex 	 2 	 1.599419e-11 	 5.664384e-11
8 	 185 	 Ex 	 2 	 6.482682e-12 	 7.909248e-11
8 	 186 	 Ex 	 2 	 -2.975907e-11 	 9.323458e-11
8 	 187 	 Ex 	 2 	 -9.978494e-11 	 1.013308e-10
8 	 188 	 Ex 	 2 	 -1.997685e-10 	 1.084551e-10
8 	 189 	 Ex 	 2 	 -3.095817e-10 	 1.185201e-10
8 	 190 	 Ex 	 2 	 -4.048693e-10 	 1.304445e-10
8 	 191 	 Ex 	 2 	 -5.102365e-10 	 1.374797e-10
8 	 192 	 Ex 	 2 	 -4.195695e-10 	 1.357498e-10
8 	 193 	 Ex 	 2 	 3.503048e-12 	 1.884707e-12
8 	 194 	 Ex 	 2 	 3.448422e-12 	 3.354493e-12
8 	 195 	 Ex 	 2 	 3.235674e-12 	 5.193605e-12
8 	 196 	 Ex 	 2 	 2.526791e-12 	 7.380217e-12
8 	 197 	 Ex 	 2 	 8.728387e-13 	 1.048496e-11
8 	 198 	 Ex 	 2 	 -1.934903e-12 	 1.603626e-11
8 	 199 	 Ex 	 2 	 -6.593948e-12 	 2.549544e-11
8 	 200 	 Ex 	 2 	 -1.540331e-11 	 3.901098e-11
8 	 201 	 Ex 	 2 	 -3.282839e-11 	 5.321478e-11
8 	 202 	 Ex 	 2 	 -6.429471e-11 	 6.382746e-11
8 	 203 	 Ex 	 2 	 -1.126521e-10 	 7.116539e-11
8 	 204 	 Ex 	 2 	 -1.735678e-10 	 7.727412e-11
8 	 205 	 Ex 	 2 	 -2.345466e-10 	 8.362941e-11
8 	 206 	 Ex 	 2 	 -2.826561e-10 	 8.966436e-11
8 	 207 	 Ex 	 2 	 -3.472997e-10 	 9.264982e-11
8 	 208 	 Ex 	 2 	 -2.897486e-10 	 9.112835e-11
8 	 209 	 Ex 	 2 	 1.328451e-12 	 1.394545e-12
8 	 210 	 Ex 	 2 	 5.921258e-13 	 2.582601e-12
8 	 211 	 Ex 	 2 	 -5.733110e-13 	 4.078622e-12
8 	 212 	 Ex 	 2 	 -2.555912e-12 	 5.886875e-12
8 	 213 	 Ex 	 2 	 -5.914207e-12 	 8.310908e-12
8 	 214 	 Ex 	 2 	 -1.123303e-11 	 1.212549e-11
8 	 215 	 Ex 	 2 	 -1.940769e-11 	 1.804613e-11
8 	 216 	 Ex 	 2 	 -3.180601e-11 	 2.604306e-11
8 	 217 	 Ex 	 2 	 -4.977443e-11 	 3.478174e-11
8 	 218 	 Ex 	 2 	 -7.458846e-11 	 4.254276e-11
8 	 219 	 Ex 	 2 	 -1.067957e-10 	 4.888349e-11
8 	 220 	 Ex 	 2 	 -1.436544e-10 	 5.416848e-11
8 	 221 	 Ex 	 2 	 -1.789735e-10 	 5.860475e-11
8 	 222 	 Ex 	 2 	 -2.057762e-10 	 6.185787e-11
8 	 223 	 Ex 	 2 	 -2.500920e-10 	 6.298251e-11
8 	 224 	 Ex 	 2 	 -2.099818e-10 	 6.164341e-11
8 	 225 	 Ex 	 2 	 -6.218976e-13 	 8.313370e-13
8 	 226 	 Ex 	 2 	 -1.908103e-12 	 1.702006e-12
8 	 227 	 Ex 	 2 	 -3.794671e-12 	 2.805585e-12
8 	 228 	 Ex 	 2 	 -6.631011e-12 	 4.173013e-12
8 	 229 	 Ex 	 2 	 -1.089293e-11 	 5.980719e-12
8 	 230 	 Ex 	 2 	 -1.712560e-11 	 8.592325e-12
8 	 231 	 Ex 	 2 	 -2.595805e-11 	 1.232956e-11
8 	 232 	 Ex 	 2 	 -3.798004e-11 	 1.718231e-11
8 	 233 	 Ex 	 2 	 -5.346745e-11 	 2.265511e-11
8 	 234 	 Ex 	 2 	 -7.243391e-11 	 2.804779e-11
8 	 235 	 Ex 	 2 	 -9.446126e-11 	 3.289363e-11
8 	 236 	 Ex 	 2 	 -1.178187e-10 	 3.698650e-11
8 	 237 	 Ex 	 2 	 -1.393033e-10 	 4.014864e-11
8 	 238 	 Ex 	 2 	 -1.551099e-10 	 4.214247e-11
8 	 239 	 Ex 	 2 	 -1.875281e-10 	 4.259131e-11
8 	 240 	 Ex 	 2 	 -1.576072e-10 	 4.157979e-11
8 	 241 	 Ex 	 2 	 -2.251864e-12 	 2.933855e-13
8 	 242 	 Ex 	 2 	 -3.901010e-12 	 8.812171e-13
8 	 243 	 Ex 	 2 	 -6.205333e-12 	 1.639668e-12
8 	 244 	 Ex 	 2 	 -9.442457e-12 	 2.606636e-12
8 	 245 	 Ex 	 2 	 -1.395889e-11 	 3.885971e-12
8 	 246 	 Ex 	 2 	 -2.013038e-11 	 5.652119e-12
8 	 247 	 Ex 	 2 	 -2.829913e-11 	 8.055094e-12
8 	 248 	 Ex 	 2 	 -3.866386e-11 	 1.110217e-11
8 	 249 	 Ex 	 2 	 -5.116569e-11 	 1.459882e-11
8 	 250 	 Ex 	 2 	 -6.549430e-11 	 1.821883e-11
8 	 251 	 Ex 	 2 	 -8.102360e-11 	 2.163018e-11
8 	 252 	 Ex 	 2 	 -9.655220e-11 	 2.455900e-11
8 	 253 	 Ex 	 2 	 -1.102480e-10 	 2.678140e-11
8 	 254 	 Ex 	 2 	 -1.199930e-10 	 2.811526e-11
8 	 255 	 Ex 	 2 	 -1.447954e-10 	 2.835929e-11
8 	 256 	 Ex 	 2 	 -1.213920e-10 	 2.770379e-11
8 	 1 	 Ey 	 1 	 1.511408e-11 	 -4.576312e-13
8 	 2 	 Ey 	 1 	 1.941726e-11 	 -5.741254e-13
8 	 3 	 Ey 	 1 	 2.517575e-11 	 -7.968778e-13
8 	 4 	 Ey 	 1 	 3.298346e-11 	 -1.182614e-12
8 	 5 	 Ey 	 1 	 4.392464e-11 	 -1.721719e-12
8 	 6 	 Ey 	 1 	 5.989987e-11 	 -2.222865e-12
8 	 7 	 Ey 	 1 	 8.387076e-11 	 -2.327006e-12
8 	 8 	 Ey 	 1 	 1.193944e-10 	 -1.645706e-12
8 	 9 	 Ey 	 1 	 1.691653e-10 	 -6.850571e-14
8 	 10 	 Ey 	 1 	 2.325302e-10 	 2.140244e-12
8 	 11 	 Ey 	 1 	 3.018607e-10 	 4.255883e-12
8 	 12 	 Ey 	 1 	 3.561902e-10 	 5.865868e-12
8 	 13 	 Ey 	 1 	 3.556067e-10 	 6.611882e-12
8 	 14 	 Ey 	 1 	 2.554279e-10 	 6.560334e-12
8 	 15 	 Ey 	 1 	 3.481018e-11 	 5.923151e-12
8 	 16 	 Ey 	 1 	 -1.603521e-10 	 5.074982e-12
8 	 17 	 Ey 	 1 	 1.398084e-11 	 -2.332165e-13
8 	 18 	 Ey 	 1 	 1.819516e-11 	 -3.128085e-13
8 	 19 	 Ey 	 1 	 2.388004e-11 	 -5.416262e-13
8 	 20 	 Ey 	 1 	 3.162910e-11 	 -1.059853e-12
8 	 21 	 Ey 	 1 	 4.269417e-11 	 -1.922868e-12
8 	 22 	 Ey 	 1 	 5.990975e-11 	 -2.888205e-12
8 	 23 	 Ey 	 1 	 8.848999e-11 	 -3.329962e-12
8 	 24 	 Ey 	 1 	 1.361207e-10 	 -2.387483e-12
8 	 25 	 Ey 	 1 	 2.109364e-10 	 2.059022e-13
8 	 26 	 Ey 	 1 	 3.180927e-10 	 3.804587e-12
8 	 27 	 Ey 	 1 	 4.564403e-10 	 7.064990e-12
8 	 28 	 Ey 	 1 	 6.042600e-10 	 9.223265e-12
8 	 29 	 Ey 	 1 	 6.833372e-10 	 9.848228e-12
8 	 30 	 Ey 	 1 	 5.440802e-10 	 9.084969e-12
8 	 31 	 Ey 	 1 	 7.380303e-11 	 7.591947e-12
8 	 32 	 Ey 	 1 	 -3.719083e-10 	 5.994829e-12
8 	 33 	 Ey 	 1 	 1.199646e-11 	 -4.063644e-14
8 	 34 	 Ey 	 1 	 1.576732e-11 	 -6.225795e-14
8 	 35 	 Ey 	 1 	 2.084540e-11 	 -2.538025e-13
8 	 36 	 Ey 	 1 	 2.766222e-11 	 -8.773926e-13
8 	 37 	 Ey 	 1 	 3.736829e-11 	 -2.113088e-12
8 	 38 	 Ey 	 1 	 5.353766e-11 	 -3.668251e-12
8 	 39 	 Ey 	 1 	 8.406936e-11 	 -4.561663e-12
8 	 40 	 Ey 	 1 	 1.427607e-10 	 -3.312803e-12
8 	 41 	 Ey 	 1 	 2.468642e-10 	 9.528273e-13
8 	 42 	 Ey 	 1 	 4.123341e-10 	 6.688392e-12
8 	 43 	 Ey 	 1 	 6.616662e-10 	 1.164514e-11
8 	 44 	 Ey 	 1 	 1.017128e-09 	 1.431420e-11
8 	 45 	 Ey 	 1 	 1.399657e-09 	 1.427649e-11
8 	 46 	 Ey 	 1 	 1.358995e-09 	 1.216939e-11
8 	 47 	 Ey 	 1 	 1.944864e-10 	 9.302266e-12
8 	 48 	 Ey 	 1 	 -1.040851e-09 	 6.600777e-12
8 	 49 	 Ey 	 1 	 9.157787e-12 	 9.648842e-14
8 	 50 	 Ey 	 1 	 1.207325e-11 	 1.107999e-13
8 	 51 	 Ey 	 1 	 1.591512e-11 	 -4.769765e-14
8 	 52 	 Ey 	 1 	 2.084499e-11 	 -6.921680e-13
8 	 53 	 Ey 	 1 	 2.771967e-11 	 -2.116465e-12
8 	 54 	 Ey 	 1 	 4.043011e-11 	 -3.977578e-12
8 	 55 	 Ey 	 1 	 6.855209e-11 	 -5.091437e-12
8 	 56 	 Ey 	 1 	 1.312940e-10 	 -3.436836e-12
8 	 57 	 Ey 	 1 	 2.555406e-10 	 2.479892e-12
8 	 58 	 Ey 	 1 	 4.687062e-10 	 1.033539e-11
8 	 59 	 Ey 	 1 	 8.379317e-10 	 1.665752e-11
8 	 60 	 Ey 	 1 	 1.546836e-09 	 1.949384e-11
8 	 61 	 Ey 	 1 	 2.909774e-09 	 1.834666e-11
8 	 62 	 Ey 	 1 	 4.264516e-09 	 1.465062e-11
8 	 63 	 Ey 	 1 	 8.046239e-10 	 1.020809e-11
8 	 64 	 Ey 	 1 	 -3.873553e-09 	 6.316849e-12
8 	 65 	 Ey 	 1 	 5.625249e-12 	 1.458591e-13
8 	 66 	 Ey 	 1 	 7.329471e-12 	 1.623628e-13
8 	 67 	 Ey 	 1 	 9.414788e-12 	 8.613761e-15
8 	 68 	 Ey 	 1 	 1.184288e-11 	 -5.708528e-13
8 	 69 	 Ey 	 1 	 1.532948e-11 	 -1.769336e-12
8 	 70 	 Ey 	 1 	 2.318336e-11 	 -3.232944e-12
8 	 71 	 Ey 	 1 	 4.366594e-11 	 -3.936284e-12
8 	 72 	 Ey 	 1 	 9.418955e-11 	 -2.104014e-12
8 	 73 	 Ey 	 1 	 1.996120e-10 	 3.535133e-12
8 	 74 	 Ey 	 1 	 3.876568e-10 	 1.092166e-11
8 	 75 	 Ey 	 1 	 7.511516e-10 	 1.676837e-11
8 	 76 	 Ey 	 1 	 1.677954e-09 	 1.916191e-11
8 	 77 	 Ey 	 1 	 4.883359e-09 	 1.783921e-11
8 	 78 	 Ey 	 1 	 1.675045e-08 	 1.475435e-11
8 	 79 	 Ey 	 1 	 7.991679e-09 	 9.960815e-12
8 	 80 	 Ey 	 1 	 -2.227557e-08 	 3.937043e-12
8 	 81 	 Ey 	 1 	 1.233396e-11 	 1.378817e-13
8 	 82 	 Ey 	 1 	 1.435100e-11 	 1.377281e-13
8 	 83 	 Ey 	 1 	 1.663910e-11 	 4.462369e-15
8 	 84 	 Ey 	 1 	 1.925040e-11 	 -3.878057e-13
8 	 85 	 Ey 	 1 	 2.279932e-11 	 -1.078557e-12
8 	 86 	 Ey 	 1 	 2.924213e-11 	 -1.813379e-12
8 	 87 	 Ey 	 1 	 4.299220e-11 	 -1.971338e-12
8 	 88 	 Ey 	 1 	 7.243319e-11 	 -6.226224e-13
8 	 89 	 Ey 	 1 	 1.274190e-10 	 2.775835e-12
8 	 90 	 Ey 	 1 	 2.159322e-10 	 7.056454e-12
8 	 91 	 Ey 	 1 	 3.715650e-10 	 1.036976e-11
8 	 92 	 Ey 	 1 	 7.751815e-10 	 1.162640e-11
8 	 93 	 Ey 	 1 	 2.627356e-09 	 1.090382e-11
8 	 94 	 Ey 	 1 	 2.367035e-08 	 1.007402e-11
8 	 95 	 Ey 	 1 	 5.390192e-06 	 -1.356602e-10
8 	 96 	 Ey 	 1 	 -6.272040e-08 	 6.968866e-13
8 	 97 	 Ey 	 1 	 -1.092711e-12 	 9.586202e-14
8 	 98 	 Ey 	 1 	 -1.768379e-12 	 1.014372e-13
8 	 99 	 Ey 	 1 	 -2.960254e-12 	 5.074902e-14
8 	 100 	 Ey 	 1 	 -4.909899e-12 	 -8.598267e-14
8 	 101 	 Ey 	 1 	 -7.918050e-12 	 -2.618096e-13
8 	 102 	 Ey 	 1 	 -1.261984e-11 	 -3.719876e-13
8 	 103 	 Ey 	 1 	 -2.070494e-11 	 -2.432776e-13
8 	 104 	 Ey 	 1 	 -3.683013e-11 	 2.494053e-13
8 	 105 	 Ey 	 1 	 -7.299009e-11 	 9.993287e-13
8 	 106 	 Ey 	 1 	 -1.587165e-10 	 1.727670e-12
8 	 107 	 Ey 	 1 	 -3.815270e-10 	 1.976024e-12
8 	 108 	 Ey 	 1 	 -1.088866e-09 	 1.810579e-12
8 	 109 	 Ey 	 1 	 -4.312545e-09 	 1.230834e-12
8 	 110 	 Ey 	 1 	 -2.983312e-08 	 -5.690117e-13
8 	 111 	 Ey 	 1 	 5.658701e-08 	 -7.984807e-12
8 	 112 	 Ey 	 1 	 6.580217e-08 	 4.964090e-12
8 	 113 	 Ey 	 1 	 -5.939933e-12 	 5.224260e-14
8 	 114 	 Ey 	 1 	 -7.816379e-12 	 9.372405e-14
8 	 115 	 Ey 	 1 	 -1.055249e-11 	 1.549342e-13
8 	 116 	 Ey 	 1 	 -1.461643e-11 	 2.828710e-13
8 	 117 	 Ey 	 1 	 -2.103508e-11 	 5.312211e-13
8 	 118 	 Ey 	 1 	 -3.240706e-11 	 8.791569e-13
8 	 119 	 Ey 	 1 	 -5.472454e-11 	 1.111154e-12
8 	 120 	 Ey 	 1 	 -1.009371e-10 	 7.656798e-13
8 	 121 	 Ey 	 1 	 -1.942772e-10 	 -6.193763e-13
8 	 122 	 Ey 	 1 	 -3.755182e-10 	 -2.718133e-12
8 	 123 	 Ey 	 1 	 -7.507709e-10 	 -4.836530e-12
8 	 124 	 Ey 	 1 	 -1.646801e-09 	 -6.059535e-12
8 	 125 	 Ey 	 1 	 -4.054172e-09 	 -5.979022e-12
8 	 126 	 Ey 	 1 	 -8.974517e-09 	 -5.004911e-12
8 	 127 	 Ey 	 1 	 -2.660077e-09 	 -2.677857e-12
8 	 128 	 Ey 	 1 	 9.634237e-09 	 -6.992646e-14
8 	 129 	 Ey 	 1 	 -9.222427e-12 	 -7.314848e-15
8 	 130 	 Ey 	 1 	 -1.188808e-11 	 7.156518e-14
8 	 131 	 Ey 	 1 	 -1.558266e-11 	 2.455914e-13
8 	 132 	 Ey 	 1 	 -2.091876e-11 	 6.112070e-13
8 	 133 	 Ey 	 1 	 -2.938762e-11 	 1.194924e-12
8 	 134 	 Ey 	 1 	 -4.465450e-11 	 1.865626e-12
8 	 135 	 Ey 	 1 	 -7.465103e-11 	 2.159348e-12
8 	 136 	 Ey 	 1 	 -1.348031e-10 	 1.227408e-12
8 	 137 	 Ey 	 1 	 -2.476703e-10 	 -1.590452e-12
8 	 138 	 Ey 	 1 	 -4.395957e-10 	 -5.487703e-12
8 	 139 	 Ey 	 1 	 -7.601163e-10 	 -8.913317e-12
8 	 140 	 Ey 	 1 	 -1.302668e-09 	 -1.068365e-11
8 	 141 	 Ey 	 1 	 -2.106620e-09 	 -1.023859e-11
8 	 142 	 Ey 	 1 	 -2.478026e-09 	 -8.003781e-12
8 	 143 	 Ey 	 1 	 -4.226905e-10 	 -5.363980e-12
8 	 144 	 Ey 	 1 	 2.068728e-09 	 -3.032662e-12
8 	 145 	 Ey 	 1 	 -1.200724e-11 	 -9.855590e-14
8 	 146 	 Ey 	 1 	 -1.524997e-11 	 -5.719858e-15
8 	 147 	 Ey 	 1 	 -1.955639e-11 	 2.452813e-13
8 	 148 	 Ey 	 1 	 -2.554732e-11 	 7.825266e-13
8 	 149 	 Ey 	 1 	 -3.484026e-11 	 1.630580e-12
8 	 150 	 Ey 	 1 	 -5.133731e-11 	 2.562864e-12
8 	 151 	 Ey 	 1 	 -8.289223e-11 	 2.943834e-12
8 	 152 	 Ey 	 1 	 -1.432658e-10 	 1.690189e-12
8 	 153 	 Ey 	 1 	 -2.481319e-10 	 -1.909109e-12
8 	 154 	 Ey 	 1 	 -4.039657e-10 	 -6.702159e-12
8 	 155 	 Ey 	 1 	 -6.115757e-10 	 -1.068381e-11
8 	 156 	 Ey 	 1 	 -8.563316e-10 	 -1.265011e-11
8 	 157 	 Ey 	 1 	 -1.043341e-09 	 -1.197674e-11
8 	 158 	 Ey 	 1 	 -9.008935e-10 	 -9.639817e-12
8 	 159 	 Ey 	 1 	 -1.378341e-10 	 -6.937308e-12
8 	 160 	 Ey 	 1 	 6.371565e-10 	 -4.649059e-12
8 	 161 	 Ey 	 1 	 -1.426532e-11 	 -2.274526e-13
8 	 162 	 Ey 	 1 	 -1.794831e-11 	 -1.700940e-13
8 	 163 	 Ey 	 1 	 -2.266433e-11 	 7.035456e-14
8 	 164 	 Ey 	 1 	 -2.887572e-11 	 6.796257e-13
8 	 165 	 Ey 	 1 	 -3.803833e-11 	 1.723238e-12
8 	 166 	 Ey 	 1 	 -5.365875e-11 	 2.894124e-12
8 	 167 	 Ey 	 1 	 -8.240475e-11 	 3.424564e-12
8 	 168 	 Ey 	 1 	 -1.348259e-10 	 2.113501e-12
8 	 169 	 Ey 	 1 	 -2.195070e-10 	 -1.787099e-12
8 	 170 	 Ey 	 1 	 -3.300695e-10 	 -6.885778e-12
8 	 171 	 Ey 	 1 	 -4.477130e-10 	 -1.096109e-11
8 	 172 	 Ey 	 1 	 -5.407171e-10 	 -1.282390e-11
8 	 173 	 Ey 	 1 	 -5.523221e-10 	 -1.224952e-11
8 	 174 	 Ey 	 1 	 -4.085783e-10 	 -1.002560e-11
8 	 175 	 Ey 	 1 	 -6.837987e-11 	 -7.517998e-12
8 	 176 	 Ey 	 1 	 2.445492e-10 	 -5.374839e-12
8 	 177 	 Ey 	 1 	 -1.596299e-11 	 -3.668777e-13
8 	 178 	 Ey 	 1 	 -2.000566e-11 	 -4.003653e-13
8 	 179 	 Ey 	 1 	 -2.513151e-11 	 -2.744160e-13
8 	 180 	 Ey 	 1 	 -3.159493e-11 	 2.433775e-13
8 	 181 	 Ey 	 1 	 -4.035982e-11 	 1.331172e-12
8 	 182 	 Ey 	 1 	 -5.413166e-11 	 2.679782e-12
8 	 183 	 Ey 	 1 	 -7.788199e-11 	 3.456531e-12
8 	 184 	 Ey 	 1 	 -1.188198e-10 	 2.378508e-12
8 	 185 	 Ey 	 1 	 -1.807495e-10 	 -1.330297e-12
8 	 186 	 Ey 	 1 	 -2.529220e-10 	 -6.305677e-12
8 	 187 	 Ey 	 1 	 -3.147501e-10 	 -1.007460e-11
8 	 188 	 Ey 	 1 	 -3.426402e-10 	 -1.175805e-11
8 	 189 	 Ey 	 1 	 -3.133615e-10 	 -1.128202e-11
8 	 190 	 Ey 	 1 	 -2.138233e-10 	 -9.416105e-12
8 	 191 	 Ey 	 1 	 -4.040699e-11 	 -7.218099e-12
8 	 192 	 Ey 	 1 	 1.087699e-10 	 -5.385744e-12
8 	 193 	 Ey 	 1 	 -1.700814e-11 	 -4.663339e-13
8 	 194 	 Ey 	 1 	 -2.126812e-11 	 -5.864633e-13
8 	 195 	 Ey 	 1 	 -2.672237e-11 	 -6.125152e-13
8 	 196 	 Ey 	 1 	 -3.355075e-11 	 -3.161074e-13
8 	 197 	 Ey 	 1 	 -4.215256e-11 	 5.806572e-13
8 	 198 	 Ey 	 1 	 -5.406737e-11 	 1.880296e-12
8 	 199 	 Ey 	 1 	 -7.230370e-11 	 2.813724e-12
8 	 200 	 Ey 	 1 	 -1.006412e-10 	 2.203701e-12
8 	 201 	 Ey 	 1 	 -1.398023e-10 	 -6.230301e-13
8 	 202 	 Ey 	 1 	 -1.812562e-10 	 -4.518128e-12
8 	 203 	 Ey 	 1 	 -2.107081e-10 	 -7.623787e-12
8 	 204 	 Ey 	 1 	 -2.144426e-10 	 -9.129852e-12
8 	 205 	 Ey 	 1 	 -1.841204e-10 	 -9.037843e-12
8 	 206 	 Ey 	 1 	 -1.206422e-10 	 -7.831421e-12
8 	 207 	 Ey 	 1 	 -2.434686e-11 	 -6.296367e-12
8 	 208 	 Ey 	 1 	 5.466072e-11 	 -4.907007e-12
8 	 209 	 Ey 	 1 	 -1.732018e-11 	 -4.808368e-13
8 	 210 	 Ey 	 1 	 -2.149589e-11 	 -6.186373e-13
8 	 211 	 Ey 	 1 	 -2.681172e-11 	 -7.206683e-13
8 	 212 	 Ey 	 1 	 -3.340502e-11 	 -5.693706e-13
8 	 213 	 Ey 	 1 	 -4.136026e-11 	 2.709481e-14
8 	 214 	 Ey 	 1 	 -5.127192e-11 	 9.961577e-13
8 	 215 	 Ey 	 1 	 -6.438662e-11 	 1.784366e-12
8 	 216 	 Ey 	 1 	 -8.183327e-11 	 1.586078e-12
8 	 217 	 Ey 	 1 	 -1.028097e-10 	 -3.080401e-14
8 	 218 	 Ey 	 1 	 -1.227628e-10 	 -2.440868e-12
8 	 219 	 Ey 	 1 	 -1.344597e-10 	 -4.567951e-12
8 	 220 	 Ey 	 1 	 -1.310822e-10 	 -5.903761e-12
8 	 221 	 Ey 	 1 	 -1.092570e-10 	 -6.263586e-12
8 	 222 	 Ey 	 1 	 -7.035870e-11 	 -5.842535e-12
8 	 223 	 Ey 	 1 	 -1.389886e-11 	 -5.045414e-12
8 	 224 	 Ey 	 1 	 3.091099e-11 	 -4.177336e-12
8 	 225 	 Ey 	 1 	 -1.692394e-11 	 -3.981407e-13
8 	 226 	 Ey 	 1 	 -2.071535e-11 	 -5.122949e-13
8 	 227 	 Ey 	 1 	 -2.541643e-11 	 -5.905828e-13
8 	 228 	 Ey 	 1 	 -3.107263e-11 	 -4.985912e-13
8 	 229 	 Ey 	 1 	 -3.767070e-11 	 -1.193838e-13
8 	 230 	 Ey 	 1 	 -4.529780e-11 	 4.714710e-13
8 	 231 	 Ey 	 1 	 -5.418895e-11 	 9.511606e-13
8 	 232 	 Ey 	 1 	 -6.434388e-11 	 9.097475e-13
8 	 233 	 Ey 	 1 	 -7.480775e-11 	 1.015133e-13
8 	 234 	 Ey 	 1 	 -8.331909e-11 	 -1.203148e-12
8 	 235 	 Ey 	 1 	 -8.658491e-11 	 -2.533583e-12
8 	 236 	 Ey 	 1 	 -8.145372e-11 	 -3.548540e-12
8 	 237 	 Ey 	 1 	 -6.636629e-11 	 -4.062475e-12
8 	 238 	 Ey 	 1 	 -4.203600e-11 	 -4.110721e-12
8 	 239 	 Ey 	 1 	 -7.245110e-12 	 -3.830459e-12
8 	 240 	 Ey 	 1 	 1.954737e-11 	 -3.404346e-12
8 	 241 	 Ey 	 1 	 -1.597208e-11 	 -2.451556e-13
8 	 242 	 Ey 	 1 	 -1.920653e-11 	 -3.266180e-13
8 	 243 	 Ey 	 1 	 -2.309195e-11 	 -3.449004e-13
8 	 244 	 Ey 	 1 	 -2.760200e-11 	 -2.825915e-13
8 	 245 	 Ey 	 1 	 -3.266070e-11 	 -6.110367e-14
8 	 246 	 Ey 	 1 	 -3.816483e-11 	 2.611391e-13
8 	 247 	 Ey 	 1 	 -4.398807e-11 	 5.118184e-13
8 	 248 	 Ey 	 1 	 -4.981963e-11 	 5.026085e-13
8 	 249 	 Ey 	 1 	 -5.492813e-11 	 9.939994e-14
8 	 250 	 Ey 	 1 	 -5.810343e-11 	 -6.134958e-13
8 	 251 	 Ey 	 1 	 -5.780924e-11 	 -1.430096e-12
8 	 252 	 Ey 	 1 	 -5.259632e-11 	 -2.155125e-12
8 	 253 	 Ey 	 1 	 -4.176585e-11 	 -2.652181e-12
8 	 254 	 Ey 	 1 	 -2.579404e-11 	 -2.868649e-12
8 	 255 	 Ey 	 1 	 -3.227798e-12 	 -2.874170e-12
8 	 256 	 Ey 	 1 	 1.354023e-11 	 -2.743663e-12
8 	 1 	 Ey 	 2 	 1.581402e-11 	 -5.371679e-13
8 	 2 	 Ey 	 2 	 2.036727e-11 	 -6.887329e-13
8 	 3 	 Ey 	 2 	 2.655041e-11 	 -9.399277e-13
8 	 4 	 Ey 	 2 	 3.503579e-11 	 -1.321389e-12
8 	 5 	 Ey 	 2 	 4.685813e-11 	 -1.743903e-12
8 	 6 	 Ey 	 2 	 6.364430e-11 	 -1.854915e-12
8 	 7 	 Ey 	 2 	 8.778980e-11 	 -1.004172e-12
8 	 8 	 Ey 	 2 	 1.222586e-10 	 1.490489e-12
8 	 9 	 Ey 	 2 	 1.695566e-10 	 5.738223e-12
8 	 10 	 Ey 	 2 	 2.295286e-10 	 1.086412e-11
8 	 11 	 Ey 	 2 	 2.954686e-10 	 1.540002e-11
8 	 12 	 Ey 	 2 	 3.471471e-10 	 1.810856e-11
8 	 13 	 Ey 	 2 	 3.451147e-10 	 1.840654e-11
8 	 14 	 Ey 	 2 	 2.447372e-10 	 1.653435e-11
8 	 15 	 Ey 	 2 	 2.484888e-11 	 1.337843e-11
8 	 16 	 Ey 	 2 	 -1.691631e-10 	 9.933651e-12
8 	 17 	 Ey 	 2 	 1.437944e-11 	 -2.802002e-13
8 	 18 	 Ey 	 2 	 1.881600e-11 	 -4.175564e-13
8 	 19 	 Ey 	 2 	 2.497829e-11 	 -7.271054e-13
8 	 20 	 Ey 	 2 	 3.365684e-11 	 -1.335386e-12
8 	 21 	 Ey 	 2 	 4.617905e-11 	 -2.219555e-12
8 	 22 	 Ey 	 2 	 6.497893e-11 	 -2.862101e-12
8 	 23 	 Ey 	 2 	 9.433220e-11 	 -2.046420e-12
8 	 24 	 Ey 	 2 	 1.407053e-10 	 1.792990e-12
8 	 25 	 Ey 	 2 	 2.117265e-10 	 9.187497e-12
8 	 26 	 Ey 	 2 	 3.136204e-10 	 1.825573e-11
8 	 27 	 Ey 	 2 	 4.469665e-10 	 2.588903e-11
8 	 28 	 Ey 	 2 	 5.912495e-10 	 2.975359e-11
8 	 29 	 Ey 	 2 	 6.688100e-10 	 2.903784e-11
8 	 30 	 Ey 	 2 	 5.300106e-10 	 2.462613e-11
8 	 31 	 Ey 	 2 	 6.142641e-11 	 1.855509e-11
8 	 32 	 Ey 	 2 	 -3.822045e-10 	 1.269236e-11
8 	 33 	 Ey 	 2 	 1.212044e-11 	 -4.751768e-14
8 	 34 	 Ey 	 2 	 1.606351e-11 	 -1.742947e-13
8 	 35 	 Ey 	 2 	 2.162885e-11 	 -5.497501e-13
8 	 36 	 Ey 	 2 	 2.959557e-11 	 -1.439445e-12
8 	 37 	 Ey 	 2 	 4.138534e-11 	 -2.970352e-12
8 	 38 	 Ey 	 2 	 6.011276e-11 	 -4.462279e-12
8 	 39 	 Ey 	 2 	 9.225732e-11 	 -3.933417e-12
8 	 40 	 Ey 	 2 	 1.494714e-10 	 1.780831e-12
8 	 41 	 Ey 	 2 	 2.478031e-10 	 1.436736e-11
8 	 42 	 Ey 	 2 	 4.053459e-10 	 2.995337e-11
8 	 43 	 Ey 	 2 	 6.477385e-10 	 4.231204e-11
8 	 44 	 Ey 	 2 	 9.988247e-10 	 4.730495e-11
8 	 45 	 Ey 	 2 	 1.380209e-09 	 4.386416e-11
8 	 46 	 Ey 	 2 	 1.341274e-09 	 3.471547e-11
8 	 47 	 Ey 	 2 	 1.799251e-10 	 2.388869e-11
8 	 48 	 Ey 	 2 	 -1.052133e-09 	 1.448868e-11
8 	 49 	 Ey 	 2 	 9.084586e-12 	 1.449474e-13
8 	 50 	 Ey 	 2 	 1.212737e-11 	 1.326272e-14
8 	 51 	 Ey 	 2 	 1.642348e-11 	 -4.297002e-13
8 	 52 	 Ey 	 2 	 2.257508e-11 	 -1.546187e-12
8 	 53 	 Ey 	 2 	 3.184740e-11 	 -3.558028e-12
8 	 54 	 Ey 	 2 	 4.759262e-11 	 -5.629269e-12
8 	 55 	 Ey 	 2 	 7.772730e-11 	 -5.213302e-12
8 	 56 	 Ey 	 2 	 1.386909e-10 	 2.420172e-12
8 	 57 	 Ey 	 2 	 2.553736e-10 	 2.062587e-11
8 	 58 	 Ey 	 2 	 4.584429e-10 	 4.315273e-11
8 	 59 	 Ey 	 2 	 8.194606e-10 	 6.022553e-11
8 	 60 	 Ey 	 2 	 1.523780e-09 	 6.561857e-11
8 	 61 	 Ey 	 2 	 2.886330e-09 	 5.816999e-11
8 	 62 	 Ey 	 2 	 4.244207e-09 	 4.393795e-11
8 	 63 	 Ey 	 2 	 7.890984e-10 	 2.730054e-11
8 	 64 	 Ey 	 2 	 -3.884670e-09 	 1.287666e-11
8 	 65 	 Ey 	 2 	 5.452592e-12 	 3.082326e-13
8 	 66 	 Ey 	 2 	 7.277321e-12 	 1.719724e-13
8 	 67 	 Ey 	 2 	 9.777660e-12 	 -2.899062e-13
8 	 68 	 Ey 	 2 	 1.328593e-11 	 -1.373192e-12
8 	 69 	 Ey 	 2 	 1.875969e-11 	 -3.143667e-12
8 	 70 	 Ey 	 2 	 2.897696e-11 	 -4.729993e-12
8 	 71 	 Ey 	 2 	 5.080137e-11 	 -3.776534e-12
8 	 72 	 Ey 	 2 	 9.931113e-11 	 4.122689e-12
8 	 73 	 Ey 	 2 	 1.977254e-10 	 2.207653e-11
8 	 74 	 Ey 	 2 	 3.765989e-10 	 4.401823e-11
8 	 75 	 Ey 	 2 	 7.327209e-10 	 6.031599e-11
8 	 76 	 Ey 	 2 	 1.655649e-09 	 6.473879e-11
8 	 77 	 Ey 	 2 	 4.860939e-09 	 5.730605e-11
8 	 78 	 Ey 	 2 	 1.673021e-08 	 4.843144e-11
8 	 79 	 Ey 	 2 	 7.976893e-09 	 2.956203e-11
8 	 80 	 Ey 	 2 	 -2.228315e-08 	 5.890926e-14
8 	 81 	 Ey 	 2 	 1.213782e-11 	 4.953621e-13
8 	 82 	 Ey 	 2 	 1.426526e-11 	 4.139283e-13
8 	 83 	 Ey 	 2 	 1.689150e-11 	 9.154298e-14
8 	 84 	 Ey 	 2 	 2.023024e-11 	 -5.877362e-13
8 	 85 	 Ey 	 2 	 2.491994e-11 	 -1.504402e-12
8 	 86 	 Ey 	 2 	 3.252522e-11 	 -2.020233e-12
8 	 87 	 Ey 	 2 	 4.661378e-11 	 -7.105696e-13
8 	 88 	 Ey 	 2 	 7.433821e-11 	 4.721782e-12
8 	 89 	 Ey 	 2 	 1.249297e-10 	 1.540480e-11
8 	 90 	 Ey 	 2 	 2.078443e-10 	 2.777274e-11
8 	 91 	 Ey 	 2 	 3.589193e-10 	 3.632604e-11
8 	 92 	 Ey 	 2 	 7.601448e-10 	 3.780949e-11
8 	 93 	 Ey 	 2 	 2.612206e-09 	 3.330832e-11
8 	 94 	 Ey 	 2 	 2.365493e-08 	 3.563152e-11
8 	 95 	 Ey 	 2 	 5.389514e-06 	 7.708440e-10
8 	 96 	 Ey 	 2 	 -6.272012e-08 	 -1.975666e-11
8 	 97 	 Ey 	 2 	 -1.281021e-12 	 6.926128e-13
8 	 98 	 Ey 	 2 	 -1.888575e-12 	 7.452187e-13
8 	 99 	 Ey 	 2 	 -2.907561e-12 	 7.125243e-13
8 	 100 	 Ey 	 2 	 -4.580364e-12 	 6.215825e-13
8 	 101 	 Ey 	 2 	 -7.294257e-12 	 6.283618e-13
8 	 102 	 Ey 	 2 	 -1.189521e-11 	 9.833385e-13
8 	 103 	 Ey 	 2 	 -2.033053e-11 	 1.957774e-12
8 	 104 	 Ey 	 2 	 -3.745243e-11 	 3.593494e-12
8 	 105 	 Ey 	 2 	 -7.516954e-11 	 5.294748e-12
8 	 106 	 Ey 	 2 	 -1.626072e-10 	 6.027449e-12
8 	 107 	 Ey 	 2 	 -3.866842e-10 	 4.914999e-12
8 	 108 	 Ey 	 2 	 -1.094531e-09 	 2.233967e-12
8 	 109 	 Ey 	 2 	 -4.317764e-09 	 -1.707868e-12
8 	 110 	 Ey 	 2 	 -2.983485e-08 	 -1.554927e-11
8 	 111 	 Ey 	 2 	 5.657504e-08 	 -2.225372e-11
8 	 112 	 Ey 	 2 	 6.579092e-08 	 3.161493e-11
8 	 113 	 Ey 	 2 	 -6.115154e-12 	 9.123443e-13
8 	 114 	 Ey 	 2 	 -8.001734e-12 	 1.147181e-12
8 	 115 	 Ey 	 2 	 -1.077832e-11 	 1.460506e-12
8 	 116 	 Ey 	 2 	 -1.500509e-11 	 1.948646e-12
8 	 117 	 Ey 	 2 	 -2.183795e-11 	 2.708515e-12
8 	 118 	 Ey 	 2 	 -3.388866e-11 	 3.599794e-12
8 	 119 	 Ey 	 2 	 -5.694164e-11 	 3.931056e-12
8 	 120 	 Ey 	 2 	 -1.033828e-10 	 2.095492e-12
8 	 121 	 Ey 	 2 	 -1.959038e-10 	 -3.516533e-12
8 	 122 	 Ey 	 2 	 -3.756399e-10 	 -1.185951e-11
8 	 123 	 Ey 	 2 	 -7.493620e-10 	 -2.015555e-11
8 	 124 	 Ey 	 2 	 -1.644301e-09 	 -2.527177e-11
8 	 125 	 Ey 	 2 	 -4.051190e-09 	 -2.546194e-11
8 	 126 	 Ey 	 2 	 -8.971582e-09 	 -2.289796e-11
8 	 127 	 Ey 	 2 	 -2.658735e-09 	 -1.229341e-11
8 	 128 	 Ey 	 2 	 9.633592e-09 	 1.550529e-12
8 	 129 	 Ey 	 2 	 -9.359205e-12 	 1.074090e-12
8 	 130 	 Ey 	 2 	 -1.211721e-11 	 1.474514e-12
8 	 131 	 Ey 	 2 	 -1.605872e-11 	 2.090698e-12
8 	 132 	 Ey 	 2 	 -2.194536e-11 	 3.043217e-12
8 	 133 	 Ey 	 2 	 -3.138725e-11 	 4.335980e-12
8 	 134 	 Ey 	 2 	 -4.790240e-11 	 5.514472e-12
8 	 135 	 Ey 	 2 	 -7.884481e-11 	 5.243736e-12
8 	 136 	 Ey 	 2 	 -1.385734e-10 	 9.732521e-13
8 	 137 	 Ey 	 2 	 -2.488431e-10 	 -9.270060e-12
8 	 138 	 Ey 	 2 	 -4.369113e-10 	 -2.284419e-11
8 	 139 	 Ey 	 2 	 -7.539096e-10 	 -3.458957e-11
8 	 140 	 Ey 	 2 	 -1.294185e-09 	 -4.008018e-11
8 	 141 	 Ey 	 2 	 -2.097587e-09 	 -3.728663e-11
8 	 142 	 Ey 	 2 	 -2.470260e-09 	 -2.870786e-11
8 	 143 	 Ey 	 2 	 -4.170043e-10 	 -1.805719e-11
8 	 144 	 Ey 	 2 	 2.072455e-09 	 -8.797477e-12
8 	 145 	 Ey 	 2 	 -1.205172e-11 	 1.103665e-12
8 	 146 	 Ey 	 2 	 -1.543276e-11 	 1.590356e-12
8 	 147 	 Ey 	 2 	 -2.013565e-11 	 2.388810e-12
8 	 148 	 Ey 	 2 	 -2.697541e-11 	 3.635824e-12
8 	 149 	 Ey 	 2 	 -3.768092e-11 	 5.250114e-12
8 	 150 	 Ey 	 2 	 -5.585248e-11 	 6.555025e-12
8 	 151 	 Ey 	 2 	 -8.849885e-11 	 5.869183e-12
8 	 152 	 Ey 	 2 	 -1.479729e-10 	 2.650976e-13
8 	 153 	 Ey 	 2 	 -2.489854e-10 	 -1.214328e-11
8 	 154 	 Ey 	 2 	 -3.993685e-10 	 -2.762683e-11
8 	 155 	 Ey 	 2 	 -6.021569e-10 	 -3.988083e-11
8 	 156 	 Ey 	 2 	 -8.438789e-10 	 -4.454638e-11
8 	 157 	 Ey 	 2 	 -1.030355e-09 	 -4.041151e-11
8 	 158 	 Ey 	 2 	 -8.895056e-10 	 -3.099094e-11
8 	 159 	 Ey 	 2 	 -1.290150e-10 	 -2.088316e-11
8 	 160 	 Ey 	 2 	 6.435871e-10 	 -1.266216e-11
8 	 161 	 Ey 	 2 	 -1.414707e-11 	 9.551582e-13
8 	 162 	 Ey 	 2 	 -1.793752e-11 	 1.394251e-12
8 	 163 	 Ey 	 2 	 -2.307366e-11 	 2.169754e-12
8 	 164 	 Ey 	 2 	 -3.029214e-11 	 3.456564e-12
8 	 165 	 Ey 	 2 	 -4.115915e-11 	 5.146621e-12
8 	 166 	 Ey 	 2 	 -5.879622e-11 	 6.447345e-12
8 	 167 	 Ey 	 2 	 -8.881286e-11 	 5.564113e-12
8 	 168 	 Ey 	 2 	 -1.400757e-10 	 -4.522837e-13
8 	 169 	 Ey 	 2 	 -2.200709e-10 	 -1.323065e-11
8 	 170 	 Ey 	 2 	 -3.242110e-10 	 -2.842360e-11
8 	 171 	 Ey 	 2 	 -4.363433e-10 	 -3.948213e-11
8 	 172 	 Ey 	 2 	 -5.260604e-10 	 -4.270378e-11
8 	 173 	 Ey 	 2 	 -5.371005e-10 	 -3.807630e-11
8 	 174 	 Ey 	 2 	 -3.951951e-10 	 -2.929838e-11
8 	 175 	 Ey 	 2 	 -5.781151e-11 	 -2.043172e-11
8 	 176 	 Ey 	 2 	 2.524800e-10 	 -1.328012e-11
8 	 177 	 Ey 	 2 	 -1.563632e-11 	 6.484941e-13
8 	 178 	 Ey 	 2 	 -1.967515e-11 	 8.922828e-13
8 	 179 	 Ey 	 2 	 -2.506825e-11 	 1.374063e-12
8 	 180 	 Ey 	 2 	 -3.242749e-11 	 2.302680e-12
8 	 181 	 Ey 	 2 	 -4.295620e-11 	 3.670053e-12
8 	 182 	 Ey 	 2 	 -5.895036e-11 	 4.752888e-12
8 	 183 	 Ey 	 2 	 -8.422404e-11 	 3.891385e-12
8 	 184 	 Ey 	 2 	 -1.241231e-10 	 -1.578445e-12
8 	 185 	 Ey 	 2 	 -1.811662e-10 	 -1.303192e-11
8 	 186 	 Ey 	 2 	 -2.466352e-10 	 -2.618830e-11
8 	 187 	 Ey 	 2 	 -3.029206e-10 	 -3.507374e-11
8 	 188 	 Ey 	 2 	 -3.276099e-10 	 -3.685754e-11
8 	 189 	 Ey 	 2 	 -2.978748e-10 	 -3.221837e-11
8 	 190 	 Ey 	 2 	 -2.001758e-10 	 -2.478982e-11
8 	 191 	 Ey 	 2 	 -2.947822e-11 	 -1.768276e-11
8 	 192 	 Ey 	 2 	 1.171406e-10 	 -1.196401e-11
8 	 193 	 Ey 	 2 	 -1.650844e-11 	 2.837664e-13
8 	 194 	 Ey 	 2 	 -2.062935e-11 	 2.678893e-13
8 	 195 	 Ey 	 2 	 -2.611670e-11 	 3.034698e-13
8 	 196 	 Ey 	 2 	 -3.350210e-11 	 5.575332e-13
8 	 197 	 Ey 	 2 	 -4.355173e-11 	 1.167067e-12
8 	 198 	 Ey 	 2 	 -5.754048e-11 	 1.723016e-12
8 	 199 	 Ey 	 2 	 -7.741143e-11 	 1.007725e-12
8 	 200 	 Ey 	 2 	 -1.051992e-10 	 -2.858450e-12
8 	 201 	 Ey 	 2 	 -1.403913e-10 	 -1.077437e-11
8 	 202 	 Ey 	 2 	 -1.762080e-10 	 -1.977941e-11
8 	 203 	 Ey 	 2 	 -2.008850e-10 	 -2.577260e-11
8 	 204 	 Ey 	 2 	 -2.017226e-10 	 -2.686458e-11
8 	 205 	 Ey 	 2 	 -1.707379e-10 	 -2.365449e-11
8 	 206 	 Ey 	 2 	 -1.085517e-10 	 -1.860863e-11
8 	 207 	 Ey 	 2 	 -1.436883e-11 	 -1.371591e-11
8 	 208 	 Ey 	 2 	 6.256792e-11 	 -9.633579e-12
8 	 209 	 Ey 	 2 	 -1.675836e-11 	 -9.594067e-15
8 	 210 	 Ey 	 2 	 -2.073345e-11 	 -2.118886e-13
8 	 211 	 Ey 	 2 	 -2.595832e-11 	 -4.839994e-13
8 	 212 	 Ey 	 2 	 -3.282749e-11 	 -7.174923e-13
8 	 213 	 Ey 	 2 	 -4.174181e-11 	 -7.562703e-13
8 	 214 	 Ey 	 2 	 -5.315597e-11 	 -7.353230e-13
8 	 215 	 Ey 	 2 	 -6.754822e-11 	 -1.301383e-12
8 	 216 	 Ey 	 2 	 -8.482312e-11 	 -3.390187e-12
8 	 217 	 Ey 	 2 	 -1.034219e-10 	 -7.358363e-12
8 	 218 	 Ey 	 2 	 -1.197007e-10 	 -1.193879e-11
8 	 219 	 Ey 	 2 	 -1.279539e-10 	 -1.521634e-11
8 	 220 	 Ey 	 2 	 -1.221877e-10 	 -1.615507e-11
8 	 221 	 Ey 	 2 	 -9.938612e-11 	 -1.490385e-11
8 	 222 	 Ey 	 2 	 -6.090665e-11 	 -1.240750e-11
8 	 223 	 Ey 	 2 	 -5.659268e-12 	 -9.623549e-12
8 	 224 	 Ey 	 2 	 3.777139e-11 	 -7.054871e-12
8 	 225 	 Ey 	 2 	 -1.643917e-11 	 -1.571843e-13
8 	 226 	 Ey 	 2 	 -2.004460e-11 	 -4.189646e-13
8 	 227 	 Ey 	 2 	 -2.464356e-11 	 -7.703564e-13
8 	 228 	 Ey 	 2 	 -3.045189e-11 	 -1.136132e-12
8 	 229 	 Ey 	 2 	 -3.760855e-11 	 -1.410984e-12
8 	 230 	 Ey 	 2 	 -4.612693e-11 	 -1.618541e-12
8 	 231 	 Ey 	 2 	 -5.578820e-11 	 -2.017878e-12
8 	 232 	 Ey 	 2 	 -6.589077e-11 	 -2.982589e-12
8 	 233 	 Ey 	 2 	 -7.511120e-11 	 -4.645570e-12
8 	 234 	 Ey 	 2 	 -8.152745e-11 	 -6.608796e-12
8 	 235 	 Ey 	 2 	 -8.257831e-11 	 -8.179214e-12
8 	 236 	 Ey 	 2 	 -7.569804e-11 	 -8.869670e-12
8 	 237 	 Ey 	 2 	 -5.963323e-11 	 -8.598677e-12
8 	 238 	 Ey 	 2 	 -3.519090e-11 	 -7.593141e-12
8 	 239 	 Ey 	 2 	 -9.033895e-13 	 -6.212846e-12
8 	 240 	 Ey 	 2 	 2.512071e-11 	 -4.749287e-12
8 	 241 	 Ey 	 2 	 -1.567191e-11 	 -1.609130e-13
8 	 242 	 Ey 	 2 	 -1.877655e-11 	 -3.946097e-13
8 	 243 	 Ey 	 2 	 -2.259096e-11 	 -6.964523e-13
8 	 244 	 Ey 	 2 	 -2.719265e-11 	 -1.014982e-12
8 	 245 	 Ey 	 2 	 -3.256741e-11 	 -1.286073e-12
8 	 246 	 Ey 	 2 	 -3.855075e-11 	 -1.499554e-12
8 	 247 	 Ey 	 2 	 -4.475998e-11 	 -1.744036e-12
8 	 248 	 Ey 	 2 	 -5.053626e-11 	 -2.159492e-12
8 	 249 	 Ey 	 2 	 -5.496865e-11 	 -2.811091e-12
8 	 250 	 Ey 	 2 	 -5.696958e-11 	 -3.601139e-12
8 	 251 	 Ey 	 2 	 -5.531747e-11 	 -4.307820e-12
8 	 252 	 Ey 	 2 	 -4.891230e-11 	 -4.719905e-12
8 	 253 	 Ey 	 2 	 -3.728716e-11 	 -4.735456e-12
8 	 254 	 Ey 	 2 	 -2.100109e-11 	 -4.371724e-12
8 	 255 	 Ey 	 2 	 1.461186e-12 	 -3.732438e-12
8 	 256 	 Ey 	 2 	 1.789156e-11 	 -2.949822e-12
