iTx 	 iRx    chrec  ifreq 	 emf_real 	 emf_imag
10 	 1 	 Ex 	 1 	 -2.606891e-11 	 1.535073e-11
10 	 2 	 Ex 	 1 	 -3.411846e-11 	 1.726764e-11
10 	 3 	 Ex 	 1 	 -4.227276e-11 	 1.902686e-11
10 	 4 	 Ex 	 1 	 -4.947038e-11 	 2.051368e-11
10 	 5 	 Ex 	 1 	 -5.472942e-11 	 2.161644e-11
10 	 6 	 Ex 	 1 	 -4.971605e-11 	 2.227648e-11
10 	 7 	 Ex 	 1 	 -5.705819e-11 	 2.252605e-11
10 	 8 	 Ex 	 1 	 -5.322850e-11 	 2.231060e-11
10 	 9 	 Ex 	 1 	 -4.689997e-11 	 2.160835e-11
10 	 10 	 Ex 	 1 	 -3.864253e-11 	 2.042024e-11
10 	 11 	 Ex 	 1 	 -2.971383e-11 	 1.881797e-11
10 	 12 	 Ex 	 1 	 -2.137011e-11 	 1.694752e-11
10 	 13 	 Ex 	 1 	 -1.441313e-11 	 1.496151e-11
10 	 14 	 Ex 	 1 	 -9.103307e-12 	 1.302280e-11
10 	 15 	 Ex 	 1 	 -5.325269e-12 	 1.119497e-11
10 	 16 	 Ex 	 1 	 -2.803157e-12 	 9.484642e-12
10 	 17 	 Ex 	 1 	 -2.647254e-11 	 1.811049e-11
10 	 18 	 Ex 	 1 	 -3.785192e-11 	 2.056542e-11
10 	 19 	 Ex 	 1 	 -5.002764e-11 	 2.286259e-11
10 	 20 	 Ex 	 1 	 -6.116949e-11 	 2.482198e-11
10 	 21 	 Ex 	 1 	 -6.949613e-11 	 2.626378e-11
10 	 22 	 Ex 	 1 	 -6.440927e-11 	 2.708157e-11
10 	 23 	 Ex 	 1 	 -7.365843e-11 	 2.736628e-11
10 	 24 	 Ex 	 1 	 -6.803044e-11 	 2.707856e-11
10 	 25 	 Ex 	 1 	 -5.818655e-11 	 2.620490e-11
10 	 26 	 Ex 	 1 	 -4.505335e-11 	 2.471102e-11
10 	 27 	 Ex 	 1 	 -3.114117e-11 	 2.274684e-11
10 	 28 	 Ex 	 1 	 -1.897829e-11 	 2.042002e-11
10 	 29 	 Ex 	 1 	 -9.843323e-12 	 1.788036e-11
10 	 30 	 Ex 	 1 	 -3.768266e-12 	 1.532061e-11
10 	 31 	 Ex 	 1 	 -1.046635e-13 	 1.285781e-11
10 	 32 	 Ex 	 1 	 1.857706e-12 	 1.067270e-11
10 	 33 	 Ex 	 1 	 -2.420652e-11 	 2.144519e-11
10 	 34 	 Ex 	 1 	 -4.042617e-11 	 2.467765e-11
10 	 35 	 Ex 	 1 	 -5.932330e-11 	 2.780520e-11
10 	 36 	 Ex 	 1 	 -7.752626e-11 	 3.046673e-11
10 	 37 	 Ex 	 1 	 -9.162360e-11 	 3.239261e-11
10 	 38 	 Ex 	 1 	 -8.751783e-11 	 3.345003e-11
10 	 39 	 Ex 	 1 	 -9.975049e-11 	 3.362399e-11
10 	 40 	 Ex 	 1 	 -9.127873e-11 	 3.309651e-11
10 	 41 	 Ex 	 1 	 -7.526844e-11 	 3.193108e-11
10 	 42 	 Ex 	 1 	 -5.288842e-11 	 3.006219e-11
10 	 43 	 Ex 	 1 	 -2.979372e-11 	 2.764446e-11
10 	 44 	 Ex 	 1 	 -1.145188e-11 	 2.477870e-11
10 	 45 	 Ex 	 1 	 1.778697e-13 	 2.144558e-11
10 	 46 	 Ex 	 1 	 6.099496e-12 	 1.794304e-11
10 	 47 	 Ex 	 1 	 8.424008e-12 	 1.473836e-11
10 	 48 	 Ex 	 1 	 8.803345e-12 	 1.208276e-11
10 	 49 	 Ex 	 1 	 -1.585568e-11 	 2.536327e-11
10 	 50 	 Ex 	 1 	 -3.848124e-11 	 2.976928e-11
10 	 51 	 Ex 	 1 	 -6.855658e-11 	 3.419058e-11
10 	 52 	 Ex 	 1 	 -1.004274e-10 	 3.808529e-11
10 	 53 	 Ex 	 1 	 -1.270049e-10 	 4.096984e-11
10 	 54 	 Ex 	 1 	 -1.272649e-10 	 4.243029e-11
10 	 55 	 Ex 	 1 	 -1.439823e-10 	 4.226652e-11
10 	 56 	 Ex 	 1 	 -1.295648e-10 	 4.080978e-11
10 	 57 	 Ex 	 1 	 -1.014656e-10 	 3.886881e-11
10 	 58 	 Ex 	 1 	 -6.078385e-11 	 3.647980e-11
10 	 59 	 Ex 	 1 	 -2.097742e-11 	 3.366489e-11
10 	 60 	 Ex 	 1 	 6.933630e-12 	 3.025105e-11
10 	 61 	 Ex 	 1 	 2.027100e-11 	 2.585315e-11
10 	 62 	 Ex 	 1 	 2.319898e-11 	 2.101666e-11
10 	 63 	 Ex 	 1 	 2.160220e-11 	 1.685635e-11
10 	 64 	 Ex 	 1 	 1.864670e-11 	 1.364813e-11
10 	 65 	 Ex 	 1 	 5.230608e-12 	 2.984485e-11
10 	 66 	 Ex 	 1 	 -2.336545e-11 	 3.593628e-11
10 	 67 	 Ex 	 1 	 -7.032792e-11 	 4.239999e-11
10 	 68 	 Ex 	 1 	 -1.301143e-10 	 4.850534e-11
10 	 69 	 Ex 	 1 	 -1.885191e-10 	 5.344452e-11
10 	 70 	 Ex 	 1 	 -2.050312e-10 	 5.598819e-11
10 	 71 	 Ex 	 1 	 -2.263069e-10 	 5.491094e-11
10 	 72 	 Ex 	 1 	 -1.919070e-10 	 5.116199e-11
10 	 73 	 Ex 	 1 	 -1.351256e-10 	 4.721175e-11
10 	 74 	 Ex 	 1 	 -6.068743e-11 	 4.387193e-11
10 	 75 	 Ex 	 1 	 4.644640e-12 	 4.075289e-11
10 	 76 	 Ex 	 1 	 4.381712e-11 	 3.694280e-11
10 	 77 	 Ex 	 1 	 5.530998e-11 	 3.116595e-11
10 	 78 	 Ex 	 1 	 4.980523e-11 	 2.458395e-11
10 	 79 	 Ex 	 1 	 4.029296e-11 	 1.926190e-11
10 	 80 	 Ex 	 1 	 3.161848e-11 	 1.530303e-11
10 	 81 	 Ex 	 1 	 5.045652e-11 	 3.490953e-11
10 	 82 	 Ex 	 1 	 2.428201e-11 	 4.333959e-11
10 	 83 	 Ex 	 1 	 -4.087018e-11 	 5.296622e-11
10 	 84 	 Ex 	 1 	 -1.555917e-10 	 6.313202e-11
10 	 85 	 Ex 	 1 	 -3.027112e-10 	 7.240630e-11
10 	 86 	 Ex 	 1 	 -3.793567e-10 	 7.731563e-11
10 	 87 	 Ex 	 1 	 -3.959491e-10 	 7.472638e-11
10 	 88 	 Ex 	 1 	 -2.856103e-10 	 6.637083e-11
10 	 89 	 Ex 	 1 	 -1.551818e-10 	 5.804922e-11
10 	 90 	 Ex 	 1 	 -2.793790e-11 	 5.262208e-11
10 	 91 	 Ex 	 1 	 6.367910e-11 	 4.878329e-11
10 	 92 	 Ex 	 1 	 1.069481e-10 	 4.432623e-11
10 	 93 	 Ex 	 1 	 1.076584e-10 	 3.698605e-11
10 	 94 	 Ex 	 1 	 8.636580e-11 	 2.848930e-11
10 	 95 	 Ex 	 1 	 6.428598e-11 	 2.178162e-11
10 	 96 	 Ex 	 1 	 4.735181e-11 	 1.692218e-11
10 	 97 	 Ex 	 1 	 1.355655e-10 	 4.046474e-11
10 	 98 	 Ex 	 1 	 1.419419e-10 	 5.201510e-11
10 	 99 	 Ex 	 1 	 8.677203e-11 	 6.660530e-11
10 	 100 	 Ex 	 1 	 -1.125804e-10 	 8.413644e-11
10 	 101 	 Ex 	 1 	 -5.138885e-10 	 1.022812e-10
10 	 102 	 Ex 	 1 	 -8.337824e-10 	 1.127886e-10
10 	 103 	 Ex 	 1 	 -7.892052e-10 	 1.075779e-10
10 	 104 	 Ex 	 1 	 -3.908970e-10 	 9.006662e-11
10 	 105 	 Ex 	 1 	 -8.609438e-11 	 7.316710e-11
10 	 106 	 Ex 	 1 	 9.363444e-11 	 6.326396e-11
10 	 107 	 Ex 	 1 	 1.832634e-10 	 5.763654e-11
10 	 108 	 Ex 	 1 	 2.050908e-10 	 5.188634e-11
10 	 109 	 Ex 	 1 	 1.781193e-10 	 4.282789e-11
10 	 110 	 Ex 	 1 	 1.314814e-10 	 3.237389e-11
10 	 111 	 Ex 	 1 	 9.209230e-11 	 2.420230e-11
10 	 112 	 Ex 	 1 	 6.467964e-11 	 1.842513e-11
10 	 113 	 Ex 	 1 	 2.728491e-10 	 4.624464e-11
10 	 114 	 Ex 	 1 	 3.842334e-10 	 6.162512e-11
10 	 115 	 Ex 	 1 	 4.763034e-10 	 8.352982e-11
10 	 116 	 Ex 	 1 	 3.005197e-10 	 1.144145e-10
10 	 117 	 Ex 	 1 	 -7.848008e-10 	 1.517950e-10
10 	 118 	 Ex 	 1 	 -2.311109e-09 	 1.766832e-10
10 	 119 	 Ex 	 1 	 -1.835331e-09 	 1.658652e-10
10 	 120 	 Ex 	 1 	 -2.562658e-10 	 1.281243e-10
10 	 121 	 Ex 	 1 	 3.243282e-10 	 9.396414e-11
10 	 122 	 Ex 	 1 	 4.108074e-10 	 7.583865e-11
10 	 123 	 Ex 	 1 	 3.932827e-10 	 6.686519e-11
10 	 124 	 Ex 	 1 	 3.409825e-10 	 5.916919e-11
10 	 125 	 Ex 	 1 	 2.625992e-10 	 4.814725e-11
10 	 126 	 Ex 	 1 	 1.808219e-10 	 3.582269e-11
10 	 127 	 Ex 	 1 	 1.205860e-10 	 2.626821e-11
10 	 128 	 Ex 	 1 	 8.160012e-11 	 1.967798e-11
10 	 129 	 Ex 	 1 	 4.486197e-10 	 5.150528e-11
10 	 130 	 Ex 	 1 	 7.731860e-10 	 7.118652e-11
10 	 131 	 Ex 	 1 	 1.379711e-09 	 1.025672e-10
10 	 132 	 Ex 	 1 	 2.214820e-09 	 1.555664e-10
10 	 133 	 Ex 	 1 	 6.155829e-10 	 2.385881e-10
10 	 134 	 Ex 	 1 	 -9.311900e-09 	 3.140900e-10
10 	 135 	 Ex 	 1 	 -4.576773e-09 	 2.841193e-10
10 	 136 	 Ex 	 1 	 1.965143e-09 	 1.891940e-10
10 	 137 	 Ex 	 1 	 1.707249e-09 	 1.206604e-10
10 	 138 	 Ex 	 1 	 1.029379e-09 	 8.910558e-11
10 	 139 	 Ex 	 1 	 6.864990e-10 	 7.534591e-11
10 	 140 	 Ex 	 1 	 4.943007e-10 	 6.523620e-11
10 	 141 	 Ex 	 1 	 3.458976e-10 	 5.229966e-11
10 	 142 	 Ex 	 1 	 2.253899e-10 	 3.841215e-11
10 	 143 	 Ex 	 1 	 1.448128e-10 	 2.778224e-11
10 	 144 	 Ex 	 1 	 9.541877e-11 	 2.060848e-11
10 	 145 	 Ex 	 1 	 5.988722e-10 	 5.526058e-11
10 	 146 	 Ex 	 1 	 1.169290e-09 	 7.827470e-11
10 	 147 	 Ex 	 1 	 2.638010e-09 	 1.183904e-10
10 	 148 	 Ex 	 1 	 7.212755e-09 	 1.980944e-10
10 	 149 	 Ex 	 1 	 2.377528e-08 	 3.793289e-10
10 	 150 	 Ex 	 1 	 -8.188317e-08 	 7.867001e-10
10 	 151 	 Ex 	 1 	 2.905431e-08 	 5.751590e-10
10 	 152 	 Ex 	 1 	 1.369289e-08 	 2.689599e-10
10 	 153 	 Ex 	 1 	 4.320651e-09 	 1.461054e-10
10 	 154 	 Ex 	 1 	 1.766075e-09 	 9.968264e-11
10 	 155 	 Ex 	 1 	 9.539305e-10 	 8.106295e-11
10 	 156 	 Ex 	 1 	 6.110753e-10 	 6.874120e-11
10 	 157 	 Ex 	 1 	 4.016824e-10 	 5.445664e-11
10 	 158 	 Ex 	 1 	 2.527992e-10 	 3.970407e-11
10 	 159 	 Ex 	 1 	 1.589967e-10 	 2.855992e-11
10 	 160 	 Ex 	 1 	 1.033255e-10 	 2.111861e-11
10 	 161 	 Ex 	 1 	 6.344792e-10 	 5.666640e-11
10 	 162 	 Ex 	 1 	 1.267730e-09 	 8.065518e-11
10 	 163 	 Ex 	 1 	 2.996304e-09 	 1.229720e-10
10 	 164 	 Ex 	 1 	 9.225386e-09 	 2.100194e-10
10 	 165 	 Ex 	 1 	 4.773563e-08 	 4.340333e-10
10 	 166 	 Ex 	 1 	 -8.059762e-08 	 1.663870e-09
10 	 167 	 Ex 	 1 	 2.263279e-07 	 7.667328e-10
10 	 168 	 Ex 	 1 	 2.089381e-08 	 2.949713e-10
10 	 169 	 Ex 	 1 	 5.241647e-09 	 1.542341e-10
10 	 170 	 Ex 	 1 	 1.980230e-09 	 1.030548e-10
10 	 171 	 Ex 	 1 	 1.019587e-09 	 8.200193e-11
10 	 172 	 Ex 	 1 	 6.306027e-10 	 6.842414e-11
10 	 173 	 Ex 	 1 	 4.060388e-10 	 5.388405e-11
10 	 174 	 Ex 	 1 	 2.536529e-10 	 3.937979e-11
10 	 175 	 Ex 	 1 	 1.595363e-10 	 2.847116e-11
10 	 176 	 Ex 	 1 	 1.039244e-10 	 2.118326e-11
10 	 177 	 Ex 	 1 	 5.363509e-10 	 5.531398e-11
10 	 178 	 Ex 	 1 	 9.825871e-10 	 7.734050e-11
10 	 179 	 Ex 	 1 	 1.965390e-09 	 1.136652e-10
10 	 180 	 Ex 	 1 	 4.100251e-09 	 1.790227e-10
10 	 181 	 Ex 	 1 	 5.133153e-09 	 2.980257e-10
10 	 182 	 Ex 	 1 	 -2.120864e-08 	 4.417968e-10
10 	 183 	 Ex 	 1 	 -4.842130e-09 	 3.832965e-10
10 	 184 	 Ex 	 1 	 5.460784e-09 	 2.302699e-10
10 	 185 	 Ex 	 1 	 2.852366e-09 	 1.392653e-10
10 	 186 	 Ex 	 1 	 1.409199e-09 	 9.770204e-11
10 	 187 	 Ex 	 1 	 8.157173e-10 	 7.761106e-11
10 	 188 	 Ex 	 1 	 5.286156e-10 	 6.392729e-11
10 	 189 	 Ex 	 1 	 3.487763e-10 	 5.041206e-11
10 	 190 	 Ex 	 1 	 2.235173e-10 	 3.747337e-11
10 	 191 	 Ex 	 1 	 1.440782e-10 	 2.764289e-11
10 	 192 	 Ex 	 1 	 9.569046e-11 	 2.081871e-11
10 	 193 	 Ex 	 1 	 3.676130e-10 	 5.174415e-11
10 	 194 	 Ex 	 1 	 5.686082e-10 	 7.002434e-11
10 	 195 	 Ex 	 1 	 8.321084e-10 	 9.705509e-11
10 	 196 	 Ex 	 1 	 8.528678e-10 	 1.369745e-10
10 	 197 	 Ex 	 1 	 -7.503093e-10 	 1.887933e-10
10 	 198 	 Ex 	 1 	 -4.106461e-09 	 2.270392e-10
10 	 199 	 Ex 	 1 	 -2.843346e-09 	 2.132305e-10
10 	 200 	 Ex 	 1 	 2.441274e-10 	 1.617655e-10
10 	 201 	 Ex 	 1 	 8.618765e-10 	 1.154313e-10
10 	 202 	 Ex 	 1 	 7.018169e-10 	 8.673623e-11
10 	 203 	 Ex 	 1 	 5.103413e-10 	 6.939212e-11
10 	 204 	 Ex 	 1 	 3.678743e-10 	 5.667128e-11
10 	 205 	 Ex 	 1 	 2.588227e-10 	 4.507064e-11
10 	 206 	 Ex 	 1 	 1.760227e-10 	 3.449906e-11
10 	 207 	 Ex 	 1 	 1.192056e-10 	 2.618323e-11
10 	 208 	 Ex 	 1 	 8.206703e-11 	 2.008394e-11
10 	 209 	 Ex 	 1 	 2.109765e-10 	 4.676638e-11
10 	 210 	 Ex 	 1 	 2.595731e-10 	 6.096717e-11
10 	 211 	 Ex 	 1 	 2.420854e-10 	 7.973818e-11
10 	 212 	 Ex 	 1 	 -9.498479e-12 	 1.031739e-10
10 	 213 	 Ex 	 1 	 -6.987011e-10 	 1.275406e-10
10 	 214 	 Ex 	 1 	 -1.351959e-09 	 1.420454e-10
10 	 215 	 Ex 	 1 	 -1.184198e-09 	 1.371318e-10
10 	 216 	 Ex 	 1 	 -3.657246e-10 	 1.162849e-10
10 	 217 	 Ex 	 1 	 1.211157e-10 	 9.272182e-11
10 	 218 	 Ex 	 1 	 2.608849e-10 	 7.398215e-11
10 	 219 	 Ex 	 1 	 2.605156e-10 	 6.005474e-11
10 	 220 	 Ex 	 1 	 2.192857e-10 	 4.907291e-11
10 	 221 	 Ex 	 1 	 1.701666e-10 	 3.949898e-11
10 	 222 	 Ex 	 1 	 1.255731e-10 	 3.113863e-11
10 	 223 	 Ex 	 1 	 9.074085e-11 	 2.437783e-11
10 	 224 	 Ex 	 1 	 6.550739e-11 	 1.910863e-11
10 	 225 	 Ex 	 1 	 1.012203e-10 	 4.130191e-11
10 	 226 	 Ex 	 1 	 8.871765e-11 	 5.192389e-11
10 	 227 	 Ex 	 1 	 1.803721e-11 	 6.470478e-11
10 	 228 	 Ex 	 1 	 -1.575084e-10 	 7.872322e-11
10 	 229 	 Ex 	 1 	 -4.317076e-10 	 9.135119e-11
10 	 230 	 Ex 	 1 	 -5.987391e-10 	 9.813070e-11
10 	 231 	 Ex 	 1 	 -5.787859e-10 	 9.617546e-11
10 	 232 	 Ex 	 1 	 -3.145093e-10 	 8.655940e-11
10 	 233 	 Ex 	 1 	 -7.351014e-11 	 7.379165e-11
10 	 234 	 Ex 	 1 	 5.901848e-11 	 6.159651e-11
10 	 235 	 Ex 	 1 	 1.086092e-10 	 5.115196e-11
10 	 236 	 Ex 	 1 	 1.144069e-10 	 4.225141e-11
10 	 237 	 Ex 	 1 	 1.011987e-10 	 3.453544e-11
10 	 238 	 Ex 	 1 	 8.218787e-11 	 2.788128e-11
10 	 239 	 Ex 	 1 	 6.392679e-11 	 2.236358e-11
10 	 240 	 Ex 	 1 	 4.876336e-11 	 1.787974e-11
10 	 241 	 Ex 	 1 	 3.572344e-11 	 3.595955e-11
10 	 242 	 Ex 	 1 	 8.246410e-12 	 4.378018e-11
10 	 243 	 Ex 	 1 	 -5.227380e-11 	 5.248379e-11
10 	 244 	 Ex 	 1 	 -1.525343e-10 	 6.116746e-11
10 	 245 	 Ex 	 1 	 -2.707671e-10 	 6.831793e-11
10 	 246 	 Ex 	 1 	 -3.193282e-10 	 7.202059e-11
10 	 247 	 Ex 	 1 	 -3.254331e-10 	 7.120853e-11
10 	 248 	 Ex 	 1 	 -2.228346e-10 	 6.621710e-11
10 	 249 	 Ex 	 1 	 -1.061579e-10 	 5.883098e-11
10 	 250 	 Ex 	 1 	 -1.952333e-11 	 5.087896e-11
10 	 251 	 Ex 	 1 	 2.921332e-11 	 4.328363e-11
10 	 252 	 Ex 	 1 	 4.965117e-11 	 3.636704e-11
10 	 253 	 Ex 	 1 	 5.338267e-11 	 3.016248e-11
10 	 254 	 Ex 	 1 	 4.889707e-11 	 2.477021e-11
10 	 255 	 Ex 	 1 	 4.142222e-11 	 2.025565e-11
10 	 256 	 Ex 	 1 	 3.366801e-11 	 1.654601e-11
10 	 1 	 Ex 	 2 	 -4.657171e-11 	 1.703886e-11
10 	 2 	 Ex 	 2 	 -5.751028e-11 	 2.165280e-11
10 	 3 	 Ex 	 2 	 -6.824594e-11 	 2.645387e-11
10 	 4 	 Ex 	 2 	 -7.755682e-11 	 3.091910e-11
10 	 5 	 Ex 	 2 	 -8.438134e-11 	 3.435218e-11
10 	 6 	 Ex 	 2 	 -8.042781e-11 	 3.604400e-11
10 	 7 	 Ex 	 2 	 -8.834426e-11 	 3.580711e-11
10 	 8 	 Ex 	 2 	 -8.454172e-11 	 3.367292e-11
10 	 9 	 Ex 	 2 	 -7.753215e-11 	 3.025797e-11
10 	 10 	 Ex 	 2 	 -6.775318e-11 	 2.621721e-11
10 	 11 	 Ex 	 2 	 -5.650724e-11 	 2.203182e-11
10 	 12 	 Ex 	 2 	 -4.524564e-11 	 1.796603e-11
10 	 13 	 Ex 	 2 	 -3.501973e-11 	 1.417127e-11
10 	 14 	 Ex 	 2 	 -2.635995e-11 	 1.076553e-11
10 	 15 	 Ex 	 2 	 -1.939288e-11 	 7.841497e-12
10 	 16 	 Ex 	 2 	 -1.398281e-11 	 5.438496e-12
10 	 17 	 Ex 	 2 	 -5.171075e-11 	 2.233045e-11
10 	 18 	 Ex 	 2 	 -6.680183e-11 	 2.888361e-11
10 	 19 	 Ex 	 2 	 -8.226563e-11 	 3.594022e-11
10 	 20 	 Ex 	 2 	 -9.597316e-11 	 4.274557e-11
10 	 21 	 Ex 	 2 	 -1.061105e-10 	 4.812084e-11
10 	 22 	 Ex 	 2 	 -1.022324e-10 	 5.074176e-11
10 	 23 	 Ex 	 2 	 -1.122234e-10 	 5.013203e-11
10 	 24 	 Ex 	 2 	 -1.068564e-10 	 4.653290e-11
10 	 25 	 Ex 	 2 	 -9.643895e-11 	 4.122372e-11
10 	 26 	 Ex 	 2 	 -8.154713e-11 	 3.543574e-11
10 	 27 	 Ex 	 2 	 -6.475494e-11 	 2.979104e-11
10 	 28 	 Ex 	 2 	 -4.886858e-11 	 2.440936e-11
10 	 29 	 Ex 	 2 	 -3.547919e-11 	 1.930621e-11
10 	 30 	 Ex 	 2 	 -2.501136e-11 	 1.463513e-11
10 	 31 	 Ex 	 2 	 -1.723949e-11 	 1.061161e-11
10 	 32 	 Ex 	 2 	 -1.164262e-11 	 7.332633e-12
10 	 33 	 Ex 	 2 	 -5.503405e-11 	 2.904206e-11
10 	 34 	 Ex 	 2 	 -7.607969e-11 	 3.831283e-11
10 	 35 	 Ex 	 2 	 -9.919169e-11 	 4.870144e-11
10 	 36 	 Ex 	 2 	 -1.205018e-10 	 5.921424e-11
10 	 37 	 Ex 	 2 	 -1.365854e-10 	 6.786338e-11
10 	 38 	 Ex 	 2 	 -1.337223e-10 	 7.202351e-11
10 	 39 	 Ex 	 2 	 -1.467831e-10 	 7.049857e-11
10 	 40 	 Ex 	 2 	 -1.388479e-10 	 6.399361e-11
10 	 41 	 Ex 	 2 	 -1.225254e-10 	 5.541978e-11
10 	 42 	 Ex 	 2 	 -9.818839e-11 	 4.727324e-11
10 	 43 	 Ex 	 2 	 -7.164520e-11 	 4.009946e-11
10 	 44 	 Ex 	 2 	 -4.870288e-11 	 3.333001e-11
10 	 45 	 Ex 	 2 	 -3.155613e-11 	 2.650854e-11
10 	 46 	 Ex 	 2 	 -1.981513e-11 	 1.994617e-11
10 	 47 	 Ex 	 2 	 -1.216435e-11 	 1.427764e-11
10 	 48 	 Ex 	 2 	 -7.238507e-12 	 9.758634e-12
10 	 49 	 Ex 	 2 	 -5.319812e-11 	 3.754557e-11
10 	 50 	 Ex 	 2 	 -8.212964e-11 	 5.066528e-11
10 	 51 	 Ex 	 2 	 -1.177285e-10 	 6.604829e-11
10 	 52 	 Ex 	 2 	 -1.535021e-10 	 8.255092e-11
10 	 53 	 Ex 	 2 	 -1.823023e-10 	 9.692212e-11
10 	 54 	 Ex 	 2 	 -1.838237e-10 	 1.038545e-10
10 	 55 	 Ex 	 2 	 -2.011406e-10 	 1.003454e-10
10 	 56 	 Ex 	 2 	 -1.871623e-10 	 8.795368e-11
10 	 57 	 Ex 	 2 	 -1.589348e-10 	 7.344585e-11
10 	 58 	 Ex 	 2 	 -1.161641e-10 	 6.220596e-11
10 	 59 	 Ex 	 2 	 -7.253712e-11 	 5.382966e-11
10 	 60 	 Ex 	 2 	 -3.932078e-11 	 4.591232e-11
10 	 61 	 Ex 	 2 	 -1.884941e-11 	 3.675551e-11
10 	 62 	 Ex 	 2 	 -8.106925e-12 	 2.717395e-11
10 	 63 	 Ex 	 2 	 -2.801587e-12 	 1.900697e-11
10 	 64 	 Ex 	 2 	 -1.286120e-13 	 1.275783e-11
10 	 65 	 Ex 	 2 	 -3.952687e-11 	 4.827797e-11
10 	 66 	 Ex 	 2 	 -7.634657e-11 	 6.695350e-11
10 	 67 	 Ex 	 2 	 -1.307043e-10 	 9.005176e-11
10 	 68 	 Ex 	 2 	 -1.957291e-10 	 1.164669e-10
10 	 69 	 Ex 	 2 	 -2.571762e-10 	 1.410046e-10
10 	 70 	 Ex 	 2 	 -2.752774e-10 	 1.531889e-10
10 	 71 	 Ex 	 2 	 -2.964359e-10 	 1.460560e-10
10 	 72 	 Ex 	 2 	 -2.613101e-10 	 1.226196e-10
10 	 73 	 Ex 	 2 	 -2.038138e-10 	 9.736829e-11
10 	 74 	 Ex 	 2 	 -1.270881e-10 	 8.135263e-11
10 	 75 	 Ex 	 2 	 -5.785351e-11 	 7.177877e-11
10 	 76 	 Ex 	 2 	 -1.285036e-11 	 6.277562e-11
10 	 77 	 Ex 	 2 	 7.669375e-12 	 5.038991e-11
10 	 78 	 Ex 	 2 	 1.255408e-11 	 3.635824e-11
10 	 79 	 Ex 	 2 	 1.183540e-11 	 2.472482e-11
10 	 80 	 Ex 	 2 	 1.002157e-11 	 1.624192e-11
10 	 81 	 Ex 	 2 	 -2.443999e-12 	 6.157667e-11
10 	 82 	 Ex 	 2 	 -3.925488e-11 	 8.830454e-11
10 	 83 	 Ex 	 2 	 -1.144064e-10 	 1.235802e-10
10 	 84 	 Ex 	 2 	 -2.367176e-10 	 1.668999e-10
10 	 85 	 Ex 	 2 	 -3.888670e-10 	 2.099706e-10
10 	 86 	 Ex 	 2 	 -4.680757e-10 	 2.325863e-10
10 	 87 	 Ex 	 2 	 -4.834160e-10 	 2.194972e-10
10 	 88 	 Ex 	 2 	 -3.697596e-10 	 1.765260e-10
10 	 89 	 Ex 	 2 	 -2.366347e-10 	 1.322130e-10
10 	 90 	 Ex 	 2 	 -1.063181e-10 	 1.069635e-10
10 	 91 	 Ex 	 2 	 -1.046159e-11 	 9.428811e-11
10 	 92 	 Ex 	 2 	 3.935448e-11 	 8.304290e-11
10 	 93 	 Ex 	 2 	 5.119075e-11 	 6.627794e-11
10 	 94 	 Ex 	 2 	 4.299908e-11 	 4.677666e-11
10 	 95 	 Ex 	 2 	 3.174504e-11 	 3.101922e-11
10 	 96 	 Ex 	 2 	 2.295738e-11 	 1.996833e-11
10 	 97 	 Ex 	 2 	 7.417802e-11 	 7.733528e-11
10 	 98 	 Ex 	 2 	 6.697171e-11 	 1.153691e-10
10 	 99 	 Ex 	 2 	 -1.734759e-12 	 1.697187e-10
10 	 100 	 Ex 	 2 	 -2.124059e-10 	 2.426419e-10
10 	 101 	 Ex 	 2 	 -6.224767e-10 	 3.218178e-10
10 	 102 	 Ex 	 2 	 -9.470619e-10 	 3.671183e-10
10 	 103 	 Ex 	 2 	 -8.996978e-10 	 3.437400e-10
10 	 104 	 Ex 	 2 	 -4.937848e-10 	 2.639813e-10
10 	 105 	 Ex 	 2 	 -1.824917e-10 	 1.844534e-10
10 	 106 	 Ex 	 2 	 2.405631e-12 	 1.411493e-10
10 	 107 	 Ex 	 2 	 9.735245e-11 	 1.212285e-10
10 	 108 	 Ex 	 2 	 1.269639e-10 	 1.054384e-10
10 	 109 	 Ex 	 2 	 1.133020e-10 	 8.298492e-11
10 	 110 	 Ex 	 2 	 8.233981e-11 	 5.739725e-11
10 	 111 	 Ex 	 2 	 5.570884e-11 	 3.726821e-11
10 	 112 	 Ex 	 2 	 3.768654e-11 	 2.357765e-11
10 	 113 	 Ex 	 2 	 2.032217e-10 	 9.457877e-11
10 	 114 	 Ex 	 2 	 2.977772e-10 	 1.472621e-10
10 	 115 	 Ex 	 2 	 3.719513e-10 	 2.300666e-10
10 	 116 	 Ex 	 2 	 1.792051e-10 	 3.556923e-10
10 	 117 	 Ex 	 2 	 -9.211331e-10 	 5.119374e-10
10 	 118 	 Ex 	 2 	 -2.456127e-09 	 6.145870e-10
10 	 119 	 Ex 	 2 	 -1.975429e-09 	 5.693383e-10
10 	 120 	 Ex 	 2 	 -3.820144e-10 	 4.091720e-10
10 	 121 	 Ex 	 2 	 2.113000e-10 	 2.606418e-10
10 	 122 	 Ex 	 2 	 3.064941e-10 	 1.842632e-10
10 	 123 	 Ex 	 2 	 2.962764e-10 	 1.511638e-10
10 	 124 	 Ex 	 2 	 2.534623e-10 	 1.281453e-10
10 	 125 	 Ex 	 2 	 1.905505e-10 	 9.891360e-11
10 	 126 	 Ex 	 2 	 1.267330e-10 	 6.707212e-11
10 	 127 	 Ex 	 2 	 8.092144e-11 	 4.275680e-11
10 	 128 	 Ex 	 2 	 5.239947e-11 	 2.665899e-11
10 	 129 	 Ex 	 2 	 3.719006e-10 	 1.110072e-10
10 	 130 	 Ex 	 2 	 6.764133e-10 	 1.800013e-10
10 	 131 	 Ex 	 2 	 1.260289e-09 	 3.001124e-10
10 	 132 	 Ex 	 2 	 2.071230e-09 	 5.140970e-10
10 	 133 	 Ex 	 2 	 4.471746e-10 	 8.523850e-10
10 	 134 	 Ex 	 2 	 -9.495949e-09 	 1.153227e-09
10 	 135 	 Ex 	 2 	 -4.753178e-09 	 1.033687e-09
10 	 136 	 Ex 	 2 	 1.813538e-09 	 6.479391e-10
10 	 137 	 Ex 	 2 	 1.577443e-09 	 3.616336e-10
10 	 138 	 Ex 	 2 	 9.132095e-10 	 2.319388e-10
10 	 139 	 Ex 	 2 	 5.802865e-10 	 1.799130e-10
10 	 140 	 Ex 	 2 	 3.994874e-10 	 1.477874e-10
10 	 141 	 Ex 	 2 	 2.684556e-10 	 1.116829e-10
10 	 142 	 Ex 	 2 	 1.676707e-10 	 7.437009e-11
10 	 143 	 Ex 	 2 	 1.027419e-10 	 4.670240e-11
10 	 144 	 Ex 	 2 	 6.457251e-11 	 2.880201e-11
10 	 145 	 Ex 	 2 	 5.172244e-10 	 1.231736e-10
10 	 146 	 Ex 	 2 	 1.065250e-09 	 2.051808e-10
10 	 147 	 Ex 	 2 	 2.507464e-09 	 3.597163e-10
10 	 148 	 Ex 	 2 	 7.051026e-09 	 6.819361e-10
10 	 149 	 Ex 	 2 	 2.357397e-08 	 1.421357e-09
10 	 150 	 Ex 	 2 	 -8.210542e-08 	 3.000120e-09
10 	 151 	 Ex 	 2 	 2.883392e-08 	 2.209069e-09
10 	 152 	 Ex 	 2 	 1.351705e-08 	 9.673672e-10
10 	 153 	 Ex 	 2 	 4.177418e-09 	 4.604586e-10
10 	 154 	 Ex 	 2 	 1.641421e-09 	 2.710569e-10
10 	 155 	 Ex 	 2 	 8.419240e-10 	 2.001403e-10
10 	 156 	 Ex 	 2 	 5.122234e-10 	 1.595579e-10
10 	 157 	 Ex 	 2 	 3.214898e-10 	 1.183058e-10
10 	 158 	 Ex 	 2 	 1.932366e-10 	 7.773319e-11
10 	 159 	 Ex 	 2 	 1.156349e-10 	 4.837608e-11
10 	 160 	 Ex 	 2 	 7.154757e-11 	 2.967224e-11
10 	 161 	 Ex 	 2 	 5.509412e-10 	 1.277671e-10
10 	 162 	 Ex 	 2 	 1.161000e-09 	 2.133186e-10
10 	 163 	 Ex 	 2 	 2.861888e-09 	 3.763282e-10
10 	 164 	 Ex 	 2 	 9.057760e-09 	 7.281994e-10
10 	 165 	 Ex 	 2 	 4.752160e-08 	 1.648585e-09
10 	 166 	 Ex 	 2 	 -8.084424e-08 	 6.505580e-09
10 	 167 	 Ex 	 2 	 2.260672e-07 	 3.071132e-09
10 	 168 	 Ex 	 2 	 2.070907e-08 	 1.071965e-09
10 	 169 	 Ex 	 2 	 5.093046e-09 	 4.911260e-10
10 	 170 	 Ex 	 2 	 1.852583e-09 	 2.836659e-10
10 	 171 	 Ex 	 2 	 9.066161e-10 	 2.041729e-10
10 	 172 	 Ex 	 2 	 5.320645e-10 	 1.589314e-10
10 	 173 	 Ex 	 2 	 3.264287e-10 	 1.162011e-10
10 	 174 	 Ex 	 2 	 1.943393e-10 	 7.601612e-11
10 	 175 	 Ex 	 2 	 1.161128e-10 	 4.735913e-11
10 	 176 	 Ex 	 2 	 7.197960e-11 	 2.912215e-11
10 	 177 	 Ex 	 2 	 4.542721e-10 	 1.236417e-10
10 	 178 	 Ex 	 2 	 8.784291e-10 	 2.015324e-10
10 	 179 	 Ex 	 2 	 1.835579e-09 	 3.400819e-10
10 	 180 	 Ex 	 2 	 3.941747e-09 	 6.015765e-10
10 	 181 	 Ex 	 2 	 4.943362e-09 	 1.081984e-09
10 	 182 	 Ex 	 2 	 -2.141828e-08 	 1.645610e-09
10 	 183 	 Ex 	 2 	 -5.044132e-09 	 1.418229e-09
10 	 184 	 Ex 	 2 	 5.288896e-09 	 8.042656e-10
10 	 185 	 Ex 	 2 	 2.708286e-09 	 4.312629e-10
10 	 186 	 Ex 	 2 	 1.284896e-09 	 2.643601e-10
10 	 187 	 Ex 	 2 	 7.070768e-10 	 1.897156e-10
10 	 188 	 Ex 	 2 	 4.351174e-10 	 1.446565e-10
10 	 189 	 Ex 	 2 	 2.732678e-10 	 1.048898e-10
10 	 190 	 Ex 	 2 	 1.665180e-10 	 6.930970e-11
10 	 191 	 Ex 	 2 	 1.018054e-10 	 4.383556e-11
10 	 192 	 Ex 	 2 	 6.433040e-11 	 2.727835e-11
10 	 193 	 Ex 	 2 	 2.899976e-10 	 1.123849e-10
10 	 194 	 Ex 	 2 	 4.714248e-10 	 1.759459e-10
10 	 195 	 Ex 	 2 	 7.131906e-10 	 2.771638e-10
10 	 196 	 Ex 	 2 	 7.116801e-10 	 4.347288e-10
10 	 197 	 Ex 	 2 	 -9.118835e-10 	 6.428243e-10
10 	 198 	 Ex 	 2 	 -4.280067e-09 	 7.946019e-10
10 	 199 	 Ex 	 2 	 -3.012469e-09 	 7.380390e-10
10 	 200 	 Ex 	 2 	 9.226169e-11 	 5.288437e-10
10 	 201 	 Ex 	 2 	 7.291240e-10 	 3.388945e-10
10 	 202 	 Ex 	 2 	 5.862896e-10 	 2.256269e-10
10 	 203 	 Ex 	 2 	 4.103528e-10 	 1.627748e-10
10 	 204 	 Ex 	 2 	 2.829635e-10 	 1.216374e-10
10 	 205 	 Ex 	 2 	 1.900067e-10 	 8.790548e-11
10 	 206 	 Ex 	 2 	 1.229337e-10 	 5.949995e-11
10 	 207 	 Ex 	 2 	 7.908765e-11 	 3.865472e-11
10 	 208 	 Ex 	 2 	 5.197895e-11 	 2.451342e-11
10 	 209 	 Ex 	 2 	 1.399628e-10 	 9.694635e-11
10 	 210 	 Ex 	 2 	 1.721288e-10 	 1.450637e-10
10 	 211 	 Ex 	 2 	 1.371990e-10 	 2.134988e-10
10 	 212 	 Ex 	 2 	 -1.312470e-10 	 3.036262e-10
10 	 213 	 Ex 	 2 	 -8.343711e-10 	 3.997799e-10
10 	 214 	 Ex 	 2 	 -1.494937e-09 	 4.571703e-10
10 	 215 	 Ex 	 2 	 -1.325056e-09 	 4.358713e-10
10 	 216 	 Ex 	 2 	 -4.965710e-10 	 3.500231e-10
10 	 217 	 Ex 	 2 	 3.676649e-12 	 2.543306e-10
10 	 218 	 Ex 	 2 	 1.576467e-10 	 1.818352e-10
10 	 219 	 Ex 	 2 	 1.714361e-10 	 1.328976e-10
10 	 220 	 Ex 	 2 	 1.441361e-10 	 9.822316e-11
10 	 221 	 Ex 	 2 	 1.088627e-10 	 7.104568e-11
10 	 222 	 Ex 	 2 	 7.728015e-11 	 4.926546e-11
10 	 223 	 Ex 	 2 	 5.355117e-11 	 3.289899e-11
10 	 224 	 Ex 	 2 	 3.727720e-11 	 2.129014e-11
10 	 225 	 Ex 	 2 	 3.794706e-11 	 8.016705e-11
10 	 226 	 Ex 	 2 	 1.201276e-11 	 1.148990e-10
10 	 227 	 Ex 	 2 	 -7.238181e-11 	 1.596482e-10
10 	 228 	 Ex 	 2 	 -2.605900e-10 	 2.115000e-10
10 	 229 	 Ex 	 2 	 -5.446102e-10 	 2.596367e-10
10 	 230 	 Ex 	 2 	 -7.166389e-10 	 2.854590e-10
10 	 231 	 Ex 	 2 	 -6.957006e-10 	 2.762959e-10
10 	 232 	 Ex 	 2 	 -4.251337e-10 	 2.367262e-10
10 	 233 	 Ex 	 2 	 -1.744502e-10 	 1.863238e-10
10 	 234 	 Ex 	 2 	 -3.052995e-11 	 1.409175e-10
10 	 235 	 Ex 	 2 	 3.103902e-11 	 1.053502e-10
10 	 236 	 Ex 	 2 	 4.885549e-11 	 7.813628e-11
10 	 237 	 Ex 	 2 	 4.727383e-11 	 5.683903e-11
10 	 238 	 Ex 	 2 	 3.904069e-11 	 4.008906e-11
10 	 239 	 Ex 	 2 	 3.016951e-11 	 2.733240e-11
10 	 240 	 Ex 	 2 	 2.283733e-11 	 1.799212e-11
10 	 241 	 Ex 	 2 	 -1.947691e-11 	 6.408474e-11
10 	 242 	 Ex 	 2 	 -5.770273e-11 	 8.839951e-11
10 	 243 	 Ex 	 2 	 -1.288744e-10 	 1.173150e-10
10 	 244 	 Ex 	 2 	 -2.386537e-10 	 1.478341e-10
10 	 245 	 Ex 	 2 	 -3.640399e-10 	 1.737257e-10
10 	 246 	 Ex 	 2 	 -4.162595e-10 	 1.868207e-10
10 	 247 	 Ex 	 2 	 -4.218742e-10 	 1.825741e-10
10 	 248 	 Ex 	 2 	 -3.150138e-10 	 1.625947e-10
10 	 249 	 Ex 	 2 	 -1.911836e-10 	 1.346483e-10
10 	 250 	 Ex 	 2 	 -9.566820e-11 	 1.063268e-10
10 	 251 	 Ex 	 2 	 -3.721042e-11 	 8.160917e-11
10 	 252 	 Ex 	 2 	 -6.833450e-12 	 6.134167e-11
10 	 253 	 Ex 	 2 	 6.510160e-12 	 4.507503e-11
10 	 254 	 Ex 	 2 	 1.093481e-11 	 3.220810e-11
10 	 255 	 Ex 	 2 	 1.135408e-11 	 2.228382e-11
10 	 256 	 Ex 	 2 	 1.032754e-11 	 1.485873e-11
10 	 1 	 Ey 	 1 	 3.602344e-11 	 -3.111958e-12
10 	 2 	 Ey 	 1 	 3.447248e-11 	 -3.155146e-12
10 	 3 	 Ey 	 1 	 3.004286e-11 	 -3.089085e-12
10 	 4 	 Ey 	 1 	 2.258072e-11 	 -2.921964e-12
10 	 5 	 Ey 	 1 	 1.250086e-11 	 -2.670473e-12
10 	 6 	 Ey 	 1 	 -1.469114e-12 	 -2.371771e-12
10 	 7 	 Ey 	 1 	 -1.176161e-11 	 -1.993535e-12
10 	 8 	 Ey 	 1 	 -2.351777e-11 	 -1.517152e-12
10 	 9 	 Ey 	 1 	 -3.326359e-11 	 -9.348370e-13
10 	 10 	 Ey 	 1 	 -3.989075e-11 	 -2.785167e-13
10 	 11 	 Ey 	 1 	 -4.287460e-11 	 3.877672e-13
10 	 12 	 Ey 	 1 	 -4.252704e-11 	 9.762773e-13
10 	 13 	 Ey 	 1 	 -3.979534e-11 	 1.436867e-12
10 	 14 	 Ey 	 1 	 -3.572189e-11 	 1.722530e-12
10 	 15 	 Ey 	 1 	 -3.120049e-11 	 1.864764e-12
10 	 16 	 Ey 	 1 	 -2.679781e-11 	 1.893205e-12
10 	 17 	 Ey 	 1 	 4.922430e-11 	 -3.475884e-12
10 	 18 	 Ey 	 1 	 4.883899e-11 	 -3.603945e-12
10 	 19 	 Ey 	 1 	 4.390277e-11 	 -3.588854e-12
10 	 20 	 Ey 	 1 	 3.381976e-11 	 -3.444882e-12
10 	 21 	 Ey 	 1 	 1.912347e-11 	 -3.204880e-12
10 	 22 	 Ey 	 1 	 -1.760771e-12 	 -2.932054e-12
10 	 23 	 Ey 	 1 	 -1.802153e-11 	 -2.653675e-12
10 	 24 	 Ey 	 1 	 -3.633354e-11 	 -2.274720e-12
10 	 25 	 Ey 	 1 	 -5.136375e-11 	 -1.736858e-12
10 	 26 	 Ey 	 1 	 -6.084280e-11 	 -1.045193e-12
10 	 27 	 Ey 	 1 	 -6.365364e-11 	 -2.587054e-13
10 	 28 	 Ey 	 1 	 -6.073129e-11 	 5.607820e-13
10 	 29 	 Ey 	 1 	 -5.429127e-11 	 1.264909e-12
10 	 30 	 Ey 	 1 	 -4.652610e-11 	 1.699829e-12
10 	 31 	 Ey 	 1 	 -3.892235e-11 	 1.886097e-12
10 	 32 	 Ey 	 1 	 -3.218048e-11 	 1.897136e-12
10 	 33 	 Ey 	 1 	 6.850403e-11 	 -3.895965e-12
10 	 34 	 Ey 	 1 	 7.147619e-11 	 -4.128071e-12
10 	 35 	 Ey 	 1 	 6.731685e-11 	 -4.190473e-12
10 	 36 	 Ey 	 1 	 5.396406e-11 	 -4.028726e-12
10 	 37 	 Ey 	 1 	 3.176407e-11 	 -3.754385e-12
10 	 38 	 Ey 	 1 	 -1.296125e-12 	 -3.478740e-12
10 	 39 	 Ey 	 1 	 -2.874383e-11 	 -3.259159e-12
10 	 40 	 Ey 	 1 	 -5.898215e-11 	 -3.093635e-12
10 	 41 	 Ey 	 1 	 -8.347202e-11 	 -2.854633e-12
10 	 42 	 Ey 	 1 	 -9.734440e-11 	 -2.340117e-12
10 	 43 	 Ey 	 1 	 -9.829633e-11 	 -1.473071e-12
10 	 44 	 Ey 	 1 	 -8.908544e-11 	 -2.947479e-13
10 	 45 	 Ey 	 1 	 -7.495426e-11 	 8.420577e-13
10 	 46 	 Ey 	 1 	 -6.048536e-11 	 1.573916e-12
10 	 47 	 Ey 	 1 	 -4.800185e-11 	 1.865730e-12
10 	 48 	 Ey 	 1 	 -3.799128e-11 	 1.875291e-12
10 	 49 	 Ey 	 1 	 9.667288e-11 	 -4.306751e-12
10 	 50 	 Ey 	 1 	 1.081628e-10 	 -4.720008e-12
10 	 51 	 Ey 	 1 	 1.094176e-10 	 -4.910035e-12
10 	 52 	 Ey 	 1 	 9.388201e-11 	 -4.781957e-12
10 	 53 	 Ey 	 1 	 5.911836e-11 	 -4.407195e-12
10 	 54 	 Ey 	 1 	 1.810290e-12 	 -3.783467e-12
10 	 55 	 Ey 	 1 	 -4.929808e-11 	 -3.315794e-12
10 	 56 	 Ey 	 1 	 -1.019553e-10 	 -3.422421e-12
10 	 57 	 Ey 	 1 	 -1.414286e-10 	 -3.892314e-12
10 	 58 	 Ey 	 1 	 -1.592171e-10 	 -4.006210e-12
10 	 59 	 Ey 	 1 	 -1.529974e-10 	 -3.265067e-12
10 	 60 	 Ey 	 1 	 -1.303764e-10 	 -1.679932e-12
10 	 61 	 Ey 	 1 	 -1.021433e-10 	 1.398834e-13
10 	 62 	 Ey 	 1 	 -7.694133e-11 	 1.313650e-12
10 	 63 	 Ey 	 1 	 -5.766406e-11 	 1.762779e-12
10 	 64 	 Ey 	 1 	 -4.359744e-11 	 1.818346e-12
10 	 65 	 Ey 	 1 	 1.366183e-10 	 -4.662896e-12
10 	 66 	 Ey 	 1 	 1.675599e-10 	 -5.318343e-12
10 	 67 	 Ey 	 1 	 1.877497e-10 	 -5.791347e-12
10 	 68 	 Ey 	 1 	 1.789197e-10 	 -5.814830e-12
10 	 69 	 Ey 	 1 	 1.241702e-10 	 -5.163925e-12
10 	 70 	 Ey 	 1 	 1.298944e-11 	 -3.823273e-12
10 	 71 	 Ey 	 1 	 -9.429034e-11 	 -2.647273e-12
10 	 72 	 Ey 	 1 	 -1.893838e-10 	 -2.730080e-12
10 	 73 	 Ey 	 1 	 -2.433414e-10 	 -3.921374e-12
10 	 74 	 Ey 	 1 	 -2.526585e-10 	 -4.895034e-12
10 	 75 	 Ey 	 1 	 -2.254287e-10 	 -4.494772e-12
10 	 76 	 Ey 	 1 	 -1.793563e-10 	 -2.688119e-12
10 	 77 	 Ey 	 1 	 -1.314934e-10 	 -4.931953e-13
10 	 78 	 Ey 	 1 	 -9.312821e-11 	 1.007983e-12
10 	 79 	 Ey 	 1 	 -6.620911e-11 	 1.587051e-12
10 	 80 	 Ey 	 1 	 -4.793343e-11 	 1.700603e-12
10 	 81 	 Ey 	 1 	 1.888819e-10 	 -4.785203e-12
10 	 82 	 Ey 	 1 	 2.594779e-10 	 -5.736712e-12
10 	 83 	 Ey 	 1 	 3.323214e-10 	 -6.588463e-12
10 	 84 	 Ey 	 1 	 3.654359e-10 	 -6.952988e-12
10 	 85 	 Ey 	 1 	 2.887394e-10 	 -6.029631e-12
10 	 86 	 Ey 	 1 	 4.871082e-11 	 -3.766000e-12
10 	 87 	 Ey 	 1 	 -2.058887e-10 	 -1.520351e-12
10 	 88 	 Ey 	 1 	 -3.832118e-10 	 -1.251694e-12
10 	 89 	 Ey 	 1 	 -4.296900e-10 	 -2.916184e-12
10 	 90 	 Ey 	 1 	 -3.905644e-10 	 -4.544701e-12
10 	 91 	 Ey 	 1 	 -3.127305e-10 	 -4.498783e-12
10 	 92 	 Ey 	 1 	 -2.287563e-10 	 -2.870071e-12
10 	 93 	 Ey 	 1 	 -1.569307e-10 	 -7.347192e-13
10 	 94 	 Ey 	 1 	 -1.051542e-10 	 7.450348e-13
10 	 95 	 Ey 	 1 	 -7.133377e-11 	 1.364539e-12
10 	 96 	 Ey 	 1 	 -4.967947e-11 	 1.506809e-12
10 	 97 	 Ey 	 1 	 2.460697e-10 	 -4.533667e-12
10 	 98 	 Ey 	 1 	 3.864973e-10 	 -5.788424e-12
10 	 99 	 Ey 	 1 	 5.871119e-10 	 -7.080539e-12
10 	 100 	 Ey 	 1 	 7.876159e-10 	 -7.852448e-12
10 	 101 	 Ey 	 1 	 7.530656e-10 	 -6.834189e-12
10 	 102 	 Ey 	 1 	 1.716950e-10 	 -3.568549e-12
10 	 103 	 Ey 	 1 	 -5.387256e-10 	 -5.691986e-14
10 	 104 	 Ey 	 1 	 -8.666582e-10 	 7.117573e-13
10 	 105 	 Ey 	 1 	 -7.885639e-10 	 -1.391630e-12
10 	 106 	 Ey 	 1 	 -5.928011e-10 	 -3.630266e-12
10 	 107 	 Ey 	 1 	 -4.109167e-10 	 -3.968071e-12
10 	 108 	 Ey 	 1 	 -2.708725e-10 	 -2.549661e-12
10 	 109 	 Ey 	 1 	 -1.722033e-10 	 -7.036847e-13
10 	 110 	 Ey 	 1 	 -1.088909e-10 	 6.079570e-13
10 	 111 	 Ey 	 1 	 -7.063786e-11 	 1.147689e-12
10 	 112 	 Ey 	 1 	 -4.753163e-11 	 1.262819e-12
10 	 113 	 Ey 	 1 	 2.844092e-10 	 -3.645433e-12
10 	 114 	 Ey 	 1 	 5.178046e-10 	 -5.014855e-12
10 	 115 	 Ey 	 1 	 9.718896e-10 	 -6.639989e-12
10 	 116 	 Ey 	 1 	 1.736012e-09 	 -7.824736e-12
10 	 117 	 Ey 	 1 	 2.291495e-09 	 -6.953717e-12
10 	 118 	 Ey 	 1 	 7.111047e-10 	 -3.071187e-12
10 	 119 	 Ey 	 1 	 -1.831420e-09 	 1.581051e-12
10 	 120 	 Ey 	 1 	 -2.209832e-09 	 2.743022e-12
10 	 121 	 Ey 	 1 	 -1.442989e-09 	 2.470719e-13
10 	 122 	 Ey 	 1 	 -8.347038e-10 	 -2.370147e-12
10 	 123 	 Ey 	 1 	 -4.841021e-10 	 -2.903134e-12
10 	 124 	 Ey 	 1 	 -2.835777e-10 	 -1.842179e-12
10 	 125 	 Ey 	 1 	 -1.662606e-10 	 -3.804081e-13
10 	 126 	 Ey 	 1 	 -9.925449e-11 	 5.708619e-13
10 	 127 	 Ey 	 1 	 -6.183978e-11 	 9.367455e-13
10 	 128 	 Ey 	 1 	 -4.046580e-11 	 9.713420e-13
10 	 129 	 Ey 	 1 	 2.614332e-10 	 -2.052930e-12
10 	 130 	 Ey 	 1 	 5.473216e-10 	 -3.084740e-12
10 	 131 	 Ey 	 1 	 1.295037e-09 	 -4.488038e-12
10 	 132 	 Ey 	 1 	 3.416323e-09 	 -5.703947e-12
10 	 133 	 Ey 	 1 	 8.243441e-09 	 -5.174497e-12
10 	 134 	 Ey 	 1 	 4.651787e-09 	 -1.623444e-12
10 	 135 	 Ey 	 1 	 -9.323946e-09 	 2.311164e-12
10 	 136 	 Ey 	 1 	 -5.849787e-09 	 3.697086e-12
10 	 137 	 Ey 	 1 	 -2.259100e-09 	 1.564760e-12
10 	 138 	 Ey 	 1 	 -9.427706e-10 	 -5.670728e-13
10 	 139 	 Ey 	 1 	 -4.497447e-10 	 -1.075282e-12
10 	 140 	 Ey 	 1 	 -2.335616e-10 	 -4.521262e-13
10 	 141 	 Ey 	 1 	 -1.268410e-10 	 2.627168e-13
10 	 142 	 Ey 	 1 	 -7.218767e-11 	 6.501209e-13
10 	 143 	 Ey 	 1 	 -4.378588e-11 	 7.164470e-13
10 	 144 	 Ey 	 1 	 -2.828943e-11 	 6.463039e-13
10 	 145 	 Ey 	 1 	 1.457576e-10 	 1.689363e-13
10 	 146 	 Ey 	 1 	 3.296742e-10 	 -3.617609e-14
10 	 147 	 Ey 	 1 	 9.225142e-10 	 -4.728538e-13
10 	 148 	 Ey 	 1 	 3.576101e-09 	 -9.891530e-13
10 	 149 	 Ey 	 1 	 2.330426e-08 	 -9.196819e-13
10 	 150 	 Ey 	 1 	 4.316668e-08 	 4.467300e-12
10 	 151 	 Ey 	 1 	 -8.445848e-08 	 3.987681e-12
10 	 152 	 Ey 	 1 	 -9.308114e-09 	 2.548903e-12
10 	 153 	 Ey 	 1 	 -1.851801e-09 	 2.293851e-12
10 	 154 	 Ey 	 1 	 -5.650445e-10 	 1.987016e-12
10 	 155 	 Ey 	 1 	 -2.211621e-10 	 1.853471e-12
10 	 156 	 Ey 	 1 	 -9.928833e-11 	 1.647098e-12
10 	 157 	 Ey 	 1 	 -4.919875e-11 	 1.229693e-12
10 	 158 	 Ey 	 1 	 -2.714447e-11 	 7.881640e-13
10 	 159 	 Ey 	 1 	 -1.667145e-11 	 4.626228e-13
10 	 160 	 Ey 	 1 	 -1.111374e-11 	 2.720220e-13
10 	 161 	 Ey 	 1 	 -2.058932e-11 	 2.633560e-12
10 	 162 	 Ey 	 1 	 -8.064365e-11 	 3.434948e-12
10 	 163 	 Ey 	 1 	 -3.159621e-10 	 4.446381e-12
10 	 164 	 Ey 	 1 	 -1.585102e-09 	 5.236265e-12
10 	 165 	 Ey 	 1 	 -1.540287e-08 	 4.714454e-12
10 	 166 	 Ey 	 1 	 -3.338160e-06 	 3.075680e-10
10 	 167 	 Ey 	 1 	 1.032107e-07 	 -9.114935e-13
10 	 168 	 Ey 	 1 	 5.430143e-09 	 6.344343e-13
10 	 169 	 Ey 	 1 	 9.847528e-10 	 2.950767e-12
10 	 170 	 Ey 	 1 	 3.476640e-10 	 5.275103e-12
10 	 171 	 Ey 	 1 	 1.805021e-10 	 5.677369e-12
10 	 172 	 Ey 	 1 	 1.068977e-10 	 4.268546e-12
10 	 173 	 Ey 	 1 	 6.298608e-11 	 2.294423e-12
10 	 174 	 Ey 	 1 	 3.680610e-11 	 8.556918e-13
10 	 175 	 Ey 	 1 	 2.241046e-11 	 1.471317e-13
10 	 176 	 Ey 	 1 	 1.456296e-11 	 -1.452332e-13
10 	 177 	 Ey 	 1 	 -1.985836e-10 	 4.693675e-12
10 	 178 	 Ey 	 1 	 -4.527008e-10 	 6.290900e-12
10 	 179 	 Ey 	 1 	 -1.212787e-09 	 8.288699e-12
10 	 180 	 Ey 	 1 	 -3.953709e-09 	 1.007695e-11
10 	 181 	 Ey 	 1 	 -1.452480e-08 	 9.224676e-12
10 	 182 	 Ey 	 1 	 -1.410322e-08 	 4.341496e-12
10 	 183 	 Ey 	 1 	 2.326845e-08 	 -3.089851e-13
10 	 184 	 Ey 	 1 	 8.253590e-09 	 -1.050383e-12
10 	 185 	 Ey 	 1 	 2.389242e-09 	 3.580877e-12
10 	 186 	 Ey 	 1 	 9.073124e-10 	 7.967696e-12
10 	 187 	 Ey 	 1 	 4.371487e-10 	 8.575763e-12
10 	 188 	 Ey 	 1 	 2.337874e-10 	 6.130430e-12
10 	 189 	 Ey 	 1 	 1.255587e-10 	 2.835528e-12
10 	 190 	 Ey 	 1 	 6.741255e-11 	 6.457008e-13
10 	 191 	 Ey 	 1 	 3.768789e-11 	 -2.786520e-13
10 	 192 	 Ey 	 1 	 2.224824e-11 	 -5.887983e-13
10 	 193 	 Ey 	 1 	 -2.694583e-10 	 5.948345e-12
10 	 194 	 Ey 	 1 	 -5.323980e-10 	 7.724413e-12
10 	 195 	 Ey 	 1 	 -1.123919e-09 	 9.829794e-12
10 	 196 	 Ey 	 1 	 -2.385904e-09 	 1.144756e-11
10 	 197 	 Ey 	 1 	 -3.953395e-09 	 1.061224e-11
10 	 198 	 Ey 	 1 	 -1.458773e-09 	 5.580850e-12
10 	 199 	 Ey 	 1 	 3.538221e-09 	 -1.575303e-13
10 	 200 	 Ey 	 1 	 3.421431e-09 	 -1.015341e-12
10 	 201 	 Ey 	 1 	 1.827526e-09 	 3.127222e-12
10 	 202 	 Ey 	 1 	 9.380416e-10 	 7.088951e-12
10 	 203 	 Ey 	 1 	 5.144600e-10 	 7.613006e-12
10 	 204 	 Ey 	 1 	 2.924083e-10 	 5.316394e-12
10 	 205 	 Ey 	 1 	 1.655447e-10 	 2.177724e-12
10 	 206 	 Ey 	 1 	 9.436005e-11 	 1.131744e-13
10 	 207 	 Ey 	 1 	 5.592412e-11 	 -7.607847e-13
10 	 208 	 Ey 	 1 	 3.477063e-11 	 -1.007115e-12
10 	 209 	 Ey 	 1 	 -2.614874e-10 	 6.345873e-12
10 	 210 	 Ey 	 1 	 -4.430830e-10 	 7.871037e-12
10 	 211 	 Ey 	 1 	 -7.427340e-10 	 9.419496e-12
10 	 212 	 Ey 	 1 	 -1.124504e-09 	 1.014578e-11
10 	 213 	 Ey 	 1 	 -1.216107e-09 	 8.989008e-12
10 	 214 	 Ey 	 1 	 -3.054546e-10 	 5.296914e-12
10 	 215 	 Ey 	 1 	 8.981108e-10 	 1.192109e-12
10 	 216 	 Ey 	 1 	 1.298247e-09 	 -1.110655e-13
10 	 217 	 Ey 	 1 	 1.025081e-09 	 1.663794e-12
10 	 218 	 Ey 	 1 	 6.788032e-10 	 3.573273e-12
10 	 219 	 Ey 	 1 	 4.300501e-10 	 3.877463e-12
10 	 220 	 Ey 	 1 	 2.682600e-10 	 2.577836e-12
10 	 221 	 Ey 	 1 	 1.653085e-10 	 7.269368e-13
10 	 222 	 Ey 	 1 	 1.021674e-10 	 -6.089710e-13
10 	 223 	 Ey 	 1 	 6.465004e-11 	 -1.201430e-12
10 	 224 	 Ey 	 1 	 4.226017e-11 	 -1.359074e-12
10 	 225 	 Ey 	 1 	 -2.161907e-10 	 6.139417e-12
10 	 226 	 Ey 	 1 	 -3.187534e-10 	 7.217819e-12
10 	 227 	 Ey 	 1 	 -4.440190e-10 	 8.044725e-12
10 	 228 	 Ey 	 1 	 -5.347197e-10 	 8.173454e-12
10 	 229 	 Ey 	 1 	 -4.578767e-10 	 6.975848e-12
10 	 230 	 Ey 	 1 	 -8.922250e-11 	 4.499231e-12
10 	 231 	 Ey 	 1 	 3.169741e-10 	 1.870602e-12
10 	 232 	 Ey 	 1 	 5.504673e-10 	 4.786394e-13
10 	 233 	 Ey 	 1 	 5.445349e-10 	 5.391956e-13
10 	 234 	 Ey 	 1 	 4.333963e-10 	 9.513495e-13
10 	 235 	 Ey 	 1 	 3.132115e-10 	 9.774568e-13
10 	 236 	 Ey 	 1 	 2.159123e-10 	 3.280438e-13
10 	 237 	 Ey 	 1 	 1.452963e-10 	 -5.650149e-13
10 	 238 	 Ey 	 1 	 9.713472e-11 	 -1.234293e-12
10 	 239 	 Ey 	 1 	 6.552595e-11 	 -1.568484e-12
10 	 240 	 Ey 	 1 	 4.500598e-11 	 -1.644650e-12
10 	 241 	 Ey 	 1 	 -1.648986e-10 	 5.667071e-12
10 	 242 	 Ey 	 1 	 -2.166787e-10 	 6.263562e-12
10 	 243 	 Ey 	 1 	 -2.629091e-10 	 6.606604e-12
10 	 244 	 Ey 	 1 	 -2.722488e-10 	 6.394367e-12
10 	 245 	 Ey 	 1 	 -2.031917e-10 	 5.374755e-12
10 	 246 	 Ey 	 1 	 -3.125050e-11 	 3.678400e-12
10 	 247 	 Ey 	 1 	 1.390617e-10 	 1.913750e-12
10 	 248 	 Ey 	 1 	 2.637720e-10 	 5.774983e-13
10 	 249 	 Ey 	 1 	 2.977806e-10 	 -2.953750e-14
10 	 250 	 Ey 	 1 	 2.695251e-10 	 -2.612334e-13
10 	 251 	 Ey 	 1 	 2.171733e-10 	 -5.276858e-13
10 	 252 	 Ey 	 1 	 1.640397e-10 	 -9.435128e-13
10 	 253 	 Ey 	 1 	 1.195349e-10 	 -1.377521e-12
10 	 254 	 Ey 	 1 	 8.566865e-11 	 -1.679727e-12
10 	 255 	 Ey 	 1 	 6.125287e-11 	 -1.850248e-12
10 	 256 	 Ey 	 1 	 4.408616e-11 	 -1.851269e-12
10 	 1 	 Ey 	 2 	 4.057439e-11 	 -8.950293e-12
10 	 2 	 Ey 	 2 	 3.904075e-11 	 -9.395489e-12
10 	 3 	 Ey 	 2 	 3.453246e-11 	 -9.164053e-12
10 	 4 	 Ey 	 2 	 2.696425e-11 	 -8.042862e-12
10 	 5 	 Ey 	 2 	 1.681178e-11 	 -6.004251e-12
10 	 6 	 Ey 	 2 	 2.779488e-12 	 -3.333771e-12
10 	 7 	 Ey 	 2 	 -7.690376e-12 	 -5.945928e-13
10 	 8 	 Ey 	 2 	 -1.993215e-11 	 1.649561e-12
10 	 9 	 Ey 	 2 	 -3.055613e-11 	 3.104779e-12
10 	 10 	 Ey 	 2 	 -3.836454e-11 	 3.845067e-12
10 	 11 	 Ey 	 2 	 -4.262291e-11 	 4.139940e-12
10 	 12 	 Ey 	 2 	 -4.346071e-11 	 4.220204e-12
10 	 13 	 Ey 	 2 	 -4.166296e-11 	 4.174069e-12
10 	 14 	 Ey 	 2 	 -3.821237e-11 	 4.009080e-12
10 	 15 	 Ey 	 2 	 -3.398792e-11 	 3.725735e-12
10 	 16 	 Ey 	 2 	 -2.963766e-11 	 3.351262e-12
10 	 17 	 Ey 	 2 	 5.407060e-11 	 -1.123279e-11
10 	 18 	 Ey 	 2 	 5.371162e-11 	 -1.217336e-11
10 	 19 	 Ey 	 2 	 4.869696e-11 	 -1.226555e-11
10 	 20 	 Ey 	 2 	 3.856863e-11 	 -1.107900e-11
10 	 21 	 Ey 	 2 	 2.402544e-11 	 -8.428953e-12
10 	 22 	 Ey 	 2 	 3.484632e-12 	 -4.734115e-12
10 	 23 	 Ey 	 2 	 -1.249216e-11 	 -1.017735e-12
10 	 24 	 Ey 	 2 	 -3.093806e-11 	 1.658955e-12
10 	 25 	 Ey 	 2 	 -4.679456e-11 	 2.893201e-12
10 	 26 	 Ey 	 2 	 -5.767755e-11 	 3.131554e-12
10 	 27 	 Ey 	 2 	 -6.214771e-11 	 3.119561e-12
10 	 28 	 Ey 	 2 	 -6.087793e-11 	 3.269118e-12
10 	 29 	 Ey 	 2 	 -5.581180e-11 	 3.533327e-12
10 	 30 	 Ey 	 2 	 -4.894261e-11 	 3.682706e-12
10 	 31 	 Ey 	 2 	 -4.174672e-11 	 3.600182e-12
10 	 32 	 Ey 	 2 	 -3.507345e-11 	 3.322112e-12
10 	 33 	 Ey 	 2 	 7.352010e-11 	 -1.375801e-11
10 	 34 	 Ey 	 2 	 7.650069e-11 	 -1.542816e-11
10 	 35 	 Ey 	 2 	 7.220567e-11 	 -1.611376e-11
10 	 36 	 Ey 	 2 	 5.881343e-11 	 -1.503079e-11
10 	 37 	 Ey 	 2 	 3.699489e-11 	 -1.160792e-11
10 	 38 	 Ey 	 2 	 4.729883e-12 	 -6.382611e-12
10 	 39 	 Ey 	 2 	 -2.180463e-11 	 -1.256704e-12
10 	 40 	 Ey 	 2 	 -5.152475e-11 	 1.674819e-12
10 	 41 	 Ey 	 2 	 -7.648816e-11 	 1.808439e-12
10 	 42 	 Ey 	 2 	 -9.178749e-11 	 6.346006e-13
10 	 43 	 Ey 	 2 	 -9.475472e-11 	 1.424362e-14
10 	 44 	 Ey 	 2 	 -8.786292e-11 	 6.070952e-13
10 	 45 	 Ey 	 2 	 -7.583005e-11 	 1.854322e-12
10 	 46 	 Ey 	 2 	 -6.271306e-11 	 2.842558e-12
10 	 47 	 Ey 	 2 	 -5.080979e-11 	 3.231801e-12
10 	 48 	 Ey 	 2 	 -4.089426e-11 	 3.165793e-12
10 	 49 	 Ey 	 2 	 1.016928e-10 	 -1.625775e-11
10 	 50 	 Ey 	 2 	 1.131735e-10 	 -1.887539e-11
10 	 51 	 Ey 	 2 	 1.142202e-10 	 -2.044997e-11
10 	 52 	 Ey 	 2 	 9.860476e-11 	 -1.971201e-11
10 	 53 	 Ey 	 2 	 6.432792e-11 	 -1.540082e-11
10 	 54 	 Ey 	 2 	 8.031888e-12 	 -8.059197e-12
10 	 55 	 Ey 	 2 	 -4.177353e-11 	 -9.407984e-13
10 	 56 	 Ey 	 2 	 -9.315528e-11 	 2.041283e-12
10 	 57 	 Ey 	 2 	 -1.322299e-10 	 -1.492556e-13
10 	 58 	 Ey 	 2 	 -1.509320e-10 	 -3.922285e-12
10 	 59 	 Ey 	 2 	 -1.468425e-10 	 -5.447218e-12
10 	 60 	 Ey 	 2 	 -1.272909e-10 	 -3.871524e-12
10 	 61 	 Ey 	 2 	 -1.021406e-10 	 -7.704323e-13
10 	 62 	 Ey 	 2 	 -7.888346e-11 	 1.622681e-12
10 	 63 	 Ey 	 2 	 -6.037753e-11 	 2.699772e-12
10 	 64 	 Ey 	 2 	 -4.643570e-11 	 2.915825e-12
10 	 65 	 Ey 	 2 	 1.414218e-10 	 -1.830638e-11
10 	 66 	 Ey 	 2 	 1.723678e-10 	 -2.201631e-11
10 	 67 	 Ey 	 2 	 1.923646e-10 	 -2.472395e-11
10 	 68 	 Ey 	 2 	 1.834720e-10 	 -2.456810e-11
10 	 69 	 Ey 	 2 	 1.291324e-10 	 -1.938852e-11
10 	 70 	 Ey 	 2 	 1.874095e-11 	 -9.550145e-12
10 	 71 	 Ey 	 2 	 -8.737826e-11 	 1.141400e-13
10 	 72 	 Ey 	 2 	 -1.808415e-10 	 3.419803e-12
10 	 73 	 Ey 	 2 	 -2.335292e-10 	 -1.086608e-12
10 	 74 	 Ey 	 2 	 -2.430106e-10 	 -7.479889e-12
10 	 75 	 Ey 	 2 	 -2.177495e-10 	 -9.927548e-12
10 	 76 	 Ey 	 2 	 -1.750981e-10 	 -7.540214e-12
10 	 77 	 Ey 	 2 	 -1.308270e-10 	 -2.933742e-12
10 	 78 	 Ey 	 2 	 -9.473677e-11 	 5.848662e-13
10 	 79 	 Ey 	 2 	 -6.872290e-11 	 2.208884e-12
10 	 80 	 Ey 	 2 	 -5.060980e-11 	 2.644132e-12
10 	 81 	 Ey 	 2 	 1.931395e-10 	 -1.933305e-11
10 	 82 	 Ey 	 2 	 2.637958e-10 	 -2.418040e-11
10 	 83 	 Ey 	 2 	 3.365159e-10 	 -2.830187e-11
10 	 84 	 Ey 	 2 	 3.696207e-10 	 -2.920287e-11
10 	 85 	 Ey 	 2 	 2.932082e-10 	 -2.341828e-11
10 	 86 	 Ey 	 2 	 5.367214e-11 	 -1.072829e-11
10 	 87 	 Ey 	 2 	 -2.000957e-10 	 2.215210e-12
10 	 88 	 Ey 	 2 	 -3.758369e-10 	 6.451667e-12
10 	 89 	 Ey 	 2 	 -4.208064e-10 	 2.983380e-13
10 	 90 	 Ey 	 2 	 -3.814938e-10 	 -8.058509e-12
10 	 91 	 Ey 	 2 	 -3.053982e-10 	 -1.124969e-11
10 	 92 	 Ey 	 2 	 -2.245948e-10 	 -8.675637e-12
10 	 93 	 Ey 	 2 	 -1.561239e-10 	 -3.663602e-12
10 	 94 	 Ey 	 2 	 -1.065110e-10 	 1.494331e-13
10 	 95 	 Ey 	 2 	 -7.358110e-11 	 1.919835e-12
10 	 96 	 Ey 	 2 	 -5.208959e-11 	 2.404415e-12
10 	 97 	 Ey 	 2 	 2.494291e-10 	 -1.862064e-11
10 	 98 	 Ey 	 2 	 3.899182e-10 	 -2.440457e-11
10 	 99 	 Ey 	 2 	 5.904683e-10 	 -3.014769e-11
10 	 100 	 Ey 	 2 	 7.910391e-10 	 -3.280486e-11
10 	 101 	 Ey 	 2 	 7.567376e-10 	 -2.704686e-11
10 	 102 	 Ey 	 2 	 1.756144e-10 	 -1.126298e-11
10 	 103 	 Ey 	 2 	 -5.343044e-10 	 5.676081e-12
10 	 104 	 Ey 	 2 	 -8.608735e-10 	 1.115700e-11
10 	 105 	 Ey 	 2 	 -7.812674e-10 	 3.120242e-12
10 	 106 	 Ey 	 2 	 -5.852266e-10 	 -7.146280e-12
10 	 107 	 Ey 	 2 	 -4.047967e-10 	 -1.089543e-11
10 	 108 	 Ey 	 2 	 -2.674677e-10 	 -8.286191e-12
10 	 109 	 Ey 	 2 	 -1.715989e-10 	 -3.349024e-12
10 	 110 	 Ey 	 2 	 -1.100860e-10 	 2.563624e-13
10 	 111 	 Ey 	 2 	 -7.256334e-11 	 1.831928e-12
10 	 112 	 Ey 	 2 	 -4.956771e-11 	 2.191830e-12
10 	 113 	 Ey 	 2 	 2.864165e-10 	 -1.536298e-11
10 	 114 	 Ey 	 2 	 5.198525e-10 	 -2.126951e-11
10 	 115 	 Ey 	 2 	 9.738956e-10 	 -2.805518e-11
10 	 116 	 Ey 	 2 	 1.738041e-09 	 -3.246937e-11
10 	 117 	 Ey 	 2 	 2.293770e-09 	 -2.750732e-11
10 	 118 	 Ey 	 2 	 7.136029e-10 	 -1.023082e-11
10 	 119 	 Ey 	 2 	 -1.828631e-09 	 8.998012e-12
10 	 120 	 Ey 	 2 	 -2.205963e-09 	 1.540184e-11
10 	 121 	 Ey 	 2 	 -1.437796e-09 	 6.081202e-12
10 	 122 	 Ey 	 2 	 -8.292512e-10 	 -5.128739e-12
10 	 123 	 Ey 	 2 	 -4.798155e-10 	 -8.851905e-12
10 	 124 	 Ey 	 2 	 -2.813663e-10 	 -6.371931e-12
10 	 125 	 Ey 	 2 	 -1.661224e-10 	 -2.057303e-12
10 	 126 	 Ey 	 2 	 -1.003688e-10 	 8.250796e-13
10 	 127 	 Ey 	 2 	 -6.340615e-11 	 1.886196e-12
10 	 128 	 Ey 	 2 	 -4.205092e-11 	 1.968995e-12
10 	 129 	 Ey 	 2 	 2.617030e-10 	 -9.064628e-12
10 	 130 	 Ey 	 2 	 5.474728e-10 	 -1.341207e-11
10 	 131 	 Ey 	 2 	 1.295025e-09 	 -1.909143e-11
10 	 132 	 Ey 	 2 	 3.416173e-09 	 -2.324879e-11
10 	 133 	 Ey 	 2 	 8.243098e-09 	 -1.794328e-11
10 	 134 	 Ey 	 2 	 4.651923e-09 	 -4.367586e-12
10 	 135 	 Ey 	 2 	 -9.322103e-09 	 5.595176e-12
10 	 136 	 Ey 	 2 	 -5.847766e-09 	 1.362599e-11
10 	 137 	 Ey 	 2 	 -2.256586e-09 	 7.173963e-12
10 	 138 	 Ey 	 2 	 -9.403173e-10 	 -1.431148e-12
10 	 139 	 Ey 	 2 	 -4.481387e-10 	 -3.852439e-12
10 	 140 	 Ey 	 2 	 -2.331528e-10 	 -2.035886e-12
10 	 141 	 Ey 	 2 	 -1.274370e-10 	 5.354190e-13
10 	 142 	 Ey 	 2 	 -7.326894e-11 	 1.867263e-12
10 	 143 	 Ey 	 2 	 -4.493623e-11 	 2.017972e-12
10 	 144 	 Ey 	 2 	 -2.933045e-11 	 1.680411e-12
10 	 145 	 Ey 	 2 	 1.440534e-10 	 -1.612140e-13
10 	 146 	 Ey 	 2 	 3.276292e-10 	 -9.727016e-13
10 	 147 	 Ey 	 2 	 9.201256e-10 	 -2.558813e-12
10 	 148 	 Ey 	 2 	 3.573348e-09 	 -3.527176e-12
10 	 149 	 Ey 	 2 	 2.329937e-08 	 6.699910e-12
10 	 150 	 Ey 	 2 	 4.315914e-08 	 3.888155e-11
10 	 151 	 Ey 	 2 	 -8.444879e-08 	 -2.934866e-11
10 	 152 	 Ey 	 2 	 -9.307874e-09 	 3.140159e-12
10 	 153 	 Ey 	 2 	 -1.852779e-09 	 5.607747e-12
10 	 154 	 Ey 	 2 	 -5.668318e-10 	 4.803662e-12
10 	 155 	 Ey 	 2 	 -2.233571e-10 	 5.107049e-12
10 	 156 	 Ey 	 2 	 -1.013647e-10 	 5.218387e-12
10 	 157 	 Ey 	 2 	 -5.077549e-11 	 4.476360e-12
10 	 158 	 Ey 	 2 	 -2.817793e-11 	 3.252929e-12
10 	 159 	 Ey 	 2 	 -1.732187e-11 	 2.104778e-12
10 	 160 	 Ey 	 2 	 -1.153273e-11 	 1.260537e-12
10 	 161 	 Ey 	 2 	 -2.422721e-11 	 9.622792e-12
10 	 162 	 Ey 	 2 	 -8.476402e-11 	 1.335163e-11
10 	 163 	 Ey 	 2 	 -3.205557e-10 	 1.761227e-11
10 	 164 	 Ey 	 2 	 -1.589910e-09 	 1.981293e-11
10 	 165 	 Ey 	 2 	 -1.540569e-08 	 9.595966e-12
10 	 166 	 Ey 	 2 	 -3.337717e-06 	 -5.209191e-10
10 	 167 	 Ey 	 2 	 1.031943e-07 	 4.374878e-11
10 	 168 	 Ey 	 2 	 5.426033e-09 	 -2.425046e-12
10 	 169 	 Ey 	 2 	 9.792044e-10 	 3.781579e-12
10 	 170 	 Ey 	 2 	 3.406011e-10 	 1.355916e-11
10 	 171 	 Ey 	 2 	 1.736100e-10 	 1.706809e-11
10 	 172 	 Ey 	 2 	 1.018714e-10 	 1.426562e-11
10 	 173 	 Ey 	 2 	 6.038661e-11 	 8.880095e-12
10 	 174 	 Ey 	 2 	 3.593557e-11 	 4.463176e-12
10 	 175 	 Ey 	 2 	 2.237000e-11 	 1.923421e-12
10 	 176 	 Ey 	 2 	 1.483535e-11 	 6.436713e-13
10 	 177 	 Ey 	 2 	 -2.038286e-10 	 1.772812e-11
10 	 178 	 Ey 	 2 	 -4.584708e-10 	 2.500287e-11
10 	 179 	 Ey 	 2 	 -1.218884e-09 	 3.383219e-11
10 	 180 	 Ey 	 2 	 -3.959878e-09 	 3.959017e-11
10 	 181 	 Ey 	 2 	 -1.452972e-08 	 2.861946e-11
10 	 182 	 Ey 	 2 	 -1.410706e-08 	 5.350235e-12
10 	 183 	 Ey 	 2 	 2.326085e-08 	 3.420386e-13
10 	 184 	 Ey 	 2 	 8.246438e-09 	 -1.335409e-11
10 	 185 	 Ey 	 2 	 2.379392e-09 	 1.336316e-12
10 	 186 	 Ey 	 2 	 8.955836e-10 	 2.004407e-11
10 	 187 	 Ey 	 2 	 4.263611e-10 	 2.581807e-11
10 	 188 	 Ey 	 2 	 2.264971e-10 	 2.043635e-11
10 	 189 	 Ey 	 2 	 1.224196e-10 	 1.123059e-11
10 	 190 	 Ey 	 2 	 6.694206e-11 	 4.490544e-12
10 	 191 	 Ey 	 2 	 3.832431e-11 	 1.162828e-12
10 	 192 	 Ey 	 2 	 2.321228e-11 	 -2.444766e-13
10 	 193 	 Ey 	 2 	 -2.758775e-10 	 2.233570e-11
10 	 194 	 Ey 	 2 	 -5.392612e-10 	 3.059950e-11
10 	 195 	 Ey 	 2 	 -1.130920e-09 	 4.010898e-11
10 	 196 	 Ey 	 2 	 -2.392907e-09 	 4.636360e-11
10 	 197 	 Ey 	 2 	 -3.960452e-09 	 3.912182e-11
10 	 198 	 Ey 	 2 	 -1.465506e-09 	 1.486998e-11
10 	 199 	 Ey 	 2 	 3.531434e-09 	 -1.106347e-11
10 	 200 	 Ey 	 2 	 3.412920e-09 	 -1.923257e-11
10 	 201 	 Ey 	 2 	 1.816378e-09 	 -3.698126e-12
10 	 202 	 Ey 	 2 	 9.258211e-10 	 1.480941e-11
10 	 203 	 Ey 	 2 	 5.038066e-10 	 2.127051e-11
10 	 204 	 Ey 	 2 	 2.855571e-10 	 1.698021e-11
10 	 205 	 Ey 	 2 	 1.629858e-10 	 8.765363e-12
10 	 206 	 Ey 	 2 	 9.453059e-11 	 2.701442e-12
10 	 207 	 Ey 	 2 	 5.720129e-11 	 -2.027961e-13
10 	 208 	 Ey 	 2 	 3.634533e-11 	 -1.316939e-12
10 	 209 	 Ey 	 2 	 -2.686273e-10 	 2.316733e-11
10 	 210 	 Ey 	 2 	 -4.506287e-10 	 3.013647e-11
10 	 211 	 Ey 	 2 	 -7.503800e-10 	 3.700541e-11
10 	 212 	 Ey 	 2 	 -1.132020e-09 	 3.994855e-11
10 	 213 	 Ey 	 2 	 -1.223529e-09 	 3.273531e-11
10 	 214 	 Ey 	 2 	 -3.126516e-10 	 1.356786e-11
10 	 215 	 Ey 	 2 	 8.910096e-10 	 -7.362525e-12
10 	 216 	 Ey 	 2 	 1.290308e-09 	 -1.567954e-11
10 	 217 	 Ey 	 2 	 1.016128e-09 	 -8.656335e-12
10 	 218 	 Ey 	 2 	 6.700888e-10 	 2.279146e-12
10 	 219 	 Ey 	 2 	 4.230265e-10 	 7.742773e-12
10 	 220 	 Ey 	 2 	 2.641227e-10 	 6.837779e-12
10 	 221 	 Ey 	 2 	 1.642010e-10 	 3.014502e-12
10 	 222 	 Ey 	 2 	 1.030822e-10 	 -2.300793e-13
10 	 223 	 Ey 	 2 	 6.646859e-11 	 -1.876228e-12
10 	 224 	 Ey 	 2 	 4.432623e-11 	 -2.425936e-12
10 	 225 	 Ey 	 2 	 -2.236223e-10 	 2.133307e-11
10 	 226 	 Ey 	 2 	 -3.265233e-10 	 2.613699e-11
10 	 227 	 Ey 	 2 	 -4.518335e-10 	 2.983894e-11
10 	 228 	 Ey 	 2 	 -5.423282e-10 	 2.989426e-11
10 	 229 	 Ey 	 2 	 -4.650860e-10 	 2.341078e-11
10 	 230 	 Ey 	 2 	 -9.594425e-11 	 1.055448e-11
10 	 231 	 Ey 	 2 	 3.107047e-10 	 -3.082855e-12
10 	 232 	 Ey 	 2 	 5.443522e-10 	 -1.042683e-11
10 	 233 	 Ey 	 2 	 5.386762e-10 	 -9.715980e-12
10 	 234 	 Ey 	 2 	 4.284159e-10 	 -5.336270e-12
10 	 235 	 Ey 	 2 	 3.097105e-10 	 -1.962614e-12
10 	 236 	 Ey 	 2 	 2.143551e-10 	 -1.155332e-12
10 	 237 	 Ey 	 2 	 1.456027e-10 	 -1.952151e-12
10 	 238 	 Ey 	 2 	 9.876079e-11 	 -2.922688e-12
10 	 239 	 Ey 	 2 	 6.779799e-11 	 -3.392871e-12
10 	 240 	 Ey 	 2 	 4.745915e-11 	 -3.388902e-12
10 	 241 	 Ey 	 2 	 -1.722577e-10 	 1.826382e-11
10 	 242 	 Ey 	 2 	 -2.242842e-10 	 2.114870e-11
10 	 243 	 Ey 	 2 	 -2.704613e-10 	 2.266302e-11
10 	 244 	 Ey 	 2 	 -2.794632e-10 	 2.138631e-11
10 	 245 	 Ey 	 2 	 -2.098006e-10 	 1.623823e-11
10 	 246 	 Ey 	 2 	 -3.709483e-11 	 7.836387e-12
10 	 247 	 Ey 	 2 	 1.340236e-10 	 -9.364366e-13
10 	 248 	 Ey 	 2 	 2.595238e-10 	 -6.807192e-12
10 	 249 	 Ey 	 2 	 2.943699e-10 	 -8.578165e-12
10 	 250 	 Ey 	 2 	 2.671565e-10 	 -7.653597e-12
10 	 251 	 Ey 	 2 	 2.160700e-10 	 -6.139860e-12
10 	 252 	 Ey 	 2 	 1.642537e-10 	 -5.183308e-12
10 	 253 	 Ey 	 2 	 1.209295e-10 	 -4.836336e-12
10 	 254 	 Ey 	 2 	 8.789628e-11 	 -4.697951e-12
10 	 255 	 Ey 	 2 	 6.390209e-11 	 -4.468381e-12
10 	 256 	 Ey 	 2 	 4.684768e-11 	 -4.092086e-12
