iTx 	 iRx    chrec  ifreq 	 emf_real 	 emf_imag
9 	 1 	 Ex 	 1 	 -9.029871e-11 	 2.494572e-11
9 	 2 	 Ex 	 1 	 -1.139920e-10 	 2.459609e-11
9 	 3 	 Ex 	 1 	 -8.938307e-11 	 2.370197e-11
9 	 4 	 Ex 	 1 	 -7.928781e-11 	 2.235916e-11
9 	 5 	 Ex 	 1 	 -6.482822e-11 	 2.092241e-11
9 	 6 	 Ex 	 1 	 -4.867386e-11 	 1.961055e-11
9 	 7 	 Ex 	 1 	 -3.328182e-11 	 1.862981e-11
9 	 8 	 Ex 	 1 	 -2.024149e-11 	 1.784393e-11
9 	 9 	 Ex 	 1 	 -1.046127e-11 	 1.698938e-11
9 	 10 	 Ex 	 1 	 -4.028535e-12 	 1.576870e-11
9 	 11 	 Ex 	 1 	 -3.383547e-13 	 1.413431e-11
9 	 12 	 Ex 	 1 	 1.494036e-12 	 1.228753e-11
9 	 13 	 Ex 	 1 	 2.206083e-12 	 1.047588e-11
9 	 14 	 Ex 	 1 	 2.338640e-12 	 8.808284e-12
9 	 15 	 Ex 	 1 	 2.220710e-12 	 7.263723e-12
9 	 16 	 Ex 	 1 	 2.018133e-12 	 5.854720e-12
9 	 17 	 Ex 	 1 	 -1.166355e-10 	 3.144702e-11
9 	 18 	 Ex 	 1 	 -1.473493e-10 	 3.099989e-11
9 	 19 	 Ex 	 1 	 -1.156422e-10 	 2.961647e-11
9 	 20 	 Ex 	 1 	 -9.954593e-11 	 2.749263e-11
9 	 21 	 Ex 	 1 	 -7.707145e-11 	 2.515840e-11
9 	 22 	 Ex 	 1 	 -5.328834e-11 	 2.320140e-11
9 	 23 	 Ex 	 1 	 -3.191476e-11 	 2.192577e-11
9 	 24 	 Ex 	 1 	 -1.479222e-11 	 2.117936e-11
9 	 25 	 Ex 	 1 	 -2.859600e-12 	 2.033223e-11
9 	 26 	 Ex 	 1 	 3.882349e-12 	 1.886776e-11
9 	 27 	 Ex 	 1 	 6.770750e-12 	 1.681222e-11
9 	 28 	 Ex 	 1 	 7.409118e-12 	 1.449426e-11
9 	 29 	 Ex 	 1 	 6.945985e-12 	 1.219351e-11
9 	 30 	 Ex 	 1 	 6.064529e-12 	 1.001827e-11
9 	 31 	 Ex 	 1 	 5.127862e-12 	 8.074723e-12
9 	 32 	 Ex 	 1 	 4.251062e-12 	 6.517891e-12
9 	 33 	 Ex 	 1 	 -1.554045e-10 	 4.033598e-11
9 	 34 	 Ex 	 1 	 -1.967985e-10 	 3.986803e-11
9 	 35 	 Ex 	 1 	 -1.537686e-10 	 3.779687e-11
9 	 36 	 Ex 	 1 	 -1.266151e-10 	 3.436203e-11
9 	 37 	 Ex 	 1 	 -9.066645e-11 	 3.045909e-11
9 	 38 	 Ex 	 1 	 -5.576538e-11 	 2.719874e-11
9 	 39 	 Ex 	 1 	 -2.708243e-11 	 2.529177e-11
9 	 40 	 Ex 	 1 	 -5.422288e-12 	 2.462651e-11
9 	 41 	 Ex 	 1 	 8.564855e-12 	 2.401700e-11
9 	 42 	 Ex 	 1 	 1.495989e-11 	 2.233489e-11
9 	 43 	 Ex 	 1 	 1.631209e-11 	 1.984363e-11
9 	 44 	 Ex 	 1 	 1.520236e-11 	 1.704501e-11
9 	 45 	 Ex 	 1 	 1.303175e-11 	 1.410467e-11
9 	 46 	 Ex 	 1 	 1.066060e-11 	 1.127320e-11
9 	 47 	 Ex 	 1 	 8.556623e-12 	 8.921576e-12
9 	 48 	 Ex 	 1 	 6.809192e-12 	 7.157793e-12
9 	 49 	 Ex 	 1 	 -2.155926e-10 	 5.269585e-11
9 	 50 	 Ex 	 1 	 -2.739063e-10 	 5.245088e-11
9 	 51 	 Ex 	 1 	 -2.101568e-10 	 4.955185e-11
9 	 52 	 Ex 	 1 	 -1.608051e-10 	 4.409851e-11
9 	 53 	 Ex 	 1 	 -1.018973e-10 	 3.750287e-11
9 	 54 	 Ex 	 1 	 -5.214162e-11 	 3.187968e-11
9 	 55 	 Ex 	 1 	 -1.650395e-11 	 2.853799e-11
9 	 56 	 Ex 	 1 	 8.321069e-12 	 2.768794e-11
9 	 57 	 Ex 	 1 	 2.344257e-11 	 2.753606e-11
9 	 58 	 Ex 	 1 	 2.882337e-11 	 2.585019e-11
9 	 59 	 Ex 	 1 	 2.836844e-11 	 2.311144e-11
9 	 60 	 Ex 	 1 	 2.528001e-11 	 1.993716e-11
9 	 61 	 Ex 	 1 	 2.083438e-11 	 1.624765e-11
9 	 62 	 Ex 	 1 	 1.625186e-11 	 1.259815e-11
9 	 63 	 Ex 	 1 	 1.249305e-11 	 9.811836e-12
9 	 64 	 Ex 	 1 	 9.665029e-12 	 7.724031e-12
9 	 65 	 Ex 	 1 	 -3.169060e-10 	 7.004190e-11
9 	 66 	 Ex 	 1 	 -4.050864e-10 	 7.052493e-11
9 	 67 	 Ex 	 1 	 -2.974866e-10 	 6.663389e-11
9 	 68 	 Ex 	 1 	 -1.994059e-10 	 5.821566e-11
9 	 69 	 Ex 	 1 	 -1.012128e-10 	 4.731741e-11
9 	 70 	 Ex 	 1 	 -3.387123e-11 	 3.778173e-11
9 	 71 	 Ex 	 1 	 4.793335e-12 	 3.182977e-11
9 	 72 	 Ex 	 1 	 2.780364e-11 	 3.002055e-11
9 	 73 	 Ex 	 1 	 4.107739e-11 	 3.014001e-11
9 	 74 	 Ex 	 1 	 4.484839e-11 	 2.882067e-11
9 	 75 	 Ex 	 1 	 4.273116e-11 	 2.624528e-11
9 	 76 	 Ex 	 1 	 3.765874e-11 	 2.293470e-11
9 	 77 	 Ex 	 1 	 3.035141e-11 	 1.853879e-11
9 	 78 	 Ex 	 1 	 2.273747e-11 	 1.401156e-11
9 	 79 	 Ex 	 1 	 1.685449e-11 	 1.065505e-11
9 	 80 	 Ex 	 1 	 1.272337e-11 	 8.200058e-12
9 	 81 	 Ex 	 1 	 -5.072592e-10 	 9.495305e-11
9 	 82 	 Ex 	 1 	 -6.607477e-10 	 9.690594e-11
9 	 83 	 Ex 	 1 	 -4.463997e-10 	 9.151175e-11
9 	 84 	 Ex 	 1 	 -2.311928e-10 	 7.832972e-11
9 	 85 	 Ex 	 1 	 -6.399388e-11 	 6.092575e-11
9 	 86 	 Ex 	 1 	 1.841051e-11 	 4.548566e-11
9 	 87 	 Ex 	 1 	 4.806302e-11 	 3.568829e-11
9 	 88 	 Ex 	 1 	 5.870797e-11 	 3.199749e-11
9 	 89 	 Ex 	 1 	 6.396628e-11 	 3.190467e-11
9 	 90 	 Ex 	 1 	 6.366330e-11 	 3.105275e-11
9 	 91 	 Ex 	 1 	 5.888334e-11 	 2.887526e-11
9 	 92 	 Ex 	 1 	 5.119352e-11 	 2.558457e-11
9 	 93 	 Ex 	 1 	 4.055173e-11 	 2.063713e-11
9 	 94 	 Ex 	 1 	 2.956846e-11 	 1.534111e-11
9 	 95 	 Ex 	 1 	 2.135974e-11 	 1.140030e-11
9 	 96 	 Ex 	 1 	 1.579358e-11 	 8.616025e-12
9 	 97 	 Ex 	 1 	 -9.118685e-10 	 1.323338e-10
9 	 98 	 Ex 	 1 	 -1.257371e-09 	 1.372066e-10
9 	 99 	 Ex 	 1 	 -7.216974e-10 	 1.284526e-10
9 	 100 	 Ex 	 1 	 -1.938904e-10 	 1.066762e-10
9 	 101 	 Ex 	 1 	 8.143019e-11 	 7.884376e-11
9 	 102 	 Ex 	 1 	 1.451389e-10 	 5.502682e-11
9 	 103 	 Ex 	 1 	 1.307613e-10 	 4.002346e-11
9 	 104 	 Ex 	 1 	 1.083769e-10 	 3.394881e-11
9 	 105 	 Ex 	 1 	 9.540193e-11 	 3.331575e-11
9 	 106 	 Ex 	 1 	 8.610485e-11 	 3.271935e-11
9 	 107 	 Ex 	 1 	 7.620886e-11 	 3.083946e-11
9 	 108 	 Ex 	 1 	 6.470596e-11 	 2.761151e-11
9 	 109 	 Ex 	 1 	 5.034699e-11 	 2.230970e-11
9 	 110 	 Ex 	 1 	 3.605704e-11 	 1.642890e-11
9 	 111 	 Ex 	 1 	 2.560481e-11 	 1.198416e-11
9 	 112 	 Ex 	 1 	 1.864444e-11 	 8.970317e-12
9 	 113 	 Ex 	 1 	 -1.866369e-09 	 1.930286e-10
9 	 114 	 Ex 	 1 	 -3.046487e-09 	 2.050649e-10
9 	 115 	 Ex 	 1 	 -1.168290e-09 	 1.861261e-10
9 	 116 	 Ex 	 1 	 2.235445e-10 	 1.460408e-10
9 	 117 	 Ex 	 1 	 5.189377e-10 	 1.012542e-10
9 	 118 	 Ex 	 1 	 4.092460e-10 	 6.593460e-11
9 	 119 	 Ex 	 1 	 2.682969e-10 	 4.473176e-11
9 	 120 	 Ex 	 1 	 1.789238e-10 	 3.592045e-11
9 	 121 	 Ex 	 1 	 1.347200e-10 	 3.454885e-11
9 	 122 	 Ex 	 1 	 1.110044e-10 	 3.396760e-11
9 	 123 	 Ex 	 1 	 9.349143e-11 	 3.222041e-11
9 	 124 	 Ex 	 1 	 7.710535e-11 	 2.902250e-11
9 	 125 	 Ex 	 1 	 5.889816e-11 	 2.348648e-11
9 	 126 	 Ex 	 1 	 4.160389e-11 	 1.717551e-11
9 	 127 	 Ex 	 1 	 2.919581e-11 	 1.238932e-11
9 	 128 	 Ex 	 1 	 2.102070e-11 	 9.265005e-12
9 	 129 	 Ex 	 1 	 -3.576976e-09 	 3.071297e-10
9 	 130 	 Ex 	 1 	 -1.132732e-08 	 3.454542e-10
9 	 131 	 Ex 	 1 	 -3.214217e-10 	 2.842480e-10
9 	 132 	 Ex 	 1 	 2.302681e-09 	 1.980247e-10
9 	 133 	 Ex 	 1 	 1.551880e-09 	 1.260545e-10
9 	 134 	 Ex 	 1 	 8.424870e-10 	 7.685319e-11
9 	 135 	 Ex 	 1 	 4.497505e-10 	 4.921160e-11
9 	 136 	 Ex 	 1 	 2.598245e-10 	 3.780675e-11
9 	 137 	 Ex 	 1 	 1.755002e-10 	 3.564625e-11
9 	 138 	 Ex 	 1 	 1.345951e-10 	 3.487732e-11
9 	 139 	 Ex 	 1 	 1.084136e-10 	 3.305600e-11
9 	 140 	 Ex 	 1 	 8.693708e-11 	 2.980310e-11
9 	 141 	 Ex 	 1 	 6.527575e-11 	 2.411820e-11
9 	 142 	 Ex 	 1 	 4.560943e-11 	 1.756930e-11
9 	 143 	 Ex 	 1 	 3.175570e-11 	 1.261251e-11
9 	 144 	 Ex 	 1 	 2.270788e-11 	 9.462455e-12
9 	 145 	 Ex 	 1 	 3.194030e-08 	 5.615234e-10
9 	 146 	 Ex 	 1 	 -1.149238e-07 	 8.419291e-10
9 	 147 	 Ex 	 1 	 2.651355e-08 	 4.510768e-10
9 	 148 	 Ex 	 1 	 8.259644e-09 	 2.512163e-10
9 	 149 	 Ex 	 1 	 3.036931e-09 	 1.465539e-10
9 	 150 	 Ex 	 1 	 1.292788e-09 	 8.525294e-11
9 	 151 	 Ex 	 1 	 6.088590e-10 	 5.279522e-11
9 	 152 	 Ex 	 1 	 3.247641e-10 	 3.953619e-11
9 	 153 	 Ex 	 1 	 2.066580e-10 	 3.662862e-11
9 	 154 	 Ex 	 1 	 1.515016e-10 	 3.541362e-11
9 	 155 	 Ex 	 1 	 1.179968e-10 	 3.328328e-11
9 	 156 	 Ex 	 1 	 9.241986e-11 	 2.988195e-11
9 	 157 	 Ex 	 1 	 6.843474e-11 	 2.416180e-11
9 	 158 	 Ex 	 1 	 4.750902e-11 	 1.759053e-11
9 	 159 	 Ex 	 1 	 3.299468e-11 	 1.264282e-11
9 	 160 	 Ex 	 1 	 2.353902e-11 	 9.564447e-12
9 	 161 	 Ex 	 1 	 1.486426e-07 	 7.133885e-10
9 	 162 	 Ex 	 1 	 -9.554707e-07 	 2.024772e-09
9 	 163 	 Ex 	 1 	 6.170480e-08 	 5.208830e-10
9 	 164 	 Ex 	 1 	 1.093131e-08 	 2.649564e-10
9 	 165 	 Ex 	 1 	 3.503083e-09 	 1.517051e-10
9 	 166 	 Ex 	 1 	 1.421474e-09 	 8.823214e-11
9 	 167 	 Ex 	 1 	 6.578745e-10 	 5.496002e-11
9 	 168 	 Ex 	 1 	 3.489513e-10 	 4.109132e-11
9 	 169 	 Ex 	 1 	 2.203506e-10 	 3.750033e-11
9 	 170 	 Ex 	 1 	 1.586829e-10 	 3.554749e-11
9 	 171 	 Ex 	 1 	 1.208757e-10 	 3.281121e-11
9 	 172 	 Ex 	 1 	 9.294090e-11 	 2.910809e-11
9 	 173 	 Ex 	 1 	 6.824346e-11 	 2.350178e-11
9 	 174 	 Ex 	 1 	 4.748110e-11 	 1.723816e-11
9 	 175 	 Ex 	 1 	 3.318024e-11 	 1.252984e-11
9 	 176 	 Ex 	 1 	 2.379814e-11 	 9.558378e-12
9 	 177 	 Ex 	 1 	 -1.831463e-09 	 3.941530e-10
9 	 178 	 Ex 	 1 	 -2.667568e-08 	 4.728996e-10
9 	 179 	 Ex 	 1 	 4.100046e-09 	 3.481394e-10
9 	 180 	 Ex 	 1 	 4.456197e-09 	 2.229766e-10
9 	 181 	 Ex 	 1 	 2.210479e-09 	 1.385809e-10
9 	 182 	 Ex 	 1 	 1.069028e-09 	 8.516541e-11
9 	 183 	 Ex 	 1 	 5.453453e-10 	 5.558957e-11
9 	 184 	 Ex 	 1 	 3.093738e-10 	 4.241167e-11
9 	 185 	 Ex 	 1 	 2.033404e-10 	 3.804261e-11
9 	 186 	 Ex 	 1 	 1.476385e-10 	 3.500725e-11
9 	 187 	 Ex 	 1 	 1.114114e-10 	 3.146650e-11
9 	 188 	 Ex 	 1 	 8.465514e-11 	 2.739518e-11
9 	 189 	 Ex 	 1 	 6.206634e-11 	 2.214312e-11
9 	 190 	 Ex 	 1 	 4.367761e-11 	 1.656744e-11
9 	 191 	 Ex 	 1 	 3.090351e-11 	 1.226103e-11
9 	 192 	 Ex 	 1 	 2.233969e-11 	 9.436982e-12
9 	 193 	 Ex 	 1 	 -2.622630e-09 	 2.328350e-10
9 	 194 	 Ex 	 1 	 -5.150949e-09 	 2.508103e-10
9 	 195 	 Ex 	 1 	 -1.285307e-09 	 2.204657e-10
9 	 196 	 Ex 	 1 	 7.755260e-10 	 1.673260e-10
9 	 197 	 Ex 	 1 	 8.821739e-10 	 1.163385e-10
9 	 198 	 Ex 	 1 	 5.970539e-10 	 7.823941e-11
9 	 199 	 Ex 	 1 	 3.696879e-10 	 5.474014e-11
9 	 200 	 Ex 	 1 	 2.385249e-10 	 4.293251e-11
9 	 201 	 Ex 	 1 	 1.686229e-10 	 3.761644e-11
9 	 202 	 Ex 	 1 	 1.257930e-10 	 3.355911e-11
9 	 203 	 Ex 	 1 	 9.530855e-11 	 2.936194e-11
9 	 204 	 Ex 	 1 	 7.217321e-11 	 2.503190e-11
9 	 205 	 Ex 	 1 	 5.339573e-11 	 2.029444e-11
9 	 206 	 Ex 	 1 	 3.851892e-11 	 1.563187e-11
9 	 207 	 Ex 	 1 	 2.785723e-11 	 1.188146e-11
9 	 208 	 Ex 	 1 	 2.042352e-11 	 9.235934e-12
9 	 209 	 Ex 	 1 	 -1.236818e-09 	 1.545520e-10
9 	 210 	 Ex 	 1 	 -1.820655e-09 	 1.608399e-10
9 	 211 	 Ex 	 1 	 -9.204482e-10 	 1.487624e-10
9 	 212 	 Ex 	 1 	 -1.135857e-10 	 1.232117e-10
9 	 213 	 Ex 	 1 	 2.160712e-10 	 9.419437e-11
9 	 214 	 Ex 	 1 	 2.526193e-10 	 6.926153e-11
9 	 215 	 Ex 	 1 	 2.059017e-10 	 5.197110e-11
9 	 216 	 Ex 	 1 	 1.575762e-10 	 4.177725e-11
9 	 217 	 Ex 	 1 	 1.225780e-10 	 3.584079e-11
9 	 218 	 Ex 	 1 	 9.611440e-11 	 3.122647e-11
9 	 219 	 Ex 	 1 	 7.476694e-11 	 2.684391e-11
9 	 220 	 Ex 	 1 	 5.746854e-11 	 2.256710e-11
9 	 221 	 Ex 	 1 	 4.338603e-11 	 1.840408e-11
9 	 222 	 Ex 	 1 	 3.222212e-11 	 1.459952e-11
9 	 223 	 Ex 	 1 	 2.389353e-11 	 1.138583e-11
9 	 224 	 Ex 	 1 	 1.783146e-11 	 8.905454e-12
9 	 225 	 Ex 	 1 	 -6.445284e-10 	 1.096943e-10
9 	 226 	 Ex 	 1 	 -8.660209e-10 	 1.121921e-10
9 	 227 	 Ex 	 1 	 -5.502478e-10 	 1.059368e-10
9 	 228 	 Ex 	 1 	 -2.387101e-10 	 9.226105e-11
9 	 229 	 Ex 	 1 	 -2.506046e-11 	 7.542370e-11
9 	 230 	 Ex 	 1 	 6.678007e-11 	 5.964480e-11
9 	 231 	 Ex 	 1 	 9.003006e-11 	 4.736718e-11
9 	 232 	 Ex 	 1 	 8.734601e-11 	 3.884483e-11
9 	 233 	 Ex 	 1 	 7.738373e-11 	 3.300159e-11
9 	 234 	 Ex 	 1 	 6.552690e-11 	 2.839454e-11
9 	 235 	 Ex 	 1 	 5.359582e-11 	 2.423998e-11
9 	 236 	 Ex 	 1 	 4.267755e-11 	 2.032583e-11
9 	 237 	 Ex 	 1 	 3.324723e-11 	 1.669362e-11
9 	 238 	 Ex 	 1 	 2.547393e-11 	 1.348369e-11
9 	 239 	 Ex 	 1 	 1.938221e-11 	 1.076059e-11
9 	 240 	 Ex 	 1 	 1.475065e-11 	 8.514045e-12
9 	 241 	 Ex 	 1 	 -3.783396e-10 	 8.125306e-11
9 	 242 	 Ex 	 1 	 -4.916960e-10 	 8.232732e-11
9 	 243 	 Ex 	 1 	 -3.451260e-10 	 7.856165e-11
9 	 244 	 Ex 	 1 	 -2.125866e-10 	 7.067562e-11
9 	 245 	 Ex 	 1 	 -9.329500e-11 	 6.057646e-11
9 	 246 	 Ex 	 1 	 -1.741391e-11 	 5.042832e-11
9 	 247 	 Ex 	 1 	 2.085092e-11 	 4.169311e-11
9 	 248 	 Ex 	 1 	 3.657801e-11 	 3.490662e-11
9 	 249 	 Ex 	 1 	 4.067012e-11 	 2.967556e-11
9 	 250 	 Ex 	 1 	 3.894672e-11 	 2.542666e-11
9 	 251 	 Ex 	 1 	 3.444637e-11 	 2.171795e-11
9 	 252 	 Ex 	 1 	 2.898646e-11 	 1.829466e-11
9 	 253 	 Ex 	 1 	 2.359592e-11 	 1.510927e-11
9 	 254 	 Ex 	 1 	 1.876180e-11 	 1.233139e-11
9 	 255 	 Ex 	 1 	 1.468359e-11 	 1.005762e-11
9 	 256 	 Ex 	 1 	 1.143259e-11 	 8.058776e-12
9 	 1 	 Ex 	 2 	 -1.259257e-10 	 2.207506e-11
9 	 2 	 Ex 	 2 	 -1.489540e-10 	 2.149762e-11
9 	 3 	 Ex 	 2 	 -1.225900e-10 	 2.027827e-11
9 	 4 	 Ex 	 2 	 -1.099726e-10 	 1.858486e-11
9 	 5 	 Ex 	 2 	 -9.271367e-11 	 1.688286e-11
9 	 6 	 Ex 	 2 	 -7.404601e-11 	 1.537742e-11
9 	 7 	 Ex 	 2 	 -5.665582e-11 	 1.406948e-11
9 	 8 	 Ex 	 2 	 -4.200851e-11 	 1.280671e-11
9 	 9 	 Ex 	 2 	 -3.053102e-11 	 1.132976e-11
9 	 10 	 Ex 	 2 	 -2.196892e-11 	 9.504544e-12
9 	 11 	 Ex 	 2 	 -1.570892e-11 	 7.466173e-12
9 	 12 	 Ex 	 2 	 -1.110043e-11 	 5.477830e-12
9 	 13 	 Ex 	 2 	 -7.638407e-12 	 3.741392e-12
9 	 14 	 Ex 	 2 	 -5.001973e-12 	 2.348880e-12
9 	 15 	 Ex 	 2 	 -2.999086e-12 	 1.307790e-12
9 	 16 	 Ex 	 2 	 -1.501822e-12 	 5.749151e-13
9 	 17 	 Ex 	 2 	 -1.641084e-10 	 3.597985e-11
9 	 18 	 Ex 	 2 	 -1.939835e-10 	 3.513753e-11
9 	 19 	 Ex 	 2 	 -1.596653e-10 	 3.285818e-11
9 	 20 	 Ex 	 2 	 -1.395968e-10 	 2.960616e-11
9 	 21 	 Ex 	 2 	 -1.126997e-10 	 2.627411e-11
9 	 22 	 Ex 	 2 	 -8.507935e-11 	 2.329305e-11
9 	 23 	 Ex 	 2 	 -6.105817e-11 	 2.081518e-11
9 	 24 	 Ex 	 2 	 -4.223402e-11 	 1.870791e-11
9 	 25 	 Ex 	 2 	 -2.859872e-11 	 1.644476e-11
9 	 26 	 Ex 	 2 	 -1.929845e-11 	 1.364285e-11
9 	 27 	 Ex 	 2 	 -1.304915e-11 	 1.055921e-11
9 	 28 	 Ex 	 2 	 -8.715578e-12 	 7.648472e-12
9 	 29 	 Ex 	 2 	 -5.557979e-12 	 5.171990e-12
9 	 30 	 Ex 	 2 	 -3.180347e-12 	 3.222412e-12
9 	 31 	 Ex 	 2 	 -1.400474e-12 	 1.794753e-12
9 	 32 	 Ex 	 2 	 -1.076690e-13 	 8.124273e-13
9 	 33 	 Ex 	 2 	 -2.180973e-10 	 5.751605e-11
9 	 34 	 Ex 	 2 	 -2.586050e-10 	 5.651554e-11
9 	 35 	 Ex 	 2 	 -2.118761e-10 	 5.252265e-11
9 	 36 	 Ex 	 2 	 -1.785713e-10 	 4.645996e-11
9 	 37 	 Ex 	 2 	 -1.354906e-10 	 3.999228e-11
9 	 38 	 Ex 	 2 	 -9.454396e-11 	 3.402245e-11
9 	 39 	 Ex 	 2 	 -6.213177e-11 	 2.916548e-11
9 	 40 	 Ex 	 2 	 -3.884642e-11 	 2.561640e-11
9 	 41 	 Ex 	 2 	 -2.346462e-11 	 2.235725e-11
9 	 42 	 Ex 	 2 	 -1.414955e-11 	 1.837220e-11
9 	 43 	 Ex 	 2 	 -8.583523e-12 	 1.410170e-11
9 	 44 	 Ex 	 2 	 -5.046263e-12 	 1.020329e-11
9 	 45 	 Ex 	 2 	 -2.572673e-12 	 6.880292e-12
9 	 46 	 Ex 	 2 	 -7.199761e-13 	 4.237810e-12
9 	 47 	 Ex 	 2 	 6.437280e-13 	 2.329908e-12
9 	 48 	 Ex 	 2 	 1.592371e-12 	 1.053942e-12
9 	 49 	 Ex 	 2 	 -2.976666e-10 	 9.104494e-11
9 	 50 	 Ex 	 2 	 -3.554239e-10 	 9.050782e-11
9 	 51 	 Ex 	 2 	 -2.868480e-10 	 8.407663e-11
9 	 52 	 Ex 	 2 	 -2.283174e-10 	 7.311970e-11
9 	 53 	 Ex 	 2 	 -1.580744e-10 	 6.056195e-11
9 	 54 	 Ex 	 2 	 -9.867929e-11 	 4.848046e-11
9 	 55 	 Ex 	 2 	 -5.725507e-11 	 3.875801e-11
9 	 56 	 Ex 	 2 	 -3.053686e-11 	 3.242813e-11
9 	 57 	 Ex 	 2 	 -1.461221e-11 	 2.788774e-11
9 	 58 	 Ex 	 2 	 -6.198967e-12 	 2.288435e-11
9 	 59 	 Ex 	 2 	 -1.944804e-12 	 1.779536e-11
9 	 60 	 Ex 	 2 	 2.825905e-13 	 1.319979e-11
9 	 61 	 Ex 	 2 	 1.589910e-12 	 8.999923e-12
9 	 62 	 Ex 	 2 	 2.510369e-12 	 5.447785e-12
9 	 63 	 Ex 	 2 	 3.168613e-12 	 2.918505e-12
9 	 64 	 Ex 	 2 	 3.587844e-12 	 1.293638e-12
9 	 65 	 Ex 	 2 	 -4.232704e-10 	 1.433835e-10
9 	 66 	 Ex 	 2 	 -5.118291e-10 	 1.448798e-10
9 	 67 	 Ex 	 2 	 -3.983890e-10 	 1.351526e-10
9 	 68 	 Ex 	 2 	 -2.873070e-10 	 1.157157e-10
9 	 69 	 Ex 	 2 	 -1.719280e-10 	 9.147037e-11
9 	 70 	 Ex 	 2 	 -8.964656e-11 	 6.783436e-11
9 	 71 	 Ex 	 2 	 -4.163916e-11 	 4.932133e-11
9 	 72 	 Ex 	 2 	 -1.534680e-11 	 3.791443e-11
9 	 73 	 Ex 	 2 	 -1.557603e-12 	 3.150919e-11
9 	 74 	 Ex 	 2 	 4.806724e-12 	 2.620238e-11
9 	 75 	 Ex 	 2 	 7.155686e-12 	 2.120283e-11
9 	 76 	 Ex 	 2 	 7.543542e-12 	 1.648010e-11
9 	 77 	 Ex 	 2 	 7.092724e-12 	 1.146803e-11
9 	 78 	 Ex 	 2 	 6.530267e-12 	 6.806886e-12
9 	 79 	 Ex 	 2 	 6.125700e-12 	 3.531317e-12
9 	 80 	 Ex 	 2 	 5.815196e-12 	 1.516049e-12
9 	 81 	 Ex 	 2 	 -6.432013e-10 	 2.256102e-10
9 	 82 	 Ex 	 2 	 -7.986874e-10 	 2.320703e-10
9 	 83 	 Ex 	 2 	 -5.774866e-10 	 2.167556e-10
9 	 84 	 Ex 	 2 	 -3.445724e-10 	 1.816046e-10
9 	 85 	 Ex 	 2 	 -1.527499e-10 	 1.361168e-10
9 	 86 	 Ex 	 2 	 -4.842417e-11 	 9.313813e-11
9 	 87 	 Ex 	 2 	 -4.568432e-12 	 6.119235e-11
9 	 88 	 Ex 	 2 	 1.191549e-11 	 4.233076e-11
9 	 89 	 Ex 	 2 	 1.802667e-11 	 3.336177e-11
9 	 90 	 Ex 	 2 	 1.967095e-11 	 2.821406e-11
9 	 91 	 Ex 	 2 	 1.873239e-11 	 2.391425e-11
9 	 92 	 Ex 	 2 	 1.642745e-11 	 1.943271e-11
9 	 93 	 Ex 	 2 	 1.358321e-11 	 1.378279e-11
9 	 94 	 Ex 	 2 	 1.107024e-11 	 8.084578e-12
9 	 95 	 Ex 	 2 	 9.326547e-12 	 4.083403e-12
9 	 96 	 Ex 	 2 	 8.141028e-12 	 1.691345e-12
9 	 97 	 Ex 	 2 	 -1.082619e-09 	 3.581116e-10
9 	 98 	 Ex 	 2 	 -1.432539e-09 	 3.753354e-10
9 	 99 	 Ex 	 2 	 -8.886839e-10 	 3.469027e-10
9 	 100 	 Ex 	 2 	 -3.371353e-10 	 2.802008e-10
9 	 101 	 Ex 	 2 	 -2.798066e-11 	 1.975926e-10
9 	 102 	 Ex 	 2 	 6.593733e-11 	 1.248951e-10
9 	 103 	 Ex 	 2 	 7.149008e-11 	 7.458514e-11
9 	 104 	 Ex 	 2 	 5.797707e-11 	 4.651576e-11
9 	 105 	 Ex 	 2 	 4.662354e-11 	 3.454088e-11
9 	 106 	 Ex 	 2 	 3.889942e-11 	 2.948877e-11
9 	 107 	 Ex 	 2 	 3.239513e-11 	 2.590043e-11
9 	 108 	 Ex 	 2 	 2.626106e-11 	 2.170329e-11
9 	 109 	 Ex 	 2 	 2.044624e-11 	 1.558442e-11
9 	 110 	 Ex 	 2 	 1.570019e-11 	 9.073803e-12
9 	 111 	 Ex 	 2 	 1.249209e-11 	 4.487054e-12
9 	 112 	 Ex 	 2 	 1.038165e-11 	 1.788125e-12
9 	 113 	 Ex 	 2 	 -2.076522e-09 	 5.858551e-10
9 	 114 	 Ex 	 2 	 -3.264348e-09 	 6.298583e-10
9 	 115 	 Ex 	 2 	 -1.375618e-09 	 5.615462e-10
9 	 116 	 Ex 	 2 	 4.785781e-11 	 4.240832e-10
9 	 117 	 Ex 	 2 	 3.877839e-10 	 2.773905e-10
9 	 118 	 Ex 	 2 	 3.174514e-10 	 1.620496e-10
9 	 119 	 Ex 	 2 	 2.023418e-10 	 8.894539e-11
9 	 120 	 Ex 	 2 	 1.249143e-10 	 5.072965e-11
9 	 121 	 Ex 	 2 	 8.328587e-11 	 3.567796e-11
9 	 122 	 Ex 	 2 	 6.115389e-11 	 3.051941e-11
9 	 123 	 Ex 	 2 	 4.692905e-11 	 2.736342e-11
9 	 124 	 Ex 	 2 	 3.606341e-11 	 2.330189e-11
9 	 125 	 Ex 	 2 	 2.696789e-11 	 1.680244e-11
9 	 126 	 Ex 	 2 	 1.994112e-11 	 9.695625e-12
9 	 127 	 Ex 	 2 	 1.531008e-11 	 4.695294e-12
9 	 128 	 Ex 	 2 	 1.233257e-11 	 1.788736e-12
9 	 129 	 Ex 	 2 	 -3.829498e-09 	 1.030306e-09
9 	 130 	 Ex 	 2 	 -1.159186e-08 	 1.176673e-09
9 	 131 	 Ex 	 2 	 -5.709960e-10 	 9.412546e-10
9 	 132 	 Ex 	 2 	 2.095382e-09 	 6.210891e-10
9 	 133 	 Ex 	 2 	 1.400808e-09 	 3.686148e-10
9 	 134 	 Ex 	 2 	 7.393844e-10 	 1.998725e-10
9 	 135 	 Ex 	 2 	 3.777628e-10 	 1.026463e-10
9 	 136 	 Ex 	 2 	 2.024525e-10 	 5.491580e-11
9 	 137 	 Ex 	 2 	 1.216974e-10 	 3.713203e-11
9 	 138 	 Ex 	 2 	 8.272249e-11 	 3.160261e-11
9 	 139 	 Ex 	 2 	 6.007825e-11 	 2.843561e-11
9 	 140 	 Ex 	 2 	 4.441428e-11 	 2.424467e-11
9 	 141 	 Ex 	 2 	 3.226531e-11 	 1.740539e-11
9 	 142 	 Ex 	 2 	 2.326471e-11 	 9.917206e-12
9 	 143 	 Ex 	 2 	 1.746149e-11 	 4.691904e-12
9 	 144 	 Ex 	 2 	 1.379441e-11 	 1.691184e-12
9 	 145 	 Ex 	 2 	 3.164336e-08 	 2.049277e-09
9 	 146 	 Ex 	 2 	 -1.152275e-07 	 3.129127e-09
9 	 147 	 Ex 	 2 	 2.622471e-08 	 1.607018e-09
9 	 148 	 Ex 	 2 	 8.028627e-09 	 8.276615e-10
9 	 149 	 Ex 	 2 	 2.871644e-09 	 4.444390e-10
9 	 150 	 Ex 	 2 	 1.181513e-09 	 2.284238e-10
9 	 151 	 Ex 	 2 	 5.321267e-10 	 1.132009e-10
9 	 152 	 Ex 	 2 	 2.644843e-10 	 5.901284e-11
9 	 153 	 Ex 	 2 	 1.509026e-10 	 3.923360e-11
9 	 154 	 Ex 	 2 	 9.838217e-11 	 3.287921e-11
9 	 155 	 Ex 	 2 	 6.902928e-11 	 2.906407e-11
9 	 156 	 Ex 	 2 	 4.969288e-11 	 2.439642e-11
9 	 157 	 Ex 	 2 	 3.541305e-11 	 1.728225e-11
9 	 158 	 Ex 	 2 	 2.516838e-11 	 9.691466e-12
9 	 159 	 Ex 	 2 	 1.867250e-11 	 4.470508e-12
9 	 160 	 Ex 	 2 	 1.460995e-11 	 1.503764e-12
9 	 161 	 Ex 	 2 	 1.483207e-07 	 2.684723e-09
9 	 162 	 Ex 	 2 	 -9.556913e-07 	 7.653402e-09
9 	 163 	 Ex 	 2 	 6.140328e-08 	 1.893651e-09
9 	 164 	 Ex 	 2 	 1.069493e-08 	 8.805714e-10
9 	 165 	 Ex 	 2 	 3.333736e-09 	 4.616266e-10
9 	 166 	 Ex 	 2 	 1.306607e-09 	 2.363973e-10
9 	 167 	 Ex 	 2 	 5.780359e-10 	 1.182937e-10
9 	 168 	 Ex 	 2 	 2.862439e-10 	 6.295802e-11
9 	 169 	 Ex 	 2 	 1.631730e-10 	 4.209349e-11
9 	 170 	 Ex 	 2 	 1.053257e-10 	 3.419880e-11
9 	 171 	 Ex 	 2 	 7.266467e-11 	 2.895560e-11
9 	 172 	 Ex 	 2 	 5.150997e-11 	 2.345898e-11
9 	 173 	 Ex 	 2 	 3.641604e-11 	 1.624566e-11
9 	 174 	 Ex 	 2 	 2.586329e-11 	 8.964764e-12
9 	 175 	 Ex 	 2 	 1.921613e-11 	 4.037036e-12
9 	 176 	 Ex 	 2 	 1.504387e-11 	 1.242384e-12
9 	 177 	 Ex 	 2 	 -2.101881e-09 	 1.376099e-09
9 	 178 	 Ex 	 2 	 -2.695890e-08 	 1.680134e-09
9 	 179 	 Ex 	 2 	 3.834188e-09 	 1.194191e-09
9 	 180 	 Ex 	 2 	 4.236369e-09 	 7.142119e-10
9 	 181 	 Ex 	 2 	 2.047976e-09 	 4.080015e-10
9 	 182 	 Ex 	 2 	 9.553364e-10 	 2.210185e-10
9 	 183 	 Ex 	 2 	 4.640081e-10 	 1.171790e-10
9 	 184 	 Ex 	 2 	 2.447826e-10 	 6.626199e-11
9 	 185 	 Ex 	 2 	 1.455391e-10 	 4.503262e-11
9 	 186 	 Ex 	 2 	 9.530016e-11 	 3.490100e-11
9 	 187 	 Ex 	 2 	 6.553631e-11 	 2.766130e-11
9 	 188 	 Ex 	 2 	 4.616721e-11 	 2.117081e-11
9 	 189 	 Ex 	 2 	 3.268102e-11 	 1.420388e-11
9 	 190 	 Ex 	 2 	 2.345656e-11 	 7.763376e-12
9 	 191 	 Ex 	 2 	 1.763068e-11 	 3.431776e-12
9 	 192 	 Ex 	 2 	 1.392909e-11 	 9.309043e-13
9 	 193 	 Ex 	 2 	 -2.849633e-09 	 7.414685e-10
9 	 194 	 Ex 	 2 	 -5.386192e-09 	 8.092040e-10
9 	 195 	 Ex 	 2 	 -1.508274e-09 	 6.941607e-10
9 	 196 	 Ex 	 2 	 5.846932e-10 	 4.992488e-10
9 	 197 	 Ex 	 2 	 7.342807e-10 	 3.203681e-10
9 	 198 	 Ex 	 2 	 4.882155e-10 	 1.903692e-10
9 	 199 	 Ex 	 2 	 2.884938e-10 	 1.101457e-10
9 	 200 	 Ex 	 2 	 1.731920e-10 	 6.703806e-11
9 	 201 	 Ex 	 2 	 1.117345e-10 	 4.600339e-11
9 	 202 	 Ex 	 2 	 7.607787e-11 	 3.389263e-11
9 	 203 	 Ex 	 2 	 5.316009e-11 	 2.505074e-11
9 	 204 	 Ex 	 2 	 3.782321e-11 	 1.790215e-11
9 	 205 	 Ex 	 2 	 2.727977e-11 	 1.156350e-11
9 	 206 	 Ex 	 2 	 2.015459e-11 	 6.307670e-12
9 	 207 	 Ex 	 2 	 1.554501e-11 	 2.735946e-12
9 	 208 	 Ex 	 2 	 1.252336e-11 	 5.938712e-13
9 	 209 	 Ex 	 2 	 -1.423161e-09 	 4.424675e-10
9 	 210 	 Ex 	 2 	 -2.011397e-09 	 4.655819e-10
9 	 211 	 Ex 	 2 	 -1.102110e-09 	 4.224286e-10
9 	 212 	 Ex 	 2 	 -2.730247e-10 	 3.336429e-10
9 	 213 	 Ex 	 2 	 8.640495e-11 	 2.357617e-10
9 	 214 	 Ex 	 2 	 1.519210e-10 	 1.539412e-10
9 	 215 	 Ex 	 2 	 1.275398e-10 	 9.724752e-11
9 	 216 	 Ex 	 2 	 9.400476e-11 	 6.288516e-11
9 	 217 	 Ex 	 2 	 6.876984e-11 	 4.321586e-11
9 	 218 	 Ex 	 2 	 5.052500e-11 	 3.070156e-11
9 	 219 	 Ex 	 2 	 3.709926e-11 	 2.159473e-11
9 	 220 	 Ex 	 2 	 2.742284e-11 	 1.460370e-11
9 	 221 	 Ex 	 2 	 2.058892e-11 	 9.089495e-12
9 	 222 	 Ex 	 2 	 1.589211e-11 	 4.897728e-12
9 	 223 	 Ex 	 2 	 1.273592e-11 	 2.029360e-12
9 	 224 	 Ex 	 2 	 1.058081e-11 	 2.472852e-13
9 	 225 	 Ex 	 2 	 -7.951648e-10 	 2.783400e-10
9 	 226 	 Ex 	 2 	 -1.018810e-09 	 2.874017e-10
9 	 227 	 Ex 	 2 	 -6.962315e-10 	 2.666010e-10
9 	 228 	 Ex 	 2 	 -3.694311e-10 	 2.217559e-10
9 	 229 	 Ex 	 2 	 -1.354395e-10 	 1.678479e-10
9 	 230 	 Ex 	 2 	 -2.290913e-11 	 1.182877e-10
9 	 231 	 Ex 	 2 	 1.782816e-11 	 8.018011e-11
9 	 232 	 Ex 	 2 	 2.837809e-11 	 5.422216e-11
9 	 233 	 Ex 	 2 	 2.838891e-11 	 3.740531e-11
9 	 234 	 Ex 	 2 	 2.490503e-11 	 2.603463e-11
9 	 235 	 Ex 	 2 	 2.058713e-11 	 1.779142e-11
9 	 236 	 Ex 	 2 	 1.664664e-11 	 1.162151e-11
9 	 237 	 Ex 	 2 	 1.350270e-11 	 6.998134e-12
9 	 238 	 Ex 	 2 	 1.117240e-11 	 3.637945e-12
9 	 239 	 Ex 	 2 	 9.500877e-12 	 1.346996e-12
9 	 240 	 Ex 	 2 	 8.285378e-12 	 -1.019041e-13
9 	 241 	 Ex 	 2 	 -4.988334e-10 	 1.797791e-10
9 	 242 	 Ex 	 2 	 -6.132169e-10 	 1.834630e-10
9 	 243 	 Ex 	 2 	 -4.615766e-10 	 1.720863e-10
9 	 244 	 Ex 	 2 	 -3.185476e-10 	 1.477916e-10
9 	 245 	 Ex 	 2 	 -1.852712e-10 	 1.172807e-10
9 	 246 	 Ex 	 2 	 -9.457564e-11 	 8.730893e-11
9 	 247 	 Ex 	 2 	 -4.279524e-11 	 6.227726e-11
9 	 248 	 Ex 	 2 	 -1.585039e-11 	 4.355676e-11
9 	 249 	 Ex 	 2 	 -2.552042e-12 	 3.028356e-11
9 	 250 	 Ex 	 2 	 3.559565e-12 	 2.085567e-11
9 	 251 	 Ex 	 2 	 5.994140e-12 	 1.397934e-11
9 	 252 	 Ex 	 2 	 6.695379e-12 	 8.892477e-12
9 	 253 	 Ex 	 2 	 6.683115e-12 	 5.159886e-12
9 	 254 	 Ex 	 2 	 6.435622e-12 	 2.500491e-12
9 	 255 	 Ex 	 2 	 6.137734e-12 	 6.981067e-13
9 	 256 	 Ex 	 2 	 5.836968e-12 	 -4.452717e-13
9 	 1 	 Ey 	 1 	 2.099031e-11 	 8.648637e-13
9 	 2 	 Ey 	 1 	 3.142836e-12 	 4.880092e-13
9 	 3 	 Ey 	 1 	 -2.113738e-11 	 -1.247614e-13
9 	 4 	 Ey 	 1 	 -3.911853e-11 	 -1.008087e-12
9 	 5 	 Ey 	 1 	 -5.173157e-11 	 -2.079016e-12
9 	 6 	 Ey 	 1 	 -5.815054e-11 	 -3.162306e-12
9 	 7 	 Ey 	 1 	 -5.898864e-11 	 -3.940544e-12
9 	 8 	 Ey 	 1 	 -5.555340e-11 	 -4.161248e-12
9 	 9 	 Ey 	 1 	 -4.943702e-11 	 -3.751933e-12
9 	 10 	 Ey 	 1 	 -4.221495e-11 	 -2.914573e-12
9 	 11 	 Ey 	 1 	 -3.514964e-11 	 -1.929685e-12
9 	 12 	 Ey 	 1 	 -2.890198e-11 	 -1.034577e-12
9 	 13 	 Ey 	 1 	 -2.368377e-11 	 -3.280601e-13
9 	 14 	 Ey 	 1 	 -1.944220e-11 	 1.709965e-13
9 	 15 	 Ey 	 1 	 -1.604245e-11 	 4.531557e-13
9 	 16 	 Ey 	 1 	 -1.332976e-11 	 6.141058e-13
9 	 17 	 Ey 	 1 	 3.238349e-11 	 1.687110e-12
9 	 18 	 Ey 	 1 	 5.530861e-12 	 1.408318e-12
9 	 19 	 Ey 	 1 	 -3.015769e-11 	 8.106231e-13
9 	 20 	 Ey 	 1 	 -5.587997e-11 	 -2.085330e-13
9 	 21 	 Ey 	 1 	 -7.232370e-11 	 -1.698717e-12
9 	 22 	 Ey 	 1 	 -7.894706e-11 	 -3.361157e-12
9 	 23 	 Ey 	 1 	 -7.771080e-11 	 -4.740500e-12
9 	 24 	 Ey 	 1 	 -7.110175e-11 	 -5.329643e-12
9 	 25 	 Ey 	 1 	 -6.138974e-11 	 -4.898040e-12
9 	 26 	 Ey 	 1 	 -5.083476e-11 	 -3.796653e-12
9 	 27 	 Ey 	 1 	 -4.111834e-11 	 -2.521858e-12
9 	 28 	 Ey 	 1 	 -3.290063e-11 	 -1.356897e-12
9 	 29 	 Ey 	 1 	 -2.626015e-11 	 -4.517109e-13
9 	 30 	 Ey 	 1 	 -2.105569e-11 	 1.492108e-13
9 	 31 	 Ey 	 1 	 -1.702786e-11 	 4.845865e-13
9 	 32 	 Ey 	 1 	 -1.391186e-11 	 6.280838e-13
9 	 33 	 Ey 	 1 	 5.212397e-11 	 2.804202e-12
9 	 34 	 Ey 	 1 	 1.011377e-11 	 2.828712e-12
9 	 35 	 Ey 	 1 	 -4.391621e-11 	 2.551422e-12
9 	 36 	 Ey 	 1 	 -8.045765e-11 	 1.647067e-12
9 	 37 	 Ey 	 1 	 -1.002273e-10 	 -7.373869e-14
9 	 38 	 Ey 	 1 	 -1.045965e-10 	 -2.407654e-12
9 	 39 	 Ey 	 1 	 -9.906483e-11 	 -4.649518e-12
9 	 40 	 Ey 	 1 	 -8.804943e-11 	 -5.991426e-12
9 	 41 	 Ey 	 1 	 -7.422013e-11 	 -5.862339e-12
9 	 42 	 Ey 	 1 	 -6.016558e-11 	 -4.687727e-12
9 	 43 	 Ey 	 1 	 -4.765734e-11 	 -3.237068e-12
9 	 44 	 Ey 	 1 	 -3.717936e-11 	 -1.804870e-12
9 	 45 	 Ey 	 1 	 -2.877375e-11 	 -6.104214e-13
9 	 46 	 Ey 	 1 	 -2.238958e-11 	 1.468867e-13
9 	 47 	 Ey 	 1 	 -1.767471e-11 	 5.243444e-13
9 	 48 	 Ey 	 1 	 -1.416772e-11 	 6.563759e-13
9 	 49 	 Ey 	 1 	 8.761149e-11 	 4.139315e-12
9 	 50 	 Ey 	 1 	 1.724426e-11 	 4.721566e-12
9 	 51 	 Ey 	 1 	 -6.859948e-11 	 5.128183e-12
9 	 52 	 Ey 	 1 	 -1.195824e-10 	 4.879459e-12
9 	 53 	 Ey 	 1 	 -1.386754e-10 	 3.340959e-12
9 	 54 	 Ey 	 1 	 -1.346931e-10 	 5.882797e-13
9 	 55 	 Ey 	 1 	 -1.204243e-10 	 -2.576136e-12
9 	 56 	 Ey 	 1 	 -1.033792e-10 	 -5.039029e-12
9 	 57 	 Ey 	 1 	 -8.597829e-11 	 -5.892421e-12
9 	 58 	 Ey 	 1 	 -6.941182e-11 	 -5.322642e-12
9 	 59 	 Ey 	 1 	 -5.454738e-11 	 -4.019299e-12
9 	 60 	 Ey 	 1 	 -4.161256e-11 	 -2.373822e-12
9 	 61 	 Ey 	 1 	 -3.104297e-11 	 -8.239291e-13
9 	 62 	 Ey 	 1 	 -2.326402e-11 	 1.282180e-13
9 	 63 	 Ey 	 1 	 -1.784395e-11 	 5.325443e-13
9 	 64 	 Ey 	 1 	 -1.401079e-11 	 6.595902e-13
9 	 65 	 Ey 	 1 	 1.558411e-10 	 5.423351e-12
9 	 66 	 Ey 	 1 	 2.424668e-11 	 6.718411e-12
9 	 67 	 Ey 	 1 	 -1.257908e-10 	 8.113002e-12
9 	 68 	 Ey 	 1 	 -1.975794e-10 	 8.819778e-12
9 	 69 	 Ey 	 1 	 -2.051533e-10 	 7.792475e-12
9 	 70 	 Ey 	 1 	 -1.789324e-10 	 4.938789e-12
9 	 71 	 Ey 	 1 	 -1.459162e-10 	 1.188403e-12
9 	 72 	 Ey 	 1 	 -1.175505e-10 	 -2.254483e-12
9 	 73 	 Ey 	 1 	 -9.492814e-11 	 -4.372842e-12
9 	 74 	 Ey 	 1 	 -7.579217e-11 	 -4.832218e-12
9 	 75 	 Ey 	 1 	 -5.887187e-11 	 -4.033069e-12
9 	 76 	 Ey 	 1 	 -4.402110e-11 	 -2.502122e-12
9 	 77 	 Ey 	 1 	 -3.189600e-11 	 -9.118595e-13
9 	 78 	 Ey 	 1 	 -2.317132e-11 	 8.480009e-14
9 	 79 	 Ey 	 1 	 -1.731890e-11 	 4.968882e-13
9 	 80 	 Ey 	 1 	 -1.332613e-11 	 6.185522e-13
9 	 81 	 Ey 	 1 	 3.052116e-10 	 6.434540e-12
9 	 82 	 Ey 	 1 	 2.031222e-11 	 8.351615e-12
9 	 83 	 Ey 	 1 	 -2.811639e-10 	 1.060260e-11
9 	 84 	 Ey 	 1 	 -3.813002e-10 	 1.218729e-11
9 	 85 	 Ey 	 1 	 -3.417431e-10 	 1.162865e-11
9 	 86 	 Ey 	 1 	 -2.583440e-10 	 8.623887e-12
9 	 87 	 Ey 	 1 	 -1.855247e-10 	 4.422392e-12
9 	 88 	 Ey 	 1 	 -1.351061e-10 	 4.451210e-13
9 	 89 	 Ey 	 1 	 -1.016746e-10 	 -2.267417e-12
9 	 90 	 Ey 	 1 	 -7.752734e-11 	 -3.361851e-12
9 	 91 	 Ey 	 1 	 -5.833804e-11 	 -3.085167e-12
9 	 92 	 Ey 	 1 	 -4.263732e-11 	 -1.991575e-12
9 	 93 	 Ey 	 1 	 -3.034320e-11 	 -7.523492e-13
9 	 94 	 Ey 	 1 	 -2.165220e-11 	 5.589896e-14
9 	 95 	 Ey 	 1 	 -1.588439e-11 	 4.180717e-13
9 	 96 	 Ey 	 1 	 -1.201928e-11 	 5.271757e-13
9 	 97 	 Ey 	 1 	 7.062778e-10 	 6.599543e-12
9 	 98 	 Ey 	 1 	 -3.150036e-11 	 8.919410e-12
9 	 99 	 Ey 	 1 	 -7.412308e-10 	 1.175810e-11
9 	 100 	 Ey 	 1 	 -8.245971e-10 	 1.402514e-11
9 	 101 	 Ey 	 1 	 -6.056283e-10 	 1.373526e-11
9 	 102 	 Ey 	 1 	 -3.821569e-10 	 1.055071e-11
9 	 103 	 Ey 	 1 	 -2.358073e-10 	 6.107100e-12
9 	 104 	 Ey 	 1 	 -1.522440e-10 	 2.011950e-12
9 	 105 	 Ey 	 1 	 -1.045698e-10 	 -7.476632e-13
9 	 106 	 Ey 	 1 	 -7.460355e-11 	 -1.949573e-12
9 	 107 	 Ey 	 1 	 -5.358765e-11 	 -1.983658e-12
9 	 108 	 Ey 	 1 	 -3.796990e-11 	 -1.325938e-12
9 	 109 	 Ey 	 1 	 -2.648612e-11 	 -5.178050e-13
9 	 110 	 Ey 	 1 	 -1.861574e-11 	 3.689102e-14
9 	 111 	 Ey 	 1 	 -1.346489e-11 	 3.018783e-13
9 	 112 	 Ey 	 1 	 -1.005174e-11 	 3.915425e-13
9 	 113 	 Ey 	 1 	 2.135975e-09 	 6.003279e-12
9 	 114 	 Ey 	 1 	 -3.149313e-10 	 7.795604e-12
9 	 115 	 Ey 	 1 	 -2.309151e-09 	 1.048424e-11
9 	 116 	 Ey 	 1 	 -1.868758e-09 	 1.313728e-11
9 	 117 	 Ey 	 1 	 -1.032746e-09 	 1.310049e-11
9 	 118 	 Ey 	 1 	 -5.226709e-10 	 1.008641e-11
9 	 119 	 Ey 	 1 	 -2.733371e-10 	 5.975963e-12
9 	 120 	 Ey 	 1 	 -1.559891e-10 	 2.338058e-12
9 	 121 	 Ey 	 1 	 -9.763634e-11 	 6.645312e-15
9 	 122 	 Ey 	 1 	 -6.486103e-11 	 -9.755350e-13
9 	 123 	 Ey 	 1 	 -4.414711e-11 	 -1.088421e-12
9 	 124 	 Ey 	 1 	 -3.010533e-11 	 -7.547174e-13
9 	 125 	 Ey 	 1 	 -2.047547e-11 	 -3.148305e-13
9 	 126 	 Ey 	 1 	 -1.415092e-11 	 -1.042511e-14
9 	 127 	 Ey 	 1 	 -1.010645e-11 	 1.483542e-13
9 	 128 	 Ey 	 1 	 -7.458101e-12 	 2.174938e-13
9 	 129 	 Ey 	 1 	 9.685339e-09 	 4.702187e-12
9 	 130 	 Ey 	 1 	 -2.576546e-09 	 4.544335e-12
9 	 131 	 Ey 	 1 	 -8.839194e-09 	 5.950581e-12
9 	 132 	 Ey 	 1 	 -3.859054e-09 	 8.556047e-12
9 	 133 	 Ey 	 1 	 -1.428176e-09 	 8.829729e-12
9 	 134 	 Ey 	 1 	 -5.673406e-10 	 6.657111e-12
9 	 135 	 Ey 	 1 	 -2.540936e-10 	 3.765855e-12
9 	 136 	 Ey 	 1 	 -1.300046e-10 	 1.455842e-12
9 	 137 	 Ey 	 1 	 -7.454047e-11 	 1.668245e-13
9 	 138 	 Ey 	 1 	 -4.577063e-11 	 -2.960267e-13
9 	 139 	 Ey 	 1 	 -2.908452e-11 	 -3.438351e-13
9 	 140 	 Ey 	 1 	 -1.883399e-11 	 -2.634102e-13
9 	 141 	 Ey 	 1 	 -1.240335e-11 	 -1.682041e-13
9 	 142 	 Ey 	 1 	 -8.435941e-12 	 -1.005825e-13
9 	 143 	 Ey 	 1 	 -5.961180e-12 	 -4.668092e-14
9 	 144 	 Ey 	 1 	 -4.349545e-12 	 6.548706e-15
9 	 145 	 Ey 	 1 	 6.582435e-08 	 3.834173e-12
9 	 146 	 Ey 	 1 	 5.662126e-08 	 -9.035589e-12
9 	 147 	 Ey 	 1 	 -2.978259e-08 	 -1.854261e-12
9 	 148 	 Ey 	 1 	 -4.241937e-09 	 4.108150e-13
9 	 149 	 Ey 	 1 	 -1.016194e-09 	 6.821676e-13
9 	 150 	 Ey 	 1 	 -3.298826e-10 	 1.377470e-13
9 	 151 	 Ey 	 1 	 -1.309707e-10 	 -2.856127e-13
9 	 152 	 Ey 	 1 	 -5.976519e-11 	 -2.827574e-13
9 	 153 	 Ey 	 1 	 -2.895947e-11 	 4.297763e-14
9 	 154 	 Ey 	 1 	 -1.360580e-11 	 3.817794e-13
9 	 155 	 Ey 	 1 	 -5.834699e-12 	 4.436548e-13
9 	 156 	 Ey 	 1 	 -2.265267e-12 	 2.418810e-13
9 	 157 	 Ey 	 1 	 -8.321761e-13 	 -5.385172e-14
9 	 158 	 Ey 	 1 	 -2.625964e-13 	 -2.447434e-13
9 	 159 	 Ey 	 1 	 4.193925e-14 	 -2.835760e-13
9 	 160 	 Ey 	 1 	 2.492274e-13 	 -2.308787e-13
9 	 161 	 Ey 	 1 	 -6.273300e-08 	 -6.837760e-12
9 	 162 	 Ey 	 1 	 5.390150e-06 	 -1.434309e-10
9 	 163 	 Ey 	 1 	 2.360983e-08 	 -5.351168e-12
9 	 164 	 Ey 	 1 	 2.525263e-09 	 -8.834642e-12
9 	 165 	 Ey 	 1 	 6.441733e-10 	 -9.417493e-12
9 	 166 	 Ey 	 1 	 2.464674e-10 	 -7.830587e-12
9 	 167 	 Ey 	 1 	 1.248912e-10 	 -5.054489e-12
9 	 168 	 Ey 	 1 	 8.028625e-11 	 -2.077645e-12
9 	 169 	 Ey 	 1 	 6.112555e-11 	 1.842706e-13
9 	 170 	 Ey 	 1 	 4.990775e-11 	 1.339002e-12
9 	 171 	 Ey 	 1 	 4.063802e-11 	 1.438132e-12
9 	 172 	 Ey 	 1 	 3.210184e-11 	 8.257708e-13
9 	 173 	 Ey 	 1 	 2.482732e-11 	 3.508173e-14
9 	 174 	 Ey 	 1 	 1.947780e-11 	 -4.342536e-13
9 	 175 	 Ey 	 1 	 1.584229e-11 	 -5.412569e-13
9 	 176 	 Ey 	 1 	 1.329717e-11 	 -4.733942e-13
9 	 177 	 Ey 	 1 	 -2.231579e-08 	 -8.877509e-12
9 	 178 	 Ey 	 1 	 7.913875e-09 	 -8.841971e-12
9 	 179 	 Ey 	 1 	 1.660676e-08 	 -1.227785e-11
9 	 180 	 Ey 	 1 	 4.651987e-09 	 -1.719068e-11
9 	 181 	 Ey 	 1 	 1.393221e-09 	 -1.814941e-11
9 	 182 	 Ey 	 1 	 4.937663e-10 	 -1.445133e-11
9 	 183 	 Ey 	 1 	 2.103282e-10 	 -8.632472e-12
9 	 184 	 Ey 	 1 	 1.118904e-10 	 -3.051893e-12
9 	 185 	 Ey 	 1 	 7.310443e-11 	 7.381455e-13
9 	 186 	 Ey 	 1 	 5.287161e-11 	 2.335966e-12
9 	 187 	 Ey 	 1 	 3.852104e-11 	 2.286737e-12
9 	 188 	 Ey 	 1 	 2.681434e-11 	 1.261429e-12
9 	 189 	 Ey 	 1 	 1.766877e-11 	 2.839693e-14
9 	 190 	 Ey 	 1 	 1.170652e-11 	 -6.510966e-13
9 	 191 	 Ey 	 1 	 8.240639e-12 	 -7.886428e-13
9 	 192 	 Ey 	 1 	 6.136540e-12 	 -6.947280e-13
9 	 193 	 Ey 	 1 	 -3.926284e-09 	 -9.043426e-12
9 	 194 	 Ey 	 1 	 7.112769e-10 	 -1.177527e-11
9 	 195 	 Ey 	 1 	 4.105209e-09 	 -1.608923e-11
9 	 196 	 Ey 	 1 	 2.669160e-09 	 -2.062715e-11
9 	 197 	 Ey 	 1 	 1.260853e-09 	 -2.104057e-11
9 	 198 	 Ey 	 1 	 5.825215e-10 	 -1.642775e-11
9 	 199 	 Ey 	 1 	 2.944433e-10 	 -9.506677e-12
9 	 200 	 Ey 	 1 	 1.709799e-10 	 -3.047626e-12
9 	 201 	 Ey 	 1 	 1.117881e-10 	 9.172902e-13
9 	 202 	 Ey 	 1 	 7.740546e-11 	 2.307810e-12
9 	 203 	 Ey 	 1 	 5.429055e-11 	 2.107818e-12
9 	 204 	 Ey 	 1 	 3.742139e-11 	 1.023997e-12
9 	 205 	 Ey 	 1 	 2.519135e-11 	 -1.926000e-13
9 	 206 	 Ey 	 1 	 1.723754e-11 	 -8.423536e-13
9 	 207 	 Ey 	 1 	 1.237944e-11 	 -9.591128e-13
9 	 208 	 Ey 	 1 	 9.287775e-12 	 -8.484721e-13
9 	 209 	 Ey 	 1 	 -1.092235e-09 	 -8.979237e-12
9 	 210 	 Ey 	 1 	 1.119713e-10 	 -1.182011e-11
9 	 211 	 Ey 	 1 	 1.233367e-09 	 -1.533572e-11
9 	 212 	 Ey 	 1 	 1.229427e-09 	 -1.822085e-11
9 	 213 	 Ey 	 1 	 8.273647e-10 	 -1.796240e-11
9 	 214 	 Ey 	 1 	 4.945087e-10 	 -1.402187e-11
9 	 215 	 Ey 	 1 	 2.976323e-10 	 -8.263112e-12
9 	 216 	 Ey 	 1 	 1.899293e-10 	 -2.991992e-12
9 	 217 	 Ey 	 1 	 1.278230e-10 	 1.282963e-13
9 	 218 	 Ey 	 1 	 8.833189e-11 	 1.158184e-12
9 	 219 	 Ey 	 1 	 6.170455e-11 	 9.848575e-13
9 	 220 	 Ey 	 1 	 4.313160e-11 	 2.467141e-13
9 	 221 	 Ey 	 1 	 3.015732e-11 	 -5.406232e-13
9 	 222 	 Ey 	 1 	 2.145225e-11 	 -9.673747e-13
9 	 223 	 Ey 	 1 	 1.575796e-11 	 -1.049650e-12
9 	 224 	 Ey 	 1 	 1.194191e-11 	 -9.430747e-13
9 	 225 	 Ey 	 1 	 -4.147616e-10 	 -8.121731e-12
9 	 226 	 Ey 	 1 	 1.169124e-11 	 -1.031399e-11
9 	 227 	 Ey 	 1 	 4.594373e-10 	 -1.250333e-11
9 	 228 	 Ey 	 1 	 5.799003e-10 	 -1.385829e-11
9 	 229 	 Ey 	 1 	 4.962494e-10 	 -1.329189e-11
9 	 230 	 Ey 	 1 	 3.631093e-10 	 -1.050154e-11
9 	 231 	 Ey 	 1 	 2.531986e-10 	 -6.674120e-12
9 	 232 	 Ey 	 1 	 1.768522e-10 	 -3.139150e-12
9 	 233 	 Ey 	 1 	 1.250349e-10 	 -9.155701e-13
9 	 234 	 Ey 	 1 	 8.901266e-11 	 -6.270921e-14
9 	 235 	 Ey 	 1 	 6.364029e-11 	 -7.037056e-14
9 	 236 	 Ey 	 1 	 4.569157e-11 	 -4.411725e-13
9 	 237 	 Ey 	 1 	 3.304180e-11 	 -8.416526e-13
9 	 238 	 Ey 	 1 	 2.425008e-11 	 -1.063043e-12
9 	 239 	 Ey 	 1 	 1.818518e-11 	 -1.093517e-12
9 	 240 	 Ey 	 1 	 1.394046e-11 	 -9.963630e-13
9 	 241 	 Ey 	 1 	 -1.931700e-10 	 -6.951293e-12
9 	 242 	 Ey 	 1 	 -8.705932e-12 	 -8.388094e-12
9 	 243 	 Ey 	 1 	 2.012633e-10 	 -9.589549e-12
9 	 244 	 Ey 	 1 	 2.944520e-10 	 -1.015238e-11
9 	 245 	 Ey 	 1 	 2.955295e-10 	 -9.560418e-12
9 	 246 	 Ey 	 1 	 2.503746e-10 	 -7.820471e-12
9 	 247 	 Ey 	 1 	 1.961464e-10 	 -5.411782e-12
9 	 248 	 Ey 	 1 	 1.487961e-10 	 -3.214028e-12
9 	 249 	 Ey 	 1 	 1.113932e-10 	 -1.694396e-12
9 	 250 	 Ey 	 1 	 8.280913e-11 	 -9.781871e-13
9 	 251 	 Ey 	 1 	 6.135928e-11 	 -8.140145e-13
9 	 252 	 Ey 	 1 	 4.550950e-11 	 -9.251652e-13
9 	 253 	 Ey 	 1 	 3.393612e-11 	 -1.076519e-12
9 	 254 	 Ey 	 1 	 2.557266e-11 	 -1.163719e-12
9 	 255 	 Ey 	 1 	 1.955116e-11 	 -1.145269e-12
9 	 256 	 Ey 	 1 	 1.519214e-11 	 -1.047680e-12
9 	 1 	 Ey 	 2 	 1.801011e-11 	 3.685206e-12
9 	 2 	 Ey 	 2 	 8.525725e-13 	 2.518757e-12
9 	 3 	 Ey 	 2 	 -2.231500e-11 	 9.901108e-13
9 	 4 	 Ey 	 2 	 -3.870513e-11 	 -7.227632e-13
9 	 5 	 Ey 	 2 	 -4.933435e-11 	 -2.279913e-12
9 	 6 	 Ey 	 2 	 -5.375254e-11 	 -3.333016e-12
9 	 7 	 Ey 	 2 	 -5.309283e-11 	 -3.663980e-12
9 	 8 	 Ey 	 2 	 -4.914420e-11 	 -3.214775e-12
9 	 9 	 Ey 	 2 	 -4.358910e-11 	 -2.148215e-12
9 	 10 	 Ey 	 2 	 -3.769379e-11 	 -8.382145e-13
9 	 11 	 Ey 	 2 	 -3.221010e-11 	 3.347717e-13
9 	 12 	 Ey 	 2 	 -2.743509e-11 	 1.180279e-12
9 	 13 	 Ey 	 2 	 -2.338653e-11 	 1.676676e-12
9 	 14 	 Ey 	 2 	 -1.997101e-11 	 1.882940e-12
9 	 15 	 Ey 	 2 	 -1.708307e-11 	 1.882194e-12
9 	 16 	 Ey 	 2 	 -1.464065e-11 	 1.753781e-12
9 	 17 	 Ey 	 2 	 2.801341e-11 	 5.716328e-12
9 	 18 	 Ey 	 2 	 1.637540e-12 	 4.646240e-12
9 	 19 	 Ey 	 2 	 -3.301416e-11 	 2.989210e-12
9 	 20 	 Ey 	 2 	 -5.690073e-11 	 8.857489e-13
9 	 21 	 Ey 	 2 	 -7.067175e-11 	 -1.212068e-12
9 	 22 	 Ey 	 2 	 -7.423395e-11 	 -2.833302e-12
9 	 23 	 Ey 	 2 	 -7.043884e-11 	 -3.672870e-12
9 	 24 	 Ey 	 2 	 -6.265674e-11 	 -3.519376e-12
9 	 25 	 Ey 	 2 	 -5.348847e-11 	 -2.426342e-12
9 	 26 	 Ey 	 2 	 -4.466003e-11 	 -9.198094e-13
9 	 27 	 Ey 	 2 	 -3.702301e-11 	 4.318125e-13
9 	 28 	 Ey 	 2 	 -3.073997e-11 	 1.404375e-12
9 	 29 	 Ey 	 2 	 -2.564663e-11 	 1.979948e-12
9 	 30 	 Ey 	 2 	 -2.149677e-11 	 2.207108e-12
9 	 31 	 Ey 	 2 	 -1.808375e-11 	 2.178465e-12
9 	 32 	 Ey 	 2 	 -1.526888e-11 	 1.999120e-12
9 	 33 	 Ey 	 2 	 4.594149e-11 	 8.799343e-12
9 	 34 	 Ey 	 2 	 3.875005e-12 	 8.400887e-12
9 	 35 	 Ey 	 2 	 -4.965627e-11 	 7.284510e-12
9 	 36 	 Ey 	 2 	 -8.459214e-11 	 5.398333e-12
9 	 37 	 Ey 	 2 	 -1.011901e-10 	 3.108657e-12
9 	 38 	 Ey 	 2 	 -1.012910e-10 	 8.489854e-13
9 	 39 	 Ey 	 2 	 -9.167749e-11 	 -1.076734e-12
9 	 40 	 Ey 	 2 	 -7.823662e-11 	 -2.116097e-12
9 	 41 	 Ey 	 2 	 -6.443750e-11 	 -1.855550e-12
9 	 42 	 Ey 	 2 	 -5.216933e-11 	 -7.975919e-13
9 	 43 	 Ey 	 2 	 -4.208334e-11 	 3.721217e-13
9 	 44 	 Ey 	 2 	 -3.405248e-11 	 1.406239e-12
9 	 45 	 Ey 	 2 	 -2.772915e-11 	 2.157103e-12
9 	 46 	 Ey 	 2 	 -2.273561e-11 	 2.490884e-12
9 	 47 	 Ey 	 2 	 -1.876114e-11 	 2.466542e-12
9 	 48 	 Ey 	 2 	 -1.558386e-11 	 2.242834e-12
9 	 49 	 Ey 	 2 	 7.937759e-11 	 1.299424e-11
9 	 50 	 Ey 	 2 	 8.099659e-12 	 1.415908e-11
9 	 51 	 Ey 	 2 	 -7.831390e-11 	 1.489370e-11
9 	 52 	 Ey 	 2 	 -1.286207e-10 	 1.471532e-11
9 	 53 	 Ey 	 2 	 -1.446898e-10 	 1.326242e-11
9 	 54 	 Ey 	 2 	 -1.356017e-10 	 1.040694e-11
9 	 55 	 Ey 	 2 	 -1.157949e-10 	 6.559689e-12
9 	 56 	 Ey 	 2 	 -9.455226e-11 	 2.839995e-12
9 	 57 	 Ey 	 2 	 -7.564620e-11 	 4.964556e-13
9 	 58 	 Ey 	 2 	 -5.997746e-11 	 -2.674736e-13
9 	 59 	 Ey 	 2 	 -4.733386e-11 	 7.008182e-14
9 	 60 	 Ey 	 2 	 -3.728311e-11 	 1.076436e-12
9 	 61 	 Ey 	 2 	 -2.945562e-11 	 2.150675e-12
9 	 62 	 Ey 	 2 	 -2.348524e-11 	 2.701328e-12
9 	 63 	 Ey 	 2 	 -1.894881e-11 	 2.716390e-12
9 	 64 	 Ey 	 2 	 -1.546652e-11 	 2.458094e-12
9 	 65 	 Ey 	 2 	 1.457739e-10 	 1.782966e-11
9 	 66 	 Ey 	 2 	 1.230155e-11 	 2.136719e-11
9 	 67 	 Ey 	 2 	 -1.395848e-10 	 2.527195e-11
9 	 68 	 Ey 	 2 	 -2.119381e-10 	 2.829307e-11
9 	 69 	 Ey 	 2 	 -2.171090e-10 	 2.835126e-11
9 	 70 	 Ey 	 2 	 -1.856181e-10 	 2.452147e-11
9 	 71 	 Ey 	 2 	 -1.462245e-10 	 1.798960e-11
9 	 72 	 Ey 	 2 	 -1.122825e-10 	 1.079271e-11
9 	 73 	 Ey 	 2 	 -8.638283e-11 	 4.924140e-12
9 	 74 	 Ey 	 2 	 -6.671561e-11 	 1.585526e-12
9 	 75 	 Ey 	 2 	 -5.135077e-11 	 6.391054e-13
9 	 76 	 Ey 	 2 	 -3.931572e-11 	 1.257470e-12
9 	 77 	 Ey 	 2 	 -3.011087e-11 	 2.341161e-12
9 	 78 	 Ey 	 2 	 -2.333836e-11 	 2.934023e-12
9 	 79 	 Ey 	 2 	 -1.841861e-11 	 2.930367e-12
9 	 80 	 Ey 	 2 	 -1.478486e-11 	 2.626622e-12
9 	 81 	 Ey 	 2 	 2.940667e-10 	 2.224786e-11
9 	 82 	 Ey 	 2 	 6.546934e-12 	 2.824304e-11
9 	 83 	 Ey 	 2 	 -2.977921e-10 	 3.556646e-11
9 	 84 	 Ey 	 2 	 -3.994128e-10 	 4.185517e-11
9 	 85 	 Ey 	 2 	 -3.579397e-10 	 4.287338e-11
9 	 86 	 Ey 	 2 	 -2.691793e-10 	 3.725232e-11
9 	 87 	 Ey 	 2 	 -1.896412e-10 	 2.772312e-11
9 	 88 	 Ey 	 2 	 -1.332060e-10 	 1.759563e-11
9 	 89 	 Ey 	 2 	 -9.590138e-11 	 9.378605e-12
9 	 90 	 Ey 	 2 	 -7.054281e-11 	 4.392268e-12
9 	 91 	 Ey 	 2 	 -5.230376e-11 	 2.395743e-12
9 	 92 	 Ey 	 2 	 -3.881109e-11 	 2.315569e-12
9 	 93 	 Ey 	 2 	 -2.891668e-11 	 2.917184e-12
9 	 94 	 Ey 	 2 	 -2.189790e-11 	 3.238842e-12
9 	 95 	 Ey 	 2 	 -1.696865e-11 	 3.104341e-12
9 	 96 	 Ey 	 2 	 -1.343238e-11 	 2.731398e-12
9 	 97 	 Ey 	 2 	 6.954302e-10 	 2.488540e-11
9 	 98 	 Ey 	 2 	 -4.526631e-11 	 3.232559e-11
9 	 99 	 Ey 	 2 	 -7.582675e-10 	 4.202812e-11
9 	 100 	 Ey 	 2 	 -8.436327e-10 	 5.086333e-11
9 	 101 	 Ey 	 2 	 -6.230290e-10 	 5.237841e-11
9 	 102 	 Ey 	 2 	 -3.942530e-10 	 4.484210e-11
9 	 103 	 Ey 	 2 	 -2.413132e-10 	 3.279723e-11
9 	 104 	 Ey 	 2 	 -1.520565e-10 	 2.086464e-11
9 	 105 	 Ey 	 2 	 -1.008752e-10 	 1.177131e-11
9 	 106 	 Ey 	 2 	 -6.978206e-11 	 6.371409e-12
9 	 107 	 Ey 	 2 	 -4.940548e-11 	 3.981732e-12
9 	 108 	 Ey 	 2 	 -3.538723e-11 	 3.405574e-12
9 	 109 	 Ey 	 2 	 -2.564511e-11 	 3.512963e-12
9 	 110 	 Ey 	 2 	 -1.901621e-11 	 3.498264e-12
9 	 111 	 Ey 	 2 	 -1.451431e-11 	 3.195204e-12
9 	 112 	 Ey 	 2 	 -1.136855e-11 	 2.749612e-12
9 	 113 	 Ey 	 2 	 2.126918e-09 	 2.509313e-11
9 	 114 	 Ey 	 2 	 -3.262395e-10 	 3.104576e-11
9 	 115 	 Ey 	 2 	 -2.323237e-09 	 4.041816e-11
9 	 116 	 Ey 	 2 	 -1.884914e-09 	 5.070573e-11
9 	 117 	 Ey 	 2 	 -1.047565e-09 	 5.271318e-11
9 	 118 	 Ey 	 2 	 -5.328378e-10 	 4.435942e-11
9 	 119 	 Ey 	 2 	 -2.779233e-10 	 3.163961e-11
9 	 120 	 Ey 	 2 	 -1.560094e-10 	 1.986246e-11
9 	 121 	 Ey 	 2 	 -9.513118e-11 	 1.154145e-11
9 	 122 	 Ey 	 2 	 -6.174553e-11 	 6.893182e-12
9 	 123 	 Ey 	 2 	 -4.161345e-11 	 4.810977e-12
9 	 124 	 Ey 	 2 	 -2.869610e-11 	 4.103656e-12
9 	 125 	 Ey 	 2 	 -2.021186e-11 	 3.883638e-12
9 	 126 	 Ey 	 2 	 -1.469458e-11 	 3.598383e-12
9 	 127 	 Ey 	 2 	 -1.108195e-11 	 3.155171e-12
9 	 128 	 Ey 	 2 	 -8.625040e-12 	 2.660264e-12
9 	 129 	 Ey 	 2 	 9.679125e-09 	 2.505144e-11
9 	 130 	 Ey 	 2 	 -2.582598e-09 	 2.168087e-11
9 	 131 	 Ey 	 2 	 -8.846232e-09 	 2.566846e-11
9 	 132 	 Ey 	 2 	 -3.867933e-09 	 3.701883e-11
9 	 133 	 Ey 	 2 	 -1.436242e-09 	 3.972902e-11
9 	 134 	 Ey 	 2 	 -5.723148e-10 	 3.284958e-11
9 	 135 	 Ey 	 2 	 -2.556027e-10 	 2.280260e-11
9 	 136 	 Ey 	 2 	 -1.290978e-10 	 1.427670e-11
9 	 137 	 Ey 	 2 	 -7.272283e-11 	 8.896740e-12
9 	 138 	 Ey 	 2 	 -4.416910e-11 	 6.248595e-12
9 	 139 	 Ey 	 2 	 -2.813468e-11 	 5.083722e-12
9 	 140 	 Ey 	 2 	 -1.855857e-11 	 4.494583e-12
9 	 141 	 Ey 	 2 	 -1.267740e-11 	 4.033346e-12
9 	 142 	 Ey 	 2 	 -9.063393e-12 	 3.516240e-12
9 	 143 	 Ey 	 2 	 -6.800585e-12 	 2.967610e-12
9 	 144 	 Ey 	 2 	 -5.309428e-12 	 2.457048e-12
9 	 145 	 Ey 	 2 	 6.581652e-08 	 3.928818e-11
9 	 146 	 Ey 	 2 	 5.661439e-08 	 -1.305550e-11
9 	 147 	 Ey 	 2 	 -2.977777e-08 	 -4.315748e-12
9 	 148 	 Ey 	 2 	 -4.239739e-09 	 1.131395e-11
9 	 149 	 Ey 	 2 	 -1.013645e-09 	 1.306265e-11
9 	 150 	 Ey 	 2 	 -3.266955e-10 	 1.015373e-11
9 	 151 	 Ey 	 2 	 -1.277290e-10 	 6.830510e-12
9 	 152 	 Ey 	 2 	 -5.731372e-11 	 5.012427e-12
9 	 153 	 Ey 	 2 	 -2.783760e-11 	 4.794291e-12
9 	 154 	 Ey 	 2 	 -1.373333e-11 	 5.216124e-12
9 	 155 	 Ey 	 2 	 -6.677271e-12 	 5.319979e-12
9 	 156 	 Ey 	 2 	 -3.232541e-12 	 4.859223e-12
9 	 157 	 Ey 	 2 	 -1.624596e-12 	 4.073930e-12
9 	 158 	 Ey 	 2 	 -9.083158e-13 	 3.286020e-12
9 	 159 	 Ey 	 2 	 -5.935705e-13 	 2.646208e-12
9 	 160 	 Ey 	 2 	 -4.528124e-13 	 2.151754e-12
9 	 161 	 Ey 	 2 	 -6.271980e-08 	 -2.998830e-11
9 	 162 	 Ey 	 2 	 5.389499e-06 	 7.572982e-10
9 	 163 	 Ey 	 2 	 2.361920e-08 	 2.119943e-12
9 	 164 	 Ey 	 2 	 2.539793e-09 	 -1.564291e-11
9 	 165 	 Ey 	 2 	 6.592889e-10 	 -1.992249e-11
9 	 166 	 Ey 	 2 	 2.591894e-10 	 -1.767910e-11
9 	 167 	 Ey 	 2 	 1.334564e-10 	 -1.183101e-11
9 	 168 	 Ey 	 2 	 8.415119e-11 	 -4.942838e-12
9 	 169 	 Ey 	 2 	 6.108169e-11 	 1.068550e-12
9 	 170 	 Ey 	 2 	 4.755019e-11 	 4.811691e-12
9 	 171 	 Ey 	 2 	 3.765990e-11 	 6.020218e-12
9 	 172 	 Ey 	 2 	 2.975659e-11 	 5.417252e-12
9 	 173 	 Ey 	 2 	 2.354376e-11 	 4.088868e-12
9 	 174 	 Ey 	 2 	 1.889404e-11 	 2.951772e-12
9 	 175 	 Ey 	 2 	 1.546728e-11 	 2.234648e-12
9 	 176 	 Ey 	 2 	 1.288741e-11 	 1.786113e-12
9 	 177 	 Ey 	 2 	 -2.230259e-08 	 -2.458533e-11
9 	 178 	 Ey 	 2 	 7.928493e-09 	 -1.275799e-11
9 	 179 	 Ey 	 2 	 1.662641e-08 	 -2.013280e-11
9 	 180 	 Ey 	 2 	 4.678025e-09 	 -4.044406e-11
9 	 181 	 Ey 	 2 	 1.419748e-09 	 -4.724134e-11
9 	 182 	 Ey 	 2 	 5.148561e-10 	 -3.986921e-11
9 	 183 	 Ey 	 2 	 2.231178e-10 	 -2.588399e-11
9 	 184 	 Ey 	 2 	 1.163641e-10 	 -1.164585e-11
9 	 185 	 Ey 	 2 	 7.153869e-11 	 -8.600989e-13
9 	 186 	 Ey 	 2 	 4.840078e-11 	 4.978341e-12
9 	 187 	 Ey 	 2 	 3.371282e-11 	 6.626267e-12
9 	 188 	 Ey 	 2 	 2.339249e-11 	 5.670743e-12
9 	 189 	 Ey 	 2 	 1.612071e-11 	 3.813673e-12
9 	 190 	 Ey 	 2 	 1.129728e-11 	 2.431143e-12
9 	 191 	 Ey 	 2 	 8.151830e-12 	 1.722186e-12
9 	 192 	 Ey 	 2 	 6.011610e-12 	 1.360880e-12
9 	 193 	 Ey 	 2 	 -3.912417e-09 	 -1.902619e-11
9 	 194 	 Ey 	 2 	 7.302787e-10 	 -2.420117e-11
9 	 195 	 Ey 	 2 	 4.130880e-09 	 -3.525774e-11
9 	 196 	 Ey 	 2 	 2.700856e-09 	 -5.009567e-11
9 	 197 	 Ey 	 2 	 1.292445e-09 	 -5.481543e-11
9 	 198 	 Ey 	 2 	 6.071216e-10 	 -4.534956e-11
9 	 199 	 Ey 	 2 	 3.087702e-10 	 -2.887509e-11
9 	 200 	 Ey 	 2 	 1.754789e-10 	 -1.278560e-11
9 	 201 	 Ey 	 2 	 1.098519e-10 	 -1.558687e-12
9 	 202 	 Ey 	 2 	 7.284427e-11 	 3.963722e-12
9 	 203 	 Ey 	 2 	 4.968366e-11 	 5.420058e-12
9 	 204 	 Ey 	 2 	 3.430994e-11 	 4.553220e-12
9 	 205 	 Ey 	 2 	 2.394731e-11 	 2.924736e-12
9 	 206 	 Ey 	 2 	 1.710360e-11 	 1.757995e-12
9 	 207 	 Ey 	 2 	 1.255384e-11 	 1.206532e-12
9 	 208 	 Ey 	 2 	 9.407385e-12 	 9.605041e-13
9 	 209 	 Ey 	 2 	 -1.077953e-09 	 -1.764415e-11
9 	 210 	 Ey 	 2 	 1.312695e-10 	 -2.439968e-11
9 	 211 	 Ey 	 2 	 1.258241e-09 	 -3.362917e-11
9 	 212 	 Ey 	 2 	 1.258509e-09 	 -4.256591e-11
9 	 213 	 Ey 	 2 	 8.557851e-10 	 -4.432021e-11
9 	 214 	 Ey 	 2 	 5.167654e-10 	 -3.645528e-11
9 	 215 	 Ey 	 2 	 3.108718e-10 	 -2.339055e-11
9 	 216 	 Ey 	 2 	 1.948015e-10 	 -1.084743e-11
9 	 217 	 Ey 	 2 	 1.273979e-10 	 -2.394883e-12
9 	 218 	 Ey 	 2 	 8.581181e-11 	 1.659839e-12
9 	 219 	 Ey 	 2 	 5.909343e-11 	 2.846306e-12
9 	 220 	 Ey 	 2 	 4.146134e-11 	 2.521719e-12
9 	 221 	 Ey 	 2 	 2.963410e-11 	 1.696329e-12
9 	 222 	 Ey 	 2 	 2.164060e-11 	 1.055993e-12
9 	 223 	 Ey 	 2 	 1.614166e-11 	 7.391266e-13
9 	 224 	 Ey 	 2 	 1.225155e-11 	 6.065831e-13
9 	 225 	 Ey 	 2 	 -4.014816e-10 	 -1.531620e-11
9 	 226 	 Ey 	 2 	 2.878192e-11 	 -2.035581e-11
9 	 227 	 Ey 	 2 	 4.802469e-10 	 -2.603128e-11
9 	 228 	 Ey 	 2 	 6.029268e-10 	 -3.030434e-11
9 	 229 	 Ey 	 2 	 5.182828e-10 	 -3.022606e-11
9 	 230 	 Ey 	 2 	 3.806578e-10 	 -2.488342e-11
9 	 231 	 Ey 	 2 	 2.644482e-10 	 -1.656568e-11
9 	 232 	 Ey 	 2 	 1.822051e-10 	 -8.530877e-12
9 	 233 	 Ey 	 2 	 1.264715e-10 	 -2.959023e-12
9 	 234 	 Ey 	 2 	 8.867874e-11 	 -1.014629e-13
9 	 235 	 Ey 	 2 	 6.294720e-11 	 9.242068e-13
9 	 236 	 Ey 	 2 	 4.534508e-11 	 1.001111e-12
9 	 237 	 Ey 	 2 	 3.320845e-11 	 7.376062e-13
9 	 238 	 Ey 	 2 	 2.474596e-11 	 4.866764e-13
9 	 239 	 Ey 	 2 	 1.874692e-11 	 3.544736e-13
9 	 240 	 Ey 	 2 	 1.440970e-11 	 3.076100e-13
9 	 241 	 Ey 	 2 	 -1.816676e-10 	 -1.244218e-11
9 	 242 	 Ey 	 2 	 5.406981e-12 	 -1.560207e-11
9 	 243 	 Ey 	 2 	 2.175933e-10 	 -1.863643e-11
9 	 244 	 Ey 	 2 	 3.117933e-10 	 -2.040450e-11
9 	 245 	 Ey 	 2 	 3.119105e-10 	 -1.971190e-11
9 	 246 	 Ey 	 2 	 2.637986e-10 	 -1.635190e-11
9 	 247 	 Ey 	 2 	 2.055346e-10 	 -1.143633e-11
9 	 248 	 Ey 	 2 	 1.543172e-10 	 -6.623587e-12
9 	 249 	 Ey 	 2 	 1.141241e-10 	 -3.086865e-12
9 	 250 	 Ey 	 2 	 8.402647e-11 	 -1.066569e-12
9 	 251 	 Ey 	 2 	 6.201162e-11 	 -1.715621e-13
9 	 252 	 Ey 	 2 	 4.610427e-11 	 9.755931e-14
9 	 253 	 Ey 	 2 	 3.464508e-11 	 1.045089e-13
9 	 254 	 Ey 	 2 	 2.635478e-11 	 5.832502e-14
9 	 255 	 Ey 	 2 	 2.029818e-11 	 3.761876e-14
9 	 256 	 Ey 	 2 	 1.581874e-11 	 4.812029e-14
