iTx 	 iRx    chrec  ifreq 	 emf_real 	 emf_imag
3 	 1 	 Ex 	 1 	 9.059105e-11 	 2.560303e-11
3 	 2 	 Ex 	 1 	 1.325961e-10 	 3.207957e-11
3 	 3 	 Ex 	 1 	 2.006768e-10 	 4.042788e-11
3 	 4 	 Ex 	 1 	 3.171982e-10 	 5.172372e-11
3 	 5 	 Ex 	 1 	 5.296326e-10 	 6.780002e-11
3 	 6 	 Ex 	 1 	 9.494757e-10 	 9.155692e-11
3 	 7 	 Ex 	 1 	 1.879835e-09 	 1.279724e-10
3 	 8 	 Ex 	 1 	 4.302975e-09 	 1.876716e-10
3 	 9 	 Ex 	 1 	 1.175677e-08 	 2.992582e-10
3 	 10 	 Ex 	 1 	 1.148202e-08 	 5.503032e-10
3 	 11 	 Ex 	 1 	 -6.003692e-08 	 7.191301e-10
3 	 12 	 Ex 	 1 	 1.813624e-08 	 3.848946e-10
3 	 13 	 Ex 	 1 	 6.598890e-09 	 2.293745e-10
3 	 14 	 Ex 	 1 	 2.665687e-09 	 1.537957e-10
3 	 15 	 Ex 	 1 	 1.279914e-09 	 1.104341e-10
3 	 16 	 Ex 	 1 	 6.957732e-10 	 8.271170e-11
3 	 17 	 Ex 	 1 	 9.194372e-11 	 2.540249e-11
3 	 18 	 Ex 	 1 	 1.347456e-10 	 3.169362e-11
3 	 19 	 Ex 	 1 	 2.050119e-10 	 3.975804e-11
3 	 20 	 Ex 	 1 	 3.280616e-10 	 5.077729e-11
3 	 21 	 Ex 	 1 	 5.598303e-10 	 6.698402e-11
3 	 22 	 Ex 	 1 	 1.037673e-09 	 9.188548e-11
3 	 23 	 Ex 	 1 	 2.171462e-09 	 1.313811e-10
3 	 24 	 Ex 	 1 	 5.590265e-09 	 1.984199e-10
3 	 25 	 Ex 	 1 	 2.168496e-08 	 3.348093e-10
3 	 26 	 Ex 	 1 	 4.486128e-08 	 8.327217e-10
3 	 27 	 Ex 	 1 	 6.862856e-07 	 2.178620e-09
3 	 28 	 Ex 	 1 	 5.132338e-08 	 4.551513e-10
3 	 29 	 Ex 	 1 	 9.522644e-09 	 2.466584e-10
3 	 30 	 Ex 	 1 	 3.208905e-09 	 1.603553e-10
3 	 31 	 Ex 	 1 	 1.434623e-09 	 1.135347e-10
3 	 32 	 Ex 	 1 	 7.535200e-10 	 8.432536e-11
3 	 33 	 Ex 	 1 	 8.647683e-11 	 2.485438e-11
3 	 34 	 Ex 	 1 	 1.245417e-10 	 3.069420e-11
3 	 35 	 Ex 	 1 	 1.854957e-10 	 3.786289e-11
3 	 36 	 Ex 	 1 	 2.904431e-10 	 4.751336e-11
3 	 37 	 Ex 	 1 	 4.837383e-10 	 6.215418e-11
3 	 38 	 Ex 	 1 	 8.593541e-10 	 8.558707e-11
3 	 39 	 Ex 	 1 	 1.638223e-09 	 1.226981e-10
3 	 40 	 Ex 	 1 	 3.373506e-09 	 1.814927e-10
3 	 41 	 Ex 	 1 	 6.752811e-09 	 2.785436e-10
3 	 42 	 Ex 	 1 	 -4.288573e-09 	 4.436105e-10
3 	 43 	 Ex 	 1 	 -2.786816e-08 	 5.165454e-10
3 	 44 	 Ex 	 1 	 7.068062e-09 	 3.408321e-10
3 	 45 	 Ex 	 1 	 4.696474e-09 	 2.185210e-10
3 	 46 	 Ex 	 1 	 2.246403e-09 	 1.502309e-10
3 	 47 	 Ex 	 1 	 1.160609e-09 	 1.088150e-10
3 	 48 	 Ex 	 1 	 6.554446e-10 	 8.171166e-11
3 	 49 	 Ex 	 1 	 7.552941e-11 	 2.410716e-11
3 	 50 	 Ex 	 1 	 1.049092e-10 	 2.929425e-11
3 	 51 	 Ex 	 1 	 1.488609e-10 	 3.520376e-11
3 	 52 	 Ex 	 1 	 2.199197e-10 	 4.271499e-11
3 	 53 	 Ex 	 1 	 3.424359e-10 	 5.452916e-11
3 	 54 	 Ex 	 1 	 5.488574e-10 	 7.446854e-11
3 	 55 	 Ex 	 1 	 8.573441e-10 	 1.057717e-10
3 	 56 	 Ex 	 1 	 1.129949e-09 	 1.508441e-10
3 	 57 	 Ex 	 1 	 4.135744e-10 	 2.060853e-10
3 	 58 	 Ex 	 1 	 -3.457919e-09 	 2.566777e-10
3 	 59 	 Ex 	 1 	 -5.291614e-09 	 2.679397e-10
3 	 60 	 Ex 	 1 	 -8.883835e-10 	 2.271745e-10
3 	 61 	 Ex 	 1 	 1.034395e-09 	 1.736861e-10
3 	 62 	 Ex 	 1 	 1.015724e-09 	 1.298884e-10
3 	 63 	 Ex 	 1 	 7.090867e-10 	 9.818165e-11
3 	 64 	 Ex 	 1 	 4.683736e-10 	 7.561173e-11
3 	 65 	 Ex 	 1 	 6.178285e-11 	 2.313878e-11
3 	 66 	 Ex 	 1 	 8.174450e-11 	 2.771143e-11
3 	 67 	 Ex 	 1 	 1.083292e-10 	 3.251857e-11
3 	 68 	 Ex 	 1 	 1.461995e-10 	 3.793157e-11
3 	 69 	 Ex 	 1 	 2.042052e-10 	 4.654255e-11
3 	 70 	 Ex 	 1 	 2.813798e-10 	 6.215264e-11
3 	 71 	 Ex 	 1 	 3.343313e-10 	 8.678639e-11
3 	 72 	 Ex 	 1 	 2.085619e-10 	 1.204172e-10
3 	 73 	 Ex 	 1 	 -4.123910e-10 	 1.538689e-10
3 	 74 	 Ex 	 1 	 -1.507269e-09 	 1.737530e-10
3 	 75 	 Ex 	 1 	 -1.824307e-09 	 1.757700e-10
3 	 76 	 Ex 	 1 	 -9.084791e-10 	 1.607821e-10
3 	 77 	 Ex 	 1 	 -6.827929e-12 	 1.349031e-10
3 	 78 	 Ex 	 1 	 3.241749e-10 	 1.075648e-10
3 	 79 	 Ex 	 1 	 3.478079e-10 	 8.491752e-11
3 	 80 	 Ex 	 1 	 2.840423e-10 	 6.743704e-11
3 	 81 	 Ex 	 1 	 4.778549e-11 	 2.203978e-11
3 	 82 	 Ex 	 1 	 5.983888e-11 	 2.609451e-11
3 	 83 	 Ex 	 1 	 7.328922e-11 	 3.005775e-11
3 	 84 	 Ex 	 1 	 8.826036e-11 	 3.389345e-11
3 	 85 	 Ex 	 1 	 1.058066e-10 	 3.981092e-11
3 	 86 	 Ex 	 1 	 1.167368e-10 	 5.133996e-11
3 	 87 	 Ex 	 1 	 8.444749e-11 	 6.987295e-11
3 	 88 	 Ex 	 1 	 -6.401673e-11 	 9.459868e-11
3 	 89 	 Ex 	 1 	 -3.917538e-10 	 1.172085e-10
3 	 90 	 Ex 	 1 	 -7.753490e-10 	 1.274467e-10
3 	 91 	 Ex 	 1 	 -8.607227e-10 	 1.275953e-10
3 	 92 	 Ex 	 1 	 -5.867845e-10 	 1.203084e-10
3 	 93 	 Ex 	 1 	 -1.991898e-10 	 1.055354e-10
3 	 94 	 Ex 	 1 	 4.404154e-11 	 8.758369e-11
3 	 95 	 Ex 	 1 	 1.362389e-10 	 7.166887e-11
3 	 96 	 Ex 	 1 	 1.483646e-10 	 5.853606e-11
3 	 97 	 Ex 	 1 	 3.505748e-11 	 2.078883e-11
3 	 98 	 Ex 	 1 	 4.136572e-11 	 2.435002e-11
3 	 99 	 Ex 	 1 	 4.653079e-11 	 2.774803e-11
3 	 100 	 Ex 	 1 	 4.887251e-11 	 3.053397e-11
3 	 101 	 Ex 	 1 	 4.680184e-11 	 3.446616e-11
3 	 102 	 Ex 	 1 	 3.243931e-11 	 4.262419e-11
3 	 103 	 Ex 	 1 	 -1.579783e-11 	 5.606182e-11
3 	 104 	 Ex 	 1 	 -1.273119e-10 	 7.402482e-11
3 	 105 	 Ex 	 1 	 -3.022273e-10 	 9.012709e-11
3 	 106 	 Ex 	 1 	 -4.637706e-10 	 9.700633e-11
3 	 107 	 Ex 	 1 	 -4.904509e-10 	 9.714333e-11
3 	 108 	 Ex 	 1 	 -3.850111e-10 	 9.287784e-11
3 	 109 	 Ex 	 1 	 -2.016157e-10 	 8.333374e-11
3 	 110 	 Ex 	 1 	 -5.261867e-11 	 7.093649e-11
3 	 111 	 Ex 	 1 	 3.002874e-11 	 5.966126e-11
3 	 112 	 Ex 	 1 	 6.325090e-11 	 5.000901e-11
3 	 113 	 Ex 	 1 	 2.428014e-11 	 1.937990e-11
3 	 114 	 Ex 	 1 	 2.691892e-11 	 2.258119e-11
3 	 115 	 Ex 	 1 	 2.743619e-11 	 2.550702e-11
3 	 116 	 Ex 	 1 	 2.391093e-11 	 2.753828e-11
3 	 117 	 Ex 	 1 	 1.440909e-11 	 2.997953e-11
3 	 118 	 Ex 	 1 	 -6.336300e-12 	 3.555175e-11
3 	 119 	 Ex 	 1 	 -5.036168e-11 	 4.506835e-11
3 	 120 	 Ex 	 1 	 -1.298928e-10 	 5.802767e-11
3 	 121 	 Ex 	 1 	 -2.321806e-10 	 6.977887e-11
3 	 122 	 Ex 	 1 	 -3.106030e-10 	 7.505122e-11
3 	 123 	 Ex 	 1 	 -3.173680e-10 	 7.552581e-11
3 	 124 	 Ex 	 1 	 -2.682964e-10 	 7.287358e-11
3 	 125 	 Ex 	 1 	 -1.710345e-10 	 6.622946e-11
3 	 126 	 Ex 	 1 	 -7.989755e-11 	 5.740501e-11
3 	 127 	 Ex 	 1 	 -1.883350e-11 	 4.926754e-11
3 	 128 	 Ex 	 1 	 1.446033e-11 	 4.218113e-11
3 	 129 	 Ex 	 1 	 1.564840e-11 	 1.790957e-11
3 	 130 	 Ex 	 1 	 1.614276e-11 	 2.081935e-11
3 	 131 	 Ex 	 1 	 1.428830e-11 	 2.323401e-11
3 	 132 	 Ex 	 1 	 8.627365e-12 	 2.468269e-11
3 	 133 	 Ex 	 1 	 -2.430425e-12 	 2.615229e-11
3 	 134 	 Ex 	 1 	 -2.245553e-11 	 2.985708e-11
3 	 135 	 Ex 	 1 	 -5.851522e-11 	 3.647359e-11
3 	 136 	 Ex 	 1 	 -1.163859e-10 	 4.570315e-11
3 	 137 	 Ex 	 1 	 -1.822392e-10 	 5.435175e-11
3 	 138 	 Ex 	 1 	 -2.251805e-10 	 5.851774e-11
3 	 139 	 Ex 	 1 	 -2.244867e-10 	 5.926938e-11
3 	 140 	 Ex 	 1 	 -1.978575e-10 	 5.761909e-11
3 	 141 	 Ex 	 1 	 -1.405943e-10 	 5.290546e-11
3 	 142 	 Ex 	 1 	 -8.251433e-11 	 4.652709e-11
3 	 143 	 Ex 	 1 	 -3.936328e-11 	 4.058602e-11
3 	 144 	 Ex 	 1 	 -1.180630e-11 	 3.537575e-11
3 	 145 	 Ex 	 1 	 9.011370e-12 	 1.641698e-11
3 	 146 	 Ex 	 1 	 8.317350e-12 	 1.899485e-11
3 	 147 	 Ex 	 1 	 5.526953e-12 	 2.101919e-11
3 	 148 	 Ex 	 1 	 -4.279758e-13 	 2.204074e-11
3 	 149 	 Ex 	 1 	 -1.078074e-11 	 2.283975e-11
3 	 150 	 Ex 	 1 	 -2.811057e-11 	 2.523051e-11
3 	 151 	 Ex 	 1 	 -5.692389e-11 	 2.971997e-11
3 	 152 	 Ex 	 1 	 -1.003612e-10 	 3.617239e-11
3 	 153 	 Ex 	 1 	 -1.461228e-10 	 4.241667e-11
3 	 154 	 Ex 	 1 	 -1.720674e-10 	 4.569535e-11
3 	 155 	 Ex 	 1 	 -1.686697e-10 	 4.657268e-11
3 	 156 	 Ex 	 1 	 -1.524826e-10 	 4.563201e-11
3 	 157 	 Ex 	 1 	 -1.158071e-10 	 4.232323e-11
3 	 158 	 Ex 	 1 	 -7.703786e-11 	 3.773724e-11
3 	 159 	 Ex 	 1 	 -4.654472e-11 	 3.343051e-11
3 	 160 	 Ex 	 1 	 -2.512864e-11 	 2.954205e-11
3 	 161 	 Ex 	 1 	 4.075037e-12 	 1.496633e-11
3 	 162 	 Ex 	 1 	 2.701681e-12 	 1.709880e-11
3 	 163 	 Ex 	 1 	 -2.611575e-13 	 1.879462e-11
3 	 164 	 Ex 	 1 	 -5.641882e-12 	 1.962363e-11
3 	 165 	 Ex 	 1 	 -1.470981e-11 	 2.005775e-11
3 	 166 	 Ex 	 1 	 -2.934377e-11 	 2.145379e-11
3 	 167 	 Ex 	 1 	 -5.246362e-11 	 2.435177e-11
3 	 168 	 Ex 	 1 	 -8.579304e-11 	 2.866726e-11
3 	 169 	 Ex 	 1 	 -1.190113e-10 	 3.306650e-11
3 	 170 	 Ex 	 1 	 -1.357276e-10 	 3.563717e-11
3 	 171 	 Ex 	 1 	 -1.315280e-10 	 3.655331e-11
3 	 172 	 Ex 	 1 	 -1.210378e-10 	 3.607890e-11
3 	 173 	 Ex 	 1 	 -9.630185e-11 	 3.383718e-11
3 	 174 	 Ex 	 1 	 -6.952358e-11 	 3.061851e-11
3 	 175 	 Ex 	 1 	 -4.767708e-11 	 2.752675e-11
3 	 176 	 Ex 	 1 	 -3.129820e-11 	 2.462314e-11
3 	 177 	 Ex 	 1 	 1.663270e-13 	 1.330365e-11
3 	 178 	 Ex 	 1 	 -1.399071e-12 	 1.514702e-11
3 	 179 	 Ex 	 1 	 -4.102719e-12 	 1.667942e-11
3 	 180 	 Ex 	 1 	 -8.727585e-12 	 1.747589e-11
3 	 181 	 Ex 	 1 	 -1.668736e-11 	 1.764877e-11
3 	 182 	 Ex 	 1 	 -2.926343e-11 	 1.827604e-11
3 	 183 	 Ex 	 1 	 -4.801230e-11 	 1.991897e-11
3 	 184 	 Ex 	 1 	 -7.356779e-11 	 2.261974e-11
3 	 185 	 Ex 	 1 	 -9.766175e-11 	 2.560798e-11
3 	 186 	 Ex 	 1 	 -1.086874e-10 	 2.760589e-11
3 	 187 	 Ex 	 1 	 -1.045822e-10 	 2.849119e-11
3 	 188 	 Ex 	 1 	 -9.780229e-11 	 2.831974e-11
3 	 189 	 Ex 	 1 	 -8.095964e-11 	 2.686932e-11
3 	 190 	 Ex 	 1 	 -6.225911e-11 	 2.469966e-11
3 	 191 	 Ex 	 1 	 -4.629773e-11 	 2.256495e-11
3 	 192 	 Ex 	 1 	 -3.359740e-11 	 2.048235e-11
3 	 193 	 Ex 	 1 	 -2.975226e-12 	 1.155190e-11
3 	 194 	 Ex 	 1 	 -4.574355e-12 	 1.316364e-11
3 	 195 	 Ex 	 1 	 -7.010224e-12 	 1.458360e-11
3 	 196 	 Ex 	 1 	 -1.123323e-11 	 1.529339e-11
3 	 197 	 Ex 	 1 	 -1.838376e-11 	 1.534508e-11
3 	 198 	 Ex 	 1 	 -2.916606e-11 	 1.554384e-11
3 	 199 	 Ex 	 1 	 -4.415791e-11 	 1.640018e-11
3 	 200 	 Ex 	 1 	 -6.292751e-11 	 1.800620e-11
3 	 201 	 Ex 	 1 	 -7.957123e-11 	 1.992724e-11
3 	 202 	 Ex 	 1 	 -8.704990e-11 	 2.143163e-11
3 	 203 	 Ex 	 1 	 -8.370256e-11 	 2.220866e-11
3 	 204 	 Ex 	 1 	 -7.964467e-11 	 2.217347e-11
3 	 205 	 Ex 	 1 	 -6.846360e-11 	 2.127449e-11
3 	 206 	 Ex 	 1 	 -5.555619e-11 	 1.986938e-11
3 	 207 	 Ex 	 1 	 -4.378789e-11 	 1.837640e-11
3 	 208 	 Ex 	 1 	 -3.382745e-11 	 1.690619e-11
3 	 209 	 Ex 	 1 	 -5.428064e-12 	 9.912362e-12
3 	 210 	 Ex 	 1 	 -7.127489e-12 	 1.127141e-11
3 	 211 	 Ex 	 1 	 -9.700878e-12 	 1.234891e-11
3 	 212 	 Ex 	 1 	 -1.376256e-11 	 1.294415e-11
3 	 213 	 Ex 	 1 	 -2.003625e-11 	 1.309772e-11
3 	 214 	 Ex 	 1 	 -2.889037e-11 	 1.324997e-11
3 	 215 	 Ex 	 1 	 -4.031033e-11 	 1.375508e-11
3 	 216 	 Ex 	 1 	 -5.326271e-11 	 1.469343e-11
3 	 217 	 Ex 	 1 	 -6.418576e-11 	 1.586308e-11
3 	 218 	 Ex 	 1 	 -6.955913e-11 	 1.688154e-11
3 	 219 	 Ex 	 1 	 -6.722640e-11 	 1.746617e-11
3 	 220 	 Ex 	 1 	 -6.515073e-11 	 1.750274e-11
3 	 221 	 Ex 	 1 	 -5.786267e-11 	 1.697158e-11
3 	 222 	 Ex 	 1 	 -4.908501e-11 	 1.607396e-11
3 	 223 	 Ex 	 1 	 -4.046963e-11 	 1.502111e-11
3 	 224 	 Ex 	 1 	 -3.270981e-11 	 1.393241e-11
3 	 225 	 Ex 	 1 	 -7.155120e-12 	 8.553989e-12
3 	 226 	 Ex 	 1 	 -9.191736e-12 	 9.441014e-12
3 	 227 	 Ex 	 1 	 -1.196297e-11 	 1.016152e-11
3 	 228 	 Ex 	 1 	 -1.578083e-11 	 1.067292e-11
3 	 229 	 Ex 	 1 	 -2.101573e-11 	 1.101882e-11
3 	 230 	 Ex 	 1 	 -2.789047e-11 	 1.131012e-11
3 	 231 	 Ex 	 1 	 -3.619592e-11 	 1.169159e-11
3 	 232 	 Ex 	 1 	 -4.492364e-11 	 1.223591e-11
3 	 233 	 Ex 	 1 	 -5.209344e-11 	 1.289705e-11
3 	 234 	 Ex 	 1 	 -5.602103e-11 	 1.351017e-11
3 	 235 	 Ex 	 1 	 -5.445250e-11 	 1.389120e-11
3 	 236 	 Ex 	 1 	 -5.371004e-11 	 1.394855e-11
3 	 237 	 Ex 	 1 	 -4.893386e-11 	 1.366385e-11
3 	 238 	 Ex 	 1 	 -4.292014e-11 	 1.311547e-11
3 	 239 	 Ex 	 1 	 -3.665153e-11 	 1.238599e-11
3 	 240 	 Ex 	 1 	 -3.071803e-11 	 1.153460e-11
3 	 241 	 Ex 	 1 	 -8.551721e-12 	 7.186967e-12
3 	 242 	 Ex 	 1 	 -1.067233e-11 	 7.817961e-12
3 	 243 	 Ex 	 1 	 -1.334688e-11 	 8.376244e-12
3 	 244 	 Ex 	 1 	 -1.672714e-11 	 8.865577e-12
3 	 245 	 Ex 	 1 	 -2.107958e-11 	 9.205459e-12
3 	 246 	 Ex 	 1 	 -2.643864e-11 	 9.441708e-12
3 	 247 	 Ex 	 1 	 -3.246209e-11 	 9.687687e-12
3 	 248 	 Ex 	 1 	 -3.840990e-11 	 1.001063e-11
3 	 249 	 Ex 	 1 	 -4.321484e-11 	 1.039859e-11
3 	 250 	 Ex 	 1 	 -4.605160e-11 	 1.076025e-11
3 	 251 	 Ex 	 1 	 -4.489450e-11 	 1.099094e-11
3 	 252 	 Ex 	 1 	 -4.495283e-11 	 1.103378e-11
3 	 253 	 Ex 	 1 	 -4.180574e-11 	 1.086532e-11
3 	 254 	 Ex 	 1 	 -3.763920e-11 	 1.052047e-11
3 	 255 	 Ex 	 1 	 -3.302086e-11 	 1.005714e-11
3 	 256 	 Ex 	 1 	 -2.840251e-11 	 9.494279e-12
3 	 1 	 Ex 	 2 	 5.502723e-11 	 2.131667e-11
3 	 2 	 Ex 	 2 	 8.573410e-11 	 3.480053e-11
3 	 3 	 Ex 	 2 	 1.398392e-10 	 5.554764e-11
3 	 4 	 Ex 	 2 	 2.389104e-10 	 8.773349e-11
3 	 5 	 Ex 	 2 	 4.293377e-10 	 1.380649e-10
3 	 6 	 Ex 	 2 	 8.216189e-10 	 2.176819e-10
3 	 7 	 Ex 	 2 	 1.718509e-09 	 3.472495e-10
3 	 8 	 Ex 	 2 	 4.102906e-09 	 5.724371e-10
3 	 9 	 Ex 	 2 	 1.151467e-08 	 1.016038e-09
3 	 10 	 Ex 	 2 	 1.120019e-08 	 2.010674e-09
3 	 11 	 Ex 	 2 	 -6.033124e-08 	 2.568729e-09
3 	 12 	 Ex 	 2 	 1.787446e-08 	 1.362181e-09
3 	 13 	 Ex 	 2 	 6.377394e-09 	 7.316958e-10
3 	 14 	 Ex 	 2 	 2.482110e-09 	 4.365576e-10
3 	 15 	 Ex 	 2 	 1.129879e-09 	 2.762348e-10
3 	 16 	 Ex 	 2 	 5.745247e-10 	 1.801624e-10
3 	 17 	 Ex 	 2 	 5.658591e-11 	 2.092488e-11
3 	 18 	 Ex 	 2 	 8.838715e-11 	 3.404461e-11
3 	 19 	 Ex 	 2 	 1.451357e-10 	 5.438257e-11
3 	 20 	 Ex 	 2 	 2.512453e-10 	 8.658757e-11
3 	 21 	 Ex 	 2 	 4.610534e-10 	 1.384434e-10
3 	 22 	 Ex 	 2 	 9.102922e-10 	 2.227466e-10
3 	 23 	 Ex 	 2 	 2.007976e-09 	 3.632860e-10
3 	 24 	 Ex 	 2 	 5.383838e-09 	 6.163408e-10
3 	 25 	 Ex 	 2 	 2.143097e-08 	 1.170030e-09
3 	 26 	 Ex 	 2 	 4.455562e-08 	 3.189373e-09
3 	 27 	 Ex 	 2 	 6.859689e-07 	 9.585097e-09
3 	 28 	 Ex 	 2 	 5.104738e-08 	 1.692083e-09
3 	 29 	 Ex 	 2 	 9.292982e-09 	 8.027871e-10
3 	 30 	 Ex 	 2 	 3.020370e-09 	 4.626224e-10
3 	 31 	 Ex 	 2 	 1.281490e-09 	 2.887048e-10
3 	 32 	 Ex 	 2 	 6.302700e-10 	 1.870185e-10
3 	 33 	 Ex 	 2 	 5.203454e-11 	 1.956787e-11
3 	 34 	 Ex 	 2 	 7.979848e-11 	 3.140856e-11
3 	 35 	 Ex 	 2 	 1.285509e-10 	 4.954842e-11
3 	 36 	 Ex 	 2 	 2.184363e-10 	 7.854822e-11
3 	 37 	 Ex 	 2 	 3.916135e-10 	 1.265305e-10
3 	 38 	 Ex 	 2 	 7.395278e-10 	 2.055405e-10
3 	 39 	 Ex 	 2 	 1.481997e-09 	 3.342598e-10
3 	 40 	 Ex 	 2 	 3.173638e-09 	 5.474016e-10
3 	 41 	 Ex 	 2 	 6.508392e-09 	 9.192874e-10
3 	 42 	 Ex 	 2 	 -4.568134e-09 	 1.550238e-09
3 	 43 	 Ex 	 2 	 -2.815538e-08 	 1.803429e-09
3 	 44 	 Ex 	 2 	 6.808189e-09 	 1.163470e-09
3 	 45 	 Ex 	 2 	 4.475332e-09 	 6.839000e-10
3 	 46 	 Ex 	 2 	 2.063479e-09 	 4.231904e-10
3 	 47 	 Ex 	 2 	 1.011548e-09 	 2.725615e-10
3 	 48 	 Ex 	 2 	 5.351665e-10 	 1.795631e-10
3 	 49 	 Ex 	 2 	 4.248280e-11 	 1.766958e-11
3 	 50 	 Ex 	 2 	 6.257608e-11 	 2.772453e-11
3 	 51 	 Ex 	 2 	 9.614995e-11 	 4.255233e-11
3 	 52 	 Ex 	 2 	 1.550700e-10 	 6.600505e-11
3 	 53 	 Ex 	 2 	 2.608033e-10 	 1.060029e-10
3 	 54 	 Ex 	 2 	 4.422113e-10 	 1.725360e-10
3 	 55 	 Ex 	 2 	 7.162126e-10 	 2.762449e-10
3 	 56 	 Ex 	 2 	 9.464896e-10 	 4.273765e-10
3 	 57 	 Ex 	 2 	 1.906151e-10 	 6.202245e-10
3 	 58 	 Ex 	 2 	 -3.703278e-09 	 8.047694e-10
3 	 59 	 Ex 	 2 	 -5.538914e-09 	 8.473700e-10
3 	 60 	 Ex 	 2 	 -1.118986e-09 	 6.992529e-10
3 	 61 	 Ex 	 2 	 8.329241e-10 	 5.033158e-10
3 	 62 	 Ex 	 2 	 8.469824e-10 	 3.461230e-10
3 	 63 	 Ex 	 2 	 5.703376e-10 	 2.358002e-10
3 	 64 	 Ex 	 2 	 3.554824e-10 	 1.605756e-10
3 	 65 	 Ex 	 2 	 3.057599e-11 	 1.571038e-11
3 	 66 	 Ex 	 2 	 4.227018e-11 	 2.405402e-11
3 	 67 	 Ex 	 2 	 6.017429e-11 	 3.573144e-11
3 	 68 	 Ex 	 2 	 8.885435e-11 	 5.358301e-11
3 	 69 	 Ex 	 2 	 1.339474e-10 	 8.450888e-11
3 	 70 	 Ex 	 2 	 1.900192e-10 	 1.361056e-10
3 	 71 	 Ex 	 2 	 2.122398e-10 	 2.130232e-10
3 	 72 	 Ex 	 2 	 4.710894e-11 	 3.143528e-10
3 	 73 	 Ex 	 2 	 -6.090372e-10 	 4.162166e-10
3 	 74 	 Ex 	 2 	 -1.719455e-09 	 4.817145e-10
3 	 75 	 Ex 	 2 	 -2.036130e-09 	 4.902920e-10
3 	 76 	 Ex 	 2 	 -1.108529e-09 	 4.402690e-10
3 	 77 	 Ex 	 2 	 -1.840429e-10 	 3.548745e-10
3 	 78 	 Ex 	 2 	 1.745273e-10 	 2.653969e-10
3 	 79 	 Ex 	 2 	 2.234667e-10 	 1.913233e-10
3 	 80 	 Ex 	 2 	 1.817001e-10 	 1.354095e-10
3 	 81 	 Ex 	 2 	 1.870499e-11 	 1.397317e-11
3 	 82 	 Ex 	 2 	 2.344717e-11 	 2.098322e-11
3 	 83 	 Ex 	 2 	 2.961765e-11 	 3.037402e-11
3 	 84 	 Ex 	 2 	 3.770122e-11 	 4.406141e-11
3 	 85 	 Ex 	 2 	 4.567628e-11 	 6.717392e-11
3 	 86 	 Ex 	 2 	 3.972598e-11 	 1.048516e-10
3 	 87 	 Ex 	 2 	 -1.844691e-11 	 1.584152e-10
3 	 88 	 Ex 	 2 	 -2.012153e-10 	 2.237837e-10
3 	 89 	 Ex 	 2 	 -5.596694e-10 	 2.808498e-10
3 	 90 	 Ex 	 2 	 -9.554872e-10 	 3.084315e-10
3 	 91 	 Ex 	 2 	 -1.040154e-09 	 3.096054e-10
3 	 92 	 Ex 	 2 	 -7.573877e-10 	 2.891050e-10
3 	 93 	 Ex 	 2 	 -3.513402e-10 	 2.479223e-10
3 	 94 	 Ex 	 2 	 -8.507502e-11 	 1.964376e-10
3 	 95 	 Ex 	 2 	 2.795346e-11 	 1.485195e-10
3 	 96 	 Ex 	 2 	 5.823270e-11 	 1.090480e-10
3 	 97 	 Ex 	 2 	 8.367428e-12 	 1.248856e-11
3 	 98 	 Ex 	 2 	 8.290720e-12 	 1.848670e-11
3 	 99 	 Ex 	 2 	 7.261701e-12 	 2.626386e-11
3 	 100 	 Ex 	 2 	 4.281085e-12 	 3.700153e-11
3 	 101 	 Ex 	 2 	 -4.791850e-12 	 5.402226e-11
3 	 102 	 Ex 	 2 	 -3.217915e-11 	 8.035243e-11
3 	 103 	 Ex 	 2 	 -1.011735e-10 	 1.156203e-10
3 	 104 	 Ex 	 2 	 -2.408836e-10 	 1.556979e-10
3 	 105 	 Ex 	 2 	 -4.413761e-10 	 1.881041e-10
3 	 106 	 Ex 	 2 	 -6.133650e-10 	 2.021242e-10
3 	 107 	 Ex 	 2 	 -6.399000e-10 	 2.026538e-10
3 	 108 	 Ex 	 2 	 -5.277711e-10 	 1.934541e-10
3 	 109 	 Ex 	 2 	 -3.295395e-10 	 1.721298e-10
3 	 110 	 Ex 	 2 	 -1.617121e-10 	 1.421386e-10
3 	 111 	 Ex 	 2 	 -6.222367e-11 	 1.116793e-10
3 	 112 	 Ex 	 2 	 -1.435002e-11 	 8.468030e-11
3 	 113 	 Ex 	 2 	 1.710933e-13 	 1.117631e-11
3 	 114 	 Ex 	 2 	 -2.811647e-12 	 1.633831e-11
3 	 115 	 Ex 	 2 	 -7.577655e-12 	 2.284650e-11
3 	 116 	 Ex 	 2 	 -1.526342e-11 	 3.133646e-11
3 	 117 	 Ex 	 2 	 -2.980897e-11 	 4.370815e-11
3 	 118 	 Ex 	 2 	 -6.031001e-11 	 6.143476e-11
3 	 119 	 Ex 	 2 	 -1.203347e-10 	 8.337968e-11
3 	 120 	 Ex 	 2 	 -2.219973e-10 	 1.062816e-10
3 	 121 	 Ex 	 2 	 -3.447387e-10 	 1.238967e-10
3 	 122 	 Ex 	 2 	 -4.321165e-10 	 1.319119e-10
3 	 123 	 Ex 	 2 	 -4.394294e-10 	 1.331311e-10
3 	 124 	 Ex 	 2 	 -3.854680e-10 	 1.292975e-10
3 	 125 	 Ex 	 2 	 -2.765434e-10 	 1.182051e-10
3 	 126 	 Ex 	 2 	 -1.704337e-10 	 1.009006e-10
3 	 127 	 Ex 	 2 	 -9.595124e-11 	 8.182933e-11
3 	 128 	 Ex 	 2 	 -5.098750e-11 	 6.374760e-11
3 	 129 	 Ex 	 2 	 -5.845764e-12 	 9.961735e-12
3 	 130 	 Ex 	 2 	 -1.031039e-11 	 1.438540e-11
3 	 131 	 Ex 	 2 	 -1.658623e-11 	 1.981335e-11
3 	 132 	 Ex 	 2 	 -2.549111e-11 	 2.649121e-11
3 	 133 	 Ex 	 2 	 -4.020173e-11 	 3.533148e-11
3 	 134 	 Ex 	 2 	 -6.735587e-11 	 4.678498e-11
3 	 135 	 Ex 	 2 	 -1.153254e-10 	 5.948448e-11
3 	 136 	 Ex 	 2 	 -1.898415e-10 	 7.106256e-11
3 	 137 	 Ex 	 2 	 -2.714228e-10 	 7.940882e-11
3 	 138 	 Ex 	 2 	 -3.217961e-10 	 8.403036e-11
3 	 139 	 Ex 	 2 	 -3.221671e-10 	 8.581319e-11
3 	 140 	 Ex 	 2 	 -2.921860e-10 	 8.489454e-11
3 	 141 	 Ex 	 2 	 -2.260702e-10 	 7.965473e-11
3 	 142 	 Ex 	 2 	 -1.564308e-10 	 7.010580e-11
3 	 143 	 Ex 	 2 	 -1.028027e-10 	 5.844438e-11
3 	 144 	 Ex 	 2 	 -6.605593e-11 	 4.657543e-11
3 	 145 	 Ex 	 2 	 -9.936708e-12 	 8.802715e-12
3 	 146 	 Ex 	 2 	 -1.493337e-11 	 1.257217e-11
3 	 147 	 Ex 	 2 	 -2.144871e-11 	 1.707297e-11
3 	 148 	 Ex 	 2 	 -2.996036e-11 	 2.226993e-11
3 	 149 	 Ex 	 2 	 -4.291922e-11 	 2.841288e-11
3 	 150 	 Ex 	 2 	 -6.528347e-11 	 3.537289e-11
3 	 151 	 Ex 	 2 	 -1.025750e-10 	 4.183260e-11
3 	 152 	 Ex 	 2 	 -1.579350e-10 	 4.613971e-11
3 	 153 	 Ex 	 2 	 -2.152376e-10 	 4.867548e-11
3 	 154 	 Ex 	 2 	 -2.471595e-10 	 5.114830e-11
3 	 155 	 Ex 	 2 	 -2.451374e-10 	 5.316974e-11
3 	 156 	 Ex 	 2 	 -2.268481e-10 	 5.386291e-11
3 	 157 	 Ex 	 2 	 -1.837700e-10 	 5.208694e-11
3 	 158 	 Ex 	 2 	 -1.363898e-10 	 4.733814e-11
3 	 159 	 Ex 	 2 	 -9.792299e-11 	 4.049154e-11
3 	 160 	 Ex 	 2 	 -6.935526e-11 	 3.290289e-11
3 	 161 	 Ex 	 2 	 -1.247244e-11 	 7.664403e-12
3 	 162 	 Ex 	 2 	 -1.742272e-11 	 1.085640e-11
3 	 163 	 Ex 	 2 	 -2.353819e-11 	 1.458086e-11
3 	 164 	 Ex 	 2 	 -3.108596e-11 	 1.857918e-11
3 	 165 	 Ex 	 2 	 -4.197942e-11 	 2.263381e-11
3 	 166 	 Ex 	 2 	 -5.992886e-11 	 2.637185e-11
3 	 167 	 Ex 	 2 	 -8.867292e-11 	 2.870283e-11
3 	 168 	 Ex 	 2 	 -1.300274e-10 	 2.856001e-11
3 	 169 	 Ex 	 2 	 -1.712986e-10 	 2.768997e-11
3 	 170 	 Ex 	 2 	 -1.926894e-10 	 2.885963e-11
3 	 171 	 Ex 	 2 	 -1.900209e-10 	 3.088362e-11
3 	 172 	 Ex 	 2 	 -1.783863e-10 	 3.235424e-11
3 	 173 	 Ex 	 2 	 -1.492623e-10 	 3.250000e-11
3 	 174 	 Ex 	 2 	 -1.163473e-10 	 3.063316e-11
3 	 175 	 Ex 	 2 	 -8.860254e-11 	 2.689173e-11
3 	 176 	 Ex 	 2 	 -6.674767e-11 	 2.224374e-11
3 	 177 	 Ex 	 2 	 -1.384867e-11 	 6.499810e-12
3 	 178 	 Ex 	 2 	 -1.845414e-11 	 9.147430e-12
3 	 179 	 Ex 	 2 	 -2.393034e-11 	 1.218304e-11
3 	 180 	 Ex 	 2 	 -3.049594e-11 	 1.519337e-11
3 	 181 	 Ex 	 2 	 -3.966613e-11 	 1.763250e-11
3 	 182 	 Ex 	 2 	 -5.409212e-11 	 1.908113e-11
3 	 183 	 Ex 	 2 	 -7.617235e-11 	 1.882326e-11
3 	 184 	 Ex 	 2 	 -1.066959e-10 	 1.633870e-11
3 	 185 	 Ex 	 2 	 -1.361137e-10 	 1.391041e-11
3 	 186 	 Ex 	 2 	 -1.507297e-10 	 1.437228e-11
3 	 187 	 Ex 	 2 	 -1.481566e-10 	 1.618214e-11
3 	 188 	 Ex 	 2 	 -1.408734e-10 	 1.781720e-11
3 	 189 	 Ex 	 2 	 -1.212006e-10 	 1.878944e-11
3 	 190 	 Ex 	 2 	 -9.834170e-11 	 1.849031e-11
3 	 191 	 Ex 	 2 	 -7.819590e-11 	 1.671987e-11
3 	 192 	 Ex 	 2 	 -6.147353e-11 	 1.409456e-11
3 	 193 	 Ex 	 2 	 -1.443131e-11 	 5.274024e-12
3 	 194 	 Ex 	 2 	 -1.860340e-11 	 7.345802e-12
3 	 195 	 Ex 	 2 	 -2.347357e-11 	 9.652056e-12
3 	 196 	 Ex 	 2 	 -2.930670e-11 	 1.174167e-11
3 	 197 	 Ex 	 2 	 -3.723679e-11 	 1.297776e-11
3 	 198 	 Ex 	 2 	 -4.893540e-11 	 1.298158e-11
3 	 199 	 Ex 	 2 	 -6.571751e-11 	 1.141805e-11
3 	 200 	 Ex 	 2 	 -8.734715e-11 	 8.316241e-12
3 	 201 	 Ex 	 2 	 -1.073082e-10 	 5.724353e-12
3 	 202 	 Ex 	 2 	 -1.174309e-10 	 5.693767e-12
3 	 203 	 Ex 	 2 	 -1.154178e-10 	 7.003463e-12
3 	 204 	 Ex 	 2 	 -1.112089e-10 	 8.393997e-12
3 	 205 	 Ex 	 2 	 -9.830035e-11 	 9.484434e-12
3 	 206 	 Ex 	 2 	 -8.270114e-11 	 9.879375e-12
3 	 207 	 Ex 	 2 	 -6.802574e-11 	 9.300979e-12
3 	 208 	 Ex 	 2 	 -5.517862e-11 	 8.031844e-12
3 	 209 	 Ex 	 2 	 -1.450080e-11 	 4.015073e-12
3 	 210 	 Ex 	 2 	 -1.826586e-11 	 5.483221e-12
3 	 211 	 Ex 	 2 	 -2.266132e-11 	 7.015035e-12
3 	 212 	 Ex 	 2 	 -2.796207e-11 	 8.231208e-12
3 	 213 	 Ex 	 2 	 -3.488091e-11 	 8.646893e-12
3 	 214 	 Ex 	 2 	 -4.430169e-11 	 7.972535e-12
3 	 215 	 Ex 	 2 	 -5.671795e-11 	 6.129017e-12
3 	 216 	 Ex 	 2 	 -7.127238e-11 	 3.480512e-12
3 	 217 	 Ex 	 2 	 -8.414833e-11 	 1.380502e-12
3 	 218 	 Ex 	 2 	 -9.125960e-11 	 9.422705e-13
3 	 219 	 Ex 	 2 	 -8.992147e-11 	 1.608405e-12
3 	 220 	 Ex 	 2 	 -8.785141e-11 	 2.590226e-12
3 	 221 	 Ex 	 2 	 -7.956039e-11 	 3.506724e-12
3 	 222 	 Ex 	 2 	 -6.908864e-11 	 4.094325e-12
3 	 223 	 Ex 	 2 	 -5.847894e-11 	 4.135579e-12
3 	 224 	 Ex 	 2 	 -4.865323e-11 	 3.703315e-12
3 	 225 	 Ex 	 2 	 -1.423511e-11 	 2.812918e-12
3 	 226 	 Ex 	 2 	 -1.762366e-11 	 3.734528e-12
3 	 227 	 Ex 	 2 	 -2.158411e-11 	 4.599124e-12
3 	 228 	 Ex 	 2 	 -2.632442e-11 	 5.141819e-12
3 	 229 	 Ex 	 2 	 -3.221684e-11 	 5.066057e-12
3 	 230 	 Ex 	 2 	 -3.962873e-11 	 4.202289e-12
3 	 231 	 Ex 	 2 	 -4.856765e-11 	 2.596012e-12
3 	 232 	 Ex 	 2 	 -5.817001e-11 	 6.298648e-13
3 	 233 	 Ex 	 2 	 -6.640900e-11 	 -9.398663e-13
3 	 234 	 Ex 	 2 	 -7.134524e-11 	 -1.557797e-12
3 	 235 	 Ex 	 2 	 -7.040967e-11 	 -1.380747e-12
3 	 236 	 Ex 	 2 	 -6.971641e-11 	 -7.915764e-13
3 	 237 	 Ex 	 2 	 -6.439215e-11 	 -1.137946e-13
3 	 238 	 Ex 	 2 	 -5.735963e-11 	 4.507462e-13
3 	 239 	 Ex 	 2 	 -4.976162e-11 	 7.506003e-13
3 	 240 	 Ex 	 2 	 -4.233091e-11 	 7.729781e-13
3 	 241 	 Ex 	 2 	 -1.373860e-11 	 1.758765e-12
3 	 242 	 Ex 	 2 	 -1.675252e-11 	 2.254723e-12
3 	 243 	 Ex 	 2 	 -2.024896e-11 	 2.642992e-12
3 	 244 	 Ex 	 2 	 -2.434780e-11 	 2.756807e-12
3 	 245 	 Ex 	 2 	 -2.920611e-11 	 2.433497e-12
3 	 246 	 Ex 	 2 	 -3.491079e-11 	 1.598256e-12
3 	 247 	 Ex 	 2 	 -4.128785e-11 	 3.325199e-13
3 	 248 	 Ex 	 2 	 -4.770136e-11 	 -1.086433e-12
3 	 249 	 Ex 	 2 	 -5.308030e-11 	 -2.250368e-12
3 	 250 	 Ex 	 2 	 -5.646789e-11 	 -2.865839e-12
3 	 251 	 Ex 	 2 	 -5.566820e-11 	 -2.946013e-12
3 	 252 	 Ex 	 2 	 -5.576037e-11 	 -2.643672e-12
3 	 253 	 Ex 	 2 	 -5.229717e-11 	 -2.181666e-12
3 	 254 	 Ex 	 2 	 -4.751315e-11 	 -1.707922e-12
3 	 255 	 Ex 	 2 	 -4.207493e-11 	 -1.332942e-12
3 	 256 	 Ex 	 2 	 -3.650206e-11 	 -1.094575e-12
3 	 1 	 Ey 	 1 	 1.352334e-11 	 -2.216359e-12
3 	 2 	 Ey 	 1 	 2.049445e-11 	 -2.999687e-12
3 	 3 	 Ey 	 1 	 3.300830e-11 	 -4.120205e-12
3 	 4 	 Ey 	 1 	 5.801634e-11 	 -5.636099e-12
3 	 5 	 Ey 	 1 	 1.136170e-10 	 -7.450422e-12
3 	 6 	 Ey 	 1 	 2.514225e-10 	 -9.165973e-12
3 	 7 	 Ey 	 1 	 6.466909e-10 	 -1.027409e-11
3 	 8 	 Ey 	 1 	 2.080319e-09 	 -1.041452e-11
3 	 9 	 Ey 	 1 	 9.652926e-09 	 -1.097902e-11
3 	 10 	 Ey 	 1 	 6.612124e-08 	 -2.602748e-11
3 	 11 	 Ey 	 1 	 -5.338859e-08 	 8.357839e-12
3 	 12 	 Ey 	 1 	 -2.238063e-08 	 1.279827e-12
3 	 13 	 Ey 	 1 	 -3.911967e-09 	 -2.180570e-12
3 	 14 	 Ey 	 1 	 -1.075330e-09 	 -1.602379e-12
3 	 15 	 Ey 	 1 	 -3.977395e-10 	 -8.958227e-13
3 	 16 	 Ey 	 1 	 -1.772686e-10 	 -3.453718e-13
3 	 17 	 Ey 	 1 	 -1.174895e-11 	 -1.783505e-12
3 	 18 	 Ey 	 1 	 -1.692912e-11 	 -2.530998e-12
3 	 19 	 Ey 	 1 	 -2.591990e-11 	 -3.753524e-12
3 	 20 	 Ey 	 1 	 -4.137610e-11 	 -5.654685e-12
3 	 21 	 Ey 	 1 	 -6.790728e-11 	 -8.232469e-12
3 	 22 	 Ey 	 1 	 -1.175167e-10 	 -1.089873e-11
3 	 23 	 Ey 	 1 	 -2.370276e-10 	 -1.267912e-11
3 	 24 	 Ey 	 1 	 -6.690650e-10 	 -1.259825e-11
3 	 25 	 Ey 	 1 	 -3.552695e-09 	 -1.005762e-11
3 	 26 	 Ey 	 1 	 -6.933305e-08 	 1.105149e-11
3 	 27 	 Ey 	 1 	 2.779362e-06 	 -1.014126e-09
3 	 28 	 Ey 	 1 	 9.860324e-09 	 -6.876037e-12
3 	 29 	 Ey 	 1 	 9.814066e-10 	 -3.025148e-12
3 	 30 	 Ey 	 1 	 1.969109e-10 	 -1.670657e-12
3 	 31 	 Ey 	 1 	 5.169568e-11 	 -8.606964e-13
3 	 32 	 Ey 	 1 	 1.474737e-11 	 -3.437525e-13
3 	 33 	 Ey 	 1 	 -1.954674e-11 	 -1.260371e-12
3 	 34 	 Ey 	 1 	 -3.157139e-11 	 -1.839208e-12
3 	 35 	 Ey 	 1 	 -5.392979e-11 	 -2.929658e-12
3 	 36 	 Ey 	 1 	 -9.692782e-11 	 -4.973386e-12
3 	 37 	 Ey 	 1 	 -1.826328e-10 	 -8.135989e-12
3 	 38 	 Ey 	 1 	 -3.694464e-10 	 -1.170226e-11
3 	 39 	 Ey 	 1 	 -8.520863e-10 	 -1.432681e-11
3 	 40 	 Ey 	 1 	 -2.420026e-09 	 -1.424549e-11
3 	 41 	 Ey 	 1 	 -8.926140e-09 	 -1.008932e-11
3 	 42 	 Ey 	 1 	 -2.997560e-08 	 -7.012237e-13
3 	 43 	 Ey 	 1 	 2.156822e-08 	 -1.175557e-11
3 	 44 	 Ey 	 1 	 1.669059e-08 	 -7.905721e-12
3 	 45 	 Ey 	 1 	 4.156087e-09 	 -3.106255e-12
3 	 46 	 Ey 	 1 	 1.277796e-09 	 -1.347455e-12
3 	 47 	 Ey 	 1 	 4.930873e-10 	 -5.740400e-13
3 	 48 	 Ey 	 1 	 2.261660e-10 	 -2.075972e-13
3 	 49 	 Ey 	 1 	 -3.191097e-11 	 -7.029891e-13
3 	 50 	 Ey 	 1 	 -4.928397e-11 	 -1.006348e-12
3 	 51 	 Ey 	 1 	 -8.010156e-11 	 -1.667358e-12
3 	 52 	 Ey 	 1 	 -1.372551e-10 	 -3.198607e-12
3 	 53 	 Ey 	 1 	 -2.467796e-10 	 -5.933095e-12
3 	 54 	 Ey 	 1 	 -4.665919e-10 	 -9.281991e-12
3 	 55 	 Ey 	 1 	 -9.390503e-10 	 -1.199677e-11
3 	 56 	 Ey 	 1 	 -1.990826e-09 	 -1.238726e-11
3 	 57 	 Ey 	 1 	 -3.953896e-09 	 -9.404949e-12
3 	 58 	 Ey 	 1 	 -4.318893e-09 	 -6.035469e-12
3 	 59 	 Ey 	 1 	 2.039341e-09 	 -5.176080e-12
3 	 60 	 Ey 	 1 	 4.732418e-09 	 -3.980597e-12
3 	 61 	 Ey 	 1 	 2.759985e-09 	 -1.855609e-12
3 	 62 	 Ey 	 1 	 1.297921e-09 	 -5.964447e-13
3 	 63 	 Ey 	 1 	 6.253990e-10 	 -1.480895e-13
3 	 64 	 Ey 	 1 	 3.249759e-10 	 1.376101e-14
3 	 65 	 Ey 	 1 	 -3.967851e-11 	 -2.661082e-13
3 	 66 	 Ey 	 1 	 -5.832349e-11 	 -2.946236e-13
3 	 67 	 Ey 	 1 	 -8.894942e-11 	 -4.256410e-13
3 	 68 	 Ey 	 1 	 -1.411999e-10 	 -9.278170e-13
3 	 69 	 Ey 	 1 	 -2.333609e-10 	 -2.037213e-12
3 	 70 	 Ey 	 1 	 -3.985586e-10 	 -3.535885e-12
3 	 71 	 Ey 	 1 	 -6.875875e-10 	 -4.912505e-12
3 	 72 	 Ey 	 1 	 -1.129260e-09 	 -5.585938e-12
3 	 73 	 Ey 	 1 	 -1.513047e-09 	 -4.896987e-12
3 	 74 	 Ey 	 1 	 -1.068536e-09 	 -3.722537e-12
3 	 75 	 Ey 	 1 	 4.647046e-10 	 -2.757492e-12
3 	 76 	 Ey 	 1 	 1.512409e-09 	 -1.664830e-12
3 	 77 	 Ey 	 1 	 1.382456e-09 	 -5.615790e-13
3 	 78 	 Ey 	 1 	 9.129141e-10 	 9.079170e-14
3 	 79 	 Ey 	 1 	 5.494835e-10 	 1.679618e-13
3 	 80 	 Ey 	 1 	 3.295354e-10 	 1.628972e-13
3 	 81 	 Ey 	 1 	 -4.320766e-11 	 -3.674670e-14
3 	 82 	 Ey 	 1 	 -6.040515e-11 	 9.351110e-14
3 	 83 	 Ey 	 1 	 -8.628093e-11 	 2.937227e-13
3 	 84 	 Ey 	 1 	 -1.259732e-10 	 5.886728e-13
3 	 85 	 Ey 	 1 	 -1.884950e-10 	 9.331033e-13
3 	 86 	 Ey 	 1 	 -2.865977e-10 	 1.289390e-12
3 	 87 	 Ey 	 1 	 -4.275316e-10 	 1.451246e-12
3 	 88 	 Ey 	 1 	 -5.820202e-10 	 1.036297e-12
3 	 89 	 Ey 	 1 	 -6.238589e-10 	 4.090761e-14
3 	 90 	 Ey 	 1 	 -3.560205e-10 	 -6.445122e-13
3 	 91 	 Ey 	 1 	 1.762852e-10 	 -4.652847e-13
3 	 92 	 Ey 	 1 	 6.131948e-10 	 -4.430596e-14
3 	 93 	 Ey 	 1 	 7.012549e-10 	 2.080484e-13
3 	 94 	 Ey 	 1 	 5.780477e-10 	 2.514632e-13
3 	 95 	 Ey 	 1 	 4.154312e-10 	 2.327860e-13
3 	 96 	 Ey 	 1 	 2.840791e-10 	 2.001876e-13
3 	 97 	 Ey 	 1 	 -4.358053e-11 	 -4.857667e-14
3 	 98 	 Ey 	 1 	 -5.814793e-11 	 1.209580e-13
3 	 99 	 Ey 	 1 	 -7.833424e-11 	 4.120873e-13
3 	 100 	 Ey 	 1 	 -1.060877e-10 	 1.015892e-12
3 	 101 	 Ey 	 1 	 -1.444880e-10 	 2.069648e-12
3 	 102 	 Ey 	 1 	 -1.964170e-10 	 3.343338e-12
3 	 103 	 Ey 	 1 	 -2.575452e-10 	 4.370670e-12
3 	 104 	 Ey 	 1 	 -3.039165e-10 	 4.390357e-12
3 	 105 	 Ey 	 1 	 -2.815440e-10 	 3.082928e-12
3 	 106 	 Ey 	 1 	 -1.363879e-10 	 1.627446e-12
3 	 107 	 Ey 	 1 	 9.406668e-11 	 1.025086e-12
3 	 108 	 Ey 	 1 	 3.019142e-10 	 7.094320e-13
3 	 109 	 Ey 	 1 	 3.847383e-10 	 3.608619e-13
3 	 110 	 Ey 	 1 	 3.637109e-10 	 1.576889e-13
3 	 111 	 Ey 	 1 	 2.971806e-10 	 9.075607e-14
3 	 112 	 Ey 	 1 	 2.262501e-10 	 1.462346e-13
3 	 113 	 Ey 	 1 	 -4.190276e-11 	 -2.369903e-13
3 	 114 	 Ey 	 1 	 -5.362701e-11 	 -1.029072e-13
3 	 115 	 Ey 	 1 	 -6.864228e-11 	 1.764388e-13
3 	 116 	 Ey 	 1 	 -8.732317e-11 	 7.898658e-13
3 	 117 	 Ey 	 1 	 -1.099187e-10 	 1.993978e-12
3 	 118 	 Ey 	 1 	 -1.358427e-10 	 3.536458e-12
3 	 119 	 Ey 	 1 	 -1.600229e-10 	 4.888171e-12
3 	 120 	 Ey 	 1 	 -1.685094e-10 	 5.251646e-12
3 	 121 	 Ey 	 1 	 -1.387682e-10 	 4.241029e-12
3 	 122 	 Ey 	 1 	 -5.535575e-11 	 2.747467e-12
3 	 123 	 Ey 	 1 	 6.048798e-11 	 1.694665e-12
3 	 124 	 Ey 	 1 	 1.708191e-10 	 9.064832e-13
3 	 125 	 Ey 	 1 	 2.287859e-10 	 2.402784e-13
3 	 126 	 Ey 	 1 	 2.353074e-10 	 -5.720617e-14
3 	 127 	 Ey 	 1 	 2.103727e-10 	 -6.317237e-14
3 	 128 	 Ey 	 1 	 1.740279e-10 	 2.905106e-14
3 	 129 	 Ey 	 1 	 -3.902200e-11 	 -5.026823e-13
3 	 130 	 Ey 	 1 	 -4.819297e-11 	 -4.907380e-13
3 	 131 	 Ey 	 1 	 -5.904308e-11 	 -2.641215e-13
3 	 132 	 Ey 	 1 	 -7.133519e-11 	 2.775937e-13
3 	 133 	 Ey 	 1 	 -8.444691e-11 	 1.357927e-12
3 	 134 	 Ey 	 1 	 -9.703772e-11 	 2.843747e-12
3 	 135 	 Ey 	 1 	 -1.053102e-10 	 4.228724e-12
3 	 136 	 Ey 	 1 	 -1.014742e-10 	 4.822194e-12
3 	 137 	 Ey 	 1 	 -7.553631e-11 	 4.162332e-12
3 	 138 	 Ey 	 1 	 -2.352001e-11 	 2.890626e-12
3 	 139 	 Ey 	 1 	 4.205934e-11 	 1.745983e-12
3 	 140 	 Ey 	 1 	 1.064668e-10 	 7.868332e-13
3 	 141 	 Ey 	 1 	 1.457765e-10 	 3.727104e-14
3 	 142 	 Ey 	 1 	 1.580313e-10 	 -2.661025e-13
3 	 143 	 Ey 	 1 	 1.503947e-10 	 -2.200534e-13
3 	 144 	 Ey 	 1 	 1.324789e-10 	 -8.341244e-14
3 	 145 	 Ey 	 1 	 -3.562414e-11 	 -8.001926e-13
3 	 146 	 Ey 	 1 	 -4.266443e-11 	 -9.203379e-13
3 	 147 	 Ey 	 1 	 -5.044335e-11 	 -8.463927e-13
3 	 148 	 Ey 	 1 	 -5.845276e-11 	 -3.872036e-13
3 	 149 	 Ey 	 1 	 -6.607564e-11 	 5.733171e-13
3 	 150 	 Ey 	 1 	 -7.217959e-11 	 1.890150e-12
3 	 151 	 Ey 	 1 	 -7.413863e-11 	 3.164242e-12
3 	 152 	 Ey 	 1 	 -6.724162e-11 	 3.815128e-12
3 	 153 	 Ey 	 1 	 -4.646315e-11 	 3.425154e-12
3 	 154 	 Ey 	 1 	 -1.140648e-11 	 2.432744e-12
3 	 155 	 Ey 	 1 	 2.981773e-11 	 1.433625e-12
3 	 156 	 Ey 	 1 	 7.089058e-11 	 5.195797e-13
3 	 157 	 Ey 	 1 	 9.828510e-11 	 -1.787004e-13
3 	 158 	 Ey 	 1 	 1.102227e-10 	 -4.324908e-13
3 	 159 	 Ey 	 1 	 1.095195e-10 	 -3.498684e-13
3 	 160 	 Ey 	 1 	 1.010535e-10 	 -1.914722e-13
3 	 161 	 Ey 	 1 	 -3.221303e-11 	 -1.148994e-12
3 	 162 	 Ey 	 1 	 -3.759762e-11 	 -1.358346e-12
3 	 163 	 Ey 	 1 	 -4.325313e-11 	 -1.472441e-12
3 	 164 	 Ey 	 1 	 -4.865963e-11 	 -1.214079e-12
3 	 165 	 Ey 	 1 	 -5.330685e-11 	 -4.216232e-13
3 	 166 	 Ey 	 1 	 -5.649408e-11 	 7.530365e-13
3 	 167 	 Ey 	 1 	 -5.640857e-11 	 1.900447e-12
3 	 168 	 Ey 	 1 	 -4.972036e-11 	 2.550174e-12
3 	 169 	 Ey 	 1 	 -3.327330e-11 	 2.355961e-12
3 	 170 	 Ey 	 1 	 -7.794494e-12 	 1.650503e-12
3 	 171 	 Ey 	 1 	 2.076557e-11 	 8.818747e-13
3 	 172 	 Ey 	 1 	 4.931437e-11 	 1.475140e-13
3 	 173 	 Ey 	 1 	 6.930801e-11 	 -4.231820e-13
3 	 174 	 Ey 	 1 	 7.949941e-11 	 -5.930338e-13
3 	 175 	 Ey 	 1 	 8.133273e-11 	 -4.838932e-13
3 	 176 	 Ey 	 1 	 7.764246e-11 	 -2.857780e-13
3 	 177 	 Ey 	 1 	 -2.897274e-11 	 -1.458426e-12
3 	 178 	 Ey 	 1 	 -3.330882e-11 	 -1.857613e-12
3 	 179 	 Ey 	 1 	 -3.772078e-11 	 -2.189380e-12
3 	 180 	 Ey 	 1 	 -4.185491e-11 	 -2.198737e-12
3 	 181 	 Ey 	 1 	 -4.537611e-11 	 -1.678964e-12
3 	 182 	 Ey 	 1 	 -4.770504e-11 	 -7.288400e-13
3 	 183 	 Ey 	 1 	 -4.740275e-11 	 2.939819e-13
3 	 184 	 Ey 	 1 	 -4.173087e-11 	 9.903235e-13
3 	 185 	 Ey 	 1 	 -2.810872e-11 	 1.066326e-12
3 	 186 	 Ey 	 1 	 -7.991611e-12 	 6.963524e-13
3 	 187 	 Ey 	 1 	 1.359132e-11 	 2.341563e-13
3 	 188 	 Ey 	 1 	 3.493763e-11 	 -2.549789e-13
3 	 189 	 Ey 	 1 	 5.026859e-11 	 -6.444486e-13
3 	 190 	 Ey 	 1 	 5.870546e-11 	 -7.060179e-13
3 	 191 	 Ey 	 1 	 6.137121e-11 	 -5.437431e-13
3 	 192 	 Ey 	 1 	 6.015323e-11 	 -3.346061e-13
3 	 193 	 Ey 	 1 	 -2.608944e-11 	 -1.753961e-12
3 	 194 	 Ey 	 1 	 -2.965070e-11 	 -2.223704e-12
3 	 195 	 Ey 	 1 	 -3.346802e-11 	 -2.766584e-12
3 	 196 	 Ey 	 1 	 -3.730987e-11 	 -3.121575e-12
3 	 197 	 Ey 	 1 	 -4.076979e-11 	 -2.997038e-12
3 	 198 	 Ey 	 1 	 -4.308560e-11 	 -2.357153e-12
3 	 199 	 Ey 	 1 	 -4.291476e-11 	 -1.471176e-12
3 	 200 	 Ey 	 1 	 -3.786688e-11 	 -6.741700e-13
3 	 201 	 Ey 	 1 	 -2.593763e-11 	 -2.708137e-13
3 	 202 	 Ey 	 1 	 -9.280912e-12 	 -2.346113e-13
3 	 203 	 Ey 	 1 	 7.680175e-12 	 -3.680532e-13
3 	 204 	 Ey 	 1 	 2.416271e-11 	 -5.965897e-13
3 	 205 	 Ey 	 1 	 3.632366e-11 	 -7.752816e-13
3 	 206 	 Ey 	 1 	 4.354128e-11 	 -7.381715e-13
3 	 207 	 Ey 	 1 	 4.660141e-11 	 -5.535239e-13
3 	 208 	 Ey 	 1 	 4.678800e-11 	 -3.705216e-13
3 	 209 	 Ey 	 1 	 -2.328860e-11 	 -1.852337e-12
3 	 210 	 Ey 	 1 	 -2.632068e-11 	 -2.400902e-12
3 	 211 	 Ey 	 1 	 -2.958174e-11 	 -2.968135e-12
3 	 212 	 Ey 	 1 	 -3.300824e-11 	 -3.464784e-12
3 	 213 	 Ey 	 1 	 -3.611429e-11 	 -3.622279e-12
3 	 214 	 Ey 	 1 	 -3.797716e-11 	 -3.282861e-12
3 	 215 	 Ey 	 1 	 -3.736481e-11 	 -2.589537e-12
3 	 216 	 Ey 	 1 	 -3.259472e-11 	 -1.813325e-12
3 	 217 	 Ey 	 1 	 -2.273105e-11 	 -1.215674e-12
3 	 218 	 Ey 	 1 	 -9.645741e-12 	 -9.000201e-13
3 	 219 	 Ey 	 1 	 3.380414e-12 	 -7.931293e-13
3 	 220 	 Ey 	 1 	 1.601733e-11 	 -8.105100e-13
3 	 221 	 Ey 	 1 	 2.564759e-11 	 -8.303936e-13
3 	 222 	 Ey 	 1 	 3.196913e-11 	 -7.422949e-13
3 	 223 	 Ey 	 1 	 3.529145e-11 	 -5.775693e-13
3 	 224 	 Ey 	 1 	 3.640690e-11 	 -4.087970e-13
3 	 225 	 Ey 	 1 	 -2.051773e-11 	 -1.747745e-12
3 	 226 	 Ey 	 1 	 -2.296974e-11 	 -2.255989e-12
3 	 227 	 Ey 	 1 	 -2.562690e-11 	 -2.834314e-12
3 	 228 	 Ey 	 1 	 -2.822522e-11 	 -3.286851e-12
3 	 229 	 Ey 	 1 	 -3.033569e-11 	 -3.462197e-12
3 	 230 	 Ey 	 1 	 -3.126058e-11 	 -3.288844e-12
3 	 231 	 Ey 	 1 	 -3.007922e-11 	 -2.830112e-12
3 	 232 	 Ey 	 1 	 -2.584942e-11 	 -2.234579e-12
3 	 233 	 Ey 	 1 	 -1.834863e-11 	 -1.686222e-12
3 	 234 	 Ey 	 1 	 -8.727233e-12 	 -1.287446e-12
3 	 235 	 Ey 	 1 	 9.358493e-13 	 -1.051494e-12
3 	 236 	 Ey 	 1 	 1.050201e-11 	 -9.245323e-13
3 	 237 	 Ey 	 1 	 1.803437e-11 	 -8.353343e-13
3 	 238 	 Ey 	 1 	 2.342238e-11 	 -7.228660e-13
3 	 239 	 Ey 	 1 	 2.671205e-11 	 -6.022240e-13
3 	 240 	 Ey 	 1 	 2.832819e-11 	 -4.683377e-13
3 	 241 	 Ey 	 1 	 -1.783894e-11 	 -1.525668e-12
3 	 242 	 Ey 	 1 	 -1.973101e-11 	 -1.979173e-12
3 	 243 	 Ey 	 1 	 -2.163126e-11 	 -2.421716e-12
3 	 244 	 Ey 	 1 	 -2.335098e-11 	 -2.774557e-12
3 	 245 	 Ey 	 1 	 -2.454461e-11 	 -2.954356e-12
3 	 246 	 Ey 	 1 	 -2.469280e-11 	 -2.892926e-12
3 	 247 	 Ey 	 1 	 -2.322585e-11 	 -2.613059e-12
3 	 248 	 Ey 	 1 	 -1.970424e-11 	 -2.212420e-12
3 	 249 	 Ey 	 1 	 -1.414577e-11 	 -1.792247e-12
3 	 250 	 Ey 	 1 	 -7.218141e-12 	 -1.439568e-12
3 	 251 	 Ey 	 1 	 -1.907656e-13 	 -1.175952e-12
3 	 252 	 Ey 	 1 	 6.984365e-12 	 -9.943835e-13
3 	 253 	 Ey 	 1 	 1.283243e-11 	 -8.456724e-13
3 	 254 	 Ey 	 1 	 1.730659e-11 	 -7.109716e-13
3 	 255 	 Ey 	 1 	 2.037158e-11 	 -5.692674e-13
3 	 256 	 Ey 	 1 	 2.217219e-11 	 -4.551691e-13
3 	 1 	 Ey 	 2 	 1.654928e-11 	 -8.735939e-13
3 	 2 	 Ey 	 2 	 2.506732e-11 	 -2.183030e-12
3 	 3 	 Ey 	 2 	 3.971510e-11 	 -4.226255e-12
3 	 4 	 Ey 	 2 	 6.750241e-11 	 -7.025987e-12
3 	 5 	 Ey 	 2 	 1.263270e-10 	 -1.019544e-11
3 	 6 	 Ey 	 2 	 2.671939e-10 	 -1.282439e-11
3 	 7 	 Ey 	 2 	 6.643961e-10 	 -1.367702e-11
3 	 8 	 Ey 	 2 	 2.098030e-09 	 -1.151178e-11
3 	 9 	 Ey 	 2 	 9.668707e-09 	 -3.936032e-12
3 	 10 	 Ey 	 2 	 6.613403e-08 	 2.177575e-11
3 	 11 	 Ey 	 2 	 -5.338007e-08 	 -3.713987e-11
3 	 12 	 Ey 	 2 	 -2.237497e-08 	 -2.055174e-11
3 	 13 	 Ey 	 2 	 -3.908708e-09 	 -8.768109e-12
3 	 14 	 Ey 	 2 	 -1.073956e-09 	 -4.818833e-12
3 	 15 	 Ey 	 2 	 -3.975881e-10 	 -2.575981e-12
3 	 16 	 Ey 	 2 	 -1.778924e-10 	 -1.019224e-12
3 	 17 	 Ey 	 2 	 -9.262667e-12 	 1.071327e-13
3 	 18 	 Ey 	 2 	 -1.286370e-11 	 -1.257815e-12
3 	 19 	 Ey 	 2 	 -1.946637e-11 	 -3.733281e-12
3 	 20 	 Ey 	 2 	 -3.145245e-11 	 -7.609675e-12
3 	 21 	 Ey 	 2 	 -5.348423e-11 	 -1.254161e-11
3 	 22 	 Ey 	 2 	 -9.848317e-11 	 -1.721458e-11
3 	 23 	 Ey 	 2 	 -2.147907e-10 	 -1.976144e-11
3 	 24 	 Ey 	 2 	 -6.465763e-10 	 -1.887181e-11
3 	 25 	 Ey 	 2 	 -3.533335e-09 	 -1.658614e-11
3 	 26 	 Ey 	 2 	 -6.931909e-08 	 -4.319048e-11
3 	 27 	 Ey 	 2 	 2.779398e-06 	 4.047790e-10
3 	 28 	 Ey 	 2 	 9.866205e-09 	 -1.603407e-12
3 	 29 	 Ey 	 2 	 9.841731e-10 	 -5.030162e-12
3 	 30 	 Ey 	 2 	 1.976980e-10 	 -3.744425e-12
3 	 31 	 Ey 	 2 	 5.140638e-11 	 -2.125434e-12
3 	 32 	 Ey 	 2 	 1.388063e-11 	 -7.751708e-13
3 	 33 	 Ey 	 2 	 -1.775823e-11 	 1.435490e-12
3 	 34 	 Ey 	 2 	 -2.837391e-11 	 3.586417e-13
3 	 35 	 Ey 	 2 	 -4.842474e-11 	 -2.027845e-12
3 	 36 	 Ey 	 2 	 -8.761201e-11 	 -6.399723e-12
3 	 37 	 Ey 	 2 	 -1.678072e-10 	 -1.264149e-11
3 	 38 	 Ey 	 2 	 -3.485357e-10 	 -1.910663e-11
3 	 39 	 Ey 	 2 	 -8.265373e-10 	 -2.333235e-11
3 	 40 	 Ey 	 2 	 -2.393787e-09 	 -2.317419e-11
3 	 41 	 Ey 	 2 	 -8.904288e-09 	 -2.125128e-11
3 	 42 	 Ey 	 2 	 -2.996054e-08 	 -2.574067e-11
3 	 43 	 Ey 	 2 	 2.157792e-08 	 4.256655e-12
3 	 44 	 Ey 	 2 	 1.669573e-08 	 4.455240e-12
3 	 45 	 Ey 	 2 	 4.157711e-09 	 -1.633462e-12
3 	 46 	 Ey 	 2 	 1.277531e-09 	 -1.863503e-12
3 	 47 	 Ey 	 2 	 4.920885e-10 	 -9.023691e-13
3 	 48 	 Ey 	 2 	 2.249175e-10 	 4.968185e-14
3 	 49 	 Ey 	 2 	 -3.088801e-11 	 3.012564e-12
3 	 50 	 Ey 	 2 	 -4.719417e-11 	 2.669797e-12
3 	 51 	 Ey 	 2 	 -7.623283e-11 	 1.361436e-12
3 	 52 	 Ey 	 2 	 -1.301750e-10 	 -1.641581e-12
3 	 53 	 Ey 	 2 	 -2.346236e-10 	 -6.489003e-12
3 	 54 	 Ey 	 2 	 -4.485139e-10 	 -1.182512e-11
3 	 55 	 Ey 	 2 	 -9.161235e-10 	 -1.564937e-11
3 	 56 	 Ey 	 2 	 -1.966751e-09 	 -1.554515e-11
3 	 57 	 Ey 	 2 	 -3.934154e-09 	 -1.114450e-11
3 	 58 	 Ey 	 2 	 -4.305587e-09 	 -6.708396e-12
3 	 59 	 Ey 	 2 	 2.047419e-09 	 -1.677477e-12
3 	 60 	 Ey 	 2 	 4.736160e-09 	 -4.630980e-15
3 	 61 	 Ey 	 2 	 2.760280e-09 	 -9.882976e-14
3 	 62 	 Ey 	 2 	 1.296631e-09 	 3.537055e-13
3 	 63 	 Ey 	 2 	 6.238174e-10 	 8.111694e-13
3 	 64 	 Ey 	 2 	 3.234344e-10 	 1.267559e-12
3 	 65 	 Ey 	 2 	 -3.929112e-11 	 4.549524e-12
3 	 66 	 Ey 	 2 	 -5.723260e-11 	 5.156092e-12
3 	 67 	 Ey 	 2 	 -8.679286e-11 	 5.598738e-12
3 	 68 	 Ey 	 2 	 -1.372324e-10 	 5.711109e-12
3 	 69 	 Ey 	 2 	 -2.266004e-10 	 5.411696e-12
3 	 70 	 Ey 	 2 	 -3.885288e-10 	 4.904954e-12
3 	 71 	 Ey 	 2 	 -6.748281e-10 	 4.405670e-12
3 	 72 	 Ey 	 2 	 -1.115563e-09 	 3.921474e-12
3 	 73 	 Ey 	 2 	 -1.501311e-09 	 3.632007e-12
3 	 74 	 Ey 	 2 	 -1.060135e-09 	 3.437415e-12
3 	 75 	 Ey 	 2 	 4.699264e-10 	 3.550812e-12
3 	 76 	 Ey 	 2 	 1.514612e-09 	 3.544955e-12
3 	 77 	 Ey 	 2 	 1.382186e-09 	 3.321547e-12
3 	 78 	 Ey 	 2 	 9.114700e-10 	 3.020339e-12
3 	 79 	 Ey 	 2 	 5.479104e-10 	 2.733536e-12
3 	 80 	 Ey 	 2 	 3.279982e-10 	 2.677983e-12
3 	 81 	 Ey 	 2 	 -4.319902e-11 	 5.669107e-12
3 	 82 	 Ey 	 2 	 -5.992111e-11 	 6.995358e-12
3 	 83 	 Ey 	 2 	 -8.523215e-11 	 8.773595e-12
3 	 84 	 Ey 	 2 	 -1.243609e-10 	 1.130183e-11
3 	 85 	 Ey 	 2 	 -1.864355e-10 	 1.463850e-11
3 	 86 	 Ey 	 2 	 -2.843513e-10 	 1.814346e-11
3 	 87 	 Ey 	 2 	 -4.253262e-10 	 2.050510e-11
3 	 88 	 Ey 	 2 	 -5.797859e-10 	 1.970402e-11
3 	 89 	 Ey 	 2 	 -6.213015e-10 	 1.512892e-11
3 	 90 	 Ey 	 2 	 -3.533949e-10 	 1.083364e-11
3 	 91 	 Ey 	 2 	 1.782243e-10 	 9.320948e-12
3 	 92 	 Ey 	 2 	 6.141213e-10 	 8.459169e-12
3 	 93 	 Ey 	 2 	 7.012322e-10 	 6.833585e-12
3 	 94 	 Ey 	 2 	 5.774001e-10 	 5.333961e-12
3 	 95 	 Ey 	 2 	 4.144329e-10 	 4.476787e-12
3 	 96 	 Ey 	 2 	 2.828582e-10 	 4.032527e-12
3 	 97 	 Ey 	 2 	 -4.367305e-11 	 6.153185e-12
3 	 98 	 Ey 	 2 	 -5.787553e-11 	 7.752624e-12
3 	 99 	 Ey 	 2 	 -7.773469e-11 	 9.974129e-12
3 	 100 	 Ey 	 2 	 -1.056259e-10 	 1.321143e-11
3 	 101 	 Ey 	 2 	 -1.449967e-10 	 1.756162e-11
3 	 102 	 Ey 	 2 	 -1.986492e-10 	 2.218499e-11
3 	 103 	 Ey 	 2 	 -2.617002e-10 	 2.540646e-11
3 	 104 	 Ey 	 2 	 -3.089564e-10 	 2.491629e-11
3 	 105 	 Ey 	 2 	 -2.853857e-10 	 2.001507e-11
3 	 106 	 Ey 	 2 	 -1.382547e-10 	 1.493770e-11
3 	 107 	 Ey 	 2 	 9.347146e-11 	 1.254939e-11
3 	 108 	 Ey 	 2 	 3.020544e-10 	 1.094740e-11
3 	 109 	 Ey 	 2 	 3.852328e-10 	 8.733658e-12
3 	 110 	 Ey 	 2 	 3.639565e-10 	 6.897292e-12
3 	 111 	 Ey 	 2 	 2.969049e-10 	 5.820668e-12
3 	 112 	 Ey 	 2 	 2.254392e-10 	 5.180463e-12
3 	 113 	 Ey 	 2 	 -4.187712e-11 	 6.010120e-12
3 	 114 	 Ey 	 2 	 -5.326956e-11 	 7.513564e-12
3 	 115 	 Ey 	 2 	 -6.810141e-11 	 9.535482e-12
3 	 116 	 Ey 	 2 	 -8.719395e-11 	 1.238715e-11
3 	 117 	 Ey 	 2 	 -1.113403e-10 	 1.615381e-11
3 	 118 	 Ey 	 2 	 -1.398592e-10 	 2.014572e-11
3 	 119 	 Ey 	 2 	 -1.668254e-10 	 2.299741e-11
3 	 120 	 Ey 	 2 	 -1.767261e-10 	 2.296648e-11
3 	 121 	 Ey 	 2 	 -1.457783e-10 	 1.951640e-11
3 	 122 	 Ey 	 2 	 -5.974805e-11 	 1.554652e-11
3 	 123 	 Ey 	 2 	 5.841261e-11 	 1.322717e-11
3 	 124 	 Ey 	 2 	 1.705206e-10 	 1.147230e-11
3 	 125 	 Ey 	 2 	 2.295875e-10 	 9.420508e-12
3 	 126 	 Ey 	 2 	 2.361509e-10 	 7.785879e-12
3 	 127 	 Ey 	 2 	 2.105996e-10 	 6.764802e-12
3 	 128 	 Ey 	 2 	 1.735643e-10 	 6.041038e-12
3 	 129 	 Ey 	 2 	 -3.877297e-11 	 5.382371e-12
3 	 130 	 Ey 	 2 	 -4.756271e-11 	 6.590583e-12
3 	 131 	 Ey 	 2 	 -5.829703e-11 	 8.133298e-12
3 	 132 	 Ey 	 2 	 -7.111192e-11 	 1.021088e-11
3 	 133 	 Ey 	 2 	 -8.587606e-11 	 1.286907e-11
3 	 134 	 Ey 	 2 	 -1.011881e-10 	 1.564163e-11
3 	 135 	 Ey 	 2 	 -1.124084e-10 	 1.766643e-11
3 	 136 	 Ey 	 2 	 -1.101909e-10 	 1.791420e-11
3 	 137 	 Ey 	 2 	 -8.327430e-11 	 1.602889e-11
3 	 138 	 Ey 	 2 	 -2.869875e-11 	 1.367955e-11
3 	 139 	 Ey 	 2 	 3.944827e-11 	 1.217414e-11
3 	 140 	 Ey 	 2 	 1.059870e-10 	 1.091143e-11
3 	 141 	 Ey 	 2 	 1.466714e-10 	 9.436312e-12
3 	 142 	 Ey 	 2 	 1.591133e-10 	 8.216846e-12
3 	 143 	 Ey 	 2 	 1.508689e-10 	 7.341338e-12
3 	 144 	 Ey 	 2 	 1.321763e-10 	 6.615433e-12
3 	 145 	 Ey 	 2 	 -3.506748e-11 	 4.432382e-12
3 	 146 	 Ey 	 2 	 -4.166583e-11 	 5.266620e-12
3 	 147 	 Ey 	 2 	 -4.927159e-11 	 6.272689e-12
3 	 148 	 Ey 	 2 	 -5.781223e-11 	 7.560535e-12
3 	 149 	 Ey 	 2 	 -6.699611e-11 	 9.118327e-12
3 	 150 	 Ey 	 2 	 -7.557960e-11 	 1.065472e-11
3 	 151 	 Ey 	 2 	 -8.020824e-11 	 1.175412e-11
3 	 152 	 Ey 	 2 	 -7.484956e-11 	 1.200931e-11
3 	 153 	 Ey 	 2 	 -5.336481e-11 	 1.131319e-11
3 	 154 	 Ey 	 2 	 -1.614311e-11 	 1.051115e-11
3 	 155 	 Ey 	 2 	 2.738113e-11 	 1.016180e-11
3 	 156 	 Ey 	 2 	 7.046468e-11 	 9.788662e-12
3 	 157 	 Ey 	 2 	 9.916334e-11 	 9.083319e-12
3 	 158 	 Ey 	 2 	 1.112806e-10 	 8.326203e-12
3 	 159 	 Ey 	 2 	 1.099969e-10 	 7.613273e-12
3 	 160 	 Ey 	 2 	 1.007746e-10 	 6.905058e-12
3 	 161 	 Ey 	 2 	 -3.124311e-11 	 3.297496e-12
3 	 162 	 Ey 	 2 	 -3.612000e-11 	 3.717781e-12
3 	 163 	 Ey 	 2 	 -4.146045e-11 	 4.173125e-12
3 	 164 	 Ey 	 2 	 -4.719673e-11 	 4.720997e-12
3 	 165 	 Ey 	 2 	 -5.316292e-11 	 5.303501e-12
3 	 166 	 Ey 	 2 	 -5.844363e-11 	 5.725559e-12
3 	 167 	 Ey 	 2 	 -6.056564e-11 	 5.917526e-12
3 	 168 	 Ey 	 2 	 -5.521153e-11 	 5.999735e-12
3 	 169 	 Ey 	 2 	 -3.834500e-11 	 6.187491e-12
3 	 170 	 Ey 	 2 	 -1.129045e-11 	 6.792691e-12
3 	 171 	 Ey 	 2 	 1.899698e-11 	 7.717369e-12
3 	 172 	 Ey 	 2 	 4.910926e-11 	 8.396732e-12
3 	 173 	 Ey 	 2 	 7.013676e-11 	 8.498434e-12
3 	 174 	 Ey 	 2 	 8.041576e-11 	 8.160786e-12
3 	 175 	 Ey 	 2 	 8.169974e-11 	 7.582854e-12
3 	 176 	 Ey 	 2 	 7.730408e-11 	 6.904918e-12
3 	 177 	 Ey 	 2 	 -2.759502e-11 	 2.102542e-12
3 	 178 	 Ey 	 2 	 -3.120937e-11 	 2.077919e-12
3 	 179 	 Ey 	 2 	 -3.503917e-11 	 1.912161e-12
3 	 180 	 Ey 	 2 	 -3.910392e-11 	 1.628463e-12
3 	 181 	 Ey 	 2 	 -4.341379e-11 	 1.201024e-12
3 	 182 	 Ey 	 2 	 -4.727518e-11 	 5.797611e-13
3 	 183 	 Ey 	 2 	 -4.872011e-11 	 -3.042002e-14
3 	 184 	 Ey 	 2 	 -4.427194e-11 	 -6.453482e-14
3 	 185 	 Ey 	 2 	 -3.069766e-11 	 1.029842e-12
3 	 186 	 Ey 	 2 	 -9.785268e-12 	 3.015365e-12
3 	 187 	 Ey 	 2 	 1.276084e-11 	 5.142717e-12
3 	 188 	 Ey 	 2 	 3.505607e-11 	 6.791473e-12
3 	 189 	 Ey 	 2 	 5.101689e-11 	 7.607614e-12
3 	 190 	 Ey 	 2 	 5.939230e-11 	 7.632263e-12
3 	 191 	 Ey 	 2 	 6.151105e-11 	 7.201291e-12
3 	 192 	 Ey 	 2 	 5.964772e-11 	 6.603691e-12
3 	 193 	 Ey 	 2 	 -2.425962e-11 	 9.875376e-13
3 	 194 	 Ey 	 2 	 -2.699890e-11 	 5.506378e-13
3 	 195 	 Ey 	 2 	 -2.990828e-11 	 -2.289118e-13
3 	 196 	 Ey 	 2 	 -3.310362e-11 	 -1.383034e-12
3 	 197 	 Ey 	 2 	 -3.662827e-11 	 -2.809995e-12
3 	 198 	 Ey 	 2 	 -3.981274e-11 	 -4.273909e-12
3 	 199 	 Ey 	 2 	 -4.097724e-11 	 -5.333507e-12
3 	 200 	 Ey 	 2 	 -3.721017e-11 	 -5.174908e-12
3 	 201 	 Ey 	 2 	 -2.596307e-11 	 -3.178274e-12
3 	 202 	 Ey 	 2 	 -9.383111e-12 	 -1.703935e-13
3 	 203 	 Ey 	 2 	 7.772897e-12 	 2.679457e-12
3 	 204 	 Ey 	 2 	 2.459226e-11 	 4.884013e-12
3 	 205 	 Ey 	 2 	 3.693853e-11 	 6.203379e-12
3 	 206 	 Ey 	 2 	 4.393587e-11 	 6.608387e-12
3 	 207 	 Ey 	 2 	 4.648034e-11 	 6.430246e-12
3 	 208 	 Ey 	 2 	 4.613282e-11 	 6.007746e-12
3 	 209 	 Ey 	 2 	 -2.124926e-11 	 9.848221e-14
3 	 210 	 Ey 	 2 	 -2.335275e-11 	 -5.991394e-13
3 	 211 	 Ey 	 2 	 -2.561209e-11 	 -1.719871e-12
3 	 212 	 Ey 	 2 	 -2.811679e-11 	 -3.285735e-12
3 	 213 	 Ey 	 2 	 -3.078843e-11 	 -5.103828e-12
3 	 214 	 Ey 	 2 	 -3.298062e-11 	 -6.768330e-12
3 	 215 	 Ey 	 2 	 -3.333066e-11 	 -7.731263e-12
3 	 216 	 Ey 	 2 	 -2.978359e-11 	 -7.285589e-12
3 	 217 	 Ey 	 2 	 -2.096842e-11 	 -5.118873e-12
3 	 218 	 Ey 	 2 	 -8.545157e-12 	 -2.082377e-12
3 	 219 	 Ey 	 2 	 4.147817e-12 	 7.690045e-13
3 	 220 	 Ey 	 2 	 1.665084e-11 	 3.023213e-12
3 	 221 	 Ey 	 2 	 2.613560e-11 	 4.532472e-12
3 	 222 	 Ey 	 2 	 3.213516e-11 	 5.252181e-12
3 	 223 	 Ey 	 2 	 3.500373e-11 	 5.382146e-12
3 	 224 	 Ey 	 2 	 3.566126e-11 	 5.199619e-12
3 	 225 	 Ey 	 2 	 -1.852531e-11 	 -4.900986e-13
3 	 226 	 Ey 	 2 	 -2.010522e-11 	 -1.253026e-12
3 	 227 	 Ey 	 2 	 -2.176259e-11 	 -2.377183e-12
3 	 228 	 Ey 	 2 	 -2.349309e-11 	 -3.832177e-12
3 	 229 	 Ey 	 2 	 -2.512418e-11 	 -5.414299e-12
3 	 230 	 Ey 	 2 	 -2.612672e-11 	 -6.751376e-12
3 	 231 	 Ey 	 2 	 -2.556028e-11 	 -7.378623e-12
3 	 232 	 Ey 	 2 	 -2.228168e-11 	 -6.856389e-12
3 	 233 	 Ey 	 2 	 -1.577587e-11 	 -5.113879e-12
3 	 234 	 Ey 	 2 	 -6.983272e-12 	 -2.700979e-12
3 	 235 	 Ey 	 2 	 2.082635e-12 	 -3.135279e-13
3 	 236 	 Ey 	 2 	 1.123139e-11 	 1.670554e-12
3 	 237 	 Ey 	 2 	 1.841089e-11 	 3.100996e-12
3 	 238 	 Ey 	 2 	 2.342434e-11 	 3.938868e-12
3 	 239 	 Ey 	 2 	 2.632789e-11 	 4.284695e-12
3 	 240 	 Ey 	 2 	 2.756864e-11 	 4.314098e-12
3 	 241 	 Ey 	 2 	 -1.606167e-11 	 -7.937956e-13
3 	 242 	 Ey 	 2 	 -1.719060e-11 	 -1.486935e-12
3 	 243 	 Ey 	 2 	 -1.830019e-11 	 -2.432675e-12
3 	 244 	 Ey 	 2 	 -1.932582e-11 	 -3.571998e-12
3 	 245 	 Ey 	 2 	 -2.008248e-11 	 -4.733609e-12
3 	 246 	 Ey 	 2 	 -2.019198e-11 	 -5.643438e-12
3 	 247 	 Ey 	 2 	 -1.909373e-11 	 -5.989170e-12
3 	 248 	 Ey 	 2 	 -1.623767e-11 	 -5.534046e-12
3 	 249 	 Ey 	 2 	 -1.146984e-11 	 -4.285222e-12
3 	 250 	 Ey 	 2 	 -5.294791e-12 	 -2.552041e-12
3 	 251 	 Ey 	 2 	 1.092780e-12 	 -7.452162e-13
3 	 252 	 Ey 	 2 	 7.755652e-12 	 8.425305e-13
3 	 253 	 Ey 	 2 	 1.315873e-11 	 2.062237e-12
3 	 254 	 Ey 	 2 	 1.722643e-11 	 2.867824e-12
3 	 255 	 Ey 	 2 	 1.990532e-11 	 3.302933e-12
3 	 256 	 Ey 	 2 	 2.138034e-11 	 3.466649e-12
