iTx 	 iRx    chrec  ifreq 	 emf_real 	 emf_imag
15 	 1 	 Ex 	 1 	 -8.405328e-12 	 7.155424e-12
15 	 2 	 Ex 	 1 	 -1.052511e-11 	 7.780068e-12
15 	 3 	 Ex 	 1 	 -1.319722e-11 	 8.332536e-12
15 	 4 	 Ex 	 1 	 -1.657736e-11 	 8.815516e-12
15 	 5 	 Ex 	 1 	 -2.093119e-11 	 9.152657e-12
15 	 6 	 Ex 	 1 	 -2.628632e-11 	 9.386015e-12
15 	 7 	 Ex 	 1 	 -3.230843e-11 	 9.632094e-12
15 	 8 	 Ex 	 1 	 -3.825308e-11 	 9.955954e-12
15 	 9 	 Ex 	 1 	 -4.305250e-11 	 1.034533e-11
15 	 10 	 Ex 	 1 	 -4.588979e-11 	 1.070670e-11
15 	 11 	 Ex 	 1 	 -4.473235e-11 	 1.093485e-11
15 	 12 	 Ex 	 1 	 -4.479225e-11 	 1.097483e-11
15 	 13 	 Ex 	 1 	 -4.164798e-11 	 1.080530e-11
15 	 14 	 Ex 	 1 	 -3.748566e-11 	 1.045810e-11
15 	 15 	 Ex 	 1 	 -3.287128e-11 	 9.993299e-12
15 	 16 	 Ex 	 1 	 -2.826095e-11 	 9.430553e-12
15 	 17 	 Ex 	 1 	 -7.014352e-12 	 8.537124e-12
15 	 18 	 Ex 	 1 	 -9.051196e-12 	 9.417894e-12
15 	 19 	 Ex 	 1 	 -1.181763e-11 	 1.013385e-11
15 	 20 	 Ex 	 1 	 -1.563146e-11 	 1.064233e-11
15 	 21 	 Ex 	 1 	 -2.086477e-11 	 1.098680e-11
15 	 22 	 Ex 	 1 	 -2.773922e-11 	 1.127794e-11
15 	 23 	 Ex 	 1 	 -3.603370e-11 	 1.166156e-11
15 	 24 	 Ex 	 1 	 -4.475518e-11 	 1.221077e-11
15 	 25 	 Ex 	 1 	 -5.191698e-11 	 1.287381e-11
15 	 26 	 Ex 	 1 	 -5.583805e-11 	 1.348667e-11
15 	 27 	 Ex 	 1 	 -5.427408e-11 	 1.386748e-11
15 	 28 	 Ex 	 1 	 -5.353281e-11 	 1.392155e-11
15 	 29 	 Ex 	 1 	 -4.876064e-11 	 1.363508e-11
15 	 30 	 Ex 	 1 	 -4.275599e-11 	 1.308362e-11
15 	 31 	 Ex 	 1 	 -3.649028e-11 	 1.235167e-11
15 	 32 	 Ex 	 1 	 -3.056485e-11 	 1.149881e-11
15 	 33 	 Ex 	 1 	 -5.292241e-12 	 9.910636e-12
15 	 34 	 Ex 	 1 	 -6.981931e-12 	 1.126647e-11
15 	 35 	 Ex 	 1 	 -9.553724e-12 	 1.234158e-11
15 	 36 	 Ex 	 1 	 -1.361185e-11 	 1.292620e-11
15 	 37 	 Ex 	 1 	 -1.988605e-11 	 1.307837e-11
15 	 38 	 Ex 	 1 	 -2.873721e-11 	 1.323445e-11
15 	 39 	 Ex 	 1 	 -4.014712e-11 	 1.374712e-11
15 	 40 	 Ex 	 1 	 -5.308108e-11 	 1.469838e-11
15 	 41 	 Ex 	 1 	 -6.398757e-11 	 1.587609e-11
15 	 42 	 Ex 	 1 	 -6.935357e-11 	 1.689818e-11
15 	 43 	 Ex 	 1 	 -6.702111e-11 	 1.748214e-11
15 	 44 	 Ex 	 1 	 -6.494732e-11 	 1.750958e-11
15 	 45 	 Ex 	 1 	 -5.767101e-11 	 1.697283e-11
15 	 46 	 Ex 	 1 	 -4.890323e-11 	 1.606684e-11
15 	 47 	 Ex 	 1 	 -4.029576e-11 	 1.500894e-11
15 	 48 	 Ex 	 1 	 -3.254758e-11 	 1.391709e-11
15 	 49 	 Ex 	 1 	 -2.846929e-12 	 1.156827e-11
15 	 50 	 Ex 	 1 	 -4.438950e-12 	 1.317495e-11
15 	 51 	 Ex 	 1 	 -6.866413e-12 	 1.458963e-11
15 	 52 	 Ex 	 1 	 -1.108624e-11 	 1.529582e-11
15 	 53 	 Ex 	 1 	 -1.823904e-11 	 1.535046e-11
15 	 54 	 Ex 	 1 	 -2.901464e-11 	 1.554754e-11
15 	 55 	 Ex 	 1 	 -4.398971e-11 	 1.641439e-11
15 	 56 	 Ex 	 1 	 -6.273267e-11 	 1.803489e-11
15 	 57 	 Ex 	 1 	 -7.935272e-11 	 1.997153e-11
15 	 58 	 Ex 	 1 	 -8.682093e-11 	 2.147967e-11
15 	 59 	 Ex 	 1 	 -8.346680e-11 	 2.225194e-11
15 	 60 	 Ex 	 1 	 -7.942186e-11 	 2.221211e-11
15 	 61 	 Ex 	 1 	 -6.825426e-11 	 2.130747e-11
15 	 62 	 Ex 	 1 	 -5.535728e-11 	 1.988789e-11
15 	 63 	 Ex 	 1 	 -4.360007e-11 	 1.839363e-11
15 	 64 	 Ex 	 1 	 -3.364947e-11 	 1.691623e-11
15 	 65 	 Ex 	 1 	 2.935478e-13 	 1.333653e-11
15 	 66 	 Ex 	 1 	 -1.250950e-12 	 1.517594e-11
15 	 67 	 Ex 	 1 	 -3.946803e-12 	 1.670788e-11
15 	 68 	 Ex 	 1 	 -8.576939e-12 	 1.749308e-11
15 	 69 	 Ex 	 1 	 -1.654748e-11 	 1.767262e-11
15 	 70 	 Ex 	 1 	 -2.910749e-11 	 1.829435e-11
15 	 71 	 Ex 	 1 	 -4.783664e-11 	 1.994668e-11
15 	 72 	 Ex 	 1 	 -7.335507e-11 	 2.267593e-11
15 	 73 	 Ex 	 1 	 -9.742122e-11 	 2.569481e-11
15 	 74 	 Ex 	 1 	 -1.084252e-10 	 2.769655e-11
15 	 75 	 Ex 	 1 	 -1.043190e-10 	 2.857499e-11
15 	 76 	 Ex 	 1 	 -9.754881e-11 	 2.839690e-11
15 	 77 	 Ex 	 1 	 -8.072037e-11 	 2.693163e-11
15 	 78 	 Ex 	 1 	 -6.204157e-11 	 2.474377e-11
15 	 79 	 Ex 	 1 	 -4.609878e-11 	 2.259883e-11
15 	 80 	 Ex 	 1 	 -3.341802e-11 	 2.051478e-11
15 	 81 	 Ex 	 1 	 4.210418e-12 	 1.501898e-11
15 	 82 	 Ex 	 1 	 2.848992e-12 	 1.713771e-11
15 	 83 	 Ex 	 1 	 -1.115410e-13 	 1.884102e-11
15 	 84 	 Ex 	 1 	 -5.491916e-12 	 1.966757e-11
15 	 85 	 Ex 	 1 	 -1.455194e-11 	 2.009422e-11
15 	 86 	 Ex 	 1 	 -2.918786e-11 	 2.149210e-11
15 	 87 	 Ex 	 1 	 -5.228019e-11 	 2.440773e-11
15 	 88 	 Ex 	 1 	 -8.556870e-11 	 2.874794e-11
15 	 89 	 Ex 	 1 	 -1.187312e-10 	 3.317387e-11
15 	 90 	 Ex 	 1 	 -1.354298e-10 	 3.575047e-11
15 	 91 	 Ex 	 1 	 -1.312200e-10 	 3.665330e-11
15 	 92 	 Ex 	 1 	 -1.207469e-10 	 3.618286e-11
15 	 93 	 Ex 	 1 	 -9.603530e-11 	 3.392098e-11
15 	 94 	 Ex 	 1 	 -6.929281e-11 	 3.069232e-11
15 	 95 	 Ex 	 1 	 -4.746345e-11 	 2.760201e-11
15 	 96 	 Ex 	 1 	 -3.109872e-11 	 2.469315e-11
15 	 97 	 Ex 	 1 	 9.147896e-12 	 1.647857e-11
15 	 98 	 Ex 	 1 	 8.473163e-12 	 1.906371e-11
15 	 99 	 Ex 	 1 	 5.693931e-12 	 2.107954e-11
15 	 100 	 Ex 	 1 	 -2.651558e-13 	 2.208777e-11
15 	 101 	 Ex 	 1 	 -1.062347e-11 	 2.289377e-11
15 	 102 	 Ex 	 1 	 -2.794632e-11 	 2.527653e-11
15 	 103 	 Ex 	 1 	 -5.672689e-11 	 2.979967e-11
15 	 104 	 Ex 	 1 	 -1.001068e-10 	 3.627395e-11
15 	 105 	 Ex 	 1 	 -1.458123e-10 	 4.255606e-11
15 	 106 	 Ex 	 1 	 -1.717333e-10 	 4.584558e-11
15 	 107 	 Ex 	 1 	 -1.683258e-10 	 4.673334e-11
15 	 108 	 Ex 	 1 	 -1.521509e-10 	 4.576278e-11
15 	 109 	 Ex 	 1 	 -1.155133e-10 	 4.244552e-11
15 	 110 	 Ex 	 1 	 -7.677937e-11 	 3.783041e-11
15 	 111 	 Ex 	 1 	 -4.631207e-11 	 3.351145e-11
15 	 112 	 Ex 	 1 	 -2.491370e-11 	 2.962233e-11
15 	 113 	 Ex 	 1 	 1.578517e-11 	 1.798413e-11
15 	 114 	 Ex 	 1 	 1.629766e-11 	 2.089196e-11
15 	 115 	 Ex 	 1 	 1.444284e-11 	 2.333747e-11
15 	 116 	 Ex 	 1 	 8.803611e-12 	 2.477855e-11
15 	 117 	 Ex 	 1 	 -2.256829e-12 	 2.625625e-11
15 	 118 	 Ex 	 1 	 -2.226498e-11 	 2.994023e-11
15 	 119 	 Ex 	 1 	 -5.829655e-11 	 3.656554e-11
15 	 120 	 Ex 	 1 	 -1.161208e-10 	 4.584303e-11
15 	 121 	 Ex 	 1 	 -1.819059e-10 	 5.451143e-11
15 	 122 	 Ex 	 1 	 -2.248109e-10 	 5.868308e-11
15 	 123 	 Ex 	 1 	 -2.241015e-10 	 5.942941e-11
15 	 124 	 Ex 	 1 	 -1.974992e-10 	 5.777382e-11
15 	 125 	 Ex 	 1 	 -1.402702e-10 	 5.304244e-11
15 	 126 	 Ex 	 1 	 -8.222840e-11 	 4.664893e-11
15 	 127 	 Ex 	 1 	 -3.910407e-11 	 4.070070e-11
15 	 128 	 Ex 	 1 	 -1.155924e-11 	 3.548787e-11
15 	 129 	 Ex 	 1 	 2.441544e-11 	 1.948252e-11
15 	 130 	 Ex 	 1 	 2.708224e-11 	 2.269538e-11
15 	 131 	 Ex 	 1 	 2.761490e-11 	 2.560740e-11
15 	 132 	 Ex 	 1 	 2.408983e-11 	 2.763918e-11
15 	 133 	 Ex 	 1 	 1.458985e-11 	 3.009221e-11
15 	 134 	 Ex 	 1 	 -6.139424e-12 	 3.564628e-11
15 	 135 	 Ex 	 1 	 -5.011681e-11 	 4.516560e-11
15 	 136 	 Ex 	 1 	 -1.295823e-10 	 5.815323e-11
15 	 137 	 Ex 	 1 	 -2.317812e-10 	 6.997355e-11
15 	 138 	 Ex 	 1 	 -3.101724e-10 	 7.523780e-11
15 	 139 	 Ex 	 1 	 -3.169211e-10 	 7.574321e-11
15 	 140 	 Ex 	 1 	 -2.678722e-10 	 7.308838e-11
15 	 141 	 Ex 	 1 	 -1.706553e-10 	 6.643323e-11
15 	 142 	 Ex 	 1 	 -7.956698e-11 	 5.755358e-11
15 	 143 	 Ex 	 1 	 -1.853983e-11 	 4.937276e-11
15 	 144 	 Ex 	 1 	 1.472411e-11 	 4.230963e-11
15 	 145 	 Ex 	 1 	 3.518234e-11 	 2.089301e-11
15 	 146 	 Ex 	 1 	 4.152863e-11 	 2.446568e-11
15 	 147 	 Ex 	 1 	 4.673358e-11 	 2.787935e-11
15 	 148 	 Ex 	 1 	 4.908786e-11 	 3.067475e-11
15 	 149 	 Ex 	 1 	 4.701837e-11 	 3.460459e-11
15 	 150 	 Ex 	 1 	 3.268184e-11 	 4.273254e-11
15 	 151 	 Ex 	 1 	 -1.552197e-11 	 5.616419e-11
15 	 152 	 Ex 	 1 	 -1.269665e-10 	 7.419090e-11
15 	 153 	 Ex 	 1 	 -3.018069e-10 	 9.033695e-11
15 	 154 	 Ex 	 1 	 -4.633152e-10 	 9.718969e-11
15 	 155 	 Ex 	 1 	 -4.899875e-10 	 9.733563e-11
15 	 156 	 Ex 	 1 	 -3.845536e-10 	 9.310085e-11
15 	 157 	 Ex 	 1 	 -2.011999e-10 	 8.350575e-11
15 	 158 	 Ex 	 1 	 -5.224089e-11 	 7.111314e-11
15 	 159 	 Ex 	 1 	 3.033868e-11 	 5.977380e-11
15 	 160 	 Ex 	 1 	 6.354531e-11 	 5.013429e-11
15 	 161 	 Ex 	 1 	 4.792573e-11 	 2.217377e-11
15 	 162 	 Ex 	 1 	 6.001071e-11 	 2.623583e-11
15 	 163 	 Ex 	 1 	 7.348175e-11 	 3.020366e-11
15 	 164 	 Ex 	 1 	 8.848823e-11 	 3.403487e-11
15 	 165 	 Ex 	 1 	 1.060503e-10 	 3.995215e-11
15 	 166 	 Ex 	 1 	 1.170217e-10 	 5.146458e-11
15 	 167 	 Ex 	 1 	 8.481344e-11 	 7.006681e-11
15 	 168 	 Ex 	 1 	 -6.359126e-11 	 9.482138e-11
15 	 169 	 Ex 	 1 	 -3.912458e-10 	 1.174422e-10
15 	 170 	 Ex 	 1 	 -7.748138e-10 	 1.276890e-10
15 	 171 	 Ex 	 1 	 -8.601984e-10 	 1.278000e-10
15 	 172 	 Ex 	 1 	 -5.862574e-10 	 1.205582e-10
15 	 173 	 Ex 	 1 	 -1.986835e-10 	 1.057954e-10
15 	 174 	 Ex 	 1 	 4.447101e-11 	 8.778910e-11
15 	 175 	 Ex 	 1 	 1.366027e-10 	 7.179625e-11
15 	 176 	 Ex 	 1 	 1.486957e-10 	 5.869029e-11
15 	 177 	 Ex 	 1 	 6.189581e-11 	 2.326133e-11
15 	 178 	 Ex 	 1 	 8.191957e-11 	 2.786609e-11
15 	 179 	 Ex 	 1 	 1.085546e-10 	 3.269769e-11
15 	 180 	 Ex 	 1 	 1.464632e-10 	 3.811066e-11
15 	 181 	 Ex 	 1 	 2.044835e-10 	 4.669146e-11
15 	 182 	 Ex 	 1 	 2.816940e-10 	 6.230386e-11
15 	 183 	 Ex 	 1 	 3.346987e-10 	 8.696713e-11
15 	 184 	 Ex 	 1 	 2.090173e-10 	 1.206189e-10
15 	 185 	 Ex 	 1 	 -4.118062e-10 	 1.541516e-10
15 	 186 	 Ex 	 1 	 -1.506689e-09 	 1.740044e-10
15 	 187 	 Ex 	 1 	 -1.823729e-09 	 1.759896e-10
15 	 188 	 Ex 	 1 	 -9.079016e-10 	 1.610334e-10
15 	 189 	 Ex 	 1 	 -6.260328e-12 	 1.351452e-10
15 	 190 	 Ex 	 1 	 3.246432e-10 	 1.077564e-10
15 	 191 	 Ex 	 1 	 3.482249e-10 	 8.509490e-11
15 	 192 	 Ex 	 1 	 2.844170e-10 	 6.759249e-11
15 	 193 	 Ex 	 1 	 7.563351e-11 	 2.424051e-11
15 	 194 	 Ex 	 1 	 1.050601e-10 	 2.943817e-11
15 	 195 	 Ex 	 1 	 1.490784e-10 	 3.537171e-11
15 	 196 	 Ex 	 1 	 2.202055e-10 	 4.290867e-11
15 	 197 	 Ex 	 1 	 3.427811e-10 	 5.472860e-11
15 	 198 	 Ex 	 1 	 5.492541e-10 	 7.465465e-11
15 	 199 	 Ex 	 1 	 8.578145e-10 	 1.059763e-10
15 	 200 	 Ex 	 1 	 1.130519e-09 	 1.510937e-10
15 	 201 	 Ex 	 1 	 4.141203e-10 	 2.063283e-10
15 	 202 	 Ex 	 1 	 -3.457235e-09 	 2.569890e-10
15 	 203 	 Ex 	 1 	 -5.290868e-09 	 2.682726e-10
15 	 204 	 Ex 	 1 	 -8.877062e-10 	 2.274786e-10
15 	 205 	 Ex 	 1 	 1.035014e-09 	 1.739500e-10
15 	 206 	 Ex 	 1 	 1.016285e-09 	 1.301089e-10
15 	 207 	 Ex 	 1 	 7.095936e-10 	 9.842033e-11
15 	 208 	 Ex 	 1 	 4.688137e-10 	 7.581448e-11
15 	 209 	 Ex 	 1 	 8.656025e-11 	 2.498628e-11
15 	 210 	 Ex 	 1 	 1.246884e-10 	 3.085314e-11
15 	 211 	 Ex 	 1 	 1.857123e-10 	 3.803253e-11
15 	 212 	 Ex 	 1 	 2.907341e-10 	 4.770259e-11
15 	 213 	 Ex 	 1 	 4.841198e-10 	 6.236817e-11
15 	 214 	 Ex 	 1 	 8.598268e-10 	 8.580558e-11
15 	 215 	 Ex 	 1 	 1.638787e-09 	 1.229320e-10
15 	 216 	 Ex 	 1 	 3.374137e-09 	 1.817407e-10
15 	 217 	 Ex 	 1 	 6.753416e-09 	 2.787859e-10
15 	 218 	 Ex 	 1 	 -4.287767e-09 	 4.439116e-10
15 	 219 	 Ex 	 1 	 -2.786721e-08 	 5.169211e-10
15 	 220 	 Ex 	 1 	 7.068782e-09 	 3.411299e-10
15 	 221 	 Ex 	 1 	 4.697234e-09 	 2.188653e-10
15 	 222 	 Ex 	 1 	 2.247085e-09 	 1.504968e-10
15 	 223 	 Ex 	 1 	 1.161192e-09 	 1.090471e-10
15 	 224 	 Ex 	 1 	 6.559314e-10 	 8.192822e-11
15 	 225 	 Ex 	 1 	 9.196750e-11 	 2.551335e-11
15 	 226 	 Ex 	 1 	 1.348606e-10 	 3.183822e-11
15 	 227 	 Ex 	 1 	 2.052215e-10 	 3.993371e-11
15 	 228 	 Ex 	 1 	 3.283767e-10 	 5.097094e-11
15 	 229 	 Ex 	 1 	 5.602609e-10 	 6.718946e-11
15 	 230 	 Ex 	 1 	 1.038223e-09 	 9.212844e-11
15 	 231 	 Ex 	 1 	 2.172140e-09 	 1.316609e-10
15 	 232 	 Ex 	 1 	 5.591080e-09 	 1.987325e-10
15 	 233 	 Ex 	 1 	 2.168589e-08 	 3.351874e-10
15 	 234 	 Ex 	 1 	 4.486222e-08 	 8.329762e-10
15 	 235 	 Ex 	 1 	 6.862890e-07 	 2.177350e-09
15 	 236 	 Ex 	 1 	 5.132431e-08 	 4.555938e-10
15 	 237 	 Ex 	 1 	 9.523521e-09 	 2.469114e-10
15 	 238 	 Ex 	 1 	 3.209702e-09 	 1.606570e-10
15 	 239 	 Ex 	 1 	 1.435294e-09 	 1.138114e-10
15 	 240 	 Ex 	 1 	 7.540611e-10 	 8.455613e-11
15 	 241 	 Ex 	 1 	 9.055885e-11 	 2.569727e-11
15 	 242 	 Ex 	 1 	 1.326427e-10 	 3.219216e-11
15 	 243 	 Ex 	 1 	 2.008492e-10 	 4.058397e-11
15 	 244 	 Ex 	 1 	 3.175240e-10 	 5.192567e-11
15 	 245 	 Ex 	 1 	 5.301231e-10 	 6.804164e-11
15 	 246 	 Ex 	 1 	 9.501349e-10 	 9.184248e-11
15 	 247 	 Ex 	 1 	 1.880661e-09 	 1.282817e-10
15 	 248 	 Ex 	 1 	 4.303966e-09 	 1.880320e-10
15 	 249 	 Ex 	 1 	 1.175783e-08 	 2.996235e-10
15 	 250 	 Ex 	 1 	 1.148332e-08 	 5.507374e-10
15 	 251 	 Ex 	 1 	 -6.003584e-08 	 7.194301e-10
15 	 252 	 Ex 	 1 	 1.813746e-08 	 3.853086e-10
15 	 253 	 Ex 	 1 	 6.599965e-09 	 2.297307e-10
15 	 254 	 Ex 	 1 	 2.666624e-09 	 1.541102e-10
15 	 255 	 Ex 	 1 	 1.280697e-09 	 1.107386e-10
15 	 256 	 Ex 	 1 	 6.963993e-10 	 8.296092e-11
15 	 1 	 Ex 	 2 	 -1.364572e-11 	 1.875705e-12
15 	 2 	 Ex 	 2 	 -1.665028e-11 	 2.373757e-12
15 	 3 	 Ex 	 2 	 -2.013759e-11 	 2.763255e-12
15 	 4 	 Ex 	 2 	 -2.422820e-11 	 2.877632e-12
15 	 5 	 Ex 	 2 	 -2.907996e-11 	 2.554481e-12
15 	 6 	 Ex 	 2 	 -3.478040e-11 	 1.719759e-12
15 	 7 	 Ex 	 2 	 -4.115582e-11 	 4.553286e-13
15 	 8 	 Ex 	 2 	 -4.756957e-11 	 -9.619860e-13
15 	 9 	 Ex 	 2 	 -5.294979e-11 	 -2.124024e-12
15 	 10 	 Ex 	 2 	 -5.633794e-11 	 -2.738567e-12
15 	 11 	 Ex 	 2 	 -5.553914e-11 	 -2.818634e-12
15 	 12 	 Ex 	 2 	 -5.563155e-11 	 -2.517411e-12
15 	 13 	 Ex 	 2 	 -5.216861e-11 	 -2.057012e-12
15 	 14 	 Ex 	 2 	 -4.738569e-11 	 -1.585126e-12
15 	 15 	 Ex 	 2 	 -4.195003e-11 	 -1.212207e-12
15 	 16 	 Ex 	 2 	 -3.638089e-11 	 -9.758473e-13
15 	 17 	 Ex 	 2 	 -1.417630e-11 	 2.939469e-12
15 	 18 	 Ex 	 2 	 -1.755661e-11 	 3.864946e-12
15 	 19 	 Ex 	 2 	 -2.150893e-11 	 4.732701e-12
15 	 20 	 Ex 	 2 	 -2.624119e-11 	 5.277731e-12
15 	 21 	 Ex 	 2 	 -3.212742e-11 	 5.203797e-12
15 	 22 	 Ex 	 2 	 -3.953612e-11 	 4.342606e-12
15 	 23 	 Ex 	 2 	 -4.847607e-11 	 2.740335e-12
15 	 24 	 Ex 	 2 	 -5.808178e-11 	 7.792787e-13
15 	 25 	 Ex 	 2 	 -6.632519e-11 	 -7.853335e-13
15 	 26 	 Ex 	 2 	 -7.126403e-11 	 -1.400337e-12
15 	 27 	 Ex 	 2 	 -7.032906e-11 	 -1.222723e-12
15 	 28 	 Ex 	 2 	 -6.963519e-11 	 -6.351621e-13
15 	 29 	 Ex 	 2 	 -6.430975e-11 	 3.928465e-14
15 	 30 	 Ex 	 2 	 -5.727635e-11 	 5.999359e-13
15 	 31 	 Ex 	 2 	 -4.967923e-11 	 8.956126e-13
15 	 32 	 Ex 	 2 	 -4.225078e-11 	 9.138066e-13
15 	 33 	 Ex 	 2 	 -1.447419e-11 	 4.150540e-12
15 	 34 	 Ex 	 2 	 -1.823217e-11 	 5.624891e-12
15 	 35 	 Ex 	 2 	 -2.261965e-11 	 7.161414e-12
15 	 36 	 Ex 	 2 	 -2.791224e-11 	 8.381316e-12
15 	 37 	 Ex 	 2 	 -3.482421e-11 	 8.799662e-12
15 	 38 	 Ex 	 2 	 -4.424253e-11 	 8.129204e-12
15 	 39 	 Ex 	 2 	 -5.666240e-11 	 6.292792e-12
15 	 40 	 Ex 	 2 	 -7.122525e-11 	 3.654061e-12
15 	 41 	 Ex 	 2 	 -8.410948e-11 	 1.563904e-12
15 	 42 	 Ex 	 2 	 -9.122499e-11 	 1.130954e-12
15 	 43 	 Ex 	 2 	 -8.988776e-11 	 1.797880e-12
15 	 44 	 Ex 	 2 	 -8.781572e-11 	 2.777514e-12
15 	 45 	 Ex 	 2 	 -7.952147e-11 	 3.688279e-12
15 	 46 	 Ex 	 2 	 -6.904672e-11 	 4.269385e-12
15 	 47 	 Ex 	 2 	 -5.843564e-11 	 4.304062e-12
15 	 48 	 Ex 	 2 	 -4.861072e-11 	 3.865299e-12
15 	 49 	 Ex 	 2 	 -1.443587e-11 	 5.418477e-12
15 	 50 	 Ex 	 2 	 -1.860198e-11 	 7.498462e-12
15 	 51 	 Ex 	 2 	 -2.346423e-11 	 9.811682e-12
15 	 52 	 Ex 	 2 	 -2.928769e-11 	 1.190547e-11
15 	 53 	 Ex 	 2 	 -3.720898e-11 	 1.314402e-11
15 	 54 	 Ex 	 2 	 -4.890516e-11 	 1.315383e-11
15 	 55 	 Ex 	 2 	 -6.569328e-11 	 1.160068e-11
15 	 56 	 Ex 	 2 	 -8.733753e-11 	 8.514830e-12
15 	 57 	 Ex 	 2 	 -1.073131e-10 	 5.939195e-12
15 	 58 	 Ex 	 2 	 -1.174428e-10 	 5.916768e-12
15 	 59 	 Ex 	 2 	 -1.154294e-10 	 7.227950e-12
15 	 60 	 Ex 	 2 	 -1.112168e-10 	 8.614223e-12
15 	 61 	 Ex 	 2 	 -9.830209e-11 	 9.695396e-12
15 	 62 	 Ex 	 2 	 -8.269652e-11 	 1.008103e-11
15 	 63 	 Ex 	 2 	 -6.801814e-11 	 9.492566e-12
15 	 64 	 Ex 	 2 	 -5.517021e-11 	 8.215270e-12
15 	 65 	 Ex 	 2 	 -1.388465e-11 	 6.653898e-12
15 	 66 	 Ex 	 2 	 -1.848533e-11 	 9.312817e-12
15 	 67 	 Ex 	 2 	 -2.395350e-11 	 1.235715e-11
15 	 68 	 Ex 	 2 	 -3.050695e-11 	 1.537261e-11
15 	 69 	 Ex 	 2 	 -3.966575e-11 	 1.781337e-11
15 	 70 	 Ex 	 2 	 -5.408767e-11 	 1.927000e-11
15 	 71 	 Ex 	 2 	 -7.617545e-11 	 1.902663e-11
15 	 72 	 Ex 	 2 	 -1.067198e-10 	 1.656440e-11
15 	 73 	 Ex 	 2 	 -1.361596e-10 	 1.415888e-11
15 	 74 	 Ex 	 2 	 -1.507849e-10 	 1.463247e-11
15 	 75 	 Ex 	 2 	 -1.482115e-10 	 1.644438e-11
15 	 76 	 Ex 	 2 	 -1.409231e-10 	 1.807410e-11
15 	 77 	 Ex 	 2 	 -1.212405e-10 	 1.903379e-11
15 	 78 	 Ex 	 2 	 -9.837152e-11 	 1.872022e-11
15 	 79 	 Ex 	 2 	 -7.822038e-11 	 1.693749e-11
15 	 80 	 Ex 	 2 	 -6.149663e-11 	 1.430064e-11
15 	 81 	 Ex 	 2 	 -1.253958e-11 	 7.829837e-12
15 	 82 	 Ex 	 2 	 -1.748589e-11 	 1.103586e-11
15 	 83 	 Ex 	 2 	 -2.359444e-11 	 1.477009e-11
15 	 84 	 Ex 	 2 	 -3.112778e-11 	 1.877488e-11
15 	 85 	 Ex 	 2 	 -4.200505e-11 	 2.283434e-11
15 	 86 	 Ex 	 2 	 -5.994728e-11 	 2.658125e-11
15 	 87 	 Ex 	 2 	 -8.870099e-11 	 2.893016e-11
15 	 88 	 Ex 	 2 	 -1.300810e-10 	 2.881643e-11
15 	 89 	 Ex 	 2 	 -1.713816e-10 	 2.797800e-11
15 	 90 	 Ex 	 2 	 -1.927836e-10 	 2.916256e-11
15 	 91 	 Ex 	 2 	 -1.901145e-10 	 3.119038e-11
15 	 92 	 Ex 	 2 	 -1.784745e-10 	 3.265251e-11
15 	 93 	 Ex 	 2 	 -1.493366e-10 	 3.278197e-11
15 	 94 	 Ex 	 2 	 -1.164081e-10 	 3.089470e-11
15 	 95 	 Ex 	 2 	 -8.865809e-11 	 2.713679e-11
15 	 96 	 Ex 	 2 	 -6.680140e-11 	 2.247499e-11
15 	 97 	 Ex 	 2 	 -1.003504e-11 	 8.981664e-12
15 	 98 	 Ex 	 2 	 -1.502951e-11 	 1.276711e-11
15 	 99 	 Ex 	 2 	 -2.153611e-11 	 1.728198e-11
15 	 100 	 Ex 	 2 	 -3.003041e-11 	 2.248750e-11
15 	 101 	 Ex 	 2 	 -4.297171e-11 	 2.863601e-11
15 	 102 	 Ex 	 2 	 -6.532489e-11 	 3.560871e-11
15 	 103 	 Ex 	 2 	 -1.026283e-10 	 4.208991e-11
15 	 104 	 Ex 	 2 	 -1.580167e-10 	 4.643379e-11
15 	 105 	 Ex 	 2 	 -2.153538e-10 	 4.900748e-11
15 	 106 	 Ex 	 2 	 -2.472905e-10 	 5.149832e-11
15 	 107 	 Ex 	 2 	 -2.452714e-10 	 5.352308e-11
15 	 108 	 Ex 	 2 	 -2.269709e-10 	 5.420934e-11
15 	 109 	 Ex 	 2 	 -1.838772e-10 	 5.240993e-11
15 	 110 	 Ex 	 2 	 -1.364792e-10 	 4.763772e-11
15 	 111 	 Ex 	 2 	 -9.800585e-11 	 4.077206e-11
15 	 112 	 Ex 	 2 	 -6.943701e-11 	 3.316579e-11
15 	 113 	 Ex 	 2 	 -5.976689e-12 	 1.015618e-11
15 	 114 	 Ex 	 2 	 -1.044045e-11 	 1.460016e-11
15 	 115 	 Ex 	 2 	 -1.671071e-11 	 2.004256e-11
15 	 116 	 Ex 	 2 	 -2.559518e-11 	 2.673382e-11
15 	 117 	 Ex 	 2 	 -4.028318e-11 	 3.558310e-11
15 	 118 	 Ex 	 2 	 -6.742056e-11 	 4.705248e-11
15 	 119 	 Ex 	 2 	 -1.153985e-10 	 5.977937e-11
15 	 120 	 Ex 	 2 	 -1.899506e-10 	 7.139912e-11
15 	 121 	 Ex 	 2 	 -2.715675e-10 	 7.979128e-11
15 	 122 	 Ex 	 2 	 -3.219568e-10 	 8.443448e-11
15 	 123 	 Ex 	 2 	 -3.223294e-10 	 8.622424e-11
15 	 124 	 Ex 	 2 	 -2.923395e-10 	 8.529529e-11
15 	 125 	 Ex 	 2 	 -2.262045e-10 	 8.002885e-11
15 	 126 	 Ex 	 2 	 -1.565474e-10 	 7.045033e-11
15 	 127 	 Ex 	 2 	 -1.029119e-10 	 5.876421e-11
15 	 128 	 Ex 	 2 	 -6.616489e-11 	 4.687590e-11
15 	 129 	 Ex 	 2 	 6.000958e-15 	 1.138839e-11
15 	 130 	 Ex 	 2 	 -2.977285e-12 	 1.657522e-11
15 	 131 	 Ex 	 2 	 -7.733068e-12 	 2.310620e-11
15 	 132 	 Ex 	 2 	 -1.539744e-11 	 3.161211e-11
15 	 133 	 Ex 	 2 	 -2.991637e-11 	 4.399716e-11
15 	 134 	 Ex 	 2 	 -6.039562e-11 	 6.174231e-11
15 	 135 	 Ex 	 2 	 -1.204229e-10 	 8.371925e-11
15 	 136 	 Ex 	 2 	 -2.221178e-10 	 1.066691e-10
15 	 137 	 Ex 	 2 	 -3.449074e-10 	 1.243425e-10
15 	 138 	 Ex 	 2 	 -4.322976e-10 	 1.323784e-10
15 	 139 	 Ex 	 2 	 -4.396178e-10 	 1.336094e-10
15 	 140 	 Ex 	 2 	 -3.856497e-10 	 1.297645e-10
15 	 141 	 Ex 	 2 	 -2.767069e-10 	 1.186404e-10
15 	 142 	 Ex 	 2 	 -1.705727e-10 	 1.012994e-10
15 	 143 	 Ex 	 2 	 -9.607808e-11 	 8.219744e-11
15 	 144 	 Ex 	 2 	 -5.112253e-11 	 6.409248e-11
15 	 145 	 Ex 	 2 	 8.167526e-12 	 1.272252e-11
15 	 146 	 Ex 	 2 	 8.089620e-12 	 1.875256e-11
15 	 147 	 Ex 	 2 	 7.069519e-12 	 2.655920e-11
15 	 148 	 Ex 	 2 	 4.113782e-12 	 3.731881e-11
15 	 149 	 Ex 	 2 	 -4.925297e-12 	 5.435708e-11
15 	 150 	 Ex 	 2 	 -3.228598e-11 	 8.071593e-11
15 	 151 	 Ex 	 2 	 -1.012788e-10 	 1.160180e-10
15 	 152 	 Ex 	 2 	 -2.410274e-10 	 1.561547e-10
15 	 153 	 Ex 	 2 	 -4.415637e-10 	 1.886162e-10
15 	 154 	 Ex 	 2 	 -6.135594e-10 	 2.026607e-10
15 	 155 	 Ex 	 2 	 -6.400954e-10 	 2.031958e-10
15 	 156 	 Ex 	 2 	 -5.279655e-10 	 1.939931e-10
15 	 157 	 Ex 	 2 	 -3.297117e-10 	 1.726341e-10
15 	 158 	 Ex 	 2 	 -1.618729e-10 	 1.426084e-10
15 	 159 	 Ex 	 2 	 -6.236799e-11 	 1.120999e-10
15 	 160 	 Ex 	 2 	 -1.450134e-11 	 8.507663e-11
15 	 161 	 Ex 	 2 	 1.846932e-11 	 1.423194e-11
15 	 162 	 Ex 	 2 	 2.320945e-11 	 2.128229e-11
15 	 163 	 Ex 	 2 	 2.938911e-11 	 3.071128e-11
15 	 164 	 Ex 	 2 	 3.750200e-11 	 4.443089e-11
15 	 165 	 Ex 	 2 	 4.551936e-11 	 6.756701e-11
15 	 166 	 Ex 	 2 	 3.960381e-11 	 1.052776e-10
15 	 167 	 Ex 	 2 	 -1.857562e-11 	 1.589011e-10
15 	 168 	 Ex 	 2 	 -2.013702e-10 	 2.243266e-10
15 	 169 	 Ex 	 2 	 -5.598580e-10 	 2.814503e-10
15 	 170 	 Ex 	 2 	 -9.556937e-10 	 3.090534e-10
15 	 171 	 Ex 	 2 	 -1.040350e-09 	 3.102247e-10
15 	 172 	 Ex 	 2 	 -7.575813e-10 	 2.897259e-10
15 	 173 	 Ex 	 2 	 -3.515236e-10 	 2.485251e-10
15 	 174 	 Ex 	 2 	 -8.524369e-11 	 1.969790e-10
15 	 175 	 Ex 	 2 	 2.779633e-11 	 1.490060e-10
15 	 176 	 Ex 	 2 	 5.806062e-11 	 1.095066e-10
15 	 177 	 Ex 	 2 	 3.030344e-11 	 1.599683e-11
15 	 178 	 Ex 	 2 	 4.199742e-11 	 2.439060e-11
15 	 179 	 Ex 	 2 	 5.991280e-11 	 3.611787e-11
15 	 180 	 Ex 	 2 	 8.862299e-11 	 5.401407e-11
15 	 181 	 Ex 	 2 	 1.337656e-10 	 8.497475e-11
15 	 182 	 Ex 	 2 	 1.898721e-10 	 1.366142e-10
15 	 183 	 Ex 	 2 	 2.121039e-10 	 2.135824e-10
15 	 184 	 Ex 	 2 	 4.695532e-11 	 3.149754e-10
15 	 185 	 Ex 	 2 	 -6.092131e-10 	 4.169319e-10
15 	 186 	 Ex 	 2 	 -1.719642e-09 	 4.824255e-10
15 	 187 	 Ex 	 2 	 -2.036317e-09 	 4.910031e-10
15 	 188 	 Ex 	 2 	 -1.108708e-09 	 4.409828e-10
15 	 189 	 Ex 	 2 	 -1.842125e-10 	 3.555723e-10
15 	 190 	 Ex 	 2 	 1.743550e-10 	 2.660238e-10
15 	 191 	 Ex 	 2 	 2.232903e-10 	 1.919073e-10
15 	 192 	 Ex 	 2 	 1.815129e-10 	 1.359492e-10
15 	 193 	 Ex 	 2 	 4.217193e-11 	 1.798510e-11
15 	 194 	 Ex 	 2 	 6.226870e-11 	 2.810151e-11
15 	 195 	 Ex 	 2 	 9.585881e-11 	 4.299340e-11
15 	 196 	 Ex 	 2 	 1.548127e-10 	 6.650655e-11
15 	 197 	 Ex 	 2 	 2.605940e-10 	 1.065600e-10
15 	 198 	 Ex 	 2 	 4.420490e-10 	 1.731462e-10
15 	 199 	 Ex 	 2 	 7.160740e-10 	 2.769213e-10
15 	 200 	 Ex 	 2 	 9.463531e-10 	 4.281308e-10
15 	 201 	 Ex 	 2 	 1.904286e-10 	 6.209862e-10
15 	 202 	 Ex 	 2 	 -3.703436e-09 	 8.056169e-10
15 	 203 	 Ex 	 2 	 -5.539066e-09 	 8.482508e-10
15 	 204 	 Ex 	 2 	 -1.119141e-09 	 7.001051e-10
15 	 205 	 Ex 	 2 	 8.327650e-10 	 5.041123e-10
15 	 206 	 Ex 	 2 	 8.468227e-10 	 3.468663e-10
15 	 207 	 Ex 	 2 	 5.701587e-10 	 2.364965e-10
15 	 208 	 Ex 	 2 	 3.552841e-10 	 1.612062e-10
15 	 209 	 Ex 	 2 	 5.168154e-11 	 1.991372e-11
15 	 210 	 Ex 	 2 	 7.945484e-11 	 3.182816e-11
15 	 211 	 Ex 	 2 	 1.282313e-10 	 5.004786e-11
15 	 212 	 Ex 	 2 	 2.181572e-10 	 7.912722e-11
15 	 213 	 Ex 	 2 	 3.913868e-10 	 1.271902e-10
15 	 214 	 Ex 	 2 	 7.393590e-10 	 2.062764e-10
15 	 215 	 Ex 	 2 	 1.481873e-09 	 3.350649e-10
15 	 216 	 Ex 	 2 	 3.173523e-09 	 5.482586e-10
15 	 217 	 Ex 	 2 	 6.508241e-09 	 9.201583e-10
15 	 218 	 Ex 	 2 	 -4.568227e-09 	 1.551242e-09
15 	 219 	 Ex 	 2 	 -2.815539e-08 	 1.804516e-09
15 	 220 	 Ex 	 2 	 6.808071e-09 	 1.164409e-09
15 	 221 	 Ex 	 2 	 4.475213e-09 	 6.848637e-10
15 	 222 	 Ex 	 2 	 2.063359e-09 	 4.240799e-10
15 	 223 	 Ex 	 2 	 1.011394e-09 	 2.733754e-10
15 	 224 	 Ex 	 2 	 5.349685e-10 	 1.803002e-10
15 	 225 	 Ex 	 2 	 5.618376e-11 	 2.130006e-11
15 	 226 	 Ex 	 2 	 8.800229e-11 	 3.450934e-11
15 	 227 	 Ex 	 2 	 1.447863e-10 	 5.494483e-11
15 	 228 	 Ex 	 2 	 2.509495e-10 	 8.725285e-11
15 	 229 	 Ex 	 2 	 4.608265e-10 	 1.392144e-10
15 	 230 	 Ex 	 2 	 9.101341e-10 	 2.236210e-10
15 	 231 	 Ex 	 2 	 2.007884e-09 	 3.642577e-10
15 	 232 	 Ex 	 2 	 5.383802e-09 	 6.174061e-10
15 	 233 	 Ex 	 2 	 2.143102e-08 	 1.171154e-09
15 	 234 	 Ex 	 2 	 4.455576e-08 	 3.190632e-09
15 	 235 	 Ex 	 2 	 6.859687e-07 	 9.586227e-09
15 	 236 	 Ex 	 2 	 5.104744e-08 	 1.693216e-09
15 	 237 	 Ex 	 2 	 9.292964e-09 	 8.038776e-10
15 	 238 	 Ex 	 2 	 3.020305e-09 	 4.636782e-10
15 	 239 	 Ex 	 2 	 1.281365e-09 	 2.896644e-10
15 	 240 	 Ex 	 2 	 6.300864e-10 	 1.878771e-10
15 	 241 	 Ex 	 2 	 5.456488e-11 	 2.171973e-11
15 	 242 	 Ex 	 2 	 8.529797e-11 	 3.530960e-11
15 	 243 	 Ex 	 2 	 1.394529e-10 	 5.617506e-11
15 	 244 	 Ex 	 2 	 2.385972e-10 	 8.848884e-11
15 	 245 	 Ex 	 2 	 4.291190e-10 	 1.389556e-10
15 	 246 	 Ex 	 2 	 8.215049e-10 	 2.187081e-10
15 	 247 	 Ex 	 2 	 1.718506e-09 	 3.484070e-10
15 	 248 	 Ex 	 2 	 4.103001e-09 	 5.737150e-10
15 	 249 	 Ex 	 2 	 1.151480e-08 	 1.017377e-09
15 	 250 	 Ex 	 2 	 1.120047e-08 	 2.012126e-09
15 	 251 	 Ex 	 2 	 -6.033114e-08 	 2.570156e-09
15 	 252 	 Ex 	 2 	 1.787469e-08 	 1.363543e-09
15 	 253 	 Ex 	 2 	 6.377531e-09 	 7.330250e-10
15 	 254 	 Ex 	 2 	 2.482158e-09 	 4.377808e-10
15 	 255 	 Ex 	 2 	 1.129826e-09 	 2.773542e-10
15 	 256 	 Ex 	 2 	 5.743782e-10 	 1.811539e-10
15 	 1 	 Ey 	 1 	 1.787060e-11 	 1.400818e-12
15 	 2 	 Ey 	 1 	 1.975027e-11 	 1.856840e-12
15 	 3 	 Ey 	 1 	 2.164124e-11 	 2.303089e-12
15 	 4 	 Ey 	 1 	 2.335192e-11 	 2.659662e-12
15 	 5 	 Ey 	 1 	 2.453450e-11 	 2.846680e-12
15 	 6 	 Ey 	 1 	 2.467740e-11 	 2.792620e-12
15 	 7 	 Ey 	 1 	 2.320119e-11 	 2.524357e-12
15 	 8 	 Ey 	 1 	 1.967494e-11 	 2.137009e-12
15 	 9 	 Ey 	 1 	 1.411642e-11 	 1.735281e-12
15 	 10 	 Ey 	 1 	 7.190353e-12 	 1.402061e-12
15 	 11 	 Ey 	 1 	 1.661365e-13 	 1.159893e-12
15 	 12 	 Ey 	 1 	 -7.005271e-12 	 9.992628e-13
15 	 13 	 Ey 	 1 	 -1.284892e-11 	 8.695094e-13
15 	 14 	 Ey 	 1 	 -1.732401e-11 	 7.524606e-13
15 	 15 	 Ey 	 1 	 -2.038879e-11 	 6.287965e-13
15 	 16 	 Ey 	 1 	 -2.219369e-11 	 5.296233e-13
15 	 17 	 Ey 	 1 	 2.054087e-11 	 1.620266e-12
15 	 18 	 Ey 	 1 	 2.298071e-11 	 2.133743e-12
15 	 19 	 Ey 	 1 	 2.563002e-11 	 2.716239e-12
15 	 20 	 Ey 	 1 	 2.822222e-11 	 3.175158e-12
15 	 21 	 Ey 	 1 	 3.032209e-11 	 3.355368e-12
15 	 22 	 Ey 	 1 	 3.123753e-11 	 3.188781e-12
15 	 23 	 Ey 	 1 	 3.004475e-11 	 2.738141e-12
15 	 24 	 Ey 	 1 	 2.581412e-11 	 2.158964e-12
15 	 25 	 Ey 	 1 	 1.831428e-11 	 1.632527e-12
15 	 26 	 Ey 	 1 	 8.694766e-12 	 1.254433e-12
15 	 27 	 Ey 	 1 	 -9.567272e-13 	 1.039493e-12
15 	 28 	 Ey 	 1 	 -1.051600e-11 	 9.353888e-13
15 	 29 	 Ey 	 1 	 -1.804455e-11 	 8.652288e-13
15 	 30 	 Ey 	 1 	 -2.343113e-11 	 7.739190e-13
15 	 31 	 Ey 	 1 	 -2.672065e-11 	 6.688675e-13
15 	 32 	 Ey 	 1 	 -2.834179e-11 	 5.511728e-13
15 	 33 	 Ey 	 1 	 2.330238e-11 	 1.725084e-12
15 	 34 	 Ey 	 1 	 2.632588e-11 	 2.280834e-12
15 	 35 	 Ey 	 1 	 2.958262e-11 	 2.850253e-12
15 	 36 	 Ey 	 1 	 3.299973e-11 	 3.354271e-12
15 	 37 	 Ey 	 1 	 3.609316e-11 	 3.516515e-12
15 	 38 	 Ey 	 1 	 3.794328e-11 	 3.182766e-12
15 	 39 	 Ey 	 1 	 3.732277e-11 	 2.498769e-12
15 	 40 	 Ey 	 1 	 3.255091e-11 	 1.736448e-12
15 	 41 	 Ey 	 1 	 2.269033e-11 	 1.160088e-12
15 	 42 	 Ey 	 1 	 9.612468e-12 	 8.698029e-13
15 	 43 	 Ey 	 1 	 -3.401605e-12 	 7.878971e-13
15 	 44 	 Ey 	 1 	 -1.603035e-11 	 8.293242e-13
15 	 45 	 Ey 	 1 	 -2.565211e-11 	 8.696593e-13
15 	 46 	 Ey 	 1 	 -3.197415e-11 	 8.015644e-13
15 	 47 	 Ey 	 1 	 -3.529863e-11 	 6.571562e-13
15 	 48 	 Ey 	 1 	 -3.641349e-11 	 5.013408e-13
15 	 49 	 Ey 	 1 	 2.608818e-11 	 1.629753e-12
15 	 50 	 Ey 	 1 	 2.964682e-11 	 2.104391e-12
15 	 51 	 Ey 	 1 	 3.345941e-11 	 2.651922e-12
15 	 52 	 Ey 	 1 	 3.729209e-11 	 3.014236e-12
15 	 53 	 Ey 	 1 	 4.074374e-11 	 2.895494e-12
15 	 54 	 Ey 	 1 	 4.304761e-11 	 2.260800e-12
15 	 55 	 Ey 	 1 	 4.286638e-11 	 1.387819e-12
15 	 56 	 Ey 	 1 	 3.781404e-11 	 6.007377e-13
15 	 57 	 Ey 	 1 	 2.589107e-11 	 2.158001e-13
15 	 58 	 Ey 	 1 	 9.244846e-12 	 2.084363e-13
15 	 59 	 Ey 	 1 	 -7.697657e-12 	 3.676387e-13
15 	 60 	 Ey 	 1 	 -2.417419e-11 	 6.222348e-13
15 	 61 	 Ey 	 1 	 -3.632372e-11 	 8.244992e-13
15 	 62 	 Ey 	 1 	 -4.353565e-11 	 8.052888e-13
15 	 63 	 Ey 	 1 	 -4.659765e-11 	 6.378991e-13
15 	 64 	 Ey 	 1 	 -4.678004e-11 	 4.691612e-13
15 	 65 	 Ey 	 1 	 2.896996e-11 	 1.326390e-12
15 	 66 	 Ey 	 1 	 3.329386e-11 	 1.737063e-12
15 	 67 	 Ey 	 1 	 3.770413e-11 	 2.074452e-12
15 	 68 	 Ey 	 1 	 4.183222e-11 	 2.095568e-12
15 	 69 	 Ey 	 1 	 4.533966e-11 	 1.585834e-12
15 	 70 	 Ey 	 1 	 4.765928e-11 	 6.455392e-13
15 	 71 	 Ey 	 1 	 4.734961e-11 	 -3.652343e-13
15 	 72 	 Ey 	 1 	 4.167541e-11 	 -1.053938e-12
15 	 73 	 Ey 	 1 	 2.805713e-11 	 -1.111134e-12
15 	 74 	 Ey 	 1 	 7.952587e-12 	 -7.171782e-13
15 	 75 	 Ey 	 1 	 -1.361102e-11 	 -2.347478e-13
15 	 76 	 Ey 	 1 	 -3.494593e-11 	 2.912758e-13
15 	 77 	 Ey 	 1 	 -5.026393e-11 	 7.026831e-13
15 	 78 	 Ey 	 1 	 -5.869667e-11 	 7.850727e-13
15 	 79 	 Ey 	 1 	 -6.135878e-11 	 6.441167e-13
15 	 80 	 Ey 	 1 	 -6.014004e-11 	 4.407322e-13
15 	 81 	 Ey 	 1 	 3.218635e-11 	 1.013077e-12
15 	 82 	 Ey 	 1 	 3.756755e-11 	 1.240583e-12
15 	 83 	 Ey 	 1 	 4.321581e-11 	 1.360928e-12
15 	 84 	 Ey 	 1 	 4.862412e-11 	 1.113710e-12
15 	 85 	 Ey 	 1 	 5.326914e-11 	 3.250782e-13
15 	 86 	 Ey 	 1 	 5.644693e-11 	 -8.325858e-13
15 	 87 	 Ey 	 1 	 5.634887e-11 	 -1.971093e-12
15 	 88 	 Ey 	 1 	 4.966081e-11 	 -2.608500e-12
15 	 89 	 Ey 	 1 	 3.322312e-11 	 -2.393568e-12
15 	 90 	 Ey 	 1 	 7.757308e-12 	 -1.661449e-12
15 	 91 	 Ey 	 1 	 -2.078650e-11 	 -8.704592e-13
15 	 92 	 Ey 	 1 	 -4.931440e-11 	 -1.076258e-13
15 	 93 	 Ey 	 1 	 -6.929669e-11 	 4.925752e-13
15 	 94 	 Ey 	 1 	 -7.947614e-11 	 6.807658e-13
15 	 95 	 Ey 	 1 	 -8.130665e-11 	 5.915565e-13
15 	 96 	 Ey 	 1 	 -7.762351e-11 	 4.085764e-13
15 	 97 	 Ey 	 1 	 3.558122e-11 	 6.548548e-13
15 	 98 	 Ey 	 1 	 4.261934e-11 	 7.844041e-13
15 	 99 	 Ey 	 1 	 5.038759e-11 	 7.385367e-13
15 	 100 	 Ey 	 1 	 5.839964e-11 	 2.787363e-13
15 	 101 	 Ey 	 1 	 6.601053e-11 	 -6.554479e-13
15 	 102 	 Ey 	 1 	 7.211934e-11 	 -1.961091e-12
15 	 103 	 Ey 	 1 	 7.407774e-11 	 -3.232757e-12
15 	 104 	 Ey 	 1 	 6.718112e-11 	 -3.864813e-12
15 	 105 	 Ey 	 1 	 4.641374e-11 	 -3.466703e-12
15 	 106 	 Ey 	 1 	 1.137091e-11 	 -2.445336e-12
15 	 107 	 Ey 	 1 	 -2.982892e-11 	 -1.410566e-12
15 	 108 	 Ey 	 1 	 -7.089508e-11 	 -4.585411e-13
15 	 109 	 Ey 	 1 	 -9.826483e-11 	 2.493352e-13
15 	 110 	 Ey 	 1 	 -1.101951e-10 	 5.238312e-13
15 	 111 	 Ey 	 1 	 -1.094899e-10 	 4.792856e-13
15 	 112 	 Ey 	 1 	 -1.010109e-10 	 3.191719e-13
15 	 113 	 Ey 	 1 	 3.896874e-11 	 3.418667e-13
15 	 114 	 Ey 	 1 	 4.813032e-11 	 3.505016e-13
15 	 115 	 Ey 	 1 	 5.897669e-11 	 1.371282e-13
15 	 116 	 Ey 	 1 	 7.126803e-11 	 -4.011012e-13
15 	 117 	 Ey 	 1 	 8.438038e-11 	 -1.455164e-12
15 	 118 	 Ey 	 1 	 9.696003e-11 	 -2.913039e-12
15 	 119 	 Ey 	 1 	 1.052414e-10 	 -4.314831e-12
15 	 120 	 Ey 	 1 	 1.014079e-10 	 -4.874807e-12
15 	 121 	 Ey 	 1 	 7.548461e-11 	 -4.190762e-12
15 	 122 	 Ey 	 1 	 2.348800e-11 	 -2.880555e-12
15 	 123 	 Ey 	 1 	 -4.207299e-11 	 -1.716917e-12
15 	 124 	 Ey 	 1 	 -1.064505e-10 	 -7.381774e-13
15 	 125 	 Ey 	 1 	 -1.457440e-10 	 2.845326e-14
15 	 126 	 Ey 	 1 	 -1.579952e-10 	 3.549311e-13
15 	 127 	 Ey 	 1 	 -1.503517e-10 	 3.476538e-13
15 	 128 	 Ey 	 1 	 -1.324213e-10 	 2.172194e-13
15 	 129 	 Ey 	 1 	 4.182499e-11 	 6.126730e-14
15 	 130 	 Ey 	 1 	 5.353571e-11 	 -5.949674e-14
15 	 131 	 Ey 	 1 	 6.854848e-11 	 -3.276728e-13
15 	 132 	 Ey 	 1 	 8.722575e-11 	 -9.048040e-13
15 	 133 	 Ey 	 1 	 1.098238e-10 	 -2.081435e-12
15 	 134 	 Ey 	 1 	 1.357552e-10 	 -3.616857e-12
15 	 135 	 Ey 	 1 	 1.599389e-10 	 -4.944686e-12
15 	 136 	 Ey 	 1 	 1.684317e-10 	 -5.332784e-12
15 	 137 	 Ey 	 1 	 1.387170e-10 	 -4.276583e-12
15 	 138 	 Ey 	 1 	 5.532532e-11 	 -2.750929e-12
15 	 139 	 Ey 	 1 	 -6.050258e-11 	 -1.655866e-12
15 	 140 	 Ey 	 1 	 -1.708051e-10 	 -8.550794e-13
15 	 141 	 Ey 	 1 	 -2.287558e-10 	 -1.569323e-13
15 	 142 	 Ey 	 1 	 -2.352539e-10 	 1.758989e-13
15 	 143 	 Ey 	 1 	 -2.103061e-10 	 1.957340e-13
15 	 144 	 Ey 	 1 	 -1.739560e-10 	 1.403352e-13
15 	 145 	 Ey 	 1 	 4.347318e-11 	 -1.444621e-13
15 	 146 	 Ey 	 1 	 5.802861e-11 	 -3.063493e-13
15 	 147 	 Ey 	 1 	 7.820615e-11 	 -5.893543e-13
15 	 148 	 Ey 	 1 	 1.059615e-10 	 -1.175801e-12
15 	 149 	 Ey 	 1 	 1.443749e-10 	 -2.206757e-12
15 	 150 	 Ey 	 1 	 1.962993e-10 	 -3.423125e-12
15 	 151 	 Ey 	 1 	 2.574377e-10 	 -4.426370e-12
15 	 152 	 Ey 	 1 	 3.038433e-10 	 -4.432515e-12
15 	 153 	 Ey 	 1 	 2.814740e-10 	 -3.117608e-12
15 	 154 	 Ey 	 1 	 1.363375e-10 	 -1.652568e-12
15 	 155 	 Ey 	 1 	 -9.408094e-11 	 -9.994760e-13
15 	 156 	 Ey 	 1 	 -3.018921e-10 	 -6.302881e-13
15 	 157 	 Ey 	 1 	 -3.846995e-10 	 -2.548902e-13
15 	 158 	 Ey 	 1 	 -3.636376e-10 	 -1.220038e-14
15 	 159 	 Ey 	 1 	 -2.971042e-10 	 3.742965e-14
15 	 160 	 Ey 	 1 	 -2.261446e-10 	 4.859318e-14
15 	 161 	 Ey 	 1 	 4.305746e-11 	 -1.886050e-13
15 	 162 	 Ey 	 1 	 6.023886e-11 	 -3.067974e-13
15 	 163 	 Ey 	 1 	 8.610748e-11 	 -4.895820e-13
15 	 164 	 Ey 	 1 	 1.258053e-10 	 -7.652948e-13
15 	 165 	 Ey 	 1 	 1.883316e-10 	 -1.089205e-12
15 	 166 	 Ey 	 1 	 2.864694e-10 	 -1.378227e-12
15 	 167 	 Ey 	 1 	 4.274153e-10 	 -1.518368e-12
15 	 168 	 Ey 	 1 	 5.818967e-10 	 -1.104103e-12
15 	 169 	 Ey 	 1 	 6.237986e-10 	 -7.186748e-14
15 	 170 	 Ey 	 1 	 3.559781e-10 	 6.456793e-13
15 	 171 	 Ey 	 1 	 -1.763038e-10 	 5.281052e-13
15 	 172 	 Ey 	 1 	 -6.131679e-10 	 1.055341e-13
15 	 173 	 Ey 	 1 	 -7.011714e-10 	 -7.451906e-14
15 	 174 	 Ey 	 1 	 -5.779300e-10 	 -5.596070e-14
15 	 175 	 Ey 	 1 	 -4.153107e-10 	 -4.585144e-14
15 	 176 	 Ey 	 1 	 -2.839433e-10 	 4.374782e-15
15 	 177 	 Ey 	 1 	 3.948882e-11 	 1.060497e-14
15 	 178 	 Ey 	 1 	 5.811246e-11 	 3.880500e-14
15 	 179 	 Ey 	 1 	 8.871910e-11 	 1.755582e-13
15 	 180 	 Ey 	 1 	 1.409620e-10 	 6.983292e-13
15 	 181 	 Ey 	 1 	 2.331348e-10 	 1.846388e-12
15 	 182 	 Ey 	 1 	 3.983601e-10 	 3.417538e-12
15 	 183 	 Ey 	 1 	 6.874326e-10 	 4.817715e-12
15 	 184 	 Ey 	 1 	 1.129116e-09 	 5.478082e-12
15 	 185 	 Ey 	 1 	 1.512973e-09 	 4.866809e-12
15 	 186 	 Ey 	 1 	 1.068477e-09 	 3.725408e-12
15 	 187 	 Ey 	 1 	 -4.647296e-10 	 2.800722e-12
15 	 188 	 Ey 	 1 	 -1.512405e-09 	 1.731230e-12
15 	 189 	 Ey 	 1 	 -1.382390e-09 	 6.407724e-13
15 	 190 	 Ey 	 1 	 -9.127576e-10 	 1.188494e-13
15 	 191 	 Ey 	 1 	 -5.493337e-10 	 7.517469e-14
15 	 192 	 Ey 	 1 	 -3.293549e-10 	 7.799828e-14
15 	 193 	 Ey 	 1 	 3.166676e-11 	 4.075522e-13
15 	 194 	 Ey 	 1 	 4.900678e-11 	 7.111746e-13
15 	 195 	 Ey 	 1 	 7.979288e-11 	 1.378978e-12
15 	 196 	 Ey 	 1 	 1.369308e-10 	 2.928975e-12
15 	 197 	 Ey 	 1 	 2.464561e-10 	 5.686457e-12
15 	 198 	 Ey 	 1 	 4.663015e-10 	 9.070402e-12
15 	 199 	 Ey 	 1 	 9.388134e-10 	 1.185918e-11
15 	 200 	 Ey 	 1 	 1.990664e-09 	 1.229503e-11
15 	 201 	 Ey 	 1 	 3.953827e-09 	 9.396898e-12
15 	 202 	 Ey 	 1 	 4.318802e-09 	 6.019995e-12
15 	 203 	 Ey 	 1 	 -2.039313e-09 	 5.266578e-12
15 	 204 	 Ey 	 1 	 -4.732290e-09 	 4.108663e-12
15 	 205 	 Ey 	 1 	 -2.759862e-09 	 2.032048e-12
15 	 206 	 Ey 	 1 	 -1.297750e-09 	 7.968703e-13
15 	 207 	 Ey 	 1 	 -6.251732e-10 	 4.249261e-13
15 	 208 	 Ey 	 1 	 -3.247375e-10 	 2.733659e-13
15 	 209 	 Ey 	 1 	 1.924639e-11 	 9.204352e-13
15 	 210 	 Ey 	 1 	 3.121824e-11 	 1.497226e-12
15 	 211 	 Ey 	 1 	 5.353417e-11 	 2.597837e-12
15 	 212 	 Ey 	 1 	 9.650755e-11 	 4.649055e-12
15 	 213 	 Ey 	 1 	 1.822132e-10 	 7.822418e-12
15 	 214 	 Ey 	 1 	 3.690549e-10 	 1.144608e-11
15 	 215 	 Ey 	 1 	 8.517457e-10 	 1.411460e-11
15 	 216 	 Ey 	 1 	 2.419754e-09 	 1.413705e-11
15 	 217 	 Ey 	 1 	 8.925917e-09 	 1.001141e-11
15 	 218 	 Ey 	 1 	 2.997564e-08 	 7.698737e-13
15 	 219 	 Ey 	 1 	 -2.156818e-08 	 1.184765e-11
15 	 220 	 Ey 	 1 	 -1.669058e-08 	 8.014900e-12
15 	 221 	 Ey 	 1 	 -4.155880e-09 	 3.299219e-12
15 	 222 	 Ey 	 1 	 -1.277555e-09 	 1.607588e-12
15 	 223 	 Ey 	 1 	 -4.927863e-10 	 8.846057e-13
15 	 224 	 Ey 	 1 	 -2.258314e-10 	 5.403149e-13
15 	 225 	 Ey 	 1 	 1.138086e-11 	 1.399102e-12
15 	 226 	 Ey 	 1 	 1.649204e-11 	 2.139666e-12
15 	 227 	 Ey 	 1 	 2.542179e-11 	 3.358382e-12
15 	 228 	 Ey 	 1 	 4.084847e-11 	 5.266826e-12
15 	 229 	 Ey 	 1 	 6.736726e-11 	 7.868444e-12
15 	 230 	 Ey 	 1 	 1.169994e-10 	 1.057300e-11
15 	 231 	 Ey 	 1 	 2.365652e-10 	 1.242152e-11
15 	 232 	 Ey 	 1 	 6.686844e-10 	 1.240264e-11
15 	 233 	 Ey 	 1 	 3.552463e-09 	 9.991149e-12
15 	 234 	 Ey 	 1 	 6.933286e-08 	 -1.123775e-11
15 	 235 	 Ey 	 1 	 -2.779361e-06 	 1.015048e-09
15 	 236 	 Ey 	 1 	 -9.860169e-09 	 7.023800e-12
15 	 237 	 Ey 	 1 	 -9.811439e-10 	 3.278322e-12
15 	 238 	 Ey 	 1 	 -1.965597e-10 	 1.985445e-12
15 	 239 	 Ey 	 1 	 -5.128326e-11 	 1.209972e-12
15 	 240 	 Ey 	 1 	 -1.429469e-11 	 7.515502e-13
15 	 241 	 Ey 	 1 	 -1.396574e-11 	 1.779441e-12
15 	 242 	 Ey 	 1 	 -2.102802e-11 	 2.549787e-12
15 	 243 	 Ey 	 1 	 -3.362424e-11 	 3.666960e-12
15 	 244 	 Ey 	 1 	 -5.869325e-11 	 5.181730e-12
15 	 245 	 Ey 	 1 	 -1.143192e-10 	 7.011424e-12
15 	 246 	 Ey 	 1 	 -2.521136e-10 	 8.798447e-12
15 	 247 	 Ey 	 1 	 -6.473210e-10 	 9.937913e-12
15 	 248 	 Ey 	 1 	 -2.080821e-09 	 1.019141e-11
15 	 249 	 Ey 	 1 	 -9.653284e-09 	 1.084543e-11
15 	 250 	 Ey 	 1 	 -6.612122e-08 	 2.600311e-11
15 	 251 	 Ey 	 1 	 5.338838e-08 	 -8.306987e-12
15 	 252 	 Ey 	 1 	 2.238070e-08 	 -1.144600e-12
15 	 253 	 Ey 	 1 	 3.912319e-09 	 2.444411e-12
15 	 254 	 Ey 	 1 	 1.075834e-09 	 1.989122e-12
15 	 255 	 Ey 	 1 	 3.983231e-10 	 1.343239e-12
15 	 256 	 Ey 	 1 	 1.778827e-10 	 8.115687e-13
15 	 1 	 Ey 	 2 	 1.617410e-11 	 7.494048e-13
15 	 2 	 Ey 	 2 	 1.729319e-11 	 1.442475e-12
15 	 3 	 Ey 	 2 	 1.839265e-11 	 2.388936e-12
15 	 4 	 Ey 	 2 	 1.940820e-11 	 3.529701e-12
15 	 5 	 Ey 	 2 	 2.015500e-11 	 4.693087e-12
15 	 6 	 Ey 	 2 	 2.025331e-11 	 5.605507e-12
15 	 7 	 Ey 	 2 	 1.914349e-11 	 5.954716e-12
15 	 8 	 Ey 	 2 	 1.627338e-11 	 5.504697e-12
15 	 9 	 Ey 	 2 	 1.148851e-11 	 4.262566e-12
15 	 10 	 Ey 	 2 	 5.295072e-12 	 2.537645e-12
15 	 11 	 Ey 	 2 	 -1.113377e-12 	 7.394376e-13
15 	 12 	 Ey 	 2 	 -7.794856e-12 	 -8.397659e-13
15 	 13 	 Ey 	 2 	 -1.321722e-11 	 -2.051706e-12
15 	 14 	 Ey 	 2 	 -1.730267e-11 	 -2.850547e-12
15 	 15 	 Ey 	 2 	 -1.999866e-11 	 -3.280098e-12
15 	 16 	 Ey 	 2 	 -2.148950e-11 	 -3.439243e-12
15 	 17 	 Ey 	 2 	 1.863102e-11 	 4.408905e-13
15 	 18 	 Ey 	 2 	 2.020105e-11 	 1.204401e-12
15 	 19 	 Ey 	 2 	 2.184851e-11 	 2.330043e-12
15 	 20 	 Ey 	 2 	 2.356956e-11 	 3.786975e-12
15 	 21 	 Ey 	 2 	 2.519254e-11 	 5.371201e-12
15 	 22 	 Ey 	 2 	 2.618660e-11 	 6.710415e-12
15 	 23 	 Ey 	 2 	 2.561055e-11 	 7.340825e-12
15 	 24 	 Ey 	 2 	 2.231897e-11 	 6.823588e-12
15 	 25 	 Ey 	 2 	 1.579646e-11 	 5.088549e-12
15 	 26 	 Ey 	 2 	 6.984154e-12 	 2.685378e-12
15 	 27 	 Ey 	 2 	 -2.101246e-12 	 3.083679e-13
15 	 28 	 Ey 	 2 	 -1.127144e-11 	 -1.665857e-12
15 	 29 	 Ey 	 2 	 -1.846984e-11 	 -3.087537e-12
15 	 30 	 Ey 	 2 	 -2.350057e-11 	 -3.918293e-12
15 	 31 	 Ey 	 2 	 -2.642000e-11 	 -4.258225e-12
15 	 32 	 Ey 	 2 	 -2.767504e-11 	 -4.283069e-12
15 	 33 	 Ey 	 2 	 2.134936e-11 	 -1.538526e-13
15 	 34 	 Ey 	 2 	 2.344222e-11 	 5.447991e-13
15 	 35 	 Ey 	 2 	 2.569101e-11 	 1.668239e-12
15 	 36 	 Ey 	 2 	 2.818679e-11 	 3.236660e-12
15 	 37 	 Ey 	 2 	 3.085168e-11 	 5.056812e-12
15 	 38 	 Ey 	 2 	 3.303826e-11 	 6.722974e-12
15 	 39 	 Ey 	 2 	 3.338124e-11 	 7.688442e-12
15 	 40 	 Ey 	 2 	 2.982291e-11 	 7.247720e-12
15 	 41 	 Ey 	 2 	 2.099045e-11 	 5.089846e-12
15 	 42 	 Ey 	 2 	 8.546483e-12 	 2.065261e-12
15 	 43 	 Ey 	 2 	 -4.166921e-12 	 -7.736990e-13
15 	 44 	 Ey 	 2 	 -1.669243e-11 	 -3.016052e-12
15 	 45 	 Ey 	 2 	 -2.619633e-11 	 -4.514846e-12
15 	 46 	 Ey 	 2 	 -3.221236e-11 	 -5.226979e-12
15 	 47 	 Ey 	 2 	 -3.509536e-11 	 -5.351232e-12
15 	 48 	 Ey 	 2 	 -3.576619e-11 	 -5.163487e-12
15 	 49 	 Ey 	 2 	 2.435515e-11 	 -1.051139e-12
15 	 50 	 Ey 	 2 	 2.708256e-11 	 -6.123049e-13
15 	 51 	 Ey 	 2 	 2.998070e-11 	 1.705131e-13
15 	 52 	 Ey 	 2 	 3.316646e-11 	 1.328073e-12
15 	 53 	 Ey 	 2 	 3.668426e-11 	 2.757813e-12
15 	 54 	 Ey 	 2 	 3.986423e-11 	 4.223622e-12
15 	 55 	 Ey 	 2 	 4.102420e-11 	 5.285027e-12
15 	 56 	 Ey 	 2 	 3.724838e-11 	 5.132001e-12
15 	 57 	 Ey 	 2 	 2.598485e-11 	 3.146138e-12
15 	 58 	 Ey 	 2 	 9.383241e-12 	 1.520677e-13
15 	 59 	 Ey 	 2 	 -7.796080e-12 	 -2.682914e-12
15 	 60 	 Ey 	 2 	 -2.463647e-11 	 -4.873631e-12
15 	 61 	 Ey 	 2 	 -3.700204e-11 	 -6.180989e-12
15 	 62 	 Ey 	 2 	 -4.401527e-11 	 -6.577107e-12
15 	 63 	 Ey 	 2 	 -4.657244e-11 	 -6.392593e-12
15 	 64 	 Ey 	 2 	 -4.623735e-11 	 -5.964514e-12
15 	 65 	 Ey 	 2 	 2.768696e-11 	 -2.175125e-12
15 	 66 	 Ey 	 2 	 3.128872e-11 	 -2.149248e-12
15 	 67 	 Ey 	 2 	 3.510542e-11 	 -1.979697e-12
15 	 68 	 Ey 	 2 	 3.915871e-11 	 -1.692148e-12
15 	 69 	 Ey 	 2 	 4.346166e-11 	 -1.261144e-12
15 	 70 	 Ey 	 2 	 4.731854e-11 	 -6.369599e-13
15 	 71 	 Ey 	 2 	 4.875953e-11 	 -2.314405e-14
15 	 72 	 Ey 	 2 	 4.430401e-11 	 1.818033e-14
15 	 73 	 Ey 	 2 	 3.071518e-11 	 -1.064615e-12
15 	 74 	 Ey 	 2 	 9.781930e-12 	 -3.034353e-12
15 	 75 	 Ey 	 2 	 -1.278732e-11 	 -5.144477e-12
15 	 76 	 Ey 	 2 	 -3.510313e-11 	 -6.778368e-12
15 	 77 	 Ey 	 2 	 -5.108301e-11 	 -7.580415e-12
15 	 78 	 Ey 	 2 	 -5.947313e-11 	 -7.595094e-12
15 	 79 	 Ey 	 2 	 -6.160418e-11 	 -7.156763e-12
15 	 80 	 Ey 	 2 	 -5.975127e-11 	 -6.551976e-12
15 	 81 	 Ey 	 2 	 3.133370e-11 	 -3.382603e-12
15 	 82 	 Ey 	 2 	 3.619560e-11 	 -3.801761e-12
15 	 83 	 Ey 	 2 	 4.152286e-11 	 -4.253289e-12
15 	 84 	 Ey 	 2 	 4.724620e-11 	 -4.796115e-12
15 	 85 	 Ey 	 2 	 5.320417e-11 	 -5.372568e-12
15 	 86 	 Ey 	 2 	 5.847938e-11 	 -5.790281e-12
15 	 87 	 Ey 	 2 	 6.059822e-11 	 -5.976331e-12
15 	 88 	 Ey 	 2 	 5.523701e-11 	 -6.049334e-12
15 	 89 	 Ey 	 2 	 3.835654e-11 	 -6.224160e-12
15 	 90 	 Ey 	 2 	 1.128316e-11 	 -6.812784e-12
15 	 91 	 Ey 	 2 	 -1.902755e-11 	 -7.718427e-12
15 	 92 	 Ey 	 2 	 -4.915806e-11 	 -8.379900e-12
15 	 93 	 Ey 	 2 	 -7.020352e-11 	 -8.466667e-12
15 	 94 	 Ey 	 2 	 -8.049696e-11 	 -8.116154e-12
15 	 95 	 Ey 	 2 	 -8.179288e-11 	 -7.529326e-12
15 	 96 	 Ey 	 2 	 -7.740711e-11 	 -6.843752e-12
15 	 97 	 Ey 	 2 	 3.515893e-11 	 -4.531776e-12
15 	 98 	 Ey 	 2 	 4.174128e-11 	 -5.364113e-12
15 	 99 	 Ey 	 2 	 4.932962e-11 	 -6.367698e-12
15 	 100 	 Ey 	 2 	 5.785851e-11 	 -7.648344e-12
15 	 101 	 Ey 	 2 	 6.703137e-11 	 -9.201272e-12
15 	 102 	 Ey 	 2 	 7.560823e-11 	 -1.072941e-11
15 	 103 	 Ey 	 2 	 8.023380e-11 	 -1.181973e-11
15 	 104 	 Ey 	 2 	 7.486766e-11 	 -1.206418e-11
15 	 105 	 Ey 	 2 	 5.337209e-11 	 -1.135265e-11
15 	 106 	 Ey 	 2 	 1.613197e-11 	 -1.053128e-11
15 	 107 	 Ey 	 2 	 -2.740826e-11 	 -1.016197e-11
15 	 108 	 Ey 	 2 	 -7.051554e-11 	 -9.769532e-12
15 	 109 	 Ey 	 2 	 -9.922920e-11 	 -9.044923e-12
15 	 110 	 Ey 	 2 	 -1.113594e-10 	 -8.273485e-12
15 	 111 	 Ey 	 2 	 -1.100900e-10 	 -7.549542e-12
15 	 112 	 Ey 	 2 	 -1.008766e-10 	 -6.830007e-12
15 	 113 	 Ey 	 2 	 3.886637e-11 	 -5.498628e-12
15 	 114 	 Ey 	 2 	 4.763880e-11 	 -6.706034e-12
15 	 115 	 Ey 	 2 	 5.835564e-11 	 -8.244103e-12
15 	 116 	 Ey 	 2 	 7.115665e-11 	 -1.031423e-11
15 	 117 	 Ey 	 2 	 8.590628e-11 	 -1.296365e-11
15 	 118 	 Ey 	 2 	 1.012099e-10 	 -1.572906e-11
15 	 119 	 Ey 	 2 	 1.124300e-10 	 -1.774125e-11
15 	 120 	 Ey 	 2 	 1.102028e-10 	 -1.797694e-11
15 	 121 	 Ey 	 2 	 8.327352e-11 	 -1.607326e-11
15 	 122 	 Ey 	 2 	 2.868010e-11 	 -1.370254e-11
15 	 123 	 Ey 	 2 	 -3.948493e-11 	 -1.217285e-11
15 	 124 	 Ey 	 2 	 -1.060370e-10 	 -1.088537e-11
15 	 125 	 Ey 	 2 	 -1.467333e-10 	 -9.390142e-12
15 	 126 	 Ey 	 2 	 -1.591872e-10 	 -8.153447e-12
15 	 127 	 Ey 	 2 	 -1.509573e-10 	 -7.263992e-12
15 	 128 	 Ey 	 2 	 -1.322753e-10 	 -6.524641e-12
15 	 129 	 Ey 	 2 	 4.197511e-11 	 -6.148238e-12
15 	 130 	 Ey 	 2 	 5.334928e-11 	 -7.650782e-12
15 	 131 	 Ey 	 2 	 6.816228e-11 	 -9.666868e-12
15 	 132 	 Ey 	 2 	 8.723305e-11 	 -1.251082e-11
15 	 133 	 Ey 	 2 	 1.113631e-10 	 -1.626645e-11
15 	 134 	 Ey 	 2 	 1.398743e-10 	 -2.024584e-11
15 	 135 	 Ey 	 2 	 1.668323e-10 	 -2.308340e-11
15 	 136 	 Ey 	 2 	 1.767346e-10 	 -2.304196e-11
15 	 137 	 Ey 	 2 	 1.457704e-10 	 -1.956626e-11
15 	 138 	 Ey 	 2 	 5.972624e-11 	 -1.557025e-11
15 	 139 	 Ey 	 2 	 -5.845081e-11 	 -1.322529e-11
15 	 140 	 Ey 	 2 	 -1.705672e-10 	 -1.144449e-11
15 	 141 	 Ey 	 2 	 -2.296470e-10 	 -9.368059e-12
15 	 142 	 Ey 	 2 	 -2.362246e-10 	 -7.710057e-12
15 	 143 	 Ey 	 2 	 -2.106843e-10 	 -6.669561e-12
15 	 144 	 Ey 	 2 	 -1.736645e-10 	 -5.931518e-12
15 	 145 	 Ey 	 2 	 4.377790e-11 	 -6.318457e-12
15 	 146 	 Ey 	 2 	 5.796038e-11 	 -7.917281e-12
15 	 147 	 Ey 	 2 	 7.779937e-11 	 -1.013348e-11
15 	 148 	 Ey 	 2 	 1.056702e-10 	 -1.336133e-11
15 	 149 	 Ey 	 2 	 1.450220e-10 	 -1.769569e-11
15 	 150 	 Ey 	 2 	 1.986550e-10 	 -2.230434e-11
15 	 151 	 Ey 	 2 	 2.616949e-10 	 -2.550881e-11
15 	 152 	 Ey 	 2 	 3.089426e-10 	 -2.499357e-11
15 	 153 	 Ey 	 2 	 2.853669e-10 	 -2.007471e-11
15 	 154 	 Ey 	 2 	 1.382313e-10 	 -1.497209e-11
15 	 155 	 Ey 	 2 	 -9.350759e-11 	 -1.254856e-11
15 	 156 	 Ey 	 2 	 -3.021043e-10 	 -1.091276e-11
15 	 157 	 Ey 	 2 	 -3.852892e-10 	 -8.668393e-12
15 	 158 	 Ey 	 2 	 -3.640266e-10 	 -6.801953e-12
15 	 159 	 Ey 	 2 	 -2.969784e-10 	 -5.714423e-12
15 	 160 	 Ey 	 2 	 -2.255365e-10 	 -5.045454e-12
15 	 161 	 Ey 	 2 	 4.331311e-11 	 -5.867924e-12
15 	 162 	 Ey 	 2 	 6.001310e-11 	 -7.196476e-12
15 	 163 	 Ey 	 2 	 8.530152e-11 	 -8.970978e-12
15 	 164 	 Ey 	 2 	 1.244060e-10 	 -1.148802e-11
15 	 165 	 Ey 	 2 	 1.864584e-10 	 -1.480849e-11
15 	 166 	 Ey 	 2 	 2.843431e-10 	 -1.828496e-11
15 	 167 	 Ey 	 2 	 4.253061e-10 	 -2.062247e-11
15 	 168 	 Ey 	 2 	 5.797560e-10 	 -1.981190e-11
15 	 169 	 Ey 	 2 	 6.212674e-10 	 -1.518915e-11
15 	 170 	 Ey 	 2 	 3.533569e-10 	 -1.086854e-11
15 	 171 	 Ey 	 2 	 -1.782684e-10 	 -9.318070e-12
15 	 172 	 Ey 	 2 	 -6.141603e-10 	 -8.416897e-12
15 	 173 	 Ey 	 2 	 -7.012824e-10 	 -6.743808e-12
15 	 174 	 Ey 	 2 	 -5.774662e-10 	 -5.207272e-12
15 	 175 	 Ey 	 2 	 -4.145040e-10 	 -4.333644e-12
15 	 176 	 Ey 	 2 	 -2.829463e-10 	 -3.868478e-12
15 	 177 	 Ey 	 2 	 3.941494e-11 	 -4.789907e-12
15 	 178 	 Ey 	 2 	 5.733350e-11 	 -5.402702e-12
15 	 179 	 Ey 	 2 	 8.687050e-11 	 -5.845446e-12
15 	 180 	 Ey 	 2 	 1.372843e-10 	 -5.950352e-12
15 	 181 	 Ey 	 2 	 2.266216e-10 	 -5.630014e-12
15 	 182 	 Ey 	 2 	 3.885141e-10 	 -5.090141e-12
15 	 183 	 Ey 	 2 	 6.747956e-10 	 -4.550907e-12
15 	 184 	 Ey 	 2 	 1.115515e-09 	 -4.053611e-12
15 	 185 	 Ey 	 2 	 1.501258e-09 	 -3.699113e-12
15 	 186 	 Ey 	 2 	 1.060081e-09 	 -3.479017e-12
15 	 187 	 Ey 	 2 	 -4.699688e-10 	 -3.556331e-12
15 	 188 	 Ey 	 2 	 -1.514653e-09 	 -3.515000e-12
15 	 189 	 Ey 	 2 	 -1.382219e-09 	 -3.244265e-12
15 	 190 	 Ey 	 2 	 -9.115203e-10 	 -2.861059e-12
15 	 191 	 Ey 	 2 	 -5.479773e-10 	 -2.558010e-12
15 	 192 	 Ey 	 2 	 -3.280779e-10 	 -2.471073e-12
15 	 193 	 Ey 	 2 	 3.102116e-11 	 -3.303346e-12
15 	 194 	 Ey 	 2 	 4.729999e-11 	 -2.973611e-12
15 	 195 	 Ey 	 2 	 7.631157e-11 	 -1.672023e-12
15 	 196 	 Ey 	 2 	 1.302250e-10 	 1.334755e-12
15 	 197 	 Ey 	 2 	 2.346420e-10 	 6.198797e-12
15 	 198 	 Ey 	 2 	 4.484985e-10 	 1.157028e-11
15 	 199 	 Ey 	 2 	 9.160750e-10 	 1.544509e-11
15 	 200 	 Ey 	 2 	 1.966692e-09 	 1.540491e-11
15 	 201 	 Ey 	 2 	 3.934114e-09 	 1.107156e-11
15 	 202 	 Ey 	 2 	 4.305533e-09 	 6.644297e-12
15 	 203 	 Ey 	 2 	 -2.047458e-09 	 1.706524e-12
15 	 204 	 Ey 	 2 	 -4.736155e-09 	 1.075075e-13
15 	 205 	 Ey 	 2 	 -2.760311e-09 	 2.275788e-13
15 	 206 	 Ey 	 2 	 -1.296658e-09 	 -1.802606e-13
15 	 207 	 Ey 	 2 	 -6.238678e-10 	 -5.815690e-13
15 	 208 	 Ey 	 2 	 -3.235014e-10 	 -1.011074e-12
15 	 209 	 Ey 	 2 	 1.789834e-11 	 -1.785949e-12
15 	 210 	 Ey 	 2 	 2.847923e-11 	 -7.304763e-13
15 	 211 	 Ey 	 2 	 4.849405e-11 	 1.642532e-12
15 	 212 	 Ey 	 2 	 8.764664e-11 	 6.014156e-12
15 	 213 	 Ey 	 2 	 1.678069e-10 	 1.227218e-11
15 	 214 	 Ey 	 2 	 3.484951e-10 	 1.877602e-11
15 	 215 	 Ey 	 2 	 8.264689e-10 	 2.304960e-11
15 	 216 	 Ey 	 2 	 2.393691e-09 	 2.296158e-11
15 	 217 	 Ey 	 2 	 8.904182e-09 	 2.109135e-11
15 	 218 	 Ey 	 2 	 2.996052e-08 	 2.571141e-11
15 	 219 	 Ey 	 2 	 -2.157794e-08 	 -4.225995e-12
15 	 220 	 Ey 	 2 	 -1.669580e-08 	 -4.418221e-12
15 	 221 	 Ey 	 2 	 -4.157704e-09 	 1.816446e-12
15 	 222 	 Ey 	 2 	 -1.277545e-09 	 2.092353e-12
15 	 223 	 Ey 	 2 	 -4.921151e-10 	 1.189488e-12
15 	 224 	 Ey 	 2 	 -2.249632e-10 	 2.785015e-13
15 	 225 	 Ey 	 2 	 9.407411e-12 	 -5.286808e-13
15 	 226 	 Ey 	 2 	 1.296080e-11 	 8.048651e-13
15 	 227 	 Ey 	 2 	 1.951565e-11 	 3.259697e-12
15 	 228 	 Ey 	 2 	 3.145373e-11 	 7.130808e-12
15 	 229 	 Ey 	 2 	 5.344129e-11 	 1.207633e-11
15 	 230 	 Ey 	 2 	 9.840253e-11 	 1.678572e-11
15 	 231 	 Ey 	 2 	 2.146810e-10 	 1.939097e-11
15 	 232 	 Ey 	 2 	 6.464586e-10 	 1.857480e-11
15 	 233 	 Ey 	 2 	 3.533236e-09 	 1.640295e-11
15 	 234 	 Ey 	 2 	 6.931892e-08 	 4.309373e-11
15 	 235 	 Ey 	 2 	 -2.779398e-06 	 -4.051320e-10
15 	 236 	 Ey 	 2 	 -9.866199e-09 	 1.716968e-12
15 	 237 	 Ey 	 2 	 -9.841516e-10 	 5.257912e-12
15 	 238 	 Ey 	 2 	 -1.976766e-10 	 4.051082e-12
15 	 239 	 Ey 	 2 	 -5.139138e-11 	 2.494860e-12
15 	 240 	 Ey 	 2 	 -1.389520e-11 	 1.194921e-12
15 	 241 	 Ey 	 2 	 -1.640197e-11 	 3.690958e-13
15 	 242 	 Ey 	 2 	 -2.498461e-11 	 1.633805e-12
15 	 243 	 Ey 	 2 	 -3.970012e-11 	 3.644370e-12
15 	 244 	 Ey 	 2 	 -6.755164e-11 	 6.430261e-12
15 	 245 	 Ey 	 2 	 -1.264332e-10 	 9.608602e-12
15 	 246 	 Ey 	 2 	 -2.673489e-10 	 1.227720e-11
15 	 247 	 Ey 	 2 	 -6.645687e-10 	 1.319244e-11
15 	 248 	 Ey 	 2 	 -2.098209e-09 	 1.112696e-11
15 	 249 	 Ey 	 2 	 -9.668824e-09 	 3.670280e-12
15 	 250 	 Ey 	 2 	 -6.613395e-08 	 -2.187604e-11
15 	 251 	 Ey 	 2 	 5.337984e-08 	 3.710006e-11
15 	 252 	 Ey 	 2 	 2.237490e-08 	 2.066462e-11
15 	 253 	 Ey 	 2 	 3.908771e-09 	 9.058925e-12
15 	 254 	 Ey 	 2 	 1.074034e-09 	 5.226807e-12
15 	 255 	 Ey 	 2 	 3.976570e-10 	 3.061797e-12
15 	 256 	 Ey 	 2 	 1.779373e-10 	 1.554683e-12
