 x y z azimuth dip irec
  -1800.00000      -1800.00000       2.00000000               0           0           1
  -1560.00000      -1800.00000       2.00000000               0           0           2
  -1320.00000      -1800.00000       2.00000000               0           0           3
  -1080.00000      -1800.00000       2.00000000               0           0           4
  -840.000000      -1800.00000       2.00000000               0           0           5
  -600.000000      -1800.00000       2.00000000               0           0           6
  -360.000000      -1800.00000       2.00000000               0           0           7
  -120.000000      -1800.00000       2.00000000               0           0           8
   120.000000      -1800.00000       2.00000000               0           0           9
   360.000000      -1800.00000       2.00000000               0           0          10
   600.000000      -1800.00000       2.00000000               0           0          11
   840.000000      -1800.00000       2.00000000               0           0          12
   1080.00000      -1800.00000       2.00000000               0           0          13
   1320.00000      -1800.00000       2.00000000               0           0          14
   1560.00000      -1800.00000       2.00000000               0           0          15
   1800.00000      -1800.00000       2.00000000               0           0          16
  -1800.00000      -1560.00000       2.00000000               0           0          17
  -1560.00000      -1560.00000       2.00000000               0           0          18
  -1320.00000      -1560.00000       2.00000000               0           0          19
  -1080.00000      -1560.00000       2.00000000               0           0          20
  -840.000000      -1560.00000       2.00000000               0           0          21
  -600.000000      -1560.00000       2.00000000               0           0          22
  -360.000000      -1560.00000       2.00000000               0           0          23
  -120.000000      -1560.00000       2.00000000               0           0          24
   120.000000      -1560.00000       2.00000000               0           0          25
   360.000000      -1560.00000       2.00000000               0           0          26
   600.000000      -1560.00000       2.00000000               0           0          27
   840.000000      -1560.00000       2.00000000               0           0          28
   1080.00000      -1560.00000       2.00000000               0           0          29
   1320.00000      -1560.00000       2.00000000               0           0          30
   1560.00000      -1560.00000       2.00000000               0           0          31
   1800.00000      -1560.00000       2.00000000               0           0          32
  -1800.00000      -1320.00000       2.00000000               0           0          33
  -1560.00000      -1320.00000       2.00000000               0           0          34
  -1320.00000      -1320.00000       2.00000000               0           0          35
  -1080.00000      -1320.00000       2.00000000               0           0          36
  -840.000000      -1320.00000       2.00000000               0           0          37
  -600.000000      -1320.00000       2.00000000               0           0          38
  -360.000000      -1320.00000       2.00000000               0           0          39
  -120.000000      -1320.00000       2.00000000               0           0          40
   120.000000      -1320.00000       2.00000000               0           0          41
   360.000000      -1320.00000       2.00000000               0           0          42
   600.000000      -1320.00000       2.00000000               0           0          43
   840.000000      -1320.00000       2.00000000               0           0          44
   1080.00000      -1320.00000       2.00000000               0           0          45
   1320.00000      -1320.00000       2.00000000               0           0          46
   1560.00000      -1320.00000       2.00000000               0           0          47
   1800.00000      -1320.00000       2.00000000               0           0          48
  -1800.00000      -1080.00000       2.00000000               0           0          49
  -1560.00000      -1080.00000       2.00000000               0           0          50
  -1320.00000      -1080.00000       2.00000000               0           0          51
  -1080.00000      -1080.00000       2.00000000               0           0          52
  -840.000000      -1080.00000       2.00000000               0           0          53
  -600.000000      -1080.00000       2.00000000               0           0          54
  -360.000000      -1080.00000       2.00000000               0           0          55
  -120.000000      -1080.00000       2.00000000               0           0          56
   120.000000      -1080.00000       2.00000000               0           0          57
   360.000000      -1080.00000       2.00000000               0           0          58
   600.000000      -1080.00000       2.00000000               0           0          59
   840.000000      -1080.00000       2.00000000               0           0          60
   1080.00000      -1080.00000       2.00000000               0           0          61
   1320.00000      -1080.00000       2.00000000               0           0          62
   1560.00000      -1080.00000       2.00000000               0           0          63
   1800.00000      -1080.00000       2.00000000               0           0          64
  -1800.00000      -840.000000       2.00000000               0           0          65
  -1560.00000      -840.000000       2.00000000               0           0          66
  -1320.00000      -840.000000       2.00000000               0           0          67
  -1080.00000      -840.000000       2.00000000               0           0          68
  -840.000000      -840.000000       2.00000000               0           0          69
  -600.000000      -840.000000       2.00000000               0           0          70
  -360.000000      -840.000000       2.00000000               0           0          71
  -120.000000      -840.000000       2.00000000               0           0          72
   120.000000      -840.000000       2.00000000               0           0          73
   360.000000      -840.000000       2.00000000               0           0          74
   600.000000      -840.000000       2.00000000               0           0          75
   840.000000      -840.000000       2.00000000               0           0          76
   1080.00000      -840.000000       2.00000000               0           0          77
   1320.00000      -840.000000       2.00000000               0           0          78
   1560.00000      -840.000000       2.00000000               0           0          79
   1800.00000      -840.000000       2.00000000               0           0          80
  -1800.00000      -600.000000       2.00000000               0           0          81
  -1560.00000      -600.000000       2.00000000               0           0          82
  -1320.00000      -600.000000       2.00000000               0           0          83
  -1080.00000      -600.000000       2.00000000               0           0          84
  -840.000000      -600.000000       2.00000000               0           0          85
  -600.000000      -600.000000       2.00000000               0           0          86
  -360.000000      -600.000000       2.00000000               0           0          87
  -120.000000      -600.000000       2.00000000               0           0          88
   120.000000      -600.000000       2.00000000               0           0          89
   360.000000      -600.000000       2.00000000               0           0          90
   600.000000      -600.000000       2.00000000               0           0          91
   840.000000      -600.000000       2.00000000               0           0          92
   1080.00000      -600.000000       2.00000000               0           0          93
   1320.00000      -600.000000       2.00000000               0           0          94
   1560.00000      -600.000000       2.00000000               0           0          95
   1800.00000      -600.000000       2.00000000               0           0          96
  -1800.00000      -360.000000       2.00000000               0           0          97
  -1560.00000      -360.000000       2.00000000               0           0          98
  -1320.00000      -360.000000       2.00000000               0           0          99
  -1080.00000      -360.000000       2.00000000               0           0         100
  -840.000000      -360.000000       2.00000000               0           0         101
  -600.000000      -360.000000       2.00000000               0           0         102
  -360.000000      -360.000000       2.00000000               0           0         103
  -120.000000      -360.000000       2.00000000               0           0         104
   120.000000      -360.000000       2.00000000               0           0         105
   360.000000      -360.000000       2.00000000               0           0         106
   600.000000      -360.000000       2.00000000               0           0         107
   840.000000      -360.000000       2.00000000               0           0         108
   1080.00000      -360.000000       2.00000000               0           0         109
   1320.00000      -360.000000       2.00000000               0           0         110
   1560.00000      -360.000000       2.00000000               0           0         111
   1800.00000      -360.000000       2.00000000               0           0         112
  -1800.00000      -120.000000       2.00000000               0           0         113
  -1560.00000      -120.000000       2.00000000               0           0         114
  -1320.00000      -120.000000       2.00000000               0           0         115
  -1080.00000      -120.000000       2.00000000               0           0         116
  -840.000000      -120.000000       2.00000000               0           0         117
  -600.000000      -120.000000       2.00000000               0           0         118
  -360.000000      -120.000000       2.00000000               0           0         119
  -120.000000      -120.000000       2.00000000               0           0         120
   120.000000      -120.000000       2.00000000               0           0         121
   360.000000      -120.000000       2.00000000               0           0         122
   600.000000      -120.000000       2.00000000               0           0         123
   840.000000      -120.000000       2.00000000               0           0         124
   1080.00000      -120.000000       2.00000000               0           0         125
   1320.00000      -120.000000       2.00000000               0           0         126
   1560.00000      -120.000000       2.00000000               0           0         127
   1800.00000      -120.000000       2.00000000               0           0         128
  -1800.00000       120.000000       2.00000000               0           0         129
  -1560.00000       120.000000       2.00000000               0           0         130
  -1320.00000       120.000000       2.00000000               0           0         131
  -1080.00000       120.000000       2.00000000               0           0         132
  -840.000000       120.000000       2.00000000               0           0         133
  -600.000000       120.000000       2.00000000               0           0         134
  -360.000000       120.000000       2.00000000               0           0         135
  -120.000000       120.000000       2.00000000               0           0         136
   120.000000       120.000000       2.00000000               0           0         137
   360.000000       120.000000       2.00000000               0           0         138
   600.000000       120.000000       2.00000000               0           0         139
   840.000000       120.000000       2.00000000               0           0         140
   1080.00000       120.000000       2.00000000               0           0         141
   1320.00000       120.000000       2.00000000               0           0         142
   1560.00000       120.000000       2.00000000               0           0         143
   1800.00000       120.000000       2.00000000               0           0         144
  -1800.00000       360.000000       2.00000000               0           0         145
  -1560.00000       360.000000       2.00000000               0           0         146
  -1320.00000       360.000000       2.00000000               0           0         147
  -1080.00000       360.000000       2.00000000               0           0         148
  -840.000000       360.000000       2.00000000               0           0         149
  -600.000000       360.000000       2.00000000               0           0         150
  -360.000000       360.000000       2.00000000               0           0         151
  -120.000000       360.000000       2.00000000               0           0         152
   120.000000       360.000000       2.00000000               0           0         153
   360.000000       360.000000       2.00000000               0           0         154
   600.000000       360.000000       2.00000000               0           0         155
   840.000000       360.000000       2.00000000               0           0         156
   1080.00000       360.000000       2.00000000               0           0         157
   1320.00000       360.000000       2.00000000               0           0         158
   1560.00000       360.000000       2.00000000               0           0         159
   1800.00000       360.000000       2.00000000               0           0         160
  -1800.00000       600.000000       2.00000000               0           0         161
  -1560.00000       600.000000       2.00000000               0           0         162
  -1320.00000       600.000000       2.00000000               0           0         163
  -1080.00000       600.000000       2.00000000               0           0         164
  -840.000000       600.000000       2.00000000               0           0         165
  -600.000000       600.000000       2.00000000               0           0         166
  -360.000000       600.000000       2.00000000               0           0         167
  -120.000000       600.000000       2.00000000               0           0         168
   120.000000       600.000000       2.00000000               0           0         169
   360.000000       600.000000       2.00000000               0           0         170
   600.000000       600.000000       2.00000000               0           0         171
   840.000000       600.000000       2.00000000               0           0         172
   1080.00000       600.000000       2.00000000               0           0         173
   1320.00000       600.000000       2.00000000               0           0         174
   1560.00000       600.000000       2.00000000               0           0         175
   1800.00000       600.000000       2.00000000               0           0         176
  -1800.00000       840.000000       2.00000000               0           0         177
  -1560.00000       840.000000       2.00000000               0           0         178
  -1320.00000       840.000000       2.00000000               0           0         179
  -1080.00000       840.000000       2.00000000               0           0         180
  -840.000000       840.000000       2.00000000               0           0         181
  -600.000000       840.000000       2.00000000               0           0         182
  -360.000000       840.000000       2.00000000               0           0         183
  -120.000000       840.000000       2.00000000               0           0         184
   120.000000       840.000000       2.00000000               0           0         185
   360.000000       840.000000       2.00000000               0           0         186
   600.000000       840.000000       2.00000000               0           0         187
   840.000000       840.000000       2.00000000               0           0         188
   1080.00000       840.000000       2.00000000               0           0         189
   1320.00000       840.000000       2.00000000               0           0         190
   1560.00000       840.000000       2.00000000               0           0         191
   1800.00000       840.000000       2.00000000               0           0         192
  -1800.00000       1080.00000       2.00000000               0           0         193
  -1560.00000       1080.00000       2.00000000               0           0         194
  -1320.00000       1080.00000       2.00000000               0           0         195
  -1080.00000       1080.00000       2.00000000               0           0         196
  -840.000000       1080.00000       2.00000000               0           0         197
  -600.000000       1080.00000       2.00000000               0           0         198
  -360.000000       1080.00000       2.00000000               0           0         199
  -120.000000       1080.00000       2.00000000               0           0         200
   120.000000       1080.00000       2.00000000               0           0         201
   360.000000       1080.00000       2.00000000               0           0         202
   600.000000       1080.00000       2.00000000               0           0         203
   840.000000       1080.00000       2.00000000               0           0         204
   1080.00000       1080.00000       2.00000000               0           0         205
   1320.00000       1080.00000       2.00000000               0           0         206
   1560.00000       1080.00000       2.00000000               0           0         207
   1800.00000       1080.00000       2.00000000               0           0         208
  -1800.00000       1320.00000       2.00000000               0           0         209
  -1560.00000       1320.00000       2.00000000               0           0         210
  -1320.00000       1320.00000       2.00000000               0           0         211
  -1080.00000       1320.00000       2.00000000               0           0         212
  -840.000000       1320.00000       2.00000000               0           0         213
  -600.000000       1320.00000       2.00000000               0           0         214
  -360.000000       1320.00000       2.00000000               0           0         215
  -120.000000       1320.00000       2.00000000               0           0         216
   120.000000       1320.00000       2.00000000               0           0         217
   360.000000       1320.00000       2.00000000               0           0         218
   600.000000       1320.00000       2.00000000               0           0         219
   840.000000       1320.00000       2.00000000               0           0         220
   1080.00000       1320.00000       2.00000000               0           0         221
   1320.00000       1320.00000       2.00000000               0           0         222
   1560.00000       1320.00000       2.00000000               0           0         223
   1800.00000       1320.00000       2.00000000               0           0         224
  -1800.00000       1560.00000       2.00000000               0           0         225
  -1560.00000       1560.00000       2.00000000               0           0         226
  -1320.00000       1560.00000       2.00000000               0           0         227
  -1080.00000       1560.00000       2.00000000               0           0         228
  -840.000000       1560.00000       2.00000000               0           0         229
  -600.000000       1560.00000       2.00000000               0           0         230
  -360.000000       1560.00000       2.00000000               0           0         231
  -120.000000       1560.00000       2.00000000               0           0         232
   120.000000       1560.00000       2.00000000               0           0         233
   360.000000       1560.00000       2.00000000               0           0         234
   600.000000       1560.00000       2.00000000               0           0         235
   840.000000       1560.00000       2.00000000               0           0         236
   1080.00000       1560.00000       2.00000000               0           0         237
   1320.00000       1560.00000       2.00000000               0           0         238
   1560.00000       1560.00000       2.00000000               0           0         239
   1800.00000       1560.00000       2.00000000               0           0         240
  -1800.00000       1800.00000       2.00000000               0           0         241
  -1560.00000       1800.00000       2.00000000               0           0         242
  -1320.00000       1800.00000       2.00000000               0           0         243
  -1080.00000       1800.00000       2.00000000               0           0         244
  -840.000000       1800.00000       2.00000000               0           0         245
  -600.000000       1800.00000       2.00000000               0           0         246
  -360.000000       1800.00000       2.00000000               0           0         247
  -120.000000       1800.00000       2.00000000               0           0         248
   120.000000       1800.00000       2.00000000               0           0         249
   360.000000       1800.00000       2.00000000               0           0         250
   600.000000       1800.00000       2.00000000               0           0         251
   840.000000       1800.00000       2.00000000               0           0         252
   1080.00000       1800.00000       2.00000000               0           0         253
   1320.00000       1800.00000       2.00000000               0           0         254
   1560.00000       1800.00000       2.00000000               0           0         255
   1800.00000       1800.00000       2.00000000               0           0         256
