iTx 	 iRx    ichrec  ifreq 	 sig_misfit   x       y      z
4 	 1 	 Ex 	 1 	 3.288764e+00 	 -1.800000e+03 	 -1.800000e+03 	 2.000000e+00
4 	 2 	 Ex 	 1 	 1.101853e+00 	 -1.560000e+03 	 -1.800000e+03 	 2.000000e+00
4 	 3 	 Ex 	 1 	 2.943198e+00 	 -1.320000e+03 	 -1.800000e+03 	 2.000000e+00
4 	 4 	 Ex 	 1 	 1.981205e+00 	 -1.080000e+03 	 -1.800000e+03 	 2.000000e+00
4 	 5 	 Ex 	 1 	 4.267050e-01 	 -8.400000e+02 	 -1.800000e+03 	 2.000000e+00
4 	 6 	 Ex 	 1 	 2.189358e+00 	 -6.000000e+02 	 -1.800000e+03 	 2.000000e+00
4 	 7 	 Ex 	 1 	 2.315723e+00 	 -3.600000e+02 	 -1.800000e+03 	 2.000000e+00
4 	 8 	 Ex 	 1 	 1.149093e+00 	 -1.200000e+02 	 -1.800000e+03 	 2.000000e+00
4 	 9 	 Ex 	 1 	 1.991316e+00 	 1.200000e+02 	 -1.800000e+03 	 2.000000e+00
4 	 10 	 Ex 	 1 	 6.595982e-01 	 3.600000e+02 	 -1.800000e+03 	 2.000000e+00
4 	 11 	 Ex 	 1 	 6.112132e-01 	 6.000000e+02 	 -1.800000e+03 	 2.000000e+00
4 	 12 	 Ex 	 1 	 7.485077e-01 	 8.400000e+02 	 -1.800000e+03 	 2.000000e+00
4 	 13 	 Ex 	 1 	 0.000000e+00 	 1.080000e+03 	 -1.800000e+03 	 2.000000e+00
4 	 14 	 Ex 	 1 	 0.000000e+00 	 1.320000e+03 	 -1.800000e+03 	 2.000000e+00
4 	 15 	 Ex 	 1 	 0.000000e+00 	 1.560000e+03 	 -1.800000e+03 	 2.000000e+00
4 	 16 	 Ex 	 1 	 0.000000e+00 	 1.800000e+03 	 -1.800000e+03 	 2.000000e+00
4 	 17 	 Ex 	 1 	 4.076301e+00 	 -1.800000e+03 	 -1.560000e+03 	 2.000000e+00
4 	 18 	 Ex 	 1 	 3.923163e+00 	 -1.560000e+03 	 -1.560000e+03 	 2.000000e+00
4 	 19 	 Ex 	 1 	 2.069482e+00 	 -1.320000e+03 	 -1.560000e+03 	 2.000000e+00
4 	 20 	 Ex 	 1 	 2.084452e+00 	 -1.080000e+03 	 -1.560000e+03 	 2.000000e+00
4 	 21 	 Ex 	 1 	 5.561601e-01 	 -8.400000e+02 	 -1.560000e+03 	 2.000000e+00
4 	 22 	 Ex 	 1 	 1.565189e+00 	 -6.000000e+02 	 -1.560000e+03 	 2.000000e+00
4 	 23 	 Ex 	 1 	 1.628265e+00 	 -3.600000e+02 	 -1.560000e+03 	 2.000000e+00
4 	 24 	 Ex 	 1 	 2.178646e+00 	 -1.200000e+02 	 -1.560000e+03 	 2.000000e+00
4 	 25 	 Ex 	 1 	 1.208943e+00 	 1.200000e+02 	 -1.560000e+03 	 2.000000e+00
4 	 26 	 Ex 	 1 	 4.181606e-01 	 3.600000e+02 	 -1.560000e+03 	 2.000000e+00
4 	 27 	 Ex 	 1 	 1.980672e+00 	 6.000000e+02 	 -1.560000e+03 	 2.000000e+00
4 	 28 	 Ex 	 1 	 1.604352e+00 	 8.400000e+02 	 -1.560000e+03 	 2.000000e+00
4 	 29 	 Ex 	 1 	 0.000000e+00 	 1.080000e+03 	 -1.560000e+03 	 2.000000e+00
4 	 30 	 Ex 	 1 	 0.000000e+00 	 1.320000e+03 	 -1.560000e+03 	 2.000000e+00
4 	 31 	 Ex 	 1 	 0.000000e+00 	 1.560000e+03 	 -1.560000e+03 	 2.000000e+00
4 	 32 	 Ex 	 1 	 0.000000e+00 	 1.800000e+03 	 -1.560000e+03 	 2.000000e+00
4 	 33 	 Ex 	 1 	 3.225909e+00 	 -1.800000e+03 	 -1.320000e+03 	 2.000000e+00
4 	 34 	 Ex 	 1 	 2.345808e+00 	 -1.560000e+03 	 -1.320000e+03 	 2.000000e+00
4 	 35 	 Ex 	 1 	 4.341710e+00 	 -1.320000e+03 	 -1.320000e+03 	 2.000000e+00
4 	 36 	 Ex 	 1 	 3.284766e+00 	 -1.080000e+03 	 -1.320000e+03 	 2.000000e+00
4 	 37 	 Ex 	 1 	 3.040290e+00 	 -8.400000e+02 	 -1.320000e+03 	 2.000000e+00
4 	 38 	 Ex 	 1 	 2.129163e+00 	 -6.000000e+02 	 -1.320000e+03 	 2.000000e+00
4 	 39 	 Ex 	 1 	 2.541577e+00 	 -3.600000e+02 	 -1.320000e+03 	 2.000000e+00
4 	 40 	 Ex 	 1 	 1.487123e+00 	 -1.200000e+02 	 -1.320000e+03 	 2.000000e+00
4 	 41 	 Ex 	 1 	 2.211623e+00 	 1.200000e+02 	 -1.320000e+03 	 2.000000e+00
4 	 42 	 Ex 	 1 	 1.749613e+00 	 3.600000e+02 	 -1.320000e+03 	 2.000000e+00
4 	 43 	 Ex 	 1 	 3.318145e-01 	 6.000000e+02 	 -1.320000e+03 	 2.000000e+00
4 	 44 	 Ex 	 1 	 7.903976e-01 	 8.400000e+02 	 -1.320000e+03 	 2.000000e+00
4 	 45 	 Ex 	 1 	 0.000000e+00 	 1.080000e+03 	 -1.320000e+03 	 2.000000e+00
4 	 46 	 Ex 	 1 	 0.000000e+00 	 1.320000e+03 	 -1.320000e+03 	 2.000000e+00
4 	 47 	 Ex 	 1 	 0.000000e+00 	 1.560000e+03 	 -1.320000e+03 	 2.000000e+00
4 	 48 	 Ex 	 1 	 0.000000e+00 	 1.800000e+03 	 -1.320000e+03 	 2.000000e+00
4 	 49 	 Ex 	 1 	 2.866477e+00 	 -1.800000e+03 	 -1.080000e+03 	 2.000000e+00
4 	 50 	 Ex 	 1 	 3.606494e+00 	 -1.560000e+03 	 -1.080000e+03 	 2.000000e+00
4 	 51 	 Ex 	 1 	 4.919813e+00 	 -1.320000e+03 	 -1.080000e+03 	 2.000000e+00
4 	 52 	 Ex 	 1 	 4.430781e+00 	 -1.080000e+03 	 -1.080000e+03 	 2.000000e+00
4 	 53 	 Ex 	 1 	 3.805926e+00 	 -8.400000e+02 	 -1.080000e+03 	 2.000000e+00
4 	 54 	 Ex 	 1 	 3.158788e+00 	 -6.000000e+02 	 -1.080000e+03 	 2.000000e+00
4 	 55 	 Ex 	 1 	 1.174104e+00 	 -3.600000e+02 	 -1.080000e+03 	 2.000000e+00
4 	 56 	 Ex 	 1 	 4.303182e+00 	 -1.200000e+02 	 -1.080000e+03 	 2.000000e+00
4 	 57 	 Ex 	 1 	 4.625341e+00 	 1.200000e+02 	 -1.080000e+03 	 2.000000e+00
4 	 58 	 Ex 	 1 	 1.309214e+00 	 3.600000e+02 	 -1.080000e+03 	 2.000000e+00
4 	 59 	 Ex 	 1 	 1.570788e+00 	 6.000000e+02 	 -1.080000e+03 	 2.000000e+00
4 	 60 	 Ex 	 1 	 4.252713e-01 	 8.400000e+02 	 -1.080000e+03 	 2.000000e+00
4 	 61 	 Ex 	 1 	 4.989898e-01 	 1.080000e+03 	 -1.080000e+03 	 2.000000e+00
4 	 62 	 Ex 	 1 	 0.000000e+00 	 1.320000e+03 	 -1.080000e+03 	 2.000000e+00
4 	 63 	 Ex 	 1 	 0.000000e+00 	 1.560000e+03 	 -1.080000e+03 	 2.000000e+00
4 	 64 	 Ex 	 1 	 0.000000e+00 	 1.800000e+03 	 -1.080000e+03 	 2.000000e+00
4 	 65 	 Ex 	 1 	 2.488396e+00 	 -1.800000e+03 	 -8.400000e+02 	 2.000000e+00
4 	 66 	 Ex 	 1 	 4.445975e+00 	 -1.560000e+03 	 -8.400000e+02 	 2.000000e+00
4 	 67 	 Ex 	 1 	 4.214855e+00 	 -1.320000e+03 	 -8.400000e+02 	 2.000000e+00
4 	 68 	 Ex 	 1 	 6.386287e+00 	 -1.080000e+03 	 -8.400000e+02 	 2.000000e+00
4 	 69 	 Ex 	 1 	 4.648962e+00 	 -8.400000e+02 	 -8.400000e+02 	 2.000000e+00
4 	 70 	 Ex 	 1 	 2.388854e+00 	 -6.000000e+02 	 -8.400000e+02 	 2.000000e+00
4 	 71 	 Ex 	 1 	 2.540528e+00 	 -3.600000e+02 	 -8.400000e+02 	 2.000000e+00
4 	 72 	 Ex 	 1 	 6.708293e+00 	 -1.200000e+02 	 -8.400000e+02 	 2.000000e+00
4 	 73 	 Ex 	 1 	 7.425740e+00 	 1.200000e+02 	 -8.400000e+02 	 2.000000e+00
4 	 74 	 Ex 	 1 	 3.503620e+00 	 3.600000e+02 	 -8.400000e+02 	 2.000000e+00
4 	 75 	 Ex 	 1 	 1.562081e+00 	 6.000000e+02 	 -8.400000e+02 	 2.000000e+00
4 	 76 	 Ex 	 1 	 4.167504e-01 	 8.400000e+02 	 -8.400000e+02 	 2.000000e+00
4 	 77 	 Ex 	 1 	 1.355128e+00 	 1.080000e+03 	 -8.400000e+02 	 2.000000e+00
4 	 78 	 Ex 	 1 	 8.446457e-01 	 1.320000e+03 	 -8.400000e+02 	 2.000000e+00
4 	 79 	 Ex 	 1 	 8.182074e-01 	 1.560000e+03 	 -8.400000e+02 	 2.000000e+00
4 	 80 	 Ex 	 1 	 1.085877e+00 	 1.800000e+03 	 -8.400000e+02 	 2.000000e+00
4 	 81 	 Ex 	 1 	 1.918714e+00 	 -1.800000e+03 	 -6.000000e+02 	 2.000000e+00
4 	 82 	 Ex 	 1 	 2.994711e+00 	 -1.560000e+03 	 -6.000000e+02 	 2.000000e+00
4 	 83 	 Ex 	 1 	 3.486845e+00 	 -1.320000e+03 	 -6.000000e+02 	 2.000000e+00
4 	 84 	 Ex 	 1 	 7.510591e+00 	 -1.080000e+03 	 -6.000000e+02 	 2.000000e+00
4 	 85 	 Ex 	 1 	 7.091452e+00 	 -8.400000e+02 	 -6.000000e+02 	 2.000000e+00
4 	 86 	 Ex 	 1 	 1.778788e+00 	 -6.000000e+02 	 -6.000000e+02 	 2.000000e+00
4 	 87 	 Ex 	 1 	 2.402821e+00 	 -3.600000e+02 	 -6.000000e+02 	 2.000000e+00
4 	 88 	 Ex 	 1 	 6.679191e+00 	 -1.200000e+02 	 -6.000000e+02 	 2.000000e+00
4 	 89 	 Ex 	 1 	 7.333382e+00 	 1.200000e+02 	 -6.000000e+02 	 2.000000e+00
4 	 90 	 Ex 	 1 	 2.881754e+00 	 3.600000e+02 	 -6.000000e+02 	 2.000000e+00
4 	 91 	 Ex 	 1 	 3.951351e-01 	 6.000000e+02 	 -6.000000e+02 	 2.000000e+00
4 	 92 	 Ex 	 1 	 6.973069e-01 	 8.400000e+02 	 -6.000000e+02 	 2.000000e+00
4 	 93 	 Ex 	 1 	 1.447169e+00 	 1.080000e+03 	 -6.000000e+02 	 2.000000e+00
4 	 94 	 Ex 	 1 	 4.001552e-01 	 1.320000e+03 	 -6.000000e+02 	 2.000000e+00
4 	 95 	 Ex 	 1 	 2.234965e+00 	 1.560000e+03 	 -6.000000e+02 	 2.000000e+00
4 	 96 	 Ex 	 1 	 4.562508e-01 	 1.800000e+03 	 -6.000000e+02 	 2.000000e+00
4 	 97 	 Ex 	 1 	 3.740068e-01 	 -1.800000e+03 	 -3.600000e+02 	 2.000000e+00
4 	 98 	 Ex 	 1 	 1.255028e+00 	 -1.560000e+03 	 -3.600000e+02 	 2.000000e+00
4 	 99 	 Ex 	 1 	 3.115796e+00 	 -1.320000e+03 	 -3.600000e+02 	 2.000000e+00
4 	 100 	 Ex 	 1 	 5.840769e+00 	 -1.080000e+03 	 -3.600000e+02 	 2.000000e+00
4 	 101 	 Ex 	 1 	 6.961282e+00 	 -8.400000e+02 	 -3.600000e+02 	 2.000000e+00
4 	 102 	 Ex 	 1 	 2.450514e+00 	 -6.000000e+02 	 -3.600000e+02 	 2.000000e+00
4 	 103 	 Ex 	 1 	 2.609044e+00 	 -3.600000e+02 	 -3.600000e+02 	 2.000000e+00
4 	 104 	 Ex 	 1 	 7.307114e+00 	 -1.200000e+02 	 -3.600000e+02 	 2.000000e+00
4 	 105 	 Ex 	 1 	 7.143184e+00 	 1.200000e+02 	 -3.600000e+02 	 2.000000e+00
4 	 106 	 Ex 	 1 	 4.519685e+00 	 3.600000e+02 	 -3.600000e+02 	 2.000000e+00
4 	 107 	 Ex 	 1 	 9.265159e-01 	 6.000000e+02 	 -3.600000e+02 	 2.000000e+00
4 	 108 	 Ex 	 1 	 1.975804e+00 	 8.400000e+02 	 -3.600000e+02 	 2.000000e+00
4 	 109 	 Ex 	 1 	 3.426141e+00 	 1.080000e+03 	 -3.600000e+02 	 2.000000e+00
4 	 110 	 Ex 	 1 	 1.379747e+00 	 1.320000e+03 	 -3.600000e+02 	 2.000000e+00
4 	 111 	 Ex 	 1 	 1.032589e+00 	 1.560000e+03 	 -3.600000e+02 	 2.000000e+00
4 	 112 	 Ex 	 1 	 9.724882e-01 	 1.800000e+03 	 -3.600000e+02 	 2.000000e+00
4 	 113 	 Ex 	 1 	 1.944919e+00 	 -1.800000e+03 	 -1.200000e+02 	 2.000000e+00
4 	 114 	 Ex 	 1 	 7.591545e-01 	 -1.560000e+03 	 -1.200000e+02 	 2.000000e+00
4 	 115 	 Ex 	 1 	 1.648326e+00 	 -1.320000e+03 	 -1.200000e+02 	 2.000000e+00
4 	 116 	 Ex 	 1 	 4.762921e+00 	 -1.080000e+03 	 -1.200000e+02 	 2.000000e+00
4 	 117 	 Ex 	 1 	 4.753445e+00 	 -8.400000e+02 	 -1.200000e+02 	 2.000000e+00
4 	 118 	 Ex 	 1 	 9.101939e-01 	 -6.000000e+02 	 -1.200000e+02 	 2.000000e+00
4 	 119 	 Ex 	 1 	 3.857282e+00 	 -3.600000e+02 	 -1.200000e+02 	 2.000000e+00
4 	 120 	 Ex 	 1 	 6.462225e+00 	 -1.200000e+02 	 -1.200000e+02 	 2.000000e+00
4 	 121 	 Ex 	 1 	 7.535140e+00 	 1.200000e+02 	 -1.200000e+02 	 2.000000e+00
4 	 122 	 Ex 	 1 	 4.308682e+00 	 3.600000e+02 	 -1.200000e+02 	 2.000000e+00
4 	 123 	 Ex 	 1 	 2.297535e+00 	 6.000000e+02 	 -1.200000e+02 	 2.000000e+00
4 	 124 	 Ex 	 1 	 4.074933e+00 	 8.400000e+02 	 -1.200000e+02 	 2.000000e+00
4 	 125 	 Ex 	 1 	 1.335119e+00 	 1.080000e+03 	 -1.200000e+02 	 2.000000e+00
4 	 126 	 Ex 	 1 	 1.098645e+00 	 1.320000e+03 	 -1.200000e+02 	 2.000000e+00
4 	 127 	 Ex 	 1 	 1.693799e+00 	 1.560000e+03 	 -1.200000e+02 	 2.000000e+00
4 	 128 	 Ex 	 1 	 1.732893e+00 	 1.800000e+03 	 -1.200000e+02 	 2.000000e+00
4 	 129 	 Ex 	 1 	 3.599524e+00 	 -1.800000e+03 	 1.200000e+02 	 2.000000e+00
4 	 130 	 Ex 	 1 	 4.941553e+00 	 -1.560000e+03 	 1.200000e+02 	 2.000000e+00
4 	 131 	 Ex 	 1 	 1.403891e+00 	 -1.320000e+03 	 1.200000e+02 	 2.000000e+00
4 	 132 	 Ex 	 1 	 2.991540e+00 	 -1.080000e+03 	 1.200000e+02 	 2.000000e+00
4 	 133 	 Ex 	 1 	 3.434882e+00 	 -8.400000e+02 	 1.200000e+02 	 2.000000e+00
4 	 134 	 Ex 	 1 	 4.534857e+00 	 -6.000000e+02 	 1.200000e+02 	 2.000000e+00
4 	 135 	 Ex 	 1 	 3.524937e+00 	 -3.600000e+02 	 1.200000e+02 	 2.000000e+00
4 	 136 	 Ex 	 1 	 5.590350e+00 	 -1.200000e+02 	 1.200000e+02 	 2.000000e+00
4 	 137 	 Ex 	 1 	 5.701148e+00 	 1.200000e+02 	 1.200000e+02 	 2.000000e+00
4 	 138 	 Ex 	 1 	 5.027017e+00 	 3.600000e+02 	 1.200000e+02 	 2.000000e+00
4 	 139 	 Ex 	 1 	 3.156427e+00 	 6.000000e+02 	 1.200000e+02 	 2.000000e+00
4 	 140 	 Ex 	 1 	 2.798784e+00 	 8.400000e+02 	 1.200000e+02 	 2.000000e+00
4 	 141 	 Ex 	 1 	 3.871737e+00 	 1.080000e+03 	 1.200000e+02 	 2.000000e+00
4 	 142 	 Ex 	 1 	 7.473684e-01 	 1.320000e+03 	 1.200000e+02 	 2.000000e+00
4 	 143 	 Ex 	 1 	 7.187921e-01 	 1.560000e+03 	 1.200000e+02 	 2.000000e+00
4 	 144 	 Ex 	 1 	 5.784198e-01 	 1.800000e+03 	 1.200000e+02 	 2.000000e+00
4 	 145 	 Ex 	 1 	 4.686869e+00 	 -1.800000e+03 	 3.600000e+02 	 2.000000e+00
4 	 146 	 Ex 	 1 	 3.516868e+00 	 -1.560000e+03 	 3.600000e+02 	 2.000000e+00
4 	 147 	 Ex 	 1 	 3.468672e+00 	 -1.320000e+03 	 3.600000e+02 	 2.000000e+00
4 	 148 	 Ex 	 1 	 2.992394e+00 	 -1.080000e+03 	 3.600000e+02 	 2.000000e+00
4 	 149 	 Ex 	 1 	 2.275093e+00 	 -8.400000e+02 	 3.600000e+02 	 2.000000e+00
4 	 150 	 Ex 	 1 	 3.723705e+00 	 -6.000000e+02 	 3.600000e+02 	 2.000000e+00
4 	 151 	 Ex 	 1 	 3.542627e+00 	 -3.600000e+02 	 3.600000e+02 	 2.000000e+00
4 	 152 	 Ex 	 1 	 4.105857e+00 	 -1.200000e+02 	 3.600000e+02 	 2.000000e+00
4 	 153 	 Ex 	 1 	 4.754286e+00 	 1.200000e+02 	 3.600000e+02 	 2.000000e+00
4 	 154 	 Ex 	 1 	 3.184326e+00 	 3.600000e+02 	 3.600000e+02 	 2.000000e+00
4 	 155 	 Ex 	 1 	 2.734029e+00 	 6.000000e+02 	 3.600000e+02 	 2.000000e+00
4 	 156 	 Ex 	 1 	 4.362350e+00 	 8.400000e+02 	 3.600000e+02 	 2.000000e+00
4 	 157 	 Ex 	 1 	 3.212216e+00 	 1.080000e+03 	 3.600000e+02 	 2.000000e+00
4 	 158 	 Ex 	 1 	 2.566619e+00 	 1.320000e+03 	 3.600000e+02 	 2.000000e+00
4 	 159 	 Ex 	 1 	 1.257812e+00 	 1.560000e+03 	 3.600000e+02 	 2.000000e+00
4 	 160 	 Ex 	 1 	 5.339453e-01 	 1.800000e+03 	 3.600000e+02 	 2.000000e+00
4 	 161 	 Ex 	 1 	 5.153104e+00 	 -1.800000e+03 	 6.000000e+02 	 2.000000e+00
4 	 162 	 Ex 	 1 	 3.839787e+00 	 -1.560000e+03 	 6.000000e+02 	 2.000000e+00
4 	 163 	 Ex 	 1 	 5.541471e+00 	 -1.320000e+03 	 6.000000e+02 	 2.000000e+00
4 	 164 	 Ex 	 1 	 4.595993e+00 	 -1.080000e+03 	 6.000000e+02 	 2.000000e+00
4 	 165 	 Ex 	 1 	 6.488959e+00 	 -8.400000e+02 	 6.000000e+02 	 2.000000e+00
4 	 166 	 Ex 	 1 	 3.644803e+00 	 -6.000000e+02 	 6.000000e+02 	 2.000000e+00
4 	 167 	 Ex 	 1 	 2.375885e+00 	 -3.600000e+02 	 6.000000e+02 	 2.000000e+00
4 	 168 	 Ex 	 1 	 1.575261e+00 	 -1.200000e+02 	 6.000000e+02 	 2.000000e+00
4 	 169 	 Ex 	 1 	 1.908863e+00 	 1.200000e+02 	 6.000000e+02 	 2.000000e+00
4 	 170 	 Ex 	 1 	 3.632217e+00 	 3.600000e+02 	 6.000000e+02 	 2.000000e+00
4 	 171 	 Ex 	 1 	 4.197414e+00 	 6.000000e+02 	 6.000000e+02 	 2.000000e+00
4 	 172 	 Ex 	 1 	 5.085432e+00 	 8.400000e+02 	 6.000000e+02 	 2.000000e+00
4 	 173 	 Ex 	 1 	 3.807570e+00 	 1.080000e+03 	 6.000000e+02 	 2.000000e+00
4 	 174 	 Ex 	 1 	 1.627310e+00 	 1.320000e+03 	 6.000000e+02 	 2.000000e+00
4 	 175 	 Ex 	 1 	 1.664729e+00 	 1.560000e+03 	 6.000000e+02 	 2.000000e+00
4 	 176 	 Ex 	 1 	 9.357237e-01 	 1.800000e+03 	 6.000000e+02 	 2.000000e+00
4 	 177 	 Ex 	 1 	 5.625531e+00 	 -1.800000e+03 	 8.400000e+02 	 2.000000e+00
4 	 178 	 Ex 	 1 	 5.089604e+00 	 -1.560000e+03 	 8.400000e+02 	 2.000000e+00
4 	 179 	 Ex 	 1 	 7.538381e+00 	 -1.320000e+03 	 8.400000e+02 	 2.000000e+00
4 	 180 	 Ex 	 1 	 4.140443e+00 	 -1.080000e+03 	 8.400000e+02 	 2.000000e+00
4 	 181 	 Ex 	 1 	 6.000456e+00 	 -8.400000e+02 	 8.400000e+02 	 2.000000e+00
4 	 182 	 Ex 	 1 	 2.233286e+00 	 -6.000000e+02 	 8.400000e+02 	 2.000000e+00
4 	 183 	 Ex 	 1 	 1.323993e+00 	 -3.600000e+02 	 8.400000e+02 	 2.000000e+00
4 	 184 	 Ex 	 1 	 1.704776e+00 	 -1.200000e+02 	 8.400000e+02 	 2.000000e+00
4 	 185 	 Ex 	 1 	 2.966886e+00 	 1.200000e+02 	 8.400000e+02 	 2.000000e+00
4 	 186 	 Ex 	 1 	 3.175125e+00 	 3.600000e+02 	 8.400000e+02 	 2.000000e+00
4 	 187 	 Ex 	 1 	 5.734041e+00 	 6.000000e+02 	 8.400000e+02 	 2.000000e+00
4 	 188 	 Ex 	 1 	 4.559973e+00 	 8.400000e+02 	 8.400000e+02 	 2.000000e+00
4 	 189 	 Ex 	 1 	 3.810861e+00 	 1.080000e+03 	 8.400000e+02 	 2.000000e+00
4 	 190 	 Ex 	 1 	 6.424135e-01 	 1.320000e+03 	 8.400000e+02 	 2.000000e+00
4 	 191 	 Ex 	 1 	 8.930049e-01 	 1.560000e+03 	 8.400000e+02 	 2.000000e+00
4 	 192 	 Ex 	 1 	 5.711613e-01 	 1.800000e+03 	 8.400000e+02 	 2.000000e+00
4 	 193 	 Ex 	 1 	 4.951185e+00 	 -1.800000e+03 	 1.080000e+03 	 2.000000e+00
4 	 194 	 Ex 	 1 	 8.641948e+00 	 -1.560000e+03 	 1.080000e+03 	 2.000000e+00
4 	 195 	 Ex 	 1 	 5.405380e+00 	 -1.320000e+03 	 1.080000e+03 	 2.000000e+00
4 	 196 	 Ex 	 1 	 6.789347e+00 	 -1.080000e+03 	 1.080000e+03 	 2.000000e+00
4 	 197 	 Ex 	 1 	 5.668163e+00 	 -8.400000e+02 	 1.080000e+03 	 2.000000e+00
4 	 198 	 Ex 	 1 	 2.863595e+00 	 -6.000000e+02 	 1.080000e+03 	 2.000000e+00
4 	 199 	 Ex 	 1 	 3.013344e+00 	 -3.600000e+02 	 1.080000e+03 	 2.000000e+00
4 	 200 	 Ex 	 1 	 4.388447e+00 	 -1.200000e+02 	 1.080000e+03 	 2.000000e+00
4 	 201 	 Ex 	 1 	 4.820966e+00 	 1.200000e+02 	 1.080000e+03 	 2.000000e+00
4 	 202 	 Ex 	 1 	 5.114284e+00 	 3.600000e+02 	 1.080000e+03 	 2.000000e+00
4 	 203 	 Ex 	 1 	 4.959496e+00 	 6.000000e+02 	 1.080000e+03 	 2.000000e+00
4 	 204 	 Ex 	 1 	 2.646470e+00 	 8.400000e+02 	 1.080000e+03 	 2.000000e+00
4 	 205 	 Ex 	 1 	 1.390955e+00 	 1.080000e+03 	 1.080000e+03 	 2.000000e+00
4 	 206 	 Ex 	 1 	 2.121829e+00 	 1.320000e+03 	 1.080000e+03 	 2.000000e+00
4 	 207 	 Ex 	 1 	 1.741263e-01 	 1.560000e+03 	 1.080000e+03 	 2.000000e+00
4 	 208 	 Ex 	 1 	 1.151096e+00 	 1.800000e+03 	 1.080000e+03 	 2.000000e+00
4 	 209 	 Ex 	 1 	 3.896396e+00 	 -1.800000e+03 	 1.320000e+03 	 2.000000e+00
4 	 210 	 Ex 	 1 	 7.166658e+00 	 -1.560000e+03 	 1.320000e+03 	 2.000000e+00
4 	 211 	 Ex 	 1 	 4.343644e+00 	 -1.320000e+03 	 1.320000e+03 	 2.000000e+00
4 	 212 	 Ex 	 1 	 6.606018e+00 	 -1.080000e+03 	 1.320000e+03 	 2.000000e+00
4 	 213 	 Ex 	 1 	 4.452471e+00 	 -8.400000e+02 	 1.320000e+03 	 2.000000e+00
4 	 214 	 Ex 	 1 	 3.363710e-01 	 -6.000000e+02 	 1.320000e+03 	 2.000000e+00
4 	 215 	 Ex 	 1 	 3.514077e+00 	 -3.600000e+02 	 1.320000e+03 	 2.000000e+00
4 	 216 	 Ex 	 1 	 3.955899e+00 	 -1.200000e+02 	 1.320000e+03 	 2.000000e+00
4 	 217 	 Ex 	 1 	 5.762756e+00 	 1.200000e+02 	 1.320000e+03 	 2.000000e+00
4 	 218 	 Ex 	 1 	 7.032566e+00 	 3.600000e+02 	 1.320000e+03 	 2.000000e+00
4 	 219 	 Ex 	 1 	 3.764565e+00 	 6.000000e+02 	 1.320000e+03 	 2.000000e+00
4 	 220 	 Ex 	 1 	 3.874560e+00 	 8.400000e+02 	 1.320000e+03 	 2.000000e+00
4 	 221 	 Ex 	 1 	 2.856515e+00 	 1.080000e+03 	 1.320000e+03 	 2.000000e+00
4 	 222 	 Ex 	 1 	 1.022516e+00 	 1.320000e+03 	 1.320000e+03 	 2.000000e+00
4 	 223 	 Ex 	 1 	 8.830143e-01 	 1.560000e+03 	 1.320000e+03 	 2.000000e+00
4 	 224 	 Ex 	 1 	 3.476276e-01 	 1.800000e+03 	 1.320000e+03 	 2.000000e+00
4 	 225 	 Ex 	 1 	 7.653113e+00 	 -1.800000e+03 	 1.560000e+03 	 2.000000e+00
4 	 226 	 Ex 	 1 	 5.060710e+00 	 -1.560000e+03 	 1.560000e+03 	 2.000000e+00
4 	 227 	 Ex 	 1 	 6.881524e+00 	 -1.320000e+03 	 1.560000e+03 	 2.000000e+00
4 	 228 	 Ex 	 1 	 3.890352e+00 	 -1.080000e+03 	 1.560000e+03 	 2.000000e+00
4 	 229 	 Ex 	 1 	 3.790303e+00 	 -8.400000e+02 	 1.560000e+03 	 2.000000e+00
4 	 230 	 Ex 	 1 	 6.017838e-01 	 -6.000000e+02 	 1.560000e+03 	 2.000000e+00
4 	 231 	 Ex 	 1 	 3.177091e+00 	 -3.600000e+02 	 1.560000e+03 	 2.000000e+00
4 	 232 	 Ex 	 1 	 4.306973e+00 	 -1.200000e+02 	 1.560000e+03 	 2.000000e+00
4 	 233 	 Ex 	 1 	 5.251345e+00 	 1.200000e+02 	 1.560000e+03 	 2.000000e+00
4 	 234 	 Ex 	 1 	 4.793801e+00 	 3.600000e+02 	 1.560000e+03 	 2.000000e+00
4 	 235 	 Ex 	 1 	 4.231990e+00 	 6.000000e+02 	 1.560000e+03 	 2.000000e+00
4 	 236 	 Ex 	 1 	 2.592588e+00 	 8.400000e+02 	 1.560000e+03 	 2.000000e+00
4 	 237 	 Ex 	 1 	 2.230873e+00 	 1.080000e+03 	 1.560000e+03 	 2.000000e+00
4 	 238 	 Ex 	 1 	 1.883222e+00 	 1.320000e+03 	 1.560000e+03 	 2.000000e+00
4 	 239 	 Ex 	 1 	 1.653110e+00 	 1.560000e+03 	 1.560000e+03 	 2.000000e+00
4 	 240 	 Ex 	 1 	 1.380964e+00 	 1.800000e+03 	 1.560000e+03 	 2.000000e+00
4 	 241 	 Ex 	 1 	 2.510816e+00 	 -1.800000e+03 	 1.800000e+03 	 2.000000e+00
4 	 242 	 Ex 	 1 	 3.426707e+00 	 -1.560000e+03 	 1.800000e+03 	 2.000000e+00
4 	 243 	 Ex 	 1 	 2.702531e+00 	 -1.320000e+03 	 1.800000e+03 	 2.000000e+00
4 	 244 	 Ex 	 1 	 2.578665e+00 	 -1.080000e+03 	 1.800000e+03 	 2.000000e+00
4 	 245 	 Ex 	 1 	 1.608311e+00 	 -8.400000e+02 	 1.800000e+03 	 2.000000e+00
4 	 246 	 Ex 	 1 	 2.256385e+00 	 -6.000000e+02 	 1.800000e+03 	 2.000000e+00
4 	 247 	 Ex 	 1 	 3.988165e+00 	 -3.600000e+02 	 1.800000e+03 	 2.000000e+00
4 	 248 	 Ex 	 1 	 3.687810e+00 	 -1.200000e+02 	 1.800000e+03 	 2.000000e+00
4 	 249 	 Ex 	 1 	 4.277131e+00 	 1.200000e+02 	 1.800000e+03 	 2.000000e+00
4 	 250 	 Ex 	 1 	 4.620625e+00 	 3.600000e+02 	 1.800000e+03 	 2.000000e+00
4 	 251 	 Ex 	 1 	 5.093082e+00 	 6.000000e+02 	 1.800000e+03 	 2.000000e+00
4 	 252 	 Ex 	 1 	 2.738365e+00 	 8.400000e+02 	 1.800000e+03 	 2.000000e+00
4 	 253 	 Ex 	 1 	 2.465270e+00 	 1.080000e+03 	 1.800000e+03 	 2.000000e+00
4 	 254 	 Ex 	 1 	 2.223832e+00 	 1.320000e+03 	 1.800000e+03 	 2.000000e+00
4 	 255 	 Ex 	 1 	 4.366705e-01 	 1.560000e+03 	 1.800000e+03 	 2.000000e+00
4 	 256 	 Ex 	 1 	 1.682753e+00 	 1.800000e+03 	 1.800000e+03 	 2.000000e+00
4 	 1 	 Ex 	 2 	 2.549377e+00 	 -1.800000e+03 	 -1.800000e+03 	 2.000000e+00
4 	 2 	 Ex 	 2 	 1.400685e+00 	 -1.560000e+03 	 -1.800000e+03 	 2.000000e+00
4 	 3 	 Ex 	 2 	 5.288460e-01 	 -1.320000e+03 	 -1.800000e+03 	 2.000000e+00
4 	 4 	 Ex 	 2 	 2.629430e+00 	 -1.080000e+03 	 -1.800000e+03 	 2.000000e+00
4 	 5 	 Ex 	 2 	 5.371783e-01 	 -8.400000e+02 	 -1.800000e+03 	 2.000000e+00
4 	 6 	 Ex 	 2 	 1.321864e+00 	 -6.000000e+02 	 -1.800000e+03 	 2.000000e+00
4 	 7 	 Ex 	 2 	 1.024996e+00 	 -3.600000e+02 	 -1.800000e+03 	 2.000000e+00
4 	 8 	 Ex 	 2 	 1.090223e+00 	 -1.200000e+02 	 -1.800000e+03 	 2.000000e+00
4 	 9 	 Ex 	 2 	 1.608418e+00 	 1.200000e+02 	 -1.800000e+03 	 2.000000e+00
4 	 10 	 Ex 	 2 	 4.281111e-01 	 3.600000e+02 	 -1.800000e+03 	 2.000000e+00
4 	 11 	 Ex 	 2 	 1.447024e-01 	 6.000000e+02 	 -1.800000e+03 	 2.000000e+00
4 	 12 	 Ex 	 2 	 1.296282e-01 	 8.400000e+02 	 -1.800000e+03 	 2.000000e+00
4 	 13 	 Ex 	 2 	 0.000000e+00 	 1.080000e+03 	 -1.800000e+03 	 2.000000e+00
4 	 14 	 Ex 	 2 	 0.000000e+00 	 1.320000e+03 	 -1.800000e+03 	 2.000000e+00
4 	 15 	 Ex 	 2 	 0.000000e+00 	 1.560000e+03 	 -1.800000e+03 	 2.000000e+00
4 	 16 	 Ex 	 2 	 0.000000e+00 	 1.800000e+03 	 -1.800000e+03 	 2.000000e+00
4 	 17 	 Ex 	 2 	 2.545568e+00 	 -1.800000e+03 	 -1.560000e+03 	 2.000000e+00
4 	 18 	 Ex 	 2 	 2.626038e+00 	 -1.560000e+03 	 -1.560000e+03 	 2.000000e+00
4 	 19 	 Ex 	 2 	 1.426865e+00 	 -1.320000e+03 	 -1.560000e+03 	 2.000000e+00
4 	 20 	 Ex 	 2 	 1.101245e+00 	 -1.080000e+03 	 -1.560000e+03 	 2.000000e+00
4 	 21 	 Ex 	 2 	 2.671741e-01 	 -8.400000e+02 	 -1.560000e+03 	 2.000000e+00
4 	 22 	 Ex 	 2 	 1.653172e+00 	 -6.000000e+02 	 -1.560000e+03 	 2.000000e+00
4 	 23 	 Ex 	 2 	 2.788766e+00 	 -3.600000e+02 	 -1.560000e+03 	 2.000000e+00
4 	 24 	 Ex 	 2 	 1.146225e+00 	 -1.200000e+02 	 -1.560000e+03 	 2.000000e+00
4 	 25 	 Ex 	 2 	 2.102078e+00 	 1.200000e+02 	 -1.560000e+03 	 2.000000e+00
4 	 26 	 Ex 	 2 	 4.696392e-01 	 3.600000e+02 	 -1.560000e+03 	 2.000000e+00
4 	 27 	 Ex 	 2 	 9.309904e-01 	 6.000000e+02 	 -1.560000e+03 	 2.000000e+00
4 	 28 	 Ex 	 2 	 3.291305e-01 	 8.400000e+02 	 -1.560000e+03 	 2.000000e+00
4 	 29 	 Ex 	 2 	 0.000000e+00 	 1.080000e+03 	 -1.560000e+03 	 2.000000e+00
4 	 30 	 Ex 	 2 	 0.000000e+00 	 1.320000e+03 	 -1.560000e+03 	 2.000000e+00
4 	 31 	 Ex 	 2 	 0.000000e+00 	 1.560000e+03 	 -1.560000e+03 	 2.000000e+00
4 	 32 	 Ex 	 2 	 0.000000e+00 	 1.800000e+03 	 -1.560000e+03 	 2.000000e+00
4 	 33 	 Ex 	 2 	 3.720918e+00 	 -1.800000e+03 	 -1.320000e+03 	 2.000000e+00
4 	 34 	 Ex 	 2 	 5.272949e+00 	 -1.560000e+03 	 -1.320000e+03 	 2.000000e+00
4 	 35 	 Ex 	 2 	 5.079117e+00 	 -1.320000e+03 	 -1.320000e+03 	 2.000000e+00
4 	 36 	 Ex 	 2 	 2.740064e+00 	 -1.080000e+03 	 -1.320000e+03 	 2.000000e+00
4 	 37 	 Ex 	 2 	 1.195516e+00 	 -8.400000e+02 	 -1.320000e+03 	 2.000000e+00
4 	 38 	 Ex 	 2 	 1.319417e+00 	 -6.000000e+02 	 -1.320000e+03 	 2.000000e+00
4 	 39 	 Ex 	 2 	 1.987029e+00 	 -3.600000e+02 	 -1.320000e+03 	 2.000000e+00
4 	 40 	 Ex 	 2 	 2.979364e+00 	 -1.200000e+02 	 -1.320000e+03 	 2.000000e+00
4 	 41 	 Ex 	 2 	 2.232028e+00 	 1.200000e+02 	 -1.320000e+03 	 2.000000e+00
4 	 42 	 Ex 	 2 	 1.462673e+00 	 3.600000e+02 	 -1.320000e+03 	 2.000000e+00
4 	 43 	 Ex 	 2 	 3.310401e-01 	 6.000000e+02 	 -1.320000e+03 	 2.000000e+00
4 	 44 	 Ex 	 2 	 1.156258e+00 	 8.400000e+02 	 -1.320000e+03 	 2.000000e+00
4 	 45 	 Ex 	 2 	 0.000000e+00 	 1.080000e+03 	 -1.320000e+03 	 2.000000e+00
4 	 46 	 Ex 	 2 	 0.000000e+00 	 1.320000e+03 	 -1.320000e+03 	 2.000000e+00
4 	 47 	 Ex 	 2 	 0.000000e+00 	 1.560000e+03 	 -1.320000e+03 	 2.000000e+00
4 	 48 	 Ex 	 2 	 0.000000e+00 	 1.800000e+03 	 -1.320000e+03 	 2.000000e+00
4 	 49 	 Ex 	 2 	 3.837716e+00 	 -1.800000e+03 	 -1.080000e+03 	 2.000000e+00
4 	 50 	 Ex 	 2 	 4.951385e+00 	 -1.560000e+03 	 -1.080000e+03 	 2.000000e+00
4 	 51 	 Ex 	 2 	 7.501644e+00 	 -1.320000e+03 	 -1.080000e+03 	 2.000000e+00
4 	 52 	 Ex 	 2 	 4.225724e+00 	 -1.080000e+03 	 -1.080000e+03 	 2.000000e+00
4 	 53 	 Ex 	 2 	 3.355927e+00 	 -8.400000e+02 	 -1.080000e+03 	 2.000000e+00
4 	 54 	 Ex 	 2 	 1.313111e+00 	 -6.000000e+02 	 -1.080000e+03 	 2.000000e+00
4 	 55 	 Ex 	 2 	 3.218066e+00 	 -3.600000e+02 	 -1.080000e+03 	 2.000000e+00
4 	 56 	 Ex 	 2 	 4.488996e+00 	 -1.200000e+02 	 -1.080000e+03 	 2.000000e+00
4 	 57 	 Ex 	 2 	 3.971621e+00 	 1.200000e+02 	 -1.080000e+03 	 2.000000e+00
4 	 58 	 Ex 	 2 	 1.787294e+00 	 3.600000e+02 	 -1.080000e+03 	 2.000000e+00
4 	 59 	 Ex 	 2 	 5.299302e-01 	 6.000000e+02 	 -1.080000e+03 	 2.000000e+00
4 	 60 	 Ex 	 2 	 7.266766e-01 	 8.400000e+02 	 -1.080000e+03 	 2.000000e+00
4 	 61 	 Ex 	 2 	 1.355779e+00 	 1.080000e+03 	 -1.080000e+03 	 2.000000e+00
4 	 62 	 Ex 	 2 	 0.000000e+00 	 1.320000e+03 	 -1.080000e+03 	 2.000000e+00
4 	 63 	 Ex 	 2 	 0.000000e+00 	 1.560000e+03 	 -1.080000e+03 	 2.000000e+00
4 	 64 	 Ex 	 2 	 0.000000e+00 	 1.800000e+03 	 -1.080000e+03 	 2.000000e+00
4 	 65 	 Ex 	 2 	 2.900582e+00 	 -1.800000e+03 	 -8.400000e+02 	 2.000000e+00
4 	 66 	 Ex 	 2 	 4.869219e+00 	 -1.560000e+03 	 -8.400000e+02 	 2.000000e+00
4 	 67 	 Ex 	 2 	 4.819318e+00 	 -1.320000e+03 	 -8.400000e+02 	 2.000000e+00
4 	 68 	 Ex 	 2 	 4.067943e+00 	 -1.080000e+03 	 -8.400000e+02 	 2.000000e+00
4 	 69 	 Ex 	 2 	 3.354713e+00 	 -8.400000e+02 	 -8.400000e+02 	 2.000000e+00
4 	 70 	 Ex 	 2 	 6.076763e-01 	 -6.000000e+02 	 -8.400000e+02 	 2.000000e+00
4 	 71 	 Ex 	 2 	 3.881767e+00 	 -3.600000e+02 	 -8.400000e+02 	 2.000000e+00
4 	 72 	 Ex 	 2 	 5.654701e+00 	 -1.200000e+02 	 -8.400000e+02 	 2.000000e+00
4 	 73 	 Ex 	 2 	 4.693815e+00 	 1.200000e+02 	 -8.400000e+02 	 2.000000e+00
4 	 74 	 Ex 	 2 	 2.426825e+00 	 3.600000e+02 	 -8.400000e+02 	 2.000000e+00
4 	 75 	 Ex 	 2 	 1.016939e+00 	 6.000000e+02 	 -8.400000e+02 	 2.000000e+00
4 	 76 	 Ex 	 2 	 6.248707e-01 	 8.400000e+02 	 -8.400000e+02 	 2.000000e+00
4 	 77 	 Ex 	 2 	 1.282106e+00 	 1.080000e+03 	 -8.400000e+02 	 2.000000e+00
4 	 78 	 Ex 	 2 	 1.502599e+00 	 1.320000e+03 	 -8.400000e+02 	 2.000000e+00
4 	 79 	 Ex 	 2 	 5.808964e-01 	 1.560000e+03 	 -8.400000e+02 	 2.000000e+00
4 	 80 	 Ex 	 2 	 3.075278e-01 	 1.800000e+03 	 -8.400000e+02 	 2.000000e+00
4 	 81 	 Ex 	 2 	 1.324146e+00 	 -1.800000e+03 	 -6.000000e+02 	 2.000000e+00
4 	 82 	 Ex 	 2 	 3.979277e+00 	 -1.560000e+03 	 -6.000000e+02 	 2.000000e+00
4 	 83 	 Ex 	 2 	 4.085973e+00 	 -1.320000e+03 	 -6.000000e+02 	 2.000000e+00
4 	 84 	 Ex 	 2 	 5.104170e+00 	 -1.080000e+03 	 -6.000000e+02 	 2.000000e+00
4 	 85 	 Ex 	 2 	 4.684474e+00 	 -8.400000e+02 	 -6.000000e+02 	 2.000000e+00
4 	 86 	 Ex 	 2 	 1.940918e+00 	 -6.000000e+02 	 -6.000000e+02 	 2.000000e+00
4 	 87 	 Ex 	 2 	 5.221152e+00 	 -3.600000e+02 	 -6.000000e+02 	 2.000000e+00
4 	 88 	 Ex 	 2 	 7.944951e+00 	 -1.200000e+02 	 -6.000000e+02 	 2.000000e+00
4 	 89 	 Ex 	 2 	 7.016988e+00 	 1.200000e+02 	 -6.000000e+02 	 2.000000e+00
4 	 90 	 Ex 	 2 	 3.537473e+00 	 3.600000e+02 	 -6.000000e+02 	 2.000000e+00
4 	 91 	 Ex 	 2 	 1.827394e+00 	 6.000000e+02 	 -6.000000e+02 	 2.000000e+00
4 	 92 	 Ex 	 2 	 2.719977e+00 	 8.400000e+02 	 -6.000000e+02 	 2.000000e+00
4 	 93 	 Ex 	 2 	 2.408862e+00 	 1.080000e+03 	 -6.000000e+02 	 2.000000e+00
4 	 94 	 Ex 	 2 	 7.977468e-01 	 1.320000e+03 	 -6.000000e+02 	 2.000000e+00
4 	 95 	 Ex 	 2 	 1.649959e+00 	 1.560000e+03 	 -6.000000e+02 	 2.000000e+00
4 	 96 	 Ex 	 2 	 1.768300e+00 	 1.800000e+03 	 -6.000000e+02 	 2.000000e+00
4 	 97 	 Ex 	 2 	 2.046367e+00 	 -1.800000e+03 	 -3.600000e+02 	 2.000000e+00
4 	 98 	 Ex 	 2 	 2.817958e+00 	 -1.560000e+03 	 -3.600000e+02 	 2.000000e+00
4 	 99 	 Ex 	 2 	 2.706852e+00 	 -1.320000e+03 	 -3.600000e+02 	 2.000000e+00
4 	 100 	 Ex 	 2 	 3.206611e+00 	 -1.080000e+03 	 -3.600000e+02 	 2.000000e+00
4 	 101 	 Ex 	 2 	 2.149074e+00 	 -8.400000e+02 	 -3.600000e+02 	 2.000000e+00
4 	 102 	 Ex 	 2 	 3.792586e+00 	 -6.000000e+02 	 -3.600000e+02 	 2.000000e+00
4 	 103 	 Ex 	 2 	 4.435956e+00 	 -3.600000e+02 	 -3.600000e+02 	 2.000000e+00
4 	 104 	 Ex 	 2 	 5.935053e+00 	 -1.200000e+02 	 -3.600000e+02 	 2.000000e+00
4 	 105 	 Ex 	 2 	 4.872412e+00 	 1.200000e+02 	 -3.600000e+02 	 2.000000e+00
4 	 106 	 Ex 	 2 	 3.196813e+00 	 3.600000e+02 	 -3.600000e+02 	 2.000000e+00
4 	 107 	 Ex 	 2 	 1.918092e+00 	 6.000000e+02 	 -3.600000e+02 	 2.000000e+00
4 	 108 	 Ex 	 2 	 2.788438e+00 	 8.400000e+02 	 -3.600000e+02 	 2.000000e+00
4 	 109 	 Ex 	 2 	 2.008999e+00 	 1.080000e+03 	 -3.600000e+02 	 2.000000e+00
4 	 110 	 Ex 	 2 	 1.538882e+00 	 1.320000e+03 	 -3.600000e+02 	 2.000000e+00
4 	 111 	 Ex 	 2 	 1.481743e+00 	 1.560000e+03 	 -3.600000e+02 	 2.000000e+00
4 	 112 	 Ex 	 2 	 1.665569e+00 	 1.800000e+03 	 -3.600000e+02 	 2.000000e+00
4 	 113 	 Ex 	 2 	 5.096684e-01 	 -1.800000e+03 	 -1.200000e+02 	 2.000000e+00
4 	 114 	 Ex 	 2 	 4.322765e-01 	 -1.560000e+03 	 -1.200000e+02 	 2.000000e+00
4 	 115 	 Ex 	 2 	 1.374961e+00 	 -1.320000e+03 	 -1.200000e+02 	 2.000000e+00
4 	 116 	 Ex 	 2 	 1.932162e+00 	 -1.080000e+03 	 -1.200000e+02 	 2.000000e+00
4 	 117 	 Ex 	 2 	 3.041085e+00 	 -8.400000e+02 	 -1.200000e+02 	 2.000000e+00
4 	 118 	 Ex 	 2 	 2.885617e+00 	 -6.000000e+02 	 -1.200000e+02 	 2.000000e+00
4 	 119 	 Ex 	 2 	 3.850092e+00 	 -3.600000e+02 	 -1.200000e+02 	 2.000000e+00
4 	 120 	 Ex 	 2 	 5.766916e+00 	 -1.200000e+02 	 -1.200000e+02 	 2.000000e+00
4 	 121 	 Ex 	 2 	 5.567434e+00 	 1.200000e+02 	 -1.200000e+02 	 2.000000e+00
4 	 122 	 Ex 	 2 	 4.424831e+00 	 3.600000e+02 	 -1.200000e+02 	 2.000000e+00
4 	 123 	 Ex 	 2 	 3.015556e+00 	 6.000000e+02 	 -1.200000e+02 	 2.000000e+00
4 	 124 	 Ex 	 2 	 2.185389e+00 	 8.400000e+02 	 -1.200000e+02 	 2.000000e+00
4 	 125 	 Ex 	 2 	 2.327176e+00 	 1.080000e+03 	 -1.200000e+02 	 2.000000e+00
4 	 126 	 Ex 	 2 	 8.899777e-01 	 1.320000e+03 	 -1.200000e+02 	 2.000000e+00
4 	 127 	 Ex 	 2 	 1.454348e+00 	 1.560000e+03 	 -1.200000e+02 	 2.000000e+00
4 	 128 	 Ex 	 2 	 2.806067e-01 	 1.800000e+03 	 -1.200000e+02 	 2.000000e+00
4 	 129 	 Ex 	 2 	 1.695253e+00 	 -1.800000e+03 	 1.200000e+02 	 2.000000e+00
4 	 130 	 Ex 	 2 	 1.988892e+00 	 -1.560000e+03 	 1.200000e+02 	 2.000000e+00
4 	 131 	 Ex 	 2 	 1.560559e+00 	 -1.320000e+03 	 1.200000e+02 	 2.000000e+00
4 	 132 	 Ex 	 2 	 2.754101e+00 	 -1.080000e+03 	 1.200000e+02 	 2.000000e+00
4 	 133 	 Ex 	 2 	 3.998984e+00 	 -8.400000e+02 	 1.200000e+02 	 2.000000e+00
4 	 134 	 Ex 	 2 	 3.479193e+00 	 -6.000000e+02 	 1.200000e+02 	 2.000000e+00
4 	 135 	 Ex 	 2 	 2.487540e+00 	 -3.600000e+02 	 1.200000e+02 	 2.000000e+00
4 	 136 	 Ex 	 2 	 5.827149e+00 	 -1.200000e+02 	 1.200000e+02 	 2.000000e+00
4 	 137 	 Ex 	 2 	 3.986993e+00 	 1.200000e+02 	 1.200000e+02 	 2.000000e+00
4 	 138 	 Ex 	 2 	 4.841101e+00 	 3.600000e+02 	 1.200000e+02 	 2.000000e+00
4 	 139 	 Ex 	 2 	 3.689915e+00 	 6.000000e+02 	 1.200000e+02 	 2.000000e+00
4 	 140 	 Ex 	 2 	 4.388917e+00 	 8.400000e+02 	 1.200000e+02 	 2.000000e+00
4 	 141 	 Ex 	 2 	 1.776789e+00 	 1.080000e+03 	 1.200000e+02 	 2.000000e+00
4 	 142 	 Ex 	 2 	 6.469434e-01 	 1.320000e+03 	 1.200000e+02 	 2.000000e+00
4 	 143 	 Ex 	 2 	 4.168938e-01 	 1.560000e+03 	 1.200000e+02 	 2.000000e+00
4 	 144 	 Ex 	 2 	 8.469241e-01 	 1.800000e+03 	 1.200000e+02 	 2.000000e+00
4 	 145 	 Ex 	 2 	 2.501929e+00 	 -1.800000e+03 	 3.600000e+02 	 2.000000e+00
4 	 146 	 Ex 	 2 	 2.034962e+00 	 -1.560000e+03 	 3.600000e+02 	 2.000000e+00
4 	 147 	 Ex 	 2 	 4.709727e+00 	 -1.320000e+03 	 3.600000e+02 	 2.000000e+00
4 	 148 	 Ex 	 2 	 3.511308e+00 	 -1.080000e+03 	 3.600000e+02 	 2.000000e+00
4 	 149 	 Ex 	 2 	 4.662220e+00 	 -8.400000e+02 	 3.600000e+02 	 2.000000e+00
4 	 150 	 Ex 	 2 	 5.273870e+00 	 -6.000000e+02 	 3.600000e+02 	 2.000000e+00
4 	 151 	 Ex 	 2 	 3.905513e+00 	 -3.600000e+02 	 3.600000e+02 	 2.000000e+00
4 	 152 	 Ex 	 2 	 4.634909e+00 	 -1.200000e+02 	 3.600000e+02 	 2.000000e+00
4 	 153 	 Ex 	 2 	 4.215390e+00 	 1.200000e+02 	 3.600000e+02 	 2.000000e+00
4 	 154 	 Ex 	 2 	 4.887768e+00 	 3.600000e+02 	 3.600000e+02 	 2.000000e+00
4 	 155 	 Ex 	 2 	 3.040315e+00 	 6.000000e+02 	 3.600000e+02 	 2.000000e+00
4 	 156 	 Ex 	 2 	 3.733144e+00 	 8.400000e+02 	 3.600000e+02 	 2.000000e+00
4 	 157 	 Ex 	 2 	 3.121025e+00 	 1.080000e+03 	 3.600000e+02 	 2.000000e+00
4 	 158 	 Ex 	 2 	 7.662929e-01 	 1.320000e+03 	 3.600000e+02 	 2.000000e+00
4 	 159 	 Ex 	 2 	 9.046230e-01 	 1.560000e+03 	 3.600000e+02 	 2.000000e+00
4 	 160 	 Ex 	 2 	 1.369336e+00 	 1.800000e+03 	 3.600000e+02 	 2.000000e+00
4 	 161 	 Ex 	 2 	 3.782886e+00 	 -1.800000e+03 	 6.000000e+02 	 2.000000e+00
4 	 162 	 Ex 	 2 	 4.279471e+00 	 -1.560000e+03 	 6.000000e+02 	 2.000000e+00
4 	 163 	 Ex 	 2 	 4.040781e+00 	 -1.320000e+03 	 6.000000e+02 	 2.000000e+00
4 	 164 	 Ex 	 2 	 5.502038e+00 	 -1.080000e+03 	 6.000000e+02 	 2.000000e+00
4 	 165 	 Ex 	 2 	 5.636924e+00 	 -8.400000e+02 	 6.000000e+02 	 2.000000e+00
4 	 166 	 Ex 	 2 	 4.177329e+00 	 -6.000000e+02 	 6.000000e+02 	 2.000000e+00
4 	 167 	 Ex 	 2 	 2.878891e+00 	 -3.600000e+02 	 6.000000e+02 	 2.000000e+00
4 	 168 	 Ex 	 2 	 2.757972e+00 	 -1.200000e+02 	 6.000000e+02 	 2.000000e+00
4 	 169 	 Ex 	 2 	 5.530832e+00 	 1.200000e+02 	 6.000000e+02 	 2.000000e+00
4 	 170 	 Ex 	 2 	 4.164282e+00 	 3.600000e+02 	 6.000000e+02 	 2.000000e+00
4 	 171 	 Ex 	 2 	 5.102823e+00 	 6.000000e+02 	 6.000000e+02 	 2.000000e+00
4 	 172 	 Ex 	 2 	 4.791218e+00 	 8.400000e+02 	 6.000000e+02 	 2.000000e+00
4 	 173 	 Ex 	 2 	 4.330274e+00 	 1.080000e+03 	 6.000000e+02 	 2.000000e+00
4 	 174 	 Ex 	 2 	 8.284729e-01 	 1.320000e+03 	 6.000000e+02 	 2.000000e+00
4 	 175 	 Ex 	 2 	 1.451935e+00 	 1.560000e+03 	 6.000000e+02 	 2.000000e+00
4 	 176 	 Ex 	 2 	 5.847659e-01 	 1.800000e+03 	 6.000000e+02 	 2.000000e+00
4 	 177 	 Ex 	 2 	 2.868819e+00 	 -1.800000e+03 	 8.400000e+02 	 2.000000e+00
4 	 178 	 Ex 	 2 	 4.442646e+00 	 -1.560000e+03 	 8.400000e+02 	 2.000000e+00
4 	 179 	 Ex 	 2 	 5.370774e+00 	 -1.320000e+03 	 8.400000e+02 	 2.000000e+00
4 	 180 	 Ex 	 2 	 6.023660e+00 	 -1.080000e+03 	 8.400000e+02 	 2.000000e+00
4 	 181 	 Ex 	 2 	 3.907650e+00 	 -8.400000e+02 	 8.400000e+02 	 2.000000e+00
4 	 182 	 Ex 	 2 	 4.822917e+00 	 -6.000000e+02 	 8.400000e+02 	 2.000000e+00
4 	 183 	 Ex 	 2 	 2.327489e+00 	 -3.600000e+02 	 8.400000e+02 	 2.000000e+00
4 	 184 	 Ex 	 2 	 2.766180e+00 	 -1.200000e+02 	 8.400000e+02 	 2.000000e+00
4 	 185 	 Ex 	 2 	 5.622210e+00 	 1.200000e+02 	 8.400000e+02 	 2.000000e+00
4 	 186 	 Ex 	 2 	 5.437640e+00 	 3.600000e+02 	 8.400000e+02 	 2.000000e+00
4 	 187 	 Ex 	 2 	 5.510601e+00 	 6.000000e+02 	 8.400000e+02 	 2.000000e+00
4 	 188 	 Ex 	 2 	 5.264548e+00 	 8.400000e+02 	 8.400000e+02 	 2.000000e+00
4 	 189 	 Ex 	 2 	 2.871561e+00 	 1.080000e+03 	 8.400000e+02 	 2.000000e+00
4 	 190 	 Ex 	 2 	 3.954927e-01 	 1.320000e+03 	 8.400000e+02 	 2.000000e+00
4 	 191 	 Ex 	 2 	 3.666390e-01 	 1.560000e+03 	 8.400000e+02 	 2.000000e+00
4 	 192 	 Ex 	 2 	 1.226934e+00 	 1.800000e+03 	 8.400000e+02 	 2.000000e+00
4 	 193 	 Ex 	 2 	 3.747404e+00 	 -1.800000e+03 	 1.080000e+03 	 2.000000e+00
4 	 194 	 Ex 	 2 	 5.182980e+00 	 -1.560000e+03 	 1.080000e+03 	 2.000000e+00
4 	 195 	 Ex 	 2 	 5.212245e+00 	 -1.320000e+03 	 1.080000e+03 	 2.000000e+00
4 	 196 	 Ex 	 2 	 5.494116e+00 	 -1.080000e+03 	 1.080000e+03 	 2.000000e+00
4 	 197 	 Ex 	 2 	 5.329950e+00 	 -8.400000e+02 	 1.080000e+03 	 2.000000e+00
4 	 198 	 Ex 	 2 	 1.427778e+00 	 -6.000000e+02 	 1.080000e+03 	 2.000000e+00
4 	 199 	 Ex 	 2 	 1.498484e+00 	 -3.600000e+02 	 1.080000e+03 	 2.000000e+00
4 	 200 	 Ex 	 2 	 3.358285e+00 	 -1.200000e+02 	 1.080000e+03 	 2.000000e+00
4 	 201 	 Ex 	 2 	 4.844976e+00 	 1.200000e+02 	 1.080000e+03 	 2.000000e+00
4 	 202 	 Ex 	 2 	 4.897400e+00 	 3.600000e+02 	 1.080000e+03 	 2.000000e+00
4 	 203 	 Ex 	 2 	 5.847248e+00 	 6.000000e+02 	 1.080000e+03 	 2.000000e+00
4 	 204 	 Ex 	 2 	 2.484437e+00 	 8.400000e+02 	 1.080000e+03 	 2.000000e+00
4 	 205 	 Ex 	 2 	 3.411666e+00 	 1.080000e+03 	 1.080000e+03 	 2.000000e+00
4 	 206 	 Ex 	 2 	 9.964372e-01 	 1.320000e+03 	 1.080000e+03 	 2.000000e+00
4 	 207 	 Ex 	 2 	 7.856464e-01 	 1.560000e+03 	 1.080000e+03 	 2.000000e+00
4 	 208 	 Ex 	 2 	 1.332318e+00 	 1.800000e+03 	 1.080000e+03 	 2.000000e+00
4 	 209 	 Ex 	 2 	 3.961311e+00 	 -1.800000e+03 	 1.320000e+03 	 2.000000e+00
4 	 210 	 Ex 	 2 	 4.211632e+00 	 -1.560000e+03 	 1.320000e+03 	 2.000000e+00
4 	 211 	 Ex 	 2 	 4.419644e+00 	 -1.320000e+03 	 1.320000e+03 	 2.000000e+00
4 	 212 	 Ex 	 2 	 4.052979e+00 	 -1.080000e+03 	 1.320000e+03 	 2.000000e+00
4 	 213 	 Ex 	 2 	 2.419533e+00 	 -8.400000e+02 	 1.320000e+03 	 2.000000e+00
4 	 214 	 Ex 	 2 	 9.229026e-01 	 -6.000000e+02 	 1.320000e+03 	 2.000000e+00
4 	 215 	 Ex 	 2 	 1.907007e+00 	 -3.600000e+02 	 1.320000e+03 	 2.000000e+00
4 	 216 	 Ex 	 2 	 4.074524e+00 	 -1.200000e+02 	 1.320000e+03 	 2.000000e+00
4 	 217 	 Ex 	 2 	 4.133327e+00 	 1.200000e+02 	 1.320000e+03 	 2.000000e+00
4 	 218 	 Ex 	 2 	 5.046979e+00 	 3.600000e+02 	 1.320000e+03 	 2.000000e+00
4 	 219 	 Ex 	 2 	 5.439384e+00 	 6.000000e+02 	 1.320000e+03 	 2.000000e+00
4 	 220 	 Ex 	 2 	 3.428470e+00 	 8.400000e+02 	 1.320000e+03 	 2.000000e+00
4 	 221 	 Ex 	 2 	 2.261094e+00 	 1.080000e+03 	 1.320000e+03 	 2.000000e+00
4 	 222 	 Ex 	 2 	 8.930163e-01 	 1.320000e+03 	 1.320000e+03 	 2.000000e+00
4 	 223 	 Ex 	 2 	 6.235854e-01 	 1.560000e+03 	 1.320000e+03 	 2.000000e+00
4 	 224 	 Ex 	 2 	 9.877548e-01 	 1.800000e+03 	 1.320000e+03 	 2.000000e+00
4 	 225 	 Ex 	 2 	 3.168932e+00 	 -1.800000e+03 	 1.560000e+03 	 2.000000e+00
4 	 226 	 Ex 	 2 	 3.496192e+00 	 -1.560000e+03 	 1.560000e+03 	 2.000000e+00
4 	 227 	 Ex 	 2 	 5.137060e+00 	 -1.320000e+03 	 1.560000e+03 	 2.000000e+00
4 	 228 	 Ex 	 2 	 3.957069e+00 	 -1.080000e+03 	 1.560000e+03 	 2.000000e+00
4 	 229 	 Ex 	 2 	 3.062065e+00 	 -8.400000e+02 	 1.560000e+03 	 2.000000e+00
4 	 230 	 Ex 	 2 	 1.391357e+00 	 -6.000000e+02 	 1.560000e+03 	 2.000000e+00
4 	 231 	 Ex 	 2 	 2.230771e+00 	 -3.600000e+02 	 1.560000e+03 	 2.000000e+00
4 	 232 	 Ex 	 2 	 3.841573e+00 	 -1.200000e+02 	 1.560000e+03 	 2.000000e+00
4 	 233 	 Ex 	 2 	 4.489468e+00 	 1.200000e+02 	 1.560000e+03 	 2.000000e+00
4 	 234 	 Ex 	 2 	 6.299691e+00 	 3.600000e+02 	 1.560000e+03 	 2.000000e+00
4 	 235 	 Ex 	 2 	 5.047744e+00 	 6.000000e+02 	 1.560000e+03 	 2.000000e+00
4 	 236 	 Ex 	 2 	 3.020114e+00 	 8.400000e+02 	 1.560000e+03 	 2.000000e+00
4 	 237 	 Ex 	 2 	 2.285363e+00 	 1.080000e+03 	 1.560000e+03 	 2.000000e+00
4 	 238 	 Ex 	 2 	 3.721265e-01 	 1.320000e+03 	 1.560000e+03 	 2.000000e+00
4 	 239 	 Ex 	 2 	 1.076623e+00 	 1.560000e+03 	 1.560000e+03 	 2.000000e+00
4 	 240 	 Ex 	 2 	 5.205255e-01 	 1.800000e+03 	 1.560000e+03 	 2.000000e+00
4 	 241 	 Ex 	 2 	 2.953326e+00 	 -1.800000e+03 	 1.800000e+03 	 2.000000e+00
4 	 242 	 Ex 	 2 	 2.654803e+00 	 -1.560000e+03 	 1.800000e+03 	 2.000000e+00
4 	 243 	 Ex 	 2 	 1.828421e+00 	 -1.320000e+03 	 1.800000e+03 	 2.000000e+00
4 	 244 	 Ex 	 2 	 3.110991e+00 	 -1.080000e+03 	 1.800000e+03 	 2.000000e+00
4 	 245 	 Ex 	 2 	 2.027982e+00 	 -8.400000e+02 	 1.800000e+03 	 2.000000e+00
4 	 246 	 Ex 	 2 	 1.205997e+00 	 -6.000000e+02 	 1.800000e+03 	 2.000000e+00
4 	 247 	 Ex 	 2 	 2.574914e+00 	 -3.600000e+02 	 1.800000e+03 	 2.000000e+00
4 	 248 	 Ex 	 2 	 4.551036e+00 	 -1.200000e+02 	 1.800000e+03 	 2.000000e+00
4 	 249 	 Ex 	 2 	 3.421157e+00 	 1.200000e+02 	 1.800000e+03 	 2.000000e+00
4 	 250 	 Ex 	 2 	 4.822317e+00 	 3.600000e+02 	 1.800000e+03 	 2.000000e+00
4 	 251 	 Ex 	 2 	 3.949461e+00 	 6.000000e+02 	 1.800000e+03 	 2.000000e+00
4 	 252 	 Ex 	 2 	 3.792650e+00 	 8.400000e+02 	 1.800000e+03 	 2.000000e+00
4 	 253 	 Ex 	 2 	 2.144230e+00 	 1.080000e+03 	 1.800000e+03 	 2.000000e+00
4 	 254 	 Ex 	 2 	 1.468709e+00 	 1.320000e+03 	 1.800000e+03 	 2.000000e+00
4 	 255 	 Ex 	 2 	 9.654977e-01 	 1.560000e+03 	 1.800000e+03 	 2.000000e+00
4 	 256 	 Ex 	 2 	 1.355200e+00 	 1.800000e+03 	 1.800000e+03 	 2.000000e+00
4 	 1 	 Ey 	 1 	 1.034513e+00 	 -1.800000e+03 	 -1.800000e+03 	 2.000000e+00
4 	 2 	 Ey 	 1 	 1.753896e+00 	 -1.560000e+03 	 -1.800000e+03 	 2.000000e+00
4 	 3 	 Ey 	 1 	 2.105718e+00 	 -1.320000e+03 	 -1.800000e+03 	 2.000000e+00
4 	 4 	 Ey 	 1 	 7.936184e-01 	 -1.080000e+03 	 -1.800000e+03 	 2.000000e+00
4 	 5 	 Ey 	 1 	 9.259211e-01 	 -8.400000e+02 	 -1.800000e+03 	 2.000000e+00
4 	 6 	 Ey 	 1 	 9.775349e-01 	 -6.000000e+02 	 -1.800000e+03 	 2.000000e+00
4 	 7 	 Ey 	 1 	 1.052490e+00 	 -3.600000e+02 	 -1.800000e+03 	 2.000000e+00
4 	 8 	 Ey 	 1 	 6.076540e-01 	 -1.200000e+02 	 -1.800000e+03 	 2.000000e+00
4 	 9 	 Ey 	 1 	 9.843254e-01 	 1.200000e+02 	 -1.800000e+03 	 2.000000e+00
4 	 10 	 Ey 	 1 	 1.250546e+00 	 3.600000e+02 	 -1.800000e+03 	 2.000000e+00
4 	 11 	 Ey 	 1 	 1.429649e+00 	 6.000000e+02 	 -1.800000e+03 	 2.000000e+00
4 	 12 	 Ey 	 1 	 1.188256e+00 	 8.400000e+02 	 -1.800000e+03 	 2.000000e+00
4 	 13 	 Ey 	 1 	 0.000000e+00 	 1.080000e+03 	 -1.800000e+03 	 2.000000e+00
4 	 14 	 Ey 	 1 	 0.000000e+00 	 1.320000e+03 	 -1.800000e+03 	 2.000000e+00
4 	 15 	 Ey 	 1 	 0.000000e+00 	 1.560000e+03 	 -1.800000e+03 	 2.000000e+00
4 	 16 	 Ey 	 1 	 0.000000e+00 	 1.800000e+03 	 -1.800000e+03 	 2.000000e+00
4 	 17 	 Ey 	 1 	 1.473006e+00 	 -1.800000e+03 	 -1.560000e+03 	 2.000000e+00
4 	 18 	 Ey 	 1 	 1.195816e+00 	 -1.560000e+03 	 -1.560000e+03 	 2.000000e+00
4 	 19 	 Ey 	 1 	 8.057147e-01 	 -1.320000e+03 	 -1.560000e+03 	 2.000000e+00
4 	 20 	 Ey 	 1 	 1.006091e+00 	 -1.080000e+03 	 -1.560000e+03 	 2.000000e+00
4 	 21 	 Ey 	 1 	 2.398020e+00 	 -8.400000e+02 	 -1.560000e+03 	 2.000000e+00
4 	 22 	 Ey 	 1 	 2.236162e+00 	 -6.000000e+02 	 -1.560000e+03 	 2.000000e+00
4 	 23 	 Ey 	 1 	 7.464551e-01 	 -3.600000e+02 	 -1.560000e+03 	 2.000000e+00
4 	 24 	 Ey 	 1 	 1.093396e+00 	 -1.200000e+02 	 -1.560000e+03 	 2.000000e+00
4 	 25 	 Ey 	 1 	 2.432501e-01 	 1.200000e+02 	 -1.560000e+03 	 2.000000e+00
4 	 26 	 Ey 	 1 	 1.289265e+00 	 3.600000e+02 	 -1.560000e+03 	 2.000000e+00
4 	 27 	 Ey 	 1 	 5.164977e-01 	 6.000000e+02 	 -1.560000e+03 	 2.000000e+00
4 	 28 	 Ey 	 1 	 1.061962e+00 	 8.400000e+02 	 -1.560000e+03 	 2.000000e+00
4 	 29 	 Ey 	 1 	 0.000000e+00 	 1.080000e+03 	 -1.560000e+03 	 2.000000e+00
4 	 30 	 Ey 	 1 	 0.000000e+00 	 1.320000e+03 	 -1.560000e+03 	 2.000000e+00
4 	 31 	 Ey 	 1 	 0.000000e+00 	 1.560000e+03 	 -1.560000e+03 	 2.000000e+00
4 	 32 	 Ey 	 1 	 0.000000e+00 	 1.800000e+03 	 -1.560000e+03 	 2.000000e+00
4 	 33 	 Ey 	 1 	 1.501919e+00 	 -1.800000e+03 	 -1.320000e+03 	 2.000000e+00
4 	 34 	 Ey 	 1 	 6.085550e-01 	 -1.560000e+03 	 -1.320000e+03 	 2.000000e+00
4 	 35 	 Ey 	 1 	 9.454049e-01 	 -1.320000e+03 	 -1.320000e+03 	 2.000000e+00
4 	 36 	 Ey 	 1 	 7.195204e-01 	 -1.080000e+03 	 -1.320000e+03 	 2.000000e+00
4 	 37 	 Ey 	 1 	 3.722245e+00 	 -8.400000e+02 	 -1.320000e+03 	 2.000000e+00
4 	 38 	 Ey 	 1 	 3.985487e+00 	 -6.000000e+02 	 -1.320000e+03 	 2.000000e+00
4 	 39 	 Ey 	 1 	 3.170976e+00 	 -3.600000e+02 	 -1.320000e+03 	 2.000000e+00
4 	 40 	 Ey 	 1 	 1.488977e+00 	 -1.200000e+02 	 -1.320000e+03 	 2.000000e+00
4 	 41 	 Ey 	 1 	 4.136954e-01 	 1.200000e+02 	 -1.320000e+03 	 2.000000e+00
4 	 42 	 Ey 	 1 	 5.829785e-01 	 3.600000e+02 	 -1.320000e+03 	 2.000000e+00
4 	 43 	 Ey 	 1 	 1.337227e+00 	 6.000000e+02 	 -1.320000e+03 	 2.000000e+00
4 	 44 	 Ey 	 1 	 1.049350e+00 	 8.400000e+02 	 -1.320000e+03 	 2.000000e+00
4 	 45 	 Ey 	 1 	 0.000000e+00 	 1.080000e+03 	 -1.320000e+03 	 2.000000e+00
4 	 46 	 Ey 	 1 	 0.000000e+00 	 1.320000e+03 	 -1.320000e+03 	 2.000000e+00
4 	 47 	 Ey 	 1 	 0.000000e+00 	 1.560000e+03 	 -1.320000e+03 	 2.000000e+00
4 	 48 	 Ey 	 1 	 0.000000e+00 	 1.800000e+03 	 -1.320000e+03 	 2.000000e+00
4 	 49 	 Ey 	 1 	 1.959535e+00 	 -1.800000e+03 	 -1.080000e+03 	 2.000000e+00
4 	 50 	 Ey 	 1 	 1.668198e+00 	 -1.560000e+03 	 -1.080000e+03 	 2.000000e+00
4 	 51 	 Ey 	 1 	 5.853280e-01 	 -1.320000e+03 	 -1.080000e+03 	 2.000000e+00
4 	 52 	 Ey 	 1 	 1.413784e+00 	 -1.080000e+03 	 -1.080000e+03 	 2.000000e+00
4 	 53 	 Ey 	 1 	 1.367601e+00 	 -8.400000e+02 	 -1.080000e+03 	 2.000000e+00
4 	 54 	 Ey 	 1 	 2.054464e+00 	 -6.000000e+02 	 -1.080000e+03 	 2.000000e+00
4 	 55 	 Ey 	 1 	 1.109518e+00 	 -3.600000e+02 	 -1.080000e+03 	 2.000000e+00
4 	 56 	 Ey 	 1 	 1.622164e+00 	 -1.200000e+02 	 -1.080000e+03 	 2.000000e+00
4 	 57 	 Ey 	 1 	 5.411673e-01 	 1.200000e+02 	 -1.080000e+03 	 2.000000e+00
4 	 58 	 Ey 	 1 	 1.835617e-01 	 3.600000e+02 	 -1.080000e+03 	 2.000000e+00
4 	 59 	 Ey 	 1 	 4.295246e-01 	 6.000000e+02 	 -1.080000e+03 	 2.000000e+00
4 	 60 	 Ey 	 1 	 7.826511e-01 	 8.400000e+02 	 -1.080000e+03 	 2.000000e+00
4 	 61 	 Ey 	 1 	 1.710567e+00 	 1.080000e+03 	 -1.080000e+03 	 2.000000e+00
4 	 62 	 Ey 	 1 	 0.000000e+00 	 1.320000e+03 	 -1.080000e+03 	 2.000000e+00
4 	 63 	 Ey 	 1 	 0.000000e+00 	 1.560000e+03 	 -1.080000e+03 	 2.000000e+00
4 	 64 	 Ey 	 1 	 0.000000e+00 	 1.800000e+03 	 -1.080000e+03 	 2.000000e+00
4 	 65 	 Ey 	 1 	 3.087685e+00 	 -1.800000e+03 	 -8.400000e+02 	 2.000000e+00
4 	 66 	 Ey 	 1 	 4.459801e+00 	 -1.560000e+03 	 -8.400000e+02 	 2.000000e+00
4 	 67 	 Ey 	 1 	 3.022802e+00 	 -1.320000e+03 	 -8.400000e+02 	 2.000000e+00
4 	 68 	 Ey 	 1 	 3.299562e+00 	 -1.080000e+03 	 -8.400000e+02 	 2.000000e+00
4 	 69 	 Ey 	 1 	 1.951482e+00 	 -8.400000e+02 	 -8.400000e+02 	 2.000000e+00
4 	 70 	 Ey 	 1 	 8.483509e-01 	 -6.000000e+02 	 -8.400000e+02 	 2.000000e+00
4 	 71 	 Ey 	 1 	 8.247302e-01 	 -3.600000e+02 	 -8.400000e+02 	 2.000000e+00
4 	 72 	 Ey 	 1 	 4.982906e-01 	 -1.200000e+02 	 -8.400000e+02 	 2.000000e+00
4 	 73 	 Ey 	 1 	 1.054296e+00 	 1.200000e+02 	 -8.400000e+02 	 2.000000e+00
4 	 74 	 Ey 	 1 	 2.220758e+00 	 3.600000e+02 	 -8.400000e+02 	 2.000000e+00
4 	 75 	 Ey 	 1 	 1.667306e+00 	 6.000000e+02 	 -8.400000e+02 	 2.000000e+00
4 	 76 	 Ey 	 1 	 1.337658e+00 	 8.400000e+02 	 -8.400000e+02 	 2.000000e+00
4 	 77 	 Ey 	 1 	 7.163282e-01 	 1.080000e+03 	 -8.400000e+02 	 2.000000e+00
4 	 78 	 Ey 	 1 	 6.553573e-01 	 1.320000e+03 	 -8.400000e+02 	 2.000000e+00
4 	 79 	 Ey 	 1 	 6.011911e-01 	 1.560000e+03 	 -8.400000e+02 	 2.000000e+00
4 	 80 	 Ey 	 1 	 4.316848e-01 	 1.800000e+03 	 -8.400000e+02 	 2.000000e+00
4 	 81 	 Ey 	 1 	 5.575068e+00 	 -1.800000e+03 	 -6.000000e+02 	 2.000000e+00
4 	 82 	 Ey 	 1 	 4.404909e+00 	 -1.560000e+03 	 -6.000000e+02 	 2.000000e+00
4 	 83 	 Ey 	 1 	 4.736886e+00 	 -1.320000e+03 	 -6.000000e+02 	 2.000000e+00
4 	 84 	 Ey 	 1 	 5.261686e+00 	 -1.080000e+03 	 -6.000000e+02 	 2.000000e+00
4 	 85 	 Ey 	 1 	 4.807232e+00 	 -8.400000e+02 	 -6.000000e+02 	 2.000000e+00
4 	 86 	 Ey 	 1 	 3.793414e+00 	 -6.000000e+02 	 -6.000000e+02 	 2.000000e+00
4 	 87 	 Ey 	 1 	 2.937227e+00 	 -3.600000e+02 	 -6.000000e+02 	 2.000000e+00
4 	 88 	 Ey 	 1 	 9.709858e-01 	 -1.200000e+02 	 -6.000000e+02 	 2.000000e+00
4 	 89 	 Ey 	 1 	 1.109235e+00 	 1.200000e+02 	 -6.000000e+02 	 2.000000e+00
4 	 90 	 Ey 	 1 	 1.917891e+00 	 3.600000e+02 	 -6.000000e+02 	 2.000000e+00
4 	 91 	 Ey 	 1 	 1.415848e+00 	 6.000000e+02 	 -6.000000e+02 	 2.000000e+00
4 	 92 	 Ey 	 1 	 1.269679e+00 	 8.400000e+02 	 -6.000000e+02 	 2.000000e+00
4 	 93 	 Ey 	 1 	 9.637960e-01 	 1.080000e+03 	 -6.000000e+02 	 2.000000e+00
4 	 94 	 Ey 	 1 	 6.574221e-01 	 1.320000e+03 	 -6.000000e+02 	 2.000000e+00
4 	 95 	 Ey 	 1 	 1.154732e+00 	 1.560000e+03 	 -6.000000e+02 	 2.000000e+00
4 	 96 	 Ey 	 1 	 4.509251e-01 	 1.800000e+03 	 -6.000000e+02 	 2.000000e+00
4 	 97 	 Ey 	 1 	 4.814898e+00 	 -1.800000e+03 	 -3.600000e+02 	 2.000000e+00
4 	 98 	 Ey 	 1 	 4.681458e+00 	 -1.560000e+03 	 -3.600000e+02 	 2.000000e+00
4 	 99 	 Ey 	 1 	 5.866093e+00 	 -1.320000e+03 	 -3.600000e+02 	 2.000000e+00
4 	 100 	 Ey 	 1 	 6.095665e+00 	 -1.080000e+03 	 -3.600000e+02 	 2.000000e+00
4 	 101 	 Ey 	 1 	 7.696083e+00 	 -8.400000e+02 	 -3.600000e+02 	 2.000000e+00
4 	 102 	 Ey 	 1 	 5.450614e+00 	 -6.000000e+02 	 -3.600000e+02 	 2.000000e+00
4 	 103 	 Ey 	 1 	 4.139906e+00 	 -3.600000e+02 	 -3.600000e+02 	 2.000000e+00
4 	 104 	 Ey 	 1 	 2.729698e+00 	 -1.200000e+02 	 -3.600000e+02 	 2.000000e+00
4 	 105 	 Ey 	 1 	 3.910772e-01 	 1.200000e+02 	 -3.600000e+02 	 2.000000e+00
4 	 106 	 Ey 	 1 	 1.617317e+00 	 3.600000e+02 	 -3.600000e+02 	 2.000000e+00
4 	 107 	 Ey 	 1 	 3.151553e+00 	 6.000000e+02 	 -3.600000e+02 	 2.000000e+00
4 	 108 	 Ey 	 1 	 1.602770e+00 	 8.400000e+02 	 -3.600000e+02 	 2.000000e+00
4 	 109 	 Ey 	 1 	 1.276359e+00 	 1.080000e+03 	 -3.600000e+02 	 2.000000e+00
4 	 110 	 Ey 	 1 	 9.396834e-01 	 1.320000e+03 	 -3.600000e+02 	 2.000000e+00
4 	 111 	 Ey 	 1 	 1.971149e+00 	 1.560000e+03 	 -3.600000e+02 	 2.000000e+00
4 	 112 	 Ey 	 1 	 4.719468e-01 	 1.800000e+03 	 -3.600000e+02 	 2.000000e+00
4 	 113 	 Ey 	 1 	 4.949827e+00 	 -1.800000e+03 	 -1.200000e+02 	 2.000000e+00
4 	 114 	 Ey 	 1 	 6.468740e+00 	 -1.560000e+03 	 -1.200000e+02 	 2.000000e+00
4 	 115 	 Ey 	 1 	 6.588564e+00 	 -1.320000e+03 	 -1.200000e+02 	 2.000000e+00
4 	 116 	 Ey 	 1 	 5.474924e+00 	 -1.080000e+03 	 -1.200000e+02 	 2.000000e+00
4 	 117 	 Ey 	 1 	 8.418389e+00 	 -8.400000e+02 	 -1.200000e+02 	 2.000000e+00
4 	 118 	 Ey 	 1 	 6.532850e+00 	 -6.000000e+02 	 -1.200000e+02 	 2.000000e+00
4 	 119 	 Ey 	 1 	 5.138648e+00 	 -3.600000e+02 	 -1.200000e+02 	 2.000000e+00
4 	 120 	 Ey 	 1 	 3.900605e+00 	 -1.200000e+02 	 -1.200000e+02 	 2.000000e+00
4 	 121 	 Ey 	 1 	 2.337844e+00 	 1.200000e+02 	 -1.200000e+02 	 2.000000e+00
4 	 122 	 Ey 	 1 	 3.526493e+00 	 3.600000e+02 	 -1.200000e+02 	 2.000000e+00
4 	 123 	 Ey 	 1 	 5.440517e+00 	 6.000000e+02 	 -1.200000e+02 	 2.000000e+00
4 	 124 	 Ey 	 1 	 4.269125e+00 	 8.400000e+02 	 -1.200000e+02 	 2.000000e+00
4 	 125 	 Ey 	 1 	 2.468666e+00 	 1.080000e+03 	 -1.200000e+02 	 2.000000e+00
4 	 126 	 Ey 	 1 	 2.783546e+00 	 1.320000e+03 	 -1.200000e+02 	 2.000000e+00
4 	 127 	 Ey 	 1 	 9.475489e-01 	 1.560000e+03 	 -1.200000e+02 	 2.000000e+00
4 	 128 	 Ey 	 1 	 7.120388e-01 	 1.800000e+03 	 -1.200000e+02 	 2.000000e+00
4 	 129 	 Ey 	 1 	 3.335335e+00 	 -1.800000e+03 	 1.200000e+02 	 2.000000e+00
4 	 130 	 Ey 	 1 	 5.835448e+00 	 -1.560000e+03 	 1.200000e+02 	 2.000000e+00
4 	 131 	 Ey 	 1 	 5.739400e+00 	 -1.320000e+03 	 1.200000e+02 	 2.000000e+00
4 	 132 	 Ey 	 1 	 7.562446e+00 	 -1.080000e+03 	 1.200000e+02 	 2.000000e+00
4 	 133 	 Ey 	 1 	 7.443584e+00 	 -8.400000e+02 	 1.200000e+02 	 2.000000e+00
4 	 134 	 Ey 	 1 	 6.926688e+00 	 -6.000000e+02 	 1.200000e+02 	 2.000000e+00
4 	 135 	 Ey 	 1 	 4.893396e+00 	 -3.600000e+02 	 1.200000e+02 	 2.000000e+00
4 	 136 	 Ey 	 1 	 2.508708e+00 	 -1.200000e+02 	 1.200000e+02 	 2.000000e+00
4 	 137 	 Ey 	 1 	 1.820710e+00 	 1.200000e+02 	 1.200000e+02 	 2.000000e+00
4 	 138 	 Ey 	 1 	 1.629577e+00 	 3.600000e+02 	 1.200000e+02 	 2.000000e+00
4 	 139 	 Ey 	 1 	 3.902172e+00 	 6.000000e+02 	 1.200000e+02 	 2.000000e+00
4 	 140 	 Ey 	 1 	 3.397766e+00 	 8.400000e+02 	 1.200000e+02 	 2.000000e+00
4 	 141 	 Ey 	 1 	 2.500193e+00 	 1.080000e+03 	 1.200000e+02 	 2.000000e+00
4 	 142 	 Ey 	 1 	 7.909041e-01 	 1.320000e+03 	 1.200000e+02 	 2.000000e+00
4 	 143 	 Ey 	 1 	 1.045396e+00 	 1.560000e+03 	 1.200000e+02 	 2.000000e+00
4 	 144 	 Ey 	 1 	 1.616804e+00 	 1.800000e+03 	 1.200000e+02 	 2.000000e+00
4 	 145 	 Ey 	 1 	 4.558813e+00 	 -1.800000e+03 	 3.600000e+02 	 2.000000e+00
4 	 146 	 Ey 	 1 	 4.347061e+00 	 -1.560000e+03 	 3.600000e+02 	 2.000000e+00
4 	 147 	 Ey 	 1 	 4.174865e+00 	 -1.320000e+03 	 3.600000e+02 	 2.000000e+00
4 	 148 	 Ey 	 1 	 5.260778e+00 	 -1.080000e+03 	 3.600000e+02 	 2.000000e+00
4 	 149 	 Ey 	 1 	 8.836114e+00 	 -8.400000e+02 	 3.600000e+02 	 2.000000e+00
4 	 150 	 Ey 	 1 	 7.638384e+00 	 -6.000000e+02 	 3.600000e+02 	 2.000000e+00
4 	 151 	 Ey 	 1 	 5.592365e+00 	 -3.600000e+02 	 3.600000e+02 	 2.000000e+00
4 	 152 	 Ey 	 1 	 3.293201e+00 	 -1.200000e+02 	 3.600000e+02 	 2.000000e+00
4 	 153 	 Ey 	 1 	 1.025555e+00 	 1.200000e+02 	 3.600000e+02 	 2.000000e+00
4 	 154 	 Ey 	 1 	 3.157507e+00 	 3.600000e+02 	 3.600000e+02 	 2.000000e+00
4 	 155 	 Ey 	 1 	 4.146608e+00 	 6.000000e+02 	 3.600000e+02 	 2.000000e+00
4 	 156 	 Ey 	 1 	 3.151705e+00 	 8.400000e+02 	 3.600000e+02 	 2.000000e+00
4 	 157 	 Ey 	 1 	 3.434762e+00 	 1.080000e+03 	 3.600000e+02 	 2.000000e+00
4 	 158 	 Ey 	 1 	 1.983097e+00 	 1.320000e+03 	 3.600000e+02 	 2.000000e+00
4 	 159 	 Ey 	 1 	 1.235500e+00 	 1.560000e+03 	 3.600000e+02 	 2.000000e+00
4 	 160 	 Ey 	 1 	 6.503756e-01 	 1.800000e+03 	 3.600000e+02 	 2.000000e+00
4 	 161 	 Ey 	 1 	 2.260333e+00 	 -1.800000e+03 	 6.000000e+02 	 2.000000e+00
4 	 162 	 Ey 	 1 	 1.533477e+00 	 -1.560000e+03 	 6.000000e+02 	 2.000000e+00
4 	 163 	 Ey 	 1 	 3.377434e+00 	 -1.320000e+03 	 6.000000e+02 	 2.000000e+00
4 	 164 	 Ey 	 1 	 4.743279e+00 	 -1.080000e+03 	 6.000000e+02 	 2.000000e+00
4 	 165 	 Ey 	 1 	 5.144710e+00 	 -8.400000e+02 	 6.000000e+02 	 2.000000e+00
4 	 166 	 Ey 	 1 	 7.630471e+00 	 -6.000000e+02 	 6.000000e+02 	 2.000000e+00
4 	 167 	 Ey 	 1 	 4.003728e+00 	 -3.600000e+02 	 6.000000e+02 	 2.000000e+00
4 	 168 	 Ey 	 1 	 2.361001e+00 	 -1.200000e+02 	 6.000000e+02 	 2.000000e+00
4 	 169 	 Ey 	 1 	 2.142610e+00 	 1.200000e+02 	 6.000000e+02 	 2.000000e+00
4 	 170 	 Ey 	 1 	 3.326568e+00 	 3.600000e+02 	 6.000000e+02 	 2.000000e+00
4 	 171 	 Ey 	 1 	 2.380787e+00 	 6.000000e+02 	 6.000000e+02 	 2.000000e+00
4 	 172 	 Ey 	 1 	 2.062282e+00 	 8.400000e+02 	 6.000000e+02 	 2.000000e+00
4 	 173 	 Ey 	 1 	 2.355348e+00 	 1.080000e+03 	 6.000000e+02 	 2.000000e+00
4 	 174 	 Ey 	 1 	 2.349406e+00 	 1.320000e+03 	 6.000000e+02 	 2.000000e+00
4 	 175 	 Ey 	 1 	 4.021182e-01 	 1.560000e+03 	 6.000000e+02 	 2.000000e+00
4 	 176 	 Ey 	 1 	 7.755005e-01 	 1.800000e+03 	 6.000000e+02 	 2.000000e+00
4 	 177 	 Ey 	 1 	 2.087551e+00 	 -1.800000e+03 	 8.400000e+02 	 2.000000e+00
4 	 178 	 Ey 	 1 	 3.332083e+00 	 -1.560000e+03 	 8.400000e+02 	 2.000000e+00
4 	 179 	 Ey 	 1 	 8.817460e-01 	 -1.320000e+03 	 8.400000e+02 	 2.000000e+00
4 	 180 	 Ey 	 1 	 2.082992e+00 	 -1.080000e+03 	 8.400000e+02 	 2.000000e+00
4 	 181 	 Ey 	 1 	 2.517433e+00 	 -8.400000e+02 	 8.400000e+02 	 2.000000e+00
4 	 182 	 Ey 	 1 	 2.060326e+00 	 -6.000000e+02 	 8.400000e+02 	 2.000000e+00
4 	 183 	 Ey 	 1 	 2.905816e+00 	 -3.600000e+02 	 8.400000e+02 	 2.000000e+00
4 	 184 	 Ey 	 1 	 1.054083e+00 	 -1.200000e+02 	 8.400000e+02 	 2.000000e+00
4 	 185 	 Ey 	 1 	 3.079647e+00 	 1.200000e+02 	 8.400000e+02 	 2.000000e+00
4 	 186 	 Ey 	 1 	 3.900993e+00 	 3.600000e+02 	 8.400000e+02 	 2.000000e+00
4 	 187 	 Ey 	 1 	 3.414796e+00 	 6.000000e+02 	 8.400000e+02 	 2.000000e+00
4 	 188 	 Ey 	 1 	 2.645128e+00 	 8.400000e+02 	 8.400000e+02 	 2.000000e+00
4 	 189 	 Ey 	 1 	 1.727519e+00 	 1.080000e+03 	 8.400000e+02 	 2.000000e+00
4 	 190 	 Ey 	 1 	 1.146162e+00 	 1.320000e+03 	 8.400000e+02 	 2.000000e+00
4 	 191 	 Ey 	 1 	 2.122959e+00 	 1.560000e+03 	 8.400000e+02 	 2.000000e+00
4 	 192 	 Ey 	 1 	 1.166070e+00 	 1.800000e+03 	 8.400000e+02 	 2.000000e+00
4 	 193 	 Ey 	 1 	 1.984823e+00 	 -1.800000e+03 	 1.080000e+03 	 2.000000e+00
4 	 194 	 Ey 	 1 	 7.592080e-01 	 -1.560000e+03 	 1.080000e+03 	 2.000000e+00
4 	 195 	 Ey 	 1 	 2.735033e+00 	 -1.320000e+03 	 1.080000e+03 	 2.000000e+00
4 	 196 	 Ey 	 1 	 2.309885e-01 	 -1.080000e+03 	 1.080000e+03 	 2.000000e+00
4 	 197 	 Ey 	 1 	 1.940917e+00 	 -8.400000e+02 	 1.080000e+03 	 2.000000e+00
4 	 198 	 Ey 	 1 	 2.316427e+00 	 -6.000000e+02 	 1.080000e+03 	 2.000000e+00
4 	 199 	 Ey 	 1 	 4.397276e+00 	 -3.600000e+02 	 1.080000e+03 	 2.000000e+00
4 	 200 	 Ey 	 1 	 3.634924e+00 	 -1.200000e+02 	 1.080000e+03 	 2.000000e+00
4 	 201 	 Ey 	 1 	 3.358122e+00 	 1.200000e+02 	 1.080000e+03 	 2.000000e+00
4 	 202 	 Ey 	 1 	 4.264487e+00 	 3.600000e+02 	 1.080000e+03 	 2.000000e+00
4 	 203 	 Ey 	 1 	 1.387186e+00 	 6.000000e+02 	 1.080000e+03 	 2.000000e+00
4 	 204 	 Ey 	 1 	 2.528587e+00 	 8.400000e+02 	 1.080000e+03 	 2.000000e+00
4 	 205 	 Ey 	 1 	 6.419001e-01 	 1.080000e+03 	 1.080000e+03 	 2.000000e+00
4 	 206 	 Ey 	 1 	 1.433077e+00 	 1.320000e+03 	 1.080000e+03 	 2.000000e+00
4 	 207 	 Ey 	 1 	 1.657386e+00 	 1.560000e+03 	 1.080000e+03 	 2.000000e+00
4 	 208 	 Ey 	 1 	 2.416410e+00 	 1.800000e+03 	 1.080000e+03 	 2.000000e+00
4 	 209 	 Ey 	 1 	 3.743501e+00 	 -1.800000e+03 	 1.320000e+03 	 2.000000e+00
4 	 210 	 Ey 	 1 	 1.882154e+00 	 -1.560000e+03 	 1.320000e+03 	 2.000000e+00
4 	 211 	 Ey 	 1 	 3.795624e+00 	 -1.320000e+03 	 1.320000e+03 	 2.000000e+00
4 	 212 	 Ey 	 1 	 5.387502e+00 	 -1.080000e+03 	 1.320000e+03 	 2.000000e+00
4 	 213 	 Ey 	 1 	 4.726804e+00 	 -8.400000e+02 	 1.320000e+03 	 2.000000e+00
4 	 214 	 Ey 	 1 	 3.325383e+00 	 -6.000000e+02 	 1.320000e+03 	 2.000000e+00
4 	 215 	 Ey 	 1 	 5.585194e+00 	 -3.600000e+02 	 1.320000e+03 	 2.000000e+00
4 	 216 	 Ey 	 1 	 5.959595e+00 	 -1.200000e+02 	 1.320000e+03 	 2.000000e+00
4 	 217 	 Ey 	 1 	 2.760940e+00 	 1.200000e+02 	 1.320000e+03 	 2.000000e+00
4 	 218 	 Ey 	 1 	 3.684294e+00 	 3.600000e+02 	 1.320000e+03 	 2.000000e+00
4 	 219 	 Ey 	 1 	 1.992617e+00 	 6.000000e+02 	 1.320000e+03 	 2.000000e+00
4 	 220 	 Ey 	 1 	 9.394411e-01 	 8.400000e+02 	 1.320000e+03 	 2.000000e+00
4 	 221 	 Ey 	 1 	 1.280998e+00 	 1.080000e+03 	 1.320000e+03 	 2.000000e+00
4 	 222 	 Ey 	 1 	 1.671064e+00 	 1.320000e+03 	 1.320000e+03 	 2.000000e+00
4 	 223 	 Ey 	 1 	 1.020276e+00 	 1.560000e+03 	 1.320000e+03 	 2.000000e+00
4 	 224 	 Ey 	 1 	 8.564920e-01 	 1.800000e+03 	 1.320000e+03 	 2.000000e+00
4 	 225 	 Ey 	 1 	 2.149475e+00 	 -1.800000e+03 	 1.560000e+03 	 2.000000e+00
4 	 226 	 Ey 	 1 	 6.368354e+00 	 -1.560000e+03 	 1.560000e+03 	 2.000000e+00
4 	 227 	 Ey 	 1 	 2.744893e+00 	 -1.320000e+03 	 1.560000e+03 	 2.000000e+00
4 	 228 	 Ey 	 1 	 3.984147e+00 	 -1.080000e+03 	 1.560000e+03 	 2.000000e+00
4 	 229 	 Ey 	 1 	 8.070014e+00 	 -8.400000e+02 	 1.560000e+03 	 2.000000e+00
4 	 230 	 Ey 	 1 	 6.060731e+00 	 -6.000000e+02 	 1.560000e+03 	 2.000000e+00
4 	 231 	 Ey 	 1 	 4.261369e+00 	 -3.600000e+02 	 1.560000e+03 	 2.000000e+00
4 	 232 	 Ey 	 1 	 4.847127e+00 	 -1.200000e+02 	 1.560000e+03 	 2.000000e+00
4 	 233 	 Ey 	 1 	 2.958300e+00 	 1.200000e+02 	 1.560000e+03 	 2.000000e+00
4 	 234 	 Ey 	 1 	 2.667074e+00 	 3.600000e+02 	 1.560000e+03 	 2.000000e+00
4 	 235 	 Ey 	 1 	 2.298450e+00 	 6.000000e+02 	 1.560000e+03 	 2.000000e+00
4 	 236 	 Ey 	 1 	 1.528495e+00 	 8.400000e+02 	 1.560000e+03 	 2.000000e+00
4 	 237 	 Ey 	 1 	 2.535608e+00 	 1.080000e+03 	 1.560000e+03 	 2.000000e+00
4 	 238 	 Ey 	 1 	 1.582102e+00 	 1.320000e+03 	 1.560000e+03 	 2.000000e+00
4 	 239 	 Ey 	 1 	 1.934000e+00 	 1.560000e+03 	 1.560000e+03 	 2.000000e+00
4 	 240 	 Ey 	 1 	 1.783884e+00 	 1.800000e+03 	 1.560000e+03 	 2.000000e+00
4 	 241 	 Ey 	 1 	 3.684538e+00 	 -1.800000e+03 	 1.800000e+03 	 2.000000e+00
4 	 242 	 Ey 	 1 	 3.635491e+00 	 -1.560000e+03 	 1.800000e+03 	 2.000000e+00
4 	 243 	 Ey 	 1 	 5.106841e+00 	 -1.320000e+03 	 1.800000e+03 	 2.000000e+00
4 	 244 	 Ey 	 1 	 4.831243e+00 	 -1.080000e+03 	 1.800000e+03 	 2.000000e+00
4 	 245 	 Ey 	 1 	 5.412604e+00 	 -8.400000e+02 	 1.800000e+03 	 2.000000e+00
4 	 246 	 Ey 	 1 	 4.789550e+00 	 -6.000000e+02 	 1.800000e+03 	 2.000000e+00
4 	 247 	 Ey 	 1 	 6.157038e+00 	 -3.600000e+02 	 1.800000e+03 	 2.000000e+00
4 	 248 	 Ey 	 1 	 3.921700e+00 	 -1.200000e+02 	 1.800000e+03 	 2.000000e+00
4 	 249 	 Ey 	 1 	 4.351025e+00 	 1.200000e+02 	 1.800000e+03 	 2.000000e+00
4 	 250 	 Ey 	 1 	 3.868573e+00 	 3.600000e+02 	 1.800000e+03 	 2.000000e+00
4 	 251 	 Ey 	 1 	 5.879384e-01 	 6.000000e+02 	 1.800000e+03 	 2.000000e+00
4 	 252 	 Ey 	 1 	 1.279278e+00 	 8.400000e+02 	 1.800000e+03 	 2.000000e+00
4 	 253 	 Ey 	 1 	 2.348424e+00 	 1.080000e+03 	 1.800000e+03 	 2.000000e+00
4 	 254 	 Ey 	 1 	 2.307086e+00 	 1.320000e+03 	 1.800000e+03 	 2.000000e+00
4 	 255 	 Ey 	 1 	 2.344529e+00 	 1.560000e+03 	 1.800000e+03 	 2.000000e+00
4 	 256 	 Ey 	 1 	 1.383154e+00 	 1.800000e+03 	 1.800000e+03 	 2.000000e+00
4 	 1 	 Ey 	 2 	 1.234161e+00 	 -1.800000e+03 	 -1.800000e+03 	 2.000000e+00
4 	 2 	 Ey 	 2 	 1.110494e+00 	 -1.560000e+03 	 -1.800000e+03 	 2.000000e+00
4 	 3 	 Ey 	 2 	 2.139206e+00 	 -1.320000e+03 	 -1.800000e+03 	 2.000000e+00
4 	 4 	 Ey 	 2 	 1.680421e+00 	 -1.080000e+03 	 -1.800000e+03 	 2.000000e+00
4 	 5 	 Ey 	 2 	 1.125276e+00 	 -8.400000e+02 	 -1.800000e+03 	 2.000000e+00
4 	 6 	 Ey 	 2 	 1.827017e+00 	 -6.000000e+02 	 -1.800000e+03 	 2.000000e+00
4 	 7 	 Ey 	 2 	 9.517083e-01 	 -3.600000e+02 	 -1.800000e+03 	 2.000000e+00
4 	 8 	 Ey 	 2 	 3.539249e-01 	 -1.200000e+02 	 -1.800000e+03 	 2.000000e+00
4 	 9 	 Ey 	 2 	 2.077939e+00 	 1.200000e+02 	 -1.800000e+03 	 2.000000e+00
4 	 10 	 Ey 	 2 	 4.854940e-01 	 3.600000e+02 	 -1.800000e+03 	 2.000000e+00
4 	 11 	 Ey 	 2 	 4.703954e-01 	 6.000000e+02 	 -1.800000e+03 	 2.000000e+00
4 	 12 	 Ey 	 2 	 1.576666e-01 	 8.400000e+02 	 -1.800000e+03 	 2.000000e+00
4 	 13 	 Ey 	 2 	 0.000000e+00 	 1.080000e+03 	 -1.800000e+03 	 2.000000e+00
4 	 14 	 Ey 	 2 	 0.000000e+00 	 1.320000e+03 	 -1.800000e+03 	 2.000000e+00
4 	 15 	 Ey 	 2 	 0.000000e+00 	 1.560000e+03 	 -1.800000e+03 	 2.000000e+00
4 	 16 	 Ey 	 2 	 0.000000e+00 	 1.800000e+03 	 -1.800000e+03 	 2.000000e+00
4 	 17 	 Ey 	 2 	 8.694239e-01 	 -1.800000e+03 	 -1.560000e+03 	 2.000000e+00
4 	 18 	 Ey 	 2 	 1.166509e+00 	 -1.560000e+03 	 -1.560000e+03 	 2.000000e+00
4 	 19 	 Ey 	 2 	 2.182820e+00 	 -1.320000e+03 	 -1.560000e+03 	 2.000000e+00
4 	 20 	 Ey 	 2 	 1.388068e+00 	 -1.080000e+03 	 -1.560000e+03 	 2.000000e+00
4 	 21 	 Ey 	 2 	 1.882723e+00 	 -8.400000e+02 	 -1.560000e+03 	 2.000000e+00
4 	 22 	 Ey 	 2 	 1.391246e+00 	 -6.000000e+02 	 -1.560000e+03 	 2.000000e+00
4 	 23 	 Ey 	 2 	 2.286216e+00 	 -3.600000e+02 	 -1.560000e+03 	 2.000000e+00
4 	 24 	 Ey 	 2 	 1.807308e-01 	 -1.200000e+02 	 -1.560000e+03 	 2.000000e+00
4 	 25 	 Ey 	 2 	 6.695731e-01 	 1.200000e+02 	 -1.560000e+03 	 2.000000e+00
4 	 26 	 Ey 	 2 	 5.397622e-01 	 3.600000e+02 	 -1.560000e+03 	 2.000000e+00
4 	 27 	 Ey 	 2 	 1.182755e+00 	 6.000000e+02 	 -1.560000e+03 	 2.000000e+00
4 	 28 	 Ey 	 2 	 1.723934e+00 	 8.400000e+02 	 -1.560000e+03 	 2.000000e+00
4 	 29 	 Ey 	 2 	 0.000000e+00 	 1.080000e+03 	 -1.560000e+03 	 2.000000e+00
4 	 30 	 Ey 	 2 	 0.000000e+00 	 1.320000e+03 	 -1.560000e+03 	 2.000000e+00
4 	 31 	 Ey 	 2 	 0.000000e+00 	 1.560000e+03 	 -1.560000e+03 	 2.000000e+00
4 	 32 	 Ey 	 2 	 0.000000e+00 	 1.800000e+03 	 -1.560000e+03 	 2.000000e+00
4 	 33 	 Ey 	 2 	 1.918738e+00 	 -1.800000e+03 	 -1.320000e+03 	 2.000000e+00
4 	 34 	 Ey 	 2 	 1.034208e+00 	 -1.560000e+03 	 -1.320000e+03 	 2.000000e+00
4 	 35 	 Ey 	 2 	 1.224216e+00 	 -1.320000e+03 	 -1.320000e+03 	 2.000000e+00
4 	 36 	 Ey 	 2 	 9.168316e-01 	 -1.080000e+03 	 -1.320000e+03 	 2.000000e+00
4 	 37 	 Ey 	 2 	 2.607189e+00 	 -8.400000e+02 	 -1.320000e+03 	 2.000000e+00
4 	 38 	 Ey 	 2 	 1.744774e+00 	 -6.000000e+02 	 -1.320000e+03 	 2.000000e+00
4 	 39 	 Ey 	 2 	 2.488088e+00 	 -3.600000e+02 	 -1.320000e+03 	 2.000000e+00
4 	 40 	 Ey 	 2 	 9.404997e-01 	 -1.200000e+02 	 -1.320000e+03 	 2.000000e+00
4 	 41 	 Ey 	 2 	 1.660618e+00 	 1.200000e+02 	 -1.320000e+03 	 2.000000e+00
4 	 42 	 Ey 	 2 	 1.102396e-01 	 3.600000e+02 	 -1.320000e+03 	 2.000000e+00
4 	 43 	 Ey 	 2 	 1.902223e+00 	 6.000000e+02 	 -1.320000e+03 	 2.000000e+00
4 	 44 	 Ey 	 2 	 5.828928e-01 	 8.400000e+02 	 -1.320000e+03 	 2.000000e+00
4 	 45 	 Ey 	 2 	 0.000000e+00 	 1.080000e+03 	 -1.320000e+03 	 2.000000e+00
4 	 46 	 Ey 	 2 	 0.000000e+00 	 1.320000e+03 	 -1.320000e+03 	 2.000000e+00
4 	 47 	 Ey 	 2 	 0.000000e+00 	 1.560000e+03 	 -1.320000e+03 	 2.000000e+00
4 	 48 	 Ey 	 2 	 0.000000e+00 	 1.800000e+03 	 -1.320000e+03 	 2.000000e+00
4 	 49 	 Ey 	 2 	 2.769360e+00 	 -1.800000e+03 	 -1.080000e+03 	 2.000000e+00
4 	 50 	 Ey 	 2 	 3.383825e+00 	 -1.560000e+03 	 -1.080000e+03 	 2.000000e+00
4 	 51 	 Ey 	 2 	 3.471439e+00 	 -1.320000e+03 	 -1.080000e+03 	 2.000000e+00
4 	 52 	 Ey 	 2 	 2.624951e+00 	 -1.080000e+03 	 -1.080000e+03 	 2.000000e+00
4 	 53 	 Ey 	 2 	 1.393702e+00 	 -8.400000e+02 	 -1.080000e+03 	 2.000000e+00
4 	 54 	 Ey 	 2 	 1.088661e+00 	 -6.000000e+02 	 -1.080000e+03 	 2.000000e+00
4 	 55 	 Ey 	 2 	 1.907668e+00 	 -3.600000e+02 	 -1.080000e+03 	 2.000000e+00
4 	 56 	 Ey 	 2 	 9.673097e-01 	 -1.200000e+02 	 -1.080000e+03 	 2.000000e+00
4 	 57 	 Ey 	 2 	 1.586346e+00 	 1.200000e+02 	 -1.080000e+03 	 2.000000e+00
4 	 58 	 Ey 	 2 	 1.302080e+00 	 3.600000e+02 	 -1.080000e+03 	 2.000000e+00
4 	 59 	 Ey 	 2 	 1.938099e+00 	 6.000000e+02 	 -1.080000e+03 	 2.000000e+00
4 	 60 	 Ey 	 2 	 6.732103e-01 	 8.400000e+02 	 -1.080000e+03 	 2.000000e+00
4 	 61 	 Ey 	 2 	 9.190161e-01 	 1.080000e+03 	 -1.080000e+03 	 2.000000e+00
4 	 62 	 Ey 	 2 	 0.000000e+00 	 1.320000e+03 	 -1.080000e+03 	 2.000000e+00
4 	 63 	 Ey 	 2 	 0.000000e+00 	 1.560000e+03 	 -1.080000e+03 	 2.000000e+00
4 	 64 	 Ey 	 2 	 0.000000e+00 	 1.800000e+03 	 -1.080000e+03 	 2.000000e+00
4 	 65 	 Ey 	 2 	 4.786345e+00 	 -1.800000e+03 	 -8.400000e+02 	 2.000000e+00
4 	 66 	 Ey 	 2 	 5.005812e+00 	 -1.560000e+03 	 -8.400000e+02 	 2.000000e+00
4 	 67 	 Ey 	 2 	 3.862929e+00 	 -1.320000e+03 	 -8.400000e+02 	 2.000000e+00
4 	 68 	 Ey 	 2 	 4.066231e+00 	 -1.080000e+03 	 -8.400000e+02 	 2.000000e+00
4 	 69 	 Ey 	 2 	 2.937838e+00 	 -8.400000e+02 	 -8.400000e+02 	 2.000000e+00
4 	 70 	 Ey 	 2 	 9.952670e-01 	 -6.000000e+02 	 -8.400000e+02 	 2.000000e+00
4 	 71 	 Ey 	 2 	 2.006853e+00 	 -3.600000e+02 	 -8.400000e+02 	 2.000000e+00
4 	 72 	 Ey 	 2 	 1.322653e+00 	 -1.200000e+02 	 -8.400000e+02 	 2.000000e+00
4 	 73 	 Ey 	 2 	 9.281452e-01 	 1.200000e+02 	 -8.400000e+02 	 2.000000e+00
4 	 74 	 Ey 	 2 	 1.945610e+00 	 3.600000e+02 	 -8.400000e+02 	 2.000000e+00
4 	 75 	 Ey 	 2 	 4.410689e-01 	 6.000000e+02 	 -8.400000e+02 	 2.000000e+00
4 	 76 	 Ey 	 2 	 1.406824e+00 	 8.400000e+02 	 -8.400000e+02 	 2.000000e+00
4 	 77 	 Ey 	 2 	 8.055507e-01 	 1.080000e+03 	 -8.400000e+02 	 2.000000e+00
4 	 78 	 Ey 	 2 	 8.358191e-01 	 1.320000e+03 	 -8.400000e+02 	 2.000000e+00
4 	 79 	 Ey 	 2 	 1.552459e+00 	 1.560000e+03 	 -8.400000e+02 	 2.000000e+00
4 	 80 	 Ey 	 2 	 8.927661e-01 	 1.800000e+03 	 -8.400000e+02 	 2.000000e+00
4 	 81 	 Ey 	 2 	 5.408104e+00 	 -1.800000e+03 	 -6.000000e+02 	 2.000000e+00
4 	 82 	 Ey 	 2 	 4.659756e+00 	 -1.560000e+03 	 -6.000000e+02 	 2.000000e+00
4 	 83 	 Ey 	 2 	 6.548597e+00 	 -1.320000e+03 	 -6.000000e+02 	 2.000000e+00
4 	 84 	 Ey 	 2 	 7.208051e+00 	 -1.080000e+03 	 -6.000000e+02 	 2.000000e+00
4 	 85 	 Ey 	 2 	 4.886184e+00 	 -8.400000e+02 	 -6.000000e+02 	 2.000000e+00
4 	 86 	 Ey 	 2 	 4.340111e+00 	 -6.000000e+02 	 -6.000000e+02 	 2.000000e+00
4 	 87 	 Ey 	 2 	 4.898365e+00 	 -3.600000e+02 	 -6.000000e+02 	 2.000000e+00
4 	 88 	 Ey 	 2 	 3.349571e+00 	 -1.200000e+02 	 -6.000000e+02 	 2.000000e+00
4 	 89 	 Ey 	 2 	 1.765130e-01 	 1.200000e+02 	 -6.000000e+02 	 2.000000e+00
4 	 90 	 Ey 	 2 	 1.473921e+00 	 3.600000e+02 	 -6.000000e+02 	 2.000000e+00
4 	 91 	 Ey 	 2 	 1.381682e+00 	 6.000000e+02 	 -6.000000e+02 	 2.000000e+00
4 	 92 	 Ey 	 2 	 2.528799e+00 	 8.400000e+02 	 -6.000000e+02 	 2.000000e+00
4 	 93 	 Ey 	 2 	 1.481979e+00 	 1.080000e+03 	 -6.000000e+02 	 2.000000e+00
4 	 94 	 Ey 	 2 	 1.410477e+00 	 1.320000e+03 	 -6.000000e+02 	 2.000000e+00
4 	 95 	 Ey 	 2 	 7.912199e-01 	 1.560000e+03 	 -6.000000e+02 	 2.000000e+00
4 	 96 	 Ey 	 2 	 1.405909e+00 	 1.800000e+03 	 -6.000000e+02 	 2.000000e+00
4 	 97 	 Ey 	 2 	 5.481847e+00 	 -1.800000e+03 	 -3.600000e+02 	 2.000000e+00
4 	 98 	 Ey 	 2 	 5.006733e+00 	 -1.560000e+03 	 -3.600000e+02 	 2.000000e+00
4 	 99 	 Ey 	 2 	 8.125772e+00 	 -1.320000e+03 	 -3.600000e+02 	 2.000000e+00
4 	 100 	 Ey 	 2 	 7.785774e+00 	 -1.080000e+03 	 -3.600000e+02 	 2.000000e+00
4 	 101 	 Ey 	 2 	 7.378712e+00 	 -8.400000e+02 	 -3.600000e+02 	 2.000000e+00
4 	 102 	 Ey 	 2 	 5.778255e+00 	 -6.000000e+02 	 -3.600000e+02 	 2.000000e+00
4 	 103 	 Ey 	 2 	 4.852129e+00 	 -3.600000e+02 	 -3.600000e+02 	 2.000000e+00
4 	 104 	 Ey 	 2 	 1.636527e+00 	 -1.200000e+02 	 -3.600000e+02 	 2.000000e+00
4 	 105 	 Ey 	 2 	 2.160574e+00 	 1.200000e+02 	 -3.600000e+02 	 2.000000e+00
4 	 106 	 Ey 	 2 	 2.872179e+00 	 3.600000e+02 	 -3.600000e+02 	 2.000000e+00
4 	 107 	 Ey 	 2 	 2.414515e+00 	 6.000000e+02 	 -3.600000e+02 	 2.000000e+00
4 	 108 	 Ey 	 2 	 2.300661e+00 	 8.400000e+02 	 -3.600000e+02 	 2.000000e+00
4 	 109 	 Ey 	 2 	 2.649443e+00 	 1.080000e+03 	 -3.600000e+02 	 2.000000e+00
4 	 110 	 Ey 	 2 	 1.568242e+00 	 1.320000e+03 	 -3.600000e+02 	 2.000000e+00
4 	 111 	 Ey 	 2 	 1.947958e+00 	 1.560000e+03 	 -3.600000e+02 	 2.000000e+00
4 	 112 	 Ey 	 2 	 9.279312e-01 	 1.800000e+03 	 -3.600000e+02 	 2.000000e+00
4 	 113 	 Ey 	 2 	 5.875714e+00 	 -1.800000e+03 	 -1.200000e+02 	 2.000000e+00
4 	 114 	 Ey 	 2 	 5.595570e+00 	 -1.560000e+03 	 -1.200000e+02 	 2.000000e+00
4 	 115 	 Ey 	 2 	 7.142117e+00 	 -1.320000e+03 	 -1.200000e+02 	 2.000000e+00
4 	 116 	 Ey 	 2 	 7.347766e+00 	 -1.080000e+03 	 -1.200000e+02 	 2.000000e+00
4 	 117 	 Ey 	 2 	 6.678213e+00 	 -8.400000e+02 	 -1.200000e+02 	 2.000000e+00
4 	 118 	 Ey 	 2 	 6.476157e+00 	 -6.000000e+02 	 -1.200000e+02 	 2.000000e+00
4 	 119 	 Ey 	 2 	 5.659805e+00 	 -3.600000e+02 	 -1.200000e+02 	 2.000000e+00
4 	 120 	 Ey 	 2 	 1.501269e+00 	 -1.200000e+02 	 -1.200000e+02 	 2.000000e+00
4 	 121 	 Ey 	 2 	 2.472862e+00 	 1.200000e+02 	 -1.200000e+02 	 2.000000e+00
4 	 122 	 Ey 	 2 	 4.366295e+00 	 3.600000e+02 	 -1.200000e+02 	 2.000000e+00
4 	 123 	 Ey 	 2 	 2.821389e+00 	 6.000000e+02 	 -1.200000e+02 	 2.000000e+00
4 	 124 	 Ey 	 2 	 3.472456e+00 	 8.400000e+02 	 -1.200000e+02 	 2.000000e+00
4 	 125 	 Ey 	 2 	 2.233407e+00 	 1.080000e+03 	 -1.200000e+02 	 2.000000e+00
4 	 126 	 Ey 	 2 	 1.755445e+00 	 1.320000e+03 	 -1.200000e+02 	 2.000000e+00
4 	 127 	 Ey 	 2 	 1.390599e+00 	 1.560000e+03 	 -1.200000e+02 	 2.000000e+00
4 	 128 	 Ey 	 2 	 7.881095e-01 	 1.800000e+03 	 -1.200000e+02 	 2.000000e+00
4 	 129 	 Ey 	 2 	 5.443465e+00 	 -1.800000e+03 	 1.200000e+02 	 2.000000e+00
4 	 130 	 Ey 	 2 	 5.906362e+00 	 -1.560000e+03 	 1.200000e+02 	 2.000000e+00
4 	 131 	 Ey 	 2 	 6.282542e+00 	 -1.320000e+03 	 1.200000e+02 	 2.000000e+00
4 	 132 	 Ey 	 2 	 6.682788e+00 	 -1.080000e+03 	 1.200000e+02 	 2.000000e+00
4 	 133 	 Ey 	 2 	 7.252846e+00 	 -8.400000e+02 	 1.200000e+02 	 2.000000e+00
4 	 134 	 Ey 	 2 	 6.193678e+00 	 -6.000000e+02 	 1.200000e+02 	 2.000000e+00
4 	 135 	 Ey 	 2 	 4.735058e+00 	 -3.600000e+02 	 1.200000e+02 	 2.000000e+00
4 	 136 	 Ey 	 2 	 2.400679e+00 	 -1.200000e+02 	 1.200000e+02 	 2.000000e+00
4 	 137 	 Ey 	 2 	 1.324186e+00 	 1.200000e+02 	 1.200000e+02 	 2.000000e+00
4 	 138 	 Ey 	 2 	 4.432430e+00 	 3.600000e+02 	 1.200000e+02 	 2.000000e+00
4 	 139 	 Ey 	 2 	 3.642746e+00 	 6.000000e+02 	 1.200000e+02 	 2.000000e+00
4 	 140 	 Ey 	 2 	 2.191548e+00 	 8.400000e+02 	 1.200000e+02 	 2.000000e+00
4 	 141 	 Ey 	 2 	 2.814206e+00 	 1.080000e+03 	 1.200000e+02 	 2.000000e+00
4 	 142 	 Ey 	 2 	 4.599603e-01 	 1.320000e+03 	 1.200000e+02 	 2.000000e+00
4 	 143 	 Ey 	 2 	 1.676973e+00 	 1.560000e+03 	 1.200000e+02 	 2.000000e+00
4 	 144 	 Ey 	 2 	 1.225638e+00 	 1.800000e+03 	 1.200000e+02 	 2.000000e+00
4 	 145 	 Ey 	 2 	 4.661939e+00 	 -1.800000e+03 	 3.600000e+02 	 2.000000e+00
4 	 146 	 Ey 	 2 	 4.695582e+00 	 -1.560000e+03 	 3.600000e+02 	 2.000000e+00
4 	 147 	 Ey 	 2 	 6.102315e+00 	 -1.320000e+03 	 3.600000e+02 	 2.000000e+00
4 	 148 	 Ey 	 2 	 5.940128e+00 	 -1.080000e+03 	 3.600000e+02 	 2.000000e+00
4 	 149 	 Ey 	 2 	 5.684679e+00 	 -8.400000e+02 	 3.600000e+02 	 2.000000e+00
4 	 150 	 Ey 	 2 	 6.951513e+00 	 -6.000000e+02 	 3.600000e+02 	 2.000000e+00
4 	 151 	 Ey 	 2 	 5.029361e+00 	 -3.600000e+02 	 3.600000e+02 	 2.000000e+00
4 	 152 	 Ey 	 2 	 1.174783e+00 	 -1.200000e+02 	 3.600000e+02 	 2.000000e+00
4 	 153 	 Ey 	 2 	 2.812840e+00 	 1.200000e+02 	 3.600000e+02 	 2.000000e+00
4 	 154 	 Ey 	 2 	 3.838631e+00 	 3.600000e+02 	 3.600000e+02 	 2.000000e+00
4 	 155 	 Ey 	 2 	 3.649517e+00 	 6.000000e+02 	 3.600000e+02 	 2.000000e+00
4 	 156 	 Ey 	 2 	 2.157787e+00 	 8.400000e+02 	 3.600000e+02 	 2.000000e+00
4 	 157 	 Ey 	 2 	 2.983671e+00 	 1.080000e+03 	 3.600000e+02 	 2.000000e+00
4 	 158 	 Ey 	 2 	 7.692810e-01 	 1.320000e+03 	 3.600000e+02 	 2.000000e+00
4 	 159 	 Ey 	 2 	 7.334167e-01 	 1.560000e+03 	 3.600000e+02 	 2.000000e+00
4 	 160 	 Ey 	 2 	 2.641633e-01 	 1.800000e+03 	 3.600000e+02 	 2.000000e+00
4 	 161 	 Ey 	 2 	 3.371373e+00 	 -1.800000e+03 	 6.000000e+02 	 2.000000e+00
4 	 162 	 Ey 	 2 	 4.336884e+00 	 -1.560000e+03 	 6.000000e+02 	 2.000000e+00
4 	 163 	 Ey 	 2 	 2.943761e+00 	 -1.320000e+03 	 6.000000e+02 	 2.000000e+00
4 	 164 	 Ey 	 2 	 4.356452e+00 	 -1.080000e+03 	 6.000000e+02 	 2.000000e+00
4 	 165 	 Ey 	 2 	 6.107985e+00 	 -8.400000e+02 	 6.000000e+02 	 2.000000e+00
4 	 166 	 Ey 	 2 	 3.893211e+00 	 -6.000000e+02 	 6.000000e+02 	 2.000000e+00
4 	 167 	 Ey 	 2 	 3.412844e+00 	 -3.600000e+02 	 6.000000e+02 	 2.000000e+00
4 	 168 	 Ey 	 2 	 2.091980e+00 	 -1.200000e+02 	 6.000000e+02 	 2.000000e+00
4 	 169 	 Ey 	 2 	 2.314209e+00 	 1.200000e+02 	 6.000000e+02 	 2.000000e+00
4 	 170 	 Ey 	 2 	 2.652667e+00 	 3.600000e+02 	 6.000000e+02 	 2.000000e+00
4 	 171 	 Ey 	 2 	 1.852962e+00 	 6.000000e+02 	 6.000000e+02 	 2.000000e+00
4 	 172 	 Ey 	 2 	 2.510271e+00 	 8.400000e+02 	 6.000000e+02 	 2.000000e+00
4 	 173 	 Ey 	 2 	 1.462029e+00 	 1.080000e+03 	 6.000000e+02 	 2.000000e+00
4 	 174 	 Ey 	 2 	 9.363576e-01 	 1.320000e+03 	 6.000000e+02 	 2.000000e+00
4 	 175 	 Ey 	 2 	 1.338418e+00 	 1.560000e+03 	 6.000000e+02 	 2.000000e+00
4 	 176 	 Ey 	 2 	 1.614895e+00 	 1.800000e+03 	 6.000000e+02 	 2.000000e+00
4 	 177 	 Ey 	 2 	 3.738712e+00 	 -1.800000e+03 	 8.400000e+02 	 2.000000e+00
4 	 178 	 Ey 	 2 	 1.993574e+00 	 -1.560000e+03 	 8.400000e+02 	 2.000000e+00
4 	 179 	 Ey 	 2 	 1.399608e+00 	 -1.320000e+03 	 8.400000e+02 	 2.000000e+00
4 	 180 	 Ey 	 2 	 3.065672e+00 	 -1.080000e+03 	 8.400000e+02 	 2.000000e+00
4 	 181 	 Ey 	 2 	 3.714011e+00 	 -8.400000e+02 	 8.400000e+02 	 2.000000e+00
4 	 182 	 Ey 	 2 	 1.132524e+00 	 -6.000000e+02 	 8.400000e+02 	 2.000000e+00
4 	 183 	 Ey 	 2 	 2.878467e+00 	 -3.600000e+02 	 8.400000e+02 	 2.000000e+00
4 	 184 	 Ey 	 2 	 2.167877e+00 	 -1.200000e+02 	 8.400000e+02 	 2.000000e+00
4 	 185 	 Ey 	 2 	 3.093920e+00 	 1.200000e+02 	 8.400000e+02 	 2.000000e+00
4 	 186 	 Ey 	 2 	 3.629298e+00 	 3.600000e+02 	 8.400000e+02 	 2.000000e+00
4 	 187 	 Ey 	 2 	 2.480015e+00 	 6.000000e+02 	 8.400000e+02 	 2.000000e+00
4 	 188 	 Ey 	 2 	 8.199679e-01 	 8.400000e+02 	 8.400000e+02 	 2.000000e+00
4 	 189 	 Ey 	 2 	 1.247808e+00 	 1.080000e+03 	 8.400000e+02 	 2.000000e+00
4 	 190 	 Ey 	 2 	 2.257212e+00 	 1.320000e+03 	 8.400000e+02 	 2.000000e+00
4 	 191 	 Ey 	 2 	 1.958065e+00 	 1.560000e+03 	 8.400000e+02 	 2.000000e+00
4 	 192 	 Ey 	 2 	 1.344112e+00 	 1.800000e+03 	 8.400000e+02 	 2.000000e+00
4 	 193 	 Ey 	 2 	 1.686432e+00 	 -1.800000e+03 	 1.080000e+03 	 2.000000e+00
4 	 194 	 Ey 	 2 	 1.779449e+00 	 -1.560000e+03 	 1.080000e+03 	 2.000000e+00
4 	 195 	 Ey 	 2 	 2.295497e+00 	 -1.320000e+03 	 1.080000e+03 	 2.000000e+00
4 	 196 	 Ey 	 2 	 7.443212e-01 	 -1.080000e+03 	 1.080000e+03 	 2.000000e+00
4 	 197 	 Ey 	 2 	 1.387289e+00 	 -8.400000e+02 	 1.080000e+03 	 2.000000e+00
4 	 198 	 Ey 	 2 	 1.940135e+00 	 -6.000000e+02 	 1.080000e+03 	 2.000000e+00
4 	 199 	 Ey 	 2 	 4.169025e+00 	 -3.600000e+02 	 1.080000e+03 	 2.000000e+00
4 	 200 	 Ey 	 2 	 2.966659e+00 	 -1.200000e+02 	 1.080000e+03 	 2.000000e+00
4 	 201 	 Ey 	 2 	 2.751752e+00 	 1.200000e+02 	 1.080000e+03 	 2.000000e+00
4 	 202 	 Ey 	 2 	 2.629632e+00 	 3.600000e+02 	 1.080000e+03 	 2.000000e+00
4 	 203 	 Ey 	 2 	 6.334164e-01 	 6.000000e+02 	 1.080000e+03 	 2.000000e+00
4 	 204 	 Ey 	 2 	 1.194688e+00 	 8.400000e+02 	 1.080000e+03 	 2.000000e+00
4 	 205 	 Ey 	 2 	 1.535075e+00 	 1.080000e+03 	 1.080000e+03 	 2.000000e+00
4 	 206 	 Ey 	 2 	 1.553040e+00 	 1.320000e+03 	 1.080000e+03 	 2.000000e+00
4 	 207 	 Ey 	 2 	 1.047236e+00 	 1.560000e+03 	 1.080000e+03 	 2.000000e+00
4 	 208 	 Ey 	 2 	 2.692558e+00 	 1.800000e+03 	 1.080000e+03 	 2.000000e+00
4 	 209 	 Ey 	 2 	 7.423851e-01 	 -1.800000e+03 	 1.320000e+03 	 2.000000e+00
4 	 210 	 Ey 	 2 	 9.275869e-01 	 -1.560000e+03 	 1.320000e+03 	 2.000000e+00
4 	 211 	 Ey 	 2 	 6.788743e-01 	 -1.320000e+03 	 1.320000e+03 	 2.000000e+00
4 	 212 	 Ey 	 2 	 3.535153e+00 	 -1.080000e+03 	 1.320000e+03 	 2.000000e+00
4 	 213 	 Ey 	 2 	 3.394265e+00 	 -8.400000e+02 	 1.320000e+03 	 2.000000e+00
4 	 214 	 Ey 	 2 	 4.384149e+00 	 -6.000000e+02 	 1.320000e+03 	 2.000000e+00
4 	 215 	 Ey 	 2 	 4.492291e+00 	 -3.600000e+02 	 1.320000e+03 	 2.000000e+00
4 	 216 	 Ey 	 2 	 4.752597e+00 	 -1.200000e+02 	 1.320000e+03 	 2.000000e+00
4 	 217 	 Ey 	 2 	 2.749223e+00 	 1.200000e+02 	 1.320000e+03 	 2.000000e+00
4 	 218 	 Ey 	 2 	 1.746318e+00 	 3.600000e+02 	 1.320000e+03 	 2.000000e+00
4 	 219 	 Ey 	 2 	 1.826036e+00 	 6.000000e+02 	 1.320000e+03 	 2.000000e+00
4 	 220 	 Ey 	 2 	 5.596740e-01 	 8.400000e+02 	 1.320000e+03 	 2.000000e+00
4 	 221 	 Ey 	 2 	 8.179301e-01 	 1.080000e+03 	 1.320000e+03 	 2.000000e+00
4 	 222 	 Ey 	 2 	 1.709143e+00 	 1.320000e+03 	 1.320000e+03 	 2.000000e+00
4 	 223 	 Ey 	 2 	 1.425017e+00 	 1.560000e+03 	 1.320000e+03 	 2.000000e+00
4 	 224 	 Ey 	 2 	 3.268629e+00 	 1.800000e+03 	 1.320000e+03 	 2.000000e+00
4 	 225 	 Ey 	 2 	 8.512138e-01 	 -1.800000e+03 	 1.560000e+03 	 2.000000e+00
4 	 226 	 Ey 	 2 	 6.431503e-01 	 -1.560000e+03 	 1.560000e+03 	 2.000000e+00
4 	 227 	 Ey 	 2 	 2.328241e+00 	 -1.320000e+03 	 1.560000e+03 	 2.000000e+00
4 	 228 	 Ey 	 2 	 3.557524e+00 	 -1.080000e+03 	 1.560000e+03 	 2.000000e+00
4 	 229 	 Ey 	 2 	 4.077290e+00 	 -8.400000e+02 	 1.560000e+03 	 2.000000e+00
4 	 230 	 Ey 	 2 	 3.995700e+00 	 -6.000000e+02 	 1.560000e+03 	 2.000000e+00
4 	 231 	 Ey 	 2 	 4.036875e+00 	 -3.600000e+02 	 1.560000e+03 	 2.000000e+00
4 	 232 	 Ey 	 2 	 3.607877e+00 	 -1.200000e+02 	 1.560000e+03 	 2.000000e+00
4 	 233 	 Ey 	 2 	 4.507839e+00 	 1.200000e+02 	 1.560000e+03 	 2.000000e+00
4 	 234 	 Ey 	 2 	 2.243984e+00 	 3.600000e+02 	 1.560000e+03 	 2.000000e+00
4 	 235 	 Ey 	 2 	 6.440172e-01 	 6.000000e+02 	 1.560000e+03 	 2.000000e+00
4 	 236 	 Ey 	 2 	 8.949287e-01 	 8.400000e+02 	 1.560000e+03 	 2.000000e+00
4 	 237 	 Ey 	 2 	 1.710351e+00 	 1.080000e+03 	 1.560000e+03 	 2.000000e+00
4 	 238 	 Ey 	 2 	 2.318099e+00 	 1.320000e+03 	 1.560000e+03 	 2.000000e+00
4 	 239 	 Ey 	 2 	 2.383111e+00 	 1.560000e+03 	 1.560000e+03 	 2.000000e+00
4 	 240 	 Ey 	 2 	 1.936734e+00 	 1.800000e+03 	 1.560000e+03 	 2.000000e+00
4 	 241 	 Ey 	 2 	 9.748433e-01 	 -1.800000e+03 	 1.800000e+03 	 2.000000e+00
4 	 242 	 Ey 	 2 	 1.913257e+00 	 -1.560000e+03 	 1.800000e+03 	 2.000000e+00
4 	 243 	 Ey 	 2 	 1.416152e+00 	 -1.320000e+03 	 1.800000e+03 	 2.000000e+00
4 	 244 	 Ey 	 2 	 3.052157e+00 	 -1.080000e+03 	 1.800000e+03 	 2.000000e+00
4 	 245 	 Ey 	 2 	 4.530439e+00 	 -8.400000e+02 	 1.800000e+03 	 2.000000e+00
4 	 246 	 Ey 	 2 	 3.887082e+00 	 -6.000000e+02 	 1.800000e+03 	 2.000000e+00
4 	 247 	 Ey 	 2 	 4.559787e+00 	 -3.600000e+02 	 1.800000e+03 	 2.000000e+00
4 	 248 	 Ey 	 2 	 4.171024e+00 	 -1.200000e+02 	 1.800000e+03 	 2.000000e+00
4 	 249 	 Ey 	 2 	 2.063664e+00 	 1.200000e+02 	 1.800000e+03 	 2.000000e+00
4 	 250 	 Ey 	 2 	 2.219040e+00 	 3.600000e+02 	 1.800000e+03 	 2.000000e+00
4 	 251 	 Ey 	 2 	 4.890032e-01 	 6.000000e+02 	 1.800000e+03 	 2.000000e+00
4 	 252 	 Ey 	 2 	 1.629586e+00 	 8.400000e+02 	 1.800000e+03 	 2.000000e+00
4 	 253 	 Ey 	 2 	 1.697789e+00 	 1.080000e+03 	 1.800000e+03 	 2.000000e+00
4 	 254 	 Ey 	 2 	 1.090842e+00 	 1.320000e+03 	 1.800000e+03 	 2.000000e+00
4 	 255 	 Ey 	 2 	 9.974100e-01 	 1.560000e+03 	 1.800000e+03 	 2.000000e+00
4 	 256 	 Ey 	 2 	 1.994715e+00 	 1.800000e+03 	 1.800000e+03 	 2.000000e+00
