iTx 	 iRx    ichrec  ifreq 	 sig_misfit   x       y      z
1 	 1 	 Ex 	 1 	 0.000000e+00 	 -1.800000e+03 	 -1.800000e+03 	 2.000000e+00
1 	 2 	 Ex 	 1 	 0.000000e+00 	 -1.560000e+03 	 -1.800000e+03 	 2.000000e+00
1 	 3 	 Ex 	 1 	 0.000000e+00 	 -1.320000e+03 	 -1.800000e+03 	 2.000000e+00
1 	 4 	 Ex 	 1 	 0.000000e+00 	 -1.080000e+03 	 -1.800000e+03 	 2.000000e+00
1 	 5 	 Ex 	 1 	 1.040980e+00 	 -8.400000e+02 	 -1.800000e+03 	 2.000000e+00
1 	 6 	 Ex 	 1 	 3.558626e-01 	 -6.000000e+02 	 -1.800000e+03 	 2.000000e+00
1 	 7 	 Ex 	 1 	 1.526588e+00 	 -3.600000e+02 	 -1.800000e+03 	 2.000000e+00
1 	 8 	 Ex 	 1 	 1.250665e+00 	 -1.200000e+02 	 -1.800000e+03 	 2.000000e+00
1 	 9 	 Ex 	 1 	 1.654896e+00 	 1.200000e+02 	 -1.800000e+03 	 2.000000e+00
1 	 10 	 Ex 	 1 	 1.138729e+00 	 3.600000e+02 	 -1.800000e+03 	 2.000000e+00
1 	 11 	 Ex 	 1 	 1.238924e+00 	 6.000000e+02 	 -1.800000e+03 	 2.000000e+00
1 	 12 	 Ex 	 1 	 2.121492e+00 	 8.400000e+02 	 -1.800000e+03 	 2.000000e+00
1 	 13 	 Ex 	 1 	 3.284961e+00 	 1.080000e+03 	 -1.800000e+03 	 2.000000e+00
1 	 14 	 Ex 	 1 	 3.340062e+00 	 1.320000e+03 	 -1.800000e+03 	 2.000000e+00
1 	 15 	 Ex 	 1 	 2.304922e+00 	 1.560000e+03 	 -1.800000e+03 	 2.000000e+00
1 	 16 	 Ex 	 1 	 4.484341e+00 	 1.800000e+03 	 -1.800000e+03 	 2.000000e+00
1 	 17 	 Ex 	 1 	 0.000000e+00 	 -1.800000e+03 	 -1.560000e+03 	 2.000000e+00
1 	 18 	 Ex 	 1 	 0.000000e+00 	 -1.560000e+03 	 -1.560000e+03 	 2.000000e+00
1 	 19 	 Ex 	 1 	 0.000000e+00 	 -1.320000e+03 	 -1.560000e+03 	 2.000000e+00
1 	 20 	 Ex 	 1 	 0.000000e+00 	 -1.080000e+03 	 -1.560000e+03 	 2.000000e+00
1 	 21 	 Ex 	 1 	 1.568013e+00 	 -8.400000e+02 	 -1.560000e+03 	 2.000000e+00
1 	 22 	 Ex 	 1 	 1.698814e+00 	 -6.000000e+02 	 -1.560000e+03 	 2.000000e+00
1 	 23 	 Ex 	 1 	 1.190662e+00 	 -3.600000e+02 	 -1.560000e+03 	 2.000000e+00
1 	 24 	 Ex 	 1 	 1.685902e+00 	 -1.200000e+02 	 -1.560000e+03 	 2.000000e+00
1 	 25 	 Ex 	 1 	 2.443241e+00 	 1.200000e+02 	 -1.560000e+03 	 2.000000e+00
1 	 26 	 Ex 	 1 	 3.357306e+00 	 3.600000e+02 	 -1.560000e+03 	 2.000000e+00
1 	 27 	 Ex 	 1 	 2.587083e+00 	 6.000000e+02 	 -1.560000e+03 	 2.000000e+00
1 	 28 	 Ex 	 1 	 2.138575e+00 	 8.400000e+02 	 -1.560000e+03 	 2.000000e+00
1 	 29 	 Ex 	 1 	 2.694397e+00 	 1.080000e+03 	 -1.560000e+03 	 2.000000e+00
1 	 30 	 Ex 	 1 	 3.169865e+00 	 1.320000e+03 	 -1.560000e+03 	 2.000000e+00
1 	 31 	 Ex 	 1 	 9.986985e-01 	 1.560000e+03 	 -1.560000e+03 	 2.000000e+00
1 	 32 	 Ex 	 1 	 4.422348e+00 	 1.800000e+03 	 -1.560000e+03 	 2.000000e+00
1 	 33 	 Ex 	 1 	 0.000000e+00 	 -1.800000e+03 	 -1.320000e+03 	 2.000000e+00
1 	 34 	 Ex 	 1 	 0.000000e+00 	 -1.560000e+03 	 -1.320000e+03 	 2.000000e+00
1 	 35 	 Ex 	 1 	 0.000000e+00 	 -1.320000e+03 	 -1.320000e+03 	 2.000000e+00
1 	 36 	 Ex 	 1 	 0.000000e+00 	 -1.080000e+03 	 -1.320000e+03 	 2.000000e+00
1 	 37 	 Ex 	 1 	 1.167150e+00 	 -8.400000e+02 	 -1.320000e+03 	 2.000000e+00
1 	 38 	 Ex 	 1 	 4.914542e-01 	 -6.000000e+02 	 -1.320000e+03 	 2.000000e+00
1 	 39 	 Ex 	 1 	 1.489063e+00 	 -3.600000e+02 	 -1.320000e+03 	 2.000000e+00
1 	 40 	 Ex 	 1 	 2.920059e+00 	 -1.200000e+02 	 -1.320000e+03 	 2.000000e+00
1 	 41 	 Ex 	 1 	 5.178050e+00 	 1.200000e+02 	 -1.320000e+03 	 2.000000e+00
1 	 42 	 Ex 	 1 	 5.217346e+00 	 3.600000e+02 	 -1.320000e+03 	 2.000000e+00
1 	 43 	 Ex 	 1 	 2.542731e+00 	 6.000000e+02 	 -1.320000e+03 	 2.000000e+00
1 	 44 	 Ex 	 1 	 3.322483e+00 	 8.400000e+02 	 -1.320000e+03 	 2.000000e+00
1 	 45 	 Ex 	 1 	 1.943684e+00 	 1.080000e+03 	 -1.320000e+03 	 2.000000e+00
1 	 46 	 Ex 	 1 	 2.034267e+00 	 1.320000e+03 	 -1.320000e+03 	 2.000000e+00
1 	 47 	 Ex 	 1 	 1.357734e+00 	 1.560000e+03 	 -1.320000e+03 	 2.000000e+00
1 	 48 	 Ex 	 1 	 1.456967e+00 	 1.800000e+03 	 -1.320000e+03 	 2.000000e+00
1 	 49 	 Ex 	 1 	 0.000000e+00 	 -1.800000e+03 	 -1.080000e+03 	 2.000000e+00
1 	 50 	 Ex 	 1 	 0.000000e+00 	 -1.560000e+03 	 -1.080000e+03 	 2.000000e+00
1 	 51 	 Ex 	 1 	 0.000000e+00 	 -1.320000e+03 	 -1.080000e+03 	 2.000000e+00
1 	 52 	 Ex 	 1 	 5.063217e-01 	 -1.080000e+03 	 -1.080000e+03 	 2.000000e+00
1 	 53 	 Ex 	 1 	 1.783555e-01 	 -8.400000e+02 	 -1.080000e+03 	 2.000000e+00
1 	 54 	 Ex 	 1 	 1.173615e+00 	 -6.000000e+02 	 -1.080000e+03 	 2.000000e+00
1 	 55 	 Ex 	 1 	 1.766529e+00 	 -3.600000e+02 	 -1.080000e+03 	 2.000000e+00
1 	 56 	 Ex 	 1 	 4.791977e+00 	 -1.200000e+02 	 -1.080000e+03 	 2.000000e+00
1 	 57 	 Ex 	 1 	 6.414470e+00 	 1.200000e+02 	 -1.080000e+03 	 2.000000e+00
1 	 58 	 Ex 	 1 	 6.047379e+00 	 3.600000e+02 	 -1.080000e+03 	 2.000000e+00
1 	 59 	 Ex 	 1 	 3.261751e+00 	 6.000000e+02 	 -1.080000e+03 	 2.000000e+00
1 	 60 	 Ex 	 1 	 1.063761e+00 	 8.400000e+02 	 -1.080000e+03 	 2.000000e+00
1 	 61 	 Ex 	 1 	 1.685523e+00 	 1.080000e+03 	 -1.080000e+03 	 2.000000e+00
1 	 62 	 Ex 	 1 	 4.940619e-01 	 1.320000e+03 	 -1.080000e+03 	 2.000000e+00
1 	 63 	 Ex 	 1 	 9.263620e-01 	 1.560000e+03 	 -1.080000e+03 	 2.000000e+00
1 	 64 	 Ex 	 1 	 2.289394e+00 	 1.800000e+03 	 -1.080000e+03 	 2.000000e+00
1 	 65 	 Ex 	 1 	 2.160968e-01 	 -1.800000e+03 	 -8.400000e+02 	 2.000000e+00
1 	 66 	 Ex 	 1 	 7.205916e-01 	 -1.560000e+03 	 -8.400000e+02 	 2.000000e+00
1 	 67 	 Ex 	 1 	 1.583796e+00 	 -1.320000e+03 	 -8.400000e+02 	 2.000000e+00
1 	 68 	 Ex 	 1 	 5.769134e-01 	 -1.080000e+03 	 -8.400000e+02 	 2.000000e+00
1 	 69 	 Ex 	 1 	 1.083978e+00 	 -8.400000e+02 	 -8.400000e+02 	 2.000000e+00
1 	 70 	 Ex 	 1 	 6.579762e-01 	 -6.000000e+02 	 -8.400000e+02 	 2.000000e+00
1 	 71 	 Ex 	 1 	 2.962517e+00 	 -3.600000e+02 	 -8.400000e+02 	 2.000000e+00
1 	 72 	 Ex 	 1 	 4.928374e+00 	 -1.200000e+02 	 -8.400000e+02 	 2.000000e+00
1 	 73 	 Ex 	 1 	 5.920869e+00 	 1.200000e+02 	 -8.400000e+02 	 2.000000e+00
1 	 74 	 Ex 	 1 	 6.154583e+00 	 3.600000e+02 	 -8.400000e+02 	 2.000000e+00
1 	 75 	 Ex 	 1 	 3.260030e+00 	 6.000000e+02 	 -8.400000e+02 	 2.000000e+00
1 	 76 	 Ex 	 1 	 1.104039e+00 	 8.400000e+02 	 -8.400000e+02 	 2.000000e+00
1 	 77 	 Ex 	 1 	 2.256696e+00 	 1.080000e+03 	 -8.400000e+02 	 2.000000e+00
1 	 78 	 Ex 	 1 	 3.175664e-01 	 1.320000e+03 	 -8.400000e+02 	 2.000000e+00
1 	 79 	 Ex 	 1 	 1.483438e+00 	 1.560000e+03 	 -8.400000e+02 	 2.000000e+00
1 	 80 	 Ex 	 1 	 8.492022e-01 	 1.800000e+03 	 -8.400000e+02 	 2.000000e+00
1 	 81 	 Ex 	 1 	 1.004895e+00 	 -1.800000e+03 	 -6.000000e+02 	 2.000000e+00
1 	 82 	 Ex 	 1 	 1.062785e+00 	 -1.560000e+03 	 -6.000000e+02 	 2.000000e+00
1 	 83 	 Ex 	 1 	 1.760151e+00 	 -1.320000e+03 	 -6.000000e+02 	 2.000000e+00
1 	 84 	 Ex 	 1 	 1.083759e+00 	 -1.080000e+03 	 -6.000000e+02 	 2.000000e+00
1 	 85 	 Ex 	 1 	 1.969956e+00 	 -8.400000e+02 	 -6.000000e+02 	 2.000000e+00
1 	 86 	 Ex 	 1 	 9.276314e-01 	 -6.000000e+02 	 -6.000000e+02 	 2.000000e+00
1 	 87 	 Ex 	 1 	 4.103607e+00 	 -3.600000e+02 	 -6.000000e+02 	 2.000000e+00
1 	 88 	 Ex 	 1 	 6.693210e+00 	 -1.200000e+02 	 -6.000000e+02 	 2.000000e+00
1 	 89 	 Ex 	 1 	 7.458676e+00 	 1.200000e+02 	 -6.000000e+02 	 2.000000e+00
1 	 90 	 Ex 	 1 	 7.011437e+00 	 3.600000e+02 	 -6.000000e+02 	 2.000000e+00
1 	 91 	 Ex 	 1 	 2.971608e+00 	 6.000000e+02 	 -6.000000e+02 	 2.000000e+00
1 	 92 	 Ex 	 1 	 1.584798e+00 	 8.400000e+02 	 -6.000000e+02 	 2.000000e+00
1 	 93 	 Ex 	 1 	 2.267105e+00 	 1.080000e+03 	 -6.000000e+02 	 2.000000e+00
1 	 94 	 Ex 	 1 	 2.718049e+00 	 1.320000e+03 	 -6.000000e+02 	 2.000000e+00
1 	 95 	 Ex 	 1 	 3.415300e+00 	 1.560000e+03 	 -6.000000e+02 	 2.000000e+00
1 	 96 	 Ex 	 1 	 5.148910e-01 	 1.800000e+03 	 -6.000000e+02 	 2.000000e+00
1 	 97 	 Ex 	 1 	 2.197292e+00 	 -1.800000e+03 	 -3.600000e+02 	 2.000000e+00
1 	 98 	 Ex 	 1 	 6.227539e-01 	 -1.560000e+03 	 -3.600000e+02 	 2.000000e+00
1 	 99 	 Ex 	 1 	 7.276831e-01 	 -1.320000e+03 	 -3.600000e+02 	 2.000000e+00
1 	 100 	 Ex 	 1 	 2.320142e+00 	 -1.080000e+03 	 -3.600000e+02 	 2.000000e+00
1 	 101 	 Ex 	 1 	 1.157327e+00 	 -8.400000e+02 	 -3.600000e+02 	 2.000000e+00
1 	 102 	 Ex 	 1 	 1.436313e+00 	 -6.000000e+02 	 -3.600000e+02 	 2.000000e+00
1 	 103 	 Ex 	 1 	 4.173265e+00 	 -3.600000e+02 	 -3.600000e+02 	 2.000000e+00
1 	 104 	 Ex 	 1 	 6.582231e+00 	 -1.200000e+02 	 -3.600000e+02 	 2.000000e+00
1 	 105 	 Ex 	 1 	 7.026944e+00 	 1.200000e+02 	 -3.600000e+02 	 2.000000e+00
1 	 106 	 Ex 	 1 	 4.114891e+00 	 3.600000e+02 	 -3.600000e+02 	 2.000000e+00
1 	 107 	 Ex 	 1 	 1.750655e+00 	 6.000000e+02 	 -3.600000e+02 	 2.000000e+00
1 	 108 	 Ex 	 1 	 2.458209e+00 	 8.400000e+02 	 -3.600000e+02 	 2.000000e+00
1 	 109 	 Ex 	 1 	 2.313142e+00 	 1.080000e+03 	 -3.600000e+02 	 2.000000e+00
1 	 110 	 Ex 	 1 	 2.870866e+00 	 1.320000e+03 	 -3.600000e+02 	 2.000000e+00
1 	 111 	 Ex 	 1 	 1.049696e+00 	 1.560000e+03 	 -3.600000e+02 	 2.000000e+00
1 	 112 	 Ex 	 1 	 1.315919e+00 	 1.800000e+03 	 -3.600000e+02 	 2.000000e+00
1 	 113 	 Ex 	 1 	 5.085630e-01 	 -1.800000e+03 	 -1.200000e+02 	 2.000000e+00
1 	 114 	 Ex 	 1 	 6.751577e-01 	 -1.560000e+03 	 -1.200000e+02 	 2.000000e+00
1 	 115 	 Ex 	 1 	 1.368125e+00 	 -1.320000e+03 	 -1.200000e+02 	 2.000000e+00
1 	 116 	 Ex 	 1 	 1.247314e+00 	 -1.080000e+03 	 -1.200000e+02 	 2.000000e+00
1 	 117 	 Ex 	 1 	 3.151747e+00 	 -8.400000e+02 	 -1.200000e+02 	 2.000000e+00
1 	 118 	 Ex 	 1 	 2.111411e+00 	 -6.000000e+02 	 -1.200000e+02 	 2.000000e+00
1 	 119 	 Ex 	 1 	 3.735350e+00 	 -3.600000e+02 	 -1.200000e+02 	 2.000000e+00
1 	 120 	 Ex 	 1 	 3.964983e+00 	 -1.200000e+02 	 -1.200000e+02 	 2.000000e+00
1 	 121 	 Ex 	 1 	 4.326939e+00 	 1.200000e+02 	 -1.200000e+02 	 2.000000e+00
1 	 122 	 Ex 	 1 	 1.725867e+00 	 3.600000e+02 	 -1.200000e+02 	 2.000000e+00
1 	 123 	 Ex 	 1 	 3.650217e+00 	 6.000000e+02 	 -1.200000e+02 	 2.000000e+00
1 	 124 	 Ex 	 1 	 3.870167e+00 	 8.400000e+02 	 -1.200000e+02 	 2.000000e+00
1 	 125 	 Ex 	 1 	 5.940314e+00 	 1.080000e+03 	 -1.200000e+02 	 2.000000e+00
1 	 126 	 Ex 	 1 	 4.646139e+00 	 1.320000e+03 	 -1.200000e+02 	 2.000000e+00
1 	 127 	 Ex 	 1 	 2.778835e+00 	 1.560000e+03 	 -1.200000e+02 	 2.000000e+00
1 	 128 	 Ex 	 1 	 1.308277e+00 	 1.800000e+03 	 -1.200000e+02 	 2.000000e+00
1 	 129 	 Ex 	 1 	 9.810005e-01 	 -1.800000e+03 	 1.200000e+02 	 2.000000e+00
1 	 130 	 Ex 	 1 	 8.071001e-01 	 -1.560000e+03 	 1.200000e+02 	 2.000000e+00
1 	 131 	 Ex 	 1 	 9.359190e-01 	 -1.320000e+03 	 1.200000e+02 	 2.000000e+00
1 	 132 	 Ex 	 1 	 1.876062e-01 	 -1.080000e+03 	 1.200000e+02 	 2.000000e+00
1 	 133 	 Ex 	 1 	 3.518537e+00 	 -8.400000e+02 	 1.200000e+02 	 2.000000e+00
1 	 134 	 Ex 	 1 	 5.565392e+00 	 -6.000000e+02 	 1.200000e+02 	 2.000000e+00
1 	 135 	 Ex 	 1 	 2.890537e+00 	 -3.600000e+02 	 1.200000e+02 	 2.000000e+00
1 	 136 	 Ex 	 1 	 2.600228e+00 	 -1.200000e+02 	 1.200000e+02 	 2.000000e+00
1 	 137 	 Ex 	 1 	 2.190345e+00 	 1.200000e+02 	 1.200000e+02 	 2.000000e+00
1 	 138 	 Ex 	 1 	 9.048924e-01 	 3.600000e+02 	 1.200000e+02 	 2.000000e+00
1 	 139 	 Ex 	 1 	 4.142241e+00 	 6.000000e+02 	 1.200000e+02 	 2.000000e+00
1 	 140 	 Ex 	 1 	 7.553816e+00 	 8.400000e+02 	 1.200000e+02 	 2.000000e+00
1 	 141 	 Ex 	 1 	 4.998752e+00 	 1.080000e+03 	 1.200000e+02 	 2.000000e+00
1 	 142 	 Ex 	 1 	 4.957901e+00 	 1.320000e+03 	 1.200000e+02 	 2.000000e+00
1 	 143 	 Ex 	 1 	 6.366745e+00 	 1.560000e+03 	 1.200000e+02 	 2.000000e+00
1 	 144 	 Ex 	 1 	 3.386077e+00 	 1.800000e+03 	 1.200000e+02 	 2.000000e+00
1 	 145 	 Ex 	 1 	 2.987490e+00 	 -1.800000e+03 	 3.600000e+02 	 2.000000e+00
1 	 146 	 Ex 	 1 	 2.830330e+00 	 -1.560000e+03 	 3.600000e+02 	 2.000000e+00
1 	 147 	 Ex 	 1 	 1.427634e+00 	 -1.320000e+03 	 3.600000e+02 	 2.000000e+00
1 	 148 	 Ex 	 1 	 1.455378e+00 	 -1.080000e+03 	 3.600000e+02 	 2.000000e+00
1 	 149 	 Ex 	 1 	 2.277481e+00 	 -8.400000e+02 	 3.600000e+02 	 2.000000e+00
1 	 150 	 Ex 	 1 	 4.483572e+00 	 -6.000000e+02 	 3.600000e+02 	 2.000000e+00
1 	 151 	 Ex 	 1 	 5.866070e+00 	 -3.600000e+02 	 3.600000e+02 	 2.000000e+00
1 	 152 	 Ex 	 1 	 3.341626e+00 	 -1.200000e+02 	 3.600000e+02 	 2.000000e+00
1 	 153 	 Ex 	 1 	 3.221364e+00 	 1.200000e+02 	 3.600000e+02 	 2.000000e+00
1 	 154 	 Ex 	 1 	 3.954739e+00 	 3.600000e+02 	 3.600000e+02 	 2.000000e+00
1 	 155 	 Ex 	 1 	 6.715355e+00 	 6.000000e+02 	 3.600000e+02 	 2.000000e+00
1 	 156 	 Ex 	 1 	 6.717374e+00 	 8.400000e+02 	 3.600000e+02 	 2.000000e+00
1 	 157 	 Ex 	 1 	 8.528279e+00 	 1.080000e+03 	 3.600000e+02 	 2.000000e+00
1 	 158 	 Ex 	 1 	 3.807800e+00 	 1.320000e+03 	 3.600000e+02 	 2.000000e+00
1 	 159 	 Ex 	 1 	 3.570929e+00 	 1.560000e+03 	 3.600000e+02 	 2.000000e+00
1 	 160 	 Ex 	 1 	 3.670654e+00 	 1.800000e+03 	 3.600000e+02 	 2.000000e+00
1 	 161 	 Ex 	 1 	 3.682157e+00 	 -1.800000e+03 	 6.000000e+02 	 2.000000e+00
1 	 162 	 Ex 	 1 	 3.272382e+00 	 -1.560000e+03 	 6.000000e+02 	 2.000000e+00
1 	 163 	 Ex 	 1 	 3.006930e+00 	 -1.320000e+03 	 6.000000e+02 	 2.000000e+00
1 	 164 	 Ex 	 1 	 1.061860e+00 	 -1.080000e+03 	 6.000000e+02 	 2.000000e+00
1 	 165 	 Ex 	 1 	 4.315594e+00 	 -8.400000e+02 	 6.000000e+02 	 2.000000e+00
1 	 166 	 Ex 	 1 	 6.055892e+00 	 -6.000000e+02 	 6.000000e+02 	 2.000000e+00
1 	 167 	 Ex 	 1 	 7.265779e+00 	 -3.600000e+02 	 6.000000e+02 	 2.000000e+00
1 	 168 	 Ex 	 1 	 6.384994e+00 	 -1.200000e+02 	 6.000000e+02 	 2.000000e+00
1 	 169 	 Ex 	 1 	 5.793650e+00 	 1.200000e+02 	 6.000000e+02 	 2.000000e+00
1 	 170 	 Ex 	 1 	 6.327323e+00 	 3.600000e+02 	 6.000000e+02 	 2.000000e+00
1 	 171 	 Ex 	 1 	 7.333669e+00 	 6.000000e+02 	 6.000000e+02 	 2.000000e+00
1 	 172 	 Ex 	 1 	 7.184501e+00 	 8.400000e+02 	 6.000000e+02 	 2.000000e+00
1 	 173 	 Ex 	 1 	 7.356555e+00 	 1.080000e+03 	 6.000000e+02 	 2.000000e+00
1 	 174 	 Ex 	 1 	 6.639450e+00 	 1.320000e+03 	 6.000000e+02 	 2.000000e+00
1 	 175 	 Ex 	 1 	 2.782857e+00 	 1.560000e+03 	 6.000000e+02 	 2.000000e+00
1 	 176 	 Ex 	 1 	 2.839021e+00 	 1.800000e+03 	 6.000000e+02 	 2.000000e+00
1 	 177 	 Ex 	 1 	 3.209018e+00 	 -1.800000e+03 	 8.400000e+02 	 2.000000e+00
1 	 178 	 Ex 	 1 	 3.683218e+00 	 -1.560000e+03 	 8.400000e+02 	 2.000000e+00
1 	 179 	 Ex 	 1 	 3.805350e+00 	 -1.320000e+03 	 8.400000e+02 	 2.000000e+00
1 	 180 	 Ex 	 1 	 3.389747e+00 	 -1.080000e+03 	 8.400000e+02 	 2.000000e+00
1 	 181 	 Ex 	 1 	 3.236098e+00 	 -8.400000e+02 	 8.400000e+02 	 2.000000e+00
1 	 182 	 Ex 	 1 	 4.820974e+00 	 -6.000000e+02 	 8.400000e+02 	 2.000000e+00
1 	 183 	 Ex 	 1 	 8.275613e+00 	 -3.600000e+02 	 8.400000e+02 	 2.000000e+00
1 	 184 	 Ex 	 1 	 8.242995e+00 	 -1.200000e+02 	 8.400000e+02 	 2.000000e+00
1 	 185 	 Ex 	 1 	 8.934542e+00 	 1.200000e+02 	 8.400000e+02 	 2.000000e+00
1 	 186 	 Ex 	 1 	 9.420239e+00 	 3.600000e+02 	 8.400000e+02 	 2.000000e+00
1 	 187 	 Ex 	 1 	 8.483945e+00 	 6.000000e+02 	 8.400000e+02 	 2.000000e+00
1 	 188 	 Ex 	 1 	 7.846866e+00 	 8.400000e+02 	 8.400000e+02 	 2.000000e+00
1 	 189 	 Ex 	 1 	 6.004328e+00 	 1.080000e+03 	 8.400000e+02 	 2.000000e+00
1 	 190 	 Ex 	 1 	 8.432095e+00 	 1.320000e+03 	 8.400000e+02 	 2.000000e+00
1 	 191 	 Ex 	 1 	 5.048841e+00 	 1.560000e+03 	 8.400000e+02 	 2.000000e+00
1 	 192 	 Ex 	 1 	 3.606942e+00 	 1.800000e+03 	 8.400000e+02 	 2.000000e+00
1 	 193 	 Ex 	 1 	 3.493382e+00 	 -1.800000e+03 	 1.080000e+03 	 2.000000e+00
1 	 194 	 Ex 	 1 	 3.726602e+00 	 -1.560000e+03 	 1.080000e+03 	 2.000000e+00
1 	 195 	 Ex 	 1 	 5.307948e+00 	 -1.320000e+03 	 1.080000e+03 	 2.000000e+00
1 	 196 	 Ex 	 1 	 2.517733e+00 	 -1.080000e+03 	 1.080000e+03 	 2.000000e+00
1 	 197 	 Ex 	 1 	 2.854044e+00 	 -8.400000e+02 	 1.080000e+03 	 2.000000e+00
1 	 198 	 Ex 	 1 	 5.186279e+00 	 -6.000000e+02 	 1.080000e+03 	 2.000000e+00
1 	 199 	 Ex 	 1 	 5.906348e+00 	 -3.600000e+02 	 1.080000e+03 	 2.000000e+00
1 	 200 	 Ex 	 1 	 8.938309e+00 	 -1.200000e+02 	 1.080000e+03 	 2.000000e+00
1 	 201 	 Ex 	 1 	 1.008414e+01 	 1.200000e+02 	 1.080000e+03 	 2.000000e+00
1 	 202 	 Ex 	 1 	 9.177877e+00 	 3.600000e+02 	 1.080000e+03 	 2.000000e+00
1 	 203 	 Ex 	 1 	 8.861564e+00 	 6.000000e+02 	 1.080000e+03 	 2.000000e+00
1 	 204 	 Ex 	 1 	 1.077530e+01 	 8.400000e+02 	 1.080000e+03 	 2.000000e+00
1 	 205 	 Ex 	 1 	 7.452622e+00 	 1.080000e+03 	 1.080000e+03 	 2.000000e+00
1 	 206 	 Ex 	 1 	 4.723669e+00 	 1.320000e+03 	 1.080000e+03 	 2.000000e+00
1 	 207 	 Ex 	 1 	 7.924674e+00 	 1.560000e+03 	 1.080000e+03 	 2.000000e+00
1 	 208 	 Ex 	 1 	 4.654318e+00 	 1.800000e+03 	 1.080000e+03 	 2.000000e+00
1 	 209 	 Ex 	 1 	 5.681242e+00 	 -1.800000e+03 	 1.320000e+03 	 2.000000e+00
1 	 210 	 Ex 	 1 	 4.170905e+00 	 -1.560000e+03 	 1.320000e+03 	 2.000000e+00
1 	 211 	 Ex 	 1 	 5.458560e+00 	 -1.320000e+03 	 1.320000e+03 	 2.000000e+00
1 	 212 	 Ex 	 1 	 2.654269e+00 	 -1.080000e+03 	 1.320000e+03 	 2.000000e+00
1 	 213 	 Ex 	 1 	 2.500828e+00 	 -8.400000e+02 	 1.320000e+03 	 2.000000e+00
1 	 214 	 Ex 	 1 	 2.987895e+00 	 -6.000000e+02 	 1.320000e+03 	 2.000000e+00
1 	 215 	 Ex 	 1 	 5.829892e+00 	 -3.600000e+02 	 1.320000e+03 	 2.000000e+00
1 	 216 	 Ex 	 1 	 8.478194e+00 	 -1.200000e+02 	 1.320000e+03 	 2.000000e+00
1 	 217 	 Ex 	 1 	 9.089103e+00 	 1.200000e+02 	 1.320000e+03 	 2.000000e+00
1 	 218 	 Ex 	 1 	 7.657616e+00 	 3.600000e+02 	 1.320000e+03 	 2.000000e+00
1 	 219 	 Ex 	 1 	 9.217611e+00 	 6.000000e+02 	 1.320000e+03 	 2.000000e+00
1 	 220 	 Ex 	 1 	 8.673601e+00 	 8.400000e+02 	 1.320000e+03 	 2.000000e+00
1 	 221 	 Ex 	 1 	 7.267767e+00 	 1.080000e+03 	 1.320000e+03 	 2.000000e+00
1 	 222 	 Ex 	 1 	 5.088262e+00 	 1.320000e+03 	 1.320000e+03 	 2.000000e+00
1 	 223 	 Ex 	 1 	 7.218227e+00 	 1.560000e+03 	 1.320000e+03 	 2.000000e+00
1 	 224 	 Ex 	 1 	 4.541225e+00 	 1.800000e+03 	 1.320000e+03 	 2.000000e+00
1 	 225 	 Ex 	 1 	 2.908806e+00 	 -1.800000e+03 	 1.560000e+03 	 2.000000e+00
1 	 226 	 Ex 	 1 	 2.295437e+00 	 -1.560000e+03 	 1.560000e+03 	 2.000000e+00
1 	 227 	 Ex 	 1 	 2.299242e+00 	 -1.320000e+03 	 1.560000e+03 	 2.000000e+00
1 	 228 	 Ex 	 1 	 2.612546e+00 	 -1.080000e+03 	 1.560000e+03 	 2.000000e+00
1 	 229 	 Ex 	 1 	 2.570560e+00 	 -8.400000e+02 	 1.560000e+03 	 2.000000e+00
1 	 230 	 Ex 	 1 	 3.789476e+00 	 -6.000000e+02 	 1.560000e+03 	 2.000000e+00
1 	 231 	 Ex 	 1 	 5.714169e+00 	 -3.600000e+02 	 1.560000e+03 	 2.000000e+00
1 	 232 	 Ex 	 1 	 6.666071e+00 	 -1.200000e+02 	 1.560000e+03 	 2.000000e+00
1 	 233 	 Ex 	 1 	 9.508168e+00 	 1.200000e+02 	 1.560000e+03 	 2.000000e+00
1 	 234 	 Ex 	 1 	 1.220896e+01 	 3.600000e+02 	 1.560000e+03 	 2.000000e+00
1 	 235 	 Ex 	 1 	 8.691928e+00 	 6.000000e+02 	 1.560000e+03 	 2.000000e+00
1 	 236 	 Ex 	 1 	 7.660382e+00 	 8.400000e+02 	 1.560000e+03 	 2.000000e+00
1 	 237 	 Ex 	 1 	 9.220507e+00 	 1.080000e+03 	 1.560000e+03 	 2.000000e+00
1 	 238 	 Ex 	 1 	 8.519485e+00 	 1.320000e+03 	 1.560000e+03 	 2.000000e+00
1 	 239 	 Ex 	 1 	 5.906322e+00 	 1.560000e+03 	 1.560000e+03 	 2.000000e+00
1 	 240 	 Ex 	 1 	 7.774012e+00 	 1.800000e+03 	 1.560000e+03 	 2.000000e+00
1 	 241 	 Ex 	 1 	 3.424823e+00 	 -1.800000e+03 	 1.800000e+03 	 2.000000e+00
1 	 242 	 Ex 	 1 	 3.500205e+00 	 -1.560000e+03 	 1.800000e+03 	 2.000000e+00
1 	 243 	 Ex 	 1 	 3.815829e+00 	 -1.320000e+03 	 1.800000e+03 	 2.000000e+00
1 	 244 	 Ex 	 1 	 1.382992e+00 	 -1.080000e+03 	 1.800000e+03 	 2.000000e+00
1 	 245 	 Ex 	 1 	 8.985668e-01 	 -8.400000e+02 	 1.800000e+03 	 2.000000e+00
1 	 246 	 Ex 	 1 	 2.986537e+00 	 -6.000000e+02 	 1.800000e+03 	 2.000000e+00
1 	 247 	 Ex 	 1 	 3.412500e+00 	 -3.600000e+02 	 1.800000e+03 	 2.000000e+00
1 	 248 	 Ex 	 1 	 6.265743e+00 	 -1.200000e+02 	 1.800000e+03 	 2.000000e+00
1 	 249 	 Ex 	 1 	 6.825671e+00 	 1.200000e+02 	 1.800000e+03 	 2.000000e+00
1 	 250 	 Ex 	 1 	 7.218323e+00 	 3.600000e+02 	 1.800000e+03 	 2.000000e+00
1 	 251 	 Ex 	 1 	 7.991934e+00 	 6.000000e+02 	 1.800000e+03 	 2.000000e+00
1 	 252 	 Ex 	 1 	 7.172826e+00 	 8.400000e+02 	 1.800000e+03 	 2.000000e+00
1 	 253 	 Ex 	 1 	 7.036605e+00 	 1.080000e+03 	 1.800000e+03 	 2.000000e+00
1 	 254 	 Ex 	 1 	 6.348447e+00 	 1.320000e+03 	 1.800000e+03 	 2.000000e+00
1 	 255 	 Ex 	 1 	 5.768909e+00 	 1.560000e+03 	 1.800000e+03 	 2.000000e+00
1 	 256 	 Ex 	 1 	 3.663391e+00 	 1.800000e+03 	 1.800000e+03 	 2.000000e+00
1 	 1 	 Ex 	 2 	 0.000000e+00 	 -1.800000e+03 	 -1.800000e+03 	 2.000000e+00
1 	 2 	 Ex 	 2 	 0.000000e+00 	 -1.560000e+03 	 -1.800000e+03 	 2.000000e+00
1 	 3 	 Ex 	 2 	 0.000000e+00 	 -1.320000e+03 	 -1.800000e+03 	 2.000000e+00
1 	 4 	 Ex 	 2 	 0.000000e+00 	 -1.080000e+03 	 -1.800000e+03 	 2.000000e+00
1 	 5 	 Ex 	 2 	 5.172341e-01 	 -8.400000e+02 	 -1.800000e+03 	 2.000000e+00
1 	 6 	 Ex 	 2 	 7.776630e-01 	 -6.000000e+02 	 -1.800000e+03 	 2.000000e+00
1 	 7 	 Ex 	 2 	 9.517945e-01 	 -3.600000e+02 	 -1.800000e+03 	 2.000000e+00
1 	 8 	 Ex 	 2 	 2.189187e+00 	 -1.200000e+02 	 -1.800000e+03 	 2.000000e+00
1 	 9 	 Ex 	 2 	 1.973468e+00 	 1.200000e+02 	 -1.800000e+03 	 2.000000e+00
1 	 10 	 Ex 	 2 	 2.033273e+00 	 3.600000e+02 	 -1.800000e+03 	 2.000000e+00
1 	 11 	 Ex 	 2 	 3.176361e+00 	 6.000000e+02 	 -1.800000e+03 	 2.000000e+00
1 	 12 	 Ex 	 2 	 4.121064e+00 	 8.400000e+02 	 -1.800000e+03 	 2.000000e+00
1 	 13 	 Ex 	 2 	 2.877975e+00 	 1.080000e+03 	 -1.800000e+03 	 2.000000e+00
1 	 14 	 Ex 	 2 	 3.049997e+00 	 1.320000e+03 	 -1.800000e+03 	 2.000000e+00
1 	 15 	 Ex 	 2 	 3.014391e+00 	 1.560000e+03 	 -1.800000e+03 	 2.000000e+00
1 	 16 	 Ex 	 2 	 2.792376e+00 	 1.800000e+03 	 -1.800000e+03 	 2.000000e+00
1 	 17 	 Ex 	 2 	 0.000000e+00 	 -1.800000e+03 	 -1.560000e+03 	 2.000000e+00
1 	 18 	 Ex 	 2 	 0.000000e+00 	 -1.560000e+03 	 -1.560000e+03 	 2.000000e+00
1 	 19 	 Ex 	 2 	 0.000000e+00 	 -1.320000e+03 	 -1.560000e+03 	 2.000000e+00
1 	 20 	 Ex 	 2 	 0.000000e+00 	 -1.080000e+03 	 -1.560000e+03 	 2.000000e+00
1 	 21 	 Ex 	 2 	 4.709042e-01 	 -8.400000e+02 	 -1.560000e+03 	 2.000000e+00
1 	 22 	 Ex 	 2 	 1.207834e+00 	 -6.000000e+02 	 -1.560000e+03 	 2.000000e+00
1 	 23 	 Ex 	 2 	 1.270458e+00 	 -3.600000e+02 	 -1.560000e+03 	 2.000000e+00
1 	 24 	 Ex 	 2 	 6.948949e-01 	 -1.200000e+02 	 -1.560000e+03 	 2.000000e+00
1 	 25 	 Ex 	 2 	 2.371097e+00 	 1.200000e+02 	 -1.560000e+03 	 2.000000e+00
1 	 26 	 Ex 	 2 	 3.795827e+00 	 3.600000e+02 	 -1.560000e+03 	 2.000000e+00
1 	 27 	 Ex 	 2 	 2.728416e+00 	 6.000000e+02 	 -1.560000e+03 	 2.000000e+00
1 	 28 	 Ex 	 2 	 4.068644e+00 	 8.400000e+02 	 -1.560000e+03 	 2.000000e+00
1 	 29 	 Ex 	 2 	 2.415689e+00 	 1.080000e+03 	 -1.560000e+03 	 2.000000e+00
1 	 30 	 Ex 	 2 	 2.815288e+00 	 1.320000e+03 	 -1.560000e+03 	 2.000000e+00
1 	 31 	 Ex 	 2 	 3.271068e+00 	 1.560000e+03 	 -1.560000e+03 	 2.000000e+00
1 	 32 	 Ex 	 2 	 1.953689e+00 	 1.800000e+03 	 -1.560000e+03 	 2.000000e+00
1 	 33 	 Ex 	 2 	 0.000000e+00 	 -1.800000e+03 	 -1.320000e+03 	 2.000000e+00
1 	 34 	 Ex 	 2 	 0.000000e+00 	 -1.560000e+03 	 -1.320000e+03 	 2.000000e+00
1 	 35 	 Ex 	 2 	 0.000000e+00 	 -1.320000e+03 	 -1.320000e+03 	 2.000000e+00
1 	 36 	 Ex 	 2 	 0.000000e+00 	 -1.080000e+03 	 -1.320000e+03 	 2.000000e+00
1 	 37 	 Ex 	 2 	 2.356299e-01 	 -8.400000e+02 	 -1.320000e+03 	 2.000000e+00
1 	 38 	 Ex 	 2 	 1.711777e+00 	 -6.000000e+02 	 -1.320000e+03 	 2.000000e+00
1 	 39 	 Ex 	 2 	 2.192690e+00 	 -3.600000e+02 	 -1.320000e+03 	 2.000000e+00
1 	 40 	 Ex 	 2 	 2.436647e+00 	 -1.200000e+02 	 -1.320000e+03 	 2.000000e+00
1 	 41 	 Ex 	 2 	 3.806868e+00 	 1.200000e+02 	 -1.320000e+03 	 2.000000e+00
1 	 42 	 Ex 	 2 	 6.939740e+00 	 3.600000e+02 	 -1.320000e+03 	 2.000000e+00
1 	 43 	 Ex 	 2 	 5.173957e+00 	 6.000000e+02 	 -1.320000e+03 	 2.000000e+00
1 	 44 	 Ex 	 2 	 3.737688e+00 	 8.400000e+02 	 -1.320000e+03 	 2.000000e+00
1 	 45 	 Ex 	 2 	 3.008810e+00 	 1.080000e+03 	 -1.320000e+03 	 2.000000e+00
1 	 46 	 Ex 	 2 	 2.232142e+00 	 1.320000e+03 	 -1.320000e+03 	 2.000000e+00
1 	 47 	 Ex 	 2 	 2.690381e+00 	 1.560000e+03 	 -1.320000e+03 	 2.000000e+00
1 	 48 	 Ex 	 2 	 2.710057e+00 	 1.800000e+03 	 -1.320000e+03 	 2.000000e+00
1 	 49 	 Ex 	 2 	 0.000000e+00 	 -1.800000e+03 	 -1.080000e+03 	 2.000000e+00
1 	 50 	 Ex 	 2 	 0.000000e+00 	 -1.560000e+03 	 -1.080000e+03 	 2.000000e+00
1 	 51 	 Ex 	 2 	 0.000000e+00 	 -1.320000e+03 	 -1.080000e+03 	 2.000000e+00
1 	 52 	 Ex 	 2 	 3.509808e-01 	 -1.080000e+03 	 -1.080000e+03 	 2.000000e+00
1 	 53 	 Ex 	 2 	 6.104957e-01 	 -8.400000e+02 	 -1.080000e+03 	 2.000000e+00
1 	 54 	 Ex 	 2 	 2.807841e+00 	 -6.000000e+02 	 -1.080000e+03 	 2.000000e+00
1 	 55 	 Ex 	 2 	 1.264503e+00 	 -3.600000e+02 	 -1.080000e+03 	 2.000000e+00
1 	 56 	 Ex 	 2 	 4.504878e+00 	 -1.200000e+02 	 -1.080000e+03 	 2.000000e+00
1 	 57 	 Ex 	 2 	 6.411119e+00 	 1.200000e+02 	 -1.080000e+03 	 2.000000e+00
1 	 58 	 Ex 	 2 	 6.179704e+00 	 3.600000e+02 	 -1.080000e+03 	 2.000000e+00
1 	 59 	 Ex 	 2 	 5.494420e+00 	 6.000000e+02 	 -1.080000e+03 	 2.000000e+00
1 	 60 	 Ex 	 2 	 3.324207e+00 	 8.400000e+02 	 -1.080000e+03 	 2.000000e+00
1 	 61 	 Ex 	 2 	 2.307196e+00 	 1.080000e+03 	 -1.080000e+03 	 2.000000e+00
1 	 62 	 Ex 	 2 	 1.708712e+00 	 1.320000e+03 	 -1.080000e+03 	 2.000000e+00
1 	 63 	 Ex 	 2 	 2.020136e+00 	 1.560000e+03 	 -1.080000e+03 	 2.000000e+00
1 	 64 	 Ex 	 2 	 3.001904e+00 	 1.800000e+03 	 -1.080000e+03 	 2.000000e+00
1 	 65 	 Ex 	 2 	 1.025188e+00 	 -1.800000e+03 	 -8.400000e+02 	 2.000000e+00
1 	 66 	 Ex 	 2 	 8.585228e-01 	 -1.560000e+03 	 -8.400000e+02 	 2.000000e+00
1 	 67 	 Ex 	 2 	 1.110050e+00 	 -1.320000e+03 	 -8.400000e+02 	 2.000000e+00
1 	 68 	 Ex 	 2 	 2.438038e+00 	 -1.080000e+03 	 -8.400000e+02 	 2.000000e+00
1 	 69 	 Ex 	 2 	 1.402526e+00 	 -8.400000e+02 	 -8.400000e+02 	 2.000000e+00
1 	 70 	 Ex 	 2 	 7.681799e-01 	 -6.000000e+02 	 -8.400000e+02 	 2.000000e+00
1 	 71 	 Ex 	 2 	 2.062017e+00 	 -3.600000e+02 	 -8.400000e+02 	 2.000000e+00
1 	 72 	 Ex 	 2 	 5.663667e+00 	 -1.200000e+02 	 -8.400000e+02 	 2.000000e+00
1 	 73 	 Ex 	 2 	 9.041719e+00 	 1.200000e+02 	 -8.400000e+02 	 2.000000e+00
1 	 74 	 Ex 	 2 	 8.419620e+00 	 3.600000e+02 	 -8.400000e+02 	 2.000000e+00
1 	 75 	 Ex 	 2 	 5.293481e+00 	 6.000000e+02 	 -8.400000e+02 	 2.000000e+00
1 	 76 	 Ex 	 2 	 1.882221e+00 	 8.400000e+02 	 -8.400000e+02 	 2.000000e+00
1 	 77 	 Ex 	 2 	 1.230226e+00 	 1.080000e+03 	 -8.400000e+02 	 2.000000e+00
1 	 78 	 Ex 	 2 	 1.863655e+00 	 1.320000e+03 	 -8.400000e+02 	 2.000000e+00
1 	 79 	 Ex 	 2 	 9.139211e-01 	 1.560000e+03 	 -8.400000e+02 	 2.000000e+00
1 	 80 	 Ex 	 2 	 1.498467e+00 	 1.800000e+03 	 -8.400000e+02 	 2.000000e+00
1 	 81 	 Ex 	 2 	 1.585193e+00 	 -1.800000e+03 	 -6.000000e+02 	 2.000000e+00
1 	 82 	 Ex 	 2 	 9.685039e-01 	 -1.560000e+03 	 -6.000000e+02 	 2.000000e+00
1 	 83 	 Ex 	 2 	 1.359623e+00 	 -1.320000e+03 	 -6.000000e+02 	 2.000000e+00
1 	 84 	 Ex 	 2 	 1.140691e+00 	 -1.080000e+03 	 -6.000000e+02 	 2.000000e+00
1 	 85 	 Ex 	 2 	 2.720231e+00 	 -8.400000e+02 	 -6.000000e+02 	 2.000000e+00
1 	 86 	 Ex 	 2 	 2.084490e+00 	 -6.000000e+02 	 -6.000000e+02 	 2.000000e+00
1 	 87 	 Ex 	 2 	 3.524752e+00 	 -3.600000e+02 	 -6.000000e+02 	 2.000000e+00
1 	 88 	 Ex 	 2 	 4.738308e+00 	 -1.200000e+02 	 -6.000000e+02 	 2.000000e+00
1 	 89 	 Ex 	 2 	 7.408600e+00 	 1.200000e+02 	 -6.000000e+02 	 2.000000e+00
1 	 90 	 Ex 	 2 	 7.216057e+00 	 3.600000e+02 	 -6.000000e+02 	 2.000000e+00
1 	 91 	 Ex 	 2 	 3.592543e+00 	 6.000000e+02 	 -6.000000e+02 	 2.000000e+00
1 	 92 	 Ex 	 2 	 2.249231e+00 	 8.400000e+02 	 -6.000000e+02 	 2.000000e+00
1 	 93 	 Ex 	 2 	 1.298294e+00 	 1.080000e+03 	 -6.000000e+02 	 2.000000e+00
1 	 94 	 Ex 	 2 	 1.113050e+00 	 1.320000e+03 	 -6.000000e+02 	 2.000000e+00
1 	 95 	 Ex 	 2 	 1.782297e+00 	 1.560000e+03 	 -6.000000e+02 	 2.000000e+00
1 	 96 	 Ex 	 2 	 1.650954e+00 	 1.800000e+03 	 -6.000000e+02 	 2.000000e+00
1 	 97 	 Ex 	 2 	 1.186283e+00 	 -1.800000e+03 	 -3.600000e+02 	 2.000000e+00
1 	 98 	 Ex 	 2 	 5.703419e-01 	 -1.560000e+03 	 -3.600000e+02 	 2.000000e+00
1 	 99 	 Ex 	 2 	 8.017979e-01 	 -1.320000e+03 	 -3.600000e+02 	 2.000000e+00
1 	 100 	 Ex 	 2 	 1.066985e+00 	 -1.080000e+03 	 -3.600000e+02 	 2.000000e+00
1 	 101 	 Ex 	 2 	 3.026623e+00 	 -8.400000e+02 	 -3.600000e+02 	 2.000000e+00
1 	 102 	 Ex 	 2 	 4.782998e+00 	 -6.000000e+02 	 -3.600000e+02 	 2.000000e+00
1 	 103 	 Ex 	 2 	 4.023709e+00 	 -3.600000e+02 	 -3.600000e+02 	 2.000000e+00
1 	 104 	 Ex 	 2 	 5.292263e+00 	 -1.200000e+02 	 -3.600000e+02 	 2.000000e+00
1 	 105 	 Ex 	 2 	 7.621792e+00 	 1.200000e+02 	 -3.600000e+02 	 2.000000e+00
1 	 106 	 Ex 	 2 	 5.495881e+00 	 3.600000e+02 	 -3.600000e+02 	 2.000000e+00
1 	 107 	 Ex 	 2 	 3.083230e+00 	 6.000000e+02 	 -3.600000e+02 	 2.000000e+00
1 	 108 	 Ex 	 2 	 8.111838e-01 	 8.400000e+02 	 -3.600000e+02 	 2.000000e+00
1 	 109 	 Ex 	 2 	 1.470287e+00 	 1.080000e+03 	 -3.600000e+02 	 2.000000e+00
1 	 110 	 Ex 	 2 	 1.092066e+00 	 1.320000e+03 	 -3.600000e+02 	 2.000000e+00
1 	 111 	 Ex 	 2 	 1.196243e+00 	 1.560000e+03 	 -3.600000e+02 	 2.000000e+00
1 	 112 	 Ex 	 2 	 1.487306e+00 	 1.800000e+03 	 -3.600000e+02 	 2.000000e+00
1 	 113 	 Ex 	 2 	 3.473429e-01 	 -1.800000e+03 	 -1.200000e+02 	 2.000000e+00
1 	 114 	 Ex 	 2 	 1.434273e+00 	 -1.560000e+03 	 -1.200000e+02 	 2.000000e+00
1 	 115 	 Ex 	 2 	 3.116101e-01 	 -1.320000e+03 	 -1.200000e+02 	 2.000000e+00
1 	 116 	 Ex 	 2 	 1.152764e+00 	 -1.080000e+03 	 -1.200000e+02 	 2.000000e+00
1 	 117 	 Ex 	 2 	 3.687752e+00 	 -8.400000e+02 	 -1.200000e+02 	 2.000000e+00
1 	 118 	 Ex 	 2 	 4.918571e+00 	 -6.000000e+02 	 -1.200000e+02 	 2.000000e+00
1 	 119 	 Ex 	 2 	 6.145933e+00 	 -3.600000e+02 	 -1.200000e+02 	 2.000000e+00
1 	 120 	 Ex 	 2 	 4.945564e+00 	 -1.200000e+02 	 -1.200000e+02 	 2.000000e+00
1 	 121 	 Ex 	 2 	 4.145259e+00 	 1.200000e+02 	 -1.200000e+02 	 2.000000e+00
1 	 122 	 Ex 	 2 	 1.962083e+00 	 3.600000e+02 	 -1.200000e+02 	 2.000000e+00
1 	 123 	 Ex 	 2 	 9.794605e-01 	 6.000000e+02 	 -1.200000e+02 	 2.000000e+00
1 	 124 	 Ex 	 2 	 3.216501e+00 	 8.400000e+02 	 -1.200000e+02 	 2.000000e+00
1 	 125 	 Ex 	 2 	 2.333679e+00 	 1.080000e+03 	 -1.200000e+02 	 2.000000e+00
1 	 126 	 Ex 	 2 	 2.449981e+00 	 1.320000e+03 	 -1.200000e+02 	 2.000000e+00
1 	 127 	 Ex 	 2 	 1.218885e+00 	 1.560000e+03 	 -1.200000e+02 	 2.000000e+00
1 	 128 	 Ex 	 2 	 1.135635e+00 	 1.800000e+03 	 -1.200000e+02 	 2.000000e+00
1 	 129 	 Ex 	 2 	 9.550019e-01 	 -1.800000e+03 	 1.200000e+02 	 2.000000e+00
1 	 130 	 Ex 	 2 	 3.158858e+00 	 -1.560000e+03 	 1.200000e+02 	 2.000000e+00
1 	 131 	 Ex 	 2 	 1.255509e+00 	 -1.320000e+03 	 1.200000e+02 	 2.000000e+00
1 	 132 	 Ex 	 2 	 1.681515e+00 	 -1.080000e+03 	 1.200000e+02 	 2.000000e+00
1 	 133 	 Ex 	 2 	 4.655316e+00 	 -8.400000e+02 	 1.200000e+02 	 2.000000e+00
1 	 134 	 Ex 	 2 	 6.325218e+00 	 -6.000000e+02 	 1.200000e+02 	 2.000000e+00
1 	 135 	 Ex 	 2 	 5.788990e+00 	 -3.600000e+02 	 1.200000e+02 	 2.000000e+00
1 	 136 	 Ex 	 2 	 4.691688e+00 	 -1.200000e+02 	 1.200000e+02 	 2.000000e+00
1 	 137 	 Ex 	 2 	 4.030224e+00 	 1.200000e+02 	 1.200000e+02 	 2.000000e+00
1 	 138 	 Ex 	 2 	 4.774308e-01 	 3.600000e+02 	 1.200000e+02 	 2.000000e+00
1 	 139 	 Ex 	 2 	 6.768286e-01 	 6.000000e+02 	 1.200000e+02 	 2.000000e+00
1 	 140 	 Ex 	 2 	 2.658184e+00 	 8.400000e+02 	 1.200000e+02 	 2.000000e+00
1 	 141 	 Ex 	 2 	 3.853950e+00 	 1.080000e+03 	 1.200000e+02 	 2.000000e+00
1 	 142 	 Ex 	 2 	 3.250752e+00 	 1.320000e+03 	 1.200000e+02 	 2.000000e+00
1 	 143 	 Ex 	 2 	 2.462936e+00 	 1.560000e+03 	 1.200000e+02 	 2.000000e+00
1 	 144 	 Ex 	 2 	 9.927844e-01 	 1.800000e+03 	 1.200000e+02 	 2.000000e+00
1 	 145 	 Ex 	 2 	 1.460986e+00 	 -1.800000e+03 	 3.600000e+02 	 2.000000e+00
1 	 146 	 Ex 	 2 	 2.639148e+00 	 -1.560000e+03 	 3.600000e+02 	 2.000000e+00
1 	 147 	 Ex 	 2 	 1.267887e+00 	 -1.320000e+03 	 3.600000e+02 	 2.000000e+00
1 	 148 	 Ex 	 2 	 8.409548e-01 	 -1.080000e+03 	 3.600000e+02 	 2.000000e+00
1 	 149 	 Ex 	 2 	 4.737191e+00 	 -8.400000e+02 	 3.600000e+02 	 2.000000e+00
1 	 150 	 Ex 	 2 	 7.835723e+00 	 -6.000000e+02 	 3.600000e+02 	 2.000000e+00
1 	 151 	 Ex 	 2 	 8.748560e+00 	 -3.600000e+02 	 3.600000e+02 	 2.000000e+00
1 	 152 	 Ex 	 2 	 6.744894e+00 	 -1.200000e+02 	 3.600000e+02 	 2.000000e+00
1 	 153 	 Ex 	 2 	 4.912949e+00 	 1.200000e+02 	 3.600000e+02 	 2.000000e+00
1 	 154 	 Ex 	 2 	 2.202482e+00 	 3.600000e+02 	 3.600000e+02 	 2.000000e+00
1 	 155 	 Ex 	 2 	 3.404250e+00 	 6.000000e+02 	 3.600000e+02 	 2.000000e+00
1 	 156 	 Ex 	 2 	 3.640861e+00 	 8.400000e+02 	 3.600000e+02 	 2.000000e+00
1 	 157 	 Ex 	 2 	 3.945570e+00 	 1.080000e+03 	 3.600000e+02 	 2.000000e+00
1 	 158 	 Ex 	 2 	 4.762647e+00 	 1.320000e+03 	 3.600000e+02 	 2.000000e+00
1 	 159 	 Ex 	 2 	 2.273802e+00 	 1.560000e+03 	 3.600000e+02 	 2.000000e+00
1 	 160 	 Ex 	 2 	 1.675389e+00 	 1.800000e+03 	 3.600000e+02 	 2.000000e+00
1 	 161 	 Ex 	 2 	 1.818431e+00 	 -1.800000e+03 	 6.000000e+02 	 2.000000e+00
1 	 162 	 Ex 	 2 	 1.764034e+00 	 -1.560000e+03 	 6.000000e+02 	 2.000000e+00
1 	 163 	 Ex 	 2 	 2.355789e+00 	 -1.320000e+03 	 6.000000e+02 	 2.000000e+00
1 	 164 	 Ex 	 2 	 1.047062e+00 	 -1.080000e+03 	 6.000000e+02 	 2.000000e+00
1 	 165 	 Ex 	 2 	 5.552912e+00 	 -8.400000e+02 	 6.000000e+02 	 2.000000e+00
1 	 166 	 Ex 	 2 	 7.613395e+00 	 -6.000000e+02 	 6.000000e+02 	 2.000000e+00
1 	 167 	 Ex 	 2 	 9.321026e+00 	 -3.600000e+02 	 6.000000e+02 	 2.000000e+00
1 	 168 	 Ex 	 2 	 8.252369e+00 	 -1.200000e+02 	 6.000000e+02 	 2.000000e+00
1 	 169 	 Ex 	 2 	 5.440383e+00 	 1.200000e+02 	 6.000000e+02 	 2.000000e+00
1 	 170 	 Ex 	 2 	 4.802099e+00 	 3.600000e+02 	 6.000000e+02 	 2.000000e+00
1 	 171 	 Ex 	 2 	 3.425939e+00 	 6.000000e+02 	 6.000000e+02 	 2.000000e+00
1 	 172 	 Ex 	 2 	 3.162221e+00 	 8.400000e+02 	 6.000000e+02 	 2.000000e+00
1 	 173 	 Ex 	 2 	 5.175609e+00 	 1.080000e+03 	 6.000000e+02 	 2.000000e+00
1 	 174 	 Ex 	 2 	 4.067482e+00 	 1.320000e+03 	 6.000000e+02 	 2.000000e+00
1 	 175 	 Ex 	 2 	 3.611903e+00 	 1.560000e+03 	 6.000000e+02 	 2.000000e+00
1 	 176 	 Ex 	 2 	 2.959459e+00 	 1.800000e+03 	 6.000000e+02 	 2.000000e+00
1 	 177 	 Ex 	 2 	 3.621513e+00 	 -1.800000e+03 	 8.400000e+02 	 2.000000e+00
1 	 178 	 Ex 	 2 	 2.640778e+00 	 -1.560000e+03 	 8.400000e+02 	 2.000000e+00
1 	 179 	 Ex 	 2 	 2.434826e+00 	 -1.320000e+03 	 8.400000e+02 	 2.000000e+00
1 	 180 	 Ex 	 2 	 1.988737e+00 	 -1.080000e+03 	 8.400000e+02 	 2.000000e+00
1 	 181 	 Ex 	 2 	 3.840666e+00 	 -8.400000e+02 	 8.400000e+02 	 2.000000e+00
1 	 182 	 Ex 	 2 	 7.961809e+00 	 -6.000000e+02 	 8.400000e+02 	 2.000000e+00
1 	 183 	 Ex 	 2 	 8.575353e+00 	 -3.600000e+02 	 8.400000e+02 	 2.000000e+00
1 	 184 	 Ex 	 2 	 9.836329e+00 	 -1.200000e+02 	 8.400000e+02 	 2.000000e+00
1 	 185 	 Ex 	 2 	 6.686695e+00 	 1.200000e+02 	 8.400000e+02 	 2.000000e+00
1 	 186 	 Ex 	 2 	 5.940534e+00 	 3.600000e+02 	 8.400000e+02 	 2.000000e+00
1 	 187 	 Ex 	 2 	 5.010247e+00 	 6.000000e+02 	 8.400000e+02 	 2.000000e+00
1 	 188 	 Ex 	 2 	 3.694927e+00 	 8.400000e+02 	 8.400000e+02 	 2.000000e+00
1 	 189 	 Ex 	 2 	 4.290127e+00 	 1.080000e+03 	 8.400000e+02 	 2.000000e+00
1 	 190 	 Ex 	 2 	 4.748956e+00 	 1.320000e+03 	 8.400000e+02 	 2.000000e+00
1 	 191 	 Ex 	 2 	 3.626679e+00 	 1.560000e+03 	 8.400000e+02 	 2.000000e+00
1 	 192 	 Ex 	 2 	 3.349893e+00 	 1.800000e+03 	 8.400000e+02 	 2.000000e+00
1 	 193 	 Ex 	 2 	 2.927858e+00 	 -1.800000e+03 	 1.080000e+03 	 2.000000e+00
1 	 194 	 Ex 	 2 	 2.165047e+00 	 -1.560000e+03 	 1.080000e+03 	 2.000000e+00
1 	 195 	 Ex 	 2 	 2.613571e+00 	 -1.320000e+03 	 1.080000e+03 	 2.000000e+00
1 	 196 	 Ex 	 2 	 2.108461e+00 	 -1.080000e+03 	 1.080000e+03 	 2.000000e+00
1 	 197 	 Ex 	 2 	 5.269252e+00 	 -8.400000e+02 	 1.080000e+03 	 2.000000e+00
1 	 198 	 Ex 	 2 	 5.546133e+00 	 -6.000000e+02 	 1.080000e+03 	 2.000000e+00
1 	 199 	 Ex 	 2 	 8.022661e+00 	 -3.600000e+02 	 1.080000e+03 	 2.000000e+00
1 	 200 	 Ex 	 2 	 9.505380e+00 	 -1.200000e+02 	 1.080000e+03 	 2.000000e+00
1 	 201 	 Ex 	 2 	 8.437622e+00 	 1.200000e+02 	 1.080000e+03 	 2.000000e+00
1 	 202 	 Ex 	 2 	 7.553542e+00 	 3.600000e+02 	 1.080000e+03 	 2.000000e+00
1 	 203 	 Ex 	 2 	 4.829175e+00 	 6.000000e+02 	 1.080000e+03 	 2.000000e+00
1 	 204 	 Ex 	 2 	 5.878427e+00 	 8.400000e+02 	 1.080000e+03 	 2.000000e+00
1 	 205 	 Ex 	 2 	 4.924527e+00 	 1.080000e+03 	 1.080000e+03 	 2.000000e+00
1 	 206 	 Ex 	 2 	 4.034207e+00 	 1.320000e+03 	 1.080000e+03 	 2.000000e+00
1 	 207 	 Ex 	 2 	 2.764527e+00 	 1.560000e+03 	 1.080000e+03 	 2.000000e+00
1 	 208 	 Ex 	 2 	 4.044599e+00 	 1.800000e+03 	 1.080000e+03 	 2.000000e+00
1 	 209 	 Ex 	 2 	 2.647878e+00 	 -1.800000e+03 	 1.320000e+03 	 2.000000e+00
1 	 210 	 Ex 	 2 	 2.639293e+00 	 -1.560000e+03 	 1.320000e+03 	 2.000000e+00
1 	 211 	 Ex 	 2 	 2.266290e+00 	 -1.320000e+03 	 1.320000e+03 	 2.000000e+00
1 	 212 	 Ex 	 2 	 2.008693e+00 	 -1.080000e+03 	 1.320000e+03 	 2.000000e+00
1 	 213 	 Ex 	 2 	 2.953552e+00 	 -8.400000e+02 	 1.320000e+03 	 2.000000e+00
1 	 214 	 Ex 	 2 	 4.980418e+00 	 -6.000000e+02 	 1.320000e+03 	 2.000000e+00
1 	 215 	 Ex 	 2 	 7.669946e+00 	 -3.600000e+02 	 1.320000e+03 	 2.000000e+00
1 	 216 	 Ex 	 2 	 8.540187e+00 	 -1.200000e+02 	 1.320000e+03 	 2.000000e+00
1 	 217 	 Ex 	 2 	 9.510853e+00 	 1.200000e+02 	 1.320000e+03 	 2.000000e+00
1 	 218 	 Ex 	 2 	 7.650218e+00 	 3.600000e+02 	 1.320000e+03 	 2.000000e+00
1 	 219 	 Ex 	 2 	 5.615621e+00 	 6.000000e+02 	 1.320000e+03 	 2.000000e+00
1 	 220 	 Ex 	 2 	 5.153987e+00 	 8.400000e+02 	 1.320000e+03 	 2.000000e+00
1 	 221 	 Ex 	 2 	 4.481011e+00 	 1.080000e+03 	 1.320000e+03 	 2.000000e+00
1 	 222 	 Ex 	 2 	 4.355711e+00 	 1.320000e+03 	 1.320000e+03 	 2.000000e+00
1 	 223 	 Ex 	 2 	 3.470958e+00 	 1.560000e+03 	 1.320000e+03 	 2.000000e+00
1 	 224 	 Ex 	 2 	 3.789337e+00 	 1.800000e+03 	 1.320000e+03 	 2.000000e+00
1 	 225 	 Ex 	 2 	 2.249382e+00 	 -1.800000e+03 	 1.560000e+03 	 2.000000e+00
1 	 226 	 Ex 	 2 	 2.107770e+00 	 -1.560000e+03 	 1.560000e+03 	 2.000000e+00
1 	 227 	 Ex 	 2 	 2.000659e+00 	 -1.320000e+03 	 1.560000e+03 	 2.000000e+00
1 	 228 	 Ex 	 2 	 2.320604e+00 	 -1.080000e+03 	 1.560000e+03 	 2.000000e+00
1 	 229 	 Ex 	 2 	 3.760357e+00 	 -8.400000e+02 	 1.560000e+03 	 2.000000e+00
1 	 230 	 Ex 	 2 	 5.938385e+00 	 -6.000000e+02 	 1.560000e+03 	 2.000000e+00
1 	 231 	 Ex 	 2 	 6.689507e+00 	 -3.600000e+02 	 1.560000e+03 	 2.000000e+00
1 	 232 	 Ex 	 2 	 7.365959e+00 	 -1.200000e+02 	 1.560000e+03 	 2.000000e+00
1 	 233 	 Ex 	 2 	 7.686332e+00 	 1.200000e+02 	 1.560000e+03 	 2.000000e+00
1 	 234 	 Ex 	 2 	 5.777684e+00 	 3.600000e+02 	 1.560000e+03 	 2.000000e+00
1 	 235 	 Ex 	 2 	 5.243923e+00 	 6.000000e+02 	 1.560000e+03 	 2.000000e+00
1 	 236 	 Ex 	 2 	 5.852392e+00 	 8.400000e+02 	 1.560000e+03 	 2.000000e+00
1 	 237 	 Ex 	 2 	 5.345779e+00 	 1.080000e+03 	 1.560000e+03 	 2.000000e+00
1 	 238 	 Ex 	 2 	 4.506121e+00 	 1.320000e+03 	 1.560000e+03 	 2.000000e+00
1 	 239 	 Ex 	 2 	 2.788336e+00 	 1.560000e+03 	 1.560000e+03 	 2.000000e+00
1 	 240 	 Ex 	 2 	 3.267905e+00 	 1.800000e+03 	 1.560000e+03 	 2.000000e+00
1 	 241 	 Ex 	 2 	 1.439354e+00 	 -1.800000e+03 	 1.800000e+03 	 2.000000e+00
1 	 242 	 Ex 	 2 	 1.739944e+00 	 -1.560000e+03 	 1.800000e+03 	 2.000000e+00
1 	 243 	 Ex 	 2 	 2.370644e+00 	 -1.320000e+03 	 1.800000e+03 	 2.000000e+00
1 	 244 	 Ex 	 2 	 1.639069e+00 	 -1.080000e+03 	 1.800000e+03 	 2.000000e+00
1 	 245 	 Ex 	 2 	 3.388632e+00 	 -8.400000e+02 	 1.800000e+03 	 2.000000e+00
1 	 246 	 Ex 	 2 	 4.209630e+00 	 -6.000000e+02 	 1.800000e+03 	 2.000000e+00
1 	 247 	 Ex 	 2 	 5.022645e+00 	 -3.600000e+02 	 1.800000e+03 	 2.000000e+00
1 	 248 	 Ex 	 2 	 4.939837e+00 	 -1.200000e+02 	 1.800000e+03 	 2.000000e+00
1 	 249 	 Ex 	 2 	 6.957191e+00 	 1.200000e+02 	 1.800000e+03 	 2.000000e+00
1 	 250 	 Ex 	 2 	 5.652535e+00 	 3.600000e+02 	 1.800000e+03 	 2.000000e+00
1 	 251 	 Ex 	 2 	 5.988180e+00 	 6.000000e+02 	 1.800000e+03 	 2.000000e+00
1 	 252 	 Ex 	 2 	 3.898190e+00 	 8.400000e+02 	 1.800000e+03 	 2.000000e+00
1 	 253 	 Ex 	 2 	 5.249107e+00 	 1.080000e+03 	 1.800000e+03 	 2.000000e+00
1 	 254 	 Ex 	 2 	 4.106571e+00 	 1.320000e+03 	 1.800000e+03 	 2.000000e+00
1 	 255 	 Ex 	 2 	 3.783918e+00 	 1.560000e+03 	 1.800000e+03 	 2.000000e+00
1 	 256 	 Ex 	 2 	 2.416257e+00 	 1.800000e+03 	 1.800000e+03 	 2.000000e+00
1 	 1 	 Ey 	 1 	 0.000000e+00 	 -1.800000e+03 	 -1.800000e+03 	 2.000000e+00
1 	 2 	 Ey 	 1 	 0.000000e+00 	 -1.560000e+03 	 -1.800000e+03 	 2.000000e+00
1 	 3 	 Ey 	 1 	 0.000000e+00 	 -1.320000e+03 	 -1.800000e+03 	 2.000000e+00
1 	 4 	 Ey 	 1 	 0.000000e+00 	 -1.080000e+03 	 -1.800000e+03 	 2.000000e+00
1 	 5 	 Ey 	 1 	 1.097079e+00 	 -8.400000e+02 	 -1.800000e+03 	 2.000000e+00
1 	 6 	 Ey 	 1 	 5.574102e-01 	 -6.000000e+02 	 -1.800000e+03 	 2.000000e+00
1 	 7 	 Ey 	 1 	 1.559546e+00 	 -3.600000e+02 	 -1.800000e+03 	 2.000000e+00
1 	 8 	 Ey 	 1 	 1.771712e+00 	 -1.200000e+02 	 -1.800000e+03 	 2.000000e+00
1 	 9 	 Ey 	 1 	 1.948345e+00 	 1.200000e+02 	 -1.800000e+03 	 2.000000e+00
1 	 10 	 Ey 	 1 	 9.199254e-01 	 3.600000e+02 	 -1.800000e+03 	 2.000000e+00
1 	 11 	 Ey 	 1 	 7.868157e-01 	 6.000000e+02 	 -1.800000e+03 	 2.000000e+00
1 	 12 	 Ey 	 1 	 1.167517e+00 	 8.400000e+02 	 -1.800000e+03 	 2.000000e+00
1 	 13 	 Ey 	 1 	 1.959153e+00 	 1.080000e+03 	 -1.800000e+03 	 2.000000e+00
1 	 14 	 Ey 	 1 	 1.505164e+00 	 1.320000e+03 	 -1.800000e+03 	 2.000000e+00
1 	 15 	 Ey 	 1 	 1.144021e+00 	 1.560000e+03 	 -1.800000e+03 	 2.000000e+00
1 	 16 	 Ey 	 1 	 1.269375e+00 	 1.800000e+03 	 -1.800000e+03 	 2.000000e+00
1 	 17 	 Ey 	 1 	 0.000000e+00 	 -1.800000e+03 	 -1.560000e+03 	 2.000000e+00
1 	 18 	 Ey 	 1 	 0.000000e+00 	 -1.560000e+03 	 -1.560000e+03 	 2.000000e+00
1 	 19 	 Ey 	 1 	 0.000000e+00 	 -1.320000e+03 	 -1.560000e+03 	 2.000000e+00
1 	 20 	 Ey 	 1 	 0.000000e+00 	 -1.080000e+03 	 -1.560000e+03 	 2.000000e+00
1 	 21 	 Ey 	 1 	 1.292627e+00 	 -8.400000e+02 	 -1.560000e+03 	 2.000000e+00
1 	 22 	 Ey 	 1 	 8.434193e-01 	 -6.000000e+02 	 -1.560000e+03 	 2.000000e+00
1 	 23 	 Ey 	 1 	 1.494553e+00 	 -3.600000e+02 	 -1.560000e+03 	 2.000000e+00
1 	 24 	 Ey 	 1 	 1.903330e+00 	 -1.200000e+02 	 -1.560000e+03 	 2.000000e+00
1 	 25 	 Ey 	 1 	 6.932436e-01 	 1.200000e+02 	 -1.560000e+03 	 2.000000e+00
1 	 26 	 Ey 	 1 	 3.135473e-01 	 3.600000e+02 	 -1.560000e+03 	 2.000000e+00
1 	 27 	 Ey 	 1 	 1.340803e+00 	 6.000000e+02 	 -1.560000e+03 	 2.000000e+00
1 	 28 	 Ey 	 1 	 2.146370e+00 	 8.400000e+02 	 -1.560000e+03 	 2.000000e+00
1 	 29 	 Ey 	 1 	 1.825660e+00 	 1.080000e+03 	 -1.560000e+03 	 2.000000e+00
1 	 30 	 Ey 	 1 	 1.794265e+00 	 1.320000e+03 	 -1.560000e+03 	 2.000000e+00
1 	 31 	 Ey 	 1 	 2.222420e+00 	 1.560000e+03 	 -1.560000e+03 	 2.000000e+00
1 	 32 	 Ey 	 1 	 1.815652e+00 	 1.800000e+03 	 -1.560000e+03 	 2.000000e+00
1 	 33 	 Ey 	 1 	 0.000000e+00 	 -1.800000e+03 	 -1.320000e+03 	 2.000000e+00
1 	 34 	 Ey 	 1 	 0.000000e+00 	 -1.560000e+03 	 -1.320000e+03 	 2.000000e+00
1 	 35 	 Ey 	 1 	 0.000000e+00 	 -1.320000e+03 	 -1.320000e+03 	 2.000000e+00
1 	 36 	 Ey 	 1 	 0.000000e+00 	 -1.080000e+03 	 -1.320000e+03 	 2.000000e+00
1 	 37 	 Ey 	 1 	 8.300226e-01 	 -8.400000e+02 	 -1.320000e+03 	 2.000000e+00
1 	 38 	 Ey 	 1 	 7.002419e-01 	 -6.000000e+02 	 -1.320000e+03 	 2.000000e+00
1 	 39 	 Ey 	 1 	 1.184571e+00 	 -3.600000e+02 	 -1.320000e+03 	 2.000000e+00
1 	 40 	 Ey 	 1 	 2.028511e+00 	 -1.200000e+02 	 -1.320000e+03 	 2.000000e+00
1 	 41 	 Ey 	 1 	 1.005529e+00 	 1.200000e+02 	 -1.320000e+03 	 2.000000e+00
1 	 42 	 Ey 	 1 	 2.307561e+00 	 3.600000e+02 	 -1.320000e+03 	 2.000000e+00
1 	 43 	 Ey 	 1 	 2.952596e+00 	 6.000000e+02 	 -1.320000e+03 	 2.000000e+00
1 	 44 	 Ey 	 1 	 2.769053e+00 	 8.400000e+02 	 -1.320000e+03 	 2.000000e+00
1 	 45 	 Ey 	 1 	 2.987887e+00 	 1.080000e+03 	 -1.320000e+03 	 2.000000e+00
1 	 46 	 Ey 	 1 	 3.595653e+00 	 1.320000e+03 	 -1.320000e+03 	 2.000000e+00
1 	 47 	 Ey 	 1 	 2.699123e+00 	 1.560000e+03 	 -1.320000e+03 	 2.000000e+00
1 	 48 	 Ey 	 1 	 3.159496e+00 	 1.800000e+03 	 -1.320000e+03 	 2.000000e+00
1 	 49 	 Ey 	 1 	 0.000000e+00 	 -1.800000e+03 	 -1.080000e+03 	 2.000000e+00
1 	 50 	 Ey 	 1 	 0.000000e+00 	 -1.560000e+03 	 -1.080000e+03 	 2.000000e+00
1 	 51 	 Ey 	 1 	 0.000000e+00 	 -1.320000e+03 	 -1.080000e+03 	 2.000000e+00
1 	 52 	 Ey 	 1 	 5.770375e-01 	 -1.080000e+03 	 -1.080000e+03 	 2.000000e+00
1 	 53 	 Ey 	 1 	 2.926278e-01 	 -8.400000e+02 	 -1.080000e+03 	 2.000000e+00
1 	 54 	 Ey 	 1 	 3.863891e-01 	 -6.000000e+02 	 -1.080000e+03 	 2.000000e+00
1 	 55 	 Ey 	 1 	 1.102706e+00 	 -3.600000e+02 	 -1.080000e+03 	 2.000000e+00
1 	 56 	 Ey 	 1 	 1.158986e+00 	 -1.200000e+02 	 -1.080000e+03 	 2.000000e+00
1 	 57 	 Ey 	 1 	 1.254425e+00 	 1.200000e+02 	 -1.080000e+03 	 2.000000e+00
1 	 58 	 Ey 	 1 	 1.439992e+00 	 3.600000e+02 	 -1.080000e+03 	 2.000000e+00
1 	 59 	 Ey 	 1 	 4.242676e+00 	 6.000000e+02 	 -1.080000e+03 	 2.000000e+00
1 	 60 	 Ey 	 1 	 3.483068e+00 	 8.400000e+02 	 -1.080000e+03 	 2.000000e+00
1 	 61 	 Ey 	 1 	 3.950971e+00 	 1.080000e+03 	 -1.080000e+03 	 2.000000e+00
1 	 62 	 Ey 	 1 	 3.507820e+00 	 1.320000e+03 	 -1.080000e+03 	 2.000000e+00
1 	 63 	 Ey 	 1 	 2.569442e+00 	 1.560000e+03 	 -1.080000e+03 	 2.000000e+00
1 	 64 	 Ey 	 1 	 4.743918e+00 	 1.800000e+03 	 -1.080000e+03 	 2.000000e+00
1 	 65 	 Ey 	 1 	 9.930409e-01 	 -1.800000e+03 	 -8.400000e+02 	 2.000000e+00
1 	 66 	 Ey 	 1 	 1.821091e+00 	 -1.560000e+03 	 -8.400000e+02 	 2.000000e+00
1 	 67 	 Ey 	 1 	 3.112515e-01 	 -1.320000e+03 	 -8.400000e+02 	 2.000000e+00
1 	 68 	 Ey 	 1 	 6.055053e-01 	 -1.080000e+03 	 -8.400000e+02 	 2.000000e+00
1 	 69 	 Ey 	 1 	 9.184655e-01 	 -8.400000e+02 	 -8.400000e+02 	 2.000000e+00
1 	 70 	 Ey 	 1 	 1.880331e+00 	 -6.000000e+02 	 -8.400000e+02 	 2.000000e+00
1 	 71 	 Ey 	 1 	 2.558570e+00 	 -3.600000e+02 	 -8.400000e+02 	 2.000000e+00
1 	 72 	 Ey 	 1 	 3.356417e+00 	 -1.200000e+02 	 -8.400000e+02 	 2.000000e+00
1 	 73 	 Ey 	 1 	 3.294745e+00 	 1.200000e+02 	 -8.400000e+02 	 2.000000e+00
1 	 74 	 Ey 	 1 	 5.547225e+00 	 3.600000e+02 	 -8.400000e+02 	 2.000000e+00
1 	 75 	 Ey 	 1 	 2.757465e+00 	 6.000000e+02 	 -8.400000e+02 	 2.000000e+00
1 	 76 	 Ey 	 1 	 2.959548e+00 	 8.400000e+02 	 -8.400000e+02 	 2.000000e+00
1 	 77 	 Ey 	 1 	 2.638504e+00 	 1.080000e+03 	 -8.400000e+02 	 2.000000e+00
1 	 78 	 Ey 	 1 	 3.573915e+00 	 1.320000e+03 	 -8.400000e+02 	 2.000000e+00
1 	 79 	 Ey 	 1 	 2.828801e+00 	 1.560000e+03 	 -8.400000e+02 	 2.000000e+00
1 	 80 	 Ey 	 1 	 3.290758e+00 	 1.800000e+03 	 -8.400000e+02 	 2.000000e+00
1 	 81 	 Ey 	 1 	 6.028702e-01 	 -1.800000e+03 	 -6.000000e+02 	 2.000000e+00
1 	 82 	 Ey 	 1 	 6.438169e-01 	 -1.560000e+03 	 -6.000000e+02 	 2.000000e+00
1 	 83 	 Ey 	 1 	 2.021812e+00 	 -1.320000e+03 	 -6.000000e+02 	 2.000000e+00
1 	 84 	 Ey 	 1 	 2.827968e+00 	 -1.080000e+03 	 -6.000000e+02 	 2.000000e+00
1 	 85 	 Ey 	 1 	 3.717688e+00 	 -8.400000e+02 	 -6.000000e+02 	 2.000000e+00
1 	 86 	 Ey 	 1 	 5.422122e+00 	 -6.000000e+02 	 -6.000000e+02 	 2.000000e+00
1 	 87 	 Ey 	 1 	 5.739462e+00 	 -3.600000e+02 	 -6.000000e+02 	 2.000000e+00
1 	 88 	 Ey 	 1 	 7.002705e+00 	 -1.200000e+02 	 -6.000000e+02 	 2.000000e+00
1 	 89 	 Ey 	 1 	 5.207945e+00 	 1.200000e+02 	 -6.000000e+02 	 2.000000e+00
1 	 90 	 Ey 	 1 	 6.243688e+00 	 3.600000e+02 	 -6.000000e+02 	 2.000000e+00
1 	 91 	 Ey 	 1 	 4.514292e+00 	 6.000000e+02 	 -6.000000e+02 	 2.000000e+00
1 	 92 	 Ey 	 1 	 3.691018e+00 	 8.400000e+02 	 -6.000000e+02 	 2.000000e+00
1 	 93 	 Ey 	 1 	 3.737889e+00 	 1.080000e+03 	 -6.000000e+02 	 2.000000e+00
1 	 94 	 Ey 	 1 	 3.474567e+00 	 1.320000e+03 	 -6.000000e+02 	 2.000000e+00
1 	 95 	 Ey 	 1 	 4.486527e+00 	 1.560000e+03 	 -6.000000e+02 	 2.000000e+00
1 	 96 	 Ey 	 1 	 3.695378e+00 	 1.800000e+03 	 -6.000000e+02 	 2.000000e+00
1 	 97 	 Ey 	 1 	 1.040623e+00 	 -1.800000e+03 	 -3.600000e+02 	 2.000000e+00
1 	 98 	 Ey 	 1 	 2.155637e+00 	 -1.560000e+03 	 -3.600000e+02 	 2.000000e+00
1 	 99 	 Ey 	 1 	 3.023787e+00 	 -1.320000e+03 	 -3.600000e+02 	 2.000000e+00
1 	 100 	 Ey 	 1 	 4.861055e+00 	 -1.080000e+03 	 -3.600000e+02 	 2.000000e+00
1 	 101 	 Ey 	 1 	 5.361234e+00 	 -8.400000e+02 	 -3.600000e+02 	 2.000000e+00
1 	 102 	 Ey 	 1 	 8.597077e+00 	 -6.000000e+02 	 -3.600000e+02 	 2.000000e+00
1 	 103 	 Ey 	 1 	 9.304029e+00 	 -3.600000e+02 	 -3.600000e+02 	 2.000000e+00
1 	 104 	 Ey 	 1 	 8.171096e+00 	 -1.200000e+02 	 -3.600000e+02 	 2.000000e+00
1 	 105 	 Ey 	 1 	 7.419230e+00 	 1.200000e+02 	 -3.600000e+02 	 2.000000e+00
1 	 106 	 Ey 	 1 	 5.229305e+00 	 3.600000e+02 	 -3.600000e+02 	 2.000000e+00
1 	 107 	 Ey 	 1 	 5.055598e+00 	 6.000000e+02 	 -3.600000e+02 	 2.000000e+00
1 	 108 	 Ey 	 1 	 3.289037e+00 	 8.400000e+02 	 -3.600000e+02 	 2.000000e+00
1 	 109 	 Ey 	 1 	 3.241559e+00 	 1.080000e+03 	 -3.600000e+02 	 2.000000e+00
1 	 110 	 Ey 	 1 	 4.148156e+00 	 1.320000e+03 	 -3.600000e+02 	 2.000000e+00
1 	 111 	 Ey 	 1 	 5.755370e+00 	 1.560000e+03 	 -3.600000e+02 	 2.000000e+00
1 	 112 	 Ey 	 1 	 4.074263e+00 	 1.800000e+03 	 -3.600000e+02 	 2.000000e+00
1 	 113 	 Ey 	 1 	 1.986130e+00 	 -1.800000e+03 	 -1.200000e+02 	 2.000000e+00
1 	 114 	 Ey 	 1 	 1.510204e+00 	 -1.560000e+03 	 -1.200000e+02 	 2.000000e+00
1 	 115 	 Ey 	 1 	 3.266860e+00 	 -1.320000e+03 	 -1.200000e+02 	 2.000000e+00
1 	 116 	 Ey 	 1 	 7.592645e+00 	 -1.080000e+03 	 -1.200000e+02 	 2.000000e+00
1 	 117 	 Ey 	 1 	 7.321612e+00 	 -8.400000e+02 	 -1.200000e+02 	 2.000000e+00
1 	 118 	 Ey 	 1 	 1.029862e+01 	 -6.000000e+02 	 -1.200000e+02 	 2.000000e+00
1 	 119 	 Ey 	 1 	 1.076733e+01 	 -3.600000e+02 	 -1.200000e+02 	 2.000000e+00
1 	 120 	 Ey 	 1 	 8.628229e+00 	 -1.200000e+02 	 -1.200000e+02 	 2.000000e+00
1 	 121 	 Ey 	 1 	 7.834363e+00 	 1.200000e+02 	 -1.200000e+02 	 2.000000e+00
1 	 122 	 Ey 	 1 	 6.523559e+00 	 3.600000e+02 	 -1.200000e+02 	 2.000000e+00
1 	 123 	 Ey 	 1 	 6.579889e+00 	 6.000000e+02 	 -1.200000e+02 	 2.000000e+00
1 	 124 	 Ey 	 1 	 5.418370e+00 	 8.400000e+02 	 -1.200000e+02 	 2.000000e+00
1 	 125 	 Ey 	 1 	 4.550772e+00 	 1.080000e+03 	 -1.200000e+02 	 2.000000e+00
1 	 126 	 Ey 	 1 	 5.375204e+00 	 1.320000e+03 	 -1.200000e+02 	 2.000000e+00
1 	 127 	 Ey 	 1 	 4.344382e+00 	 1.560000e+03 	 -1.200000e+02 	 2.000000e+00
1 	 128 	 Ey 	 1 	 5.696761e+00 	 1.800000e+03 	 -1.200000e+02 	 2.000000e+00
1 	 129 	 Ey 	 1 	 3.342251e+00 	 -1.800000e+03 	 1.200000e+02 	 2.000000e+00
1 	 130 	 Ey 	 1 	 2.165230e+00 	 -1.560000e+03 	 1.200000e+02 	 2.000000e+00
1 	 131 	 Ey 	 1 	 4.153029e+00 	 -1.320000e+03 	 1.200000e+02 	 2.000000e+00
1 	 132 	 Ey 	 1 	 6.013610e+00 	 -1.080000e+03 	 1.200000e+02 	 2.000000e+00
1 	 133 	 Ey 	 1 	 8.782734e+00 	 -8.400000e+02 	 1.200000e+02 	 2.000000e+00
1 	 134 	 Ey 	 1 	 1.035893e+01 	 -6.000000e+02 	 1.200000e+02 	 2.000000e+00
1 	 135 	 Ey 	 1 	 1.094541e+01 	 -3.600000e+02 	 1.200000e+02 	 2.000000e+00
1 	 136 	 Ey 	 1 	 9.543386e+00 	 -1.200000e+02 	 1.200000e+02 	 2.000000e+00
1 	 137 	 Ey 	 1 	 7.489033e+00 	 1.200000e+02 	 1.200000e+02 	 2.000000e+00
1 	 138 	 Ey 	 1 	 4.242612e+00 	 3.600000e+02 	 1.200000e+02 	 2.000000e+00
1 	 139 	 Ey 	 1 	 4.778912e+00 	 6.000000e+02 	 1.200000e+02 	 2.000000e+00
1 	 140 	 Ey 	 1 	 3.991327e+00 	 8.400000e+02 	 1.200000e+02 	 2.000000e+00
1 	 141 	 Ey 	 1 	 4.605713e+00 	 1.080000e+03 	 1.200000e+02 	 2.000000e+00
1 	 142 	 Ey 	 1 	 3.477220e+00 	 1.320000e+03 	 1.200000e+02 	 2.000000e+00
1 	 143 	 Ey 	 1 	 5.334298e+00 	 1.560000e+03 	 1.200000e+02 	 2.000000e+00
1 	 144 	 Ey 	 1 	 5.970539e+00 	 1.800000e+03 	 1.200000e+02 	 2.000000e+00
1 	 145 	 Ey 	 1 	 1.099252e+00 	 -1.800000e+03 	 3.600000e+02 	 2.000000e+00
1 	 146 	 Ey 	 1 	 4.118426e+00 	 -1.560000e+03 	 3.600000e+02 	 2.000000e+00
1 	 147 	 Ey 	 1 	 4.494480e+00 	 -1.320000e+03 	 3.600000e+02 	 2.000000e+00
1 	 148 	 Ey 	 1 	 5.530605e+00 	 -1.080000e+03 	 3.600000e+02 	 2.000000e+00
1 	 149 	 Ey 	 1 	 5.023277e+00 	 -8.400000e+02 	 3.600000e+02 	 2.000000e+00
1 	 150 	 Ey 	 1 	 7.777389e+00 	 -6.000000e+02 	 3.600000e+02 	 2.000000e+00
1 	 151 	 Ey 	 1 	 8.805017e+00 	 -3.600000e+02 	 3.600000e+02 	 2.000000e+00
1 	 152 	 Ey 	 1 	 7.317737e+00 	 -1.200000e+02 	 3.600000e+02 	 2.000000e+00
1 	 153 	 Ey 	 1 	 6.083411e+00 	 1.200000e+02 	 3.600000e+02 	 2.000000e+00
1 	 154 	 Ey 	 1 	 4.982888e+00 	 3.600000e+02 	 3.600000e+02 	 2.000000e+00
1 	 155 	 Ey 	 1 	 4.400011e+00 	 6.000000e+02 	 3.600000e+02 	 2.000000e+00
1 	 156 	 Ey 	 1 	 3.454242e+00 	 8.400000e+02 	 3.600000e+02 	 2.000000e+00
1 	 157 	 Ey 	 1 	 4.394074e+00 	 1.080000e+03 	 3.600000e+02 	 2.000000e+00
1 	 158 	 Ey 	 1 	 5.227973e+00 	 1.320000e+03 	 3.600000e+02 	 2.000000e+00
1 	 159 	 Ey 	 1 	 6.129089e+00 	 1.560000e+03 	 3.600000e+02 	 2.000000e+00
1 	 160 	 Ey 	 1 	 4.834455e+00 	 1.800000e+03 	 3.600000e+02 	 2.000000e+00
1 	 161 	 Ey 	 1 	 2.106527e+00 	 -1.800000e+03 	 6.000000e+02 	 2.000000e+00
1 	 162 	 Ey 	 1 	 3.234934e+00 	 -1.560000e+03 	 6.000000e+02 	 2.000000e+00
1 	 163 	 Ey 	 1 	 2.488346e+00 	 -1.320000e+03 	 6.000000e+02 	 2.000000e+00
1 	 164 	 Ey 	 1 	 2.676718e+00 	 -1.080000e+03 	 6.000000e+02 	 2.000000e+00
1 	 165 	 Ey 	 1 	 4.649810e+00 	 -8.400000e+02 	 6.000000e+02 	 2.000000e+00
1 	 166 	 Ey 	 1 	 4.606349e+00 	 -6.000000e+02 	 6.000000e+02 	 2.000000e+00
1 	 167 	 Ey 	 1 	 7.647520e+00 	 -3.600000e+02 	 6.000000e+02 	 2.000000e+00
1 	 168 	 Ey 	 1 	 6.725376e+00 	 -1.200000e+02 	 6.000000e+02 	 2.000000e+00
1 	 169 	 Ey 	 1 	 5.690893e+00 	 1.200000e+02 	 6.000000e+02 	 2.000000e+00
1 	 170 	 Ey 	 1 	 3.322659e+00 	 3.600000e+02 	 6.000000e+02 	 2.000000e+00
1 	 171 	 Ey 	 1 	 2.073066e+00 	 6.000000e+02 	 6.000000e+02 	 2.000000e+00
1 	 172 	 Ey 	 1 	 2.723868e+00 	 8.400000e+02 	 6.000000e+02 	 2.000000e+00
1 	 173 	 Ey 	 1 	 4.565824e+00 	 1.080000e+03 	 6.000000e+02 	 2.000000e+00
1 	 174 	 Ey 	 1 	 5.655307e+00 	 1.320000e+03 	 6.000000e+02 	 2.000000e+00
1 	 175 	 Ey 	 1 	 4.725506e+00 	 1.560000e+03 	 6.000000e+02 	 2.000000e+00
1 	 176 	 Ey 	 1 	 6.124182e+00 	 1.800000e+03 	 6.000000e+02 	 2.000000e+00
1 	 177 	 Ey 	 1 	 5.902342e-01 	 -1.800000e+03 	 8.400000e+02 	 2.000000e+00
1 	 178 	 Ey 	 1 	 8.064077e-01 	 -1.560000e+03 	 8.400000e+02 	 2.000000e+00
1 	 179 	 Ey 	 1 	 1.171100e+00 	 -1.320000e+03 	 8.400000e+02 	 2.000000e+00
1 	 180 	 Ey 	 1 	 1.886732e+00 	 -1.080000e+03 	 8.400000e+02 	 2.000000e+00
1 	 181 	 Ey 	 1 	 1.291675e+00 	 -8.400000e+02 	 8.400000e+02 	 2.000000e+00
1 	 182 	 Ey 	 1 	 2.081069e+00 	 -6.000000e+02 	 8.400000e+02 	 2.000000e+00
1 	 183 	 Ey 	 1 	 4.763039e+00 	 -3.600000e+02 	 8.400000e+02 	 2.000000e+00
1 	 184 	 Ey 	 1 	 3.216626e+00 	 -1.200000e+02 	 8.400000e+02 	 2.000000e+00
1 	 185 	 Ey 	 1 	 4.462069e+00 	 1.200000e+02 	 8.400000e+02 	 2.000000e+00
1 	 186 	 Ey 	 1 	 3.487803e+00 	 3.600000e+02 	 8.400000e+02 	 2.000000e+00
1 	 187 	 Ey 	 1 	 3.861854e+00 	 6.000000e+02 	 8.400000e+02 	 2.000000e+00
1 	 188 	 Ey 	 1 	 3.088697e+00 	 8.400000e+02 	 8.400000e+02 	 2.000000e+00
1 	 189 	 Ey 	 1 	 3.709520e+00 	 1.080000e+03 	 8.400000e+02 	 2.000000e+00
1 	 190 	 Ey 	 1 	 4.197658e+00 	 1.320000e+03 	 8.400000e+02 	 2.000000e+00
1 	 191 	 Ey 	 1 	 3.414401e+00 	 1.560000e+03 	 8.400000e+02 	 2.000000e+00
1 	 192 	 Ey 	 1 	 6.902025e+00 	 1.800000e+03 	 8.400000e+02 	 2.000000e+00
1 	 193 	 Ey 	 1 	 1.265475e+00 	 -1.800000e+03 	 1.080000e+03 	 2.000000e+00
1 	 194 	 Ey 	 1 	 3.954332e-01 	 -1.560000e+03 	 1.080000e+03 	 2.000000e+00
1 	 195 	 Ey 	 1 	 1.443690e+00 	 -1.320000e+03 	 1.080000e+03 	 2.000000e+00
1 	 196 	 Ey 	 1 	 4.092302e+00 	 -1.080000e+03 	 1.080000e+03 	 2.000000e+00
1 	 197 	 Ey 	 1 	 4.089806e+00 	 -8.400000e+02 	 1.080000e+03 	 2.000000e+00
1 	 198 	 Ey 	 1 	 3.822323e+00 	 -6.000000e+02 	 1.080000e+03 	 2.000000e+00
1 	 199 	 Ey 	 1 	 3.433143e+00 	 -3.600000e+02 	 1.080000e+03 	 2.000000e+00
1 	 200 	 Ey 	 1 	 3.683588e+00 	 -1.200000e+02 	 1.080000e+03 	 2.000000e+00
1 	 201 	 Ey 	 1 	 3.190871e+00 	 1.200000e+02 	 1.080000e+03 	 2.000000e+00
1 	 202 	 Ey 	 1 	 4.317538e+00 	 3.600000e+02 	 1.080000e+03 	 2.000000e+00
1 	 203 	 Ey 	 1 	 4.026362e+00 	 6.000000e+02 	 1.080000e+03 	 2.000000e+00
1 	 204 	 Ey 	 1 	 4.158436e+00 	 8.400000e+02 	 1.080000e+03 	 2.000000e+00
1 	 205 	 Ey 	 1 	 3.194601e+00 	 1.080000e+03 	 1.080000e+03 	 2.000000e+00
1 	 206 	 Ey 	 1 	 3.308706e+00 	 1.320000e+03 	 1.080000e+03 	 2.000000e+00
1 	 207 	 Ey 	 1 	 4.010221e+00 	 1.560000e+03 	 1.080000e+03 	 2.000000e+00
1 	 208 	 Ey 	 1 	 4.438760e+00 	 1.800000e+03 	 1.080000e+03 	 2.000000e+00
1 	 209 	 Ey 	 1 	 1.936141e+00 	 -1.800000e+03 	 1.320000e+03 	 2.000000e+00
1 	 210 	 Ey 	 1 	 2.870816e+00 	 -1.560000e+03 	 1.320000e+03 	 2.000000e+00
1 	 211 	 Ey 	 1 	 3.595967e+00 	 -1.320000e+03 	 1.320000e+03 	 2.000000e+00
1 	 212 	 Ey 	 1 	 5.550129e+00 	 -1.080000e+03 	 1.320000e+03 	 2.000000e+00
1 	 213 	 Ey 	 1 	 5.510111e+00 	 -8.400000e+02 	 1.320000e+03 	 2.000000e+00
1 	 214 	 Ey 	 1 	 7.658575e+00 	 -6.000000e+02 	 1.320000e+03 	 2.000000e+00
1 	 215 	 Ey 	 1 	 4.709737e+00 	 -3.600000e+02 	 1.320000e+03 	 2.000000e+00
1 	 216 	 Ey 	 1 	 5.963098e+00 	 -1.200000e+02 	 1.320000e+03 	 2.000000e+00
1 	 217 	 Ey 	 1 	 6.424003e+00 	 1.200000e+02 	 1.320000e+03 	 2.000000e+00
1 	 218 	 Ey 	 1 	 3.926651e+00 	 3.600000e+02 	 1.320000e+03 	 2.000000e+00
1 	 219 	 Ey 	 1 	 2.935158e+00 	 6.000000e+02 	 1.320000e+03 	 2.000000e+00
1 	 220 	 Ey 	 1 	 2.900269e+00 	 8.400000e+02 	 1.320000e+03 	 2.000000e+00
1 	 221 	 Ey 	 1 	 4.743896e+00 	 1.080000e+03 	 1.320000e+03 	 2.000000e+00
1 	 222 	 Ey 	 1 	 3.754806e+00 	 1.320000e+03 	 1.320000e+03 	 2.000000e+00
1 	 223 	 Ey 	 1 	 5.627948e+00 	 1.560000e+03 	 1.320000e+03 	 2.000000e+00
1 	 224 	 Ey 	 1 	 5.397357e+00 	 1.800000e+03 	 1.320000e+03 	 2.000000e+00
1 	 225 	 Ey 	 1 	 1.371995e+00 	 -1.800000e+03 	 1.560000e+03 	 2.000000e+00
1 	 226 	 Ey 	 1 	 3.482071e+00 	 -1.560000e+03 	 1.560000e+03 	 2.000000e+00
1 	 227 	 Ey 	 1 	 5.632650e+00 	 -1.320000e+03 	 1.560000e+03 	 2.000000e+00
1 	 228 	 Ey 	 1 	 6.526253e+00 	 -1.080000e+03 	 1.560000e+03 	 2.000000e+00
1 	 229 	 Ey 	 1 	 5.689912e+00 	 -8.400000e+02 	 1.560000e+03 	 2.000000e+00
1 	 230 	 Ey 	 1 	 7.584981e+00 	 -6.000000e+02 	 1.560000e+03 	 2.000000e+00
1 	 231 	 Ey 	 1 	 7.874717e+00 	 -3.600000e+02 	 1.560000e+03 	 2.000000e+00
1 	 232 	 Ey 	 1 	 5.231160e+00 	 -1.200000e+02 	 1.560000e+03 	 2.000000e+00
1 	 233 	 Ey 	 1 	 4.762198e+00 	 1.200000e+02 	 1.560000e+03 	 2.000000e+00
1 	 234 	 Ey 	 1 	 2.245482e+00 	 3.600000e+02 	 1.560000e+03 	 2.000000e+00
1 	 235 	 Ey 	 1 	 3.777937e+00 	 6.000000e+02 	 1.560000e+03 	 2.000000e+00
1 	 236 	 Ey 	 1 	 3.440643e+00 	 8.400000e+02 	 1.560000e+03 	 2.000000e+00
1 	 237 	 Ey 	 1 	 3.378271e+00 	 1.080000e+03 	 1.560000e+03 	 2.000000e+00
1 	 238 	 Ey 	 1 	 3.848149e+00 	 1.320000e+03 	 1.560000e+03 	 2.000000e+00
1 	 239 	 Ey 	 1 	 6.105528e+00 	 1.560000e+03 	 1.560000e+03 	 2.000000e+00
1 	 240 	 Ey 	 1 	 4.695903e+00 	 1.800000e+03 	 1.560000e+03 	 2.000000e+00
1 	 241 	 Ey 	 1 	 1.872767e+00 	 -1.800000e+03 	 1.800000e+03 	 2.000000e+00
1 	 242 	 Ey 	 1 	 2.348348e+00 	 -1.560000e+03 	 1.800000e+03 	 2.000000e+00
1 	 243 	 Ey 	 1 	 4.225567e+00 	 -1.320000e+03 	 1.800000e+03 	 2.000000e+00
1 	 244 	 Ey 	 1 	 5.658793e+00 	 -1.080000e+03 	 1.800000e+03 	 2.000000e+00
1 	 245 	 Ey 	 1 	 6.926219e+00 	 -8.400000e+02 	 1.800000e+03 	 2.000000e+00
1 	 246 	 Ey 	 1 	 8.930951e+00 	 -6.000000e+02 	 1.800000e+03 	 2.000000e+00
1 	 247 	 Ey 	 1 	 5.781178e+00 	 -3.600000e+02 	 1.800000e+03 	 2.000000e+00
1 	 248 	 Ey 	 1 	 6.454714e+00 	 -1.200000e+02 	 1.800000e+03 	 2.000000e+00
1 	 249 	 Ey 	 1 	 3.278361e+00 	 1.200000e+02 	 1.800000e+03 	 2.000000e+00
1 	 250 	 Ey 	 1 	 2.624514e+00 	 3.600000e+02 	 1.800000e+03 	 2.000000e+00
1 	 251 	 Ey 	 1 	 4.030519e+00 	 6.000000e+02 	 1.800000e+03 	 2.000000e+00
1 	 252 	 Ey 	 1 	 3.819205e+00 	 8.400000e+02 	 1.800000e+03 	 2.000000e+00
1 	 253 	 Ey 	 1 	 1.999934e+00 	 1.080000e+03 	 1.800000e+03 	 2.000000e+00
1 	 254 	 Ey 	 1 	 5.332851e+00 	 1.320000e+03 	 1.800000e+03 	 2.000000e+00
1 	 255 	 Ey 	 1 	 3.440490e+00 	 1.560000e+03 	 1.800000e+03 	 2.000000e+00
1 	 256 	 Ey 	 1 	 4.502851e+00 	 1.800000e+03 	 1.800000e+03 	 2.000000e+00
1 	 1 	 Ey 	 2 	 0.000000e+00 	 -1.800000e+03 	 -1.800000e+03 	 2.000000e+00
1 	 2 	 Ey 	 2 	 0.000000e+00 	 -1.560000e+03 	 -1.800000e+03 	 2.000000e+00
1 	 3 	 Ey 	 2 	 0.000000e+00 	 -1.320000e+03 	 -1.800000e+03 	 2.000000e+00
1 	 4 	 Ey 	 2 	 0.000000e+00 	 -1.080000e+03 	 -1.800000e+03 	 2.000000e+00
1 	 5 	 Ey 	 2 	 5.318140e-01 	 -8.400000e+02 	 -1.800000e+03 	 2.000000e+00
1 	 6 	 Ey 	 2 	 1.055894e+00 	 -6.000000e+02 	 -1.800000e+03 	 2.000000e+00
1 	 7 	 Ey 	 2 	 1.268101e+00 	 -3.600000e+02 	 -1.800000e+03 	 2.000000e+00
1 	 8 	 Ey 	 2 	 1.931391e+00 	 -1.200000e+02 	 -1.800000e+03 	 2.000000e+00
1 	 9 	 Ey 	 2 	 1.979463e+00 	 1.200000e+02 	 -1.800000e+03 	 2.000000e+00
1 	 10 	 Ey 	 2 	 3.805527e-01 	 3.600000e+02 	 -1.800000e+03 	 2.000000e+00
1 	 11 	 Ey 	 2 	 1.381127e+00 	 6.000000e+02 	 -1.800000e+03 	 2.000000e+00
1 	 12 	 Ey 	 2 	 1.439991e+00 	 8.400000e+02 	 -1.800000e+03 	 2.000000e+00
1 	 13 	 Ey 	 2 	 1.462213e+00 	 1.080000e+03 	 -1.800000e+03 	 2.000000e+00
1 	 14 	 Ey 	 2 	 3.778239e+00 	 1.320000e+03 	 -1.800000e+03 	 2.000000e+00
1 	 15 	 Ey 	 2 	 3.764840e+00 	 1.560000e+03 	 -1.800000e+03 	 2.000000e+00
1 	 16 	 Ey 	 2 	 3.876856e+00 	 1.800000e+03 	 -1.800000e+03 	 2.000000e+00
1 	 17 	 Ey 	 2 	 0.000000e+00 	 -1.800000e+03 	 -1.560000e+03 	 2.000000e+00
1 	 18 	 Ey 	 2 	 0.000000e+00 	 -1.560000e+03 	 -1.560000e+03 	 2.000000e+00
1 	 19 	 Ey 	 2 	 0.000000e+00 	 -1.320000e+03 	 -1.560000e+03 	 2.000000e+00
1 	 20 	 Ey 	 2 	 0.000000e+00 	 -1.080000e+03 	 -1.560000e+03 	 2.000000e+00
1 	 21 	 Ey 	 2 	 7.201985e-01 	 -8.400000e+02 	 -1.560000e+03 	 2.000000e+00
1 	 22 	 Ey 	 2 	 9.443194e-01 	 -6.000000e+02 	 -1.560000e+03 	 2.000000e+00
1 	 23 	 Ey 	 2 	 1.079620e+00 	 -3.600000e+02 	 -1.560000e+03 	 2.000000e+00
1 	 24 	 Ey 	 2 	 1.552890e+00 	 -1.200000e+02 	 -1.560000e+03 	 2.000000e+00
1 	 25 	 Ey 	 2 	 1.138854e+00 	 1.200000e+02 	 -1.560000e+03 	 2.000000e+00
1 	 26 	 Ey 	 2 	 1.041450e+00 	 3.600000e+02 	 -1.560000e+03 	 2.000000e+00
1 	 27 	 Ey 	 2 	 2.152651e+00 	 6.000000e+02 	 -1.560000e+03 	 2.000000e+00
1 	 28 	 Ey 	 2 	 2.464664e+00 	 8.400000e+02 	 -1.560000e+03 	 2.000000e+00
1 	 29 	 Ey 	 2 	 2.904542e+00 	 1.080000e+03 	 -1.560000e+03 	 2.000000e+00
1 	 30 	 Ey 	 2 	 3.964759e+00 	 1.320000e+03 	 -1.560000e+03 	 2.000000e+00
1 	 31 	 Ey 	 2 	 3.402513e+00 	 1.560000e+03 	 -1.560000e+03 	 2.000000e+00
1 	 32 	 Ey 	 2 	 2.483485e+00 	 1.800000e+03 	 -1.560000e+03 	 2.000000e+00
1 	 33 	 Ey 	 2 	 0.000000e+00 	 -1.800000e+03 	 -1.320000e+03 	 2.000000e+00
1 	 34 	 Ey 	 2 	 0.000000e+00 	 -1.560000e+03 	 -1.320000e+03 	 2.000000e+00
1 	 35 	 Ey 	 2 	 0.000000e+00 	 -1.320000e+03 	 -1.320000e+03 	 2.000000e+00
1 	 36 	 Ey 	 2 	 0.000000e+00 	 -1.080000e+03 	 -1.320000e+03 	 2.000000e+00
1 	 37 	 Ey 	 2 	 5.480815e-01 	 -8.400000e+02 	 -1.320000e+03 	 2.000000e+00
1 	 38 	 Ey 	 2 	 8.025494e-01 	 -6.000000e+02 	 -1.320000e+03 	 2.000000e+00
1 	 39 	 Ey 	 2 	 1.973169e+00 	 -3.600000e+02 	 -1.320000e+03 	 2.000000e+00
1 	 40 	 Ey 	 2 	 2.341677e+00 	 -1.200000e+02 	 -1.320000e+03 	 2.000000e+00
1 	 41 	 Ey 	 2 	 2.173762e-01 	 1.200000e+02 	 -1.320000e+03 	 2.000000e+00
1 	 42 	 Ey 	 2 	 1.557768e+00 	 3.600000e+02 	 -1.320000e+03 	 2.000000e+00
1 	 43 	 Ey 	 2 	 2.937933e+00 	 6.000000e+02 	 -1.320000e+03 	 2.000000e+00
1 	 44 	 Ey 	 2 	 4.717265e+00 	 8.400000e+02 	 -1.320000e+03 	 2.000000e+00
1 	 45 	 Ey 	 2 	 3.925650e+00 	 1.080000e+03 	 -1.320000e+03 	 2.000000e+00
1 	 46 	 Ey 	 2 	 5.817835e+00 	 1.320000e+03 	 -1.320000e+03 	 2.000000e+00
1 	 47 	 Ey 	 2 	 4.210502e+00 	 1.560000e+03 	 -1.320000e+03 	 2.000000e+00
1 	 48 	 Ey 	 2 	 5.210156e+00 	 1.800000e+03 	 -1.320000e+03 	 2.000000e+00
1 	 49 	 Ey 	 2 	 0.000000e+00 	 -1.800000e+03 	 -1.080000e+03 	 2.000000e+00
1 	 50 	 Ey 	 2 	 0.000000e+00 	 -1.560000e+03 	 -1.080000e+03 	 2.000000e+00
1 	 51 	 Ey 	 2 	 0.000000e+00 	 -1.320000e+03 	 -1.080000e+03 	 2.000000e+00
1 	 52 	 Ey 	 2 	 1.084000e+00 	 -1.080000e+03 	 -1.080000e+03 	 2.000000e+00
1 	 53 	 Ey 	 2 	 2.444998e-01 	 -8.400000e+02 	 -1.080000e+03 	 2.000000e+00
1 	 54 	 Ey 	 2 	 7.373347e-01 	 -6.000000e+02 	 -1.080000e+03 	 2.000000e+00
1 	 55 	 Ey 	 2 	 1.343126e+00 	 -3.600000e+02 	 -1.080000e+03 	 2.000000e+00
1 	 56 	 Ey 	 2 	 2.273778e+00 	 -1.200000e+02 	 -1.080000e+03 	 2.000000e+00
1 	 57 	 Ey 	 2 	 1.899177e+00 	 1.200000e+02 	 -1.080000e+03 	 2.000000e+00
1 	 58 	 Ey 	 2 	 4.391417e+00 	 3.600000e+02 	 -1.080000e+03 	 2.000000e+00
1 	 59 	 Ey 	 2 	 3.485399e+00 	 6.000000e+02 	 -1.080000e+03 	 2.000000e+00
1 	 60 	 Ey 	 2 	 4.756862e+00 	 8.400000e+02 	 -1.080000e+03 	 2.000000e+00
1 	 61 	 Ey 	 2 	 5.329492e+00 	 1.080000e+03 	 -1.080000e+03 	 2.000000e+00
1 	 62 	 Ey 	 2 	 5.168968e+00 	 1.320000e+03 	 -1.080000e+03 	 2.000000e+00
1 	 63 	 Ey 	 2 	 6.286160e+00 	 1.560000e+03 	 -1.080000e+03 	 2.000000e+00
1 	 64 	 Ey 	 2 	 6.099599e+00 	 1.800000e+03 	 -1.080000e+03 	 2.000000e+00
1 	 65 	 Ey 	 2 	 1.780564e-01 	 -1.800000e+03 	 -8.400000e+02 	 2.000000e+00
1 	 66 	 Ey 	 2 	 9.932656e-01 	 -1.560000e+03 	 -8.400000e+02 	 2.000000e+00
1 	 67 	 Ey 	 2 	 1.234033e+00 	 -1.320000e+03 	 -8.400000e+02 	 2.000000e+00
1 	 68 	 Ey 	 2 	 1.435466e+00 	 -1.080000e+03 	 -8.400000e+02 	 2.000000e+00
1 	 69 	 Ey 	 2 	 2.078923e+00 	 -8.400000e+02 	 -8.400000e+02 	 2.000000e+00
1 	 70 	 Ey 	 2 	 3.720101e+00 	 -6.000000e+02 	 -8.400000e+02 	 2.000000e+00
1 	 71 	 Ey 	 2 	 2.511899e+00 	 -3.600000e+02 	 -8.400000e+02 	 2.000000e+00
1 	 72 	 Ey 	 2 	 3.280739e+00 	 -1.200000e+02 	 -8.400000e+02 	 2.000000e+00
1 	 73 	 Ey 	 2 	 4.783947e+00 	 1.200000e+02 	 -8.400000e+02 	 2.000000e+00
1 	 74 	 Ey 	 2 	 4.891386e+00 	 3.600000e+02 	 -8.400000e+02 	 2.000000e+00
1 	 75 	 Ey 	 2 	 5.219199e+00 	 6.000000e+02 	 -8.400000e+02 	 2.000000e+00
1 	 76 	 Ey 	 2 	 5.441687e+00 	 8.400000e+02 	 -8.400000e+02 	 2.000000e+00
1 	 77 	 Ey 	 2 	 6.077874e+00 	 1.080000e+03 	 -8.400000e+02 	 2.000000e+00
1 	 78 	 Ey 	 2 	 6.502914e+00 	 1.320000e+03 	 -8.400000e+02 	 2.000000e+00
1 	 79 	 Ey 	 2 	 5.207726e+00 	 1.560000e+03 	 -8.400000e+02 	 2.000000e+00
1 	 80 	 Ey 	 2 	 6.067497e+00 	 1.800000e+03 	 -8.400000e+02 	 2.000000e+00
1 	 81 	 Ey 	 2 	 5.740541e-01 	 -1.800000e+03 	 -6.000000e+02 	 2.000000e+00
1 	 82 	 Ey 	 2 	 2.100798e+00 	 -1.560000e+03 	 -6.000000e+02 	 2.000000e+00
1 	 83 	 Ey 	 2 	 1.768105e+00 	 -1.320000e+03 	 -6.000000e+02 	 2.000000e+00
1 	 84 	 Ey 	 2 	 1.606547e+00 	 -1.080000e+03 	 -6.000000e+02 	 2.000000e+00
1 	 85 	 Ey 	 2 	 4.805872e+00 	 -8.400000e+02 	 -6.000000e+02 	 2.000000e+00
1 	 86 	 Ey 	 2 	 5.839076e+00 	 -6.000000e+02 	 -6.000000e+02 	 2.000000e+00
1 	 87 	 Ey 	 2 	 4.908620e+00 	 -3.600000e+02 	 -6.000000e+02 	 2.000000e+00
1 	 88 	 Ey 	 2 	 5.411731e+00 	 -1.200000e+02 	 -6.000000e+02 	 2.000000e+00
1 	 89 	 Ey 	 2 	 7.064498e+00 	 1.200000e+02 	 -6.000000e+02 	 2.000000e+00
1 	 90 	 Ey 	 2 	 5.896697e+00 	 3.600000e+02 	 -6.000000e+02 	 2.000000e+00
1 	 91 	 Ey 	 2 	 6.123879e+00 	 6.000000e+02 	 -6.000000e+02 	 2.000000e+00
1 	 92 	 Ey 	 2 	 6.580202e+00 	 8.400000e+02 	 -6.000000e+02 	 2.000000e+00
1 	 93 	 Ey 	 2 	 5.570538e+00 	 1.080000e+03 	 -6.000000e+02 	 2.000000e+00
1 	 94 	 Ey 	 2 	 5.636518e+00 	 1.320000e+03 	 -6.000000e+02 	 2.000000e+00
1 	 95 	 Ey 	 2 	 6.746345e+00 	 1.560000e+03 	 -6.000000e+02 	 2.000000e+00
1 	 96 	 Ey 	 2 	 7.192135e+00 	 1.800000e+03 	 -6.000000e+02 	 2.000000e+00
1 	 97 	 Ey 	 2 	 1.396777e+00 	 -1.800000e+03 	 -3.600000e+02 	 2.000000e+00
1 	 98 	 Ey 	 2 	 3.034972e+00 	 -1.560000e+03 	 -3.600000e+02 	 2.000000e+00
1 	 99 	 Ey 	 2 	 1.283749e+00 	 -1.320000e+03 	 -3.600000e+02 	 2.000000e+00
1 	 100 	 Ey 	 2 	 3.155072e+00 	 -1.080000e+03 	 -3.600000e+02 	 2.000000e+00
1 	 101 	 Ey 	 2 	 5.432308e+00 	 -8.400000e+02 	 -3.600000e+02 	 2.000000e+00
1 	 102 	 Ey 	 2 	 8.075559e+00 	 -6.000000e+02 	 -3.600000e+02 	 2.000000e+00
1 	 103 	 Ey 	 2 	 8.545353e+00 	 -3.600000e+02 	 -3.600000e+02 	 2.000000e+00
1 	 104 	 Ey 	 2 	 1.092230e+01 	 -1.200000e+02 	 -3.600000e+02 	 2.000000e+00
1 	 105 	 Ey 	 2 	 9.059956e+00 	 1.200000e+02 	 -3.600000e+02 	 2.000000e+00
1 	 106 	 Ey 	 2 	 8.487095e+00 	 3.600000e+02 	 -3.600000e+02 	 2.000000e+00
1 	 107 	 Ey 	 2 	 6.126576e+00 	 6.000000e+02 	 -3.600000e+02 	 2.000000e+00
1 	 108 	 Ey 	 2 	 6.324351e+00 	 8.400000e+02 	 -3.600000e+02 	 2.000000e+00
1 	 109 	 Ey 	 2 	 5.775634e+00 	 1.080000e+03 	 -3.600000e+02 	 2.000000e+00
1 	 110 	 Ey 	 2 	 7.245421e+00 	 1.320000e+03 	 -3.600000e+02 	 2.000000e+00
1 	 111 	 Ey 	 2 	 7.897732e+00 	 1.560000e+03 	 -3.600000e+02 	 2.000000e+00
1 	 112 	 Ey 	 2 	 6.678779e+00 	 1.800000e+03 	 -3.600000e+02 	 2.000000e+00
1 	 113 	 Ey 	 2 	 1.463022e+00 	 -1.800000e+03 	 -1.200000e+02 	 2.000000e+00
1 	 114 	 Ey 	 2 	 2.627647e+00 	 -1.560000e+03 	 -1.200000e+02 	 2.000000e+00
1 	 115 	 Ey 	 2 	 2.675541e+00 	 -1.320000e+03 	 -1.200000e+02 	 2.000000e+00
1 	 116 	 Ey 	 2 	 4.286882e+00 	 -1.080000e+03 	 -1.200000e+02 	 2.000000e+00
1 	 117 	 Ey 	 2 	 7.252988e+00 	 -8.400000e+02 	 -1.200000e+02 	 2.000000e+00
1 	 118 	 Ey 	 2 	 8.390949e+00 	 -6.000000e+02 	 -1.200000e+02 	 2.000000e+00
1 	 119 	 Ey 	 2 	 8.709061e+00 	 -3.600000e+02 	 -1.200000e+02 	 2.000000e+00
1 	 120 	 Ey 	 2 	 1.128479e+01 	 -1.200000e+02 	 -1.200000e+02 	 2.000000e+00
1 	 121 	 Ey 	 2 	 8.727688e+00 	 1.200000e+02 	 -1.200000e+02 	 2.000000e+00
1 	 122 	 Ey 	 2 	 9.786692e+00 	 3.600000e+02 	 -1.200000e+02 	 2.000000e+00
1 	 123 	 Ey 	 2 	 6.980231e+00 	 6.000000e+02 	 -1.200000e+02 	 2.000000e+00
1 	 124 	 Ey 	 2 	 7.339679e+00 	 8.400000e+02 	 -1.200000e+02 	 2.000000e+00
1 	 125 	 Ey 	 2 	 6.864784e+00 	 1.080000e+03 	 -1.200000e+02 	 2.000000e+00
1 	 126 	 Ey 	 2 	 6.645725e+00 	 1.320000e+03 	 -1.200000e+02 	 2.000000e+00
1 	 127 	 Ey 	 2 	 7.214583e+00 	 1.560000e+03 	 -1.200000e+02 	 2.000000e+00
1 	 128 	 Ey 	 2 	 6.073104e+00 	 1.800000e+03 	 -1.200000e+02 	 2.000000e+00
1 	 129 	 Ey 	 2 	 1.629043e+00 	 -1.800000e+03 	 1.200000e+02 	 2.000000e+00
1 	 130 	 Ey 	 2 	 2.142483e+00 	 -1.560000e+03 	 1.200000e+02 	 2.000000e+00
1 	 131 	 Ey 	 2 	 3.199625e+00 	 -1.320000e+03 	 1.200000e+02 	 2.000000e+00
1 	 132 	 Ey 	 2 	 4.426412e+00 	 -1.080000e+03 	 1.200000e+02 	 2.000000e+00
1 	 133 	 Ey 	 2 	 5.629646e+00 	 -8.400000e+02 	 1.200000e+02 	 2.000000e+00
1 	 134 	 Ey 	 2 	 7.684664e+00 	 -6.000000e+02 	 1.200000e+02 	 2.000000e+00
1 	 135 	 Ey 	 2 	 1.004593e+01 	 -3.600000e+02 	 1.200000e+02 	 2.000000e+00
1 	 136 	 Ey 	 2 	 1.021905e+01 	 -1.200000e+02 	 1.200000e+02 	 2.000000e+00
1 	 137 	 Ey 	 2 	 8.785228e+00 	 1.200000e+02 	 1.200000e+02 	 2.000000e+00
1 	 138 	 Ey 	 2 	 9.758603e+00 	 3.600000e+02 	 1.200000e+02 	 2.000000e+00
1 	 139 	 Ey 	 2 	 7.426362e+00 	 6.000000e+02 	 1.200000e+02 	 2.000000e+00
1 	 140 	 Ey 	 2 	 6.324861e+00 	 8.400000e+02 	 1.200000e+02 	 2.000000e+00
1 	 141 	 Ey 	 2 	 7.485748e+00 	 1.080000e+03 	 1.200000e+02 	 2.000000e+00
1 	 142 	 Ey 	 2 	 5.411040e+00 	 1.320000e+03 	 1.200000e+02 	 2.000000e+00
1 	 143 	 Ey 	 2 	 7.370996e+00 	 1.560000e+03 	 1.200000e+02 	 2.000000e+00
1 	 144 	 Ey 	 2 	 6.067152e+00 	 1.800000e+03 	 1.200000e+02 	 2.000000e+00
1 	 145 	 Ey 	 2 	 1.705501e+00 	 -1.800000e+03 	 3.600000e+02 	 2.000000e+00
1 	 146 	 Ey 	 2 	 2.407979e+00 	 -1.560000e+03 	 3.600000e+02 	 2.000000e+00
1 	 147 	 Ey 	 2 	 2.222127e+00 	 -1.320000e+03 	 3.600000e+02 	 2.000000e+00
1 	 148 	 Ey 	 2 	 3.776153e+00 	 -1.080000e+03 	 3.600000e+02 	 2.000000e+00
1 	 149 	 Ey 	 2 	 5.107639e+00 	 -8.400000e+02 	 3.600000e+02 	 2.000000e+00
1 	 150 	 Ey 	 2 	 6.000107e+00 	 -6.000000e+02 	 3.600000e+02 	 2.000000e+00
1 	 151 	 Ey 	 2 	 8.039296e+00 	 -3.600000e+02 	 3.600000e+02 	 2.000000e+00
1 	 152 	 Ey 	 2 	 9.591055e+00 	 -1.200000e+02 	 3.600000e+02 	 2.000000e+00
1 	 153 	 Ey 	 2 	 9.920804e+00 	 1.200000e+02 	 3.600000e+02 	 2.000000e+00
1 	 154 	 Ey 	 2 	 8.902319e+00 	 3.600000e+02 	 3.600000e+02 	 2.000000e+00
1 	 155 	 Ey 	 2 	 7.745099e+00 	 6.000000e+02 	 3.600000e+02 	 2.000000e+00
1 	 156 	 Ey 	 2 	 6.272772e+00 	 8.400000e+02 	 3.600000e+02 	 2.000000e+00
1 	 157 	 Ey 	 2 	 7.308494e+00 	 1.080000e+03 	 3.600000e+02 	 2.000000e+00
1 	 158 	 Ey 	 2 	 6.115068e+00 	 1.320000e+03 	 3.600000e+02 	 2.000000e+00
1 	 159 	 Ey 	 2 	 5.163141e+00 	 1.560000e+03 	 3.600000e+02 	 2.000000e+00
1 	 160 	 Ey 	 2 	 5.710886e+00 	 1.800000e+03 	 3.600000e+02 	 2.000000e+00
1 	 161 	 Ey 	 2 	 1.743402e+00 	 -1.800000e+03 	 6.000000e+02 	 2.000000e+00
1 	 162 	 Ey 	 2 	 1.170198e+00 	 -1.560000e+03 	 6.000000e+02 	 2.000000e+00
1 	 163 	 Ey 	 2 	 3.142147e+00 	 -1.320000e+03 	 6.000000e+02 	 2.000000e+00
1 	 164 	 Ey 	 2 	 2.363305e+00 	 -1.080000e+03 	 6.000000e+02 	 2.000000e+00
1 	 165 	 Ey 	 2 	 1.852688e+00 	 -8.400000e+02 	 6.000000e+02 	 2.000000e+00
1 	 166 	 Ey 	 2 	 4.711327e+00 	 -6.000000e+02 	 6.000000e+02 	 2.000000e+00
1 	 167 	 Ey 	 2 	 6.448194e+00 	 -3.600000e+02 	 6.000000e+02 	 2.000000e+00
1 	 168 	 Ey 	 2 	 8.296521e+00 	 -1.200000e+02 	 6.000000e+02 	 2.000000e+00
1 	 169 	 Ey 	 2 	 8.294420e+00 	 1.200000e+02 	 6.000000e+02 	 2.000000e+00
1 	 170 	 Ey 	 2 	 7.265607e+00 	 3.600000e+02 	 6.000000e+02 	 2.000000e+00
1 	 171 	 Ey 	 2 	 5.750843e+00 	 6.000000e+02 	 6.000000e+02 	 2.000000e+00
1 	 172 	 Ey 	 2 	 6.581042e+00 	 8.400000e+02 	 6.000000e+02 	 2.000000e+00
1 	 173 	 Ey 	 2 	 5.858069e+00 	 1.080000e+03 	 6.000000e+02 	 2.000000e+00
1 	 174 	 Ey 	 2 	 5.087524e+00 	 1.320000e+03 	 6.000000e+02 	 2.000000e+00
1 	 175 	 Ey 	 2 	 4.555683e+00 	 1.560000e+03 	 6.000000e+02 	 2.000000e+00
1 	 176 	 Ey 	 2 	 4.142422e+00 	 1.800000e+03 	 6.000000e+02 	 2.000000e+00
1 	 177 	 Ey 	 2 	 2.867844e-01 	 -1.800000e+03 	 8.400000e+02 	 2.000000e+00
1 	 178 	 Ey 	 2 	 1.266942e+00 	 -1.560000e+03 	 8.400000e+02 	 2.000000e+00
1 	 179 	 Ey 	 2 	 1.756666e+00 	 -1.320000e+03 	 8.400000e+02 	 2.000000e+00
1 	 180 	 Ey 	 2 	 1.514979e+00 	 -1.080000e+03 	 8.400000e+02 	 2.000000e+00
1 	 181 	 Ey 	 2 	 1.032147e+00 	 -8.400000e+02 	 8.400000e+02 	 2.000000e+00
1 	 182 	 Ey 	 2 	 3.208719e+00 	 -6.000000e+02 	 8.400000e+02 	 2.000000e+00
1 	 183 	 Ey 	 2 	 6.467244e+00 	 -3.600000e+02 	 8.400000e+02 	 2.000000e+00
1 	 184 	 Ey 	 2 	 6.916090e+00 	 -1.200000e+02 	 8.400000e+02 	 2.000000e+00
1 	 185 	 Ey 	 2 	 7.497869e+00 	 1.200000e+02 	 8.400000e+02 	 2.000000e+00
1 	 186 	 Ey 	 2 	 7.010600e+00 	 3.600000e+02 	 8.400000e+02 	 2.000000e+00
1 	 187 	 Ey 	 2 	 6.114740e+00 	 6.000000e+02 	 8.400000e+02 	 2.000000e+00
1 	 188 	 Ey 	 2 	 4.749129e+00 	 8.400000e+02 	 8.400000e+02 	 2.000000e+00
1 	 189 	 Ey 	 2 	 6.195166e+00 	 1.080000e+03 	 8.400000e+02 	 2.000000e+00
1 	 190 	 Ey 	 2 	 4.032599e+00 	 1.320000e+03 	 8.400000e+02 	 2.000000e+00
1 	 191 	 Ey 	 2 	 4.659171e+00 	 1.560000e+03 	 8.400000e+02 	 2.000000e+00
1 	 192 	 Ey 	 2 	 3.978410e+00 	 1.800000e+03 	 8.400000e+02 	 2.000000e+00
1 	 193 	 Ey 	 2 	 8.896714e-02 	 -1.800000e+03 	 1.080000e+03 	 2.000000e+00
1 	 194 	 Ey 	 2 	 1.223522e+00 	 -1.560000e+03 	 1.080000e+03 	 2.000000e+00
1 	 195 	 Ey 	 2 	 2.637180e+00 	 -1.320000e+03 	 1.080000e+03 	 2.000000e+00
1 	 196 	 Ey 	 2 	 1.314519e+00 	 -1.080000e+03 	 1.080000e+03 	 2.000000e+00
1 	 197 	 Ey 	 2 	 1.739195e+00 	 -8.400000e+02 	 1.080000e+03 	 2.000000e+00
1 	 198 	 Ey 	 2 	 2.481642e+00 	 -6.000000e+02 	 1.080000e+03 	 2.000000e+00
1 	 199 	 Ey 	 2 	 4.513241e+00 	 -3.600000e+02 	 1.080000e+03 	 2.000000e+00
1 	 200 	 Ey 	 2 	 4.363343e+00 	 -1.200000e+02 	 1.080000e+03 	 2.000000e+00
1 	 201 	 Ey 	 2 	 5.076489e+00 	 1.200000e+02 	 1.080000e+03 	 2.000000e+00
1 	 202 	 Ey 	 2 	 5.931151e+00 	 3.600000e+02 	 1.080000e+03 	 2.000000e+00
1 	 203 	 Ey 	 2 	 4.882566e+00 	 6.000000e+02 	 1.080000e+03 	 2.000000e+00
1 	 204 	 Ey 	 2 	 4.376184e+00 	 8.400000e+02 	 1.080000e+03 	 2.000000e+00
1 	 205 	 Ey 	 2 	 4.075010e+00 	 1.080000e+03 	 1.080000e+03 	 2.000000e+00
1 	 206 	 Ey 	 2 	 4.339157e+00 	 1.320000e+03 	 1.080000e+03 	 2.000000e+00
1 	 207 	 Ey 	 2 	 5.385808e+00 	 1.560000e+03 	 1.080000e+03 	 2.000000e+00
1 	 208 	 Ey 	 2 	 6.013731e+00 	 1.800000e+03 	 1.080000e+03 	 2.000000e+00
1 	 209 	 Ey 	 2 	 1.096709e+00 	 -1.800000e+03 	 1.320000e+03 	 2.000000e+00
1 	 210 	 Ey 	 2 	 1.449763e+00 	 -1.560000e+03 	 1.320000e+03 	 2.000000e+00
1 	 211 	 Ey 	 2 	 2.713682e+00 	 -1.320000e+03 	 1.320000e+03 	 2.000000e+00
1 	 212 	 Ey 	 2 	 1.794073e+00 	 -1.080000e+03 	 1.320000e+03 	 2.000000e+00
1 	 213 	 Ey 	 2 	 3.344271e+00 	 -8.400000e+02 	 1.320000e+03 	 2.000000e+00
1 	 214 	 Ey 	 2 	 3.196146e+00 	 -6.000000e+02 	 1.320000e+03 	 2.000000e+00
1 	 215 	 Ey 	 2 	 3.964700e+00 	 -3.600000e+02 	 1.320000e+03 	 2.000000e+00
1 	 216 	 Ey 	 2 	 3.619719e+00 	 -1.200000e+02 	 1.320000e+03 	 2.000000e+00
1 	 217 	 Ey 	 2 	 4.596006e+00 	 1.200000e+02 	 1.320000e+03 	 2.000000e+00
1 	 218 	 Ey 	 2 	 5.481828e+00 	 3.600000e+02 	 1.320000e+03 	 2.000000e+00
1 	 219 	 Ey 	 2 	 4.832175e+00 	 6.000000e+02 	 1.320000e+03 	 2.000000e+00
1 	 220 	 Ey 	 2 	 5.781340e+00 	 8.400000e+02 	 1.320000e+03 	 2.000000e+00
1 	 221 	 Ey 	 2 	 5.436298e+00 	 1.080000e+03 	 1.320000e+03 	 2.000000e+00
1 	 222 	 Ey 	 2 	 4.454687e+00 	 1.320000e+03 	 1.320000e+03 	 2.000000e+00
1 	 223 	 Ey 	 2 	 5.811714e+00 	 1.560000e+03 	 1.320000e+03 	 2.000000e+00
1 	 224 	 Ey 	 2 	 2.051061e+00 	 1.800000e+03 	 1.320000e+03 	 2.000000e+00
1 	 225 	 Ey 	 2 	 2.204105e+00 	 -1.800000e+03 	 1.560000e+03 	 2.000000e+00
1 	 226 	 Ey 	 2 	 2.663591e+00 	 -1.560000e+03 	 1.560000e+03 	 2.000000e+00
1 	 227 	 Ey 	 2 	 2.692840e+00 	 -1.320000e+03 	 1.560000e+03 	 2.000000e+00
1 	 228 	 Ey 	 2 	 3.291412e+00 	 -1.080000e+03 	 1.560000e+03 	 2.000000e+00
1 	 229 	 Ey 	 2 	 3.926389e+00 	 -8.400000e+02 	 1.560000e+03 	 2.000000e+00
1 	 230 	 Ey 	 2 	 4.501603e+00 	 -6.000000e+02 	 1.560000e+03 	 2.000000e+00
1 	 231 	 Ey 	 2 	 3.642350e+00 	 -3.600000e+02 	 1.560000e+03 	 2.000000e+00
1 	 232 	 Ey 	 2 	 3.206038e+00 	 -1.200000e+02 	 1.560000e+03 	 2.000000e+00
1 	 233 	 Ey 	 2 	 4.342764e+00 	 1.200000e+02 	 1.560000e+03 	 2.000000e+00
1 	 234 	 Ey 	 2 	 5.244196e+00 	 3.600000e+02 	 1.560000e+03 	 2.000000e+00
1 	 235 	 Ey 	 2 	 4.424685e+00 	 6.000000e+02 	 1.560000e+03 	 2.000000e+00
1 	 236 	 Ey 	 2 	 5.001320e+00 	 8.400000e+02 	 1.560000e+03 	 2.000000e+00
1 	 237 	 Ey 	 2 	 4.842127e+00 	 1.080000e+03 	 1.560000e+03 	 2.000000e+00
1 	 238 	 Ey 	 2 	 4.139391e+00 	 1.320000e+03 	 1.560000e+03 	 2.000000e+00
1 	 239 	 Ey 	 2 	 3.388788e+00 	 1.560000e+03 	 1.560000e+03 	 2.000000e+00
1 	 240 	 Ey 	 2 	 3.607981e+00 	 1.800000e+03 	 1.560000e+03 	 2.000000e+00
1 	 241 	 Ey 	 2 	 1.489373e+00 	 -1.800000e+03 	 1.800000e+03 	 2.000000e+00
1 	 242 	 Ey 	 2 	 1.969620e+00 	 -1.560000e+03 	 1.800000e+03 	 2.000000e+00
1 	 243 	 Ey 	 2 	 4.066517e+00 	 -1.320000e+03 	 1.800000e+03 	 2.000000e+00
1 	 244 	 Ey 	 2 	 3.696775e+00 	 -1.080000e+03 	 1.800000e+03 	 2.000000e+00
1 	 245 	 Ey 	 2 	 3.826072e+00 	 -8.400000e+02 	 1.800000e+03 	 2.000000e+00
1 	 246 	 Ey 	 2 	 3.674449e+00 	 -6.000000e+02 	 1.800000e+03 	 2.000000e+00
1 	 247 	 Ey 	 2 	 2.290599e+00 	 -3.600000e+02 	 1.800000e+03 	 2.000000e+00
1 	 248 	 Ey 	 2 	 3.760981e+00 	 -1.200000e+02 	 1.800000e+03 	 2.000000e+00
1 	 249 	 Ey 	 2 	 2.474323e+00 	 1.200000e+02 	 1.800000e+03 	 2.000000e+00
1 	 250 	 Ey 	 2 	 3.387702e+00 	 3.600000e+02 	 1.800000e+03 	 2.000000e+00
1 	 251 	 Ey 	 2 	 4.378138e+00 	 6.000000e+02 	 1.800000e+03 	 2.000000e+00
1 	 252 	 Ey 	 2 	 3.654900e+00 	 8.400000e+02 	 1.800000e+03 	 2.000000e+00
1 	 253 	 Ey 	 2 	 3.912813e+00 	 1.080000e+03 	 1.800000e+03 	 2.000000e+00
1 	 254 	 Ey 	 2 	 4.542626e+00 	 1.320000e+03 	 1.800000e+03 	 2.000000e+00
1 	 255 	 Ey 	 2 	 4.611648e+00 	 1.560000e+03 	 1.800000e+03 	 2.000000e+00
1 	 256 	 Ey 	 2 	 3.463934e+00 	 1.800000e+03 	 1.800000e+03 	 2.000000e+00
