iTx 	 iRx    ichrec  ifreq 	 sig_misfit   x       y      z
3 	 1 	 Ex 	 1 	 1.585637e+00 	 -1.800000e+03 	 -1.800000e+03 	 2.000000e+00
3 	 2 	 Ex 	 1 	 2.280891e+00 	 -1.560000e+03 	 -1.800000e+03 	 2.000000e+00
3 	 3 	 Ex 	 1 	 2.829888e+00 	 -1.320000e+03 	 -1.800000e+03 	 2.000000e+00
3 	 4 	 Ex 	 1 	 1.423650e+00 	 -1.080000e+03 	 -1.800000e+03 	 2.000000e+00
3 	 5 	 Ex 	 1 	 6.580040e-01 	 -8.400000e+02 	 -1.800000e+03 	 2.000000e+00
3 	 6 	 Ex 	 1 	 1.636939e+00 	 -6.000000e+02 	 -1.800000e+03 	 2.000000e+00
3 	 7 	 Ex 	 1 	 1.559104e+00 	 -3.600000e+02 	 -1.800000e+03 	 2.000000e+00
3 	 8 	 Ex 	 1 	 6.733354e-01 	 -1.200000e+02 	 -1.800000e+03 	 2.000000e+00
3 	 9 	 Ex 	 1 	 0.000000e+00 	 1.200000e+02 	 -1.800000e+03 	 2.000000e+00
3 	 10 	 Ex 	 1 	 0.000000e+00 	 3.600000e+02 	 -1.800000e+03 	 2.000000e+00
3 	 11 	 Ex 	 1 	 0.000000e+00 	 6.000000e+02 	 -1.800000e+03 	 2.000000e+00
3 	 12 	 Ex 	 1 	 0.000000e+00 	 8.400000e+02 	 -1.800000e+03 	 2.000000e+00
3 	 13 	 Ex 	 1 	 0.000000e+00 	 1.080000e+03 	 -1.800000e+03 	 2.000000e+00
3 	 14 	 Ex 	 1 	 1.930872e+00 	 1.320000e+03 	 -1.800000e+03 	 2.000000e+00
3 	 15 	 Ex 	 1 	 8.412204e-01 	 1.560000e+03 	 -1.800000e+03 	 2.000000e+00
3 	 16 	 Ex 	 1 	 3.502348e-01 	 1.800000e+03 	 -1.800000e+03 	 2.000000e+00
3 	 17 	 Ex 	 1 	 3.497982e+00 	 -1.800000e+03 	 -1.560000e+03 	 2.000000e+00
3 	 18 	 Ex 	 1 	 2.362279e+00 	 -1.560000e+03 	 -1.560000e+03 	 2.000000e+00
3 	 19 	 Ex 	 1 	 3.789788e+00 	 -1.320000e+03 	 -1.560000e+03 	 2.000000e+00
3 	 20 	 Ex 	 1 	 1.653090e-01 	 -1.080000e+03 	 -1.560000e+03 	 2.000000e+00
3 	 21 	 Ex 	 1 	 1.245486e+00 	 -8.400000e+02 	 -1.560000e+03 	 2.000000e+00
3 	 22 	 Ex 	 1 	 4.022453e-01 	 -6.000000e+02 	 -1.560000e+03 	 2.000000e+00
3 	 23 	 Ex 	 1 	 1.070606e+00 	 -3.600000e+02 	 -1.560000e+03 	 2.000000e+00
3 	 24 	 Ex 	 1 	 3.777088e-01 	 -1.200000e+02 	 -1.560000e+03 	 2.000000e+00
3 	 25 	 Ex 	 1 	 0.000000e+00 	 1.200000e+02 	 -1.560000e+03 	 2.000000e+00
3 	 26 	 Ex 	 1 	 0.000000e+00 	 3.600000e+02 	 -1.560000e+03 	 2.000000e+00
3 	 27 	 Ex 	 1 	 0.000000e+00 	 6.000000e+02 	 -1.560000e+03 	 2.000000e+00
3 	 28 	 Ex 	 1 	 0.000000e+00 	 8.400000e+02 	 -1.560000e+03 	 2.000000e+00
3 	 29 	 Ex 	 1 	 0.000000e+00 	 1.080000e+03 	 -1.560000e+03 	 2.000000e+00
3 	 30 	 Ex 	 1 	 7.461551e-01 	 1.320000e+03 	 -1.560000e+03 	 2.000000e+00
3 	 31 	 Ex 	 1 	 6.499215e-01 	 1.560000e+03 	 -1.560000e+03 	 2.000000e+00
3 	 32 	 Ex 	 1 	 1.789392e-01 	 1.800000e+03 	 -1.560000e+03 	 2.000000e+00
3 	 33 	 Ex 	 1 	 4.065072e+00 	 -1.800000e+03 	 -1.320000e+03 	 2.000000e+00
3 	 34 	 Ex 	 1 	 2.797367e+00 	 -1.560000e+03 	 -1.320000e+03 	 2.000000e+00
3 	 35 	 Ex 	 1 	 3.894624e+00 	 -1.320000e+03 	 -1.320000e+03 	 2.000000e+00
3 	 36 	 Ex 	 1 	 2.639742e+00 	 -1.080000e+03 	 -1.320000e+03 	 2.000000e+00
3 	 37 	 Ex 	 1 	 1.937287e+00 	 -8.400000e+02 	 -1.320000e+03 	 2.000000e+00
3 	 38 	 Ex 	 1 	 1.378435e+00 	 -6.000000e+02 	 -1.320000e+03 	 2.000000e+00
3 	 39 	 Ex 	 1 	 1.715928e+00 	 -3.600000e+02 	 -1.320000e+03 	 2.000000e+00
3 	 40 	 Ex 	 1 	 1.198487e+00 	 -1.200000e+02 	 -1.320000e+03 	 2.000000e+00
3 	 41 	 Ex 	 1 	 0.000000e+00 	 1.200000e+02 	 -1.320000e+03 	 2.000000e+00
3 	 42 	 Ex 	 1 	 0.000000e+00 	 3.600000e+02 	 -1.320000e+03 	 2.000000e+00
3 	 43 	 Ex 	 1 	 0.000000e+00 	 6.000000e+02 	 -1.320000e+03 	 2.000000e+00
3 	 44 	 Ex 	 1 	 0.000000e+00 	 8.400000e+02 	 -1.320000e+03 	 2.000000e+00
3 	 45 	 Ex 	 1 	 9.821348e-01 	 1.080000e+03 	 -1.320000e+03 	 2.000000e+00
3 	 46 	 Ex 	 1 	 1.023037e+00 	 1.320000e+03 	 -1.320000e+03 	 2.000000e+00
3 	 47 	 Ex 	 1 	 4.031638e-01 	 1.560000e+03 	 -1.320000e+03 	 2.000000e+00
3 	 48 	 Ex 	 1 	 1.160449e+00 	 1.800000e+03 	 -1.320000e+03 	 2.000000e+00
3 	 49 	 Ex 	 1 	 3.467797e+00 	 -1.800000e+03 	 -1.080000e+03 	 2.000000e+00
3 	 50 	 Ex 	 1 	 3.388201e+00 	 -1.560000e+03 	 -1.080000e+03 	 2.000000e+00
3 	 51 	 Ex 	 1 	 4.383270e+00 	 -1.320000e+03 	 -1.080000e+03 	 2.000000e+00
3 	 52 	 Ex 	 1 	 4.579830e+00 	 -1.080000e+03 	 -1.080000e+03 	 2.000000e+00
3 	 53 	 Ex 	 1 	 3.407204e+00 	 -8.400000e+02 	 -1.080000e+03 	 2.000000e+00
3 	 54 	 Ex 	 1 	 8.378399e-01 	 -6.000000e+02 	 -1.080000e+03 	 2.000000e+00
3 	 55 	 Ex 	 1 	 8.613542e-01 	 -3.600000e+02 	 -1.080000e+03 	 2.000000e+00
3 	 56 	 Ex 	 1 	 1.804252e+00 	 -1.200000e+02 	 -1.080000e+03 	 2.000000e+00
3 	 57 	 Ex 	 1 	 1.020627e+00 	 1.200000e+02 	 -1.080000e+03 	 2.000000e+00
3 	 58 	 Ex 	 1 	 0.000000e+00 	 3.600000e+02 	 -1.080000e+03 	 2.000000e+00
3 	 59 	 Ex 	 1 	 0.000000e+00 	 6.000000e+02 	 -1.080000e+03 	 2.000000e+00
3 	 60 	 Ex 	 1 	 8.762292e-01 	 8.400000e+02 	 -1.080000e+03 	 2.000000e+00
3 	 61 	 Ex 	 1 	 7.246378e-01 	 1.080000e+03 	 -1.080000e+03 	 2.000000e+00
3 	 62 	 Ex 	 1 	 5.432773e-01 	 1.320000e+03 	 -1.080000e+03 	 2.000000e+00
3 	 63 	 Ex 	 1 	 1.769025e+00 	 1.560000e+03 	 -1.080000e+03 	 2.000000e+00
3 	 64 	 Ex 	 1 	 1.431108e+00 	 1.800000e+03 	 -1.080000e+03 	 2.000000e+00
3 	 65 	 Ex 	 1 	 3.299513e+00 	 -1.800000e+03 	 -8.400000e+02 	 2.000000e+00
3 	 66 	 Ex 	 1 	 4.520989e+00 	 -1.560000e+03 	 -8.400000e+02 	 2.000000e+00
3 	 67 	 Ex 	 1 	 5.907654e+00 	 -1.320000e+03 	 -8.400000e+02 	 2.000000e+00
3 	 68 	 Ex 	 1 	 4.715694e+00 	 -1.080000e+03 	 -8.400000e+02 	 2.000000e+00
3 	 69 	 Ex 	 1 	 4.385293e+00 	 -8.400000e+02 	 -8.400000e+02 	 2.000000e+00
3 	 70 	 Ex 	 1 	 1.367481e+00 	 -6.000000e+02 	 -8.400000e+02 	 2.000000e+00
3 	 71 	 Ex 	 1 	 3.017746e-01 	 -3.600000e+02 	 -8.400000e+02 	 2.000000e+00
3 	 72 	 Ex 	 1 	 1.331094e+00 	 -1.200000e+02 	 -8.400000e+02 	 2.000000e+00
3 	 73 	 Ex 	 1 	 1.875066e+00 	 1.200000e+02 	 -8.400000e+02 	 2.000000e+00
3 	 74 	 Ex 	 1 	 1.657746e+00 	 3.600000e+02 	 -8.400000e+02 	 2.000000e+00
3 	 75 	 Ex 	 1 	 1.360456e+00 	 6.000000e+02 	 -8.400000e+02 	 2.000000e+00
3 	 76 	 Ex 	 1 	 8.832191e-01 	 8.400000e+02 	 -8.400000e+02 	 2.000000e+00
3 	 77 	 Ex 	 1 	 1.035650e+00 	 1.080000e+03 	 -8.400000e+02 	 2.000000e+00
3 	 78 	 Ex 	 1 	 1.840879e+00 	 1.320000e+03 	 -8.400000e+02 	 2.000000e+00
3 	 79 	 Ex 	 1 	 1.314438e+00 	 1.560000e+03 	 -8.400000e+02 	 2.000000e+00
3 	 80 	 Ex 	 1 	 1.242256e+00 	 1.800000e+03 	 -8.400000e+02 	 2.000000e+00
3 	 81 	 Ex 	 1 	 1.195987e+00 	 -1.800000e+03 	 -6.000000e+02 	 2.000000e+00
3 	 82 	 Ex 	 1 	 3.295410e+00 	 -1.560000e+03 	 -6.000000e+02 	 2.000000e+00
3 	 83 	 Ex 	 1 	 3.655469e+00 	 -1.320000e+03 	 -6.000000e+02 	 2.000000e+00
3 	 84 	 Ex 	 1 	 5.315815e+00 	 -1.080000e+03 	 -6.000000e+02 	 2.000000e+00
3 	 85 	 Ex 	 1 	 5.216151e+00 	 -8.400000e+02 	 -6.000000e+02 	 2.000000e+00
3 	 86 	 Ex 	 1 	 2.478741e+00 	 -6.000000e+02 	 -6.000000e+02 	 2.000000e+00
3 	 87 	 Ex 	 1 	 1.776817e+00 	 -3.600000e+02 	 -6.000000e+02 	 2.000000e+00
3 	 88 	 Ex 	 1 	 1.142324e+00 	 -1.200000e+02 	 -6.000000e+02 	 2.000000e+00
3 	 89 	 Ex 	 1 	 7.431953e-01 	 1.200000e+02 	 -6.000000e+02 	 2.000000e+00
3 	 90 	 Ex 	 1 	 2.300994e+00 	 3.600000e+02 	 -6.000000e+02 	 2.000000e+00
3 	 91 	 Ex 	 1 	 3.647117e+00 	 6.000000e+02 	 -6.000000e+02 	 2.000000e+00
3 	 92 	 Ex 	 1 	 2.260855e+00 	 8.400000e+02 	 -6.000000e+02 	 2.000000e+00
3 	 93 	 Ex 	 1 	 1.189131e+00 	 1.080000e+03 	 -6.000000e+02 	 2.000000e+00
3 	 94 	 Ex 	 1 	 1.962538e+00 	 1.320000e+03 	 -6.000000e+02 	 2.000000e+00
3 	 95 	 Ex 	 1 	 2.819822e+00 	 1.560000e+03 	 -6.000000e+02 	 2.000000e+00
3 	 96 	 Ex 	 1 	 2.204622e+00 	 1.800000e+03 	 -6.000000e+02 	 2.000000e+00
3 	 97 	 Ex 	 1 	 9.252746e-01 	 -1.800000e+03 	 -3.600000e+02 	 2.000000e+00
3 	 98 	 Ex 	 1 	 1.965931e+00 	 -1.560000e+03 	 -3.600000e+02 	 2.000000e+00
3 	 99 	 Ex 	 1 	 2.422242e+00 	 -1.320000e+03 	 -3.600000e+02 	 2.000000e+00
3 	 100 	 Ex 	 1 	 4.208067e+00 	 -1.080000e+03 	 -3.600000e+02 	 2.000000e+00
3 	 101 	 Ex 	 1 	 2.934394e+00 	 -8.400000e+02 	 -3.600000e+02 	 2.000000e+00
3 	 102 	 Ex 	 1 	 1.965340e+00 	 -6.000000e+02 	 -3.600000e+02 	 2.000000e+00
3 	 103 	 Ex 	 1 	 9.117702e-01 	 -3.600000e+02 	 -3.600000e+02 	 2.000000e+00
3 	 104 	 Ex 	 1 	 3.722445e-01 	 -1.200000e+02 	 -3.600000e+02 	 2.000000e+00
3 	 105 	 Ex 	 1 	 9.236844e-01 	 1.200000e+02 	 -3.600000e+02 	 2.000000e+00
3 	 106 	 Ex 	 1 	 4.833385e+00 	 3.600000e+02 	 -3.600000e+02 	 2.000000e+00
3 	 107 	 Ex 	 1 	 3.716346e+00 	 6.000000e+02 	 -3.600000e+02 	 2.000000e+00
3 	 108 	 Ex 	 1 	 2.852616e+00 	 8.400000e+02 	 -3.600000e+02 	 2.000000e+00
3 	 109 	 Ex 	 1 	 1.812381e-01 	 1.080000e+03 	 -3.600000e+02 	 2.000000e+00
3 	 110 	 Ex 	 1 	 1.243508e+00 	 1.320000e+03 	 -3.600000e+02 	 2.000000e+00
3 	 111 	 Ex 	 1 	 2.656972e+00 	 1.560000e+03 	 -3.600000e+02 	 2.000000e+00
3 	 112 	 Ex 	 1 	 2.701213e+00 	 1.800000e+03 	 -3.600000e+02 	 2.000000e+00
3 	 113 	 Ex 	 1 	 2.666723e+00 	 -1.800000e+03 	 -1.200000e+02 	 2.000000e+00
3 	 114 	 Ex 	 1 	 8.243682e-01 	 -1.560000e+03 	 -1.200000e+02 	 2.000000e+00
3 	 115 	 Ex 	 1 	 9.637570e-01 	 -1.320000e+03 	 -1.200000e+02 	 2.000000e+00
3 	 116 	 Ex 	 1 	 7.756220e-01 	 -1.080000e+03 	 -1.200000e+02 	 2.000000e+00
3 	 117 	 Ex 	 1 	 2.005174e+00 	 -8.400000e+02 	 -1.200000e+02 	 2.000000e+00
3 	 118 	 Ex 	 1 	 3.440593e+00 	 -6.000000e+02 	 -1.200000e+02 	 2.000000e+00
3 	 119 	 Ex 	 1 	 2.200999e+00 	 -3.600000e+02 	 -1.200000e+02 	 2.000000e+00
3 	 120 	 Ex 	 1 	 4.683724e-01 	 -1.200000e+02 	 -1.200000e+02 	 2.000000e+00
3 	 121 	 Ex 	 1 	 3.828049e+00 	 1.200000e+02 	 -1.200000e+02 	 2.000000e+00
3 	 122 	 Ex 	 1 	 4.180365e+00 	 3.600000e+02 	 -1.200000e+02 	 2.000000e+00
3 	 123 	 Ex 	 1 	 5.044884e+00 	 6.000000e+02 	 -1.200000e+02 	 2.000000e+00
3 	 124 	 Ex 	 1 	 3.704701e+00 	 8.400000e+02 	 -1.200000e+02 	 2.000000e+00
3 	 125 	 Ex 	 1 	 2.686908e+00 	 1.080000e+03 	 -1.200000e+02 	 2.000000e+00
3 	 126 	 Ex 	 1 	 3.309494e+00 	 1.320000e+03 	 -1.200000e+02 	 2.000000e+00
3 	 127 	 Ex 	 1 	 3.162577e+00 	 1.560000e+03 	 -1.200000e+02 	 2.000000e+00
3 	 128 	 Ex 	 1 	 3.785460e+00 	 1.800000e+03 	 -1.200000e+02 	 2.000000e+00
3 	 129 	 Ex 	 1 	 5.093153e+00 	 -1.800000e+03 	 1.200000e+02 	 2.000000e+00
3 	 130 	 Ex 	 1 	 4.354190e+00 	 -1.560000e+03 	 1.200000e+02 	 2.000000e+00
3 	 131 	 Ex 	 1 	 3.626288e+00 	 -1.320000e+03 	 1.200000e+02 	 2.000000e+00
3 	 132 	 Ex 	 1 	 4.303210e+00 	 -1.080000e+03 	 1.200000e+02 	 2.000000e+00
3 	 133 	 Ex 	 1 	 3.790437e+00 	 -8.400000e+02 	 1.200000e+02 	 2.000000e+00
3 	 134 	 Ex 	 1 	 4.061708e+00 	 -6.000000e+02 	 1.200000e+02 	 2.000000e+00
3 	 135 	 Ex 	 1 	 4.039728e+00 	 -3.600000e+02 	 1.200000e+02 	 2.000000e+00
3 	 136 	 Ex 	 1 	 2.096259e+00 	 -1.200000e+02 	 1.200000e+02 	 2.000000e+00
3 	 137 	 Ex 	 1 	 5.344277e+00 	 1.200000e+02 	 1.200000e+02 	 2.000000e+00
3 	 138 	 Ex 	 1 	 6.918232e+00 	 3.600000e+02 	 1.200000e+02 	 2.000000e+00
3 	 139 	 Ex 	 1 	 7.181142e+00 	 6.000000e+02 	 1.200000e+02 	 2.000000e+00
3 	 140 	 Ex 	 1 	 5.283757e+00 	 8.400000e+02 	 1.200000e+02 	 2.000000e+00
3 	 141 	 Ex 	 1 	 1.661664e+00 	 1.080000e+03 	 1.200000e+02 	 2.000000e+00
3 	 142 	 Ex 	 1 	 1.400164e+00 	 1.320000e+03 	 1.200000e+02 	 2.000000e+00
3 	 143 	 Ex 	 1 	 3.335630e+00 	 1.560000e+03 	 1.200000e+02 	 2.000000e+00
3 	 144 	 Ex 	 1 	 4.485401e+00 	 1.800000e+03 	 1.200000e+02 	 2.000000e+00
3 	 145 	 Ex 	 1 	 6.545414e+00 	 -1.800000e+03 	 3.600000e+02 	 2.000000e+00
3 	 146 	 Ex 	 1 	 4.820921e+00 	 -1.560000e+03 	 3.600000e+02 	 2.000000e+00
3 	 147 	 Ex 	 1 	 5.483394e+00 	 -1.320000e+03 	 3.600000e+02 	 2.000000e+00
3 	 148 	 Ex 	 1 	 7.250160e+00 	 -1.080000e+03 	 3.600000e+02 	 2.000000e+00
3 	 149 	 Ex 	 1 	 7.642642e+00 	 -8.400000e+02 	 3.600000e+02 	 2.000000e+00
3 	 150 	 Ex 	 1 	 5.087915e+00 	 -6.000000e+02 	 3.600000e+02 	 2.000000e+00
3 	 151 	 Ex 	 1 	 1.619177e+00 	 -3.600000e+02 	 3.600000e+02 	 2.000000e+00
3 	 152 	 Ex 	 1 	 4.030199e+00 	 -1.200000e+02 	 3.600000e+02 	 2.000000e+00
3 	 153 	 Ex 	 1 	 7.693601e+00 	 1.200000e+02 	 3.600000e+02 	 2.000000e+00
3 	 154 	 Ex 	 1 	 7.944736e+00 	 3.600000e+02 	 3.600000e+02 	 2.000000e+00
3 	 155 	 Ex 	 1 	 7.539837e+00 	 6.000000e+02 	 3.600000e+02 	 2.000000e+00
3 	 156 	 Ex 	 1 	 5.164599e+00 	 8.400000e+02 	 3.600000e+02 	 2.000000e+00
3 	 157 	 Ex 	 1 	 3.729692e+00 	 1.080000e+03 	 3.600000e+02 	 2.000000e+00
3 	 158 	 Ex 	 1 	 1.844146e+00 	 1.320000e+03 	 3.600000e+02 	 2.000000e+00
3 	 159 	 Ex 	 1 	 3.888584e-01 	 1.560000e+03 	 3.600000e+02 	 2.000000e+00
3 	 160 	 Ex 	 1 	 1.517659e+00 	 1.800000e+03 	 3.600000e+02 	 2.000000e+00
3 	 161 	 Ex 	 1 	 7.255466e+00 	 -1.800000e+03 	 6.000000e+02 	 2.000000e+00
3 	 162 	 Ex 	 1 	 7.480145e+00 	 -1.560000e+03 	 6.000000e+02 	 2.000000e+00
3 	 163 	 Ex 	 1 	 8.602303e+00 	 -1.320000e+03 	 6.000000e+02 	 2.000000e+00
3 	 164 	 Ex 	 1 	 9.137987e+00 	 -1.080000e+03 	 6.000000e+02 	 2.000000e+00
3 	 165 	 Ex 	 1 	 8.755397e+00 	 -8.400000e+02 	 6.000000e+02 	 2.000000e+00
3 	 166 	 Ex 	 1 	 7.857792e+00 	 -6.000000e+02 	 6.000000e+02 	 2.000000e+00
3 	 167 	 Ex 	 1 	 2.198357e+00 	 -3.600000e+02 	 6.000000e+02 	 2.000000e+00
3 	 168 	 Ex 	 1 	 4.318840e+00 	 -1.200000e+02 	 6.000000e+02 	 2.000000e+00
3 	 169 	 Ex 	 1 	 8.458698e+00 	 1.200000e+02 	 6.000000e+02 	 2.000000e+00
3 	 170 	 Ex 	 1 	 9.129564e+00 	 3.600000e+02 	 6.000000e+02 	 2.000000e+00
3 	 171 	 Ex 	 1 	 9.744800e+00 	 6.000000e+02 	 6.000000e+02 	 2.000000e+00
3 	 172 	 Ex 	 1 	 7.372040e+00 	 8.400000e+02 	 6.000000e+02 	 2.000000e+00
3 	 173 	 Ex 	 1 	 5.479420e+00 	 1.080000e+03 	 6.000000e+02 	 2.000000e+00
3 	 174 	 Ex 	 1 	 2.402328e+00 	 1.320000e+03 	 6.000000e+02 	 2.000000e+00
3 	 175 	 Ex 	 1 	 3.957432e-01 	 1.560000e+03 	 6.000000e+02 	 2.000000e+00
3 	 176 	 Ex 	 1 	 6.249318e-01 	 1.800000e+03 	 6.000000e+02 	 2.000000e+00
3 	 177 	 Ex 	 1 	 7.063957e+00 	 -1.800000e+03 	 8.400000e+02 	 2.000000e+00
3 	 178 	 Ex 	 1 	 1.019216e+01 	 -1.560000e+03 	 8.400000e+02 	 2.000000e+00
3 	 179 	 Ex 	 1 	 1.004736e+01 	 -1.320000e+03 	 8.400000e+02 	 2.000000e+00
3 	 180 	 Ex 	 1 	 1.037593e+01 	 -1.080000e+03 	 8.400000e+02 	 2.000000e+00
3 	 181 	 Ex 	 1 	 7.642591e+00 	 -8.400000e+02 	 8.400000e+02 	 2.000000e+00
3 	 182 	 Ex 	 1 	 6.114851e+00 	 -6.000000e+02 	 8.400000e+02 	 2.000000e+00
3 	 183 	 Ex 	 1 	 4.077173e-01 	 -3.600000e+02 	 8.400000e+02 	 2.000000e+00
3 	 184 	 Ex 	 1 	 4.710431e+00 	 -1.200000e+02 	 8.400000e+02 	 2.000000e+00
3 	 185 	 Ex 	 1 	 8.957664e+00 	 1.200000e+02 	 8.400000e+02 	 2.000000e+00
3 	 186 	 Ex 	 1 	 9.216195e+00 	 3.600000e+02 	 8.400000e+02 	 2.000000e+00
3 	 187 	 Ex 	 1 	 8.419765e+00 	 6.000000e+02 	 8.400000e+02 	 2.000000e+00
3 	 188 	 Ex 	 1 	 8.888348e+00 	 8.400000e+02 	 8.400000e+02 	 2.000000e+00
3 	 189 	 Ex 	 1 	 5.601998e+00 	 1.080000e+03 	 8.400000e+02 	 2.000000e+00
3 	 190 	 Ex 	 1 	 3.748929e+00 	 1.320000e+03 	 8.400000e+02 	 2.000000e+00
3 	 191 	 Ex 	 1 	 7.206728e-01 	 1.560000e+03 	 8.400000e+02 	 2.000000e+00
3 	 192 	 Ex 	 1 	 7.418132e-01 	 1.800000e+03 	 8.400000e+02 	 2.000000e+00
3 	 193 	 Ex 	 1 	 1.014898e+01 	 -1.800000e+03 	 1.080000e+03 	 2.000000e+00
3 	 194 	 Ex 	 1 	 9.849003e+00 	 -1.560000e+03 	 1.080000e+03 	 2.000000e+00
3 	 195 	 Ex 	 1 	 9.878544e+00 	 -1.320000e+03 	 1.080000e+03 	 2.000000e+00
3 	 196 	 Ex 	 1 	 9.171196e+00 	 -1.080000e+03 	 1.080000e+03 	 2.000000e+00
3 	 197 	 Ex 	 1 	 9.819857e+00 	 -8.400000e+02 	 1.080000e+03 	 2.000000e+00
3 	 198 	 Ex 	 1 	 5.818097e+00 	 -6.000000e+02 	 1.080000e+03 	 2.000000e+00
3 	 199 	 Ex 	 1 	 7.176740e-01 	 -3.600000e+02 	 1.080000e+03 	 2.000000e+00
3 	 200 	 Ex 	 1 	 7.209086e+00 	 -1.200000e+02 	 1.080000e+03 	 2.000000e+00
3 	 201 	 Ex 	 1 	 9.431406e+00 	 1.200000e+02 	 1.080000e+03 	 2.000000e+00
3 	 202 	 Ex 	 1 	 9.313389e+00 	 3.600000e+02 	 1.080000e+03 	 2.000000e+00
3 	 203 	 Ex 	 1 	 9.173828e+00 	 6.000000e+02 	 1.080000e+03 	 2.000000e+00
3 	 204 	 Ex 	 1 	 8.274926e+00 	 8.400000e+02 	 1.080000e+03 	 2.000000e+00
3 	 205 	 Ex 	 1 	 4.733854e+00 	 1.080000e+03 	 1.080000e+03 	 2.000000e+00
3 	 206 	 Ex 	 1 	 2.380551e+00 	 1.320000e+03 	 1.080000e+03 	 2.000000e+00
3 	 207 	 Ex 	 1 	 3.468776e+00 	 1.560000e+03 	 1.080000e+03 	 2.000000e+00
3 	 208 	 Ex 	 1 	 2.861952e+00 	 1.800000e+03 	 1.080000e+03 	 2.000000e+00
3 	 209 	 Ex 	 1 	 8.993519e+00 	 -1.800000e+03 	 1.320000e+03 	 2.000000e+00
3 	 210 	 Ex 	 1 	 7.052336e+00 	 -1.560000e+03 	 1.320000e+03 	 2.000000e+00
3 	 211 	 Ex 	 1 	 8.742140e+00 	 -1.320000e+03 	 1.320000e+03 	 2.000000e+00
3 	 212 	 Ex 	 1 	 7.314710e+00 	 -1.080000e+03 	 1.320000e+03 	 2.000000e+00
3 	 213 	 Ex 	 1 	 8.068327e+00 	 -8.400000e+02 	 1.320000e+03 	 2.000000e+00
3 	 214 	 Ex 	 1 	 3.684670e+00 	 -6.000000e+02 	 1.320000e+03 	 2.000000e+00
3 	 215 	 Ex 	 1 	 1.925541e+00 	 -3.600000e+02 	 1.320000e+03 	 2.000000e+00
3 	 216 	 Ex 	 1 	 6.132189e+00 	 -1.200000e+02 	 1.320000e+03 	 2.000000e+00
3 	 217 	 Ex 	 1 	 8.465803e+00 	 1.200000e+02 	 1.320000e+03 	 2.000000e+00
3 	 218 	 Ex 	 1 	 9.926016e+00 	 3.600000e+02 	 1.320000e+03 	 2.000000e+00
3 	 219 	 Ex 	 1 	 1.092502e+01 	 6.000000e+02 	 1.320000e+03 	 2.000000e+00
3 	 220 	 Ex 	 1 	 7.257815e+00 	 8.400000e+02 	 1.320000e+03 	 2.000000e+00
3 	 221 	 Ex 	 1 	 6.754032e+00 	 1.080000e+03 	 1.320000e+03 	 2.000000e+00
3 	 222 	 Ex 	 1 	 5.299049e+00 	 1.320000e+03 	 1.320000e+03 	 2.000000e+00
3 	 223 	 Ex 	 1 	 3.366451e+00 	 1.560000e+03 	 1.320000e+03 	 2.000000e+00
3 	 224 	 Ex 	 1 	 3.099095e+00 	 1.800000e+03 	 1.320000e+03 	 2.000000e+00
3 	 225 	 Ex 	 1 	 6.493396e+00 	 -1.800000e+03 	 1.560000e+03 	 2.000000e+00
3 	 226 	 Ex 	 1 	 9.225489e+00 	 -1.560000e+03 	 1.560000e+03 	 2.000000e+00
3 	 227 	 Ex 	 1 	 1.027301e+01 	 -1.320000e+03 	 1.560000e+03 	 2.000000e+00
3 	 228 	 Ex 	 1 	 6.662813e+00 	 -1.080000e+03 	 1.560000e+03 	 2.000000e+00
3 	 229 	 Ex 	 1 	 3.868120e+00 	 -8.400000e+02 	 1.560000e+03 	 2.000000e+00
3 	 230 	 Ex 	 1 	 2.211540e+00 	 -6.000000e+02 	 1.560000e+03 	 2.000000e+00
3 	 231 	 Ex 	 1 	 2.340665e+00 	 -3.600000e+02 	 1.560000e+03 	 2.000000e+00
3 	 232 	 Ex 	 1 	 5.659159e+00 	 -1.200000e+02 	 1.560000e+03 	 2.000000e+00
3 	 233 	 Ex 	 1 	 7.976577e+00 	 1.200000e+02 	 1.560000e+03 	 2.000000e+00
3 	 234 	 Ex 	 1 	 8.532955e+00 	 3.600000e+02 	 1.560000e+03 	 2.000000e+00
3 	 235 	 Ex 	 1 	 7.603505e+00 	 6.000000e+02 	 1.560000e+03 	 2.000000e+00
3 	 236 	 Ex 	 1 	 7.325850e+00 	 8.400000e+02 	 1.560000e+03 	 2.000000e+00
3 	 237 	 Ex 	 1 	 5.580794e+00 	 1.080000e+03 	 1.560000e+03 	 2.000000e+00
3 	 238 	 Ex 	 1 	 4.919593e+00 	 1.320000e+03 	 1.560000e+03 	 2.000000e+00
3 	 239 	 Ex 	 1 	 4.767358e+00 	 1.560000e+03 	 1.560000e+03 	 2.000000e+00
3 	 240 	 Ex 	 1 	 3.578502e+00 	 1.800000e+03 	 1.560000e+03 	 2.000000e+00
3 	 241 	 Ex 	 1 	 7.856912e+00 	 -1.800000e+03 	 1.800000e+03 	 2.000000e+00
3 	 242 	 Ex 	 1 	 6.703840e+00 	 -1.560000e+03 	 1.800000e+03 	 2.000000e+00
3 	 243 	 Ex 	 1 	 4.208416e+00 	 -1.320000e+03 	 1.800000e+03 	 2.000000e+00
3 	 244 	 Ex 	 1 	 3.110414e+00 	 -1.080000e+03 	 1.800000e+03 	 2.000000e+00
3 	 245 	 Ex 	 1 	 3.119587e+00 	 -8.400000e+02 	 1.800000e+03 	 2.000000e+00
3 	 246 	 Ex 	 1 	 2.311293e+00 	 -6.000000e+02 	 1.800000e+03 	 2.000000e+00
3 	 247 	 Ex 	 1 	 2.960415e+00 	 -3.600000e+02 	 1.800000e+03 	 2.000000e+00
3 	 248 	 Ex 	 1 	 6.282101e+00 	 -1.200000e+02 	 1.800000e+03 	 2.000000e+00
3 	 249 	 Ex 	 1 	 6.189219e+00 	 1.200000e+02 	 1.800000e+03 	 2.000000e+00
3 	 250 	 Ex 	 1 	 7.463188e+00 	 3.600000e+02 	 1.800000e+03 	 2.000000e+00
3 	 251 	 Ex 	 1 	 8.174780e+00 	 6.000000e+02 	 1.800000e+03 	 2.000000e+00
3 	 252 	 Ex 	 1 	 8.431241e+00 	 8.400000e+02 	 1.800000e+03 	 2.000000e+00
3 	 253 	 Ex 	 1 	 6.418291e+00 	 1.080000e+03 	 1.800000e+03 	 2.000000e+00
3 	 254 	 Ex 	 1 	 4.918083e+00 	 1.320000e+03 	 1.800000e+03 	 2.000000e+00
3 	 255 	 Ex 	 1 	 5.356460e+00 	 1.560000e+03 	 1.800000e+03 	 2.000000e+00
3 	 256 	 Ex 	 1 	 3.374097e+00 	 1.800000e+03 	 1.800000e+03 	 2.000000e+00
3 	 1 	 Ex 	 2 	 2.863048e+00 	 -1.800000e+03 	 -1.800000e+03 	 2.000000e+00
3 	 2 	 Ex 	 2 	 3.201442e+00 	 -1.560000e+03 	 -1.800000e+03 	 2.000000e+00
3 	 3 	 Ex 	 2 	 1.775609e+00 	 -1.320000e+03 	 -1.800000e+03 	 2.000000e+00
3 	 4 	 Ex 	 2 	 1.031835e+00 	 -1.080000e+03 	 -1.800000e+03 	 2.000000e+00
3 	 5 	 Ex 	 2 	 2.060962e+00 	 -8.400000e+02 	 -1.800000e+03 	 2.000000e+00
3 	 6 	 Ex 	 2 	 1.055381e+00 	 -6.000000e+02 	 -1.800000e+03 	 2.000000e+00
3 	 7 	 Ex 	 2 	 5.635664e-01 	 -3.600000e+02 	 -1.800000e+03 	 2.000000e+00
3 	 8 	 Ex 	 2 	 2.549915e-01 	 -1.200000e+02 	 -1.800000e+03 	 2.000000e+00
3 	 9 	 Ex 	 2 	 0.000000e+00 	 1.200000e+02 	 -1.800000e+03 	 2.000000e+00
3 	 10 	 Ex 	 2 	 0.000000e+00 	 3.600000e+02 	 -1.800000e+03 	 2.000000e+00
3 	 11 	 Ex 	 2 	 0.000000e+00 	 6.000000e+02 	 -1.800000e+03 	 2.000000e+00
3 	 12 	 Ex 	 2 	 0.000000e+00 	 8.400000e+02 	 -1.800000e+03 	 2.000000e+00
3 	 13 	 Ex 	 2 	 0.000000e+00 	 1.080000e+03 	 -1.800000e+03 	 2.000000e+00
3 	 14 	 Ex 	 2 	 1.516745e+00 	 1.320000e+03 	 -1.800000e+03 	 2.000000e+00
3 	 15 	 Ex 	 2 	 9.816246e-01 	 1.560000e+03 	 -1.800000e+03 	 2.000000e+00
3 	 16 	 Ex 	 2 	 3.203186e-01 	 1.800000e+03 	 -1.800000e+03 	 2.000000e+00
3 	 17 	 Ex 	 2 	 4.142009e+00 	 -1.800000e+03 	 -1.560000e+03 	 2.000000e+00
3 	 18 	 Ex 	 2 	 3.456712e+00 	 -1.560000e+03 	 -1.560000e+03 	 2.000000e+00
3 	 19 	 Ex 	 2 	 2.784715e+00 	 -1.320000e+03 	 -1.560000e+03 	 2.000000e+00
3 	 20 	 Ex 	 2 	 1.690969e+00 	 -1.080000e+03 	 -1.560000e+03 	 2.000000e+00
3 	 21 	 Ex 	 2 	 7.710838e-01 	 -8.400000e+02 	 -1.560000e+03 	 2.000000e+00
3 	 22 	 Ex 	 2 	 5.088742e-01 	 -6.000000e+02 	 -1.560000e+03 	 2.000000e+00
3 	 23 	 Ex 	 2 	 3.391205e-01 	 -3.600000e+02 	 -1.560000e+03 	 2.000000e+00
3 	 24 	 Ex 	 2 	 1.149428e+00 	 -1.200000e+02 	 -1.560000e+03 	 2.000000e+00
3 	 25 	 Ex 	 2 	 0.000000e+00 	 1.200000e+02 	 -1.560000e+03 	 2.000000e+00
3 	 26 	 Ex 	 2 	 0.000000e+00 	 3.600000e+02 	 -1.560000e+03 	 2.000000e+00
3 	 27 	 Ex 	 2 	 0.000000e+00 	 6.000000e+02 	 -1.560000e+03 	 2.000000e+00
3 	 28 	 Ex 	 2 	 0.000000e+00 	 8.400000e+02 	 -1.560000e+03 	 2.000000e+00
3 	 29 	 Ex 	 2 	 0.000000e+00 	 1.080000e+03 	 -1.560000e+03 	 2.000000e+00
3 	 30 	 Ex 	 2 	 1.530013e+00 	 1.320000e+03 	 -1.560000e+03 	 2.000000e+00
3 	 31 	 Ex 	 2 	 4.989238e-01 	 1.560000e+03 	 -1.560000e+03 	 2.000000e+00
3 	 32 	 Ex 	 2 	 1.127718e+00 	 1.800000e+03 	 -1.560000e+03 	 2.000000e+00
3 	 33 	 Ex 	 2 	 4.977523e+00 	 -1.800000e+03 	 -1.320000e+03 	 2.000000e+00
3 	 34 	 Ex 	 2 	 5.556588e+00 	 -1.560000e+03 	 -1.320000e+03 	 2.000000e+00
3 	 35 	 Ex 	 2 	 3.620727e+00 	 -1.320000e+03 	 -1.320000e+03 	 2.000000e+00
3 	 36 	 Ex 	 2 	 3.202638e+00 	 -1.080000e+03 	 -1.320000e+03 	 2.000000e+00
3 	 37 	 Ex 	 2 	 3.226955e+00 	 -8.400000e+02 	 -1.320000e+03 	 2.000000e+00
3 	 38 	 Ex 	 2 	 1.769844e+00 	 -6.000000e+02 	 -1.320000e+03 	 2.000000e+00
3 	 39 	 Ex 	 2 	 9.048143e-01 	 -3.600000e+02 	 -1.320000e+03 	 2.000000e+00
3 	 40 	 Ex 	 2 	 4.992507e-01 	 -1.200000e+02 	 -1.320000e+03 	 2.000000e+00
3 	 41 	 Ex 	 2 	 0.000000e+00 	 1.200000e+02 	 -1.320000e+03 	 2.000000e+00
3 	 42 	 Ex 	 2 	 0.000000e+00 	 3.600000e+02 	 -1.320000e+03 	 2.000000e+00
3 	 43 	 Ex 	 2 	 0.000000e+00 	 6.000000e+02 	 -1.320000e+03 	 2.000000e+00
3 	 44 	 Ex 	 2 	 0.000000e+00 	 8.400000e+02 	 -1.320000e+03 	 2.000000e+00
3 	 45 	 Ex 	 2 	 1.992951e+00 	 1.080000e+03 	 -1.320000e+03 	 2.000000e+00
3 	 46 	 Ex 	 2 	 4.286326e-01 	 1.320000e+03 	 -1.320000e+03 	 2.000000e+00
3 	 47 	 Ex 	 2 	 4.485139e-01 	 1.560000e+03 	 -1.320000e+03 	 2.000000e+00
3 	 48 	 Ex 	 2 	 7.161506e-01 	 1.800000e+03 	 -1.320000e+03 	 2.000000e+00
3 	 49 	 Ex 	 2 	 4.945307e+00 	 -1.800000e+03 	 -1.080000e+03 	 2.000000e+00
3 	 50 	 Ex 	 2 	 5.716502e+00 	 -1.560000e+03 	 -1.080000e+03 	 2.000000e+00
3 	 51 	 Ex 	 2 	 5.793902e+00 	 -1.320000e+03 	 -1.080000e+03 	 2.000000e+00
3 	 52 	 Ex 	 2 	 4.471253e+00 	 -1.080000e+03 	 -1.080000e+03 	 2.000000e+00
3 	 53 	 Ex 	 2 	 2.951923e+00 	 -8.400000e+02 	 -1.080000e+03 	 2.000000e+00
3 	 54 	 Ex 	 2 	 3.369845e+00 	 -6.000000e+02 	 -1.080000e+03 	 2.000000e+00
3 	 55 	 Ex 	 2 	 6.042113e-01 	 -3.600000e+02 	 -1.080000e+03 	 2.000000e+00
3 	 56 	 Ex 	 2 	 1.574465e-01 	 -1.200000e+02 	 -1.080000e+03 	 2.000000e+00
3 	 57 	 Ex 	 2 	 2.441688e-01 	 1.200000e+02 	 -1.080000e+03 	 2.000000e+00
3 	 58 	 Ex 	 2 	 0.000000e+00 	 3.600000e+02 	 -1.080000e+03 	 2.000000e+00
3 	 59 	 Ex 	 2 	 0.000000e+00 	 6.000000e+02 	 -1.080000e+03 	 2.000000e+00
3 	 60 	 Ex 	 2 	 7.051452e-01 	 8.400000e+02 	 -1.080000e+03 	 2.000000e+00
3 	 61 	 Ex 	 2 	 7.489257e-01 	 1.080000e+03 	 -1.080000e+03 	 2.000000e+00
3 	 62 	 Ex 	 2 	 4.522165e-01 	 1.320000e+03 	 -1.080000e+03 	 2.000000e+00
3 	 63 	 Ex 	 2 	 4.783794e-01 	 1.560000e+03 	 -1.080000e+03 	 2.000000e+00
3 	 64 	 Ex 	 2 	 1.192187e+00 	 1.800000e+03 	 -1.080000e+03 	 2.000000e+00
3 	 65 	 Ex 	 2 	 5.142631e+00 	 -1.800000e+03 	 -8.400000e+02 	 2.000000e+00
3 	 66 	 Ex 	 2 	 5.824810e+00 	 -1.560000e+03 	 -8.400000e+02 	 2.000000e+00
3 	 67 	 Ex 	 2 	 5.142833e+00 	 -1.320000e+03 	 -8.400000e+02 	 2.000000e+00
3 	 68 	 Ex 	 2 	 5.482696e+00 	 -1.080000e+03 	 -8.400000e+02 	 2.000000e+00
3 	 69 	 Ex 	 2 	 2.866282e+00 	 -8.400000e+02 	 -8.400000e+02 	 2.000000e+00
3 	 70 	 Ex 	 2 	 1.030697e+00 	 -6.000000e+02 	 -8.400000e+02 	 2.000000e+00
3 	 71 	 Ex 	 2 	 9.004090e-01 	 -3.600000e+02 	 -8.400000e+02 	 2.000000e+00
3 	 72 	 Ex 	 2 	 2.254113e+00 	 -1.200000e+02 	 -8.400000e+02 	 2.000000e+00
3 	 73 	 Ex 	 2 	 1.160116e+00 	 1.200000e+02 	 -8.400000e+02 	 2.000000e+00
3 	 74 	 Ex 	 2 	 2.220145e+00 	 3.600000e+02 	 -8.400000e+02 	 2.000000e+00
3 	 75 	 Ex 	 2 	 2.746014e+00 	 6.000000e+02 	 -8.400000e+02 	 2.000000e+00
3 	 76 	 Ex 	 2 	 1.239904e+00 	 8.400000e+02 	 -8.400000e+02 	 2.000000e+00
3 	 77 	 Ex 	 2 	 8.328400e-01 	 1.080000e+03 	 -8.400000e+02 	 2.000000e+00
3 	 78 	 Ex 	 2 	 1.367411e+00 	 1.320000e+03 	 -8.400000e+02 	 2.000000e+00
3 	 79 	 Ex 	 2 	 1.515699e+00 	 1.560000e+03 	 -8.400000e+02 	 2.000000e+00
3 	 80 	 Ex 	 2 	 7.223443e-01 	 1.800000e+03 	 -8.400000e+02 	 2.000000e+00
3 	 81 	 Ex 	 2 	 3.381183e+00 	 -1.800000e+03 	 -6.000000e+02 	 2.000000e+00
3 	 82 	 Ex 	 2 	 4.465944e+00 	 -1.560000e+03 	 -6.000000e+02 	 2.000000e+00
3 	 83 	 Ex 	 2 	 3.813354e+00 	 -1.320000e+03 	 -6.000000e+02 	 2.000000e+00
3 	 84 	 Ex 	 2 	 5.126483e+00 	 -1.080000e+03 	 -6.000000e+02 	 2.000000e+00
3 	 85 	 Ex 	 2 	 2.956323e+00 	 -8.400000e+02 	 -6.000000e+02 	 2.000000e+00
3 	 86 	 Ex 	 2 	 1.584231e+00 	 -6.000000e+02 	 -6.000000e+02 	 2.000000e+00
3 	 87 	 Ex 	 2 	 2.197873e+00 	 -3.600000e+02 	 -6.000000e+02 	 2.000000e+00
3 	 88 	 Ex 	 2 	 1.500929e+00 	 -1.200000e+02 	 -6.000000e+02 	 2.000000e+00
3 	 89 	 Ex 	 2 	 1.208498e+00 	 1.200000e+02 	 -6.000000e+02 	 2.000000e+00
3 	 90 	 Ex 	 2 	 1.845443e+00 	 3.600000e+02 	 -6.000000e+02 	 2.000000e+00
3 	 91 	 Ex 	 2 	 3.386407e+00 	 6.000000e+02 	 -6.000000e+02 	 2.000000e+00
3 	 92 	 Ex 	 2 	 1.434220e+00 	 8.400000e+02 	 -6.000000e+02 	 2.000000e+00
3 	 93 	 Ex 	 2 	 1.670130e+00 	 1.080000e+03 	 -6.000000e+02 	 2.000000e+00
3 	 94 	 Ex 	 2 	 2.325335e-01 	 1.320000e+03 	 -6.000000e+02 	 2.000000e+00
3 	 95 	 Ex 	 2 	 1.040120e+00 	 1.560000e+03 	 -6.000000e+02 	 2.000000e+00
3 	 96 	 Ex 	 2 	 2.338988e+00 	 1.800000e+03 	 -6.000000e+02 	 2.000000e+00
3 	 97 	 Ex 	 2 	 2.637438e+00 	 -1.800000e+03 	 -3.600000e+02 	 2.000000e+00
3 	 98 	 Ex 	 2 	 2.377845e+00 	 -1.560000e+03 	 -3.600000e+02 	 2.000000e+00
3 	 99 	 Ex 	 2 	 3.536606e+00 	 -1.320000e+03 	 -3.600000e+02 	 2.000000e+00
3 	 100 	 Ex 	 2 	 4.061380e+00 	 -1.080000e+03 	 -3.600000e+02 	 2.000000e+00
3 	 101 	 Ex 	 2 	 2.793724e+00 	 -8.400000e+02 	 -3.600000e+02 	 2.000000e+00
3 	 102 	 Ex 	 2 	 1.804629e+00 	 -6.000000e+02 	 -3.600000e+02 	 2.000000e+00
3 	 103 	 Ex 	 2 	 2.576828e+00 	 -3.600000e+02 	 -3.600000e+02 	 2.000000e+00
3 	 104 	 Ex 	 2 	 2.272981e+00 	 -1.200000e+02 	 -3.600000e+02 	 2.000000e+00
3 	 105 	 Ex 	 2 	 2.461381e+00 	 1.200000e+02 	 -3.600000e+02 	 2.000000e+00
3 	 106 	 Ex 	 2 	 4.653781e+00 	 3.600000e+02 	 -3.600000e+02 	 2.000000e+00
3 	 107 	 Ex 	 2 	 4.741769e+00 	 6.000000e+02 	 -3.600000e+02 	 2.000000e+00
3 	 108 	 Ex 	 2 	 2.825387e+00 	 8.400000e+02 	 -3.600000e+02 	 2.000000e+00
3 	 109 	 Ex 	 2 	 1.922133e+00 	 1.080000e+03 	 -3.600000e+02 	 2.000000e+00
3 	 110 	 Ex 	 2 	 9.444410e-01 	 1.320000e+03 	 -3.600000e+02 	 2.000000e+00
3 	 111 	 Ex 	 2 	 2.014845e+00 	 1.560000e+03 	 -3.600000e+02 	 2.000000e+00
3 	 112 	 Ex 	 2 	 1.807144e+00 	 1.800000e+03 	 -3.600000e+02 	 2.000000e+00
3 	 113 	 Ex 	 2 	 8.112875e-01 	 -1.800000e+03 	 -1.200000e+02 	 2.000000e+00
3 	 114 	 Ex 	 2 	 2.401148e+00 	 -1.560000e+03 	 -1.200000e+02 	 2.000000e+00
3 	 115 	 Ex 	 2 	 2.570947e+00 	 -1.320000e+03 	 -1.200000e+02 	 2.000000e+00
3 	 116 	 Ex 	 2 	 2.597917e+00 	 -1.080000e+03 	 -1.200000e+02 	 2.000000e+00
3 	 117 	 Ex 	 2 	 4.397493e+00 	 -8.400000e+02 	 -1.200000e+02 	 2.000000e+00
3 	 118 	 Ex 	 2 	 4.145364e+00 	 -6.000000e+02 	 -1.200000e+02 	 2.000000e+00
3 	 119 	 Ex 	 2 	 2.860388e+00 	 -3.600000e+02 	 -1.200000e+02 	 2.000000e+00
3 	 120 	 Ex 	 2 	 1.283450e+00 	 -1.200000e+02 	 -1.200000e+02 	 2.000000e+00
3 	 121 	 Ex 	 2 	 3.755614e+00 	 1.200000e+02 	 -1.200000e+02 	 2.000000e+00
3 	 122 	 Ex 	 2 	 5.092566e+00 	 3.600000e+02 	 -1.200000e+02 	 2.000000e+00
3 	 123 	 Ex 	 2 	 5.351748e+00 	 6.000000e+02 	 -1.200000e+02 	 2.000000e+00
3 	 124 	 Ex 	 2 	 4.976717e+00 	 8.400000e+02 	 -1.200000e+02 	 2.000000e+00
3 	 125 	 Ex 	 2 	 3.067640e+00 	 1.080000e+03 	 -1.200000e+02 	 2.000000e+00
3 	 126 	 Ex 	 2 	 2.688277e+00 	 1.320000e+03 	 -1.200000e+02 	 2.000000e+00
3 	 127 	 Ex 	 2 	 1.703324e+00 	 1.560000e+03 	 -1.200000e+02 	 2.000000e+00
3 	 128 	 Ex 	 2 	 2.418168e+00 	 1.800000e+03 	 -1.200000e+02 	 2.000000e+00
3 	 129 	 Ex 	 2 	 3.241588e+00 	 -1.800000e+03 	 1.200000e+02 	 2.000000e+00
3 	 130 	 Ex 	 2 	 2.900218e+00 	 -1.560000e+03 	 1.200000e+02 	 2.000000e+00
3 	 131 	 Ex 	 2 	 3.810366e+00 	 -1.320000e+03 	 1.200000e+02 	 2.000000e+00
3 	 132 	 Ex 	 2 	 5.791895e+00 	 -1.080000e+03 	 1.200000e+02 	 2.000000e+00
3 	 133 	 Ex 	 2 	 5.610434e+00 	 -8.400000e+02 	 1.200000e+02 	 2.000000e+00
3 	 134 	 Ex 	 2 	 5.621838e+00 	 -6.000000e+02 	 1.200000e+02 	 2.000000e+00
3 	 135 	 Ex 	 2 	 3.240940e+00 	 -3.600000e+02 	 1.200000e+02 	 2.000000e+00
3 	 136 	 Ex 	 2 	 1.928612e+00 	 -1.200000e+02 	 1.200000e+02 	 2.000000e+00
3 	 137 	 Ex 	 2 	 6.712838e+00 	 1.200000e+02 	 1.200000e+02 	 2.000000e+00
3 	 138 	 Ex 	 2 	 7.379210e+00 	 3.600000e+02 	 1.200000e+02 	 2.000000e+00
3 	 139 	 Ex 	 2 	 6.462398e+00 	 6.000000e+02 	 1.200000e+02 	 2.000000e+00
3 	 140 	 Ex 	 2 	 6.913508e+00 	 8.400000e+02 	 1.200000e+02 	 2.000000e+00
3 	 141 	 Ex 	 2 	 3.775083e+00 	 1.080000e+03 	 1.200000e+02 	 2.000000e+00
3 	 142 	 Ex 	 2 	 2.109171e+00 	 1.320000e+03 	 1.200000e+02 	 2.000000e+00
3 	 143 	 Ex 	 2 	 1.958083e+00 	 1.560000e+03 	 1.200000e+02 	 2.000000e+00
3 	 144 	 Ex 	 2 	 2.319986e+00 	 1.800000e+03 	 1.200000e+02 	 2.000000e+00
3 	 145 	 Ex 	 2 	 4.540015e+00 	 -1.800000e+03 	 3.600000e+02 	 2.000000e+00
3 	 146 	 Ex 	 2 	 4.525620e+00 	 -1.560000e+03 	 3.600000e+02 	 2.000000e+00
3 	 147 	 Ex 	 2 	 6.151040e+00 	 -1.320000e+03 	 3.600000e+02 	 2.000000e+00
3 	 148 	 Ex 	 2 	 6.920238e+00 	 -1.080000e+03 	 3.600000e+02 	 2.000000e+00
3 	 149 	 Ex 	 2 	 9.349142e+00 	 -8.400000e+02 	 3.600000e+02 	 2.000000e+00
3 	 150 	 Ex 	 2 	 6.023752e+00 	 -6.000000e+02 	 3.600000e+02 	 2.000000e+00
3 	 151 	 Ex 	 2 	 3.151278e+00 	 -3.600000e+02 	 3.600000e+02 	 2.000000e+00
3 	 152 	 Ex 	 2 	 2.722739e+00 	 -1.200000e+02 	 3.600000e+02 	 2.000000e+00
3 	 153 	 Ex 	 2 	 5.877534e+00 	 1.200000e+02 	 3.600000e+02 	 2.000000e+00
3 	 154 	 Ex 	 2 	 8.003087e+00 	 3.600000e+02 	 3.600000e+02 	 2.000000e+00
3 	 155 	 Ex 	 2 	 7.292476e+00 	 6.000000e+02 	 3.600000e+02 	 2.000000e+00
3 	 156 	 Ex 	 2 	 7.281053e+00 	 8.400000e+02 	 3.600000e+02 	 2.000000e+00
3 	 157 	 Ex 	 2 	 3.201511e+00 	 1.080000e+03 	 3.600000e+02 	 2.000000e+00
3 	 158 	 Ex 	 2 	 1.659686e+00 	 1.320000e+03 	 3.600000e+02 	 2.000000e+00
3 	 159 	 Ex 	 2 	 1.279228e+00 	 1.560000e+03 	 3.600000e+02 	 2.000000e+00
3 	 160 	 Ex 	 2 	 2.588355e+00 	 1.800000e+03 	 3.600000e+02 	 2.000000e+00
3 	 161 	 Ex 	 2 	 5.084983e+00 	 -1.800000e+03 	 6.000000e+02 	 2.000000e+00
3 	 162 	 Ex 	 2 	 6.018114e+00 	 -1.560000e+03 	 6.000000e+02 	 2.000000e+00
3 	 163 	 Ex 	 2 	 6.958082e+00 	 -1.320000e+03 	 6.000000e+02 	 2.000000e+00
3 	 164 	 Ex 	 2 	 8.691788e+00 	 -1.080000e+03 	 6.000000e+02 	 2.000000e+00
3 	 165 	 Ex 	 2 	 7.790171e+00 	 -8.400000e+02 	 6.000000e+02 	 2.000000e+00
3 	 166 	 Ex 	 2 	 6.810644e+00 	 -6.000000e+02 	 6.000000e+02 	 2.000000e+00
3 	 167 	 Ex 	 2 	 3.186773e+00 	 -3.600000e+02 	 6.000000e+02 	 2.000000e+00
3 	 168 	 Ex 	 2 	 3.370440e+00 	 -1.200000e+02 	 6.000000e+02 	 2.000000e+00
3 	 169 	 Ex 	 2 	 6.991455e+00 	 1.200000e+02 	 6.000000e+02 	 2.000000e+00
3 	 170 	 Ex 	 2 	 8.403577e+00 	 3.600000e+02 	 6.000000e+02 	 2.000000e+00
3 	 171 	 Ex 	 2 	 9.303190e+00 	 6.000000e+02 	 6.000000e+02 	 2.000000e+00
3 	 172 	 Ex 	 2 	 6.627166e+00 	 8.400000e+02 	 6.000000e+02 	 2.000000e+00
3 	 173 	 Ex 	 2 	 5.395519e+00 	 1.080000e+03 	 6.000000e+02 	 2.000000e+00
3 	 174 	 Ex 	 2 	 2.890446e+00 	 1.320000e+03 	 6.000000e+02 	 2.000000e+00
3 	 175 	 Ex 	 2 	 3.287907e+00 	 1.560000e+03 	 6.000000e+02 	 2.000000e+00
3 	 176 	 Ex 	 2 	 1.229426e+00 	 1.800000e+03 	 6.000000e+02 	 2.000000e+00
3 	 177 	 Ex 	 2 	 7.008362e+00 	 -1.800000e+03 	 8.400000e+02 	 2.000000e+00
3 	 178 	 Ex 	 2 	 7.010432e+00 	 -1.560000e+03 	 8.400000e+02 	 2.000000e+00
3 	 179 	 Ex 	 2 	 7.347304e+00 	 -1.320000e+03 	 8.400000e+02 	 2.000000e+00
3 	 180 	 Ex 	 2 	 8.488199e+00 	 -1.080000e+03 	 8.400000e+02 	 2.000000e+00
3 	 181 	 Ex 	 2 	 7.763608e+00 	 -8.400000e+02 	 8.400000e+02 	 2.000000e+00
3 	 182 	 Ex 	 2 	 6.355863e+00 	 -6.000000e+02 	 8.400000e+02 	 2.000000e+00
3 	 183 	 Ex 	 2 	 6.222693e-01 	 -3.600000e+02 	 8.400000e+02 	 2.000000e+00
3 	 184 	 Ex 	 2 	 3.728850e+00 	 -1.200000e+02 	 8.400000e+02 	 2.000000e+00
3 	 185 	 Ex 	 2 	 8.522324e+00 	 1.200000e+02 	 8.400000e+02 	 2.000000e+00
3 	 186 	 Ex 	 2 	 8.177255e+00 	 3.600000e+02 	 8.400000e+02 	 2.000000e+00
3 	 187 	 Ex 	 2 	 9.470209e+00 	 6.000000e+02 	 8.400000e+02 	 2.000000e+00
3 	 188 	 Ex 	 2 	 7.651547e+00 	 8.400000e+02 	 8.400000e+02 	 2.000000e+00
3 	 189 	 Ex 	 2 	 6.143001e+00 	 1.080000e+03 	 8.400000e+02 	 2.000000e+00
3 	 190 	 Ex 	 2 	 4.354516e+00 	 1.320000e+03 	 8.400000e+02 	 2.000000e+00
3 	 191 	 Ex 	 2 	 2.185958e+00 	 1.560000e+03 	 8.400000e+02 	 2.000000e+00
3 	 192 	 Ex 	 2 	 1.311676e+00 	 1.800000e+03 	 8.400000e+02 	 2.000000e+00
3 	 193 	 Ex 	 2 	 6.843480e+00 	 -1.800000e+03 	 1.080000e+03 	 2.000000e+00
3 	 194 	 Ex 	 2 	 6.926698e+00 	 -1.560000e+03 	 1.080000e+03 	 2.000000e+00
3 	 195 	 Ex 	 2 	 7.856338e+00 	 -1.320000e+03 	 1.080000e+03 	 2.000000e+00
3 	 196 	 Ex 	 2 	 8.526368e+00 	 -1.080000e+03 	 1.080000e+03 	 2.000000e+00
3 	 197 	 Ex 	 2 	 7.028635e+00 	 -8.400000e+02 	 1.080000e+03 	 2.000000e+00
3 	 198 	 Ex 	 2 	 4.726477e+00 	 -6.000000e+02 	 1.080000e+03 	 2.000000e+00
3 	 199 	 Ex 	 2 	 1.681789e+00 	 -3.600000e+02 	 1.080000e+03 	 2.000000e+00
3 	 200 	 Ex 	 2 	 5.597392e+00 	 -1.200000e+02 	 1.080000e+03 	 2.000000e+00
3 	 201 	 Ex 	 2 	 8.329593e+00 	 1.200000e+02 	 1.080000e+03 	 2.000000e+00
3 	 202 	 Ex 	 2 	 8.479502e+00 	 3.600000e+02 	 1.080000e+03 	 2.000000e+00
3 	 203 	 Ex 	 2 	 8.280265e+00 	 6.000000e+02 	 1.080000e+03 	 2.000000e+00
3 	 204 	 Ex 	 2 	 7.001090e+00 	 8.400000e+02 	 1.080000e+03 	 2.000000e+00
3 	 205 	 Ex 	 2 	 6.928885e+00 	 1.080000e+03 	 1.080000e+03 	 2.000000e+00
3 	 206 	 Ex 	 2 	 2.711635e+00 	 1.320000e+03 	 1.080000e+03 	 2.000000e+00
3 	 207 	 Ex 	 2 	 3.846535e+00 	 1.560000e+03 	 1.080000e+03 	 2.000000e+00
3 	 208 	 Ex 	 2 	 1.993582e+00 	 1.800000e+03 	 1.080000e+03 	 2.000000e+00
3 	 209 	 Ex 	 2 	 5.852134e+00 	 -1.800000e+03 	 1.320000e+03 	 2.000000e+00
3 	 210 	 Ex 	 2 	 7.551874e+00 	 -1.560000e+03 	 1.320000e+03 	 2.000000e+00
3 	 211 	 Ex 	 2 	 7.555995e+00 	 -1.320000e+03 	 1.320000e+03 	 2.000000e+00
3 	 212 	 Ex 	 2 	 6.923216e+00 	 -1.080000e+03 	 1.320000e+03 	 2.000000e+00
3 	 213 	 Ex 	 2 	 5.011923e+00 	 -8.400000e+02 	 1.320000e+03 	 2.000000e+00
3 	 214 	 Ex 	 2 	 2.603035e+00 	 -6.000000e+02 	 1.320000e+03 	 2.000000e+00
3 	 215 	 Ex 	 2 	 1.440801e+00 	 -3.600000e+02 	 1.320000e+03 	 2.000000e+00
3 	 216 	 Ex 	 2 	 5.174743e+00 	 -1.200000e+02 	 1.320000e+03 	 2.000000e+00
3 	 217 	 Ex 	 2 	 7.025231e+00 	 1.200000e+02 	 1.320000e+03 	 2.000000e+00
3 	 218 	 Ex 	 2 	 8.333392e+00 	 3.600000e+02 	 1.320000e+03 	 2.000000e+00
3 	 219 	 Ex 	 2 	 7.266094e+00 	 6.000000e+02 	 1.320000e+03 	 2.000000e+00
3 	 220 	 Ex 	 2 	 7.214653e+00 	 8.400000e+02 	 1.320000e+03 	 2.000000e+00
3 	 221 	 Ex 	 2 	 7.046994e+00 	 1.080000e+03 	 1.320000e+03 	 2.000000e+00
3 	 222 	 Ex 	 2 	 4.628127e+00 	 1.320000e+03 	 1.320000e+03 	 2.000000e+00
3 	 223 	 Ex 	 2 	 3.505047e+00 	 1.560000e+03 	 1.320000e+03 	 2.000000e+00
3 	 224 	 Ex 	 2 	 2.395775e+00 	 1.800000e+03 	 1.320000e+03 	 2.000000e+00
3 	 225 	 Ex 	 2 	 5.574956e+00 	 -1.800000e+03 	 1.560000e+03 	 2.000000e+00
3 	 226 	 Ex 	 2 	 6.342901e+00 	 -1.560000e+03 	 1.560000e+03 	 2.000000e+00
3 	 227 	 Ex 	 2 	 5.518736e+00 	 -1.320000e+03 	 1.560000e+03 	 2.000000e+00
3 	 228 	 Ex 	 2 	 4.611499e+00 	 -1.080000e+03 	 1.560000e+03 	 2.000000e+00
3 	 229 	 Ex 	 2 	 5.453793e+00 	 -8.400000e+02 	 1.560000e+03 	 2.000000e+00
3 	 230 	 Ex 	 2 	 2.454450e+00 	 -6.000000e+02 	 1.560000e+03 	 2.000000e+00
3 	 231 	 Ex 	 2 	 1.083666e+00 	 -3.600000e+02 	 1.560000e+03 	 2.000000e+00
3 	 232 	 Ex 	 2 	 3.079308e+00 	 -1.200000e+02 	 1.560000e+03 	 2.000000e+00
3 	 233 	 Ex 	 2 	 6.131668e+00 	 1.200000e+02 	 1.560000e+03 	 2.000000e+00
3 	 234 	 Ex 	 2 	 7.482501e+00 	 3.600000e+02 	 1.560000e+03 	 2.000000e+00
3 	 235 	 Ex 	 2 	 7.578088e+00 	 6.000000e+02 	 1.560000e+03 	 2.000000e+00
3 	 236 	 Ex 	 2 	 8.645123e+00 	 8.400000e+02 	 1.560000e+03 	 2.000000e+00
3 	 237 	 Ex 	 2 	 7.086990e+00 	 1.080000e+03 	 1.560000e+03 	 2.000000e+00
3 	 238 	 Ex 	 2 	 4.867218e+00 	 1.320000e+03 	 1.560000e+03 	 2.000000e+00
3 	 239 	 Ex 	 2 	 4.081666e+00 	 1.560000e+03 	 1.560000e+03 	 2.000000e+00
3 	 240 	 Ex 	 2 	 2.393216e+00 	 1.800000e+03 	 1.560000e+03 	 2.000000e+00
3 	 241 	 Ex 	 2 	 4.409560e+00 	 -1.800000e+03 	 1.800000e+03 	 2.000000e+00
3 	 242 	 Ex 	 2 	 5.073621e+00 	 -1.560000e+03 	 1.800000e+03 	 2.000000e+00
3 	 243 	 Ex 	 2 	 4.641694e+00 	 -1.320000e+03 	 1.800000e+03 	 2.000000e+00
3 	 244 	 Ex 	 2 	 3.755285e+00 	 -1.080000e+03 	 1.800000e+03 	 2.000000e+00
3 	 245 	 Ex 	 2 	 1.898586e+00 	 -8.400000e+02 	 1.800000e+03 	 2.000000e+00
3 	 246 	 Ex 	 2 	 1.845709e+00 	 -6.000000e+02 	 1.800000e+03 	 2.000000e+00
3 	 247 	 Ex 	 2 	 1.475784e+00 	 -3.600000e+02 	 1.800000e+03 	 2.000000e+00
3 	 248 	 Ex 	 2 	 3.942908e+00 	 -1.200000e+02 	 1.800000e+03 	 2.000000e+00
3 	 249 	 Ex 	 2 	 5.973422e+00 	 1.200000e+02 	 1.800000e+03 	 2.000000e+00
3 	 250 	 Ex 	 2 	 7.755475e+00 	 3.600000e+02 	 1.800000e+03 	 2.000000e+00
3 	 251 	 Ex 	 2 	 6.378170e+00 	 6.000000e+02 	 1.800000e+03 	 2.000000e+00
3 	 252 	 Ex 	 2 	 7.385673e+00 	 8.400000e+02 	 1.800000e+03 	 2.000000e+00
3 	 253 	 Ex 	 2 	 6.304868e+00 	 1.080000e+03 	 1.800000e+03 	 2.000000e+00
3 	 254 	 Ex 	 2 	 6.036778e+00 	 1.320000e+03 	 1.800000e+03 	 2.000000e+00
3 	 255 	 Ex 	 2 	 4.320107e+00 	 1.560000e+03 	 1.800000e+03 	 2.000000e+00
3 	 256 	 Ex 	 2 	 3.808662e+00 	 1.800000e+03 	 1.800000e+03 	 2.000000e+00
3 	 1 	 Ey 	 1 	 7.018429e-01 	 -1.800000e+03 	 -1.800000e+03 	 2.000000e+00
3 	 2 	 Ey 	 1 	 2.031232e+00 	 -1.560000e+03 	 -1.800000e+03 	 2.000000e+00
3 	 3 	 Ey 	 1 	 1.242485e+00 	 -1.320000e+03 	 -1.800000e+03 	 2.000000e+00
3 	 4 	 Ey 	 1 	 1.943013e+00 	 -1.080000e+03 	 -1.800000e+03 	 2.000000e+00
3 	 5 	 Ey 	 1 	 2.001433e+00 	 -8.400000e+02 	 -1.800000e+03 	 2.000000e+00
3 	 6 	 Ey 	 1 	 1.692879e-01 	 -6.000000e+02 	 -1.800000e+03 	 2.000000e+00
3 	 7 	 Ey 	 1 	 7.305919e-01 	 -3.600000e+02 	 -1.800000e+03 	 2.000000e+00
3 	 8 	 Ey 	 1 	 1.617674e-01 	 -1.200000e+02 	 -1.800000e+03 	 2.000000e+00
3 	 9 	 Ey 	 1 	 0.000000e+00 	 1.200000e+02 	 -1.800000e+03 	 2.000000e+00
3 	 10 	 Ey 	 1 	 0.000000e+00 	 3.600000e+02 	 -1.800000e+03 	 2.000000e+00
3 	 11 	 Ey 	 1 	 0.000000e+00 	 6.000000e+02 	 -1.800000e+03 	 2.000000e+00
3 	 12 	 Ey 	 1 	 0.000000e+00 	 8.400000e+02 	 -1.800000e+03 	 2.000000e+00
3 	 13 	 Ey 	 1 	 0.000000e+00 	 1.080000e+03 	 -1.800000e+03 	 2.000000e+00
3 	 14 	 Ey 	 1 	 8.330368e-01 	 1.320000e+03 	 -1.800000e+03 	 2.000000e+00
3 	 15 	 Ey 	 1 	 9.446281e-01 	 1.560000e+03 	 -1.800000e+03 	 2.000000e+00
3 	 16 	 Ey 	 1 	 1.626861e+00 	 1.800000e+03 	 -1.800000e+03 	 2.000000e+00
3 	 17 	 Ey 	 1 	 1.714757e+00 	 -1.800000e+03 	 -1.560000e+03 	 2.000000e+00
3 	 18 	 Ey 	 1 	 1.450268e+00 	 -1.560000e+03 	 -1.560000e+03 	 2.000000e+00
3 	 19 	 Ey 	 1 	 7.079721e-01 	 -1.320000e+03 	 -1.560000e+03 	 2.000000e+00
3 	 20 	 Ey 	 1 	 1.871946e+00 	 -1.080000e+03 	 -1.560000e+03 	 2.000000e+00
3 	 21 	 Ey 	 1 	 1.770342e+00 	 -8.400000e+02 	 -1.560000e+03 	 2.000000e+00
3 	 22 	 Ey 	 1 	 7.777963e-01 	 -6.000000e+02 	 -1.560000e+03 	 2.000000e+00
3 	 23 	 Ey 	 1 	 1.849637e-01 	 -3.600000e+02 	 -1.560000e+03 	 2.000000e+00
3 	 24 	 Ey 	 1 	 6.199141e-01 	 -1.200000e+02 	 -1.560000e+03 	 2.000000e+00
3 	 25 	 Ey 	 1 	 0.000000e+00 	 1.200000e+02 	 -1.560000e+03 	 2.000000e+00
3 	 26 	 Ey 	 1 	 0.000000e+00 	 3.600000e+02 	 -1.560000e+03 	 2.000000e+00
3 	 27 	 Ey 	 1 	 0.000000e+00 	 6.000000e+02 	 -1.560000e+03 	 2.000000e+00
3 	 28 	 Ey 	 1 	 0.000000e+00 	 8.400000e+02 	 -1.560000e+03 	 2.000000e+00
3 	 29 	 Ey 	 1 	 0.000000e+00 	 1.080000e+03 	 -1.560000e+03 	 2.000000e+00
3 	 30 	 Ey 	 1 	 6.257892e-01 	 1.320000e+03 	 -1.560000e+03 	 2.000000e+00
3 	 31 	 Ey 	 1 	 1.385473e+00 	 1.560000e+03 	 -1.560000e+03 	 2.000000e+00
3 	 32 	 Ey 	 1 	 1.374264e+00 	 1.800000e+03 	 -1.560000e+03 	 2.000000e+00
3 	 33 	 Ey 	 1 	 1.887555e+00 	 -1.800000e+03 	 -1.320000e+03 	 2.000000e+00
3 	 34 	 Ey 	 1 	 1.535207e+00 	 -1.560000e+03 	 -1.320000e+03 	 2.000000e+00
3 	 35 	 Ey 	 1 	 1.011382e+00 	 -1.320000e+03 	 -1.320000e+03 	 2.000000e+00
3 	 36 	 Ey 	 1 	 2.935334e-01 	 -1.080000e+03 	 -1.320000e+03 	 2.000000e+00
3 	 37 	 Ey 	 1 	 1.021258e+00 	 -8.400000e+02 	 -1.320000e+03 	 2.000000e+00
3 	 38 	 Ey 	 1 	 1.359398e+00 	 -6.000000e+02 	 -1.320000e+03 	 2.000000e+00
3 	 39 	 Ey 	 1 	 1.051272e+00 	 -3.600000e+02 	 -1.320000e+03 	 2.000000e+00
3 	 40 	 Ey 	 1 	 8.414289e-01 	 -1.200000e+02 	 -1.320000e+03 	 2.000000e+00
3 	 41 	 Ey 	 1 	 0.000000e+00 	 1.200000e+02 	 -1.320000e+03 	 2.000000e+00
3 	 42 	 Ey 	 1 	 0.000000e+00 	 3.600000e+02 	 -1.320000e+03 	 2.000000e+00
3 	 43 	 Ey 	 1 	 0.000000e+00 	 6.000000e+02 	 -1.320000e+03 	 2.000000e+00
3 	 44 	 Ey 	 1 	 0.000000e+00 	 8.400000e+02 	 -1.320000e+03 	 2.000000e+00
3 	 45 	 Ey 	 1 	 1.554151e+00 	 1.080000e+03 	 -1.320000e+03 	 2.000000e+00
3 	 46 	 Ey 	 1 	 1.736020e+00 	 1.320000e+03 	 -1.320000e+03 	 2.000000e+00
3 	 47 	 Ey 	 1 	 1.718938e+00 	 1.560000e+03 	 -1.320000e+03 	 2.000000e+00
3 	 48 	 Ey 	 1 	 1.027172e+00 	 1.800000e+03 	 -1.320000e+03 	 2.000000e+00
3 	 49 	 Ey 	 1 	 2.842164e+00 	 -1.800000e+03 	 -1.080000e+03 	 2.000000e+00
3 	 50 	 Ey 	 1 	 1.354916e+00 	 -1.560000e+03 	 -1.080000e+03 	 2.000000e+00
3 	 51 	 Ey 	 1 	 2.030966e+00 	 -1.320000e+03 	 -1.080000e+03 	 2.000000e+00
3 	 52 	 Ey 	 1 	 1.577578e+00 	 -1.080000e+03 	 -1.080000e+03 	 2.000000e+00
3 	 53 	 Ey 	 1 	 1.389095e-01 	 -8.400000e+02 	 -1.080000e+03 	 2.000000e+00
3 	 54 	 Ey 	 1 	 2.829975e-01 	 -6.000000e+02 	 -1.080000e+03 	 2.000000e+00
3 	 55 	 Ey 	 1 	 5.920341e-01 	 -3.600000e+02 	 -1.080000e+03 	 2.000000e+00
3 	 56 	 Ey 	 1 	 1.096601e+00 	 -1.200000e+02 	 -1.080000e+03 	 2.000000e+00
3 	 57 	 Ey 	 1 	 1.247339e+00 	 1.200000e+02 	 -1.080000e+03 	 2.000000e+00
3 	 58 	 Ey 	 1 	 0.000000e+00 	 3.600000e+02 	 -1.080000e+03 	 2.000000e+00
3 	 59 	 Ey 	 1 	 0.000000e+00 	 6.000000e+02 	 -1.080000e+03 	 2.000000e+00
3 	 60 	 Ey 	 1 	 8.759317e-01 	 8.400000e+02 	 -1.080000e+03 	 2.000000e+00
3 	 61 	 Ey 	 1 	 1.028637e+00 	 1.080000e+03 	 -1.080000e+03 	 2.000000e+00
3 	 62 	 Ey 	 1 	 1.241589e+00 	 1.320000e+03 	 -1.080000e+03 	 2.000000e+00
3 	 63 	 Ey 	 1 	 6.128016e-01 	 1.560000e+03 	 -1.080000e+03 	 2.000000e+00
3 	 64 	 Ey 	 1 	 1.199042e+00 	 1.800000e+03 	 -1.080000e+03 	 2.000000e+00
3 	 65 	 Ey 	 1 	 3.934259e+00 	 -1.800000e+03 	 -8.400000e+02 	 2.000000e+00
3 	 66 	 Ey 	 1 	 4.817927e+00 	 -1.560000e+03 	 -8.400000e+02 	 2.000000e+00
3 	 67 	 Ey 	 1 	 2.674147e+00 	 -1.320000e+03 	 -8.400000e+02 	 2.000000e+00
3 	 68 	 Ey 	 1 	 3.489543e+00 	 -1.080000e+03 	 -8.400000e+02 	 2.000000e+00
3 	 69 	 Ey 	 1 	 4.484745e+00 	 -8.400000e+02 	 -8.400000e+02 	 2.000000e+00
3 	 70 	 Ey 	 1 	 2.665744e+00 	 -6.000000e+02 	 -8.400000e+02 	 2.000000e+00
3 	 71 	 Ey 	 1 	 2.502003e+00 	 -3.600000e+02 	 -8.400000e+02 	 2.000000e+00
3 	 72 	 Ey 	 1 	 1.372610e+00 	 -1.200000e+02 	 -8.400000e+02 	 2.000000e+00
3 	 73 	 Ey 	 1 	 4.422662e-01 	 1.200000e+02 	 -8.400000e+02 	 2.000000e+00
3 	 74 	 Ey 	 1 	 4.485826e-01 	 3.600000e+02 	 -8.400000e+02 	 2.000000e+00
3 	 75 	 Ey 	 1 	 5.192634e-01 	 6.000000e+02 	 -8.400000e+02 	 2.000000e+00
3 	 76 	 Ey 	 1 	 7.898998e-01 	 8.400000e+02 	 -8.400000e+02 	 2.000000e+00
3 	 77 	 Ey 	 1 	 1.924841e+00 	 1.080000e+03 	 -8.400000e+02 	 2.000000e+00
3 	 78 	 Ey 	 1 	 1.489584e+00 	 1.320000e+03 	 -8.400000e+02 	 2.000000e+00
3 	 79 	 Ey 	 1 	 1.157125e+00 	 1.560000e+03 	 -8.400000e+02 	 2.000000e+00
3 	 80 	 Ey 	 1 	 8.165713e-01 	 1.800000e+03 	 -8.400000e+02 	 2.000000e+00
3 	 81 	 Ey 	 1 	 5.474971e+00 	 -1.800000e+03 	 -6.000000e+02 	 2.000000e+00
3 	 82 	 Ey 	 1 	 6.932527e+00 	 -1.560000e+03 	 -6.000000e+02 	 2.000000e+00
3 	 83 	 Ey 	 1 	 6.824640e+00 	 -1.320000e+03 	 -6.000000e+02 	 2.000000e+00
3 	 84 	 Ey 	 1 	 8.349695e+00 	 -1.080000e+03 	 -6.000000e+02 	 2.000000e+00
3 	 85 	 Ey 	 1 	 7.439361e+00 	 -8.400000e+02 	 -6.000000e+02 	 2.000000e+00
3 	 86 	 Ey 	 1 	 6.487111e+00 	 -6.000000e+02 	 -6.000000e+02 	 2.000000e+00
3 	 87 	 Ey 	 1 	 5.416497e+00 	 -3.600000e+02 	 -6.000000e+02 	 2.000000e+00
3 	 88 	 Ey 	 1 	 3.536736e+00 	 -1.200000e+02 	 -6.000000e+02 	 2.000000e+00
3 	 89 	 Ey 	 1 	 2.226420e+00 	 1.200000e+02 	 -6.000000e+02 	 2.000000e+00
3 	 90 	 Ey 	 1 	 1.422428e+00 	 3.600000e+02 	 -6.000000e+02 	 2.000000e+00
3 	 91 	 Ey 	 1 	 1.193029e+00 	 6.000000e+02 	 -6.000000e+02 	 2.000000e+00
3 	 92 	 Ey 	 1 	 2.475689e+00 	 8.400000e+02 	 -6.000000e+02 	 2.000000e+00
3 	 93 	 Ey 	 1 	 6.092308e-01 	 1.080000e+03 	 -6.000000e+02 	 2.000000e+00
3 	 94 	 Ey 	 1 	 9.926319e-01 	 1.320000e+03 	 -6.000000e+02 	 2.000000e+00
3 	 95 	 Ey 	 1 	 1.025213e+00 	 1.560000e+03 	 -6.000000e+02 	 2.000000e+00
3 	 96 	 Ey 	 1 	 7.509012e-01 	 1.800000e+03 	 -6.000000e+02 	 2.000000e+00
3 	 97 	 Ey 	 1 	 7.209519e+00 	 -1.800000e+03 	 -3.600000e+02 	 2.000000e+00
3 	 98 	 Ey 	 1 	 6.721661e+00 	 -1.560000e+03 	 -3.600000e+02 	 2.000000e+00
3 	 99 	 Ey 	 1 	 8.840014e+00 	 -1.320000e+03 	 -3.600000e+02 	 2.000000e+00
3 	 100 	 Ey 	 1 	 9.540878e+00 	 -1.080000e+03 	 -3.600000e+02 	 2.000000e+00
3 	 101 	 Ey 	 1 	 9.482180e+00 	 -8.400000e+02 	 -3.600000e+02 	 2.000000e+00
3 	 102 	 Ey 	 1 	 9.289001e+00 	 -6.000000e+02 	 -3.600000e+02 	 2.000000e+00
3 	 103 	 Ey 	 1 	 7.569067e+00 	 -3.600000e+02 	 -3.600000e+02 	 2.000000e+00
3 	 104 	 Ey 	 1 	 6.510420e+00 	 -1.200000e+02 	 -3.600000e+02 	 2.000000e+00
3 	 105 	 Ey 	 1 	 2.936590e+00 	 1.200000e+02 	 -3.600000e+02 	 2.000000e+00
3 	 106 	 Ey 	 1 	 2.097845e+00 	 3.600000e+02 	 -3.600000e+02 	 2.000000e+00
3 	 107 	 Ey 	 1 	 3.034530e+00 	 6.000000e+02 	 -3.600000e+02 	 2.000000e+00
3 	 108 	 Ey 	 1 	 2.783841e+00 	 8.400000e+02 	 -3.600000e+02 	 2.000000e+00
3 	 109 	 Ey 	 1 	 3.197294e+00 	 1.080000e+03 	 -3.600000e+02 	 2.000000e+00
3 	 110 	 Ey 	 1 	 1.852840e+00 	 1.320000e+03 	 -3.600000e+02 	 2.000000e+00
3 	 111 	 Ey 	 1 	 2.635417e+00 	 1.560000e+03 	 -3.600000e+02 	 2.000000e+00
3 	 112 	 Ey 	 1 	 3.320001e+00 	 1.800000e+03 	 -3.600000e+02 	 2.000000e+00
3 	 113 	 Ey 	 1 	 7.408586e+00 	 -1.800000e+03 	 -1.200000e+02 	 2.000000e+00
3 	 114 	 Ey 	 1 	 6.503311e+00 	 -1.560000e+03 	 -1.200000e+02 	 2.000000e+00
3 	 115 	 Ey 	 1 	 9.480370e+00 	 -1.320000e+03 	 -1.200000e+02 	 2.000000e+00
3 	 116 	 Ey 	 1 	 9.683958e+00 	 -1.080000e+03 	 -1.200000e+02 	 2.000000e+00
3 	 117 	 Ey 	 1 	 1.189331e+01 	 -8.400000e+02 	 -1.200000e+02 	 2.000000e+00
3 	 118 	 Ey 	 1 	 1.114813e+01 	 -6.000000e+02 	 -1.200000e+02 	 2.000000e+00
3 	 119 	 Ey 	 1 	 7.216081e+00 	 -3.600000e+02 	 -1.200000e+02 	 2.000000e+00
3 	 120 	 Ey 	 1 	 7.422882e+00 	 -1.200000e+02 	 -1.200000e+02 	 2.000000e+00
3 	 121 	 Ey 	 1 	 3.872310e+00 	 1.200000e+02 	 -1.200000e+02 	 2.000000e+00
3 	 122 	 Ey 	 1 	 3.471555e+00 	 3.600000e+02 	 -1.200000e+02 	 2.000000e+00
3 	 123 	 Ey 	 1 	 5.283577e+00 	 6.000000e+02 	 -1.200000e+02 	 2.000000e+00
3 	 124 	 Ey 	 1 	 4.323404e+00 	 8.400000e+02 	 -1.200000e+02 	 2.000000e+00
3 	 125 	 Ey 	 1 	 3.707254e+00 	 1.080000e+03 	 -1.200000e+02 	 2.000000e+00
3 	 126 	 Ey 	 1 	 1.470750e+00 	 1.320000e+03 	 -1.200000e+02 	 2.000000e+00
3 	 127 	 Ey 	 1 	 2.043690e+00 	 1.560000e+03 	 -1.200000e+02 	 2.000000e+00
3 	 128 	 Ey 	 1 	 2.442299e+00 	 1.800000e+03 	 -1.200000e+02 	 2.000000e+00
3 	 129 	 Ey 	 1 	 6.829221e+00 	 -1.800000e+03 	 1.200000e+02 	 2.000000e+00
3 	 130 	 Ey 	 1 	 8.135792e+00 	 -1.560000e+03 	 1.200000e+02 	 2.000000e+00
3 	 131 	 Ey 	 1 	 7.942595e+00 	 -1.320000e+03 	 1.200000e+02 	 2.000000e+00
3 	 132 	 Ey 	 1 	 8.060247e+00 	 -1.080000e+03 	 1.200000e+02 	 2.000000e+00
3 	 133 	 Ey 	 1 	 1.045020e+01 	 -8.400000e+02 	 1.200000e+02 	 2.000000e+00
3 	 134 	 Ey 	 1 	 9.743584e+00 	 -6.000000e+02 	 1.200000e+02 	 2.000000e+00
3 	 135 	 Ey 	 1 	 8.926445e+00 	 -3.600000e+02 	 1.200000e+02 	 2.000000e+00
3 	 136 	 Ey 	 1 	 5.698260e+00 	 -1.200000e+02 	 1.200000e+02 	 2.000000e+00
3 	 137 	 Ey 	 1 	 3.767715e+00 	 1.200000e+02 	 1.200000e+02 	 2.000000e+00
3 	 138 	 Ey 	 1 	 2.834695e+00 	 3.600000e+02 	 1.200000e+02 	 2.000000e+00
3 	 139 	 Ey 	 1 	 3.870035e+00 	 6.000000e+02 	 1.200000e+02 	 2.000000e+00
3 	 140 	 Ey 	 1 	 4.761009e+00 	 8.400000e+02 	 1.200000e+02 	 2.000000e+00
3 	 141 	 Ey 	 1 	 6.268191e+00 	 1.080000e+03 	 1.200000e+02 	 2.000000e+00
3 	 142 	 Ey 	 1 	 4.436123e+00 	 1.320000e+03 	 1.200000e+02 	 2.000000e+00
3 	 143 	 Ey 	 1 	 4.141811e+00 	 1.560000e+03 	 1.200000e+02 	 2.000000e+00
3 	 144 	 Ey 	 1 	 3.319042e+00 	 1.800000e+03 	 1.200000e+02 	 2.000000e+00
3 	 145 	 Ey 	 1 	 7.469659e+00 	 -1.800000e+03 	 3.600000e+02 	 2.000000e+00
3 	 146 	 Ey 	 1 	 6.315135e+00 	 -1.560000e+03 	 3.600000e+02 	 2.000000e+00
3 	 147 	 Ey 	 1 	 6.340006e+00 	 -1.320000e+03 	 3.600000e+02 	 2.000000e+00
3 	 148 	 Ey 	 1 	 8.304252e+00 	 -1.080000e+03 	 3.600000e+02 	 2.000000e+00
3 	 149 	 Ey 	 1 	 6.555078e+00 	 -8.400000e+02 	 3.600000e+02 	 2.000000e+00
3 	 150 	 Ey 	 1 	 6.457394e+00 	 -6.000000e+02 	 3.600000e+02 	 2.000000e+00
3 	 151 	 Ey 	 1 	 5.367047e+00 	 -3.600000e+02 	 3.600000e+02 	 2.000000e+00
3 	 152 	 Ey 	 1 	 5.815094e+00 	 -1.200000e+02 	 3.600000e+02 	 2.000000e+00
3 	 153 	 Ey 	 1 	 3.668541e+00 	 1.200000e+02 	 3.600000e+02 	 2.000000e+00
3 	 154 	 Ey 	 1 	 3.501827e+00 	 3.600000e+02 	 3.600000e+02 	 2.000000e+00
3 	 155 	 Ey 	 1 	 5.153004e+00 	 6.000000e+02 	 3.600000e+02 	 2.000000e+00
3 	 156 	 Ey 	 1 	 5.573383e+00 	 8.400000e+02 	 3.600000e+02 	 2.000000e+00
3 	 157 	 Ey 	 1 	 5.465477e+00 	 1.080000e+03 	 3.600000e+02 	 2.000000e+00
3 	 158 	 Ey 	 1 	 5.005189e+00 	 1.320000e+03 	 3.600000e+02 	 2.000000e+00
3 	 159 	 Ey 	 1 	 5.358347e+00 	 1.560000e+03 	 3.600000e+02 	 2.000000e+00
3 	 160 	 Ey 	 1 	 4.193599e+00 	 1.800000e+03 	 3.600000e+02 	 2.000000e+00
3 	 161 	 Ey 	 1 	 4.657501e+00 	 -1.800000e+03 	 6.000000e+02 	 2.000000e+00
3 	 162 	 Ey 	 1 	 4.317282e+00 	 -1.560000e+03 	 6.000000e+02 	 2.000000e+00
3 	 163 	 Ey 	 1 	 5.499556e+00 	 -1.320000e+03 	 6.000000e+02 	 2.000000e+00
3 	 164 	 Ey 	 1 	 4.578153e+00 	 -1.080000e+03 	 6.000000e+02 	 2.000000e+00
3 	 165 	 Ey 	 1 	 3.187549e+00 	 -8.400000e+02 	 6.000000e+02 	 2.000000e+00
3 	 166 	 Ey 	 1 	 3.712059e+00 	 -6.000000e+02 	 6.000000e+02 	 2.000000e+00
3 	 167 	 Ey 	 1 	 2.735774e+00 	 -3.600000e+02 	 6.000000e+02 	 2.000000e+00
3 	 168 	 Ey 	 1 	 1.755813e+00 	 -1.200000e+02 	 6.000000e+02 	 2.000000e+00
3 	 169 	 Ey 	 1 	 3.481035e+00 	 1.200000e+02 	 6.000000e+02 	 2.000000e+00
3 	 170 	 Ey 	 1 	 2.160896e+00 	 3.600000e+02 	 6.000000e+02 	 2.000000e+00
3 	 171 	 Ey 	 1 	 3.868800e+00 	 6.000000e+02 	 6.000000e+02 	 2.000000e+00
3 	 172 	 Ey 	 1 	 5.303675e+00 	 8.400000e+02 	 6.000000e+02 	 2.000000e+00
3 	 173 	 Ey 	 1 	 6.291080e+00 	 1.080000e+03 	 6.000000e+02 	 2.000000e+00
3 	 174 	 Ey 	 1 	 7.217980e+00 	 1.320000e+03 	 6.000000e+02 	 2.000000e+00
3 	 175 	 Ey 	 1 	 6.325055e+00 	 1.560000e+03 	 6.000000e+02 	 2.000000e+00
3 	 176 	 Ey 	 1 	 4.510516e+00 	 1.800000e+03 	 6.000000e+02 	 2.000000e+00
3 	 177 	 Ey 	 1 	 3.100816e+00 	 -1.800000e+03 	 8.400000e+02 	 2.000000e+00
3 	 178 	 Ey 	 1 	 3.031780e+00 	 -1.560000e+03 	 8.400000e+02 	 2.000000e+00
3 	 179 	 Ey 	 1 	 1.762791e+00 	 -1.320000e+03 	 8.400000e+02 	 2.000000e+00
3 	 180 	 Ey 	 1 	 2.619996e+00 	 -1.080000e+03 	 8.400000e+02 	 2.000000e+00
3 	 181 	 Ey 	 1 	 9.165293e-01 	 -8.400000e+02 	 8.400000e+02 	 2.000000e+00
3 	 182 	 Ey 	 1 	 1.823902e+00 	 -6.000000e+02 	 8.400000e+02 	 2.000000e+00
3 	 183 	 Ey 	 1 	 3.186456e+00 	 -3.600000e+02 	 8.400000e+02 	 2.000000e+00
3 	 184 	 Ey 	 1 	 1.988675e+00 	 -1.200000e+02 	 8.400000e+02 	 2.000000e+00
3 	 185 	 Ey 	 1 	 1.603806e+00 	 1.200000e+02 	 8.400000e+02 	 2.000000e+00
3 	 186 	 Ey 	 1 	 1.262773e+00 	 3.600000e+02 	 8.400000e+02 	 2.000000e+00
3 	 187 	 Ey 	 1 	 3.970900e+00 	 6.000000e+02 	 8.400000e+02 	 2.000000e+00
3 	 188 	 Ey 	 1 	 5.320606e+00 	 8.400000e+02 	 8.400000e+02 	 2.000000e+00
3 	 189 	 Ey 	 1 	 5.903614e+00 	 1.080000e+03 	 8.400000e+02 	 2.000000e+00
3 	 190 	 Ey 	 1 	 6.363714e+00 	 1.320000e+03 	 8.400000e+02 	 2.000000e+00
3 	 191 	 Ey 	 1 	 5.943100e+00 	 1.560000e+03 	 8.400000e+02 	 2.000000e+00
3 	 192 	 Ey 	 1 	 4.819589e+00 	 1.800000e+03 	 8.400000e+02 	 2.000000e+00
3 	 193 	 Ey 	 1 	 2.534089e+00 	 -1.800000e+03 	 1.080000e+03 	 2.000000e+00
3 	 194 	 Ey 	 1 	 3.950396e+00 	 -1.560000e+03 	 1.080000e+03 	 2.000000e+00
3 	 195 	 Ey 	 1 	 3.774039e+00 	 -1.320000e+03 	 1.080000e+03 	 2.000000e+00
3 	 196 	 Ey 	 1 	 3.495712e+00 	 -1.080000e+03 	 1.080000e+03 	 2.000000e+00
3 	 197 	 Ey 	 1 	 4.683754e+00 	 -8.400000e+02 	 1.080000e+03 	 2.000000e+00
3 	 198 	 Ey 	 1 	 6.170939e+00 	 -6.000000e+02 	 1.080000e+03 	 2.000000e+00
3 	 199 	 Ey 	 1 	 5.343868e+00 	 -3.600000e+02 	 1.080000e+03 	 2.000000e+00
3 	 200 	 Ey 	 1 	 5.704266e+00 	 -1.200000e+02 	 1.080000e+03 	 2.000000e+00
3 	 201 	 Ey 	 1 	 3.479083e+00 	 1.200000e+02 	 1.080000e+03 	 2.000000e+00
3 	 202 	 Ey 	 1 	 2.091012e+00 	 3.600000e+02 	 1.080000e+03 	 2.000000e+00
3 	 203 	 Ey 	 1 	 2.157512e+00 	 6.000000e+02 	 1.080000e+03 	 2.000000e+00
3 	 204 	 Ey 	 1 	 4.594311e+00 	 8.400000e+02 	 1.080000e+03 	 2.000000e+00
3 	 205 	 Ey 	 1 	 5.180913e+00 	 1.080000e+03 	 1.080000e+03 	 2.000000e+00
3 	 206 	 Ey 	 1 	 7.731690e+00 	 1.320000e+03 	 1.080000e+03 	 2.000000e+00
3 	 207 	 Ey 	 1 	 4.764289e+00 	 1.560000e+03 	 1.080000e+03 	 2.000000e+00
3 	 208 	 Ey 	 1 	 5.530063e+00 	 1.800000e+03 	 1.080000e+03 	 2.000000e+00
3 	 209 	 Ey 	 1 	 1.038240e+00 	 -1.800000e+03 	 1.320000e+03 	 2.000000e+00
3 	 210 	 Ey 	 1 	 3.079838e+00 	 -1.560000e+03 	 1.320000e+03 	 2.000000e+00
3 	 211 	 Ey 	 1 	 3.668633e+00 	 -1.320000e+03 	 1.320000e+03 	 2.000000e+00
3 	 212 	 Ey 	 1 	 6.829298e+00 	 -1.080000e+03 	 1.320000e+03 	 2.000000e+00
3 	 213 	 Ey 	 1 	 7.253259e+00 	 -8.400000e+02 	 1.320000e+03 	 2.000000e+00
3 	 214 	 Ey 	 1 	 8.838365e+00 	 -6.000000e+02 	 1.320000e+03 	 2.000000e+00
3 	 215 	 Ey 	 1 	 9.038570e+00 	 -3.600000e+02 	 1.320000e+03 	 2.000000e+00
3 	 216 	 Ey 	 1 	 8.422120e+00 	 -1.200000e+02 	 1.320000e+03 	 2.000000e+00
3 	 217 	 Ey 	 1 	 3.830114e+00 	 1.200000e+02 	 1.320000e+03 	 2.000000e+00
3 	 218 	 Ey 	 1 	 3.066814e+00 	 3.600000e+02 	 1.320000e+03 	 2.000000e+00
3 	 219 	 Ey 	 1 	 4.232383e-01 	 6.000000e+02 	 1.320000e+03 	 2.000000e+00
3 	 220 	 Ey 	 1 	 4.257364e+00 	 8.400000e+02 	 1.320000e+03 	 2.000000e+00
3 	 221 	 Ey 	 1 	 3.605090e+00 	 1.080000e+03 	 1.320000e+03 	 2.000000e+00
3 	 222 	 Ey 	 1 	 4.866747e+00 	 1.320000e+03 	 1.320000e+03 	 2.000000e+00
3 	 223 	 Ey 	 1 	 6.037623e+00 	 1.560000e+03 	 1.320000e+03 	 2.000000e+00
3 	 224 	 Ey 	 1 	 4.628346e+00 	 1.800000e+03 	 1.320000e+03 	 2.000000e+00
3 	 225 	 Ey 	 1 	 4.956572e+00 	 -1.800000e+03 	 1.560000e+03 	 2.000000e+00
3 	 226 	 Ey 	 1 	 3.771451e+00 	 -1.560000e+03 	 1.560000e+03 	 2.000000e+00
3 	 227 	 Ey 	 1 	 6.045648e+00 	 -1.320000e+03 	 1.560000e+03 	 2.000000e+00
3 	 228 	 Ey 	 1 	 8.033517e+00 	 -1.080000e+03 	 1.560000e+03 	 2.000000e+00
3 	 229 	 Ey 	 1 	 8.862617e+00 	 -8.400000e+02 	 1.560000e+03 	 2.000000e+00
3 	 230 	 Ey 	 1 	 9.135297e+00 	 -6.000000e+02 	 1.560000e+03 	 2.000000e+00
3 	 231 	 Ey 	 1 	 9.436969e+00 	 -3.600000e+02 	 1.560000e+03 	 2.000000e+00
3 	 232 	 Ey 	 1 	 1.073290e+01 	 -1.200000e+02 	 1.560000e+03 	 2.000000e+00
3 	 233 	 Ey 	 1 	 6.324611e+00 	 1.200000e+02 	 1.560000e+03 	 2.000000e+00
3 	 234 	 Ey 	 1 	 2.253834e+00 	 3.600000e+02 	 1.560000e+03 	 2.000000e+00
3 	 235 	 Ey 	 1 	 1.031749e+00 	 6.000000e+02 	 1.560000e+03 	 2.000000e+00
3 	 236 	 Ey 	 1 	 2.346446e+00 	 8.400000e+02 	 1.560000e+03 	 2.000000e+00
3 	 237 	 Ey 	 1 	 3.757671e+00 	 1.080000e+03 	 1.560000e+03 	 2.000000e+00
3 	 238 	 Ey 	 1 	 3.377595e+00 	 1.320000e+03 	 1.560000e+03 	 2.000000e+00
3 	 239 	 Ey 	 1 	 5.823901e+00 	 1.560000e+03 	 1.560000e+03 	 2.000000e+00
3 	 240 	 Ey 	 1 	 5.658644e+00 	 1.800000e+03 	 1.560000e+03 	 2.000000e+00
3 	 241 	 Ey 	 1 	 3.266693e+00 	 -1.800000e+03 	 1.800000e+03 	 2.000000e+00
3 	 242 	 Ey 	 1 	 4.804710e+00 	 -1.560000e+03 	 1.800000e+03 	 2.000000e+00
3 	 243 	 Ey 	 1 	 5.666627e+00 	 -1.320000e+03 	 1.800000e+03 	 2.000000e+00
3 	 244 	 Ey 	 1 	 8.701554e+00 	 -1.080000e+03 	 1.800000e+03 	 2.000000e+00
3 	 245 	 Ey 	 1 	 9.483796e+00 	 -8.400000e+02 	 1.800000e+03 	 2.000000e+00
3 	 246 	 Ey 	 1 	 9.436908e+00 	 -6.000000e+02 	 1.800000e+03 	 2.000000e+00
3 	 247 	 Ey 	 1 	 9.042070e+00 	 -3.600000e+02 	 1.800000e+03 	 2.000000e+00
3 	 248 	 Ey 	 1 	 7.251410e+00 	 -1.200000e+02 	 1.800000e+03 	 2.000000e+00
3 	 249 	 Ey 	 1 	 5.375855e+00 	 1.200000e+02 	 1.800000e+03 	 2.000000e+00
3 	 250 	 Ey 	 1 	 4.901761e+00 	 3.600000e+02 	 1.800000e+03 	 2.000000e+00
3 	 251 	 Ey 	 1 	 1.449772e+00 	 6.000000e+02 	 1.800000e+03 	 2.000000e+00
3 	 252 	 Ey 	 1 	 1.020632e+00 	 8.400000e+02 	 1.800000e+03 	 2.000000e+00
3 	 253 	 Ey 	 1 	 1.850584e+00 	 1.080000e+03 	 1.800000e+03 	 2.000000e+00
3 	 254 	 Ey 	 1 	 4.325761e+00 	 1.320000e+03 	 1.800000e+03 	 2.000000e+00
3 	 255 	 Ey 	 1 	 4.476410e+00 	 1.560000e+03 	 1.800000e+03 	 2.000000e+00
3 	 256 	 Ey 	 1 	 5.345389e+00 	 1.800000e+03 	 1.800000e+03 	 2.000000e+00
3 	 1 	 Ey 	 2 	 2.593879e+00 	 -1.800000e+03 	 -1.800000e+03 	 2.000000e+00
3 	 2 	 Ey 	 2 	 2.166862e+00 	 -1.560000e+03 	 -1.800000e+03 	 2.000000e+00
3 	 3 	 Ey 	 2 	 1.133680e+00 	 -1.320000e+03 	 -1.800000e+03 	 2.000000e+00
3 	 4 	 Ey 	 2 	 9.520828e-01 	 -1.080000e+03 	 -1.800000e+03 	 2.000000e+00
3 	 5 	 Ey 	 2 	 6.981059e-01 	 -8.400000e+02 	 -1.800000e+03 	 2.000000e+00
3 	 6 	 Ey 	 2 	 1.517133e+00 	 -6.000000e+02 	 -1.800000e+03 	 2.000000e+00
3 	 7 	 Ey 	 2 	 1.160753e+00 	 -3.600000e+02 	 -1.800000e+03 	 2.000000e+00
3 	 8 	 Ey 	 2 	 9.166348e-01 	 -1.200000e+02 	 -1.800000e+03 	 2.000000e+00
3 	 9 	 Ey 	 2 	 0.000000e+00 	 1.200000e+02 	 -1.800000e+03 	 2.000000e+00
3 	 10 	 Ey 	 2 	 0.000000e+00 	 3.600000e+02 	 -1.800000e+03 	 2.000000e+00
3 	 11 	 Ey 	 2 	 0.000000e+00 	 6.000000e+02 	 -1.800000e+03 	 2.000000e+00
3 	 12 	 Ey 	 2 	 0.000000e+00 	 8.400000e+02 	 -1.800000e+03 	 2.000000e+00
3 	 13 	 Ey 	 2 	 0.000000e+00 	 1.080000e+03 	 -1.800000e+03 	 2.000000e+00
3 	 14 	 Ey 	 2 	 8.337244e-01 	 1.320000e+03 	 -1.800000e+03 	 2.000000e+00
3 	 15 	 Ey 	 2 	 1.249203e+00 	 1.560000e+03 	 -1.800000e+03 	 2.000000e+00
3 	 16 	 Ey 	 2 	 6.718363e-01 	 1.800000e+03 	 -1.800000e+03 	 2.000000e+00
3 	 17 	 Ey 	 2 	 4.071064e+00 	 -1.800000e+03 	 -1.560000e+03 	 2.000000e+00
3 	 18 	 Ey 	 2 	 1.492418e+00 	 -1.560000e+03 	 -1.560000e+03 	 2.000000e+00
3 	 19 	 Ey 	 2 	 6.781422e-01 	 -1.320000e+03 	 -1.560000e+03 	 2.000000e+00
3 	 20 	 Ey 	 2 	 1.162977e+00 	 -1.080000e+03 	 -1.560000e+03 	 2.000000e+00
3 	 21 	 Ey 	 2 	 7.626922e-01 	 -8.400000e+02 	 -1.560000e+03 	 2.000000e+00
3 	 22 	 Ey 	 2 	 7.267492e-01 	 -6.000000e+02 	 -1.560000e+03 	 2.000000e+00
3 	 23 	 Ey 	 2 	 1.617493e+00 	 -3.600000e+02 	 -1.560000e+03 	 2.000000e+00
3 	 24 	 Ey 	 2 	 1.068074e+00 	 -1.200000e+02 	 -1.560000e+03 	 2.000000e+00
3 	 25 	 Ey 	 2 	 0.000000e+00 	 1.200000e+02 	 -1.560000e+03 	 2.000000e+00
3 	 26 	 Ey 	 2 	 0.000000e+00 	 3.600000e+02 	 -1.560000e+03 	 2.000000e+00
3 	 27 	 Ey 	 2 	 0.000000e+00 	 6.000000e+02 	 -1.560000e+03 	 2.000000e+00
3 	 28 	 Ey 	 2 	 0.000000e+00 	 8.400000e+02 	 -1.560000e+03 	 2.000000e+00
3 	 29 	 Ey 	 2 	 0.000000e+00 	 1.080000e+03 	 -1.560000e+03 	 2.000000e+00
3 	 30 	 Ey 	 2 	 2.212652e-01 	 1.320000e+03 	 -1.560000e+03 	 2.000000e+00
3 	 31 	 Ey 	 2 	 9.791051e-01 	 1.560000e+03 	 -1.560000e+03 	 2.000000e+00
3 	 32 	 Ey 	 2 	 1.572992e+00 	 1.800000e+03 	 -1.560000e+03 	 2.000000e+00
3 	 33 	 Ey 	 2 	 4.142751e+00 	 -1.800000e+03 	 -1.320000e+03 	 2.000000e+00
3 	 34 	 Ey 	 2 	 2.920365e+00 	 -1.560000e+03 	 -1.320000e+03 	 2.000000e+00
3 	 35 	 Ey 	 2 	 1.845159e+00 	 -1.320000e+03 	 -1.320000e+03 	 2.000000e+00
3 	 36 	 Ey 	 2 	 8.326903e-02 	 -1.080000e+03 	 -1.320000e+03 	 2.000000e+00
3 	 37 	 Ey 	 2 	 2.016633e+00 	 -8.400000e+02 	 -1.320000e+03 	 2.000000e+00
3 	 38 	 Ey 	 2 	 1.610003e+00 	 -6.000000e+02 	 -1.320000e+03 	 2.000000e+00
3 	 39 	 Ey 	 2 	 9.631594e-01 	 -3.600000e+02 	 -1.320000e+03 	 2.000000e+00
3 	 40 	 Ey 	 2 	 7.368323e-01 	 -1.200000e+02 	 -1.320000e+03 	 2.000000e+00
3 	 41 	 Ey 	 2 	 0.000000e+00 	 1.200000e+02 	 -1.320000e+03 	 2.000000e+00
3 	 42 	 Ey 	 2 	 0.000000e+00 	 3.600000e+02 	 -1.320000e+03 	 2.000000e+00
3 	 43 	 Ey 	 2 	 0.000000e+00 	 6.000000e+02 	 -1.320000e+03 	 2.000000e+00
3 	 44 	 Ey 	 2 	 0.000000e+00 	 8.400000e+02 	 -1.320000e+03 	 2.000000e+00
3 	 45 	 Ey 	 2 	 1.055675e+00 	 1.080000e+03 	 -1.320000e+03 	 2.000000e+00
3 	 46 	 Ey 	 2 	 7.175093e-01 	 1.320000e+03 	 -1.320000e+03 	 2.000000e+00
3 	 47 	 Ey 	 2 	 1.016191e+00 	 1.560000e+03 	 -1.320000e+03 	 2.000000e+00
3 	 48 	 Ey 	 2 	 1.203516e+00 	 1.800000e+03 	 -1.320000e+03 	 2.000000e+00
3 	 49 	 Ey 	 2 	 5.175922e+00 	 -1.800000e+03 	 -1.080000e+03 	 2.000000e+00
3 	 50 	 Ey 	 2 	 5.486112e+00 	 -1.560000e+03 	 -1.080000e+03 	 2.000000e+00
3 	 51 	 Ey 	 2 	 2.701879e+00 	 -1.320000e+03 	 -1.080000e+03 	 2.000000e+00
3 	 52 	 Ey 	 2 	 2.489538e+00 	 -1.080000e+03 	 -1.080000e+03 	 2.000000e+00
3 	 53 	 Ey 	 2 	 2.118759e+00 	 -8.400000e+02 	 -1.080000e+03 	 2.000000e+00
3 	 54 	 Ey 	 2 	 1.965551e+00 	 -6.000000e+02 	 -1.080000e+03 	 2.000000e+00
3 	 55 	 Ey 	 2 	 1.351997e+00 	 -3.600000e+02 	 -1.080000e+03 	 2.000000e+00
3 	 56 	 Ey 	 2 	 1.600449e+00 	 -1.200000e+02 	 -1.080000e+03 	 2.000000e+00
3 	 57 	 Ey 	 2 	 1.156929e+00 	 1.200000e+02 	 -1.080000e+03 	 2.000000e+00
3 	 58 	 Ey 	 2 	 0.000000e+00 	 3.600000e+02 	 -1.080000e+03 	 2.000000e+00
3 	 59 	 Ey 	 2 	 0.000000e+00 	 6.000000e+02 	 -1.080000e+03 	 2.000000e+00
3 	 60 	 Ey 	 2 	 1.627427e+00 	 8.400000e+02 	 -1.080000e+03 	 2.000000e+00
3 	 61 	 Ey 	 2 	 6.824282e-01 	 1.080000e+03 	 -1.080000e+03 	 2.000000e+00
3 	 62 	 Ey 	 2 	 1.821701e+00 	 1.320000e+03 	 -1.080000e+03 	 2.000000e+00
3 	 63 	 Ey 	 2 	 8.427317e-01 	 1.560000e+03 	 -1.080000e+03 	 2.000000e+00
3 	 64 	 Ey 	 2 	 4.216646e-01 	 1.800000e+03 	 -1.080000e+03 	 2.000000e+00
3 	 65 	 Ey 	 2 	 7.837893e+00 	 -1.800000e+03 	 -8.400000e+02 	 2.000000e+00
3 	 66 	 Ey 	 2 	 8.044647e+00 	 -1.560000e+03 	 -8.400000e+02 	 2.000000e+00
3 	 67 	 Ey 	 2 	 5.962565e+00 	 -1.320000e+03 	 -8.400000e+02 	 2.000000e+00
3 	 68 	 Ey 	 2 	 5.611398e+00 	 -1.080000e+03 	 -8.400000e+02 	 2.000000e+00
3 	 69 	 Ey 	 2 	 4.778540e+00 	 -8.400000e+02 	 -8.400000e+02 	 2.000000e+00
3 	 70 	 Ey 	 2 	 3.535752e+00 	 -6.000000e+02 	 -8.400000e+02 	 2.000000e+00
3 	 71 	 Ey 	 2 	 2.008084e+00 	 -3.600000e+02 	 -8.400000e+02 	 2.000000e+00
3 	 72 	 Ey 	 2 	 2.093220e+00 	 -1.200000e+02 	 -8.400000e+02 	 2.000000e+00
3 	 73 	 Ey 	 2 	 4.119220e-01 	 1.200000e+02 	 -8.400000e+02 	 2.000000e+00
3 	 74 	 Ey 	 2 	 9.361141e-01 	 3.600000e+02 	 -8.400000e+02 	 2.000000e+00
3 	 75 	 Ey 	 2 	 8.896388e-01 	 6.000000e+02 	 -8.400000e+02 	 2.000000e+00
3 	 76 	 Ey 	 2 	 7.362712e-01 	 8.400000e+02 	 -8.400000e+02 	 2.000000e+00
3 	 77 	 Ey 	 2 	 2.985036e-01 	 1.080000e+03 	 -8.400000e+02 	 2.000000e+00
3 	 78 	 Ey 	 2 	 1.084975e+00 	 1.320000e+03 	 -8.400000e+02 	 2.000000e+00
3 	 79 	 Ey 	 2 	 5.781630e-01 	 1.560000e+03 	 -8.400000e+02 	 2.000000e+00
3 	 80 	 Ey 	 2 	 9.457425e-01 	 1.800000e+03 	 -8.400000e+02 	 2.000000e+00
3 	 81 	 Ey 	 2 	 8.538014e+00 	 -1.800000e+03 	 -6.000000e+02 	 2.000000e+00
3 	 82 	 Ey 	 2 	 8.481013e+00 	 -1.560000e+03 	 -6.000000e+02 	 2.000000e+00
3 	 83 	 Ey 	 2 	 8.843879e+00 	 -1.320000e+03 	 -6.000000e+02 	 2.000000e+00
3 	 84 	 Ey 	 2 	 8.137687e+00 	 -1.080000e+03 	 -6.000000e+02 	 2.000000e+00
3 	 85 	 Ey 	 2 	 8.309962e+00 	 -8.400000e+02 	 -6.000000e+02 	 2.000000e+00
3 	 86 	 Ey 	 2 	 6.349876e+00 	 -6.000000e+02 	 -6.000000e+02 	 2.000000e+00
3 	 87 	 Ey 	 2 	 6.312565e+00 	 -3.600000e+02 	 -6.000000e+02 	 2.000000e+00
3 	 88 	 Ey 	 2 	 4.363772e+00 	 -1.200000e+02 	 -6.000000e+02 	 2.000000e+00
3 	 89 	 Ey 	 2 	 1.031417e+00 	 1.200000e+02 	 -6.000000e+02 	 2.000000e+00
3 	 90 	 Ey 	 2 	 1.633017e+00 	 3.600000e+02 	 -6.000000e+02 	 2.000000e+00
3 	 91 	 Ey 	 2 	 3.153150e+00 	 6.000000e+02 	 -6.000000e+02 	 2.000000e+00
3 	 92 	 Ey 	 2 	 2.932142e+00 	 8.400000e+02 	 -6.000000e+02 	 2.000000e+00
3 	 93 	 Ey 	 2 	 1.544406e+00 	 1.080000e+03 	 -6.000000e+02 	 2.000000e+00
3 	 94 	 Ey 	 2 	 1.534167e+00 	 1.320000e+03 	 -6.000000e+02 	 2.000000e+00
3 	 95 	 Ey 	 2 	 1.059044e+00 	 1.560000e+03 	 -6.000000e+02 	 2.000000e+00
3 	 96 	 Ey 	 2 	 8.238930e-01 	 1.800000e+03 	 -6.000000e+02 	 2.000000e+00
3 	 97 	 Ey 	 2 	 1.017873e+01 	 -1.800000e+03 	 -3.600000e+02 	 2.000000e+00
3 	 98 	 Ey 	 2 	 1.023221e+01 	 -1.560000e+03 	 -3.600000e+02 	 2.000000e+00
3 	 99 	 Ey 	 2 	 1.014450e+01 	 -1.320000e+03 	 -3.600000e+02 	 2.000000e+00
3 	 100 	 Ey 	 2 	 9.550495e+00 	 -1.080000e+03 	 -3.600000e+02 	 2.000000e+00
3 	 101 	 Ey 	 2 	 9.936219e+00 	 -8.400000e+02 	 -3.600000e+02 	 2.000000e+00
3 	 102 	 Ey 	 2 	 7.482769e+00 	 -6.000000e+02 	 -3.600000e+02 	 2.000000e+00
3 	 103 	 Ey 	 2 	 8.226177e+00 	 -3.600000e+02 	 -3.600000e+02 	 2.000000e+00
3 	 104 	 Ey 	 2 	 5.516027e+00 	 -1.200000e+02 	 -3.600000e+02 	 2.000000e+00
3 	 105 	 Ey 	 2 	 3.111508e+00 	 1.200000e+02 	 -3.600000e+02 	 2.000000e+00
3 	 106 	 Ey 	 2 	 1.515855e+00 	 3.600000e+02 	 -3.600000e+02 	 2.000000e+00
3 	 107 	 Ey 	 2 	 2.493444e+00 	 6.000000e+02 	 -3.600000e+02 	 2.000000e+00
3 	 108 	 Ey 	 2 	 8.503766e-01 	 8.400000e+02 	 -3.600000e+02 	 2.000000e+00
3 	 109 	 Ey 	 2 	 2.104315e+00 	 1.080000e+03 	 -3.600000e+02 	 2.000000e+00
3 	 110 	 Ey 	 2 	 2.152728e+00 	 1.320000e+03 	 -3.600000e+02 	 2.000000e+00
3 	 111 	 Ey 	 2 	 2.326674e+00 	 1.560000e+03 	 -3.600000e+02 	 2.000000e+00
3 	 112 	 Ey 	 2 	 1.551259e+00 	 1.800000e+03 	 -3.600000e+02 	 2.000000e+00
3 	 113 	 Ey 	 2 	 1.047674e+01 	 -1.800000e+03 	 -1.200000e+02 	 2.000000e+00
3 	 114 	 Ey 	 2 	 1.008334e+01 	 -1.560000e+03 	 -1.200000e+02 	 2.000000e+00
3 	 115 	 Ey 	 2 	 9.838894e+00 	 -1.320000e+03 	 -1.200000e+02 	 2.000000e+00
3 	 116 	 Ey 	 2 	 1.025181e+01 	 -1.080000e+03 	 -1.200000e+02 	 2.000000e+00
3 	 117 	 Ey 	 2 	 1.043705e+01 	 -8.400000e+02 	 -1.200000e+02 	 2.000000e+00
3 	 118 	 Ey 	 2 	 8.403234e+00 	 -6.000000e+02 	 -1.200000e+02 	 2.000000e+00
3 	 119 	 Ey 	 2 	 7.533368e+00 	 -3.600000e+02 	 -1.200000e+02 	 2.000000e+00
3 	 120 	 Ey 	 2 	 4.985835e+00 	 -1.200000e+02 	 -1.200000e+02 	 2.000000e+00
3 	 121 	 Ey 	 2 	 2.678398e+00 	 1.200000e+02 	 -1.200000e+02 	 2.000000e+00
3 	 122 	 Ey 	 2 	 2.539369e+00 	 3.600000e+02 	 -1.200000e+02 	 2.000000e+00
3 	 123 	 Ey 	 2 	 4.376236e+00 	 6.000000e+02 	 -1.200000e+02 	 2.000000e+00
3 	 124 	 Ey 	 2 	 2.163362e+00 	 8.400000e+02 	 -1.200000e+02 	 2.000000e+00
3 	 125 	 Ey 	 2 	 4.081062e+00 	 1.080000e+03 	 -1.200000e+02 	 2.000000e+00
3 	 126 	 Ey 	 2 	 1.670226e+00 	 1.320000e+03 	 -1.200000e+02 	 2.000000e+00
3 	 127 	 Ey 	 2 	 3.383406e+00 	 1.560000e+03 	 -1.200000e+02 	 2.000000e+00
3 	 128 	 Ey 	 2 	 1.672873e+00 	 1.800000e+03 	 -1.200000e+02 	 2.000000e+00
3 	 129 	 Ey 	 2 	 8.976527e+00 	 -1.800000e+03 	 1.200000e+02 	 2.000000e+00
3 	 130 	 Ey 	 2 	 9.320971e+00 	 -1.560000e+03 	 1.200000e+02 	 2.000000e+00
3 	 131 	 Ey 	 2 	 9.267738e+00 	 -1.320000e+03 	 1.200000e+02 	 2.000000e+00
3 	 132 	 Ey 	 2 	 9.982215e+00 	 -1.080000e+03 	 1.200000e+02 	 2.000000e+00
3 	 133 	 Ey 	 2 	 9.129292e+00 	 -8.400000e+02 	 1.200000e+02 	 2.000000e+00
3 	 134 	 Ey 	 2 	 7.888659e+00 	 -6.000000e+02 	 1.200000e+02 	 2.000000e+00
3 	 135 	 Ey 	 2 	 5.886155e+00 	 -3.600000e+02 	 1.200000e+02 	 2.000000e+00
3 	 136 	 Ey 	 2 	 3.999690e+00 	 -1.200000e+02 	 1.200000e+02 	 2.000000e+00
3 	 137 	 Ey 	 2 	 3.290475e+00 	 1.200000e+02 	 1.200000e+02 	 2.000000e+00
3 	 138 	 Ey 	 2 	 2.961768e+00 	 3.600000e+02 	 1.200000e+02 	 2.000000e+00
3 	 139 	 Ey 	 2 	 2.861146e+00 	 6.000000e+02 	 1.200000e+02 	 2.000000e+00
3 	 140 	 Ey 	 2 	 3.155328e+00 	 8.400000e+02 	 1.200000e+02 	 2.000000e+00
3 	 141 	 Ey 	 2 	 4.705356e+00 	 1.080000e+03 	 1.200000e+02 	 2.000000e+00
3 	 142 	 Ey 	 2 	 2.405447e+00 	 1.320000e+03 	 1.200000e+02 	 2.000000e+00
3 	 143 	 Ey 	 2 	 3.608926e+00 	 1.560000e+03 	 1.200000e+02 	 2.000000e+00
3 	 144 	 Ey 	 2 	 3.975754e+00 	 1.800000e+03 	 1.200000e+02 	 2.000000e+00
3 	 145 	 Ey 	 2 	 7.252038e+00 	 -1.800000e+03 	 3.600000e+02 	 2.000000e+00
3 	 146 	 Ey 	 2 	 9.789654e+00 	 -1.560000e+03 	 3.600000e+02 	 2.000000e+00
3 	 147 	 Ey 	 2 	 8.089431e+00 	 -1.320000e+03 	 3.600000e+02 	 2.000000e+00
3 	 148 	 Ey 	 2 	 9.324405e+00 	 -1.080000e+03 	 3.600000e+02 	 2.000000e+00
3 	 149 	 Ey 	 2 	 7.472068e+00 	 -8.400000e+02 	 3.600000e+02 	 2.000000e+00
3 	 150 	 Ey 	 2 	 5.283712e+00 	 -6.000000e+02 	 3.600000e+02 	 2.000000e+00
3 	 151 	 Ey 	 2 	 4.560645e+00 	 -3.600000e+02 	 3.600000e+02 	 2.000000e+00
3 	 152 	 Ey 	 2 	 2.545341e+00 	 -1.200000e+02 	 3.600000e+02 	 2.000000e+00
3 	 153 	 Ey 	 2 	 1.990654e+00 	 1.200000e+02 	 3.600000e+02 	 2.000000e+00
3 	 154 	 Ey 	 2 	 4.186233e+00 	 3.600000e+02 	 3.600000e+02 	 2.000000e+00
3 	 155 	 Ey 	 2 	 4.119343e+00 	 6.000000e+02 	 3.600000e+02 	 2.000000e+00
3 	 156 	 Ey 	 2 	 3.571550e+00 	 8.400000e+02 	 3.600000e+02 	 2.000000e+00
3 	 157 	 Ey 	 2 	 3.744406e+00 	 1.080000e+03 	 3.600000e+02 	 2.000000e+00
3 	 158 	 Ey 	 2 	 3.773959e+00 	 1.320000e+03 	 3.600000e+02 	 2.000000e+00
3 	 159 	 Ey 	 2 	 3.777899e+00 	 1.560000e+03 	 3.600000e+02 	 2.000000e+00
3 	 160 	 Ey 	 2 	 4.120716e+00 	 1.800000e+03 	 3.600000e+02 	 2.000000e+00
3 	 161 	 Ey 	 2 	 6.136830e+00 	 -1.800000e+03 	 6.000000e+02 	 2.000000e+00
3 	 162 	 Ey 	 2 	 6.954165e+00 	 -1.560000e+03 	 6.000000e+02 	 2.000000e+00
3 	 163 	 Ey 	 2 	 7.395229e+00 	 -1.320000e+03 	 6.000000e+02 	 2.000000e+00
3 	 164 	 Ey 	 2 	 6.368329e+00 	 -1.080000e+03 	 6.000000e+02 	 2.000000e+00
3 	 165 	 Ey 	 2 	 4.497406e+00 	 -8.400000e+02 	 6.000000e+02 	 2.000000e+00
3 	 166 	 Ey 	 2 	 3.518840e+00 	 -6.000000e+02 	 6.000000e+02 	 2.000000e+00
3 	 167 	 Ey 	 2 	 8.550401e-01 	 -3.600000e+02 	 6.000000e+02 	 2.000000e+00
3 	 168 	 Ey 	 2 	 1.859836e+00 	 -1.200000e+02 	 6.000000e+02 	 2.000000e+00
3 	 169 	 Ey 	 2 	 2.859599e+00 	 1.200000e+02 	 6.000000e+02 	 2.000000e+00
3 	 170 	 Ey 	 2 	 2.257417e+00 	 3.600000e+02 	 6.000000e+02 	 2.000000e+00
3 	 171 	 Ey 	 2 	 3.786820e+00 	 6.000000e+02 	 6.000000e+02 	 2.000000e+00
3 	 172 	 Ey 	 2 	 4.231193e+00 	 8.400000e+02 	 6.000000e+02 	 2.000000e+00
3 	 173 	 Ey 	 2 	 4.755863e+00 	 1.080000e+03 	 6.000000e+02 	 2.000000e+00
3 	 174 	 Ey 	 2 	 5.532004e+00 	 1.320000e+03 	 6.000000e+02 	 2.000000e+00
3 	 175 	 Ey 	 2 	 5.613706e+00 	 1.560000e+03 	 6.000000e+02 	 2.000000e+00
3 	 176 	 Ey 	 2 	 3.885423e+00 	 1.800000e+03 	 6.000000e+02 	 2.000000e+00
3 	 177 	 Ey 	 2 	 5.296084e+00 	 -1.800000e+03 	 8.400000e+02 	 2.000000e+00
3 	 178 	 Ey 	 2 	 5.763624e+00 	 -1.560000e+03 	 8.400000e+02 	 2.000000e+00
3 	 179 	 Ey 	 2 	 5.991735e+00 	 -1.320000e+03 	 8.400000e+02 	 2.000000e+00
3 	 180 	 Ey 	 2 	 5.332120e+00 	 -1.080000e+03 	 8.400000e+02 	 2.000000e+00
3 	 181 	 Ey 	 2 	 2.962963e+00 	 -8.400000e+02 	 8.400000e+02 	 2.000000e+00
3 	 182 	 Ey 	 2 	 8.648047e-01 	 -6.000000e+02 	 8.400000e+02 	 2.000000e+00
3 	 183 	 Ey 	 2 	 3.070118e+00 	 -3.600000e+02 	 8.400000e+02 	 2.000000e+00
3 	 184 	 Ey 	 2 	 1.817154e+00 	 -1.200000e+02 	 8.400000e+02 	 2.000000e+00
3 	 185 	 Ey 	 2 	 7.820120e-01 	 1.200000e+02 	 8.400000e+02 	 2.000000e+00
3 	 186 	 Ey 	 2 	 8.324441e-01 	 3.600000e+02 	 8.400000e+02 	 2.000000e+00
3 	 187 	 Ey 	 2 	 2.211420e+00 	 6.000000e+02 	 8.400000e+02 	 2.000000e+00
3 	 188 	 Ey 	 2 	 4.038881e+00 	 8.400000e+02 	 8.400000e+02 	 2.000000e+00
3 	 189 	 Ey 	 2 	 4.885515e+00 	 1.080000e+03 	 8.400000e+02 	 2.000000e+00
3 	 190 	 Ey 	 2 	 5.379100e+00 	 1.320000e+03 	 8.400000e+02 	 2.000000e+00
3 	 191 	 Ey 	 2 	 5.205478e+00 	 1.560000e+03 	 8.400000e+02 	 2.000000e+00
3 	 192 	 Ey 	 2 	 5.914276e+00 	 1.800000e+03 	 8.400000e+02 	 2.000000e+00
3 	 193 	 Ey 	 2 	 2.527448e+00 	 -1.800000e+03 	 1.080000e+03 	 2.000000e+00
3 	 194 	 Ey 	 2 	 4.599044e+00 	 -1.560000e+03 	 1.080000e+03 	 2.000000e+00
3 	 195 	 Ey 	 2 	 3.789085e+00 	 -1.320000e+03 	 1.080000e+03 	 2.000000e+00
3 	 196 	 Ey 	 2 	 1.589896e+00 	 -1.080000e+03 	 1.080000e+03 	 2.000000e+00
3 	 197 	 Ey 	 2 	 1.759466e+00 	 -8.400000e+02 	 1.080000e+03 	 2.000000e+00
3 	 198 	 Ey 	 2 	 4.421789e+00 	 -6.000000e+02 	 1.080000e+03 	 2.000000e+00
3 	 199 	 Ey 	 2 	 3.701839e+00 	 -3.600000e+02 	 1.080000e+03 	 2.000000e+00
3 	 200 	 Ey 	 2 	 5.193125e+00 	 -1.200000e+02 	 1.080000e+03 	 2.000000e+00
3 	 201 	 Ey 	 2 	 3.220011e+00 	 1.200000e+02 	 1.080000e+03 	 2.000000e+00
3 	 202 	 Ey 	 2 	 9.769238e-01 	 3.600000e+02 	 1.080000e+03 	 2.000000e+00
3 	 203 	 Ey 	 2 	 1.328779e+00 	 6.000000e+02 	 1.080000e+03 	 2.000000e+00
3 	 204 	 Ey 	 2 	 4.567962e+00 	 8.400000e+02 	 1.080000e+03 	 2.000000e+00
3 	 205 	 Ey 	 2 	 5.990995e+00 	 1.080000e+03 	 1.080000e+03 	 2.000000e+00
3 	 206 	 Ey 	 2 	 6.026977e+00 	 1.320000e+03 	 1.080000e+03 	 2.000000e+00
3 	 207 	 Ey 	 2 	 6.334299e+00 	 1.560000e+03 	 1.080000e+03 	 2.000000e+00
3 	 208 	 Ey 	 2 	 6.571173e+00 	 1.800000e+03 	 1.080000e+03 	 2.000000e+00
3 	 209 	 Ey 	 2 	 2.898384e+00 	 -1.800000e+03 	 1.320000e+03 	 2.000000e+00
3 	 210 	 Ey 	 2 	 1.524006e+00 	 -1.560000e+03 	 1.320000e+03 	 2.000000e+00
3 	 211 	 Ey 	 2 	 2.260754e+00 	 -1.320000e+03 	 1.320000e+03 	 2.000000e+00
3 	 212 	 Ey 	 2 	 4.670052e+00 	 -1.080000e+03 	 1.320000e+03 	 2.000000e+00
3 	 213 	 Ey 	 2 	 4.155517e+00 	 -8.400000e+02 	 1.320000e+03 	 2.000000e+00
3 	 214 	 Ey 	 2 	 5.750333e+00 	 -6.000000e+02 	 1.320000e+03 	 2.000000e+00
3 	 215 	 Ey 	 2 	 6.655145e+00 	 -3.600000e+02 	 1.320000e+03 	 2.000000e+00
3 	 216 	 Ey 	 2 	 7.406446e+00 	 -1.200000e+02 	 1.320000e+03 	 2.000000e+00
3 	 217 	 Ey 	 2 	 3.764213e+00 	 1.200000e+02 	 1.320000e+03 	 2.000000e+00
3 	 218 	 Ey 	 2 	 1.768739e+00 	 3.600000e+02 	 1.320000e+03 	 2.000000e+00
3 	 219 	 Ey 	 2 	 1.339938e+00 	 6.000000e+02 	 1.320000e+03 	 2.000000e+00
3 	 220 	 Ey 	 2 	 2.828704e+00 	 8.400000e+02 	 1.320000e+03 	 2.000000e+00
3 	 221 	 Ey 	 2 	 4.977950e+00 	 1.080000e+03 	 1.320000e+03 	 2.000000e+00
3 	 222 	 Ey 	 2 	 5.410298e+00 	 1.320000e+03 	 1.320000e+03 	 2.000000e+00
3 	 223 	 Ey 	 2 	 5.937803e+00 	 1.560000e+03 	 1.320000e+03 	 2.000000e+00
3 	 224 	 Ey 	 2 	 4.562512e+00 	 1.800000e+03 	 1.320000e+03 	 2.000000e+00
3 	 225 	 Ey 	 2 	 2.670678e-01 	 -1.800000e+03 	 1.560000e+03 	 2.000000e+00
3 	 226 	 Ey 	 2 	 7.637223e-01 	 -1.560000e+03 	 1.560000e+03 	 2.000000e+00
3 	 227 	 Ey 	 2 	 3.911197e+00 	 -1.320000e+03 	 1.560000e+03 	 2.000000e+00
3 	 228 	 Ey 	 2 	 1.595099e+00 	 -1.080000e+03 	 1.560000e+03 	 2.000000e+00
3 	 229 	 Ey 	 2 	 4.977294e+00 	 -8.400000e+02 	 1.560000e+03 	 2.000000e+00
3 	 230 	 Ey 	 2 	 6.339326e+00 	 -6.000000e+02 	 1.560000e+03 	 2.000000e+00
3 	 231 	 Ey 	 2 	 7.633151e+00 	 -3.600000e+02 	 1.560000e+03 	 2.000000e+00
3 	 232 	 Ey 	 2 	 7.113013e+00 	 -1.200000e+02 	 1.560000e+03 	 2.000000e+00
3 	 233 	 Ey 	 2 	 4.433576e+00 	 1.200000e+02 	 1.560000e+03 	 2.000000e+00
3 	 234 	 Ey 	 2 	 1.435783e+00 	 3.600000e+02 	 1.560000e+03 	 2.000000e+00
3 	 235 	 Ey 	 2 	 8.313847e-01 	 6.000000e+02 	 1.560000e+03 	 2.000000e+00
3 	 236 	 Ey 	 2 	 2.495489e+00 	 8.400000e+02 	 1.560000e+03 	 2.000000e+00
3 	 237 	 Ey 	 2 	 2.693963e+00 	 1.080000e+03 	 1.560000e+03 	 2.000000e+00
3 	 238 	 Ey 	 2 	 3.535660e+00 	 1.320000e+03 	 1.560000e+03 	 2.000000e+00
3 	 239 	 Ey 	 2 	 5.044778e+00 	 1.560000e+03 	 1.560000e+03 	 2.000000e+00
3 	 240 	 Ey 	 2 	 4.821637e+00 	 1.800000e+03 	 1.560000e+03 	 2.000000e+00
3 	 241 	 Ey 	 2 	 1.490353e+00 	 -1.800000e+03 	 1.800000e+03 	 2.000000e+00
3 	 242 	 Ey 	 2 	 1.986185e+00 	 -1.560000e+03 	 1.800000e+03 	 2.000000e+00
3 	 243 	 Ey 	 2 	 2.558453e+00 	 -1.320000e+03 	 1.800000e+03 	 2.000000e+00
3 	 244 	 Ey 	 2 	 4.093970e+00 	 -1.080000e+03 	 1.800000e+03 	 2.000000e+00
3 	 245 	 Ey 	 2 	 5.505065e+00 	 -8.400000e+02 	 1.800000e+03 	 2.000000e+00
3 	 246 	 Ey 	 2 	 6.309128e+00 	 -6.000000e+02 	 1.800000e+03 	 2.000000e+00
3 	 247 	 Ey 	 2 	 5.825904e+00 	 -3.600000e+02 	 1.800000e+03 	 2.000000e+00
3 	 248 	 Ey 	 2 	 5.296113e+00 	 -1.200000e+02 	 1.800000e+03 	 2.000000e+00
3 	 249 	 Ey 	 2 	 4.252453e+00 	 1.200000e+02 	 1.800000e+03 	 2.000000e+00
3 	 250 	 Ey 	 2 	 1.914338e+00 	 3.600000e+02 	 1.800000e+03 	 2.000000e+00
3 	 251 	 Ey 	 2 	 1.437903e+00 	 6.000000e+02 	 1.800000e+03 	 2.000000e+00
3 	 252 	 Ey 	 2 	 5.386593e-01 	 8.400000e+02 	 1.800000e+03 	 2.000000e+00
3 	 253 	 Ey 	 2 	 3.373045e+00 	 1.080000e+03 	 1.800000e+03 	 2.000000e+00
3 	 254 	 Ey 	 2 	 3.537077e+00 	 1.320000e+03 	 1.800000e+03 	 2.000000e+00
3 	 255 	 Ey 	 2 	 3.570696e+00 	 1.560000e+03 	 1.800000e+03 	 2.000000e+00
3 	 256 	 Ey 	 2 	 4.625185e+00 	 1.800000e+03 	 1.800000e+03 	 2.000000e+00
