iTx 	 iRx    ichrec  ifreq 	 sig_misfit   x       y      z
2 	 1 	 Ex 	 1 	 8.147380e-01 	 -1.800000e+03 	 -1.800000e+03 	 2.000000e+00
2 	 2 	 Ex 	 1 	 3.803521e-01 	 -1.560000e+03 	 -1.800000e+03 	 2.000000e+00
2 	 3 	 Ex 	 1 	 1.513198e+00 	 -1.320000e+03 	 -1.800000e+03 	 2.000000e+00
2 	 4 	 Ex 	 1 	 0.000000e+00 	 -1.080000e+03 	 -1.800000e+03 	 2.000000e+00
2 	 5 	 Ex 	 1 	 0.000000e+00 	 -8.400000e+02 	 -1.800000e+03 	 2.000000e+00
2 	 6 	 Ex 	 1 	 0.000000e+00 	 -6.000000e+02 	 -1.800000e+03 	 2.000000e+00
2 	 7 	 Ex 	 1 	 0.000000e+00 	 -3.600000e+02 	 -1.800000e+03 	 2.000000e+00
2 	 8 	 Ex 	 1 	 0.000000e+00 	 -1.200000e+02 	 -1.800000e+03 	 2.000000e+00
2 	 9 	 Ex 	 1 	 1.396090e+00 	 1.200000e+02 	 -1.800000e+03 	 2.000000e+00
2 	 10 	 Ex 	 1 	 1.845302e-01 	 3.600000e+02 	 -1.800000e+03 	 2.000000e+00
2 	 11 	 Ex 	 1 	 1.713785e+00 	 6.000000e+02 	 -1.800000e+03 	 2.000000e+00
2 	 12 	 Ex 	 1 	 1.659698e+00 	 8.400000e+02 	 -1.800000e+03 	 2.000000e+00
2 	 13 	 Ex 	 1 	 6.859604e-01 	 1.080000e+03 	 -1.800000e+03 	 2.000000e+00
2 	 14 	 Ex 	 1 	 1.399727e+00 	 1.320000e+03 	 -1.800000e+03 	 2.000000e+00
2 	 15 	 Ex 	 1 	 1.220354e+00 	 1.560000e+03 	 -1.800000e+03 	 2.000000e+00
2 	 16 	 Ex 	 1 	 1.566501e-01 	 1.800000e+03 	 -1.800000e+03 	 2.000000e+00
2 	 17 	 Ex 	 1 	 1.147401e+00 	 -1.800000e+03 	 -1.560000e+03 	 2.000000e+00
2 	 18 	 Ex 	 1 	 1.367587e+00 	 -1.560000e+03 	 -1.560000e+03 	 2.000000e+00
2 	 19 	 Ex 	 1 	 1.635303e+00 	 -1.320000e+03 	 -1.560000e+03 	 2.000000e+00
2 	 20 	 Ex 	 1 	 0.000000e+00 	 -1.080000e+03 	 -1.560000e+03 	 2.000000e+00
2 	 21 	 Ex 	 1 	 0.000000e+00 	 -8.400000e+02 	 -1.560000e+03 	 2.000000e+00
2 	 22 	 Ex 	 1 	 0.000000e+00 	 -6.000000e+02 	 -1.560000e+03 	 2.000000e+00
2 	 23 	 Ex 	 1 	 0.000000e+00 	 -3.600000e+02 	 -1.560000e+03 	 2.000000e+00
2 	 24 	 Ex 	 1 	 0.000000e+00 	 -1.200000e+02 	 -1.560000e+03 	 2.000000e+00
2 	 25 	 Ex 	 1 	 1.720472e+00 	 1.200000e+02 	 -1.560000e+03 	 2.000000e+00
2 	 26 	 Ex 	 1 	 5.083640e-01 	 3.600000e+02 	 -1.560000e+03 	 2.000000e+00
2 	 27 	 Ex 	 1 	 2.932249e-01 	 6.000000e+02 	 -1.560000e+03 	 2.000000e+00
2 	 28 	 Ex 	 1 	 9.013990e-01 	 8.400000e+02 	 -1.560000e+03 	 2.000000e+00
2 	 29 	 Ex 	 1 	 6.461250e-01 	 1.080000e+03 	 -1.560000e+03 	 2.000000e+00
2 	 30 	 Ex 	 1 	 9.754125e-01 	 1.320000e+03 	 -1.560000e+03 	 2.000000e+00
2 	 31 	 Ex 	 1 	 1.391423e+00 	 1.560000e+03 	 -1.560000e+03 	 2.000000e+00
2 	 32 	 Ex 	 1 	 5.692934e-01 	 1.800000e+03 	 -1.560000e+03 	 2.000000e+00
2 	 33 	 Ex 	 1 	 2.275446e+00 	 -1.800000e+03 	 -1.320000e+03 	 2.000000e+00
2 	 34 	 Ex 	 1 	 1.340671e+00 	 -1.560000e+03 	 -1.320000e+03 	 2.000000e+00
2 	 35 	 Ex 	 1 	 1.245169e+00 	 -1.320000e+03 	 -1.320000e+03 	 2.000000e+00
2 	 36 	 Ex 	 1 	 4.066280e-01 	 -1.080000e+03 	 -1.320000e+03 	 2.000000e+00
2 	 37 	 Ex 	 1 	 0.000000e+00 	 -8.400000e+02 	 -1.320000e+03 	 2.000000e+00
2 	 38 	 Ex 	 1 	 0.000000e+00 	 -6.000000e+02 	 -1.320000e+03 	 2.000000e+00
2 	 39 	 Ex 	 1 	 0.000000e+00 	 -3.600000e+02 	 -1.320000e+03 	 2.000000e+00
2 	 40 	 Ex 	 1 	 0.000000e+00 	 -1.200000e+02 	 -1.320000e+03 	 2.000000e+00
2 	 41 	 Ex 	 1 	 6.507679e-01 	 1.200000e+02 	 -1.320000e+03 	 2.000000e+00
2 	 42 	 Ex 	 1 	 1.306545e+00 	 3.600000e+02 	 -1.320000e+03 	 2.000000e+00
2 	 43 	 Ex 	 1 	 2.063412e+00 	 6.000000e+02 	 -1.320000e+03 	 2.000000e+00
2 	 44 	 Ex 	 1 	 1.072568e+00 	 8.400000e+02 	 -1.320000e+03 	 2.000000e+00
2 	 45 	 Ex 	 1 	 1.790638e+00 	 1.080000e+03 	 -1.320000e+03 	 2.000000e+00
2 	 46 	 Ex 	 1 	 1.676957e-01 	 1.320000e+03 	 -1.320000e+03 	 2.000000e+00
2 	 47 	 Ex 	 1 	 6.994682e-01 	 1.560000e+03 	 -1.320000e+03 	 2.000000e+00
2 	 48 	 Ex 	 1 	 1.494358e+00 	 1.800000e+03 	 -1.320000e+03 	 2.000000e+00
2 	 49 	 Ex 	 1 	 1.359256e+00 	 -1.800000e+03 	 -1.080000e+03 	 2.000000e+00
2 	 50 	 Ex 	 1 	 5.728741e-01 	 -1.560000e+03 	 -1.080000e+03 	 2.000000e+00
2 	 51 	 Ex 	 1 	 4.921700e-01 	 -1.320000e+03 	 -1.080000e+03 	 2.000000e+00
2 	 52 	 Ex 	 1 	 4.761090e-01 	 -1.080000e+03 	 -1.080000e+03 	 2.000000e+00
2 	 53 	 Ex 	 1 	 1.924155e-01 	 -8.400000e+02 	 -1.080000e+03 	 2.000000e+00
2 	 54 	 Ex 	 1 	 0.000000e+00 	 -6.000000e+02 	 -1.080000e+03 	 2.000000e+00
2 	 55 	 Ex 	 1 	 0.000000e+00 	 -3.600000e+02 	 -1.080000e+03 	 2.000000e+00
2 	 56 	 Ex 	 1 	 4.499047e-01 	 -1.200000e+02 	 -1.080000e+03 	 2.000000e+00
2 	 57 	 Ex 	 1 	 1.711018e+00 	 1.200000e+02 	 -1.080000e+03 	 2.000000e+00
2 	 58 	 Ex 	 1 	 2.482637e+00 	 3.600000e+02 	 -1.080000e+03 	 2.000000e+00
2 	 59 	 Ex 	 1 	 1.684140e+00 	 6.000000e+02 	 -1.080000e+03 	 2.000000e+00
2 	 60 	 Ex 	 1 	 1.178587e+00 	 8.400000e+02 	 -1.080000e+03 	 2.000000e+00
2 	 61 	 Ex 	 1 	 2.190793e+00 	 1.080000e+03 	 -1.080000e+03 	 2.000000e+00
2 	 62 	 Ex 	 1 	 7.889738e-01 	 1.320000e+03 	 -1.080000e+03 	 2.000000e+00
2 	 63 	 Ex 	 1 	 2.310271e+00 	 1.560000e+03 	 -1.080000e+03 	 2.000000e+00
2 	 64 	 Ex 	 1 	 1.414943e+00 	 1.800000e+03 	 -1.080000e+03 	 2.000000e+00
2 	 65 	 Ex 	 1 	 2.150084e+00 	 -1.800000e+03 	 -8.400000e+02 	 2.000000e+00
2 	 66 	 Ex 	 1 	 2.228607e+00 	 -1.560000e+03 	 -8.400000e+02 	 2.000000e+00
2 	 67 	 Ex 	 1 	 2.216891e+00 	 -1.320000e+03 	 -8.400000e+02 	 2.000000e+00
2 	 68 	 Ex 	 1 	 9.129046e-01 	 -1.080000e+03 	 -8.400000e+02 	 2.000000e+00
2 	 69 	 Ex 	 1 	 1.217805e+00 	 -8.400000e+02 	 -8.400000e+02 	 2.000000e+00
2 	 70 	 Ex 	 1 	 2.702142e+00 	 -6.000000e+02 	 -8.400000e+02 	 2.000000e+00
2 	 71 	 Ex 	 1 	 1.976995e+00 	 -3.600000e+02 	 -8.400000e+02 	 2.000000e+00
2 	 72 	 Ex 	 1 	 5.731598e-01 	 -1.200000e+02 	 -8.400000e+02 	 2.000000e+00
2 	 73 	 Ex 	 1 	 1.396388e+00 	 1.200000e+02 	 -8.400000e+02 	 2.000000e+00
2 	 74 	 Ex 	 1 	 1.634839e+00 	 3.600000e+02 	 -8.400000e+02 	 2.000000e+00
2 	 75 	 Ex 	 1 	 1.356776e+00 	 6.000000e+02 	 -8.400000e+02 	 2.000000e+00
2 	 76 	 Ex 	 1 	 1.906048e+00 	 8.400000e+02 	 -8.400000e+02 	 2.000000e+00
2 	 77 	 Ex 	 1 	 3.156941e+00 	 1.080000e+03 	 -8.400000e+02 	 2.000000e+00
2 	 78 	 Ex 	 1 	 3.031279e+00 	 1.320000e+03 	 -8.400000e+02 	 2.000000e+00
2 	 79 	 Ex 	 1 	 1.673211e+00 	 1.560000e+03 	 -8.400000e+02 	 2.000000e+00
2 	 80 	 Ex 	 1 	 1.169363e+00 	 1.800000e+03 	 -8.400000e+02 	 2.000000e+00
2 	 81 	 Ex 	 1 	 1.885042e+00 	 -1.800000e+03 	 -6.000000e+02 	 2.000000e+00
2 	 82 	 Ex 	 1 	 3.120152e+00 	 -1.560000e+03 	 -6.000000e+02 	 2.000000e+00
2 	 83 	 Ex 	 1 	 1.164414e+00 	 -1.320000e+03 	 -6.000000e+02 	 2.000000e+00
2 	 84 	 Ex 	 1 	 2.052113e+00 	 -1.080000e+03 	 -6.000000e+02 	 2.000000e+00
2 	 85 	 Ex 	 1 	 3.105473e+00 	 -8.400000e+02 	 -6.000000e+02 	 2.000000e+00
2 	 86 	 Ex 	 1 	 5.721385e+00 	 -6.000000e+02 	 -6.000000e+02 	 2.000000e+00
2 	 87 	 Ex 	 1 	 5.063394e+00 	 -3.600000e+02 	 -6.000000e+02 	 2.000000e+00
2 	 88 	 Ex 	 1 	 5.005841e-01 	 -1.200000e+02 	 -6.000000e+02 	 2.000000e+00
2 	 89 	 Ex 	 1 	 3.148544e+00 	 1.200000e+02 	 -6.000000e+02 	 2.000000e+00
2 	 90 	 Ex 	 1 	 3.962124e+00 	 3.600000e+02 	 -6.000000e+02 	 2.000000e+00
2 	 91 	 Ex 	 1 	 3.401239e+00 	 6.000000e+02 	 -6.000000e+02 	 2.000000e+00
2 	 92 	 Ex 	 1 	 5.145668e-01 	 8.400000e+02 	 -6.000000e+02 	 2.000000e+00
2 	 93 	 Ex 	 1 	 3.955556e+00 	 1.080000e+03 	 -6.000000e+02 	 2.000000e+00
2 	 94 	 Ex 	 1 	 3.312843e+00 	 1.320000e+03 	 -6.000000e+02 	 2.000000e+00
2 	 95 	 Ex 	 1 	 2.824130e+00 	 1.560000e+03 	 -6.000000e+02 	 2.000000e+00
2 	 96 	 Ex 	 1 	 2.525053e+00 	 1.800000e+03 	 -6.000000e+02 	 2.000000e+00
2 	 97 	 Ex 	 1 	 2.623829e+00 	 -1.800000e+03 	 -3.600000e+02 	 2.000000e+00
2 	 98 	 Ex 	 1 	 2.157706e+00 	 -1.560000e+03 	 -3.600000e+02 	 2.000000e+00
2 	 99 	 Ex 	 1 	 1.391860e+00 	 -1.320000e+03 	 -3.600000e+02 	 2.000000e+00
2 	 100 	 Ex 	 1 	 2.128976e+00 	 -1.080000e+03 	 -3.600000e+02 	 2.000000e+00
2 	 101 	 Ex 	 1 	 6.728731e+00 	 -8.400000e+02 	 -3.600000e+02 	 2.000000e+00
2 	 102 	 Ex 	 1 	 7.644031e+00 	 -6.000000e+02 	 -3.600000e+02 	 2.000000e+00
2 	 103 	 Ex 	 1 	 5.718346e+00 	 -3.600000e+02 	 -3.600000e+02 	 2.000000e+00
2 	 104 	 Ex 	 1 	 1.246294e+00 	 -1.200000e+02 	 -3.600000e+02 	 2.000000e+00
2 	 105 	 Ex 	 1 	 3.964244e+00 	 1.200000e+02 	 -3.600000e+02 	 2.000000e+00
2 	 106 	 Ex 	 1 	 5.826423e+00 	 3.600000e+02 	 -3.600000e+02 	 2.000000e+00
2 	 107 	 Ex 	 1 	 2.338623e+00 	 6.000000e+02 	 -3.600000e+02 	 2.000000e+00
2 	 108 	 Ex 	 1 	 8.509924e-01 	 8.400000e+02 	 -3.600000e+02 	 2.000000e+00
2 	 109 	 Ex 	 1 	 3.433260e+00 	 1.080000e+03 	 -3.600000e+02 	 2.000000e+00
2 	 110 	 Ex 	 1 	 2.002448e+00 	 1.320000e+03 	 -3.600000e+02 	 2.000000e+00
2 	 111 	 Ex 	 1 	 2.263288e+00 	 1.560000e+03 	 -3.600000e+02 	 2.000000e+00
2 	 112 	 Ex 	 1 	 1.338178e+00 	 1.800000e+03 	 -3.600000e+02 	 2.000000e+00
2 	 113 	 Ex 	 1 	 3.197503e+00 	 -1.800000e+03 	 -1.200000e+02 	 2.000000e+00
2 	 114 	 Ex 	 1 	 3.053633e+00 	 -1.560000e+03 	 -1.200000e+02 	 2.000000e+00
2 	 115 	 Ex 	 1 	 6.020455e-01 	 -1.320000e+03 	 -1.200000e+02 	 2.000000e+00
2 	 116 	 Ex 	 1 	 3.065566e+00 	 -1.080000e+03 	 -1.200000e+02 	 2.000000e+00
2 	 117 	 Ex 	 1 	 8.524133e+00 	 -8.400000e+02 	 -1.200000e+02 	 2.000000e+00
2 	 118 	 Ex 	 1 	 1.220733e+01 	 -6.000000e+02 	 -1.200000e+02 	 2.000000e+00
2 	 119 	 Ex 	 1 	 8.465979e+00 	 -3.600000e+02 	 -1.200000e+02 	 2.000000e+00
2 	 120 	 Ex 	 1 	 2.813505e+00 	 -1.200000e+02 	 -1.200000e+02 	 2.000000e+00
2 	 121 	 Ex 	 1 	 3.911094e+00 	 1.200000e+02 	 -1.200000e+02 	 2.000000e+00
2 	 122 	 Ex 	 1 	 4.416104e+00 	 3.600000e+02 	 -1.200000e+02 	 2.000000e+00
2 	 123 	 Ex 	 1 	 2.651629e+00 	 6.000000e+02 	 -1.200000e+02 	 2.000000e+00
2 	 124 	 Ex 	 1 	 2.085561e+00 	 8.400000e+02 	 -1.200000e+02 	 2.000000e+00
2 	 125 	 Ex 	 1 	 1.919659e+00 	 1.080000e+03 	 -1.200000e+02 	 2.000000e+00
2 	 126 	 Ex 	 1 	 4.397871e+00 	 1.320000e+03 	 -1.200000e+02 	 2.000000e+00
2 	 127 	 Ex 	 1 	 2.630815e+00 	 1.560000e+03 	 -1.200000e+02 	 2.000000e+00
2 	 128 	 Ex 	 1 	 2.139261e+00 	 1.800000e+03 	 -1.200000e+02 	 2.000000e+00
2 	 129 	 Ex 	 1 	 3.645664e+00 	 -1.800000e+03 	 1.200000e+02 	 2.000000e+00
2 	 130 	 Ex 	 1 	 1.725456e+00 	 -1.560000e+03 	 1.200000e+02 	 2.000000e+00
2 	 131 	 Ex 	 1 	 1.051766e+00 	 -1.320000e+03 	 1.200000e+02 	 2.000000e+00
2 	 132 	 Ex 	 1 	 5.460195e+00 	 -1.080000e+03 	 1.200000e+02 	 2.000000e+00
2 	 133 	 Ex 	 1 	 1.018053e+01 	 -8.400000e+02 	 1.200000e+02 	 2.000000e+00
2 	 134 	 Ex 	 1 	 1.317827e+01 	 -6.000000e+02 	 1.200000e+02 	 2.000000e+00
2 	 135 	 Ex 	 1 	 1.193699e+01 	 -3.600000e+02 	 1.200000e+02 	 2.000000e+00
2 	 136 	 Ex 	 1 	 3.018939e+00 	 -1.200000e+02 	 1.200000e+02 	 2.000000e+00
2 	 137 	 Ex 	 1 	 3.554425e+00 	 1.200000e+02 	 1.200000e+02 	 2.000000e+00
2 	 138 	 Ex 	 1 	 5.136018e+00 	 3.600000e+02 	 1.200000e+02 	 2.000000e+00
2 	 139 	 Ex 	 1 	 3.962084e+00 	 6.000000e+02 	 1.200000e+02 	 2.000000e+00
2 	 140 	 Ex 	 1 	 2.646994e+00 	 8.400000e+02 	 1.200000e+02 	 2.000000e+00
2 	 141 	 Ex 	 1 	 2.779111e+00 	 1.080000e+03 	 1.200000e+02 	 2.000000e+00
2 	 142 	 Ex 	 1 	 1.546854e+00 	 1.320000e+03 	 1.200000e+02 	 2.000000e+00
2 	 143 	 Ex 	 1 	 2.901058e+00 	 1.560000e+03 	 1.200000e+02 	 2.000000e+00
2 	 144 	 Ex 	 1 	 2.915851e+00 	 1.800000e+03 	 1.200000e+02 	 2.000000e+00
2 	 145 	 Ex 	 1 	 1.618873e+00 	 -1.800000e+03 	 3.600000e+02 	 2.000000e+00
2 	 146 	 Ex 	 1 	 2.127939e+00 	 -1.560000e+03 	 3.600000e+02 	 2.000000e+00
2 	 147 	 Ex 	 1 	 1.422719e+00 	 -1.320000e+03 	 3.600000e+02 	 2.000000e+00
2 	 148 	 Ex 	 1 	 6.872371e+00 	 -1.080000e+03 	 3.600000e+02 	 2.000000e+00
2 	 149 	 Ex 	 1 	 1.313522e+01 	 -8.400000e+02 	 3.600000e+02 	 2.000000e+00
2 	 150 	 Ex 	 1 	 1.511464e+01 	 -6.000000e+02 	 3.600000e+02 	 2.000000e+00
2 	 151 	 Ex 	 1 	 1.072494e+01 	 -3.600000e+02 	 3.600000e+02 	 2.000000e+00
2 	 152 	 Ex 	 1 	 4.291057e+00 	 -1.200000e+02 	 3.600000e+02 	 2.000000e+00
2 	 153 	 Ex 	 1 	 3.189911e+00 	 1.200000e+02 	 3.600000e+02 	 2.000000e+00
2 	 154 	 Ex 	 1 	 4.132868e+00 	 3.600000e+02 	 3.600000e+02 	 2.000000e+00
2 	 155 	 Ex 	 1 	 2.914086e+00 	 6.000000e+02 	 3.600000e+02 	 2.000000e+00
2 	 156 	 Ex 	 1 	 2.009475e+00 	 8.400000e+02 	 3.600000e+02 	 2.000000e+00
2 	 157 	 Ex 	 1 	 9.986606e-01 	 1.080000e+03 	 3.600000e+02 	 2.000000e+00
2 	 158 	 Ex 	 1 	 2.207395e+00 	 1.320000e+03 	 3.600000e+02 	 2.000000e+00
2 	 159 	 Ex 	 1 	 1.860810e+00 	 1.560000e+03 	 3.600000e+02 	 2.000000e+00
2 	 160 	 Ex 	 1 	 2.716183e-01 	 1.800000e+03 	 3.600000e+02 	 2.000000e+00
2 	 161 	 Ex 	 1 	 2.432369e+00 	 -1.800000e+03 	 6.000000e+02 	 2.000000e+00
2 	 162 	 Ex 	 1 	 2.895726e+00 	 -1.560000e+03 	 6.000000e+02 	 2.000000e+00
2 	 163 	 Ex 	 1 	 2.390354e+00 	 -1.320000e+03 	 6.000000e+02 	 2.000000e+00
2 	 164 	 Ex 	 1 	 7.781224e+00 	 -1.080000e+03 	 6.000000e+02 	 2.000000e+00
2 	 165 	 Ex 	 1 	 1.331650e+01 	 -8.400000e+02 	 6.000000e+02 	 2.000000e+00
2 	 166 	 Ex 	 1 	 1.748648e+01 	 -6.000000e+02 	 6.000000e+02 	 2.000000e+00
2 	 167 	 Ex 	 1 	 1.202301e+01 	 -3.600000e+02 	 6.000000e+02 	 2.000000e+00
2 	 168 	 Ex 	 1 	 4.552784e+00 	 -1.200000e+02 	 6.000000e+02 	 2.000000e+00
2 	 169 	 Ex 	 1 	 2.279128e+00 	 1.200000e+02 	 6.000000e+02 	 2.000000e+00
2 	 170 	 Ex 	 1 	 3.886414e+00 	 3.600000e+02 	 6.000000e+02 	 2.000000e+00
2 	 171 	 Ex 	 1 	 4.096766e+00 	 6.000000e+02 	 6.000000e+02 	 2.000000e+00
2 	 172 	 Ex 	 1 	 1.623554e+00 	 8.400000e+02 	 6.000000e+02 	 2.000000e+00
2 	 173 	 Ex 	 1 	 1.881698e+00 	 1.080000e+03 	 6.000000e+02 	 2.000000e+00
2 	 174 	 Ex 	 1 	 1.251423e+00 	 1.320000e+03 	 6.000000e+02 	 2.000000e+00
2 	 175 	 Ex 	 1 	 7.353630e-01 	 1.560000e+03 	 6.000000e+02 	 2.000000e+00
2 	 176 	 Ex 	 1 	 2.289684e+00 	 1.800000e+03 	 6.000000e+02 	 2.000000e+00
2 	 177 	 Ex 	 1 	 3.433781e+00 	 -1.800000e+03 	 8.400000e+02 	 2.000000e+00
2 	 178 	 Ex 	 1 	 3.426607e+00 	 -1.560000e+03 	 8.400000e+02 	 2.000000e+00
2 	 179 	 Ex 	 1 	 3.259478e+00 	 -1.320000e+03 	 8.400000e+02 	 2.000000e+00
2 	 180 	 Ex 	 1 	 8.321770e+00 	 -1.080000e+03 	 8.400000e+02 	 2.000000e+00
2 	 181 	 Ex 	 1 	 1.148039e+01 	 -8.400000e+02 	 8.400000e+02 	 2.000000e+00
2 	 182 	 Ex 	 1 	 1.577425e+01 	 -6.000000e+02 	 8.400000e+02 	 2.000000e+00
2 	 183 	 Ex 	 1 	 1.155913e+01 	 -3.600000e+02 	 8.400000e+02 	 2.000000e+00
2 	 184 	 Ex 	 1 	 5.720328e+00 	 -1.200000e+02 	 8.400000e+02 	 2.000000e+00
2 	 185 	 Ex 	 1 	 7.744265e-01 	 1.200000e+02 	 8.400000e+02 	 2.000000e+00
2 	 186 	 Ex 	 1 	 2.363838e+00 	 3.600000e+02 	 8.400000e+02 	 2.000000e+00
2 	 187 	 Ex 	 1 	 1.954745e+00 	 6.000000e+02 	 8.400000e+02 	 2.000000e+00
2 	 188 	 Ex 	 1 	 2.829938e+00 	 8.400000e+02 	 8.400000e+02 	 2.000000e+00
2 	 189 	 Ex 	 1 	 1.039197e+00 	 1.080000e+03 	 8.400000e+02 	 2.000000e+00
2 	 190 	 Ex 	 1 	 7.883808e-01 	 1.320000e+03 	 8.400000e+02 	 2.000000e+00
2 	 191 	 Ex 	 1 	 1.128479e+00 	 1.560000e+03 	 8.400000e+02 	 2.000000e+00
2 	 192 	 Ex 	 1 	 1.434955e+00 	 1.800000e+03 	 8.400000e+02 	 2.000000e+00
2 	 193 	 Ex 	 1 	 1.308536e+00 	 -1.800000e+03 	 1.080000e+03 	 2.000000e+00
2 	 194 	 Ex 	 1 	 2.828555e+00 	 -1.560000e+03 	 1.080000e+03 	 2.000000e+00
2 	 195 	 Ex 	 1 	 4.740307e+00 	 -1.320000e+03 	 1.080000e+03 	 2.000000e+00
2 	 196 	 Ex 	 1 	 7.655643e+00 	 -1.080000e+03 	 1.080000e+03 	 2.000000e+00
2 	 197 	 Ex 	 1 	 1.338271e+01 	 -8.400000e+02 	 1.080000e+03 	 2.000000e+00
2 	 198 	 Ex 	 1 	 1.564828e+01 	 -6.000000e+02 	 1.080000e+03 	 2.000000e+00
2 	 199 	 Ex 	 1 	 1.223974e+01 	 -3.600000e+02 	 1.080000e+03 	 2.000000e+00
2 	 200 	 Ex 	 1 	 4.215307e+00 	 -1.200000e+02 	 1.080000e+03 	 2.000000e+00
2 	 201 	 Ex 	 1 	 2.257243e+00 	 1.200000e+02 	 1.080000e+03 	 2.000000e+00
2 	 202 	 Ex 	 1 	 1.786303e+00 	 3.600000e+02 	 1.080000e+03 	 2.000000e+00
2 	 203 	 Ex 	 1 	 2.396113e+00 	 6.000000e+02 	 1.080000e+03 	 2.000000e+00
2 	 204 	 Ex 	 1 	 2.422746e+00 	 8.400000e+02 	 1.080000e+03 	 2.000000e+00
2 	 205 	 Ex 	 1 	 1.420364e-01 	 1.080000e+03 	 1.080000e+03 	 2.000000e+00
2 	 206 	 Ex 	 1 	 3.118866e+00 	 1.320000e+03 	 1.080000e+03 	 2.000000e+00
2 	 207 	 Ex 	 1 	 1.830054e+00 	 1.560000e+03 	 1.080000e+03 	 2.000000e+00
2 	 208 	 Ex 	 1 	 2.143326e+00 	 1.800000e+03 	 1.080000e+03 	 2.000000e+00
2 	 209 	 Ex 	 1 	 2.273409e+00 	 -1.800000e+03 	 1.320000e+03 	 2.000000e+00
2 	 210 	 Ex 	 1 	 2.718447e+00 	 -1.560000e+03 	 1.320000e+03 	 2.000000e+00
2 	 211 	 Ex 	 1 	 5.583297e+00 	 -1.320000e+03 	 1.320000e+03 	 2.000000e+00
2 	 212 	 Ex 	 1 	 7.181733e+00 	 -1.080000e+03 	 1.320000e+03 	 2.000000e+00
2 	 213 	 Ex 	 1 	 1.258337e+01 	 -8.400000e+02 	 1.320000e+03 	 2.000000e+00
2 	 214 	 Ex 	 1 	 1.320552e+01 	 -6.000000e+02 	 1.320000e+03 	 2.000000e+00
2 	 215 	 Ex 	 1 	 9.477180e+00 	 -3.600000e+02 	 1.320000e+03 	 2.000000e+00
2 	 216 	 Ex 	 1 	 6.096323e+00 	 -1.200000e+02 	 1.320000e+03 	 2.000000e+00
2 	 217 	 Ex 	 1 	 2.618808e+00 	 1.200000e+02 	 1.320000e+03 	 2.000000e+00
2 	 218 	 Ex 	 1 	 6.315470e-01 	 3.600000e+02 	 1.320000e+03 	 2.000000e+00
2 	 219 	 Ex 	 1 	 3.084426e+00 	 6.000000e+02 	 1.320000e+03 	 2.000000e+00
2 	 220 	 Ex 	 1 	 8.870005e-01 	 8.400000e+02 	 1.320000e+03 	 2.000000e+00
2 	 221 	 Ex 	 1 	 1.832615e+00 	 1.080000e+03 	 1.320000e+03 	 2.000000e+00
2 	 222 	 Ex 	 1 	 1.805032e+00 	 1.320000e+03 	 1.320000e+03 	 2.000000e+00
2 	 223 	 Ex 	 1 	 1.296323e+00 	 1.560000e+03 	 1.320000e+03 	 2.000000e+00
2 	 224 	 Ex 	 1 	 1.092729e+00 	 1.800000e+03 	 1.320000e+03 	 2.000000e+00
2 	 225 	 Ex 	 1 	 4.308411e+00 	 -1.800000e+03 	 1.560000e+03 	 2.000000e+00
2 	 226 	 Ex 	 1 	 5.191235e+00 	 -1.560000e+03 	 1.560000e+03 	 2.000000e+00
2 	 227 	 Ex 	 1 	 5.981339e+00 	 -1.320000e+03 	 1.560000e+03 	 2.000000e+00
2 	 228 	 Ex 	 1 	 7.629758e+00 	 -1.080000e+03 	 1.560000e+03 	 2.000000e+00
2 	 229 	 Ex 	 1 	 8.542879e+00 	 -8.400000e+02 	 1.560000e+03 	 2.000000e+00
2 	 230 	 Ex 	 1 	 9.250077e+00 	 -6.000000e+02 	 1.560000e+03 	 2.000000e+00
2 	 231 	 Ex 	 1 	 8.289724e+00 	 -3.600000e+02 	 1.560000e+03 	 2.000000e+00
2 	 232 	 Ex 	 1 	 5.240454e+00 	 -1.200000e+02 	 1.560000e+03 	 2.000000e+00
2 	 233 	 Ex 	 1 	 3.016224e+00 	 1.200000e+02 	 1.560000e+03 	 2.000000e+00
2 	 234 	 Ex 	 1 	 1.223527e+00 	 3.600000e+02 	 1.560000e+03 	 2.000000e+00
2 	 235 	 Ex 	 1 	 2.733826e+00 	 6.000000e+02 	 1.560000e+03 	 2.000000e+00
2 	 236 	 Ex 	 1 	 2.073055e+00 	 8.400000e+02 	 1.560000e+03 	 2.000000e+00
2 	 237 	 Ex 	 1 	 4.960574e-01 	 1.080000e+03 	 1.560000e+03 	 2.000000e+00
2 	 238 	 Ex 	 1 	 3.983186e+00 	 1.320000e+03 	 1.560000e+03 	 2.000000e+00
2 	 239 	 Ex 	 1 	 1.624590e+00 	 1.560000e+03 	 1.560000e+03 	 2.000000e+00
2 	 240 	 Ex 	 1 	 3.990382e+00 	 1.800000e+03 	 1.560000e+03 	 2.000000e+00
2 	 241 	 Ex 	 1 	 3.968388e+00 	 -1.800000e+03 	 1.800000e+03 	 2.000000e+00
2 	 242 	 Ex 	 1 	 4.307216e+00 	 -1.560000e+03 	 1.800000e+03 	 2.000000e+00
2 	 243 	 Ex 	 1 	 4.678816e+00 	 -1.320000e+03 	 1.800000e+03 	 2.000000e+00
2 	 244 	 Ex 	 1 	 5.685375e+00 	 -1.080000e+03 	 1.800000e+03 	 2.000000e+00
2 	 245 	 Ex 	 1 	 7.650579e+00 	 -8.400000e+02 	 1.800000e+03 	 2.000000e+00
2 	 246 	 Ex 	 1 	 8.051429e+00 	 -6.000000e+02 	 1.800000e+03 	 2.000000e+00
2 	 247 	 Ex 	 1 	 6.692432e+00 	 -3.600000e+02 	 1.800000e+03 	 2.000000e+00
2 	 248 	 Ex 	 1 	 3.626155e+00 	 -1.200000e+02 	 1.800000e+03 	 2.000000e+00
2 	 249 	 Ex 	 1 	 3.867358e+00 	 1.200000e+02 	 1.800000e+03 	 2.000000e+00
2 	 250 	 Ex 	 1 	 3.074412e+00 	 3.600000e+02 	 1.800000e+03 	 2.000000e+00
2 	 251 	 Ex 	 1 	 1.898862e+00 	 6.000000e+02 	 1.800000e+03 	 2.000000e+00
2 	 252 	 Ex 	 1 	 1.271745e+00 	 8.400000e+02 	 1.800000e+03 	 2.000000e+00
2 	 253 	 Ex 	 1 	 3.266935e+00 	 1.080000e+03 	 1.800000e+03 	 2.000000e+00
2 	 254 	 Ex 	 1 	 6.215422e-01 	 1.320000e+03 	 1.800000e+03 	 2.000000e+00
2 	 255 	 Ex 	 1 	 1.812722e+00 	 1.560000e+03 	 1.800000e+03 	 2.000000e+00
2 	 256 	 Ex 	 1 	 8.141690e-01 	 1.800000e+03 	 1.800000e+03 	 2.000000e+00
2 	 1 	 Ex 	 2 	 1.354532e+00 	 -1.800000e+03 	 -1.800000e+03 	 2.000000e+00
2 	 2 	 Ex 	 2 	 4.762280e-01 	 -1.560000e+03 	 -1.800000e+03 	 2.000000e+00
2 	 3 	 Ex 	 2 	 8.141521e-01 	 -1.320000e+03 	 -1.800000e+03 	 2.000000e+00
2 	 4 	 Ex 	 2 	 0.000000e+00 	 -1.080000e+03 	 -1.800000e+03 	 2.000000e+00
2 	 5 	 Ex 	 2 	 0.000000e+00 	 -8.400000e+02 	 -1.800000e+03 	 2.000000e+00
2 	 6 	 Ex 	 2 	 0.000000e+00 	 -6.000000e+02 	 -1.800000e+03 	 2.000000e+00
2 	 7 	 Ex 	 2 	 0.000000e+00 	 -3.600000e+02 	 -1.800000e+03 	 2.000000e+00
2 	 8 	 Ex 	 2 	 0.000000e+00 	 -1.200000e+02 	 -1.800000e+03 	 2.000000e+00
2 	 9 	 Ex 	 2 	 1.234191e+00 	 1.200000e+02 	 -1.800000e+03 	 2.000000e+00
2 	 10 	 Ex 	 2 	 2.506438e+00 	 3.600000e+02 	 -1.800000e+03 	 2.000000e+00
2 	 11 	 Ex 	 2 	 9.034641e-01 	 6.000000e+02 	 -1.800000e+03 	 2.000000e+00
2 	 12 	 Ex 	 2 	 5.260015e-01 	 8.400000e+02 	 -1.800000e+03 	 2.000000e+00
2 	 13 	 Ex 	 2 	 1.262925e-01 	 1.080000e+03 	 -1.800000e+03 	 2.000000e+00
2 	 14 	 Ex 	 2 	 1.002780e+00 	 1.320000e+03 	 -1.800000e+03 	 2.000000e+00
2 	 15 	 Ex 	 2 	 1.789130e+00 	 1.560000e+03 	 -1.800000e+03 	 2.000000e+00
2 	 16 	 Ex 	 2 	 1.172085e+00 	 1.800000e+03 	 -1.800000e+03 	 2.000000e+00
2 	 17 	 Ex 	 2 	 4.012589e-01 	 -1.800000e+03 	 -1.560000e+03 	 2.000000e+00
2 	 18 	 Ex 	 2 	 1.212355e-01 	 -1.560000e+03 	 -1.560000e+03 	 2.000000e+00
2 	 19 	 Ex 	 2 	 4.851067e-01 	 -1.320000e+03 	 -1.560000e+03 	 2.000000e+00
2 	 20 	 Ex 	 2 	 0.000000e+00 	 -1.080000e+03 	 -1.560000e+03 	 2.000000e+00
2 	 21 	 Ex 	 2 	 0.000000e+00 	 -8.400000e+02 	 -1.560000e+03 	 2.000000e+00
2 	 22 	 Ex 	 2 	 0.000000e+00 	 -6.000000e+02 	 -1.560000e+03 	 2.000000e+00
2 	 23 	 Ex 	 2 	 0.000000e+00 	 -3.600000e+02 	 -1.560000e+03 	 2.000000e+00
2 	 24 	 Ex 	 2 	 0.000000e+00 	 -1.200000e+02 	 -1.560000e+03 	 2.000000e+00
2 	 25 	 Ex 	 2 	 1.139263e+00 	 1.200000e+02 	 -1.560000e+03 	 2.000000e+00
2 	 26 	 Ex 	 2 	 1.518173e+00 	 3.600000e+02 	 -1.560000e+03 	 2.000000e+00
2 	 27 	 Ex 	 2 	 6.018040e-01 	 6.000000e+02 	 -1.560000e+03 	 2.000000e+00
2 	 28 	 Ex 	 2 	 3.002304e-01 	 8.400000e+02 	 -1.560000e+03 	 2.000000e+00
2 	 29 	 Ex 	 2 	 1.337802e+00 	 1.080000e+03 	 -1.560000e+03 	 2.000000e+00
2 	 30 	 Ex 	 2 	 2.023660e+00 	 1.320000e+03 	 -1.560000e+03 	 2.000000e+00
2 	 31 	 Ex 	 2 	 5.645555e-01 	 1.560000e+03 	 -1.560000e+03 	 2.000000e+00
2 	 32 	 Ex 	 2 	 2.176589e+00 	 1.800000e+03 	 -1.560000e+03 	 2.000000e+00
2 	 33 	 Ex 	 2 	 8.649589e-01 	 -1.800000e+03 	 -1.320000e+03 	 2.000000e+00
2 	 34 	 Ex 	 2 	 1.391053e+00 	 -1.560000e+03 	 -1.320000e+03 	 2.000000e+00
2 	 35 	 Ex 	 2 	 2.652493e-01 	 -1.320000e+03 	 -1.320000e+03 	 2.000000e+00
2 	 36 	 Ex 	 2 	 2.744538e-01 	 -1.080000e+03 	 -1.320000e+03 	 2.000000e+00
2 	 37 	 Ex 	 2 	 0.000000e+00 	 -8.400000e+02 	 -1.320000e+03 	 2.000000e+00
2 	 38 	 Ex 	 2 	 0.000000e+00 	 -6.000000e+02 	 -1.320000e+03 	 2.000000e+00
2 	 39 	 Ex 	 2 	 0.000000e+00 	 -3.600000e+02 	 -1.320000e+03 	 2.000000e+00
2 	 40 	 Ex 	 2 	 0.000000e+00 	 -1.200000e+02 	 -1.320000e+03 	 2.000000e+00
2 	 41 	 Ex 	 2 	 1.849327e+00 	 1.200000e+02 	 -1.320000e+03 	 2.000000e+00
2 	 42 	 Ex 	 2 	 1.626305e+00 	 3.600000e+02 	 -1.320000e+03 	 2.000000e+00
2 	 43 	 Ex 	 2 	 1.117993e+00 	 6.000000e+02 	 -1.320000e+03 	 2.000000e+00
2 	 44 	 Ex 	 2 	 4.644797e-01 	 8.400000e+02 	 -1.320000e+03 	 2.000000e+00
2 	 45 	 Ex 	 2 	 1.063879e+00 	 1.080000e+03 	 -1.320000e+03 	 2.000000e+00
2 	 46 	 Ex 	 2 	 1.346651e+00 	 1.320000e+03 	 -1.320000e+03 	 2.000000e+00
2 	 47 	 Ex 	 2 	 1.797382e+00 	 1.560000e+03 	 -1.320000e+03 	 2.000000e+00
2 	 48 	 Ex 	 2 	 1.541725e+00 	 1.800000e+03 	 -1.320000e+03 	 2.000000e+00
2 	 49 	 Ex 	 2 	 1.016629e+00 	 -1.800000e+03 	 -1.080000e+03 	 2.000000e+00
2 	 50 	 Ex 	 2 	 1.198708e+00 	 -1.560000e+03 	 -1.080000e+03 	 2.000000e+00
2 	 51 	 Ex 	 2 	 1.193392e+00 	 -1.320000e+03 	 -1.080000e+03 	 2.000000e+00
2 	 52 	 Ex 	 2 	 9.968169e-02 	 -1.080000e+03 	 -1.080000e+03 	 2.000000e+00
2 	 53 	 Ex 	 2 	 8.189841e-01 	 -8.400000e+02 	 -1.080000e+03 	 2.000000e+00
2 	 54 	 Ex 	 2 	 0.000000e+00 	 -6.000000e+02 	 -1.080000e+03 	 2.000000e+00
2 	 55 	 Ex 	 2 	 0.000000e+00 	 -3.600000e+02 	 -1.080000e+03 	 2.000000e+00
2 	 56 	 Ex 	 2 	 2.483067e+00 	 -1.200000e+02 	 -1.080000e+03 	 2.000000e+00
2 	 57 	 Ex 	 2 	 4.684197e-01 	 1.200000e+02 	 -1.080000e+03 	 2.000000e+00
2 	 58 	 Ex 	 2 	 1.903861e+00 	 3.600000e+02 	 -1.080000e+03 	 2.000000e+00
2 	 59 	 Ex 	 2 	 9.758270e-01 	 6.000000e+02 	 -1.080000e+03 	 2.000000e+00
2 	 60 	 Ex 	 2 	 1.058780e+00 	 8.400000e+02 	 -1.080000e+03 	 2.000000e+00
2 	 61 	 Ex 	 2 	 2.166558e+00 	 1.080000e+03 	 -1.080000e+03 	 2.000000e+00
2 	 62 	 Ex 	 2 	 2.257466e+00 	 1.320000e+03 	 -1.080000e+03 	 2.000000e+00
2 	 63 	 Ex 	 2 	 1.980451e+00 	 1.560000e+03 	 -1.080000e+03 	 2.000000e+00
2 	 64 	 Ex 	 2 	 2.238097e+00 	 1.800000e+03 	 -1.080000e+03 	 2.000000e+00
2 	 65 	 Ex 	 2 	 2.184781e+00 	 -1.800000e+03 	 -8.400000e+02 	 2.000000e+00
2 	 66 	 Ex 	 2 	 2.030720e+00 	 -1.560000e+03 	 -8.400000e+02 	 2.000000e+00
2 	 67 	 Ex 	 2 	 4.034500e-01 	 -1.320000e+03 	 -8.400000e+02 	 2.000000e+00
2 	 68 	 Ex 	 2 	 1.546804e+00 	 -1.080000e+03 	 -8.400000e+02 	 2.000000e+00
2 	 69 	 Ex 	 2 	 2.265310e+00 	 -8.400000e+02 	 -8.400000e+02 	 2.000000e+00
2 	 70 	 Ex 	 2 	 3.136391e+00 	 -6.000000e+02 	 -8.400000e+02 	 2.000000e+00
2 	 71 	 Ex 	 2 	 2.452411e+00 	 -3.600000e+02 	 -8.400000e+02 	 2.000000e+00
2 	 72 	 Ex 	 2 	 1.154701e+00 	 -1.200000e+02 	 -8.400000e+02 	 2.000000e+00
2 	 73 	 Ex 	 2 	 1.326044e+00 	 1.200000e+02 	 -8.400000e+02 	 2.000000e+00
2 	 74 	 Ex 	 2 	 3.403450e+00 	 3.600000e+02 	 -8.400000e+02 	 2.000000e+00
2 	 75 	 Ex 	 2 	 2.840172e+00 	 6.000000e+02 	 -8.400000e+02 	 2.000000e+00
2 	 76 	 Ex 	 2 	 4.688586e-01 	 8.400000e+02 	 -8.400000e+02 	 2.000000e+00
2 	 77 	 Ex 	 2 	 2.475280e+00 	 1.080000e+03 	 -8.400000e+02 	 2.000000e+00
2 	 78 	 Ex 	 2 	 3.443140e+00 	 1.320000e+03 	 -8.400000e+02 	 2.000000e+00
2 	 79 	 Ex 	 2 	 2.746783e+00 	 1.560000e+03 	 -8.400000e+02 	 2.000000e+00
2 	 80 	 Ex 	 2 	 1.387084e+00 	 1.800000e+03 	 -8.400000e+02 	 2.000000e+00
2 	 81 	 Ex 	 2 	 1.980758e+00 	 -1.800000e+03 	 -6.000000e+02 	 2.000000e+00
2 	 82 	 Ex 	 2 	 2.025487e+00 	 -1.560000e+03 	 -6.000000e+02 	 2.000000e+00
2 	 83 	 Ex 	 2 	 2.665785e-01 	 -1.320000e+03 	 -6.000000e+02 	 2.000000e+00
2 	 84 	 Ex 	 2 	 2.571971e+00 	 -1.080000e+03 	 -6.000000e+02 	 2.000000e+00
2 	 85 	 Ex 	 2 	 4.540662e+00 	 -8.400000e+02 	 -6.000000e+02 	 2.000000e+00
2 	 86 	 Ex 	 2 	 5.085628e+00 	 -6.000000e+02 	 -6.000000e+02 	 2.000000e+00
2 	 87 	 Ex 	 2 	 5.259299e+00 	 -3.600000e+02 	 -6.000000e+02 	 2.000000e+00
2 	 88 	 Ex 	 2 	 1.860126e+00 	 -1.200000e+02 	 -6.000000e+02 	 2.000000e+00
2 	 89 	 Ex 	 2 	 1.908632e+00 	 1.200000e+02 	 -6.000000e+02 	 2.000000e+00
2 	 90 	 Ex 	 2 	 2.365715e+00 	 3.600000e+02 	 -6.000000e+02 	 2.000000e+00
2 	 91 	 Ex 	 2 	 2.347239e+00 	 6.000000e+02 	 -6.000000e+02 	 2.000000e+00
2 	 92 	 Ex 	 2 	 1.142107e+00 	 8.400000e+02 	 -6.000000e+02 	 2.000000e+00
2 	 93 	 Ex 	 2 	 3.531936e+00 	 1.080000e+03 	 -6.000000e+02 	 2.000000e+00
2 	 94 	 Ex 	 2 	 2.254846e+00 	 1.320000e+03 	 -6.000000e+02 	 2.000000e+00
2 	 95 	 Ex 	 2 	 2.053931e+00 	 1.560000e+03 	 -6.000000e+02 	 2.000000e+00
2 	 96 	 Ex 	 2 	 2.574318e+00 	 1.800000e+03 	 -6.000000e+02 	 2.000000e+00
2 	 97 	 Ex 	 2 	 3.669586e+00 	 -1.800000e+03 	 -3.600000e+02 	 2.000000e+00
2 	 98 	 Ex 	 2 	 2.643815e+00 	 -1.560000e+03 	 -3.600000e+02 	 2.000000e+00
2 	 99 	 Ex 	 2 	 1.748374e+00 	 -1.320000e+03 	 -3.600000e+02 	 2.000000e+00
2 	 100 	 Ex 	 2 	 2.818537e+00 	 -1.080000e+03 	 -3.600000e+02 	 2.000000e+00
2 	 101 	 Ex 	 2 	 5.920362e+00 	 -8.400000e+02 	 -3.600000e+02 	 2.000000e+00
2 	 102 	 Ex 	 2 	 7.204347e+00 	 -6.000000e+02 	 -3.600000e+02 	 2.000000e+00
2 	 103 	 Ex 	 2 	 6.861236e+00 	 -3.600000e+02 	 -3.600000e+02 	 2.000000e+00
2 	 104 	 Ex 	 2 	 4.106319e+00 	 -1.200000e+02 	 -3.600000e+02 	 2.000000e+00
2 	 105 	 Ex 	 2 	 2.830549e+00 	 1.200000e+02 	 -3.600000e+02 	 2.000000e+00
2 	 106 	 Ex 	 2 	 4.928709e+00 	 3.600000e+02 	 -3.600000e+02 	 2.000000e+00
2 	 107 	 Ex 	 2 	 3.635047e+00 	 6.000000e+02 	 -3.600000e+02 	 2.000000e+00
2 	 108 	 Ex 	 2 	 6.625435e-01 	 8.400000e+02 	 -3.600000e+02 	 2.000000e+00
2 	 109 	 Ex 	 2 	 2.200799e+00 	 1.080000e+03 	 -3.600000e+02 	 2.000000e+00
2 	 110 	 Ex 	 2 	 2.789541e+00 	 1.320000e+03 	 -3.600000e+02 	 2.000000e+00
2 	 111 	 Ex 	 2 	 2.802220e+00 	 1.560000e+03 	 -3.600000e+02 	 2.000000e+00
2 	 112 	 Ex 	 2 	 1.726871e+00 	 1.800000e+03 	 -3.600000e+02 	 2.000000e+00
2 	 113 	 Ex 	 2 	 3.406837e+00 	 -1.800000e+03 	 -1.200000e+02 	 2.000000e+00
2 	 114 	 Ex 	 2 	 3.536115e+00 	 -1.560000e+03 	 -1.200000e+02 	 2.000000e+00
2 	 115 	 Ex 	 2 	 1.982231e+00 	 -1.320000e+03 	 -1.200000e+02 	 2.000000e+00
2 	 116 	 Ex 	 2 	 3.680727e+00 	 -1.080000e+03 	 -1.200000e+02 	 2.000000e+00
2 	 117 	 Ex 	 2 	 8.183167e+00 	 -8.400000e+02 	 -1.200000e+02 	 2.000000e+00
2 	 118 	 Ex 	 2 	 1.024338e+01 	 -6.000000e+02 	 -1.200000e+02 	 2.000000e+00
2 	 119 	 Ex 	 2 	 8.848516e+00 	 -3.600000e+02 	 -1.200000e+02 	 2.000000e+00
2 	 120 	 Ex 	 2 	 3.839258e+00 	 -1.200000e+02 	 -1.200000e+02 	 2.000000e+00
2 	 121 	 Ex 	 2 	 3.723256e+00 	 1.200000e+02 	 -1.200000e+02 	 2.000000e+00
2 	 122 	 Ex 	 2 	 3.887660e+00 	 3.600000e+02 	 -1.200000e+02 	 2.000000e+00
2 	 123 	 Ex 	 2 	 2.695949e+00 	 6.000000e+02 	 -1.200000e+02 	 2.000000e+00
2 	 124 	 Ex 	 2 	 2.363486e+00 	 8.400000e+02 	 -1.200000e+02 	 2.000000e+00
2 	 125 	 Ex 	 2 	 2.058347e+00 	 1.080000e+03 	 -1.200000e+02 	 2.000000e+00
2 	 126 	 Ex 	 2 	 4.389163e+00 	 1.320000e+03 	 -1.200000e+02 	 2.000000e+00
2 	 127 	 Ex 	 2 	 2.451963e+00 	 1.560000e+03 	 -1.200000e+02 	 2.000000e+00
2 	 128 	 Ex 	 2 	 2.225280e+00 	 1.800000e+03 	 -1.200000e+02 	 2.000000e+00
2 	 129 	 Ex 	 2 	 3.246509e+00 	 -1.800000e+03 	 1.200000e+02 	 2.000000e+00
2 	 130 	 Ex 	 2 	 1.592931e+00 	 -1.560000e+03 	 1.200000e+02 	 2.000000e+00
2 	 131 	 Ex 	 2 	 2.407704e+00 	 -1.320000e+03 	 1.200000e+02 	 2.000000e+00
2 	 132 	 Ex 	 2 	 6.563074e+00 	 -1.080000e+03 	 1.200000e+02 	 2.000000e+00
2 	 133 	 Ex 	 2 	 9.376646e+00 	 -8.400000e+02 	 1.200000e+02 	 2.000000e+00
2 	 134 	 Ex 	 2 	 1.221927e+01 	 -6.000000e+02 	 1.200000e+02 	 2.000000e+00
2 	 135 	 Ex 	 2 	 1.064684e+01 	 -3.600000e+02 	 1.200000e+02 	 2.000000e+00
2 	 136 	 Ex 	 2 	 4.922440e+00 	 -1.200000e+02 	 1.200000e+02 	 2.000000e+00
2 	 137 	 Ex 	 2 	 3.608272e+00 	 1.200000e+02 	 1.200000e+02 	 2.000000e+00
2 	 138 	 Ex 	 2 	 3.765786e+00 	 3.600000e+02 	 1.200000e+02 	 2.000000e+00
2 	 139 	 Ex 	 2 	 2.982635e+00 	 6.000000e+02 	 1.200000e+02 	 2.000000e+00
2 	 140 	 Ex 	 2 	 3.224141e+00 	 8.400000e+02 	 1.200000e+02 	 2.000000e+00
2 	 141 	 Ex 	 2 	 1.343656e+00 	 1.080000e+03 	 1.200000e+02 	 2.000000e+00
2 	 142 	 Ex 	 2 	 1.911227e+00 	 1.320000e+03 	 1.200000e+02 	 2.000000e+00
2 	 143 	 Ex 	 2 	 2.753499e+00 	 1.560000e+03 	 1.200000e+02 	 2.000000e+00
2 	 144 	 Ex 	 2 	 2.238435e+00 	 1.800000e+03 	 1.200000e+02 	 2.000000e+00
2 	 145 	 Ex 	 2 	 2.200887e+00 	 -1.800000e+03 	 3.600000e+02 	 2.000000e+00
2 	 146 	 Ex 	 2 	 2.906878e+00 	 -1.560000e+03 	 3.600000e+02 	 2.000000e+00
2 	 147 	 Ex 	 2 	 4.591893e+00 	 -1.320000e+03 	 3.600000e+02 	 2.000000e+00
2 	 148 	 Ex 	 2 	 7.499093e+00 	 -1.080000e+03 	 3.600000e+02 	 2.000000e+00
2 	 149 	 Ex 	 2 	 1.303233e+01 	 -8.400000e+02 	 3.600000e+02 	 2.000000e+00
2 	 150 	 Ex 	 2 	 1.325428e+01 	 -6.000000e+02 	 3.600000e+02 	 2.000000e+00
2 	 151 	 Ex 	 2 	 1.162041e+01 	 -3.600000e+02 	 3.600000e+02 	 2.000000e+00
2 	 152 	 Ex 	 2 	 6.090140e+00 	 -1.200000e+02 	 3.600000e+02 	 2.000000e+00
2 	 153 	 Ex 	 2 	 1.633664e+00 	 1.200000e+02 	 3.600000e+02 	 2.000000e+00
2 	 154 	 Ex 	 2 	 3.097467e+00 	 3.600000e+02 	 3.600000e+02 	 2.000000e+00
2 	 155 	 Ex 	 2 	 2.622637e+00 	 6.000000e+02 	 3.600000e+02 	 2.000000e+00
2 	 156 	 Ex 	 2 	 3.030962e+00 	 8.400000e+02 	 3.600000e+02 	 2.000000e+00
2 	 157 	 Ex 	 2 	 1.185628e+00 	 1.080000e+03 	 3.600000e+02 	 2.000000e+00
2 	 158 	 Ex 	 2 	 1.673831e+00 	 1.320000e+03 	 3.600000e+02 	 2.000000e+00
2 	 159 	 Ex 	 2 	 1.428844e+00 	 1.560000e+03 	 3.600000e+02 	 2.000000e+00
2 	 160 	 Ex 	 2 	 2.595628e+00 	 1.800000e+03 	 3.600000e+02 	 2.000000e+00
2 	 161 	 Ex 	 2 	 2.866527e+00 	 -1.800000e+03 	 6.000000e+02 	 2.000000e+00
2 	 162 	 Ex 	 2 	 3.845919e+00 	 -1.560000e+03 	 6.000000e+02 	 2.000000e+00
2 	 163 	 Ex 	 2 	 4.116177e+00 	 -1.320000e+03 	 6.000000e+02 	 2.000000e+00
2 	 164 	 Ex 	 2 	 8.673517e+00 	 -1.080000e+03 	 6.000000e+02 	 2.000000e+00
2 	 165 	 Ex 	 2 	 1.151382e+01 	 -8.400000e+02 	 6.000000e+02 	 2.000000e+00
2 	 166 	 Ex 	 2 	 1.445136e+01 	 -6.000000e+02 	 6.000000e+02 	 2.000000e+00
2 	 167 	 Ex 	 2 	 1.270511e+01 	 -3.600000e+02 	 6.000000e+02 	 2.000000e+00
2 	 168 	 Ex 	 2 	 5.965670e+00 	 -1.200000e+02 	 6.000000e+02 	 2.000000e+00
2 	 169 	 Ex 	 2 	 1.247883e+00 	 1.200000e+02 	 6.000000e+02 	 2.000000e+00
2 	 170 	 Ex 	 2 	 2.605910e+00 	 3.600000e+02 	 6.000000e+02 	 2.000000e+00
2 	 171 	 Ex 	 2 	 3.831129e+00 	 6.000000e+02 	 6.000000e+02 	 2.000000e+00
2 	 172 	 Ex 	 2 	 1.833553e+00 	 8.400000e+02 	 6.000000e+02 	 2.000000e+00
2 	 173 	 Ex 	 2 	 1.615739e+00 	 1.080000e+03 	 6.000000e+02 	 2.000000e+00
2 	 174 	 Ex 	 2 	 2.668988e-01 	 1.320000e+03 	 6.000000e+02 	 2.000000e+00
2 	 175 	 Ex 	 2 	 2.503775e+00 	 1.560000e+03 	 6.000000e+02 	 2.000000e+00
2 	 176 	 Ex 	 2 	 1.253406e+00 	 1.800000e+03 	 6.000000e+02 	 2.000000e+00
2 	 177 	 Ex 	 2 	 3.934766e+00 	 -1.800000e+03 	 8.400000e+02 	 2.000000e+00
2 	 178 	 Ex 	 2 	 2.930409e+00 	 -1.560000e+03 	 8.400000e+02 	 2.000000e+00
2 	 179 	 Ex 	 2 	 6.005580e+00 	 -1.320000e+03 	 8.400000e+02 	 2.000000e+00
2 	 180 	 Ex 	 2 	 8.523117e+00 	 -1.080000e+03 	 8.400000e+02 	 2.000000e+00
2 	 181 	 Ex 	 2 	 1.138791e+01 	 -8.400000e+02 	 8.400000e+02 	 2.000000e+00
2 	 182 	 Ex 	 2 	 1.450574e+01 	 -6.000000e+02 	 8.400000e+02 	 2.000000e+00
2 	 183 	 Ex 	 2 	 1.070319e+01 	 -3.600000e+02 	 8.400000e+02 	 2.000000e+00
2 	 184 	 Ex 	 2 	 6.802780e+00 	 -1.200000e+02 	 8.400000e+02 	 2.000000e+00
2 	 185 	 Ex 	 2 	 1.078247e-01 	 1.200000e+02 	 8.400000e+02 	 2.000000e+00
2 	 186 	 Ex 	 2 	 1.122473e+00 	 3.600000e+02 	 8.400000e+02 	 2.000000e+00
2 	 187 	 Ex 	 2 	 3.254534e+00 	 6.000000e+02 	 8.400000e+02 	 2.000000e+00
2 	 188 	 Ex 	 2 	 2.567482e+00 	 8.400000e+02 	 8.400000e+02 	 2.000000e+00
2 	 189 	 Ex 	 2 	 2.354654e+00 	 1.080000e+03 	 8.400000e+02 	 2.000000e+00
2 	 190 	 Ex 	 2 	 1.527860e+00 	 1.320000e+03 	 8.400000e+02 	 2.000000e+00
2 	 191 	 Ex 	 2 	 9.399220e-01 	 1.560000e+03 	 8.400000e+02 	 2.000000e+00
2 	 192 	 Ex 	 2 	 1.522079e+00 	 1.800000e+03 	 8.400000e+02 	 2.000000e+00
2 	 193 	 Ex 	 2 	 3.438375e+00 	 -1.800000e+03 	 1.080000e+03 	 2.000000e+00
2 	 194 	 Ex 	 2 	 2.937991e+00 	 -1.560000e+03 	 1.080000e+03 	 2.000000e+00
2 	 195 	 Ex 	 2 	 6.466393e+00 	 -1.320000e+03 	 1.080000e+03 	 2.000000e+00
2 	 196 	 Ex 	 2 	 8.944989e+00 	 -1.080000e+03 	 1.080000e+03 	 2.000000e+00
2 	 197 	 Ex 	 2 	 1.122545e+01 	 -8.400000e+02 	 1.080000e+03 	 2.000000e+00
2 	 198 	 Ex 	 2 	 1.311347e+01 	 -6.000000e+02 	 1.080000e+03 	 2.000000e+00
2 	 199 	 Ex 	 2 	 1.201770e+01 	 -3.600000e+02 	 1.080000e+03 	 2.000000e+00
2 	 200 	 Ex 	 2 	 5.153108e+00 	 -1.200000e+02 	 1.080000e+03 	 2.000000e+00
2 	 201 	 Ex 	 2 	 1.163250e+00 	 1.200000e+02 	 1.080000e+03 	 2.000000e+00
2 	 202 	 Ex 	 2 	 6.730331e-01 	 3.600000e+02 	 1.080000e+03 	 2.000000e+00
2 	 203 	 Ex 	 2 	 1.544071e+00 	 6.000000e+02 	 1.080000e+03 	 2.000000e+00
2 	 204 	 Ex 	 2 	 1.621780e+00 	 8.400000e+02 	 1.080000e+03 	 2.000000e+00
2 	 205 	 Ex 	 2 	 2.627531e+00 	 1.080000e+03 	 1.080000e+03 	 2.000000e+00
2 	 206 	 Ex 	 2 	 7.866898e-01 	 1.320000e+03 	 1.080000e+03 	 2.000000e+00
2 	 207 	 Ex 	 2 	 2.223906e+00 	 1.560000e+03 	 1.080000e+03 	 2.000000e+00
2 	 208 	 Ex 	 2 	 9.756786e-01 	 1.800000e+03 	 1.080000e+03 	 2.000000e+00
2 	 209 	 Ex 	 2 	 3.962708e+00 	 -1.800000e+03 	 1.320000e+03 	 2.000000e+00
2 	 210 	 Ex 	 2 	 4.837646e+00 	 -1.560000e+03 	 1.320000e+03 	 2.000000e+00
2 	 211 	 Ex 	 2 	 7.283305e+00 	 -1.320000e+03 	 1.320000e+03 	 2.000000e+00
2 	 212 	 Ex 	 2 	 8.783257e+00 	 -1.080000e+03 	 1.320000e+03 	 2.000000e+00
2 	 213 	 Ex 	 2 	 9.689731e+00 	 -8.400000e+02 	 1.320000e+03 	 2.000000e+00
2 	 214 	 Ex 	 2 	 1.104365e+01 	 -6.000000e+02 	 1.320000e+03 	 2.000000e+00
2 	 215 	 Ex 	 2 	 8.727763e+00 	 -3.600000e+02 	 1.320000e+03 	 2.000000e+00
2 	 216 	 Ex 	 2 	 5.504553e+00 	 -1.200000e+02 	 1.320000e+03 	 2.000000e+00
2 	 217 	 Ex 	 2 	 2.954404e+00 	 1.200000e+02 	 1.320000e+03 	 2.000000e+00
2 	 218 	 Ex 	 2 	 1.322961e+00 	 3.600000e+02 	 1.320000e+03 	 2.000000e+00
2 	 219 	 Ex 	 2 	 1.281360e+00 	 6.000000e+02 	 1.320000e+03 	 2.000000e+00
2 	 220 	 Ex 	 2 	 1.643995e+00 	 8.400000e+02 	 1.320000e+03 	 2.000000e+00
2 	 221 	 Ex 	 2 	 2.521403e+00 	 1.080000e+03 	 1.320000e+03 	 2.000000e+00
2 	 222 	 Ex 	 2 	 1.185866e+00 	 1.320000e+03 	 1.320000e+03 	 2.000000e+00
2 	 223 	 Ex 	 2 	 1.095338e+00 	 1.560000e+03 	 1.320000e+03 	 2.000000e+00
2 	 224 	 Ex 	 2 	 1.037389e+00 	 1.800000e+03 	 1.320000e+03 	 2.000000e+00
2 	 225 	 Ex 	 2 	 3.952228e+00 	 -1.800000e+03 	 1.560000e+03 	 2.000000e+00
2 	 226 	 Ex 	 2 	 5.083630e+00 	 -1.560000e+03 	 1.560000e+03 	 2.000000e+00
2 	 227 	 Ex 	 2 	 6.081259e+00 	 -1.320000e+03 	 1.560000e+03 	 2.000000e+00
2 	 228 	 Ex 	 2 	 7.038505e+00 	 -1.080000e+03 	 1.560000e+03 	 2.000000e+00
2 	 229 	 Ex 	 2 	 1.087539e+01 	 -8.400000e+02 	 1.560000e+03 	 2.000000e+00
2 	 230 	 Ex 	 2 	 1.071795e+01 	 -6.000000e+02 	 1.560000e+03 	 2.000000e+00
2 	 231 	 Ex 	 2 	 9.223237e+00 	 -3.600000e+02 	 1.560000e+03 	 2.000000e+00
2 	 232 	 Ex 	 2 	 7.193395e+00 	 -1.200000e+02 	 1.560000e+03 	 2.000000e+00
2 	 233 	 Ex 	 2 	 3.935976e+00 	 1.200000e+02 	 1.560000e+03 	 2.000000e+00
2 	 234 	 Ex 	 2 	 1.839717e+00 	 3.600000e+02 	 1.560000e+03 	 2.000000e+00
2 	 235 	 Ex 	 2 	 9.951736e-01 	 6.000000e+02 	 1.560000e+03 	 2.000000e+00
2 	 236 	 Ex 	 2 	 2.615325e+00 	 8.400000e+02 	 1.560000e+03 	 2.000000e+00
2 	 237 	 Ex 	 2 	 2.063222e+00 	 1.080000e+03 	 1.560000e+03 	 2.000000e+00
2 	 238 	 Ex 	 2 	 1.475796e+00 	 1.320000e+03 	 1.560000e+03 	 2.000000e+00
2 	 239 	 Ex 	 2 	 1.723240e+00 	 1.560000e+03 	 1.560000e+03 	 2.000000e+00
2 	 240 	 Ex 	 2 	 3.253454e-01 	 1.800000e+03 	 1.560000e+03 	 2.000000e+00
2 	 241 	 Ex 	 2 	 4.621145e+00 	 -1.800000e+03 	 1.800000e+03 	 2.000000e+00
2 	 242 	 Ex 	 2 	 5.936791e+00 	 -1.560000e+03 	 1.800000e+03 	 2.000000e+00
2 	 243 	 Ex 	 2 	 6.385722e+00 	 -1.320000e+03 	 1.800000e+03 	 2.000000e+00
2 	 244 	 Ex 	 2 	 7.639544e+00 	 -1.080000e+03 	 1.800000e+03 	 2.000000e+00
2 	 245 	 Ex 	 2 	 7.996860e+00 	 -8.400000e+02 	 1.800000e+03 	 2.000000e+00
2 	 246 	 Ex 	 2 	 8.942477e+00 	 -6.000000e+02 	 1.800000e+03 	 2.000000e+00
2 	 247 	 Ex 	 2 	 8.023815e+00 	 -3.600000e+02 	 1.800000e+03 	 2.000000e+00
2 	 248 	 Ex 	 2 	 5.787476e+00 	 -1.200000e+02 	 1.800000e+03 	 2.000000e+00
2 	 249 	 Ex 	 2 	 3.524415e+00 	 1.200000e+02 	 1.800000e+03 	 2.000000e+00
2 	 250 	 Ex 	 2 	 1.207085e+00 	 3.600000e+02 	 1.800000e+03 	 2.000000e+00
2 	 251 	 Ex 	 2 	 1.751329e+00 	 6.000000e+02 	 1.800000e+03 	 2.000000e+00
2 	 252 	 Ex 	 2 	 1.206999e+00 	 8.400000e+02 	 1.800000e+03 	 2.000000e+00
2 	 253 	 Ex 	 2 	 1.629918e+00 	 1.080000e+03 	 1.800000e+03 	 2.000000e+00
2 	 254 	 Ex 	 2 	 1.567781e+00 	 1.320000e+03 	 1.800000e+03 	 2.000000e+00
2 	 255 	 Ex 	 2 	 1.578978e+00 	 1.560000e+03 	 1.800000e+03 	 2.000000e+00
2 	 256 	 Ex 	 2 	 1.093882e+00 	 1.800000e+03 	 1.800000e+03 	 2.000000e+00
2 	 1 	 Ey 	 1 	 8.478372e-01 	 -1.800000e+03 	 -1.800000e+03 	 2.000000e+00
2 	 2 	 Ey 	 1 	 1.417824e+00 	 -1.560000e+03 	 -1.800000e+03 	 2.000000e+00
2 	 3 	 Ey 	 1 	 1.298003e+00 	 -1.320000e+03 	 -1.800000e+03 	 2.000000e+00
2 	 4 	 Ey 	 1 	 0.000000e+00 	 -1.080000e+03 	 -1.800000e+03 	 2.000000e+00
2 	 5 	 Ey 	 1 	 0.000000e+00 	 -8.400000e+02 	 -1.800000e+03 	 2.000000e+00
2 	 6 	 Ey 	 1 	 0.000000e+00 	 -6.000000e+02 	 -1.800000e+03 	 2.000000e+00
2 	 7 	 Ey 	 1 	 0.000000e+00 	 -3.600000e+02 	 -1.800000e+03 	 2.000000e+00
2 	 8 	 Ey 	 1 	 0.000000e+00 	 -1.200000e+02 	 -1.800000e+03 	 2.000000e+00
2 	 9 	 Ey 	 1 	 1.027725e+00 	 1.200000e+02 	 -1.800000e+03 	 2.000000e+00
2 	 10 	 Ey 	 1 	 1.464756e+00 	 3.600000e+02 	 -1.800000e+03 	 2.000000e+00
2 	 11 	 Ey 	 1 	 5.898613e-01 	 6.000000e+02 	 -1.800000e+03 	 2.000000e+00
2 	 12 	 Ey 	 1 	 7.499858e-01 	 8.400000e+02 	 -1.800000e+03 	 2.000000e+00
2 	 13 	 Ey 	 1 	 1.773161e-01 	 1.080000e+03 	 -1.800000e+03 	 2.000000e+00
2 	 14 	 Ey 	 1 	 7.238281e-01 	 1.320000e+03 	 -1.800000e+03 	 2.000000e+00
2 	 15 	 Ey 	 1 	 5.944829e-01 	 1.560000e+03 	 -1.800000e+03 	 2.000000e+00
2 	 16 	 Ey 	 1 	 1.089471e+00 	 1.800000e+03 	 -1.800000e+03 	 2.000000e+00
2 	 17 	 Ey 	 1 	 8.894757e-01 	 -1.800000e+03 	 -1.560000e+03 	 2.000000e+00
2 	 18 	 Ey 	 1 	 5.206633e-01 	 -1.560000e+03 	 -1.560000e+03 	 2.000000e+00
2 	 19 	 Ey 	 1 	 6.752508e-01 	 -1.320000e+03 	 -1.560000e+03 	 2.000000e+00
2 	 20 	 Ey 	 1 	 0.000000e+00 	 -1.080000e+03 	 -1.560000e+03 	 2.000000e+00
2 	 21 	 Ey 	 1 	 0.000000e+00 	 -8.400000e+02 	 -1.560000e+03 	 2.000000e+00
2 	 22 	 Ey 	 1 	 0.000000e+00 	 -6.000000e+02 	 -1.560000e+03 	 2.000000e+00
2 	 23 	 Ey 	 1 	 0.000000e+00 	 -3.600000e+02 	 -1.560000e+03 	 2.000000e+00
2 	 24 	 Ey 	 1 	 0.000000e+00 	 -1.200000e+02 	 -1.560000e+03 	 2.000000e+00
2 	 25 	 Ey 	 1 	 1.355272e+00 	 1.200000e+02 	 -1.560000e+03 	 2.000000e+00
2 	 26 	 Ey 	 1 	 9.823278e-01 	 3.600000e+02 	 -1.560000e+03 	 2.000000e+00
2 	 27 	 Ey 	 1 	 6.176479e-01 	 6.000000e+02 	 -1.560000e+03 	 2.000000e+00
2 	 28 	 Ey 	 1 	 1.170350e-01 	 8.400000e+02 	 -1.560000e+03 	 2.000000e+00
2 	 29 	 Ey 	 1 	 9.716397e-01 	 1.080000e+03 	 -1.560000e+03 	 2.000000e+00
2 	 30 	 Ey 	 1 	 7.032600e-01 	 1.320000e+03 	 -1.560000e+03 	 2.000000e+00
2 	 31 	 Ey 	 1 	 1.480985e+00 	 1.560000e+03 	 -1.560000e+03 	 2.000000e+00
2 	 32 	 Ey 	 1 	 7.290515e-01 	 1.800000e+03 	 -1.560000e+03 	 2.000000e+00
2 	 33 	 Ey 	 1 	 1.104579e+00 	 -1.800000e+03 	 -1.320000e+03 	 2.000000e+00
2 	 34 	 Ey 	 1 	 9.688011e-01 	 -1.560000e+03 	 -1.320000e+03 	 2.000000e+00
2 	 35 	 Ey 	 1 	 1.138614e+00 	 -1.320000e+03 	 -1.320000e+03 	 2.000000e+00
2 	 36 	 Ey 	 1 	 8.485087e-01 	 -1.080000e+03 	 -1.320000e+03 	 2.000000e+00
2 	 37 	 Ey 	 1 	 0.000000e+00 	 -8.400000e+02 	 -1.320000e+03 	 2.000000e+00
2 	 38 	 Ey 	 1 	 0.000000e+00 	 -6.000000e+02 	 -1.320000e+03 	 2.000000e+00
2 	 39 	 Ey 	 1 	 0.000000e+00 	 -3.600000e+02 	 -1.320000e+03 	 2.000000e+00
2 	 40 	 Ey 	 1 	 0.000000e+00 	 -1.200000e+02 	 -1.320000e+03 	 2.000000e+00
2 	 41 	 Ey 	 1 	 7.815005e-01 	 1.200000e+02 	 -1.320000e+03 	 2.000000e+00
2 	 42 	 Ey 	 1 	 7.219796e-01 	 3.600000e+02 	 -1.320000e+03 	 2.000000e+00
2 	 43 	 Ey 	 1 	 1.080209e+00 	 6.000000e+02 	 -1.320000e+03 	 2.000000e+00
2 	 44 	 Ey 	 1 	 5.832945e-01 	 8.400000e+02 	 -1.320000e+03 	 2.000000e+00
2 	 45 	 Ey 	 1 	 2.108714e+00 	 1.080000e+03 	 -1.320000e+03 	 2.000000e+00
2 	 46 	 Ey 	 1 	 1.828286e+00 	 1.320000e+03 	 -1.320000e+03 	 2.000000e+00
2 	 47 	 Ey 	 1 	 1.524447e+00 	 1.560000e+03 	 -1.320000e+03 	 2.000000e+00
2 	 48 	 Ey 	 1 	 9.290231e-01 	 1.800000e+03 	 -1.320000e+03 	 2.000000e+00
2 	 49 	 Ey 	 1 	 1.336976e+00 	 -1.800000e+03 	 -1.080000e+03 	 2.000000e+00
2 	 50 	 Ey 	 1 	 2.023116e+00 	 -1.560000e+03 	 -1.080000e+03 	 2.000000e+00
2 	 51 	 Ey 	 1 	 1.167375e+00 	 -1.320000e+03 	 -1.080000e+03 	 2.000000e+00
2 	 52 	 Ey 	 1 	 1.467119e+00 	 -1.080000e+03 	 -1.080000e+03 	 2.000000e+00
2 	 53 	 Ey 	 1 	 9.467363e-01 	 -8.400000e+02 	 -1.080000e+03 	 2.000000e+00
2 	 54 	 Ey 	 1 	 0.000000e+00 	 -6.000000e+02 	 -1.080000e+03 	 2.000000e+00
2 	 55 	 Ey 	 1 	 0.000000e+00 	 -3.600000e+02 	 -1.080000e+03 	 2.000000e+00
2 	 56 	 Ey 	 1 	 1.019029e-01 	 -1.200000e+02 	 -1.080000e+03 	 2.000000e+00
2 	 57 	 Ey 	 1 	 2.527051e-01 	 1.200000e+02 	 -1.080000e+03 	 2.000000e+00
2 	 58 	 Ey 	 1 	 1.269007e+00 	 3.600000e+02 	 -1.080000e+03 	 2.000000e+00
2 	 59 	 Ey 	 1 	 1.081340e+00 	 6.000000e+02 	 -1.080000e+03 	 2.000000e+00
2 	 60 	 Ey 	 1 	 1.230789e+00 	 8.400000e+02 	 -1.080000e+03 	 2.000000e+00
2 	 61 	 Ey 	 1 	 7.998988e-01 	 1.080000e+03 	 -1.080000e+03 	 2.000000e+00
2 	 62 	 Ey 	 1 	 1.028250e+00 	 1.320000e+03 	 -1.080000e+03 	 2.000000e+00
2 	 63 	 Ey 	 1 	 3.624631e-01 	 1.560000e+03 	 -1.080000e+03 	 2.000000e+00
2 	 64 	 Ey 	 1 	 4.314348e-01 	 1.800000e+03 	 -1.080000e+03 	 2.000000e+00
2 	 65 	 Ey 	 1 	 1.305417e+00 	 -1.800000e+03 	 -8.400000e+02 	 2.000000e+00
2 	 66 	 Ey 	 1 	 3.606049e-01 	 -1.560000e+03 	 -8.400000e+02 	 2.000000e+00
2 	 67 	 Ey 	 1 	 1.844693e+00 	 -1.320000e+03 	 -8.400000e+02 	 2.000000e+00
2 	 68 	 Ey 	 1 	 8.181223e-01 	 -1.080000e+03 	 -8.400000e+02 	 2.000000e+00
2 	 69 	 Ey 	 1 	 2.060029e+00 	 -8.400000e+02 	 -8.400000e+02 	 2.000000e+00
2 	 70 	 Ey 	 1 	 3.041696e-01 	 -6.000000e+02 	 -8.400000e+02 	 2.000000e+00
2 	 71 	 Ey 	 1 	 8.572292e-01 	 -3.600000e+02 	 -8.400000e+02 	 2.000000e+00
2 	 72 	 Ey 	 1 	 3.880095e-01 	 -1.200000e+02 	 -8.400000e+02 	 2.000000e+00
2 	 73 	 Ey 	 1 	 3.163412e-01 	 1.200000e+02 	 -8.400000e+02 	 2.000000e+00
2 	 74 	 Ey 	 1 	 7.669690e-01 	 3.600000e+02 	 -8.400000e+02 	 2.000000e+00
2 	 75 	 Ey 	 1 	 4.987097e-01 	 6.000000e+02 	 -8.400000e+02 	 2.000000e+00
2 	 76 	 Ey 	 1 	 5.216772e-01 	 8.400000e+02 	 -8.400000e+02 	 2.000000e+00
2 	 77 	 Ey 	 1 	 1.758537e+00 	 1.080000e+03 	 -8.400000e+02 	 2.000000e+00
2 	 78 	 Ey 	 1 	 1.860249e+00 	 1.320000e+03 	 -8.400000e+02 	 2.000000e+00
2 	 79 	 Ey 	 1 	 1.606978e+00 	 1.560000e+03 	 -8.400000e+02 	 2.000000e+00
2 	 80 	 Ey 	 1 	 1.537113e+00 	 1.800000e+03 	 -8.400000e+02 	 2.000000e+00
2 	 81 	 Ey 	 1 	 2.030537e-01 	 -1.800000e+03 	 -6.000000e+02 	 2.000000e+00
2 	 82 	 Ey 	 1 	 1.438131e+00 	 -1.560000e+03 	 -6.000000e+02 	 2.000000e+00
2 	 83 	 Ey 	 1 	 1.304542e+00 	 -1.320000e+03 	 -6.000000e+02 	 2.000000e+00
2 	 84 	 Ey 	 1 	 2.686874e+00 	 -1.080000e+03 	 -6.000000e+02 	 2.000000e+00
2 	 85 	 Ey 	 1 	 1.717051e+00 	 -8.400000e+02 	 -6.000000e+02 	 2.000000e+00
2 	 86 	 Ey 	 1 	 1.551255e+00 	 -6.000000e+02 	 -6.000000e+02 	 2.000000e+00
2 	 87 	 Ey 	 1 	 1.848897e+00 	 -3.600000e+02 	 -6.000000e+02 	 2.000000e+00
2 	 88 	 Ey 	 1 	 1.013487e+00 	 -1.200000e+02 	 -6.000000e+02 	 2.000000e+00
2 	 89 	 Ey 	 1 	 1.804699e+00 	 1.200000e+02 	 -6.000000e+02 	 2.000000e+00
2 	 90 	 Ey 	 1 	 7.709041e-01 	 3.600000e+02 	 -6.000000e+02 	 2.000000e+00
2 	 91 	 Ey 	 1 	 1.309690e+00 	 6.000000e+02 	 -6.000000e+02 	 2.000000e+00
2 	 92 	 Ey 	 1 	 2.554618e+00 	 8.400000e+02 	 -6.000000e+02 	 2.000000e+00
2 	 93 	 Ey 	 1 	 7.095017e-01 	 1.080000e+03 	 -6.000000e+02 	 2.000000e+00
2 	 94 	 Ey 	 1 	 1.087184e+00 	 1.320000e+03 	 -6.000000e+02 	 2.000000e+00
2 	 95 	 Ey 	 1 	 1.140740e+00 	 1.560000e+03 	 -6.000000e+02 	 2.000000e+00
2 	 96 	 Ey 	 1 	 1.033576e+00 	 1.800000e+03 	 -6.000000e+02 	 2.000000e+00
2 	 97 	 Ey 	 1 	 2.178177e+00 	 -1.800000e+03 	 -3.600000e+02 	 2.000000e+00
2 	 98 	 Ey 	 1 	 1.688827e+00 	 -1.560000e+03 	 -3.600000e+02 	 2.000000e+00
2 	 99 	 Ey 	 1 	 3.325592e+00 	 -1.320000e+03 	 -3.600000e+02 	 2.000000e+00
2 	 100 	 Ey 	 1 	 3.531584e+00 	 -1.080000e+03 	 -3.600000e+02 	 2.000000e+00
2 	 101 	 Ey 	 1 	 2.904207e+00 	 -8.400000e+02 	 -3.600000e+02 	 2.000000e+00
2 	 102 	 Ey 	 1 	 1.397237e+00 	 -6.000000e+02 	 -3.600000e+02 	 2.000000e+00
2 	 103 	 Ey 	 1 	 1.340721e+00 	 -3.600000e+02 	 -3.600000e+02 	 2.000000e+00
2 	 104 	 Ey 	 1 	 4.464419e-01 	 -1.200000e+02 	 -3.600000e+02 	 2.000000e+00
2 	 105 	 Ey 	 1 	 1.261944e+00 	 1.200000e+02 	 -3.600000e+02 	 2.000000e+00
2 	 106 	 Ey 	 1 	 1.074792e+00 	 3.600000e+02 	 -3.600000e+02 	 2.000000e+00
2 	 107 	 Ey 	 1 	 2.490503e+00 	 6.000000e+02 	 -3.600000e+02 	 2.000000e+00
2 	 108 	 Ey 	 1 	 2.357897e+00 	 8.400000e+02 	 -3.600000e+02 	 2.000000e+00
2 	 109 	 Ey 	 1 	 2.455196e+00 	 1.080000e+03 	 -3.600000e+02 	 2.000000e+00
2 	 110 	 Ey 	 1 	 1.032672e+00 	 1.320000e+03 	 -3.600000e+02 	 2.000000e+00
2 	 111 	 Ey 	 1 	 2.018452e+00 	 1.560000e+03 	 -3.600000e+02 	 2.000000e+00
2 	 112 	 Ey 	 1 	 2.840809e+00 	 1.800000e+03 	 -3.600000e+02 	 2.000000e+00
2 	 113 	 Ey 	 1 	 3.281697e+00 	 -1.800000e+03 	 -1.200000e+02 	 2.000000e+00
2 	 114 	 Ey 	 1 	 2.345623e+00 	 -1.560000e+03 	 -1.200000e+02 	 2.000000e+00
2 	 115 	 Ey 	 1 	 5.185517e+00 	 -1.320000e+03 	 -1.200000e+02 	 2.000000e+00
2 	 116 	 Ey 	 1 	 4.812771e+00 	 -1.080000e+03 	 -1.200000e+02 	 2.000000e+00
2 	 117 	 Ey 	 1 	 5.769179e+00 	 -8.400000e+02 	 -1.200000e+02 	 2.000000e+00
2 	 118 	 Ey 	 1 	 2.711730e+00 	 -6.000000e+02 	 -1.200000e+02 	 2.000000e+00
2 	 119 	 Ey 	 1 	 2.806817e+00 	 -3.600000e+02 	 -1.200000e+02 	 2.000000e+00
2 	 120 	 Ey 	 1 	 1.363817e+00 	 -1.200000e+02 	 -1.200000e+02 	 2.000000e+00
2 	 121 	 Ey 	 1 	 1.687383e+00 	 1.200000e+02 	 -1.200000e+02 	 2.000000e+00
2 	 122 	 Ey 	 1 	 1.773761e+00 	 3.600000e+02 	 -1.200000e+02 	 2.000000e+00
2 	 123 	 Ey 	 1 	 4.150740e+00 	 6.000000e+02 	 -1.200000e+02 	 2.000000e+00
2 	 124 	 Ey 	 1 	 3.082787e+00 	 8.400000e+02 	 -1.200000e+02 	 2.000000e+00
2 	 125 	 Ey 	 1 	 2.086369e+00 	 1.080000e+03 	 -1.200000e+02 	 2.000000e+00
2 	 126 	 Ey 	 1 	 6.285011e-01 	 1.320000e+03 	 -1.200000e+02 	 2.000000e+00
2 	 127 	 Ey 	 1 	 8.953335e-01 	 1.560000e+03 	 -1.200000e+02 	 2.000000e+00
2 	 128 	 Ey 	 1 	 1.063181e+00 	 1.800000e+03 	 -1.200000e+02 	 2.000000e+00
2 	 129 	 Ey 	 1 	 4.068453e+00 	 -1.800000e+03 	 1.200000e+02 	 2.000000e+00
2 	 130 	 Ey 	 1 	 5.862978e+00 	 -1.560000e+03 	 1.200000e+02 	 2.000000e+00
2 	 131 	 Ey 	 1 	 5.595697e+00 	 -1.320000e+03 	 1.200000e+02 	 2.000000e+00
2 	 132 	 Ey 	 1 	 5.271868e+00 	 -1.080000e+03 	 1.200000e+02 	 2.000000e+00
2 	 133 	 Ey 	 1 	 5.910598e+00 	 -8.400000e+02 	 1.200000e+02 	 2.000000e+00
2 	 134 	 Ey 	 1 	 2.360052e+00 	 -6.000000e+02 	 1.200000e+02 	 2.000000e+00
2 	 135 	 Ey 	 1 	 2.738615e+00 	 -3.600000e+02 	 1.200000e+02 	 2.000000e+00
2 	 136 	 Ey 	 1 	 3.198596e+00 	 -1.200000e+02 	 1.200000e+02 	 2.000000e+00
2 	 137 	 Ey 	 1 	 1.589934e+00 	 1.200000e+02 	 1.200000e+02 	 2.000000e+00
2 	 138 	 Ey 	 1 	 7.060764e-02 	 3.600000e+02 	 1.200000e+02 	 2.000000e+00
2 	 139 	 Ey 	 1 	 1.926532e+00 	 6.000000e+02 	 1.200000e+02 	 2.000000e+00
2 	 140 	 Ey 	 1 	 2.673955e+00 	 8.400000e+02 	 1.200000e+02 	 2.000000e+00
2 	 141 	 Ey 	 1 	 3.518780e+00 	 1.080000e+03 	 1.200000e+02 	 2.000000e+00
2 	 142 	 Ey 	 1 	 1.669938e+00 	 1.320000e+03 	 1.200000e+02 	 2.000000e+00
2 	 143 	 Ey 	 1 	 1.593667e+00 	 1.560000e+03 	 1.200000e+02 	 2.000000e+00
2 	 144 	 Ey 	 1 	 7.529469e-01 	 1.800000e+03 	 1.200000e+02 	 2.000000e+00
2 	 145 	 Ey 	 1 	 6.514166e+00 	 -1.800000e+03 	 3.600000e+02 	 2.000000e+00
2 	 146 	 Ey 	 1 	 5.893504e+00 	 -1.560000e+03 	 3.600000e+02 	 2.000000e+00
2 	 147 	 Ey 	 1 	 6.354861e+00 	 -1.320000e+03 	 3.600000e+02 	 2.000000e+00
2 	 148 	 Ey 	 1 	 8.009604e+00 	 -1.080000e+03 	 3.600000e+02 	 2.000000e+00
2 	 149 	 Ey 	 1 	 4.700556e+00 	 -8.400000e+02 	 3.600000e+02 	 2.000000e+00
2 	 150 	 Ey 	 1 	 1.513698e+00 	 -6.000000e+02 	 3.600000e+02 	 2.000000e+00
2 	 151 	 Ey 	 1 	 2.185816e+00 	 -3.600000e+02 	 3.600000e+02 	 2.000000e+00
2 	 152 	 Ey 	 1 	 1.172803e+00 	 -1.200000e+02 	 3.600000e+02 	 2.000000e+00
2 	 153 	 Ey 	 1 	 1.064480e+00 	 1.200000e+02 	 3.600000e+02 	 2.000000e+00
2 	 154 	 Ey 	 1 	 4.953854e-01 	 3.600000e+02 	 3.600000e+02 	 2.000000e+00
2 	 155 	 Ey 	 1 	 2.669838e+00 	 6.000000e+02 	 3.600000e+02 	 2.000000e+00
2 	 156 	 Ey 	 1 	 2.855934e+00 	 8.400000e+02 	 3.600000e+02 	 2.000000e+00
2 	 157 	 Ey 	 1 	 2.025410e+00 	 1.080000e+03 	 3.600000e+02 	 2.000000e+00
2 	 158 	 Ey 	 1 	 1.111664e+00 	 1.320000e+03 	 3.600000e+02 	 2.000000e+00
2 	 159 	 Ey 	 1 	 2.251944e+00 	 1.560000e+03 	 3.600000e+02 	 2.000000e+00
2 	 160 	 Ey 	 1 	 2.824268e+00 	 1.800000e+03 	 3.600000e+02 	 2.000000e+00
2 	 161 	 Ey 	 1 	 5.926929e+00 	 -1.800000e+03 	 6.000000e+02 	 2.000000e+00
2 	 162 	 Ey 	 1 	 6.164419e+00 	 -1.560000e+03 	 6.000000e+02 	 2.000000e+00
2 	 163 	 Ey 	 1 	 7.765487e+00 	 -1.320000e+03 	 6.000000e+02 	 2.000000e+00
2 	 164 	 Ey 	 1 	 7.022660e+00 	 -1.080000e+03 	 6.000000e+02 	 2.000000e+00
2 	 165 	 Ey 	 1 	 4.145988e+00 	 -8.400000e+02 	 6.000000e+02 	 2.000000e+00
2 	 166 	 Ey 	 1 	 2.115901e+00 	 -6.000000e+02 	 6.000000e+02 	 2.000000e+00
2 	 167 	 Ey 	 1 	 1.975270e+00 	 -3.600000e+02 	 6.000000e+02 	 2.000000e+00
2 	 168 	 Ey 	 1 	 3.981689e+00 	 -1.200000e+02 	 6.000000e+02 	 2.000000e+00
2 	 169 	 Ey 	 1 	 2.180806e+00 	 1.200000e+02 	 6.000000e+02 	 2.000000e+00
2 	 170 	 Ey 	 1 	 1.875189e+00 	 3.600000e+02 	 6.000000e+02 	 2.000000e+00
2 	 171 	 Ey 	 1 	 1.942829e+00 	 6.000000e+02 	 6.000000e+02 	 2.000000e+00
2 	 172 	 Ey 	 1 	 2.686732e+00 	 8.400000e+02 	 6.000000e+02 	 2.000000e+00
2 	 173 	 Ey 	 1 	 2.554896e+00 	 1.080000e+03 	 6.000000e+02 	 2.000000e+00
2 	 174 	 Ey 	 1 	 2.600073e+00 	 1.320000e+03 	 6.000000e+02 	 2.000000e+00
2 	 175 	 Ey 	 1 	 1.667070e+00 	 1.560000e+03 	 6.000000e+02 	 2.000000e+00
2 	 176 	 Ey 	 1 	 1.868815e-01 	 1.800000e+03 	 6.000000e+02 	 2.000000e+00
2 	 177 	 Ey 	 1 	 4.883539e+00 	 -1.800000e+03 	 8.400000e+02 	 2.000000e+00
2 	 178 	 Ey 	 1 	 7.683336e+00 	 -1.560000e+03 	 8.400000e+02 	 2.000000e+00
2 	 179 	 Ey 	 1 	 7.042787e+00 	 -1.320000e+03 	 8.400000e+02 	 2.000000e+00
2 	 180 	 Ey 	 1 	 8.043969e+00 	 -1.080000e+03 	 8.400000e+02 	 2.000000e+00
2 	 181 	 Ey 	 1 	 5.001606e+00 	 -8.400000e+02 	 8.400000e+02 	 2.000000e+00
2 	 182 	 Ey 	 1 	 5.522279e-01 	 -6.000000e+02 	 8.400000e+02 	 2.000000e+00
2 	 183 	 Ey 	 1 	 4.520397e+00 	 -3.600000e+02 	 8.400000e+02 	 2.000000e+00
2 	 184 	 Ey 	 1 	 4.500077e+00 	 -1.200000e+02 	 8.400000e+02 	 2.000000e+00
2 	 185 	 Ey 	 1 	 3.169911e+00 	 1.200000e+02 	 8.400000e+02 	 2.000000e+00
2 	 186 	 Ey 	 1 	 2.572254e+00 	 3.600000e+02 	 8.400000e+02 	 2.000000e+00
2 	 187 	 Ey 	 1 	 1.582563e+00 	 6.000000e+02 	 8.400000e+02 	 2.000000e+00
2 	 188 	 Ey 	 1 	 2.447428e+00 	 8.400000e+02 	 8.400000e+02 	 2.000000e+00
2 	 189 	 Ey 	 1 	 1.443275e+00 	 1.080000e+03 	 8.400000e+02 	 2.000000e+00
2 	 190 	 Ey 	 1 	 1.421265e+00 	 1.320000e+03 	 8.400000e+02 	 2.000000e+00
2 	 191 	 Ey 	 1 	 8.428881e-01 	 1.560000e+03 	 8.400000e+02 	 2.000000e+00
2 	 192 	 Ey 	 1 	 6.292585e-01 	 1.800000e+03 	 8.400000e+02 	 2.000000e+00
2 	 193 	 Ey 	 1 	 6.594890e+00 	 -1.800000e+03 	 1.080000e+03 	 2.000000e+00
2 	 194 	 Ey 	 1 	 8.253021e+00 	 -1.560000e+03 	 1.080000e+03 	 2.000000e+00
2 	 195 	 Ey 	 1 	 6.651337e+00 	 -1.320000e+03 	 1.080000e+03 	 2.000000e+00
2 	 196 	 Ey 	 1 	 7.458699e+00 	 -1.080000e+03 	 1.080000e+03 	 2.000000e+00
2 	 197 	 Ey 	 1 	 4.639709e+00 	 -8.400000e+02 	 1.080000e+03 	 2.000000e+00
2 	 198 	 Ey 	 1 	 1.004066e-01 	 -6.000000e+02 	 1.080000e+03 	 2.000000e+00
2 	 199 	 Ey 	 1 	 2.956373e+00 	 -3.600000e+02 	 1.080000e+03 	 2.000000e+00
2 	 200 	 Ey 	 1 	 5.855352e+00 	 -1.200000e+02 	 1.080000e+03 	 2.000000e+00
2 	 201 	 Ey 	 1 	 4.650620e+00 	 1.200000e+02 	 1.080000e+03 	 2.000000e+00
2 	 202 	 Ey 	 1 	 3.809296e+00 	 3.600000e+02 	 1.080000e+03 	 2.000000e+00
2 	 203 	 Ey 	 1 	 5.761121e-01 	 6.000000e+02 	 1.080000e+03 	 2.000000e+00
2 	 204 	 Ey 	 1 	 8.519769e-01 	 8.400000e+02 	 1.080000e+03 	 2.000000e+00
2 	 205 	 Ey 	 1 	 6.158071e-01 	 1.080000e+03 	 1.080000e+03 	 2.000000e+00
2 	 206 	 Ey 	 1 	 2.055257e+00 	 1.320000e+03 	 1.080000e+03 	 2.000000e+00
2 	 207 	 Ey 	 1 	 7.049190e-01 	 1.560000e+03 	 1.080000e+03 	 2.000000e+00
2 	 208 	 Ey 	 1 	 2.708823e-01 	 1.800000e+03 	 1.080000e+03 	 2.000000e+00
2 	 209 	 Ey 	 1 	 6.867588e+00 	 -1.800000e+03 	 1.320000e+03 	 2.000000e+00
2 	 210 	 Ey 	 1 	 7.265407e+00 	 -1.560000e+03 	 1.320000e+03 	 2.000000e+00
2 	 211 	 Ey 	 1 	 7.711388e+00 	 -1.320000e+03 	 1.320000e+03 	 2.000000e+00
2 	 212 	 Ey 	 1 	 5.270498e+00 	 -1.080000e+03 	 1.320000e+03 	 2.000000e+00
2 	 213 	 Ey 	 1 	 4.356411e+00 	 -8.400000e+02 	 1.320000e+03 	 2.000000e+00
2 	 214 	 Ey 	 1 	 7.424962e-01 	 -6.000000e+02 	 1.320000e+03 	 2.000000e+00
2 	 215 	 Ey 	 1 	 4.509173e+00 	 -3.600000e+02 	 1.320000e+03 	 2.000000e+00
2 	 216 	 Ey 	 1 	 6.519455e+00 	 -1.200000e+02 	 1.320000e+03 	 2.000000e+00
2 	 217 	 Ey 	 1 	 4.395014e+00 	 1.200000e+02 	 1.320000e+03 	 2.000000e+00
2 	 218 	 Ey 	 1 	 4.437590e+00 	 3.600000e+02 	 1.320000e+03 	 2.000000e+00
2 	 219 	 Ey 	 1 	 3.449328e+00 	 6.000000e+02 	 1.320000e+03 	 2.000000e+00
2 	 220 	 Ey 	 1 	 1.690427e-01 	 8.400000e+02 	 1.320000e+03 	 2.000000e+00
2 	 221 	 Ey 	 1 	 1.621052e+00 	 1.080000e+03 	 1.320000e+03 	 2.000000e+00
2 	 222 	 Ey 	 1 	 1.027919e+00 	 1.320000e+03 	 1.320000e+03 	 2.000000e+00
2 	 223 	 Ey 	 1 	 1.368106e-01 	 1.560000e+03 	 1.320000e+03 	 2.000000e+00
2 	 224 	 Ey 	 1 	 3.099421e+00 	 1.800000e+03 	 1.320000e+03 	 2.000000e+00
2 	 225 	 Ey 	 1 	 5.442785e+00 	 -1.800000e+03 	 1.560000e+03 	 2.000000e+00
2 	 226 	 Ey 	 1 	 5.582073e+00 	 -1.560000e+03 	 1.560000e+03 	 2.000000e+00
2 	 227 	 Ey 	 1 	 4.942097e+00 	 -1.320000e+03 	 1.560000e+03 	 2.000000e+00
2 	 228 	 Ey 	 1 	 3.978677e+00 	 -1.080000e+03 	 1.560000e+03 	 2.000000e+00
2 	 229 	 Ey 	 1 	 2.565966e+00 	 -8.400000e+02 	 1.560000e+03 	 2.000000e+00
2 	 230 	 Ey 	 1 	 4.638653e-01 	 -6.000000e+02 	 1.560000e+03 	 2.000000e+00
2 	 231 	 Ey 	 1 	 3.404920e+00 	 -3.600000e+02 	 1.560000e+03 	 2.000000e+00
2 	 232 	 Ey 	 1 	 7.893108e+00 	 -1.200000e+02 	 1.560000e+03 	 2.000000e+00
2 	 233 	 Ey 	 1 	 6.178183e+00 	 1.200000e+02 	 1.560000e+03 	 2.000000e+00
2 	 234 	 Ey 	 1 	 3.699377e+00 	 3.600000e+02 	 1.560000e+03 	 2.000000e+00
2 	 235 	 Ey 	 1 	 4.037464e+00 	 6.000000e+02 	 1.560000e+03 	 2.000000e+00
2 	 236 	 Ey 	 1 	 2.282113e+00 	 8.400000e+02 	 1.560000e+03 	 2.000000e+00
2 	 237 	 Ey 	 1 	 3.498981e+00 	 1.080000e+03 	 1.560000e+03 	 2.000000e+00
2 	 238 	 Ey 	 1 	 3.634171e+00 	 1.320000e+03 	 1.560000e+03 	 2.000000e+00
2 	 239 	 Ey 	 1 	 1.745115e+00 	 1.560000e+03 	 1.560000e+03 	 2.000000e+00
2 	 240 	 Ey 	 1 	 4.179277e-01 	 1.800000e+03 	 1.560000e+03 	 2.000000e+00
2 	 241 	 Ey 	 1 	 5.926825e+00 	 -1.800000e+03 	 1.800000e+03 	 2.000000e+00
2 	 242 	 Ey 	 1 	 5.808802e+00 	 -1.560000e+03 	 1.800000e+03 	 2.000000e+00
2 	 243 	 Ey 	 1 	 5.129885e+00 	 -1.320000e+03 	 1.800000e+03 	 2.000000e+00
2 	 244 	 Ey 	 1 	 2.976803e+00 	 -1.080000e+03 	 1.800000e+03 	 2.000000e+00
2 	 245 	 Ey 	 1 	 1.289945e+00 	 -8.400000e+02 	 1.800000e+03 	 2.000000e+00
2 	 246 	 Ey 	 1 	 9.374730e-01 	 -6.000000e+02 	 1.800000e+03 	 2.000000e+00
2 	 247 	 Ey 	 1 	 3.089205e+00 	 -3.600000e+02 	 1.800000e+03 	 2.000000e+00
2 	 248 	 Ey 	 1 	 4.004165e+00 	 -1.200000e+02 	 1.800000e+03 	 2.000000e+00
2 	 249 	 Ey 	 1 	 4.891458e+00 	 1.200000e+02 	 1.800000e+03 	 2.000000e+00
2 	 250 	 Ey 	 1 	 6.127535e+00 	 3.600000e+02 	 1.800000e+03 	 2.000000e+00
2 	 251 	 Ey 	 1 	 4.214680e+00 	 6.000000e+02 	 1.800000e+03 	 2.000000e+00
2 	 252 	 Ey 	 1 	 4.773921e+00 	 8.400000e+02 	 1.800000e+03 	 2.000000e+00
2 	 253 	 Ey 	 1 	 5.079245e+00 	 1.080000e+03 	 1.800000e+03 	 2.000000e+00
2 	 254 	 Ey 	 1 	 1.371460e+00 	 1.320000e+03 	 1.800000e+03 	 2.000000e+00
2 	 255 	 Ey 	 1 	 9.320477e-01 	 1.560000e+03 	 1.800000e+03 	 2.000000e+00
2 	 256 	 Ey 	 1 	 1.503126e+00 	 1.800000e+03 	 1.800000e+03 	 2.000000e+00
2 	 1 	 Ey 	 2 	 1.969253e+00 	 -1.800000e+03 	 -1.800000e+03 	 2.000000e+00
2 	 2 	 Ey 	 2 	 7.100973e-01 	 -1.560000e+03 	 -1.800000e+03 	 2.000000e+00
2 	 3 	 Ey 	 2 	 7.997181e-01 	 -1.320000e+03 	 -1.800000e+03 	 2.000000e+00
2 	 4 	 Ey 	 2 	 0.000000e+00 	 -1.080000e+03 	 -1.800000e+03 	 2.000000e+00
2 	 5 	 Ey 	 2 	 0.000000e+00 	 -8.400000e+02 	 -1.800000e+03 	 2.000000e+00
2 	 6 	 Ey 	 2 	 0.000000e+00 	 -6.000000e+02 	 -1.800000e+03 	 2.000000e+00
2 	 7 	 Ey 	 2 	 0.000000e+00 	 -3.600000e+02 	 -1.800000e+03 	 2.000000e+00
2 	 8 	 Ey 	 2 	 0.000000e+00 	 -1.200000e+02 	 -1.800000e+03 	 2.000000e+00
2 	 9 	 Ey 	 2 	 5.063100e-01 	 1.200000e+02 	 -1.800000e+03 	 2.000000e+00
2 	 10 	 Ey 	 2 	 7.727230e-01 	 3.600000e+02 	 -1.800000e+03 	 2.000000e+00
2 	 11 	 Ey 	 2 	 1.282612e+00 	 6.000000e+02 	 -1.800000e+03 	 2.000000e+00
2 	 12 	 Ey 	 2 	 1.194101e+00 	 8.400000e+02 	 -1.800000e+03 	 2.000000e+00
2 	 13 	 Ey 	 2 	 8.588557e-01 	 1.080000e+03 	 -1.800000e+03 	 2.000000e+00
2 	 14 	 Ey 	 2 	 1.092303e+00 	 1.320000e+03 	 -1.800000e+03 	 2.000000e+00
2 	 15 	 Ey 	 2 	 6.869200e-01 	 1.560000e+03 	 -1.800000e+03 	 2.000000e+00
2 	 16 	 Ey 	 2 	 4.265234e-01 	 1.800000e+03 	 -1.800000e+03 	 2.000000e+00
2 	 17 	 Ey 	 2 	 1.382132e+00 	 -1.800000e+03 	 -1.560000e+03 	 2.000000e+00
2 	 18 	 Ey 	 2 	 1.657781e+00 	 -1.560000e+03 	 -1.560000e+03 	 2.000000e+00
2 	 19 	 Ey 	 2 	 1.073681e+00 	 -1.320000e+03 	 -1.560000e+03 	 2.000000e+00
2 	 20 	 Ey 	 2 	 0.000000e+00 	 -1.080000e+03 	 -1.560000e+03 	 2.000000e+00
2 	 21 	 Ey 	 2 	 0.000000e+00 	 -8.400000e+02 	 -1.560000e+03 	 2.000000e+00
2 	 22 	 Ey 	 2 	 0.000000e+00 	 -6.000000e+02 	 -1.560000e+03 	 2.000000e+00
2 	 23 	 Ey 	 2 	 0.000000e+00 	 -3.600000e+02 	 -1.560000e+03 	 2.000000e+00
2 	 24 	 Ey 	 2 	 0.000000e+00 	 -1.200000e+02 	 -1.560000e+03 	 2.000000e+00
2 	 25 	 Ey 	 2 	 2.696541e-01 	 1.200000e+02 	 -1.560000e+03 	 2.000000e+00
2 	 26 	 Ey 	 2 	 5.118269e-01 	 3.600000e+02 	 -1.560000e+03 	 2.000000e+00
2 	 27 	 Ey 	 2 	 5.013691e-01 	 6.000000e+02 	 -1.560000e+03 	 2.000000e+00
2 	 28 	 Ey 	 2 	 1.615896e+00 	 8.400000e+02 	 -1.560000e+03 	 2.000000e+00
2 	 29 	 Ey 	 2 	 1.246353e+00 	 1.080000e+03 	 -1.560000e+03 	 2.000000e+00
2 	 30 	 Ey 	 2 	 6.080167e-01 	 1.320000e+03 	 -1.560000e+03 	 2.000000e+00
2 	 31 	 Ey 	 2 	 3.227163e-01 	 1.560000e+03 	 -1.560000e+03 	 2.000000e+00
2 	 32 	 Ey 	 2 	 1.558651e+00 	 1.800000e+03 	 -1.560000e+03 	 2.000000e+00
2 	 33 	 Ey 	 2 	 1.181919e+00 	 -1.800000e+03 	 -1.320000e+03 	 2.000000e+00
2 	 34 	 Ey 	 2 	 9.651788e-01 	 -1.560000e+03 	 -1.320000e+03 	 2.000000e+00
2 	 35 	 Ey 	 2 	 1.300307e+00 	 -1.320000e+03 	 -1.320000e+03 	 2.000000e+00
2 	 36 	 Ey 	 2 	 1.272931e+00 	 -1.080000e+03 	 -1.320000e+03 	 2.000000e+00
2 	 37 	 Ey 	 2 	 0.000000e+00 	 -8.400000e+02 	 -1.320000e+03 	 2.000000e+00
2 	 38 	 Ey 	 2 	 0.000000e+00 	 -6.000000e+02 	 -1.320000e+03 	 2.000000e+00
2 	 39 	 Ey 	 2 	 0.000000e+00 	 -3.600000e+02 	 -1.320000e+03 	 2.000000e+00
2 	 40 	 Ey 	 2 	 0.000000e+00 	 -1.200000e+02 	 -1.320000e+03 	 2.000000e+00
2 	 41 	 Ey 	 2 	 1.841827e+00 	 1.200000e+02 	 -1.320000e+03 	 2.000000e+00
2 	 42 	 Ey 	 2 	 9.466206e-01 	 3.600000e+02 	 -1.320000e+03 	 2.000000e+00
2 	 43 	 Ey 	 2 	 1.171143e+00 	 6.000000e+02 	 -1.320000e+03 	 2.000000e+00
2 	 44 	 Ey 	 2 	 5.896850e-01 	 8.400000e+02 	 -1.320000e+03 	 2.000000e+00
2 	 45 	 Ey 	 2 	 3.869327e-01 	 1.080000e+03 	 -1.320000e+03 	 2.000000e+00
2 	 46 	 Ey 	 2 	 1.022460e+00 	 1.320000e+03 	 -1.320000e+03 	 2.000000e+00
2 	 47 	 Ey 	 2 	 3.530883e-01 	 1.560000e+03 	 -1.320000e+03 	 2.000000e+00
2 	 48 	 Ey 	 2 	 2.050944e+00 	 1.800000e+03 	 -1.320000e+03 	 2.000000e+00
2 	 49 	 Ey 	 2 	 1.536240e+00 	 -1.800000e+03 	 -1.080000e+03 	 2.000000e+00
2 	 50 	 Ey 	 2 	 6.809606e-02 	 -1.560000e+03 	 -1.080000e+03 	 2.000000e+00
2 	 51 	 Ey 	 2 	 1.712229e+00 	 -1.320000e+03 	 -1.080000e+03 	 2.000000e+00
2 	 52 	 Ey 	 2 	 1.380437e+00 	 -1.080000e+03 	 -1.080000e+03 	 2.000000e+00
2 	 53 	 Ey 	 2 	 3.804365e-01 	 -8.400000e+02 	 -1.080000e+03 	 2.000000e+00
2 	 54 	 Ey 	 2 	 0.000000e+00 	 -6.000000e+02 	 -1.080000e+03 	 2.000000e+00
2 	 55 	 Ey 	 2 	 0.000000e+00 	 -3.600000e+02 	 -1.080000e+03 	 2.000000e+00
2 	 56 	 Ey 	 2 	 1.097912e+00 	 -1.200000e+02 	 -1.080000e+03 	 2.000000e+00
2 	 57 	 Ey 	 2 	 8.661390e-01 	 1.200000e+02 	 -1.080000e+03 	 2.000000e+00
2 	 58 	 Ey 	 2 	 1.311568e+00 	 3.600000e+02 	 -1.080000e+03 	 2.000000e+00
2 	 59 	 Ey 	 2 	 5.080820e-01 	 6.000000e+02 	 -1.080000e+03 	 2.000000e+00
2 	 60 	 Ey 	 2 	 8.752598e-01 	 8.400000e+02 	 -1.080000e+03 	 2.000000e+00
2 	 61 	 Ey 	 2 	 6.315588e-01 	 1.080000e+03 	 -1.080000e+03 	 2.000000e+00
2 	 62 	 Ey 	 2 	 1.443587e+00 	 1.320000e+03 	 -1.080000e+03 	 2.000000e+00
2 	 63 	 Ey 	 2 	 1.197017e+00 	 1.560000e+03 	 -1.080000e+03 	 2.000000e+00
2 	 64 	 Ey 	 2 	 1.759011e+00 	 1.800000e+03 	 -1.080000e+03 	 2.000000e+00
2 	 65 	 Ey 	 2 	 5.401219e-01 	 -1.800000e+03 	 -8.400000e+02 	 2.000000e+00
2 	 66 	 Ey 	 2 	 1.631189e+00 	 -1.560000e+03 	 -8.400000e+02 	 2.000000e+00
2 	 67 	 Ey 	 2 	 1.202912e+00 	 -1.320000e+03 	 -8.400000e+02 	 2.000000e+00
2 	 68 	 Ey 	 2 	 1.189489e+00 	 -1.080000e+03 	 -8.400000e+02 	 2.000000e+00
2 	 69 	 Ey 	 2 	 3.285436e-01 	 -8.400000e+02 	 -8.400000e+02 	 2.000000e+00
2 	 70 	 Ey 	 2 	 8.551630e-01 	 -6.000000e+02 	 -8.400000e+02 	 2.000000e+00
2 	 71 	 Ey 	 2 	 5.697200e-01 	 -3.600000e+02 	 -8.400000e+02 	 2.000000e+00
2 	 72 	 Ey 	 2 	 1.135209e+00 	 -1.200000e+02 	 -8.400000e+02 	 2.000000e+00
2 	 73 	 Ey 	 2 	 3.475123e-01 	 1.200000e+02 	 -8.400000e+02 	 2.000000e+00
2 	 74 	 Ey 	 2 	 1.238131e+00 	 3.600000e+02 	 -8.400000e+02 	 2.000000e+00
2 	 75 	 Ey 	 2 	 1.162480e+00 	 6.000000e+02 	 -8.400000e+02 	 2.000000e+00
2 	 76 	 Ey 	 2 	 1.289613e+00 	 8.400000e+02 	 -8.400000e+02 	 2.000000e+00
2 	 77 	 Ey 	 2 	 5.907561e-01 	 1.080000e+03 	 -8.400000e+02 	 2.000000e+00
2 	 78 	 Ey 	 2 	 8.350127e-01 	 1.320000e+03 	 -8.400000e+02 	 2.000000e+00
2 	 79 	 Ey 	 2 	 1.743421e+00 	 1.560000e+03 	 -8.400000e+02 	 2.000000e+00
2 	 80 	 Ey 	 2 	 1.105272e+00 	 1.800000e+03 	 -8.400000e+02 	 2.000000e+00
2 	 81 	 Ey 	 2 	 4.507080e-01 	 -1.800000e+03 	 -6.000000e+02 	 2.000000e+00
2 	 82 	 Ey 	 2 	 1.117108e+00 	 -1.560000e+03 	 -6.000000e+02 	 2.000000e+00
2 	 83 	 Ey 	 2 	 1.469254e+00 	 -1.320000e+03 	 -6.000000e+02 	 2.000000e+00
2 	 84 	 Ey 	 2 	 7.227002e-01 	 -1.080000e+03 	 -6.000000e+02 	 2.000000e+00
2 	 85 	 Ey 	 2 	 1.479842e+00 	 -8.400000e+02 	 -6.000000e+02 	 2.000000e+00
2 	 86 	 Ey 	 2 	 1.232810e+00 	 -6.000000e+02 	 -6.000000e+02 	 2.000000e+00
2 	 87 	 Ey 	 2 	 1.457707e+00 	 -3.600000e+02 	 -6.000000e+02 	 2.000000e+00
2 	 88 	 Ey 	 2 	 6.271752e-01 	 -1.200000e+02 	 -6.000000e+02 	 2.000000e+00
2 	 89 	 Ey 	 2 	 1.188222e+00 	 1.200000e+02 	 -6.000000e+02 	 2.000000e+00
2 	 90 	 Ey 	 2 	 1.630348e+00 	 3.600000e+02 	 -6.000000e+02 	 2.000000e+00
2 	 91 	 Ey 	 2 	 3.438236e+00 	 6.000000e+02 	 -6.000000e+02 	 2.000000e+00
2 	 92 	 Ey 	 2 	 3.301380e+00 	 8.400000e+02 	 -6.000000e+02 	 2.000000e+00
2 	 93 	 Ey 	 2 	 2.232737e+00 	 1.080000e+03 	 -6.000000e+02 	 2.000000e+00
2 	 94 	 Ey 	 2 	 2.040214e+00 	 1.320000e+03 	 -6.000000e+02 	 2.000000e+00
2 	 95 	 Ey 	 2 	 1.949753e+00 	 1.560000e+03 	 -6.000000e+02 	 2.000000e+00
2 	 96 	 Ey 	 2 	 6.406729e-01 	 1.800000e+03 	 -6.000000e+02 	 2.000000e+00
2 	 97 	 Ey 	 2 	 2.294896e+00 	 -1.800000e+03 	 -3.600000e+02 	 2.000000e+00
2 	 98 	 Ey 	 2 	 2.474338e+00 	 -1.560000e+03 	 -3.600000e+02 	 2.000000e+00
2 	 99 	 Ey 	 2 	 2.730822e+00 	 -1.320000e+03 	 -3.600000e+02 	 2.000000e+00
2 	 100 	 Ey 	 2 	 2.089416e+00 	 -1.080000e+03 	 -3.600000e+02 	 2.000000e+00
2 	 101 	 Ey 	 2 	 2.211888e+00 	 -8.400000e+02 	 -3.600000e+02 	 2.000000e+00
2 	 102 	 Ey 	 2 	 5.814148e-01 	 -6.000000e+02 	 -3.600000e+02 	 2.000000e+00
2 	 103 	 Ey 	 2 	 9.792502e-01 	 -3.600000e+02 	 -3.600000e+02 	 2.000000e+00
2 	 104 	 Ey 	 2 	 7.397811e-01 	 -1.200000e+02 	 -3.600000e+02 	 2.000000e+00
2 	 105 	 Ey 	 2 	 8.853382e-01 	 1.200000e+02 	 -3.600000e+02 	 2.000000e+00
2 	 106 	 Ey 	 2 	 4.359255e-01 	 3.600000e+02 	 -3.600000e+02 	 2.000000e+00
2 	 107 	 Ey 	 2 	 2.362509e+00 	 6.000000e+02 	 -3.600000e+02 	 2.000000e+00
2 	 108 	 Ey 	 2 	 9.389021e-01 	 8.400000e+02 	 -3.600000e+02 	 2.000000e+00
2 	 109 	 Ey 	 2 	 1.907134e+00 	 1.080000e+03 	 -3.600000e+02 	 2.000000e+00
2 	 110 	 Ey 	 2 	 2.425945e+00 	 1.320000e+03 	 -3.600000e+02 	 2.000000e+00
2 	 111 	 Ey 	 2 	 2.158174e+00 	 1.560000e+03 	 -3.600000e+02 	 2.000000e+00
2 	 112 	 Ey 	 2 	 1.663442e+00 	 1.800000e+03 	 -3.600000e+02 	 2.000000e+00
2 	 113 	 Ey 	 2 	 3.753294e+00 	 -1.800000e+03 	 -1.200000e+02 	 2.000000e+00
2 	 114 	 Ey 	 2 	 3.989116e+00 	 -1.560000e+03 	 -1.200000e+02 	 2.000000e+00
2 	 115 	 Ey 	 2 	 4.054920e+00 	 -1.320000e+03 	 -1.200000e+02 	 2.000000e+00
2 	 116 	 Ey 	 2 	 3.827771e+00 	 -1.080000e+03 	 -1.200000e+02 	 2.000000e+00
2 	 117 	 Ey 	 2 	 3.343496e+00 	 -8.400000e+02 	 -1.200000e+02 	 2.000000e+00
2 	 118 	 Ey 	 2 	 5.173991e-01 	 -6.000000e+02 	 -1.200000e+02 	 2.000000e+00
2 	 119 	 Ey 	 2 	 7.162953e-01 	 -3.600000e+02 	 -1.200000e+02 	 2.000000e+00
2 	 120 	 Ey 	 2 	 1.720737e+00 	 -1.200000e+02 	 -1.200000e+02 	 2.000000e+00
2 	 121 	 Ey 	 2 	 2.342650e+00 	 1.200000e+02 	 -1.200000e+02 	 2.000000e+00
2 	 122 	 Ey 	 2 	 7.189708e-01 	 3.600000e+02 	 -1.200000e+02 	 2.000000e+00
2 	 123 	 Ey 	 2 	 3.658676e+00 	 6.000000e+02 	 -1.200000e+02 	 2.000000e+00
2 	 124 	 Ey 	 2 	 1.628548e+00 	 8.400000e+02 	 -1.200000e+02 	 2.000000e+00
2 	 125 	 Ey 	 2 	 3.088264e+00 	 1.080000e+03 	 -1.200000e+02 	 2.000000e+00
2 	 126 	 Ey 	 2 	 1.168253e+00 	 1.320000e+03 	 -1.200000e+02 	 2.000000e+00
2 	 127 	 Ey 	 2 	 2.723821e+00 	 1.560000e+03 	 -1.200000e+02 	 2.000000e+00
2 	 128 	 Ey 	 2 	 1.103376e+00 	 1.800000e+03 	 -1.200000e+02 	 2.000000e+00
2 	 129 	 Ey 	 2 	 3.871990e+00 	 -1.800000e+03 	 1.200000e+02 	 2.000000e+00
2 	 130 	 Ey 	 2 	 4.350326e+00 	 -1.560000e+03 	 1.200000e+02 	 2.000000e+00
2 	 131 	 Ey 	 2 	 4.769987e+00 	 -1.320000e+03 	 1.200000e+02 	 2.000000e+00
2 	 132 	 Ey 	 2 	 5.142082e+00 	 -1.080000e+03 	 1.200000e+02 	 2.000000e+00
2 	 133 	 Ey 	 2 	 3.684678e+00 	 -8.400000e+02 	 1.200000e+02 	 2.000000e+00
2 	 134 	 Ey 	 2 	 1.234167e+00 	 -6.000000e+02 	 1.200000e+02 	 2.000000e+00
2 	 135 	 Ey 	 2 	 2.367212e+00 	 -3.600000e+02 	 1.200000e+02 	 2.000000e+00
2 	 136 	 Ey 	 2 	 3.095663e+00 	 -1.200000e+02 	 1.200000e+02 	 2.000000e+00
2 	 137 	 Ey 	 2 	 7.887189e-01 	 1.200000e+02 	 1.200000e+02 	 2.000000e+00
2 	 138 	 Ey 	 2 	 7.251399e-01 	 3.600000e+02 	 1.200000e+02 	 2.000000e+00
2 	 139 	 Ey 	 2 	 1.674342e+00 	 6.000000e+02 	 1.200000e+02 	 2.000000e+00
2 	 140 	 Ey 	 2 	 1.834586e+00 	 8.400000e+02 	 1.200000e+02 	 2.000000e+00
2 	 141 	 Ey 	 2 	 2.917117e+00 	 1.080000e+03 	 1.200000e+02 	 2.000000e+00
2 	 142 	 Ey 	 2 	 8.291956e-01 	 1.320000e+03 	 1.200000e+02 	 2.000000e+00
2 	 143 	 Ey 	 2 	 1.475545e+00 	 1.560000e+03 	 1.200000e+02 	 2.000000e+00
2 	 144 	 Ey 	 2 	 2.611697e+00 	 1.800000e+03 	 1.200000e+02 	 2.000000e+00
2 	 145 	 Ey 	 2 	 3.826345e+00 	 -1.800000e+03 	 3.600000e+02 	 2.000000e+00
2 	 146 	 Ey 	 2 	 6.765276e+00 	 -1.560000e+03 	 3.600000e+02 	 2.000000e+00
2 	 147 	 Ey 	 2 	 5.575017e+00 	 -1.320000e+03 	 3.600000e+02 	 2.000000e+00
2 	 148 	 Ey 	 2 	 6.773776e+00 	 -1.080000e+03 	 3.600000e+02 	 2.000000e+00
2 	 149 	 Ey 	 2 	 4.121361e+00 	 -8.400000e+02 	 3.600000e+02 	 2.000000e+00
2 	 150 	 Ey 	 2 	 6.075408e-01 	 -6.000000e+02 	 3.600000e+02 	 2.000000e+00
2 	 151 	 Ey 	 2 	 1.431265e+00 	 -3.600000e+02 	 3.600000e+02 	 2.000000e+00
2 	 152 	 Ey 	 2 	 2.780882e+00 	 -1.200000e+02 	 3.600000e+02 	 2.000000e+00
2 	 153 	 Ey 	 2 	 2.271066e+00 	 1.200000e+02 	 3.600000e+02 	 2.000000e+00
2 	 154 	 Ey 	 2 	 2.692382e+00 	 3.600000e+02 	 3.600000e+02 	 2.000000e+00
2 	 155 	 Ey 	 2 	 2.358417e+00 	 6.000000e+02 	 3.600000e+02 	 2.000000e+00
2 	 156 	 Ey 	 2 	 1.623463e+00 	 8.400000e+02 	 3.600000e+02 	 2.000000e+00
2 	 157 	 Ey 	 2 	 1.089778e+00 	 1.080000e+03 	 3.600000e+02 	 2.000000e+00
2 	 158 	 Ey 	 2 	 8.536984e-01 	 1.320000e+03 	 3.600000e+02 	 2.000000e+00
2 	 159 	 Ey 	 2 	 1.322981e+00 	 1.560000e+03 	 3.600000e+02 	 2.000000e+00
2 	 160 	 Ey 	 2 	 1.608357e+00 	 1.800000e+03 	 3.600000e+02 	 2.000000e+00
2 	 161 	 Ey 	 2 	 4.400026e+00 	 -1.800000e+03 	 6.000000e+02 	 2.000000e+00
2 	 162 	 Ey 	 2 	 5.805929e+00 	 -1.560000e+03 	 6.000000e+02 	 2.000000e+00
2 	 163 	 Ey 	 2 	 6.623389e+00 	 -1.320000e+03 	 6.000000e+02 	 2.000000e+00
2 	 164 	 Ey 	 2 	 5.858677e+00 	 -1.080000e+03 	 6.000000e+02 	 2.000000e+00
2 	 165 	 Ey 	 2 	 3.323381e+00 	 -8.400000e+02 	 6.000000e+02 	 2.000000e+00
2 	 166 	 Ey 	 2 	 1.118095e+00 	 -6.000000e+02 	 6.000000e+02 	 2.000000e+00
2 	 167 	 Ey 	 2 	 3.829925e+00 	 -3.600000e+02 	 6.000000e+02 	 2.000000e+00
2 	 168 	 Ey 	 2 	 4.299253e+00 	 -1.200000e+02 	 6.000000e+02 	 2.000000e+00
2 	 169 	 Ey 	 2 	 2.175866e+00 	 1.200000e+02 	 6.000000e+02 	 2.000000e+00
2 	 170 	 Ey 	 2 	 4.734598e-01 	 3.600000e+02 	 6.000000e+02 	 2.000000e+00
2 	 171 	 Ey 	 2 	 1.678450e+00 	 6.000000e+02 	 6.000000e+02 	 2.000000e+00
2 	 172 	 Ey 	 2 	 1.610681e+00 	 8.400000e+02 	 6.000000e+02 	 2.000000e+00
2 	 173 	 Ey 	 2 	 1.619240e+00 	 1.080000e+03 	 6.000000e+02 	 2.000000e+00
2 	 174 	 Ey 	 2 	 2.157683e+00 	 1.320000e+03 	 6.000000e+02 	 2.000000e+00
2 	 175 	 Ey 	 2 	 2.273804e+00 	 1.560000e+03 	 6.000000e+02 	 2.000000e+00
2 	 176 	 Ey 	 2 	 1.048661e+00 	 1.800000e+03 	 6.000000e+02 	 2.000000e+00
2 	 177 	 Ey 	 2 	 5.472614e+00 	 -1.800000e+03 	 8.400000e+02 	 2.000000e+00
2 	 178 	 Ey 	 2 	 6.503852e+00 	 -1.560000e+03 	 8.400000e+02 	 2.000000e+00
2 	 179 	 Ey 	 2 	 7.547810e+00 	 -1.320000e+03 	 8.400000e+02 	 2.000000e+00
2 	 180 	 Ey 	 2 	 7.304819e+00 	 -1.080000e+03 	 8.400000e+02 	 2.000000e+00
2 	 181 	 Ey 	 2 	 4.519201e+00 	 -8.400000e+02 	 8.400000e+02 	 2.000000e+00
2 	 182 	 Ey 	 2 	 7.258111e-01 	 -6.000000e+02 	 8.400000e+02 	 2.000000e+00
2 	 183 	 Ey 	 2 	 4.469897e+00 	 -3.600000e+02 	 8.400000e+02 	 2.000000e+00
2 	 184 	 Ey 	 2 	 4.358817e+00 	 -1.200000e+02 	 8.400000e+02 	 2.000000e+00
2 	 185 	 Ey 	 2 	 1.919569e+00 	 1.200000e+02 	 8.400000e+02 	 2.000000e+00
2 	 186 	 Ey 	 2 	 2.167406e+00 	 3.600000e+02 	 8.400000e+02 	 2.000000e+00
2 	 187 	 Ey 	 2 	 2.088351e+00 	 6.000000e+02 	 8.400000e+02 	 2.000000e+00
2 	 188 	 Ey 	 2 	 9.671085e-01 	 8.400000e+02 	 8.400000e+02 	 2.000000e+00
2 	 189 	 Ey 	 2 	 1.216703e+00 	 1.080000e+03 	 8.400000e+02 	 2.000000e+00
2 	 190 	 Ey 	 2 	 2.228827e+00 	 1.320000e+03 	 8.400000e+02 	 2.000000e+00
2 	 191 	 Ey 	 2 	 1.226478e+00 	 1.560000e+03 	 8.400000e+02 	 2.000000e+00
2 	 192 	 Ey 	 2 	 1.974279e+00 	 1.800000e+03 	 8.400000e+02 	 2.000000e+00
2 	 193 	 Ey 	 2 	 4.291817e+00 	 -1.800000e+03 	 1.080000e+03 	 2.000000e+00
2 	 194 	 Ey 	 2 	 6.967065e+00 	 -1.560000e+03 	 1.080000e+03 	 2.000000e+00
2 	 195 	 Ey 	 2 	 7.094612e+00 	 -1.320000e+03 	 1.080000e+03 	 2.000000e+00
2 	 196 	 Ey 	 2 	 6.229043e+00 	 -1.080000e+03 	 1.080000e+03 	 2.000000e+00
2 	 197 	 Ey 	 2 	 3.230184e+00 	 -8.400000e+02 	 1.080000e+03 	 2.000000e+00
2 	 198 	 Ey 	 2 	 1.065552e+00 	 -6.000000e+02 	 1.080000e+03 	 2.000000e+00
2 	 199 	 Ey 	 2 	 2.917975e+00 	 -3.600000e+02 	 1.080000e+03 	 2.000000e+00
2 	 200 	 Ey 	 2 	 6.112125e+00 	 -1.200000e+02 	 1.080000e+03 	 2.000000e+00
2 	 201 	 Ey 	 2 	 5.265686e+00 	 1.200000e+02 	 1.080000e+03 	 2.000000e+00
2 	 202 	 Ey 	 2 	 3.082558e+00 	 3.600000e+02 	 1.080000e+03 	 2.000000e+00
2 	 203 	 Ey 	 2 	 2.448103e+00 	 6.000000e+02 	 1.080000e+03 	 2.000000e+00
2 	 204 	 Ey 	 2 	 8.465443e-01 	 8.400000e+02 	 1.080000e+03 	 2.000000e+00
2 	 205 	 Ey 	 2 	 2.090220e+00 	 1.080000e+03 	 1.080000e+03 	 2.000000e+00
2 	 206 	 Ey 	 2 	 1.605347e+00 	 1.320000e+03 	 1.080000e+03 	 2.000000e+00
2 	 207 	 Ey 	 2 	 1.939914e+00 	 1.560000e+03 	 1.080000e+03 	 2.000000e+00
2 	 208 	 Ey 	 2 	 2.243884e+00 	 1.800000e+03 	 1.080000e+03 	 2.000000e+00
2 	 209 	 Ey 	 2 	 5.965978e+00 	 -1.800000e+03 	 1.320000e+03 	 2.000000e+00
2 	 210 	 Ey 	 2 	 5.765312e+00 	 -1.560000e+03 	 1.320000e+03 	 2.000000e+00
2 	 211 	 Ey 	 2 	 4.969738e+00 	 -1.320000e+03 	 1.320000e+03 	 2.000000e+00
2 	 212 	 Ey 	 2 	 4.949831e+00 	 -1.080000e+03 	 1.320000e+03 	 2.000000e+00
2 	 213 	 Ey 	 2 	 2.523851e+00 	 -8.400000e+02 	 1.320000e+03 	 2.000000e+00
2 	 214 	 Ey 	 2 	 8.310494e-01 	 -6.000000e+02 	 1.320000e+03 	 2.000000e+00
2 	 215 	 Ey 	 2 	 4.257664e+00 	 -3.600000e+02 	 1.320000e+03 	 2.000000e+00
2 	 216 	 Ey 	 2 	 7.004346e+00 	 -1.200000e+02 	 1.320000e+03 	 2.000000e+00
2 	 217 	 Ey 	 2 	 5.080199e+00 	 1.200000e+02 	 1.320000e+03 	 2.000000e+00
2 	 218 	 Ey 	 2 	 4.498401e+00 	 3.600000e+02 	 1.320000e+03 	 2.000000e+00
2 	 219 	 Ey 	 2 	 2.800698e+00 	 6.000000e+02 	 1.320000e+03 	 2.000000e+00
2 	 220 	 Ey 	 2 	 1.745384e+00 	 8.400000e+02 	 1.320000e+03 	 2.000000e+00
2 	 221 	 Ey 	 2 	 4.110855e-01 	 1.080000e+03 	 1.320000e+03 	 2.000000e+00
2 	 222 	 Ey 	 2 	 4.940039e-01 	 1.320000e+03 	 1.320000e+03 	 2.000000e+00
2 	 223 	 Ey 	 2 	 2.194931e+00 	 1.560000e+03 	 1.320000e+03 	 2.000000e+00
2 	 224 	 Ey 	 2 	 5.986508e-01 	 1.800000e+03 	 1.320000e+03 	 2.000000e+00
2 	 225 	 Ey 	 2 	 4.358590e+00 	 -1.800000e+03 	 1.560000e+03 	 2.000000e+00
2 	 226 	 Ey 	 2 	 4.835089e+00 	 -1.560000e+03 	 1.560000e+03 	 2.000000e+00
2 	 227 	 Ey 	 2 	 3.314181e+00 	 -1.320000e+03 	 1.560000e+03 	 2.000000e+00
2 	 228 	 Ey 	 2 	 5.413752e+00 	 -1.080000e+03 	 1.560000e+03 	 2.000000e+00
2 	 229 	 Ey 	 2 	 2.631748e+00 	 -8.400000e+02 	 1.560000e+03 	 2.000000e+00
2 	 230 	 Ey 	 2 	 2.152284e+00 	 -6.000000e+02 	 1.560000e+03 	 2.000000e+00
2 	 231 	 Ey 	 2 	 4.385354e+00 	 -3.600000e+02 	 1.560000e+03 	 2.000000e+00
2 	 232 	 Ey 	 2 	 6.122775e+00 	 -1.200000e+02 	 1.560000e+03 	 2.000000e+00
2 	 233 	 Ey 	 2 	 5.406960e+00 	 1.200000e+02 	 1.560000e+03 	 2.000000e+00
2 	 234 	 Ey 	 2 	 4.036246e+00 	 3.600000e+02 	 1.560000e+03 	 2.000000e+00
2 	 235 	 Ey 	 2 	 2.876913e+00 	 6.000000e+02 	 1.560000e+03 	 2.000000e+00
2 	 236 	 Ey 	 2 	 1.794234e+00 	 8.400000e+02 	 1.560000e+03 	 2.000000e+00
2 	 237 	 Ey 	 2 	 3.118247e+00 	 1.080000e+03 	 1.560000e+03 	 2.000000e+00
2 	 238 	 Ey 	 2 	 1.570267e+00 	 1.320000e+03 	 1.560000e+03 	 2.000000e+00
2 	 239 	 Ey 	 2 	 7.705106e-01 	 1.560000e+03 	 1.560000e+03 	 2.000000e+00
2 	 240 	 Ey 	 2 	 1.605768e-01 	 1.800000e+03 	 1.560000e+03 	 2.000000e+00
2 	 241 	 Ey 	 2 	 3.970538e+00 	 -1.800000e+03 	 1.800000e+03 	 2.000000e+00
2 	 242 	 Ey 	 2 	 4.376783e+00 	 -1.560000e+03 	 1.800000e+03 	 2.000000e+00
2 	 243 	 Ey 	 2 	 4.234863e+00 	 -1.320000e+03 	 1.800000e+03 	 2.000000e+00
2 	 244 	 Ey 	 2 	 2.908272e+00 	 -1.080000e+03 	 1.800000e+03 	 2.000000e+00
2 	 245 	 Ey 	 2 	 1.085462e+00 	 -8.400000e+02 	 1.800000e+03 	 2.000000e+00
2 	 246 	 Ey 	 2 	 9.842010e-01 	 -6.000000e+02 	 1.800000e+03 	 2.000000e+00
2 	 247 	 Ey 	 2 	 3.105945e+00 	 -3.600000e+02 	 1.800000e+03 	 2.000000e+00
2 	 248 	 Ey 	 2 	 3.814898e+00 	 -1.200000e+02 	 1.800000e+03 	 2.000000e+00
2 	 249 	 Ey 	 2 	 4.266138e+00 	 1.200000e+02 	 1.800000e+03 	 2.000000e+00
2 	 250 	 Ey 	 2 	 3.933250e+00 	 3.600000e+02 	 1.800000e+03 	 2.000000e+00
2 	 251 	 Ey 	 2 	 4.221772e+00 	 6.000000e+02 	 1.800000e+03 	 2.000000e+00
2 	 252 	 Ey 	 2 	 3.713266e+00 	 8.400000e+02 	 1.800000e+03 	 2.000000e+00
2 	 253 	 Ey 	 2 	 1.647583e+00 	 1.080000e+03 	 1.800000e+03 	 2.000000e+00
2 	 254 	 Ey 	 2 	 2.450483e+00 	 1.320000e+03 	 1.800000e+03 	 2.000000e+00
2 	 255 	 Ey 	 2 	 1.365415e+00 	 1.560000e+03 	 1.800000e+03 	 2.000000e+00
2 	 256 	 Ey 	 2 	 9.972824e-01 	 1.800000e+03 	 1.800000e+03 	 2.000000e+00
