 x y z azimuth dip isrc
  -1600.00000      -1600.00000       1.00000000               0           0           1
  -533.333374      -1600.00000       1.00000000               0           0           2
   533.333252      -1600.00000       1.00000000               0           0           3
   1600.00000      -1600.00000       1.00000000               0           0           4
  -1600.00000      -533.333374       1.00000000               0           0           5
  -533.333374      -533.333374       1.00000000               0           0           6
   533.333252      -533.333374       1.00000000               0           0           7
   1600.00000      -533.333374       1.00000000               0           0           8
  -1600.00000       533.333252       1.00000000               0           0           9
  -533.333374       533.333252       1.00000000               0           0          10
   533.333252       533.333252       1.00000000               0           0          11
   1600.00000       533.333252       1.00000000               0           0          12
  -1600.00000       1600.00000       1.00000000               0           0          13
  -533.333374       1600.00000       1.00000000               0           0          14
   533.333252       1600.00000       1.00000000               0           0          15
   1600.00000       1600.00000       1.00000000               0           0          16
