iTx 	 iRx    chrec  ifreq 	 emf_real 	 emf_imag
15 	 1 	 Ex 	 1 	 -1.221237e-11 	 4.808759e-12
15 	 2 	 Ex 	 1 	 -1.454655e-11 	 5.903478e-12
15 	 3 	 Ex 	 1 	 -1.697650e-11 	 8.287138e-12
15 	 4 	 Ex 	 1 	 -2.000897e-11 	 8.680481e-12
15 	 5 	 Ex 	 1 	 -2.343288e-11 	 7.831932e-12
15 	 6 	 Ex 	 1 	 -2.679333e-11 	 7.578852e-12
15 	 7 	 Ex 	 1 	 -2.983512e-11 	 8.138332e-12
15 	 8 	 Ex 	 1 	 -3.239565e-11 	 9.125837e-12
15 	 9 	 Ex 	 1 	 -3.429766e-11 	 1.010843e-11
15 	 10 	 Ex 	 1 	 -3.544152e-11 	 1.072145e-11
15 	 11 	 Ex 	 1 	 -3.397985e-11 	 1.083660e-11
15 	 12 	 Ex 	 1 	 -3.481848e-11 	 1.057697e-11
15 	 13 	 Ex 	 1 	 -3.320452e-11 	 9.733056e-12
15 	 14 	 Ex 	 1 	 -3.084375e-11 	 8.772165e-12
15 	 15 	 Ex 	 1 	 -2.793824e-11 	 7.886133e-12
15 	 16 	 Ex 	 1 	 -2.456713e-11 	 7.910969e-12
15 	 17 	 Ex 	 1 	 -1.131260e-11 	 9.162355e-12
15 	 18 	 Ex 	 1 	 -1.467750e-11 	 6.253565e-12
15 	 19 	 Ex 	 1 	 -1.814047e-11 	 5.645210e-12
15 	 20 	 Ex 	 1 	 -2.131628e-11 	 9.288650e-12
15 	 21 	 Ex 	 1 	 -2.485903e-11 	 1.269182e-11
15 	 22 	 Ex 	 1 	 -2.893422e-11 	 1.399511e-11
15 	 23 	 Ex 	 1 	 -3.317129e-11 	 1.362265e-11
15 	 24 	 Ex 	 1 	 -3.705522e-11 	 1.264881e-11
15 	 25 	 Ex 	 1 	 -4.006348e-11 	 1.185834e-11
15 	 26 	 Ex 	 1 	 -4.187959e-11 	 1.149344e-11
15 	 27 	 Ex 	 1 	 -4.030228e-11 	 1.143098e-11
15 	 28 	 Ex 	 1 	 -4.097895e-11 	 1.159815e-11
15 	 29 	 Ex 	 1 	 -3.842800e-11 	 1.232625e-11
15 	 30 	 Ex 	 1 	 -3.483746e-11 	 1.322626e-11
15 	 31 	 Ex 	 1 	 -3.058458e-11 	 1.425815e-11
15 	 32 	 Ex 	 1 	 -2.629809e-11 	 1.378046e-11
15 	 33 	 Ex 	 1 	 -1.101270e-11 	 7.142497e-12
15 	 34 	 Ex 	 1 	 -1.371522e-11 	 1.022160e-11
15 	 35 	 Ex 	 1 	 -1.752192e-11 	 1.087851e-11
15 	 36 	 Ex 	 1 	 -2.218076e-11 	 1.063052e-11
15 	 37 	 Ex 	 1 	 -2.729099e-11 	 1.146337e-11
15 	 38 	 Ex 	 1 	 -3.271951e-11 	 1.282377e-11
15 	 39 	 Ex 	 1 	 -3.813646e-11 	 1.435394e-11
15 	 40 	 Ex 	 1 	 -4.310318e-11 	 1.568974e-11
15 	 41 	 Ex 	 1 	 -4.705334e-11 	 1.655547e-11
15 	 42 	 Ex 	 1 	 -4.951749e-11 	 1.697348e-11
15 	 43 	 Ex 	 1 	 -4.774087e-11 	 1.707707e-11
15 	 44 	 Ex 	 1 	 -4.830771e-11 	 1.679184e-11
15 	 45 	 Ex 	 1 	 -4.495703e-11 	 1.615303e-11
15 	 46 	 Ex 	 1 	 -4.033006e-11 	 1.506589e-11
15 	 47 	 Ex 	 1 	 -3.498975e-11 	 1.363072e-11
15 	 48 	 Ex 	 1 	 -2.944464e-11 	 1.217970e-11
15 	 49 	 Ex 	 1 	 -9.583016e-12 	 7.533207e-12
15 	 50 	 Ex 	 1 	 -1.246835e-11 	 1.134306e-11
15 	 51 	 Ex 	 1 	 -1.647371e-11 	 1.421805e-11
15 	 52 	 Ex 	 1 	 -2.216743e-11 	 1.366397e-11
15 	 53 	 Ex 	 1 	 -2.898156e-11 	 1.283713e-11
15 	 54 	 Ex 	 1 	 -3.630251e-11 	 1.403296e-11
15 	 55 	 Ex 	 1 	 -4.376926e-11 	 1.631898e-11
15 	 56 	 Ex 	 1 	 -5.080946e-11 	 1.857281e-11
15 	 57 	 Ex 	 1 	 -5.654701e-11 	 2.029301e-11
15 	 58 	 Ex 	 1 	 -6.014932e-11 	 2.124219e-11
15 	 59 	 Ex 	 1 	 -5.822756e-11 	 2.142742e-11
15 	 60 	 Ex 	 1 	 -5.840265e-11 	 2.092548e-11
15 	 61 	 Ex 	 1 	 -5.354455e-11 	 1.947591e-11
15 	 62 	 Ex 	 1 	 -4.692984e-11 	 1.751043e-11
15 	 63 	 Ex 	 1 	 -3.955285e-11 	 1.498970e-11
15 	 64 	 Ex 	 1 	 -3.203817e-11 	 1.331889e-11
15 	 65 	 Ex 	 1 	 -6.568559e-12 	 1.105445e-11
15 	 66 	 Ex 	 1 	 -1.028542e-11 	 1.082973e-11
15 	 67 	 Ex 	 1 	 -1.487734e-11 	 1.342615e-11
15 	 68 	 Ex 	 1 	 -2.088756e-11 	 1.729753e-11
15 	 69 	 Ex 	 1 	 -2.893269e-11 	 1.958321e-11
15 	 70 	 Ex 	 1 	 -3.886168e-11 	 2.026147e-11
15 	 71 	 Ex 	 1 	 -4.981672e-11 	 2.096005e-11
15 	 72 	 Ex 	 1 	 -6.055956e-11 	 2.193209e-11
15 	 73 	 Ex 	 1 	 -6.958092e-11 	 2.288472e-11
15 	 74 	 Ex 	 1 	 -7.530714e-11 	 2.349976e-11
15 	 75 	 Ex 	 1 	 -7.331859e-11 	 2.360677e-11
15 	 76 	 Ex 	 1 	 -7.259073e-11 	 2.328326e-11
15 	 77 	 Ex 	 1 	 -6.488558e-11 	 2.248269e-11
15 	 78 	 Ex 	 1 	 -5.469437e-11 	 2.147303e-11
15 	 79 	 Ex 	 1 	 -4.365604e-11 	 2.063576e-11
15 	 80 	 Ex 	 1 	 -3.309817e-11 	 2.012767e-11
15 	 81 	 Ex 	 1 	 -2.217752e-12 	 1.417899e-11
15 	 82 	 Ex 	 1 	 -5.895132e-12 	 1.318901e-11
15 	 83 	 Ex 	 1 	 -1.086385e-11 	 1.515934e-11
15 	 84 	 Ex 	 1 	 -1.778331e-11 	 1.951149e-11
15 	 85 	 Ex 	 1 	 -2.759921e-11 	 2.341755e-11
15 	 86 	 Ex 	 1 	 -4.061512e-11 	 2.602993e-11
15 	 87 	 Ex 	 1 	 -5.624695e-11 	 2.717623e-11
15 	 88 	 Ex 	 1 	 -7.267011e-11 	 2.770151e-11
15 	 89 	 Ex 	 1 	 -8.710965e-11 	 2.822795e-11
15 	 90 	 Ex 	 1 	 -9.650210e-11 	 2.865436e-11
15 	 91 	 Ex 	 1 	 -9.458528e-11 	 2.877102e-11
15 	 92 	 Ex 	 1 	 -9.207871e-11 	 2.840535e-11
15 	 93 	 Ex 	 1 	 -7.956788e-11 	 2.797389e-11
15 	 94 	 Ex 	 1 	 -6.367579e-11 	 2.743035e-11
15 	 95 	 Ex 	 1 	 -4.737469e-11 	 2.688472e-11
15 	 96 	 Ex 	 1 	 -3.307402e-11 	 2.492119e-11
15 	 97 	 Ex 	 1 	 3.408198e-12 	 1.401760e-11
15 	 98 	 Ex 	 1 	 1.364396e-12 	 1.798174e-11
15 	 99 	 Ex 	 1 	 -3.268140e-12 	 1.984283e-11
15 	 100 	 Ex 	 1 	 -1.112236e-11 	 2.189977e-11
15 	 101 	 Ex 	 1 	 -2.312266e-11 	 2.542342e-11
15 	 102 	 Ex 	 1 	 -4.034834e-11 	 2.889227e-11
15 	 103 	 Ex 	 1 	 -6.263944e-11 	 3.223367e-11
15 	 104 	 Ex 	 1 	 -8.785245e-11 	 3.523518e-11
15 	 105 	 Ex 	 1 	 -1.114760e-10 	 3.750320e-11
15 	 106 	 Ex 	 1 	 -1.275457e-10 	 3.875639e-11
15 	 107 	 Ex 	 1 	 -1.260993e-10 	 3.903201e-11
15 	 108 	 Ex 	 1 	 -1.199325e-10 	 3.814667e-11
15 	 109 	 Ex 	 1 	 -9.900473e-11 	 3.634101e-11
15 	 110 	 Ex 	 1 	 -7.384192e-11 	 3.362501e-11
15 	 111 	 Ex 	 1 	 -4.987043e-11 	 3.042444e-11
15 	 112 	 Ex 	 1 	 -3.031009e-11 	 2.702142e-11
15 	 113 	 Ex 	 1 	 1.151985e-11 	 1.481352e-11
15 	 114 	 Ex 	 1 	 1.157134e-11 	 2.089954e-11
15 	 115 	 Ex 	 1 	 8.769915e-12 	 2.447797e-11
15 	 116 	 Ex 	 1 	 1.575875e-12 	 2.639239e-11
15 	 117 	 Ex 	 1 	 -1.195112e-11 	 2.856476e-11
15 	 118 	 Ex 	 1 	 -3.389725e-11 	 3.318864e-11
15 	 119 	 Ex 	 1 	 -6.586281e-11 	 3.901785e-11
15 	 120 	 Ex 	 1 	 -1.061907e-10 	 4.417395e-11
15 	 121 	 Ex 	 1 	 -1.473784e-10 	 4.784117e-11
15 	 122 	 Ex 	 1 	 -1.770002e-10 	 4.991445e-11
15 	 123 	 Ex 	 1 	 -1.771097e-10 	 5.037305e-11
15 	 124 	 Ex 	 1 	 -1.627944e-10 	 4.901259e-11
15 	 125 	 Ex 	 1 	 -1.252110e-10 	 4.594044e-11
15 	 126 	 Ex 	 1 	 -8.326136e-11 	 4.144283e-11
15 	 127 	 Ex 	 1 	 -4.715863e-11 	 3.566082e-11
15 	 128 	 Ex 	 1 	 -2.088583e-11 	 3.033102e-11
15 	 129 	 Ex 	 1 	 2.256191e-11 	 1.723387e-11
15 	 130 	 Ex 	 1 	 2.539229e-11 	 2.096306e-11
15 	 131 	 Ex 	 1 	 2.682403e-11 	 2.817068e-11
15 	 132 	 Ex 	 1 	 2.338422e-11 	 3.251383e-11
15 	 133 	 Ex 	 1 	 1.148999e-11 	 3.617455e-11
15 	 134 	 Ex 	 1 	 -1.407711e-11 	 4.116667e-11
15 	 135 	 Ex 	 1 	 -5.922976e-11 	 4.699071e-11
15 	 136 	 Ex 	 1 	 -1.253759e-10 	 5.297878e-11
15 	 137 	 Ex 	 1 	 -2.015882e-10 	 5.815304e-11
15 	 138 	 Ex 	 1 	 -2.611025e-10 	 6.139544e-11
15 	 139 	 Ex 	 1 	 -2.658956e-10 	 6.201255e-11
15 	 140 	 Ex 	 1 	 -2.321131e-10 	 5.994983e-11
15 	 141 	 Ex 	 1 	 -1.594913e-10 	 5.545488e-11
15 	 142 	 Ex 	 1 	 -8.659598e-11 	 4.969304e-11
15 	 143 	 Ex 	 1 	 -3.185024e-11 	 4.355604e-11
15 	 144 	 Ex 	 1 	 1.733593e-12 	 3.826461e-11
15 	 145 	 Ex 	 1 	 3.635087e-11 	 2.004086e-11
15 	 146 	 Ex 	 1 	 4.434408e-11 	 2.385656e-11
15 	 147 	 Ex 	 1 	 5.243897e-11 	 3.037154e-11
15 	 148 	 Ex 	 1 	 5.765254e-11 	 3.732051e-11
15 	 149 	 Ex 	 1 	 5.435009e-11 	 4.439530e-11
15 	 150 	 Ex 	 1 	 3.198599e-11 	 5.121192e-11
15 	 151 	 Ex 	 1 	 -2.527048e-11 	 5.886990e-11
15 	 152 	 Ex 	 1 	 -1.324990e-10 	 6.727036e-11
15 	 153 	 Ex 	 1 	 -2.818563e-10 	 7.482704e-11
15 	 154 	 Ex 	 1 	 -4.150592e-10 	 7.966663e-11
15 	 155 	 Ex 	 1 	 -4.342549e-10 	 8.058948e-11
15 	 156 	 Ex 	 1 	 -3.484496e-10 	 7.737987e-11
15 	 157 	 Ex 	 1 	 -1.960337e-10 	 7.089093e-11
15 	 158 	 Ex 	 1 	 -6.667475e-11 	 6.258066e-11
15 	 159 	 Ex 	 1 	 1.143101e-11 	 5.433428e-11
15 	 160 	 Ex 	 1 	 4.695931e-11 	 4.731622e-11
15 	 161 	 Ex 	 1 	 5.226725e-11 	 2.268363e-11
15 	 162 	 Ex 	 1 	 6.758942e-11 	 2.642768e-11
15 	 163 	 Ex 	 1 	 8.664786e-11 	 3.304543e-11
15 	 164 	 Ex 	 1 	 1.082695e-10 	 4.324776e-11
15 	 165 	 Ex 	 1 	 1.264855e-10 	 5.267023e-11
15 	 166 	 Ex 	 1 	 1.267256e-10 	 6.203535e-11
15 	 167 	 Ex 	 1 	 7.604366e-11 	 7.347369e-11
15 	 168 	 Ex 	 1 	 -8.251725e-11 	 8.633172e-11
15 	 169 	 Ex 	 1 	 -3.883182e-10 	 9.824748e-11
15 	 170 	 Ex 	 1 	 -7.300148e-10 	 1.062239e-10
15 	 171 	 Ex 	 1 	 -7.997358e-10 	 1.077014e-10
15 	 172 	 Ex 	 1 	 -5.513281e-10 	 1.024501e-10
15 	 173 	 Ex 	 1 	 -2.017583e-10 	 9.194611e-11
15 	 174 	 Ex 	 1 	 2.230201e-11 	 7.912633e-11
15 	 175 	 Ex 	 1 	 1.128678e-10 	 6.681081e-11
15 	 176 	 Ex 	 1 	 1.294651e-10 	 5.662127e-11
15 	 177 	 Ex 	 1 	 6.905781e-11 	 2.557218e-11
15 	 178 	 Ex 	 1 	 9.379280e-11 	 3.083706e-11
15 	 179 	 Ex 	 1 	 1.278111e-10 	 3.653046e-11
15 	 180 	 Ex 	 1 	 1.746828e-10 	 4.654053e-11
15 	 181 	 Ex 	 1 	 2.352011e-10 	 5.869782e-11
15 	 182 	 Ex 	 1 	 3.010750e-10 	 7.407044e-11
15 	 183 	 Ex 	 1 	 3.293102e-10 	 9.304437e-11
15 	 184 	 Ex 	 1 	 1.798214e-10 	 1.146801e-10
15 	 185 	 Ex 	 1 	 -4.254658e-10 	 1.360183e-10
15 	 186 	 Ex 	 1 	 -1.467614e-09 	 1.509011e-10
15 	 187 	 Ex 	 1 	 -1.761765e-09 	 1.538542e-10
15 	 188 	 Ex 	 1 	 -8.762229e-10 	 1.438037e-10
15 	 189 	 Ex 	 1 	 -1.606004e-11 	 1.244032e-10
15 	 190 	 Ex 	 1 	 2.982956e-10 	 1.022622e-10
15 	 191 	 Ex 	 1 	 3.227464e-10 	 8.203573e-11
15 	 192 	 Ex 	 1 	 2.642150e-10 	 6.494406e-11
15 	 193 	 Ex 	 1 	 8.407343e-11 	 2.575471e-11
15 	 194 	 Ex 	 1 	 1.187752e-10 	 3.343065e-11
15 	 195 	 Ex 	 1 	 1.705018e-10 	 4.179897e-11
15 	 196 	 Ex 	 1 	 2.497872e-10 	 5.126800e-11
15 	 197 	 Ex 	 1 	 3.743108e-10 	 6.422921e-11
15 	 198 	 Ex 	 1 	 5.702467e-10 	 8.438168e-11
15 	 199 	 Ex 	 1 	 8.546771e-10 	 1.123279e-10
15 	 200 	 Ex 	 1 	 1.101744e-09 	 1.496382e-10
15 	 201 	 Ex 	 1 	 3.947235e-10 	 1.945235e-10
15 	 202 	 Ex 	 1 	 -3.424550e-09 	 2.281800e-10
15 	 203 	 Ex 	 1 	 -5.232856e-09 	 2.334704e-10
15 	 204 	 Ex 	 1 	 -8.636317e-10 	 2.127292e-10
15 	 205 	 Ex 	 1 	 1.022574e-09 	 1.691508e-10
15 	 206 	 Ex 	 1 	 9.912573e-10 	 1.276403e-10
15 	 207 	 Ex 	 1 	 6.859504e-10 	 9.565725e-11
15 	 208 	 Ex 	 1 	 4.499163e-10 	 7.209236e-11
15 	 209 	 Ex 	 1 	 9.533013e-11 	 2.710471e-11
15 	 210 	 Ex 	 1 	 1.378914e-10 	 3.554466e-11
15 	 211 	 Ex 	 1 	 2.045371e-10 	 4.427370e-11
15 	 212 	 Ex 	 1 	 3.144473e-10 	 5.383124e-11
15 	 213 	 Ex 	 1 	 5.080546e-10 	 6.929752e-11
15 	 214 	 Ex 	 1 	 8.752836e-10 	 9.452820e-11
15 	 215 	 Ex 	 1 	 1.636283e-09 	 1.321385e-10
15 	 216 	 Ex 	 1 	 3.351590e-09 	 1.925431e-10
15 	 217 	 Ex 	 1 	 6.725341e-09 	 2.995250e-10
15 	 218 	 Ex 	 1 	 -4.262964e-09 	 4.151809e-10
15 	 219 	 Ex 	 1 	 -2.776488e-08 	 3.862484e-10
15 	 220 	 Ex 	 1 	 7.062579e-09 	 3.639038e-10
15 	 221 	 Ex 	 1 	 4.679388e-09 	 2.324547e-10
15 	 222 	 Ex 	 1 	 2.226466e-09 	 1.549686e-10
15 	 223 	 Ex 	 1 	 1.142268e-09 	 1.091395e-10
15 	 224 	 Ex 	 1 	 6.402894e-10 	 7.906432e-11
15 	 225 	 Ex 	 1 	 9.977438e-11 	 2.615249e-11
15 	 226 	 Ex 	 1 	 1.462996e-10 	 3.742302e-11
15 	 227 	 Ex 	 1 	 2.200887e-10 	 4.706581e-11
15 	 228 	 Ex 	 1 	 3.449689e-10 	 5.503062e-11
15 	 229 	 Ex 	 1 	 5.755764e-10 	 7.016102e-11
15 	 230 	 Ex 	 1 	 1.047519e-09 	 9.781971e-11
15 	 231 	 Ex 	 1 	 2.169929e-09 	 1.419176e-10
15 	 232 	 Ex 	 1 	 5.572454e-09 	 2.215575e-10
15 	 233 	 Ex 	 1 	 2.162401e-08 	 4.258151e-10
15 	 234 	 Ex 	 1 	 4.474471e-08 	 1.023665e-09
15 	 235 	 Ex 	 1 	 6.843836e-07 	 5.167672e-09
15 	 236 	 Ex 	 1 	 5.118904e-08 	 6.751721e-10
15 	 237 	 Ex 	 1 	 9.495722e-09 	 2.843493e-10
15 	 238 	 Ex 	 1 	 3.192978e-09 	 1.705179e-10
15 	 239 	 Ex 	 1 	 1.421079e-09 	 1.144707e-10
15 	 240 	 Ex 	 1 	 7.418221e-10 	 8.059964e-11
15 	 241 	 Ex 	 1 	 9.718341e-11 	 2.596290e-11
15 	 242 	 Ex 	 1 	 1.416224e-10 	 3.600454e-11
15 	 243 	 Ex 	 1 	 2.119262e-10 	 4.682128e-11
15 	 244 	 Ex 	 1 	 3.290393e-10 	 5.592348e-11
15 	 245 	 Ex 	 1 	 5.400706e-10 	 7.019223e-11
15 	 246 	 Ex 	 1 	 9.561455e-10 	 9.556787e-11
15 	 247 	 Ex 	 1 	 1.879981e-09 	 1.358635e-10
15 	 248 	 Ex 	 1 	 4.293540e-09 	 2.050170e-10
15 	 249 	 Ex 	 1 	 1.172713e-08 	 3.478998e-10
15 	 250 	 Ex 	 1 	 1.145667e-08 	 5.969493e-10
15 	 251 	 Ex 	 1 	 -5.986131e-08 	 4.531619e-10
15 	 252 	 Ex 	 1 	 1.809127e-08 	 4.604117e-10
15 	 253 	 Ex 	 1 	 6.581447e-09 	 2.543997e-10
15 	 254 	 Ex 	 1 	 2.655187e-09 	 1.614524e-10
15 	 255 	 Ex 	 1 	 1.270926e-09 	 1.108715e-10
15 	 256 	 Ex 	 1 	 6.877174e-10 	 7.978515e-11
15 	 1 	 Ex 	 2 	 -1.520408e-11 	 -6.226165e-13
15 	 2 	 Ex 	 2 	 -1.849569e-11 	 -4.056036e-13
15 	 3 	 Ex 	 2 	 -2.216893e-11 	 -1.106468e-13
15 	 4 	 Ex 	 2 	 -2.618011e-11 	 2.394392e-13
15 	 5 	 Ex 	 2 	 -3.039156e-11 	 6.317777e-13
15 	 6 	 Ex 	 2 	 -3.459278e-11 	 1.046896e-12
15 	 7 	 Ex 	 2 	 -3.853205e-11 	 1.454710e-12
15 	 8 	 Ex 	 2 	 -4.192397e-11 	 1.817791e-12
15 	 9 	 Ex 	 2 	 -4.448496e-11 	 2.098821e-12
15 	 10 	 Ex 	 2 	 -4.602644e-11 	 2.270250e-12
15 	 11 	 Ex 	 2 	 -4.463789e-11 	 2.302183e-12
15 	 12 	 Ex 	 2 	 -4.525864e-11 	 2.223849e-12
15 	 13 	 Ex 	 2 	 -4.312064e-11 	 2.017484e-12
15 	 14 	 Ex 	 2 	 -4.003388e-11 	 1.720625e-12
15 	 15 	 Ex 	 2 	 -3.626719e-11 	 1.368819e-12
15 	 16 	 Ex 	 2 	 -3.210524e-11 	 1.006724e-12
15 	 17 	 Ex 	 2 	 -1.627582e-11 	 -1.704537e-13
15 	 18 	 Ex 	 2 	 -2.026200e-11 	 2.171697e-13
15 	 19 	 Ex 	 2 	 -2.480694e-11 	 7.249526e-13
15 	 20 	 Ex 	 2 	 -2.982721e-11 	 1.346428e-12
15 	 21 	 Ex 	 2 	 -3.521426e-11 	 2.037703e-12
15 	 22 	 Ex 	 2 	 -4.073908e-11 	 2.748652e-12
15 	 23 	 Ex 	 2 	 -4.605145e-11 	 3.431661e-12
15 	 24 	 Ex 	 2 	 -5.072155e-11 	 4.031352e-12
15 	 25 	 Ex 	 2 	 -5.430153e-11 	 4.492592e-12
15 	 26 	 Ex 	 2 	 -5.646611e-11 	 4.768857e-12
15 	 27 	 Ex 	 2 	 -5.495099e-11 	 4.817607e-12
15 	 28 	 Ex 	 2 	 -5.541231e-11 	 4.668485e-12
15 	 29 	 Ex 	 2 	 -5.242217e-11 	 4.309216e-12
15 	 30 	 Ex 	 2 	 -4.815745e-11 	 3.793058e-12
15 	 31 	 Ex 	 2 	 -4.304124e-11 	 3.177057e-12
15 	 32 	 Ex 	 2 	 -3.752311e-11 	 2.519748e-12
15 	 33 	 Ex 	 2 	 -1.719987e-11 	 4.661199e-13
15 	 34 	 Ex 	 2 	 -2.187128e-11 	 1.149219e-12
15 	 35 	 Ex 	 2 	 -2.740096e-11 	 1.989898e-12
15 	 36 	 Ex 	 2 	 -3.374374e-11 	 2.977053e-12
15 	 37 	 Ex 	 2 	 -4.073105e-11 	 4.079855e-12
15 	 38 	 Ex 	 2 	 -4.806799e-11 	 5.235230e-12
15 	 39 	 Ex 	 2 	 -5.528627e-11 	 6.359358e-12
15 	 40 	 Ex 	 2 	 -6.176829e-11 	 7.353020e-12
15 	 41 	 Ex 	 2 	 -6.682960e-11 	 8.117791e-12
15 	 42 	 Ex 	 2 	 -6.991458e-11 	 8.570453e-12
15 	 43 	 Ex 	 2 	 -6.827158e-11 	 8.650169e-12
15 	 44 	 Ex 	 2 	 -6.843430e-11 	 8.382127e-12
15 	 45 	 Ex 	 2 	 -6.419599e-11 	 7.765747e-12
15 	 46 	 Ex 	 2 	 -5.823900e-11 	 6.885000e-12
15 	 47 	 Ex 	 2 	 -5.123925e-11 	 5.835784e-12
15 	 48 	 Ex 	 2 	 -4.385313e-11 	 4.723422e-12
15 	 49 	 Ex 	 2 	 -1.769792e-11 	 1.381538e-12
15 	 50 	 Ex 	 2 	 -2.313718e-11 	 2.453161e-12
15 	 51 	 Ex 	 2 	 -2.977571e-11 	 3.775774e-12
15 	 52 	 Ex 	 2 	 -3.767497e-11 	 5.320061e-12
15 	 53 	 Ex 	 2 	 -4.670147e-11 	 7.047935e-12
15 	 54 	 Ex 	 2 	 -5.649813e-11 	 8.876871e-12
15 	 55 	 Ex 	 2 	 -6.645095e-11 	 1.067300e-11
15 	 56 	 Ex 	 2 	 -7.564591e-11 	 1.227452e-11
15 	 57 	 Ex 	 2 	 -8.299073e-11 	 1.351443e-11
15 	 58 	 Ex 	 2 	 -8.751953e-11 	 1.425056e-11
15 	 59 	 Ex 	 2 	 -8.576893e-11 	 1.437773e-11
15 	 60 	 Ex 	 2 	 -8.536662e-11 	 1.392313e-11
15 	 61 	 Ex 	 2 	 -7.918130e-11 	 1.290308e-11
15 	 62 	 Ex 	 2 	 -7.065405e-11 	 1.145818e-11
15 	 63 	 Ex 	 2 	 -6.089526e-11 	 9.747771e-12
15 	 64 	 Ex 	 2 	 -5.090713e-11 	 7.945760e-12
15 	 65 	 Ex 	 2 	 -1.747181e-11 	 2.650081e-12
15 	 66 	 Ex 	 2 	 -2.367790e-11 	 4.237550e-12
15 	 67 	 Ex 	 2 	 -3.150064e-11 	 6.228699e-12
15 	 68 	 Ex 	 2 	 -4.115290e-11 	 8.600474e-12
15 	 69 	 Ex 	 2 	 -5.269233e-11 	 1.127324e-11
15 	 70 	 Ex 	 2 	 -6.581236e-11 	 1.411878e-11
15 	 71 	 Ex 	 2 	 -7.972315e-11 	 1.694187e-11
15 	 72 	 Ex 	 2 	 -9.306850e-11 	 1.948950e-11
15 	 73 	 Ex 	 2 	 -1.040566e-10 	 2.148024e-11
15 	 74 	 Ex 	 2 	 -1.109451e-10 	 2.266941e-11
15 	 75 	 Ex 	 2 	 -1.091588e-10 	 2.287465e-11
15 	 76 	 Ex 	 2 	 -1.076905e-10 	 2.212174e-11
15 	 77 	 Ex 	 2 	 -9.835115e-11 	 2.046462e-11
15 	 78 	 Ex 	 2 	 -8.581140e-11 	 1.813606e-11
15 	 79 	 Ex 	 2 	 -7.194349e-11 	 1.541200e-11
15 	 80 	 Ex 	 2 	 -5.832245e-11 	 1.256851e-11
15 	 81 	 Ex 	 2 	 -1.618028e-11 	 4.317566e-12
15 	 82 	 Ex 	 2 	 -2.291648e-11 	 6.623366e-12
15 	 83 	 Ex 	 2 	 -3.180851e-11 	 9.539633e-12
15 	 84 	 Ex 	 2 	 -4.335456e-11 	 1.306431e-11
15 	 85 	 Ex 	 2 	 -5.790851e-11 	 1.711215e-11
15 	 86 	 Ex 	 2 	 -7.542946e-11 	 2.149783e-11
15 	 87 	 Ex 	 2 	 -9.506627e-11 	 2.592102e-11
15 	 88 	 Ex 	 2 	 -1.148771e-10 	 2.997520e-11
15 	 89 	 Ex 	 2 	 -1.318756e-10 	 3.318565e-11
15 	 90 	 Ex 	 2 	 -1.427981e-10 	 3.511971e-11
15 	 91 	 Ex 	 2 	 -1.411530e-10 	 3.546102e-11
15 	 92 	 Ex 	 2 	 -1.376384e-10 	 3.421624e-11
15 	 93 	 Ex 	 2 	 -1.229943e-10 	 3.151991e-11
15 	 94 	 Ex 	 2 	 -1.040219e-10 	 2.777635e-11
15 	 95 	 Ex 	 2 	 -8.400005e-11 	 2.346111e-11
15 	 96 	 Ex 	 2 	 -6.537438e-11 	 1.901762e-11
15 	 97 	 Ex 	 2 	 -1.338287e-11 	 6.417130e-12
15 	 98 	 Ex 	 2 	 -2.012573e-11 	 9.700576e-12
15 	 99 	 Ex 	 2 	 -2.962813e-11 	 1.387394e-11
15 	 100 	 Ex 	 2 	 -4.283414e-11 	 1.900149e-11
15 	 101 	 Ex 	 2 	 -6.069474e-11 	 2.501976e-11
15 	 102 	 Ex 	 2 	 -8.383633e-11 	 3.170610e-11
15 	 103 	 Ex 	 2 	 -1.117503e-10 	 3.862097e-11
15 	 104 	 Ex 	 2 	 -1.419014e-10 	 4.510134e-11
15 	 105 	 Ex 	 2 	 -1.692957e-10 	 5.033704e-11
15 	 106 	 Ex 	 2 	 -1.875674e-10 	 5.352836e-11
15 	 107 	 Ex 	 2 	 -1.864981e-10 	 5.409898e-11
15 	 108 	 Ex 	 2 	 -1.788949e-10 	 5.202652e-11
15 	 109 	 Ex 	 2 	 -1.548297e-10 	 4.759608e-11
15 	 110 	 Ex 	 2 	 -1.251652e-10 	 4.154789e-11
15 	 111 	 Ex 	 2 	 -9.581068e-11 	 3.472035e-11
15 	 112 	 Ex 	 2 	 -7.040014e-11 	 2.785239e-11
15 	 113 	 Ex 	 2 	 -8.537856e-12 	 8.986470e-12
15 	 114 	 Ex 	 2 	 -1.444776e-11 	 1.349685e-11
15 	 115 	 Ex 	 2 	 -2.351537e-11 	 1.934138e-11
15 	 116 	 Ex 	 2 	 -3.733652e-11 	 2.667102e-11
15 	 117 	 Ex 	 2 	 -5.799360e-11 	 3.550439e-11
15 	 118 	 Ex 	 2 	 -8.763235e-11 	 4.561307e-11
15 	 119 	 Ex 	 2 	 -1.272539e-10 	 5.639798e-11
15 	 120 	 Ex 	 2 	 -1.743836e-10 	 6.681888e-11
15 	 121 	 Ex 	 2 	 -2.207985e-10 	 7.545745e-11
15 	 122 	 Ex 	 2 	 -2.535124e-10 	 8.082950e-11
15 	 123 	 Ex 	 2 	 -2.541849e-10 	 8.181962e-11
15 	 124 	 Ex 	 2 	 -2.378529e-10 	 7.830103e-11
15 	 125 	 Ex 	 2 	 -1.958704e-10 	 7.091364e-11
15 	 126 	 Ex 	 2 	 -1.476951e-10 	 6.106280e-11
15 	 127 	 Ex 	 2 	 -1.041630e-10 	 5.025640e-11
15 	 128 	 Ex 	 2 	 -7.009730e-11 	 3.971616e-11
15 	 129 	 Ex 	 2 	 -1.200278e-12 	 1.198805e-11
15 	 130 	 Ex 	 2 	 -4.961715e-12 	 1.799298e-11
15 	 131 	 Ex 	 2 	 -1.163921e-11 	 2.597461e-11
15 	 132 	 Ex 	 2 	 -2.360595e-11 	 3.624577e-11
15 	 133 	 Ex 	 2 	 -4.460094e-11 	 4.900644e-11
15 	 134 	 Ex 	 2 	 -7.988480e-11 	 6.414848e-11
15 	 135 	 Ex 	 2 	 -1.347763e-10 	 8.096929e-11
15 	 136 	 Ex 	 2 	 -2.098926e-10 	 9.791526e-11
15 	 137 	 Ex 	 2 	 -2.932753e-10 	 1.125036e-10
15 	 138 	 Ex 	 2 	 -3.571531e-10 	 1.218374e-10
15 	 139 	 Ex 	 2 	 -3.627366e-10 	 1.235966e-10
15 	 140 	 Ex 	 2 	 -3.260864e-10 	 1.174204e-10
15 	 141 	 Ex 	 2 	 -2.473569e-10 	 1.047748e-10
15 	 142 	 Ex 	 2 	 -1.661080e-10 	 8.848323e-11
15 	 143 	 Ex 	 2 	 -1.018021e-10 	 7.132699e-11
15 	 144 	 Ex 	 2 	 -5.838864e-11 	 5.526217e-11
15 	 145 	 Ex 	 2 	 8.791161e-12 	 1.531020e-11
15 	 146 	 Ex 	 2 	 9.098534e-12 	 2.307748e-11
15 	 147 	 Ex 	 2 	 7.855684e-12 	 3.364119e-11
15 	 148 	 Ex 	 2 	 2.466641e-12 	 4.766420e-11
15 	 149 	 Ex 	 2 	 -1.250546e-11 	 6.574692e-11
15 	 150 	 Ex 	 2 	 -4.720307e-11 	 8.818153e-11
15 	 151 	 Ex 	 2 	 -1.170365e-10 	 1.143909e-10
15 	 152 	 Ex 	 2 	 -2.362385e-10 	 1.423347e-10
15 	 153 	 Ex 	 2 	 -3.955471e-10 	 1.678069e-10
15 	 154 	 Ex 	 2 	 -5.349728e-10 	 1.848253e-10
15 	 155 	 Ex 	 2 	 -5.553319e-10 	 1.881290e-10
15 	 156 	 Ex 	 2 	 -4.653792e-10 	 1.767083e-10
15 	 157 	 Ex 	 2 	 -3.044452e-10 	 1.542039e-10
15 	 158 	 Ex 	 2 	 -1.637123e-10 	 1.266422e-10
15 	 159 	 Ex 	 2 	 -7.308391e-11 	 9.922437e-11
15 	 160 	 Ex 	 2 	 -2.496707e-11 	 7.489338e-11
15 	 161 	 Ex 	 2 	 2.108375e-11 	 1.875148e-11
15 	 162 	 Ex 	 2 	 2.764641e-11 	 2.845719e-11
15 	 163 	 Ex 	 2 	 3.598258e-11 	 4.197860e-11
15 	 164 	 Ex 	 2 	 4.474666e-11 	 6.051727e-11
15 	 165 	 Ex 	 2 	 4.877945e-11 	 8.541996e-11
15 	 166 	 Ex 	 2 	 3.374209e-11 	 1.179514e-10
15 	 167 	 Ex 	 2 	 -3.313634e-11 	 1.586122e-10
15 	 168 	 Ex 	 2 	 -2.077431e-10 	 2.055082e-10
15 	 169 	 Ex 	 2 	 -5.275700e-10 	 2.519640e-10
15 	 170 	 Ex 	 2 	 -8.785968e-10 	 2.853677e-10
15 	 171 	 Ex 	 2 	 -9.500654e-10 	 2.920909e-10
15 	 172 	 Ex 	 2 	 -6.954181e-10 	 2.692584e-10
15 	 173 	 Ex 	 2 	 -3.334719e-10 	 2.267178e-10
15 	 174 	 Ex 	 2 	 -9.391128e-11 	 1.787632e-10
15 	 175 	 Ex 	 2 	 1.303227e-11 	 1.348007e-10
15 	 176 	 Ex 	 2 	 4.549298e-11 	 9.853329e-11
15 	 177 	 Ex 	 2 	 3.455083e-11 	 2.203131e-11
15 	 178 	 Ex 	 2 	 4.926648e-11 	 3.369609e-11
15 	 179 	 Ex 	 2 	 7.142263e-11 	 5.031298e-11
15 	 180 	 Ex 	 2 	 1.038215e-10 	 7.382348e-11
15 	 181 	 Ex 	 2 	 1.476253e-10 	 1.067961e-10
15 	 182 	 Ex 	 2 	 1.946702e-10 	 1.524623e-10
15 	 183 	 Ex 	 2 	 2.023378e-10 	 2.143462e-10
15 	 184 	 Ex 	 2 	 3.164425e-11 	 2.937603e-10
15 	 185 	 Ex 	 2 	 -5.937564e-10 	 3.833558e-10
15 	 186 	 Ex 	 2 	 -1.651185e-09 	 4.564878e-10
15 	 187 	 Ex 	 2 	 -1.948583e-09 	 4.724459e-10
15 	 188 	 Ex 	 2 	 -1.052166e-09 	 4.202300e-10
15 	 189 	 Ex 	 2 	 -1.732540e-10 	 3.331894e-10
15 	 190 	 Ex 	 2 	 1.622006e-10 	 2.473452e-10
15 	 191 	 Ex 	 2 	 2.076871e-10 	 1.774988e-10
15 	 192 	 Ex 	 2 	 1.689831e-10 	 1.249121e-10
15 	 193 	 Ex 	 2 	 4.721151e-11 	 2.479328e-11
15 	 194 	 Ex 	 2 	 7.068477e-11 	 3.820102e-11
15 	 195 	 Ex 	 2 	 1.090194e-10 	 5.768367e-11
15 	 196 	 Ex 	 2 	 1.724935e-10 	 8.600150e-11
15 	 197 	 Ex 	 2 	 2.783897e-10 	 1.273114e-10
15 	 198 	 Ex 	 2 	 4.525014e-10 	 1.879901e-10
15 	 199 	 Ex 	 2 	 7.125026e-10 	 2.776856e-10
15 	 200 	 Ex 	 2 	 9.332682e-10 	 4.096280e-10
15 	 201 	 Ex 	 2 	 1.982571e-10 	 5.918079e-10
15 	 202 	 Ex 	 2 	 -3.651155e-09 	 7.820440e-10
15 	 203 	 Ex 	 2 	 -5.468652e-09 	 8.309724e-10
15 	 204 	 Ex 	 2 	 -1.073486e-09 	 6.819068e-10
15 	 205 	 Ex 	 2 	 8.421272e-10 	 4.846800e-10
15 	 206 	 Ex 	 2 	 8.378262e-10 	 3.300614e-10
15 	 207 	 Ex 	 2 	 5.579731e-10 	 2.232478e-10
15 	 208 	 Ex 	 2 	 3.451682e-10 	 1.509645e-10
15 	 209 	 Ex 	 2 	 5.663734e-11 	 2.671019e-11
15 	 210 	 Ex 	 2 	 8.727506e-11 	 4.136732e-11
15 	 211 	 Ex 	 2 	 1.397141e-10 	 6.296329e-11
15 	 212 	 Ex 	 2 	 2.328271e-10 	 9.498011e-11
15 	 213 	 Ex 	 2 	 4.061575e-10 	 1.431086e-10
15 	 214 	 Ex 	 2 	 7.493067e-10 	 2.171722e-10
15 	 215 	 Ex 	 2 	 1.483250e-09 	 3.355440e-10
15 	 216 	 Ex 	 2 	 3.170479e-09 	 5.359881e-10
15 	 217 	 Ex 	 2 	 6.518337e-09 	 9.008682e-10
15 	 218 	 Ex 	 2 	 -4.532608e-09 	 1.533355e-09
15 	 219 	 Ex 	 2 	 -2.810897e-08 	 1.789250e-09
15 	 220 	 Ex 	 2 	 6.841359e-09 	 1.150468e-09
15 	 221 	 Ex 	 2 	 4.486602e-09 	 6.703232e-10
15 	 222 	 Ex 	 2 	 2.061164e-09 	 4.108149e-10
15 	 223 	 Ex 	 2 	 1.004954e-09 	 2.623721e-10
15 	 224 	 Ex 	 2 	 5.286439e-10 	 1.715443e-10
15 	 225 	 Ex 	 2 	 6.047284e-11 	 2.750085e-11
15 	 226 	 Ex 	 2 	 9.435916e-11 	 4.270280e-11
15 	 227 	 Ex 	 2 	 1.534619e-10 	 6.522298e-11
15 	 228 	 Ex 	 2 	 2.613682e-10 	 9.889355e-11
15 	 229 	 Ex 	 2 	 4.712216e-10 	 1.501973e-10
15 	 230 	 Ex 	 2 	 9.181471e-10 	 2.308660e-10
15 	 231 	 Ex 	 2 	 2.012472e-09 	 3.648993e-10
15 	 232 	 Ex 	 2 	 5.388221e-09 	 6.107883e-10
15 	 233 	 Ex 	 2 	 2.144314e-08 	 1.160619e-09
15 	 234 	 Ex 	 2 	 4.458121e-08 	 3.179342e-09
15 	 235 	 Ex 	 2 	 6.859987e-07 	 9.604235e-09
15 	 236 	 Ex 	 2 	 5.107110e-08 	 1.684857e-09
15 	 237 	 Ex 	 2 	 9.304825e-09 	 7.939297e-10
15 	 238 	 Ex 	 2 	 3.023205e-09 	 4.540797e-10
15 	 239 	 Ex 	 2 	 1.279937e-09 	 2.812677e-10
15 	 240 	 Ex 	 2 	 6.273759e-10 	 1.809398e-10
15 	 241 	 Ex 	 2 	 5.803282e-11 	 2.706589e-11
15 	 242 	 Ex 	 2 	 9.013571e-11 	 4.197359e-11
15 	 243 	 Ex 	 2 	 1.456959e-10 	 6.400888e-11
15 	 244 	 Ex 	 2 	 2.458288e-10 	 9.681525e-11
15 	 245 	 Ex 	 2 	 4.364842e-10 	 1.464611e-10
15 	 246 	 Ex 	 2 	 8.281493e-10 	 2.236902e-10
15 	 247 	 Ex 	 2 	 1.724474e-09 	 3.494489e-10
15 	 248 	 Ex 	 2 	 4.110200e-09 	 5.707128e-10
15 	 249 	 Ex 	 2 	 1.152634e-08 	 1.011870e-09
15 	 250 	 Ex 	 2 	 1.121759e-08 	 2.005735e-09
15 	 251 	 Ex 	 2 	 -6.031252e-08 	 2.561245e-09
15 	 252 	 Ex 	 2 	 1.789109e-08 	 1.357323e-09
15 	 253 	 Ex 	 2 	 6.388068e-09 	 7.263350e-10
15 	 254 	 Ex 	 2 	 2.487286e-09 	 4.312185e-10
15 	 255 	 Ex 	 2 	 1.131441e-09 	 2.713520e-10
15 	 256 	 Ex 	 2 	 5.742794e-10 	 1.760104e-10
15 	 1 	 Ey 	 1 	 1.620551e-11 	 -1.929830e-13
15 	 2 	 Ey 	 1 	 1.681118e-11 	 -7.741190e-13
15 	 3 	 Ey 	 1 	 1.724340e-11 	 -4.908471e-13
15 	 4 	 Ey 	 1 	 1.726298e-11 	 -7.943944e-14
15 	 5 	 Ey 	 1 	 1.658609e-11 	 -3.459279e-13
15 	 6 	 Ey 	 1 	 1.525131e-11 	 -2.381737e-13
15 	 7 	 Ey 	 1 	 1.316159e-11 	 6.492372e-15
15 	 8 	 Ey 	 1 	 1.026355e-11 	 1.221812e-13
15 	 9 	 Ey 	 1 	 6.666247e-12 	 1.955114e-13
15 	 10 	 Ey 	 1 	 2.579125e-12 	 3.378025e-13
15 	 11 	 Ey 	 1 	 -1.435055e-12 	 4.747438e-13
15 	 12 	 Ey 	 1 	 -5.983511e-12 	 4.721503e-13
15 	 13 	 Ey 	 1 	 -9.870228e-12 	 4.917524e-13
15 	 14 	 Ey 	 1 	 -1.323159e-11 	 5.785105e-14
15 	 15 	 Ey 	 1 	 -1.581815e-11 	 -1.004195e-13
15 	 16 	 Ey 	 1 	 -1.766170e-11 	 -4.478908e-13
15 	 17 	 Ey 	 1 	 1.905232e-11 	 -1.349766e-12
15 	 18 	 Ey 	 1 	 2.051238e-11 	 1.895265e-13
15 	 19 	 Ey 	 1 	 2.139389e-11 	 3.251935e-13
15 	 20 	 Ey 	 1 	 2.170267e-11 	 2.540798e-13
15 	 21 	 Ey 	 1 	 2.117661e-11 	 -2.678262e-13
15 	 22 	 Ey 	 1 	 1.969579e-11 	 -7.744190e-13
15 	 23 	 Ey 	 1 	 1.720819e-11 	 -7.150957e-13
15 	 24 	 Ey 	 1 	 1.360805e-11 	 -4.405612e-13
15 	 25 	 Ey 	 1 	 8.962897e-12 	 -2.572871e-13
15 	 26 	 Ey 	 1 	 3.519988e-12 	 -2.438328e-13
15 	 27 	 Ey 	 1 	 -1.924725e-12 	 -2.996401e-13
15 	 28 	 Ey 	 1 	 -7.941863e-12 	 -2.202640e-13
15 	 29 	 Ey 	 1 	 -1.304537e-11 	 -2.142494e-13
15 	 30 	 Ey 	 1 	 -1.711301e-11 	 4.571140e-13
15 	 31 	 Ey 	 1 	 -2.012285e-11 	 9.039147e-13
15 	 32 	 Ey 	 1 	 -2.202750e-11 	 1.345537e-12
15 	 33 	 Ey 	 1 	 2.301570e-11 	 8.072165e-13
15 	 34 	 Ey 	 1 	 2.474634e-11 	 -9.806466e-14
15 	 35 	 Ey 	 1 	 2.620514e-11 	 -7.417431e-13
15 	 36 	 Ey 	 1 	 2.710017e-11 	 -1.078459e-12
15 	 37 	 Ey 	 1 	 2.726267e-11 	 -1.620542e-13
15 	 38 	 Ey 	 1 	 2.607271e-11 	 3.785433e-13
15 	 39 	 Ey 	 1 	 2.318960e-11 	 2.209425e-13
15 	 40 	 Ey 	 1 	 1.857405e-11 	 -6.786095e-14
15 	 41 	 Ey 	 1 	 1.238739e-11 	 -2.519247e-13
15 	 42 	 Ey 	 1 	 5.014158e-12 	 -3.093781e-13
15 	 43 	 Ey 	 1 	 -2.429476e-12 	 -2.393805e-13
15 	 44 	 Ey 	 1 	 -1.059382e-11 	 -1.625052e-13
15 	 45 	 Ey 	 1 	 -1.735880e-11 	 7.985317e-15
15 	 46 	 Ey 	 1 	 -2.273243e-11 	 -7.280916e-14
15 	 47 	 Ey 	 1 	 -2.646223e-11 	 -2.071845e-13
15 	 48 	 Ey 	 1 	 -2.853649e-11 	 -2.324512e-13
15 	 49 	 Ey 	 1 	 2.703635e-11 	 1.181613e-14
15 	 50 	 Ey 	 1 	 2.983508e-11 	 -5.982230e-13
15 	 51 	 Ey 	 1 	 3.250458e-11 	 -3.881956e-13
15 	 52 	 Ey 	 1 	 3.462473e-11 	 2.966846e-13
15 	 53 	 Ey 	 1 	 3.543309e-11 	 -3.662086e-14
15 	 54 	 Ey 	 1 	 3.457068e-11 	 -9.897719e-14
15 	 55 	 Ey 	 1 	 3.149913e-11 	 1.245954e-13
15 	 56 	 Ey 	 1 	 2.582394e-11 	 2.592031e-13
15 	 57 	 Ey 	 1 	 1.760882e-11 	 3.357391e-13
15 	 58 	 Ey 	 1 	 7.435366e-12 	 4.566439e-13
15 	 59 	 Ey 	 1 	 -3.074401e-12 	 4.896128e-13
15 	 60 	 Ey 	 1 	 -1.444634e-11 	 3.872069e-13
15 	 61 	 Ey 	 1 	 -2.371391e-11 	 2.530473e-13
15 	 62 	 Ey 	 1 	 -3.072917e-11 	 -2.043428e-13
15 	 63 	 Ey 	 1 	 -3.507543e-11 	 -2.911518e-13
15 	 64 	 Ey 	 1 	 -3.703731e-11 	 -4.469977e-13
15 	 65 	 Ey 	 1 	 3.159360e-11 	 -1.100063e-12
15 	 66 	 Ey 	 1 	 3.605958e-11 	 -6.454285e-14
15 	 67 	 Ey 	 1 	 4.042449e-11 	 5.959196e-13
15 	 68 	 Ey 	 1 	 4.409612e-11 	 2.766551e-13
15 	 69 	 Ey 	 1 	 4.650123e-11 	 1.294602e-13
15 	 70 	 Ey 	 1 	 4.662224e-11 	 -3.422146e-13
15 	 71 	 Ey 	 1 	 4.354726e-11 	 -5.742493e-13
15 	 72 	 Ey 	 1 	 3.652930e-11 	 -4.157097e-13
15 	 73 	 Ey 	 1 	 2.541055e-11 	 -1.966841e-13
15 	 74 	 Ey 	 1 	 1.092383e-11 	 -6.840873e-14
15 	 75 	 Ey 	 1 	 -4.401101e-12 	 -6.259643e-14
15 	 76 	 Ey 	 1 	 -2.063615e-11 	 -1.107036e-15
15 	 77 	 Ey 	 1 	 -3.347304e-11 	 5.910098e-14
15 	 78 	 Ey 	 1 	 -4.239367e-11 	 4.438901e-13
15 	 79 	 Ey 	 1 	 -4.724882e-11 	 4.887419e-13
15 	 80 	 Ey 	 1 	 -4.853104e-11 	 3.904462e-13
15 	 81 	 Ey 	 1 	 3.704439e-11 	 2.003076e-13
15 	 82 	 Ey 	 1 	 4.325469e-11 	 2.691474e-13
15 	 83 	 Ey 	 1 	 4.984839e-11 	 6.466971e-14
15 	 84 	 Ey 	 1 	 5.624575e-11 	 -1.452044e-13
15 	 85 	 Ey 	 1 	 6.139667e-11 	 -5.222706e-13
15 	 86 	 Ey 	 1 	 6.392944e-11 	 -1.995699e-13
15 	 87 	 Ey 	 1 	 6.187158e-11 	 1.448307e-13
15 	 88 	 Ey 	 1 	 5.348628e-11 	 8.616215e-14
15 	 89 	 Ey 	 1 	 3.807693e-11 	 -1.327468e-13
15 	 90 	 Ey 	 1 	 1.673917e-11 	 -3.774560e-13
15 	 91 	 Ey 	 1 	 -6.480527e-12 	 -4.635225e-13
15 	 92 	 Ey 	 1 	 -3.061862e-11 	 -4.677604e-13
15 	 93 	 Ey 	 1 	 -4.892509e-11 	 -4.687204e-13
15 	 94 	 Ey 	 1 	 -6.044377e-11 	 -1.993172e-13
15 	 95 	 Ey 	 1 	 -6.522410e-11 	 1.446470e-13
15 	 96 	 Ey 	 1 	 -6.460277e-11 	 7.352766e-13
15 	 97 	 Ey 	 1 	 4.266029e-11 	 7.289936e-13
15 	 98 	 Ey 	 1 	 5.128398e-11 	 2.989021e-13
15 	 99 	 Ey 	 1 	 6.112729e-11 	 -4.401880e-13
15 	 100 	 Ey 	 1 	 7.171911e-11 	 -7.450155e-13
15 	 101 	 Ey 	 1 	 8.190233e-11 	 1.320329e-13
15 	 102 	 Ey 	 1 	 8.907326e-11 	 6.549993e-13
15 	 103 	 Ey 	 1 	 8.989801e-11 	 5.431214e-13
15 	 104 	 Ey 	 1 	 8.079721e-11 	 3.500948e-13
15 	 105 	 Ey 	 1 	 5.945627e-11 	 1.990145e-13
15 	 106 	 Ey 	 1 	 2.689492e-11 	 4.386556e-14
15 	 107 	 Ey 	 1 	 -9.972455e-12 	 -5.217917e-14
15 	 108 	 Ey 	 1 	 -4.742263e-11 	 -1.993631e-13
15 	 109 	 Ey 	 1 	 -7.416903e-11 	 -1.782837e-13
15 	 110 	 Ey 	 1 	 -8.867890e-11 	 -4.411983e-13
15 	 111 	 Ey 	 1 	 -9.197315e-11 	 -6.410939e-13
15 	 112 	 Ey 	 1 	 -8.738169e-11 	 -7.643039e-13
15 	 113 	 Ey 	 1 	 4.794259e-11 	 1.507836e-13
15 	 114 	 Ey 	 1 	 5.972436e-11 	 -1.645422e-14
15 	 115 	 Ey 	 1 	 7.414359e-11 	 -3.709046e-13
15 	 116 	 Ey 	 1 	 9.122277e-11 	 4.935004e-13
15 	 117 	 Ey 	 1 	 1.093280e-10 	 6.293044e-13
15 	 118 	 Ey 	 1 	 1.253657e-10 	 4.027696e-13
15 	 119 	 Ey 	 1 	 1.338086e-10 	 5.618671e-13
15 	 120 	 Ey 	 1 	 1.267755e-10 	 7.192892e-13
15 	 121 	 Ey 	 1 	 9.746098e-11 	 6.976460e-13
15 	 122 	 Ey 	 1 	 4.555667e-11 	 5.436943e-13
15 	 123 	 Ey 	 1 	 -1.660969e-11 	 2.339194e-13
15 	 124 	 Ey 	 1 	 -7.796431e-11 	 -1.373468e-13
15 	 125 	 Ey 	 1 	 -1.179671e-10 	 -4.312974e-13
15 	 126 	 Ey 	 1 	 -1.344542e-10 	 -7.367643e-13
15 	 127 	 Ey 	 1 	 -1.320192e-10 	 -6.943727e-13
15 	 128 	 Ey 	 1 	 -1.186672e-10 	 -8.082307e-13
15 	 129 	 Ey 	 1 	 5.243011e-11 	 7.412078e-14
15 	 130 	 Ey 	 1 	 6.766609e-11 	 -4.762474e-13
15 	 131 	 Ey 	 1 	 8.801542e-11 	 5.615998e-13
15 	 132 	 Ey 	 1 	 1.138509e-10 	 8.378313e-13
15 	 133 	 Ey 	 1 	 1.447801e-10 	 5.939952e-13
15 	 134 	 Ey 	 1 	 1.777941e-10 	 7.796256e-13
15 	 135 	 Ey 	 1 	 2.040386e-10 	 7.864848e-13
15 	 136 	 Ey 	 1 	 2.076538e-10 	 7.083969e-13
15 	 137 	 Ey 	 1 	 1.697081e-10 	 5.406453e-13
15 	 138 	 Ey 	 1 	 8.267301e-11 	 3.203636e-13
15 	 139 	 Ey 	 1 	 -3.040783e-11 	 -4.656839e-14
15 	 140 	 Ey 	 1 	 -1.377940e-10 	 -4.084293e-13
15 	 141 	 Ey 	 1 	 -1.980996e-10 	 -7.052580e-13
15 	 142 	 Ey 	 1 	 -2.109172e-10 	 -8.494551e-13
15 	 143 	 Ey 	 1 	 -1.924797e-10 	 -8.428820e-13
15 	 144 	 Ey 	 1 	 -1.611225e-10 	 -6.400247e-13
15 	 145 	 Ey 	 1 	 5.495700e-11 	 -3.664665e-13
15 	 146 	 Ey 	 1 	 7.380500e-11 	 3.510387e-14
15 	 147 	 Ey 	 1 	 1.004775e-10 	 8.514424e-13
15 	 148 	 Ey 	 1 	 1.375187e-10 	 7.473281e-13
15 	 149 	 Ey 	 1 	 1.876999e-10 	 9.375823e-13
15 	 150 	 Ey 	 1 	 2.506182e-10 	 9.447030e-13
15 	 151 	 Ey 	 1 	 3.165476e-10 	 8.695121e-13
15 	 152 	 Ey 	 1 	 3.565944e-10 	 1.051254e-12
15 	 153 	 Ey 	 1 	 3.196294e-10 	 1.062260e-12
15 	 154 	 Ey 	 1 	 1.658378e-10 	 5.225200e-13
15 	 155 	 Ey 	 1 	 -6.219490e-11 	 -2.971631e-13
15 	 156 	 Ey 	 1 	 -2.670063e-10 	 -1.020031e-12
15 	 157 	 Ey 	 1 	 -3.541776e-10 	 -1.254369e-12
15 	 158 	 Ey 	 1 	 -3.414320e-10 	 -1.005096e-12
15 	 159 	 Ey 	 1 	 -2.820233e-10 	 -9.374257e-13
15 	 160 	 Ey 	 1 	 -2.157875e-10 	 -8.728990e-13
15 	 161 	 Ey 	 1 	 5.442775e-11 	 -1.692866e-13
15 	 162 	 Ey 	 1 	 7.581430e-11 	 5.822513e-13
15 	 163 	 Ey 	 1 	 1.079495e-10 	 5.357356e-13
15 	 164 	 Ey 	 1 	 1.570974e-10 	 7.243015e-13
15 	 165 	 Ey 	 1 	 2.320525e-10 	 1.028966e-12
15 	 166 	 Ey 	 1 	 3.427744e-10 	 1.098836e-12
15 	 167 	 Ey 	 1 	 4.910580e-10 	 1.672161e-12
15 	 168 	 Ey 	 1 	 6.398295e-10 	 2.399459e-12
15 	 169 	 Ey 	 1 	 6.632306e-10 	 2.615220e-12
15 	 170 	 Ey 	 1 	 3.826859e-10 	 1.391746e-12
15 	 171 	 Ey 	 1 	 -1.487373e-10 	 -9.507745e-13
15 	 172 	 Ey 	 1 	 -5.839336e-10 	 -2.690347e-12
15 	 173 	 Ey 	 1 	 -6.780785e-10 	 -2.902833e-12
15 	 174 	 Ey 	 1 	 -5.631657e-10 	 -2.034495e-12
15 	 175 	 Ey 	 1 	 -4.060055e-10 	 -1.232951e-12
15 	 176 	 Ey 	 1 	 -2.776412e-10 	 -9.107653e-13
15 	 177 	 Ey 	 1 	 4.947250e-11 	 3.485290e-14
15 	 178 	 Ey 	 1 	 7.108148e-11 	 6.020891e-13
15 	 179 	 Ey 	 1 	 1.057205e-10 	 6.374199e-13
15 	 180 	 Ey 	 1 	 1.633609e-10 	 9.358527e-13
15 	 181 	 Ey 	 1 	 2.620866e-10 	 9.995027e-13
15 	 182 	 Ey 	 1 	 4.344126e-10 	 1.510707e-12
15 	 183 	 Ey 	 1 	 7.290856e-10 	 2.935321e-12
15 	 184 	 Ey 	 1 	 1.169856e-09 	 5.007375e-12
15 	 185 	 Ey 	 1 	 1.543468e-09 	 6.678596e-12
15 	 186 	 Ey 	 1 	 1.088146e-09 	 4.607507e-12
15 	 187 	 Ey 	 1 	 -4.496052e-10 	 -2.052286e-12
15 	 188 	 Ey 	 1 	 -1.501251e-09 	 -6.608128e-12
15 	 189 	 Ey 	 1 	 -1.377013e-09 	 -6.085441e-12
15 	 190 	 Ey 	 1 	 -9.107970e-10 	 -3.849899e-12
15 	 191 	 Ey 	 1 	 -5.482092e-10 	 -2.036913e-12
15 	 192 	 Ey 	 1 	 -3.281115e-10 	 -9.519113e-13
15 	 193 	 Ey 	 1 	 3.943308e-11 	 4.654283e-13
15 	 194 	 Ey 	 1 	 5.780715e-11 	 5.208903e-13
15 	 195 	 Ey 	 1 	 8.892767e-11 	 4.733664e-13
15 	 196 	 Ey 	 1 	 1.446281e-10 	 6.848971e-13
15 	 197 	 Ey 	 1 	 2.505772e-10 	 8.992430e-13
15 	 198 	 Ey 	 1 	 4.668028e-10 	 1.938141e-12
15 	 199 	 Ey 	 1 	 9.384437e-10 	 4.196909e-12
15 	 200 	 Ey 	 1 	 1.994147e-09 	 8.661566e-12
15 	 201 	 Ey 	 1 	 3.960781e-09 	 1.686600e-11
15 	 202 	 Ey 	 1 	 4.321081e-09 	 1.806940e-11
15 	 203 	 Ey 	 1 	 -2.036425e-09 	 -8.690026e-12
15 	 204 	 Ey 	 1 	 -4.736747e-09 	 -2.015690e-11
15 	 205 	 Ey 	 1 	 -2.771892e-09 	 -1.215319e-11
15 	 206 	 Ey 	 1 	 -1.308129e-09 	 -5.834136e-12
15 	 207 	 Ey 	 1 	 -6.317578e-10 	 -2.757769e-12
15 	 208 	 Ey 	 1 	 -3.283005e-10 	 -1.349045e-12
15 	 209 	 Ey 	 1 	 2.454732e-11 	 4.072360e-13
15 	 210 	 Ey 	 1 	 3.596139e-11 	 4.214847e-13
15 	 211 	 Ey 	 1 	 5.604037e-11 	 5.512353e-13
15 	 212 	 Ey 	 1 	 9.381407e-11 	 6.621992e-13
15 	 213 	 Ey 	 1 	 1.714590e-10 	 8.435428e-13
15 	 214 	 Ey 	 1 	 3.503224e-10 	 1.654709e-12
15 	 215 	 Ey 	 1 	 8.295745e-10 	 3.783693e-12
15 	 216 	 Ey 	 1 	 2.400889e-09 	 1.033699e-11
15 	 217 	 Ey 	 1 	 8.901721e-09 	 3.731945e-11
15 	 218 	 Ey 	 1 	 2.989393e-08 	 1.232643e-10
15 	 219 	 Ey 	 1 	 -2.151987e-08 	 -8.867428e-11
15 	 220 	 Ey 	 1 	 -1.666887e-08 	 -6.953039e-11
15 	 221 	 Ey 	 1 	 -4.170234e-09 	 -1.794126e-11
15 	 222 	 Ey 	 1 	 -1.293322e-09 	 -5.788124e-12
15 	 223 	 Ey 	 1 	 -5.037458e-10 	 -2.312738e-12
15 	 224 	 Ey 	 1 	 -2.325297e-10 	 -9.551211e-13
15 	 225 	 Ey 	 1 	 1.468154e-11 	 3.758614e-13
15 	 226 	 Ey 	 1 	 1.849568e-11 	 4.686196e-13
15 	 227 	 Ey 	 1 	 2.454687e-11 	 5.682306e-13
15 	 228 	 Ey 	 1 	 3.492280e-11 	 5.889332e-13
15 	 229 	 Ey 	 1 	 5.478735e-11 	 5.698462e-13
15 	 230 	 Ey 	 1 	 9.852467e-11 	 6.973911e-13
15 	 231 	 Ey 	 1 	 2.162322e-10 	 1.163976e-12
15 	 232 	 Ey 	 1 	 6.519837e-10 	 3.036412e-12
15 	 233 	 Ey 	 1 	 3.534912e-09 	 1.497603e-11
15 	 234 	 Ey 	 1 	 6.913289e-08 	 2.836668e-10
15 	 235 	 Ey 	 1 	 -2.771615e-06 	 -1.112891e-08
15 	 236 	 Ey 	 1 	 -9.853180e-09 	 -4.064853e-11
15 	 237 	 Ey 	 1 	 -1.000023e-09 	 -4.389940e-12
15 	 238 	 Ey 	 1 	 -2.136263e-10 	 -1.230341e-12
15 	 239 	 Ey 	 1 	 -6.355200e-11 	 -6.014136e-13
15 	 240 	 Ey 	 1 	 -2.240464e-11 	 -4.479343e-13
15 	 241 	 Ey 	 1 	 -1.192984e-11 	 5.417537e-13
15 	 242 	 Ey 	 1 	 -2.038624e-11 	 4.620959e-13
15 	 243 	 Ey 	 1 	 -3.544830e-11 	 2.699641e-13
15 	 244 	 Ey 	 1 	 -6.408246e-11 	 2.085761e-13
15 	 245 	 Ey 	 1 	 -1.237816e-10 	 7.328972e-14
15 	 246 	 Ey 	 1 	 -2.646501e-10 	 -5.850365e-13
15 	 247 	 Ey 	 1 	 -6.597206e-10 	 -2.447475e-12
15 	 248 	 Ey 	 1 	 -2.087180e-09 	 -8.630776e-12
15 	 249 	 Ey 	 1 	 -9.635542e-09 	 -4.003380e-11
15 	 250 	 Ey 	 1 	 -6.594545e-08 	 -2.697757e-10
15 	 251 	 Ey 	 1 	 5.322771e-08 	 2.191273e-10
15 	 252 	 Ey 	 1 	 2.230333e-08 	 9.214948e-11
15 	 253 	 Ey 	 1 	 3.885729e-09 	 1.621034e-11
15 	 254 	 Ey 	 1 	 1.059113e-09 	 4.218245e-12
15 	 255 	 Ey 	 1 	 3.866332e-10 	 1.181016e-12
15 	 256 	 Ey 	 1 	 1.698079e-10 	 4.207998e-14
15 	 1 	 Ey 	 2 	 1.647930e-11 	 2.210064e-13
15 	 2 	 Ey 	 2 	 1.724927e-11 	 1.438862e-13
15 	 3 	 Ey 	 2 	 1.770252e-11 	 7.841498e-14
15 	 4 	 Ey 	 2 	 1.769298e-11 	 2.130968e-14
15 	 5 	 Ey 	 2 	 1.707229e-11 	 -3.091898e-14
15 	 6 	 Ey 	 2 	 1.572883e-11 	 -7.681635e-14
15 	 7 	 Ey 	 2 	 1.358631e-11 	 -1.175843e-13
15 	 8 	 Ey 	 2 	 1.064448e-11 	 -1.560242e-13
15 	 9 	 Ey 	 2 	 7.000206e-12 	 -1.937811e-13
15 	 10 	 Ey 	 2 	 2.848958e-12 	 -2.327393e-13
15 	 11 	 Ey 	 2 	 -1.232854e-12 	 -2.744225e-13
15 	 12 	 Ey 	 2 	 -5.834307e-12 	 -3.206950e-13
15 	 13 	 Ey 	 2 	 -9.763153e-12 	 -3.744773e-13
15 	 14 	 Ey 	 2 	 -1.308786e-11 	 -4.377110e-13
15 	 15 	 Ey 	 2 	 -1.566223e-11 	 -5.096025e-13
15 	 16 	 Ey 	 2 	 -1.745029e-11 	 -5.919527e-13
15 	 17 	 Ey 	 2 	 1.948943e-11 	 2.850865e-13
15 	 18 	 Ey 	 2 	 2.077187e-11 	 2.097467e-13
15 	 19 	 Ey 	 2 	 2.169095e-11 	 1.371693e-13
15 	 20 	 Ey 	 2 	 2.205546e-11 	 7.148585e-14
15 	 21 	 Ey 	 2 	 2.164553e-11 	 1.029519e-14
15 	 22 	 Ey 	 2 	 2.025947e-11 	 -4.518335e-14
15 	 23 	 Ey 	 2 	 1.775426e-11 	 -9.456493e-14
15 	 24 	 Ey 	 2 	 1.408814e-11 	 -1.417132e-13
15 	 25 	 Ey 	 2 	 9.372585e-12 	 -1.886401e-13
15 	 26 	 Ey 	 2 	 3.882473e-12 	 -2.386454e-13
15 	 27 	 Ey 	 2 	 -1.591124e-12 	 -2.935293e-13
15 	 28 	 Ey 	 2 	 -7.675908e-12 	 -3.513701e-13
15 	 29 	 Ey 	 2 	 -1.281346e-11 	 -4.182799e-13
15 	 30 	 Ey 	 2 	 -1.701994e-11 	 -4.892066e-13
15 	 31 	 Ey 	 2 	 -2.011878e-11 	 -5.714728e-13
15 	 32 	 Ey 	 2 	 -2.208638e-11 	 -6.647817e-13
15 	 33 	 Ey 	 2 	 2.306857e-11 	 3.571175e-13
15 	 34 	 Ey 	 2 	 2.504074e-11 	 2.642546e-13
15 	 35 	 Ey 	 2 	 2.667204e-11 	 1.828030e-13
15 	 36 	 Ey 	 2 	 2.767849e-11 	 1.109689e-13
15 	 37 	 Ey 	 2 	 2.772984e-11 	 4.968982e-14
15 	 38 	 Ey 	 2 	 2.646806e-11 	 -7.489596e-15
15 	 39 	 Ey 	 2 	 2.360372e-11 	 -6.521458e-14
15 	 40 	 Ey 	 2 	 1.901464e-11 	 -1.223784e-13
15 	 41 	 Ey 	 2 	 1.281516e-11 	 -1.802532e-13
15 	 42 	 Ey 	 2 	 5.403134e-12 	 -2.411770e-13
15 	 43 	 Ey 	 2 	 -2.103272e-12 	 -3.060467e-13
15 	 44 	 Ey 	 2 	 -1.033085e-11 	 -3.767712e-13
15 	 45 	 Ey 	 2 	 -1.716740e-11 	 -4.528208e-13
15 	 46 	 Ey 	 2 	 -2.256194e-11 	 -5.391310e-13
15 	 47 	 Ey 	 2 	 -2.627563e-11 	 -6.372030e-13
15 	 48 	 Ey 	 2 	 -2.833894e-11 	 -7.451134e-13
15 	 49 	 Ey 	 2 	 2.720391e-11 	 4.099520e-13
15 	 50 	 Ey 	 2 	 3.019264e-11 	 3.155303e-13
15 	 51 	 Ey 	 2 	 3.292261e-11 	 2.331032e-13
15 	 52 	 Ey 	 2 	 3.499949e-11 	 1.602646e-13
15 	 53 	 Ey 	 2 	 3.590385e-11 	 9.081512e-14
15 	 54 	 Ey 	 2 	 3.506727e-11 	 2.688531e-14
15 	 55 	 Ey 	 2 	 3.195165e-11 	 -3.467449e-14
15 	 56 	 Ey 	 2 	 2.622592e-11 	 -9.751474e-14
15 	 57 	 Ey 	 2 	 1.795414e-11 	 -1.635952e-13
15 	 58 	 Ey 	 2 	 7.707220e-12 	 -2.355280e-13
15 	 59 	 Ey 	 2 	 -2.874102e-12 	 -3.126685e-13
15 	 60 	 Ey 	 2 	 -1.429042e-11 	 -3.967318e-13
15 	 61 	 Ey 	 2 	 -2.358312e-11 	 -4.876208e-13
15 	 62 	 Ey 	 2 	 -3.054938e-11 	 -5.880476e-13
15 	 63 	 Ey 	 2 	 -3.489868e-11 	 -6.941237e-13
15 	 64 	 Ey 	 2 	 -3.682016e-11 	 -8.144186e-13
15 	 65 	 Ey 	 2 	 3.192704e-11 	 4.616899e-13
15 	 66 	 Ey 	 2 	 3.633914e-11 	 3.697636e-13
15 	 67 	 Ey 	 2 	 4.069866e-11 	 2.861411e-13
15 	 68 	 Ey 	 2 	 4.449111e-11 	 2.096170e-13
15 	 69 	 Ey 	 2 	 4.697413e-11 	 1.390885e-13
15 	 70 	 Ey 	 2 	 4.719395e-11 	 7.120029e-14
15 	 71 	 Ey 	 2 	 4.414814e-11 	 3.134083e-15
15 	 72 	 Ey 	 2 	 3.708481e-11 	 -6.772226e-14
15 	 73 	 Ey 	 2 	 2.586919e-11 	 -1.433459e-13
15 	 74 	 Ey 	 2 	 1.129527e-11 	 -2.303312e-13
15 	 75 	 Ey 	 2 	 -4.106602e-12 	 -3.238828e-13
15 	 76 	 Ey 	 2 	 -2.043585e-11 	 -4.219262e-13
15 	 77 	 Ey 	 2 	 -3.334720e-11 	 -5.251086e-13
15 	 78 	 Ey 	 2 	 -4.236242e-11 	 -6.337234e-13
15 	 79 	 Ey 	 2 	 -4.722784e-11 	 -7.501451e-13
15 	 80 	 Ey 	 2 	 -4.847792e-11 	 -8.786140e-13
15 	 81 	 Ey 	 2 	 3.717713e-11 	 5.199608e-13
15 	 82 	 Ey 	 2 	 4.349515e-11 	 4.235469e-13
15 	 83 	 Ey 	 2 	 5.022216e-11 	 3.386503e-13
15 	 84 	 Ey 	 2 	 5.674452e-11 	 2.630735e-13
15 	 85 	 Ey 	 2 	 6.202129e-11 	 1.945666e-13
15 	 86 	 Ey 	 2 	 6.453433e-11 	 1.312935e-13
15 	 87 	 Ey 	 2 	 6.242721e-11 	 6.300926e-14
15 	 88 	 Ey 	 2 	 5.401161e-11 	 -1.438958e-14
15 	 89 	 Ey 	 2 	 3.857168e-11 	 -1.076576e-13
15 	 90 	 Ey 	 2 	 1.716668e-11 	 -2.129957e-13
15 	 91 	 Ey 	 2 	 -6.141232e-12 	 -3.305338e-13
15 	 92 	 Ey 	 2 	 -3.037891e-11 	 -4.519946e-13
15 	 93 	 Ey 	 2 	 -4.876458e-11 	 -5.740087e-13
15 	 94 	 Ey 	 2 	 -6.037526e-11 	 -6.928615e-13
15 	 95 	 Ey 	 2 	 -6.521912e-11 	 -8.158653e-13
15 	 96 	 Ey 	 2 	 -6.467254e-11 	 -9.444576e-13
15 	 97 	 Ey 	 2 	 4.270459e-11 	 5.753603e-13
15 	 98 	 Ey 	 2 	 5.153086e-11 	 4.805172e-13
15 	 99 	 Ey 	 2 	 6.161113e-11 	 3.987781e-13
15 	 100 	 Ey 	 2 	 7.235495e-11 	 3.314657e-13
15 	 101 	 Ey 	 2 	 8.247451e-11 	 2.738338e-13
15 	 102 	 Ey 	 2 	 8.961680e-11 	 2.162519e-13
15 	 103 	 Ey 	 2 	 9.047170e-11 	 1.497229e-13
15 	 104 	 Ey 	 2 	 8.136677e-11 	 6.432823e-14
15 	 105 	 Ey 	 2 	 5.994535e-11 	 -4.303433e-14
15 	 106 	 Ey 	 2 	 2.728688e-11 	 -1.810365e-13
15 	 107 	 Ey 	 2 	 -9.712531e-12 	 -3.340445e-13
15 	 108 	 Ey 	 2 	 -4.729663e-11 	 -4.889632e-13
15 	 109 	 Ey 	 2 	 -7.415332e-11 	 -6.340514e-13
15 	 110 	 Ey 	 2 	 -8.866927e-11 	 -7.703441e-13
15 	 111 	 Ey 	 2 	 -9.193293e-11 	 -8.969261e-13
15 	 112 	 Ey 	 2 	 -8.728183e-11 	 -1.027589e-12
15 	 113 	 Ey 	 2 	 4.807072e-11 	 6.291113e-13
15 	 114 	 Ey 	 2 	 6.001249e-11 	 5.439285e-13
15 	 115 	 Ey 	 2 	 7.463285e-11 	 4.725647e-13
15 	 116 	 Ey 	 2 	 9.169761e-11 	 4.198895e-13
15 	 117 	 Ey 	 2 	 1.098773e-10 	 3.805758e-13
15 	 118 	 Ey 	 2 	 1.260511e-10 	 3.318132e-13
15 	 119 	 Ey 	 2 	 1.345006e-10 	 2.769236e-13
15 	 120 	 Ey 	 2 	 1.274333e-10 	 1.866111e-13
15 	 121 	 Ey 	 2 	 9.799328e-11 	 5.509007e-14
15 	 122 	 Ey 	 2 	 4.590842e-11 	 -1.265612e-13
15 	 123 	 Ey 	 2 	 -1.642551e-11 	 -3.460011e-13
15 	 124 	 Ey 	 2 	 -7.795051e-11 	 -5.568013e-13
15 	 125 	 Ey 	 2 	 -1.180642e-10 	 -7.344616e-13
15 	 126 	 Ey 	 2 	 -1.345620e-10 	 -8.783246e-13
15 	 127 	 Ey 	 2 	 -1.321075e-10 	 -1.001658e-12
15 	 128 	 Ey 	 2 	 -1.186635e-10 	 -1.119180e-12
15 	 129 	 Ey 	 2 	 5.256629e-11 	 6.872478e-13
15 	 130 	 Ey 	 2 	 6.803613e-11 	 6.107381e-13
15 	 131 	 Ey 	 2 	 8.837368e-11 	 5.600338e-13
15 	 132 	 Ey 	 2 	 1.143013e-10 	 5.271546e-13
15 	 133 	 Ey 	 2 	 1.454437e-10 	 4.983213e-13
15 	 134 	 Ey 	 2 	 1.785369e-10 	 5.012413e-13
15 	 135 	 Ey 	 2 	 2.048943e-10 	 4.684753e-13
15 	 136 	 Ey 	 2 	 2.085534e-10 	 3.869422e-13
15 	 137 	 Ey 	 2 	 1.705062e-10 	 2.145130e-13
15 	 138 	 Ey 	 2 	 8.317867e-11 	 -3.868931e-14
15 	 139 	 Ey 	 2 	 -3.023948e-11 	 -3.641456e-13
15 	 140 	 Ey 	 2 	 -1.379629e-10 	 -6.604007e-13
15 	 141 	 Ey 	 2 	 -1.984173e-10 	 -9.023984e-13
15 	 142 	 Ey 	 2 	 -2.112625e-10 	 -1.044558e-12
15 	 143 	 Ey 	 2 	 -1.927533e-10 	 -1.135517e-12
15 	 144 	 Ey 	 2 	 -1.612932e-10 	 -1.221133e-12
15 	 145 	 Ey 	 2 	 5.513802e-11 	 7.480688e-13
15 	 146 	 Ey 	 2 	 7.407909e-11 	 6.882475e-13
15 	 147 	 Ey 	 2 	 1.007784e-10 	 6.528755e-13
15 	 148 	 Ey 	 2 	 1.380260e-10 	 6.424500e-13
15 	 149 	 Ey 	 2 	 1.883965e-10 	 6.567269e-13
15 	 150 	 Ey 	 2 	 2.515346e-10 	 7.076409e-13
15 	 151 	 Ey 	 2 	 3.177542e-10 	 7.245450e-13
15 	 152 	 Ey 	 2 	 3.579061e-10 	 7.085542e-13
15 	 153 	 Ey 	 2 	 3.208080e-10 	 5.218292e-13
15 	 154 	 Ey 	 2 	 1.665882e-10 	 1.121949e-13
15 	 155 	 Ey 	 2 	 -6.213372e-11 	 -3.965183e-13
15 	 156 	 Ey 	 2 	 -2.675284e-10 	 -8.794564e-13
15 	 157 	 Ey 	 2 	 -3.549523e-10 	 -1.175604e-12
15 	 158 	 Ey 	 2 	 -3.421888e-10 	 -1.301606e-12
15 	 159 	 Ey 	 2 	 -2.825530e-10 	 -1.341419e-12
15 	 160 	 Ey 	 2 	 -2.160726e-10 	 -1.363303e-12
15 	 161 	 Ey 	 2 	 5.451431e-11 	 8.175192e-13
15 	 162 	 Ey 	 2 	 7.593790e-11 	 7.722811e-13
15 	 163 	 Ey 	 2 	 1.082587e-10 	 7.506910e-13
15 	 164 	 Ey 	 2 	 1.576008e-10 	 7.683691e-13
15 	 165 	 Ey 	 2 	 2.328015e-10 	 8.363542e-13
15 	 166 	 Ey 	 2 	 3.439317e-10 	 9.395579e-13
15 	 167 	 Ey 	 2 	 4.926628e-10 	 1.102228e-12
15 	 168 	 Ey 	 2 	 6.418591e-10 	 1.206600e-12
15 	 169 	 Ey 	 2 	 6.653490e-10 	 1.054587e-12
15 	 170 	 Ey 	 2 	 3.840102e-10 	 4.612943e-13
15 	 171 	 Ey 	 2 	 -1.488502e-10 	 -5.372210e-13
15 	 172 	 Ey 	 2 	 -5.852738e-10 	 -1.343026e-12
15 	 173 	 Ey 	 2 	 -6.797254e-10 	 -1.664023e-12
15 	 174 	 Ey 	 2 	 -5.644907e-10 	 -1.687663e-12
15 	 175 	 Ey 	 2 	 -4.068861e-10 	 -1.580427e-12
15 	 176 	 Ey 	 2 	 -2.781114e-10 	 -1.489693e-12
15 	 177 	 Ey 	 2 	 4.944207e-11 	 8.913540e-13
15 	 178 	 Ey 	 2 	 7.110382e-11 	 8.581528e-13
15 	 179 	 Ey 	 2 	 1.059149e-10 	 8.503431e-13
15 	 180 	 Ey 	 2 	 1.637535e-10 	 8.868486e-13
15 	 181 	 Ey 	 2 	 2.628470e-10 	 9.932168e-13
15 	 182 	 Ey 	 2 	 4.357199e-10 	 1.202810e-12
15 	 183 	 Ey 	 2 	 7.312166e-10 	 1.556075e-12
15 	 184 	 Ey 	 2 	 1.173232e-09 	 1.995534e-12
15 	 185 	 Ey 	 2 	 1.547894e-09 	 2.218514e-12
15 	 186 	 Ey 	 2 	 1.091370e-09 	 1.318033e-12
15 	 187 	 Ey 	 2 	 -4.506323e-10 	 -8.328893e-13
15 	 188 	 Ey 	 2 	 -1.505156e-09 	 -2.414357e-12
15 	 189 	 Ey 	 2 	 -1.380563e-09 	 -2.565044e-12
15 	 190 	 Ey 	 2 	 -9.130351e-10 	 -2.187441e-12
15 	 191 	 Ey 	 2 	 -5.494121e-10 	 -1.832750e-12
15 	 192 	 Ey 	 2 	 -3.287050e-10 	 -1.601222e-12
15 	 193 	 Ey 	 2 	 3.920651e-11 	 9.752905e-13
15 	 194 	 Ey 	 2 	 5.768485e-11 	 9.489205e-13
15 	 195 	 Ey 	 2 	 8.896998e-11 	 9.421463e-13
15 	 196 	 Ey 	 2 	 1.448753e-10 	 9.742629e-13
15 	 197 	 Ey 	 2 	 2.512158e-10 	 1.072189e-12
15 	 198 	 Ey 	 2 	 4.680493e-10 	 1.341306e-12
15 	 199 	 Ey 	 2 	 9.410128e-10 	 1.891657e-12
15 	 200 	 Ey 	 2 	 1.999741e-09 	 2.941583e-12
15 	 201 	 Ey 	 2 	 3.971967e-09 	 4.542510e-12
15 	 202 	 Ey 	 2 	 4.333392e-09 	 4.059530e-12
15 	 203 	 Ey 	 2 	 -2.041939e-09 	 -2.141035e-12
15 	 204 	 Ey 	 2 	 -4.749742e-09 	 -5.314661e-12
15 	 205 	 Ey 	 2 	 -2.779205e-09 	 -4.119559e-12
15 	 206 	 Ey 	 2 	 -1.311371e-09 	 -2.684248e-12
15 	 207 	 Ey 	 2 	 -6.330885e-10 	 -1.958745e-12
15 	 208 	 Ey 	 2 	 -3.287586e-10 	 -1.630129e-12
15 	 209 	 Ey 	 2 	 2.416676e-11 	 1.073994e-12
15 	 210 	 Ey 	 2 	 3.565941e-11 	 1.050555e-12
15 	 211 	 Ey 	 2 	 5.582198e-11 	 1.033238e-12
15 	 212 	 Ey 	 2 	 9.375221e-11 	 1.031282e-12
15 	 213 	 Ey 	 2 	 1.716778e-10 	 1.079505e-12
15 	 214 	 Ey 	 2 	 3.510929e-10 	 1.245525e-12
15 	 215 	 Ey 	 2 	 8.317121e-10 	 1.759155e-12
15 	 216 	 Ey 	 2 	 2.407545e-09 	 3.215843e-12
15 	 217 	 Ey 	 2 	 8.926731e-09 	 8.037594e-12
15 	 218 	 Ey 	 2 	 2.997817e-08 	 1.852395e-11
15 	 219 	 Ey 	 2 	 -2.158031e-08 	 -1.246424e-11
15 	 220 	 Ey 	 2 	 -1.671541e-08 	 -1.292890e-11
15 	 221 	 Ey 	 2 	 -4.181518e-09 	 -4.998217e-12
15 	 222 	 Ey 	 2 	 -1.296470e-09 	 -2.539535e-12
15 	 223 	 Ey 	 2 	 -5.046359e-10 	 -1.751977e-12
15 	 224 	 Ey 	 2 	 -2.326378e-10 	 -1.500392e-12
15 	 225 	 Ey 	 2 	 1.412487e-11 	 1.211647e-12
15 	 226 	 Ey 	 2 	 1.795555e-11 	 1.194505e-12
15 	 227 	 Ey 	 2 	 2.403913e-11 	 1.159420e-12
15 	 228 	 Ey 	 2 	 3.449895e-11 	 1.104923e-12
15 	 229 	 Ey 	 2 	 5.447702e-11 	 1.040062e-12
15 	 230 	 Ey 	 2 	 9.840451e-11 	 9.795156e-13
15 	 231 	 Ey 	 2 	 2.165453e-10 	 9.488330e-13
15 	 232 	 Ey 	 2 	 6.535822e-10 	 1.228619e-12
15 	 233 	 Ey 	 2 	 3.544750e-09 	 3.115179e-12
15 	 234 	 Ey 	 2 	 6.932774e-08 	 3.575544e-11
15 	 235 	 Ey 	 2 	 -2.779429e-06 	 -5.047791e-10
15 	 236 	 Ey 	 2 	 -9.880667e-09 	 -6.496449e-12
15 	 237 	 Ey 	 2 	 -1.002407e-09 	 -1.607833e-12
15 	 238 	 Ey 	 2 	 -2.136834e-10 	 -1.129888e-12
15 	 239 	 Ey 	 2 	 -6.311106e-11 	 -1.126682e-12
15 	 240 	 Ey 	 2 	 -2.174919e-11 	 -1.228077e-12
15 	 241 	 Ey 	 2 	 -1.278013e-11 	 1.380335e-12
15 	 242 	 Ey 	 2 	 -2.125793e-11 	 1.369571e-12
15 	 243 	 Ey 	 2 	 -3.633372e-11 	 1.316301e-12
15 	 244 	 Ey 	 2 	 -6.502911e-11 	 1.205097e-12
15 	 245 	 Ey 	 2 	 -1.248506e-10 	 9.926208e-13
15 	 246 	 Ey 	 2 	 -2.660175e-10 	 6.267397e-13
15 	 247 	 Ey 	 2 	 -6.620464e-10 	 -8.345408e-14
15 	 248 	 Ey 	 2 	 -2.093356e-09 	 -1.762168e-12
15 	 249 	 Ey 	 2 	 -9.662828e-09 	 -7.503699e-12
15 	 250 	 Ey 	 2 	 -6.613133e-08 	 -3.279042e-11
15 	 251 	 Ey 	 2 	 5.337782e-08 	 3.123758e-11
15 	 252 	 Ey 	 2 	 2.236642e-08 	 1.461751e-11
15 	 253 	 Ey 	 2 	 3.897088e-09 	 3.231283e-12
15 	 254 	 Ey 	 2 	 1.062725e-09 	 4.412693e-13
15 	 255 	 Ey 	 2 	 3.884985e-10 	 -5.534110e-13
15 	 256 	 Ey 	 2 	 1.712053e-10 	 -1.033745e-12
