iTx 	 iRx    chrec  ifreq 	 emf_real 	 emf_imag
14 	 1 	 Ex 	 1 	 -2.444870e-11 	 7.741492e-12
14 	 2 	 Ex 	 1 	 -2.779373e-11 	 7.935511e-12
14 	 3 	 Ex 	 1 	 -3.073917e-11 	 8.667505e-12
14 	 4 	 Ex 	 1 	 -3.310269e-11 	 9.685775e-12
14 	 5 	 Ex 	 1 	 -3.475069e-11 	 1.047414e-11
14 	 6 	 Ex 	 1 	 -3.391993e-11 	 1.082078e-11
14 	 7 	 Ex 	 1 	 -3.539295e-11 	 1.072237e-11
14 	 8 	 Ex 	 1 	 -3.425354e-11 	 1.007095e-11
14 	 9 	 Ex 	 1 	 -3.236931e-11 	 9.118561e-12
14 	 10 	 Ex 	 1 	 -2.982440e-11 	 8.137186e-12
14 	 11 	 Ex 	 1 	 -2.678879e-11 	 7.578425e-12
14 	 12 	 Ex 	 1 	 -2.344660e-11 	 7.842684e-12
14 	 13 	 Ex 	 1 	 -2.003320e-11 	 8.677200e-12
14 	 14 	 Ex 	 1 	 -1.701525e-11 	 8.316466e-12
14 	 15 	 Ex 	 1 	 -1.459497e-11 	 5.971753e-12
14 	 16 	 Ex 	 1 	 -1.229156e-11 	 4.801210e-12
14 	 17 	 Ex 	 1 	 -2.618137e-11 	 1.356912e-11
14 	 18 	 Ex 	 1 	 -3.046515e-11 	 1.412054e-11
14 	 19 	 Ex 	 1 	 -3.471652e-11 	 1.319409e-11
14 	 20 	 Ex 	 1 	 -3.833276e-11 	 1.228109e-11
14 	 21 	 Ex 	 1 	 -4.090172e-11 	 1.153329e-11
14 	 22 	 Ex 	 1 	 -4.024008e-11 	 1.139791e-11
14 	 23 	 Ex 	 1 	 -4.183632e-11 	 1.141453e-11
14 	 24 	 Ex 	 1 	 -4.002338e-11 	 1.183014e-11
14 	 25 	 Ex 	 1 	 -3.703177e-11 	 1.264308e-11
14 	 26 	 Ex 	 1 	 -3.317194e-11 	 1.361700e-11
14 	 27 	 Ex 	 1 	 -2.894030e-11 	 1.399337e-11
14 	 28 	 Ex 	 1 	 -2.488078e-11 	 1.271018e-11
14 	 29 	 Ex 	 1 	 -2.134714e-11 	 9.311408e-12
14 	 30 	 Ex 	 1 	 -1.819842e-11 	 5.647201e-12
14 	 31 	 Ex 	 1 	 -1.474317e-11 	 6.288149e-12
14 	 32 	 Ex 	 1 	 -1.137693e-11 	 9.217634e-12
14 	 33 	 Ex 	 1 	 -2.928964e-11 	 1.208295e-11
14 	 34 	 Ex 	 1 	 -3.488178e-11 	 1.339883e-11
14 	 35 	 Ex 	 1 	 -4.022385e-11 	 1.496527e-11
14 	 36 	 Ex 	 1 	 -4.486411e-11 	 1.605241e-11
14 	 37 	 Ex 	 1 	 -4.821282e-11 	 1.676397e-11
14 	 38 	 Ex 	 1 	 -4.768771e-11 	 1.700549e-11
14 	 39 	 Ex 	 1 	 -4.945918e-11 	 1.692604e-11
14 	 40 	 Ex 	 1 	 -4.700958e-11 	 1.653368e-11
14 	 41 	 Ex 	 1 	 -4.307618e-11 	 1.566499e-11
14 	 42 	 Ex 	 1 	 -3.812726e-11 	 1.434387e-11
14 	 43 	 Ex 	 1 	 -3.272785e-11 	 1.283171e-11
14 	 44 	 Ex 	 1 	 -2.731627e-11 	 1.147805e-11
14 	 45 	 Ex 	 1 	 -2.221840e-11 	 1.066858e-11
14 	 46 	 Ex 	 1 	 -1.756537e-11 	 1.092476e-11
14 	 47 	 Ex 	 1 	 -1.378624e-11 	 1.024956e-11
14 	 48 	 Ex 	 1 	 -1.108929e-11 	 7.257963e-12
14 	 49 	 Ex 	 1 	 -3.189448e-11 	 1.314109e-11
14 	 50 	 Ex 	 1 	 -3.942344e-11 	 1.487432e-11
14 	 51 	 Ex 	 1 	 -4.683938e-11 	 1.732139e-11
14 	 52 	 Ex 	 1 	 -5.346015e-11 	 1.933714e-11
14 	 53 	 Ex 	 1 	 -5.832310e-11 	 2.080153e-11
14 	 54 	 Ex 	 1 	 -5.816523e-11 	 2.135101e-11
14 	 55 	 Ex 	 1 	 -6.008753e-11 	 2.121731e-11
14 	 56 	 Ex 	 1 	 -5.650374e-11 	 2.023881e-11
14 	 57 	 Ex 	 1 	 -5.078796e-11 	 1.854000e-11
14 	 58 	 Ex 	 1 	 -4.376087e-11 	 1.631443e-11
14 	 59 	 Ex 	 1 	 -3.630411e-11 	 1.405027e-11
14 	 60 	 Ex 	 1 	 -2.899473e-11 	 1.284447e-11
14 	 61 	 Ex 	 1 	 -2.220125e-11 	 1.369035e-11
14 	 62 	 Ex 	 1 	 -1.652386e-11 	 1.430439e-11
14 	 63 	 Ex 	 1 	 -1.252235e-11 	 1.142838e-11
14 	 64 	 Ex 	 1 	 -9.671900e-12 	 7.608200e-12
14 	 65 	 Ex 	 1 	 -3.300072e-11 	 1.976388e-11
14 	 66 	 Ex 	 1 	 -4.352264e-11 	 2.051047e-11
14 	 67 	 Ex 	 1 	 -5.459450e-11 	 2.130018e-11
14 	 68 	 Ex 	 1 	 -6.478475e-11 	 2.236462e-11
14 	 69 	 Ex 	 1 	 -7.252041e-11 	 2.308394e-11
14 	 70 	 Ex 	 1 	 -7.325026e-11 	 2.352749e-11
14 	 71 	 Ex 	 1 	 -7.525661e-11 	 2.342249e-11
14 	 72 	 Ex 	 1 	 -6.954711e-11 	 2.281796e-11
14 	 73 	 Ex 	 1 	 -6.054372e-11 	 2.191801e-11
14 	 74 	 Ex 	 1 	 -4.980288e-11 	 2.095159e-11
14 	 75 	 Ex 	 1 	 -3.887310e-11 	 2.026372e-11
14 	 76 	 Ex 	 1 	 -2.895527e-11 	 1.960078e-11
14 	 77 	 Ex 	 1 	 -2.092995e-11 	 1.734226e-11
14 	 78 	 Ex 	 1 	 -1.493418e-11 	 1.345984e-11
14 	 79 	 Ex 	 1 	 -1.035657e-11 	 1.095163e-11
14 	 80 	 Ex 	 1 	 -6.649432e-12 	 1.111273e-11
14 	 81 	 Ex 	 1 	 -3.297140e-11 	 2.451152e-11
14 	 82 	 Ex 	 1 	 -4.726669e-11 	 2.657416e-11
14 	 83 	 Ex 	 1 	 -6.356939e-11 	 2.726231e-11
14 	 84 	 Ex 	 1 	 -7.948105e-11 	 2.785608e-11
14 	 85 	 Ex 	 1 	 -9.199909e-11 	 2.825655e-11
14 	 86 	 Ex 	 1 	 -9.451416e-11 	 2.865199e-11
14 	 87 	 Ex 	 1 	 -9.645676e-11 	 2.853592e-11
14 	 88 	 Ex 	 1 	 -8.706747e-11 	 2.815106e-11
14 	 89 	 Ex 	 1 	 -7.265943e-11 	 2.767900e-11
14 	 90 	 Ex 	 1 	 -5.624454e-11 	 2.715401e-11
14 	 91 	 Ex 	 1 	 -4.062741e-11 	 2.602476e-11
14 	 92 	 Ex 	 1 	 -2.762543e-11 	 2.345790e-11
14 	 93 	 Ex 	 1 	 -1.781595e-11 	 1.953280e-11
14 	 94 	 Ex 	 1 	 -1.091444e-11 	 1.518801e-11
14 	 95 	 Ex 	 1 	 -5.958385e-12 	 1.324703e-11
14 	 96 	 Ex 	 1 	 -2.285275e-12 	 1.429295e-11
14 	 97 	 Ex 	 1 	 -3.021383e-11 	 2.668499e-11
14 	 98 	 Ex 	 1 	 -4.979582e-11 	 3.004312e-11
14 	 99 	 Ex 	 1 	 -7.374999e-11 	 3.337282e-11
14 	 100 	 Ex 	 1 	 -9.891656e-11 	 3.613257e-11
14 	 101 	 Ex 	 1 	 -1.198558e-10 	 3.804077e-11
14 	 102 	 Ex 	 1 	 -1.260410e-10 	 3.889526e-11
14 	 103 	 Ex 	 1 	 -1.275079e-10 	 3.865977e-11
14 	 104 	 Ex 	 1 	 -1.114544e-10 	 3.743625e-11
14 	 105 	 Ex 	 1 	 -8.783839e-11 	 3.515820e-11
14 	 106 	 Ex 	 1 	 -6.261950e-11 	 3.219123e-11
14 	 107 	 Ex 	 1 	 -4.035139e-11 	 2.887667e-11
14 	 108 	 Ex 	 1 	 -2.313986e-11 	 2.544178e-11
14 	 109 	 Ex 	 1 	 -1.116315e-11 	 2.194688e-11
14 	 110 	 Ex 	 1 	 -3.306966e-12 	 1.993409e-11
14 	 111 	 Ex 	 1 	 1.295675e-12 	 1.807876e-11
14 	 112 	 Ex 	 1 	 3.352989e-12 	 1.417117e-11
14 	 113 	 Ex 	 1 	 -2.081760e-11 	 2.996113e-11
14 	 114 	 Ex 	 1 	 -4.709326e-11 	 3.527621e-11
14 	 115 	 Ex 	 1 	 -8.318041e-11 	 4.111096e-11
14 	 116 	 Ex 	 1 	 -1.251402e-10 	 4.569820e-11
14 	 117 	 Ex 	 1 	 -1.627264e-10 	 4.882899e-11
14 	 118 	 Ex 	 1 	 -1.770592e-10 	 5.020326e-11
14 	 119 	 Ex 	 1 	 -1.769406e-10 	 4.986027e-11
14 	 120 	 Ex 	 1 	 -1.473355e-10 	 4.780561e-11
14 	 121 	 Ex 	 1 	 -1.061717e-10 	 4.408761e-11
14 	 122 	 Ex 	 1 	 -6.585028e-11 	 3.898135e-11
14 	 123 	 Ex 	 1 	 -3.390965e-11 	 3.320104e-11
14 	 124 	 Ex 	 1 	 -1.197752e-11 	 2.861338e-11
14 	 125 	 Ex 	 1 	 1.549992e-12 	 2.642048e-11
14 	 126 	 Ex 	 1 	 8.733327e-12 	 2.466079e-11
14 	 127 	 Ex 	 1 	 1.150568e-11 	 2.104747e-11
14 	 128 	 Ex 	 1 	 1.144922e-11 	 1.498135e-11
14 	 129 	 Ex 	 1 	 1.746602e-12 	 3.770958e-11
14 	 130 	 Ex 	 1 	 -3.177706e-11 	 4.329193e-11
14 	 131 	 Ex 	 1 	 -8.652889e-11 	 4.932305e-11
14 	 132 	 Ex 	 1 	 -1.594370e-10 	 5.517095e-11
14 	 133 	 Ex 	 1 	 -2.320661e-10 	 5.968720e-11
14 	 134 	 Ex 	 1 	 -2.658520e-10 	 6.184631e-11
14 	 135 	 Ex 	 1 	 -2.610568e-10 	 6.129082e-11
14 	 136 	 Ex 	 1 	 -2.015774e-10 	 5.805665e-11
14 	 137 	 Ex 	 1 	 -1.253839e-10 	 5.289254e-11
14 	 138 	 Ex 	 1 	 -5.923129e-11 	 4.695328e-11
14 	 139 	 Ex 	 1 	 -1.406179e-11 	 4.120616e-11
14 	 140 	 Ex 	 1 	 1.147356e-11 	 3.620034e-11
14 	 141 	 Ex 	 1 	 2.334149e-11 	 3.253062e-11
14 	 142 	 Ex 	 1 	 2.677211e-11 	 2.827292e-11
14 	 143 	 Ex 	 1 	 2.533619e-11 	 2.113961e-11
14 	 144 	 Ex 	 1 	 2.247997e-11 	 1.734765e-11
14 	 145 	 Ex 	 1 	 4.696452e-11 	 4.674072e-11
14 	 146 	 Ex 	 1 	 1.144596e-11 	 5.398755e-11
14 	 147 	 Ex 	 1 	 -6.663833e-11 	 6.220552e-11
14 	 148 	 Ex 	 1 	 -1.959861e-10 	 7.064255e-11
14 	 149 	 Ex 	 1 	 -3.483632e-10 	 7.717486e-11
14 	 150 	 Ex 	 1 	 -4.342120e-10 	 8.044752e-11
14 	 151 	 Ex 	 1 	 -4.150061e-10 	 7.953917e-11
14 	 152 	 Ex 	 1 	 -2.818239e-10 	 7.472276e-11
14 	 153 	 Ex 	 1 	 -1.324842e-10 	 6.720531e-11
14 	 154 	 Ex 	 1 	 -2.528887e-11 	 5.881226e-11
14 	 155 	 Ex 	 1 	 3.190639e-11 	 5.114743e-11
14 	 156 	 Ex 	 1 	 5.432165e-11 	 4.447022e-11
14 	 157 	 Ex 	 1 	 5.761586e-11 	 3.737438e-11
14 	 158 	 Ex 	 1 	 5.239582e-11 	 3.044457e-11
14 	 159 	 Ex 	 1 	 4.428886e-11 	 2.401363e-11
14 	 160 	 Ex 	 1 	 3.626835e-11 	 2.016864e-11
14 	 161 	 Ex 	 1 	 1.293995e-10 	 5.589738e-11
14 	 162 	 Ex 	 1 	 1.129355e-10 	 6.644710e-11
14 	 163 	 Ex 	 1 	 2.235562e-11 	 7.873249e-11
14 	 164 	 Ex 	 1 	 -2.017127e-10 	 9.168651e-11
14 	 165 	 Ex 	 1 	 -5.513208e-10 	 1.021062e-10
14 	 166 	 Ex 	 1 	 -7.996040e-10 	 1.076239e-10
14 	 167 	 Ex 	 1 	 -7.299790e-10 	 1.060305e-10
14 	 168 	 Ex 	 1 	 -3.883002e-10 	 9.813458e-11
14 	 169 	 Ex 	 1 	 -8.246170e-11 	 8.630766e-11
14 	 170 	 Ex 	 1 	 7.607563e-11 	 7.347503e-11
14 	 171 	 Ex 	 1 	 1.267446e-10 	 6.207108e-11
14 	 172 	 Ex 	 1 	 1.264679e-10 	 5.272123e-11
14 	 173 	 Ex 	 1 	 1.082323e-10 	 4.332683e-11
14 	 174 	 Ex 	 1 	 8.660268e-11 	 3.313185e-11
14 	 175 	 Ex 	 1 	 6.753783e-11 	 2.659755e-11
14 	 176 	 Ex 	 1 	 5.219737e-11 	 2.284002e-11
14 	 177 	 Ex 	 1 	 2.641831e-10 	 6.433485e-11
14 	 178 	 Ex 	 1 	 3.227319e-10 	 8.150563e-11
14 	 179 	 Ex 	 1 	 2.983976e-10 	 1.018988e-10
14 	 180 	 Ex 	 1 	 -1.604854e-11 	 1.240795e-10
14 	 181 	 Ex 	 1 	 -8.761687e-10 	 1.435907e-10
14 	 182 	 Ex 	 1 	 -1.761688e-09 	 1.536426e-10
14 	 183 	 Ex 	 1 	 -1.467594e-09 	 1.506920e-10
14 	 184 	 Ex 	 1 	 -4.254953e-10 	 1.358603e-10
14 	 185 	 Ex 	 1 	 1.798576e-10 	 1.145760e-10
14 	 186 	 Ex 	 1 	 3.293402e-10 	 9.303770e-11
14 	 187 	 Ex 	 1 	 3.011024e-10 	 7.414022e-11
14 	 188 	 Ex 	 1 	 2.351842e-10 	 5.875835e-11
14 	 189 	 Ex 	 1 	 1.746567e-10 	 4.663737e-11
14 	 190 	 Ex 	 1 	 1.277637e-10 	 3.664732e-11
14 	 191 	 Ex 	 1 	 9.372948e-11 	 3.098655e-11
14 	 192 	 Ex 	 1 	 6.900154e-11 	 2.579810e-11
14 	 193 	 Ex 	 1 	 4.498442e-10 	 7.151510e-11
14 	 194 	 Ex 	 1 	 6.858801e-10 	 9.509461e-11
14 	 195 	 Ex 	 1 	 9.913217e-10 	 1.272052e-10
14 	 196 	 Ex 	 1 	 1.022565e-09 	 1.687781e-10
14 	 197 	 Ex 	 1 	 -8.634901e-10 	 2.126109e-10
14 	 198 	 Ex 	 1 	 -5.232716e-09 	 2.332586e-10
14 	 199 	 Ex 	 1 	 -3.424422e-09 	 2.280815e-10
14 	 200 	 Ex 	 1 	 3.947785e-10 	 1.944552e-10
14 	 201 	 Ex 	 1 	 1.101775e-09 	 1.495803e-10
14 	 202 	 Ex 	 1 	 8.547077e-10 	 1.123307e-10
14 	 203 	 Ex 	 1 	 5.702468e-10 	 8.440739e-11
14 	 204 	 Ex 	 1 	 3.742791e-10 	 6.426314e-11
14 	 205 	 Ex 	 1 	 2.497429e-10 	 5.133272e-11
14 	 206 	 Ex 	 1 	 1.704602e-10 	 4.194076e-11
14 	 207 	 Ex 	 1 	 1.187209e-10 	 3.360392e-11
14 	 208 	 Ex 	 1 	 8.402080e-11 	 2.598071e-11
14 	 209 	 Ex 	 1 	 6.402113e-10 	 7.851486e-11
14 	 210 	 Ex 	 1 	 1.142204e-09 	 1.085621e-10
14 	 211 	 Ex 	 1 	 2.226420e-09 	 1.544641e-10
14 	 212 	 Ex 	 1 	 4.679412e-09 	 2.320413e-10
14 	 213 	 Ex 	 1 	 7.062598e-09 	 3.635809e-10
14 	 214 	 Ex 	 1 	 -2.776492e-08 	 3.860040e-10
14 	 215 	 Ex 	 1 	 -4.262875e-09 	 4.151532e-10
14 	 216 	 Ex 	 1 	 6.725180e-09 	 2.992970e-10
14 	 217 	 Ex 	 1 	 3.351651e-09 	 1.924805e-10
14 	 218 	 Ex 	 1 	 1.636279e-09 	 1.320769e-10
14 	 219 	 Ex 	 1 	 8.752770e-10 	 9.454251e-11
14 	 220 	 Ex 	 1 	 5.080367e-10 	 6.934987e-11
14 	 221 	 Ex 	 1 	 3.144200e-10 	 5.392080e-11
14 	 222 	 Ex 	 1 	 2.044941e-10 	 4.443324e-11
14 	 223 	 Ex 	 1 	 1.378309e-10 	 3.573183e-11
14 	 224 	 Ex 	 1 	 9.527779e-11 	 2.735848e-11
14 	 225 	 Ex 	 1 	 7.417537e-10 	 8.014450e-11
14 	 226 	 Ex 	 1 	 1.421055e-09 	 1.138916e-10
14 	 227 	 Ex 	 1 	 3.192964e-09 	 1.699726e-10
14 	 228 	 Ex 	 1 	 9.495680e-09 	 2.838275e-10
14 	 229 	 Ex 	 1 	 5.118909e-08 	 6.749313e-10
14 	 230 	 Ex 	 1 	 6.843681e-07 	 5.167053e-09
14 	 231 	 Ex 	 1 	 4.474450e-08 	 1.023826e-09
14 	 232 	 Ex 	 1 	 2.162413e-08 	 4.257579e-10
14 	 233 	 Ex 	 1 	 5.572392e-09 	 2.213733e-10
14 	 234 	 Ex 	 1 	 2.169938e-09 	 1.418893e-10
14 	 235 	 Ex 	 1 	 1.047506e-09 	 9.784361e-11
14 	 236 	 Ex 	 1 	 5.755472e-10 	 7.018815e-11
14 	 237 	 Ex 	 1 	 3.449336e-10 	 5.512413e-11
14 	 238 	 Ex 	 1 	 2.200481e-10 	 4.725774e-11
14 	 239 	 Ex 	 1 	 1.462391e-10 	 3.760342e-11
14 	 240 	 Ex 	 1 	 9.972083e-11 	 2.641062e-11
14 	 241 	 Ex 	 1 	 6.876373e-10 	 7.925970e-11
14 	 242 	 Ex 	 1 	 1.270917e-09 	 1.103658e-10
14 	 243 	 Ex 	 1 	 2.655177e-09 	 1.609281e-10
14 	 244 	 Ex 	 1 	 6.581486e-09 	 2.539952e-10
14 	 245 	 Ex 	 1 	 1.809121e-08 	 4.601110e-10
14 	 246 	 Ex 	 1 	 -5.986166e-08 	 4.529152e-10
14 	 247 	 Ex 	 1 	 1.145644e-08 	 5.969449e-10
14 	 248 	 Ex 	 1 	 1.172713e-08 	 3.478075e-10
14 	 249 	 Ex 	 1 	 4.293593e-09 	 2.049689e-10
14 	 250 	 Ex 	 1 	 1.879993e-09 	 1.358433e-10
14 	 251 	 Ex 	 1 	 9.561105e-10 	 9.556638e-11
14 	 252 	 Ex 	 1 	 5.400397e-10 	 7.021652e-11
14 	 253 	 Ex 	 1 	 3.290030e-10 	 5.602323e-11
14 	 254 	 Ex 	 1 	 2.118906e-10 	 4.700145e-11
14 	 255 	 Ex 	 1 	 1.415638e-10 	 3.621932e-11
14 	 256 	 Ex 	 1 	 9.711980e-11 	 2.619353e-11
14 	 1 	 Ex 	 2 	 -3.212372e-11 	 1.079424e-12
14 	 2 	 Ex 	 2 	 -3.628626e-11 	 1.426938e-12
14 	 3 	 Ex 	 2 	 -4.005440e-11 	 1.765124e-12
14 	 4 	 Ex 	 2 	 -4.313997e-11 	 2.051404e-12
14 	 5 	 Ex 	 2 	 -4.527636e-11 	 2.248016e-12
14 	 6 	 Ex 	 2 	 -4.465145e-11 	 2.319996e-12
14 	 7 	 Ex 	 2 	 -4.603715e-11 	 2.282324e-12
14 	 8 	 Ex 	 2 	 -4.449313e-11 	 2.107947e-12
14 	 9 	 Ex 	 2 	 -4.192854e-11 	 1.822947e-12
14 	 10 	 Ex 	 2 	 -3.853292e-11 	 1.457178e-12
14 	 11 	 Ex 	 2 	 -3.459071e-11 	 1.047332e-12
14 	 12 	 Ex 	 2 	 -3.038558e-11 	 6.293162e-13
14 	 13 	 Ex 	 2 	 -2.617141e-11 	 2.345750e-13
14 	 14 	 Ex 	 2 	 -2.215740e-11 	 -1.198880e-13
14 	 15 	 Ex 	 2 	 -1.848099e-11 	 -4.190181e-13
14 	 16 	 Ex 	 2 	 -1.518794e-11 	 -6.416656e-13
14 	 17 	 Ex 	 2 	 -3.752006e-11 	 2.594645e-12
14 	 18 	 Ex 	 2 	 -4.304493e-11 	 3.236018e-12
14 	 19 	 Ex 	 2 	 -4.816411e-11 	 3.838716e-12
14 	 20 	 Ex 	 2 	 -5.243106e-11 	 4.342712e-12
14 	 21 	 Ex 	 2 	 -5.542148e-11 	 4.693282e-12
14 	 22 	 Ex 	 2 	 -5.495893e-11 	 4.835425e-12
14 	 23 	 Ex 	 2 	 -5.647301e-11 	 4.781269e-12
14 	 24 	 Ex 	 2 	 -5.430651e-11 	 4.501007e-12
14 	 25 	 Ex 	 2 	 -5.072419e-11 	 4.035941e-12
14 	 26 	 Ex 	 2 	 -4.605182e-11 	 3.432952e-12
14 	 27 	 Ex 	 2 	 -4.073719e-11 	 2.747985e-12
14 	 28 	 Ex 	 2 	 -3.521028e-11 	 2.034020e-12
14 	 29 	 Ex 	 2 	 -2.982128e-11 	 1.340049e-12
14 	 30 	 Ex 	 2 	 -2.480002e-11 	 7.138346e-13
14 	 31 	 Ex 	 2 	 -2.025362e-11 	 2.021735e-13
14 	 32 	 Ex 	 2 	 -1.626689e-11 	 -1.899392e-13
14 	 33 	 Ex 	 2 	 -4.382691e-11 	 4.799711e-12
14 	 34 	 Ex 	 2 	 -5.122614e-11 	 5.894268e-12
14 	 35 	 Ex 	 2 	 -5.823308e-11 	 6.929123e-12
14 	 36 	 Ex 	 2 	 -6.419426e-11 	 7.799162e-12
14 	 37 	 Ex 	 2 	 -6.843409e-11 	 8.407909e-12
14 	 38 	 Ex 	 2 	 -6.827335e-11 	 8.667215e-12
14 	 39 	 Ex 	 2 	 -6.991587e-11 	 8.583565e-12
14 	 40 	 Ex 	 2 	 -6.683106e-11 	 8.125826e-12
14 	 41 	 Ex 	 2 	 -6.176943e-11 	 7.357608e-12
14 	 42 	 Ex 	 2 	 -5.528592e-11 	 6.360901e-12
14 	 43 	 Ex 	 2 	 -4.806725e-11 	 5.233670e-12
14 	 44 	 Ex 	 2 	 -4.072924e-11 	 4.075365e-12
14 	 45 	 Ex 	 2 	 -3.374098e-11 	 2.969645e-12
14 	 46 	 Ex 	 2 	 -2.739791e-11 	 1.979919e-12
14 	 47 	 Ex 	 2 	 -2.186865e-11 	 1.134176e-12
14 	 48 	 Ex 	 2 	 -1.719920e-11 	 4.441351e-13
14 	 49 	 Ex 	 2 	 -5.085839e-11 	 8.019068e-12
14 	 50 	 Ex 	 2 	 -6.086175e-11 	 9.804592e-12
14 	 51 	 Ex 	 2 	 -7.063516e-11 	 1.149989e-11
14 	 52 	 Ex 	 2 	 -7.916871e-11 	 1.293490e-11
14 	 53 	 Ex 	 2 	 -8.535730e-11 	 1.394731e-11
14 	 54 	 Ex 	 2 	 -8.576460e-11 	 1.439370e-11
14 	 55 	 Ex 	 2 	 -8.751581e-11 	 1.426205e-11
14 	 56 	 Ex 	 2 	 -8.298830e-11 	 1.352237e-11
14 	 57 	 Ex 	 2 	 -7.564419e-11 	 1.227823e-11
14 	 58 	 Ex 	 2 	 -6.645024e-11 	 1.067364e-11
14 	 59 	 Ex 	 2 	 -5.649955e-11 	 8.875040e-12
14 	 60 	 Ex 	 2 	 -4.670075e-11 	 7.045276e-12
14 	 61 	 Ex 	 2 	 -3.767548e-11 	 5.313315e-12
14 	 62 	 Ex 	 2 	 -2.977775e-11 	 3.764660e-12
14 	 63 	 Ex 	 2 	 -2.314103e-11 	 2.438580e-12
14 	 64 	 Ex 	 2 	 -1.770429e-11 	 1.359960e-12
14 	 65 	 Ex 	 2 	 -5.825380e-11 	 1.263353e-11
14 	 66 	 Ex 	 2 	 -7.189250e-11 	 1.546443e-11
14 	 67 	 Ex 	 2 	 -8.577939e-11 	 1.817510e-11
14 	 68 	 Ex 	 2 	 -9.832941e-11 	 2.049371e-11
14 	 69 	 Ex 	 2 	 -1.076735e-10 	 2.214320e-11
14 	 70 	 Ex 	 2 	 -1.091472e-10 	 2.288906e-11
14 	 71 	 Ex 	 2 	 -1.109397e-10 	 2.267837e-11
14 	 72 	 Ex 	 2 	 -1.040528e-10 	 2.148585e-11
14 	 73 	 Ex 	 2 	 -9.306683e-11 	 1.949122e-11
14 	 74 	 Ex 	 2 	 -7.972310e-11 	 1.694181e-11
14 	 75 	 Ex 	 2 	 -6.581260e-11 	 1.411689e-11
14 	 76 	 Ex 	 2 	 -5.269132e-11 	 1.126945e-11
14 	 77 	 Ex 	 2 	 -4.115767e-11 	 8.592096e-12
14 	 78 	 Ex 	 2 	 -3.150517e-11 	 6.218870e-12
14 	 79 	 Ex 	 2 	 -2.368821e-11 	 4.221941e-12
14 	 80 	 Ex 	 2 	 -1.748688e-11 	 2.630408e-12
14 	 81 	 Ex 	 2 	 -6.528298e-11 	 1.907505e-11
14 	 82 	 Ex 	 2 	 -8.393179e-11 	 2.350657e-11
14 	 83 	 Ex 	 2 	 -1.039745e-10 	 2.781064e-11
14 	 84 	 Ex 	 2 	 -1.229648e-10 	 3.154393e-11
14 	 85 	 Ex 	 2 	 -1.376166e-10 	 3.423504e-11
14 	 86 	 Ex 	 2 	 -1.411337e-10 	 3.547330e-11
14 	 87 	 Ex 	 2 	 -1.427885e-10 	 3.512743e-11
14 	 88 	 Ex 	 2 	 -1.318662e-10 	 3.319031e-11
14 	 89 	 Ex 	 2 	 -1.148732e-10 	 2.997530e-11
14 	 90 	 Ex 	 2 	 -9.506319e-11 	 2.591976e-11
14 	 91 	 Ex 	 2 	 -7.542825e-11 	 2.149538e-11
14 	 92 	 Ex 	 2 	 -5.791366e-11 	 1.710738e-11
14 	 93 	 Ex 	 2 	 -4.335539e-11 	 1.305805e-11
14 	 94 	 Ex 	 2 	 -3.181741e-11 	 9.529773e-12
14 	 95 	 Ex 	 2 	 -2.292591e-11 	 6.610594e-12
14 	 96 	 Ex 	 2 	 -1.620145e-11 	 4.299634e-12
14 	 97 	 Ex 	 2 	 -7.028385e-11 	 2.789467e-11
14 	 98 	 Ex 	 2 	 -9.572855e-11 	 3.475511e-11
14 	 99 	 Ex 	 2 	 -1.251038e-10 	 4.157522e-11
14 	 100 	 Ex 	 2 	 -1.547877e-10 	 4.761704e-11
14 	 101 	 Ex 	 2 	 -1.788657e-10 	 5.204124e-11
14 	 102 	 Ex 	 2 	 -1.864759e-10 	 5.410754e-11
14 	 103 	 Ex 	 2 	 -1.875494e-10 	 5.353040e-11
14 	 104 	 Ex 	 2 	 -1.692818e-10 	 5.033594e-11
14 	 105 	 Ex 	 2 	 -1.418881e-10 	 4.509881e-11
14 	 106 	 Ex 	 2 	 -1.117446e-10 	 3.862086e-11
14 	 107 	 Ex 	 2 	 -8.383288e-11 	 3.170306e-11
14 	 108 	 Ex 	 2 	 -6.069908e-11 	 2.501712e-11
14 	 109 	 Ex 	 2 	 -4.283933e-11 	 1.899314e-11
14 	 110 	 Ex 	 2 	 -2.964454e-11 	 1.386770e-11
14 	 111 	 Ex 	 2 	 -2.014710e-11 	 9.687946e-12
14 	 112 	 Ex 	 2 	 -1.340937e-11 	 6.402856e-12
14 	 113 	 Ex 	 2 	 -6.995855e-11 	 3.974138e-11
14 	 114 	 Ex 	 2 	 -1.040603e-10 	 5.027685e-11
14 	 115 	 Ex 	 2 	 -1.476235e-10 	 6.108363e-11
14 	 116 	 Ex 	 2 	 -1.958241e-10 	 7.092972e-11
14 	 117 	 Ex 	 2 	 -2.378111e-10 	 7.830961e-11
14 	 118 	 Ex 	 2 	 -2.541558e-10 	 8.182229e-11
14 	 119 	 Ex 	 2 	 -2.534974e-10 	 8.083623e-11
14 	 120 	 Ex 	 2 	 -2.207940e-10 	 7.546438e-11
14 	 121 	 Ex 	 2 	 -1.743700e-10 	 6.681642e-11
14 	 122 	 Ex 	 2 	 -1.272475e-10 	 5.639633e-11
14 	 123 	 Ex 	 2 	 -8.763514e-11 	 4.560852e-11
14 	 124 	 Ex 	 2 	 -5.800371e-11 	 3.550244e-11
14 	 125 	 Ex 	 2 	 -3.734185e-11 	 2.666489e-11
14 	 126 	 Ex 	 2 	 -2.354593e-11 	 1.934108e-11
14 	 127 	 Ex 	 2 	 -1.447688e-11 	 1.348744e-11
14 	 128 	 Ex 	 2 	 -8.571852e-12 	 8.972504e-12
14 	 129 	 Ex 	 2 	 -5.823832e-11 	 5.526219e-11
14 	 130 	 Ex 	 2 	 -1.016903e-10 	 7.133846e-11
14 	 131 	 Ex 	 2 	 -1.660292e-10 	 8.849830e-11
14 	 132 	 Ex 	 2 	 -2.472915e-10 	 1.047767e-10
14 	 133 	 Ex 	 2 	 -3.260446e-10 	 1.174278e-10
14 	 134 	 Ex 	 2 	 -3.627007e-10 	 1.235940e-10
14 	 135 	 Ex 	 2 	 -3.571292e-10 	 1.218376e-10
14 	 136 	 Ex 	 2 	 -2.932616e-10 	 1.124983e-10
14 	 137 	 Ex 	 2 	 -2.098774e-10 	 9.789879e-11
14 	 138 	 Ex 	 2 	 -1.347688e-10 	 8.096142e-11
14 	 139 	 Ex 	 2 	 -7.989238e-11 	 6.416111e-11
14 	 140 	 Ex 	 2 	 -4.460508e-11 	 4.900116e-11
14 	 141 	 Ex 	 2 	 -2.361145e-11 	 3.623314e-11
14 	 142 	 Ex 	 2 	 -1.165693e-11 	 2.596731e-11
14 	 143 	 Ex 	 2 	 -4.989773e-12 	 1.798428e-11
14 	 144 	 Ex 	 2 	 -1.238055e-12 	 1.197609e-11
14 	 145 	 Ex 	 2 	 -2.481864e-11 	 7.490639e-11
14 	 146 	 Ex 	 2 	 -7.296384e-11 	 9.920880e-11
14 	 147 	 Ex 	 2 	 -1.636218e-10 	 1.266331e-10
14 	 148 	 Ex 	 2 	 -3.043824e-10 	 1.542013e-10
14 	 149 	 Ex 	 2 	 -4.653388e-10 	 1.767456e-10
14 	 150 	 Ex 	 2 	 -5.552980e-10 	 1.881302e-10
14 	 151 	 Ex 	 2 	 -5.349498e-10 	 1.848320e-10
14 	 152 	 Ex 	 2 	 -3.955327e-10 	 1.678079e-10
14 	 153 	 Ex 	 2 	 -2.362242e-10 	 1.423302e-10
14 	 154 	 Ex 	 2 	 -1.170294e-10 	 1.143711e-10
14 	 155 	 Ex 	 2 	 -4.720037e-11 	 8.813512e-11
14 	 156 	 Ex 	 2 	 -1.251767e-11 	 6.574477e-11
14 	 157 	 Ex 	 2 	 2.452306e-12 	 4.765669e-11
14 	 158 	 Ex 	 2 	 7.836190e-12 	 3.363592e-11
14 	 159 	 Ex 	 2 	 9.069774e-12 	 2.307016e-11
14 	 160 	 Ex 	 2 	 8.749865e-12 	 1.530008e-11
14 	 161 	 Ex 	 2 	 4.566011e-11 	 9.849959e-11
14 	 162 	 Ex 	 2 	 1.316446e-11 	 1.348169e-10
14 	 163 	 Ex 	 2 	 -9.380346e-11 	 1.787667e-10
14 	 164 	 Ex 	 2 	 -3.333958e-10 	 2.267149e-10
14 	 165 	 Ex 	 2 	 -6.953633e-10 	 2.692362e-10
14 	 166 	 Ex 	 2 	 -9.500254e-10 	 2.921396e-10
14 	 167 	 Ex 	 2 	 -8.785686e-10 	 2.853564e-10
14 	 168 	 Ex 	 2 	 -5.275511e-10 	 2.519604e-10
14 	 169 	 Ex 	 2 	 -2.077317e-10 	 2.055252e-10
14 	 170 	 Ex 	 2 	 -3.313237e-11 	 1.586246e-10
14 	 171 	 Ex 	 2 	 3.373925e-11 	 1.179650e-10
14 	 172 	 Ex 	 2 	 4.876935e-11 	 8.541673e-11
14 	 173 	 Ex 	 2 	 4.472877e-11 	 6.051686e-11
14 	 174 	 Ex 	 2 	 3.595753e-11 	 4.197447e-11
14 	 175 	 Ex 	 2 	 2.761387e-11 	 2.845166e-11
14 	 176 	 Ex 	 2 	 2.103642e-11 	 1.874424e-11
14 	 177 	 Ex 	 2 	 1.691532e-10 	 1.248834e-10
14 	 178 	 Ex 	 2 	 2.078183e-10 	 1.774820e-10
14 	 179 	 Ex 	 2 	 1.623391e-10 	 2.473732e-10
14 	 180 	 Ex 	 2 	 -1.731910e-10 	 3.331647e-10
14 	 181 	 Ex 	 2 	 -1.052109e-09 	 4.202333e-10
14 	 182 	 Ex 	 2 	 -1.948518e-09 	 4.724551e-10
14 	 183 	 Ex 	 2 	 -1.651151e-09 	 4.564699e-10
14 	 184 	 Ex 	 2 	 -5.937517e-10 	 3.833070e-10
14 	 185 	 Ex 	 2 	 3.166957e-11 	 2.937615e-10
14 	 186 	 Ex 	 2 	 2.023455e-10 	 2.143579e-10
14 	 187 	 Ex 	 2 	 1.946660e-10 	 1.524873e-10
14 	 188 	 Ex 	 2 	 1.476114e-10 	 1.067973e-10
14 	 189 	 Ex 	 2 	 1.038016e-10 	 7.382425e-11
14 	 190 	 Ex 	 2 	 7.139445e-11 	 5.030903e-11
14 	 191 	 Ex 	 2 	 4.923006e-11 	 3.369036e-11
14 	 192 	 Ex 	 2 	 3.450204e-11 	 2.202571e-11
14 	 193 	 Ex 	 2 	 3.453508e-10 	 1.509077e-10
14 	 194 	 Ex 	 2 	 5.581069e-10 	 2.231925e-10
14 	 195 	 Ex 	 2 	 8.379585e-10 	 3.300789e-10
14 	 196 	 Ex 	 2 	 8.421863e-10 	 4.846476e-10
14 	 197 	 Ex 	 2 	 -1.073368e-09 	 6.819648e-10
14 	 198 	 Ex 	 2 	 -5.468544e-09 	 8.310084e-10
14 	 199 	 Ex 	 2 	 -3.651065e-09 	 7.820744e-10
14 	 200 	 Ex 	 2 	 1.982831e-10 	 5.918229e-10
14 	 201 	 Ex 	 2 	 9.332851e-10 	 4.096358e-10
14 	 202 	 Ex 	 2 	 7.125048e-10 	 2.776974e-10
14 	 203 	 Ex 	 2 	 4.524962e-10 	 1.879930e-10
14 	 204 	 Ex 	 2 	 2.783804e-10 	 1.273015e-10
14 	 205 	 Ex 	 2 	 1.724804e-10 	 8.599208e-11
14 	 206 	 Ex 	 2 	 1.089937e-10 	 5.767892e-11
14 	 207 	 Ex 	 2 	 7.064736e-11 	 3.819614e-11
14 	 208 	 Ex 	 2 	 4.716175e-11 	 2.478908e-11
14 	 209 	 Ex 	 2 	 5.288290e-10 	 1.714821e-10
14 	 210 	 Ex 	 2 	 1.005088e-09 	 2.623234e-10
14 	 211 	 Ex 	 2 	 2.061262e-09 	 4.107689e-10
14 	 212 	 Ex 	 2 	 4.486701e-09 	 6.703108e-10
14 	 213 	 Ex 	 2 	 6.841435e-09 	 1.150426e-09
14 	 214 	 Ex 	 2 	 -2.810896e-08 	 1.789241e-09
14 	 215 	 Ex 	 2 	 -4.532563e-09 	 1.533382e-09
14 	 216 	 Ex 	 2 	 6.518272e-09 	 9.007574e-10
14 	 217 	 Ex 	 2 	 3.170506e-09 	 5.360034e-10
14 	 218 	 Ex 	 2 	 1.483259e-09 	 3.355327e-10
14 	 219 	 Ex 	 2 	 7.493021e-10 	 2.171660e-10
14 	 220 	 Ex 	 2 	 4.061453e-10 	 1.431079e-10
14 	 221 	 Ex 	 2 	 2.328081e-10 	 9.497798e-11
14 	 222 	 Ex 	 2 	 1.396875e-10 	 6.295773e-11
14 	 223 	 Ex 	 2 	 8.723437e-11 	 4.136143e-11
14 	 224 	 Ex 	 2 	 5.658497e-11 	 2.670533e-11
14 	 225 	 Ex 	 2 	 6.275648e-10 	 1.808755e-10
14 	 226 	 Ex 	 2 	 1.280080e-09 	 2.812392e-10
14 	 227 	 Ex 	 2 	 3.023316e-09 	 4.540495e-10
14 	 228 	 Ex 	 2 	 9.304912e-09 	 7.938892e-10
14 	 229 	 Ex 	 2 	 5.107118e-08 	 1.684819e-09
14 	 230 	 Ex 	 2 	 6.859830e-07 	 9.602809e-09
14 	 231 	 Ex 	 2 	 4.458095e-08 	 3.179473e-09
14 	 232 	 Ex 	 2 	 2.144320e-08 	 1.160644e-09
14 	 233 	 Ex 	 2 	 5.388223e-09 	 6.107362e-10
14 	 234 	 Ex 	 2 	 2.012482e-09 	 3.648952e-10
14 	 235 	 Ex 	 2 	 9.181451e-10 	 2.308638e-10
14 	 236 	 Ex 	 2 	 4.712125e-10 	 1.501893e-10
14 	 237 	 Ex 	 2 	 2.613489e-10 	 9.888893e-11
14 	 238 	 Ex 	 2 	 1.534353e-10 	 6.521612e-11
14 	 239 	 Ex 	 2 	 9.432197e-11 	 4.269569e-11
14 	 240 	 Ex 	 2 	 6.042152e-11 	 2.749474e-11
14 	 241 	 Ex 	 2 	 5.744598e-10 	 1.759473e-10
14 	 242 	 Ex 	 2 	 1.131586e-09 	 2.713264e-10
14 	 243 	 Ex 	 2 	 2.487381e-09 	 4.312026e-10
14 	 244 	 Ex 	 2 	 6.388164e-09 	 7.263351e-10
14 	 245 	 Ex 	 2 	 1.789110e-08 	 1.357284e-09
14 	 246 	 Ex 	 2 	 -6.031284e-08 	 2.561247e-09
14 	 247 	 Ex 	 2 	 1.121735e-08 	 2.005669e-09
14 	 248 	 Ex 	 2 	 1.152632e-08 	 1.011865e-09
14 	 249 	 Ex 	 2 	 4.110222e-09 	 5.707268e-10
14 	 250 	 Ex 	 2 	 1.724483e-09 	 3.494495e-10
14 	 251 	 Ex 	 2 	 8.281454e-10 	 2.236698e-10
14 	 252 	 Ex 	 2 	 4.364762e-10 	 1.464502e-10
14 	 253 	 Ex 	 2 	 2.458076e-10 	 9.681032e-11
14 	 254 	 Ex 	 2 	 1.456708e-10 	 6.400167e-11
14 	 255 	 Ex 	 2 	 9.009573e-11 	 4.196492e-11
14 	 256 	 Ex 	 2 	 5.798064e-11 	 2.705626e-11
14 	 1 	 Ey 	 1 	 1.755879e-11 	 7.402330e-13
14 	 2 	 Ey 	 1 	 1.572200e-11 	 3.972769e-13
14 	 3 	 Ey 	 1 	 1.313296e-11 	 1.574055e-13
14 	 4 	 Ey 	 1 	 9.764436e-12 	 -3.010434e-13
14 	 5 	 Ey 	 1 	 5.876236e-12 	 -3.030632e-13
14 	 6 	 Ey 	 1 	 1.316860e-12 	 -3.354232e-13
14 	 7 	 Ey 	 1 	 -2.685576e-12 	 -1.569658e-13
14 	 8 	 Ey 	 1 	 -6.780850e-12 	 -6.439526e-14
14 	 9 	 Ey 	 1 	 -1.038107e-11 	 2.253137e-15
14 	 10 	 Ey 	 1 	 -1.327000e-11 	 1.195050e-13
14 	 11 	 Ey 	 1 	 -1.536477e-11 	 3.595530e-13
14 	 12 	 Ey 	 1 	 -1.669949e-11 	 4.739526e-13
14 	 13 	 Ey 	 1 	 -1.738552e-11 	 2.259257e-13
14 	 14 	 Ey 	 1 	 -1.736524e-11 	 6.086514e-13
14 	 15 	 Ey 	 1 	 -1.692621e-11 	 9.212547e-13
14 	 16 	 Ey 	 1 	 -1.632158e-11 	 3.906697e-13
14 	 17 	 Ey 	 1 	 2.195157e-11 	 -1.003092e-12
14 	 18 	 Ey 	 1 	 2.003069e-11 	 -6.866007e-13
14 	 19 	 Ey 	 1 	 1.702600e-11 	 -1.711411e-13
14 	 20 	 Ey 	 1 	 1.294350e-11 	 3.927082e-13
14 	 21 	 Ey 	 1 	 7.847824e-12 	 4.263648e-13
14 	 22 	 Ey 	 1 	 1.819984e-12 	 4.875262e-13
14 	 23 	 Ey 	 1 	 -3.631274e-12 	 3.562741e-13
14 	 24 	 Ey 	 1 	 -9.062042e-12 	 4.065056e-13
14 	 25 	 Ey 	 1 	 -1.371615e-11 	 5.821670e-13
14 	 26 	 Ey 	 1 	 -1.731498e-11 	 8.312765e-13
14 	 27 	 Ey 	 1 	 -1.980395e-11 	 9.112636e-13
14 	 28 	 Ey 	 1 	 -2.128564e-11 	 4.002265e-13
14 	 29 	 Ey 	 1 	 -2.181062e-11 	 -1.367658e-13
14 	 30 	 Ey 	 1 	 -2.150246e-11 	 -1.547529e-13
14 	 31 	 Ey 	 1 	 -2.061644e-11 	 -1.795684e-14
14 	 32 	 Ey 	 1 	 -1.918251e-11 	 1.476764e-12
14 	 33 	 Ey 	 1 	 2.847133e-11 	 5.165148e-13
14 	 34 	 Ey 	 1 	 2.640337e-11 	 5.205802e-13
14 	 35 	 Ey 	 1 	 2.265584e-11 	 2.676727e-13
14 	 36 	 Ey 	 1 	 1.727950e-11 	 2.593439e-13
14 	 37 	 Ey 	 1 	 1.050021e-11 	 3.332549e-13
14 	 38 	 Ey 	 1 	 2.332461e-12 	 4.212753e-13
14 	 39 	 Ey 	 1 	 -5.116876e-12 	 4.758772e-13
14 	 40 	 Ey 	 1 	 -1.248894e-11 	 3.829908e-13
14 	 41 	 Ey 	 1 	 -1.868320e-11 	 2.073124e-13
14 	 42 	 Ey 	 1 	 -2.329370e-11 	 -7.930156e-14
14 	 43 	 Ey 	 1 	 -2.617723e-11 	 -2.518863e-13
14 	 44 	 Ey 	 1 	 -2.736857e-11 	 2.990872e-13
14 	 45 	 Ey 	 1 	 -2.720929e-11 	 1.224063e-12
14 	 46 	 Ey 	 1 	 -2.631499e-11 	 8.911109e-13
14 	 47 	 Ey 	 1 	 -2.486075e-11 	 2.433592e-13
14 	 48 	 Ey 	 1 	 -2.311577e-11 	 -5.957534e-13
14 	 49 	 Ey 	 1 	 3.701352e-11 	 8.312148e-13
14 	 50 	 Ey 	 1 	 3.502853e-11 	 5.766873e-13
14 	 51 	 Ey 	 1 	 3.066153e-11 	 4.815145e-13
14 	 52 	 Ey 	 1 	 2.363448e-11 	 -5.021593e-14
14 	 53 	 Ey 	 1 	 1.437109e-11 	 -1.715505e-13
14 	 54 	 Ey 	 1 	 2.985019e-12 	 -3.518690e-13
14 	 55 	 Ey 	 1 	 -7.522510e-12 	 -2.639281e-13
14 	 56 	 Ey 	 1 	 -1.770749e-11 	 -1.862337e-13
14 	 57 	 Ey 	 1 	 -2.592469e-11 	 -1.227373e-13
14 	 58 	 Ey 	 1 	 -3.159268e-11 	 9.902860e-15
14 	 59 	 Ey 	 1 	 -3.467287e-11 	 2.278260e-13
14 	 60 	 Ey 	 1 	 -3.554147e-11 	 1.815975e-13
14 	 61 	 Ey 	 1 	 -3.473160e-11 	 -1.398191e-13
14 	 62 	 Ey 	 1 	 -3.261634e-11 	 5.162327e-13
14 	 63 	 Ey 	 1 	 -2.993315e-11 	 7.704304e-13
14 	 64 	 Ey 	 1 	 -2.713884e-11 	 1.851770e-13
14 	 65 	 Ey 	 1 	 4.852178e-11 	 -4.267791e-15
14 	 66 	 Ey 	 1 	 4.720075e-11 	 -1.847189e-13
14 	 67 	 Ey 	 1 	 4.234231e-11 	 -1.544061e-13
14 	 68 	 Ey 	 1 	 3.340202e-11 	 1.385493e-13
14 	 69 	 Ey 	 1 	 2.055561e-11 	 2.096185e-13
14 	 70 	 Ey 	 1 	 4.316641e-12 	 2.499342e-13
14 	 71 	 Ey 	 1 	 -1.101851e-11 	 2.123210e-13
14 	 72 	 Ey 	 1 	 -2.549256e-11 	 3.428874e-13
14 	 73 	 Ey 	 1 	 -3.662149e-11 	 5.576708e-13
14 	 74 	 Ey 	 1 	 -4.364448e-11 	 7.180042e-13
14 	 75 	 Ey 	 1 	 -4.672162e-11 	 4.683096e-13
14 	 76 	 Ey 	 1 	 -4.660863e-11 	 7.059301e-15
14 	 77 	 Ey 	 1 	 -4.420017e-11 	 -1.477027e-13
14 	 78 	 Ey 	 1 	 -4.052611e-11 	 -4.231603e-13
14 	 79 	 Ey 	 1 	 -3.615145e-11 	 2.304468e-13
14 	 80 	 Ey 	 1 	 -3.168773e-11 	 1.238348e-12
14 	 81 	 Ey 	 1 	 6.460752e-11 	 -4.201122e-13
14 	 82 	 Ey 	 1 	 6.519990e-11 	 1.820154e-13
14 	 83 	 Ey 	 1 	 6.040581e-11 	 4.228000e-13
14 	 84 	 Ey 	 1 	 4.887253e-11 	 7.368250e-13
14 	 85 	 Ey 	 1 	 3.054059e-11 	 6.423176e-13
14 	 86 	 Ey 	 1 	 6.415417e-12 	 6.518639e-13
14 	 87 	 Ey 	 1 	 -1.681698e-11 	 5.071494e-13
14 	 88 	 Ey 	 1 	 -3.816682e-11 	 2.858490e-13
14 	 89 	 Ey 	 1 	 -5.357142e-11 	 5.319949e-14
14 	 90 	 Ey 	 1 	 -6.196752e-11 	 -3.805569e-15
14 	 91 	 Ey 	 1 	 -6.401795e-11 	 3.246734e-13
14 	 92 	 Ey 	 1 	 -6.149165e-11 	 6.517339e-13
14 	 93 	 Ey 	 1 	 -5.633635e-11 	 3.117313e-13
14 	 94 	 Ey 	 1 	 -4.992524e-11 	 1.138903e-13
14 	 95 	 Ey 	 1 	 -4.334614e-11 	 -7.385858e-14
14 	 96 	 Ey 	 1 	 -3.712831e-11 	 -1.117238e-14
14 	 97 	 Ey 	 1 	 8.741067e-11 	 1.076439e-12
14 	 98 	 Ey 	 1 	 9.197803e-11 	 9.595181e-13
14 	 99 	 Ey 	 1 	 8.864871e-11 	 6.642128e-13
14 	 100 	 Ey 	 1 	 7.412262e-11 	 4.583164e-13
14 	 101 	 Ey 	 1 	 4.735800e-11 	 3.905776e-13
14 	 102 	 Ey 	 1 	 9.896643e-12 	 2.600685e-13
14 	 103 	 Ey 	 1 	 -2.697801e-11 	 1.258256e-13
14 	 104 	 Ey 	 1 	 -5.953320e-11 	 -6.661130e-14
14 	 105 	 Ey 	 1 	 -8.089016e-11 	 -2.132315e-13
14 	 106 	 Ey 	 1 	 -8.999035e-11 	 -4.141695e-13
14 	 107 	 Ey 	 1 	 -8.917256e-11 	 -5.381250e-13
14 	 108 	 Ey 	 1 	 -8.199105e-11 	 -3.906664e-14
14 	 109 	 Ey 	 1 	 -7.180078e-11 	 9.006194e-13
14 	 110 	 Ey 	 1 	 -6.121819e-11 	 5.615649e-13
14 	 111 	 Ey 	 1 	 -5.138108e-11 	 -1.202746e-13
14 	 112 	 Ey 	 1 	 -4.273342e-11 	 -5.394890e-13
14 	 113 	 Ey 	 1 	 1.187236e-10 	 1.204180e-12
14 	 114 	 Ey 	 1 	 1.320242e-10 	 9.262774e-13
14 	 115 	 Ey 	 1 	 1.344383e-10 	 1.016638e-12
14 	 116 	 Ey 	 1 	 1.179299e-10 	 5.903843e-13
14 	 117 	 Ey 	 1 	 7.789965e-11 	 3.246137e-13
14 	 118 	 Ey 	 1 	 1.652315e-11 	 -1.092595e-13
14 	 119 	 Ey 	 1 	 -4.561937e-11 	 -3.813214e-13
14 	 120 	 Ey 	 1 	 -9.754875e-11 	 -5.613221e-13
14 	 121 	 Ey 	 1 	 -1.268750e-10 	 -6.170269e-13
14 	 122 	 Ey 	 1 	 -1.339011e-10 	 -4.476210e-13
14 	 123 	 Ey 	 1 	 -1.254530e-10 	 -2.610502e-13
14 	 124 	 Ey 	 1 	 -1.094005e-10 	 -4.733109e-13
14 	 125 	 Ey 	 1 	 -9.131230e-11 	 -4.021075e-13
14 	 126 	 Ey 	 1 	 -7.422161e-11 	 5.106178e-13
14 	 127 	 Ey 	 1 	 -5.978595e-11 	 1.716575e-13
14 	 128 	 Ey 	 1 	 -4.801410e-11 	 1.679865e-14
14 	 129 	 Ey 	 1 	 1.611669e-10 	 9.467095e-13
14 	 130 	 Ey 	 1 	 1.924978e-10 	 1.168965e-12
14 	 131 	 Ey 	 1 	 2.108965e-10 	 1.118945e-12
14 	 132 	 Ey 	 1 	 1.980574e-10 	 8.684989e-13
14 	 133 	 Ey 	 1 	 1.377364e-10 	 5.777824e-13
14 	 134 	 Ey 	 1 	 3.032521e-11 	 1.797575e-13
14 	 135 	 Ey 	 1 	 -8.275605e-11 	 -1.827147e-13
14 	 136 	 Ey 	 1 	 -1.698020e-10 	 -4.404161e-13
14 	 137 	 Ey 	 1 	 -2.077307e-10 	 -5.584365e-13
14 	 138 	 Ey 	 1 	 -2.041211e-10 	 -6.785084e-13
14 	 139 	 Ey 	 1 	 -1.778628e-10 	 -6.365240e-13
14 	 140 	 Ey 	 1 	 -1.449003e-10 	 -5.111280e-13
14 	 141 	 Ey 	 1 	 -1.139190e-10 	 -7.158375e-13
14 	 142 	 Ey 	 1 	 -8.810088e-11 	 -4.173925e-13
14 	 143 	 Ey 	 1 	 -6.774772e-11 	 6.341529e-13
14 	 144 	 Ey 	 1 	 -5.251883e-11 	 8.997410e-14
14 	 145 	 Ey 	 1 	 2.158321e-10 	 1.141498e-12
14 	 146 	 Ey 	 1 	 2.820429e-10 	 1.222487e-12
14 	 147 	 Ey 	 1 	 3.414035e-10 	 1.239489e-12
14 	 148 	 Ey 	 1 	 3.541370e-10 	 1.433685e-12
14 	 149 	 Ey 	 1 	 2.669630e-10 	 1.197089e-12
14 	 150 	 Ey 	 1 	 6.214251e-11 	 4.397286e-13
14 	 151 	 Ey 	 1 	 -1.659271e-10 	 -4.468711e-13
14 	 152 	 Ey 	 1 	 -3.197048e-10 	 -9.506807e-13
14 	 153 	 Ey 	 1 	 -3.566945e-10 	 -9.218422e-13
14 	 154 	 Ey 	 1 	 -3.166625e-10 	 -8.077347e-13
14 	 155 	 Ey 	 1 	 -2.507142e-10 	 -9.031159e-13
14 	 156 	 Ey 	 1 	 -1.877937e-10 	 -8.708814e-13
14 	 157 	 Ey 	 1 	 -1.376167e-10 	 -6.538384e-13
14 	 158 	 Ey 	 1 	 -1.005743e-10 	 -7.317947e-13
14 	 159 	 Ey 	 1 	 -7.389554e-11 	 1.152206e-13
14 	 160 	 Ey 	 1 	 -5.504469e-11 	 4.984759e-13
14 	 161 	 Ey 	 1 	 2.776453e-10 	 1.121224e-12
14 	 162 	 Ey 	 1 	 4.059260e-10 	 1.414236e-12
14 	 163 	 Ey 	 1 	 5.630987e-10 	 2.205006e-12
14 	 164 	 Ey 	 1 	 6.780520e-10 	 3.075266e-12
14 	 165 	 Ey 	 1 	 5.838586e-10 	 2.800551e-12
14 	 166 	 Ey 	 1 	 1.486595e-10 	 1.059171e-12
14 	 167 	 Ey 	 1 	 -3.827792e-10 	 -1.283037e-12
14 	 168 	 Ey 	 1 	 -6.633429e-10 	 -2.475808e-12
14 	 169 	 Ey 	 1 	 -6.399165e-10 	 -2.338589e-12
14 	 170 	 Ey 	 1 	 -4.911727e-10 	 -1.605933e-12
14 	 171 	 Ey 	 1 	 -3.428698e-10 	 -1.060206e-12
14 	 172 	 Ey 	 1 	 -2.321293e-10 	 -8.953635e-13
14 	 173 	 Ey 	 1 	 -1.571843e-10 	 -6.151504e-13
14 	 174 	 Ey 	 1 	 -1.080390e-10 	 -4.050541e-13
14 	 175 	 Ey 	 1 	 -7.589892e-11 	 -4.764645e-13
14 	 176 	 Ey 	 1 	 -5.450804e-11 	 3.014695e-13
14 	 177 	 Ey 	 1 	 3.281247e-10 	 1.207168e-12
14 	 178 	 Ey 	 1 	 5.481787e-10 	 2.190289e-12
14 	 179 	 Ey 	 1 	 9.108300e-10 	 4.082575e-12
14 	 180 	 Ey 	 1 	 1.377028e-09 	 6.325042e-12
14 	 181 	 Ey 	 1 	 1.501200e-09 	 6.813583e-12
14 	 182 	 Ey 	 1 	 4.495673e-10 	 2.239357e-12
14 	 183 	 Ey 	 1 	 -1.088159e-09 	 -4.457051e-12
14 	 184 	 Ey 	 1 	 -1.543534e-09 	 -6.573183e-12
14 	 185 	 Ey 	 1 	 -1.169921e-09 	 -4.947487e-12
14 	 186 	 Ey 	 1 	 -7.291693e-10 	 -2.889916e-12
14 	 187 	 Ey 	 1 	 -4.344847e-10 	 -1.408655e-12
14 	 188 	 Ey 	 1 	 -2.621590e-10 	 -8.762025e-13
14 	 189 	 Ey 	 1 	 -1.634570e-10 	 -8.536057e-13
14 	 190 	 Ey 	 1 	 -1.058079e-10 	 -5.312255e-13
14 	 191 	 Ey 	 1 	 -7.116874e-11 	 -4.693631e-13
14 	 192 	 Ey 	 1 	 -4.955857e-11 	 7.033644e-14
14 	 193 	 Ey 	 1 	 3.282588e-10 	 1.510886e-12
14 	 194 	 Ey 	 1 	 6.316787e-10 	 2.882322e-12
14 	 195 	 Ey 	 1 	 1.308023e-09 	 5.900471e-12
14 	 196 	 Ey 	 1 	 2.771677e-09 	 1.221647e-11
14 	 197 	 Ey 	 1 	 4.736676e-09 	 2.033584e-11
14 	 198 	 Ey 	 1 	 2.036328e-09 	 8.727955e-12
14 	 199 	 Ey 	 1 	 -4.321191e-09 	 -1.810847e-11
14 	 200 	 Ey 	 1 	 -3.960881e-09 	 -1.682722e-11
14 	 201 	 Ey 	 1 	 -1.994245e-09 	 -8.675585e-12
14 	 202 	 Ey 	 1 	 -9.385352e-10 	 -4.144786e-12
14 	 203 	 Ey 	 1 	 -4.668647e-10 	 -1.858875e-12
14 	 204 	 Ey 	 1 	 -2.506803e-10 	 -8.604558e-13
14 	 205 	 Ey 	 1 	 -1.447180e-10 	 -6.100756e-13
14 	 206 	 Ey 	 1 	 -8.901331e-11 	 -4.081255e-13
14 	 207 	 Ey 	 1 	 -5.789590e-11 	 -4.406214e-13
14 	 208 	 Ey 	 1 	 -3.952134e-11 	 -3.636259e-13
14 	 209 	 Ey 	 1 	 2.324527e-10 	 1.097349e-12
14 	 210 	 Ey 	 1 	 5.036702e-10 	 2.412463e-12
14 	 211 	 Ey 	 1 	 1.293216e-09 	 5.859603e-12
14 	 212 	 Ey 	 1 	 4.170144e-09 	 1.798114e-11
14 	 213 	 Ey 	 1 	 1.666861e-08 	 6.962005e-11
14 	 214 	 Ey 	 1 	 2.151964e-08 	 8.872127e-11
14 	 215 	 Ey 	 1 	 -2.989392e-08 	 -1.230855e-10
14 	 216 	 Ey 	 1 	 -8.901705e-09 	 -3.719872e-11
14 	 217 	 Ey 	 1 	 -2.400978e-09 	 -1.028693e-11
14 	 218 	 Ey 	 1 	 -8.296474e-10 	 -3.699589e-12
14 	 219 	 Ey 	 1 	 -3.504099e-10 	 -1.591689e-12
14 	 220 	 Ey 	 1 	 -1.715507e-10 	 -7.844772e-13
14 	 221 	 Ey 	 1 	 -9.391481e-11 	 -5.921648e-13
14 	 222 	 Ey 	 1 	 -5.613125e-11 	 -4.720580e-13
14 	 223 	 Ey 	 1 	 -3.606511e-11 	 -3.290512e-13
14 	 224 	 Ey 	 1 	 -2.464408e-11 	 -3.395247e-13
14 	 225 	 Ey 	 1 	 2.229747e-11 	 5.641154e-13
14 	 226 	 Ey 	 1 	 6.345569e-11 	 6.426352e-13
14 	 227 	 Ey 	 1 	 2.135240e-10 	 1.278825e-12
14 	 228 	 Ey 	 1 	 9.999360e-10 	 4.445401e-12
14 	 229 	 Ey 	 1 	 9.853141e-09 	 4.074506e-11
14 	 230 	 Ey 	 1 	 2.771628e-06 	 1.113002e-08
14 	 231 	 Ey 	 1 	 -6.913267e-08 	 -2.834122e-10
14 	 232 	 Ey 	 1 	 -3.534992e-09 	 -1.490617e-11
14 	 233 	 Ey 	 1 	 -6.520534e-10 	 -2.990350e-12
14 	 234 	 Ey 	 1 	 -2.163508e-10 	 -1.136406e-12
14 	 235 	 Ey 	 1 	 -9.860488e-11 	 -6.669903e-13
14 	 236 	 Ey 	 1 	 -5.488749e-11 	 -5.210939e-13
14 	 237 	 Ey 	 1 	 -3.503008e-11 	 -5.307922e-13
14 	 238 	 Ey 	 1 	 -2.464436e-11 	 -5.221469e-13
14 	 239 	 Ey 	 1 	 -1.859268e-11 	 -4.090226e-13
14 	 240 	 Ey 	 1 	 -1.478298e-11 	 -3.213813e-13
14 	 241 	 Ey 	 1 	 -1.699617e-10 	 -1.387458e-14
14 	 242 	 Ey 	 1 	 -3.867509e-10 	 -1.116036e-12
14 	 243 	 Ey 	 1 	 -1.059262e-09 	 -4.234217e-12
14 	 244 	 Ey 	 1 	 -3.885815e-09 	 -1.614237e-11
14 	 245 	 Ey 	 1 	 -2.230369e-08 	 -9.225546e-11
14 	 246 	 Ey 	 1 	 -5.322761e-08 	 -2.189432e-10
14 	 247 	 Ey 	 1 	 6.594534e-08 	 2.699496e-10
14 	 248 	 Ey 	 1 	 9.635450e-09 	 4.005939e-11
14 	 249 	 Ey 	 1 	 2.087072e-09 	 8.613716e-12
14 	 250 	 Ey 	 1 	 6.596307e-10 	 2.469675e-12
14 	 251 	 Ey 	 1 	 2.645601e-10 	 5.988776e-13
14 	 252 	 Ey 	 1 	 1.236901e-10 	 -7.672786e-14
14 	 253 	 Ey 	 1 	 6.399458e-11 	 -1.759225e-13
14 	 254 	 Ey 	 1 	 3.535834e-11 	 -2.354027e-13
14 	 255 	 Ey 	 1 	 2.028244e-11 	 -4.393855e-13
14 	 256 	 Ey 	 1 	 1.182073e-11 	 -4.937728e-13
14 	 1 	 Ey 	 2 	 1.715757e-11 	 6.454711e-13
14 	 2 	 Ey 	 2 	 1.540327e-11 	 5.483240e-13
14 	 3 	 Ey 	 2 	 1.285624e-11 	 4.655763e-13
14 	 4 	 Ey 	 2 	 9.554415e-12 	 3.932876e-13
14 	 5 	 Ey 	 2 	 5.644219e-12 	 3.331568e-13
14 	 6 	 Ey 	 2 	 1.057102e-12 	 2.810614e-13
14 	 7 	 Ey 	 2 	 -3.013650e-12 	 2.357605e-13
14 	 8 	 Ey 	 2 	 -7.157505e-12 	 1.939422e-13
14 	 9 	 Ey 	 2 	 -1.079663e-11 	 1.543221e-13
14 	 10 	 Ey 	 2 	 -1.373681e-11 	 1.152655e-13
14 	 11 	 Ey 	 2 	 -1.588017e-11 	 7.334042e-14
14 	 12 	 Ey 	 2 	 -1.722746e-11 	 2.780420e-14
14 	 13 	 Ey 	 2 	 -1.785422e-11 	 -2.404639e-14
14 	 14 	 Ey 	 2 	 -1.787375e-11 	 -7.844054e-14
14 	 15 	 Ey 	 2 	 -1.743353e-11 	 -1.399131e-13
14 	 16 	 Ey 	 2 	 -1.667943e-11 	 -2.120824e-13
14 	 17 	 Ey 	 2 	 2.179179e-11 	 7.339085e-13
14 	 18 	 Ey 	 2 	 1.985659e-11 	 6.220110e-13
14 	 19 	 Ey 	 2 	 1.678658e-11 	 5.258487e-13
14 	 20 	 Ey 	 2 	 1.260211e-11 	 4.434586e-13
14 	 21 	 Ey 	 2 	 7.483707e-12 	 3.688751e-13
14 	 22 	 Ey 	 2 	 1.413257e-12 	 3.038794e-13
14 	 23 	 Ey 	 2 	 -4.049612e-12 	 2.447852e-13
14 	 24 	 Ey 	 2 	 -9.531318e-12 	 1.920279e-13
14 	 25 	 Ey 	 2 	 -1.424244e-11 	 1.416842e-13
14 	 26 	 Ey 	 2 	 -1.790641e-11 	 9.375323e-14
14 	 27 	 Ey 	 2 	 -2.041244e-11 	 4.335950e-14
14 	 28 	 Ey 	 2 	 -2.180223e-11 	 -1.181730e-14
14 	 29 	 Ey 	 2 	 -2.221890e-11 	 -7.092994e-14
14 	 30 	 Ey 	 2 	 -2.186330e-11 	 -1.339812e-13
14 	 31 	 Ey 	 2 	 -2.095692e-11 	 -2.019190e-13
14 	 32 	 Ey 	 2 	 -1.969141e-11 	 -2.721422e-13
14 	 33 	 Ey 	 2 	 2.804554e-11 	 8.293306e-13
14 	 34 	 Ey 	 2 	 2.601508e-11 	 6.999583e-13
14 	 35 	 Ey 	 2 	 2.232842e-11 	 5.851187e-13
14 	 36 	 Ey 	 2 	 1.695679e-11 	 4.852572e-13
14 	 37 	 Ey 	 2 	 1.013715e-11 	 3.983291e-13
14 	 38 	 Ey 	 2 	 1.925027e-12 	 3.204764e-13
14 	 39 	 Ey 	 2 	 -5.570816e-12 	 2.493537e-13
14 	 40 	 Ey 	 2 	 -1.297416e-11 	 1.852872e-13
14 	 41 	 Ey 	 2 	 -1.916905e-11 	 1.237513e-13
14 	 42 	 Ey 	 2 	 -2.375653e-11 	 6.524784e-14
14 	 43 	 Ey 	 2 	 -2.662174e-11 	 7.226097e-15
14 	 44 	 Ey 	 2 	 -2.788702e-11 	 -4.988842e-14
14 	 45 	 Ey 	 2 	 -2.784072e-11 	 -1.086343e-13
14 	 46 	 Ey 	 2 	 -2.684480e-11 	 -1.776036e-13
14 	 47 	 Ey 	 2 	 -2.522574e-11 	 -2.540564e-13
14 	 48 	 Ey 	 2 	 -2.326908e-11 	 -3.391488e-13
14 	 49 	 Ey 	 2 	 3.653304e-11 	 9.138460e-13
14 	 50 	 Ey 	 2 	 3.464166e-11 	 7.679557e-13
14 	 51 	 Ey 	 2 	 3.031774e-11 	 6.402521e-13
14 	 52 	 Ey 	 2 	 2.337317e-11 	 5.248993e-13
14 	 53 	 Ey 	 2 	 1.409896e-11 	 4.232836e-13
14 	 54 	 Ey 	 2 	 2.697195e-12 	 3.308990e-13
14 	 55 	 Ey 	 2 	 -7.873209e-12 	 2.470065e-13
14 	 56 	 Ey 	 2 	 -1.811285e-11 	 1.698852e-13
14 	 57 	 Ey 	 2 	 -2.637980e-11 	 1.005456e-13
14 	 58 	 Ey 	 2 	 -3.210308e-11 	 3.651127e-14
14 	 59 	 Ey 	 2 	 -3.521923e-11 	 -2.578277e-14
14 	 60 	 Ey 	 2 	 -3.606003e-11 	 -9.000310e-14
14 	 61 	 Ey 	 2 	 -3.516244e-11 	 -1.579119e-13
14 	 62 	 Ey 	 2 	 -3.309425e-11 	 -2.267303e-13
14 	 63 	 Ey 	 2 	 -3.037574e-11 	 -3.028498e-13
14 	 64 	 Ey 	 2 	 -2.740313e-11 	 -3.897945e-13
14 	 65 	 Ey 	 2 	 4.819698e-11 	 9.899330e-13
14 	 66 	 Ey 	 2 	 4.697555e-11 	 8.314544e-13
14 	 67 	 Ey 	 2 	 4.213664e-11 	 6.932822e-13
14 	 68 	 Ey 	 2 	 3.314201e-11 	 5.682025e-13
14 	 69 	 Ey 	 2 	 2.024881e-11 	 4.513837e-13
14 	 70 	 Ey 	 2 	 3.932090e-12 	 3.438597e-13
14 	 71 	 Ey 	 2 	 -1.145883e-11 	 2.427266e-13
14 	 72 	 Ey 	 2 	 -2.602476e-11 	 1.523984e-13
14 	 73 	 Ey 	 2 	 -3.723635e-11 	 7.192065e-14
14 	 74 	 Ey 	 2 	 -4.430085e-11 	 -2.003471e-15
14 	 75 	 Ey 	 2 	 -4.734177e-11 	 -6.945305e-14
14 	 76 	 Ey 	 2 	 -4.712670e-11 	 -1.376789e-13
14 	 77 	 Ey 	 2 	 -4.464993e-11 	 -2.052494e-13
14 	 78 	 Ey 	 2 	 -4.086831e-11 	 -2.783662e-13
14 	 79 	 Ey 	 2 	 -3.651815e-11 	 -3.542558e-13
14 	 80 	 Ey 	 2 	 -3.211977e-11 	 -4.373980e-13
14 	 81 	 Ey 	 2 	 6.440269e-11 	 1.067423e-12
14 	 82 	 Ey 	 2 	 6.497935e-11 	 9.052999e-13
14 	 83 	 Ey 	 2 	 6.015886e-11 	 7.591332e-13
14 	 84 	 Ey 	 2 	 4.856520e-11 	 6.201784e-13
14 	 85 	 Ey 	 2 	 3.019641e-11 	 4.832533e-13
14 	 86 	 Ey 	 2 	 5.973680e-12 	 3.526209e-13
14 	 87 	 Ey 	 2 	 -1.732792e-11 	 2.280504e-13
14 	 88 	 Ey 	 2 	 -3.872649e-11 	 1.153805e-13
14 	 89 	 Ey 	 2 	 -5.415992e-11 	 1.924495e-14
14 	 90 	 Ey 	 2 	 -6.257514e-11 	 -6.112411e-14
14 	 91 	 Ey 	 2 	 -6.468102e-11 	 -1.290642e-13
14 	 92 	 Ey 	 2 	 -6.217041e-11 	 -1.926475e-13
14 	 93 	 Ey 	 2 	 -5.690586e-11 	 -2.586613e-13
14 	 94 	 Ey 	 2 	 -5.038844e-11 	 -3.291073e-13
14 	 95 	 Ey 	 2 	 -4.367904e-11 	 -4.084120e-13
14 	 96 	 Ey 	 2 	 -3.736614e-11 	 -4.955103e-13
14 	 97 	 Ey 	 2 	 8.703576e-11 	 1.155502e-12
14 	 98 	 Ey 	 2 	 9.170228e-11 	 9.935751e-13
14 	 99 	 Ey 	 2 	 8.846252e-11 	 8.388408e-13
14 	 100 	 Ey 	 2 	 7.395637e-11 	 6.837432e-13
14 	 101 	 Ey 	 2 	 4.711899e-11 	 5.221242e-13
14 	 102 	 Ey 	 2 	 9.539786e-12 	 3.590327e-13
14 	 103 	 Ey 	 2 	 -2.744136e-11 	 1.952974e-13
14 	 104 	 Ey 	 2 	 -6.009368e-11 	 5.238479e-14
14 	 105 	 Ey 	 2 	 -8.151162e-11 	 -5.937926e-14
14 	 106 	 Ey 	 2 	 -9.061271e-11 	 -1.479529e-13
14 	 107 	 Ey 	 2 	 -8.975774e-11 	 -2.170391e-13
14 	 108 	 Ey 	 2 	 -8.261235e-11 	 -2.730060e-13
14 	 109 	 Ey 	 2 	 -7.250861e-11 	 -3.252973e-13
14 	 110 	 Ey 	 2 	 -6.176617e-11 	 -3.908921e-13
14 	 111 	 Ey 	 2 	 -5.170310e-11 	 -4.673445e-13
14 	 112 	 Ey 	 2 	 -4.288353e-11 	 -5.501666e-13
14 	 113 	 Ey 	 2 	 1.184295e-10 	 1.248890e-12
14 	 114 	 Ey 	 2 	 1.318954e-10 	 1.094208e-12
14 	 115 	 Ey 	 2 	 1.343642e-10 	 9.473186e-13
14 	 116 	 Ey 	 2 	 1.178861e-10 	 7.823301e-13
14 	 117 	 Ey 	 2 	 7.778855e-11 	 5.826951e-13
14 	 118 	 Ey 	 2 	 1.627171e-11 	 3.617960e-13
14 	 119 	 Ey 	 2 	 -4.605595e-11 	 1.400748e-13
14 	 120 	 Ey 	 2 	 -9.813414e-11 	 -4.973250e-14
14 	 121 	 Ey 	 2 	 -1.275667e-10 	 -1.882638e-13
14 	 122 	 Ey 	 2 	 -1.346349e-10 	 -2.799493e-13
14 	 123 	 Ey 	 2 	 -1.261923e-10 	 -3.286485e-13
14 	 124 	 Ey 	 2 	 -1.100250e-10 	 -3.748324e-13
14 	 125 	 Ey 	 2 	 -9.183435e-11 	 -4.207563e-13
14 	 126 	 Ey 	 2 	 -7.479069e-11 	 -4.614798e-13
14 	 127 	 Ey 	 2 	 -6.017315e-11 	 -5.280627e-13
14 	 128 	 Ey 	 2 	 -4.824456e-11 	 -6.062449e-13
14 	 129 	 Ey 	 2 	 1.610840e-10 	 1.341109e-12
14 	 130 	 Ey 	 2 	 1.925444e-10 	 1.236415e-12
14 	 131 	 Ey 	 2 	 2.110723e-10 	 1.110051e-12
14 	 132 	 Ey 	 2 	 1.982490e-10 	 9.459624e-13
14 	 133 	 Ey 	 2 	 1.378064e-10 	 6.888766e-13
14 	 134 	 Ey 	 2 	 3.009393e-11 	 3.764677e-13
14 	 135 	 Ey 	 2 	 -8.331819e-11 	 4.441780e-14
14 	 136 	 Ey 	 2 	 -1.706355e-10 	 -2.175193e-13
14 	 137 	 Ey 	 2 	 -2.086902e-10 	 -3.786772e-13
14 	 138 	 Ey 	 2 	 -2.050246e-10 	 -4.693183e-13
14 	 139 	 Ey 	 2 	 -1.786743e-10 	 -4.948368e-13
14 	 140 	 Ey 	 2 	 -1.455687e-10 	 -5.149289e-13
14 	 141 	 Ey 	 2 	 -1.144411e-10 	 -5.206901e-13
14 	 142 	 Ey 	 2 	 -8.852179e-11 	 -5.528178e-13
14 	 143 	 Ey 	 2 	 -6.819138e-11 	 -5.998839e-13
14 	 144 	 Ey 	 2 	 -5.273069e-11 	 -6.692113e-13
14 	 145 	 Ey 	 2 	 2.158839e-10 	 1.473907e-12
14 	 146 	 Ey 	 2 	 2.823614e-10 	 1.438714e-12
14 	 147 	 Ey 	 2 	 3.420133e-10 	 1.355572e-12
14 	 148 	 Ey 	 2 	 3.547960e-10 	 1.219420e-12
14 	 149 	 Ey 	 2 	 2.673776e-10 	 9.107588e-13
14 	 150 	 Ey 	 2 	 6.199630e-11 	 4.171996e-13
14 	 151 	 Ey 	 2 	 -1.667178e-10 	 -1.186802e-13
14 	 152 	 Ey 	 2 	 -3.209335e-10 	 -5.182032e-13
14 	 153 	 Ey 	 2 	 -3.580328e-10 	 -7.109825e-13
14 	 154 	 Ey 	 2 	 -3.178718e-10 	 -7.461457e-13
14 	 155 	 Ey 	 2 	 -2.516473e-10 	 -7.250733e-13
14 	 156 	 Ey 	 2 	 -1.885145e-10 	 -6.666072e-13
14 	 157 	 Ey 	 2 	 -1.381517e-10 	 -6.474643e-13
14 	 158 	 Ey 	 2 	 -1.009105e-10 	 -6.545087e-13
14 	 159 	 Ey 	 2 	 -7.422363e-11 	 -6.827436e-13
14 	 160 	 Ey 	 2 	 -5.529069e-11 	 -7.348063e-13
14 	 161 	 Ey 	 2 	 2.779326e-10 	 1.574593e-12
14 	 162 	 Ey 	 2 	 4.067159e-10 	 1.602000e-12
14 	 163 	 Ey 	 2 	 5.643257e-10 	 1.718285e-12
14 	 164 	 Ey 	 2 	 6.795878e-10 	 1.705928e-12
14 	 165 	 Ey 	 2 	 5.851346e-10 	 1.353208e-12
14 	 166 	 Ey 	 2 	 1.487263e-10 	 5.363747e-13
14 	 167 	 Ey 	 2 	 -3.841415e-10 	 -4.647308e-13
14 	 168 	 Ey 	 2 	 -6.654762e-10 	 -1.062094e-12
14 	 169 	 Ey 	 2 	 -6.419648e-10 	 -1.218805e-12
14 	 170 	 Ey 	 2 	 -4.927796e-10 	 -1.125044e-12
14 	 171 	 Ey 	 2 	 -3.440396e-10 	 -9.615573e-13
14 	 172 	 Ey 	 2 	 -2.329257e-10 	 -8.329587e-13
14 	 173 	 Ey 	 2 	 -1.577234e-10 	 -7.721781e-13
14 	 174 	 Ey 	 2 	 -1.083864e-10 	 -7.545597e-13
14 	 175 	 Ey 	 2 	 -7.607048e-11 	 -7.718358e-13
14 	 176 	 Ey 	 2 	 -5.465556e-11 	 -8.101346e-13
14 	 177 	 Ey 	 2 	 3.285390e-10 	 1.678790e-12
14 	 178 	 Ey 	 2 	 5.492656e-10 	 1.880240e-12
14 	 179 	 Ey 	 2 	 9.129053e-10 	 2.264740e-12
14 	 180 	 Ey 	 2 	 1.380429e-09 	 2.641280e-12
14 	 181 	 Ey 	 2 	 1.505025e-09 	 2.444511e-12
14 	 182 	 Ey 	 2 	 4.505170e-10 	 8.665792e-13
14 	 183 	 Ey 	 2 	 -1.091464e-09 	 -1.274021e-12
14 	 184 	 Ey 	 2 	 -1.547997e-09 	 -2.217817e-12
14 	 185 	 Ey 	 2 	 -1.173319e-09 	 -1.998986e-12
14 	 186 	 Ey 	 2 	 -7.313167e-10 	 -1.570320e-12
14 	 187 	 Ey 	 2 	 -4.358293e-10 	 -1.205190e-12
14 	 188 	 Ey 	 2 	 -2.629627e-10 	 -9.929197e-13
14 	 189 	 Ey 	 2 	 -1.638644e-10 	 -8.986234e-13
14 	 190 	 Ey 	 2 	 -1.060320e-10 	 -8.581785e-13
14 	 191 	 Ey 	 2 	 -7.123029e-11 	 -8.637874e-13
14 	 192 	 Ey 	 2 	 -4.957289e-11 	 -8.922201e-13
14 	 193 	 Ey 	 2 	 3.286135e-10 	 1.666435e-12
14 	 194 	 Ey 	 2 	 6.329492e-10 	 1.963012e-12
14 	 195 	 Ey 	 2 	 1.311226e-09 	 2.668086e-12
14 	 196 	 Ey 	 2 	 2.779018e-09 	 4.048282e-12
14 	 197 	 Ey 	 2 	 4.749607e-09 	 5.338148e-12
14 	 198 	 Ey 	 2 	 2.041826e-09 	 2.120723e-12
14 	 199 	 Ey 	 2 	 -4.333481e-09 	 -4.109629e-12
14 	 200 	 Ey 	 2 	 -3.972062e-09 	 -4.570260e-12
14 	 201 	 Ey 	 2 	 -1.999831e-09 	 -2.973732e-12
14 	 202 	 Ey 	 2 	 -9.411044e-10 	 -1.911881e-12
14 	 203 	 Ey 	 2 	 -4.681444e-10 	 -1.340968e-12
14 	 204 	 Ey 	 2 	 -2.513101e-10 	 -1.098335e-12
14 	 205 	 Ey 	 2 	 -1.449771e-10 	 -9.895948e-13
14 	 206 	 Ey 	 2 	 -8.907442e-11 	 -9.564336e-13
14 	 207 	 Ey 	 2 	 -5.779655e-11 	 -9.616391e-13
14 	 208 	 Ey 	 2 	 -3.932407e-11 	 -9.854423e-13
14 	 209 	 Ey 	 2 	 2.325016e-10 	 1.503584e-12
14 	 210 	 Ey 	 2 	 5.045101e-10 	 1.751998e-12
14 	 211 	 Ey 	 2 	 1.296348e-09 	 2.515456e-12
14 	 212 	 Ey 	 2 	 4.181421e-09 	 4.986278e-12
14 	 213 	 Ey 	 2 	 1.671519e-08 	 1.285176e-11
14 	 214 	 Ey 	 2 	 2.158006e-08 	 1.243735e-11
14 	 215 	 Ey 	 2 	 -2.997820e-08 	 -1.847285e-11
14 	 216 	 Ey 	 2 	 -8.926758e-09 	 -8.018374e-12
14 	 217 	 Ey 	 2 	 -2.407621e-09 	 -3.231033e-12
14 	 218 	 Ey 	 2 	 -8.318004e-10 	 -1.766574e-12
14 	 219 	 Ey 	 2 	 -3.511852e-10 	 -1.264470e-12
14 	 220 	 Ey 	 2 	 -1.717676e-10 	 -1.099408e-12
14 	 221 	 Ey 	 2 	 -9.384602e-11 	 -1.052534e-12
14 	 222 	 Ey 	 2 	 -5.592007e-11 	 -1.052919e-12
14 	 223 	 Ey 	 2 	 -3.576292e-11 	 -1.071637e-12
14 	 224 	 Ey 	 2 	 -2.427264e-11 	 -1.093935e-12
14 	 225 	 Ey 	 2 	 2.162917e-11 	 1.200079e-12
14 	 226 	 Ey 	 2 	 6.300464e-11 	 1.103247e-12
14 	 227 	 Ey 	 2 	 2.135817e-10 	 1.099537e-12
14 	 228 	 Ey 	 2 	 1.002304e-09 	 1.592750e-12
14 	 229 	 Ey 	 2 	 9.880599e-09 	 6.496786e-12
14 	 230 	 Ey 	 2 	 2.779439e-06 	 5.045877e-10
14 	 231 	 Ey 	 2 	 -6.932756e-08 	 -3.574415e-11
14 	 232 	 Ey 	 2 	 -3.544820e-09 	 -3.134711e-12
14 	 233 	 Ey 	 2 	 -6.536429e-10 	 -1.244078e-12
14 	 234 	 Ey 	 2 	 -2.166324e-10 	 -9.890342e-13
14 	 235 	 Ey 	 2 	 -9.847913e-11 	 -1.000395e-12
14 	 236 	 Ey 	 2 	 -5.455777e-11 	 -1.066432e-12
14 	 237 	 Ey 	 2 	 -3.458058e-11 	 -1.132501e-12
14 	 238 	 Ey 	 2 	 -2.412436e-11 	 -1.186128e-12
14 	 239 	 Ey 	 2 	 -1.804699e-11 	 -1.222063e-12
14 	 240 	 Ey 	 2 	 -1.421920e-11 	 -1.241270e-12
14 	 241 	 Ey 	 2 	 -1.713176e-10 	 9.710266e-13
14 	 242 	 Ey 	 2 	 -3.885990e-10 	 5.050466e-13
14 	 243 	 Ey 	 2 	 -1.062817e-09 	 -5.039210e-13
14 	 244 	 Ey 	 2 	 -3.897176e-09 	 -3.249076e-12
14 	 245 	 Ey 	 2 	 -2.236669e-08 	 -1.474874e-11
14 	 246 	 Ey 	 2 	 -5.337774e-08 	 -3.120999e-11
14 	 247 	 Ey 	 2 	 6.613123e-08 	 3.278649e-11
14 	 248 	 Ey 	 2 	 9.662755e-09 	 7.480158e-12
14 	 249 	 Ey 	 2 	 2.093291e-09 	 1.718415e-12
14 	 250 	 Ey 	 2 	 6.619814e-10 	 5.661208e-14
14 	 251 	 Ey 	 2 	 2.659469e-10 	 -6.574827e-13
14 	 252 	 Ey 	 2 	 1.247851e-10 	 -1.023958e-12
14 	 253 	 Ey 	 2 	 6.495644e-11 	 -1.231333e-12
14 	 254 	 Ey 	 2 	 3.625767e-11 	 -1.346125e-12
14 	 255 	 Ey 	 2 	 2.118020e-11 	 -1.405206e-12
14 	 256 	 Ey 	 2 	 1.269819e-11 	 -1.420353e-12
