iTx 	 iRx    chrec  ifreq 	 emf_real 	 emf_imag
5 	 1 	 Ex 	 1 	 -3.864530e-10 	 7.262110e-11
5 	 2 	 Ex 	 1 	 -4.979283e-10 	 7.418277e-11
5 	 3 	 Ex 	 1 	 -3.480365e-10 	 7.169228e-11
5 	 4 	 Ex 	 1 	 -2.095796e-10 	 6.645248e-11
5 	 5 	 Ex 	 1 	 -8.348073e-11 	 5.950623e-11
5 	 6 	 Ex 	 1 	 -2.236070e-12 	 5.319084e-11
5 	 7 	 Ex 	 1 	 3.800977e-11 	 4.799203e-11
5 	 8 	 Ex 	 1 	 5.187838e-11 	 4.215537e-11
5 	 9 	 Ex 	 1 	 5.172745e-11 	 3.359878e-11
5 	 10 	 Ex 	 1 	 4.568746e-11 	 2.474490e-11
5 	 11 	 Ex 	 1 	 3.848960e-11 	 1.967950e-11
5 	 12 	 Ex 	 1 	 3.245080e-11 	 2.159473e-11
5 	 13 	 Ex 	 1 	 2.589145e-11 	 1.634940e-11
5 	 14 	 Ex 	 1 	 2.000039e-11 	 9.618387e-12
5 	 15 	 Ex 	 1 	 1.661465e-11 	 1.220768e-11
5 	 16 	 Ex 	 1 	 1.281380e-11 	 8.221557e-12
5 	 17 	 Ex 	 1 	 -6.582447e-10 	 9.961431e-11
5 	 18 	 Ex 	 1 	 -8.788639e-10 	 1.015540e-10
5 	 19 	 Ex 	 1 	 -5.592383e-10 	 9.792241e-11
5 	 20 	 Ex 	 1 	 -2.377712e-10 	 8.894164e-11
5 	 21 	 Ex 	 1 	 -1.071569e-11 	 7.718579e-11
5 	 22 	 Ex 	 1 	 9.184713e-11 	 6.569965e-11
5 	 23 	 Ex 	 1 	 1.182834e-10 	 5.604280e-11
5 	 24 	 Ex 	 1 	 1.112997e-10 	 4.720944e-11
5 	 25 	 Ex 	 1 	 9.330584e-11 	 3.711189e-11
5 	 26 	 Ex 	 1 	 7.445963e-11 	 2.846060e-11
5 	 27 	 Ex 	 1 	 5.845206e-11 	 2.388730e-11
5 	 28 	 Ex 	 1 	 4.571264e-11 	 2.163445e-11
5 	 29 	 Ex 	 1 	 3.523428e-11 	 1.713837e-11
5 	 30 	 Ex 	 1 	 2.689882e-11 	 1.199846e-11
5 	 31 	 Ex 	 1 	 2.113987e-11 	 1.178974e-11
5 	 32 	 Ex 	 1 	 1.623338e-11 	 8.789323e-12
5 	 33 	 Ex 	 1 	 -1.258902e-09 	 1.419991e-10
5 	 34 	 Ex 	 1 	 -1.844408e-09 	 1.456158e-10
5 	 35 	 Ex 	 1 	 -9.431080e-10 	 1.391306e-10
5 	 36 	 Ex 	 1 	 -1.208476e-10 	 1.220262e-10
5 	 37 	 Ex 	 1 	 2.363296e-10 	 1.016714e-10
5 	 38 	 Ex 	 1 	 2.952787e-10 	 8.178641e-11
5 	 39 	 Ex 	 1 	 2.539807e-10 	 6.434929e-11
5 	 40 	 Ex 	 1 	 1.961614e-10 	 5.008970e-11
5 	 41 	 Ex 	 1 	 1.462286e-10 	 3.952796e-11
5 	 42 	 Ex 	 1 	 1.082308e-10 	 3.292669e-11
5 	 43 	 Ex 	 1 	 8.052277e-11 	 2.935918e-11
5 	 44 	 Ex 	 1 	 5.945702e-11 	 2.119257e-11
5 	 45 	 Ex 	 1 	 4.433954e-11 	 1.624178e-11
5 	 46 	 Ex 	 1 	 3.375694e-11 	 1.521956e-11
5 	 47 	 Ex 	 1 	 2.554302e-11 	 1.200320e-11
5 	 48 	 Ex 	 1 	 1.925503e-11 	 8.335537e-12
5 	 49 	 Ex 	 1 	 -2.654032e-09 	 2.140760e-10
5 	 50 	 Ex 	 1 	 -5.186651e-09 	 2.198779e-10
5 	 51 	 Ex 	 1 	 -1.334740e-09 	 2.064069e-10
5 	 52 	 Ex 	 1 	 7.464285e-10 	 1.682499e-10
5 	 53 	 Ex 	 1 	 9.082333e-10 	 1.283031e-10
5 	 54 	 Ex 	 1 	 6.672969e-10 	 9.580645e-11
5 	 55 	 Ex 	 1 	 4.490677e-10 	 7.048138e-11
5 	 56 	 Ex 	 1 	 3.006456e-10 	 5.364828e-11
5 	 57 	 Ex 	 1 	 2.049220e-10 	 4.464153e-11
5 	 58 	 Ex 	 1 	 1.427923e-10 	 3.869777e-11
5 	 59 	 Ex 	 1 	 1.010475e-10 	 3.067830e-11
5 	 60 	 Ex 	 1 	 7.191642e-11 	 1.963525e-11
5 	 61 	 Ex 	 1 	 5.297700e-11 	 1.850439e-11
5 	 62 	 Ex 	 1 	 3.959759e-11 	 1.744511e-11
5 	 63 	 Ex 	 1 	 2.885510e-11 	 9.607216e-12
5 	 64 	 Ex 	 1 	 2.232260e-11 	 1.113881e-11
5 	 65 	 Ex 	 1 	 -1.879306e-09 	 3.772637e-10
5 	 66 	 Ex 	 1 	 -2.667353e-08 	 3.526794e-10
5 	 67 	 Ex 	 1 	 3.998564e-09 	 3.521930e-10
5 	 68 	 Ex 	 1 	 4.387620e-09 	 2.364652e-10
5 	 69 	 Ex 	 1 	 2.240330e-09 	 1.582662e-10
5 	 70 	 Ex 	 1 	 1.172277e-09 	 1.096848e-10
5 	 71 	 Ex 	 1 	 6.617186e-10 	 7.654011e-11
5 	 72 	 Ex 	 1 	 3.997261e-10 	 5.624957e-11
5 	 73 	 Ex 	 1 	 2.555628e-10 	 4.753171e-11
5 	 74 	 Ex 	 1 	 1.708173e-10 	 4.259875e-11
5 	 75 	 Ex 	 1 	 1.171046e-10 	 3.217860e-11
5 	 76 	 Ex 	 1 	 8.141231e-11 	 1.902529e-11
5 	 77 	 Ex 	 1 	 5.915604e-11 	 1.922914e-11
5 	 78 	 Ex 	 1 	 4.383725e-11 	 1.912696e-11
5 	 79 	 Ex 	 1 	 3.131034e-11 	 8.456263e-12
5 	 80 	 Ex 	 1 	 2.436431e-11 	 1.237400e-11
5 	 81 	 Ex 	 1 	 1.481462e-07 	 1.301763e-09
5 	 82 	 Ex 	 1 	 -9.527769e-07 	 -1.837317e-09
5 	 83 	 Ex 	 1 	 6.140893e-08 	 7.540982e-10
5 	 84 	 Ex 	 1 	 1.082199e-08 	 3.025592e-10
5 	 85 	 Ex 	 1 	 3.532765e-09 	 1.771229e-10
5 	 86 	 Ex 	 1 	 1.546219e-09 	 1.165470e-10
5 	 87 	 Ex 	 1 	 7.993305e-10 	 7.912396e-11
5 	 88 	 Ex 	 1 	 4.597620e-10 	 5.805181e-11
5 	 89 	 Ex 	 1 	 2.853733e-10 	 4.983177e-11
5 	 90 	 Ex 	 1 	 1.871051e-10 	 4.479117e-11
5 	 91 	 Ex 	 1 	 1.263272e-10 	 3.190922e-11
5 	 92 	 Ex 	 1 	 8.703414e-11 	 1.836879e-11
5 	 93 	 Ex 	 1 	 6.310840e-11 	 2.054969e-11
5 	 94 	 Ex 	 1 	 4.642731e-11 	 1.965832e-11
5 	 95 	 Ex 	 1 	 3.282976e-11 	 7.156232e-12
5 	 96 	 Ex 	 1 	 2.587132e-11 	 1.390537e-11
5 	 97 	 Ex 	 1 	 3.178535e-08 	 6.791790e-10
5 	 98 	 Ex 	 1 	 -1.146810e-07 	 3.638026e-10
5 	 99 	 Ex 	 1 	 2.632003e-08 	 5.422527e-10
5 	 100 	 Ex 	 1 	 8.156452e-09 	 2.783205e-10
5 	 101 	 Ex 	 1 	 3.064750e-09 	 1.710610e-10
5 	 102 	 Ex 	 1 	 1.416104e-09 	 1.145681e-10
5 	 103 	 Ex 	 1 	 7.515265e-10 	 7.865597e-11
5 	 104 	 Ex 	 1 	 4.385359e-10 	 5.769691e-11
5 	 105 	 Ex 	 1 	 2.745210e-10 	 4.896338e-11
5 	 106 	 Ex 	 1 	 1.809566e-10 	 4.377620e-11
5 	 107 	 Ex 	 1 	 1.227495e-10 	 3.201249e-11
5 	 108 	 Ex 	 1 	 8.479686e-11 	 1.883718e-11
5 	 109 	 Ex 	 1 	 6.145590e-11 	 1.994162e-11
5 	 110 	 Ex 	 1 	 4.529220e-11 	 1.933406e-11
5 	 111 	 Ex 	 1 	 3.215088e-11 	 7.846382e-12
5 	 112 	 Ex 	 1 	 2.514603e-11 	 1.315139e-11
5 	 113 	 Ex 	 1 	 -3.617492e-09 	 2.825909e-10
5 	 114 	 Ex 	 1 	 -1.136921e-08 	 2.861302e-10
5 	 115 	 Ex 	 1 	 -4.123981e-10 	 2.697023e-10
5 	 116 	 Ex 	 1 	 2.233575e-09 	 2.032814e-10
5 	 117 	 Ex 	 1 	 1.575376e-09 	 1.452041e-10
5 	 118 	 Ex 	 1 	 9.437245e-10 	 1.041196e-10
5 	 119 	 Ex 	 1 	 5.711220e-10 	 7.437530e-11
5 	 120 	 Ex 	 1 	 3.591936e-10 	 5.531271e-11
5 	 121 	 Ex 	 1 	 2.354624e-10 	 4.617084e-11
5 	 122 	 Ex 	 1 	 1.599717e-10 	 4.071830e-11
5 	 123 	 Ex 	 1 	 1.111271e-10 	 3.170036e-11
5 	 124 	 Ex 	 1 	 7.800263e-11 	 1.947211e-11
5 	 125 	 Ex 	 1 	 5.691389e-11 	 1.858902e-11
5 	 126 	 Ex 	 1 	 4.235715e-11 	 1.835126e-11
5 	 127 	 Ex 	 1 	 3.055040e-11 	 9.201993e-12
5 	 128 	 Ex 	 1 	 2.359647e-11 	 1.142526e-11
5 	 129 	 Ex 	 1 	 -1.896028e-09 	 1.760749e-10
5 	 130 	 Ex 	 1 	 -3.086447e-09 	 1.812706e-10
5 	 131 	 Ex 	 1 	 -1.222146e-09 	 1.711481e-10
5 	 132 	 Ex 	 1 	 1.849420e-10 	 1.450164e-10
5 	 133 	 Ex 	 1 	 5.364064e-10 	 1.158088e-10
5 	 134 	 Ex 	 1 	 4.800526e-10 	 8.969214e-11
5 	 135 	 Ex 	 1 	 3.571296e-10 	 6.819588e-11
5 	 136 	 Ex 	 1 	 2.537264e-10 	 5.241503e-11
5 	 137 	 Ex 	 1 	 1.795212e-10 	 4.230641e-11
5 	 138 	 Ex 	 1 	 1.282519e-10 	 3.564665e-11
5 	 139 	 Ex 	 1 	 9.273850e-11 	 3.010027e-11
5 	 140 	 Ex 	 1 	 6.710133e-11 	 2.064131e-11
5 	 141 	 Ex 	 1 	 4.962690e-11 	 1.724168e-11
5 	 142 	 Ex 	 1 	 3.736419e-11 	 1.611444e-11
5 	 143 	 Ex 	 1 	 2.775691e-11 	 1.104568e-11
5 	 144 	 Ex 	 1 	 2.110903e-11 	 9.418877e-12
5 	 145 	 Ex 	 1 	 -9.277748e-10 	 1.199990e-10
5 	 146 	 Ex 	 1 	 -1.277268e-09 	 1.228620e-10
5 	 147 	 Ex 	 1 	 -7.450260e-10 	 1.178964e-10
5 	 148 	 Ex 	 1 	 -2.086538e-10 	 1.053385e-10
5 	 149 	 Ex 	 1 	 9.399007e-11 	 8.971972e-11
5 	 150 	 Ex 	 1 	 1.883428e-10 	 7.434291e-11
5 	 151 	 Ex 	 1 	 1.871266e-10 	 6.090803e-11
5 	 152 	 Ex 	 1 	 1.564340e-10 	 4.934982e-11
5 	 153 	 Ex 	 1 	 1.224458e-10 	 3.843792e-11
5 	 154 	 Ex 	 1 	 9.349793e-11 	 3.021968e-11
5 	 155 	 Ex 	 1 	 7.123816e-11 	 2.660057e-11
5 	 156 	 Ex 	 1 	 5.398675e-11 	 2.175566e-11
5 	 157 	 Ex 	 1 	 4.079041e-11 	 1.657063e-11
5 	 158 	 Ex 	 1 	 3.102078e-11 	 1.311870e-11
5 	 159 	 Ex 	 1 	 2.396716e-11 	 1.223353e-11
5 	 160 	 Ex 	 1 	 1.808445e-11 	 8.173277e-12
5 	 161 	 Ex 	 1 	 -5.108478e-10 	 8.577230e-11
5 	 162 	 Ex 	 1 	 -6.629729e-10 	 8.754551e-11
5 	 163 	 Ex 	 1 	 -4.473163e-10 	 8.459280e-11
5 	 164 	 Ex 	 1 	 -2.292132e-10 	 7.747760e-11
5 	 165 	 Ex 	 1 	 -5.365284e-11 	 6.816246e-11
5 	 166 	 Ex 	 1 	 4.192172e-11 	 5.949204e-11
5 	 167 	 Ex 	 1 	 7.828396e-11 	 5.232396e-11
5 	 168 	 Ex 	 1 	 8.322013e-11 	 4.522134e-11
5 	 169 	 Ex 	 1 	 7.448664e-11 	 3.549706e-11
5 	 170 	 Ex 	 1 	 6.186193e-11 	 2.632606e-11
5 	 171 	 Ex 	 1 	 4.998052e-11 	 2.143642e-11
5 	 172 	 Ex 	 1 	 4.039085e-11 	 2.170538e-11
5 	 173 	 Ex 	 1 	 3.157078e-11 	 1.679005e-11
5 	 174 	 Ex 	 1 	 2.416159e-11 	 1.038575e-11
5 	 175 	 Ex 	 1 	 1.943478e-11 	 1.183359e-11
5 	 176 	 Ex 	 1 	 1.492705e-11 	 8.410156e-12
5 	 177 	 Ex 	 1 	 -3.119836e-10 	 6.473737e-11
5 	 178 	 Ex 	 1 	 -3.962022e-10 	 6.592968e-11
5 	 179 	 Ex 	 1 	 -2.855077e-10 	 6.374899e-11
5 	 180 	 Ex 	 1 	 -1.873339e-10 	 5.895415e-11
5 	 181 	 Ex 	 1 	 -9.087767e-11 	 5.221159e-11
5 	 182 	 Ex 	 1 	 -2.207833e-11 	 4.650254e-11
5 	 183 	 Ex 	 1 	 1.686374e-11 	 4.198775e-11
5 	 184 	 Ex 	 1 	 3.442527e-11 	 3.875343e-11
5 	 185 	 Ex 	 1 	 3.890338e-11 	 3.337372e-11
5 	 186 	 Ex 	 1 	 3.646210e-11 	 2.475460e-11
5 	 187 	 Ex 	 1 	 3.148495e-11 	 1.690628e-11
5 	 188 	 Ex 	 1 	 2.743404e-11 	 1.894927e-11
5 	 189 	 Ex 	 1 	 2.286286e-11 	 1.748900e-11
5 	 190 	 Ex 	 1 	 1.756534e-11 	 8.824750e-12
5 	 191 	 Ex 	 1 	 1.453644e-11 	 9.797186e-12
5 	 192 	 Ex 	 1 	 1.189497e-11 	 1.001285e-11
5 	 193 	 Ex 	 1 	 -2.061541e-10 	 5.257557e-11
5 	 194 	 Ex 	 1 	 -2.602910e-10 	 5.324507e-11
5 	 195 	 Ex 	 1 	 -1.935601e-10 	 5.183452e-11
5 	 196 	 Ex 	 1 	 -1.450987e-10 	 4.826394e-11
5 	 197 	 Ex 	 1 	 -9.123108e-11 	 4.255826e-11
5 	 198 	 Ex 	 1 	 -4.610464e-11 	 3.673929e-11
5 	 199 	 Ex 	 1 	 -1.476917e-11 	 3.159938e-11
5 	 200 	 Ex 	 1 	 4.414752e-12 	 3.032750e-11
5 	 201 	 Ex 	 1 	 1.440827e-11 	 2.964230e-11
5 	 202 	 Ex 	 1 	 1.771362e-11 	 2.432125e-11
5 	 203 	 Ex 	 1 	 1.718568e-11 	 1.598312e-11
5 	 204 	 Ex 	 1 	 1.593888e-11 	 1.353988e-11
5 	 205 	 Ex 	 1 	 1.493783e-11 	 1.683296e-11
5 	 206 	 Ex 	 1 	 1.190405e-11 	 9.659922e-12
5 	 207 	 Ex 	 1 	 9.640619e-12 	 6.428135e-12
5 	 208 	 Ex 	 1 	 8.893612e-12 	 1.119929e-11
5 	 209 	 Ex 	 1 	 -1.448467e-10 	 4.383434e-11
5 	 210 	 Ex 	 1 	 -1.831272e-10 	 4.408464e-11
5 	 211 	 Ex 	 1 	 -1.382386e-10 	 4.359393e-11
5 	 212 	 Ex 	 1 	 -1.123720e-10 	 4.102137e-11
5 	 213 	 Ex 	 1 	 -8.112266e-11 	 3.676248e-11
5 	 214 	 Ex 	 1 	 -5.202645e-11 	 3.132715e-11
5 	 215 	 Ex 	 1 	 -2.897978e-11 	 2.605944e-11
5 	 216 	 Ex 	 1 	 -1.253237e-11 	 2.334005e-11
5 	 217 	 Ex 	 1 	 -1.829274e-12 	 2.277071e-11
5 	 218 	 Ex 	 1 	 4.449768e-12 	 2.256773e-11
5 	 219 	 Ex 	 1 	 6.768210e-12 	 1.709778e-11
5 	 220 	 Ex 	 1 	 7.045855e-12 	 1.051608e-11
5 	 221 	 Ex 	 1 	 7.642197e-12 	 1.223809e-11
5 	 222 	 Ex 	 1 	 7.330504e-12 	 1.224447e-11
5 	 223 	 Ex 	 1 	 5.474018e-12 	 4.666832e-12
5 	 224 	 Ex 	 1 	 5.470431e-12 	 8.421894e-12
5 	 225 	 Ex 	 1 	 -1.074925e-10 	 3.288119e-11
5 	 226 	 Ex 	 1 	 -1.363014e-10 	 3.300391e-11
5 	 227 	 Ex 	 1 	 -1.038050e-10 	 3.312723e-11
5 	 228 	 Ex 	 1 	 -8.890565e-11 	 3.215689e-11
5 	 229 	 Ex 	 1 	 -6.966400e-11 	 3.111237e-11
5 	 230 	 Ex 	 1 	 -5.030234e-11 	 2.905693e-11
5 	 231 	 Ex 	 1 	 -3.359196e-11 	 2.583841e-11
5 	 232 	 Ex 	 1 	 -2.090151e-11 	 2.064479e-11
5 	 233 	 Ex 	 1 	 -1.166570e-11 	 1.706886e-11
5 	 234 	 Ex 	 1 	 -5.122437e-12 	 1.635329e-11
5 	 235 	 Ex 	 1 	 -8.676263e-13 	 1.611636e-11
5 	 236 	 Ex 	 1 	 1.080560e-12 	 1.250821e-11
5 	 237 	 Ex 	 1 	 1.735269e-12 	 7.927615e-12
5 	 238 	 Ex 	 1 	 2.816208e-12 	 1.000052e-11
5 	 239 	 Ex 	 1 	 2.783196e-12 	 8.185505e-12
5 	 240 	 Ex 	 1 	 2.089565e-12 	 3.851061e-12
5 	 241 	 Ex 	 1 	 -8.323504e-11 	 2.330403e-11
5 	 242 	 Ex 	 1 	 -1.058666e-10 	 2.357326e-11
5 	 243 	 Ex 	 1 	 -8.117082e-11 	 2.333602e-11
5 	 244 	 Ex 	 1 	 -7.208843e-11 	 2.338336e-11
5 	 245 	 Ex 	 1 	 -5.980211e-11 	 2.363068e-11
5 	 246 	 Ex 	 1 	 -4.655246e-11 	 2.387941e-11
5 	 247 	 Ex 	 1 	 -3.422343e-11 	 2.361956e-11
5 	 248 	 Ex 	 1 	 -2.411935e-11 	 2.105956e-11
5 	 249 	 Ex 	 1 	 -1.671380e-11 	 1.563867e-11
5 	 250 	 Ex 	 1 	 -1.136410e-11 	 1.045118e-11
5 	 251 	 Ex 	 1 	 -6.634242e-12 	 1.193831e-11
5 	 252 	 Ex 	 1 	 -3.247873e-12 	 1.375804e-11
5 	 253 	 Ex 	 1 	 -2.057429e-12 	 8.622979e-12
5 	 254 	 Ex 	 1 	 -1.296937e-12 	 5.028004e-12
5 	 255 	 Ex 	 1 	 2.982243e-13 	 9.327187e-12
5 	 256 	 Ex 	 1 	 -1.027305e-13 	 3.914642e-12
5 	 1 	 Ex 	 2 	 -5.001152e-10 	 1.732976e-10
5 	 2 	 Ex 	 2 	 -6.139166e-10 	 1.779334e-10
5 	 3 	 Ex 	 2 	 -4.605711e-10 	 1.691265e-10
5 	 4 	 Ex 	 2 	 -3.146583e-10 	 1.491351e-10
5 	 5 	 Ex 	 2 	 -1.781420e-10 	 1.236278e-10
5 	 6 	 Ex 	 2 	 -8.522395e-11 	 9.760234e-11
5 	 7 	 Ex 	 2 	 -3.320468e-11 	 7.419954e-11
5 	 8 	 Ex 	 2 	 -7.799756e-12 	 5.465460e-11
5 	 9 	 Ex 	 2 	 3.202471e-12 	 3.912511e-11
5 	 10 	 Ex 	 2 	 7.258051e-12 	 2.723694e-11
5 	 11 	 Ex 	 2 	 8.337065e-12 	 1.839281e-11
5 	 12 	 Ex 	 2 	 8.301757e-12 	 1.198875e-11
5 	 13 	 Ex 	 2 	 7.822670e-12 	 7.414034e-12
5 	 14 	 Ex 	 2 	 7.259206e-12 	 4.225344e-12
5 	 15 	 Ex 	 2 	 6.805032e-12 	 2.104622e-12
5 	 16 	 Ex 	 2 	 6.331871e-12 	 6.922329e-13
5 	 17 	 Ex 	 2 	 -7.998006e-10 	 2.674491e-10
5 	 18 	 Ex 	 2 	 -1.023664e-09 	 2.766702e-10
5 	 19 	 Ex 	 2 	 -6.989039e-10 	 2.590021e-10
5 	 20 	 Ex 	 2 	 -3.664964e-10 	 2.211511e-10
5 	 21 	 Ex 	 2 	 -1.249560e-10 	 1.763663e-10
5 	 22 	 Ex 	 2 	 -6.780437e-12 	 1.342013e-10
5 	 23 	 Ex 	 2 	 3.491944e-11 	 9.885626e-11
5 	 24 	 Ex 	 2 	 4.232281e-11 	 7.099190e-11
5 	 25 	 Ex 	 2 	 3.768767e-11 	 4.987763e-11
5 	 26 	 Ex 	 2 	 3.042947e-11 	 3.428156e-11
5 	 27 	 Ex 	 2 	 2.385405e-11 	 2.298743e-11
5 	 28 	 Ex 	 2 	 1.873772e-11 	 1.495016e-11
5 	 29 	 Ex 	 2 	 1.496006e-11 	 9.311517e-12
5 	 30 	 Ex 	 2 	 1.223822e-11 	 5.431703e-12
5 	 31 	 Ex 	 2 	 1.031344e-11 	 2.839385e-12
5 	 32 	 Ex 	 2 	 8.873746e-12 	 1.132583e-12
5 	 33 	 Ex 	 2 	 -1.433914e-09 	 4.250441e-10
5 	 34 	 Ex 	 2 	 -2.025166e-09 	 4.464059e-10
5 	 35 	 Ex 	 2 	 -1.114812e-09 	 4.059245e-10
5 	 36 	 Ex 	 2 	 -2.755520e-10 	 3.279090e-10
5 	 37 	 Ex 	 2 	 1.015587e-10 	 2.467752e-10
5 	 38 	 Ex 	 2 	 1.808766e-10 	 1.787842e-10
5 	 39 	 Ex 	 2 	 1.590074e-10 	 1.267453e-10
5 	 40 	 Ex 	 2 	 1.187914e-10 	 8.849343e-11
5 	 41 	 Ex 	 2 	 8.412819e-11 	 6.093430e-11
5 	 42 	 Ex 	 2 	 5.889725e-11 	 4.130608e-11
5 	 43 	 Ex 	 2 	 4.162546e-11 	 2.746687e-11
5 	 44 	 Ex 	 2 	 3.003844e-11 	 1.778008e-11
5 	 45 	 Ex 	 2 	 2.234484e-11 	 1.109919e-11
5 	 46 	 Ex 	 2 	 1.722430e-11 	 6.567088e-12
5 	 47 	 Ex 	 2 	 1.372440e-11 	 3.530763e-12
5 	 48 	 Ex 	 2 	 1.127161e-11 	 1.542065e-12
5 	 49 	 Ex 	 2 	 -2.869433e-09 	 7.161766e-10
5 	 50 	 Ex 	 2 	 -5.415440e-09 	 7.781493e-10
5 	 51 	 Ex 	 2 	 -1.541951e-09 	 6.634810e-10
5 	 52 	 Ex 	 2 	 5.669878e-10 	 4.839439e-10
5 	 53 	 Ex 	 2 	 7.552370e-10 	 3.341628e-10
5 	 54 	 Ex 	 2 	 5.394094e-10 	 2.278256e-10
5 	 55 	 Ex 	 2 	 3.443470e-10 	 1.549547e-10
5 	 56 	 Ex 	 2 	 2.159783e-10 	 1.051986e-10
5 	 57 	 Ex 	 2 	 1.369461e-10 	 7.105432e-11
5 	 58 	 Ex 	 2 	 8.875956e-11 	 4.755158e-11
5 	 59 	 Ex 	 2 	 5.915531e-11 	 3.134754e-11
5 	 60 	 Ex 	 2 	 4.069779e-11 	 2.019933e-11
5 	 61 	 Ex 	 2 	 2.909726e-11 	 1.262790e-11
5 	 62 	 Ex 	 2 	 2.162965e-11 	 7.522122e-12
5 	 63 	 Ex 	 2 	 1.664778e-11 	 4.101041e-12
5 	 64 	 Ex 	 2 	 1.333035e-11 	 1.901044e-12
5 	 65 	 Ex 	 2 	 -2.131688e-09 	 1.343138e-09
5 	 66 	 Ex 	 2 	 -2.700742e-08 	 1.636075e-09
5 	 67 	 Ex 	 2 	 3.771008e-09 	 1.147611e-09
5 	 68 	 Ex 	 2 	 4.194157e-09 	 6.870670e-10
5 	 69 	 Ex 	 2 	 2.074595e-09 	 4.241238e-10
5 	 70 	 Ex 	 2 	 1.034555e-09 	 2.717371e-10
5 	 71 	 Ex 	 2 	 5.498422e-10 	 1.782090e-10
5 	 72 	 Ex 	 2 	 3.099302e-10 	 1.182273e-10
5 	 73 	 Ex 	 2 	 1.835559e-10 	 7.869094e-11
5 	 74 	 Ex 	 2 	 1.135174e-10 	 5.215399e-11
5 	 75 	 Ex 	 2 	 7.304405e-11 	 3.416387e-11
5 	 76 	 Ex 	 2 	 4.886975e-11 	 2.193938e-11
5 	 77 	 Ex 	 2 	 3.412744e-11 	 1.371412e-11
5 	 78 	 Ex 	 2 	 2.485073e-11 	 8.203036e-12
5 	 79 	 Ex 	 2 	 1.875429e-11 	 4.510404e-12
5 	 80 	 Ex 	 2 	 1.478296e-11 	 2.155896e-12
5 	 81 	 Ex 	 2 	 1.482854e-07 	 2.652648e-09
5 	 82 	 Ex 	 2 	 -9.557720e-07 	 7.575497e-09
5 	 83 	 Ex 	 2 	 6.131818e-08 	 1.838607e-09
5 	 84 	 Ex 	 2 	 1.063296e-08 	 8.457565e-10
5 	 85 	 Ex 	 2 	 3.362364e-09 	 4.790571e-10
5 	 86 	 Ex 	 2 	 1.404142e-09 	 2.956497e-10
5 	 87 	 Ex 	 2 	 6.842351e-10 	 1.901159e-10
5 	 88 	 Ex 	 2 	 3.674974e-10 	 1.246944e-10
5 	 89 	 Ex 	 2 	 2.113617e-10 	 8.240077e-11
5 	 90 	 Ex 	 2 	 1.282363e-10 	 5.437081e-11
5 	 91 	 Ex 	 2 	 8.141743e-11 	 3.551083e-11
5 	 92 	 Ex 	 2 	 5.393356e-11 	 2.277452e-11
5 	 93 	 Ex 	 2 	 3.736987e-11 	 1.424488e-11
5 	 94 	 Ex 	 2 	 2.700857e-11 	 8.534107e-12
5 	 95 	 Ex 	 2 	 2.023549e-11 	 4.709050e-12
5 	 96 	 Ex 	 2 	 1.586723e-11 	 2.287544e-12
5 	 97 	 Ex 	 2 	 3.160766e-08 	 2.013355e-09
5 	 98 	 Ex 	 2 	 -1.152902e-07 	 3.074371e-09
5 	 99 	 Ex 	 2 	 2.613863e-08 	 1.550886e-09
5 	 100 	 Ex 	 2 	 7.964068e-09 	 7.929523e-10
5 	 101 	 Ex 	 2 	 2.895390e-09 	 4.622015e-10
5 	 102 	 Ex 	 2 	 1.275148e-09 	 2.885946e-10
5 	 103 	 Ex 	 2 	 6.372093e-10 	 1.867219e-10
5 	 104 	 Ex 	 2 	 3.468781e-10 	 1.229149e-10
5 	 105 	 Ex 	 2 	 2.010548e-10 	 8.141814e-11
5 	 106 	 Ex 	 2 	 1.225515e-10 	 5.381083e-11
5 	 107 	 Ex 	 2 	 7.802581e-11 	 3.519644e-11
5 	 108 	 Ex 	 2 	 5.177800e-11 	 2.259719e-11
5 	 109 	 Ex 	 2 	 3.591894e-11 	 1.414433e-11
5 	 110 	 Ex 	 2 	 2.599034e-11 	 8.480602e-12
5 	 111 	 Ex 	 2 	 1.950031e-11 	 4.686572e-12
5 	 112 	 Ex 	 2 	 1.530102e-11 	 2.273575e-12
5 	 113 	 Ex 	 2 	 -3.857404e-09 	 9.987067e-10
5 	 114 	 Ex 	 2 	 -1.163958e-08 	 1.133854e-09
5 	 115 	 Ex 	 2 	 -6.371226e-10 	 8.944254e-10
5 	 116 	 Ex 	 2 	 2.043926e-09 	 5.938270e-10
5 	 117 	 Ex 	 2 	 1.414217e-09 	 3.860311e-10
5 	 118 	 Ex 	 2 	 8.095778e-10 	 2.540856e-10
5 	 119 	 Ex 	 2 	 4.617940e-10 	 1.692313e-10
5 	 120 	 Ex 	 2 	 2.712093e-10 	 1.133869e-10
5 	 121 	 Ex 	 2 	 1.649037e-10 	 7.597044e-11
5 	 122 	 Ex 	 2 	 1.038601e-10 	 5.059469e-11
5 	 123 	 Ex 	 2 	 6.776134e-11 	 3.327448e-11
5 	 124 	 Ex 	 2 	 4.583648e-11 	 2.143758e-11
5 	 125 	 Ex 	 2 	 3.229997e-11 	 1.343372e-11
5 	 126 	 Ex 	 2 	 2.370662e-11 	 8.052990e-12
5 	 127 	 Ex 	 2 	 1.802337e-11 	 4.442721e-12
5 	 128 	 Ex 	 2 	 1.427713e-11 	 2.122661e-12
5 	 129 	 Ex 	 2 	 -2.092709e-09 	 5.630240e-10
5 	 130 	 Ex 	 2 	 -3.291715e-09 	 6.003005e-10
5 	 131 	 Ex 	 2 	 -1.413633e-09 	 5.304714e-10
5 	 132 	 Ex 	 2 	 1.576445e-11 	 4.083363e-10
5 	 133 	 Ex 	 2 	 3.907261e-10 	 2.943328e-10
5 	 134 	 Ex 	 2 	 3.575053e-10 	 2.065055e-10
5 	 135 	 Ex 	 2 	 2.561324e-10 	 1.431995e-10
5 	 136 	 Ex 	 2 	 1.718073e-10 	 9.852096e-11
5 	 137 	 Ex 	 2 	 1.137955e-10 	 6.719129e-11
5 	 138 	 Ex 	 2 	 7.607338e-11 	 4.529358e-11
5 	 139 	 Ex 	 2 	 5.192684e-11 	 3.004060e-11
5 	 140 	 Ex 	 2 	 3.642834e-11 	 1.945978e-11
5 	 141 	 Ex 	 2 	 2.645945e-11 	 1.221147e-11
5 	 142 	 Ex 	 2 	 1.994710e-11 	 7.301323e-12
5 	 143 	 Ex 	 2 	 1.555914e-11 	 4.004526e-12
5 	 144 	 Ex 	 2 	 1.256179e-11 	 1.854301e-12
5 	 145 	 Ex 	 2 	 -1.087353e-09 	 3.450141e-10
5 	 146 	 Ex 	 2 	 -1.441246e-09 	 3.595163e-10
5 	 147 	 Ex 	 2 	 -9.021404e-10 	 3.319919e-10
5 	 148 	 Ex 	 2 	 -3.519535e-10 	 2.761120e-10
5 	 149 	 Ex 	 2 	 -3.198909e-11 	 2.139942e-10
5 	 150 	 Ex 	 2 	 8.051818e-11 	 1.588770e-10
5 	 151 	 Ex 	 2 	 9.682739e-11 	 1.147973e-10
5 	 152 	 Ex 	 2 	 8.231989e-11 	 8.132496e-11
5 	 153 	 Ex 	 2 	 6.287151e-11 	 5.662910e-11
5 	 154 	 Ex 	 2 	 4.632213e-11 	 3.873297e-11
5 	 155 	 Ex 	 2 	 3.404520e-11 	 2.594789e-11
5 	 156 	 Ex 	 2 	 2.537455e-11 	 1.691708e-11
5 	 157 	 Ex 	 2 	 1.938483e-11 	 1.062383e-11
5 	 158 	 Ex 	 2 	 1.526842e-11 	 6.312120e-12
5 	 159 	 Ex 	 2 	 1.241777e-11 	 3.417693e-12
5 	 160 	 Ex 	 2 	 1.035485e-11 	 1.500334e-12
5 	 161 	 Ex 	 2 	 -6.396541e-10 	 2.210769e-10
5 	 162 	 Ex 	 2 	 -7.945991e-10 	 2.278513e-10
5 	 163 	 Ex 	 2 	 -5.747516e-10 	 2.150521e-10
5 	 164 	 Ex 	 2 	 -3.473761e-10 	 1.867125e-10
5 	 165 	 Ex 	 2 	 -1.592869e-10 	 1.519395e-10
5 	 166 	 Ex 	 2 	 -5.002300e-11 	 1.178851e-10
5 	 167 	 Ex 	 2 	 -1.580237e-14 	 8.830345e-11
5 	 168 	 Ex 	 2 	 1.795679e-11 	 6.434629e-11
5 	 169 	 Ex 	 2 	 2.166411e-11 	 4.574631e-11
5 	 170 	 Ex 	 2 	 2.010049e-11 	 3.175177e-11
5 	 171 	 Ex 	 2 	 1.719544e-11 	 2.147635e-11
5 	 172 	 Ex 	 2 	 1.442334e-11 	 1.408825e-11
5 	 173 	 Ex 	 2 	 1.209951e-11 	 8.836956e-12
5 	 174 	 Ex 	 2 	 1.028661e-11 	 5.186215e-12
5 	 175 	 Ex 	 2 	 8.961661e-12 	 2.735434e-12
5 	 176 	 Ex 	 2 	 7.895436e-12 	 1.099142e-12
5 	 177 	 Ex 	 2 	 -4.154627e-10 	 1.450209e-10
5 	 178 	 Ex 	 2 	 -5.016264e-10 	 1.485185e-10
5 	 179 	 Ex 	 2 	 -3.880478e-10 	 1.419076e-10
5 	 180 	 Ex 	 2 	 -2.833642e-10 	 1.264863e-10
5 	 181 	 Ex 	 2 	 -1.777045e-10 	 1.063594e-10
5 	 182 	 Ex 	 2 	 -9.856257e-11 	 8.526455e-11
5 	 183 	 Ex 	 2 	 -4.900795e-11 	 6.574773e-11
5 	 184 	 Ex 	 2 	 -2.132351e-11 	 4.910120e-11
5 	 185 	 Ex 	 2 	 -6.973588e-12 	 3.556809e-11
5 	 186 	 Ex 	 2 	 2.489365e-14 	 2.502503e-11
5 	 187 	 Ex 	 2 	 3.286437e-12 	 1.705391e-11
5 	 188 	 Ex 	 2 	 4.802631e-12 	 1.121802e-11
5 	 189 	 Ex 	 2 	 5.407023e-12 	 7.009924e-12
5 	 190 	 Ex 	 2 	 5.528635e-12 	 4.025728e-12
5 	 191 	 Ex 	 2 	 5.526801e-12 	 2.016552e-12
5 	 192 	 Ex 	 2 	 5.402467e-12 	 6.841385e-13
5 	 193 	 Ex 	 2 	 -2.890231e-10 	 9.615698e-11
5 	 194 	 Ex 	 2 	 -3.444970e-10 	 9.804906e-11
5 	 195 	 Ex 	 2 	 -2.757535e-10 	 9.439510e-11
5 	 196 	 Ex 	 2 	 -2.225873e-10 	 8.556880e-11
5 	 197 	 Ex 	 2 	 -1.618445e-10 	 7.358587e-11
5 	 198 	 Ex 	 2 	 -1.085949e-10 	 6.039356e-11
5 	 199 	 Ex 	 2 	 -6.876674e-11 	 4.762256e-11
5 	 200 	 Ex 	 2 	 -4.172079e-11 	 3.624241e-11
5 	 201 	 Ex 	 2 	 -2.437959e-11 	 2.668450e-11
5 	 202 	 Ex 	 2 	 -1.361062e-11 	 1.898181e-11
5 	 203 	 Ex 	 2 	 -6.990236e-12 	 1.299532e-11
5 	 204 	 Ex 	 2 	 -2.857634e-12 	 8.511396e-12
5 	 205 	 Ex 	 2 	 -2.196753e-13 	 5.261988e-12
5 	 206 	 Ex 	 2 	 1.364396e-12 	 2.917529e-12
5 	 207 	 Ex 	 2 	 2.369839e-12 	 1.313330e-12
5 	 208 	 Ex 	 2 	 3.041078e-12 	 2.791828e-13
5 	 209 	 Ex 	 2 	 -2.107001e-10 	 6.387645e-11
5 	 210 	 Ex 	 2 	 -2.498864e-10 	 6.490693e-11
5 	 211 	 Ex 	 2 	 -2.036139e-10 	 6.277741e-11
5 	 212 	 Ex 	 2 	 -1.743133e-10 	 5.753603e-11
5 	 213 	 Ex 	 2 	 -1.379654e-10 	 5.023366e-11
5 	 214 	 Ex 	 2 	 -1.025910e-10 	 4.193896e-11
5 	 215 	 Ex 	 2 	 -7.282074e-11 	 3.361440e-11
5 	 216 	 Ex 	 2 	 -4.997005e-11 	 2.594281e-11
5 	 217 	 Ex 	 2 	 -3.341334e-11 	 1.930288e-11
5 	 218 	 Ex 	 2 	 -2.179951e-11 	 1.382593e-11
5 	 219 	 Ex 	 2 	 -1.383741e-11 	 9.464743e-12
5 	 220 	 Ex 	 2 	 -8.399396e-12 	 6.120084e-12
5 	 221 	 Ex 	 2 	 -4.612652e-12 	 3.673886e-12
5 	 222 	 Ex 	 2 	 -2.027067e-12 	 1.918845e-12
5 	 223 	 Ex 	 2 	 -3.258838e-13 	 6.774996e-13
5 	 224 	 Ex 	 2 	 9.017857e-13 	 -1.057623e-13
5 	 225 	 Ex 	 2 	 -1.587173e-10 	 4.219598e-11
5 	 226 	 Ex 	 2 	 -1.881487e-10 	 4.272820e-11
5 	 227 	 Ex 	 2 	 -1.546644e-10 	 4.143484e-11
5 	 228 	 Ex 	 2 	 -1.374086e-10 	 3.824328e-11
5 	 229 	 Ex 	 2 	 -1.147276e-10 	 3.372838e-11
5 	 230 	 Ex 	 2 	 -9.097885e-11 	 2.848585e-11
5 	 231 	 Ex 	 2 	 -6.926892e-11 	 2.308447e-11
5 	 232 	 Ex 	 2 	 -5.112942e-11 	 1.796066e-11
5 	 233 	 Ex 	 2 	 -3.682415e-11 	 1.341874e-11
5 	 234 	 Ex 	 2 	 -2.595230e-11 	 9.598074e-12
5 	 235 	 Ex 	 2 	 -1.788330e-11 	 6.520930e-12
5 	 236 	 Ex 	 2 	 -1.201282e-11 	 4.116952e-12
5 	 237 	 Ex 	 2 	 -7.770981e-12 	 2.312312e-12
5 	 238 	 Ex 	 2 	 -4.662394e-12 	 1.038947e-12
5 	 239 	 Ex 	 2 	 -2.463435e-12 	 1.491920e-13
5 	 240 	 Ex 	 2 	 -9.297796e-13 	 -4.448413e-13
5 	 241 	 Ex 	 2 	 -1.224083e-10 	 2.751436e-11
5 	 242 	 Ex 	 2 	 -1.454819e-10 	 2.774615e-11
5 	 243 	 Ex 	 2 	 -1.199869e-10 	 2.692934e-11
5 	 244 	 Ex 	 2 	 -1.092757e-10 	 2.494080e-11
5 	 245 	 Ex 	 2 	 -9.459351e-11 	 2.211841e-11
5 	 246 	 Ex 	 2 	 -7.837269e-11 	 1.879877e-11
5 	 247 	 Ex 	 2 	 -6.260741e-11 	 1.531669e-11
5 	 248 	 Ex 	 2 	 -4.857057e-11 	 1.195108e-11
5 	 249 	 Ex 	 2 	 -3.680937e-11 	 8.893194e-12
5 	 250 	 Ex 	 2 	 -2.733844e-11 	 6.269468e-12
5 	 251 	 Ex 	 2 	 -1.986878e-11 	 4.147760e-12
5 	 252 	 Ex 	 2 	 -1.411833e-11 	 2.488771e-12
5 	 253 	 Ex 	 2 	 -9.810998e-12 	 1.218366e-12
5 	 254 	 Ex 	 2 	 -6.580535e-12 	 3.032676e-13
5 	 255 	 Ex 	 2 	 -4.115118e-12 	 -2.900535e-13
5 	 256 	 Ex 	 2 	 -2.377061e-12 	 -7.016024e-13
5 	 1 	 Ey 	 1 	 1.767017e-10 	 1.036321e-12
5 	 2 	 Ey 	 1 	 -1.274294e-11 	 4.210026e-13
5 	 3 	 Ey 	 1 	 -2.273216e-10 	 -3.166074e-13
5 	 4 	 Ey 	 1 	 -3.232821e-10 	 -4.778460e-13
5 	 5 	 Ey 	 1 	 -3.232813e-10 	 -3.641392e-13
5 	 6 	 Ey 	 1 	 -2.728949e-10 	 -2.672576e-13
5 	 7 	 Ey 	 1 	 -2.110506e-10 	 -1.802047e-13
5 	 8 	 Ey 	 1 	 -1.564259e-10 	 2.191207e-13
5 	 9 	 Ey 	 1 	 -1.139523e-10 	 4.059204e-13
5 	 10 	 Ey 	 1 	 -8.281719e-11 	 3.406247e-13
5 	 11 	 Ey 	 1 	 -6.029589e-11 	 1.234948e-12
5 	 12 	 Ey 	 1 	 -4.442630e-11 	 8.650576e-13
5 	 13 	 Ey 	 1 	 -3.304830e-11 	 7.424108e-13
5 	 14 	 Ey 	 1 	 -2.488206e-11 	 5.397002e-13
5 	 15 	 Ey 	 1 	 -1.881607e-11 	 1.322937e-12
5 	 16 	 Ey 	 1 	 -1.460957e-11 	 4.776540e-13
5 	 17 	 Ey 	 1 	 3.929867e-10 	 2.467131e-12
5 	 18 	 Ey 	 1 	 -4.181274e-11 	 1.018474e-12
5 	 19 	 Ey 	 1 	 -4.992045e-10 	 -1.192762e-12
5 	 20 	 Ey 	 1 	 -6.274243e-10 	 -1.672750e-12
5 	 21 	 Ey 	 1 	 -5.440513e-10 	 -1.206953e-12
5 	 22 	 Ey 	 1 	 -4.020745e-10 	 -9.621652e-13
5 	 23 	 Ey 	 1 	 -2.781778e-10 	 -6.146365e-13
5 	 24 	 Ey 	 1 	 -1.886733e-10 	 -5.215433e-13
5 	 25 	 Ey 	 1 	 -1.281542e-10 	 2.758665e-13
5 	 26 	 Ey 	 1 	 -8.819632e-11 	 3.184869e-13
5 	 27 	 Ey 	 1 	 -6.160572e-11 	 8.594869e-13
5 	 28 	 Ey 	 1 	 -4.384824e-11 	 7.924997e-13
5 	 29 	 Ey 	 1 	 -3.184678e-11 	 8.250788e-14
5 	 30 	 Ey 	 1 	 -2.336710e-11 	 6.033085e-13
5 	 31 	 Ey 	 1 	 -1.728337e-11 	 1.576773e-12
5 	 32 	 Ey 	 1 	 -1.336954e-11 	 -1.670739e-13
5 	 33 	 Ey 	 1 	 1.064767e-09 	 5.352771e-12
5 	 34 	 Ey 	 1 	 -1.511625e-10 	 3.269024e-13
5 	 35 	 Ey 	 1 	 -1.289762e-09 	 -4.822806e-12
5 	 36 	 Ey 	 1 	 -1.304534e-09 	 -4.943456e-12
5 	 37 	 Ey 	 1 	 -9.074096e-10 	 -3.350169e-12
5 	 38 	 Ey 	 1 	 -5.599299e-10 	 -1.665150e-12
5 	 39 	 Ey 	 1 	 -3.382771e-10 	 -6.080964e-13
5 	 40 	 Ey 	 1 	 -2.077782e-10 	 -2.201260e-13
5 	 41 	 Ey 	 1 	 -1.312997e-10 	 2.273583e-13
5 	 42 	 Ey 	 1 	 -8.560676e-11 	 3.681044e-13
5 	 43 	 Ey 	 1 	 -5.751857e-11 	 1.602882e-13
5 	 44 	 Ey 	 1 	 -3.959358e-11 	 6.787969e-13
5 	 45 	 Ey 	 1 	 -2.799204e-11 	 4.272394e-13
5 	 46 	 Ey 	 1 	 -2.014494e-11 	 6.412045e-13
5 	 47 	 Ey 	 1 	 -1.477378e-11 	 6.955144e-13
5 	 48 	 Ey 	 1 	 -1.110728e-11 	 2.570075e-13
5 	 49 	 Ey 	 1 	 3.890934e-09 	 1.702995e-11
5 	 50 	 Ey 	 1 	 -7.526159e-10 	 -2.433635e-12
5 	 51 	 Ey 	 1 	 -4.167219e-09 	 -1.702799e-11
5 	 52 	 Ey 	 1 	 -2.768525e-09 	 -1.137429e-11
5 	 53 	 Ey 	 1 	 -1.374486e-09 	 -5.498316e-12
5 	 54 	 Ey 	 1 	 -6.757139e-10 	 -2.536775e-12
5 	 55 	 Ey 	 1 	 -3.517619e-10 	 -9.892342e-13
5 	 56 	 Ey 	 1 	 -1.957058e-10 	 -5.489877e-13
5 	 57 	 Ey 	 1 	 -1.155751e-10 	 -1.621709e-13
5 	 58 	 Ey 	 1 	 -7.174458e-11 	 3.043238e-13
5 	 59 	 Ey 	 1 	 -4.650210e-11 	 2.908841e-13
5 	 60 	 Ey 	 1 	 -3.118915e-11 	 4.061527e-13
5 	 61 	 Ey 	 1 	 -2.159703e-11 	 1.203443e-13
5 	 62 	 Ey 	 1 	 -1.522475e-11 	 5.667146e-13
5 	 63 	 Ey 	 1 	 -1.099298e-11 	 5.666575e-13
5 	 64 	 Ey 	 1 	 -8.154292e-12 	 1.936814e-13
5 	 65 	 Ey 	 1 	 2.223400e-08 	 9.222315e-11
5 	 66 	 Ey 	 1 	 -7.924787e-09 	 -3.282665e-11
5 	 67 	 Ey 	 1 	 -1.662193e-08 	 -6.866727e-11
5 	 68 	 Ey 	 1 	 -4.736896e-09 	 -1.982188e-11
5 	 69 	 Ey 	 1 	 -1.500098e-09 	 -6.301625e-12
5 	 70 	 Ey 	 1 	 -5.823299e-10 	 -2.312195e-12
5 	 71 	 Ey 	 1 	 -2.652950e-10 	 -7.350026e-13
5 	 72 	 Ey 	 1 	 -1.360093e-10 	 -4.130301e-14
5 	 73 	 Ey 	 1 	 -7.619482e-11 	 8.654692e-14
5 	 74 	 Ey 	 1 	 -4.558879e-11 	 2.309807e-13
5 	 75 	 Ey 	 1 	 -2.875992e-11 	 8.481140e-14
5 	 76 	 Ey 	 1 	 -1.883358e-11 	 2.887104e-13
5 	 77 	 Ey 	 1 	 -1.273611e-11 	 4.456989e-13
5 	 78 	 Ey 	 1 	 -8.853320e-12 	 3.531425e-13
5 	 79 	 Ey 	 1 	 -6.314266e-12 	 1.284785e-13
5 	 80 	 Ey 	 1 	 -4.510614e-12 	 4.819526e-13
5 	 81 	 Ey 	 1 	 6.254845e-08 	 2.557806e-10
5 	 82 	 Ey 	 1 	 -5.374452e-06 	 -2.156296e-08
5 	 83 	 Ey 	 1 	 -2.356080e-08 	 -9.724750e-11
5 	 84 	 Ey 	 1 	 -2.552226e-09 	 -1.070287e-11
5 	 85 	 Ey 	 1 	 -6.832432e-10 	 -2.816285e-12
5 	 86 	 Ey 	 1 	 -2.803112e-10 	 -1.190289e-12
5 	 87 	 Ey 	 1 	 -1.459525e-10 	 -4.723108e-13
5 	 88 	 Ey 	 1 	 -8.811246e-11 	 -2.457939e-13
5 	 89 	 Ey 	 1 	 -5.861603e-11 	 -8.005284e-14
5 	 90 	 Ey 	 1 	 -4.171117e-11 	 5.903622e-14
5 	 91 	 Ey 	 1 	 -3.120348e-11 	 1.079798e-13
5 	 92 	 Ey 	 1 	 -2.421157e-11 	 8.449157e-14
5 	 93 	 Ey 	 1 	 -1.935321e-11 	 1.082228e-13
5 	 94 	 Ey 	 1 	 -1.580904e-11 	 2.089654e-13
5 	 95 	 Ey 	 1 	 -1.317186e-11 	 2.154837e-13
5 	 96 	 Ey 	 1 	 -1.115935e-11 	 1.288060e-13
5 	 97 	 Ey 	 1 	 -6.561434e-08 	 -2.690107e-10
5 	 98 	 Ey 	 1 	 -5.642900e-08 	 -2.189953e-10
5 	 99 	 Ey 	 1 	 2.973348e-08 	 1.223372e-10
5 	 100 	 Ey 	 1 	 4.280425e-09 	 1.787721e-11
5 	 101 	 Ey 	 1 	 1.065674e-09 	 4.482857e-12
5 	 102 	 Ey 	 1 	 3.698281e-10 	 1.679390e-12
5 	 103 	 Ey 	 1 	 1.577422e-10 	 7.321780e-13
5 	 104 	 Ey 	 1 	 7.724704e-11 	 3.768469e-13
5 	 105 	 Ey 	 1 	 4.174558e-11 	 2.334361e-13
5 	 106 	 Ey 	 1 	 2.428027e-11 	 1.164249e-13
5 	 107 	 Ey 	 1 	 1.496916e-11 	 1.780980e-13
5 	 108 	 Ey 	 1 	 9.674197e-12 	 2.153619e-13
5 	 109 	 Ey 	 1 	 6.502526e-12 	 1.854687e-13
5 	 110 	 Ey 	 1 	 4.503677e-12 	 8.651460e-14
5 	 111 	 Ey 	 1 	 3.233316e-12 	 1.578451e-13
5 	 112 	 Ey 	 1 	 2.382829e-12 	 1.701997e-13
5 	 113 	 Ey 	 1 	 -9.624238e-09 	 -4.079257e-11
5 	 114 	 Ey 	 1 	 2.620952e-09 	 1.047036e-11
5 	 115 	 Ey 	 1 	 8.894298e-09 	 3.690670e-11
5 	 116 	 Ey 	 1 	 3.959037e-09 	 1.655247e-11
5 	 117 	 Ey 	 1 	 1.542887e-09 	 6.453651e-12
5 	 118 	 Ey 	 1 	 6.629742e-10 	 2.808221e-12
5 	 119 	 Ey 	 1 	 3.194805e-10 	 1.124252e-12
5 	 120 	 Ey 	 1 	 1.697728e-10 	 5.955123e-13
5 	 121 	 Ey 	 1 	 9.760170e-11 	 4.089125e-13
5 	 122 	 Ey 	 1 	 5.974455e-11 	 1.136132e-13
5 	 123 	 Ey 	 1 	 3.856683e-11 	 1.731520e-13
5 	 124 	 Ey 	 1 	 2.596542e-11 	 8.320466e-14
5 	 125 	 Ey 	 1 	 1.816600e-11 	 1.750508e-13
5 	 126 	 Ey 	 1 	 1.307184e-11 	 -1.729051e-14
5 	 127 	 Ey 	 1 	 9.715289e-12 	 7.506887e-14
5 	 128 	 Ey 	 1 	 7.398298e-12 	 8.548265e-14
5 	 129 	 Ey 	 1 	 -2.089452e-09 	 -9.874364e-12
5 	 130 	 Ey 	 1 	 3.770834e-10 	 8.120206e-13
5 	 131 	 Ey 	 1 	 2.398021e-09 	 9.615621e-12
5 	 132 	 Ey 	 1 	 1.991918e-09 	 8.111717e-12
5 	 133 	 Ey 	 1 	 1.168374e-09 	 4.736463e-12
5 	 134 	 Ey 	 1 	 6.388255e-10 	 2.481052e-12
5 	 135 	 Ey 	 1 	 3.558866e-10 	 1.058449e-12
5 	 136 	 Ey 	 1 	 2.071816e-10 	 6.557048e-13
5 	 137 	 Ey 	 1 	 1.264462e-10 	 3.320103e-13
5 	 138 	 Ey 	 1 	 8.063913e-11 	 8.343985e-14
5 	 139 	 Ey 	 1 	 5.354659e-11 	 2.510501e-13
5 	 140 	 Ey 	 1 	 3.674332e-11 	 -9.488045e-14
5 	 141 	 Ey 	 1 	 2.605303e-11 	 1.701962e-13
5 	 142 	 Ey 	 1 	 1.891885e-11 	 -1.434849e-13
5 	 143 	 Ey 	 1 	 1.410530e-11 	 -1.094921e-13
5 	 144 	 Ey 	 1 	 1.080653e-11 	 1.825860e-13
5 	 145 	 Ey 	 1 	 -6.643909e-10 	 -4.020736e-12
5 	 146 	 Ey 	 1 	 9.127039e-11 	 -8.376637e-13
5 	 147 	 Ey 	 1 	 8.259471e-10 	 2.726812e-12
5 	 148 	 Ey 	 1 	 9.357196e-10 	 3.317444e-12
5 	 149 	 Ey 	 1 	 7.268748e-10 	 2.405618e-12
5 	 150 	 Ey 	 1 	 4.894468e-10 	 1.588007e-12
5 	 151 	 Ey 	 1 	 3.153048e-10 	 8.206277e-13
5 	 152 	 Ey 	 1 	 2.030824e-10 	 7.608431e-13
5 	 153 	 Ey 	 1 	 1.330092e-10 	 1.484887e-13
5 	 154 	 Ey 	 1 	 8.931331e-11 	 1.263463e-13
5 	 155 	 Ey 	 1 	 6.152892e-11 	 9.565808e-14
5 	 156 	 Ey 	 1 	 4.339460e-11 	 -2.518654e-13
5 	 157 	 Ey 	 1 	 3.145354e-11 	 2.241848e-13
5 	 158 	 Ey 	 1 	 2.319386e-11 	 -1.268125e-13
5 	 159 	 Ey 	 1 	 1.742097e-11 	 -5.736550e-13
5 	 160 	 Ey 	 1 	 1.355742e-11 	 4.351985e-13
5 	 161 	 Ey 	 1 	 -2.706158e-10 	 -2.067882e-12
5 	 162 	 Ey 	 1 	 2.749902e-11 	 -1.003607e-12
5 	 163 	 Ey 	 1 	 3.461082e-10 	 6.167750e-13
5 	 164 	 Ey 	 1 	 4.634384e-10 	 1.016080e-12
5 	 165 	 Ey 	 1 	 4.317307e-10 	 9.748013e-13
5 	 166 	 Ey 	 1 	 3.406267e-10 	 8.971146e-13
5 	 167 	 Ey 	 1 	 2.488516e-10 	 7.765854e-13
5 	 168 	 Ey 	 1 	 1.763586e-10 	 6.037776e-13
5 	 169 	 Ey 	 1 	 1.241837e-10 	 4.728338e-14
5 	 170 	 Ey 	 1 	 8.812473e-11 	 2.607835e-13
5 	 171 	 Ey 	 1 	 6.319302e-11 	 -4.008047e-13
5 	 172 	 Ey 	 1 	 4.610508e-11 	 -2.105838e-13
5 	 173 	 Ey 	 1 	 3.424556e-11 	 1.365985e-13
5 	 174 	 Ey 	 1 	 2.581033e-11 	 3.081657e-14
5 	 175 	 Ey 	 1 	 1.961233e-11 	 -9.648621e-13
5 	 176 	 Ey 	 1 	 1.547632e-11 	 4.636031e-13
5 	 177 	 Ey 	 1 	 -1.304958e-10 	 -8.050080e-13
5 	 178 	 Ey 	 1 	 8.373639e-12 	 -3.700385e-13
5 	 179 	 Ey 	 1 	 1.668163e-10 	 2.634186e-13
5 	 180 	 Ey 	 1 	 2.468295e-10 	 3.874853e-13
5 	 181 	 Ey 	 1 	 2.589362e-10 	 3.472098e-13
5 	 182 	 Ey 	 1 	 2.294251e-10 	 4.952343e-13
5 	 183 	 Ey 	 1 	 1.855076e-10 	 5.356808e-13
5 	 184 	 Ey 	 1 	 1.429600e-10 	 4.094070e-13
5 	 185 	 Ey 	 1 	 1.077984e-10 	 5.353135e-13
5 	 186 	 Ey 	 1 	 8.061202e-11 	 -3.134427e-14
5 	 187 	 Ey 	 1 	 6.028502e-11 	 -9.257896e-13
5 	 188 	 Ey 	 1 	 4.560212e-11 	 -1.747543e-13
5 	 189 	 Ey 	 1 	 3.480274e-11 	 1.252255e-13
5 	 190 	 Ey 	 1 	 2.678210e-11 	 -1.726681e-13
5 	 191 	 Ey 	 1 	 2.080393e-11 	 -7.026849e-13
5 	 192 	 Ey 	 1 	 1.654838e-11 	 1.268670e-13
5 	 193 	 Ey 	 1 	 -7.110824e-11 	 9.037672e-14
5 	 194 	 Ey 	 1 	 1.611182e-12 	 6.231212e-13
5 	 195 	 Ey 	 1 	 8.888541e-11 	 5.860167e-13
5 	 196 	 Ey 	 1 	 1.405511e-10 	 6.603701e-13
5 	 197 	 Ey 	 1 	 1.598428e-10 	 3.433735e-13
5 	 198 	 Ey 	 1 	 1.540409e-10 	 -3.505077e-14
5 	 199 	 Ey 	 1 	 1.348757e-10 	 -2.761435e-14
5 	 200 	 Ey 	 1 	 1.116097e-10 	 3.569954e-13
5 	 201 	 Ey 	 1 	 8.935303e-11 	 6.198427e-13
5 	 202 	 Ey 	 1 	 7.013491e-11 	 -6.082496e-13
5 	 203 	 Ey 	 1 	 5.478008e-11 	 -6.445415e-13
5 	 204 	 Ey 	 1 	 4.279438e-11 	 -4.991088e-13
5 	 205 	 Ey 	 1 	 3.363983e-11 	 2.088441e-13
5 	 206 	 Ey 	 1 	 2.639983e-11 	 -6.705346e-13
5 	 207 	 Ey 	 1 	 2.107305e-11 	 -1.681990e-13
5 	 208 	 Ey 	 1 	 1.688447e-11 	 -2.939710e-13
5 	 209 	 Ey 	 1 	 -4.272696e-11 	 -2.003496e-13
5 	 210 	 Ey 	 1 	 -1.195864e-12 	 4.159502e-13
5 	 211 	 Ey 	 1 	 5.082706e-11 	 2.619218e-13
5 	 212 	 Ey 	 1 	 8.454547e-11 	 3.904486e-13
5 	 213 	 Ey 	 1 	 1.018953e-10 	 1.850345e-13
5 	 214 	 Ey 	 1 	 1.045637e-10 	 -1.631334e-13
5 	 215 	 Ey 	 1 	 9.747997e-11 	 6.667677e-14
5 	 216 	 Ey 	 1 	 8.535701e-11 	 -3.463225e-13
5 	 217 	 Ey 	 1 	 7.184241e-11 	 -7.570581e-13
5 	 218 	 Ey 	 1 	 5.915217e-11 	 -4.517386e-13
5 	 219 	 Ey 	 1 	 4.808291e-11 	 -1.585624e-13
5 	 220 	 Ey 	 1 	 3.879602e-11 	 -2.039544e-13
5 	 221 	 Ey 	 1 	 3.111980e-11 	 -1.003258e-12
5 	 222 	 Ey 	 1 	 2.520967e-11 	 -3.950363e-13
5 	 223 	 Ey 	 1 	 2.053449e-11 	 1.981563e-13
5 	 224 	 Ey 	 1 	 1.654378e-11 	 -1.127660e-12
5 	 225 	 Ey 	 1 	 -2.785189e-11 	 -1.480868e-12
5 	 226 	 Ey 	 1 	 -2.633110e-12 	 -1.397537e-12
5 	 227 	 Ey 	 1 	 3.042652e-11 	 -1.030368e-12
5 	 228 	 Ey 	 1 	 5.303268e-11 	 -7.178842e-13
5 	 229 	 Ey 	 1 	 6.696913e-11 	 -6.107627e-14
5 	 230 	 Ey 	 1 	 7.218944e-11 	 1.567781e-13
5 	 231 	 Ey 	 1 	 7.056609e-11 	 -3.446759e-13
5 	 232 	 Ey 	 1 	 6.468011e-11 	 -1.181501e-12
5 	 233 	 Ey 	 1 	 5.695652e-11 	 -1.084025e-12
5 	 234 	 Ey 	 1 	 4.880834e-11 	 -6.013339e-13
5 	 235 	 Ey 	 1 	 4.115126e-11 	 1.004859e-13
5 	 236 	 Ey 	 1 	 3.420290e-11 	 -1.258787e-13
5 	 237 	 Ey 	 1 	 2.808455e-11 	 -1.348785e-12
5 	 238 	 Ey 	 1 	 2.328387e-11 	 -6.943039e-13
5 	 239 	 Ey 	 1 	 1.942308e-11 	 4.104808e-13
5 	 240 	 Ey 	 1 	 1.589624e-11 	 -1.064707e-12
5 	 241 	 Ey 	 1 	 -1.920274e-11 	 -1.485672e-12
5 	 242 	 Ey 	 1 	 -3.150916e-12 	 -1.959987e-12
5 	 243 	 Ey 	 1 	 1.891618e-11 	 -1.282685e-12
5 	 244 	 Ey 	 1 	 3.444026e-11 	 -1.177551e-12
5 	 245 	 Ey 	 1 	 4.506820e-11 	 -1.035956e-12
5 	 246 	 Ey 	 1 	 5.054688e-11 	 -5.807271e-13
5 	 247 	 Ey 	 1 	 5.145020e-11 	 -5.800951e-13
5 	 248 	 Ey 	 1 	 4.922419e-11 	 8.045858e-15
5 	 249 	 Ey 	 1 	 4.487090e-11 	 -6.142472e-13
5 	 250 	 Ey 	 1 	 3.975681e-11 	 -4.598313e-13
5 	 251 	 Ey 	 1 	 3.444151e-11 	 -6.556702e-13
5 	 252 	 Ey 	 1 	 2.937823e-11 	 -1.020950e-12
5 	 253 	 Ey 	 1 	 2.509442e-11 	 1.361212e-13
5 	 254 	 Ey 	 1 	 2.110815e-11 	 -3.952442e-13
5 	 255 	 Ey 	 1 	 1.751677e-11 	 -1.928591e-12
5 	 256 	 Ey 	 1 	 1.517026e-11 	 5.412867e-13
5 	 1 	 Ey 	 2 	 1.766262e-10 	 1.618250e-12
5 	 2 	 Ey 	 2 	 -1.346798e-11 	 1.114520e-12
5 	 3 	 Ey 	 2 	 -2.288519e-10 	 7.585761e-13
5 	 4 	 Ey 	 2 	 -3.252388e-10 	 5.631183e-13
5 	 5 	 Ey 	 2 	 -3.253928e-10 	 5.776218e-13
5 	 6 	 Ey 	 2 	 -2.749424e-10 	 6.886832e-13
5 	 7 	 Ey 	 2 	 -2.130204e-10 	 8.347571e-13
5 	 8 	 Ey 	 2 	 -1.583357e-10 	 9.723974e-13
5 	 9 	 Ey 	 2 	 -1.158288e-10 	 1.081329e-12
5 	 10 	 Ey 	 2 	 -8.456977e-11 	 1.124368e-12
5 	 11 	 Ey 	 2 	 -6.209930e-11 	 1.139254e-12
5 	 12 	 Ey 	 2 	 -4.606492e-11 	 1.115415e-12
5 	 13 	 Ey 	 2 	 -3.456996e-11 	 1.069905e-12
5 	 14 	 Ey 	 2 	 -2.627281e-11 	 1.005365e-12
5 	 15 	 Ey 	 2 	 -2.021385e-11 	 9.310725e-13
5 	 16 	 Ey 	 2 	 -1.576160e-11 	 8.429413e-13
5 	 17 	 Ey 	 2 	 3.935231e-10 	 1.783065e-12
5 	 18 	 Ey 	 2 	 -4.267059e-11 	 9.142598e-13
5 	 19 	 Ey 	 2 	 -5.014028e-10 	 1.833709e-13
5 	 20 	 Ey 	 2 	 -6.300853e-10 	 -9.086904e-14
5 	 21 	 Ey 	 2 	 -5.466209e-10 	 -4.380177e-16
5 	 22 	 Ey 	 2 	 -4.042505e-10 	 2.112662e-13
5 	 23 	 Ey 	 2 	 -2.800241e-10 	 4.447875e-13
5 	 24 	 Ey 	 2 	 -1.903341e-10 	 6.701895e-13
5 	 25 	 Ey 	 2 	 -1.297881e-10 	 8.071917e-13
5 	 26 	 Ey 	 2 	 -8.970813e-11 	 8.776937e-13
5 	 27 	 Ey 	 2 	 -6.310437e-11 	 9.104937e-13
5 	 28 	 Ey 	 2 	 -4.523492e-11 	 9.074404e-13
5 	 29 	 Ey 	 2 	 -3.303526e-11 	 8.789972e-13
5 	 30 	 Ey 	 2 	 -2.454675e-11 	 8.363778e-13
5 	 31 	 Ey 	 2 	 -1.853715e-11 	 7.842692e-13
5 	 32 	 Ey 	 2 	 -1.423844e-11 	 7.116352e-13
5 	 33 	 Ey 	 2 	 1.067268e-09 	 2.340671e-12
5 	 34 	 Ey 	 2 	 -1.521955e-10 	 5.306778e-13
5 	 35 	 Ey 	 2 	 -1.293960e-09 	 -9.819512e-13
5 	 36 	 Ey 	 2 	 -1.308847e-09 	 -1.177042e-12
5 	 37 	 Ey 	 2 	 -9.107263e-10 	 -6.951012e-13
5 	 38 	 Ey 	 2 	 -5.623887e-10 	 -1.935623e-13
5 	 39 	 Ey 	 2 	 -3.401744e-10 	 1.634229e-13
5 	 40 	 Ey 	 2 	 -2.093228e-10 	 4.179532e-13
5 	 41 	 Ey 	 2 	 -1.326916e-10 	 5.795417e-13
5 	 42 	 Ey 	 2 	 -8.687837e-11 	 6.739311e-13
5 	 43 	 Ey 	 2 	 -5.866389e-11 	 7.182256e-13
5 	 44 	 Ey 	 2 	 -4.073745e-11 	 7.317411e-13
5 	 45 	 Ey 	 2 	 -2.901566e-11 	 7.184817e-13
5 	 46 	 Ey 	 2 	 -2.113313e-11 	 6.912756e-13
5 	 47 	 Ey 	 2 	 -1.570453e-11 	 6.519727e-13
5 	 48 	 Ey 	 2 	 -1.188869e-11 	 6.028399e-13
5 	 49 	 Ey 	 2 	 3.901475e-09 	 4.661035e-12
5 	 50 	 Ey 	 2 	 -7.552031e-10 	 -4.181578e-13
5 	 51 	 Ey 	 2 	 -4.179348e-09 	 -3.788481e-12
5 	 52 	 Ey 	 2 	 -2.776752e-09 	 -2.896237e-12
5 	 53 	 Ey 	 2 	 -1.378867e-09 	 -1.470935e-12
5 	 54 	 Ey 	 2 	 -6.781778e-10 	 -5.786004e-13
5 	 55 	 Ey 	 2 	 -3.534308e-10 	 -4.874857e-14
5 	 56 	 Ey 	 2 	 -1.969353e-10 	 2.410864e-13
5 	 57 	 Ey 	 2 	 -1.166197e-10 	 4.123014e-13
5 	 58 	 Ey 	 2 	 -7.274509e-11 	 5.126576e-13
5 	 59 	 Ey 	 2 	 -4.740667e-11 	 5.603432e-13
5 	 60 	 Ey 	 2 	 -3.205044e-11 	 5.803161e-13
5 	 61 	 Ey 	 2 	 -2.235470e-11 	 5.772920e-13
5 	 62 	 Ey 	 2 	 -1.600622e-11 	 5.635582e-13
5 	 63 	 Ey 	 2 	 -1.172788e-11 	 5.386476e-13
5 	 64 	 Ey 	 2 	 -8.771754e-12 	 5.044582e-13
5 	 65 	 Ey 	 2 	 2.229655e-08 	 1.529975e-11
5 	 66 	 Ey 	 2 	 -7.947287e-09 	 -6.266171e-12
5 	 67 	 Ey 	 2 	 -1.666897e-08 	 -1.206275e-11
5 	 68 	 Ey 	 2 	 -4.750422e-09 	 -4.608869e-12
5 	 69 	 Ey 	 2 	 -1.504578e-09 	 -1.652385e-12
5 	 70 	 Ey 	 2 	 -5.843010e-10 	 -5.708905e-13
5 	 71 	 Ey 	 2 	 -2.664816e-10 	 -7.264396e-14
5 	 72 	 Ey 	 2 	 -1.369049e-10 	 1.799986e-13
5 	 73 	 Ey 	 2 	 -7.689887e-11 	 3.065064e-13
5 	 74 	 Ey 	 2 	 -4.625755e-11 	 3.902285e-13
5 	 75 	 Ey 	 2 	 -2.935284e-11 	 4.287639e-13
5 	 76 	 Ey 	 2 	 -1.943955e-11 	 4.505146e-13
5 	 77 	 Ey 	 2 	 -1.332981e-11 	 4.559167e-13
5 	 78 	 Ey 	 2 	 -9.410011e-12 	 4.500525e-13
5 	 79 	 Ey 	 2 	 -6.807708e-12 	 4.354702e-13
5 	 80 	 Ey 	 2 	 -5.024091e-12 	 4.176000e-13
5 	 81 	 Ey 	 2 	 6.272488e-08 	 3.044417e-11
5 	 82 	 Ey 	 2 	 -5.389595e-06 	 -9.214437e-10
5 	 83 	 Ey 	 2 	 -2.362712e-08 	 -1.469685e-11
5 	 84 	 Ey 	 2 	 -2.559445e-09 	 -2.422499e-12
5 	 85 	 Ey 	 2 	 -6.852939e-10 	 -6.905839e-13
5 	 86 	 Ey 	 2 	 -2.812123e-10 	 -2.326721e-13
5 	 87 	 Ey 	 2 	 -1.465858e-10 	 3.146534e-14
5 	 88 	 Ey 	 2 	 -8.859463e-11 	 1.327457e-13
5 	 89 	 Ey 	 2 	 -5.905441e-11 	 2.065397e-13
5 	 90 	 Ey 	 2 	 -4.214199e-11 	 2.583182e-13
5 	 91 	 Ey 	 2 	 -3.161826e-11 	 2.906328e-13
5 	 92 	 Ey 	 2 	 -2.461346e-11 	 3.111675e-13
5 	 93 	 Ey 	 2 	 -1.973506e-11 	 3.219394e-13
5 	 94 	 Ey 	 2 	 -1.619621e-11 	 3.272825e-13
5 	 95 	 Ey 	 2 	 -1.354813e-11 	 3.280526e-13
5 	 96 	 Ey 	 2 	 -1.151914e-11 	 3.230567e-13
5 	 97 	 Ey 	 2 	 -6.579887e-08 	 -3.330172e-11
5 	 98 	 Ey 	 2 	 -5.658772e-08 	 2.218541e-11
5 	 99 	 Ey 	 2 	 2.981745e-08 	 1.825601e-11
5 	 100 	 Ey 	 2 	 4.292636e-09 	 4.015835e-12
5 	 101 	 Ey 	 2 	 1.068784e-09 	 1.328949e-12
5 	 102 	 Ey 	 2 	 3.708874e-10 	 6.257825e-13
5 	 103 	 Ey 	 2 	 1.581914e-10 	 3.579398e-13
5 	 104 	 Ey 	 2 	 7.744757e-11 	 2.574474e-13
5 	 105 	 Ey 	 2 	 4.181337e-11 	 2.219413e-13
5 	 106 	 Ey 	 2 	 2.426927e-11 	 2.203324e-13
5 	 107 	 Ey 	 2 	 1.489646e-11 	 2.253319e-13
5 	 108 	 Ey 	 2 	 9.554230e-12 	 2.339821e-13
5 	 109 	 Ey 	 2 	 6.352489e-12 	 2.436455e-13
5 	 110 	 Ey 	 2 	 4.349132e-12 	 2.518153e-13
5 	 111 	 Ey 	 2 	 3.052754e-12 	 2.592307e-13
5 	 112 	 Ey 	 2 	 2.187695e-12 	 2.643179e-13
5 	 113 	 Ey 	 2 	 -9.650696e-09 	 -8.697198e-12
5 	 114 	 Ey 	 2 	 2.628826e-09 	 1.984087e-12
5 	 115 	 Ey 	 2 	 8.919651e-09 	 7.428997e-12
5 	 116 	 Ey 	 2 	 3.970517e-09 	 4.074316e-12
5 	 117 	 Ey 	 2 	 1.547485e-09 	 1.906406e-12
5 	 118 	 Ey 	 2 	 6.650454e-10 	 9.368712e-13
5 	 119 	 Ey 	 2 	 3.206227e-10 	 4.725519e-13
5 	 120 	 Ey 	 2 	 1.704342e-10 	 2.725623e-13
5 	 121 	 Ey 	 2 	 9.801884e-11 	 1.784288e-13
5 	 122 	 Ey 	 2 	 6.006002e-11 	 1.390136e-13
5 	 123 	 Ey 	 2 	 3.875191e-11 	 1.322386e-13
5 	 124 	 Ey 	 2 	 2.609686e-11 	 1.367685e-13
5 	 125 	 Ey 	 2 	 1.821893e-11 	 1.496121e-13
5 	 126 	 Ey 	 2 	 1.311497e-11 	 1.632915e-13
5 	 127 	 Ey 	 2 	 9.697706e-12 	 1.800650e-13
5 	 128 	 Ey 	 2 	 7.341323e-12 	 1.953564e-13
5 	 129 	 Ey 	 2 	 -2.094447e-09 	 -3.565745e-12
5 	 130 	 Ey 	 2 	 3.788217e-10 	 -2.090628e-13
5 	 131 	 Ey 	 2 	 2.405323e-09 	 2.204005e-12
5 	 132 	 Ey 	 2 	 1.998055e-09 	 2.138052e-12
5 	 133 	 Ey 	 2 	 1.172096e-09 	 1.411934e-12
5 	 134 	 Ey 	 2 	 6.410576e-10 	 7.909020e-13
5 	 135 	 Ey 	 2 	 3.573308e-10 	 4.099977e-13
5 	 136 	 Ey 	 2 	 2.081475e-10 	 2.014188e-13
5 	 137 	 Ey 	 2 	 1.271568e-10 	 9.735102e-14
5 	 138 	 Ey 	 2 	 8.120119e-11 	 4.924723e-14
5 	 139 	 Ey 	 2 	 5.394457e-11 	 3.798103e-14
5 	 140 	 Ey 	 2 	 3.709380e-11 	 4.295014e-14
5 	 141 	 Ey 	 2 	 2.629290e-11 	 5.990245e-14
5 	 142 	 Ey 	 2 	 1.913343e-11 	 8.089185e-14
5 	 143 	 Ey 	 2 	 1.425581e-11 	 1.050010e-13
5 	 144 	 Ey 	 2 	 1.085049e-11 	 1.317304e-13
5 	 145 	 Ey 	 2 	 -6.652341e-10 	 -2.379206e-12
5 	 146 	 Ey 	 2 	 9.243177e-11 	 -8.607896e-13
5 	 147 	 Ey 	 2 	 8.290628e-10 	 3.395287e-13
5 	 148 	 Ey 	 2 	 9.390320e-10 	 7.919902e-13
5 	 149 	 Ey 	 2 	 7.296546e-10 	 6.250877e-13
5 	 150 	 Ey 	 2 	 4.914659e-10 	 4.153615e-13
5 	 151 	 Ey 	 2 	 3.168276e-10 	 1.944343e-13
5 	 152 	 Ey 	 2 	 2.041689e-10 	 7.145394e-14
5 	 153 	 Ey 	 2 	 1.339494e-10 	 -2.271122e-14
5 	 154 	 Ey 	 2 	 9.005503e-11 	 -5.648977e-14
5 	 155 	 Ey 	 2 	 6.213251e-11 	 -6.064366e-14
5 	 156 	 Ey 	 2 	 4.394992e-11 	 -5.135263e-14
5 	 157 	 Ey 	 2 	 3.183174e-11 	 -2.571503e-14
5 	 158 	 Ey 	 2 	 2.355184e-11 	 1.754639e-15
5 	 159 	 Ey 	 2 	 1.777036e-11 	 3.304369e-14
5 	 160 	 Ey 	 2 	 1.366563e-11 	 7.202662e-14
5 	 161 	 Ey 	 2 	 -2.703217e-10 	 -2.039186e-12
5 	 162 	 Ey 	 2 	 2.857654e-11 	 -1.170707e-12
5 	 163 	 Ey 	 2 	 3.480014e-10 	 -4.563010e-13
5 	 164 	 Ey 	 2 	 4.656652e-10 	 -5.706007e-14
5 	 165 	 Ey 	 2 	 4.338015e-10 	 7.751260e-14
5 	 166 	 Ey 	 2 	 3.423884e-10 	 2.630355e-14
5 	 167 	 Ey 	 2 	 2.502913e-10 	 -4.718358e-14
5 	 168 	 Ey 	 2 	 1.775516e-10 	 -1.181500e-13
5 	 169 	 Ey 	 2 	 1.252484e-10 	 -1.590769e-13
5 	 170 	 Ey 	 2 	 8.897055e-11 	 -1.664266e-13
5 	 171 	 Ey 	 2 	 6.401896e-11 	 -1.631372e-13
5 	 172 	 Ey 	 2 	 4.679412e-11 	 -1.426276e-13
5 	 173 	 Ey 	 2 	 3.477075e-11 	 -1.095399e-13
5 	 174 	 Ey 	 2 	 2.625459e-11 	 -7.225748e-14
5 	 175 	 Ey 	 2 	 2.012920e-11 	 -3.556563e-14
5 	 176 	 Ey 	 2 	 1.568365e-11 	 1.246628e-14
5 	 177 	 Ey 	 2 	 -1.298274e-10 	 -1.957812e-12
5 	 178 	 Ey 	 2 	 9.385071e-12 	 -1.364742e-12
5 	 179 	 Ey 	 2 	 1.682176e-10 	 -8.527856e-13
5 	 180 	 Ey 	 2 	 2.484812e-10 	 -5.165164e-13
5 	 181 	 Ey 	 2 	 2.606272e-10 	 -3.521235e-13
5 	 182 	 Ey 	 2 	 2.309827e-10 	 -2.957903e-13
5 	 183 	 Ey 	 2 	 1.868803e-10 	 -2.741361e-13
5 	 184 	 Ey 	 2 	 1.441928e-10 	 -2.923624e-13
5 	 185 	 Ey 	 2 	 1.088402e-10 	 -2.886768e-13
5 	 186 	 Ey 	 2 	 8.161633e-11 	 -2.844305e-13
5 	 187 	 Ey 	 2 	 6.131053e-11 	 -2.648313e-13
5 	 188 	 Ey 	 2 	 4.639025e-11 	 -2.295614e-13
5 	 189 	 Ey 	 2 	 3.543757e-11 	 -1.895551e-13
5 	 190 	 Ey 	 2 	 2.736543e-11 	 -1.455337e-13
5 	 191 	 Ey 	 2 	 2.137345e-11 	 -1.002839e-13
5 	 192 	 Ey 	 2 	 1.690093e-11 	 -4.745186e-14
5 	 193 	 Ey 	 2 	 -7.036988e-11 	 -1.909664e-12
5 	 194 	 Ey 	 2 	 2.495018e-12 	 -1.468858e-12
5 	 195 	 Ey 	 2 	 9.005554e-11 	 -1.091093e-12
5 	 196 	 Ey 	 2 	 1.418881e-10 	 -8.192369e-13
5 	 197 	 Ey 	 2 	 1.612753e-10 	 -6.304284e-13
5 	 198 	 Ey 	 2 	 1.555275e-10 	 -5.372074e-13
5 	 199 	 Ey 	 2 	 1.362813e-10 	 -4.849263e-13
5 	 200 	 Ey 	 2 	 1.128363e-10 	 -4.512909e-13
5 	 201 	 Ey 	 2 	 9.044753e-11 	 -4.218313e-13
5 	 202 	 Ey 	 2 	 7.130249e-11 	 -3.972177e-13
5 	 203 	 Ey 	 2 	 5.584413e-11 	 -3.597503e-13
5 	 204 	 Ey 	 2 	 4.372714e-11 	 -3.171349e-13
5 	 205 	 Ey 	 2 	 3.436780e-11 	 -2.677641e-13
5 	 206 	 Ey 	 2 	 2.716523e-11 	 -2.204017e-13
5 	 207 	 Ey 	 2 	 2.164538e-11 	 -1.633986e-13
5 	 208 	 Ey 	 2 	 1.739166e-11 	 -1.082620e-13
5 	 209 	 Ey 	 2 	 -4.180504e-11 	 -1.875308e-12
5 	 210 	 Ey 	 2 	 -2.582859e-13 	 -1.510818e-12
5 	 211 	 Ey 	 2 	 5.197221e-11 	 -1.216973e-12
5 	 212 	 Ey 	 2 	 8.579579e-11 	 -9.863533e-13
5 	 213 	 Ey 	 2 	 1.032467e-10 	 -8.226536e-13
5 	 214 	 Ey 	 2 	 1.059880e-10 	 -7.123671e-13
5 	 215 	 Ey 	 2 	 9.883232e-11 	 -6.382116e-13
5 	 216 	 Ey 	 2 	 8.670432e-11 	 -5.856812e-13
5 	 217 	 Ey 	 2 	 7.318628e-11 	 -5.406998e-13
5 	 218 	 Ey 	 2 	 6.036785e-11 	 -5.002853e-13
5 	 219 	 Ey 	 2 	 4.914296e-11 	 -4.502241e-13
5 	 220 	 Ey 	 2 	 3.976298e-11 	 -4.008674e-13
5 	 221 	 Ey 	 2 	 3.212441e-11 	 -3.497509e-13
5 	 222 	 Ey 	 2 	 2.601034e-11 	 -2.904015e-13
5 	 223 	 Ey 	 2 	 2.114532e-11 	 -2.293213e-13
5 	 224 	 Ey 	 2 	 1.727212e-11 	 -1.727193e-13
5 	 225 	 Ey 	 2 	 -2.668905e-11 	 -1.809702e-12
5 	 226 	 Ey 	 2 	 -1.381040e-12 	 -1.521917e-12
5 	 227 	 Ey 	 2 	 3.174760e-11 	 -1.283330e-12
5 	 228 	 Ey 	 2 	 5.439928e-11 	 -1.090376e-12
5 	 229 	 Ey 	 2 	 6.829212e-11 	 -9.433960e-13
5 	 230 	 Ey 	 2 	 7.350647e-11 	 -8.356748e-13
5 	 231 	 Ey 	 2 	 7.196634e-11 	 -7.604270e-13
5 	 232 	 Ey 	 2 	 6.617890e-11 	 -7.023714e-13
5 	 233 	 Ey 	 2 	 5.838351e-11 	 -6.483173e-13
5 	 234 	 Ey 	 2 	 5.009563e-11 	 -5.958758e-13
5 	 235 	 Ey 	 2 	 4.223984e-11 	 -5.390863e-13
5 	 236 	 Ey 	 2 	 3.524230e-11 	 -4.835564e-13
5 	 237 	 Ey 	 2 	 2.923006e-11 	 -4.323524e-13
5 	 238 	 Ey 	 2 	 2.421743e-11 	 -3.672199e-13
5 	 239 	 Ey 	 2 	 2.008810e-11 	 -2.988087e-13
5 	 240 	 Ey 	 2 	 1.669169e-11 	 -2.385186e-13
5 	 241 	 Ey 	 2 	 -1.802558e-11 	 -1.711646e-12
5 	 242 	 Ey 	 2 	 -1.803382e-12 	 -1.486027e-12
5 	 243 	 Ey 	 2 	 2.026362e-11 	 -1.295311e-12
5 	 244 	 Ey 	 2 	 3.585435e-11 	 -1.143546e-12
5 	 245 	 Ey 	 2 	 4.652634e-11 	 -1.023990e-12
5 	 246 	 Ey 	 2 	 5.195656e-11 	 -9.286613e-13
5 	 247 	 Ey 	 2 	 5.287459e-11 	 -8.576717e-13
5 	 248 	 Ey 	 2 	 5.055075e-11 	 -7.956842e-13
5 	 249 	 Ey 	 2 	 4.626300e-11 	 -7.436540e-13
5 	 250 	 Ey 	 2 	 4.108162e-11 	 -6.907424e-13
5 	 251 	 Ey 	 2 	 3.573197e-11 	 -6.347255e-13
5 	 252 	 Ey 	 2 	 3.065037e-11 	 -5.788234e-13
5 	 253 	 Ey 	 2 	 2.608390e-11 	 -5.113414e-13
5 	 254 	 Ey 	 2 	 2.208121e-11 	 -4.470619e-13
5 	 255 	 Ey 	 2 	 1.864910e-11 	 -3.866415e-13
5 	 256 	 Ey 	 2 	 1.579263e-11 	 -3.052345e-13
