iTx 	 iRx    chrec  ifreq 	 emf_real 	 emf_imag
13 	 1 	 Ex 	 1 	 -3.397651e-11 	 1.101802e-11
13 	 2 	 Ex 	 1 	 -3.893174e-11 	 1.110370e-11
13 	 3 	 Ex 	 1 	 -3.419491e-11 	 1.046155e-11
13 	 4 	 Ex 	 1 	 -3.287195e-11 	 9.833667e-12
13 	 5 	 Ex 	 1 	 -3.082623e-11 	 8.626800e-12
13 	 6 	 Ex 	 1 	 -2.813819e-11 	 7.878302e-12
13 	 7 	 Ex 	 1 	 -2.504186e-11 	 7.552791e-12
13 	 8 	 Ex 	 1 	 -2.167230e-11 	 8.349955e-12
13 	 9 	 Ex 	 1 	 -1.846575e-11 	 8.803283e-12
13 	 10 	 Ex 	 1 	 -1.581139e-11 	 7.302606e-12
13 	 11 	 Ex 	 1 	 -1.358809e-11 	 4.913719e-12
13 	 12 	 Ex 	 1 	 -1.128181e-11 	 4.967763e-12
13 	 13 	 Ex 	 1 	 -9.146121e-12 	 5.865920e-12
13 	 14 	 Ex 	 1 	 -7.908702e-12 	 3.324716e-12
13 	 15 	 Ex 	 1 	 -6.488254e-12 	 3.372552e-12
13 	 16 	 Ex 	 1 	 -5.247446e-12 	 3.773057e-12
13 	 17 	 Ex 	 1 	 -4.048665e-11 	 1.156680e-11
13 	 18 	 Ex 	 1 	 -4.621470e-11 	 1.161209e-11
13 	 19 	 Ex 	 1 	 -4.042818e-11 	 1.172058e-11
13 	 20 	 Ex 	 1 	 -3.826423e-11 	 1.218857e-11
13 	 21 	 Ex 	 1 	 -3.492748e-11 	 1.319934e-11
13 	 22 	 Ex 	 1 	 -3.096520e-11 	 1.385829e-11
13 	 23 	 Ex 	 1 	 -2.681869e-11 	 1.370401e-11
13 	 24 	 Ex 	 1 	 -2.307141e-11 	 1.125894e-11
13 	 25 	 Ex 	 1 	 -1.978233e-11 	 7.532940e-12
13 	 26 	 Ex 	 1 	 -1.662582e-11 	 5.272807e-12
13 	 27 	 Ex 	 1 	 -1.311816e-11 	 7.782988e-12
13 	 28 	 Ex 	 1 	 -1.035326e-11 	 8.811673e-12
13 	 29 	 Ex 	 1 	 -8.967019e-12 	 4.354634e-12
13 	 30 	 Ex 	 1 	 -7.374947e-12 	 3.225850e-12
13 	 31 	 Ex 	 1 	 -5.375361e-12 	 6.442059e-12
13 	 32 	 Ex 	 1 	 -4.964553e-12 	 2.121732e-12
13 	 33 	 Ex 	 1 	 -4.815049e-11 	 1.707723e-11
13 	 34 	 Ex 	 1 	 -5.492453e-11 	 1.695767e-11
13 	 35 	 Ex 	 1 	 -4.790124e-11 	 1.697065e-11
13 	 36 	 Ex 	 1 	 -4.494589e-11 	 1.620115e-11
13 	 37 	 Ex 	 1 	 -4.058925e-11 	 1.516920e-11
13 	 38 	 Ex 	 1 	 -3.546633e-11 	 1.368199e-11
13 	 39 	 Ex 	 1 	 -3.007616e-11 	 1.219305e-11
13 	 40 	 Ex 	 1 	 -2.485805e-11 	 1.094472e-11
13 	 41 	 Ex 	 1 	 -1.998387e-11 	 1.055538e-11
13 	 42 	 Ex 	 1 	 -1.567601e-11 	 1.089624e-11
13 	 43 	 Ex 	 1 	 -1.243870e-11 	 9.015445e-12
13 	 44 	 Ex 	 1 	 -1.004531e-11 	 6.175405e-12
13 	 45 	 Ex 	 1 	 -7.778269e-12 	 6.023956e-12
13 	 46 	 Ex 	 1 	 -5.747572e-12 	 7.320229e-12
13 	 47 	 Ex 	 1 	 -4.986544e-12 	 3.474672e-12
13 	 48 	 Ex 	 1 	 -3.796827e-12 	 3.935369e-12
13 	 49 	 Ex 	 1 	 -5.890564e-11 	 2.121685e-11
13 	 50 	 Ex 	 1 	 -6.697516e-11 	 2.127152e-11
13 	 51 	 Ex 	 1 	 -5.830678e-11 	 2.074328e-11
13 	 52 	 Ex 	 1 	 -5.381186e-11 	 1.955014e-11
13 	 53 	 Ex 	 1 	 -4.750679e-11 	 1.747331e-11
13 	 54 	 Ex 	 1 	 -4.023864e-11 	 1.528154e-11
13 	 55 	 Ex 	 1 	 -3.287434e-11 	 1.321136e-11
13 	 56 	 Ex 	 1 	 -2.575580e-11 	 1.308359e-11
13 	 57 	 Ex 	 1 	 -1.940388e-11 	 1.409762e-11
13 	 58 	 Ex 	 1 	 -1.449336e-11 	 1.327695e-11
13 	 59 	 Ex 	 1 	 -1.113761e-11 	 9.464825e-12
13 	 60 	 Ex 	 1 	 -8.460123e-12 	 6.930713e-12
13 	 61 	 Ex 	 1 	 -5.797072e-12 	 8.827234e-12
13 	 62 	 Ex 	 1 	 -4.413342e-12 	 6.841785e-12
13 	 63 	 Ex 	 1 	 -3.593412e-12 	 3.992402e-12
13 	 64 	 Ex 	 1 	 -2.268254e-12 	 6.112598e-12
13 	 65 	 Ex 	 1 	 -7.422725e-11 	 2.318983e-11
13 	 66 	 Ex 	 1 	 -8.409759e-11 	 2.344851e-11
13 	 67 	 Ex 	 1 	 -7.288788e-11 	 2.291397e-11
13 	 68 	 Ex 	 1 	 -6.564990e-11 	 2.233383e-11
13 	 69 	 Ex 	 1 	 -5.573076e-11 	 2.127161e-11
13 	 70 	 Ex 	 1 	 -4.477663e-11 	 2.051262e-11
13 	 71 	 Ex 	 1 	 -3.419594e-11 	 1.993777e-11
13 	 72 	 Ex 	 1 	 -2.504733e-11 	 1.883911e-11
13 	 73 	 Ex 	 1 	 -1.797617e-11 	 1.562215e-11
13 	 74 	 Ex 	 1 	 -1.270301e-11 	 1.200703e-11
13 	 75 	 Ex 	 1 	 -8.596317e-12 	 1.046424e-11
13 	 76 	 Ex 	 1 	 -5.223066e-12 	 1.175483e-11
13 	 77 	 Ex 	 1 	 -3.453910e-12 	 9.341995e-12
13 	 78 	 Ex 	 1 	 -2.554257e-12 	 5.678447e-12
13 	 79 	 Ex 	 1 	 -1.258676e-12 	 7.151481e-12
13 	 80 	 Ex 	 1 	 -8.781765e-13 	 5.434224e-12
13 	 81 	 Ex 	 1 	 -9.552426e-11 	 2.811890e-11
13 	 82 	 Ex 	 1 	 -1.081182e-10 	 2.837101e-11
13 	 83 	 Ex 	 1 	 -9.293979e-11 	 2.815897e-11
13 	 84 	 Ex 	 1 	 -8.107714e-11 	 2.765826e-11
13 	 85 	 Ex 	 1 	 -6.539612e-11 	 2.725989e-11
13 	 86 	 Ex 	 1 	 -4.907010e-11 	 2.653665e-11
13 	 87 	 Ex 	 1 	 -3.445137e-11 	 2.496834e-11
13 	 88 	 Ex 	 1 	 -2.287934e-11 	 2.162923e-11
13 	 89 	 Ex 	 1 	 -1.438555e-11 	 1.761210e-11
13 	 90 	 Ex 	 1 	 -8.502787e-12 	 1.373647e-11
13 	 91 	 Ex 	 1 	 -4.067653e-12 	 1.371599e-11
13 	 92 	 Ex 	 1 	 -1.279646e-12 	 1.334463e-11
13 	 93 	 Ex 	 1 	 -1.741936e-13 	 9.488255e-12
13 	 94 	 Ex 	 1 	 4.881482e-13 	 7.161711e-12
13 	 95 	 Ex 	 1 	 1.355461e-12 	 8.904388e-12
13 	 96 	 Ex 	 1 	 9.487622e-13 	 4.890106e-12
13 	 97 	 Ex 	 1 	 -1.265093e-10 	 3.802732e-11
13 	 98 	 Ex 	 1 	 -1.433963e-10 	 3.834585e-11
13 	 99 	 Ex 	 1 	 -1.217826e-10 	 3.795004e-11
13 	 100 	 Ex 	 1 	 -1.016880e-10 	 3.620603e-11
13 	 101 	 Ex 	 1 	 -7.663337e-11 	 3.371393e-11
13 	 102 	 Ex 	 1 	 -5.229715e-11 	 3.051134e-11
13 	 103 	 Ex 	 1 	 -3.210423e-11 	 2.724255e-11
13 	 104 	 Ex 	 1 	 -1.728302e-11 	 2.366689e-11
13 	 105 	 Ex 	 1 	 -7.268041e-12 	 2.066854e-11
13 	 106 	 Ex 	 1 	 -8.568764e-13 	 1.931383e-11
13 	 107 	 Ex 	 1 	 2.506071e-12 	 1.640517e-11
13 	 108 	 Ex 	 1 	 3.920011e-12 	 1.277500e-11
13 	 109 	 Ex 	 1 	 4.439817e-12 	 1.047169e-11
13 	 110 	 Ex 	 1 	 4.770377e-12 	 1.109667e-11
13 	 111 	 Ex 	 1 	 3.972891e-12 	 7.172209e-12
13 	 112 	 Ex 	 1 	 3.477758e-12 	 6.038506e-12
13 	 113 	 Ex 	 1 	 -1.754234e-10 	 4.899085e-11
13 	 114 	 Ex 	 1 	 -1.997288e-10 	 4.946341e-11
13 	 115 	 Ex 	 1 	 -1.664728e-10 	 4.866038e-11
13 	 116 	 Ex 	 1 	 -1.300490e-10 	 4.594335e-11
13 	 117 	 Ex 	 1 	 -8.786166e-11 	 4.164817e-11
13 	 118 	 Ex 	 1 	 -5.063231e-11 	 3.622732e-11
13 	 119 	 Ex 	 1 	 -2.317437e-11 	 3.060643e-11
13 	 120 	 Ex 	 1 	 -5.168542e-12 	 2.730098e-11
13 	 121 	 Ex 	 1 	 5.342952e-12 	 2.553188e-11
13 	 122 	 Ex 	 1 	 1.039870e-11 	 2.313403e-11
13 	 123 	 Ex 	 1 	 1.181677e-11 	 1.859562e-11
13 	 124 	 Ex 	 1 	 1.122122e-11 	 1.302332e-11
13 	 125 	 Ex 	 1 	 1.073418e-11 	 1.363654e-11
13 	 126 	 Ex 	 1 	 9.374205e-12 	 1.166365e-11
13 	 127 	 Ex 	 1 	 7.452641e-12 	 7.066260e-12
13 	 128 	 Ex 	 1 	 6.651809e-12 	 8.697687e-12
13 	 129 	 Ex 	 1 	 -2.576996e-10 	 6.009367e-11
13 	 130 	 Ex 	 1 	 -2.964768e-10 	 6.105655e-11
13 	 131 	 Ex 	 1 	 -2.395218e-10 	 5.933037e-11
13 	 132 	 Ex 	 1 	 -1.684820e-10 	 5.546047e-11
13 	 133 	 Ex 	 1 	 -9.419306e-11 	 4.979605e-11
13 	 134 	 Ex 	 1 	 -3.680353e-11 	 4.407054e-11
13 	 135 	 Ex 	 1 	 -8.993075e-13 	 3.848752e-11
13 	 136 	 Ex 	 1 	 1.791011e-11 	 3.437853e-11
13 	 137 	 Ex 	 1 	 2.558060e-11 	 3.081701e-11
13 	 138 	 Ex 	 1 	 2.651729e-11 	 2.509554e-11
13 	 139 	 Ex 	 1 	 2.415667e-11 	 1.858265e-11
13 	 140 	 Ex 	 1 	 2.133982e-11 	 1.707448e-11
13 	 141 	 Ex 	 1 	 1.825294e-11 	 1.603175e-11
13 	 142 	 Ex 	 1 	 1.454993e-11 	 1.067757e-11
13 	 143 	 Ex 	 1 	 1.187369e-11 	 9.354120e-12
13 	 144 	 Ex 	 1 	 9.822294e-12 	 9.566114e-12
13 	 145 	 Ex 	 1 	 -4.059488e-10 	 7.794535e-11
13 	 146 	 Ex 	 1 	 -4.778867e-10 	 7.945759e-11
13 	 147 	 Ex 	 1 	 -3.646013e-10 	 7.693408e-11
13 	 148 	 Ex 	 1 	 -2.135185e-10 	 7.101961e-11
13 	 149 	 Ex 	 1 	 -7.888463e-11 	 6.297446e-11
13 	 150 	 Ex 	 1 	 5.094688e-12 	 5.488940e-11
13 	 151 	 Ex 	 1 	 4.479739e-11 	 4.784512e-11
13 	 152 	 Ex 	 1 	 5.714715e-11 	 4.118132e-11
13 	 153 	 Ex 	 1 	 5.576552e-11 	 3.399132e-11
13 	 154 	 Ex 	 1 	 4.892711e-11 	 2.748805e-11
13 	 155 	 Ex 	 1 	 4.063947e-11 	 2.152344e-11
13 	 156 	 Ex 	 1 	 3.336697e-11 	 2.005627e-11
13 	 157 	 Ex 	 1 	 2.662780e-11 	 1.648848e-11
13 	 158 	 Ex 	 1 	 2.078931e-11 	 1.201452e-11
13 	 159 	 Ex 	 1 	 1.647599e-11 	 1.066632e-11
13 	 160 	 Ex 	 1 	 1.295857e-11 	 9.156828e-12
13 	 161 	 Ex 	 1 	 -7.019069e-10 	 1.039378e-10
13 	 162 	 Ex 	 1 	 -8.681799e-10 	 1.064725e-10
13 	 163 	 Ex 	 1 	 -5.920593e-10 	 1.022404e-10
13 	 164 	 Ex 	 1 	 -2.369501e-10 	 9.248177e-11
13 	 165 	 Ex 	 1 	 4.600932e-12 	 7.999146e-11
13 	 166 	 Ex 	 1 	 1.074765e-10 	 6.769771e-11
13 	 167 	 Ex 	 1 	 1.299071e-10 	 5.730980e-11
13 	 168 	 Ex 	 1 	 1.191325e-10 	 4.852943e-11
13 	 169 	 Ex 	 1 	 9.841297e-11 	 3.856309e-11
13 	 170 	 Ex 	 1 	 7.763238e-11 	 2.963515e-11
13 	 171 	 Ex 	 1 	 6.033629e-11 	 2.453659e-11
13 	 172 	 Ex 	 1 	 4.677490e-11 	 2.200830e-11
13 	 173 	 Ex 	 1 	 3.590535e-11 	 1.806853e-11
13 	 174 	 Ex 	 1 	 2.717543e-11 	 1.248539e-11
13 	 175 	 Ex 	 1 	 2.116317e-11 	 1.199003e-11
13 	 176 	 Ex 	 1 	 1.622603e-11 	 9.590728e-12
13 	 177 	 Ex 	 1 	 -1.361570e-09 	 1.479409e-10
13 	 178 	 Ex 	 1 	 -1.892492e-09 	 1.523878e-10
13 	 179 	 Ex 	 1 	 -9.997375e-10 	 1.444429e-10
13 	 180 	 Ex 	 1 	 -8.345590e-11 	 1.259363e-10
13 	 181 	 Ex 	 1 	 2.825614e-10 	 1.041208e-10
13 	 182 	 Ex 	 1 	 3.264072e-10 	 8.370627e-11
13 	 183 	 Ex 	 1 	 2.720568e-10 	 6.647571e-11
13 	 184 	 Ex 	 1 	 2.063754e-10 	 5.271029e-11
13 	 185 	 Ex 	 1 	 1.519175e-10 	 4.172943e-11
13 	 186 	 Ex 	 1 	 1.111636e-10 	 3.342577e-11
13 	 187 	 Ex 	 1 	 8.195528e-11 	 2.918094e-11
13 	 188 	 Ex 	 1 	 6.036536e-11 	 2.258867e-11
13 	 189 	 Ex 	 1 	 4.481970e-11 	 1.781134e-11
13 	 190 	 Ex 	 1 	 3.363778e-11 	 1.485192e-11
13 	 191 	 Ex 	 1 	 2.548639e-11 	 1.286930e-11
13 	 192 	 Ex 	 1 	 1.911380e-11 	 9.247357e-12
13 	 193 	 Ex 	 1 	 -2.870768e-09 	 2.240055e-10
13 	 194 	 Ex 	 1 	 -5.643393e-09 	 2.317166e-10
13 	 195 	 Ex 	 1 	 -1.305753e-09 	 2.153940e-10
13 	 196 	 Ex 	 1 	 9.564380e-10 	 1.733573e-10
13 	 197 	 Ex 	 1 	 1.021402e-09 	 1.310976e-10
13 	 198 	 Ex 	 1 	 7.177501e-10 	 9.835355e-11
13 	 199 	 Ex 	 1 	 4.719147e-10 	 7.407218e-11
13 	 200 	 Ex 	 1 	 3.114558e-10 	 5.752346e-11
13 	 201 	 Ex 	 1 	 2.099712e-10 	 4.678889e-11
13 	 202 	 Ex 	 1 	 1.447322e-10 	 3.787856e-11
13 	 203 	 Ex 	 1 	 1.017794e-10 	 3.037700e-11
13 	 204 	 Ex 	 1 	 7.255026e-11 	 2.257985e-11
13 	 205 	 Ex 	 1 	 5.297656e-11 	 1.978796e-11
13 	 206 	 Ex 	 1 	 3.903063e-11 	 1.629230e-11
13 	 207 	 Ex 	 1 	 2.882440e-11 	 1.200597e-11
13 	 208 	 Ex 	 1 	 2.184127e-11 	 1.105944e-11
13 	 209 	 Ex 	 1 	 -3.442371e-11 	 4.100810e-10
13 	 210 	 Ex 	 1 	 -3.243301e-08 	 3.747774e-10
13 	 211 	 Ex 	 1 	 6.381858e-09 	 3.782031e-10
13 	 212 	 Ex 	 1 	 5.071717e-09 	 2.434690e-10
13 	 213 	 Ex 	 1 	 2.411098e-09 	 1.610056e-10
13 	 214 	 Ex 	 1 	 1.224343e-09 	 1.128963e-10
13 	 215 	 Ex 	 1 	 6.805554e-10 	 8.160892e-11
13 	 216 	 Ex 	 1 	 4.071770e-10 	 6.105991e-11
13 	 217 	 Ex 	 1 	 2.580908e-10 	 4.911346e-11
13 	 218 	 Ex 	 1 	 1.708994e-10 	 4.042109e-11
13 	 219 	 Ex 	 1 	 1.168176e-10 	 3.223114e-11
13 	 220 	 Ex 	 1 	 8.153184e-11 	 2.344140e-11
13 	 221 	 Ex 	 1 	 5.850367e-11 	 1.978935e-11
13 	 222 	 Ex 	 1 	 4.282143e-11 	 1.752976e-11
13 	 223 	 Ex 	 1 	 3.128178e-11 	 1.244193e-11
13 	 224 	 Ex 	 1 	 2.347418e-11 	 1.105923e-11
13 	 225 	 Ex 	 1 	 8.881801e-08 	 1.086540e-09
13 	 226 	 Ex 	 1 	 -2.615819e-06 	 -7.027217e-09
13 	 227 	 Ex 	 1 	 6.631204e-08 	 7.827214e-10
13 	 228 	 Ex 	 1 	 1.099428e-08 	 3.043439e-10
13 	 229 	 Ex 	 1 	 3.533273e-09 	 1.783832e-10
13 	 230 	 Ex 	 1 	 1.536047e-09 	 1.191792e-10
13 	 231 	 Ex 	 1 	 7.908335e-10 	 8.337434e-11
13 	 232 	 Ex 	 1 	 4.532572e-10 	 6.186516e-11
13 	 233 	 Ex 	 1 	 2.799877e-10 	 5.091837e-11
13 	 234 	 Ex 	 1 	 1.824305e-10 	 4.321521e-11
13 	 235 	 Ex 	 1 	 1.229573e-10 	 3.277547e-11
13 	 236 	 Ex 	 1 	 8.485426e-11 	 2.237629e-11
13 	 237 	 Ex 	 1 	 6.082019e-11 	 2.088707e-11
13 	 238 	 Ex 	 1 	 4.437940e-11 	 1.887566e-11
13 	 239 	 Ex 	 1 	 3.188682e-11 	 1.087700e-11
13 	 240 	 Ex 	 1 	 2.434499e-11 	 1.268475e-11
13 	 241 	 Ex 	 1 	 1.746662e-08 	 5.812110e-10
13 	 242 	 Ex 	 1 	 -8.169854e-08 	 3.851992e-10
13 	 243 	 Ex 	 1 	 1.946587e-08 	 4.920374e-10
13 	 244 	 Ex 	 1 	 7.364362e-09 	 2.689329e-10
13 	 245 	 Ex 	 1 	 2.909299e-09 	 1.682178e-10
13 	 246 	 Ex 	 1 	 1.369910e-09 	 1.151427e-10
13 	 247 	 Ex 	 1 	 7.331112e-10 	 8.227254e-11
13 	 248 	 Ex 	 1 	 4.294119e-10 	 6.255443e-11
13 	 249 	 Ex 	 1 	 2.687661e-10 	 5.158893e-11
13 	 250 	 Ex 	 1 	 1.763890e-10 	 4.228745e-11
13 	 251 	 Ex 	 1 	 1.194782e-10 	 3.150760e-11
13 	 252 	 Ex 	 1 	 8.306991e-11 	 2.304295e-11
13 	 253 	 Ex 	 1 	 5.985145e-11 	 2.189071e-11
13 	 254 	 Ex 	 1 	 4.348812e-11 	 1.779846e-11
13 	 255 	 Ex 	 1 	 3.153173e-11 	 1.133246e-11
13 	 256 	 Ex 	 1 	 2.415301e-11 	 1.316271e-11
13 	 1 	 Ex 	 2 	 -4.529498e-11 	 2.979042e-12
13 	 2 	 Ex 	 2 	 -5.021758e-11 	 2.836182e-12
13 	 3 	 Ex 	 2 	 -4.508486e-11 	 2.628812e-12
13 	 4 	 Ex 	 2 	 -4.317876e-11 	 2.311053e-12
13 	 5 	 Ex 	 2 	 -4.028543e-11 	 1.912718e-12
13 	 6 	 Ex 	 2 	 -3.666618e-11 	 1.464152e-12
13 	 7 	 Ex 	 2 	 -3.262001e-11 	 9.973383e-13
13 	 8 	 Ex 	 2 	 -2.841744e-11 	 5.464584e-13
13 	 9 	 Ex 	 2 	 -2.430100e-11 	 1.311301e-13
13 	 10 	 Ex 	 2 	 -2.045270e-11 	 -2.340463e-13
13 	 11 	 Ex 	 2 	 -1.696964e-11 	 -5.342821e-13
13 	 12 	 Ex 	 2 	 -1.387442e-11 	 -7.530478e-13
13 	 13 	 Ex 	 2 	 -1.119490e-11 	 -8.968791e-13
13 	 14 	 Ex 	 2 	 -8.953536e-12 	 -9.936324e-13
13 	 15 	 Ex 	 2 	 -7.064041e-12 	 -1.025115e-12
13 	 16 	 Ex 	 2 	 -5.504618e-12 	 -1.011284e-12
13 	 17 	 Ex 	 2 	 -5.567616e-11 	 5.435051e-12
13 	 18 	 Ex 	 2 	 -6.142291e-11 	 5.321852e-12
13 	 19 	 Ex 	 2 	 -5.530640e-11 	 5.060843e-12
13 	 20 	 Ex 	 2 	 -5.259964e-11 	 4.603816e-12
13 	 21 	 Ex 	 2 	 -4.855263e-11 	 4.002730e-12
13 	 22 	 Ex 	 2 	 -4.359803e-11 	 3.300062e-12
13 	 23 	 Ex 	 2 	 -3.818322e-11 	 2.550918e-12
13 	 24 	 Ex 	 2 	 -3.271693e-11 	 1.802759e-12
13 	 25 	 Ex 	 2 	 -2.749649e-11 	 1.102680e-12
13 	 26 	 Ex 	 2 	 -2.270071e-11 	 4.943499e-13
13 	 27 	 Ex 	 2 	 -1.841212e-11 	 9.984961e-15
13 	 28 	 Ex 	 2 	 -1.472450e-11 	 -3.706638e-13
13 	 29 	 Ex 	 2 	 -1.166024e-11 	 -6.694683e-13
13 	 30 	 Ex 	 2 	 -9.097738e-12 	 -8.601289e-13
13 	 31 	 Ex 	 2 	 -6.968217e-12 	 -9.502358e-13
13 	 32 	 Ex 	 2 	 -5.312657e-12 	 -1.008358e-12
13 	 33 	 Ex 	 2 	 -6.906524e-11 	 9.165318e-12
13 	 34 	 Ex 	 2 	 -7.588110e-11 	 9.103684e-12
13 	 35 	 Ex 	 2 	 -6.844649e-11 	 8.755468e-12
13 	 36 	 Ex 	 2 	 -6.455304e-11 	 8.067270e-12
13 	 37 	 Ex 	 2 	 -5.884865e-11 	 7.122574e-12
13 	 38 	 Ex 	 2 	 -5.201050e-11 	 6.006237e-12
13 	 39 	 Ex 	 2 	 -4.471161e-11 	 4.815637e-12
13 	 40 	 Ex 	 2 	 -3.751343e-11 	 3.638839e-12
13 	 41 	 Ex 	 2 	 -3.080886e-11 	 2.552831e-12
13 	 42 	 Ex 	 2 	 -2.483188e-11 	 1.602587e-12
13 	 43 	 Ex 	 2 	 -1.970236e-11 	 8.045295e-13
13 	 44 	 Ex 	 2 	 -1.541020e-11 	 1.658331e-13
13 	 45 	 Ex 	 2 	 -1.186144e-11 	 -3.034770e-13
13 	 46 	 Ex 	 2 	 -8.979065e-12 	 -6.235600e-13
13 	 47 	 Ex 	 2 	 -6.722436e-12 	 -8.462661e-13
13 	 48 	 Ex 	 2 	 -4.913033e-12 	 -9.559465e-13
13 	 49 	 Ex 	 2 	 -8.660811e-11 	 1.472776e-11
13 	 50 	 Ex 	 2 	 -9.484560e-11 	 1.475993e-11
13 	 51 	 Ex 	 2 	 -8.557594e-11 	 1.426962e-11
13 	 52 	 Ex 	 2 	 -7.982080e-11 	 1.321968e-11
13 	 53 	 Ex 	 2 	 -7.158626e-11 	 1.174157e-11
13 	 54 	 Ex 	 2 	 -6.197697e-11 	 9.989677e-12
13 	 55 	 Ex 	 2 	 -5.203553e-11 	 8.126146e-12
13 	 56 	 Ex 	 2 	 -4.254652e-11 	 6.303117e-12
13 	 57 	 Ex 	 2 	 -3.401001e-11 	 4.629074e-12
13 	 58 	 Ex 	 2 	 -2.668279e-11 	 3.159027e-12
13 	 59 	 Ex 	 2 	 -2.060637e-11 	 1.925254e-12
13 	 60 	 Ex 	 2 	 -1.566214e-11 	 9.495363e-13
13 	 61 	 Ex 	 2 	 -1.167824e-11 	 2.290732e-13
13 	 62 	 Ex 	 2 	 -8.573335e-12 	 -2.992902e-13
13 	 63 	 Ex 	 2 	 -6.171925e-12 	 -6.575739e-13
13 	 64 	 Ex 	 2 	 -4.286506e-12 	 -8.579825e-13
13 	 65 	 Ex 	 2 	 -1.099475e-10 	 2.297735e-11
13 	 66 	 Ex 	 2 	 -1.201642e-10 	 2.316239e-11
13 	 67 	 Ex 	 2 	 -1.082189e-10 	 2.244385e-11
13 	 68 	 Ex 	 2 	 -9.944319e-11 	 2.081237e-11
13 	 69 	 Ex 	 2 	 -8.723241e-11 	 1.849921e-11
13 	 70 	 Ex 	 2 	 -7.348158e-11 	 1.576217e-11
13 	 71 	 Ex 	 2 	 -5.981513e-11 	 1.287931e-11
13 	 72 	 Ex 	 2 	 -4.734774e-11 	 1.007454e-11
13 	 73 	 Ex 	 2 	 -3.665125e-11 	 7.508657e-12
13 	 74 	 Ex 	 2 	 -2.784052e-11 	 5.288524e-12
13 	 75 	 Ex 	 2 	 -2.077724e-11 	 3.464958e-12
13 	 76 	 Ex 	 2 	 -1.522152e-11 	 2.039244e-12
13 	 77 	 Ex 	 2 	 -1.096239e-11 	 9.468009e-13
13 	 78 	 Ex 	 2 	 -7.726721e-12 	 1.518849e-13
13 	 79 	 Ex 	 2 	 -5.245107e-12 	 -3.737783e-13
13 	 80 	 Ex 	 2 	 -3.413395e-12 	 -7.193472e-13
13 	 81 	 Ex 	 2 	 -1.416383e-10 	 3.519773e-11
13 	 82 	 Ex 	 2 	 -1.547449e-10 	 3.563022e-11
13 	 83 	 Ex 	 2 	 -1.386915e-10 	 3.452876e-11
13 	 84 	 Ex 	 2 	 -1.248136e-10 	 3.194258e-11
13 	 85 	 Ex 	 2 	 -1.061979e-10 	 2.827431e-11
13 	 86 	 Ex 	 2 	 -8.618554e-11 	 2.398425e-11
13 	 87 	 Ex 	 2 	 -6.734217e-11 	 1.952277e-11
13 	 88 	 Ex 	 2 	 -5.110371e-11 	 1.525127e-11
13 	 89 	 Ex 	 2 	 -3.791325e-11 	 1.141713e-11
13 	 90 	 Ex 	 2 	 -2.760888e-11 	 8.154538e-12
13 	 91 	 Ex 	 2 	 -1.973785e-11 	 5.515622e-12
13 	 92 	 Ex 	 2 	 -1.383831e-11 	 3.451445e-12
13 	 93 	 Ex 	 2 	 -9.489586e-12 	 1.886242e-12
13 	 94 	 Ex 	 2 	 -6.280840e-12 	 7.600644e-13
13 	 95 	 Ex 	 2 	 -3.902636e-12 	 -2.620983e-15
13 	 96 	 Ex 	 2 	 -2.223694e-12 	 -5.213856e-13
13 	 97 	 Ex 	 2 	 -1.860319e-10 	 5.329507e-11
13 	 98 	 Ex 	 2 	 -2.036576e-10 	 5.413267e-11
13 	 99 	 Ex 	 2 	 -1.808759e-10 	 5.236641e-11
13 	 100 	 Ex 	 2 	 -1.578853e-10 	 4.817294e-11
13 	 101 	 Ex 	 2 	 -1.285437e-10 	 4.228003e-11
13 	 102 	 Ex 	 2 	 -9.892941e-11 	 3.551403e-11
13 	 103 	 Ex 	 2 	 -7.297653e-11 	 2.863772e-11
13 	 104 	 Ex 	 2 	 -5.221082e-11 	 2.221030e-11
13 	 105 	 Ex 	 2 	 -3.652970e-11 	 1.657747e-11
13 	 106 	 Ex 	 2 	 -2.508391e-11 	 1.188655e-11
13 	 107 	 Ex 	 2 	 -1.691118e-11 	 8.128906e-12
13 	 108 	 Ex 	 2 	 -1.112652e-11 	 5.226631e-12
13 	 109 	 Ex 	 2 	 -7.029130e-12 	 3.071052e-12
13 	 110 	 Ex 	 2 	 -4.115746e-12 	 1.531483e-12
13 	 111 	 Ex 	 2 	 -2.100854e-12 	 4.515805e-13
13 	 112 	 Ex 	 2 	 -6.786932e-13 	 -2.551571e-13
13 	 113 	 Ex 	 2 	 -2.511084e-10 	 8.018887e-11
13 	 114 	 Ex 	 2 	 -2.764788e-10 	 8.171221e-11
13 	 115 	 Ex 	 2 	 -2.415916e-10 	 7.875859e-11
13 	 116 	 Ex 	 2 	 -2.011559e-10 	 7.179018e-11
13 	 117 	 Ex 	 2 	 -1.530166e-10 	 6.218853e-11
13 	 118 	 Ex 	 2 	 -1.085969e-10 	 5.147814e-11
13 	 119 	 Ex 	 2 	 -7.336418e-11 	 4.090241e-11
13 	 120 	 Ex 	 2 	 -4.795375e-11 	 3.134145e-11
13 	 121 	 Ex 	 2 	 -3.059533e-11 	 2.318339e-11
13 	 122 	 Ex 	 2 	 -1.910494e-11 	 1.654506e-11
13 	 123 	 Ex 	 2 	 -1.159564e-11 	 1.133761e-11
13 	 124 	 Ex 	 2 	 -6.677321e-12 	 7.383909e-12
13 	 125 	 Ex 	 2 	 -3.379924e-12 	 4.499795e-12
13 	 126 	 Ex 	 2 	 -1.197065e-12 	 2.437810e-12
13 	 127 	 Ex 	 2 	 2.316809e-13 	 1.004126e-12
13 	 128 	 Ex 	 2 	 1.218407e-12 	 7.486108e-14
13 	 129 	 Ex 	 2 	 -3.525257e-10 	 1.206245e-10
13 	 130 	 Ex 	 2 	 -3.928239e-10 	 1.233663e-10
13 	 131 	 Ex 	 2 	 -3.335190e-10 	 1.181917e-10
13 	 132 	 Ex 	 2 	 -2.569059e-10 	 1.062298e-10
13 	 133 	 Ex 	 2 	 -1.746101e-10 	 9.029808e-11
13 	 134 	 Ex 	 2 	 -1.079303e-10 	 7.320999e-11
13 	 135 	 Ex 	 2 	 -6.224712e-11 	 5.703047e-11
13 	 136 	 Ex 	 2 	 -3.400820e-11 	 4.292726e-11
13 	 137 	 Ex 	 2 	 -1.757426e-11 	 3.132157e-11
13 	 138 	 Ex 	 2 	 -8.305228e-12 	 2.213508e-11
13 	 139 	 Ex 	 2 	 -3.125134e-12 	 1.510447e-11
13 	 140 	 Ex 	 2 	 -1.710214e-13 	 9.897810e-12
13 	 141 	 Ex 	 2 	 1.536440e-12 	 6.131495e-12
13 	 142 	 Ex 	 2 	 2.495839e-12 	 3.459154e-12
13 	 143 	 Ex 	 2 	 3.070687e-12 	 1.640538e-12
13 	 144 	 Ex 	 2 	 3.393827e-12 	 4.426842e-13
13 	 145 	 Ex 	 2 	 -5.241980e-10 	 1.827366e-10
13 	 146 	 Ex 	 2 	 -5.983430e-10 	 1.878733e-10
13 	 147 	 Ex 	 2 	 -4.816583e-10 	 1.782395e-10
13 	 148 	 Ex 	 2 	 -3.226814e-10 	 1.567931e-10
13 	 149 	 Ex 	 2 	 -1.771407e-10 	 1.296499e-10
13 	 150 	 Ex 	 2 	 -8.081541e-11 	 1.021046e-10
13 	 151 	 Ex 	 2 	 -2.870118e-11 	 7.751536e-11
13 	 152 	 Ex 	 2 	 -4.346831e-12 	 5.705562e-11
13 	 153 	 Ex 	 2 	 5.468372e-12 	 4.088038e-11
13 	 154 	 Ex 	 2 	 8.581695e-12 	 2.852662e-11
13 	 155 	 Ex 	 2 	 8.949188e-12 	 1.932793e-11
13 	 156 	 Ex 	 2 	 8.402496e-12 	 1.265029e-11
13 	 157 	 Ex 	 2 	 7.625255e-12 	 7.888683e-12
13 	 158 	 Ex 	 2 	 6.881908e-12 	 4.564654e-12
13 	 159 	 Ex 	 2 	 6.272180e-12 	 2.315920e-12
13 	 160 	 Ex 	 2 	 5.754554e-12 	 8.312019e-13
13 	 161 	 Ex 	 2 	 -8.482409e-10 	 2.816579e-10
13 	 162 	 Ex 	 2 	 -1.017829e-09 	 2.920363e-10
13 	 163 	 Ex 	 2 	 -7.364710e-10 	 2.725164e-10
13 	 164 	 Ex 	 2 	 -3.697986e-10 	 2.316030e-10
13 	 165 	 Ex 	 2 	 -1.132660e-10 	 1.838775e-10
13 	 166 	 Ex 	 2 	 5.791941e-12 	 1.393427e-10
13 	 167 	 Ex 	 2 	 4.403606e-11 	 1.022816e-10
13 	 168 	 Ex 	 2 	 4.793824e-11 	 7.334288e-11
13 	 169 	 Ex 	 2 	 4.079960e-11 	 5.148923e-11
13 	 170 	 Ex 	 2 	 3.193442e-11 	 3.538814e-11
13 	 171 	 Ex 	 2 	 2.437314e-11 	 2.375117e-11
13 	 172 	 Ex 	 2 	 1.866824e-11 	 1.547499e-11
13 	 173 	 Ex 	 2 	 1.456063e-11 	 9.671797e-12
13 	 174 	 Ex 	 2 	 1.165049e-11 	 5.669900e-12
13 	 175 	 Ex 	 2 	 9.632169e-12 	 2.989532e-12
13 	 176 	 Ex 	 2 	 8.163953e-12 	 1.221808e-12
13 	 177 	 Ex 	 2 	 -1.542097e-09 	 4.491374e-10
13 	 178 	 Ex 	 2 	 -2.078728e-09 	 4.732995e-10
13 	 179 	 Ex 	 2 	 -1.176555e-09 	 4.278982e-10
13 	 180 	 Ex 	 2 	 -2.424057e-10 	 3.428654e-10
13 	 181 	 Ex 	 2 	 1.443688e-10 	 2.559560e-10
13 	 182 	 Ex 	 2 	 2.090296e-10 	 1.843692e-10
13 	 183 	 Ex 	 2 	 1.744510e-10 	 1.301505e-10
13 	 184 	 Ex 	 2 	 1.266120e-10 	 9.061731e-11
13 	 185 	 Ex 	 2 	 8.777891e-11 	 6.227625e-11
13 	 186 	 Ex 	 2 	 6.030049e-11 	 4.216223e-11
13 	 187 	 Ex 	 2 	 4.184027e-11 	 2.801641e-11
13 	 188 	 Ex 	 2 	 2.964751e-11 	 1.813855e-11
13 	 189 	 Ex 	 2 	 2.164771e-11 	 1.132697e-11
13 	 190 	 Ex 	 2 	 1.637345e-11 	 6.697174e-12
13 	 191 	 Ex 	 2 	 1.284359e-11 	 3.605456e-12
13 	 192 	 Ex 	 2 	 1.040332e-11 	 1.575804e-12
13 	 193 	 Ex 	 2 	 -3.092276e-09 	 7.629792e-10
13 	 194 	 Ex 	 2 	 -5.879408e-09 	 8.356155e-10
13 	 195 	 Ex 	 2 	 -1.518075e-09 	 7.030774e-10
13 	 196 	 Ex 	 2 	 7.734423e-10 	 5.045896e-10
13 	 197 	 Ex 	 2 	 8.653016e-10 	 3.444501e-10
13 	 198 	 Ex 	 2 	 5.870545e-10 	 2.331139e-10
13 	 199 	 Ex 	 2 	 3.644872e-10 	 1.578427e-10
13 	 200 	 Ex 	 2 	 2.243212e-10 	 1.068207e-10
13 	 201 	 Ex 	 2 	 1.400397e-10 	 7.198422e-11
13 	 202 	 Ex 	 2 	 8.942881e-11 	 4.807750e-11
13 	 203 	 Ex 	 2 	 5.871199e-11 	 3.164297e-11
13 	 204 	 Ex 	 2 	 3.978565e-11 	 2.037083e-11
13 	 205 	 Ex 	 2 	 2.797541e-11 	 1.270682e-11
13 	 206 	 Ex 	 2 	 2.044545e-11 	 7.538555e-12
13 	 207 	 Ex 	 2 	 1.553283e-11 	 4.101130e-12
13 	 208 	 Ex 	 2 	 1.226802e-11 	 1.873501e-12
13 	 209 	 Ex 	 2 	 -2.870945e-10 	 1.452968e-09
13 	 210 	 Ex 	 2 	 -3.278972e-08 	 1.822865e-09
13 	 211 	 Ex 	 2 	 6.156101e-09 	 1.221655e-09
13 	 212 	 Ex 	 2 	 4.876674e-09 	 7.096721e-10
13 	 213 	 Ex 	 2 	 2.242945e-09 	 4.324629e-10
13 	 214 	 Ex 	 2 	 1.084034e-09 	 2.753138e-10
13 	 215 	 Ex 	 2 	 5.659660e-10 	 1.798868e-10
13 	 216 	 Ex 	 2 	 3.149071e-10 	 1.190387e-10
13 	 217 	 Ex 	 2 	 1.843355e-10 	 7.904748e-11
13 	 218 	 Ex 	 2 	 1.126126e-10 	 5.227296e-11
13 	 219 	 Ex 	 2 	 7.153585e-11 	 3.417535e-11
13 	 220 	 Ex 	 2 	 4.721594e-11 	 2.190903e-11
13 	 221 	 Ex 	 2 	 3.245941e-11 	 1.364038e-11
13 	 222 	 Ex 	 2 	 2.327224e-11 	 8.108476e-12
13 	 223 	 Ex 	 2 	 1.737021e-11 	 4.439178e-12
13 	 224 	 Ex 	 2 	 1.350574e-11 	 2.068808e-12
13 	 225 	 Ex 	 2 	 8.878654e-08 	 2.737592e-09
13 	 226 	 Ex 	 2 	 -2.623505e-06 	 1.321166e-08
13 	 227 	 Ex 	 2 	 6.623254e-08 	 1.878274e-09
13 	 228 	 Ex 	 2 	 1.080361e-08 	 8.514593e-10
13 	 229 	 Ex 	 2 	 3.360740e-09 	 4.804400e-10
13 	 230 	 Ex 	 2 	 1.391693e-09 	 2.959116e-10
13 	 231 	 Ex 	 2 	 6.733487e-10 	 1.899822e-10
13 	 232 	 Ex 	 2 	 3.587794e-10 	 1.244474e-10
13 	 233 	 Ex 	 2 	 2.043495e-10 	 8.209806e-11
13 	 234 	 Ex 	 2 	 1.225033e-10 	 5.405538e-11
13 	 235 	 Ex 	 2 	 7.669809e-11 	 3.523180e-11
13 	 236 	 Ex 	 2 	 5.003356e-11 	 2.253853e-11
13 	 237 	 Ex 	 2 	 3.408236e-11 	 1.402814e-11
13 	 238 	 Ex 	 2 	 2.423749e-11 	 8.345253e-12
13 	 239 	 Ex 	 2 	 1.794264e-11 	 4.571816e-12
13 	 240 	 Ex 	 2 	 1.389652e-11 	 2.158401e-12
13 	 241 	 Ex 	 2 	 1.725046e-08 	 1.854808e-09
13 	 242 	 Ex 	 2 	 -8.221104e-08 	 2.642127e-09
13 	 243 	 Ex 	 2 	 1.926635e-08 	 1.465454e-09
13 	 244 	 Ex 	 2 	 7.169526e-09 	 7.733534e-10
13 	 245 	 Ex 	 2 	 2.738585e-09 	 4.550422e-10
13 	 246 	 Ex 	 2 	 1.227259e-09 	 2.851422e-10
13 	 247 	 Ex 	 2 	 6.167035e-10 	 1.846914e-10
13 	 248 	 Ex 	 2 	 3.354974e-10 	 1.215849e-10
13 	 249 	 Ex 	 2 	 1.934800e-10 	 8.046645e-11
13 	 250 	 Ex 	 2 	 1.169104e-10 	 5.308746e-11
13 	 251 	 Ex 	 2 	 7.360249e-11 	 3.464560e-11
13 	 252 	 Ex 	 2 	 4.823748e-11 	 2.219006e-11
13 	 253 	 Ex 	 2 	 3.299304e-11 	 1.382212e-11
13 	 254 	 Ex 	 2 	 2.354024e-11 	 8.216408e-12
13 	 255 	 Ex 	 2 	 1.750823e-11 	 4.503609e-12
13 	 256 	 Ex 	 2 	 1.361993e-11 	 2.125010e-12
13 	 1 	 Ey 	 1 	 5.827571e-12 	 -7.893763e-13
13 	 2 	 Ey 	 1 	 1.740712e-12 	 -1.128864e-12
13 	 3 	 Ey 	 1 	 -3.015599e-12 	 -5.995509e-13
13 	 4 	 Ey 	 1 	 -7.019585e-12 	 -3.847381e-13
13 	 5 	 Ey 	 1 	 -1.038506e-11 	 -4.070973e-14
13 	 6 	 Ey 	 1 	 -1.288683e-11 	 8.511836e-13
13 	 7 	 Ey 	 1 	 -1.469704e-11 	 1.129744e-12
13 	 8 	 Ey 	 1 	 -1.577073e-11 	 1.111612e-12
13 	 9 	 Ey 	 1 	 -1.632682e-11 	 1.777277e-13
13 	 10 	 Ey 	 1 	 -1.609223e-11 	 7.138979e-13
13 	 11 	 Ey 	 1 	 -1.553942e-11 	 7.925846e-13
13 	 12 	 Ey 	 1 	 -1.466532e-11 	 1.129515e-12
13 	 13 	 Ey 	 1 	 -1.380599e-11 	 3.892139e-13
13 	 14 	 Ey 	 1 	 -1.264397e-11 	 1.119111e-12
13 	 15 	 Ey 	 1 	 -1.174655e-11 	 2.386736e-13
13 	 16 	 Ey 	 1 	 -1.071072e-11 	 3.635381e-13
13 	 17 	 Ey 	 1 	 7.563745e-12 	 7.806657e-13
13 	 18 	 Ey 	 1 	 2.231169e-12 	 1.305203e-12
13 	 19 	 Ey 	 1 	 -4.250185e-12 	 9.767723e-13
13 	 20 	 Ey 	 1 	 -9.547237e-12 	 9.362398e-13
13 	 21 	 Ey 	 1 	 -1.386596e-11 	 1.220417e-12
13 	 22 	 Ey 	 1 	 -1.720461e-11 	 6.814087e-13
13 	 23 	 Ey 	 1 	 -1.931129e-11 	 5.501776e-13
13 	 24 	 Ey 	 1 	 -2.049049e-11 	 -4.073409e-13
13 	 25 	 Ey 	 1 	 -2.051349e-11 	 1.088085e-13
13 	 26 	 Ey 	 1 	 -1.991925e-11 	 2.546301e-13
13 	 27 	 Ey 	 1 	 -1.878036e-11 	 9.332496e-13
13 	 28 	 Ey 	 1 	 -1.743968e-11 	 1.201636e-12
13 	 29 	 Ey 	 1 	 -1.629921e-11 	 -4.707195e-13
13 	 30 	 Ey 	 1 	 -1.479686e-11 	 -1.579530e-13
13 	 31 	 Ey 	 1 	 -1.294088e-11 	 2.376435e-12
13 	 32 	 Ey 	 1 	 -1.211469e-11 	 -3.785953e-13
13 	 33 	 Ey 	 1 	 9.688016e-12 	 1.208574e-12
13 	 34 	 Ey 	 1 	 2.204867e-12 	 1.130538e-12
13 	 35 	 Ey 	 1 	 -6.498648e-12 	 9.415291e-13
13 	 36 	 Ey 	 1 	 -1.359809e-11 	 7.936981e-13
13 	 37 	 Ey 	 1 	 -1.934910e-11 	 1.186498e-13
13 	 38 	 Ey 	 1 	 -2.330417e-11 	 -4.374130e-14
13 	 39 	 Ey 	 1 	 -2.552096e-11 	 4.555431e-14
13 	 40 	 Ey 	 1 	 -2.605423e-11 	 1.278286e-12
13 	 41 	 Ey 	 1 	 -2.555403e-11 	 1.717933e-12
13 	 42 	 Ey 	 1 	 -2.448110e-11 	 7.668993e-13
13 	 43 	 Ey 	 1 	 -2.290482e-11 	 -1.656719e-13
13 	 44 	 Ey 	 1 	 -2.096819e-11 	 -4.304080e-13
13 	 45 	 Ey 	 1 	 -1.851197e-11 	 1.976169e-12
13 	 46 	 Ey 	 1 	 -1.674112e-11 	 7.940434e-13
13 	 47 	 Ey 	 1 	 -1.517944e-11 	 -9.445600e-13
13 	 48 	 Ey 	 1 	 -1.309962e-11 	 1.464687e-12
13 	 49 	 Ey 	 1 	 1.224065e-11 	 -7.923280e-13
13 	 50 	 Ey 	 1 	 1.661790e-12 	 -1.194629e-12
13 	 51 	 Ey 	 1 	 -1.022218e-11 	 -6.092278e-13
13 	 52 	 Ey 	 1 	 -1.984697e-11 	 -4.632095e-13
13 	 53 	 Ey 	 1 	 -2.708512e-11 	 7.696154e-14
13 	 54 	 Ey 	 1 	 -3.163694e-11 	 7.636630e-13
13 	 55 	 Ey 	 1 	 -3.379672e-11 	 8.155773e-13
13 	 56 	 Ey 	 1 	 -3.395784e-11 	 4.122723e-13
13 	 57 	 Ey 	 1 	 -3.268836e-11 	 -2.546455e-13
13 	 58 	 Ey 	 1 	 -3.020377e-11 	 7.713877e-13
13 	 59 	 Ey 	 1 	 -2.741349e-11 	 7.923469e-13
13 	 60 	 Ey 	 1 	 -2.446005e-11 	 8.530431e-13
13 	 61 	 Ey 	 1 	 -2.174240e-11 	 1.929046e-14
13 	 62 	 Ey 	 1 	 -1.894389e-11 	 9.450384e-13
13 	 63 	 Ey 	 1 	 -1.671454e-11 	 1.147611e-13
13 	 64 	 Ey 	 1 	 -1.457985e-11 	 4.189647e-13
13 	 65 	 Ey 	 1 	 1.682101e-11 	 4.623404e-13
13 	 66 	 Ey 	 1 	 1.595528e-12 	 7.365899e-13
13 	 67 	 Ey 	 1 	 -1.552864e-11 	 6.279567e-13
13 	 68 	 Ey 	 1 	 -2.894524e-11 	 7.630824e-13
13 	 69 	 Ey 	 1 	 -3.846706e-11 	 1.104966e-12
13 	 70 	 Ey 	 1 	 -4.388543e-11 	 7.273387e-13
13 	 71 	 Ey 	 1 	 -4.555720e-11 	 3.087201e-13
13 	 72 	 Ey 	 1 	 -4.444142e-11 	 -2.360588e-13
13 	 73 	 Ey 	 1 	 -4.135407e-11 	 -2.630721e-14
13 	 74 	 Ey 	 1 	 -3.734739e-11 	 -7.532361e-14
13 	 75 	 Ey 	 1 	 -3.278517e-11 	 1.296921e-12
13 	 76 	 Ey 	 1 	 -2.864712e-11 	 7.674414e-13
13 	 77 	 Ey 	 1 	 -2.493233e-11 	 -2.285075e-13
13 	 78 	 Ey 	 1 	 -2.147155e-11 	 -2.781450e-13
13 	 79 	 Ey 	 1 	 -1.811473e-11 	 1.858469e-12
13 	 80 	 Ey 	 1 	 -1.592319e-11 	 -2.236194e-13
13 	 81 	 Ey 	 1 	 2.396348e-11 	 1.755859e-12
13 	 82 	 Ey 	 1 	 9.572328e-13 	 1.889617e-12
13 	 83 	 Ey 	 1 	 -2.448557e-11 	 1.186848e-12
13 	 84 	 Ey 	 1 	 -4.374652e-11 	 8.923635e-13
13 	 85 	 Ey 	 1 	 -5.636846e-11 	 2.689203e-13
13 	 86 	 Ey 	 1 	 -6.201259e-11 	 6.973913e-14
13 	 87 	 Ey 	 1 	 -6.189053e-11 	 6.093766e-13
13 	 88 	 Ey 	 1 	 -5.805683e-11 	 7.858317e-13
13 	 89 	 Ey 	 1 	 -5.220741e-11 	 7.235796e-13
13 	 90 	 Ey 	 1 	 -4.564725e-11 	 5.516165e-13
13 	 91 	 Ey 	 1 	 -3.931083e-11 	 -3.603774e-13
13 	 92 	 Ey 	 1 	 -3.323067e-11 	 5.208257e-13
13 	 93 	 Ey 	 1 	 -2.803349e-11 	 5.628674e-13
13 	 94 	 Ey 	 1 	 -2.360139e-11 	 5.973830e-13
13 	 95 	 Ey 	 1 	 -1.997719e-11 	 1.466804e-13
13 	 96 	 Ey 	 1 	 -1.694308e-11 	 1.972459e-13
13 	 97 	 Ey 	 1 	 3.549545e-11 	 9.016297e-13
13 	 98 	 Ey 	 1 	 -9.743072e-13 	 5.188559e-13
13 	 99 	 Ey 	 1 	 -4.019669e-11 	 3.529257e-13
13 	 100 	 Ey 	 1 	 -6.852107e-11 	 1.244765e-13
13 	 101 	 Ey 	 1 	 -8.459133e-11 	 -2.154651e-13
13 	 102 	 Ey 	 1 	 -8.902626e-11 	 -1.469808e-13
13 	 103 	 Ey 	 1 	 -8.507423e-11 	 -4.399721e-14
13 	 104 	 Ey 	 1 	 -7.623879e-11 	 1.009873e-12
13 	 105 	 Ey 	 1 	 -6.573534e-11 	 1.259946e-12
13 	 106 	 Ey 	 1 	 -5.550062e-11 	 2.501688e-13
13 	 107 	 Ey 	 1 	 -4.613622e-11 	 -2.243345e-13
13 	 108 	 Ey 	 1 	 -3.801415e-11 	 -2.059108e-13
13 	 109 	 Ey 	 1 	 -3.097717e-11 	 1.583343e-12
13 	 110 	 Ey 	 1 	 -2.571892e-11 	 2.681498e-13
13 	 111 	 Ey 	 1 	 -2.144563e-11 	 -6.324351e-13
13 	 112 	 Ey 	 1 	 -1.758235e-11 	 1.217467e-12
13 	 113 	 Ey 	 1 	 5.656264e-11 	 -8.972987e-14
13 	 114 	 Ey 	 1 	 -4.641811e-12 	 -6.683701e-13
13 	 115 	 Ey 	 1 	 -6.875803e-11 	 -5.322318e-13
13 	 116 	 Ey 	 1 	 -1.115979e-10 	 -7.269205e-13
13 	 117 	 Ey 	 1 	 -1.306392e-10 	 -2.428236e-13
13 	 118 	 Ey 	 1 	 -1.299290e-10 	 2.052343e-13
13 	 119 	 Ey 	 1 	 -1.173973e-10 	 7.555477e-14
13 	 120 	 Ey 	 1 	 -1.000567e-10 	 -3.656491e-13
13 	 121 	 Ey 	 1 	 -8.226923e-11 	 -1.928790e-13
13 	 122 	 Ey 	 1 	 -6.626553e-11 	 5.338836e-13
13 	 123 	 Ey 	 1 	 -5.301065e-11 	 3.997748e-13
13 	 124 	 Ey 	 1 	 -4.230184e-11 	 4.312278e-13
13 	 125 	 Ey 	 1 	 -3.394255e-11 	 -8.267470e-14
13 	 126 	 Ey 	 1 	 -2.723714e-11 	 5.954571e-13
13 	 127 	 Ey 	 1 	 -2.219991e-11 	 7.705806e-14
13 	 128 	 Ey 	 1 	 -1.816163e-11 	 3.637539e-13
13 	 129 	 Ey 	 1 	 9.885063e-11 	 6.543160e-13
13 	 130 	 Ey 	 1 	 -1.191850e-11 	 2.524937e-13
13 	 131 	 Ey 	 1 	 -1.246452e-10 	 -2.933248e-14
13 	 132 	 Ey 	 1 	 -1.908315e-10 	 -2.972439e-13
13 	 133 	 Ey 	 1 	 -2.084485e-10 	 -2.467340e-13
13 	 134 	 Ey 	 1 	 -1.926145e-10 	 -3.745093e-13
13 	 135 	 Ey 	 1 	 -1.620117e-10 	 -3.651674e-13
13 	 136 	 Ey 	 1 	 -1.293641e-10 	 -5.454136e-13
13 	 137 	 Ey 	 1 	 -1.006153e-10 	 -7.443739e-13
13 	 138 	 Ey 	 1 	 -7.723017e-11 	 3.161177e-13
13 	 139 	 Ey 	 1 	 -5.924001e-11 	 8.364761e-13
13 	 140 	 Ey 	 1 	 -4.583883e-11 	 1.168803e-13
13 	 141 	 Ey 	 1 	 -3.579012e-11 	 -3.745722e-13
13 	 142 	 Ey 	 1 	 -2.806510e-11 	 4.422328e-13
13 	 143 	 Ey 	 1 	 -2.237865e-11 	 4.208224e-13
13 	 144 	 Ey 	 1 	 -1.816999e-11 	 -1.404801e-13
13 	 145 	 Ey 	 1 	 1.927695e-10 	 1.342379e-12
13 	 146 	 Ey 	 1 	 -2.951357e-11 	 5.971339e-13
13 	 147 	 Ey 	 1 	 -2.465481e-10 	 -3.615629e-13
13 	 148 	 Ey 	 1 	 -3.473622e-10 	 -6.794005e-13
13 	 149 	 Ey 	 1 	 -3.433955e-10 	 -5.536004e-13
13 	 150 	 Ey 	 1 	 -2.868554e-10 	 -7.575457e-13
13 	 151 	 Ey 	 1 	 -2.202236e-10 	 -7.989833e-13
13 	 152 	 Ey 	 1 	 -1.626442e-10 	 -7.645481e-13
13 	 153 	 Ey 	 1 	 -1.185512e-10 	 -4.744090e-13
13 	 154 	 Ey 	 1 	 -8.653602e-11 	 -3.153842e-13
13 	 155 	 Ey 	 1 	 -6.358184e-11 	 8.189193e-13
13 	 156 	 Ey 	 1 	 -4.756734e-11 	 1.363617e-13
13 	 157 	 Ey 	 1 	 -3.614994e-11 	 -2.926156e-13
13 	 158 	 Ey 	 1 	 -2.785412e-11 	 -9.817497e-14
13 	 159 	 Ey 	 1 	 -2.166588e-11 	 9.473644e-13
13 	 160 	 Ey 	 1 	 -1.746709e-11 	 -2.940817e-13
13 	 161 	 Ey 	 1 	 4.353029e-10 	 3.056700e-12
13 	 162 	 Ey 	 1 	 -7.869634e-11 	 8.925573e-13
13 	 163 	 Ey 	 1 	 -5.496995e-10 	 -1.533473e-12
13 	 164 	 Ey 	 1 	 -6.790063e-10 	 -2.085952e-12
13 	 165 	 Ey 	 1 	 -5.778298e-10 	 -1.824789e-12
13 	 166 	 Ey 	 1 	 -4.202340e-10 	 -1.237857e-12
13 	 167 	 Ey 	 1 	 -2.875922e-10 	 -8.466864e-13
13 	 168 	 Ey 	 1 	 -1.939356e-10 	 -6.469843e-13
13 	 169 	 Ey 	 1 	 -1.316931e-10 	 -4.301842e-14
13 	 170 	 Ey 	 1 	 -9.111106e-11 	 -2.553409e-13
13 	 171 	 Ey 	 1 	 -6.437940e-11 	 -1.220310e-13
13 	 172 	 Ey 	 1 	 -4.652357e-11 	 2.309445e-13
13 	 173 	 Ey 	 1 	 -3.447605e-11 	 -3.852723e-14
13 	 174 	 Ey 	 1 	 -2.609363e-11 	 -2.724480e-14
13 	 175 	 Ey 	 1 	 -2.007504e-11 	 5.999783e-13
13 	 176 	 Ey 	 1 	 -1.599638e-11 	 -3.287671e-13
13 	 177 	 Ey 	 1 	 1.209433e-09 	 5.958896e-12
13 	 178 	 Ey 	 1 	 -2.551618e-10 	 -3.315080e-13
13 	 179 	 Ey 	 1 	 -1.451251e-09 	 -5.712847e-12
13 	 180 	 Ey 	 1 	 -1.420064e-09 	 -5.758377e-12
13 	 181 	 Ey 	 1 	 -9.582858e-10 	 -3.679466e-12
13 	 182 	 Ey 	 1 	 -5.786892e-10 	 -2.031735e-12
13 	 183 	 Ey 	 1 	 -3.449820e-10 	 -9.495179e-13
13 	 184 	 Ey 	 1 	 -2.106352e-10 	 -7.925167e-13
13 	 185 	 Ey 	 1 	 -1.331979e-10 	 -4.829392e-13
13 	 186 	 Ey 	 1 	 -8.743307e-11 	 -2.588679e-13
13 	 187 	 Ey 	 1 	 -5.951054e-11 	 -2.297765e-13
13 	 188 	 Ey 	 1 	 -4.181596e-11 	 2.673430e-13
13 	 189 	 Ey 	 1 	 -3.043918e-11 	 -2.526964e-13
13 	 190 	 Ey 	 1 	 -2.270403e-11 	 1.906143e-16
13 	 191 	 Ey 	 1 	 -1.735642e-11 	 3.324492e-13
13 	 192 	 Ey 	 1 	 -1.372210e-11 	 -1.912855e-13
13 	 193 	 Ey 	 1 	 4.604077e-09 	 2.010886e-11
13 	 194 	 Ey 	 1 	 -1.223383e-09 	 -4.663333e-12
13 	 195 	 Ey 	 1 	 -4.822125e-09 	 -2.002476e-11
13 	 196 	 Ey 	 1 	 -2.994915e-09 	 -1.258934e-11
13 	 197 	 Ey 	 1 	 -1.421278e-09 	 -6.214177e-12
13 	 198 	 Ey 	 1 	 -6.809947e-10 	 -2.770302e-12
13 	 199 	 Ey 	 1 	 -3.499707e-10 	 -1.115362e-12
13 	 200 	 Ey 	 1 	 -1.939047e-10 	 -4.138342e-13
13 	 201 	 Ey 	 1 	 -1.149952e-10 	 -2.962213e-13
13 	 202 	 Ey 	 1 	 -7.231618e-11 	 -2.327648e-13
13 	 203 	 Ey 	 1 	 -4.790107e-11 	 -5.149894e-13
13 	 204 	 Ey 	 1 	 -3.306054e-11 	 -5.549645e-15
13 	 205 	 Ey 	 1 	 -2.374471e-11 	 1.332530e-13
13 	 206 	 Ey 	 1 	 -1.768493e-11 	 1.617495e-14
13 	 207 	 Ey 	 1 	 -1.362438e-11 	 -2.759810e-13
13 	 208 	 Ey 	 1 	 -1.070854e-11 	 1.039712e-13
13 	 209 	 Ey 	 1 	 2.780043e-08 	 1.154046e-10
13 	 210 	 Ey 	 1 	 -1.478345e-08 	 -5.999182e-11
13 	 211 	 Ey 	 1 	 -1.930602e-08 	 -7.964894e-11
13 	 212 	 Ey 	 1 	 -4.827037e-09 	 -2.022136e-11
13 	 213 	 Ey 	 1 	 -1.454358e-09 	 -6.155020e-12
13 	 214 	 Ey 	 1 	 -5.532881e-10 	 -2.535577e-12
13 	 215 	 Ey 	 1 	 -2.505871e-10 	 -1.134147e-12
13 	 216 	 Ey 	 1 	 -1.291362e-10 	 -6.808372e-13
13 	 217 	 Ey 	 1 	 -7.343975e-11 	 -4.066752e-13
13 	 218 	 Ey 	 1 	 -4.517860e-11 	 -2.165308e-13
13 	 219 	 Ey 	 1 	 -2.969868e-11 	 -3.039194e-13
13 	 220 	 Ey 	 1 	 -2.062597e-11 	 -2.807769e-13
13 	 221 	 Ey 	 1 	 -1.501733e-11 	 -2.450663e-13
13 	 222 	 Ey 	 1 	 -1.135352e-11 	 -4.589558e-14
13 	 223 	 Ey 	 1 	 -8.929484e-12 	 -9.083861e-14
13 	 224 	 Ey 	 1 	 -7.253776e-12 	 -2.117182e-13
13 	 225 	 Ey 	 1 	 4.036355e-08 	 1.650150e-10
13 	 226 	 Ey 	 1 	 -4.525708e-06 	 -1.815348e-08
13 	 227 	 Ey 	 1 	 -1.570391e-08 	 -6.498544e-11
13 	 228 	 Ey 	 1 	 -1.722320e-09 	 -7.532282e-12
13 	 229 	 Ey 	 1 	 -4.871916e-10 	 -2.218158e-12
13 	 230 	 Ey 	 1 	 -2.120283e-10 	 -1.004113e-12
13 	 231 	 Ey 	 1 	 -1.168270e-10 	 -7.032575e-13
13 	 232 	 Ey 	 1 	 -7.434831e-11 	 -6.448075e-13
13 	 233 	 Ey 	 1 	 -5.203924e-11 	 -7.066559e-13
13 	 234 	 Ey 	 1 	 -3.886180e-11 	 -5.379533e-13
13 	 235 	 Ey 	 1 	 -3.042040e-11 	 -2.841525e-13
13 	 236 	 Ey 	 1 	 -2.467728e-11 	 -2.646952e-13
13 	 237 	 Ey 	 1 	 -2.059299e-11 	 -3.977182e-13
13 	 238 	 Ey 	 1 	 -1.752075e-11 	 -3.840340e-13
13 	 239 	 Ey 	 1 	 -1.513186e-11 	 -2.321606e-13
13 	 240 	 Ey 	 1 	 -1.324172e-11 	 -8.168191e-14
13 	 241 	 Ey 	 1 	 -5.403324e-08 	 -2.215769e-10
13 	 242 	 Ey 	 1 	 2.297945e-08 	 9.637774e-11
13 	 243 	 Ey 	 1 	 2.786942e-08 	 1.149307e-10
13 	 244 	 Ey 	 1 	 4.614341e-09 	 1.932895e-11
13 	 245 	 Ey 	 1 	 1.207776e-09 	 4.832169e-12
13 	 246 	 Ey 	 1 	 4.306483e-10 	 1.409783e-12
13 	 247 	 Ey 	 1 	 1.867976e-10 	 2.647258e-13
13 	 248 	 Ey 	 1 	 9.213637e-11 	 -4.679337e-14
13 	 249 	 Ey 	 1 	 4.951210e-11 	 -1.053599e-13
13 	 250 	 Ey 	 1 	 2.809820e-11 	 -3.444658e-13
13 	 251 	 Ey 	 1 	 1.645816e-11 	 -5.225743e-13
13 	 252 	 Ey 	 1 	 9.766370e-12 	 -5.046310e-13
13 	 253 	 Ey 	 1 	 5.771585e-12 	 -2.455639e-13
13 	 254 	 Ey 	 1 	 3.240174e-12 	 -2.935448e-13
13 	 255 	 Ey 	 1 	 1.620477e-12 	 -3.968790e-13
13 	 256 	 Ey 	 1 	 5.958036e-13 	 -2.944590e-13
13 	 1 	 Ey 	 2 	 4.976010e-12 	 1.316897e-12
13 	 2 	 Ey 	 2 	 9.140980e-13 	 1.184471e-12
13 	 3 	 Ey 	 2 	 -3.958080e-12 	 1.064755e-12
13 	 4 	 Ey 	 2 	 -8.009456e-12 	 9.529781e-13
13 	 5 	 Ey 	 2 	 -1.144064e-11 	 8.515232e-13
13 	 6 	 Ey 	 2 	 -1.409615e-11 	 7.611958e-13
13 	 7 	 Ey 	 2 	 -1.593332e-11 	 6.749000e-13
13 	 8 	 Ey 	 2 	 -1.698662e-11 	 5.939611e-13
13 	 9 	 Ey 	 2 	 -1.735986e-11 	 5.137906e-13
13 	 10 	 Ey 	 2 	 -1.716638e-11 	 4.421982e-13
13 	 11 	 Ey 	 2 	 -1.656451e-11 	 3.723847e-13
13 	 12 	 Ey 	 2 	 -1.567968e-11 	 3.040336e-13
13 	 13 	 Ey 	 2 	 -1.463719e-11 	 2.331954e-13
13 	 14 	 Ey 	 2 	 -1.350529e-11 	 1.678340e-13
13 	 15 	 Ey 	 2 	 -1.237654e-11 	 9.705512e-14
13 	 16 	 Ey 	 2 	 -1.127526e-11 	 3.023531e-14
13 	 17 	 Ey 	 2 	 6.403628e-12 	 1.474469e-12
13 	 18 	 Ey 	 2 	 9.567196e-13 	 1.311078e-12
13 	 19 	 Ey 	 2 	 -5.488502e-12 	 1.156086e-12
13 	 20 	 Ey 	 2 	 -1.080249e-11 	 1.017612e-12
13 	 21 	 Ey 	 2 	 -1.517855e-11 	 8.940183e-13
13 	 22 	 Ey 	 2 	 -1.842329e-11 	 7.789874e-13
13 	 23 	 Ey 	 2 	 -2.048569e-11 	 6.759587e-13
13 	 24 	 Ey 	 2 	 -2.147091e-11 	 5.782449e-13
13 	 25 	 Ey 	 2 	 -2.153991e-11 	 4.944572e-13
13 	 26 	 Ey 	 2 	 -2.092564e-11 	 4.143235e-13
13 	 27 	 Ey 	 2 	 -1.983330e-11 	 3.388081e-13
13 	 28 	 Ey 	 2 	 -1.845834e-11 	 2.649644e-13
13 	 29 	 Ey 	 2 	 -1.696112e-11 	 1.854941e-13
13 	 30 	 Ey 	 2 	 -1.541607e-11 	 1.153944e-13
13 	 31 	 Ey 	 2 	 -1.389665e-11 	 5.692614e-14
13 	 32 	 Ey 	 2 	 -1.251730e-11 	 -2.443872e-14
13 	 33 	 Ey 	 2 	 8.384854e-12 	 1.623435e-12
13 	 34 	 Ey 	 2 	 9.036372e-13 	 1.418686e-12
13 	 35 	 Ey 	 2 	 -7.789191e-12 	 1.233409e-12
13 	 36 	 Ey 	 2 	 -1.488047e-11 	 1.068154e-12
13 	 37 	 Ey 	 2 	 -2.052474e-11 	 9.191371e-13
13 	 38 	 Ey 	 2 	 -2.444497e-11 	 7.883639e-13
13 	 39 	 Ey 	 2 	 -2.664883e-11 	 6.726591e-13
13 	 40 	 Ey 	 2 	 -2.734177e-11 	 5.730993e-13
13 	 41 	 Ey 	 2 	 -2.686413e-11 	 4.808759e-13
13 	 42 	 Ey 	 2 	 -2.557278e-11 	 3.885684e-13
13 	 43 	 Ey 	 2 	 -2.377205e-11 	 3.010455e-13
13 	 44 	 Ey 	 2 	 -2.170962e-11 	 2.203196e-13
13 	 45 	 Ey 	 2 	 -1.955579e-11 	 1.544057e-13
13 	 46 	 Ey 	 2 	 -1.749153e-11 	 7.468363e-14
13 	 47 	 Ey 	 2 	 -1.556533e-11 	 -3.877077e-15
13 	 48 	 Ey 	 2 	 -1.377801e-11 	 -6.434804e-14
13 	 49 	 Ey 	 2 	 1.123496e-11 	 1.752120e-12
13 	 50 	 Ey 	 2 	 6.991994e-13 	 1.506490e-12
13 	 51 	 Ey 	 2 	 -1.131800e-11 	 1.293122e-12
13 	 52 	 Ey 	 2 	 -2.097264e-11 	 1.100666e-12
13 	 53 	 Ey 	 2 	 -2.829573e-11 	 9.350332e-13
13 	 54 	 Ey 	 2 	 -3.295259e-11 	 7.928928e-13
13 	 55 	 Ey 	 2 	 -3.508960e-11 	 6.646616e-13
13 	 56 	 Ey 	 2 	 -3.515001e-11 	 5.505705e-13
13 	 57 	 Ey 	 2 	 -3.371062e-11 	 4.459313e-13
13 	 58 	 Ey 	 2 	 -3.131243e-11 	 3.563120e-13
13 	 59 	 Ey 	 2 	 -2.843763e-11 	 2.700377e-13
13 	 60 	 Ey 	 2 	 -2.541446e-11 	 1.878048e-13
13 	 61 	 Ey 	 2 	 -2.247269e-11 	 1.048301e-13
13 	 62 	 Ey 	 2 	 -1.971853e-11 	 3.334044e-14
13 	 63 	 Ey 	 2 	 -1.725027e-11 	 -4.412654e-14
13 	 64 	 Ey 	 2 	 -1.506255e-11 	 -1.155895e-13
13 	 65 	 Ey 	 2 	 1.558694e-11 	 1.882527e-12
13 	 66 	 Ey 	 2 	 2.967259e-13 	 1.594481e-12
13 	 67 	 Ey 	 2 	 -1.685537e-11 	 1.340694e-12
13 	 68 	 Ey 	 2 	 -3.030983e-11 	 1.120493e-12
13 	 69 	 Ey 	 2 	 -3.989110e-11 	 9.330043e-13
13 	 70 	 Ey 	 2 	 -4.523867e-11 	 7.725955e-13
13 	 71 	 Ey 	 2 	 -4.681494e-11 	 6.350314e-13
13 	 72 	 Ey 	 2 	 -4.554422e-11 	 5.121861e-13
13 	 73 	 Ey 	 2 	 -4.242111e-11 	 4.083109e-13
13 	 74 	 Ey 	 2 	 -3.833317e-11 	 3.126601e-13
13 	 75 	 Ey 	 2 	 -3.390473e-11 	 2.295025e-13
13 	 76 	 Ey 	 2 	 -2.958668e-11 	 1.438095e-13
13 	 77 	 Ey 	 2 	 -2.559820e-11 	 5.852891e-14
13 	 78 	 Ey 	 2 	 -2.203366e-11 	 -1.806515e-14
13 	 79 	 Ey 	 2 	 -1.891334e-11 	 -8.363058e-14
13 	 80 	 Ey 	 2 	 -1.627771e-11 	 -1.648151e-13
13 	 81 	 Ey 	 2 	 2.251699e-11 	 1.992655e-12
13 	 82 	 Ey 	 2 	 -5.476500e-13 	 1.654393e-12
13 	 83 	 Ey 	 2 	 -2.593379e-11 	 1.357975e-12
13 	 84 	 Ey 	 2 	 -4.518964e-11 	 1.105612e-12
13 	 85 	 Ey 	 2 	 -5.771460e-11 	 8.929245e-13
13 	 86 	 Ey 	 2 	 -6.330458e-11 	 7.202052e-13
13 	 87 	 Ey 	 2 	 -6.323289e-11 	 5.824258e-13
13 	 88 	 Ey 	 2 	 -5.935881e-11 	 4.641715e-13
13 	 89 	 Ey 	 2 	 -5.342314e-11 	 3.592928e-13
13 	 90 	 Ey 	 2 	 -4.674246e-11 	 2.624705e-13
13 	 91 	 Ey 	 2 	 -4.016021e-11 	 1.702385e-13
13 	 92 	 Ey 	 2 	 -3.411601e-11 	 9.011255e-14
13 	 93 	 Ey 	 2 	 -2.881028e-11 	 1.146526e-14
13 	 94 	 Ey 	 2 	 -2.428128e-11 	 -6.437265e-14
13 	 95 	 Ey 	 2 	 -2.048512e-11 	 -1.400630e-13
13 	 96 	 Ey 	 2 	 -1.733045e-11 	 -2.122040e-13
13 	 97 	 Ey 	 2 	 3.422473e-11 	 2.070478e-12
13 	 98 	 Ey 	 2 	 -2.262507e-12 	 1.672924e-12
13 	 99 	 Ey 	 2 	 -4.155047e-11 	 1.327017e-12
13 	 100 	 Ey 	 2 	 -6.989472e-11 	 1.038494e-12
13 	 101 	 Ey 	 2 	 -8.593192e-11 	 8.089738e-13
13 	 102 	 Ey 	 2 	 -9.034715e-11 	 6.313082e-13
13 	 103 	 Ey 	 2 	 -8.635639e-11 	 4.918496e-13
13 	 104 	 Ey 	 2 	 -7.761582e-11 	 3.831785e-13
13 	 105 	 Ey 	 2 	 -6.705728e-11 	 2.867177e-13
13 	 106 	 Ey 	 2 	 -5.653433e-11 	 1.897570e-13
13 	 107 	 Ey 	 2 	 -4.698405e-11 	 1.055009e-13
13 	 108 	 Ey 	 2 	 -3.876594e-11 	 2.696402e-14
13 	 109 	 Ey 	 2 	 -3.190193e-11 	 -4.319330e-14
13 	 110 	 Ey 	 2 	 -2.630979e-11 	 -1.225898e-13
13 	 111 	 Ey 	 2 	 -2.178262e-11 	 -1.975340e-13
13 	 112 	 Ey 	 2 	 -1.811514e-11 	 -2.588618e-13
13 	 113 	 Ey 	 2 	 5.553713e-11 	 2.125177e-12
13 	 114 	 Ey 	 2 	 -5.720088e-12 	 1.651564e-12
13 	 115 	 Ey 	 2 	 -7.003630e-11 	 1.240443e-12
13 	 116 	 Ey 	 2 	 -1.129478e-10 	 9.075281e-13
13 	 117 	 Ey 	 2 	 -1.320957e-10 	 6.667628e-13
13 	 118 	 Ey 	 2 	 -1.314165e-10 	 4.944712e-13
13 	 119 	 Ey 	 2 	 -1.187840e-10 	 3.691634e-13
13 	 120 	 Ey 	 2 	 -1.012588e-10 	 2.653488e-13
13 	 121 	 Ey 	 2 	 -8.337774e-11 	 1.809939e-13
13 	 122 	 Ey 	 2 	 -6.734717e-11 	 1.049428e-13
13 	 123 	 Ey 	 2 	 -5.394336e-11 	 3.021482e-14
13 	 124 	 Ey 	 2 	 -4.312073e-11 	 -4.372015e-14
13 	 125 	 Ey 	 2 	 -3.456451e-11 	 -1.176343e-13
13 	 126 	 Ey 	 2 	 -2.785184e-11 	 -1.844524e-13
13 	 127 	 Ey 	 2 	 -2.261865e-11 	 -2.537900e-13
13 	 128 	 Ey 	 2 	 -1.852412e-11 	 -3.180987e-13
13 	 129 	 Ey 	 2 	 9.790906e-11 	 2.165534e-12
13 	 130 	 Ey 	 2 	 -1.310620e-11 	 1.576600e-12
13 	 131 	 Ey 	 2 	 -1.261378e-10 	 1.074989e-12
13 	 132 	 Ey 	 2 	 -1.924404e-10 	 6.752868e-13
13 	 133 	 Ey 	 2 	 -2.101124e-10 	 4.391290e-13
13 	 134 	 Ey 	 2 	 -1.941540e-10 	 2.824119e-13
13 	 135 	 Ey 	 2 	 -1.633839e-10 	 1.834232e-13
13 	 136 	 Ey 	 2 	 -1.305442e-10 	 1.098429e-13
13 	 137 	 Ey 	 2 	 -1.016094e-10 	 5.393030e-14
13 	 138 	 Ey 	 2 	 -7.824694e-11 	 -3.872968e-15
13 	 139 	 Ey 	 2 	 -6.020320e-11 	 -6.368625e-14
13 	 140 	 Ey 	 2 	 -4.655832e-11 	 -1.314118e-13
13 	 141 	 Ey 	 2 	 -3.631128e-11 	 -1.978213e-13
13 	 142 	 Ey 	 2 	 -2.860511e-11 	 -2.576462e-13
13 	 143 	 Ey 	 2 	 -2.280017e-11 	 -3.197358e-13
13 	 144 	 Ey 	 2 	 -1.839885e-11 	 -3.815584e-13
13 	 145 	 Ey 	 2 	 1.920843e-10 	 2.242063e-12
13 	 146 	 Ey 	 2 	 -3.074926e-11 	 1.449853e-12
13 	 147 	 Ey 	 2 	 -2.483165e-10 	 7.559613e-13
13 	 148 	 Ey 	 2 	 -3.493752e-10 	 2.958500e-13
13 	 149 	 Ey 	 2 	 -3.453495e-10 	 5.736517e-14
13 	 150 	 Ey 	 2 	 -2.885433e-10 	 -3.125981e-14
13 	 151 	 Ey 	 2 	 -2.216224e-10 	 -5.198253e-14
13 	 152 	 Ey 	 2 	 -1.638097e-10 	 -6.906152e-14
13 	 153 	 Ey 	 2 	 -1.195521e-10 	 -9.307277e-14
13 	 154 	 Ey 	 2 	 -8.738486e-11 	 -1.346473e-13
13 	 155 	 Ey 	 2 	 -6.446910e-11 	 -1.761084e-13
13 	 156 	 Ey 	 2 	 -4.820725e-11 	 -2.324489e-13
13 	 157 	 Ey 	 2 	 -3.659958e-11 	 -2.900168e-13
13 	 158 	 Ey 	 2 	 -2.822680e-11 	 -3.449240e-13
13 	 159 	 Ey 	 2 	 -2.210992e-11 	 -3.933068e-13
13 	 160 	 Ey 	 2 	 -1.760994e-11 	 -4.504132e-13
13 	 161 	 Ey 	 2 	 4.352626e-10 	 2.445167e-12
13 	 162 	 Ey 	 2 	 -8.005600e-11 	 1.215988e-12
13 	 163 	 Ey 	 2 	 -5.522379e-10 	 1.780673e-13
13 	 164 	 Ey 	 2 	 -6.818212e-10 	 -3.575485e-13
13 	 165 	 Ey 	 2 	 -5.802633e-10 	 -4.831520e-13
13 	 166 	 Ey 	 2 	 -4.222117e-10 	 -3.786712e-13
13 	 167 	 Ey 	 2 	 -2.890826e-10 	 -3.256329e-13
13 	 168 	 Ey 	 2 	 -1.950923e-10 	 -2.729103e-13
13 	 169 	 Ey 	 2 	 -1.326847e-10 	 -2.567214e-13
13 	 170 	 Ey 	 2 	 -9.186592e-11 	 -2.741143e-13
13 	 171 	 Ey 	 2 	 -6.500509e-11 	 -3.066485e-13
13 	 172 	 Ey 	 2 	 -4.706550e-11 	 -3.479626e-13
13 	 173 	 Ey 	 2 	 -3.486152e-11 	 -3.945764e-13
13 	 174 	 Ey 	 2 	 -2.638722e-11 	 -4.395151e-13
13 	 175 	 Ey 	 2 	 -2.038206e-11 	 -4.806581e-13
13 	 176 	 Ey 	 2 	 -1.606338e-11 	 -5.260397e-13
13 	 177 	 Ey 	 2 	 1.211767e-09 	 3.081288e-12
13 	 178 	 Ey 	 2 	 -2.568225e-10 	 8.106752e-13
13 	 179 	 Ey 	 2 	 -1.456094e-09 	 -1.082678e-12
13 	 180 	 Ey 	 2 	 -1.424720e-09 	 -1.483267e-12
13 	 181 	 Ey 	 2 	 -9.616503e-10 	 -1.139622e-12
13 	 182 	 Ey 	 2 	 -5.809058e-10 	 -8.166417e-13
13 	 183 	 Ey 	 2 	 -3.465240e-10 	 -5.855305e-13
13 	 184 	 Ey 	 2 	 -2.116838e-10 	 -4.665596e-13
13 	 185 	 Ey 	 2 	 -1.339711e-10 	 -4.277659e-13
13 	 186 	 Ey 	 2 	 -8.802834e-11 	 -4.267514e-13
13 	 187 	 Ey 	 2 	 -5.996171e-11 	 -4.481333e-13
13 	 188 	 Ey 	 2 	 -4.222763e-11 	 -4.782840e-13
13 	 189 	 Ey 	 2 	 -3.066386e-11 	 -5.153750e-13
13 	 190 	 Ey 	 2 	 -2.288751e-11 	 -5.482095e-13
13 	 191 	 Ey 	 2 	 -1.751794e-11 	 -5.790994e-13
13 	 192 	 Ey 	 2 	 -1.372693e-11 	 -6.106768e-13
13 	 193 	 Ey 	 2 	 4.616128e-09 	 5.697981e-12
13 	 194 	 Ey 	 2 	 -1.227527e-09 	 -3.391448e-13
13 	 195 	 Ey 	 2 	 -4.836255e-09 	 -4.302602e-12
13 	 196 	 Ey 	 2 	 -3.003795e-09 	 -3.284957e-12
13 	 197 	 Ey 	 2 	 -1.425594e-09 	 -1.947009e-12
13 	 198 	 Ey 	 2 	 -6.832723e-10 	 -1.134013e-12
13 	 199 	 Ey 	 2 	 -3.513192e-10 	 -7.773324e-13
13 	 200 	 Ey 	 2 	 -1.947723e-10 	 -6.322362e-13
13 	 201 	 Ey 	 2 	 -1.155551e-10 	 -5.857572e-13
13 	 202 	 Ey 	 2 	 -7.268990e-11 	 -5.859718e-13
13 	 203 	 Ey 	 2 	 -4.809789e-11 	 -6.047687e-13
13 	 204 	 Ey 	 2 	 -3.324291e-11 	 -6.273820e-13
13 	 205 	 Ey 	 2 	 -2.387154e-11 	 -6.511181e-13
13 	 206 	 Ey 	 2 	 -1.773002e-11 	 -6.730623e-13
13 	 207 	 Ey 	 2 	 -1.356829e-11 	 -6.923294e-13
13 	 208 	 Ey 	 2 	 -1.065745e-11 	 -7.056473e-13
13 	 209 	 Ey 	 2 	 2.787796e-08 	 1.870645e-11
13 	 210 	 Ey 	 2 	 -1.482571e-08 	 -7.241454e-12
13 	 211 	 Ey 	 2 	 -1.936081e-08 	 -1.344460e-11
13 	 212 	 Ey 	 2 	 -4.840867e-09 	 -4.809785e-12
13 	 213 	 Ey 	 2 	 -1.458683e-09 	 -1.956117e-12
13 	 214 	 Ey 	 2 	 -5.549611e-10 	 -1.112952e-12
13 	 215 	 Ey 	 2 	 -2.513919e-10 	 -8.163303e-13
13 	 216 	 Ey 	 2 	 -1.295128e-10 	 -7.484376e-13
13 	 217 	 Ey 	 2 	 -7.362090e-11 	 -7.385309e-13
13 	 218 	 Ey 	 2 	 -4.525424e-11 	 -7.558908e-13
13 	 219 	 Ey 	 2 	 -2.967105e-11 	 -7.792701e-13
13 	 220 	 Ey 	 2 	 -2.053675e-11 	 -7.988610e-13
13 	 221 	 Ey 	 2 	 -1.488736e-11 	 -8.115653e-13
13 	 222 	 Ey 	 2 	 -1.122775e-11 	 -8.167785e-13
13 	 223 	 Ey 	 2 	 -8.762641e-12 	 -8.180064e-13
13 	 224 	 Ey 	 2 	 -7.042888e-12 	 -8.151959e-13
13 	 225 	 Ey 	 2 	 4.047689e-08 	 2.070590e-11
13 	 226 	 Ey 	 2 	 -4.538462e-06 	 -7.604394e-10
13 	 227 	 Ey 	 2 	 -1.574833e-08 	 -9.689856e-12
13 	 228 	 Ey 	 2 	 -1.727228e-09 	 -1.782171e-12
13 	 229 	 Ey 	 2 	 -4.885522e-10 	 -9.018886e-13
13 	 230 	 Ey 	 2 	 -2.125539e-10 	 -7.733099e-13
13 	 231 	 Ey 	 2 	 -1.169678e-10 	 -8.240558e-13
13 	 232 	 Ey 	 2 	 -7.428653e-11 	 -8.888125e-13
13 	 233 	 Ey 	 2 	 -5.184424e-11 	 -9.453698e-13
13 	 234 	 Ey 	 2 	 -3.862173e-11 	 -9.867204e-13
13 	 235 	 Ey 	 2 	 -3.017322e-11 	 -1.011454e-12
13 	 236 	 Ey 	 2 	 -2.440170e-11 	 -1.019776e-12
13 	 237 	 Ey 	 2 	 -2.027351e-11 	 -1.016023e-12
13 	 238 	 Ey 	 2 	 -1.719564e-11 	 -1.000065e-12
13 	 239 	 Ey 	 2 	 -1.482556e-11 	 -9.769582e-13
13 	 240 	 Ey 	 2 	 -1.295480e-11 	 -9.495103e-13
13 	 241 	 Ey 	 2 	 -5.418568e-08 	 -2.861488e-11
13 	 242 	 Ey 	 2 	 2.304400e-08 	 2.046140e-11
13 	 243 	 Ey 	 2 	 2.794791e-08 	 1.755063e-11
13 	 244 	 Ey 	 2 	 4.627398e-09 	 4.069748e-12
13 	 245 	 Ey 	 2 	 1.211444e-09 	 9.082375e-13
13 	 246 	 Ey 	 2 	 4.322755e-10 	 -1.833704e-13
13 	 247 	 Ey 	 2 	 1.878386e-10 	 -6.836874e-13
13 	 248 	 Ey 	 2 	 9.296927e-11 	 -9.665088e-13
13 	 249 	 Ey 	 2 	 5.025156e-11 	 -1.125046e-12
13 	 250 	 Ey 	 2 	 2.882044e-11 	 -1.211468e-12
13 	 251 	 Ey 	 2 	 1.716790e-11 	 -1.246780e-12
13 	 252 	 Ey 	 2 	 1.044006e-11 	 -1.247017e-12
13 	 253 	 Ey 	 2 	 6.370343e-12 	 -1.223395e-12
13 	 254 	 Ey 	 2 	 3.818927e-12 	 -1.185154e-12
13 	 255 	 Ey 	 2 	 2.177743e-12 	 -1.137057e-12
13 	 256 	 Ey 	 2 	 1.103746e-12 	 -1.083472e-12
