iTx 	 iRx    chrec  ifreq 	 emf_real 	 emf_imag
4 	 1 	 Ex 	 1 	 2.431523e-11 	 1.269865e-11
4 	 2 	 Ex 	 1 	 3.184593e-11 	 1.191539e-11
4 	 3 	 Ex 	 1 	 4.364871e-11 	 1.774384e-11
4 	 4 	 Ex 	 1 	 5.989995e-11 	 2.155134e-11
4 	 5 	 Ex 	 1 	 8.320238e-11 	 2.362303e-11
4 	 6 	 Ex 	 1 	 1.195050e-10 	 3.201295e-11
4 	 7 	 Ex 	 1 	 1.761555e-10 	 4.197008e-11
4 	 8 	 Ex 	 1 	 2.684103e-10 	 5.142802e-11
4 	 9 	 Ex 	 1 	 4.289717e-10 	 6.275379e-11
4 	 10 	 Ex 	 1 	 7.326325e-10 	 8.318685e-11
4 	 11 	 Ex 	 1 	 1.369217e-09 	 1.159516e-10
4 	 12 	 Ex 	 1 	 2.908536e-09 	 1.690828e-10
4 	 13 	 Ex 	 1 	 7.363464e-09 	 2.693598e-10
4 	 14 	 Ex 	 1 	 1.946529e-08 	 4.929777e-10
4 	 15 	 Ex 	 1 	 -8.169893e-08 	 3.860749e-10
4 	 16 	 Ex 	 1 	 1.746642e-08 	 5.824731e-10
4 	 17 	 Ex 	 1 	 2.458977e-11 	 1.309096e-11
4 	 18 	 Ex 	 1 	 3.200219e-11 	 1.069046e-11
4 	 19 	 Ex 	 1 	 4.444732e-11 	 1.868380e-11
4 	 20 	 Ex 	 1 	 6.096657e-11 	 2.147283e-11
4 	 21 	 Ex 	 1 	 8.483873e-11 	 2.245579e-11
4 	 22 	 Ex 	 1 	 1.227914e-10 	 3.244137e-11
4 	 23 	 Ex 	 1 	 1.822349e-10 	 4.335815e-11
4 	 24 	 Ex 	 1 	 2.797828e-10 	 5.171591e-11
4 	 25 	 Ex 	 1 	 4.528685e-10 	 6.218635e-11
4 	 26 	 Ex 	 1 	 7.903353e-10 	 8.362484e-11
4 	 27 	 Ex 	 1 	 1.535367e-09 	 1.190614e-10
4 	 28 	 Ex 	 1 	 3.532589e-09 	 1.785290e-10
4 	 29 	 Ex 	 1 	 1.099354e-08 	 3.042681e-10
4 	 30 	 Ex 	 1 	 6.631147e-08 	 7.835151e-10
4 	 31 	 Ex 	 1 	 -2.615813e-06 	 -7.031660e-09
4 	 32 	 Ex 	 1 	 8.881802e-08 	 1.087485e-09
4 	 33 	 Ex 	 1 	 2.358548e-11 	 1.094889e-11
4 	 34 	 Ex 	 1 	 3.135293e-11 	 1.230091e-11
4 	 35 	 Ex 	 1 	 4.294053e-11 	 1.795244e-11
4 	 36 	 Ex 	 1 	 5.845860e-11 	 1.955560e-11
4 	 37 	 Ex 	 1 	 8.143358e-11 	 2.329849e-11
4 	 38 	 Ex 	 1 	 1.167710e-10 	 3.278507e-11
4 	 39 	 Ex 	 1 	 1.707300e-10 	 4.079060e-11
4 	 40 	 Ex 	 1 	 2.577617e-10 	 4.902895e-11
4 	 41 	 Ex 	 1 	 4.066992e-10 	 6.067616e-11
4 	 42 	 Ex 	 1 	 6.800870e-10 	 8.178298e-11
4 	 43 	 Ex 	 1 	 1.223903e-09 	 1.135102e-10
4 	 44 	 Ex 	 1 	 2.410679e-09 	 1.620767e-10
4 	 45 	 Ex 	 1 	 5.071231e-09 	 2.444366e-10
4 	 46 	 Ex 	 1 	 6.381641e-09 	 3.797622e-10
4 	 47 	 Ex 	 1 	 -3.243322e-08 	 3.764953e-10
4 	 48 	 Ex 	 1 	 -3.414593e-11 	 4.118755e-10
4 	 49 	 Ex 	 1 	 2.189004e-11 	 1.083999e-11
4 	 50 	 Ex 	 1 	 2.894595e-11 	 1.239523e-11
4 	 51 	 Ex 	 1 	 3.899022e-11 	 1.598217e-11
4 	 52 	 Ex 	 1 	 5.292976e-11 	 1.979098e-11
4 	 53 	 Ex 	 1 	 7.252952e-11 	 2.306279e-11
4 	 54 	 Ex 	 1 	 1.016168e-10 	 3.036203e-11
4 	 55 	 Ex 	 1 	 1.444423e-10 	 3.757156e-11
4 	 56 	 Ex 	 1 	 2.096934e-10 	 4.699183e-11
4 	 57 	 Ex 	 1 	 3.111587e-10 	 5.807574e-11
4 	 58 	 Ex 	 1 	 4.716066e-10 	 7.480845e-11
4 	 59 	 Ex 	 1 	 7.173331e-10 	 9.885183e-11
4 	 60 	 Ex 	 1 	 1.020992e-09 	 1.314938e-10
4 	 61 	 Ex 	 1 	 9.560354e-10 	 1.736927e-10
4 	 62 	 Ex 	 1 	 -1.306068e-09 	 2.159094e-10
4 	 63 	 Ex 	 1 	 -5.643500e-09 	 2.324460e-10
4 	 64 	 Ex 	 1 	 -2.870592e-09 	 2.248953e-10
4 	 65 	 Ex 	 1 	 1.922323e-11 	 9.553087e-12
4 	 66 	 Ex 	 1 	 2.542876e-11 	 1.241215e-11
4 	 67 	 Ex 	 1 	 3.365233e-11 	 1.505208e-11
4 	 68 	 Ex 	 1 	 4.480471e-11 	 1.811950e-11
4 	 69 	 Ex 	 1 	 6.019112e-11 	 2.226638e-11
4 	 70 	 Ex 	 1 	 8.176230e-11 	 2.911416e-11
4 	 71 	 Ex 	 1 	 1.110108e-10 	 3.397544e-11
4 	 72 	 Ex 	 1 	 1.516855e-10 	 4.215315e-11
4 	 73 	 Ex 	 1 	 2.060218e-10 	 5.271394e-11
4 	 74 	 Ex 	 1 	 2.716195e-10 	 6.629558e-11
4 	 75 	 Ex 	 1 	 3.259726e-10 	 8.374573e-11
4 	 76 	 Ex 	 1 	 2.823150e-10 	 1.046169e-10
4 	 77 	 Ex 	 1 	 -8.381171e-11 	 1.267492e-10
4 	 78 	 Ex 	 1 	 -9.998929e-10 	 1.454663e-10
4 	 79 	 Ex 	 1 	 -1.892491e-09 	 1.537804e-10
4 	 80 	 Ex 	 1 	 -1.361242e-09 	 1.495242e-10
4 	 81 	 Ex 	 1 	 1.618204e-11 	 9.154481e-12
4 	 82 	 Ex 	 1 	 2.122010e-11 	 1.236944e-11
4 	 83 	 Ex 	 1 	 2.712593e-11 	 1.245095e-11
4 	 84 	 Ex 	 1 	 3.576062e-11 	 1.771188e-11
4 	 85 	 Ex 	 1 	 4.669057e-11 	 2.231148e-11
4 	 86 	 Ex 	 1 	 6.021374e-11 	 2.487826e-11
4 	 87 	 Ex 	 1 	 7.737351e-11 	 2.946927e-11
4 	 88 	 Ex 	 1 	 9.805978e-11 	 3.828721e-11
4 	 89 	 Ex 	 1 	 1.188323e-10 	 4.883444e-11
4 	 90 	 Ex 	 1 	 1.296436e-10 	 5.798111e-11
4 	 91 	 Ex 	 1 	 1.071606e-10 	 6.848158e-11
4 	 92 	 Ex 	 1 	 4.256322e-12 	 8.062502e-11
4 	 93 	 Ex 	 1 	 -2.372248e-10 	 9.329709e-11
4 	 94 	 Ex 	 1 	 -5.922404e-10 	 1.030068e-10
4 	 95 	 Ex 	 1 	 -8.682308e-10 	 1.073104e-10
4 	 96 	 Ex 	 1 	 -7.017036e-10 	 1.053417e-10
4 	 97 	 Ex 	 1 	 1.302562e-11 	 9.525251e-12
4 	 98 	 Ex 	 1 	 1.639480e-11 	 1.033682e-11
4 	 99 	 Ex 	 1 	 2.071057e-11 	 1.193314e-11
4 	 100 	 Ex 	 1 	 2.659147e-11 	 1.691842e-11
4 	 101 	 Ex 	 1 	 3.319131e-11 	 1.989486e-11
4 	 102 	 Ex 	 1 	 4.039308e-11 	 2.125214e-11
4 	 103 	 Ex 	 1 	 4.873208e-11 	 2.774220e-11
4 	 104 	 Ex 	 1 	 5.556769e-11 	 3.448549e-11
4 	 105 	 Ex 	 1 	 5.689333e-11 	 4.156768e-11
4 	 106 	 Ex 	 1 	 4.439326e-11 	 4.781428e-11
4 	 107 	 Ex 	 1 	 4.747896e-12 	 5.495823e-11
4 	 108 	 Ex 	 1 	 -7.927857e-11 	 6.297042e-11
4 	 109 	 Ex 	 1 	 -2.138138e-10 	 7.141446e-11
4 	 110 	 Ex 	 1 	 -3.648092e-10 	 7.772564e-11
4 	 111 	 Ex 	 1 	 -4.780585e-10 	 8.012178e-11
4 	 112 	 Ex 	 1 	 -4.058386e-10 	 7.929275e-11
4 	 113 	 Ex 	 1 	 9.747646e-12 	 9.216982e-12
4 	 114 	 Ex 	 1 	 1.186734e-11 	 9.554993e-12
4 	 115 	 Ex 	 1 	 1.449102e-11 	 1.077147e-11
4 	 116 	 Ex 	 1 	 1.808349e-11 	 1.571187e-11
4 	 117 	 Ex 	 1 	 2.120471e-11 	 1.718235e-11
4 	 118 	 Ex 	 1 	 2.402994e-11 	 1.899008e-11
4 	 119 	 Ex 	 1 	 2.626515e-11 	 2.505986e-11
4 	 120 	 Ex 	 1 	 2.527054e-11 	 3.058582e-11
4 	 121 	 Ex 	 1 	 1.760680e-11 	 3.436799e-11
4 	 122 	 Ex 	 1 	 -1.184933e-12 	 3.898028e-11
4 	 123 	 Ex 	 1 	 -3.708168e-11 	 4.470786e-11
4 	 124 	 Ex 	 1 	 -9.446240e-11 	 5.044853e-11
4 	 125 	 Ex 	 1 	 -1.687320e-10 	 5.616835e-11
4 	 126 	 Ex 	 1 	 -2.397031e-10 	 6.036854e-11
4 	 127 	 Ex 	 1 	 -2.966552e-10 	 6.179671e-11
4 	 128 	 Ex 	 1 	 -2.577047e-10 	 6.132766e-11
4 	 129 	 Ex 	 1 	 6.652999e-12 	 8.884747e-12
4 	 130 	 Ex 	 1 	 7.357066e-12 	 6.852645e-12
4 	 131 	 Ex 	 1 	 9.279099e-12 	 1.164845e-11
4 	 132 	 Ex 	 1 	 1.065011e-11 	 1.387106e-11
4 	 133 	 Ex 	 1 	 1.104808e-11 	 1.294279e-11
4 	 134 	 Ex 	 1 	 1.159896e-11 	 1.851236e-11
4 	 135 	 Ex 	 1 	 1.018859e-11 	 2.336026e-11
4 	 136 	 Ex 	 1 	 5.131290e-12 	 2.590164e-11
4 	 137 	 Ex 	 1 	 -5.436574e-12 	 2.737005e-11
4 	 138 	 Ex 	 1 	 -2.347975e-11 	 3.072654e-11
4 	 139 	 Ex 	 1 	 -5.099058e-11 	 3.625755e-11
4 	 140 	 Ex 	 1 	 -8.818636e-11 	 4.192081e-11
4 	 141 	 Ex 	 1 	 -1.303979e-10 	 4.620389e-11
4 	 142 	 Ex 	 1 	 -1.667288e-10 	 4.935419e-11
4 	 143 	 Ex 	 1 	 -1.999632e-10 	 5.022664e-11
4 	 144 	 Ex 	 1 	 -1.755834e-10 	 4.980637e-11
4 	 145 	 Ex 	 1 	 3.397044e-12 	 5.804651e-12
4 	 146 	 Ex 	 1 	 3.929721e-12 	 7.370660e-12
4 	 147 	 Ex 	 1 	 4.658743e-12 	 1.105135e-11
4 	 148 	 Ex 	 1 	 4.271203e-12 	 1.031922e-11
4 	 149 	 Ex 	 1 	 3.795218e-12 	 1.296745e-11
4 	 150 	 Ex 	 1 	 2.327122e-12 	 1.657230e-11
4 	 151 	 Ex 	 1 	 -1.118881e-12 	 1.928145e-11
4 	 152 	 Ex 	 1 	 -7.539343e-12 	 2.063768e-11
4 	 153 	 Ex 	 1 	 -1.754509e-11 	 2.379535e-11
4 	 154 	 Ex 	 1 	 -3.238300e-11 	 2.762412e-11
4 	 155 	 Ex 	 1 	 -5.258803e-11 	 3.094046e-11
4 	 156 	 Ex 	 1 	 -7.692240e-11 	 3.424422e-11
4 	 157 	 Ex 	 1 	 -1.020096e-10 	 3.664358e-11
4 	 158 	 Ex 	 1 	 -1.221155e-10 	 3.838395e-11
4 	 159 	 Ex 	 1 	 -1.436759e-10 	 3.909944e-11
4 	 160 	 Ex 	 1 	 -1.267879e-10 	 3.860304e-11
4 	 161 	 Ex 	 1 	 9.030674e-13 	 4.951366e-12
4 	 162 	 Ex 	 1 	 1.251594e-12 	 8.769297e-12
4 	 163 	 Ex 	 1 	 3.813079e-13 	 7.218759e-12
4 	 164 	 Ex 	 1 	 -3.019011e-13 	 9.569295e-12
4 	 165 	 Ex 	 1 	 -1.467688e-12 	 1.325143e-11
4 	 166 	 Ex 	 1 	 -4.273993e-12 	 1.372799e-11
4 	 167 	 Ex 	 1 	 -8.697498e-12 	 1.395878e-11
4 	 168 	 Ex 	 1 	 -1.462164e-11 	 1.775071e-11
4 	 169 	 Ex 	 1 	 -2.315092e-11 	 2.180621e-11
4 	 170 	 Ex 	 1 	 -3.478723e-11 	 2.497927e-11
4 	 171 	 Ex 	 1 	 -4.939635e-11 	 2.669696e-11
4 	 172 	 Ex 	 1 	 -6.573584e-11 	 2.748118e-11
4 	 173 	 Ex 	 1 	 -8.137754e-11 	 2.818200e-11
4 	 174 	 Ex 	 1 	 -9.329758e-11 	 2.854528e-11
4 	 175 	 Ex 	 1 	 -1.084513e-10 	 2.905101e-11
4 	 176 	 Ex 	 1 	 -9.582895e-11 	 2.893063e-11
4 	 177 	 Ex 	 1 	 -9.423033e-13 	 5.466954e-12
4 	 178 	 Ex 	 1 	 -1.360381e-12 	 7.145274e-12
4 	 179 	 Ex 	 1 	 -2.692143e-12 	 5.621312e-12
4 	 180 	 Ex 	 1 	 -3.592401e-12 	 9.438411e-12
4 	 181 	 Ex 	 1 	 -5.404302e-12 	 1.181467e-11
4 	 182 	 Ex 	 1 	 -8.796536e-12 	 1.042029e-11
4 	 183 	 Ex 	 1 	 -1.293209e-11 	 1.203765e-11
4 	 184 	 Ex 	 1 	 -1.822100e-11 	 1.572035e-11
4 	 185 	 Ex 	 1 	 -2.528129e-11 	 1.913336e-11
4 	 186 	 Ex 	 1 	 -3.448768e-11 	 2.011164e-11
4 	 187 	 Ex 	 1 	 -4.508253e-11 	 2.068067e-11
4 	 188 	 Ex 	 1 	 -5.610989e-11 	 2.132692e-11
4 	 189 	 Ex 	 1 	 -6.599188e-11 	 2.262430e-11
4 	 190 	 Ex 	 1 	 -7.325732e-11 	 2.327550e-11
4 	 191 	 Ex 	 1 	 -8.453337e-11 	 2.360134e-11
4 	 192 	 Ex 	 1 	 -7.457143e-11 	 2.390302e-11
4 	 193 	 Ex 	 1 	 -2.348522e-12 	 6.049091e-12
4 	 194 	 Ex 	 1 	 -3.692067e-12 	 4.034243e-12
4 	 195 	 Ex 	 1 	 -4.531485e-12 	 6.855276e-12
4 	 196 	 Ex 	 1 	 -5.961814e-12 	 8.779620e-12
4 	 197 	 Ex 	 1 	 -8.634266e-12 	 6.987981e-12
4 	 198 	 Ex 	 1 	 -1.132094e-11 	 9.606103e-12
4 	 199 	 Ex 	 1 	 -1.473096e-11 	 1.327985e-11
4 	 200 	 Ex 	 1 	 -1.966632e-11 	 1.415422e-11
4 	 201 	 Ex 	 1 	 -2.603961e-11 	 1.311107e-11
4 	 202 	 Ex 	 1 	 -3.314323e-11 	 1.344893e-11
4 	 203 	 Ex 	 1 	 -4.053721e-11 	 1.551085e-11
4 	 204 	 Ex 	 1 	 -4.782428e-11 	 1.775056e-11
4 	 205 	 Ex 	 1 	 -5.418064e-11 	 1.970764e-11
4 	 206 	 Ex 	 1 	 -5.864843e-11 	 2.125313e-11
4 	 207 	 Ex 	 1 	 -6.738719e-11 	 2.155040e-11
4 	 208 	 Ex 	 1 	 -5.932017e-11 	 2.165949e-11
4 	 209 	 Ex 	 1 	 -3.883187e-12 	 3.914613e-12
4 	 210 	 Ex 	 1 	 -5.099198e-12 	 3.481473e-12
4 	 211 	 Ex 	 1 	 -5.874020e-12 	 7.341086e-12
4 	 212 	 Ex 	 1 	 -7.914355e-12 	 6.017927e-12
4 	 213 	 Ex 	 1 	 -1.021447e-11 	 6.227828e-12
4 	 214 	 Ex 	 1 	 -1.263575e-11 	 9.090144e-12
4 	 215 	 Ex 	 1 	 -1.588884e-11 	 1.097703e-11
4 	 216 	 Ex 	 1 	 -2.022753e-11 	 1.068941e-11
4 	 217 	 Ex 	 1 	 -2.512877e-11 	 1.097843e-11
4 	 218 	 Ex 	 1 	 -3.036776e-11 	 1.230946e-11
4 	 219 	 Ex 	 1 	 -3.577412e-11 	 1.379466e-11
4 	 220 	 Ex 	 1 	 -4.089414e-11 	 1.548808e-11
4 	 221 	 Ex 	 1 	 -4.529544e-11 	 1.636897e-11
4 	 222 	 Ex 	 1 	 -4.827783e-11 	 1.718535e-11
4 	 223 	 Ex 	 1 	 -5.528442e-11 	 1.746382e-11
4 	 224 	 Ex 	 1 	 -4.860139e-11 	 1.724602e-11
4 	 225 	 Ex 	 1 	 -5.053288e-12 	 2.154588e-12
4 	 226 	 Ex 	 1 	 -5.512937e-12 	 6.430349e-12
4 	 227 	 Ex 	 1 	 -7.515750e-12 	 3.235637e-12
4 	 228 	 Ex 	 1 	 -9.121722e-12 	 4.441869e-12
4 	 229 	 Ex 	 1 	 -1.053784e-11 	 8.825301e-12
4 	 230 	 Ex 	 1 	 -1.333551e-11 	 7.751928e-12
4 	 231 	 Ex 	 1 	 -1.682828e-11 	 5.400934e-12
4 	 232 	 Ex 	 1 	 -2.002518e-11 	 7.618295e-12
4 	 233 	 Ex 	 1 	 -2.331162e-11 	 1.147659e-11
4 	 234 	 Ex 	 1 	 -2.710890e-11 	 1.373958e-11
4 	 235 	 Ex 	 1 	 -3.126240e-11 	 1.396098e-11
4 	 236 	 Ex 	 1 	 -3.527255e-11 	 1.323730e-11
4 	 237 	 Ex 	 1 	 -3.857148e-11 	 1.252840e-11
4 	 238 	 Ex 	 1 	 -4.081625e-11 	 1.176854e-11
4 	 239 	 Ex 	 1 	 -4.659887e-11 	 1.187278e-11
4 	 240 	 Ex 	 1 	 -4.087194e-11 	 1.197654e-11
4 	 241 	 Ex 	 1 	 -5.368535e-12 	 3.786357e-12
4 	 242 	 Ex 	 1 	 -6.625175e-12 	 3.399571e-12
4 	 243 	 Ex 	 1 	 -8.058392e-12 	 3.378848e-12
4 	 244 	 Ex 	 1 	 -9.323387e-12 	 5.891331e-12
4 	 245 	 Ex 	 1 	 -1.146863e-11 	 4.986770e-12
4 	 246 	 Ex 	 1 	 -1.377812e-11 	 5.021668e-12
4 	 247 	 Ex 	 1 	 -1.601966e-11 	 7.339057e-12
4 	 248 	 Ex 	 1 	 -1.870268e-11 	 8.811460e-12
4 	 249 	 Ex 	 1 	 -2.192965e-11 	 8.442463e-12
4 	 250 	 Ex 	 1 	 -2.530176e-11 	 7.699169e-12
4 	 251 	 Ex 	 1 	 -2.841355e-11 	 8.052162e-12
4 	 252 	 Ex 	 1 	 -3.114317e-11 	 8.700694e-12
4 	 253 	 Ex 	 1 	 -3.319116e-11 	 9.997462e-12
4 	 254 	 Ex 	 1 	 -3.451318e-11 	 1.082262e-11
4 	 255 	 Ex 	 1 	 -3.933353e-11 	 1.110191e-11
4 	 256 	 Ex 	 1 	 -3.432493e-11 	 1.145883e-11
4 	 1 	 Ex 	 2 	 1.397350e-11 	 2.059439e-12
4 	 2 	 Ex 	 2 	 1.789438e-11 	 4.396333e-12
4 	 3 	 Ex 	 2 	 2.393474e-11 	 8.046896e-12
4 	 4 	 Ex 	 2 	 3.338732e-11 	 1.357900e-11
4 	 5 	 Ex 	 2 	 4.862361e-11 	 2.186371e-11
4 	 6 	 Ex 	 2 	 7.395289e-11 	 3.421857e-11
4 	 7 	 Ex 	 2 	 1.171923e-10 	 5.254339e-11
4 	 8 	 Ex 	 2 	 1.936789e-10 	 7.979904e-11
4 	 9 	 Ex 	 2 	 3.355883e-10 	 1.207921e-10
4 	 10 	 Ex 	 2 	 6.166651e-10 	 1.837705e-10
4 	 11 	 Ex 	 2 	 1.227064e-09 	 2.840681e-10
4 	 12 	 Ex 	 2 	 2.738214e-09 	 4.539262e-10
4 	 13 	 Ex 	 2 	 7.169013e-09 	 7.722024e-10
4 	 14 	 Ex 	 2 	 1.926584e-08 	 1.464375e-09
4 	 15 	 Ex 	 2 	 -8.221168e-08 	 2.641183e-09
4 	 16 	 Ex 	 2 	 1.724959e-08 	 1.854100e-09
4 	 17 	 Ex 	 2 	 1.421118e-11 	 2.081742e-12
4 	 18 	 Ex 	 2 	 1.826826e-11 	 4.450804e-12
4 	 19 	 Ex 	 2 	 2.457353e-11 	 8.172536e-12
4 	 20 	 Ex 	 2 	 3.442504e-11 	 1.379585e-11
4 	 21 	 Ex 	 2 	 5.035991e-11 	 2.222891e-11
4 	 22 	 Ex 	 2 	 7.699676e-11 	 3.483546e-11
4 	 23 	 Ex 	 2 	 1.227516e-10 	 5.356983e-11
4 	 24 	 Ex 	 2 	 2.045450e-10 	 8.150990e-11
4 	 25 	 Ex 	 2 	 3.588932e-10 	 1.237520e-10
4 	 26 	 Ex 	 2 	 6.733504e-10 	 1.892163e-10
4 	 27 	 Ex 	 2 	 1.391580e-09 	 2.950329e-10
4 	 28 	 Ex 	 2 	 3.360502e-09 	 4.795351e-10
4 	 29 	 Ex 	 2 	 1.080326e-08 	 8.505252e-10
4 	 30 	 Ex 	 2 	 6.623203e-08 	 1.877425e-09
4 	 31 	 Ex 	 2 	 -2.623504e-06 	 1.321057e-08
4 	 32 	 Ex 	 2 	 8.878598e-08 	 2.737105e-09
4 	 33 	 Ex 	 2 	 1.377376e-11 	 1.980210e-12
4 	 34 	 Ex 	 2 	 1.765109e-11 	 4.313916e-12
4 	 35 	 Ex 	 2 	 2.356543e-11 	 7.939535e-12
4 	 36 	 Ex 	 2 	 3.274766e-11 	 1.341496e-11
4 	 37 	 Ex 	 2 	 4.749478e-11 	 2.162114e-11
4 	 38 	 Ex 	 2 	 7.180109e-11 	 3.382053e-11
4 	 39 	 Ex 	 2 	 1.128430e-10 	 5.183864e-11
4 	 40 	 Ex 	 2 	 1.845104e-10 	 7.853245e-11
4 	 41 	 Ex 	 2 	 3.150162e-10 	 1.184410e-10
4 	 42 	 Ex 	 2 	 5.660053e-10 	 1.792161e-10
4 	 43 	 Ex 	 2 	 1.083986e-09 	 2.746005e-10
4 	 44 	 Ex 	 2 	 2.242799e-09 	 4.317001e-10
4 	 45 	 Ex 	 2 	 4.876382e-09 	 7.088745e-10
4 	 46 	 Ex 	 2 	 6.155750e-09 	 1.220979e-09
4 	 47 	 Ex 	 2 	 -3.279035e-08 	 1.822235e-09
4 	 48 	 Ex 	 2 	 -2.876278e-10 	 1.452603e-09
4 	 49 	 Ex 	 2 	 1.249895e-11 	 1.778349e-12
4 	 50 	 Ex 	 2 	 1.577899e-11 	 3.976211e-12
4 	 51 	 Ex 	 2 	 2.069139e-11 	 7.371609e-12
4 	 52 	 Ex 	 2 	 2.822344e-11 	 1.249470e-11
4 	 53 	 Ex 	 2 	 4.003153e-11 	 2.010819e-11
4 	 54 	 Ex 	 2 	 5.893772e-11 	 3.132055e-11
4 	 55 	 Ex 	 2 	 8.962521e-11 	 4.769019e-11
4 	 56 	 Ex 	 2 	 1.402000e-10 	 7.153635e-11
4 	 57 	 Ex 	 2 	 2.244383e-10 	 1.063055e-10
4 	 58 	 Ex 	 2 	 3.645431e-10 	 1.572814e-10
4 	 59 	 Ex 	 2 	 5.870419e-10 	 2.324863e-10
4 	 60 	 Ex 	 2 	 8.652249e-10 	 3.438219e-10
4 	 61 	 Ex 	 2 	 7.732671e-10 	 5.039891e-10
4 	 62 	 Ex 	 2 	 -1.518355e-09 	 7.025081e-10
4 	 63 	 Ex 	 2 	 -5.879768e-09 	 8.351482e-10
4 	 64 	 Ex 	 2 	 -3.092737e-09 	 7.627068e-10
4 	 65 	 Ex 	 2 	 1.060711e-11 	 1.479368e-12
4 	 66 	 Ex 	 2 	 1.304774e-11 	 3.477556e-12
4 	 67 	 Ex 	 2 	 1.658739e-11 	 6.538556e-12
4 	 68 	 Ex 	 2 	 2.186269e-11 	 1.112980e-11
4 	 69 	 Ex 	 2 	 2.985045e-11 	 1.789498e-11
4 	 70 	 Ex 	 2 	 4.203441e-11 	 2.772545e-11
4 	 71 	 Ex 	 2 	 6.047434e-11 	 4.182278e-11
4 	 72 	 Ex 	 2 	 8.792621e-11 	 6.188269e-11
4 	 73 	 Ex 	 2 	 1.267248e-10 	 9.016805e-11
4 	 74 	 Ex 	 2 	 1.745058e-10 	 1.296614e-10
4 	 75 	 Ex 	 2 	 2.090255e-10 	 1.838493e-10
4 	 76 	 Ex 	 2 	 1.443299e-10 	 2.555000e-10
4 	 77 	 Ex 	 2 	 -2.425765e-10 	 3.423140e-10
4 	 78 	 Ex 	 2 	 -1.176789e-09 	 4.274339e-10
4 	 79 	 Ex 	 2 	 -2.079056e-09 	 4.728909e-10
4 	 80 	 Ex 	 2 	 -1.542494e-09 	 4.489439e-10
4 	 81 	 Ex 	 2 	 8.331918e-12 	 1.120533e-12
4 	 82 	 Ex 	 2 	 9.812778e-12 	 2.866939e-12
4 	 83 	 Ex 	 2 	 1.183009e-11 	 5.517005e-12
4 	 84 	 Ex 	 2 	 1.473757e-11 	 9.485739e-12
4 	 85 	 Ex 	 2 	 1.884679e-11 	 1.525485e-11
4 	 86 	 Ex 	 2 	 2.454263e-11 	 2.349121e-11
4 	 87 	 Ex 	 2 	 3.208344e-11 	 3.508351e-11
4 	 88 	 Ex 	 2 	 4.092296e-11 	 5.113743e-11
4 	 89 	 Ex 	 2 	 4.803765e-11 	 7.294725e-11
4 	 90 	 Ex 	 2 	 4.409157e-11 	 1.018711e-10
4 	 91 	 Ex 	 2 	 5.793815e-12 	 1.388670e-10
4 	 92 	 Ex 	 2 	 -1.133195e-10 	 1.833865e-10
4 	 93 	 Ex 	 2 	 -3.699200e-10 	 2.311268e-10
4 	 94 	 Ex 	 2 	 -7.366761e-10 	 2.721071e-10
4 	 95 	 Ex 	 2 	 -1.018138e-09 	 2.917083e-10
4 	 96 	 Ex 	 2 	 -8.486464e-10 	 2.814554e-10
4 	 97 	 Ex 	 2 	 5.903153e-12 	 7.327979e-13
4 	 98 	 Ex 	 2 	 6.418157e-12 	 2.193294e-12
4 	 99 	 Ex 	 2 	 7.032545e-12 	 4.419055e-12
4 	 100 	 Ex 	 2 	 7.778423e-12 	 7.716635e-12
4 	 101 	 Ex 	 2 	 8.549247e-12 	 1.244593e-11
4 	 102 	 Ex 	 2 	 9.084770e-12 	 1.908839e-11
4 	 103 	 Ex 	 2 	 8.704474e-12 	 2.825701e-11
4 	 104 	 Ex 	 2 	 5.570687e-12 	 4.058057e-11
4 	 105 	 Ex 	 2 	 -4.265770e-12 	 5.671554e-11
4 	 106 	 Ex 	 2 	 -2.864695e-11 	 7.711171e-11
4 	 107 	 Ex 	 2 	 -8.082089e-11 	 1.017423e-10
4 	 108 	 Ex 	 2 	 -1.771915e-10 	 1.292373e-10
4 	 109 	 Ex 	 2 	 -3.227956e-10 	 1.563948e-10
4 	 110 	 Ex 	 2 	 -4.818624e-10 	 1.778716e-10
4 	 111 	 Ex 	 2 	 -5.986388e-10 	 1.875408e-10
4 	 112 	 Ex 	 2 	 -5.246155e-10 	 1.825287e-10
4 	 113 	 Ex 	 2 	 3.511334e-12 	 3.416784e-13
4 	 114 	 Ex 	 2 	 3.195446e-12 	 1.523529e-12
4 	 115 	 Ex 	 2 	 2.620941e-12 	 3.321025e-12
4 	 116 	 Ex 	 2 	 1.656546e-12 	 5.967651e-12
4 	 117 	 Ex 	 2 	 -5.041560e-14 	 9.710591e-12
4 	 118 	 Ex 	 2 	 -3.012802e-12 	 1.489027e-11
4 	 119 	 Ex 	 2 	 -8.202985e-12 	 2.188764e-11
4 	 120 	 Ex 	 2 	 -1.748730e-11 	 3.104434e-11
4 	 121 	 Ex 	 2 	 -3.393402e-11 	 4.261616e-11
4 	 122 	 Ex 	 2 	 -6.221217e-11 	 5.669584e-11
4 	 123 	 Ex 	 2 	 -1.079271e-10 	 7.285269e-11
4 	 124 	 Ex 	 2 	 -1.746645e-10 	 8.993760e-11
4 	 125 	 Ex 	 2 	 -2.570281e-10 	 1.058713e-10
4 	 126 	 Ex 	 2 	 -3.337192e-10 	 1.178486e-10
4 	 127 	 Ex 	 2 	 -3.931210e-10 	 1.230531e-10
4 	 128 	 Ex 	 2 	 -3.529290e-10 	 1.203692e-10
4 	 129 	 Ex 	 2 	 1.316988e-12 	 -2.328063e-14
4 	 130 	 Ex 	 2 	 3.273690e-13 	 8.876726e-13
4 	 131 	 Ex 	 2 	 -1.099346e-12 	 2.304451e-12
4 	 132 	 Ex 	 2 	 -3.280018e-12 	 4.348064e-12
4 	 133 	 Ex 	 2 	 -6.584457e-12 	 7.208724e-12
4 	 134 	 Ex 	 2 	 -1.151189e-11 	 1.113861e-11
4 	 135 	 Ex 	 2 	 -1.903585e-11 	 1.632403e-11
4 	 136 	 Ex 	 2 	 -3.052468e-11 	 2.293376e-11
4 	 137 	 Ex 	 2 	 -4.790145e-11 	 3.106603e-11
4 	 138 	 Ex 	 2 	 -7.335340e-11 	 4.061055e-11
4 	 139 	 Ex 	 2 	 -1.086095e-10 	 5.115370e-11
4 	 140 	 Ex 	 2 	 -1.530806e-10 	 6.185499e-11
4 	 141 	 Ex 	 2 	 -2.012767e-10 	 7.144196e-11
4 	 142 	 Ex 	 2 	 -2.417790e-10 	 7.841391e-11
4 	 143 	 Ex 	 2 	 -2.767608e-10 	 8.137934e-11
4 	 144 	 Ex 	 2 	 -2.515110e-10 	 7.989325e-11
4 	 145 	 Ex 	 2 	 -6.069192e-13 	 -3.538012e-13
4 	 146 	 Ex 	 2 	 -2.025784e-12 	 3.392922e-13
4 	 147 	 Ex 	 2 	 -4.042636e-12 	 1.403063e-12
4 	 148 	 Ex 	 2 	 -6.958853e-12 	 2.924607e-12
4 	 149 	 Ex 	 2 	 -1.105437e-11 	 5.063989e-12
4 	 150 	 Ex 	 2 	 -1.684440e-11 	 7.943632e-12
4 	 151 	 Ex 	 2 	 -2.503161e-11 	 1.168001e-11
4 	 152 	 Ex 	 2 	 -3.648312e-11 	 1.634825e-11
4 	 153 	 Ex 	 2 	 -5.218120e-11 	 2.195977e-11
4 	 154 	 Ex 	 2 	 -7.297037e-11 	 2.836379e-11
4 	 155 	 Ex 	 2 	 -9.895135e-11 	 3.521822e-11
4 	 156 	 Ex 	 2 	 -1.286030e-10 	 4.196492e-11
4 	 157 	 Ex 	 2 	 -1.579952e-10 	 4.784021e-11
4 	 158 	 Ex 	 2 	 -1.810598e-10 	 5.202444e-11
4 	 159 	 Ex 	 2 	 -2.039265e-10 	 5.378634e-11
4 	 160 	 Ex 	 2 	 -1.864065e-10 	 5.295684e-11
4 	 161 	 Ex 	 2 	 -2.171961e-12 	 -6.185846e-13
4 	 162 	 Ex 	 2 	 -3.853481e-12 	 -1.134612e-13
4 	 163 	 Ex 	 2 	 -6.230578e-12 	 6.367229e-13
4 	 164 	 Ex 	 2 	 -9.441659e-12 	 1.747996e-12
4 	 165 	 Ex 	 2 	 -1.379254e-11 	 3.296855e-12
4 	 166 	 Ex 	 2 	 -1.970166e-11 	 5.342091e-12
4 	 167 	 Ex 	 2 	 -2.757686e-11 	 7.965365e-12
4 	 168 	 Ex 	 2 	 -3.789356e-11 	 1.120767e-11
4 	 169 	 Ex 	 2 	 -5.109419e-11 	 1.501879e-11
4 	 170 	 Ex 	 2 	 -6.735056e-11 	 1.926808e-11
4 	 171 	 Ex 	 2 	 -8.622273e-11 	 2.370884e-11
4 	 172 	 Ex 	 2 	 -1.062663e-10 	 2.797644e-11
4 	 173 	 Ex 	 2 	 -1.249219e-10 	 3.162544e-11
4 	 174 	 Ex 	 2 	 -1.388635e-10 	 3.419022e-11
4 	 175 	 Ex 	 2 	 -1.549896e-10 	 3.527486e-11
4 	 176 	 Ex 	 2 	 -1.419782e-10 	 3.483121e-11
4 	 177 	 Ex 	 2 	 -3.384251e-12 	 -8.158040e-13
4 	 178 	 Ex 	 2 	 -5.217697e-12 	 -4.824920e-13
4 	 179 	 Ex 	 2 	 -7.701916e-12 	 3.136596e-14
4 	 180 	 Ex 	 2 	 -1.093814e-11 	 8.138237e-13
4 	 181 	 Ex 	 2 	 -1.520441e-11 	 1.890458e-12
4 	 182 	 Ex 	 2 	 -2.076373e-11 	 3.304020e-12
4 	 183 	 Ex 	 2 	 -2.783098e-11 	 5.109934e-12
4 	 184 	 Ex 	 2 	 -3.665067e-11 	 7.312598e-12
4 	 185 	 Ex 	 2 	 -4.735666e-11 	 9.860756e-12
4 	 186 	 Ex 	 2 	 -5.983807e-11 	 1.264414e-11
4 	 187 	 Ex 	 2 	 -7.352247e-11 	 1.550720e-11
4 	 188 	 Ex 	 2 	 -8.731065e-11 	 1.821554e-11
4 	 189 	 Ex 	 2 	 -9.955276e-11 	 2.050744e-11
4 	 190 	 Ex 	 2 	 -1.083762e-10 	 2.211172e-11
4 	 191 	 Ex 	 2 	 -1.203869e-10 	 2.280337e-11
4 	 192 	 Ex 	 2 	 -1.102501e-10 	 2.259429e-11
4 	 193 	 Ex 	 2 	 -4.281269e-12 	 -9.537343e-13
4 	 194 	 Ex 	 2 	 -6.167740e-12 	 -7.632955e-13
4 	 195 	 Ex 	 2 	 -8.572311e-12 	 -4.153949e-13
4 	 196 	 Ex 	 2 	 -1.167805e-11 	 1.028051e-13
4 	 197 	 Ex 	 2 	 -1.566496e-11 	 8.105952e-13
4 	 198 	 Ex 	 2 	 -2.061559e-11 	 1.772943e-12
4 	 199 	 Ex 	 2 	 -2.669773e-11 	 2.991586e-12
4 	 200 	 Ex 	 2 	 -3.403118e-11 	 4.445905e-12
4 	 201 	 Ex 	 2 	 -4.257614e-11 	 6.103656e-12
4 	 202 	 Ex 	 2 	 -5.207667e-11 	 7.908571e-12
4 	 203 	 Ex 	 2 	 -6.203435e-11 	 9.750500e-12
4 	 204 	 Ex 	 2 	 -7.166555e-11 	 1.147815e-11
4 	 205 	 Ex 	 2 	 -7.993226e-11 	 1.292837e-11
4 	 206 	 Ex 	 2 	 -8.572212e-11 	 1.394977e-11
4 	 207 	 Ex 	 2 	 -9.504581e-11 	 1.440711e-11
4 	 208 	 Ex 	 2 	 -8.686998e-11 	 1.434080e-11
4 	 209 	 Ex 	 2 	 -4.931573e-12 	 -1.051478e-12
4 	 210 	 Ex 	 2 	 -6.743598e-12 	 -9.504252e-13
4 	 211 	 Ex 	 2 	 -9.002694e-12 	 -7.357299e-13
4 	 212 	 Ex 	 2 	 -1.188832e-11 	 -4.237063e-13
4 	 213 	 Ex 	 2 	 -1.544024e-11 	 3.405576e-14
4 	 214 	 Ex 	 2 	 -1.973721e-11 	 6.608102e-13
4 	 215 	 Ex 	 2 	 -2.487126e-11 	 1.447280e-12
4 	 216 	 Ex 	 2 	 -3.085309e-11 	 2.383450e-12
4 	 217 	 Ex 	 2 	 -3.756510e-11 	 3.454580e-12
4 	 218 	 Ex 	 2 	 -4.477180e-11 	 4.613420e-12
4 	 219 	 Ex 	 2 	 -5.208305e-11 	 5.784627e-12
4 	 220 	 Ex 	 2 	 -5.893619e-11 	 6.877670e-12
4 	 221 	 Ex 	 2 	 -6.466322e-11 	 7.795509e-12
4 	 222 	 Ex 	 2 	 -6.858503e-11 	 8.452386e-12
4 	 223 	 Ex 	 2 	 -7.605425e-11 	 8.767365e-12
4 	 224 	 Ex 	 2 	 -6.929000e-11 	 8.788414e-12
4 	 225 	 Ex 	 2 	 -5.355879e-12 	 -1.102494e-12
4 	 226 	 Ex 	 2 	 -7.015295e-12 	 -1.053261e-12
4 	 227 	 Ex 	 2 	 -9.148329e-12 	 -9.693555e-13
4 	 228 	 Ex 	 2 	 -1.171427e-11 	 -7.869121e-13
4 	 229 	 Ex 	 2 	 -1.478249e-11 	 -4.956975e-13
4 	 230 	 Ex 	 2 	 -1.847415e-11 	 -1.244175e-13
4 	 231 	 Ex 	 2 	 -2.276565e-11 	 3.512217e-13
4 	 232 	 Ex 	 2 	 -2.756575e-11 	 9.473671e-13
4 	 233 	 Ex 	 2 	 -3.279036e-11 	 1.634400e-12
4 	 234 	 Ex 	 2 	 -3.826481e-11 	 2.367070e-12
4 	 235 	 Ex 	 2 	 -4.368712e-11 	 3.098303e-12
4 	 236 	 Ex 	 2 	 -4.865365e-11 	 3.777550e-12
4 	 237 	 Ex 	 2 	 -5.271186e-11 	 4.355184e-12
4 	 238 	 Ex 	 2 	 -5.544018e-11 	 4.780130e-12
4 	 239 	 Ex 	 2 	 -6.157919e-11 	 5.007317e-12
4 	 240 	 Ex 	 2 	 -5.586343e-11 	 5.081754e-12
4 	 241 	 Ex 	 2 	 -5.575061e-12 	 -1.105735e-12
4 	 242 	 Ex 	 2 	 -7.138938e-12 	 -1.125318e-12
4 	 243 	 Ex 	 2 	 -9.032395e-12 	 -1.099154e-12
4 	 244 	 Ex 	 2 	 -1.127824e-11 	 -1.008907e-12
4 	 245 	 Ex 	 2 	 -1.396185e-11 	 -8.699373e-13
4 	 246 	 Ex 	 2 	 -1.706001e-11 	 -6.574655e-13
4 	 247 	 Ex 	 2 	 -2.054740e-11 	 -3.644511e-13
4 	 248 	 Ex 	 2 	 -2.439895e-11 	 -8.117821e-15
4 	 249 	 Ex 	 2 	 -2.851781e-11 	 3.955505e-13
4 	 250 	 Ex 	 2 	 -3.272405e-11 	 8.340864e-13
4 	 251 	 Ex 	 2 	 -3.677449e-11 	 1.284447e-12
4 	 252 	 Ex 	 2 	 -4.040018e-11 	 1.713143e-12
4 	 253 	 Ex 	 2 	 -4.330040e-11 	 2.088618e-12
4 	 254 	 Ex 	 2 	 -4.521461e-11 	 2.378644e-12
4 	 255 	 Ex 	 2 	 -5.036247e-11 	 2.551739e-12
4 	 256 	 Ex 	 2 	 -4.545367e-11 	 2.659086e-12
4 	 1 	 Ey 	 1 	 5.509648e-13 	 -6.770948e-13
4 	 2 	 Ey 	 1 	 1.543291e-12 	 -5.675927e-13
4 	 3 	 Ey 	 1 	 3.033618e-12 	 -7.826394e-13
4 	 4 	 Ey 	 1 	 5.451956e-12 	 -8.108284e-13
4 	 5 	 Ey 	 1 	 9.386290e-12 	 -8.557423e-13
4 	 6 	 Ey 	 1 	 1.598874e-11 	 -8.762633e-13
4 	 7 	 Ey 	 1 	 2.751640e-11 	 -8.824049e-13
4 	 8 	 Ey 	 1 	 4.885070e-11 	 -7.149016e-13
4 	 9 	 Ey 	 1 	 9.144884e-11 	 -5.872430e-13
4 	 10 	 Ey 	 1 	 1.861211e-10 	 -1.515525e-13
4 	 11 	 Ey 	 1 	 4.300444e-10 	 1.048665e-12
4 	 12 	 Ey 	 1 	 1.207302e-09 	 4.572122e-12
4 	 13 	 Ey 	 1 	 4.613986e-09 	 1.904057e-11
4 	 14 	 Ey 	 1 	 2.786934e-08 	 1.147882e-10
4 	 15 	 Ey 	 1 	 2.297933e-08 	 9.602625e-11
4 	 16 	 Ey 	 1 	 -5.403276e-08 	 -2.215452e-10
4 	 17 	 Ey 	 1 	 -1.328155e-11 	 -4.297524e-13
4 	 18 	 Ey 	 1 	 -1.525654e-11 	 -7.195084e-13
4 	 19 	 Ey 	 1 	 -1.767567e-11 	 -6.348375e-13
4 	 20 	 Ey 	 1 	 -2.081651e-11 	 -6.649260e-13
4 	 21 	 Ey 	 1 	 -2.501319e-11 	 -8.017021e-13
4 	 22 	 Ey 	 1 	 -3.082920e-11 	 -8.429514e-13
4 	 23 	 Ey 	 1 	 -3.929394e-11 	 -8.843028e-13
4 	 24 	 Ey 	 1 	 -5.249683e-11 	 -9.503713e-13
4 	 25 	 Ey 	 1 	 -7.485475e-11 	 -9.871147e-13
4 	 26 	 Ey 	 1 	 -1.173517e-10 	 -1.119454e-12
4 	 27 	 Ey 	 1 	 -2.125677e-10 	 -1.478101e-12
4 	 28 	 Ey 	 1 	 -4.876030e-10 	 -2.525714e-12
4 	 29 	 Ey 	 1 	 -1.722559e-09 	 -7.604061e-12
4 	 30 	 Ey 	 1 	 -1.570398e-08 	 -6.497863e-11
4 	 31 	 Ey 	 1 	 -4.525709e-06 	 -1.815270e-08
4 	 32 	 Ey 	 1 	 4.036383e-08 	 1.654391e-10
4 	 33 	 Ey 	 1 	 -7.261408e-12 	 -4.084479e-13
4 	 34 	 Ey 	 1 	 -9.002068e-12 	 -3.994466e-13
4 	 35 	 Ey 	 1 	 -1.150851e-11 	 -4.823468e-13
4 	 36 	 Ey 	 1 	 -1.521285e-11 	 -6.215503e-13
4 	 37 	 Ey 	 1 	 -2.085515e-11 	 -5.333431e-13
4 	 38 	 Ey 	 1 	 -2.999634e-11 	 -6.371998e-13
4 	 39 	 Ey 	 1 	 -4.554904e-11 	 -7.013746e-13
4 	 40 	 Ey 	 1 	 -7.384529e-11 	 -8.927234e-13
4 	 41 	 Ey 	 1 	 -1.295330e-10 	 -1.028219e-12
4 	 42 	 Ey 	 1 	 -2.509919e-10 	 -1.411729e-12
4 	 43 	 Ey 	 1 	 -5.536639e-10 	 -2.807180e-12
4 	 44 	 Ey 	 1 	 -1.454779e-09 	 -6.547276e-12
4 	 45 	 Ey 	 1 	 -4.827346e-09 	 -2.063070e-11
4 	 46 	 Ey 	 1 	 -1.930619e-08 	 -8.008041e-11
4 	 47 	 Ey 	 1 	 -1.478373e-08 	 -6.050295e-11
4 	 48 	 Ey 	 1 	 2.780013e-08 	 1.150438e-10
4 	 49 	 Ey 	 1 	 -1.074103e-11 	 -3.138099e-13
4 	 50 	 Ey 	 1 	 -1.366915e-11 	 -4.910411e-13
4 	 51 	 Ey 	 1 	 -1.778651e-11 	 -2.916290e-13
4 	 52 	 Ey 	 1 	 -2.391690e-11 	 -2.907342e-13
4 	 53 	 Ey 	 1 	 -3.326858e-11 	 -4.140398e-13
4 	 54 	 Ey 	 1 	 -4.814294e-11 	 -8.578410e-13
4 	 55 	 Ey 	 1 	 -7.258665e-11 	 -5.691907e-13
4 	 56 	 Ey 	 1 	 -1.153076e-10 	 -7.001815e-13
4 	 57 	 Ey 	 1 	 -1.942445e-10 	 -8.713108e-13
4 	 58 	 Ey 	 1 	 -3.503305e-10 	 -1.581820e-12
4 	 59 	 Ey 	 1 	 -6.813182e-10 	 -3.157999e-12
4 	 60 	 Ey 	 1 	 -1.421540e-09 	 -6.468214e-12
4 	 61 	 Ey 	 1 	 -2.995073e-09 	 -1.276937e-11
4 	 62 	 Ey 	 1 	 -4.822189e-09 	 -2.016826e-11
4 	 63 	 Ey 	 1 	 -1.223569e-09 	 -4.826023e-12
4 	 64 	 Ey 	 1 	 4.603752e-09 	 1.992148e-11
4 	 65 	 Ey 	 1 	 -1.371720e-11 	 -4.228966e-13
4 	 66 	 Ey 	 1 	 -1.741716e-11 	 -1.009883e-13
4 	 67 	 Ey 	 1 	 -2.277763e-11 	 -2.650319e-13
4 	 68 	 Ey 	 1 	 -3.054214e-11 	 -4.773108e-13
4 	 69 	 Ey 	 1 	 -4.198048e-11 	 -1.081566e-13
4 	 70 	 Ey 	 1 	 -5.971802e-11 	 -6.269583e-13
4 	 71 	 Ey 	 1 	 -8.764373e-11 	 -5.573631e-13
4 	 72 	 Ey 	 1 	 -1.334315e-10 	 -7.691735e-13
4 	 73 	 Ey 	 1 	 -2.108780e-10 	 -1.070432e-12
4 	 74 	 Ey 	 1 	 -3.452731e-10 	 -1.367441e-12
4 	 75 	 Ey 	 1 	 -5.789393e-10 	 -2.385390e-12
4 	 76 	 Ey 	 1 	 -9.586578e-10 	 -4.190836e-12
4 	 77 	 Ey 	 1 	 -1.420287e-09 	 -5.998541e-12
4 	 78 	 Ey 	 1 	 -1.451575e-09 	 -6.080370e-12
4 	 79 	 Ey 	 1 	 -2.555098e-10 	 -7.357827e-13
4 	 80 	 Ey 	 1 	 1.209021e-09 	 5.641547e-12
4 	 81 	 Ey 	 1 	 -1.600093e-11 	 -6.749368e-13
4 	 82 	 Ey 	 1 	 -2.008177e-11 	 3.924857e-13
4 	 83 	 Ey 	 1 	 -2.615043e-11 	 -3.490743e-13
4 	 84 	 Ey 	 1 	 -3.456811e-11 	 -4.080200e-13
4 	 85 	 Ey 	 1 	 -4.662630e-11 	 -6.065707e-14
4 	 86 	 Ey 	 1 	 -6.452265e-11 	 -4.190178e-13
4 	 87 	 Ey 	 1 	 -9.127738e-11 	 -5.927399e-13
4 	 88 	 Ey 	 1 	 -1.318960e-10 	 -4.485969e-13
4 	 89 	 Ey 	 1 	 -1.941386e-10 	 -9.633355e-13
4 	 90 	 Ey 	 1 	 -2.878005e-10 	 -1.251682e-12
4 	 91 	 Ey 	 1 	 -4.204837e-10 	 -1.518321e-12
4 	 92 	 Ey 	 1 	 -5.780370e-10 	 -2.178422e-12
4 	 93 	 Ey 	 1 	 -6.792632e-10 	 -2.375950e-12
4 	 94 	 Ey 	 1 	 -5.500577e-10 	 -1.950343e-12
4 	 95 	 Ey 	 1 	 -7.913157e-11 	 3.746078e-13
4 	 96 	 Ey 	 1 	 4.347323e-10 	 2.637499e-12
4 	 97 	 Ey 	 1 	 -1.742058e-11 	 -4.308152e-13
4 	 98 	 Ey 	 1 	 -2.168703e-11 	 5.880487e-13
4 	 99 	 Ey 	 1 	 -2.789008e-11 	 -4.548357e-13
4 	 100 	 Ey 	 1 	 -3.618383e-11 	 -4.752580e-13
4 	 101 	 Ey 	 1 	 -4.764315e-11 	 -1.077344e-13
4 	 102 	 Ey 	 1 	 -6.370485e-11 	 4.269729e-13
4 	 103 	 Ey 	 1 	 -8.667485e-11 	 -6.303363e-13
4 	 104 	 Ey 	 1 	 -1.186980e-10 	 -7.919328e-13
4 	 105 	 Ey 	 1 	 -1.628003e-10 	 -9.904386e-13
4 	 106 	 Ey 	 1 	 -2.204090e-10 	 -1.078218e-12
4 	 107 	 Ey 	 1 	 -2.870598e-10 	 -1.000507e-12
4 	 108 	 Ey 	 1 	 -3.436442e-10 	 -9.541850e-13
4 	 109 	 Ey 	 1 	 -3.476729e-10 	 -1.114484e-12
4 	 110 	 Ey 	 1 	 -2.468986e-10 	 -9.475278e-13
4 	 111 	 Ey 	 1 	 -2.998741e-11 	 -1.225876e-13
4 	 112 	 Ey 	 1 	 1.921599e-10 	 6.975730e-13
4 	 113 	 Ey 	 1 	 -1.815168e-11 	 -5.316956e-13
4 	 114 	 Ey 	 1 	 -2.234754e-11 	 2.669400e-13
4 	 115 	 Ey 	 1 	 -2.807487e-11 	 1.952616e-13
4 	 116 	 Ey 	 1 	 -3.585445e-11 	 -8.162058e-13
4 	 117 	 Ey 	 1 	 -4.590424e-11 	 -2.005570e-13
4 	 118 	 Ey 	 1 	 -5.930148e-11 	 6.419577e-13
4 	 119 	 Ey 	 1 	 -7.732298e-11 	 4.385512e-14
4 	 120 	 Ey 	 1 	 -1.007553e-10 	 -1.158994e-12
4 	 121 	 Ey 	 1 	 -1.295118e-10 	 -1.021210e-12
4 	 122 	 Ey 	 1 	 -1.621734e-10 	 -7.533063e-13
4 	 123 	 Ey 	 1 	 -1.928066e-10 	 -7.822642e-13
4 	 124 	 Ey 	 1 	 -2.086875e-10 	 -6.302514e-13
4 	 125 	 Ey 	 1 	 -1.910748e-10 	 -6.421363e-13
4 	 126 	 Ey 	 1 	 -1.250290e-10 	 -6.065292e-13
4 	 127 	 Ey 	 1 	 -1.233935e-11 	 -2.401895e-13
4 	 128 	 Ey 	 1 	 9.827338e-11 	 -2.676613e-14
4 	 129 	 Ey 	 1 	 -1.810901e-11 	 1.424839e-13
4 	 130 	 Ey 	 1 	 -2.218985e-11 	 -2.796664e-13
4 	 131 	 Ey 	 1 	 -2.722838e-11 	 3.470097e-13
4 	 132 	 Ey 	 1 	 -3.394286e-11 	 -2.711313e-13
4 	 133 	 Ey 	 1 	 -4.233448e-11 	 1.245395e-13
4 	 134 	 Ey 	 1 	 -5.306367e-11 	 6.483917e-14
4 	 135 	 Ey 	 1 	 -6.634937e-11 	 2.198905e-13
4 	 136 	 Ey 	 1 	 -8.237037e-11 	 -3.782160e-13
4 	 137 	 Ey 	 1 	 -1.001909e-10 	 -6.974165e-13
4 	 138 	 Ey 	 1 	 -1.175336e-10 	 -1.987501e-13
4 	 139 	 Ey 	 1 	 -1.301192e-10 	 -3.077364e-13
4 	 140 	 Ey 	 1 	 -1.308408e-10 	 -5.660459e-13
4 	 141 	 Ey 	 1 	 -1.118782e-10 	 -1.203525e-12
4 	 142 	 Ey 	 1 	 -6.908696e-11 	 -1.026888e-12
4 	 143 	 Ey 	 1 	 -5.043982e-12 	 -1.098273e-12
4 	 144 	 Ey 	 1 	 5.596942e-11 	 -8.558423e-13
4 	 145 	 Ey 	 1 	 -1.753555e-11 	 8.593256e-13
4 	 146 	 Ey 	 1 	 -2.139159e-11 	 -8.471071e-13
4 	 147 	 Ey 	 1 	 -2.567732e-11 	 3.037025e-14
4 	 148 	 Ey 	 1 	 -3.098274e-11 	 1.244295e-12
4 	 149 	 Ey 	 1 	 -3.803302e-11 	 -5.303052e-13
4 	 150 	 Ey 	 1 	 -4.615078e-11 	 -4.759833e-13
4 	 151 	 Ey 	 1 	 -5.553457e-11 	 -3.170635e-16
4 	 152 	 Ey 	 1 	 -6.580061e-11 	 9.741271e-13
4 	 153 	 Ey 	 1 	 -7.633457e-11 	 6.039569e-13
4 	 154 	 Ey 	 1 	 -8.518377e-11 	 -4.627912e-13
4 	 155 	 Ey 	 1 	 -8.916045e-11 	 -6.053837e-13
4 	 156 	 Ey 	 1 	 -8.474275e-11 	 -5.381361e-13
4 	 157 	 Ey 	 1 	 -6.873434e-11 	 -3.293691e-13
4 	 158 	 Ey 	 1 	 -4.046405e-11 	 -3.977226e-14
4 	 159 	 Ey 	 1 	 -1.352311e-12 	 -5.293842e-15
4 	 160 	 Ey 	 1 	 3.498833e-11 	 2.124325e-13
4 	 161 	 Ey 	 1 	 -1.685188e-11 	 2.498933e-15
4 	 162 	 Ey 	 1 	 -1.992973e-11 	 -1.444956e-13
4 	 163 	 Ey 	 1 	 -2.356573e-11 	 3.164047e-13
4 	 164 	 Ey 	 1 	 -2.800013e-11 	 3.508603e-13
4 	 165 	 Ey 	 1 	 -3.321886e-11 	 2.536887e-13
4 	 166 	 Ey 	 1 	 -3.932401e-11 	 -6.445444e-13
4 	 167 	 Ey 	 1 	 -4.566671e-11 	 2.806738e-13
4 	 168 	 Ey 	 1 	 -5.226509e-11 	 3.678663e-13
4 	 169 	 Ey 	 1 	 -5.809035e-11 	 5.904815e-13
4 	 170 	 Ey 	 1 	 -6.197517e-11 	 2.124180e-13
4 	 171 	 Ey 	 1 	 -6.209579e-11 	 -1.612400e-13
4 	 172 	 Ey 	 1 	 -5.652567e-11 	 -2.399399e-13
4 	 173 	 Ey 	 1 	 -4.393168e-11 	 4.675829e-13
4 	 174 	 Ey 	 1 	 -2.473776e-11 	 6.627500e-13
4 	 175 	 Ey 	 1 	 6.130694e-13 	 1.109605e-12
4 	 176 	 Ey 	 1 	 2.354939e-11 	 1.157271e-12
4 	 177 	 Ey 	 1 	 -1.583764e-11 	 -4.632008e-13
4 	 178 	 Ey 	 1 	 -1.804750e-11 	 1.580355e-12
4 	 179 	 Ey 	 1 	 -2.141094e-11 	 -5.343497e-13
4 	 180 	 Ey 	 1 	 -2.487853e-11 	 -4.463950e-13
4 	 181 	 Ey 	 1 	 -2.862988e-11 	 5.204333e-13
4 	 182 	 Ey 	 1 	 -3.278581e-11 	 9.738669e-13
4 	 183 	 Ey 	 1 	 -3.735113e-11 	 -3.172627e-13
4 	 184 	 Ey 	 1 	 -4.136473e-11 	 -3.171752e-13
4 	 185 	 Ey 	 1 	 -4.447042e-11 	 -4.932721e-13
4 	 186 	 Ey 	 1 	 -4.563537e-11 	 -5.059047e-14
4 	 187 	 Ey 	 1 	 -4.395321e-11 	 4.046284e-13
4 	 188 	 Ey 	 1 	 -3.859376e-11 	 5.762661e-13
4 	 189 	 Ey 	 1 	 -2.906950e-11 	 4.623644e-13
4 	 190 	 Ey 	 1 	 -1.572986e-11 	 1.045697e-13
4 	 191 	 Ey 	 1 	 1.356180e-12 	 2.087391e-13
4 	 192 	 Ey 	 1 	 1.651600e-11 	 -8.379981e-15
4 	 193 	 Ey 	 1 	 -1.448089e-11 	 1.504927e-13
4 	 194 	 Ey 	 1 	 -1.662671e-11 	 -1.121556e-13
4 	 195 	 Ey 	 1 	 -1.886426e-11 	 7.101889e-13
4 	 196 	 Ey 	 1 	 -2.169263e-11 	 -2.566505e-13
4 	 197 	 Ey 	 1 	 -2.441896e-11 	 6.053888e-13
4 	 198 	 Ey 	 1 	 -2.737633e-11 	 5.823666e-13
4 	 199 	 Ey 	 1 	 -3.019957e-11 	 4.457972e-13
4 	 200 	 Ey 	 1 	 -3.267454e-11 	 -4.727957e-13
4 	 201 	 Ey 	 1 	 -3.399966e-11 	 -3.660489e-15
4 	 202 	 Ey 	 1 	 -3.381589e-11 	 6.128355e-13
4 	 203 	 Ey 	 1 	 -3.172329e-11 	 2.824625e-13
4 	 204 	 Ey 	 1 	 -2.713517e-11 	 -1.813857e-13
4 	 205 	 Ey 	 1 	 -1.996821e-11 	 -9.899091e-13
4 	 206 	 Ey 	 1 	 -1.036739e-11 	 -1.031884e-12
4 	 207 	 Ey 	 1 	 1.504959e-12 	 -1.639966e-12
4 	 208 	 Ey 	 1 	 1.197135e-11 	 -1.596960e-12
4 	 209 	 Ey 	 1 	 -1.298167e-11 	 1.231528e-12
4 	 210 	 Ey 	 1 	 -1.507645e-11 	 -1.197009e-12
4 	 211 	 Ey 	 1 	 -1.663883e-11 	 5.442608e-13
4 	 212 	 Ey 	 1 	 -1.844588e-11 	 1.743581e-12
4 	 213 	 Ey 	 1 	 -2.090749e-11 	 -6.843846e-13
4 	 214 	 Ey 	 1 	 -2.286214e-11 	 -3.905791e-13
4 	 215 	 Ey 	 1 	 -2.445301e-11 	 5.012746e-13
4 	 216 	 Ey 	 1 	 -2.553748e-11 	 1.447039e-12
4 	 217 	 Ey 	 1 	 -2.604018e-11 	 1.022247e-12
4 	 218 	 Ey 	 1 	 -2.553147e-11 	 -3.025111e-13
4 	 219 	 Ey 	 1 	 -2.333571e-11 	 -3.683348e-13
4 	 220 	 Ey 	 1 	 -1.938397e-11 	 -2.030263e-13
4 	 221 	 Ey 	 1 	 -1.368029e-11 	 2.969752e-13
4 	 222 	 Ey 	 1 	 -6.579198e-12 	 5.595123e-13
4 	 223 	 Ey 	 1 	 2.068120e-12 	 5.397403e-13
4 	 224 	 Ey 	 1 	 9.513675e-12 	 5.893076e-13
4 	 225 	 Ey 	 1 	 -1.198451e-11 	 -5.993667e-13
4 	 226 	 Ey 	 1 	 -1.283614e-11 	 2.152656e-12
4 	 227 	 Ey 	 1 	 -1.469786e-11 	 -4.021164e-13
4 	 228 	 Ey 	 1 	 -1.621358e-11 	 -6.813599e-13
4 	 229 	 Ey 	 1 	 -1.736938e-11 	 9.750804e-13
4 	 230 	 Ey 	 1 	 -1.872991e-11 	 6.371748e-13
4 	 231 	 Ey 	 1 	 -1.986764e-11 	 8.735611e-14
4 	 232 	 Ey 	 1 	 -2.048501e-11 	 -2.004620e-13
4 	 233 	 Ey 	 1 	 -2.045097e-11 	 -6.276301e-13
4 	 234 	 Ey 	 1 	 -1.931445e-11 	 1.748137e-13
4 	 235 	 Ey 	 1 	 -1.718831e-11 	 4.817335e-13
4 	 236 	 Ey 	 1 	 -1.390223e-11 	 7.060384e-13
4 	 237 	 Ey 	 1 	 -9.546564e-12 	 7.490669e-13
4 	 238 	 Ey 	 1 	 -4.315814e-12 	 3.850878e-13
4 	 239 	 Ey 	 1 	 2.164995e-12 	 8.494198e-13
4 	 240 	 Ey 	 1 	 7.512609e-12 	 4.097465e-13
4 	 241 	 Ey 	 1 	 -1.056932e-11 	 1.321815e-13
4 	 242 	 Ey 	 1 	 -1.161986e-11 	 2.247345e-14
4 	 243 	 Ey 	 1 	 -1.253265e-11 	 9.085561e-13
4 	 244 	 Ey 	 1 	 -1.371998e-11 	 1.611187e-13
4 	 245 	 Ey 	 1 	 -1.458684e-11 	 9.009442e-13
4 	 246 	 Ey 	 1 	 -1.546076e-11 	 6.001862e-13
4 	 247 	 Ey 	 1 	 -1.604025e-11 	 4.078652e-13
4 	 248 	 Ey 	 1 	 -1.626770e-11 	 -1.748143e-14
4 	 249 	 Ey 	 1 	 -1.575026e-11 	 7.717207e-13
4 	 250 	 Ey 	 1 	 -1.464391e-11 	 9.546294e-13
4 	 251 	 Ey 	 1 	 -1.289087e-11 	 4.257326e-13
4 	 252 	 Ey 	 1 	 -1.034694e-11 	 -2.547051e-13
4 	 253 	 Ey 	 1 	 -7.035090e-12 	 -8.615434e-13
4 	 254 	 Ey 	 1 	 -3.000238e-12 	 -9.011633e-13
4 	 255 	 Ey 	 1 	 1.734876e-12 	 -1.554602e-12
4 	 256 	 Ey 	 1 	 5.786191e-12 	 -1.430894e-12
4 	 1 	 Ey 	 2 	 1.420210e-12 	 -1.344407e-12
4 	 2 	 Ey 	 2 	 2.468820e-12 	 -1.450319e-12
4 	 3 	 Ey 	 2 	 4.071335e-12 	 -1.555063e-12
4 	 4 	 Ey 	 2 	 6.577747e-12 	 -1.650057e-12
4 	 5 	 Ey 	 2 	 1.059491e-11 	 -1.726686e-12
4 	 6 	 Ey 	 2 	 1.726274e-11 	 -1.772492e-12
4 	 7 	 Ey 	 2 	 2.884799e-11 	 -1.772480e-12
4 	 8 	 Ey 	 2 	 5.021513e-11 	 -1.707654e-12
4 	 9 	 Ey 	 2 	 9.287978e-11 	 -1.542492e-12
4 	 10 	 Ey 	 2 	 1.877138e-10 	 -1.238566e-12
4 	 11 	 Ey 	 2 	 4.321359e-10 	 -6.695594e-13
4 	 12 	 Ey 	 2 	 1.211314e-09 	 5.319158e-13
4 	 13 	 Ey 	 2 	 4.627291e-09 	 3.808290e-12
4 	 14 	 Ey 	 2 	 2.794793e-08 	 1.747743e-11
4 	 15 	 Ey 	 2 	 2.304400e-08 	 2.035965e-11
4 	 16 	 Ey 	 2 	 -5.418547e-08 	 -2.822165e-11
4 	 17 	 Ey 	 2 	 -1.266180e-11 	 -1.187280e-12
4 	 18 	 Ey 	 2 	 -1.455912e-11 	 -1.258034e-12
4 	 19 	 Ey 	 2 	 -1.695726e-11 	 -1.324688e-12
4 	 20 	 Ey 	 2 	 -2.006853e-11 	 -1.383385e-12
4 	 21 	 Ey 	 2 	 -2.423954e-11 	 -1.428011e-12
4 	 22 	 Ey 	 2 	 -3.005309e-11 	 -1.453830e-12
4 	 23 	 Ey 	 2 	 -3.855447e-11 	 -1.452533e-12
4 	 24 	 Ey 	 2 	 -5.182040e-11 	 -1.419261e-12
4 	 25 	 Ey 	 2 	 -7.430520e-11 	 -1.356929e-12
4 	 26 	 Ey 	 2 	 -1.170181e-10 	 -1.265817e-12
4 	 27 	 Ey 	 2 	 -2.126127e-10 	 -1.200763e-12
4 	 28 	 Ey 	 2 	 -4.886096e-10 	 -1.235536e-12
4 	 29 	 Ey 	 2 	 -1.727257e-09 	 -1.995898e-12
4 	 30 	 Ey 	 2 	 -1.574827e-08 	 -9.809876e-12
4 	 31 	 Ey 	 2 	 -4.538462e-06 	 -7.605294e-10
4 	 32 	 Ey 	 2 	 4.047696e-08 	 2.086154e-11
4 	 33 	 Ey 	 2 	 -6.767455e-12 	 -1.030149e-12
4 	 34 	 Ey 	 2 	 -8.508658e-12 	 -1.067122e-12
4 	 35 	 Ey 	 2 	 -1.099947e-11 	 -1.101180e-12
4 	 36 	 Ey 	 2 	 -1.468743e-11 	 -1.128535e-12
4 	 37 	 Ey 	 2 	 -2.036705e-11 	 -1.145585e-12
4 	 38 	 Ey 	 2 	 -2.953573e-11 	 -1.151856e-12
4 	 39 	 Ey 	 2 	 -4.515604e-11 	 -1.147181e-12
4 	 40 	 Ey 	 2 	 -7.355526e-11 	 -1.136625e-12
4 	 41 	 Ey 	 2 	 -1.294745e-10 	 -1.138987e-12
4 	 42 	 Ey 	 2 	 -2.513723e-10 	 -1.201187e-12
4 	 43 	 Ey 	 2 	 -5.549549e-10 	 -1.461630e-12
4 	 44 	 Ey 	 2 	 -1.458703e-09 	 -2.303521e-12
4 	 45 	 Ey 	 2 	 -4.840877e-09 	 -5.052782e-12
4 	 46 	 Ey 	 2 	 -1.936077e-08 	 -1.359592e-11
4 	 47 	 Ey 	 2 	 -1.482575e-08 	 -7.410269e-12
4 	 48 	 Ey 	 2 	 2.787781e-08 	 1.856938e-11
4 	 49 	 Ey 	 2 	 -1.039577e-11 	 -9.007670e-13
4 	 50 	 Ey 	 2 	 -1.332323e-11 	 -9.135797e-13
4 	 51 	 Ey 	 2 	 -1.750627e-11 	 -9.213296e-13
4 	 52 	 Ey 	 2 	 -2.367289e-11 	 -9.262755e-13
4 	 53 	 Ey 	 2 	 -3.306872e-11 	 -9.252651e-13
4 	 54 	 Ey 	 2 	 -4.794843e-11 	 -9.220950e-13
4 	 55 	 Ey 	 2 	 -7.256602e-11 	 -9.161911e-13
4 	 56 	 Ey 	 2 	 -1.154559e-10 	 -9.243801e-13
4 	 57 	 Ey 	 2 	 -1.946973e-10 	 -9.663430e-13
4 	 58 	 Ey 	 2 	 -3.512594e-10 	 -1.113303e-12
4 	 59 	 Ey 	 2 	 -6.832228e-10 	 -1.442185e-12
4 	 60 	 Ey 	 2 	 -1.425543e-09 	 -2.207729e-12
4 	 61 	 Ey 	 2 	 -3.003723e-09 	 -3.472250e-12
4 	 62 	 Ey 	 2 	 -4.836124e-09 	 -4.438225e-12
4 	 63 	 Ey 	 2 	 -1.227457e-09 	 -5.256072e-13
4 	 64 	 Ey 	 2 	 4.616072e-09 	 5.469562e-12
4 	 65 	 Ey 	 2 	 -1.347187e-11 	 -7.870961e-13
4 	 66 	 Ey 	 2 	 -1.728115e-11 	 -7.770628e-13
4 	 67 	 Ey 	 2 	 -2.266728e-11 	 -7.669204e-13
4 	 68 	 Ey 	 2 	 -3.046225e-11 	 -7.540162e-13
4 	 69 	 Ey 	 2 	 -4.204678e-11 	 -7.353491e-13
4 	 70 	 Ey 	 2 	 -5.980490e-11 	 -7.212577e-13
4 	 71 	 Ey 	 2 	 -8.788847e-11 	 -7.092949e-13
4 	 72 	 Ey 	 2 	 -1.338511e-10 	 -7.159730e-13
4 	 73 	 Ey 	 2 	 -2.115771e-10 	 -7.574323e-13
4 	 74 	 Ey 	 2 	 -3.464282e-10 	 -8.831737e-13
4 	 75 	 Ey 	 2 	 -5.808182e-10 	 -1.092699e-12
4 	 76 	 Ey 	 2 	 -9.615881e-10 	 -1.470343e-12
4 	 77 	 Ey 	 2 	 -1.424645e-09 	 -1.710309e-12
4 	 78 	 Ey 	 2 	 -1.456049e-09 	 -1.362296e-12
4 	 79 	 Ey 	 2 	 -2.567906e-10 	 5.163337e-13
4 	 80 	 Ey 	 2 	 1.211765e-09 	 2.754739e-12
4 	 81 	 Ey 	 2 	 -1.581418e-11 	 -6.869662e-13
4 	 82 	 Ey 	 2 	 -2.014665e-11 	 -6.566405e-13
4 	 83 	 Ey 	 2 	 -2.616865e-11 	 -6.325548e-13
4 	 84 	 Ey 	 2 	 -3.465976e-11 	 -6.036093e-13
4 	 85 	 Ey 	 2 	 -4.688017e-11 	 -5.709378e-13
4 	 86 	 Ey 	 2 	 -6.483673e-11 	 -5.430496e-13
4 	 87 	 Ey 	 2 	 -9.170986e-11 	 -5.214503e-13
4 	 88 	 Ey 	 2 	 -1.325466e-10 	 -5.096218e-13
4 	 89 	 Ey 	 2 	 -1.949644e-10 	 -5.293766e-13
4 	 90 	 Ey 	 2 	 -2.889610e-10 	 -5.749047e-13
4 	 91 	 Ey 	 2 	 -4.221094e-10 	 -6.542210e-13
4 	 92 	 Ey 	 2 	 -5.801506e-10 	 -7.049904e-13
4 	 93 	 Ey 	 2 	 -6.817288e-10 	 -6.215650e-13
4 	 94 	 Ey 	 2 	 -5.521605e-10 	 -1.462846e-13
4 	 95 	 Ey 	 2 	 -7.999933e-11 	 8.541111e-13
4 	 96 	 Ey 	 2 	 4.352650e-10 	 1.987948e-12
4 	 97 	 Ey 	 2 	 -1.736177e-11 	 -5.955862e-13
4 	 98 	 Ey 	 2 	 -2.187774e-11 	 -5.520347e-13
4 	 99 	 Ey 	 2 	 -2.800804e-11 	 -5.155647e-13
4 	 100 	 Ey 	 2 	 -3.639328e-11 	 -4.733759e-13
4 	 101 	 Ey 	 2 	 -4.801657e-11 	 -4.285168e-13
4 	 102 	 Ey 	 2 	 -6.429025e-11 	 -3.834957e-13
4 	 103 	 Ey 	 2 	 -8.722489e-11 	 -3.491964e-13
4 	 104 	 Ey 	 2 	 -1.193949e-10 	 -3.168973e-13
4 	 105 	 Ey 	 2 	 -1.636614e-10 	 -3.000001e-13
4 	 106 	 Ey 	 2 	 -2.214854e-10 	 -2.904717e-13
4 	 107 	 Ey 	 2 	 -2.884169e-10 	 -2.674503e-13
4 	 108 	 Ey 	 2 	 -3.452399e-10 	 -1.883212e-13
4 	 109 	 Ey 	 2 	 -3.492594e-10 	 7.260910e-15
4 	 110 	 Ey 	 2 	 -2.482116e-10 	 4.412286e-13
4 	 111 	 Ey 	 2 	 -3.065624e-11 	 1.048508e-12
4 	 112 	 Ey 	 2 	 1.921268e-10 	 1.754933e-12
4 	 113 	 Ey 	 2 	 -1.815418e-11 	 -5.147969e-13
4 	 114 	 Ey 	 2 	 -2.256658e-11 	 -4.619376e-13
4 	 115 	 Ey 	 2 	 -2.838580e-11 	 -4.112669e-13
4 	 116 	 Ey 	 2 	 -3.610567e-11 	 -3.624300e-13
4 	 117 	 Ey 	 2 	 -4.636373e-11 	 -3.056290e-13
4 	 118 	 Ey 	 2 	 -6.001721e-11 	 -2.461661e-13
4 	 119 	 Ey 	 2 	 -7.807467e-11 	 -1.938815e-13
4 	 120 	 Ey 	 2 	 -1.014455e-10 	 -1.486263e-13
4 	 121 	 Ey 	 2 	 -1.303962e-10 	 -8.389713e-14
4 	 122 	 Ey 	 2 	 -1.632291e-10 	 -3.480986e-14
4 	 123 	 Ey 	 2 	 -1.939966e-10 	 4.881228e-14
4 	 124 	 Ey 	 2 	 -2.099534e-10 	 1.696695e-13
4 	 125 	 Ey 	 2 	 -1.923004e-10 	 3.998947e-13
4 	 126 	 Ey 	 2 	 -1.259896e-10 	 7.248005e-13
4 	 127 	 Ey 	 2 	 -1.298191e-11 	 1.179340e-12
4 	 128 	 Ey 	 2 	 9.799817e-11 	 1.662477e-12
4 	 129 	 Ey 	 2 	 -1.827736e-11 	 -4.394588e-13
4 	 130 	 Ey 	 2 	 -2.238601e-11 	 -3.829869e-13
4 	 131 	 Ey 	 2 	 -2.763043e-11 	 -3.219739e-13
4 	 132 	 Ey 	 2 	 -3.435493e-11 	 -2.647083e-13
4 	 133 	 Ey 	 2 	 -4.291965e-11 	 -1.979204e-13
4 	 134 	 Ey 	 2 	 -5.375324e-11 	 -1.329055e-13
4 	 135 	 Ey 	 2 	 -6.716690e-11 	 -6.768430e-14
4 	 136 	 Ey 	 2 	 -8.319487e-11 	 -4.288038e-15
4 	 137 	 Ey 	 2 	 -1.010848e-10 	 7.035229e-14
4 	 138 	 Ey 	 2 	 -1.186039e-10 	 1.594727e-13
4 	 139 	 Ey 	 2 	 -1.312393e-10 	 2.681114e-13
4 	 140 	 Ey 	 2 	 -1.319212e-10 	 4.186889e-13
4 	 141 	 Ey 	 2 	 -1.127761e-10 	 6.233513e-13
4 	 142 	 Ey 	 2 	 -6.985592e-11 	 9.002369e-13
4 	 143 	 Ey 	 2 	 -5.544188e-12 	 1.239909e-12
4 	 144 	 Ey 	 2 	 5.568948e-11 	 1.608586e-12
4 	 145 	 Ey 	 2 	 -1.786849e-11 	 -3.698999e-13
4 	 146 	 Ey 	 2 	 -2.154681e-11 	 -3.137611e-13
4 	 147 	 Ey 	 2 	 -2.608582e-11 	 -2.452181e-13
4 	 148 	 Ey 	 2 	 -3.168884e-11 	 -1.744512e-13
4 	 149 	 Ey 	 2 	 -3.856067e-11 	 -1.118095e-13
4 	 150 	 Ey 	 2 	 -4.678635e-11 	 -4.042356e-14
4 	 151 	 Ey 	 2 	 -5.635316e-11 	 3.786653e-14
4 	 152 	 Ey 	 2 	 -6.687220e-11 	 1.218921e-13
4 	 153 	 Ey 	 2 	 -7.742954e-11 	 2.080094e-13
4 	 154 	 Ey 	 2 	 -8.616460e-11 	 3.028267e-13
4 	 155 	 Ey 	 2 	 -9.015714e-11 	 4.251287e-13
4 	 156 	 Ey 	 2 	 -8.573308e-11 	 5.757754e-13
4 	 157 	 Ey 	 2 	 -6.969766e-11 	 7.706847e-13
4 	 158 	 Ey 	 2 	 -4.133833e-11 	 1.005578e-12
4 	 159 	 Ey 	 2 	 -2.044601e-12 	 1.277702e-12
4 	 160 	 Ey 	 2 	 3.444316e-11 	 1.577120e-12
4 	 161 	 Ey 	 2 	 -1.707991e-11 	 -3.124280e-13
4 	 162 	 Ey 	 2 	 -2.024767e-11 	 -2.461022e-13
4 	 163 	 Ey 	 2 	 -2.405503e-11 	 -1.764885e-13
4 	 164 	 Ey 	 2 	 -2.859342e-11 	 -1.065446e-13
4 	 165 	 Ey 	 2 	 -3.390256e-11 	 -3.423294e-14
4 	 166 	 Ey 	 2 	 -3.996173e-11 	 3.803682e-14
4 	 167 	 Ey 	 2 	 -4.654251e-11 	 1.216701e-13
4 	 168 	 Ey 	 2 	 -5.322481e-11 	 2.081891e-13
4 	 169 	 Ey 	 2 	 -5.915914e-11 	 3.034113e-13
4 	 170 	 Ey 	 2 	 -6.303649e-11 	 4.085595e-13
4 	 171 	 Ey 	 2 	 -6.310192e-11 	 5.287109e-13
4 	 172 	 Ey 	 2 	 -5.750271e-11 	 6.748203e-13
4 	 173 	 Ey 	 2 	 -4.496769e-11 	 8.531337e-13
4 	 174 	 Ey 	 2 	 -2.569620e-11 	 1.057268e-12
4 	 175 	 Ey 	 2 	 -2.862755e-13 	 1.289738e-12
4 	 176 	 Ey 	 2 	 2.279704e-11 	 1.539826e-12
4 	 177 	 Ey 	 2 	 -1.602492e-11 	 -2.570210e-13
4 	 178 	 Ey 	 2 	 -1.867330e-11 	 -1.801454e-13
4 	 179 	 Ey 	 2 	 -2.180362e-11 	 -1.188911e-13
4 	 180 	 Ey 	 2 	 -2.537563e-11 	 -4.717616e-14
4 	 181 	 Ey 	 2 	 -2.937583e-11 	 2.904753e-14
4 	 182 	 Ey 	 2 	 -3.370044e-11 	 1.088935e-13
4 	 183 	 Ey 	 2 	 -3.812755e-11 	 1.852531e-13
4 	 184 	 Ey 	 2 	 -4.221770e-11 	 2.735620e-13
4 	 185 	 Ey 	 2 	 -4.533838e-11 	 3.669804e-13
4 	 186 	 Ey 	 2 	 -4.660617e-11 	 4.742717e-13
4 	 187 	 Ey 	 2 	 -4.501858e-11 	 5.969368e-13
4 	 188 	 Ey 	 2 	 -3.965994e-11 	 7.342491e-13
4 	 189 	 Ey 	 2 	 -3.006297e-11 	 8.911485e-13
4 	 190 	 Ey 	 2 	 -1.658731e-11 	 1.068286e-12
4 	 191 	 Ey 	 2 	 5.953584e-13 	 1.266790e-12
4 	 192 	 Ey 	 2 	 1.591347e-11 	 1.479253e-12
4 	 193 	 Ey 	 2 	 -1.480729e-11 	 -1.993667e-13
4 	 194 	 Ey 	 2 	 -1.700689e-11 	 -1.315165e-13
4 	 195 	 Ey 	 2 	 -1.948595e-11 	 -5.861510e-14
4 	 196 	 Ey 	 2 	 -2.224915e-11 	 7.684867e-15
4 	 197 	 Ey 	 2 	 -2.519801e-11 	 8.472127e-14
4 	 198 	 Ey 	 2 	 -2.822710e-11 	 1.604667e-13
4 	 199 	 Ey 	 2 	 -3.110538e-11 	 2.399795e-13
4 	 200 	 Ey 	 2 	 -3.350311e-11 	 3.226918e-13
4 	 201 	 Ey 	 2 	 -3.494030e-11 	 4.170408e-13
4 	 202 	 Ey 	 2 	 -3.487155e-11 	 5.201762e-13
4 	 203 	 Ey 	 2 	 -3.272728e-11 	 6.320419e-13
4 	 204 	 Ey 	 2 	 -2.805195e-11 	 7.573793e-13
4 	 205 	 Ey 	 2 	 -2.071241e-11 	 8.951729e-13
4 	 206 	 Ey 	 2 	 -1.103188e-11 	 1.050678e-12
4 	 207 	 Ey 	 2 	 1.021846e-12 	 1.221032e-12
4 	 208 	 Ey 	 2 	 1.159612e-11 	 1.403040e-12
4 	 209 	 Ey 	 2 	 -1.351933e-11 	 -1.404676e-13
4 	 210 	 Ey 	 2 	 -1.531864e-11 	 -8.219564e-14
4 	 211 	 Ey 	 2 	 -1.725450e-11 	 -6.624190e-15
4 	 212 	 Ey 	 2 	 -1.932878e-11 	 6.538566e-14
4 	 213 	 Ey 	 2 	 -2.148957e-11 	 1.268804e-13
4 	 214 	 Ey 	 2 	 -2.355705e-11 	 2.009962e-13
4 	 215 	 Ey 	 2 	 -2.536085e-11 	 2.826097e-13
4 	 216 	 Ey 	 2 	 -2.665168e-11 	 3.682263e-13
4 	 217 	 Ey 	 2 	 -2.712567e-11 	 4.532627e-13
4 	 218 	 Ey 	 2 	 -2.642616e-11 	 5.432791e-13
4 	 219 	 Ey 	 2 	 -2.421146e-11 	 6.454029e-13
4 	 220 	 Ey 	 2 	 -2.027508e-11 	 7.607752e-13
4 	 221 	 Ey 	 2 	 -1.460934e-11 	 8.881615e-13
4 	 222 	 Ey 	 2 	 -7.487534e-12 	 1.025867e-12
4 	 223 	 Ey 	 2 	 1.240681e-12 	 1.173732e-12
4 	 224 	 Ey 	 2 	 8.773359e-12 	 1.330070e-12
4 	 225 	 Ey 	 2 	 -1.225497e-11 	 -9.317557e-14
4 	 226 	 Ey 	 2 	 -1.364701e-11 	 -1.576839e-14
4 	 227 	 Ey 	 2 	 -1.517736e-11 	 3.942585e-14
4 	 228 	 Ey 	 2 	 -1.673089e-11 	 1.046391e-13
4 	 229 	 Ey 	 2 	 -1.823451e-11 	 1.796105e-13
4 	 230 	 Ey 	 2 	 -1.961558e-11 	 2.474801e-13
4 	 231 	 Ey 	 2 	 -2.070956e-11 	 3.170374e-13
4 	 232 	 Ey 	 2 	 -2.132486e-11 	 3.918928e-13
4 	 233 	 Ey 	 2 	 -2.125154e-11 	 4.700862e-13
4 	 234 	 Ey 	 2 	 -2.026100e-11 	 5.587904e-13
4 	 235 	 Ey 	 2 	 -1.818530e-11 	 6.528349e-13
4 	 236 	 Ey 	 2 	 -1.492692e-11 	 7.551665e-13
4 	 237 	 Ey 	 2 	 -1.052431e-11 	 8.636919e-13
4 	 238 	 Ey 	 2 	 -5.182553e-12 	 9.808106e-13
4 	 239 	 Ey 	 2 	 1.303239e-12 	 1.107707e-12
4 	 240 	 Ey 	 2 	 6.805812e-12 	 1.237360e-12
4 	 241 	 Ey 	 2 	 -1.100996e-11 	 -3.186014e-14
4 	 242 	 Ey 	 2 	 -1.212355e-11 	 3.174749e-14
4 	 243 	 Ey 	 2 	 -1.326303e-11 	 9.792950e-14
4 	 244 	 Ey 	 2 	 -1.440441e-11 	 1.580300e-13
4 	 245 	 Ey 	 2 	 -1.545378e-11 	 2.248300e-13
4 	 246 	 Ey 	 2 	 -1.634335e-11 	 2.885403e-13
4 	 247 	 Ey 	 2 	 -1.694943e-11 	 3.536342e-13
4 	 248 	 Ey 	 2 	 -1.714260e-11 	 4.201942e-13
4 	 249 	 Ey 	 2 	 -1.676729e-11 	 4.946330e-13
4 	 250 	 Ey 	 2 	 -1.570603e-11 	 5.714389e-13
4 	 251 	 Ey 	 2 	 -1.386002e-11 	 6.492957e-13
4 	 252 	 Ey 	 2 	 -1.118662e-11 	 7.327446e-13
4 	 253 	 Ey 	 2 	 -7.734609e-12 	 8.215526e-13
4 	 254 	 Ey 	 2 	 -3.650693e-12 	 9.205644e-13
4 	 255 	 Ey 	 2 	 1.262526e-12 	 1.021399e-12
4 	 256 	 Ey 	 2 	 5.375161e-12 	 1.128880e-12
