iTx 	 iRx    chrec  ifreq 	 emf_real 	 emf_imag
3 	 1 	 Ex 	 1 	 9.728702e-11 	 2.647267e-11
3 	 2 	 Ex 	 1 	 1.415282e-10 	 3.586872e-11
3 	 3 	 Ex 	 1 	 2.116344e-10 	 4.617780e-11
3 	 4 	 Ex 	 1 	 3.286587e-10 	 5.561066e-11
3 	 5 	 Ex 	 1 	 5.396312e-10 	 7.037478e-11
3 	 6 	 Ex 	 1 	 9.555339e-10 	 9.587164e-11
3 	 7 	 Ex 	 1 	 1.879226e-09 	 1.360274e-10
3 	 8 	 Ex 	 1 	 4.292557e-09 	 2.048450e-10
3 	 9 	 Ex 	 1 	 1.172579e-08 	 3.473987e-10
3 	 10 	 Ex 	 1 	 1.145539e-08 	 5.964486e-10
3 	 11 	 Ex 	 1 	 -5.986281e-08 	 4.525241e-10
3 	 12 	 Ex 	 1 	 1.808995e-08 	 4.598822e-10
3 	 13 	 Ex 	 1 	 6.580373e-09 	 2.541146e-10
3 	 14 	 Ex 	 1 	 2.654257e-09 	 1.614102e-10
3 	 15 	 Ex 	 1 	 1.270224e-09 	 1.111413e-10
3 	 16 	 Ex 	 1 	 6.871481e-10 	 8.002707e-11
3 	 17 	 Ex 	 1 	 9.966367e-11 	 2.570006e-11
3 	 18 	 Ex 	 1 	 1.461069e-10 	 3.700272e-11
3 	 19 	 Ex 	 1 	 2.199215e-10 	 4.727696e-11
3 	 20 	 Ex 	 1 	 3.447144e-10 	 5.537941e-11
3 	 21 	 Ex 	 1 	 5.751193e-10 	 7.004776e-11
3 	 22 	 Ex 	 1 	 1.046875e-09 	 9.724677e-11
3 	 23 	 Ex 	 1 	 2.169072e-09 	 1.410658e-10
3 	 24 	 Ex 	 1 	 5.571442e-09 	 2.206790e-10
3 	 25 	 Ex 	 1 	 2.162303e-08 	 4.251607e-10
3 	 26 	 Ex 	 1 	 4.474379e-08 	 1.023277e-09
3 	 27 	 Ex 	 1 	 6.843811e-07 	 5.168433e-09
3 	 28 	 Ex 	 1 	 5.118801e-08 	 6.745188e-10
3 	 29 	 Ex 	 1 	 9.494746e-09 	 2.836175e-10
3 	 30 	 Ex 	 1 	 3.192073e-09 	 1.697055e-10
3 	 31 	 Ex 	 1 	 1.420315e-09 	 1.137426e-10
3 	 32 	 Ex 	 1 	 7.412215e-10 	 8.022738e-11
3 	 33 	 Ex 	 1 	 9.525242e-11 	 2.705820e-11
3 	 34 	 Ex 	 1 	 1.378130e-10 	 3.593389e-11
3 	 35 	 Ex 	 1 	 2.043031e-10 	 4.417405e-11
3 	 36 	 Ex 	 1 	 3.140434e-10 	 5.324176e-11
3 	 37 	 Ex 	 1 	 5.075663e-10 	 6.872573e-11
3 	 38 	 Ex 	 1 	 8.747665e-10 	 9.431440e-11
3 	 39 	 Ex 	 1 	 1.635708e-09 	 1.321897e-10
3 	 40 	 Ex 	 1 	 3.351024e-09 	 1.927748e-10
3 	 41 	 Ex 	 1 	 6.724759e-09 	 2.997533e-10
3 	 42 	 Ex 	 1 	 -4.263582e-09 	 4.155967e-10
3 	 43 	 Ex 	 1 	 -2.776548e-08 	 3.863969e-10
3 	 44 	 Ex 	 1 	 7.061867e-09 	 3.641274e-10
3 	 45 	 Ex 	 1 	 4.678725e-09 	 2.326675e-10
3 	 46 	 Ex 	 1 	 2.225823e-09 	 1.550825e-10
3 	 47 	 Ex 	 1 	 1.141696e-09 	 1.090639e-10
3 	 48 	 Ex 	 1 	 6.397452e-10 	 7.861741e-11
3 	 49 	 Ex 	 1 	 8.401346e-11 	 2.593414e-11
3 	 50 	 Ex 	 1 	 1.185445e-10 	 3.296838e-11
3 	 51 	 Ex 	 1 	 1.702122e-10 	 4.136073e-11
3 	 52 	 Ex 	 1 	 2.495120e-10 	 5.132113e-11
3 	 53 	 Ex 	 1 	 3.740050e-10 	 6.449722e-11
3 	 54 	 Ex 	 1 	 5.698230e-10 	 8.447738e-11
3 	 55 	 Ex 	 1 	 8.542076e-10 	 1.121953e-10
3 	 56 	 Ex 	 1 	 1.101124e-09 	 1.491728e-10
3 	 57 	 Ex 	 1 	 3.940561e-10 	 1.939550e-10
3 	 58 	 Ex 	 1 	 -3.425271e-09 	 2.274752e-10
3 	 59 	 Ex 	 1 	 -5.233557e-09 	 2.327362e-10
3 	 60 	 Ex 	 1 	 -8.642391e-10 	 2.121494e-10
3 	 61 	 Ex 	 1 	 1.021905e-09 	 1.685556e-10
3 	 62 	 Ex 	 1 	 9.907083e-10 	 1.272865e-10
3 	 63 	 Ex 	 1 	 6.854661e-10 	 9.563130e-11
3 	 64 	 Ex 	 1 	 4.495405e-10 	 7.231737e-11
3 	 65 	 Ex 	 1 	 6.886776e-11 	 2.506243e-11
3 	 66 	 Ex 	 1 	 9.364487e-11 	 3.090151e-11
3 	 67 	 Ex 	 1 	 1.276607e-10 	 3.684415e-11
3 	 68 	 Ex 	 1 	 1.744116e-10 	 4.644132e-11
3 	 69 	 Ex 	 1 	 2.347968e-10 	 5.818634e-11
3 	 70 	 Ex 	 1 	 3.006049e-10 	 7.349469e-11
3 	 71 	 Ex 	 1 	 3.288043e-10 	 9.265812e-11
3 	 72 	 Ex 	 1 	 1.792452e-10 	 1.143577e-10
3 	 73 	 Ex 	 1 	 -4.260452e-10 	 1.359032e-10
3 	 74 	 Ex 	 1 	 -1.468102e-09 	 1.509656e-10
3 	 75 	 Ex 	 1 	 -1.762224e-09 	 1.539142e-10
3 	 76 	 Ex 	 1 	 -8.767932e-10 	 1.437240e-10
3 	 77 	 Ex 	 1 	 -1.664933e-11 	 1.242169e-10
3 	 78 	 Ex 	 1 	 2.977694e-10 	 1.019119e-10
3 	 79 	 Ex 	 1 	 3.222407e-10 	 8.152542e-11
3 	 80 	 Ex 	 1 	 2.637771e-10 	 6.435467e-11
3 	 81 	 Ex 	 1 	 5.220879e-11 	 2.303455e-11
3 	 82 	 Ex 	 1 	 6.741956e-11 	 2.634123e-11
3 	 83 	 Ex 	 1 	 8.635277e-11 	 3.252289e-11
3 	 84 	 Ex 	 1 	 1.079552e-10 	 4.288052e-11
3 	 85 	 Ex 	 1 	 1.262006e-10 	 5.278151e-11
3 	 86 	 Ex 	 1 	 1.264602e-10 	 6.228958e-11
3 	 87 	 Ex 	 1 	 7.570200e-11 	 7.369200e-11
3 	 88 	 Ex 	 1 	 -8.287937e-11 	 8.640914e-11
3 	 89 	 Ex 	 1 	 -3.887562e-10 	 9.808878e-11
3 	 90 	 Ex 	 1 	 -7.305333e-10 	 1.059296e-10
3 	 91 	 Ex 	 1 	 -8.002130e-10 	 1.073905e-10
3 	 92 	 Ex 	 1 	 -5.517737e-10 	 1.022269e-10
3 	 93 	 Ex 	 1 	 -2.021909e-10 	 9.189095e-11
3 	 94 	 Ex 	 1 	 2.193805e-11 	 7.921874e-11
3 	 95 	 Ex 	 1 	 1.125808e-10 	 6.711193e-11
3 	 96 	 Ex 	 1 	 1.291636e-10 	 5.681292e-11
3 	 97 	 Ex 	 1 	 3.614332e-11 	 1.958928e-11
3 	 98 	 Ex 	 1 	 4.414332e-11 	 2.363781e-11
3 	 99 	 Ex 	 1 	 5.228504e-11 	 3.057323e-11
3 	 100 	 Ex 	 1 	 5.745238e-11 	 3.748837e-11
3 	 101 	 Ex 	 1 	 5.405271e-11 	 4.423865e-11
3 	 102 	 Ex 	 1 	 3.157401e-11 	 5.069678e-11
3 	 103 	 Ex 	 1 	 -2.567909e-11 	 5.838261e-11
3 	 104 	 Ex 	 1 	 -1.329398e-10 	 6.684188e-11
3 	 105 	 Ex 	 1 	 -2.822904e-10 	 7.451970e-11
3 	 106 	 Ex 	 1 	 -4.154647e-10 	 7.942609e-11
3 	 107 	 Ex 	 1 	 -4.346780e-10 	 8.036818e-11
3 	 108 	 Ex 	 1 	 -3.488671e-10 	 7.717332e-11
3 	 109 	 Ex 	 1 	 -1.965191e-10 	 7.045915e-11
3 	 110 	 Ex 	 1 	 -6.707367e-11 	 6.208915e-11
3 	 111 	 Ex 	 1 	 1.099931e-11 	 5.378312e-11
3 	 112 	 Ex 	 1 	 4.660624e-11 	 4.700585e-11
3 	 113 	 Ex 	 1 	 2.246904e-11 	 1.744511e-11
3 	 114 	 Ex 	 1 	 2.524952e-11 	 2.101078e-11
3 	 115 	 Ex 	 1 	 2.658730e-11 	 2.782776e-11
3 	 116 	 Ex 	 1 	 2.311165e-11 	 3.216438e-11
3 	 117 	 Ex 	 1 	 1.125177e-11 	 3.607226e-11
3 	 118 	 Ex 	 1 	 -1.432931e-11 	 4.126967e-11
3 	 119 	 Ex 	 1 	 -5.950102e-11 	 4.713463e-11
3 	 120 	 Ex 	 1 	 -1.256790e-10 	 5.306607e-11
3 	 121 	 Ex 	 1 	 -2.019287e-10 	 5.813612e-11
3 	 122 	 Ex 	 1 	 -2.614423e-10 	 6.136443e-11
3 	 123 	 Ex 	 1 	 -2.662577e-10 	 6.190067e-11
3 	 124 	 Ex 	 1 	 -2.324345e-10 	 5.992776e-11
3 	 125 	 Ex 	 1 	 -1.597978e-10 	 5.547434e-11
3 	 126 	 Ex 	 1 	 -8.687842e-11 	 4.981145e-11
3 	 127 	 Ex 	 1 	 -3.211965e-11 	 4.370395e-11
3 	 128 	 Ex 	 1 	 1.448410e-12 	 3.826998e-11
3 	 129 	 Ex 	 1 	 1.133933e-11 	 1.451843e-11
3 	 130 	 Ex 	 1 	 1.139694e-11 	 2.080057e-11
3 	 131 	 Ex 	 1 	 8.623689e-12 	 2.464025e-11
3 	 132 	 Ex 	 1 	 1.395168e-12 	 2.645142e-11
3 	 133 	 Ex 	 1 	 -1.219605e-11 	 2.836298e-11
3 	 134 	 Ex 	 1 	 -3.420740e-11 	 3.282775e-11
3 	 135 	 Ex 	 1 	 -6.618200e-11 	 3.867721e-11
3 	 136 	 Ex 	 1 	 -1.065016e-10 	 4.389966e-11
3 	 137 	 Ex 	 1 	 -1.476927e-10 	 4.769606e-11
3 	 138 	 Ex 	 1 	 -1.773013e-10 	 4.982126e-11
3 	 139 	 Ex 	 1 	 -1.774281e-10 	 5.025628e-11
3 	 140 	 Ex 	 1 	 -1.631037e-10 	 4.890255e-11
3 	 141 	 Ex 	 1 	 -1.255310e-10 	 4.573852e-11
3 	 142 	 Ex 	 1 	 -8.358063e-11 	 4.118369e-11
3 	 143 	 Ex 	 1 	 -4.745975e-11 	 3.532652e-11
3 	 144 	 Ex 	 1 	 -2.116243e-11 	 3.005919e-11
3 	 145 	 Ex 	 1 	 3.305691e-12 	 1.418444e-11
3 	 146 	 Ex 	 1 	 1.189194e-12 	 1.791257e-11
3 	 147 	 Ex 	 1 	 -3.489037e-12 	 1.959410e-11
3 	 148 	 Ex 	 1 	 -1.134734e-11 	 2.174713e-11
3 	 149 	 Ex 	 1 	 -2.331596e-11 	 2.546944e-11
3 	 150 	 Ex 	 1 	 -4.054600e-11 	 2.901461e-11
3 	 151 	 Ex 	 1 	 -6.285106e-11 	 3.229656e-11
3 	 152 	 Ex 	 1 	 -8.809850e-11 	 3.523762e-11
3 	 153 	 Ex 	 1 	 -1.117550e-10 	 3.740929e-11
3 	 154 	 Ex 	 1 	 -1.278391e-10 	 3.861684e-11
3 	 155 	 Ex 	 1 	 -1.263901e-10 	 3.888235e-11
3 	 156 	 Ex 	 1 	 -1.202121e-10 	 3.804458e-11
3 	 157 	 Ex 	 1 	 -9.926367e-11 	 3.628021e-11
3 	 158 	 Ex 	 1 	 -7.407557e-11 	 3.363772e-11
3 	 159 	 Ex 	 1 	 -5.007929e-11 	 3.053672e-11
3 	 160 	 Ex 	 1 	 -3.050710e-11 	 2.711231e-11
3 	 161 	 Ex 	 1 	 -2.381869e-12 	 1.406298e-11
3 	 162 	 Ex 	 1 	 -6.045749e-12 	 1.318467e-11
3 	 163 	 Ex 	 1 	 -1.101399e-11 	 1.521440e-11
3 	 164 	 Ex 	 1 	 -1.796244e-11 	 1.942719e-11
3 	 165 	 Ex 	 1 	 -2.781820e-11 	 2.327258e-11
3 	 166 	 Ex 	 1 	 -4.086028e-11 	 2.588701e-11
3 	 167 	 Ex 	 1 	 -5.647531e-11 	 2.703935e-11
3 	 168 	 Ex 	 1 	 -7.290443e-11 	 2.761930e-11
3 	 169 	 Ex 	 1 	 -8.733358e-11 	 2.817833e-11
3 	 170 	 Ex 	 1 	 -9.674539e-11 	 2.866524e-11
3 	 171 	 Ex 	 1 	 -9.483275e-11 	 2.877137e-11
3 	 172 	 Ex 	 1 	 -9.231500e-11 	 2.839917e-11
3 	 173 	 Ex 	 1 	 -7.980409e-11 	 2.795084e-11
3 	 174 	 Ex 	 1 	 -6.390186e-11 	 2.735409e-11
3 	 175 	 Ex 	 1 	 -4.760769e-11 	 2.672805e-11
3 	 176 	 Ex 	 1 	 -3.329589e-11 	 2.474308e-11
3 	 177 	 Ex 	 1 	 -6.711150e-12 	 1.101168e-11
3 	 178 	 Ex 	 1 	 -1.045246e-11 	 1.071399e-11
3 	 179 	 Ex 	 1 	 -1.504788e-11 	 1.340164e-11
3 	 180 	 Ex 	 1 	 -2.105397e-11 	 1.735169e-11
3 	 181 	 Ex 	 1 	 -2.910587e-11 	 1.959955e-11
3 	 182 	 Ex 	 1 	 -3.906691e-11 	 2.022362e-11
3 	 183 	 Ex 	 1 	 -5.002627e-11 	 2.083679e-11
3 	 184 	 Ex 	 1 	 -6.079733e-11 	 2.180624e-11
3 	 185 	 Ex 	 1 	 -6.981000e-11 	 2.272960e-11
3 	 186 	 Ex 	 1 	 -7.554716e-11 	 2.336595e-11
3 	 187 	 Ex 	 1 	 -7.356637e-11 	 2.346895e-11
3 	 188 	 Ex 	 1 	 -7.282619e-11 	 2.313961e-11
3 	 189 	 Ex 	 1 	 -6.511518e-11 	 2.234508e-11
3 	 190 	 Ex 	 1 	 -5.491205e-11 	 2.135492e-11
3 	 191 	 Ex 	 1 	 -4.386327e-11 	 2.057259e-11
3 	 192 	 Ex 	 1 	 -3.327952e-11 	 2.013346e-11
3 	 193 	 Ex 	 1 	 -9.711852e-12 	 7.559550e-12
3 	 194 	 Ex 	 1 	 -1.260123e-11 	 1.132795e-11
3 	 195 	 Ex 	 1 	 -1.663612e-11 	 1.414968e-11
3 	 196 	 Ex 	 1 	 -2.233924e-11 	 1.360910e-11
3 	 197 	 Ex 	 1 	 -2.915912e-11 	 1.283220e-11
3 	 198 	 Ex 	 1 	 -3.647413e-11 	 1.406814e-11
3 	 199 	 Ex 	 1 	 -4.395036e-11 	 1.633793e-11
3 	 200 	 Ex 	 1 	 -5.100587e-11 	 1.857542e-11
3 	 201 	 Ex 	 1 	 -5.674112e-11 	 2.027697e-11
3 	 202 	 Ex 	 1 	 -6.034731e-11 	 2.121103e-11
3 	 203 	 Ex 	 1 	 -5.843900e-11 	 2.141087e-11
3 	 204 	 Ex 	 1 	 -5.860590e-11 	 2.091020e-11
3 	 205 	 Ex 	 1 	 -5.374009e-11 	 1.947282e-11
3 	 206 	 Ex 	 1 	 -4.711221e-11 	 1.752357e-11
3 	 207 	 Ex 	 1 	 -3.973165e-11 	 1.502630e-11
3 	 208 	 Ex 	 1 	 -3.220942e-11 	 1.333319e-11
3 	 209 	 Ex 	 1 	 -1.116320e-11 	 7.164820e-12
3 	 210 	 Ex 	 1 	 -1.386065e-11 	 1.024398e-11
3 	 211 	 Ex 	 1 	 -1.768160e-11 	 1.088459e-11
3 	 212 	 Ex 	 1 	 -2.236000e-11 	 1.061937e-11
3 	 213 	 Ex 	 1 	 -2.747121e-11 	 1.145434e-11
3 	 214 	 Ex 	 1 	 -3.289232e-11 	 1.282268e-11
3 	 215 	 Ex 	 1 	 -3.831535e-11 	 1.436935e-11
3 	 216 	 Ex 	 1 	 -4.328231e-11 	 1.570748e-11
3 	 217 	 Ex 	 1 	 -4.723300e-11 	 1.656602e-11
3 	 218 	 Ex 	 1 	 -4.969840e-11 	 1.698280e-11
3 	 219 	 Ex 	 1 	 -4.793592e-11 	 1.710152e-11
3 	 220 	 Ex 	 1 	 -4.848428e-11 	 1.680431e-11
3 	 221 	 Ex 	 1 	 -4.513463e-11 	 1.617488e-11
3 	 222 	 Ex 	 1 	 -4.050093e-11 	 1.508783e-11
3 	 223 	 Ex 	 1 	 -3.516143e-11 	 1.364487e-11
3 	 224 	 Ex 	 1 	 -2.961102e-11 	 1.218021e-11
3 	 225 	 Ex 	 1 	 -1.145741e-11 	 9.147161e-12
3 	 226 	 Ex 	 1 	 -1.482335e-11 	 6.251516e-12
3 	 227 	 Ex 	 1 	 -1.829362e-11 	 5.699654e-12
3 	 228 	 Ex 	 1 	 -2.147420e-11 	 9.341688e-12
3 	 229 	 Ex 	 1 	 -2.503184e-11 	 1.272017e-11
3 	 230 	 Ex 	 1 	 -2.910428e-11 	 1.398517e-11
3 	 231 	 Ex 	 1 	 -3.334272e-11 	 1.360444e-11
3 	 232 	 Ex 	 1 	 -3.723072e-11 	 1.263956e-11
3 	 233 	 Ex 	 1 	 -4.024096e-11 	 1.186201e-11
3 	 234 	 Ex 	 1 	 -4.205446e-11 	 1.149976e-11
3 	 235 	 Ex 	 1 	 -4.047954e-11 	 1.144499e-11
3 	 236 	 Ex 	 1 	 -4.115441e-11 	 1.160828e-11
3 	 237 	 Ex 	 1 	 -3.860105e-11 	 1.232748e-11
3 	 238 	 Ex 	 1 	 -3.501030e-11 	 1.322205e-11
3 	 239 	 Ex 	 1 	 -3.074448e-11 	 1.424350e-11
3 	 240 	 Ex 	 1 	 -2.645747e-11 	 1.379220e-11
3 	 241 	 Ex 	 1 	 -1.235654e-11 	 4.849916e-12
3 	 242 	 Ex 	 1 	 -1.469842e-11 	 5.963374e-12
3 	 243 	 Ex 	 1 	 -1.712440e-11 	 8.323296e-12
3 	 244 	 Ex 	 1 	 -2.016230e-11 	 8.697617e-12
3 	 245 	 Ex 	 1 	 -2.359257e-11 	 7.861624e-12
3 	 246 	 Ex 	 1 	 -2.694444e-11 	 7.623879e-12
3 	 247 	 Ex 	 1 	 -2.999175e-11 	 8.199766e-12
3 	 248 	 Ex 	 1 	 -3.255152e-11 	 9.193110e-12
3 	 249 	 Ex 	 1 	 -3.445055e-11 	 1.016986e-11
3 	 250 	 Ex 	 1 	 -3.559586e-11 	 1.078921e-11
3 	 251 	 Ex 	 1 	 -3.413577e-11 	 1.089994e-11
3 	 252 	 Ex 	 1 	 -3.496926e-11 	 1.064394e-11
3 	 253 	 Ex 	 1 	 -3.335367e-11 	 9.801404e-12
3 	 254 	 Ex 	 1 	 -3.099176e-11 	 8.836834e-12
3 	 255 	 Ex 	 1 	 -2.807997e-11 	 7.940459e-12
3 	 256 	 Ex 	 1 	 -2.470973e-11 	 7.953574e-12
3 	 1 	 Ex 	 2 	 5.842949e-11 	 2.666459e-11
3 	 2 	 Ex 	 2 	 9.049173e-11 	 4.146564e-11
3 	 3 	 Ex 	 2 	 1.459984e-10 	 6.338240e-11
3 	 4 	 Ex 	 2 	 2.460563e-10 	 9.606376e-11
3 	 5 	 Ex 	 2 	 4.366210e-10 	 1.455812e-10
3 	 6 	 Ex 	 2 	 8.281845e-10 	 2.226650e-10
3 	 7 	 Ex 	 2 	 1.724400e-09 	 3.483342e-10
3 	 8 	 Ex 	 2 	 4.110026e-09 	 5.694697e-10
3 	 9 	 Ex 	 2 	 1.152596e-08 	 1.010457e-09
3 	 10 	 Ex 	 2 	 1.121720e-08 	 2.004379e-09
3 	 11 	 Ex 	 2 	 -6.031311e-08 	 2.559862e-09
3 	 12 	 Ex 	 2 	 1.789072e-08 	 1.355938e-09
3 	 13 	 Ex 	 2 	 6.387842e-09 	 7.250482e-10
3 	 14 	 Ex 	 2 	 2.487136e-09 	 4.300106e-10
3 	 15 	 Ex 	 2 	 1.131410e-09 	 2.702668e-10
3 	 16 	 Ex 	 2 	 5.743518e-10 	 1.750323e-10
3 	 17 	 Ex 	 2 	 6.080805e-11 	 2.712230e-11
3 	 18 	 Ex 	 2 	 9.467344e-11 	 4.223583e-11
3 	 19 	 Ex 	 2 	 1.537470e-10 	 6.466221e-11
3 	 20 	 Ex 	 2 	 2.616018e-10 	 9.823117e-11
3 	 21 	 Ex 	 2 	 4.713861e-10 	 1.494233e-10
3 	 22 	 Ex 	 2 	 9.182361e-10 	 2.300004e-10
3 	 23 	 Ex 	 2 	 2.012490e-09 	 3.638994e-10
3 	 24 	 Ex 	 2 	 5.388166e-09 	 6.096808e-10
3 	 25 	 Ex 	 2 	 2.144305e-08 	 1.159498e-09
3 	 26 	 Ex 	 2 	 4.458147e-08 	 3.178154e-09
3 	 27 	 Ex 	 2 	 6.859991e-07 	 9.601540e-09
3 	 28 	 Ex 	 2 	 5.107103e-08 	 1.683754e-09
3 	 29 	 Ex 	 2 	 9.304750e-09 	 7.928480e-10
3 	 30 	 Ex 	 2 	 3.023176e-09 	 4.530428e-10
3 	 31 	 Ex 	 2 	 1.279977e-09 	 2.803348e-10
3 	 32 	 Ex 	 2 	 6.274901e-10 	 1.800950e-10
3 	 33 	 Ex 	 2 	 5.693206e-11 	 2.636282e-11
3 	 34 	 Ex 	 2 	 8.755772e-11 	 4.094776e-11
3 	 35 	 Ex 	 2 	 1.399725e-10 	 6.246132e-11
3 	 36 	 Ex 	 2 	 2.330437e-10 	 9.439404e-11
3 	 37 	 Ex 	 2 	 4.063347e-10 	 1.424377e-10
3 	 38 	 Ex 	 2 	 7.494392e-10 	 2.164250e-10
3 	 39 	 Ex 	 2 	 1.483336e-09 	 3.347091e-10
3 	 40 	 Ex 	 2 	 3.170550e-09 	 5.351288e-10
3 	 41 	 Ex 	 2 	 6.518433e-09 	 8.999667e-10
3 	 42 	 Ex 	 2 	 -4.532602e-09 	 1.532486e-09
3 	 43 	 Ex 	 2 	 -2.810886e-08 	 1.788337e-09
3 	 44 	 Ex 	 2 	 6.841355e-09 	 1.149510e-09
3 	 45 	 Ex 	 2 	 4.486619e-09 	 6.694075e-10
3 	 46 	 Ex 	 2 	 2.061215e-09 	 4.099328e-10
3 	 47 	 Ex 	 2 	 1.005047e-09 	 2.615779e-10
3 	 48 	 Ex 	 2 	 5.287814e-10 	 1.708270e-10
3 	 49 	 Ex 	 2 	 4.747198e-11 	 2.447695e-11
3 	 50 	 Ex 	 2 	 7.092876e-11 	 3.782156e-11
3 	 51 	 Ex 	 2 	 1.092516e-10 	 5.723877e-11
3 	 52 	 Ex 	 2 	 1.727093e-10 	 8.549001e-11
3 	 53 	 Ex 	 2 	 2.785811e-10 	 1.267314e-10
3 	 54 	 Ex 	 2 	 4.526573e-10 	 1.873375e-10
3 	 55 	 Ex 	 2 	 7.126285e-10 	 2.770292e-10
3 	 56 	 Ex 	 2 	 9.333612e-10 	 4.088931e-10
3 	 57 	 Ex 	 2 	 1.983361e-10 	 5.910491e-10
3 	 58 	 Ex 	 2 	 -3.651085e-09 	 7.812417e-10
3 	 59 	 Ex 	 2 	 -5.468566e-09 	 8.301835e-10
3 	 60 	 Ex 	 2 	 -1.073370e-09 	 6.811835e-10
3 	 61 	 Ex 	 2 	 8.422122e-10 	 4.839081e-10
3 	 62 	 Ex 	 2 	 8.379495e-10 	 3.293600e-10
3 	 63 	 Ex 	 2 	 5.581038e-10 	 2.225667e-10
3 	 64 	 Ex 	 2 	 3.453290e-10 	 1.503402e-10
3 	 65 	 Ex 	 2 	 3.477120e-11 	 2.174167e-11
3 	 66 	 Ex 	 2 	 4.948839e-11 	 3.335830e-11
3 	 67 	 Ex 	 2 	 7.163391e-11 	 4.992489e-11
3 	 68 	 Ex 	 2 	 1.040184e-10 	 7.337982e-11
3 	 69 	 Ex 	 2 	 1.477963e-10 	 1.063004e-10
3 	 70 	 Ex 	 2 	 1.948210e-10 	 1.519236e-10
3 	 71 	 Ex 	 2 	 2.024628e-10 	 2.137607e-10
3 	 72 	 Ex 	 2 	 3.175889e-11 	 2.930818e-10
3 	 73 	 Ex 	 2 	 -5.936663e-10 	 3.826549e-10
3 	 74 	 Ex 	 2 	 -1.651084e-09 	 4.558365e-10
3 	 75 	 Ex 	 2 	 -1.948460e-09 	 4.718028e-10
3 	 76 	 Ex 	 2 	 -1.052071e-09 	 4.195215e-10
3 	 77 	 Ex 	 2 	 -1.731669e-10 	 3.324940e-10
3 	 78 	 Ex 	 2 	 1.623319e-10 	 2.467218e-10
3 	 79 	 Ex 	 2 	 2.078121e-10 	 1.769384e-10
3 	 80 	 Ex 	 2 	 1.691255e-10 	 1.243978e-10
3 	 81 	 Ex 	 2 	 2.127897e-11 	 1.849202e-11
3 	 82 	 Ex 	 2 	 2.783713e-11 	 2.815482e-11
3 	 83 	 Ex 	 2 	 3.616285e-11 	 4.163148e-11
3 	 84 	 Ex 	 2 	 4.492427e-11 	 6.012473e-11
3 	 85 	 Ex 	 2 	 4.893659e-11 	 8.499104e-11
3 	 86 	 Ex 	 2 	 3.390471e-11 	 1.174918e-10
3 	 87 	 Ex 	 2 	 -3.300262e-11 	 1.581075e-10
3 	 88 	 Ex 	 2 	 -2.076231e-10 	 2.050031e-10
3 	 89 	 Ex 	 2 	 -5.274436e-10 	 2.514202e-10
3 	 90 	 Ex 	 2 	 -8.784927e-10 	 2.847747e-10
3 	 91 	 Ex 	 2 	 -9.499482e-10 	 2.915211e-10
3 	 92 	 Ex 	 2 	 -6.952925e-10 	 2.687172e-10
3 	 93 	 Ex 	 2 	 -3.333493e-10 	 2.261821e-10
3 	 94 	 Ex 	 2 	 -9.377681e-11 	 1.782516e-10
3 	 95 	 Ex 	 2 	 1.317412e-11 	 1.343302e-10
3 	 96 	 Ex 	 2 	 4.564053e-11 	 9.807474e-11
3 	 97 	 Ex 	 2 	 8.951825e-12 	 1.507045e-11
3 	 98 	 Ex 	 2 	 9.258383e-12 	 2.280664e-11
3 	 99 	 Ex 	 2 	 8.022869e-12 	 3.333667e-11
3 	 100 	 Ex 	 2 	 2.627223e-12 	 4.732393e-11
3 	 101 	 Ex 	 2 	 -1.236358e-11 	 6.538012e-11
3 	 102 	 Ex 	 2 	 -4.706242e-11 	 8.775547e-11
3 	 103 	 Ex 	 2 	 -1.169107e-10 	 1.139700e-10
3 	 104 	 Ex 	 2 	 -2.361180e-10 	 1.418766e-10
3 	 105 	 Ex 	 2 	 -3.954343e-10 	 1.673356e-10
3 	 106 	 Ex 	 2 	 -5.348619e-10 	 1.843548e-10
3 	 107 	 Ex 	 2 	 -5.552229e-10 	 1.876514e-10
3 	 108 	 Ex 	 2 	 -4.652733e-10 	 1.762477e-10
3 	 109 	 Ex 	 2 	 -3.043217e-10 	 1.537088e-10
3 	 110 	 Ex 	 2 	 -1.635887e-10 	 1.262053e-10
3 	 111 	 Ex 	 2 	 -7.295815e-11 	 9.879341e-11
3 	 112 	 Ex 	 2 	 -2.484149e-11 	 7.450991e-11
3 	 113 	 Ex 	 2 	 -1.064259e-12 	 1.177400e-11
3 	 114 	 Ex 	 2 	 -4.825525e-12 	 1.775247e-11
3 	 115 	 Ex 	 2 	 -1.150501e-11 	 2.570477e-11
3 	 116 	 Ex 	 2 	 -2.347686e-11 	 3.594667e-11
3 	 117 	 Ex 	 2 	 -4.447146e-11 	 4.868444e-11
3 	 118 	 Ex 	 2 	 -7.975618e-11 	 6.379517e-11
3 	 119 	 Ex 	 2 	 -1.346519e-10 	 8.059381e-11
3 	 120 	 Ex 	 2 	 -2.097795e-10 	 9.752370e-11
3 	 121 	 Ex 	 2 	 -2.931645e-10 	 1.120975e-10
3 	 122 	 Ex 	 2 	 -3.570529e-10 	 1.214385e-10
3 	 123 	 Ex 	 2 	 -3.626264e-10 	 1.231804e-10
3 	 124 	 Ex 	 2 	 -3.259892e-10 	 1.170280e-10
3 	 125 	 Ex 	 2 	 -2.472479e-10 	 1.043827e-10
3 	 126 	 Ex 	 2 	 -1.659989e-10 	 8.810984e-11
3 	 127 	 Ex 	 2 	 -1.016817e-10 	 7.096119e-11
3 	 128 	 Ex 	 2 	 -5.826972e-11 	 5.490914e-11
3 	 129 	 Ex 	 2 	 -8.432297e-12 	 8.788547e-12
3 	 130 	 Ex 	 2 	 -1.434346e-11 	 1.327961e-11
3 	 131 	 Ex 	 2 	 -2.341169e-11 	 1.910590e-11
3 	 132 	 Ex 	 2 	 -3.722811e-11 	 2.641101e-11
3 	 133 	 Ex 	 2 	 -5.788748e-11 	 3.522042e-11
3 	 134 	 Ex 	 2 	 -8.752797e-11 	 4.530215e-11
3 	 135 	 Ex 	 2 	 -1.271577e-10 	 5.607534e-11
3 	 136 	 Ex 	 2 	 -1.742891e-10 	 6.648615e-11
3 	 137 	 Ex 	 2 	 -2.207146e-10 	 7.511902e-11
3 	 138 	 Ex 	 2 	 -2.534312e-10 	 8.048880e-11
3 	 139 	 Ex 	 2 	 -2.540984e-10 	 8.147109e-11
3 	 140 	 Ex 	 2 	 -2.377719e-10 	 7.795809e-11
3 	 141 	 Ex 	 2 	 -1.957848e-10 	 7.057647e-11
3 	 142 	 Ex 	 2 	 -1.476112e-10 	 6.074002e-11
3 	 143 	 Ex 	 2 	 -1.040785e-10 	 4.995116e-11
3 	 144 	 Ex 	 2 	 -7.000384e-11 	 3.942300e-11
3 	 145 	 Ex 	 2 	 -1.330183e-11 	 6.238193e-12
3 	 146 	 Ex 	 2 	 -2.004408e-11 	 9.501582e-12
3 	 147 	 Ex 	 2 	 -2.955312e-11 	 1.365816e-11
3 	 148 	 Ex 	 2 	 -4.275643e-11 	 1.876775e-11
3 	 149 	 Ex 	 2 	 -6.061845e-11 	 2.477344e-11
3 	 150 	 Ex 	 2 	 -8.375871e-11 	 3.144354e-11
3 	 151 	 Ex 	 2 	 -1.116730e-10 	 3.834419e-11
3 	 152 	 Ex 	 2 	 -1.418347e-10 	 4.481483e-11
3 	 153 	 Ex 	 2 	 -1.692275e-10 	 5.004061e-11
3 	 154 	 Ex 	 2 	 -1.874993e-10 	 5.322597e-11
3 	 155 	 Ex 	 2 	 -1.864325e-10 	 5.379787e-11
3 	 156 	 Ex 	 2 	 -1.788349e-10 	 5.172921e-11
3 	 157 	 Ex 	 2 	 -1.547621e-10 	 4.730502e-11
3 	 158 	 Ex 	 2 	 -1.250942e-10 	 4.126705e-11
3 	 159 	 Ex 	 2 	 -9.573640e-11 	 3.444912e-11
3 	 160 	 Ex 	 2 	 -7.032566e-11 	 2.759567e-11
3 	 161 	 Ex 	 2 	 -1.612989e-11 	 4.149766e-12
3 	 162 	 Ex 	 2 	 -2.285786e-11 	 6.443519e-12
3 	 163 	 Ex 	 2 	 -3.175573e-11 	 9.346639e-12
3 	 164 	 Ex 	 2 	 -4.329873e-11 	 1.285760e-11
3 	 165 	 Ex 	 2 	 -5.786180e-11 	 1.689168e-11
3 	 166 	 Ex 	 2 	 -7.538550e-11 	 2.126403e-11
3 	 167 	 Ex 	 2 	 -9.501754e-11 	 2.567963e-11
3 	 168 	 Ex 	 2 	 -1.148284e-10 	 2.972436e-11
3 	 169 	 Ex 	 2 	 -1.318285e-10 	 3.293102e-11
3 	 170 	 Ex 	 2 	 -1.427585e-10 	 3.486048e-11
3 	 171 	 Ex 	 2 	 -1.411090e-10 	 3.519992e-11
3 	 172 	 Ex 	 2 	 -1.375965e-10 	 3.395896e-11
3 	 173 	 Ex 	 2 	 -1.229544e-10 	 3.126686e-11
3 	 174 	 Ex 	 2 	 -1.039812e-10 	 2.753130e-11
3 	 175 	 Ex 	 2 	 -8.395629e-11 	 2.322490e-11
3 	 176 	 Ex 	 2 	 -6.533005e-11 	 1.879308e-11
3 	 177 	 Ex 	 2 	 -1.744508e-11 	 2.496254e-12
3 	 178 	 Ex 	 2 	 -2.365184e-11 	 4.072382e-12
3 	 179 	 Ex 	 2 	 -3.147582e-11 	 6.052821e-12
3 	 180 	 Ex 	 2 	 -4.112882e-11 	 8.413962e-12
3 	 181 	 Ex 	 2 	 -5.266949e-11 	 1.107815e-11
3 	 182 	 Ex 	 2 	 -6.579490e-11 	 1.391285e-11
3 	 183 	 Ex 	 2 	 -7.970515e-11 	 1.672969e-11
3 	 184 	 Ex 	 2 	 -9.305551e-11 	 1.926926e-11
3 	 185 	 Ex 	 2 	 -1.040421e-10 	 2.125777e-11
3 	 186 	 Ex 	 2 	 -1.109328e-10 	 2.244292e-11
3 	 187 	 Ex 	 2 	 -1.091466e-10 	 2.264745e-11
3 	 188 	 Ex 	 2 	 -1.076774e-10 	 2.189750e-11
3 	 189 	 Ex 	 2 	 -9.833873e-11 	 2.024414e-11
3 	 190 	 Ex 	 2 	 -8.579832e-11 	 1.792181e-11
3 	 191 	 Ex 	 2 	 -7.193041e-11 	 1.520451e-11
3 	 192 	 Ex 	 2 	 -5.830503e-11 	 1.237049e-11
3 	 193 	 Ex 	 2 	 -1.769519e-11 	 1.240287e-12
3 	 194 	 Ex 	 2 	 -2.313815e-11 	 2.303377e-12
3 	 195 	 Ex 	 2 	 -2.977978e-11 	 3.616969e-12
3 	 196 	 Ex 	 2 	 -3.768225e-11 	 5.153134e-12
3 	 197 	 Ex 	 2 	 -4.671070e-11 	 6.873012e-12
3 	 198 	 Ex 	 2 	 -5.651193e-11 	 8.695195e-12
3 	 199 	 Ex 	 2 	 -6.646353e-11 	 1.048652e-11
3 	 200 	 Ex 	 2 	 -7.566030e-11 	 1.208318e-11
3 	 201 	 Ex 	 2 	 -8.300718e-11 	 1.332041e-11
3 	 202 	 Ex 	 2 	 -8.753567e-11 	 1.405523e-11
3 	 203 	 Ex 	 2 	 -8.578722e-11 	 1.418029e-11
3 	 204 	 Ex 	 2 	 -8.538429e-11 	 1.372824e-11
3 	 205 	 Ex 	 2 	 -7.919761e-11 	 1.271152e-11
3 	 206 	 Ex 	 2 	 -7.066869e-11 	 1.127125e-11
3 	 207 	 Ex 	 2 	 -6.090845e-11 	 9.565497e-12
3 	 208 	 Ex 	 2 	 -5.091804e-11 	 7.771090e-12
3 	 209 	 Ex 	 2 	 -1.722806e-11 	 3.324477e-13
3 	 210 	 Ex 	 2 	 -2.190283e-11 	 1.010744e-12
3 	 211 	 Ex 	 2 	 -2.743672e-11 	 1.844664e-12
3 	 212 	 Ex 	 2 	 -3.378187e-11 	 2.825818e-12
3 	 213 	 Ex 	 2 	 -4.077297e-11 	 3.923794e-12
3 	 214 	 Ex 	 2 	 -4.811239e-11 	 5.075215e-12
3 	 215 	 Ex 	 2 	 -5.533314e-11 	 6.195169e-12
3 	 216 	 Ex 	 2 	 -6.181726e-11 	 7.186122e-12
3 	 217 	 Ex 	 2 	 -6.687913e-11 	 7.949539e-12
3 	 218 	 Ex 	 2 	 -6.996462e-11 	 8.401564e-12
3 	 219 	 Ex 	 2 	 -6.832199e-11 	 8.479526e-12
3 	 220 	 Ex 	 2 	 -6.848427e-11 	 8.214498e-12
3 	 221 	 Ex 	 2 	 -6.424509e-11 	 7.599288e-12
3 	 222 	 Ex 	 2 	 -5.828657e-11 	 6.721828e-12
3 	 223 	 Ex 	 2 	 -5.128423e-11 	 5.676632e-12
3 	 224 	 Ex 	 2 	 -4.389530e-11 	 4.569297e-12
3 	 225 	 Ex 	 2 	 -1.633344e-11 	 -2.923917e-13
3 	 226 	 Ex 	 2 	 -2.032452e-11 	 9.151442e-14
3 	 227 	 Ex 	 2 	 -2.487386e-11 	 5.943471e-13
3 	 228 	 Ex 	 2 	 -2.989870e-11 	 1.212543e-12
3 	 229 	 Ex 	 2 	 -3.529056e-11 	 1.899574e-12
3 	 230 	 Ex 	 2 	 -4.081891e-11 	 2.608983e-12
3 	 231 	 Ex 	 2 	 -4.613414e-11 	 3.289974e-12
3 	 232 	 Ex 	 2 	 -5.080631e-11 	 3.887951e-12
3 	 233 	 Ex 	 2 	 -5.438784e-11 	 4.347834e-12
3 	 234 	 Ex 	 2 	 -5.655257e-11 	 4.624380e-12
3 	 235 	 Ex 	 2 	 -5.503791e-11 	 4.672534e-12
3 	 236 	 Ex 	 2 	 -5.549838e-11 	 4.524635e-12
3 	 237 	 Ex 	 2 	 -5.250679e-11 	 4.166942e-12
3 	 238 	 Ex 	 2 	 -4.823976e-11 	 3.652585e-12
3 	 239 	 Ex 	 2 	 -4.312018e-11 	 3.040535e-12
3 	 240 	 Ex 	 2 	 -3.759780e-11 	 2.386112e-12
3 	 241 	 Ex 	 2 	 -1.529350e-11 	 -7.338139e-13
3 	 242 	 Ex 	 2 	 -1.859153e-11 	 -5.198231e-13
3 	 243 	 Ex 	 2 	 -2.227156e-11 	 -2.262440e-13
3 	 244 	 Ex 	 2 	 -2.628827e-11 	 1.230034e-13
3 	 245 	 Ex 	 2 	 -3.050410e-11 	 5.137540e-13
3 	 246 	 Ex 	 2 	 -3.470960e-11 	 9.284238e-13
3 	 247 	 Ex 	 2 	 -3.865192e-11 	 1.335280e-12
3 	 248 	 Ex 	 2 	 -4.204657e-11 	 1.697898e-12
3 	 249 	 Ex 	 2 	 -4.460891e-11 	 1.979738e-12
3 	 250 	 Ex 	 2 	 -4.615179e-11 	 2.150745e-12
3 	 251 	 Ex 	 2 	 -4.476250e-11 	 2.183572e-12
3 	 252 	 Ex 	 2 	 -4.538242e-11 	 2.105715e-12
3 	 253 	 Ex 	 2 	 -4.324239e-11 	 1.900446e-12
3 	 254 	 Ex 	 2 	 -4.015259e-11 	 1.604830e-12
3 	 255 	 Ex 	 2 	 -3.638198e-11 	 1.254820e-12
3 	 256 	 Ex 	 2 	 -3.221531e-11 	 8.939644e-13
3 	 1 	 Ey 	 1 	 1.149448e-11 	 -8.752077e-13
3 	 2 	 Ey 	 1 	 1.984055e-11 	 -9.553251e-13
3 	 3 	 Ey 	 1 	 3.481325e-11 	 -8.382723e-13
3 	 4 	 Ey 	 1 	 6.339288e-11 	 -7.203525e-13
3 	 5 	 Ey 	 1 	 1.230796e-10 	 -5.094218e-13
3 	 6 	 Ey 	 1 	 2.639678e-10 	 2.320113e-13
3 	 7 	 Ey 	 1 	 6.590825e-10 	 2.149771e-12
3 	 8 	 Ey 	 1 	 2.086718e-09 	 8.393341e-12
3 	 9 	 Ey 	 1 	 9.635245e-09 	 3.987480e-11
3 	 10 	 Ey 	 1 	 6.594544e-08 	 2.698839e-10
3 	 11 	 Ey 	 1 	 -5.322811e-08 	 -2.191827e-10
3 	 12 	 Ey 	 1 	 -2.230322e-08 	 -9.204545e-11
3 	 13 	 Ey 	 1 	 -3.885294e-09 	 -1.588911e-11
3 	 14 	 Ey 	 1 	 -1.058601e-09 	 -3.893185e-12
3 	 15 	 Ey 	 1 	 -3.860254e-10 	 -7.798597e-13
3 	 16 	 Ey 	 1 	 -1.691939e-10 	 3.226312e-13
3 	 17 	 Ey 	 1 	 -1.507043e-11 	 -8.848787e-13
3 	 18 	 Ey 	 1 	 -1.892794e-11 	 -8.609638e-13
3 	 19 	 Ey 	 1 	 -2.502264e-11 	 -8.674694e-13
3 	 20 	 Ey 	 1 	 -3.545973e-11 	 -9.110374e-13
3 	 21 	 Ey 	 1 	 -5.532125e-11 	 -9.542468e-13
3 	 22 	 Ey 	 1 	 -9.905643e-11 	 -1.084216e-12
3 	 23 	 Ey 	 1 	 -2.167164e-10 	 -1.490131e-12
3 	 24 	 Ey 	 1 	 -6.523285e-10 	 -3.229784e-12
3 	 25 	 Ey 	 1 	 -3.535207e-09 	 -1.502480e-11
3 	 26 	 Ey 	 1 	 -6.913313e-08 	 -2.836102e-10
3 	 27 	 Ey 	 1 	 2.771618e-06 	 1.112730e-08
3 	 28 	 Ey 	 1 	 9.853410e-09 	 4.089561e-11
3 	 29 	 Ey 	 1 	 1.000286e-09 	 4.594113e-12
3 	 30 	 Ey 	 1 	 2.140235e-10 	 1.465944e-12
3 	 31 	 Ey 	 1 	 6.402465e-11 	 9.448724e-13
3 	 32 	 Ey 	 1 	 2.289841e-11 	 8.819369e-13
3 	 33 	 Ey 	 1 	 -2.484953e-11 	 -6.950460e-13
3 	 34 	 Ey 	 1 	 -3.632489e-11 	 -7.638801e-13
3 	 35 	 Ey 	 1 	 -5.643750e-11 	 -9.262564e-13
3 	 36 	 Ey 	 1 	 -9.422668e-11 	 -1.007626e-12
3 	 37 	 Ey 	 1 	 -1.718691e-10 	 -1.115451e-12
3 	 38 	 Ey 	 1 	 -3.507193e-10 	 -1.888008e-12
3 	 39 	 Ey 	 1 	 -8.299028e-10 	 -4.002723e-12
3 	 40 	 Ey 	 1 	 -2.401235e-09 	 -1.061955e-11
3 	 41 	 Ey 	 1 	 -8.901996e-09 	 -3.750164e-11
3 	 42 	 Ey 	 1 	 -2.989398e-08 	 -1.233223e-10
3 	 43 	 Ey 	 1 	 2.151986e-08 	 8.863392e-11
3 	 44 	 Ey 	 1 	 1.666878e-08 	 6.957120e-11
3 	 45 	 Ey 	 1 	 4.170450e-09 	 1.803289e-11
3 	 46 	 Ey 	 1 	 1.293593e-09 	 6.016057e-12
3 	 47 	 Ey 	 1 	 5.040577e-10 	 2.604099e-12
3 	 48 	 Ey 	 1 	 2.328930e-10 	 1.297421e-12
3 	 49 	 Ey 	 1 	 -3.968143e-11 	 -7.396710e-13
3 	 50 	 Ey 	 1 	 -5.808132e-11 	 -8.158902e-13
3 	 51 	 Ey 	 1 	 -8.923205e-11 	 -7.950438e-13
3 	 52 	 Ey 	 1 	 -1.449473e-10 	 -9.846888e-13
3 	 53 	 Ey 	 1 	 -2.508977e-10 	 -1.179142e-12
3 	 54 	 Ey 	 1 	 -4.670939e-10 	 -2.141251e-12
3 	 55 	 Ey 	 1 	 -9.387131e-10 	 -4.378635e-12
3 	 56 	 Ey 	 1 	 -1.994451e-09 	 -8.837160e-12
3 	 57 	 Ey 	 1 	 -3.960985e-09 	 -1.690996e-11
3 	 58 	 Ey 	 1 	 -4.321253e-09 	 -1.819301e-11
3 	 59 	 Ey 	 1 	 2.036467e-09 	 8.749600e-12
3 	 60 	 Ey 	 1 	 4.736823e-09 	 2.029418e-11
3 	 61 	 Ey 	 1 	 2.772032e-09 	 1.232266e-11
3 	 62 	 Ey 	 1 	 1.308320e-09 	 6.023739e-12
3 	 63 	 Ey 	 1 	 6.320207e-10 	 2.985507e-12
3 	 64 	 Ey 	 1 	 3.285664e-10 	 1.519300e-12
3 	 65 	 Ey 	 1 	 -4.968833e-11 	 -3.525178e-13
3 	 66 	 Ey 	 1 	 -7.130992e-11 	 -8.261276e-13
3 	 67 	 Ey 	 1 	 -1.059530e-10 	 -8.304047e-13
3 	 68 	 Ey 	 1 	 -1.636119e-10 	 -1.146843e-12
3 	 69 	 Ey 	 1 	 -2.623274e-10 	 -1.196466e-12
3 	 70 	 Ey 	 1 	 -4.346376e-10 	 -1.719761e-12
3 	 71 	 Ey 	 1 	 -7.292474e-10 	 -3.094509e-12
3 	 72 	 Ey 	 1 	 -1.170068e-09 	 -5.173450e-12
3 	 73 	 Ey 	 1 	 -1.543594e-09 	 -6.754802e-12
3 	 74 	 Ey 	 1 	 -1.088189e-09 	 -4.577782e-12
3 	 75 	 Ey 	 1 	 4.495007e-10 	 1.997575e-12
3 	 76 	 Ey 	 1 	 1.501335e-09 	 6.751445e-12
3 	 77 	 Ey 	 1 	 1.377068e-09 	 6.213350e-12
3 	 78 	 Ey 	 1 	 9.110177e-10 	 4.093656e-12
3 	 79 	 Ey 	 1 	 5.483775e-10 	 2.239532e-12
3 	 80 	 Ey 	 1 	 3.283483e-10 	 1.304365e-12
3 	 81 	 Ey 	 1 	 -5.457425e-11 	 -1.065068e-14
3 	 82 	 Ey 	 1 	 -7.599192e-11 	 -8.011285e-13
3 	 83 	 Ey 	 1 	 -1.081481e-10 	 -7.813410e-13
3 	 84 	 Ey 	 1 	 -1.572993e-10 	 -9.414255e-13
3 	 85 	 Ey 	 1 	 -2.322458e-10 	 -1.217556e-12
3 	 86 	 Ey 	 1 	 -3.429248e-10 	 -1.297524e-12
3 	 87 	 Ey 	 1 	 -4.912273e-10 	 -1.803673e-12
3 	 88 	 Ey 	 1 	 -6.399758e-10 	 -2.535353e-12
3 	 89 	 Ey 	 1 	 -6.633627e-10 	 -2.699620e-12
3 	 90 	 Ey 	 1 	 -3.827577e-10 	 -1.432064e-12
3 	 91 	 Ey 	 1 	 1.487206e-10 	 9.287445e-13
3 	 92 	 Ey 	 1 	 5.839542e-10 	 2.757269e-12
3 	 93 	 Ey 	 1 	 6.781688e-10 	 3.040983e-12
3 	 94 	 Ey 	 1 	 5.632462e-10 	 2.161256e-12
3 	 95 	 Ey 	 1 	 4.061008e-10 	 1.399148e-12
3 	 96 	 Ey 	 1 	 2.778159e-10 	 1.115924e-12
3 	 97 	 Ey 	 1 	 -5.510293e-11 	 1.323879e-13
3 	 98 	 Ey 	 1 	 -7.395928e-11 	 -2.690861e-13
3 	 99 	 Ey 	 1 	 -1.006269e-10 	 -1.014868e-12
3 	 100 	 Ey 	 1 	 -1.376727e-10 	 -8.824069e-13
3 	 101 	 Ey 	 1 	 -1.878545e-10 	 -1.084802e-12
3 	 102 	 Ey 	 1 	 -2.507524e-10 	 -1.139246e-12
3 	 103 	 Ey 	 1 	 -3.167112e-10 	 -1.047693e-12
3 	 104 	 Ey 	 1 	 -3.567105e-10 	 -1.160323e-12
3 	 105 	 Ey 	 1 	 -3.196916e-10 	 -1.134209e-12
3 	 106 	 Ey 	 1 	 -1.659155e-10 	 -6.699175e-13
3 	 107 	 Ey 	 1 	 6.219054e-11 	 2.576189e-13
3 	 108 	 Ey 	 1 	 2.670175e-10 	 1.024108e-12
3 	 109 	 Ey 	 1 	 3.542128e-10 	 1.305476e-12
3 	 110 	 Ey 	 1 	 3.415001e-10 	 1.139256e-12
3 	 111 	 Ey 	 1 	 2.821371e-10 	 1.151232e-12
3 	 112 	 Ey 	 1 	 2.158918e-10 	 1.041298e-12
3 	 113 	 Ey 	 1 	 -5.252107e-11 	 -1.839773e-13
3 	 114 	 Ey 	 1 	 -6.776411e-11 	 3.383264e-13
3 	 115 	 Ey 	 1 	 -8.814496e-11 	 -7.656918e-13
3 	 116 	 Ey 	 1 	 -1.139662e-10 	 -1.069253e-12
3 	 117 	 Ey 	 1 	 -1.449350e-10 	 -8.133367e-13
3 	 118 	 Ey 	 1 	 -1.778852e-10 	 -8.804805e-13
3 	 119 	 Ey 	 1 	 -2.041313e-10 	 -8.772809e-13
3 	 120 	 Ey 	 1 	 -2.077489e-10 	 -7.350125e-13
3 	 121 	 Ey 	 1 	 -1.697781e-10 	 -5.921643e-13
3 	 122 	 Ey 	 1 	 -8.272223e-11 	 -3.655437e-13
3 	 123 	 Ey 	 1 	 3.037298e-11 	 4.449188e-14
3 	 124 	 Ey 	 1 	 1.378107e-10 	 4.535250e-13
3 	 125 	 Ey 	 1 	 1.981230e-10 	 7.728648e-13
3 	 126 	 Ey 	 1 	 2.109613e-10 	 9.371050e-13
3 	 127 	 Ey 	 1 	 1.925560e-10 	 9.663985e-13
3 	 128 	 Ey 	 1 	 1.611989e-10 	 6.968262e-13
3 	 129 	 Ey 	 1 	 -4.801495e-11 	 -3.688333e-13
3 	 130 	 Ey 	 1 	 -5.979530e-11 	 -1.678356e-13
3 	 131 	 Ey 	 1 	 -7.421933e-11 	 2.499352e-13
3 	 132 	 Ey 	 1 	 -9.130870e-11 	 -6.233862e-13
3 	 133 	 Ey 	 1 	 -1.094000e-10 	 -7.398437e-13
3 	 134 	 Ey 	 1 	 -1.254649e-10 	 -5.200421e-13
3 	 135 	 Ey 	 1 	 -1.338907e-10 	 -6.611487e-13
3 	 136 	 Ey 	 1 	 -1.268522e-10 	 -7.935766e-13
3 	 137 	 Ey 	 1 	 -9.751151e-11 	 -7.292911e-13
3 	 138 	 Ey 	 1 	 -4.557847e-11 	 -5.529799e-13
3 	 139 	 Ey 	 1 	 1.659440e-11 	 -2.409160e-13
3 	 140 	 Ey 	 1 	 7.796405e-11 	 1.615359e-13
3 	 141 	 Ey 	 1 	 1.179905e-10 	 4.951761e-13
3 	 142 	 Ey 	 1 	 1.345024e-10 	 8.355934e-13
3 	 143 	 Ey 	 1 	 1.320695e-10 	 8.392094e-13
3 	 144 	 Ey 	 1 	 1.187200e-10 	 9.880685e-13
3 	 145 	 Ey 	 1 	 -4.271097e-11 	 -8.617100e-13
3 	 146 	 Ey 	 1 	 -5.134556e-11 	 -4.036605e-13
3 	 147 	 Ey 	 1 	 -6.119373e-11 	 2.948261e-13
3 	 148 	 Ey 	 1 	 -7.179558e-11 	 6.061928e-13
3 	 149 	 Ey 	 1 	 -8.197363e-11 	 -2.730303e-13
3 	 150 	 Ey 	 1 	 -8.914768e-11 	 -7.348736e-13
3 	 151 	 Ey 	 1 	 -8.996027e-11 	 -6.065720e-13
3 	 152 	 Ey 	 1 	 -8.084846e-11 	 -3.917731e-13
3 	 153 	 Ey 	 1 	 -5.948023e-11 	 -1.893998e-13
3 	 154 	 Ey 	 1 	 -2.691946e-11 	 -1.452431e-14
3 	 155 	 Ey 	 1 	 9.968010e-12 	 9.382356e-14
3 	 156 	 Ey 	 1 	 4.741938e-11 	 2.414652e-13
3 	 157 	 Ey 	 1 	 7.417907e-11 	 2.710008e-13
3 	 158 	 Ey 	 1 	 8.870018e-11 	 4.954874e-13
3 	 159 	 Ey 	 1 	 9.199130e-11 	 7.107564e-13
3 	 160 	 Ey 	 1 	 8.741443e-11 	 8.470605e-13
3 	 161 	 Ey 	 1 	 -3.707671e-11 	 -3.448664e-13
3 	 162 	 Ey 	 1 	 -4.330542e-11 	 -4.014318e-13
3 	 163 	 Ey 	 1 	 -4.989182e-11 	 -1.875521e-13
3 	 164 	 Ey 	 1 	 -5.629574e-11 	 4.725500e-14
3 	 165 	 Ey 	 1 	 -6.144519e-11 	 4.290588e-13
3 	 166 	 Ey 	 1 	 -6.397474e-11 	 1.142793e-13
3 	 167 	 Ey 	 1 	 -6.192320e-11 	 -2.062067e-13
3 	 168 	 Ey 	 1 	 -5.353351e-11 	 -1.395291e-13
3 	 169 	 Ey 	 1 	 -3.812260e-11 	 9.426823e-14
3 	 170 	 Ey 	 1 	 -1.676136e-11 	 3.318688e-13
3 	 171 	 Ey 	 1 	 6.458645e-12 	 4.543797e-13
3 	 172 	 Ey 	 1 	 3.060995e-11 	 4.738942e-13
3 	 173 	 Ey 	 1 	 4.892927e-11 	 4.945497e-13
3 	 174 	 Ey 	 1 	 6.045406e-11 	 2.881831e-13
3 	 175 	 Ey 	 1 	 6.524601e-11 	 -4.516118e-14
3 	 176 	 Ey 	 1 	 6.463621e-11 	 -5.981515e-13
3 	 177 	 Ey 	 1 	 -3.162406e-11 	 9.537817e-13
3 	 178 	 Ey 	 1 	 -3.607836e-11 	 -8.625059e-14
3 	 179 	 Ey 	 1 	 -4.046399e-11 	 -6.817570e-13
3 	 180 	 Ey 	 1 	 -4.413335e-11 	 -3.666461e-13
3 	 181 	 Ey 	 1 	 -4.654770e-11 	 -2.232820e-13
3 	 182 	 Ey 	 1 	 -4.666700e-11 	 2.528923e-13
3 	 183 	 Ey 	 1 	 -4.358281e-11 	 5.144416e-13
3 	 184 	 Ey 	 1 	 -3.656503e-11 	 3.851831e-13
3 	 185 	 Ey 	 1 	 -2.543101e-11 	 1.782364e-13
3 	 186 	 Ey 	 1 	 -1.094708e-11 	 9.416704e-14
3 	 187 	 Ey 	 1 	 4.380937e-12 	 1.007399e-13
3 	 188 	 Ey 	 1 	 2.062265e-11 	 6.180236e-14
3 	 189 	 Ey 	 1 	 3.347269e-11 	 -1.925502e-14
3 	 190 	 Ey 	 1 	 4.239219e-11 	 -3.693805e-13
3 	 191 	 Ey 	 1 	 4.724532e-11 	 -3.986560e-13
3 	 192 	 Ey 	 1 	 4.853385e-11 	 -2.671968e-13
3 	 193 	 Ey 	 1 	 -2.704999e-11 	 -1.159971e-13
3 	 194 	 Ey 	 1 	 -2.984920e-11 	 4.918081e-13
3 	 195 	 Ey 	 1 	 -3.252996e-11 	 2.709702e-13
3 	 196 	 Ey 	 1 	 -3.465718e-11 	 -3.931592e-13
3 	 197 	 Ey 	 1 	 -3.547179e-11 	 -5.032060e-14
3 	 198 	 Ey 	 1 	 -3.459930e-11 	 1.758367e-14
3 	 199 	 Ey 	 1 	 -3.152275e-11 	 -1.833174e-13
3 	 200 	 Ey 	 1 	 -2.584760e-11 	 -2.972481e-13
3 	 201 	 Ey 	 1 	 -1.763014e-11 	 -3.624897e-13
3 	 202 	 Ey 	 1 	 -7.453976e-12 	 -4.588388e-13
3 	 203 	 Ey 	 1 	 3.062751e-12 	 -4.851169e-13
3 	 204 	 Ey 	 1 	 1.443726e-11 	 -3.581790e-13
3 	 205 	 Ey 	 1 	 2.371106e-11 	 -2.094384e-13
3 	 206 	 Ey 	 1 	 3.072484e-11 	 2.592626e-13
3 	 207 	 Ey 	 1 	 3.507662e-11 	 3.516350e-13
3 	 208 	 Ey 	 1 	 3.703773e-11 	 5.185999e-13
3 	 209 	 Ey 	 1 	 -2.302495e-11 	 -9.178187e-13
3 	 210 	 Ey 	 1 	 -2.476089e-11 	 -1.048721e-14
3 	 211 	 Ey 	 1 	 -2.622468e-11 	 6.442954e-13
3 	 212 	 Ey 	 1 	 -2.711715e-11 	 9.756908e-13
3 	 213 	 Ey 	 1 	 -2.728822e-11 	 8.952028e-14
3 	 214 	 Ey 	 1 	 -2.610056e-11 	 -4.428996e-13
3 	 215 	 Ey 	 1 	 -2.321760e-11 	 -2.734980e-13
3 	 216 	 Ey 	 1 	 -1.860355e-11 	 2.964152e-14
3 	 217 	 Ey 	 1 	 -1.241328e-11 	 2.202453e-13
3 	 218 	 Ey 	 1 	 -5.044185e-12 	 3.024893e-13
3 	 219 	 Ey 	 1 	 2.407774e-12 	 2.456019e-13
3 	 220 	 Ey 	 1 	 1.057245e-11 	 1.928090e-13
3 	 221 	 Ey 	 1 	 1.734144e-11 	 2.627040e-14
3 	 222 	 Ey 	 1 	 2.272425e-11 	 1.252975e-13
3 	 223 	 Ey 	 1 	 2.644524e-11 	 2.845010e-13
3 	 224 	 Ey 	 1 	 2.851754e-11 	 3.262609e-13
3 	 225 	 Ey 	 1 	 -1.905195e-11 	 1.244178e-12
3 	 226 	 Ey 	 1 	 -2.051369e-11 	 -2.912059e-13
3 	 227 	 Ey 	 1 	 -2.140021e-11 	 -4.175970e-13
3 	 228 	 Ey 	 1 	 -2.171146e-11 	 -3.378800e-13
3 	 229 	 Ey 	 1 	 -2.118447e-11 	 1.886362e-13
3 	 230 	 Ey 	 1 	 -1.971052e-11 	 7.092407e-13
3 	 231 	 Ey 	 1 	 -1.722231e-11 	 6.578445e-13
3 	 232 	 Ey 	 1 	 -1.362915e-11 	 4.025111e-13
3 	 233 	 Ey 	 1 	 -8.980427e-12 	 2.299811e-13
3 	 234 	 Ey 	 1 	 -3.533370e-12 	 2.307798e-13
3 	 235 	 Ey 	 1 	 1.901115e-12 	 3.097934e-13
3 	 236 	 Ey 	 1 	 7.927009e-12 	 2.387256e-13
3 	 237 	 Ey 	 1 	 1.302638e-11 	 2.523912e-13
3 	 238 	 Ey 	 1 	 1.709333e-11 	 -4.068117e-13
3 	 239 	 Ey 	 1 	 2.010765e-11 	 -8.408275e-13
3 	 240 	 Ey 	 1 	 2.201421e-11 	 -1.275604e-12
3 	 241 	 Ey 	 1 	 -1.619788e-11 	 9.459818e-14
3 	 242 	 Ey 	 1 	 -1.680159e-11 	 6.777796e-13
3 	 243 	 Ey 	 1 	 -1.723645e-11 	 3.974152e-13
3 	 244 	 Ey 	 1 	 -1.726615e-11 	 -5.763336e-16
3 	 245 	 Ey 	 1 	 -1.659272e-11 	 2.701510e-13
3 	 246 	 Ey 	 1 	 -1.526943e-11 	 1.754857e-13
3 	 247 	 Ey 	 1 	 -1.317711e-11 	 -5.566339e-14
3 	 248 	 Ey 	 1 	 -1.028452e-11 	 -1.547300e-13
3 	 249 	 Ey 	 1 	 -6.683682e-12 	 -2.170157e-13
3 	 250 	 Ey 	 1 	 -2.599321e-12 	 -3.411551e-13
3 	 251 	 Ey 	 1 	 1.409344e-12 	 -4.644096e-13
3 	 252 	 Ey 	 1 	 5.963725e-12 	 -4.534095e-13
3 	 253 	 Ey 	 1 	 9.853871e-12 	 -4.596180e-13
3 	 254 	 Ey 	 1 	 1.321534e-11 	 -1.773796e-14
3 	 255 	 Ey 	 1 	 1.579799e-11 	 1.537658e-13
3 	 256 	 Ey 	 1 	 1.762990e-11 	 5.140126e-13
3 	 1 	 Ey 	 2 	 1.288294e-11 	 -1.873790e-12
3 	 2 	 Ey 	 2 	 2.129883e-11 	 -1.906484e-12
3 	 3 	 Ey 	 2 	 3.630432e-11 	 -1.882750e-12
3 	 4 	 Ey 	 2 	 6.493878e-11 	 -1.784882e-12
3 	 5 	 Ey 	 2 	 1.247139e-10 	 -1.565758e-12
3 	 6 	 Ey 	 2 	 2.658437e-10 	 -1.157869e-12
3 	 7 	 Ey 	 2 	 6.618550e-10 	 -3.884799e-13
3 	 8 	 Ey 	 2 	 2.093202e-09 	 1.425271e-12
3 	 9 	 Ey 	 2 	 9.662741e-09 	 7.292524e-12
3 	 10 	 Ey 	 2 	 6.613134e-08 	 3.274051e-11
3 	 11 	 Ey 	 2 	 -5.337817e-08 	 -3.124646e-11
3 	 12 	 Ey 	 2 	 -2.236644e-08 	 -1.446215e-11
3 	 13 	 Ey 	 2 	 -3.896984e-09 	 -2.908095e-12
3 	 14 	 Ey 	 2 	 -1.062615e-09 	 -3.703942e-14
3 	 15 	 Ey 	 2 	 -3.883937e-10 	 1.044812e-12
3 	 16 	 Ey 	 2 	 -1.711285e-10 	 1.567820e-12
3 	 17 	 Ey 	 2 	 -1.402051e-11 	 -1.624689e-12
3 	 18 	 Ey 	 2 	 -1.789924e-11 	 -1.636207e-12
3 	 19 	 Ey 	 2 	 -2.403118e-11 	 -1.620845e-12
3 	 20 	 Ey 	 2 	 -3.453729e-11 	 -1.573770e-12
3 	 21 	 Ey 	 2 	 -5.455459e-11 	 -1.487150e-12
3 	 22 	 Ey 	 2 	 -9.850371e-11 	 -1.398324e-12
3 	 23 	 Ey 	 2 	 -2.166589e-10 	 -1.319116e-12
3 	 24 	 Ey 	 2 	 -6.536708e-10 	 -1.498833e-12
3 	 25 	 Ey 	 2 	 -3.544862e-09 	 -3.311879e-12
3 	 26 	 Ey 	 2 	 -6.932790e-08 	 -3.587842e-11
3 	 27 	 Ey 	 2 	 2.779429e-06 	 5.054716e-10
3 	 28 	 Ey 	 2 	 9.880697e-09 	 6.677814e-12
3 	 29 	 Ey 	 2 	 1.002429e-09 	 1.827318e-12
3 	 30 	 Ey 	 2 	 2.137419e-10 	 1.447884e-12
3 	 31 	 Ey 	 2 	 6.314887e-11 	 1.521859e-12
3 	 32 	 Ey 	 2 	 2.176234e-11 	 1.658240e-12
3 	 33 	 Ey 	 2 	 -2.406200e-11 	 -1.419178e-12
3 	 34 	 Ey 	 2 	 -3.559542e-11 	 -1.416172e-12
3 	 35 	 Ey 	 2 	 -5.579394e-11 	 -1.408058e-12
3 	 36 	 Ey 	 2 	 -9.375443e-11 	 -1.407065e-12
3 	 37 	 Ey 	 2 	 -1.717101e-10 	 -1.439530e-12
3 	 38 	 Ey 	 2 	 -3.511465e-10 	 -1.576328e-12
3 	 39 	 Ey 	 2 	 -8.317687e-10 	 -2.028724e-12
3 	 40 	 Ey 	 2 	 -2.407609e-09 	 -3.472311e-12
3 	 41 	 Ey 	 2 	 -8.926817e-09 	 -8.214026e-12
3 	 42 	 Ey 	 2 	 -2.997817e-08 	 -1.854216e-11
3 	 43 	 Ey 	 2 	 2.158022e-08 	 1.251628e-11
3 	 44 	 Ey 	 2 	 1.671527e-08 	 1.296291e-11
3 	 45 	 Ey 	 2 	 4.181537e-09 	 5.182949e-12
3 	 46 	 Ey 	 2 	 1.296467e-09 	 2.774052e-12
3 	 47 	 Ey 	 2 	 5.046280e-10 	 2.035387e-12
3 	 48 	 Ey 	 2 	 2.326154e-10 	 1.830397e-12
3 	 49 	 Ey 	 2 	 -3.910369e-11 	 -1.264037e-12
3 	 50 	 Ey 	 2 	 -5.761074e-11 	 -1.248534e-12
3 	 51 	 Ey 	 2 	 -8.892437e-11 	 -1.246797e-12
3 	 52 	 Ey 	 2 	 -1.448581e-10 	 -1.274088e-12
3 	 53 	 Ey 	 2 	 -2.512198e-10 	 -1.359877e-12
3 	 54 	 Ey 	 2 	 -4.680756e-10 	 -1.592641e-12
3 	 55 	 Ey 	 2 	 -9.410431e-10 	 -2.117157e-12
3 	 56 	 Ey 	 2 	 -1.999813e-09 	 -3.166882e-12
3 	 57 	 Ey 	 2 	 -3.972045e-09 	 -4.676681e-12
3 	 58 	 Ey 	 2 	 -4.333464e-09 	 -4.176956e-12
3 	 59 	 Ey 	 2 	 2.041940e-09 	 2.169893e-12
3 	 60 	 Ey 	 2 	 4.749725e-09 	 5.386169e-12
3 	 61 	 Ey 	 2 	 2.779173e-09 	 4.248666e-12
3 	 62 	 Ey 	 2 	 1.311347e-09 	 2.872950e-12
3 	 63 	 Ey 	 2 	 6.330540e-10 	 2.203993e-12
3 	 64 	 Ey 	 2 	 3.287111e-10 	 1.900342e-12
3 	 65 	 Ey 	 2 	 -4.934289e-11 	 -1.132929e-12
3 	 66 	 Ey 	 2 	 -7.103027e-11 	 -1.106515e-12
3 	 67 	 Ey 	 2 	 -1.058591e-10 	 -1.100326e-12
3 	 68 	 Ey 	 2 	 -1.637197e-10 	 -1.132282e-12
3 	 69 	 Ey 	 2 	 -2.628391e-10 	 -1.214449e-12
3 	 70 	 Ey 	 2 	 -4.357196e-10 	 -1.404500e-12
3 	 71 	 Ey 	 2 	 -7.312172e-10 	 -1.706542e-12
3 	 72 	 Ey 	 2 	 -1.173258e-09 	 -2.163595e-12
3 	 73 	 Ey 	 2 	 -1.547917e-09 	 -2.320398e-12
3 	 74 	 Ey 	 2 	 -1.091392e-09 	 -1.343134e-12
3 	 75 	 Ey 	 2 	 4.505785e-10 	 7.766382e-13
3 	 76 	 Ey 	 2 	 1.505129e-09 	 2.497134e-12
3 	 77 	 Ey 	 2 	 1.380492e-09 	 2.655038e-12
3 	 78 	 Ey 	 2 	 9.130123e-10 	 2.380874e-12
3 	 79 	 Ey 	 2 	 5.493643e-10 	 2.011245e-12
3 	 80 	 Ey 	 2 	 3.286344e-10 	 1.829476e-12
3 	 81 	 Ey 	 2 	 -5.441611e-11 	 -1.018207e-12
3 	 82 	 Ey 	 2 	 -7.585986e-11 	 -9.784584e-13
3 	 83 	 Ey 	 2 	 -1.082014e-10 	 -9.562660e-13
3 	 84 	 Ey 	 2 	 -1.575597e-10 	 -9.654605e-13
3 	 85 	 Ey 	 2 	 -2.327725e-10 	 -1.023629e-12
3 	 86 	 Ey 	 2 	 -3.439089e-10 	 -1.104808e-12
3 	 87 	 Ey 	 2 	 -4.926573e-10 	 -1.253165e-12
3 	 88 	 Ey 	 2 	 -6.418624e-10 	 -1.334341e-12
3 	 89 	 Ey 	 2 	 -6.653655e-10 	 -1.154020e-12
3 	 90 	 Ey 	 2 	 -3.840360e-10 	 -5.143335e-13
3 	 91 	 Ey 	 2 	 1.488338e-10 	 5.286255e-13
3 	 92 	 Ey 	 2 	 5.852372e-10 	 1.378933e-12
3 	 93 	 Ey 	 2 	 6.796888e-10 	 1.760934e-12
3 	 94 	 Ey 	 2 	 5.644425e-10 	 1.797552e-12
3 	 95 	 Ey 	 2 	 4.068206e-10 	 1.713785e-12
3 	 96 	 Ey 	 2 	 2.780294e-10 	 1.678222e-12
3 	 97 	 Ey 	 2 	 -5.504538e-11 	 -9.186752e-13
3 	 98 	 Ey 	 2 	 -7.400189e-11 	 -8.598672e-13
3 	 99 	 Ey 	 2 	 -1.007132e-10 	 -8.242445e-13
3 	 100 	 Ey 	 2 	 -1.379729e-10 	 -8.096899e-13
3 	 101 	 Ey 	 2 	 -1.883572e-10 	 -8.146295e-13
3 	 102 	 Ey 	 2 	 -2.515017e-10 	 -8.478052e-13
3 	 103 	 Ey 	 2 	 -3.177400e-10 	 -8.584552e-13
3 	 104 	 Ey 	 2 	 -3.579123e-10 	 -7.962736e-13
3 	 105 	 Ey 	 2 	 -3.208219e-10 	 -5.705232e-13
3 	 106 	 Ey 	 2 	 -1.665946e-10 	 -1.653538e-13
3 	 107 	 Ey 	 2 	 6.210978e-11 	 4.026753e-13
3 	 108 	 Ey 	 2 	 2.674950e-10 	 9.068386e-13
3 	 109 	 Ey 	 2 	 3.549115e-10 	 1.231246e-12
3 	 110 	 Ey 	 2 	 3.421344e-10 	 1.383419e-12
3 	 111 	 Ey 	 2 	 2.824801e-10 	 1.461110e-12
3 	 112 	 Ey 	 2 	 2.160072e-10 	 1.482286e-12
3 	 113 	 Ey 	 2 	 -5.247579e-11 	 -8.299164e-13
3 	 114 	 Ey 	 2 	 -6.795647e-11 	 -7.537410e-13
3 	 115 	 Ey 	 2 	 -8.831257e-11 	 -6.998135e-13
3 	 116 	 Ey 	 2 	 -1.142531e-10 	 -6.571666e-13
3 	 117 	 Ey 	 2 	 -1.453967e-10 	 -6.387384e-13
3 	 118 	 Ey 	 2 	 -1.785155e-10 	 -6.071936e-13
3 	 119 	 Ey 	 2 	 -2.048775e-10 	 -5.653967e-13
3 	 120 	 Ey 	 2 	 -2.085540e-10 	 -4.630195e-13
3 	 121 	 Ey 	 2 	 -1.705126e-10 	 -2.700355e-13
3 	 122 	 Ey 	 2 	 -8.319223e-11 	 5.790943e-15
3 	 123 	 Ey 	 2 	 3.021677e-11 	 3.542918e-13
3 	 124 	 Ey 	 2 	 1.379288e-10 	 6.913115e-13
3 	 125 	 Ey 	 2 	 1.983790e-10 	 9.455323e-13
3 	 126 	 Ey 	 2 	 2.112049e-10 	 1.113220e-12
3 	 127 	 Ey 	 2 	 1.926807e-10 	 1.233615e-12
3 	 128 	 Ey 	 2 	 1.612142e-10 	 1.334164e-12
3 	 129 	 Ey 	 2 	 -4.798167e-11 	 -7.494581e-13
3 	 130 	 Ey 	 2 	 -5.993226e-11 	 -6.634140e-13
3 	 131 	 Ey 	 2 	 -7.456447e-11 	 -5.905432e-13
3 	 132 	 Ey 	 2 	 -9.163961e-11 	 -5.345184e-13
3 	 133 	 Ey 	 2 	 -1.098415e-10 	 -4.775543e-13
3 	 134 	 Ey 	 2 	 -1.260229e-10 	 -4.248326e-13
3 	 135 	 Ey 	 2 	 -1.344844e-10 	 -3.566924e-13
3 	 136 	 Ey 	 2 	 -1.274243e-10 	 -2.507322e-13
3 	 137 	 Ey 	 2 	 -9.799538e-11 	 -9.932922e-14
3 	 138 	 Ey 	 2 	 -4.592083e-11 	 1.023988e-13
3 	 139 	 Ey 	 2 	 1.640405e-11 	 3.404990e-13
3 	 140 	 Ey 	 2 	 7.792070e-11 	 5.705435e-13
3 	 141 	 Ey 	 2 	 1.180162e-10 	 7.760199e-13
3 	 142 	 Ey 	 2 	 1.345034e-10 	 9.405279e-13
3 	 143 	 Ey 	 2 	 1.320325e-10 	 1.078177e-12
3 	 144 	 Ey 	 2 	 1.185830e-10 	 1.204049e-12
3 	 145 	 Ey 	 2 	 -4.261436e-11 	 -6.781238e-13
3 	 146 	 Ey 	 2 	 -5.145654e-11 	 -5.832147e-13
3 	 147 	 Ey 	 2 	 -6.154785e-11 	 -4.973959e-13
3 	 148 	 Ey 	 2 	 -7.230445e-11 	 -4.245371e-13
3 	 149 	 Ey 	 2 	 -8.243081e-11 	 -3.601037e-13
3 	 150 	 Ey 	 2 	 -8.958886e-11 	 -2.945073e-13
3 	 151 	 Ey 	 2 	 -9.045139e-11 	 -2.149175e-13
3 	 152 	 Ey 	 2 	 -8.135548e-11 	 -1.167051e-13
3 	 153 	 Ey 	 2 	 -5.995287e-11 	 1.061321e-14
3 	 154 	 Ey 	 2 	 -2.730203e-11 	 1.621097e-13
3 	 155 	 Ey 	 2 	 9.692884e-12 	 3.325936e-13
3 	 156 	 Ey 	 2 	 4.726551e-11 	 5.027756e-13
3 	 157 	 Ey 	 2 	 7.410355e-11 	 6.655644e-13
3 	 158 	 Ey 	 2 	 8.861132e-11 	 8.172106e-13
3 	 159 	 Ey 	 2 	 9.186351e-11 	 9.560520e-13
3 	 160 	 Ey 	 2 	 8.719717e-11 	 1.099398e-12
3 	 161 	 Ey 	 2 	 -3.709051e-11 	 -6.078961e-13
3 	 162 	 Ey 	 2 	 -4.342043e-11 	 -5.109348e-13
3 	 163 	 Ey 	 2 	 -5.015543e-11 	 -4.222813e-13
3 	 164 	 Ey 	 2 	 -5.668819e-11 	 -3.432655e-13
3 	 165 	 Ey 	 2 	 -6.197493e-11 	 -2.682899e-13
3 	 166 	 Ey 	 2 	 -6.450145e-11 	 -1.957448e-13
3 	 167 	 Ey 	 2 	 -6.240903e-11 	 -1.189441e-13
3 	 168 	 Ey 	 2 	 -5.400479e-11 	 -2.923660e-14
3 	 169 	 Ey 	 2 	 -3.857461e-11 	 7.590970e-14
3 	 170 	 Ey 	 2 	 -1.717828e-11 	 1.969911e-13
3 	 171 	 Ey 	 2 	 6.114148e-12 	 3.272941e-13
3 	 172 	 Ey 	 2 	 3.034470e-11 	 4.627228e-13
3 	 173 	 Ey 	 2 	 4.871976e-11 	 5.983800e-13
3 	 174 	 Ey 	 2 	 6.031584e-11 	 7.303919e-13
3 	 175 	 Ey 	 2 	 6.515060e-11 	 8.645057e-13
3 	 176 	 Ey 	 2 	 6.459079e-11 	 1.004279e-12
3 	 177 	 Ey 	 2 	 -3.183995e-11 	 -5.382639e-13
3 	 178 	 Ey 	 2 	 -3.625891e-11 	 -4.434316e-13
3 	 179 	 Ey 	 2 	 -4.063247e-11 	 -3.590209e-13
3 	 180 	 Ey 	 2 	 -4.443287e-11 	 -2.777045e-13
3 	 181 	 Ey 	 2 	 -4.692668e-11 	 -2.023445e-13
3 	 182 	 Ey 	 2 	 -4.715954e-11 	 -1.273019e-13
3 	 183 	 Ey 	 2 	 -4.412816e-11 	 -5.092364e-14
3 	 184 	 Ey 	 2 	 -3.707526e-11 	 2.930959e-14
3 	 185 	 Ey 	 2 	 -2.586853e-11 	 1.169712e-13
3 	 186 	 Ey 	 2 	 -1.130893e-11 	 2.139427e-13
3 	 187 	 Ey 	 2 	 4.080242e-12 	 3.196394e-13
3 	 188 	 Ey 	 2 	 2.039811e-11 	 4.286819e-13
3 	 189 	 Ey 	 2 	 3.330060e-11 	 5.449945e-13
3 	 190 	 Ey 	 2 	 4.230150e-11 	 6.625143e-13
3 	 191 	 Ey 	 2 	 4.715493e-11 	 7.884686e-13
3 	 192 	 Ey 	 2 	 4.839369e-11 	 9.252907e-13
3 	 193 	 Ey 	 2 	 -2.711606e-11 	 -4.772576e-13
3 	 194 	 Ey 	 2 	 -3.011380e-11 	 -3.816087e-13
3 	 195 	 Ey 	 2 	 -3.285264e-11 	 -2.962157e-13
3 	 196 	 Ey 	 2 	 -3.494175e-11 	 -2.211570e-13
3 	 197 	 Ey 	 2 	 -3.585636e-11 	 -1.463394e-13
3 	 198 	 Ey 	 2 	 -3.503027e-11 	 -7.532466e-14
3 	 199 	 Ey 	 2 	 -3.192761e-11 	 -6.506406e-15
3 	 200 	 Ey 	 2 	 -2.621370e-11 	 6.413689e-14
3 	 201 	 Ey 	 2 	 -1.795304e-11 	 1.394966e-13
3 	 202 	 Ey 	 2 	 -7.719306e-12 	 2.208527e-13
3 	 203 	 Ey 	 2 	 2.851082e-12 	 3.088302e-13
3 	 204 	 Ey 	 2 	 1.425440e-11 	 4.023290e-13
3 	 205 	 Ey 	 2 	 2.353523e-11 	 5.027720e-13
3 	 206 	 Ey 	 2 	 3.048857e-11 	 6.119064e-13
3 	 207 	 Ey 	 2 	 3.482696e-11 	 7.272091e-13
3 	 208 	 Ey 	 2 	 3.673641e-11 	 8.545364e-13
3 	 209 	 Ey 	 2 	 -2.297694e-11 	 -4.166825e-13
3 	 210 	 Ey 	 2 	 -2.495876e-11 	 -3.226804e-13
3 	 211 	 Ey 	 2 	 -2.660073e-11 	 -2.393754e-13
3 	 212 	 Ey 	 2 	 -2.761638e-11 	 -1.629045e-13
3 	 213 	 Ey 	 2 	 -2.768101e-11 	 -9.941853e-14
3 	 214 	 Ey 	 2 	 -2.643065e-11 	 -3.666603e-14
3 	 215 	 Ey 	 2 	 -2.357877e-11 	 2.726486e-14
3 	 216 	 Ey 	 2 	 -1.900140e-11 	 9.144438e-14
3 	 217 	 Ey 	 2 	 -1.281343e-11 	 1.579683e-13
3 	 218 	 Ey 	 2 	 -5.415014e-12 	 2.262162e-13
3 	 219 	 Ey 	 2 	 2.080314e-12 	 3.001696e-13
3 	 220 	 Ey 	 2 	 1.029348e-11 	 3.787964e-13
3 	 221 	 Ey 	 2 	 1.711904e-11 	 4.647049e-13
3 	 222 	 Ey 	 2 	 2.250067e-11 	 5.591345e-13
3 	 223 	 Ey 	 2 	 2.620176e-11 	 6.634948e-13
3 	 224 	 Ey 	 2 	 2.825297e-11 	 7.780305e-13
3 	 225 	 Ey 	 2 	 -1.939438e-11 	 -3.388646e-13
3 	 226 	 Ey 	 2 	 -2.068711e-11 	 -2.626413e-13
3 	 227 	 Ey 	 2 	 -2.161665e-11 	 -1.883622e-13
3 	 228 	 Ey 	 2 	 -2.199274e-11 	 -1.199695e-13
3 	 229 	 Ey 	 2 	 -2.159415e-11 	 -5.473424e-14
3 	 230 	 Ey 	 2 	 -2.022011e-11 	 4.946833e-15
3 	 231 	 Ey 	 2 	 -1.772730e-11 	 6.051155e-14
3 	 232 	 Ey 	 2 	 -1.407384e-11 	 1.132943e-13
3 	 233 	 Ey 	 2 	 -9.370727e-12 	 1.678484e-13
3 	 234 	 Ey 	 2 	 -3.893764e-12 	 2.254464e-13
3 	 235 	 Ey 	 2 	 1.568127e-12 	 2.870160e-13
3 	 236 	 Ey 	 2 	 7.638933e-12 	 3.533600e-13
3 	 237 	 Ey 	 2 	 1.276297e-11 	 4.271945e-13
3 	 238 	 Ey 	 2 	 1.695676e-11 	 5.055204e-13
3 	 239 	 Ey 	 2 	 2.004247e-11 	 5.943443e-13
3 	 240 	 Ey 	 2 	 2.199784e-11 	 6.942862e-13
3 	 241 	 Ey 	 2 	 -1.637999e-11 	 -2.702204e-13
3 	 242 	 Ey 	 2 	 -1.716059e-11 	 -1.923325e-13
3 	 243 	 Ey 	 2 	 -1.762475e-11 	 -1.252458e-13
3 	 244 	 Ey 	 2 	 -1.762689e-11 	 -6.665979e-14
3 	 245 	 Ey 	 2 	 -1.701802e-11 	 -1.070822e-14
3 	 246 	 Ey 	 2 	 -1.568723e-11 	 3.890108e-14
3 	 247 	 Ey 	 2 	 -1.355741e-11 	 8.474827e-14
3 	 248 	 Ey 	 2 	 -1.062850e-11 	 1.286954e-13
3 	 249 	 Ey 	 2 	 -6.997802e-12 	 1.733183e-13
3 	 250 	 Ey 	 2 	 -2.859716e-12 	 2.186689e-13
3 	 251 	 Ey 	 2 	 1.207572e-12 	 2.674588e-13
3 	 252 	 Ey 	 2 	 5.796253e-12 	 3.214376e-13
3 	 253 	 Ey 	 2 	 9.711147e-12 	 3.819395e-13
3 	 254 	 Ey 	 2 	 1.302228e-11 	 4.519797e-13
3 	 255 	 Ey 	 2 	 1.558285e-11 	 5.295609e-13
3 	 256 	 Ey 	 2 	 1.735790e-11 	 6.168691e-13
