iTx 	 iRx    chrec  ifreq 	 emf_real 	 emf_imag
7 	 1 	 Ex 	 1 	 3.501289e-11 	 2.045534e-11
7 	 2 	 Ex 	 1 	 4.166635e-11 	 2.095951e-11
7 	 3 	 Ex 	 1 	 4.888568e-11 	 2.842528e-11
7 	 4 	 Ex 	 1 	 5.314079e-11 	 3.771968e-11
7 	 5 	 Ex 	 1 	 4.840611e-11 	 4.523455e-11
7 	 6 	 Ex 	 1 	 2.473158e-11 	 5.048312e-11
7 	 7 	 Ex 	 1 	 -3.195296e-11 	 5.630254e-11
7 	 8 	 Ex 	 1 	 -1.340666e-10 	 6.324439e-11
7 	 9 	 Ex 	 1 	 -2.724621e-10 	 6.994806e-11
7 	 10 	 Ex 	 1 	 -3.941395e-10 	 7.438251e-11
7 	 11 	 Ex 	 1 	 -3.935512e-10 	 7.525146e-11
7 	 12 	 Ex 	 1 	 -3.332547e-10 	 7.230549e-11
7 	 13 	 Ex 	 1 	 -1.933853e-10 	 6.640351e-11
7 	 14 	 Ex 	 1 	 -7.181906e-11 	 5.916565e-11
7 	 15 	 Ex 	 1 	 4.034011e-12 	 5.281068e-11
7 	 16 	 Ex 	 1 	 4.033193e-11 	 4.772449e-11
7 	 17 	 Ex 	 1 	 5.091619e-11 	 2.225250e-11
7 	 18 	 Ex 	 1 	 6.523296e-11 	 2.554477e-11
7 	 19 	 Ex 	 1 	 8.275471e-11 	 3.166241e-11
7 	 20 	 Ex 	 1 	 1.021238e-10 	 4.178412e-11
7 	 21 	 Ex 	 1 	 1.171003e-10 	 5.142712e-11
7 	 22 	 Ex 	 1 	 1.132098e-10 	 6.045847e-11
7 	 23 	 Ex 	 1 	 5.963737e-11 	 7.122278e-11
7 	 24 	 Ex 	 1 	 -9.377160e-11 	 8.326085e-11
7 	 25 	 Ex 	 1 	 -3.760215e-10 	 9.427621e-11
7 	 26 	 Ex 	 1 	 -6.823317e-10 	 1.016524e-10
7 	 27 	 Ex 	 1 	 -7.151764e-10 	 1.031445e-10
7 	 28 	 Ex 	 1 	 -5.227010e-10 	 9.819819e-11
7 	 29 	 Ex 	 1 	 -2.052984e-10 	 8.839169e-11
7 	 30 	 Ex 	 1 	 6.507513e-12 	 7.638277e-11
7 	 31 	 Ex 	 1 	 9.760846e-11 	 6.495529e-11
7 	 32 	 Ex 	 1 	 1.182623e-10 	 5.527289e-11
7 	 33 	 Ex 	 1 	 6.799995e-11 	 2.488126e-11
7 	 34 	 Ex 	 1 	 9.185261e-11 	 3.096312e-11
7 	 35 	 Ex 	 1 	 1.238405e-10 	 3.511634e-11
7 	 36 	 Ex 	 1 	 1.673162e-10 	 4.398611e-11
7 	 37 	 Ex 	 1 	 2.220822e-10 	 5.632896e-11
7 	 38 	 Ex 	 1 	 2.779959e-10 	 7.216575e-11
7 	 39 	 Ex 	 1 	 2.911394e-10 	 9.097417e-11
7 	 40 	 Ex 	 1 	 1.313083e-10 	 1.114741e-10
7 	 41 	 Ex 	 1 	 -4.342393e-10 	 1.313323e-10
7 	 42 	 Ex 	 1 	 -1.348193e-09 	 1.449463e-10
7 	 43 	 Ex 	 1 	 -1.546125e-09 	 1.478133e-10
7 	 44 	 Ex 	 1 	 -8.349543e-10 	 1.383666e-10
7 	 45 	 Ex 	 1 	 -5.743895e-11 	 1.205191e-10
7 	 46 	 Ex 	 1 	 2.533762e-10 	 9.980117e-11
7 	 47 	 Ex 	 1 	 2.934403e-10 	 8.018997e-11
7 	 48 	 Ex 	 1 	 2.472785e-10 	 6.278600e-11
7 	 49 	 Ex 	 1 	 8.340362e-11 	 2.388057e-11
7 	 50 	 Ex 	 1 	 1.177265e-10 	 3.449799e-11
7 	 51 	 Ex 	 1 	 1.674610e-10 	 4.138773e-11
7 	 52 	 Ex 	 1 	 2.426572e-10 	 4.807901e-11
7 	 53 	 Ex 	 1 	 3.593434e-10 	 6.026855e-11
7 	 54 	 Ex 	 1 	 5.380109e-10 	 8.129779e-11
7 	 55 	 Ex 	 1 	 7.822229e-10 	 1.098528e-10
7 	 56 	 Ex 	 1 	 9.451877e-10 	 1.459510e-10
7 	 57 	 Ex 	 1 	 1.853176e-10 	 1.874019e-10
7 	 58 	 Ex 	 1 	 -3.104285e-09 	 2.179621e-10
7 	 59 	 Ex 	 1 	 -4.430009e-09 	 2.233955e-10
7 	 60 	 Ex 	 1 	 -9.516901e-10 	 2.039064e-10
7 	 61 	 Ex 	 1 	 8.210808e-10 	 1.639720e-10
7 	 62 	 Ex 	 1 	 8.875801e-10 	 1.248755e-10
7 	 63 	 Ex 	 1 	 6.398110e-10 	 9.278248e-11
7 	 64 	 Ex 	 1 	 4.289412e-10 	 6.838399e-11
7 	 65 	 Ex 	 1 	 9.528353e-11 	 2.375346e-11
7 	 66 	 Ex 	 1 	 1.382454e-10 	 3.723024e-11
7 	 67 	 Ex 	 1 	 2.036464e-10 	 4.521927e-11
7 	 68 	 Ex 	 1 	 3.101819e-10 	 5.053017e-11
7 	 69 	 Ex 	 1 	 4.968768e-10 	 6.393455e-11
7 	 70 	 Ex 	 1 	 8.462657e-10 	 9.016546e-11
7 	 71 	 Ex 	 1 	 1.550188e-09 	 1.292860e-10
7 	 72 	 Ex 	 1 	 3.042552e-09 	 1.887417e-10
7 	 73 	 Ex 	 1 	 5.422061e-09 	 2.863374e-10
7 	 74 	 Ex 	 1 	 -5.222321e-09 	 3.824042e-10
7 	 75 	 Ex 	 1 	 -2.165784e-08 	 3.680012e-10
7 	 76 	 Ex 	 1 	 4.843840e-09 	 3.406970e-10
7 	 77 	 Ex 	 1 	 4.097612e-09 	 2.260431e-10
7 	 78 	 Ex 	 1 	 2.078270e-09 	 1.521376e-10
7 	 79 	 Ex 	 1 	 1.096076e-09 	 1.053096e-10
7 	 80 	 Ex 	 1 	 6.233042e-10 	 7.380652e-11
7 	 81 	 Ex 	 1 	 1.014245e-10 	 2.274688e-11
7 	 82 	 Ex 	 1 	 1.490969e-10 	 3.812842e-11
7 	 83 	 Ex 	 1 	 2.233782e-10 	 4.780744e-11
7 	 84 	 Ex 	 1 	 3.481792e-10 	 5.248938e-11
7 	 85 	 Ex 	 1 	 5.787166e-10 	 6.575460e-11
7 	 86 	 Ex 	 1 	 1.049752e-09 	 9.412334e-11
7 	 87 	 Ex 	 1 	 2.164424e-09 	 1.397880e-10
7 	 88 	 Ex 	 1 	 5.508829e-09 	 2.202525e-10
7 	 89 	 Ex 	 1 	 2.084127e-08 	 4.200821e-10
7 	 90 	 Ex 	 1 	 2.251863e-07 	 1.713328e-09
7 	 91 	 Ex 	 1 	 -8.099239e-08 	 1.346188e-09
7 	 92 	 Ex 	 1 	 4.727491e-08 	 6.526284e-10
7 	 93 	 Ex 	 1 	 9.236956e-09 	 2.818702e-10
7 	 94 	 Ex 	 1 	 3.148225e-09 	 1.688847e-10
7 	 95 	 Ex 	 1 	 1.409421e-09 	 1.112446e-10
7 	 96 	 Ex 	 1 	 7.383062e-10 	 7.616724e-11
7 	 97 	 Ex 	 1 	 9.943132e-11 	 2.332893e-11
7 	 98 	 Ex 	 1 	 1.455088e-10 	 3.768169e-11
7 	 99 	 Ex 	 1 	 2.169090e-10 	 4.672624e-11
7 	 100 	 Ex 	 1 	 3.358539e-10 	 5.186776e-11
7 	 101 	 Ex 	 1 	 5.521981e-10 	 6.548023e-11
7 	 102 	 Ex 	 1 	 9.830053e-10 	 9.320681e-11
7 	 103 	 Ex 	 1 	 1.955779e-09 	 1.366886e-10
7 	 104 	 Ex 	 1 	 4.594588e-09 	 2.096474e-10
7 	 105 	 Ex 	 1 	 1.366371e-08 	 3.656521e-10
7 	 106 	 Ex 	 1 	 2.849931e-08 	 7.151024e-10
7 	 107 	 Ex 	 1 	 -8.226659e-08 	 4.645108e-10
7 	 108 	 Ex 	 1 	 2.338322e-08 	 5.004522e-10
7 	 109 	 Ex 	 1 	 7.222886e-09 	 2.622763e-10
7 	 110 	 Ex 	 1 	 2.787700e-09 	 1.636057e-10
7 	 111 	 Ex 	 1 	 1.311739e-09 	 1.096677e-10
7 	 112 	 Ex 	 1 	 7.043298e-10 	 7.589738e-11
7 	 113 	 Ex 	 1 	 9.096319e-11 	 2.411608e-11
7 	 114 	 Ex 	 1 	 1.304329e-10 	 3.603391e-11
7 	 115 	 Ex 	 1 	 1.894821e-10 	 4.333997e-11
7 	 116 	 Ex 	 1 	 2.830451e-10 	 4.941826e-11
7 	 117 	 Ex 	 1 	 4.396914e-10 	 6.270816e-11
7 	 118 	 Ex 	 1 	 7.117559e-10 	 8.677397e-11
7 	 119 	 Ex 	 1 	 1.189452e-09 	 1.212420e-10
7 	 120 	 Ex 	 1 	 1.926793e-09 	 1.693457e-10
7 	 121 	 Ex 	 1 	 1.951555e-09 	 2.349866e-10
7 	 122 	 Ex 	 1 	 -4.945121e-09 	 2.875162e-10
7 	 123 	 Ex 	 1 	 -9.787274e-09 	 2.914360e-10
7 	 124 	 Ex 	 1 	 3.304957e-10 	 2.642692e-10
7 	 125 	 Ex 	 1 	 2.205299e-09 	 1.963454e-10
7 	 126 	 Ex 	 1 	 1.491990e-09 	 1.404080e-10
7 	 127 	 Ex 	 1 	 8.912617e-10 	 1.004438e-10
7 	 128 	 Ex 	 1 	 5.409235e-10 	 7.192253e-11
7 	 129 	 Ex 	 1 	 7.733795e-11 	 2.467086e-11
7 	 130 	 Ex 	 1 	 1.070395e-10 	 3.261470e-11
7 	 131 	 Ex 	 1 	 1.488768e-10 	 3.822842e-11
7 	 132 	 Ex 	 1 	 2.095565e-10 	 4.637698e-11
7 	 133 	 Ex 	 1 	 2.964556e-10 	 5.895078e-11
7 	 134 	 Ex 	 1 	 4.121647e-10 	 7.755463e-11
7 	 135 	 Ex 	 1 	 5.255356e-10 	 1.012126e-10
7 	 136 	 Ex 	 1 	 4.680042e-10 	 1.293376e-10
7 	 137 	 Ex 	 1 	 -2.824537e-10 	 1.586749e-10
7 	 138 	 Ex 	 1 	 -2.105230e-09 	 1.795154e-10
7 	 139 	 Ex 	 1 	 -2.661657e-09 	 1.836872e-10
7 	 140 	 Ex 	 1 	 -1.007047e-09 	 1.695999e-10
7 	 141 	 Ex 	 1 	 2.656697e-10 	 1.423449e-10
7 	 142 	 Ex 	 1 	 5.408670e-10 	 1.130777e-10
7 	 143 	 Ex 	 1 	 4.669122e-10 	 8.734851e-11
7 	 144 	 Ex 	 1 	 3.438016e-10 	 6.628850e-11
7 	 145 	 Ex 	 1 	 6.101216e-11 	 2.389104e-11
7 	 146 	 Ex 	 1 	 8.043695e-11 	 2.793610e-11
7 	 147 	 Ex 	 1 	 1.056601e-10 	 3.305155e-11
7 	 148 	 Ex 	 1 	 1.375334e-10 	 4.333286e-11
7 	 149 	 Ex 	 1 	 1.718889e-10 	 5.464702e-11
7 	 150 	 Ex 	 1 	 1.946320e-10 	 6.697890e-11
7 	 151 	 Ex 	 1 	 1.650301e-10 	 8.154643e-11
7 	 152 	 Ex 	 1 	 -6.966815e-12 	 9.745585e-11
7 	 153 	 Ex 	 1 	 -4.269908e-10 	 1.124795e-10
7 	 154 	 Ex 	 1 	 -9.762247e-10 	 1.224946e-10
7 	 155 	 Ex 	 1 	 -1.072040e-09 	 1.246429e-10
7 	 156 	 Ex 	 1 	 -6.798567e-10 	 1.176420e-10
7 	 157 	 Ex 	 1 	 -1.607284e-10 	 1.044530e-10
7 	 158 	 Ex 	 1 	 1.130275e-10 	 8.853902e-11
7 	 159 	 Ex 	 1 	 1.913864e-10 	 7.324183e-11
7 	 160 	 Ex 	 1 	 1.841439e-10 	 5.980584e-11
7 	 161 	 Ex 	 1 	 4.432493e-11 	 2.115772e-11
7 	 162 	 Ex 	 1 	 5.508738e-11 	 2.291316e-11
7 	 163 	 Ex 	 1 	 6.768043e-11 	 2.989175e-11
7 	 164 	 Ex 	 1 	 7.952847e-11 	 4.015788e-11
7 	 165 	 Ex 	 1 	 8.390890e-11 	 4.882677e-11
7 	 166 	 Ex 	 1 	 6.798298e-11 	 5.566782e-11
7 	 167 	 Ex 	 1 	 9.289865e-12 	 6.372053e-11
7 	 168 	 Ex 	 1 	 -1.209575e-10 	 7.314946e-11
7 	 169 	 Ex 	 1 	 -3.256840e-10 	 8.190023e-11
7 	 170 	 Ex 	 1 	 -5.249511e-10 	 8.780687e-11
7 	 171 	 Ex 	 1 	 -5.392447e-10 	 8.895182e-11
7 	 172 	 Ex 	 1 	 -4.232894e-10 	 8.505324e-11
7 	 173 	 Ex 	 1 	 -2.053306e-10 	 7.725864e-11
7 	 174 	 Ex 	 1 	 -3.881503e-11 	 6.777968e-11
7 	 175 	 Ex 	 1 	 4.835124e-11 	 5.897203e-11
7 	 176 	 Ex 	 1 	 7.970758e-11 	 5.185467e-11
7 	 177 	 Ex 	 1 	 2.908601e-11 	 1.719060e-11
7 	 178 	 Ex 	 1 	 3.376468e-11 	 1.942217e-11
7 	 179 	 Ex 	 1 	 3.826318e-11 	 2.905107e-11
7 	 180 	 Ex 	 1 	 3.825846e-11 	 3.611592e-11
7 	 181 	 Ex 	 1 	 2.896489e-11 	 4.024053e-11
7 	 182 	 Ex 	 1 	 3.192786e-12 	 4.401704e-11
7 	 183 	 Ex 	 1 	 -4.816623e-11 	 4.923104e-11
7 	 184 	 Ex 	 1 	 -1.305041e-10 	 5.585735e-11
7 	 185 	 Ex 	 1 	 -2.324860e-10 	 6.211014e-11
7 	 186 	 Ex 	 1 	 -3.167604e-10 	 6.625368e-11
7 	 187 	 Ex 	 1 	 -3.127995e-10 	 6.703509e-11
7 	 188 	 Ex 	 1 	 -2.750664e-10 	 6.443904e-11
7 	 189 	 Ex 	 1 	 -1.752700e-10 	 5.879929e-11
7 	 190 	 Ex 	 1 	 -8.136733e-11 	 5.215228e-11
7 	 191 	 Ex 	 1 	 -1.643058e-11 	 4.597780e-11
7 	 192 	 Ex 	 1 	 1.951863e-11 	 4.193783e-11
7 	 193 	 Ex 	 1 	 1.641148e-11 	 1.336852e-11
7 	 194 	 Ex 	 1 	 1.771011e-11 	 1.937746e-11
7 	 195 	 Ex 	 1 	 1.704261e-11 	 2.757918e-11
7 	 196 	 Ex 	 1 	 1.109233e-11 	 3.026755e-11
7 	 197 	 Ex 	 1 	 -2.612077e-12 	 3.050974e-11
7 	 198 	 Ex 	 1 	 -2.673003e-11 	 3.379519e-11
7 	 199 	 Ex 	 1 	 -6.421279e-11 	 3.955861e-11
7 	 200 	 Ex 	 1 	 -1.142864e-10 	 4.562783e-11
7 	 201 	 Ex 	 1 	 -1.678839e-10 	 5.064560e-11
7 	 202 	 Ex 	 1 	 -2.080064e-10 	 5.368953e-11
7 	 203 	 Ex 	 1 	 -2.001511e-10 	 5.423432e-11
7 	 204 	 Ex 	 1 	 -1.884960e-10 	 5.239604e-11
7 	 205 	 Ex 	 1 	 -1.387386e-10 	 4.800791e-11
7 	 206 	 Ex 	 1 	 -8.546365e-11 	 4.239812e-11
7 	 207 	 Ex 	 1 	 -4.201475e-11 	 3.591324e-11
7 	 208 	 Ex 	 1 	 -1.222260e-11 	 3.156099e-11
7 	 209 	 Ex 	 1 	 6.895740e-12 	 1.215678e-11
7 	 210 	 Ex 	 1 	 6.211382e-12 	 2.027472e-11
7 	 211 	 Ex 	 1 	 2.253607e-12 	 2.301290e-11
7 	 212 	 Ex 	 1 	 -5.839695e-12 	 2.295313e-11
7 	 213 	 Ex 	 1 	 -1.894124e-11 	 2.431297e-11
7 	 214 	 Ex 	 1 	 -3.821090e-11 	 2.835921e-11
7 	 215 	 Ex 	 1 	 -6.415755e-11 	 3.396334e-11
7 	 216 	 Ex 	 1 	 -9.488463e-11 	 3.914426e-11
7 	 217 	 Ex 	 1 	 -1.247641e-10 	 4.272706e-11
7 	 218 	 Ex 	 1 	 -1.458397e-10 	 4.459021e-11
7 	 219 	 Ex 	 1 	 -1.377527e-10 	 4.503770e-11
7 	 220 	 Ex 	 1 	 -1.357019e-10 	 4.378073e-11
7 	 221 	 Ex 	 1 	 -1.088724e-10 	 4.085951e-11
7 	 222 	 Ex 	 1 	 -7.763933e-11 	 3.642869e-11
7 	 223 	 Ex 	 1 	 -4.922315e-11 	 3.060908e-11
7 	 224 	 Ex 	 1 	 -2.696104e-11 	 2.573429e-11
7 	 225 	 Ex 	 1 	 5.142060e-13 	 1.462643e-11
7 	 226 	 Ex 	 1 	 -2.456011e-12 	 1.621153e-11
7 	 227 	 Ex 	 1 	 -7.667434e-12 	 1.637855e-11
7 	 228 	 Ex 	 1 	 -1.533369e-11 	 1.833737e-11
7 	 229 	 Ex 	 1 	 -2.596606e-11 	 2.320674e-11
7 	 230 	 Ex 	 1 	 -4.048953e-11 	 2.764750e-11
7 	 231 	 Ex 	 1 	 -5.863469e-11 	 3.025857e-11
7 	 232 	 Ex 	 1 	 -7.841475e-11 	 3.187374e-11
7 	 233 	 Ex 	 1 	 -9.628142e-11 	 3.288006e-11
7 	 234 	 Ex 	 1 	 -1.083214e-10 	 3.347082e-11
7 	 235 	 Ex 	 1 	 -1.009810e-10 	 3.364684e-11
7 	 236 	 Ex 	 1 	 -1.025706e-10 	 3.311442e-11
7 	 237 	 Ex 	 1 	 -8.692384e-11 	 3.233512e-11
7 	 238 	 Ex 	 1 	 -6.752848e-11 	 3.099574e-11
7 	 239 	 Ex 	 1 	 -4.828539e-11 	 2.915933e-11
7 	 240 	 Ex 	 1 	 -3.205201e-11 	 2.542947e-11
7 	 241 	 Ex 	 1 	 -4.405440e-12 	 1.371098e-11
7 	 242 	 Ex 	 1 	 -8.619510e-12 	 1.053826e-11
7 	 243 	 Ex 	 1 	 -1.361157e-11 	 1.198574e-11
7 	 244 	 Ex 	 1 	 -1.966745e-11 	 1.838045e-11
7 	 245 	 Ex 	 1 	 -2.827696e-11 	 2.268470e-11
7 	 246 	 Ex 	 1 	 -3.951309e-11 	 2.402510e-11
7 	 247 	 Ex 	 1 	 -5.247638e-11 	 2.400895e-11
7 	 248 	 Ex 	 1 	 -6.562277e-11 	 2.369432e-11
7 	 249 	 Ex 	 1 	 -7.683625e-11 	 2.361475e-11
7 	 250 	 Ex 	 1 	 -8.415720e-11 	 2.378356e-11
7 	 251 	 Ex 	 1 	 -7.772730e-11 	 2.378744e-11
7 	 252 	 Ex 	 1 	 -8.064606e-11 	 2.365448e-11
7 	 253 	 Ex 	 1 	 -7.100247e-11 	 2.375157e-11
7 	 254 	 Ex 	 1 	 -5.844971e-11 	 2.388217e-11
7 	 255 	 Ex 	 1 	 -4.512491e-11 	 2.439901e-11
7 	 256 	 Ex 	 1 	 -3.296183e-11 	 2.374030e-11
7 	 1 	 Ex 	 2 	 8.526873e-12 	 1.455477e-11
7 	 2 	 Ex 	 2 	 8.236265e-12 	 2.201300e-11
7 	 3 	 Ex 	 2 	 6.186124e-12 	 3.218223e-11
7 	 4 	 Ex 	 2 	 -2.587788e-13 	 4.565755e-11
7 	 5 	 Ex 	 2 	 -1.643015e-11 	 6.298430e-11
7 	 6 	 Ex 	 2 	 -5.184378e-11 	 8.436784e-11
7 	 7 	 Ex 	 2 	 -1.204477e-10 	 1.092520e-10
7 	 8 	 Ex 	 2 	 -2.339380e-10 	 1.356027e-10
7 	 9 	 Ex 	 2 	 -3.817965e-10 	 1.594389e-10
7 	 10 	 Ex 	 2 	 -5.094011e-10 	 1.752832e-10
7 	 11 	 Ex 	 2 	 -5.098627e-10 	 1.782469e-10
7 	 12 	 Ex 	 2 	 -4.456665e-10 	 1.677408e-10
7 	 13 	 Ex 	 2 	 -2.976642e-10 	 1.467066e-10
7 	 14 	 Ex 	 2 	 -1.652817e-10 	 1.207996e-10
7 	 15 	 Ex 	 2 	 -7.755382e-11 	 9.483958e-11
7 	 16 	 Ex 	 2 	 -2.934117e-11 	 7.170352e-11
7 	 17 	 Ex 	 2 	 2.096221e-11 	 1.814415e-11
7 	 18 	 Ex 	 2 	 2.678548e-11 	 2.757343e-11
7 	 19 	 Ex 	 2 	 3.389388e-11 	 4.069458e-11
7 	 20 	 Ex 	 2 	 4.069539e-11 	 5.863931e-11
7 	 21 	 Ex 	 2 	 4.175688e-11 	 8.266676e-11
7 	 22 	 Ex 	 2 	 2.300406e-11 	 1.138707e-10
7 	 23 	 Ex 	 2 	 -4.626740e-11 	 1.525717e-10
7 	 24 	 Ex 	 2 	 -2.151491e-10 	 1.967874e-10
7 	 25 	 Ex 	 2 	 -5.107690e-10 	 2.400687e-10
7 	 26 	 Ex 	 2 	 -8.259550e-10 	 2.708944e-10
7 	 27 	 Ex 	 2 	 -8.604217e-10 	 2.769453e-10
7 	 28 	 Ex 	 2 	 -6.620723e-10 	 2.560761e-10
7 	 29 	 Ex 	 2 	 -3.328125e-10 	 2.165618e-10
7 	 30 	 Ex 	 2 	 -1.061174e-10 	 1.715688e-10
7 	 31 	 Ex 	 2 	 7.896868e-13 	 1.299117e-10
7 	 32 	 Ex 	 2 	 3.684588e-11 	 9.523848e-11
7 	 33 	 Ex 	 2 	 3.475426e-11 	 2.160676e-11
7 	 34 	 Ex 	 2 	 4.865424e-11 	 3.303908e-11
7 	 35 	 Ex 	 2 	 6.923444e-11 	 4.928429e-11
7 	 36 	 Ex 	 2 	 9.867345e-11 	 7.220912e-11
7 	 37 	 Ex 	 2 	 1.370007e-10 	 1.042243e-10
7 	 38 	 Ex 	 2 	 1.743132e-10 	 1.483052e-10
7 	 39 	 Ex 	 2 	 1.673121e-10 	 2.074482e-10
7 	 40 	 Ex 	 2 	 -1.303050e-11 	 2.822756e-10
7 	 41 	 Ex 	 2 	 -5.978863e-10 	 3.653362e-10
7 	 42 	 Ex 	 2 	 -1.526174e-09 	 4.319078e-10
7 	 43 	 Ex 	 2 	 -1.726960e-09 	 4.459693e-10
7 	 44 	 Ex 	 2 	 -1.005776e-09 	 3.990050e-10
7 	 45 	 Ex 	 2 	 -2.104633e-10 	 3.190103e-10
7 	 46 	 Ex 	 2 	 1.207030e-10 	 2.386769e-10
7 	 47 	 Ex 	 2 	 1.812680e-10 	 1.722989e-10
7 	 48 	 Ex 	 2 	 1.546430e-10 	 1.217183e-10
7 	 49 	 Ex 	 2 	 4.799065e-11 	 2.457761e-11
7 	 50 	 Ex 	 2 	 7.077498e-11 	 3.782989e-11
7 	 51 	 Ex 	 2 	 1.075393e-10 	 5.702138e-11
7 	 52 	 Ex 	 2 	 1.676126e-10 	 8.482904e-11
7 	 53 	 Ex 	 2 	 2.660352e-10 	 1.252531e-10
7 	 54 	 Ex 	 2 	 4.230213e-10 	 1.842796e-10
7 	 55 	 Ex 	 2 	 6.429647e-10 	 2.706772e-10
7 	 56 	 Ex 	 2 	 7.800204e-10 	 3.956863e-10
7 	 57 	 Ex 	 2 	 -7.071567e-12 	 5.637957e-10
7 	 58 	 Ex 	 2 	 -3.324317e-09 	 7.330602e-10
7 	 59 	 Ex 	 2 	 -4.657684e-09 	 7.748608e-10
7 	 60 	 Ex 	 2 	 -1.156703e-09 	 6.448297e-10
7 	 61 	 Ex 	 2 	 6.442635e-10 	 4.655454e-10
7 	 62 	 Ex 	 2 	 7.371979e-10 	 3.206010e-10
7 	 63 	 Ex 	 2 	 5.147133e-10 	 2.183114e-10
7 	 64 	 Ex 	 2 	 3.269034e-10 	 1.482749e-10
7 	 65 	 Ex 	 2 	 5.827946e-11 	 2.672170e-11
7 	 66 	 Ex 	 2 	 8.863111e-11 	 4.132765e-11
7 	 67 	 Ex 	 2 	 1.401017e-10 	 6.276837e-11
7 	 68 	 Ex 	 2 	 2.306929e-10 	 9.447975e-11
7 	 69 	 Ex 	 2 	 3.976299e-10 	 1.420267e-10
7 	 70 	 Ex 	 2 	 7.229869e-10 	 2.148772e-10
7 	 71 	 Ex 	 2 	 1.399688e-09 	 3.304550e-10
7 	 72 	 Ex 	 2 	 2.863676e-09 	 5.233671e-10
7 	 73 	 Ex 	 2 	 5.215499e-09 	 8.633019e-10
7 	 74 	 Ex 	 2 	 -5.489028e-09 	 1.409728e-09
7 	 75 	 Ex 	 2 	 -2.197835e-08 	 1.612020e-09
7 	 76 	 Ex 	 2 	 4.621018e-09 	 1.086021e-09
7 	 77 	 Ex 	 2 	 3.906707e-09 	 6.502868e-10
7 	 78 	 Ex 	 2 	 1.915490e-09 	 4.032669e-10
7 	 79 	 Ex 	 2 	 9.614467e-10 	 2.591053e-10
7 	 80 	 Ex 	 2 	 5.144206e-10 	 1.699860e-10
7 	 81 	 Ex 	 2 	 6.383380e-11 	 2.774608e-11
7 	 82 	 Ex 	 2 	 9.830738e-11 	 4.300535e-11
7 	 83 	 Ex 	 2 	 1.580058e-10 	 6.555342e-11
7 	 84 	 Ex 	 2 	 2.664836e-10 	 9.921027e-11
7 	 85 	 Ex 	 2 	 4.766929e-10 	 1.504458e-10
7 	 86 	 Ex 	 2 	 9.227222e-10 	 2.309226e-10
7 	 87 	 Ex 	 2 	 2.009172e-09 	 3.643483e-10
7 	 88 	 Ex 	 2 	 5.326545e-09 	 6.083378e-10
7 	 89 	 Ex 	 2 	 2.066053e-08 	 1.148610e-09
7 	 90 	 Ex 	 2 	 2.255349e-07 	 3.067756e-09
7 	 91 	 Ex 	 2 	 -8.152664e-08 	 6.459504e-09
7 	 92 	 Ex 	 2 	 4.714854e-08 	 1.654917e-09
7 	 93 	 Ex 	 2 	 9.047641e-09 	 7.891168e-10
7 	 94 	 Ex 	 2 	 2.980478e-09 	 4.529713e-10
7 	 95 	 Ex 	 2 	 1.270557e-09 	 2.811159e-10
7 	 96 	 Ex 	 2 	 6.262531e-10 	 1.810781e-10
7 	 97 	 Ex 	 2 	 6.192989e-11 	 2.751712e-11
7 	 98 	 Ex 	 2 	 9.505218e-11 	 4.259525e-11
7 	 99 	 Ex 	 2 	 1.520686e-10 	 6.483220e-11
7 	 100 	 Ex 	 2 	 2.547546e-10 	 9.792690e-11
7 	 101 	 Ex 	 2 	 4.508720e-10 	 1.480839e-10
7 	 102 	 Ex 	 2 	 8.569206e-10 	 2.262784e-10
7 	 103 	 Ex 	 2 	 1.801737e-09 	 3.542011e-10
7 	 104 	 Ex 	 2 	 4.412779e-09 	 5.815012e-10
7 	 105 	 Ex 	 2 	 1.346817e-08 	 1.047025e-09
7 	 106 	 Ex 	 2 	 2.830599e-08 	 2.202014e-09
7 	 107 	 Ex 	 2 	 -8.278434e-08 	 2.956986e-09
7 	 108 	 Ex 	 2 	 2.319700e-08 	 1.427846e-09
7 	 109 	 Ex 	 2 	 7.031637e-09 	 7.436278e-10
7 	 110 	 Ex 	 2 	 2.621249e-09 	 4.377597e-10
7 	 111 	 Ex 	 2 	 1.174012e-09 	 2.746344e-10
7 	 112 	 Ex 	 2 	 5.930477e-10 	 1.779379e-10
7 	 113 	 Ex 	 2 	 5.441939e-11 	 2.607288e-11
7 	 114 	 Ex 	 2 	 8.176185e-11 	 4.018131e-11
7 	 115 	 Ex 	 2 	 1.272584e-10 	 6.077437e-11
7 	 116 	 Ex 	 2 	 2.051480e-10 	 9.097049e-11
7 	 117 	 Ex 	 2 	 3.425410e-10 	 1.356925e-10
7 	 118 	 Ex 	 2 	 5.914955e-10 	 2.028372e-10
7 	 119 	 Ex 	 2 	 1.043022e-09 	 3.059525e-10
7 	 120 	 Ex 	 2 	 1.752521e-09 	 4.676650e-10
7 	 121 	 Ex 	 2 	 1.747168e-09 	 7.186163e-10
7 	 122 	 Ex 	 2 	 -5.192944e-09 	 1.032428e-09
7 	 123 	 Ex 	 2 	 -1.005406e-08 	 1.124352e-09
7 	 124 	 Ex 	 2 	 1.096991e-10 	 8.589667e-10
7 	 125 	 Ex 	 2 	 2.018463e-09 	 5.664630e-10
7 	 126 	 Ex 	 2 	 1.333676e-09 	 3.685176e-10
7 	 127 	 Ex 	 2 	 7.600661e-10 	 2.427986e-10
7 	 128 	 Ex 	 2 	 4.344682e-10 	 1.616403e-10
7 	 129 	 Ex 	 2 	 4.262077e-11 	 2.362225e-11
7 	 130 	 Ex 	 2 	 6.153229e-11 	 3.615806e-11
7 	 131 	 Ex 	 2 	 9.104285e-11 	 5.415007e-11
7 	 132 	 Ex 	 2 	 1.369384e-10 	 7.990492e-11
7 	 133 	 Ex 	 2 	 2.062759e-10 	 1.166831e-10
7 	 134 	 Ex 	 2 	 3.015847e-10 	 1.690044e-10
7 	 135 	 Ex 	 2 	 3.924960e-10 	 2.425850e-10
7 	 136 	 Ex 	 2 	 3.112787e-10 	 3.426620e-10
7 	 137 	 Ex 	 2 	 -4.627977e-10 	 4.648962e-10
7 	 138 	 Ex 	 2 	 -2.305644e-09 	 5.739379e-10
7 	 139 	 Ex 	 2 	 -2.866668e-09 	 5.987524e-10
7 	 140 	 Ex 	 2 	 -1.197055e-09 	 5.187015e-10
7 	 141 	 Ex 	 2 	 9.863010e-11 	 3.950793e-10
7 	 142 	 Ex 	 2 	 3.976955e-10 	 2.833811e-10
7 	 143 	 Ex 	 2 	 3.469243e-10 	 1.983770e-10
7 	 144 	 Ex 	 2 	 2.453904e-10 	 1.372347e-10
7 	 145 	 Ex 	 2 	 2.897614e-11 	 2.048821e-11
7 	 146 	 Ex 	 2 	 3.917949e-11 	 3.111051e-11
7 	 147 	 Ex 	 2 	 5.338481e-11 	 4.604033e-11
7 	 148 	 Ex 	 2 	 7.166524e-11 	 6.680038e-11
7 	 149 	 Ex 	 2 	 9.062987e-11 	 9.521208e-11
7 	 150 	 Ex 	 2 	 9.646228e-11 	 1.332759e-10
7 	 151 	 Ex 	 2 	 4.877574e-11 	 1.824794e-10
7 	 152 	 Ex 	 2 	 -1.413503e-10 	 2.417282e-10
7 	 153 	 Ex 	 2 	 -5.778414e-10 	 3.035617e-10
7 	 154 	 Ex 	 2 	 -1.138368e-09 	 3.500157e-10
7 	 155 	 Ex 	 2 	 -1.236431e-09 	 3.595725e-10
7 	 156 	 Ex 	 2 	 -8.364360e-10 	 3.273503e-10
7 	 157 	 Ex 	 2 	 -3.026715e-10 	 2.695917e-10
7 	 158 	 Ex 	 2 	 -1.117171e-11 	 2.076466e-10
7 	 159 	 Ex 	 2 	 8.554898e-11 	 1.534764e-10
7 	 160 	 Ex 	 2 	 9.594839e-11 	 1.104380e-10
7 	 161 	 Ex 	 2 	 1.573333e-11 	 1.702619e-11
7 	 162 	 Ex 	 2 	 1.869238e-11 	 2.566146e-11
7 	 163 	 Ex 	 2 	 2.131957e-11 	 3.752884e-11
7 	 164 	 Ex 	 2 	 2.129038e-11 	 5.351278e-11
7 	 165 	 Ex 	 2 	 1.282985e-11 	 7.446890e-11
7 	 166 	 Ex 	 2 	 -1.649605e-11 	 1.010182e-10
7 	 167 	 Ex 	 2 	 -8.913173e-11 	 1.329587e-10
7 	 168 	 Ex 	 2 	 -2.329172e-10 	 1.681025e-10
7 	 169 	 Ex 	 2 	 -4.491103e-10 	 2.011457e-10
7 	 170 	 Ex 	 2 	 -6.557885e-10 	 2.238972e-10
7 	 171 	 Ex 	 2 	 -6.713704e-10 	 2.282378e-10
7 	 172 	 Ex 	 2 	 -5.505882e-10 	 2.130169e-10
7 	 173 	 Ex 	 2 	 -3.226104e-10 	 1.833529e-10
7 	 174 	 Ex 	 2 	 -1.431328e-10 	 1.482096e-10
7 	 175 	 Ex 	 2 	 -4.199253e-11 	 1.143539e-10
7 	 176 	 Ex 	 2 	 3.104976e-12 	 8.522882e-11
7 	 177 	 Ex 	 2 	 4.394933e-12 	 1.355599e-11
7 	 178 	 Ex 	 2 	 2.290553e-12 	 2.032741e-11
7 	 179 	 Ex 	 2 	 -2.271999e-12 	 2.943080e-11
7 	 180 	 Ex 	 2 	 -1.193296e-11 	 4.129393e-11
7 	 181 	 Ex 	 2 	 -3.125442e-11 	 5.624481e-11
7 	 182 	 Ex 	 2 	 -6.749740e-11 	 7.430665e-11
7 	 183 	 Ex 	 2 	 -1.295368e-10 	 9.480834e-11
7 	 184 	 Ex 	 2 	 -2.219965e-10 	 1.159396e-10
7 	 185 	 Ex 	 2 	 -3.322905e-10 	 1.345491e-10
7 	 186 	 Ex 	 2 	 -4.216794e-10 	 1.466542e-10
7 	 187 	 Ex 	 2 	 -4.186414e-10 	 1.488948e-10
7 	 188 	 Ex 	 2 	 -3.775709e-10 	 1.409168e-10
7 	 189 	 Ex 	 2 	 -2.706453e-10 	 1.246471e-10
7 	 190 	 Ex 	 2 	 -1.672060e-10 	 1.041351e-10
7 	 191 	 Ex 	 2 	 -9.161642e-11 	 8.299784e-11
7 	 192 	 Ex 	 2 	 -4.504161e-11 	 6.366070e-11
7 	 193 	 Ex 	 2 	 -4.350739e-12 	 1.032537e-11
7 	 194 	 Ex 	 2 	 -9.410378e-12 	 1.547902e-11
7 	 195 	 Ex 	 2 	 -1.759591e-11 	 2.223234e-11
7 	 196 	 Ex 	 2 	 -3.092540e-11 	 3.077557e-11
7 	 197 	 Ex 	 2 	 -5.214499e-11 	 4.119419e-11
7 	 198 	 Ex 	 2 	 -8.453785e-11 	 5.330821e-11
7 	 199 	 Ex 	 2 	 -1.305214e-10 	 6.645561e-11
7 	 200 	 Ex 	 2 	 -1.883511e-10 	 7.936739e-11
7 	 201 	 Ex 	 2 	 -2.480814e-10 	 9.024881e-11
7 	 202 	 Ex 	 2 	 -2.918894e-10 	 9.709335e-11
7 	 203 	 Ex 	 2 	 -2.846456e-10 	 9.829733e-11
7 	 204 	 Ex 	 2 	 -2.706362e-10 	 9.385644e-11
7 	 205 	 Ex 	 2 	 -2.156875e-10 	 8.450533e-11
7 	 206 	 Ex 	 2 	 -1.552410e-10 	 7.221432e-11
7 	 207 	 Ex 	 2 	 -1.034159e-10 	 5.894048e-11
7 	 208 	 Ex 	 2 	 -6.517406e-11 	 4.621885e-11
7 	 209 	 Ex 	 2 	 -1.046371e-11 	 7.491615e-12
7 	 210 	 Ex 	 2 	 -1.688111e-11 	 1.129683e-11
7 	 211 	 Ex 	 2 	 -2.630540e-11 	 1.615826e-11
7 	 212 	 Ex 	 2 	 -3.993054e-11 	 2.216900e-11
7 	 213 	 Ex 	 2 	 -5.913457e-11 	 2.930892e-11
7 	 214 	 Ex 	 2 	 -8.506169e-11 	 3.735276e-11
7 	 215 	 Ex 	 2 	 -1.176514e-10 	 4.577743e-11
7 	 216 	 Ex 	 2 	 -1.542756e-10 	 5.377737e-11
7 	 217 	 Ex 	 2 	 -1.886454e-10 	 6.030874e-11
7 	 218 	 Ex 	 2 	 -2.123050e-10 	 6.431542e-11
7 	 219 	 Ex 	 2 	 -2.046637e-10 	 6.500028e-11
7 	 220 	 Ex 	 2 	 -2.009281e-10 	 6.242655e-11
7 	 221 	 Ex 	 2 	 -1.703814e-10 	 5.687983e-11
7 	 222 	 Ex 	 2 	 -1.337983e-10 	 4.937633e-11
7 	 223 	 Ex 	 2 	 -9.890398e-11 	 4.099607e-11
7 	 224 	 Ex 	 2 	 -6.990305e-11 	 3.267947e-11
7 	 225 	 Ex 	 2 	 -1.428804e-11 	 5.128212e-12
7 	 226 	 Ex 	 2 	 -2.106172e-11 	 7.825853e-12
7 	 227 	 Ex 	 2 	 -3.029545e-11 	 1.123752e-11
7 	 228 	 Ex 	 2 	 -4.261902e-11 	 1.538806e-11
7 	 229 	 Ex 	 2 	 -5.860808e-11 	 2.021728e-11
7 	 230 	 Ex 	 2 	 -7.843753e-11 	 2.550657e-11
7 	 231 	 Ex 	 2 	 -1.013480e-10 	 3.089741e-11
7 	 232 	 Ex 	 2 	 -1.251368e-10 	 3.588051e-11
7 	 233 	 Ex 	 2 	 -1.460188e-10 	 3.985939e-11
7 	 234 	 Ex 	 2 	 -1.598218e-10 	 4.226658e-11
7 	 235 	 Ex 	 2 	 -1.527755e-10 	 4.265896e-11
7 	 236 	 Ex 	 2 	 -1.532067e-10 	 4.113650e-11
7 	 237 	 Ex 	 2 	 -1.350646e-10 	 3.778216e-11
7 	 238 	 Ex 	 2 	 -1.120419e-10 	 3.316072e-11
7 	 239 	 Ex 	 2 	 -8.837503e-11 	 2.787555e-11
7 	 240 	 Ex 	 2 	 -6.701000e-11 	 2.248129e-11
7 	 241 	 Ex 	 2 	 -1.638784e-11 	 3.209577e-12
7 	 242 	 Ex 	 2 	 -2.287880e-11 	 5.055809e-12
7 	 243 	 Ex 	 2 	 -3.120495e-11 	 7.394239e-12
7 	 244 	 Ex 	 2 	 -4.167709e-11 	 1.021612e-11
7 	 245 	 Ex 	 2 	 -5.448453e-11 	 1.342013e-11
7 	 246 	 Ex 	 2 	 -6.941327e-11 	 1.685267e-11
7 	 247 	 Ex 	 2 	 -8.561488e-11 	 2.027901e-11
7 	 248 	 Ex 	 2 	 -1.014811e-10 	 2.339067e-11
7 	 249 	 Ex 	 2 	 -1.147651e-10 	 2.583924e-11
7 	 250 	 Ex 	 2 	 -1.233208e-10 	 2.730555e-11
7 	 251 	 Ex 	 2 	 -1.170851e-10 	 2.753447e-11
7 	 252 	 Ex 	 2 	 -1.192089e-10 	 2.662441e-11
7 	 253 	 Ex 	 2 	 -1.078544e-10 	 2.457872e-11
7 	 254 	 Ex 	 2 	 -9.283072e-11 	 2.172076e-11
7 	 255 	 Ex 	 2 	 -7.652680e-11 	 1.839792e-11
7 	 256 	 Ex 	 2 	 -6.087499e-11 	 1.494620e-11
7 	 1 	 Ey 	 1 	 5.145990e-11 	 -1.036472e-12
7 	 2 	 Ey 	 1 	 7.002100e-11 	 -7.498445e-13
7 	 3 	 Ey 	 1 	 9.609941e-11 	 -5.967886e-14
7 	 4 	 Ey 	 1 	 1.320167e-10 	 -1.942859e-13
7 	 5 	 Ey 	 1 	 1.800620e-10 	 1.621172e-13
7 	 6 	 Ey 	 1 	 2.391589e-10 	 3.792548e-13
7 	 7 	 Ey 	 1 	 2.995790e-10 	 5.121857e-13
7 	 8 	 Ey 	 1 	 3.337258e-10 	 6.780624e-13
7 	 9 	 Ey 	 1 	 2.958801e-10 	 7.682840e-13
7 	 10 	 Ey 	 1 	 1.523918e-10 	 4.228062e-13
7 	 11 	 Ey 	 1 	 -4.700563e-11 	 -1.345034e-13
7 	 12 	 Ey 	 1 	 -2.457051e-10 	 -6.571529e-13
7 	 13 	 Ey 	 1 	 -3.293015e-10 	 -7.437714e-13
7 	 14 	 Ey 	 1 	 -3.210479e-10 	 -5.002123e-13
7 	 15 	 Ey 	 1 	 -2.677584e-10 	 -4.084537e-13
7 	 16 	 Ey 	 1 	 -2.061543e-10 	 -2.818100e-13
7 	 17 	 Ey 	 1 	 5.137209e-11 	 -1.176291e-12
7 	 18 	 Ey 	 1 	 7.268808e-11 	 -2.928809e-13
7 	 19 	 Ey 	 1 	 1.045246e-10 	 2.686938e-14
7 	 20 	 Ey 	 1 	 1.526198e-10 	 2.486179e-13
7 	 21 	 Ey 	 1 	 2.249505e-10 	 4.782838e-13
7 	 22 	 Ey 	 1 	 3.297788e-10 	 4.572960e-13
7 	 23 	 Ey 	 1 	 4.664256e-10 	 1.021694e-12
7 	 24 	 Ey 	 1 	 5.973362e-10 	 1.824922e-12
7 	 25 	 Ey 	 1 	 6.076275e-10 	 2.169038e-12
7 	 26 	 Ey 	 1 	 3.455295e-10 	 1.162750e-12
7 	 27 	 Ey 	 1 	 -1.141233e-10 	 -6.788638e-13
7 	 28 	 Ey 	 1 	 -5.305305e-10 	 -2.268572e-12
7 	 29 	 Ey 	 1 	 -6.272623e-10 	 -2.401326e-12
7 	 30 	 Ey 	 1 	 -5.305835e-10 	 -1.381181e-12
7 	 31 	 Ey 	 1 	 -3.881308e-10 	 -5.764702e-13
7 	 32 	 Ey 	 1 	 -2.678564e-10 	 -9.942095e-14
7 	 33 	 Ey 	 1 	 4.701198e-11 	 -5.791076e-13
7 	 34 	 Ey 	 1 	 6.883301e-11 	 -9.902823e-14
7 	 35 	 Ey 	 1 	 1.035813e-10 	 -1.398165e-13
7 	 36 	 Ey 	 1 	 1.608906e-10 	 2.208847e-13
7 	 37 	 Ey 	 1 	 2.577373e-10 	 4.607697e-13
7 	 38 	 Ey 	 1 	 4.234978e-10 	 9.834852e-13
7 	 39 	 Ey 	 1 	 6.991699e-10 	 2.389679e-12
7 	 40 	 Ey 	 1 	 1.093726e-09 	 4.438685e-12
7 	 41 	 Ey 	 1 	 1.396455e-09 	 5.800015e-12
7 	 42 	 Ey 	 1 	 9.558390e-10 	 3.891428e-12
7 	 43 	 Ey 	 1 	 -3.446166e-10 	 -1.644965e-12
7 	 44 	 Ey 	 1 	 -1.338143e-09 	 -5.840481e-12
7 	 45 	 Ey 	 1 	 -1.269050e-09 	 -5.365105e-12
7 	 46 	 Ey 	 1 	 -8.640920e-10 	 -3.154240e-12
7 	 47 	 Ey 	 1 	 -5.306007e-10 	 -1.471064e-12
7 	 48 	 Ey 	 1 	 -3.211673e-10 	 -4.439123e-13
7 	 49 	 Ey 	 1 	 3.737744e-11 	 -4.048864e-13
7 	 50 	 Ey 	 1 	 5.641436e-11 	 -2.297767e-13
7 	 51 	 Ey 	 1 	 8.848961e-11 	 4.304179e-14
7 	 52 	 Ey 	 1 	 1.453756e-10 	 3.651094e-13
7 	 53 	 Ey 	 1 	 2.522802e-10 	 5.013710e-13
7 	 54 	 Ey 	 1 	 4.667039e-10 	 1.432032e-12
7 	 55 	 Ey 	 1 	 9.220426e-10 	 3.606453e-12
7 	 56 	 Ey 	 1 	 1.895579e-09 	 7.916136e-12
7 	 57 	 Ey 	 1 	 3.560059e-09 	 1.487442e-11
7 	 58 	 Ey 	 1 	 3.627883e-09 	 1.518480e-11
7 	 59 	 Ey 	 1 	 -1.511532e-09 	 -6.606151e-12
7 	 60 	 Ey 	 1 	 -4.125493e-09 	 -1.752401e-11
7 	 61 	 Ey 	 1 	 -2.577659e-09 	 -1.117550e-11
7 	 62 	 Ey 	 1 	 -1.269034e-09 	 -5.317441e-12
7 	 63 	 Ey 	 1 	 -6.270885e-10 	 -2.104182e-12
7 	 64 	 Ey 	 1 	 -3.292171e-10 	 -5.539329e-13
7 	 65 	 Ey 	 1 	 2.278642e-11 	 -1.742853e-13
7 	 66 	 Ey 	 1 	 3.521327e-11 	 -1.691027e-13
7 	 67 	 Ey 	 1 	 5.700238e-11 	 -1.438371e-13
7 	 68 	 Ey 	 1 	 9.780771e-11 	 4.862406e-14
7 	 69 	 Ey 	 1 	 1.809358e-10 	 2.829857e-13
7 	 70 	 Ey 	 1 	 3.701985e-10 	 1.323079e-12
7 	 71 	 Ey 	 1 	 8.670606e-10 	 3.586039e-12
7 	 72 	 Ey 	 1 	 2.435343e-09 	 1.029393e-11
7 	 73 	 Ey 	 1 	 8.371744e-09 	 3.504615e-11
7 	 74 	 Ey 	 1 	 2.330287e-08 	 9.621273e-11
7 	 75 	 Ey 	 1 	 -1.411789e-08 	 -5.853217e-11
7 	 76 	 Ey 	 1 	 -1.466161e-08 	 -6.101040e-11
7 	 77 	 Ey 	 1 	 -4.126048e-09 	 -1.741195e-11
7 	 78 	 Ey 	 1 	 -1.337933e-09 	 -5.726899e-12
7 	 79 	 Ey 	 1 	 -5.301715e-10 	 -2.008549e-12
7 	 80 	 Ey 	 1 	 -2.454115e-10 	 -6.953475e-13
7 	 81 	 Ey 	 1 	 1.340025e-11 	 -2.120307e-13
7 	 82 	 Ey 	 1 	 1.856760e-11 	 -2.029626e-13
7 	 83 	 Ey 	 1 	 2.700565e-11 	 -1.009974e-13
7 	 84 	 Ey 	 1 	 4.188894e-11 	 -8.067750e-15
7 	 85 	 Ey 	 1 	 7.095260e-11 	 6.857934e-14
7 	 86 	 Ey 	 1 	 1.362012e-10 	 3.571337e-13
7 	 87 	 Ey 	 1 	 3.155491e-10 	 1.185302e-12
7 	 88 	 Ey 	 1 	 9.903782e-10 	 4.120278e-12
7 	 89 	 Ey 	 1 	 5.461007e-09 	 2.278510e-11
7 	 90 	 Ey 	 1 	 1.029438e-07 	 4.214075e-10
7 	 91 	 Ey 	 1 	 -3.328398e-06 	 -1.336683e-08
7 	 92 	 Ey 	 1 	 -1.542659e-08 	 -6.368243e-11
7 	 93 	 Ey 	 1 	 -1.652985e-09 	 -6.882495e-12
7 	 94 	 Ey 	 1 	 -3.682791e-10 	 -1.441565e-12
7 	 95 	 Ey 	 1 	 -1.144782e-10 	 -2.942683e-13
7 	 96 	 Ey 	 1 	 -4.168135e-11 	 8.388373e-14
7 	 97 	 Ey 	 1 	 -1.332933e-11 	 -2.856682e-13
7 	 98 	 Ey 	 1 	 -2.043216e-11 	 -2.529843e-13
7 	 99 	 Ey 	 1 	 -3.313325e-11 	 -3.279507e-13
7 	 100 	 Ey 	 1 	 -5.750658e-11 	 -4.143301e-13
7 	 101 	 Ey 	 1 	 -1.088850e-10 	 -5.261279e-13
7 	 102 	 Ey 	 1 	 -2.318553e-10 	 -1.087447e-12
7 	 103 	 Ey 	 1 	 -5.831896e-10 	 -2.620001e-12
7 	 104 	 Ey 	 1 	 -1.893439e-09 	 -8.143060e-12
7 	 105 	 Ey 	 1 	 -9.357821e-09 	 -3.913983e-11
7 	 106 	 Ey 	 1 	 -8.426563e-08 	 -3.443167e-10
7 	 107 	 Ey 	 1 	 4.306319e-08 	 1.814839e-10
7 	 108 	 Ey 	 1 	 2.331225e-08 	 9.649726e-11
7 	 109 	 Ey 	 1 	 3.635426e-09 	 1.551890e-11
7 	 110 	 Ey 	 1 	 9.610507e-10 	 4.263233e-12
7 	 111 	 Ey 	 1 	 3.494645e-10 	 1.563625e-12
7 	 112 	 Ey 	 1 	 1.556381e-10 	 6.938914e-13
7 	 113 	 Ey 	 1 	 -3.115388e-11 	 -2.603123e-13
7 	 114 	 Ey 	 1 	 -4.692110e-11 	 -3.043771e-13
7 	 115 	 Ey 	 1 	 -7.416371e-11 	 -4.704799e-13
7 	 116 	 Ey 	 1 	 -1.241160e-10 	 -6.890181e-13
7 	 117 	 Ey 	 1 	 -2.228062e-10 	 -8.349772e-13
7 	 118 	 Ey 	 1 	 -4.365492e-10 	 -1.793827e-12
7 	 119 	 Ey 	 1 	 -9.513961e-10 	 -4.158856e-12
7 	 120 	 Ey 	 1 	 -2.328600e-09 	 -9.932883e-12
7 	 121 	 Ey 	 1 	 -5.969660e-09 	 -2.519817e-11
7 	 122 	 Ey 	 1 	 -9.390486e-09 	 -3.909914e-11
7 	 123 	 Ey 	 1 	 4.684156e-09 	 1.964270e-11
7 	 124 	 Ey 	 1 	 8.372109e-09 	 3.526359e-11
7 	 125 	 Ey 	 1 	 3.561264e-09 	 1.532146e-11
7 	 126 	 Ey 	 1 	 1.397429e-09 	 6.118430e-12
7 	 127 	 Ey 	 1 	 6.088990e-10 	 2.602099e-12
7 	 128 	 Ey 	 1 	 2.973942e-10 	 1.077397e-12
7 	 129 	 Ey 	 1 	 -4.375574e-11 	 -1.326309e-13
7 	 130 	 Ey 	 1 	 -6.444082e-11 	 -3.881063e-13
7 	 131 	 Ey 	 1 	 -9.850015e-11 	 -4.630173e-13
7 	 132 	 Ey 	 1 	 -1.571301e-10 	 -7.856383e-13
7 	 133 	 Ey 	 1 	 -2.625162e-10 	 -9.161701e-13
7 	 134 	 Ey 	 1 	 -4.600614e-10 	 -1.684184e-12
7 	 135 	 Ey 	 1 	 -8.367347e-10 	 -3.436534e-12
7 	 136 	 Ey 	 1 	 -1.509550e-09 	 -6.503918e-12
7 	 137 	 Ey 	 1 	 -2.328340e-09 	 -9.842583e-12
7 	 138 	 Ey 	 1 	 -1.907379e-09 	 -7.936098e-12
7 	 139 	 Ey 	 1 	 7.559172e-10 	 3.509530e-12
7 	 140 	 Ey 	 1 	 2.435676e-09 	 1.060711e-11
7 	 141 	 Ey 	 1 	 1.896646e-09 	 8.394265e-12
7 	 142 	 Ey 	 1 	 1.094952e-09 	 4.776427e-12
7 	 143 	 Ey 	 1 	 5.989048e-10 	 2.295432e-12
7 	 144 	 Ey 	 1 	 3.356317e-10 	 9.937150e-13
7 	 145 	 Ey 	 1 	 -5.112282e-11 	 2.126421e-13
7 	 146 	 Ey 	 1 	 -7.302983e-11 	 -4.849013e-13
7 	 147 	 Ey 	 1 	 -1.069400e-10 	 -4.927543e-13
7 	 148 	 Ey 	 1 	 -1.608056e-10 	 -7.711953e-13
7 	 149 	 Ey 	 1 	 -2.472922e-10 	 -9.323108e-13
7 	 150 	 Ey 	 1 	 -3.849231e-10 	 -1.243631e-12
7 	 151 	 Ey 	 1 	 -5.900733e-10 	 -2.044098e-12
7 	 152 	 Ey 	 1 	 -8.366130e-10 	 -3.334395e-12
7 	 153 	 Ey 	 1 	 -9.510106e-10 	 -3.874112e-12
7 	 154 	 Ey 	 1 	 -5.899949e-10 	 -2.314367e-12
7 	 155 	 Ey 	 1 	 2.094023e-10 	 1.188006e-12
7 	 156 	 Ey 	 1 	 8.679225e-10 	 3.944157e-12
7 	 157 	 Ey 	 1 	 9.231337e-10 	 4.055617e-12
7 	 158 	 Ey 	 1 	 7.006297e-10 	 2.629706e-12
7 	 159 	 Ey 	 1 	 4.682519e-10 	 1.450175e-12
7 	 160 	 Ey 	 1 	 3.017565e-10 	 7.585767e-13
7 	 161 	 Ey 	 1 	 -5.363630e-11 	 4.612690e-13
7 	 162 	 Ey 	 1 	 -7.389156e-11 	 -2.672748e-13
7 	 163 	 Ey 	 1 	 -1.032840e-10 	 -6.188000e-13
7 	 164 	 Ey 	 1 	 -1.459134e-10 	 -6.078834e-13
7 	 165 	 Ey 	 1 	 -2.067666e-10 	 -9.096753e-13
7 	 166 	 Ey 	 1 	 -2.887600e-10 	 -9.782753e-13
7 	 167 	 Ey 	 1 	 -3.846916e-10 	 -1.055466e-12
7 	 168 	 Ey 	 1 	 -4.597263e-10 	 -1.398618e-12
7 	 169 	 Ey 	 1 	 -4.360835e-10 	 -1.545885e-12
7 	 170 	 Ey 	 1 	 -2.355568e-10 	 -7.463391e-13
7 	 171 	 Ey 	 1 	 7.758502e-11 	 4.896315e-13
7 	 172 	 Ey 	 1 	 3.711776e-10 	 1.560031e-12
7 	 173 	 Ey 	 1 	 4.680135e-10 	 1.837638e-12
7 	 174 	 Ey 	 1 	 4.251267e-10 	 1.243711e-12
7 	 175 	 Ey 	 1 	 3.317598e-10 	 8.747666e-13
7 	 176 	 Ey 	 1 	 2.417065e-10 	 8.076759e-13
7 	 177 	 Ey 	 1 	 -5.242876e-11 	 1.797434e-13
7 	 178 	 Ey 	 1 	 -6.937519e-11 	 3.680161e-13
7 	 179 	 Ey 	 1 	 -9.263660e-11 	 -6.866870e-13
7 	 180 	 Ey 	 1 	 -1.232782e-10 	 -5.996268e-13
7 	 181 	 Ey 	 1 	 -1.620995e-10 	 -5.952890e-13
7 	 182 	 Ey 	 1 	 -2.066246e-10 	 -8.295834e-13
7 	 183 	 Ey 	 1 	 -2.469908e-10 	 -8.021723e-13
7 	 184 	 Ey 	 1 	 -2.620370e-10 	 -7.370934e-13
7 	 185 	 Ey 	 1 	 -2.222424e-10 	 -7.115735e-13
7 	 186 	 Ey 	 1 	 -1.110285e-10 	 -4.252631e-13
7 	 187 	 Ey 	 1 	 3.444554e-11 	 4.023675e-14
7 	 188 	 Ey 	 1 	 1.820691e-10 	 5.514189e-13
7 	 189 	 Ey 	 1 	 2.536666e-10 	 7.447963e-13
7 	 190 	 Ey 	 1 	 2.594602e-10 	 8.368475e-13
7 	 191 	 Ey 	 1 	 2.270821e-10 	 8.673294e-13
7 	 192 	 Ey 	 1 	 1.827539e-10 	 7.171321e-13
7 	 193 	 Ey 	 1 	 -4.874296e-11 	 -8.239397e-14
7 	 194 	 Ey 	 1 	 -6.207544e-11 	 4.164757e-13
7 	 195 	 Ey 	 1 	 -7.911197e-11 	 9.219528e-14
7 	 196 	 Ey 	 1 	 -9.988712e-11 	 -6.541957e-13
7 	 197 	 Ey 	 1 	 -1.231060e-10 	 -4.669890e-13
7 	 198 	 Ey 	 1 	 -1.455719e-10 	 -3.725926e-13
7 	 199 	 Ey 	 1 	 -1.603620e-10 	 -6.641809e-13
7 	 200 	 Ey 	 1 	 -1.565768e-10 	 -7.378628e-13
7 	 201 	 Ey 	 1 	 -1.234620e-10 	 -7.275146e-13
7 	 202 	 Ey 	 1 	 -5.875028e-11 	 -5.373109e-13
7 	 203 	 Ey 	 1 	 1.731300e-11 	 -2.850910e-13
7 	 204 	 Ey 	 1 	 9.899404e-11 	 1.200572e-13
7 	 205 	 Ey 	 1 	 1.468276e-10 	 4.836974e-13
7 	 206 	 Ey 	 1 	 1.627153e-10 	 8.033787e-13
7 	 207 	 Ey 	 1 	 1.548367e-10 	 7.037078e-13
7 	 208 	 Ey 	 1 	 1.348417e-10 	 6.055663e-13
7 	 209 	 Ey 	 1 	 -4.371778e-11 	 -2.306831e-13
7 	 210 	 Ey 	 1 	 -5.377917e-11 	 -1.514468e-13
7 	 211 	 Ey 	 1 	 -6.555137e-11 	 7.278748e-13
7 	 212 	 Ey 	 1 	 -7.886645e-11 	 3.341974e-13
7 	 213 	 Ey 	 1 	 -9.226045e-11 	 -4.232327e-13
7 	 214 	 Ey 	 1 	 -1.027968e-10 	 -4.503569e-13
7 	 215 	 Ey 	 1 	 -1.063591e-10 	 -4.101748e-13
7 	 216 	 Ey 	 1 	 -9.781977e-11 	 -4.894441e-13
7 	 217 	 Ey 	 1 	 -7.337678e-11 	 -4.661745e-13
7 	 218 	 Ey 	 1 	 -3.374762e-11 	 -3.810916e-13
7 	 219 	 Ey 	 1 	 9.593776e-12 	 -2.105212e-13
7 	 220 	 Ey 	 1 	 5.824798e-11 	 5.199460e-14
7 	 221 	 Ey 	 1 	 8.995403e-11 	 1.541944e-13
7 	 222 	 Ey 	 1 	 1.054259e-10 	 4.479903e-13
7 	 223 	 Ey 	 1 	 1.067312e-10 	 5.223434e-13
7 	 224 	 Ey 	 1 	 9.891338e-11 	 8.782538e-13
7 	 225 	 Ey 	 1 	 -3.822979e-11 	 -5.228653e-13
7 	 226 	 Ey 	 1 	 -4.543640e-11 	 1.283794e-13
7 	 227 	 Ey 	 1 	 -5.348223e-11 	 2.270798e-13
7 	 228 	 Ey 	 1 	 -6.160891e-11 	 7.121091e-13
7 	 229 	 Ey 	 1 	 -6.880546e-11 	 5.305200e-13
7 	 230 	 Ey 	 1 	 -7.322387e-11 	 -1.893586e-13
7 	 231 	 Ey 	 1 	 -7.227075e-11 	 -3.477969e-13
7 	 232 	 Ey 	 1 	 -6.357193e-11 	 -1.193308e-13
7 	 233 	 Ey 	 1 	 -4.594678e-11 	 1.382276e-13
7 	 234 	 Ey 	 1 	 -2.053046e-11 	 2.733929e-13
7 	 235 	 Ey 	 1 	 5.825872e-12 	 3.181485e-13
7 	 236 	 Ey 	 1 	 3.651439e-11 	 3.021440e-13
7 	 237 	 Ey 	 1 	 5.790712e-11 	 2.769050e-13
7 	 238 	 Ey 	 1 	 7.058278e-11 	 2.812931e-13
7 	 239 	 Ey 	 1 	 7.483005e-11 	 1.901313e-13
7 	 240 	 Ey 	 1 	 7.263647e-11 	 -3.082086e-13
7 	 241 	 Ey 	 1 	 -3.250108e-11 	 1.153561e-12
7 	 242 	 Ey 	 1 	 -3.786024e-11 	 -5.794407e-14
7 	 243 	 Ey 	 1 	 -4.316091e-11 	 -6.633758e-14
7 	 244 	 Ey 	 1 	 -4.805059e-11 	 -9.069141e-14
7 	 245 	 Ey 	 1 	 -5.161481e-11 	 2.613198e-13
7 	 246 	 Ey 	 1 	 -5.270619e-11 	 6.834380e-13
7 	 247 	 Ey 	 1 	 -5.010284e-11 	 6.316318e-13
7 	 248 	 Ey 	 1 	 -4.267136e-11 	 4.412552e-13
7 	 249 	 Ey 	 1 	 -3.004159e-11 	 3.545627e-13
7 	 250 	 Ey 	 1 	 -1.310340e-11 	 4.222715e-13
7 	 251 	 Ey 	 1 	 3.760333e-12 	 4.544510e-13
7 	 252 	 Ey 	 1 	 2.405344e-11 	 3.331131e-13
7 	 253 	 Ey 	 1 	 3.882231e-11 	 2.159962e-13
7 	 254 	 Ey 	 1 	 4.857371e-11 	 -5.089713e-13
7 	 255 	 Ey 	 1 	 5.327074e-11 	 -9.036243e-13
7 	 256 	 Ey 	 1 	 5.372922e-11 	 -1.112526e-12
7 	 1 	 Ey 	 2 	 5.288658e-11 	 -7.873395e-13
7 	 2 	 Ey 	 2 	 7.151146e-11 	 -8.066330e-13
7 	 3 	 Ey 	 2 	 9.759235e-11 	 -7.788571e-13
7 	 4 	 Ey 	 2 	 1.336113e-10 	 -6.855500e-13
7 	 5 	 Ey 	 2 	 1.816911e-10 	 -5.340917e-13
7 	 6 	 Ey 	 2 	 2.408919e-10 	 -3.589535e-13
7 	 7 	 Ey 	 2 	 3.013025e-10 	 -9.349653e-14
7 	 8 	 Ey 	 2 	 3.353983e-10 	 7.358324e-14
7 	 9 	 Ey 	 2 	 2.972019e-10 	 1.515426e-13
7 	 10 	 Ey 	 2 	 1.530747e-10 	 3.722147e-14
7 	 11 	 Ey 	 2 	 -4.713032e-11 	 -1.914006e-13
7 	 12 	 Ey 	 2 	 -2.466656e-10 	 -3.537345e-13
7 	 13 	 Ey 	 2 	 -3.307161e-10 	 -3.977539e-13
7 	 14 	 Ey 	 2 	 -3.226594e-10 	 -2.741256e-13
7 	 15 	 Ey 	 2 	 -2.693302e-10 	 -1.083647e-13
7 	 16 	 Ey 	 2 	 -2.076664e-10 	 6.218324e-14
7 	 17 	 Ey 	 2 	 5.263042e-11 	 -6.264480e-13
7 	 18 	 Ey 	 2 	 7.391797e-11 	 -6.245158e-13
7 	 19 	 Ey 	 2 	 1.058111e-10 	 -5.691186e-13
7 	 20 	 Ey 	 2 	 1.540181e-10 	 -4.579551e-13
7 	 21 	 Ey 	 2 	 2.264964e-10 	 -2.698714e-13
7 	 22 	 Ey 	 2 	 3.316102e-10 	 -2.094178e-14
7 	 23 	 Ey 	 2 	 4.685281e-10 	 3.111382e-13
7 	 24 	 Ey 	 2 	 5.996138e-10 	 6.165858e-13
7 	 25 	 Ey 	 2 	 6.097204e-10 	 7.076631e-13
7 	 26 	 Ey 	 2 	 3.467135e-10 	 3.688305e-13
7 	 27 	 Ey 	 2 	 -1.144188e-10 	 -2.885253e-13
7 	 28 	 Ey 	 2 	 -5.321607e-10 	 -8.221076e-13
7 	 29 	 Ey 	 2 	 -6.293734e-10 	 -9.228336e-13
7 	 30 	 Ey 	 2 	 -5.326563e-10 	 -7.242839e-13
7 	 31 	 Ey 	 2 	 -3.899630e-10 	 -4.261695e-13
7 	 32 	 Ey 	 2 	 -2.694583e-10 	 -1.719529e-13
7 	 33 	 Ey 	 2 	 4.799676e-11 	 -5.070419e-13
7 	 34 	 Ey 	 2 	 6.984049e-11 	 -4.906120e-13
7 	 35 	 Ey 	 2 	 1.047153e-10 	 -4.257195e-13
7 	 36 	 Ey 	 2 	 1.621386e-10 	 -2.929939e-13
7 	 37 	 Ey 	 2 	 2.592225e-10 	 -5.873394e-14
7 	 38 	 Ey 	 2 	 4.254389e-10 	 2.670746e-13
7 	 39 	 Ey 	 2 	 7.017232e-10 	 7.740679e-13
7 	 40 	 Ey 	 2 	 1.097189e-09 	 1.411967e-12
7 	 41 	 Ey 	 2 	 1.400614e-09 	 1.792861e-12
7 	 42 	 Ey 	 2 	 9.586327e-10 	 1.158100e-12
7 	 43 	 Ey 	 2 	 -3.455901e-10 	 -5.676674e-13
7 	 44 	 Ey 	 2 	 -1.341984e-09 	 -1.809088e-12
7 	 45 	 Ey 	 2 	 -1.272853e-09 	 -1.801652e-12
7 	 46 	 Ey 	 2 	 -8.669942e-10 	 -1.210984e-12
7 	 47 	 Ey 	 2 	 -5.326745e-10 	 -7.196932e-13
7 	 48 	 Ey 	 2 	 -3.227953e-10 	 -3.194372e-13
7 	 49 	 Ey 	 2 	 3.816461e-11 	 -4.279970e-13
7 	 50 	 Ey 	 2 	 5.724391e-11 	 -4.039100e-13
7 	 51 	 Ey 	 2 	 8.938698e-11 	 -3.344449e-13
7 	 52 	 Ey 	 2 	 1.463898e-10 	 -2.019128e-13
7 	 53 	 Ey 	 2 	 2.535970e-10 	 3.044782e-14
7 	 54 	 Ey 	 2 	 4.685411e-10 	 4.472959e-13
7 	 55 	 Ey 	 2 	 9.250128e-10 	 1.174071e-12
7 	 56 	 Ey 	 2 	 1.901178e-09 	 2.364406e-12
7 	 57 	 Ey 	 2 	 3.570281e-09 	 3.885556e-12
7 	 58 	 Ey 	 2 	 3.638097e-09 	 3.586648e-12
7 	 59 	 Ey 	 2 	 -1.515719e-09 	 -1.801327e-12
7 	 60 	 Ey 	 2 	 -4.137145e-09 	 -4.382567e-12
7 	 61 	 Ey 	 2 	 -2.584975e-09 	 -3.266889e-12
7 	 62 	 Ey 	 2 	 -1.272841e-09 	 -1.801163e-12
7 	 63 	 Ey 	 2 	 -6.293424e-10 	 -8.394220e-13
7 	 64 	 Ey 	 2 	 -3.307414e-10 	 -3.586509e-13
7 	 65 	 Ey 	 2 	 2.334835e-11 	 -3.765443e-13
7 	 66 	 Ey 	 2 	 3.582066e-11 	 -3.544336e-13
7 	 67 	 Ey 	 2 	 5.766458e-11 	 -2.995111e-13
7 	 68 	 Ey 	 2 	 9.854519e-11 	 -1.910827e-13
7 	 69 	 Ey 	 2 	 1.819127e-10 	 -2.269605e-14
7 	 70 	 Ey 	 2 	 3.715730e-10 	 3.553339e-13
7 	 71 	 Ey 	 2 	 8.697636e-10 	 1.051302e-12
7 	 72 	 Ey 	 2 	 2.442369e-09 	 2.747962e-12
7 	 73 	 Ey 	 2 	 8.395371e-09 	 7.444942e-12
7 	 74 	 Ey 	 2 	 2.336844e-08 	 1.533998e-11
7 	 75 	 Ey 	 2 	 -1.415765e-08 	 -9.988967e-12
7 	 76 	 Ey 	 2 	 -1.470295e-08 	 -1.133092e-11
7 	 77 	 Ey 	 2 	 -4.137832e-09 	 -4.281779e-12
7 	 78 	 Ey 	 2 	 -1.341922e-09 	 -1.683900e-12
7 	 79 	 Ey 	 2 	 -5.320281e-10 	 -6.376228e-13
7 	 80 	 Ey 	 2 	 -2.465196e-10 	 -2.008985e-13
7 	 81 	 Ey 	 2 	 1.382547e-11 	 -3.406383e-13
7 	 82 	 Ey 	 2 	 1.898396e-11 	 -3.192619e-13
7 	 83 	 Ey 	 2 	 2.741858e-11 	 -2.853463e-13
7 	 84 	 Ey 	 2 	 4.230412e-11 	 -2.327795e-13
7 	 85 	 Ey 	 2 	 7.142397e-11 	 -1.513246e-13
7 	 86 	 Ey 	 2 	 1.368529e-10 	 -4.025328e-14
7 	 87 	 Ey 	 2 	 3.166332e-10 	 2.499659e-13
7 	 88 	 Ey 	 2 	 9.932809e-10 	 9.978392e-13
7 	 89 	 Ey 	 2 	 5.476331e-09 	 4.427932e-12
7 	 90 	 Ey 	 2 	 1.032339e-07 	 5.136340e-11
7 	 91 	 Ey 	 2 	 -3.337779e-06 	 -6.189717e-10
7 	 92 	 Ey 	 2 	 -1.547009e-08 	 -9.576979e-12
7 	 93 	 Ey 	 2 	 -1.657831e-09 	 -1.414331e-12
7 	 94 	 Ey 	 2 	 -3.695496e-10 	 -2.900009e-13
7 	 95 	 Ey 	 2 	 -1.150855e-10 	 5.145614e-14
7 	 96 	 Ey 	 2 	 -4.215354e-11 	 1.947325e-13
7 	 97 	 Ey 	 2 	 -1.309982e-11 	 -3.367203e-13
7 	 98 	 Ey 	 2 	 -2.025274e-11 	 -3.273812e-13
7 	 99 	 Ey 	 2 	 -3.301329e-11 	 -3.271228e-13
7 	 100 	 Ey 	 2 	 -5.748288e-11 	 -3.474054e-13
7 	 101 	 Ey 	 2 	 -1.090577e-10 	 -4.083456e-13
7 	 102 	 Ey 	 2 	 -2.323754e-10 	 -5.796406e-13
7 	 103 	 Ey 	 2 	 -5.847255e-10 	 -9.921863e-13
7 	 104 	 Ey 	 2 	 -1.898693e-09 	 -2.275455e-12
7 	 105 	 Ey 	 2 	 -9.384082e-09 	 -7.706427e-12
7 	 106 	 Ey 	 2 	 -8.450308e-08 	 -3.958915e-11
7 	 107 	 Ey 	 2 	 4.318444e-08 	 4.162035e-11
7 	 108 	 Ey 	 2 	 2.337767e-08 	 1.550450e-11
7 	 109 	 Ey 	 2 	 3.645409e-09 	 3.835462e-12
7 	 110 	 Ey 	 2 	 9.635100e-10 	 1.505323e-12
7 	 111 	 Ey 	 2 	 3.502158e-10 	 8.216932e-13
7 	 112 	 Ey 	 2 	 1.558017e-10 	 6.047229e-13
7 	 113 	 Ey 	 2 	 -3.108292e-11 	 -3.264812e-13
7 	 114 	 Ey 	 2 	 -4.693270e-11 	 -3.220775e-13
7 	 115 	 Ey 	 2 	 -7.427241e-11 	 -3.457665e-13
7 	 116 	 Ey 	 2 	 -1.243978e-10 	 -4.144388e-13
7 	 117 	 Ey 	 2 	 -2.234446e-10 	 -5.539513e-13
7 	 118 	 Ey 	 2 	 -4.377830e-10 	 -8.749755e-13
7 	 119 	 Ey 	 2 	 -9.540644e-10 	 -1.550570e-12
7 	 120 	 Ey 	 2 	 -2.335184e-09 	 -2.980904e-12
7 	 121 	 Ey 	 2 	 -5.986452e-09 	 -6.025696e-12
7 	 122 	 Ey 	 2 	 -9.416983e-09 	 -7.539480e-12
7 	 123 	 Ey 	 2 	 4.697244e-09 	 4.084405e-12
7 	 124 	 Ey 	 2 	 8.395467e-09 	 7.724180e-12
7 	 125 	 Ey 	 2 	 3.571034e-09 	 4.339787e-12
7 	 126 	 Ey 	 2 	 1.401165e-09 	 2.234706e-12
7 	 127 	 Ey 	 2 	 6.104132e-10 	 1.328634e-12
7 	 128 	 Ey 	 2 	 2.980470e-10 	 9.175988e-13
7 	 129 	 Ey 	 2 	 -4.382935e-11 	 -3.121038e-13
7 	 130 	 Ey 	 2 	 -6.459779e-11 	 -3.071046e-13
7 	 131 	 Ey 	 2 	 -9.880732e-11 	 -3.340269e-13
7 	 132 	 Ey 	 2 	 -1.576151e-10 	 -4.200146e-13
7 	 133 	 Ey 	 2 	 -2.633581e-10 	 -5.909525e-13
7 	 134 	 Ey 	 2 	 -4.614636e-10 	 -9.132009e-13
7 	 135 	 Ey 	 2 	 -8.392159e-10 	 -1.396812e-12
7 	 136 	 Ey 	 2 	 -1.513838e-09 	 -2.235349e-12
7 	 137 	 Ey 	 2 	 -2.334996e-09 	 -2.898830e-12
7 	 138 	 Ey 	 2 	 -1.912876e-09 	 -2.101200e-12
7 	 139 	 Ey 	 2 	 7.578440e-10 	 1.141328e-12
7 	 140 	 Ey 	 2 	 2.442347e-09 	 3.101134e-12
7 	 141 	 Ey 	 2 	 1.901721e-09 	 2.895722e-12
7 	 142 	 Ey 	 2 	 1.097866e-09 	 2.017480e-12
7 	 143 	 Ey 	 2 	 6.004711e-10 	 1.392941e-12
7 	 144 	 Ey 	 2 	 3.364828e-10 	 1.030830e-12
7 	 145 	 Ey 	 2 	 -5.136027e-11 	 -2.887706e-13
7 	 146 	 Ey 	 2 	 -7.329638e-11 	 -2.762844e-13
7 	 147 	 Ey 	 2 	 -1.073601e-10 	 -3.004952e-13
7 	 148 	 Ey 	 2 	 -1.614028e-10 	 -3.691066e-13
7 	 149 	 Ey 	 2 	 -2.481854e-10 	 -5.048547e-13
7 	 150 	 Ey 	 2 	 -3.862140e-10 	 -7.589855e-13
7 	 151 	 Ey 	 2 	 -5.919793e-10 	 -1.023061e-12
7 	 152 	 Ey 	 2 	 -8.391403e-10 	 -1.350344e-12
7 	 153 	 Ey 	 2 	 -9.538715e-10 	 -1.375609e-12
7 	 154 	 Ey 	 2 	 -5.917995e-10 	 -7.575858e-13
7 	 155 	 Ey 	 2 	 2.098197e-10 	 5.128291e-13
7 	 156 	 Ey 	 2 	 8.701732e-10 	 1.504518e-12
7 	 157 	 Ey 	 2 	 9.255932e-10 	 1.719592e-12
7 	 158 	 Ey 	 2 	 7.025198e-10 	 1.514645e-12
7 	 159 	 Ey 	 2 	 4.695347e-10 	 1.228112e-12
7 	 160 	 Ey 	 2 	 3.025920e-10 	 9.957337e-13
7 	 161 	 Ey 	 2 	 -5.399180e-11 	 -2.568736e-13
7 	 162 	 Ey 	 2 	 -7.427669e-11 	 -2.317786e-13
7 	 163 	 Ey 	 2 	 -1.037646e-10 	 -2.378118e-13
7 	 164 	 Ey 	 2 	 -1.465750e-10 	 -2.845016e-13
7 	 165 	 Ey 	 2 	 -2.076138e-10 	 -3.696122e-13
7 	 166 	 Ey 	 2 	 -2.898723e-10 	 -5.130851e-13
7 	 167 	 Ey 	 2 	 -3.861464e-10 	 -6.381216e-13
7 	 168 	 Ey 	 2 	 -4.613249e-10 	 -7.430738e-13
7 	 169 	 Ey 	 2 	 -4.375466e-10 	 -6.610421e-13
7 	 170 	 Ey 	 2 	 -2.364167e-10 	 -2.658796e-13
7 	 171 	 Ey 	 2 	 7.763938e-11 	 3.332510e-13
7 	 172 	 Ey 	 2 	 3.721163e-10 	 8.363389e-13
7 	 173 	 Ey 	 2 	 4.692307e-10 	 1.106258e-12
7 	 174 	 Ey 	 2 	 4.263253e-10 	 1.106323e-12
7 	 175 	 Ey 	 2 	 3.327239e-10 	 9.889610e-13
7 	 176 	 Ey 	 2 	 2.423242e-10 	 9.330741e-13
7 	 177 	 Ey 	 2 	 -5.280641e-11 	 -2.158400e-13
7 	 178 	 Ey 	 2 	 -6.992543e-11 	 -1.751361e-13
7 	 179 	 Ey 	 2 	 -9.314287e-11 	 -1.663264e-13
7 	 180 	 Ey 	 2 	 -1.239411e-10 	 -1.866653e-13
7 	 181 	 Ey 	 2 	 -1.629279e-10 	 -2.243113e-13
7 	 182 	 Ey 	 2 	 -2.075437e-10 	 -3.046786e-13
7 	 183 	 Ey 	 2 	 -2.480433e-10 	 -3.629928e-13
7 	 184 	 Ey 	 2 	 -2.631489e-10 	 -3.551655e-13
7 	 185 	 Ey 	 2 	 -2.231515e-10 	 -2.733662e-13
7 	 186 	 Ey 	 2 	 -1.115492e-10 	 -4.533923e-14
7 	 187 	 Ey 	 2 	 3.440273e-11 	 2.763386e-13
7 	 188 	 Ey 	 2 	 1.825078e-10 	 5.633752e-13
7 	 189 	 Ey 	 2 	 2.543550e-10 	 7.355256e-13
7 	 190 	 Ey 	 2 	 2.601774e-10 	 8.162688e-13
7 	 191 	 Ey 	 2 	 2.277075e-10 	 8.124742e-13
7 	 192 	 Ey 	 2 	 1.832348e-10 	 8.167893e-13
7 	 193 	 Ey 	 2 	 -4.912363e-11 	 -1.687486e-13
7 	 194 	 Ey 	 2 	 -6.265855e-11 	 -1.143503e-13
7 	 195 	 Ey 	 2 	 -7.975940e-11 	 -9.013539e-14
7 	 196 	 Ey 	 2 	 -1.005242e-10 	 -8.723836e-14
7 	 197 	 Ey 	 2 	 -1.238608e-10 	 -1.052172e-13
7 	 198 	 Ey 	 2 	 -1.464421e-10 	 -1.190024e-13
7 	 199 	 Ey 	 2 	 -1.611912e-10 	 -1.521265e-13
7 	 200 	 Ey 	 2 	 -1.573474e-10 	 -1.279265e-13
7 	 201 	 Ey 	 2 	 -1.240553e-10 	 -6.143392e-14
7 	 202 	 Ey 	 2 	 -5.909857e-11 	 7.884152e-14
7 	 203 	 Ey 	 2 	 1.725005e-11 	 2.536431e-13
7 	 204 	 Ey 	 2 	 9.919601e-11 	 4.195087e-13
7 	 205 	 Ey 	 2 	 1.471820e-10 	 5.506532e-13
7 	 206 	 Ey 	 2 	 1.631347e-10 	 6.180942e-13
7 	 207 	 Ey 	 2 	 1.552733e-10 	 6.602421e-13
7 	 208 	 Ey 	 2 	 1.352024e-10 	 7.081714e-13
7 	 209 	 Ey 	 2 	 -4.411716e-11 	 -1.111127e-13
7 	 210 	 Ey 	 2 	 -5.431664e-11 	 -4.850578e-14
7 	 211 	 Ey 	 2 	 -6.631835e-11 	 -9.125112e-15
7 	 212 	 Ey 	 2 	 -7.967054e-11 	 1.278514e-14
7 	 213 	 Ey 	 2 	 -9.298601e-11 	 1.072300e-14
7 	 214 	 Ey 	 2 	 -1.035428e-10 	 7.526599e-15
7 	 215 	 Ey 	 2 	 -1.070849e-10 	 4.725693e-15
7 	 216 	 Ey 	 2 	 -9.846775e-11 	 2.208631e-14
7 	 217 	 Ey 	 2 	 -7.387672e-11 	 6.681415e-14
7 	 218 	 Ey 	 2 	 -3.405984e-11 	 1.461893e-13
7 	 219 	 Ey 	 2 	 9.478049e-12 	 2.424593e-13
7 	 220 	 Ey 	 2 	 5.833179e-11 	 3.392755e-13
7 	 221 	 Ey 	 2 	 9.019761e-11 	 4.224491e-13
7 	 222 	 Ey 	 2 	 1.057157e-10 	 4.923560e-13
7 	 223 	 Ey 	 2 	 1.070596e-10 	 5.456299e-13
7 	 224 	 Ey 	 2 	 9.915865e-11 	 6.122576e-13
7 	 225 	 Ey 	 2 	 -3.865171e-11 	 -4.034941e-14
7 	 226 	 Ey 	 2 	 -4.606286e-11 	 2.886487e-14
7 	 227 	 Ey 	 2 	 -5.421226e-11 	 7.673286e-14
7 	 228 	 Ey 	 2 	 -6.246598e-11 	 1.046230e-13
7 	 229 	 Ey 	 2 	 -6.967497e-11 	 1.175475e-13
7 	 230 	 Ey 	 2 	 -7.396982e-11 	 1.174512e-13
7 	 231 	 Ey 	 2 	 -7.294063e-11 	 1.185628e-13
7 	 232 	 Ey 	 2 	 -6.419414e-11 	 1.288405e-13
7 	 233 	 Ey 	 2 	 -4.648722e-11 	 1.528913e-13
7 	 234 	 Ey 	 2 	 -2.091851e-11 	 1.892765e-13
7 	 235 	 Ey 	 2 	 5.601597e-12 	 2.403330e-13
7 	 236 	 Ey 	 2 	 3.649441e-11 	 2.890430e-13
7 	 237 	 Ey 	 2 	 5.803854e-11 	 3.413958e-13
7 	 238 	 Ey 	 2 	 7.080546e-11 	 3.929362e-13
7 	 239 	 Ey 	 2 	 7.511679e-11 	 4.480298e-13
7 	 240 	 Ey 	 2 	 7.301649e-11 	 5.140543e-13
7 	 241 	 Ey 	 2 	 -3.327033e-11 	 5.501296e-14
7 	 242 	 Ey 	 2 	 -3.852084e-11 	 1.177533e-13
7 	 243 	 Ey 	 2 	 -4.388602e-11 	 1.669457e-13
7 	 244 	 Ey 	 2 	 -4.881601e-11 	 1.972709e-13
7 	 245 	 Ey 	 2 	 -5.243940e-11 	 2.132917e-13
7 	 246 	 Ey 	 2 	 -5.357931e-11 	 2.184407e-13
7 	 247 	 Ey 	 2 	 -5.091319e-11 	 2.151037e-13
7 	 248 	 Ey 	 2 	 -4.335505e-11 	 2.102573e-13
7 	 249 	 Ey 	 2 	 -3.057910e-11 	 2.096667e-13
7 	 250 	 Ey 	 2 	 -1.349907e-11 	 2.168107e-13
7 	 251 	 Ey 	 2 	 3.511223e-12 	 2.317505e-13
7 	 252 	 Ey 	 2 	 2.399603e-11 	 2.494158e-13
7 	 253 	 Ey 	 2 	 3.891749e-11 	 2.743716e-13
7 	 254 	 Ey 	 2 	 4.888577e-11 	 3.048340e-13
7 	 255 	 Ey 	 2 	 5.372477e-11 	 3.467213e-13
7 	 256 	 Ey 	 2 	 5.424830e-11 	 4.077442e-13
