iTx 	 iRx    chrec  ifreq 	 emf_real 	 emf_imag
9 	 1 	 Ex 	 1 	 -8.331762e-11 	 2.294831e-11
9 	 2 	 Ex 	 1 	 -1.059365e-10 	 2.321852e-11
9 	 3 	 Ex 	 1 	 -8.125049e-11 	 2.300256e-11
9 	 4 	 Ex 	 1 	 -7.213805e-11 	 2.308179e-11
9 	 5 	 Ex 	 1 	 -5.981913e-11 	 2.345695e-11
9 	 6 	 Ex 	 1 	 -4.655213e-11 	 2.384232e-11
9 	 7 	 Ex 	 1 	 -3.418309e-11 	 2.371952e-11
9 	 8 	 Ex 	 1 	 -2.408554e-11 	 2.113341e-11
9 	 9 	 Ex 	 1 	 -1.671699e-11 	 1.549222e-11
9 	 10 	 Ex 	 1 	 -1.137138e-11 	 1.010481e-11
9 	 11 	 Ex 	 1 	 -6.584467e-12 	 1.176616e-11
9 	 12 	 Ex 	 1 	 -3.156651e-12 	 1.390276e-11
9 	 13 	 Ex 	 1 	 -2.002366e-12 	 8.491472e-12
9 	 14 	 Ex 	 1 	 -1.256065e-12 	 4.774431e-12
9 	 15 	 Ex 	 1 	 4.218366e-13 	 9.499841e-12
9 	 16 	 Ex 	 1 	 -4.647871e-14 	 3.726016e-12
9 	 17 	 Ex 	 1 	 -1.074923e-10 	 3.292416e-11
9 	 18 	 Ex 	 1 	 -1.362977e-10 	 3.300856e-11
9 	 19 	 Ex 	 1 	 -1.037989e-10 	 3.314898e-11
9 	 20 	 Ex 	 1 	 -8.889768e-11 	 3.214560e-11
9 	 21 	 Ex 	 1 	 -6.966477e-11 	 3.109789e-11
9 	 22 	 Ex 	 1 	 -5.029112e-11 	 2.893758e-11
9 	 23 	 Ex 	 1 	 -3.360534e-11 	 2.563804e-11
9 	 24 	 Ex 	 1 	 -2.091380e-11 	 2.039150e-11
9 	 25 	 Ex 	 1 	 -1.165972e-11 	 1.692005e-11
9 	 26 	 Ex 	 1 	 -5.062965e-12 	 1.634203e-11
9 	 27 	 Ex 	 1 	 -8.143097e-13 	 1.614291e-11
9 	 28 	 Ex 	 1 	 1.106061e-12 	 1.233980e-11
9 	 29 	 Ex 	 1 	 1.784273e-12 	 7.801433e-12
9 	 30 	 Ex 	 1 	 2.896905e-12 	 1.005768e-11
9 	 31 	 Ex 	 1 	 2.839691e-12 	 8.055522e-12
9 	 32 	 Ex 	 1 	 2.158160e-12 	 3.802457e-12
9 	 33 	 Ex 	 1 	 -1.448515e-10 	 4.370620e-11
9 	 34 	 Ex 	 1 	 -1.831595e-10 	 4.393022e-11
9 	 35 	 Ex 	 1 	 -1.382663e-10 	 4.343769e-11
9 	 36 	 Ex 	 1 	 -1.123824e-10 	 4.082579e-11
9 	 37 	 Ex 	 1 	 -8.114164e-11 	 3.656781e-11
9 	 38 	 Ex 	 1 	 -5.203922e-11 	 3.109134e-11
9 	 39 	 Ex 	 1 	 -2.898272e-11 	 2.593670e-11
9 	 40 	 Ex 	 1 	 -1.250397e-11 	 2.332954e-11
9 	 41 	 Ex 	 1 	 -1.761251e-12 	 2.274079e-11
9 	 42 	 Ex 	 1 	 4.480665e-12 	 2.251006e-11
9 	 43 	 Ex 	 1 	 6.792292e-12 	 1.688929e-11
9 	 44 	 Ex 	 1 	 7.082405e-12 	 1.045471e-11
9 	 45 	 Ex 	 1 	 7.710044e-12 	 1.231570e-11
9 	 46 	 Ex 	 1 	 7.378548e-12 	 1.214113e-11
9 	 47 	 Ex 	 1 	 5.518958e-12 	 4.561641e-12
9 	 48 	 Ex 	 1 	 5.545139e-12 	 8.491231e-12
9 	 49 	 Ex 	 1 	 -2.061522e-10 	 5.246711e-11
9 	 50 	 Ex 	 1 	 -2.602784e-10 	 5.316903e-11
9 	 51 	 Ex 	 1 	 -1.935597e-10 	 5.169441e-11
9 	 52 	 Ex 	 1 	 -1.450824e-10 	 4.815788e-11
9 	 53 	 Ex 	 1 	 -9.125234e-11 	 4.247668e-11
9 	 54 	 Ex 	 1 	 -4.608389e-11 	 3.673619e-11
9 	 55 	 Ex 	 1 	 -1.475077e-11 	 3.161269e-11
9 	 56 	 Ex 	 1 	 4.472884e-12 	 3.030631e-11
9 	 57 	 Ex 	 1 	 1.443813e-11 	 2.950800e-11
9 	 58 	 Ex 	 1 	 1.774656e-11 	 2.420669e-11
9 	 59 	 Ex 	 1 	 1.721724e-11 	 1.595870e-11
9 	 60 	 Ex 	 1 	 1.598982e-11 	 1.353021e-11
9 	 61 	 Ex 	 1 	 1.498054e-11 	 1.677050e-11
9 	 62 	 Ex 	 1 	 1.194811e-11 	 9.603980e-12
9 	 63 	 Ex 	 1 	 9.690876e-12 	 6.440166e-12
9 	 64 	 Ex 	 1 	 8.939318e-12 	 1.114712e-11
9 	 65 	 Ex 	 1 	 -3.119535e-10 	 6.467668e-11
9 	 66 	 Ex 	 1 	 -3.961967e-10 	 6.593787e-11
9 	 67 	 Ex 	 1 	 -2.855024e-10 	 6.359467e-11
9 	 68 	 Ex 	 1 	 -1.872846e-10 	 5.896610e-11
9 	 69 	 Ex 	 1 	 -9.081604e-11 	 5.224615e-11
9 	 70 	 Ex 	 1 	 -2.206577e-11 	 4.648170e-11
9 	 71 	 Ex 	 1 	 1.690115e-11 	 4.196746e-11
9 	 72 	 Ex 	 1 	 3.440248e-11 	 3.857366e-11
9 	 73 	 Ex 	 1 	 3.892534e-11 	 3.326966e-11
9 	 74 	 Ex 	 1 	 3.650555e-11 	 2.472704e-11
9 	 75 	 Ex 	 1 	 3.153698e-11 	 1.691714e-11
9 	 76 	 Ex 	 1 	 2.746263e-11 	 1.894737e-11
9 	 77 	 Ex 	 1 	 2.289436e-11 	 1.742700e-11
9 	 78 	 Ex 	 1 	 1.761319e-11 	 8.824717e-12
9 	 79 	 Ex 	 1 	 1.457846e-11 	 9.796154e-12
9 	 80 	 Ex 	 1 	 1.192603e-11 	 9.964880e-12
9 	 81 	 Ex 	 1 	 -5.107810e-10 	 8.573285e-11
9 	 82 	 Ex 	 1 	 -6.629429e-10 	 8.750712e-11
9 	 83 	 Ex 	 1 	 -4.472904e-10 	 8.457051e-11
9 	 84 	 Ex 	 1 	 -2.291682e-10 	 7.747095e-11
9 	 85 	 Ex 	 1 	 -5.358047e-11 	 6.820534e-11
9 	 86 	 Ex 	 1 	 4.197852e-11 	 5.950505e-11
9 	 87 	 Ex 	 1 	 7.829866e-11 	 5.232108e-11
9 	 88 	 Ex 	 1 	 8.321695e-11 	 4.522739e-11
9 	 89 	 Ex 	 1 	 7.451668e-11 	 3.554042e-11
9 	 90 	 Ex 	 1 	 6.192549e-11 	 2.632077e-11
9 	 91 	 Ex 	 1 	 5.000913e-11 	 2.138649e-11
9 	 92 	 Ex 	 1 	 4.041326e-11 	 2.170351e-11
9 	 93 	 Ex 	 1 	 3.161731e-11 	 1.681847e-11
9 	 94 	 Ex 	 1 	 2.418870e-11 	 1.037922e-11
9 	 95 	 Ex 	 1 	 1.946212e-11 	 1.179986e-11
9 	 96 	 Ex 	 1 	 1.496684e-11 	 8.438573e-12
9 	 97 	 Ex 	 1 	 -9.276741e-10 	 1.200715e-10
9 	 98 	 Ex 	 1 	 -1.277159e-09 	 1.229170e-10
9 	 99 	 Ex 	 1 	 -7.449620e-10 	 1.179464e-10
9 	 100 	 Ex 	 1 	 -2.086901e-10 	 1.053031e-10
9 	 101 	 Ex 	 1 	 9.407744e-11 	 8.979597e-11
9 	 102 	 Ex 	 1 	 1.883456e-10 	 7.430807e-11
9 	 103 	 Ex 	 1 	 1.871366e-10 	 6.095062e-11
9 	 104 	 Ex 	 1 	 1.564863e-10 	 4.935501e-11
9 	 105 	 Ex 	 1 	 1.224960e-10 	 3.848129e-11
9 	 106 	 Ex 	 1 	 9.355299e-11 	 3.019315e-11
9 	 107 	 Ex 	 1 	 7.128959e-11 	 2.658346e-11
9 	 108 	 Ex 	 1 	 5.402283e-11 	 2.173774e-11
9 	 109 	 Ex 	 1 	 4.082039e-11 	 1.658962e-11
9 	 110 	 Ex 	 1 	 3.104397e-11 	 1.314160e-11
9 	 111 	 Ex 	 1 	 2.399075e-11 	 1.222544e-11
9 	 112 	 Ex 	 1 	 1.811266e-11 	 8.190276e-12
9 	 113 	 Ex 	 1 	 -1.895896e-09 	 1.761670e-10
9 	 114 	 Ex 	 1 	 -3.086446e-09 	 1.812474e-10
9 	 115 	 Ex 	 1 	 -1.222125e-09 	 1.712369e-10
9 	 116 	 Ex 	 1 	 1.849888e-10 	 1.450378e-10
9 	 117 	 Ex 	 1 	 5.363451e-10 	 1.158386e-10
9 	 118 	 Ex 	 1 	 4.800936e-10 	 8.973474e-11
9 	 119 	 Ex 	 1 	 3.571516e-10 	 6.820793e-11
9 	 120 	 Ex 	 1 	 2.537628e-10 	 5.243606e-11
9 	 121 	 Ex 	 1 	 1.795629e-10 	 4.226018e-11
9 	 122 	 Ex 	 1 	 1.282960e-10 	 3.565666e-11
9 	 123 	 Ex 	 1 	 9.279594e-11 	 3.017648e-11
9 	 124 	 Ex 	 1 	 6.714074e-11 	 2.067159e-11
9 	 125 	 Ex 	 1 	 4.965103e-11 	 1.720932e-11
9 	 126 	 Ex 	 1 	 3.738948e-11 	 1.615626e-11
9 	 127 	 Ex 	 1 	 2.778463e-11 	 1.109344e-11
9 	 128 	 Ex 	 1 	 2.111980e-11 	 9.385490e-12
9 	 129 	 Ex 	 1 	 -3.617549e-09 	 2.825297e-10
9 	 130 	 Ex 	 1 	 -1.136905e-08 	 2.862268e-10
9 	 131 	 Ex 	 1 	 -4.123856e-10 	 2.697149e-10
9 	 132 	 Ex 	 1 	 2.233663e-09 	 2.031820e-10
9 	 133 	 Ex 	 1 	 1.575451e-09 	 1.453069e-10
9 	 134 	 Ex 	 1 	 9.437969e-10 	 1.041904e-10
9 	 135 	 Ex 	 1 	 5.712030e-10 	 7.447121e-11
9 	 136 	 Ex 	 1 	 3.592612e-10 	 5.543041e-11
9 	 137 	 Ex 	 1 	 2.355126e-10 	 4.622270e-11
9 	 138 	 Ex 	 1 	 1.600129e-10 	 4.071073e-11
9 	 139 	 Ex 	 1 	 1.111483e-10 	 3.171845e-11
9 	 140 	 Ex 	 1 	 7.803134e-11 	 1.956726e-11
9 	 141 	 Ex 	 1 	 5.694165e-11 	 1.864767e-11
9 	 142 	 Ex 	 1 	 4.236371e-11 	 1.832982e-11
9 	 143 	 Ex 	 1 	 3.057057e-11 	 9.268288e-12
9 	 144 	 Ex 	 1 	 2.360696e-11 	 1.145521e-11
9 	 145 	 Ex 	 1 	 3.178526e-08 	 6.792815e-10
9 	 146 	 Ex 	 1 	 -1.146810e-07 	 3.637175e-10
9 	 147 	 Ex 	 1 	 2.632004e-08 	 5.423131e-10
9 	 148 	 Ex 	 1 	 8.156381e-09 	 2.782229e-10
9 	 149 	 Ex 	 1 	 3.064795e-09 	 1.710308e-10
9 	 150 	 Ex 	 1 	 1.416158e-09 	 1.145560e-10
9 	 151 	 Ex 	 1 	 7.515609e-10 	 7.857492e-11
9 	 152 	 Ex 	 1 	 4.386322e-10 	 5.783305e-11
9 	 153 	 Ex 	 1 	 2.746059e-10 	 4.919195e-11
9 	 154 	 Ex 	 1 	 1.810261e-10 	 4.395978e-11
9 	 155 	 Ex 	 1 	 1.227698e-10 	 3.195020e-11
9 	 156 	 Ex 	 1 	 8.482196e-11 	 1.880552e-11
9 	 157 	 Ex 	 1 	 6.149421e-11 	 2.014113e-11
9 	 158 	 Ex 	 1 	 4.529311e-11 	 1.937631e-11
9 	 159 	 Ex 	 1 	 3.213320e-11 	 7.758803e-12
9 	 160 	 Ex 	 1 	 2.518016e-11 	 1.333039e-11
9 	 161 	 Ex 	 1 	 1.481464e-07 	 1.301781e-09
9 	 162 	 Ex 	 1 	 -9.527728e-07 	 -1.836673e-09
9 	 163 	 Ex 	 1 	 6.140935e-08 	 7.544159e-10
9 	 164 	 Ex 	 1 	 1.082212e-08 	 3.028150e-10
9 	 165 	 Ex 	 1 	 3.532926e-09 	 1.775157e-10
9 	 166 	 Ex 	 1 	 1.546403e-09 	 1.167901e-10
9 	 167 	 Ex 	 1 	 7.994445e-10 	 7.932126e-11
9 	 168 	 Ex 	 1 	 4.598299e-10 	 5.801489e-11
9 	 169 	 Ex 	 1 	 2.854152e-10 	 4.969054e-11
9 	 170 	 Ex 	 1 	 1.871717e-10 	 4.481598e-11
9 	 171 	 Ex 	 1 	 1.264196e-10 	 3.219473e-11
9 	 172 	 Ex 	 1 	 8.705563e-11 	 1.849576e-11
9 	 173 	 Ex 	 1 	 6.309467e-11 	 2.039513e-11
9 	 174 	 Ex 	 1 	 4.644778e-11 	 1.981043e-11
9 	 175 	 Ex 	 1 	 3.283997e-11 	 7.303636e-12
9 	 176 	 Ex 	 1 	 2.583484e-11 	 1.377899e-11
9 	 177 	 Ex 	 1 	 -1.879240e-09 	 3.771451e-10
9 	 178 	 Ex 	 1 	 -2.667366e-08 	 3.524674e-10
9 	 179 	 Ex 	 1 	 3.998533e-09 	 3.519396e-10
9 	 180 	 Ex 	 1 	 4.387549e-09 	 2.362673e-10
9 	 181 	 Ex 	 1 	 2.240497e-09 	 1.582258e-10
9 	 182 	 Ex 	 1 	 1.172398e-09 	 1.096356e-10
9 	 183 	 Ex 	 1 	 6.618415e-10 	 7.667227e-11
9 	 184 	 Ex 	 1 	 3.998764e-10 	 5.673674e-11
9 	 185 	 Ex 	 1 	 2.556730e-10 	 4.788095e-11
9 	 186 	 Ex 	 1 	 1.708632e-10 	 4.255768e-11
9 	 187 	 Ex 	 1 	 1.171095e-10 	 3.197232e-11
9 	 188 	 Ex 	 1 	 8.145120e-11 	 1.923327e-11
9 	 189 	 Ex 	 1 	 5.920938e-11 	 1.951274e-11
9 	 190 	 Ex 	 1 	 4.379357e-11 	 1.897045e-11
9 	 191 	 Ex 	 1 	 3.129138e-11 	 8.547925e-12
9 	 192 	 Ex 	 1 	 2.436186e-11 	 1.256407e-11
9 	 193 	 Ex 	 1 	 -2.653850e-09 	 2.145577e-10
9 	 194 	 Ex 	 1 	 -5.186367e-09 	 2.204044e-10
9 	 195 	 Ex 	 1 	 -1.334435e-09 	 2.070270e-10
9 	 196 	 Ex 	 1 	 7.466505e-10 	 1.687694e-10
9 	 197 	 Ex 	 1 	 9.085278e-10 	 1.290135e-10
9 	 198 	 Ex 	 1 	 6.674306e-10 	 9.610912e-11
9 	 199 	 Ex 	 1 	 4.491855e-10 	 7.053068e-11
9 	 200 	 Ex 	 1 	 3.006682e-10 	 5.341480e-11
9 	 201 	 Ex 	 1 	 2.049769e-10 	 4.454927e-11
9 	 202 	 Ex 	 1 	 1.429060e-10 	 3.900320e-11
9 	 203 	 Ex 	 1 	 1.011454e-10 	 3.117405e-11
9 	 204 	 Ex 	 1 	 7.190197e-11 	 1.952543e-11
9 	 205 	 Ex 	 1 	 5.293212e-11 	 1.831946e-11
9 	 206 	 Ex 	 1 	 3.964071e-11 	 1.786456e-11
9 	 207 	 Ex 	 1 	 2.881105e-11 	 9.582887e-12
9 	 208 	 Ex 	 1 	 2.225996e-11 	 1.105011e-11
9 	 209 	 Ex 	 1 	 -1.258701e-09 	 1.417989e-10
9 	 210 	 Ex 	 1 	 -1.844299e-09 	 1.453802e-10
9 	 211 	 Ex 	 1 	 -9.430225e-10 	 1.387811e-10
9 	 212 	 Ex 	 1 	 -1.207456e-10 	 1.217561e-10
9 	 213 	 Ex 	 1 	 2.365186e-10 	 1.016219e-10
9 	 214 	 Ex 	 1 	 2.954396e-10 	 8.176804e-11
9 	 215 	 Ex 	 1 	 2.541672e-10 	 6.468309e-11
9 	 216 	 Ex 	 1 	 1.963829e-10 	 5.075418e-11
9 	 217 	 Ex 	 1 	 1.463857e-10 	 4.000619e-11
9 	 218 	 Ex 	 1 	 1.082570e-10 	 3.285784e-11
9 	 219 	 Ex 	 1 	 8.049072e-11 	 2.906574e-11
9 	 220 	 Ex 	 1 	 5.950215e-11 	 2.152995e-11
9 	 221 	 Ex 	 1 	 4.438218e-11 	 1.663662e-11
9 	 222 	 Ex 	 1 	 3.366624e-11 	 1.494203e-11
9 	 223 	 Ex 	 1 	 2.551748e-11 	 1.219813e-11
9 	 224 	 Ex 	 1 	 1.922018e-11 	 8.538758e-12
9 	 225 	 Ex 	 1 	 -6.578976e-10 	 1.002498e-10
9 	 226 	 Ex 	 1 	 -8.784263e-10 	 1.022215e-10
9 	 227 	 Ex 	 1 	 -5.588527e-10 	 9.869517e-11
9 	 228 	 Ex 	 1 	 -2.374935e-10 	 8.962897e-11
9 	 229 	 Ex 	 1 	 -1.046372e-11 	 7.790701e-11
9 	 230 	 Ex 	 1 	 9.211839e-11 	 6.629360e-11
9 	 231 	 Ex 	 1 	 1.184161e-10 	 5.611403e-11
9 	 232 	 Ex 	 1 	 1.113365e-10 	 4.691380e-11
9 	 233 	 Ex 	 1 	 9.336344e-11 	 3.688202e-11
9 	 234 	 Ex 	 1 	 7.457823e-11 	 2.883507e-11
9 	 235 	 Ex 	 1 	 5.856272e-11 	 2.453544e-11
9 	 236 	 Ex 	 1 	 4.566769e-11 	 2.156826e-11
9 	 237 	 Ex 	 1 	 3.515803e-11 	 1.685496e-11
9 	 238 	 Ex 	 1 	 2.692294e-11 	 1.250283e-11
9 	 239 	 Ex 	 1 	 2.105777e-11 	 1.179685e-11
9 	 240 	 Ex 	 1 	 1.612864e-11 	 8.665740e-12
9 	 241 	 Ex 	 1 	 -3.861792e-10 	 7.245001e-11
9 	 242 	 Ex 	 1 	 -4.976719e-10 	 7.404908e-11
9 	 243 	 Ex 	 1 	 -3.477995e-10 	 7.145377e-11
9 	 244 	 Ex 	 1 	 -2.093869e-10 	 6.614218e-11
9 	 245 	 Ex 	 1 	 -8.329672e-11 	 5.917463e-11
9 	 246 	 Ex 	 1 	 -2.007542e-12 	 5.305598e-11
9 	 247 	 Ex 	 1 	 3.819639e-11 	 4.817148e-11
9 	 248 	 Ex 	 1 	 5.211080e-11 	 4.285505e-11
9 	 249 	 Ex 	 1 	 5.192727e-11 	 3.435869e-11
9 	 250 	 Ex 	 1 	 4.574196e-11 	 2.478162e-11
9 	 251 	 Ex 	 1 	 3.840344e-11 	 1.921990e-11
9 	 252 	 Ex 	 1 	 3.246126e-11 	 2.185702e-11
9 	 253 	 Ex 	 1 	 2.593232e-11 	 1.702502e-11
9 	 254 	 Ex 	 1 	 1.987201e-11 	 9.276758e-12
9 	 255 	 Ex 	 1 	 1.651718e-11 	 1.221850e-11
9 	 256 	 Ex 	 1 	 1.278841e-11 	 8.680272e-12
9 	 1 	 Ex 	 2 	 -1.221862e-10 	 2.740627e-11
9 	 2 	 Ex 	 2 	 -1.452485e-10 	 2.763829e-11
9 	 3 	 Ex 	 2 	 -1.197575e-10 	 2.682249e-11
9 	 4 	 Ex 	 2 	 -1.090366e-10 	 2.484111e-11
9 	 5 	 Ex 	 2 	 -9.435624e-11 	 2.202700e-11
9 	 6 	 Ex 	 2 	 -7.813276e-11 	 1.871726e-11
9 	 7 	 Ex 	 2 	 -6.237251e-11 	 1.524774e-11
9 	 8 	 Ex 	 2 	 -4.834417e-11 	 1.189328e-11
9 	 9 	 Ex 	 2 	 -3.659206e-11 	 8.847554e-12
9 	 10 	 Ex 	 2 	 -2.712695e-11 	 6.237974e-12
9 	 11 	 Ex 	 2 	 -1.965759e-11 	 4.132399e-12
9 	 12 	 Ex 	 2 	 -1.392310e-11 	 2.485120e-12
9 	 13 	 Ex 	 2 	 -9.632402e-12 	 1.224587e-12
9 	 14 	 Ex 	 2 	 -6.413977e-12 	 3.195308e-13
9 	 15 	 Ex 	 2 	 -3.959268e-12 	 -2.644906e-13
9 	 16 	 Ex 	 2 	 -2.238808e-12 	 -6.712235e-13
9 	 17 	 Ex 	 2 	 -1.585335e-10 	 4.213040e-11
9 	 18 	 Ex 	 2 	 -1.879518e-10 	 4.266168e-11
9 	 19 	 Ex 	 2 	 -1.544715e-10 	 4.136961e-11
9 	 20 	 Ex 	 2 	 -1.372150e-10 	 3.818126e-11
9 	 21 	 Ex 	 2 	 -1.145379e-10 	 3.367250e-11
9 	 22 	 Ex 	 2 	 -9.078673e-11 	 2.843842e-11
9 	 23 	 Ex 	 2 	 -6.908048e-11 	 2.304194e-11
9 	 24 	 Ex 	 2 	 -5.094699e-11 	 1.792882e-11
9 	 25 	 Ex 	 2 	 -3.664853e-11 	 1.339669e-11
9 	 26 	 Ex 	 2 	 -2.577873e-11 	 9.589034e-12
9 	 27 	 Ex 	 2 	 -1.772202e-11 	 6.519570e-12
9 	 28 	 Ex 	 2 	 -1.186151e-11 	 4.123752e-12
9 	 29 	 Ex 	 2 	 -7.628453e-12 	 2.327946e-12
9 	 30 	 Ex 	 2 	 -4.529833e-12 	 1.061695e-12
9 	 31 	 Ex 	 2 	 -2.343897e-12 	 1.766822e-13
9 	 32 	 Ex 	 2 	 -8.210571e-13 	 -4.129527e-13
9 	 33 	 Ex 	 2 	 -2.105651e-10 	 6.384736e-11
9 	 34 	 Ex 	 2 	 -2.497453e-10 	 6.487092e-11
9 	 35 	 Ex 	 2 	 -2.034719e-10 	 6.274292e-11
9 	 36 	 Ex 	 2 	 -1.741674e-10 	 5.750633e-11
9 	 37 	 Ex 	 2 	 -1.378257e-10 	 5.020959e-11
9 	 38 	 Ex 	 2 	 -1.024378e-10 	 4.191272e-11
9 	 39 	 Ex 	 2 	 -7.267652e-11 	 3.359536e-11
9 	 40 	 Ex 	 2 	 -4.982643e-11 	 2.593253e-11
9 	 41 	 Ex 	 2 	 -3.326613e-11 	 1.929968e-11
9 	 42 	 Ex 	 2 	 -2.167132e-11 	 1.383147e-11
9 	 43 	 Ex 	 2 	 -1.371181e-11 	 9.475056e-12
9 	 44 	 Ex 	 2 	 -8.285004e-12 	 6.135387e-12
9 	 45 	 Ex 	 2 	 -4.505091e-12 	 3.695438e-12
9 	 46 	 Ex 	 2 	 -1.928501e-12 	 1.945475e-12
9 	 47 	 Ex 	 2 	 -2.366872e-13 	 7.068658e-13
9 	 48 	 Ex 	 2 	 9.834370e-13 	 -7.320402e-14
9 	 49 	 Ex 	 2 	 -2.889189e-10 	 9.614680e-11
9 	 50 	 Ex 	 2 	 -3.443986e-10 	 9.804560e-11
9 	 51 	 Ex 	 2 	 -2.756411e-10 	 9.438036e-11
9 	 52 	 Ex 	 2 	 -2.224785e-10 	 8.555995e-11
9 	 53 	 Ex 	 2 	 -1.617321e-10 	 7.356709e-11
9 	 54 	 Ex 	 2 	 -1.084958e-10 	 6.039862e-11
9 	 55 	 Ex 	 2 	 -6.867180e-11 	 4.762563e-11
9 	 56 	 Ex 	 2 	 -4.162807e-11 	 3.626137e-11
9 	 57 	 Ex 	 2 	 -2.427213e-11 	 2.668796e-11
9 	 58 	 Ex 	 2 	 -1.351565e-11 	 1.899738e-11
9 	 59 	 Ex 	 2 	 -6.906206e-12 	 1.301370e-11
9 	 60 	 Ex 	 2 	 -2.776271e-12 	 8.535804e-12
9 	 61 	 Ex 	 2 	 -1.440424e-13 	 5.289142e-12
9 	 62 	 Ex 	 2 	 1.432058e-12 	 2.946566e-12
9 	 63 	 Ex 	 2 	 2.431982e-12 	 1.344176e-12
9 	 64 	 Ex 	 2 	 3.095719e-12 	 3.110953e-13
9 	 65 	 Ex 	 2 	 -4.153908e-10 	 1.450342e-10
9 	 66 	 Ex 	 2 	 -5.015679e-10 	 1.485290e-10
9 	 67 	 Ex 	 2 	 -3.879574e-10 	 1.418955e-10
9 	 68 	 Ex 	 2 	 -2.833023e-10 	 1.265136e-10
9 	 69 	 Ex 	 2 	 -1.776466e-10 	 1.063902e-10
9 	 70 	 Ex 	 2 	 -9.849534e-11 	 8.527298e-11
9 	 71 	 Ex 	 2 	 -4.895015e-11 	 6.577374e-11
9 	 72 	 Ex 	 2 	 -2.124147e-11 	 4.909150e-11
9 	 73 	 Ex 	 2 	 -6.911127e-12 	 3.559005e-11
9 	 74 	 Ex 	 2 	 7.812445e-14 	 2.505236e-11
9 	 75 	 Ex 	 2 	 3.338363e-12 	 1.708288e-11
9 	 76 	 Ex 	 2 	 4.846728e-12 	 1.124647e-11
9 	 77 	 Ex 	 2 	 5.449881e-12 	 7.039908e-12
9 	 78 	 Ex 	 2 	 5.568549e-12 	 4.057573e-12
9 	 79 	 Ex 	 2 	 5.561994e-12 	 2.048136e-12
9 	 80 	 Ex 	 2 	 5.433178e-12 	 7.149903e-13
9 	 81 	 Ex 	 2 	 -6.396228e-10 	 2.211279e-10
9 	 82 	 Ex 	 2 	 -7.945699e-10 	 2.278848e-10
9 	 83 	 Ex 	 2 	 -5.747299e-10 	 2.150867e-10
9 	 84 	 Ex 	 2 	 -3.473525e-10 	 1.867614e-10
9 	 85 	 Ex 	 2 	 -1.592784e-10 	 1.520092e-10
9 	 86 	 Ex 	 2 	 -5.000850e-11 	 1.179439e-10
9 	 87 	 Ex 	 2 	 1.674720e-16 	 8.833745e-11
9 	 88 	 Ex 	 2 	 1.797598e-11 	 6.436281e-11
9 	 89 	 Ex 	 2 	 2.168242e-11 	 4.577897e-11
9 	 90 	 Ex 	 2 	 2.011870e-11 	 3.179031e-11
9 	 91 	 Ex 	 2 	 1.721437e-11 	 2.151220e-11
9 	 92 	 Ex 	 2 	 1.443572e-11 	 1.412104e-11
9 	 93 	 Ex 	 2 	 1.211348e-11 	 8.871607e-12
9 	 94 	 Ex 	 2 	 1.029783e-11 	 5.218863e-12
9 	 95 	 Ex 	 2 	 8.971253e-12 	 2.767426e-12
9 	 96 	 Ex 	 2 	 7.903052e-12 	 1.129710e-12
9 	 97 	 Ex 	 2 	 -1.087361e-09 	 3.451033e-10
9 	 98 	 Ex 	 2 	 -1.441249e-09 	 3.596130e-10
9 	 99 	 Ex 	 2 	 -9.021549e-10 	 3.320645e-10
9 	 100 	 Ex 	 2 	 -3.519902e-10 	 2.761140e-10
9 	 101 	 Ex 	 2 	 -3.199976e-11 	 2.140829e-10
9 	 102 	 Ex 	 2 	 8.050428e-11 	 1.589103e-10
9 	 103 	 Ex 	 2 	 9.680044e-11 	 1.148416e-10
9 	 104 	 Ex 	 2 	 8.230642e-11 	 8.138050e-11
9 	 105 	 Ex 	 2 	 6.285159e-11 	 5.667986e-11
9 	 106 	 Ex 	 2 	 4.631525e-11 	 3.877854e-11
9 	 107 	 Ex 	 2 	 3.403182e-11 	 2.599252e-11
9 	 108 	 Ex 	 2 	 2.536009e-11 	 1.695859e-11
9 	 109 	 Ex 	 2 	 1.936907e-11 	 1.066119e-11
9 	 110 	 Ex 	 2 	 1.525278e-11 	 6.346110e-12
9 	 111 	 Ex 	 2 	 1.240238e-11 	 3.449590e-12
9 	 112 	 Ex 	 2 	 1.034024e-11 	 1.530197e-12
9 	 113 	 Ex 	 2 	 -2.092753e-09 	 5.631405e-10
9 	 114 	 Ex 	 2 	 -3.291772e-09 	 6.003377e-10
9 	 115 	 Ex 	 2 	 -1.413707e-09 	 5.305270e-10
9 	 116 	 Ex 	 2 	 1.571635e-11 	 4.083918e-10
9 	 117 	 Ex 	 2 	 3.906387e-10 	 2.943301e-10
9 	 118 	 Ex 	 2 	 3.574530e-10 	 2.065573e-10
9 	 119 	 Ex 	 2 	 2.560918e-10 	 1.432515e-10
9 	 120 	 Ex 	 2 	 1.717534e-10 	 9.858335e-11
9 	 121 	 Ex 	 2 	 1.137489e-10 	 6.724846e-11
9 	 122 	 Ex 	 2 	 7.602487e-11 	 4.534881e-11
9 	 123 	 Ex 	 2 	 5.187905e-11 	 3.009238e-11
9 	 124 	 Ex 	 2 	 3.638263e-11 	 1.950618e-11
9 	 125 	 Ex 	 2 	 2.641397e-11 	 1.225260e-11
9 	 126 	 Ex 	 2 	 1.990485e-11 	 7.337749e-12
9 	 127 	 Ex 	 2 	 1.551960e-11 	 4.037428e-12
9 	 128 	 Ex 	 2 	 1.252392e-11 	 1.882857e-12
9 	 129 	 Ex 	 2 	 -3.857563e-09 	 9.987549e-10
9 	 130 	 Ex 	 2 	 -1.163965e-08 	 1.134020e-09
9 	 131 	 Ex 	 2 	 -6.372602e-10 	 8.945052e-10
9 	 132 	 Ex 	 2 	 2.043860e-09 	 5.939167e-10
9 	 133 	 Ex 	 2 	 1.414113e-09 	 3.861426e-10
9 	 134 	 Ex 	 2 	 8.094869e-10 	 2.541779e-10
9 	 135 	 Ex 	 2 	 4.617075e-10 	 1.693207e-10
9 	 136 	 Ex 	 2 	 2.711231e-10 	 1.134652e-10
9 	 137 	 Ex 	 2 	 1.648234e-10 	 7.603829e-11
9 	 138 	 Ex 	 2 	 1.037756e-10 	 5.066243e-11
9 	 139 	 Ex 	 2 	 6.767765e-11 	 3.333221e-11
9 	 140 	 Ex 	 2 	 4.575955e-11 	 2.148864e-11
9 	 141 	 Ex 	 2 	 3.222668e-11 	 1.347905e-11
9 	 142 	 Ex 	 2 	 2.363693e-11 	 8.091317e-12
9 	 143 	 Ex 	 2 	 1.795860e-11 	 4.475453e-12
9 	 144 	 Ex 	 2 	 1.421704e-11 	 2.150488e-12
9 	 145 	 Ex 	 2 	 3.160736e-08 	 2.013440e-09
9 	 146 	 Ex 	 2 	 -1.152904e-07 	 3.074420e-09
9 	 147 	 Ex 	 2 	 2.613850e-08 	 1.550944e-09
9 	 148 	 Ex 	 2 	 7.963862e-09 	 7.929751e-10
9 	 149 	 Ex 	 2 	 2.895253e-09 	 4.623086e-10
9 	 150 	 Ex 	 2 	 1.275011e-09 	 2.887060e-10
9 	 151 	 Ex 	 2 	 6.370873e-10 	 1.868051e-10
9 	 152 	 Ex 	 2 	 3.467480e-10 	 1.230212e-10
9 	 153 	 Ex 	 2 	 2.009285e-10 	 8.150959e-11
9 	 154 	 Ex 	 2 	 1.224224e-10 	 5.389105e-11
9 	 155 	 Ex 	 2 	 7.791067e-11 	 3.526533e-11
9 	 156 	 Ex 	 2 	 5.166925e-11 	 2.265656e-11
9 	 157 	 Ex 	 2 	 3.581523e-11 	 1.419403e-11
9 	 158 	 Ex 	 2 	 2.589285e-11 	 8.521471e-12
9 	 159 	 Ex 	 2 	 1.940890e-11 	 4.719201e-12
9 	 160 	 Ex 	 2 	 1.521893e-11 	 2.301774e-12
9 	 161 	 Ex 	 2 	 1.482852e-07 	 2.652818e-09
9 	 162 	 Ex 	 2 	 -9.557692e-07 	 7.575856e-09
9 	 163 	 Ex 	 2 	 6.131835e-08 	 1.838878e-09
9 	 164 	 Ex 	 2 	 1.063277e-08 	 8.458981e-10
9 	 165 	 Ex 	 2 	 3.362192e-09 	 4.792297e-10
9 	 166 	 Ex 	 2 	 1.403998e-09 	 2.958087e-10
9 	 167 	 Ex 	 2 	 6.840646e-10 	 1.902457e-10
9 	 168 	 Ex 	 2 	 3.673331e-10 	 1.248203e-10
9 	 169 	 Ex 	 2 	 2.112033e-10 	 8.250974e-11
9 	 170 	 Ex 	 2 	 1.280865e-10 	 5.446328e-11
9 	 171 	 Ex 	 2 	 8.126949e-11 	 3.559382e-11
9 	 172 	 Ex 	 2 	 5.378714e-11 	 2.284036e-11
9 	 173 	 Ex 	 2 	 3.723318e-11 	 1.430006e-11
9 	 174 	 Ex 	 2 	 2.688229e-11 	 8.578708e-12
9 	 175 	 Ex 	 2 	 2.011893e-11 	 4.744609e-12
9 	 176 	 Ex 	 2 	 1.575803e-11 	 2.313022e-12
9 	 177 	 Ex 	 2 	 -2.131887e-09 	 1.343326e-09
9 	 178 	 Ex 	 2 	 -2.700779e-08 	 1.636192e-09
9 	 179 	 Ex 	 2 	 3.770719e-09 	 1.147756e-09
9 	 180 	 Ex 	 2 	 4.193861e-09 	 6.871673e-10
9 	 181 	 Ex 	 2 	 2.074394e-09 	 4.243607e-10
9 	 182 	 Ex 	 2 	 1.034352e-09 	 2.719151e-10
9 	 183 	 Ex 	 2 	 5.496439e-10 	 1.783688e-10
9 	 184 	 Ex 	 2 	 3.097113e-10 	 1.183891e-10
9 	 185 	 Ex 	 2 	 1.833550e-10 	 7.882217e-11
9 	 186 	 Ex 	 2 	 1.133254e-10 	 5.226814e-11
9 	 187 	 Ex 	 2 	 7.285674e-11 	 3.425917e-11
9 	 188 	 Ex 	 2 	 4.869040e-11 	 2.201785e-11
9 	 189 	 Ex 	 2 	 3.396168e-11 	 1.377979e-11
9 	 190 	 Ex 	 2 	 2.469078e-11 	 8.250844e-12
9 	 191 	 Ex 	 2 	 1.860804e-11 	 4.545946e-12
9 	 192 	 Ex 	 2 	 1.465018e-11 	 2.182177e-12
9 	 193 	 Ex 	 2 	 -2.869676e-09 	 7.163924e-10
9 	 194 	 Ex 	 2 	 -5.415649e-09 	 7.784215e-10
9 	 195 	 Ex 	 2 	 -1.542177e-09 	 6.637597e-10
9 	 196 	 Ex 	 2 	 5.667425e-10 	 4.841809e-10
9 	 197 	 Ex 	 2 	 7.549867e-10 	 3.344610e-10
9 	 198 	 Ex 	 2 	 5.391621e-10 	 2.280263e-10
9 	 199 	 Ex 	 2 	 3.441007e-10 	 1.551758e-10
9 	 200 	 Ex 	 2 	 2.157264e-10 	 1.053755e-10
9 	 201 	 Ex 	 2 	 1.366938e-10 	 7.121816e-11
9 	 202 	 Ex 	 2 	 8.853344e-11 	 4.768822e-11
9 	 203 	 Ex 	 2 	 5.892829e-11 	 3.146195e-11
9 	 204 	 Ex 	 2 	 4.047795e-11 	 2.029034e-11
9 	 205 	 Ex 	 2 	 2.888982e-11 	 1.269884e-11
9 	 206 	 Ex 	 2 	 2.144066e-11 	 7.577326e-12
9 	 207 	 Ex 	 2 	 1.646924e-11 	 4.139310e-12
9 	 208 	 Ex 	 2 	 1.316680e-11 	 1.926156e-12
9 	 209 	 Ex 	 2 	 -1.434179e-09 	 4.253960e-10
9 	 210 	 Ex 	 2 	 -2.025456e-09 	 4.466962e-10
9 	 211 	 Ex 	 2 	 -1.115094e-09 	 4.062087e-10
9 	 212 	 Ex 	 2 	 -2.758644e-10 	 3.281940e-10
9 	 213 	 Ex 	 2 	 1.012623e-10 	 2.471303e-10
9 	 214 	 Ex 	 2 	 1.806007e-10 	 1.790741e-10
9 	 215 	 Ex 	 2 	 1.587185e-10 	 1.270051e-10
9 	 216 	 Ex 	 2 	 1.185005e-10 	 8.873648e-11
9 	 217 	 Ex 	 2 	 8.384567e-11 	 6.113388e-11
9 	 218 	 Ex 	 2 	 5.861300e-11 	 4.146863e-11
9 	 219 	 Ex 	 2 	 4.135377e-11 	 2.760027e-11
9 	 220 	 Ex 	 2 	 2.978166e-11 	 1.788816e-11
9 	 221 	 Ex 	 2 	 2.210212e-11 	 1.118301e-11
9 	 222 	 Ex 	 2 	 1.699156e-11 	 6.625419e-12
9 	 223 	 Ex 	 2 	 1.351358e-11 	 3.571980e-12
9 	 224 	 Ex 	 2 	 1.107958e-11 	 1.567938e-12
9 	 225 	 Ex 	 2 	 -8.000843e-10 	 2.678399e-10
9 	 226 	 Ex 	 2 	 -1.023953e-09 	 2.771212e-10
9 	 227 	 Ex 	 2 	 -6.992068e-10 	 2.594225e-10
9 	 228 	 Ex 	 2 	 -3.668167e-10 	 2.214996e-10
9 	 229 	 Ex 	 2 	 -1.252813e-10 	 1.767008e-10
9 	 230 	 Ex 	 2 	 -7.110490e-12 	 1.345608e-10
9 	 231 	 Ex 	 2 	 3.459874e-11 	 9.914822e-11
9 	 232 	 Ex 	 2 	 4.199186e-11 	 7.126477e-11
9 	 233 	 Ex 	 2 	 3.735318e-11 	 5.011621e-11
9 	 234 	 Ex 	 2 	 3.010403e-11 	 3.448404e-11
9 	 235 	 Ex 	 2 	 2.354249e-11 	 2.315106e-11
9 	 236 	 Ex 	 2 	 1.843026e-11 	 1.507502e-11
9 	 237 	 Ex 	 2 	 1.466868e-11 	 9.406313e-12
9 	 238 	 Ex 	 2 	 1.197120e-11 	 5.500879e-12
9 	 239 	 Ex 	 2 	 1.006314e-11 	 2.883392e-12
9 	 240 	 Ex 	 2 	 8.644174e-12 	 1.157291e-12
9 	 241 	 Ex 	 2 	 -5.004183e-10 	 1.737985e-10
9 	 242 	 Ex 	 2 	 -6.142326e-10 	 1.784270e-10
9 	 243 	 Ex 	 2 	 -4.608990e-10 	 1.696210e-10
9 	 244 	 Ex 	 2 	 -3.149853e-10 	 1.495914e-10
9 	 245 	 Ex 	 2 	 -1.784964e-10 	 1.240864e-10
9 	 246 	 Ex 	 2 	 -8.558818e-11 	 9.805712e-11
9 	 247 	 Ex 	 2 	 -3.357377e-11 	 7.457372e-11
9 	 248 	 Ex 	 2 	 -8.164475e-12 	 5.498187e-11
9 	 249 	 Ex 	 2 	 2.822566e-12 	 3.941742e-11
9 	 250 	 Ex 	 2 	 6.885224e-12 	 2.747557e-11
9 	 251 	 Ex 	 2 	 7.965296e-12 	 1.858246e-11
9 	 252 	 Ex 	 2 	 7.949386e-12 	 1.213906e-11
9 	 253 	 Ex 	 2 	 7.490644e-12 	 7.526405e-12
9 	 254 	 Ex 	 2 	 6.940074e-12 	 4.302102e-12
9 	 255 	 Ex 	 2 	 6.512768e-12 	 2.153260e-12
9 	 256 	 Ex 	 2 	 6.068761e-12 	 7.202273e-13
9 	 1 	 Ey 	 1 	 1.918844e-11 	 1.276476e-12
9 	 2 	 Ey 	 1 	 3.137371e-12 	 1.755119e-12
9 	 3 	 Ey 	 1 	 -1.892387e-11 	 1.164509e-12
9 	 4 	 Ey 	 1 	 -3.442837e-11 	 1.084888e-12
9 	 5 	 Ey 	 1 	 -4.503103e-11 	 1.048513e-12
9 	 6 	 Ey 	 1 	 -5.048760e-11 	 6.481612e-13
9 	 7 	 Ey 	 1 	 -5.139432e-11 	 6.672392e-13
9 	 8 	 Ey 	 1 	 -4.919141e-11 	 7.532796e-14
9 	 9 	 Ey 	 1 	 -4.485229e-11 	 6.554502e-13
9 	 10 	 Ey 	 1 	 -3.975230e-11 	 5.451799e-13
9 	 11 	 Ey 	 1 	 -3.442914e-11 	 7.960426e-13
9 	 12 	 Ey 	 1 	 -2.938962e-11 	 1.194916e-12
9 	 13 	 Ey 	 1 	 -2.511681e-11 	 -2.339446e-14
9 	 14 	 Ey 	 1 	 -2.113209e-11 	 4.564037e-13
9 	 15 	 Ey 	 1 	 -1.756189e-11 	 2.025008e-12
9 	 16 	 Ey 	 1 	 -1.521634e-11 	 -3.442690e-13
9 	 17 	 Ey 	 1 	 2.791006e-11 	 1.540193e-12
9 	 18 	 Ey 	 1 	 2.690999e-12 	 1.500827e-12
9 	 19 	 Ey 	 1 	 -3.038170e-11 	 1.109689e-12
9 	 20 	 Ey 	 1 	 -5.297759e-11 	 7.558926e-13
9 	 21 	 Ey 	 1 	 -6.692907e-11 	 1.014371e-13
9 	 22 	 Ey 	 1 	 -7.216298e-11 	 -1.347809e-13
9 	 23 	 Ey 	 1 	 -7.054605e-11 	 3.707256e-13
9 	 24 	 Ey 	 1 	 -6.464655e-11 	 1.275414e-12
9 	 25 	 Ey 	 1 	 -5.692454e-11 	 1.207936e-12
9 	 26 	 Ey 	 1 	 -4.878188e-11 	 7.618599e-13
9 	 27 	 Ey 	 1 	 -4.114965e-11 	 -1.795221e-14
9 	 28 	 Ey 	 1 	 -3.421225e-11 	 1.499114e-13
9 	 29 	 Ey 	 1 	 -2.809871e-11 	 1.459551e-12
9 	 30 	 Ey 	 1 	 -2.330200e-11 	 8.320993e-13
9 	 31 	 Ey 	 1 	 -1.947534e-11 	 -3.060147e-13
9 	 32 	 Ey 	 1 	 -1.596203e-11 	 1.123492e-12
9 	 33 	 Ey 	 1 	 4.274411e-11 	 8.339741e-14
9 	 34 	 Ey 	 1 	 1.230785e-12 	 -4.758749e-13
9 	 35 	 Ey 	 1 	 -5.079628e-11 	 -2.707343e-13
9 	 36 	 Ey 	 1 	 -8.450542e-11 	 -3.735533e-13
9 	 37 	 Ey 	 1 	 -1.018582e-10 	 -1.456196e-13
9 	 38 	 Ey 	 1 	 -1.045404e-10 	 2.015728e-13
9 	 39 	 Ey 	 1 	 -9.745106e-11 	 -2.239057e-14
9 	 40 	 Ey 	 1 	 -8.533311e-11 	 3.007685e-13
9 	 41 	 Ey 	 1 	 -7.182816e-11 	 7.766845e-13
9 	 42 	 Ey 	 1 	 -5.915950e-11 	 5.290203e-13
9 	 43 	 Ey 	 1 	 -4.807037e-11 	 2.933198e-13
9 	 44 	 Ey 	 1 	 -3.879523e-11 	 3.026277e-13
9 	 45 	 Ey 	 1 	 -3.113894e-11 	 1.027027e-12
9 	 46 	 Ey 	 1 	 -2.523429e-11 	 5.080179e-13
9 	 47 	 Ey 	 1 	 -2.056554e-11 	 -3.776377e-14
9 	 48 	 Ey 	 1 	 -1.660166e-11 	 1.184896e-12
9 	 49 	 Ey 	 1 	 7.113356e-11 	 -1.244531e-13
9 	 50 	 Ey 	 1 	 -1.583978e-12 	 -6.810374e-13
9 	 51 	 Ey 	 1 	 -8.886797e-11 	 -6.120166e-13
9 	 52 	 Ey 	 1 	 -1.405242e-10 	 -6.982810e-13
9 	 53 	 Ey 	 1 	 -1.598023e-10 	 -3.201502e-13
9 	 54 	 Ey 	 1 	 -1.540252e-10 	 5.854385e-14
9 	 55 	 Ey 	 1 	 -1.348299e-10 	 7.983318e-14
9 	 56 	 Ey 	 1 	 -1.115828e-10 	 -3.429099e-13
9 	 57 	 Ey 	 1 	 -8.935314e-11 	 -4.971394e-13
9 	 58 	 Ey 	 1 	 -7.012147e-11 	 6.706036e-13
9 	 59 	 Ey 	 1 	 -5.477894e-11 	 7.465933e-13
9 	 60 	 Ey 	 1 	 -4.279767e-11 	 6.058144e-13
9 	 61 	 Ey 	 1 	 -3.365900e-11 	 -9.530644e-14
9 	 62 	 Ey 	 1 	 -2.642651e-11 	 7.717262e-13
9 	 63 	 Ey 	 1 	 -2.110658e-11 	 2.616708e-13
9 	 64 	 Ey 	 1 	 -1.692846e-11 	 4.268059e-13
9 	 65 	 Ey 	 1 	 1.305062e-10 	 8.054546e-13
9 	 66 	 Ey 	 1 	 -8.388124e-12 	 3.175075e-13
9 	 67 	 Ey 	 1 	 -1.667727e-10 	 -1.907259e-13
9 	 68 	 Ey 	 1 	 -2.467698e-10 	 -3.061860e-13
9 	 69 	 Ey 	 1 	 -2.588987e-10 	 -3.283709e-13
9 	 70 	 Ey 	 1 	 -2.293948e-10 	 -5.068665e-13
9 	 71 	 Ey 	 1 	 -1.854740e-10 	 -4.566080e-13
9 	 72 	 Ey 	 1 	 -1.429223e-10 	 -3.404923e-13
9 	 73 	 Ey 	 1 	 -1.077699e-10 	 -4.344943e-13
9 	 74 	 Ey 	 1 	 -8.059826e-11 	 8.890030e-14
9 	 75 	 Ey 	 1 	 -6.027193e-11 	 9.752281e-13
9 	 76 	 Ey 	 1 	 -4.560300e-11 	 2.491201e-13
9 	 77 	 Ey 	 1 	 -3.480945e-11 	 -2.335841e-14
9 	 78 	 Ey 	 1 	 -2.680442e-11 	 2.791192e-13
9 	 79 	 Ey 	 1 	 -2.083147e-11 	 8.030689e-13
9 	 80 	 Ey 	 1 	 -1.659234e-11 	 -2.207251e-14
9 	 81 	 Ey 	 1 	 2.706440e-10 	 2.059263e-12
9 	 82 	 Ey 	 1 	 -2.744199e-11 	 1.020371e-12
9 	 83 	 Ey 	 1 	 -3.460744e-10 	 -6.300142e-13
9 	 84 	 Ey 	 1 	 -4.634214e-10 	 -1.017266e-12
9 	 85 	 Ey 	 1 	 -4.316932e-10 	 -9.153327e-13
9 	 86 	 Ey 	 1 	 -3.406061e-10 	 -8.652971e-13
9 	 87 	 Ey 	 1 	 -2.488378e-10 	 -7.183650e-13
9 	 88 	 Ey 	 1 	 -1.763494e-10 	 -5.901064e-13
9 	 89 	 Ey 	 1 	 -1.241613e-10 	 1.578865e-14
9 	 90 	 Ey 	 1 	 -8.810187e-11 	 -1.903304e-13
9 	 91 	 Ey 	 1 	 -6.317799e-11 	 4.943112e-13
9 	 92 	 Ey 	 1 	 -4.610843e-11 	 3.168910e-13
9 	 93 	 Ey 	 1 	 -3.425722e-11 	 -3.959718e-14
9 	 94 	 Ey 	 1 	 -2.583166e-11 	 7.608886e-14
9 	 95 	 Ey 	 1 	 -1.963766e-11 	 1.075385e-12
9 	 96 	 Ey 	 1 	 -1.551361e-11 	 -3.673060e-13
9 	 97 	 Ey 	 1 	 6.643311e-10 	 3.930165e-12
9 	 98 	 Ey 	 1 	 -9.128329e-11 	 7.148129e-13
9 	 99 	 Ey 	 1 	 -8.259464e-10 	 -2.721094e-12
9 	 100 	 Ey 	 1 	 -9.356497e-10 	 -3.278941e-12
9 	 101 	 Ey 	 1 	 -7.269018e-10 	 -2.492577e-12
9 	 102 	 Ey 	 1 	 -4.894462e-10 	 -1.550596e-12
9 	 103 	 Ey 	 1 	 -3.152988e-10 	 -8.237298e-13
9 	 104 	 Ey 	 1 	 -2.030397e-10 	 -6.402558e-13
9 	 105 	 Ey 	 1 	 -1.330027e-10 	 -7.758362e-14
9 	 106 	 Ey 	 1 	 -8.929927e-11 	 -5.000979e-14
9 	 107 	 Ey 	 1 	 -6.151082e-11 	 -2.324737e-14
9 	 108 	 Ey 	 1 	 -4.340140e-11 	 3.604845e-13
9 	 109 	 Ey 	 1 	 -3.147172e-11 	 -1.018644e-13
9 	 110 	 Ey 	 1 	 -2.321829e-11 	 2.337931e-13
9 	 111 	 Ey 	 1 	 -1.744916e-11 	 6.718325e-13
9 	 112 	 Ey 	 1 	 -1.358777e-11 	 -3.178241e-13
9 	 113 	 Ey 	 1 	 2.089430e-09 	 9.735524e-12
9 	 114 	 Ey 	 1 	 -3.771363e-10 	 -8.482415e-13
9 	 115 	 Ey 	 1 	 -2.397991e-09 	 -9.566821e-12
9 	 116 	 Ey 	 1 	 -1.992048e-09 	 -8.137900e-12
9 	 117 	 Ey 	 1 	 -1.168424e-09 	 -4.736937e-12
9 	 118 	 Ey 	 1 	 -6.387645e-10 	 -2.410699e-12
9 	 119 	 Ey 	 1 	 -3.558603e-10 	 -1.017730e-12
9 	 120 	 Ey 	 1 	 -2.071571e-10 	 -6.326019e-13
9 	 121 	 Ey 	 1 	 -1.264269e-10 	 -2.697379e-13
9 	 122 	 Ey 	 1 	 -8.061926e-11 	 2.214366e-16
9 	 123 	 Ey 	 1 	 -5.353151e-11 	 -1.469398e-13
9 	 124 	 Ey 	 1 	 -3.673823e-11 	 1.941154e-13
9 	 125 	 Ey 	 1 	 -2.607155e-11 	 -7.353699e-14
9 	 126 	 Ey 	 1 	 -1.893989e-11 	 2.552232e-13
9 	 127 	 Ey 	 1 	 -1.413092e-11 	 2.368774e-13
9 	 128 	 Ey 	 1 	 -1.084749e-11 	 -7.876736e-14
9 	 129 	 Ey 	 1 	 9.624427e-09 	 4.078129e-11
9 	 130 	 Ey 	 1 	 -2.620952e-09 	 -1.050371e-11
9 	 131 	 Ey 	 1 	 -8.894227e-09 	 -3.685346e-11
9 	 132 	 Ey 	 1 	 -3.959094e-09 	 -1.654281e-11
9 	 133 	 Ey 	 1 	 -1.542822e-09 	 -6.463581e-12
9 	 134 	 Ey 	 1 	 -6.629229e-10 	 -2.769910e-12
9 	 135 	 Ey 	 1 	 -3.194801e-10 	 -1.139792e-12
9 	 136 	 Ey 	 1 	 -1.697178e-10 	 -5.239625e-13
9 	 137 	 Ey 	 1 	 -9.755823e-11 	 -3.284956e-13
9 	 138 	 Ey 	 1 	 -5.973323e-11 	 -3.219922e-14
9 	 139 	 Ey 	 1 	 -3.854644e-11 	 -9.431924e-14
9 	 140 	 Ey 	 1 	 -2.596204e-11 	 7.156022e-15
9 	 141 	 Ey 	 1 	 -1.815997e-11 	 -5.336023e-14
9 	 142 	 Ey 	 1 	 -1.308829e-11 	 1.473603e-13
9 	 143 	 Ey 	 1 	 -9.741879e-12 	 3.010018e-14
9 	 144 	 Ey 	 1 	 -7.434791e-12 	 1.804036e-14
9 	 145 	 Ey 	 1 	 6.561464e-08 	 2.690367e-10
9 	 146 	 Ey 	 1 	 5.643075e-08 	 2.186638e-10
9 	 147 	 Ey 	 1 	 -2.973365e-08 	 -1.224895e-10
9 	 148 	 Ey 	 1 	 -4.280682e-09 	 -1.795018e-11
9 	 149 	 Ey 	 1 	 -1.065690e-09 	 -4.562138e-12
9 	 150 	 Ey 	 1 	 -3.697803e-10 	 -1.611808e-12
9 	 151 	 Ey 	 1 	 -1.576898e-10 	 -6.479832e-13
9 	 152 	 Ey 	 1 	 -7.720894e-11 	 -2.449057e-13
9 	 153 	 Ey 	 1 	 -4.171261e-11 	 -1.401410e-13
9 	 154 	 Ey 	 1 	 -2.425853e-11 	 -5.726010e-14
9 	 155 	 Ey 	 1 	 -1.496094e-11 	 -1.301132e-13
9 	 156 	 Ey 	 1 	 -9.664901e-12 	 -5.130202e-14
9 	 157 	 Ey 	 1 	 -6.480745e-12 	 5.696249e-15
9 	 158 	 Ey 	 1 	 -4.508308e-12 	 5.798452e-15
9 	 159 	 Ey 	 1 	 -3.274460e-12 	 -9.144310e-14
9 	 160 	 Ey 	 1 	 -2.405453e-12 	 3.612710e-14
9 	 161 	 Ey 	 1 	 -6.254859e-08 	 -2.561402e-10
9 	 162 	 Ey 	 1 	 5.374444e-06 	 2.156300e-08
9 	 163 	 Ey 	 1 	 2.356077e-08 	 9.702969e-11
9 	 164 	 Ey 	 1 	 2.552251e-09 	 1.067969e-11
9 	 165 	 Ey 	 1 	 6.833304e-10 	 2.898499e-12
9 	 166 	 Ey 	 1 	 2.803248e-10 	 1.205487e-12
9 	 167 	 Ey 	 1 	 1.460082e-10 	 5.577686e-13
9 	 168 	 Ey 	 1 	 8.815804e-11 	 2.673144e-13
9 	 169 	 Ey 	 1 	 5.865004e-11 	 8.300422e-14
9 	 170 	 Ey 	 1 	 4.176050e-11 	 2.995767e-14
9 	 171 	 Ey 	 1 	 3.126048e-11 	 6.808368e-14
9 	 172 	 Ey 	 1 	 2.424941e-11 	 2.291717e-14
9 	 173 	 Ey 	 1 	 1.935000e-11 	 -5.345559e-14
9 	 174 	 Ey 	 1 	 1.580513e-11 	 -7.974486e-14
9 	 175 	 Ey 	 1 	 1.316875e-11 	 -2.092181e-14
9 	 176 	 Ey 	 1 	 1.112502e-11 	 -2.783461e-14
9 	 177 	 Ey 	 1 	 -2.223415e-08 	 -9.217684e-11
9 	 178 	 Ey 	 1 	 7.924839e-09 	 3.288570e-11
9 	 179 	 Ey 	 1 	 1.662200e-08 	 6.893543e-11
9 	 180 	 Ey 	 1 	 4.736977e-09 	 1.998420e-11
9 	 181 	 Ey 	 1 	 1.500099e-09 	 6.257746e-12
9 	 182 	 Ey 	 1 	 5.823871e-10 	 2.285345e-12
9 	 183 	 Ey 	 1 	 2.653504e-10 	 7.634342e-13
9 	 184 	 Ey 	 1 	 1.360939e-10 	 2.239242e-13
9 	 185 	 Ey 	 1 	 7.625715e-11 	 1.884866e-13
9 	 186 	 Ey 	 1 	 4.564351e-11 	 -5.085320e-14
9 	 187 	 Ey 	 1 	 2.877690e-11 	 -4.853613e-14
9 	 188 	 Ey 	 1 	 1.886474e-11 	 -2.159123e-13
9 	 189 	 Ey 	 1 	 1.276414e-11 	 -2.117099e-13
9 	 190 	 Ey 	 1 	 8.862929e-12 	 -1.783992e-13
9 	 191 	 Ey 	 1 	 6.298240e-12 	 -7.372050e-14
9 	 192 	 Ey 	 1 	 4.479781e-12 	 -3.546841e-13
9 	 193 	 Ey 	 1 	 -3.890836e-09 	 -1.721634e-11
9 	 194 	 Ey 	 1 	 7.527349e-10 	 2.416544e-12
9 	 195 	 Ey 	 1 	 4.167388e-09 	 1.704745e-11
9 	 196 	 Ey 	 1 	 2.768653e-09 	 1.135150e-11
9 	 197 	 Ey 	 1 	 1.374662e-09 	 5.676169e-12
9 	 198 	 Ey 	 1 	 6.758359e-10 	 2.679661e-12
9 	 199 	 Ey 	 1 	 3.518461e-10 	 1.018255e-12
9 	 200 	 Ey 	 1 	 1.957811e-10 	 5.051946e-13
9 	 201 	 Ey 	 1 	 1.156341e-10 	 1.509392e-13
9 	 202 	 Ey 	 1 	 7.182480e-11 	 -1.938079e-13
9 	 203 	 Ey 	 1 	 4.657862e-11 	 -3.624269e-14
9 	 204 	 Ey 	 1 	 3.123150e-11 	 -2.488342e-13
9 	 205 	 Ey 	 1 	 2.160657e-11 	 -7.428522e-14
9 	 206 	 Ey 	 1 	 1.524241e-11 	 -4.111703e-13
9 	 207 	 Ey 	 1 	 1.099812e-11 	 -3.598368e-13
9 	 208 	 Ey 	 1 	 8.126432e-12 	 -6.433237e-14
9 	 209 	 Ey 	 1 	 -1.064839e-09 	 -5.492401e-12
9 	 210 	 Ey 	 1 	 1.512265e-10 	 -2.016143e-13
9 	 211 	 Ey 	 1 	 1.289820e-09 	 4.891264e-12
9 	 212 	 Ey 	 1 	 1.304656e-09 	 5.177569e-12
9 	 213 	 Ey 	 1 	 9.075138e-10 	 3.377571e-12
9 	 214 	 Ey 	 1 	 5.600647e-10 	 1.754699e-12
9 	 215 	 Ey 	 1 	 3.383796e-10 	 6.584798e-13
9 	 216 	 Ey 	 1 	 2.078909e-10 	 3.832015e-13
9 	 217 	 Ey 	 1 	 1.314154e-10 	 -6.113149e-15
9 	 218 	 Ey 	 1 	 8.571132e-11 	 -1.585520e-13
9 	 219 	 Ey 	 1 	 5.758678e-11 	 -7.370946e-14
9 	 220 	 Ey 	 1 	 3.964731e-11 	 -5.824737e-13
9 	 221 	 Ey 	 1 	 2.803796e-11 	 -2.087182e-13
9 	 222 	 Ey 	 1 	 2.017095e-11 	 -4.326873e-13
9 	 223 	 Ey 	 1 	 1.477347e-11 	 -5.572352e-13
9 	 224 	 Ey 	 1 	 1.107515e-11 	 -1.507297e-13
9 	 225 	 Ey 	 1 	 -3.930960e-10 	 -2.885103e-12
9 	 226 	 Ey 	 1 	 4.179718e-11 	 -1.398887e-12
9 	 227 	 Ey 	 1 	 4.992283e-10 	 9.304652e-13
9 	 228 	 Ey 	 1 	 6.274760e-10 	 1.523568e-12
9 	 229 	 Ey 	 1 	 5.442071e-10 	 1.371731e-12
9 	 230 	 Ey 	 1 	 4.021453e-10 	 1.069542e-12
9 	 231 	 Ey 	 1 	 2.783034e-10 	 7.380435e-13
9 	 232 	 Ey 	 1 	 1.888000e-10 	 6.153742e-13
9 	 233 	 Ey 	 1 	 1.282593e-10 	 -2.784291e-13
9 	 234 	 Ey 	 1 	 8.829758e-11 	 -1.981736e-13
9 	 235 	 Ey 	 1 	 6.172460e-11 	 -5.322685e-13
9 	 236 	 Ey 	 1 	 4.394383e-11 	 -4.990351e-13
9 	 237 	 Ey 	 1 	 3.189176e-11 	 -2.000005e-14
9 	 238 	 Ey 	 1 	 2.337912e-11 	 -5.097567e-13
9 	 239 	 Ey 	 1 	 1.730777e-11 	 -1.303126e-12
9 	 240 	 Ey 	 1 	 1.335716e-11 	 4.185159e-13
9 	 241 	 Ey 	 1 	 -1.766676e-10 	 -9.384083e-13
9 	 242 	 Ey 	 1 	 1.281310e-11 	 -3.275770e-13
9 	 243 	 Ey 	 1 	 2.274324e-10 	 4.535287e-13
9 	 244 	 Ey 	 1 	 3.233994e-10 	 6.285385e-13
9 	 245 	 Ey 	 1 	 3.234210e-10 	 3.893272e-13
9 	 246 	 Ey 	 1 	 2.729870e-10 	 3.231121e-13
9 	 247 	 Ey 	 1 	 2.112162e-10 	 2.989349e-13
9 	 248 	 Ey 	 1 	 1.566101e-10 	 1.508038e-13
9 	 249 	 Ey 	 1 	 1.141602e-10 	 4.699027e-14
9 	 250 	 Ey 	 1 	 8.297980e-11 	 -1.352390e-13
9 	 251 	 Ey 	 1 	 6.038765e-11 	 -1.246426e-12
9 	 252 	 Ey 	 1 	 4.452301e-11 	 -6.615265e-13
9 	 253 	 Ey 	 1 	 3.314864e-11 	 -3.079673e-13
9 	 254 	 Ey 	 1 	 2.492970e-11 	 -3.372626e-13
9 	 255 	 Ey 	 1 	 1.879329e-11 	 -1.284935e-12
9 	 256 	 Ey 	 1 	 1.460226e-11 	 -2.347840e-13
9 	 1 	 Ey 	 2 	 1.809447e-11 	 1.706554e-12
9 	 2 	 Ey 	 2 	 1.851241e-12 	 1.492645e-12
9 	 3 	 Ey 	 2 	 -2.023638e-11 	 1.315078e-12
9 	 4 	 Ey 	 2 	 -3.584483e-11 	 1.175001e-12
9 	 5 	 Ey 	 2 	 -4.653432e-11 	 1.066468e-12
9 	 6 	 Ey 	 2 	 -5.197799e-11 	 9.815420e-13
9 	 7 	 Ey 	 2 	 -5.291426e-11 	 9.162285e-13
9 	 8 	 Ey 	 2 	 -5.061157e-11 	 8.570829e-13
9 	 9 	 Ey 	 2 	 -4.634336e-11 	 8.074231e-13
9 	 10 	 Ey 	 2 	 -4.117945e-11 	 7.526637e-13
9 	 11 	 Ey 	 2 	 -3.584018e-11 	 6.972377e-13
9 	 12 	 Ey 	 2 	 -3.077512e-11 	 6.357695e-13
9 	 13 	 Ey 	 2 	 -2.621805e-11 	 5.651278e-13
9 	 14 	 Ey 	 2 	 -2.222537e-11 	 4.966761e-13
9 	 15 	 Ey 	 2 	 -1.880407e-11 	 4.274770e-13
9 	 16 	 Ey 	 2 	 -1.595401e-11 	 3.389019e-13
9 	 17 	 Ey 	 2 	 2.675244e-11 	 1.811635e-12
9 	 18 	 Ey 	 2 	 1.426094e-12 	 1.532441e-12
9 	 19 	 Ey 	 2 	 -3.172076e-11 	 1.303417e-12
9 	 20 	 Ey 	 2 	 -5.437971e-11 	 1.120301e-12
9 	 21 	 Ey 	 2 	 -6.830354e-11 	 9.827356e-13
9 	 22 	 Ey 	 2 	 -7.353578e-11 	 8.816000e-13
9 	 23 	 Ey 	 2 	 -7.201173e-11 	 8.111127e-13
9 	 24 	 Ey 	 2 	 -6.624434e-11 	 7.565237e-13
9 	 25 	 Ey 	 2 	 -5.845769e-11 	 7.047284e-13
9 	 26 	 Ey 	 2 	 -5.019291e-11 	 6.528099e-13
9 	 27 	 Ey 	 2 	 -4.234813e-11 	 5.940271e-13
9 	 28 	 Ey 	 2 	 -3.535338e-11 	 5.380702e-13
9 	 29 	 Ey 	 2 	 -2.935577e-11 	 4.816536e-13
9 	 30 	 Ey 	 2 	 -2.435378e-11 	 4.113060e-13
9 	 31 	 Ey 	 2 	 -2.023280e-11 	 3.361963e-13
9 	 32 	 Ey 	 2 	 -1.684439e-11 	 2.702011e-13
9 	 33 	 Ey 	 2 	 4.187224e-11 	 1.873881e-12
9 	 34 	 Ey 	 2 	 3.040938e-13 	 1.522134e-12
9 	 35 	 Ey 	 2 	 -5.194944e-11 	 1.238475e-12
9 	 36 	 Ey 	 2 	 -8.579085e-11 	 1.018429e-12
9 	 37 	 Ey 	 2 	 -1.032517e-10 	 8.560254e-13
9 	 38 	 Ey 	 2 	 -1.060125e-10 	 7.544559e-13
9 	 39 	 Ey 	 2 	 -9.887605e-11 	 6.857866e-13
9 	 40 	 Ey 	 2 	 -8.675504e-11 	 6.329838e-13
9 	 41 	 Ey 	 2 	 -7.325646e-11 	 5.917221e-13
9 	 42 	 Ey 	 2 	 -6.044717e-11 	 5.468710e-13
9 	 43 	 Ey 	 2 	 -4.923886e-11 	 5.005899e-13
9 	 44 	 Ey 	 2 	 -3.987402e-11 	 4.483712e-13
9 	 45 	 Ey 	 2 	 -3.224348e-11 	 3.954283e-13
9 	 46 	 Ey 	 2 	 -2.613902e-11 	 3.313280e-13
9 	 47 	 Ey 	 2 	 -2.128235e-11 	 2.655154e-13
9 	 48 	 Ey 	 2 	 -1.741657e-11 	 2.036669e-13
9 	 49 	 Ey 	 2 	 7.042029e-11 	 1.918355e-12
9 	 50 	 Ey 	 2 	 -2.453193e-12 	 1.483245e-12
9 	 51 	 Ey 	 2 	 -9.002982e-11 	 1.111238e-12
9 	 52 	 Ey 	 2 	 -1.418767e-10 	 8.432340e-13
9 	 53 	 Ey 	 2 	 -1.612844e-10 	 6.685754e-13
9 	 54 	 Ey 	 2 	 -1.555469e-10 	 5.654390e-13
9 	 55 	 Ey 	 2 	 -1.363191e-10 	 5.299048e-13
9 	 56 	 Ey 	 2 	 -1.128799e-10 	 4.895000e-13
9 	 57 	 Ey 	 2 	 -9.052469e-11 	 4.699755e-13
9 	 58 	 Ey 	 2 	 -7.138086e-11 	 4.420598e-13
9 	 59 	 Ey 	 2 	 -5.593858e-11 	 4.066780e-13
9 	 60 	 Ey 	 2 	 -4.383164e-11 	 3.621541e-13
9 	 61 	 Ey 	 2 	 -3.448270e-11 	 3.094548e-13
9 	 62 	 Ey 	 2 	 -2.728917e-11 	 2.591081e-13
9 	 63 	 Ey 	 2 	 -2.177722e-11 	 1.986058e-13
9 	 64 	 Ey 	 2 	 -1.752969e-11 	 1.381652e-13
9 	 65 	 Ey 	 2 	 1.298817e-10 	 1.965207e-12
9 	 66 	 Ey 	 2 	 -9.335530e-12 	 1.358921e-12
9 	 67 	 Ey 	 2 	 -1.682081e-10 	 8.869808e-13
9 	 68 	 Ey 	 2 	 -2.484833e-10 	 5.659030e-13
9 	 69 	 Ey 	 2 	 -2.606356e-10 	 3.853314e-13
9 	 70 	 Ey 	 2 	 -2.309984e-10 	 3.256149e-13
9 	 71 	 Ey 	 2 	 -1.869266e-10 	 3.246251e-13
9 	 72 	 Ey 	 2 	 -1.442481e-10 	 3.411788e-13
9 	 73 	 Ey 	 2 	 -1.089132e-10 	 3.368857e-13
9 	 74 	 Ey 	 2 	 -8.169055e-11 	 3.299214e-13
9 	 75 	 Ey 	 2 	 -6.139644e-11 	 3.116863e-13
9 	 76 	 Ey 	 2 	 -4.648930e-11 	 2.740010e-13
9 	 77 	 Ey 	 2 	 -3.554827e-11 	 2.311368e-13
9 	 78 	 Ey 	 2 	 -2.748516e-11 	 1.836732e-13
9 	 79 	 Ey 	 2 	 -2.150110e-11 	 1.351642e-13
9 	 80 	 Ey 	 2 	 -1.703506e-11 	 7.788412e-14
9 	 81 	 Ey 	 2 	 2.703723e-10 	 2.053501e-12
9 	 82 	 Ey 	 2 	 -2.853779e-11 	 1.207325e-12
9 	 83 	 Ey 	 2 	 -3.479722e-10 	 4.816487e-13
9 	 84 	 Ey 	 2 	 -4.656545e-10 	 7.899792e-14
9 	 85 	 Ey 	 2 	 -4.338173e-10 	 -3.580453e-14
9 	 86 	 Ey 	 2 	 -3.424152e-10 	 6.081375e-15
9 	 87 	 Ey 	 2 	 -2.503286e-10 	 8.617699e-14
9 	 88 	 Ey 	 2 	 -1.775954e-10 	 1.515804e-13
9 	 89 	 Ey 	 2 	 -1.253122e-10 	 2.032736e-13
9 	 90 	 Ey 	 2 	 -8.904581e-11 	 2.129235e-13
9 	 91 	 Ey 	 2 	 -6.411051e-11 	 2.096677e-13
9 	 92 	 Ey 	 2 	 -4.689616e-11 	 1.857886e-13
9 	 93 	 Ey 	 2 	 -3.487989e-11 	 1.511370e-13
9 	 94 	 Ey 	 2 	 -2.637262e-11 	 1.108950e-13
9 	 95 	 Ey 	 2 	 -2.025428e-11 	 7.122301e-14
9 	 96 	 Ey 	 2 	 -1.581547e-11 	 1.943540e-14
9 	 97 	 Ey 	 2 	 6.652670e-10 	 2.334724e-12
9 	 98 	 Ey 	 2 	 -9.237430e-11 	 8.441969e-13
9 	 99 	 Ey 	 2 	 -8.290377e-10 	 -3.234870e-13
9 	 100 	 Ey 	 2 	 -9.390247e-10 	 -7.356791e-13
9 	 101 	 Ey 	 2 	 -7.296611e-10 	 -6.366253e-13
9 	 102 	 Ey 	 2 	 -4.914963e-10 	 -3.938640e-13
9 	 103 	 Ey 	 2 	 -3.168555e-10 	 -1.701194e-13
9 	 104 	 Ey 	 2 	 -2.042293e-10 	 -1.463067e-14
9 	 105 	 Ey 	 2 	 -1.340117e-10 	 6.458706e-14
9 	 106 	 Ey 	 2 	 -9.013157e-11 	 1.030919e-13
9 	 107 	 Ey 	 2 	 -6.221929e-11 	 1.092122e-13
9 	 108 	 Ey 	 2 	 -4.404892e-11 	 9.617486e-14
9 	 109 	 Ey 	 2 	 -3.194086e-11 	 6.858324e-14
9 	 110 	 Ey 	 2 	 -2.366900e-11 	 3.842563e-14
9 	 111 	 Ey 	 2 	 -1.789516e-11 	 4.393897e-15
9 	 112 	 Ey 	 2 	 -1.379688e-11 	 -3.763941e-14
9 	 113 	 Ey 	 2 	 2.094509e-09 	 3.541565e-12
9 	 114 	 Ey 	 2 	 -3.788092e-10 	 1.827146e-13
9 	 115 	 Ey 	 2 	 -2.405325e-09 	 -2.167257e-12
9 	 116 	 Ey 	 2 	 -1.998113e-09 	 -2.187276e-12
9 	 117 	 Ey 	 2 	 -1.172141e-09 	 -1.422500e-12
9 	 118 	 Ey 	 2 	 -6.410791e-10 	 -7.314450e-13
9 	 119 	 Ey 	 2 	 -3.573666e-10 	 -3.682617e-13
9 	 120 	 Ey 	 2 	 -2.081943e-10 	 -1.570708e-13
9 	 121 	 Ey 	 2 	 -1.272216e-10 	 -4.759176e-14
9 	 122 	 Ey 	 2 	 -8.127885e-11 	 1.142575e-15
9 	 123 	 Ey 	 2 	 -5.403376e-11 	 1.213821e-14
9 	 124 	 Ey 	 2 	 -3.719345e-11 	 6.335890e-15
9 	 125 	 Ey 	 2 	 -2.640280e-11 	 -1.347805e-14
9 	 126 	 Ey 	 2 	 -1.925192e-11 	 -3.707024e-14
9 	 127 	 Ey 	 2 	 -1.438213e-11 	 -6.476303e-14
9 	 128 	 Ey 	 2 	 -1.098354e-11 	 -9.577137e-14
9 	 129 	 Ey 	 2 	 9.650891e-09 	 8.749918e-12
9 	 130 	 Ey 	 2 	 -2.628770e-09 	 -2.008985e-12
9 	 131 	 Ey 	 2 	 -8.919594e-09 	 -7.389186e-12
9 	 132 	 Ey 	 2 	 -3.970548e-09 	 -4.090926e-12
9 	 133 	 Ey 	 2 	 -1.547490e-09 	 -1.861137e-12
9 	 134 	 Ey 	 2 	 -6.650663e-10 	 -8.805981e-13
9 	 135 	 Ey 	 2 	 -3.206537e-10 	 -4.447037e-13
9 	 136 	 Ey 	 2 	 -1.704852e-10 	 -2.149533e-13
9 	 137 	 Ey 	 2 	 -9.808091e-11 	 -1.247722e-13
9 	 138 	 Ey 	 2 	 -6.013340e-11 	 -8.541711e-14
9 	 139 	 Ey 	 2 	 -3.884604e-11 	 -7.656056e-14
9 	 140 	 Ey 	 2 	 -2.619919e-11 	 -8.290541e-14
9 	 141 	 Ey 	 2 	 -1.833139e-11 	 -9.690163e-14
9 	 142 	 Ey 	 2 	 -1.323655e-11 	 -1.151849e-13
9 	 143 	 Ey 	 2 	 -9.827237e-12 	 -1.351399e-13
9 	 144 	 Ey 	 2 	 -7.477899e-12 	 -1.555217e-13
9 	 145 	 Ey 	 2 	 6.579918e-08 	 3.340154e-11
9 	 146 	 Ey 	 2 	 5.658958e-08 	 -2.233276e-11
9 	 147 	 Ey 	 2 	 -2.981754e-08 	 -1.834242e-11
9 	 148 	 Ey 	 2 	 -4.292779e-09 	 -4.114626e-12
9 	 149 	 Ey 	 2 	 -1.068799e-09 	 -1.323869e-12
9 	 150 	 Ey 	 2 	 -3.709114e-10 	 -5.797662e-13
9 	 151 	 Ey 	 2 	 -1.582231e-10 	 -3.044996e-13
9 	 152 	 Ey 	 2 	 -7.749325e-11 	 -2.085934e-13
9 	 153 	 Ey 	 2 	 -4.187266e-11 	 -1.681074e-13
9 	 154 	 Ey 	 2 	 -2.434685e-11 	 -1.598987e-13
9 	 155 	 Ey 	 2 	 -1.498848e-11 	 -1.616474e-13
9 	 156 	 Ey 	 2 	 -9.663382e-12 	 -1.732942e-13
9 	 157 	 Ey 	 2 	 -6.468228e-12 	 -1.836087e-13
9 	 158 	 Ey 	 2 	 -4.475744e-12 	 -1.960280e-13
9 	 159 	 Ey 	 2 	 -3.188167e-12 	 -2.098024e-13
9 	 160 	 Ey 	 2 	 -2.328645e-12 	 -2.190241e-13
9 	 161 	 Ey 	 2 	 -6.272493e-08 	 -3.046426e-11
9 	 162 	 Ey 	 2 	 5.389590e-06 	 9.217122e-10
9 	 163 	 Ey 	 2 	 2.362713e-08 	 1.467183e-11
9 	 164 	 Ey 	 2 	 2.559437e-09 	 2.451510e-12
9 	 165 	 Ey 	 2 	 6.852949e-10 	 7.561094e-13
9 	 166 	 Ey 	 2 	 2.811913e-10 	 2.601168e-13
9 	 167 	 Ey 	 2 	 1.465447e-10 	 4.120862e-14
9 	 168 	 Ey 	 2 	 8.853607e-11 	 -6.243266e-14
9 	 169 	 Ey 	 2 	 5.898804e-11 	 -1.404344e-13
9 	 170 	 Ey 	 2 	 4.205603e-11 	 -1.819549e-13
9 	 171 	 Ey 	 2 	 3.151700e-11 	 -2.139047e-13
9 	 172 	 Ey 	 2 	 2.450465e-11 	 -2.377589e-13
9 	 173 	 Ey 	 2 	 1.961030e-11 	 -2.545042e-13
9 	 174 	 Ey 	 2 	 1.606264e-11 	 -2.647127e-13
9 	 175 	 Ey 	 2 	 1.340650e-11 	 -2.703798e-13
9 	 176 	 Ey 	 2 	 1.136917e-11 	 -2.730850e-13
9 	 177 	 Ey 	 2 	 -2.229657e-08 	 -1.538269e-11
9 	 178 	 Ey 	 2 	 7.947347e-09 	 6.277495e-12
9 	 179 	 Ey 	 2 	 1.666901e-08 	 1.210937e-11
9 	 180 	 Ey 	 2 	 4.750421e-09 	 4.658282e-12
9 	 181 	 Ey 	 2 	 1.504568e-09 	 1.675804e-12
9 	 182 	 Ey 	 2 	 5.842801e-10 	 6.308120e-13
9 	 183 	 Ey 	 2 	 2.664404e-10 	 1.420565e-13
9 	 184 	 Ey 	 2 	 1.368480e-10 	 -9.284678e-14
9 	 185 	 Ey 	 2 	 7.681886e-11 	 -2.192368e-13
9 	 186 	 Ey 	 2 	 4.616292e-11 	 -3.003503e-13
9 	 187 	 Ey 	 2 	 2.924245e-11 	 -3.431432e-13
9 	 188 	 Ey 	 2 	 1.931933e-11 	 -3.655676e-13
9 	 189 	 Ey 	 2 	 1.320080e-11 	 -3.758070e-13
9 	 190 	 Ey 	 2 	 9.268495e-12 	 -3.760108e-13
9 	 191 	 Ey 	 2 	 6.655248e-12 	 -3.691589e-13
9 	 192 	 Ey 	 2 	 4.865043e-12 	 -3.596887e-13
9 	 193 	 Ey 	 2 	 -3.901332e-09 	 -4.630338e-12
9 	 194 	 Ey 	 2 	 7.552934e-10 	 5.049909e-13
9 	 195 	 Ey 	 2 	 4.179473e-09 	 3.892237e-12
9 	 196 	 Ey 	 2 	 2.776799e-09 	 2.990715e-12
9 	 197 	 Ey 	 2 	 1.378893e-09 	 1.603904e-12
9 	 198 	 Ey 	 2 	 6.781535e-10 	 6.815105e-13
9 	 199 	 Ey 	 2 	 3.533945e-10 	 1.316015e-13
9 	 200 	 Ey 	 2 	 1.968805e-10 	 -1.423457e-13
9 	 201 	 Ey 	 2 	 1.165428e-10 	 -3.108398e-13
9 	 202 	 Ey 	 2 	 7.265145e-11 	 -4.059695e-13
9 	 203 	 Ey 	 2 	 4.729594e-11 	 -4.556709e-13
9 	 204 	 Ey 	 2 	 3.192311e-11 	 -4.800330e-13
9 	 205 	 Ey 	 2 	 2.221183e-11 	 -4.842121e-13
9 	 206 	 Ey 	 2 	 1.585284e-11 	 -4.772954e-13
9 	 207 	 Ey 	 2 	 1.156537e-11 	 -4.613531e-13
9 	 208 	 Ey 	 2 	 8.600474e-12 	 -4.375471e-13
9 	 209 	 Ey 	 2 	 -1.067192e-09 	 -2.444568e-12
9 	 210 	 Ey 	 2 	 1.522573e-10 	 -5.252088e-13
9 	 211 	 Ey 	 2 	 1.293983e-09 	 1.007322e-12
9 	 212 	 Ey 	 2 	 1.308879e-09 	 1.272691e-12
9 	 213 	 Ey 	 2 	 9.107413e-10 	 7.855257e-13
9 	 214 	 Ey 	 2 	 5.623605e-10 	 3.214015e-13
9 	 215 	 Ey 	 2 	 3.401300e-10 	 -5.157105e-14
9 	 216 	 Ey 	 2 	 2.092576e-10 	 -2.909337e-13
9 	 217 	 Ey 	 2 	 1.326122e-10 	 -4.549667e-13
9 	 218 	 Ey 	 2 	 8.677419e-11 	 -5.449545e-13
9 	 219 	 Ey 	 2 	 5.854006e-11 	 -5.927253e-13
9 	 220 	 Ey 	 2 	 4.059841e-11 	 -6.122710e-13
9 	 221 	 Ey 	 2 	 2.886248e-11 	 -6.079652e-13
9 	 222 	 Ey 	 2 	 2.096661e-11 	 -5.908796e-13
9 	 223 	 Ey 	 2 	 1.552665e-11 	 -5.630774e-13
9 	 224 	 Ey 	 2 	 1.170215e-11 	 -5.264726e-13
9 	 225 	 Ey 	 2 	 -3.934462e-10 	 -1.842267e-12
9 	 226 	 Ey 	 2 	 4.273384e-11 	 -9.017931e-13
9 	 227 	 Ey 	 2 	 5.014443e-10 	 -1.553096e-13
9 	 228 	 Ey 	 2 	 6.301086e-10 	 1.629593e-13
9 	 229 	 Ey 	 2 	 5.466207e-10 	 1.273743e-13
9 	 230 	 Ey 	 2 	 4.042283e-10 	 -1.408766e-13
9 	 231 	 Ey 	 2 	 2.799965e-10 	 -3.243674e-13
9 	 232 	 Ey 	 2 	 1.902627e-10 	 -5.179043e-13
9 	 233 	 Ey 	 2 	 1.296968e-10 	 -6.495283e-13
9 	 234 	 Ey 	 2 	 8.959337e-11 	 -7.233873e-13
9 	 235 	 Ey 	 2 	 6.297665e-11 	 -7.592166e-13
9 	 236 	 Ey 	 2 	 4.508720e-11 	 -7.646201e-13
9 	 237 	 Ey 	 2 	 3.286803e-11 	 -7.473637e-13
9 	 238 	 Ey 	 2 	 2.436387e-11 	 -7.191740e-13
9 	 239 	 Ey 	 2 	 1.834348e-11 	 -6.808320e-13
9 	 240 	 Ey 	 2 	 1.403514e-11 	 -6.238928e-13
9 	 241 	 Ey 	 2 	 -1.765362e-10 	 -1.656304e-12
9 	 242 	 Ey 	 2 	 1.354411e-11 	 -1.109485e-12
9 	 243 	 Ey 	 2 	 2.289000e-10 	 -6.944789e-13
9 	 244 	 Ey 	 2 	 3.252662e-10 	 -4.731523e-13
9 	 245 	 Ey 	 2 	 3.254005e-10 	 -4.372818e-13
9 	 246 	 Ey 	 2 	 2.749385e-10 	 -5.693854e-13
9 	 247 	 Ey 	 2 	 2.129960e-10 	 -6.823285e-13
9 	 248 	 Ey 	 2 	 1.582862e-10 	 -8.093937e-13
9 	 249 	 Ey 	 2 	 1.157302e-10 	 -8.845222e-13
9 	 250 	 Ey 	 2 	 8.445188e-11 	 -9.345832e-13
9 	 251 	 Ey 	 2 	 6.196064e-11 	 -9.589341e-13
9 	 252 	 Ey 	 2 	 4.590143e-11 	 -9.461398e-13
9 	 253 	 Ey 	 2 	 3.438917e-11 	 -9.151868e-13
9 	 254 	 Ey 	 2 	 2.607236e-11 	 -8.675380e-13
9 	 255 	 Ey 	 2 	 1.999802e-11 	 -8.137301e-13
9 	 256 	 Ey 	 2 	 1.553698e-11 	 -7.426805e-13
