iTx 	 iRx    chrec  ifreq 	 emf_real 	 emf_imag
6 	 1 	 Ex 	 1 	 4.033490e-11 	 4.693826e-11
6 	 2 	 Ex 	 1 	 4.112317e-12 	 5.261838e-11
6 	 3 	 Ex 	 1 	 -7.174792e-11 	 5.890020e-11
6 	 4 	 Ex 	 1 	 -1.933378e-10 	 6.614535e-11
6 	 5 	 Ex 	 1 	 -3.332175e-10 	 7.188971e-11
6 	 6 	 Ex 	 1 	 -3.934821e-10 	 7.513092e-11
6 	 7 	 Ex 	 1 	 -3.941120e-10 	 7.415416e-11
6 	 8 	 Ex 	 1 	 -2.724368e-10 	 6.976465e-11
6 	 9 	 Ex 	 1 	 -1.340516e-10 	 6.316150e-11
6 	 10 	 Ex 	 1 	 -3.196118e-11 	 5.626270e-11
6 	 11 	 Ex 	 1 	 2.471098e-11 	 5.052674e-11
6 	 12 	 Ex 	 1 	 4.835578e-11 	 4.528578e-11
6 	 13 	 Ex 	 1 	 5.310526e-11 	 3.779128e-11
6 	 14 	 Ex 	 1 	 4.881084e-11 	 2.845984e-11
6 	 15 	 Ex 	 1 	 4.162467e-11 	 2.112120e-11
6 	 16 	 Ex 	 1 	 3.492739e-11 	 2.051657e-11
6 	 17 	 Ex 	 1 	 1.182190e-10 	 5.452026e-11
6 	 18 	 Ex 	 1 	 9.762333e-11 	 6.451183e-11
6 	 19 	 Ex 	 1 	 6.640188e-12 	 7.613474e-11
6 	 20 	 Ex 	 1 	 -2.052293e-10 	 8.814012e-11
6 	 21 	 Ex 	 1 	 -5.226525e-10 	 9.786551e-11
6 	 22 	 Ex 	 1 	 -7.151260e-10 	 1.030409e-10
6 	 23 	 Ex 	 1 	 -6.822757e-10 	 1.014823e-10
6 	 24 	 Ex 	 1 	 -3.759635e-10 	 9.417702e-11
6 	 25 	 Ex 	 1 	 -9.375567e-11 	 8.316661e-11
6 	 26 	 Ex 	 1 	 5.965245e-11 	 7.115213e-11
6 	 27 	 Ex 	 1 	 1.132274e-10 	 6.042863e-11
6 	 28 	 Ex 	 1 	 1.170890e-10 	 5.150317e-11
6 	 29 	 Ex 	 1 	 1.020806e-10 	 4.187584e-11
6 	 30 	 Ex 	 1 	 8.268659e-11 	 3.172532e-11
6 	 31 	 Ex 	 1 	 6.516638e-11 	 2.568454e-11
6 	 32 	 Ex 	 1 	 5.084207e-11 	 2.240517e-11
6 	 33 	 Ex 	 1 	 2.472351e-10 	 6.222052e-11
6 	 34 	 Ex 	 1 	 2.934121e-10 	 7.962019e-11
6 	 35 	 Ex 	 1 	 2.534992e-10 	 9.953584e-11
6 	 36 	 Ex 	 1 	 -5.726595e-11 	 1.203297e-10
6 	 37 	 Ex 	 1 	 -8.348559e-10 	 1.381835e-10
6 	 38 	 Ex 	 1 	 -1.546050e-09 	 1.475960e-10
6 	 39 	 Ex 	 1 	 -1.348183e-09 	 1.447432e-10
6 	 40 	 Ex 	 1 	 -4.342118e-10 	 1.312647e-10
6 	 41 	 Ex 	 1 	 1.314462e-10 	 1.115555e-10
6 	 42 	 Ex 	 1 	 2.911191e-10 	 9.093887e-11
6 	 43 	 Ex 	 1 	 2.779428e-10 	 7.214137e-11
6 	 44 	 Ex 	 1 	 2.220520e-10 	 5.633529e-11
6 	 45 	 Ex 	 1 	 1.672812e-10 	 4.407146e-11
6 	 46 	 Ex 	 1 	 1.237902e-10 	 3.525307e-11
6 	 47 	 Ex 	 1 	 9.179504e-11 	 3.107787e-11
6 	 48 	 Ex 	 1 	 6.793659e-11 	 2.512063e-11
6 	 49 	 Ex 	 1 	 4.288979e-10 	 6.798843e-11
6 	 50 	 Ex 	 1 	 6.397724e-10 	 9.224169e-11
6 	 51 	 Ex 	 1 	 8.875078e-10 	 1.242774e-10
6 	 52 	 Ex 	 1 	 8.212919e-10 	 1.637458e-10
6 	 53 	 Ex 	 1 	 -9.518002e-10 	 2.036670e-10
6 	 54 	 Ex 	 1 	 -4.430156e-09 	 2.230149e-10
6 	 55 	 Ex 	 1 	 -3.104291e-09 	 2.178697e-10
6 	 56 	 Ex 	 1 	 1.855041e-10 	 1.875098e-10
6 	 57 	 Ex 	 1 	 9.451050e-10 	 1.458539e-10
6 	 58 	 Ex 	 1 	 7.822505e-10 	 1.098288e-10
6 	 59 	 Ex 	 1 	 5.380079e-10 	 8.124226e-11
6 	 60 	 Ex 	 1 	 3.593252e-10 	 6.032652e-11
6 	 61 	 Ex 	 1 	 2.426407e-10 	 4.815841e-11
6 	 62 	 Ex 	 1 	 1.674242e-10 	 4.158789e-11
6 	 63 	 Ex 	 1 	 1.176703e-10 	 3.464994e-11
6 	 64 	 Ex 	 1 	 8.334609e-11 	 2.415579e-11
6 	 65 	 Ex 	 1 	 6.232745e-10 	 7.353251e-11
6 	 66 	 Ex 	 1 	 1.095957e-09 	 1.046715e-10
6 	 67 	 Ex 	 1 	 2.078253e-09 	 1.515717e-10
6 	 68 	 Ex 	 1 	 4.097661e-09 	 2.256141e-10
6 	 69 	 Ex 	 1 	 4.843532e-09 	 3.404974e-10
6 	 70 	 Ex 	 1 	 -2.165811e-08 	 3.676174e-10
6 	 71 	 Ex 	 1 	 -5.222387e-09 	 3.823401e-10
6 	 72 	 Ex 	 1 	 5.422117e-09 	 2.863762e-10
6 	 73 	 Ex 	 1 	 3.042586e-09 	 1.886721e-10
6 	 74 	 Ex 	 1 	 1.550175e-09 	 1.292397e-10
6 	 75 	 Ex 	 1 	 8.462674e-10 	 9.017138e-11
6 	 76 	 Ex 	 1 	 4.968428e-10 	 6.396823e-11
6 	 77 	 Ex 	 1 	 3.101470e-10 	 5.062065e-11
6 	 78 	 Ex 	 1 	 2.036166e-10 	 4.547307e-11
6 	 79 	 Ex 	 1 	 1.381965e-10 	 3.738369e-11
6 	 80 	 Ex 	 1 	 9.523947e-11 	 2.402705e-11
6 	 81 	 Ex 	 1 	 7.382399e-10 	 7.595190e-11
6 	 82 	 Ex 	 1 	 1.409317e-09 	 1.106924e-10
6 	 83 	 Ex 	 1 	 3.148211e-09 	 1.682440e-10
6 	 84 	 Ex 	 1 	 9.237013e-09 	 2.814206e-10
6 	 85 	 Ex 	 1 	 4.727509e-08 	 6.526040e-10
6 	 86 	 Ex 	 1 	 -8.099641e-08 	 1.346082e-09
6 	 87 	 Ex 	 1 	 2.251857e-07 	 1.712873e-09
6 	 88 	 Ex 	 1 	 2.084137e-08 	 4.199678e-10
6 	 89 	 Ex 	 1 	 5.508799e-09 	 2.200591e-10
6 	 90 	 Ex 	 1 	 2.164488e-09 	 1.398220e-10
6 	 91 	 Ex 	 1 	 1.049752e-09 	 9.414042e-11
6 	 92 	 Ex 	 1 	 5.786738e-10 	 6.581340e-11
6 	 93 	 Ex 	 1 	 3.481421e-10 	 5.259581e-11
6 	 94 	 Ex 	 1 	 2.233555e-10 	 4.807323e-11
6 	 95 	 Ex 	 1 	 1.490347e-10 	 3.833323e-11
6 	 96 	 Ex 	 1 	 1.013915e-10 	 2.301333e-11
6 	 97 	 Ex 	 1 	 7.042772e-10 	 7.555153e-11
6 	 98 	 Ex 	 1 	 1.311731e-09 	 1.091551e-10
6 	 99 	 Ex 	 1 	 2.787752e-09 	 1.631135e-10
6 	 100 	 Ex 	 1 	 7.222814e-09 	 2.617532e-10
6 	 101 	 Ex 	 1 	 2.338319e-08 	 5.002325e-10
6 	 102 	 Ex 	 1 	 -8.226704e-08 	 4.642434e-10
6 	 103 	 Ex 	 1 	 2.849927e-08 	 7.149928e-10
6 	 104 	 Ex 	 1 	 1.366368e-08 	 3.655268e-10
6 	 105 	 Ex 	 1 	 4.594647e-09 	 2.096131e-10
6 	 106 	 Ex 	 1 	 1.955787e-09 	 1.366361e-10
6 	 107 	 Ex 	 1 	 9.829584e-10 	 9.324469e-11
6 	 108 	 Ex 	 1 	 5.521655e-10 	 6.550141e-11
6 	 109 	 Ex 	 1 	 3.358255e-10 	 5.193143e-11
6 	 110 	 Ex 	 1 	 2.168846e-10 	 4.694680e-11
6 	 111 	 Ex 	 1 	 1.454621e-10 	 3.787986e-11
6 	 112 	 Ex 	 1 	 9.940038e-11 	 2.359219e-11
6 	 113 	 Ex 	 1 	 5.408956e-10 	 7.157307e-11
6 	 114 	 Ex 	 1 	 8.911792e-10 	 9.982549e-11
6 	 115 	 Ex 	 1 	 1.492011e-09 	 1.399105e-10
6 	 116 	 Ex 	 1 	 2.205459e-09 	 1.959582e-10
6 	 117 	 Ex 	 1 	 3.306922e-10 	 2.641674e-10
6 	 118 	 Ex 	 1 	 -9.787161e-09 	 2.911440e-10
6 	 119 	 Ex 	 1 	 -4.945184e-09 	 2.872928e-10
6 	 120 	 Ex 	 1 	 1.951570e-09 	 2.349227e-10
6 	 121 	 Ex 	 1 	 1.926801e-09 	 1.692212e-10
6 	 122 	 Ex 	 1 	 1.189494e-09 	 1.212509e-10
6 	 123 	 Ex 	 1 	 7.117781e-10 	 8.684585e-11
6 	 124 	 Ex 	 1 	 4.396645e-10 	 6.273299e-11
6 	 125 	 Ex 	 1 	 2.830219e-10 	 4.951569e-11
6 	 126 	 Ex 	 1 	 1.894452e-10 	 4.357473e-11
6 	 127 	 Ex 	 1 	 1.303892e-10 	 3.618541e-11
6 	 128 	 Ex 	 1 	 9.091852e-11 	 2.439291e-11
6 	 129 	 Ex 	 1 	 3.437653e-10 	 6.580445e-11
6 	 130 	 Ex 	 1 	 4.668360e-10 	 8.676632e-11
6 	 131 	 Ex 	 1 	 5.409176e-10 	 1.127161e-10
6 	 132 	 Ex 	 1 	 2.657318e-10 	 1.420106e-10
6 	 133 	 Ex 	 1 	 -1.006968e-09 	 1.693928e-10
6 	 134 	 Ex 	 1 	 -2.661728e-09 	 1.834157e-10
6 	 135 	 Ex 	 1 	 -2.105231e-09 	 1.793939e-10
6 	 136 	 Ex 	 1 	 -2.824382e-10 	 1.585685e-10
6 	 137 	 Ex 	 1 	 4.680451e-10 	 1.292473e-10
6 	 138 	 Ex 	 1 	 5.255753e-10 	 1.012461e-10
6 	 139 	 Ex 	 1 	 4.121297e-10 	 7.749355e-11
6 	 140 	 Ex 	 1 	 2.964217e-10 	 5.898047e-11
6 	 141 	 Ex 	 1 	 2.095262e-10 	 4.644537e-11
6 	 142 	 Ex 	 1 	 1.488311e-10 	 3.837473e-11
6 	 143 	 Ex 	 1 	 1.069829e-10 	 3.275853e-11
6 	 144 	 Ex 	 1 	 7.729598e-11 	 2.492709e-11
6 	 145 	 Ex 	 1 	 1.840127e-10 	 5.905184e-11
6 	 146 	 Ex 	 1 	 1.913487e-10 	 7.272016e-11
6 	 147 	 Ex 	 1 	 1.130506e-10 	 8.815704e-11
6 	 148 	 Ex 	 1 	 -1.607691e-10 	 1.041069e-10
6 	 149 	 Ex 	 1 	 -6.798113e-10 	 1.174244e-10
6 	 150 	 Ex 	 1 	 -1.072068e-09 	 1.244571e-10
6 	 151 	 Ex 	 1 	 -9.761841e-10 	 1.223404e-10
6 	 152 	 Ex 	 1 	 -4.270202e-10 	 1.123858e-10
6 	 153 	 Ex 	 1 	 -6.977833e-12 	 9.731518e-11
6 	 154 	 Ex 	 1 	 1.649977e-10 	 8.147302e-11
6 	 155 	 Ex 	 1 	 1.946084e-10 	 6.693421e-11
6 	 156 	 Ex 	 1 	 1.718524e-10 	 5.466014e-11
6 	 157 	 Ex 	 1 	 1.374888e-10 	 4.340220e-11
6 	 158 	 Ex 	 1 	 1.056255e-10 	 3.313724e-11
6 	 159 	 Ex 	 1 	 8.039205e-11 	 2.808389e-11
6 	 160 	 Ex 	 1 	 6.095480e-11 	 2.406953e-11
6 	 161 	 Ex 	 1 	 7.961565e-11 	 5.101226e-11
6 	 162 	 Ex 	 1 	 4.835733e-11 	 5.867075e-11
6 	 163 	 Ex 	 1 	 -3.878831e-11 	 6.739669e-11
6 	 164 	 Ex 	 1 	 -2.052876e-10 	 7.707377e-11
6 	 165 	 Ex 	 1 	 -4.232931e-10 	 8.467124e-11
6 	 166 	 Ex 	 1 	 -5.392324e-10 	 8.875944e-11
6 	 167 	 Ex 	 1 	 -5.249666e-10 	 8.760743e-11
6 	 168 	 Ex 	 1 	 -3.257002e-10 	 8.177309e-11
6 	 169 	 Ex 	 1 	 -1.209799e-10 	 7.304025e-11
6 	 170 	 Ex 	 1 	 9.251239e-12 	 6.366579e-11
6 	 171 	 Ex 	 1 	 6.803008e-11 	 5.574545e-11
6 	 172 	 Ex 	 1 	 8.391259e-11 	 4.889599e-11
6 	 173 	 Ex 	 1 	 7.950021e-11 	 4.018082e-11
6 	 174 	 Ex 	 1 	 6.763562e-11 	 2.991882e-11
6 	 175 	 Ex 	 1 	 5.503871e-11 	 2.309557e-11
6 	 176 	 Ex 	 1 	 4.424569e-11 	 2.126166e-11
6 	 177 	 Ex 	 1 	 1.946113e-11 	 4.115476e-11
6 	 178 	 Ex 	 1 	 -1.635204e-11 	 4.580406e-11
6 	 179 	 Ex 	 1 	 -8.131330e-11 	 5.176412e-11
6 	 180 	 Ex 	 1 	 -1.751971e-10 	 5.860479e-11
6 	 181 	 Ex 	 1 	 -2.750433e-10 	 6.405852e-11
6 	 182 	 Ex 	 1 	 -3.127543e-10 	 6.690823e-11
6 	 183 	 Ex 	 1 	 -3.167131e-10 	 6.615227e-11
6 	 184 	 Ex 	 1 	 -2.324713e-10 	 6.201232e-11
6 	 185 	 Ex 	 1 	 -1.304769e-10 	 5.579144e-11
6 	 186 	 Ex 	 1 	 -4.814883e-11 	 4.926196e-11
6 	 187 	 Ex 	 1 	 3.206057e-12 	 4.407000e-11
6 	 188 	 Ex 	 1 	 2.894466e-11 	 4.031139e-11
6 	 189 	 Ex 	 1 	 3.823176e-11 	 3.612603e-11
6 	 190 	 Ex 	 1 	 3.821629e-11 	 2.913234e-11
6 	 191 	 Ex 	 1 	 3.372240e-11 	 1.960712e-11
6 	 192 	 Ex 	 1 	 2.900726e-11 	 1.721813e-11
6 	 193 	 Ex 	 1 	 -1.221834e-11 	 3.111458e-11
6 	 194 	 Ex 	 1 	 -4.193465e-11 	 3.575486e-11
6 	 195 	 Ex 	 1 	 -8.543267e-11 	 4.198195e-11
6 	 196 	 Ex 	 1 	 -1.386707e-10 	 4.775128e-11
6 	 197 	 Ex 	 1 	 -1.884531e-10 	 5.212457e-11
6 	 198 	 Ex 	 1 	 -2.001104e-10 	 5.409147e-11
6 	 199 	 Ex 	 1 	 -2.079653e-10 	 5.359927e-11
6 	 200 	 Ex 	 1 	 -1.678716e-10 	 5.054196e-11
6 	 201 	 Ex 	 1 	 -1.142622e-10 	 4.556436e-11
6 	 202 	 Ex 	 1 	 -6.420416e-11 	 3.956660e-11
6 	 203 	 Ex 	 1 	 -2.672169e-11 	 3.382606e-11
6 	 204 	 Ex 	 1 	 -2.602281e-12 	 3.055407e-11
6 	 205 	 Ex 	 1 	 1.107677e-11 	 3.034782e-11
6 	 206 	 Ex 	 1 	 1.701546e-11 	 2.775152e-11
6 	 207 	 Ex 	 1 	 1.765655e-11 	 1.954346e-11
6 	 208 	 Ex 	 1 	 1.632858e-11 	 1.344743e-11
6 	 209 	 Ex 	 1 	 -2.686184e-11 	 2.553133e-11
6 	 210 	 Ex 	 1 	 -4.914331e-11 	 3.022369e-11
6 	 211 	 Ex 	 1 	 -7.758418e-11 	 3.606911e-11
6 	 212 	 Ex 	 1 	 -1.088209e-10 	 4.058899e-11
6 	 213 	 Ex 	 1 	 -1.356216e-10 	 4.369106e-11
6 	 214 	 Ex 	 1 	 -1.376910e-10 	 4.482056e-11
6 	 215 	 Ex 	 1 	 -1.457808e-10 	 4.456307e-11
6 	 216 	 Ex 	 1 	 -1.247465e-10 	 4.267666e-11
6 	 217 	 Ex 	 1 	 -9.487575e-11 	 3.908309e-11
6 	 218 	 Ex 	 1 	 -6.415623e-11 	 3.398123e-11
6 	 219 	 Ex 	 1 	 -3.820830e-11 	 2.834729e-11
6 	 220 	 Ex 	 1 	 -1.895091e-11 	 2.429705e-11
6 	 221 	 Ex 	 1 	 -5.866182e-12 	 2.301616e-11
6 	 222 	 Ex 	 1 	 2.214361e-12 	 2.311499e-11
6 	 223 	 Ex 	 1 	 6.143856e-12 	 2.039184e-11
6 	 224 	 Ex 	 1 	 6.831174e-12 	 1.232730e-11
6 	 225 	 Ex 	 1 	 -3.194003e-11 	 2.511339e-11
6 	 226 	 Ex 	 1 	 -4.821870e-11 	 2.873438e-11
6 	 227 	 Ex 	 1 	 -6.742024e-11 	 3.081410e-11
6 	 228 	 Ex 	 1 	 -8.684472e-11 	 3.216438e-11
6 	 229 	 Ex 	 1 	 -1.024786e-10 	 3.302617e-11
6 	 230 	 Ex 	 1 	 -1.009285e-10 	 3.351489e-11
6 	 231 	 Ex 	 1 	 -1.082755e-10 	 3.335947e-11
6 	 232 	 Ex 	 1 	 -9.625137e-11 	 3.283766e-11
6 	 233 	 Ex 	 1 	 -7.839494e-11 	 3.183831e-11
6 	 234 	 Ex 	 1 	 -5.864072e-11 	 3.028395e-11
6 	 235 	 Ex 	 1 	 -4.050020e-11 	 2.765405e-11
6 	 236 	 Ex 	 1 	 -2.599198e-11 	 2.322803e-11
6 	 237 	 Ex 	 1 	 -1.537116e-11 	 1.840079e-11
6 	 238 	 Ex 	 1 	 -7.725114e-12 	 1.641718e-11
6 	 239 	 Ex 	 1 	 -2.529317e-12 	 1.625327e-11
6 	 240 	 Ex 	 1 	 4.379309e-13 	 1.481496e-11
6 	 241 	 Ex 	 1 	 -3.288582e-11 	 2.324174e-11
6 	 242 	 Ex 	 1 	 -4.500173e-11 	 2.419282e-11
6 	 243 	 Ex 	 1 	 -5.833250e-11 	 2.374889e-11
6 	 244 	 Ex 	 1 	 -7.089098e-11 	 2.364214e-11
6 	 245 	 Ex 	 1 	 -8.056843e-11 	 2.344295e-11
6 	 246 	 Ex 	 1 	 -7.764867e-11 	 2.370309e-11
6 	 247 	 Ex 	 1 	 -8.411067e-11 	 2.362299e-11
6 	 248 	 Ex 	 1 	 -7.681212e-11 	 2.354822e-11
6 	 249 	 Ex 	 1 	 -6.560265e-11 	 2.368401e-11
6 	 250 	 Ex 	 1 	 -5.247862e-11 	 2.399582e-11
6 	 251 	 Ex 	 1 	 -3.952516e-11 	 2.403510e-11
6 	 252 	 Ex 	 1 	 -2.829005e-11 	 2.272427e-11
6 	 253 	 Ex 	 1 	 -1.971626e-11 	 1.841831e-11
6 	 254 	 Ex 	 1 	 -1.366594e-11 	 1.198572e-11
6 	 255 	 Ex 	 1 	 -8.673937e-12 	 1.060993e-11
6 	 256 	 Ex 	 1 	 -4.487536e-12 	 1.377228e-11
6 	 1 	 Ex 	 2 	 -2.919530e-11 	 7.171953e-11
6 	 2 	 Ex 	 2 	 -7.744533e-11 	 9.485548e-11
6 	 3 	 Ex 	 2 	 -1.652044e-10 	 1.208157e-10
6 	 4 	 Ex 	 2 	 -2.975937e-10 	 1.466940e-10
6 	 5 	 Ex 	 2 	 -4.456144e-10 	 1.677404e-10
6 	 6 	 Ex 	 2 	 -5.098321e-10 	 1.782558e-10
6 	 7 	 Ex 	 2 	 -5.093718e-10 	 1.752753e-10
6 	 8 	 Ex 	 2 	 -3.817682e-10 	 1.594348e-10
6 	 9 	 Ex 	 2 	 -2.339203e-10 	 1.355909e-10
6 	 10 	 Ex 	 2 	 -1.204420e-10 	 1.092374e-10
6 	 11 	 Ex 	 2 	 -5.185667e-11 	 8.436364e-11
6 	 12 	 Ex 	 2 	 -1.643684e-11 	 6.296773e-11
6 	 13 	 Ex 	 2 	 -2.772812e-13 	 4.565746e-11
6 	 14 	 Ex 	 2 	 6.168282e-12 	 3.216963e-11
6 	 15 	 Ex 	 2 	 8.211755e-12 	 2.200306e-11
6 	 16 	 Ex 	 2 	 8.485845e-12 	 1.453974e-11
6 	 17 	 Ex 	 2 	 3.701526e-11 	 9.520803e-11
6 	 18 	 Ex 	 2 	 9.213591e-13 	 1.298815e-10
6 	 19 	 Ex 	 2 	 -1.060203e-10 	 1.716255e-10
6 	 20 	 Ex 	 2 	 -3.327374e-10 	 2.165651e-10
6 	 21 	 Ex 	 2 	 -6.620173e-10 	 2.560738e-10
6 	 22 	 Ex 	 2 	 -8.603919e-10 	 2.769533e-10
6 	 23 	 Ex 	 2 	 -8.259231e-10 	 2.709082e-10
6 	 24 	 Ex 	 2 	 -5.107542e-10 	 2.400823e-10
6 	 25 	 Ex 	 2 	 -2.151260e-10 	 1.967781e-10
6 	 26 	 Ex 	 2 	 -4.624822e-11 	 1.525718e-10
6 	 27 	 Ex 	 2 	 2.300363e-11 	 1.138648e-10
6 	 28 	 Ex 	 2 	 4.174527e-11 	 8.267200e-11
6 	 29 	 Ex 	 2 	 4.067480e-11 	 5.863585e-11
6 	 30 	 Ex 	 2 	 3.387405e-11 	 4.068582e-11
6 	 31 	 Ex 	 2 	 2.676008e-11 	 2.756310e-11
6 	 32 	 Ex 	 2 	 2.091539e-11 	 1.813349e-11
6 	 33 	 Ex 	 2 	 1.548207e-10 	 1.216695e-10
6 	 34 	 Ex 	 2 	 1.813955e-10 	 1.722708e-10
6 	 35 	 Ex 	 2 	 1.208300e-10 	 2.387290e-10
6 	 36 	 Ex 	 2 	 -2.103577e-10 	 3.190983e-10
6 	 37 	 Ex 	 2 	 -1.005711e-09 	 3.990285e-10
6 	 38 	 Ex 	 2 	 -1.726904e-09 	 4.459830e-10
6 	 39 	 Ex 	 2 	 -1.526152e-09 	 4.318800e-10
6 	 40 	 Ex 	 2 	 -5.978738e-10 	 3.653389e-10
6 	 41 	 Ex 	 2 	 -1.299750e-11 	 2.823578e-10
6 	 42 	 Ex 	 2 	 1.673093e-10 	 2.074297e-10
6 	 43 	 Ex 	 2 	 1.743145e-10 	 1.482771e-10
6 	 44 	 Ex 	 2 	 1.369950e-10 	 1.042129e-10
6 	 45 	 Ex 	 2 	 9.865674e-11 	 7.220449e-11
6 	 46 	 Ex 	 2 	 6.920409e-11 	 4.928164e-11
6 	 47 	 Ex 	 2 	 4.862182e-11 	 3.303439e-11
6 	 48 	 Ex 	 2 	 3.470582e-11 	 2.160172e-11
6 	 49 	 Ex 	 2 	 3.270962e-10 	 1.482085e-10
6 	 50 	 Ex 	 2 	 5.148493e-10 	 2.182756e-10
6 	 51 	 Ex 	 2 	 7.373071e-10 	 3.205247e-10
6 	 52 	 Ex 	 2 	 6.444199e-10 	 4.656591e-10
6 	 53 	 Ex 	 2 	 -1.156722e-09 	 6.447502e-10
6 	 54 	 Ex 	 2 	 -4.657693e-09 	 7.747453e-10
6 	 55 	 Ex 	 2 	 -3.324325e-09 	 7.330318e-10
6 	 56 	 Ex 	 2 	 -7.015098e-12 	 5.638993e-10
6 	 57 	 Ex 	 2 	 7.799879e-10 	 3.956347e-10
6 	 58 	 Ex 	 2 	 6.429744e-10 	 2.706864e-10
6 	 59 	 Ex 	 2 	 4.230362e-10 	 1.842720e-10
6 	 60 	 Ex 	 2 	 2.660225e-10 	 1.252575e-10
6 	 61 	 Ex 	 2 	 1.675951e-10 	 8.482998e-11
6 	 62 	 Ex 	 2 	 1.075103e-10 	 5.701976e-11
6 	 63 	 Ex 	 2 	 7.073725e-11 	 3.782897e-11
6 	 64 	 Ex 	 2 	 4.793747e-11 	 2.457558e-11
6 	 65 	 Ex 	 2 	 5.146156e-10 	 1.699130e-10
6 	 66 	 Ex 	 2 	 9.615979e-10 	 2.590120e-10
6 	 67 	 Ex 	 2 	 1.915596e-09 	 4.032217e-10
6 	 68 	 Ex 	 2 	 3.906830e-09 	 6.502855e-10
6 	 69 	 Ex 	 2 	 4.620830e-09 	 1.085905e-09
6 	 70 	 Ex 	 2 	 -2.197847e-08 	 1.611866e-09
6 	 71 	 Ex 	 2 	 -5.489031e-09 	 1.409660e-09
6 	 72 	 Ex 	 2 	 5.215511e-09 	 8.633275e-10
6 	 73 	 Ex 	 2 	 2.863686e-09 	 5.233779e-10
6 	 74 	 Ex 	 2 	 1.399699e-09 	 3.304423e-10
6 	 75 	 Ex 	 2 	 7.229864e-10 	 2.148740e-10
6 	 76 	 Ex 	 2 	 3.976161e-10 	 1.420171e-10
6 	 77 	 Ex 	 2 	 2.306735e-10 	 9.447648e-11
6 	 78 	 Ex 	 2 	 1.400693e-10 	 6.277021e-11
6 	 79 	 Ex 	 2 	 8.859347e-11 	 4.132943e-11
6 	 80 	 Ex 	 2 	 5.822538e-11 	 2.672432e-11
6 	 81 	 Ex 	 2 	 6.264450e-10 	 1.809863e-10
6 	 82 	 Ex 	 2 	 1.270707e-09 	 2.810287e-10
6 	 83 	 Ex 	 2 	 2.980606e-09 	 4.529389e-10
6 	 84 	 Ex 	 2 	 9.047741e-09 	 7.891238e-10
6 	 85 	 Ex 	 2 	 4.714867e-08 	 1.655021e-09
6 	 86 	 Ex 	 2 	 -8.153029e-08 	 6.459199e-09
6 	 87 	 Ex 	 2 	 2.255342e-07 	 3.067620e-09
6 	 88 	 Ex 	 2 	 2.066061e-08 	 1.148615e-09
6 	 89 	 Ex 	 2 	 5.326559e-09 	 6.083031e-10
6 	 90 	 Ex 	 2 	 2.009195e-09 	 3.643816e-10
6 	 91 	 Ex 	 2 	 9.227236e-10 	 2.309225e-10
6 	 92 	 Ex 	 2 	 4.766753e-10 	 1.504379e-10
6 	 93 	 Ex 	 2 	 2.664621e-10 	 9.920897e-11
6 	 94 	 Ex 	 2 	 1.579777e-10 	 6.555248e-11
6 	 95 	 Ex 	 2 	 9.826354e-11 	 4.300580e-11
6 	 96 	 Ex 	 2 	 6.377648e-11 	 2.775147e-11
6 	 97 	 Ex 	 2 	 5.932612e-10 	 1.778446e-10
6 	 98 	 Ex 	 2 	 1.174159e-09 	 2.745927e-10
6 	 99 	 Ex 	 2 	 2.621376e-09 	 4.377843e-10
6 	 100 	 Ex 	 2 	 7.031693e-09 	 7.435668e-10
6 	 101 	 Ex 	 2 	 2.319706e-08 	 1.427800e-09
6 	 102 	 Ex 	 2 	 -8.278470e-08 	 2.956889e-09
6 	 103 	 Ex 	 2 	 2.830598e-08 	 2.201970e-09
6 	 104 	 Ex 	 2 	 1.346822e-08 	 1.046975e-09
6 	 105 	 Ex 	 2 	 4.412820e-09 	 5.815231e-10
6 	 106 	 Ex 	 2 	 1.801757e-09 	 3.541990e-10
6 	 107 	 Ex 	 2 	 8.569144e-10 	 2.262618e-10
6 	 108 	 Ex 	 2 	 4.508637e-10 	 1.480753e-10
6 	 109 	 Ex 	 2 	 2.547413e-10 	 9.792470e-11
6 	 110 	 Ex 	 2 	 1.520453e-10 	 6.483176e-11
6 	 111 	 Ex 	 2 	 9.500852e-11 	 4.259727e-11
6 	 112 	 Ex 	 2 	 6.187379e-11 	 2.752234e-11
6 	 113 	 Ex 	 2 	 4.346656e-10 	 1.615708e-10
6 	 114 	 Ex 	 2 	 7.602143e-10 	 2.427296e-10
6 	 115 	 Ex 	 2 	 1.333804e-09 	 3.685093e-10
6 	 116 	 Ex 	 2 	 2.018654e-09 	 5.665128e-10
6 	 117 	 Ex 	 2 	 1.098443e-10 	 8.590148e-10
6 	 118 	 Ex 	 2 	 -1.005395e-08 	 1.124381e-09
6 	 119 	 Ex 	 2 	 -5.192947e-09 	 1.032351e-09
6 	 120 	 Ex 	 2 	 1.747177e-09 	 7.186048e-10
6 	 121 	 Ex 	 2 	 1.752544e-09 	 4.676468e-10
6 	 122 	 Ex 	 2 	 1.043039e-09 	 3.059682e-10
6 	 123 	 Ex 	 2 	 5.914888e-10 	 2.028545e-10
6 	 124 	 Ex 	 2 	 3.425295e-10 	 1.356824e-10
6 	 125 	 Ex 	 2 	 2.051268e-10 	 9.096977e-11
6 	 126 	 Ex 	 2 	 1.272251e-10 	 6.077486e-11
6 	 127 	 Ex 	 2 	 8.172267e-11 	 4.018291e-11
6 	 128 	 Ex 	 2 	 5.436433e-11 	 2.607618e-11
6 	 129 	 Ex 	 2 	 2.455792e-10 	 1.371801e-10
6 	 130 	 Ex 	 2 	 3.470596e-10 	 1.983223e-10
6 	 131 	 Ex 	 2 	 3.978064e-10 	 2.833927e-10
6 	 132 	 Ex 	 2 	 9.872770e-11 	 3.950925e-10
6 	 133 	 Ex 	 2 	 -1.196986e-09 	 5.187016e-10
6 	 134 	 Ex 	 2 	 -2.866667e-09 	 5.986828e-10
6 	 135 	 Ex 	 2 	 -2.305625e-09 	 5.739139e-10
6 	 136 	 Ex 	 2 	 -4.627607e-10 	 4.648799e-10
6 	 137 	 Ex 	 2 	 3.113020e-10 	 3.426710e-10
6 	 138 	 Ex 	 2 	 3.925020e-10 	 2.426089e-10
6 	 139 	 Ex 	 2 	 3.015936e-10 	 1.689778e-10
6 	 140 	 Ex 	 2 	 2.062672e-10 	 1.166745e-10
6 	 141 	 Ex 	 2 	 1.369234e-10 	 7.990013e-11
6 	 142 	 Ex 	 2 	 9.101582e-11 	 5.414706e-11
6 	 143 	 Ex 	 2 	 6.149349e-11 	 3.615694e-11
6 	 144 	 Ex 	 2 	 4.256626e-11 	 2.362406e-11
6 	 145 	 Ex 	 2 	 9.614125e-11 	 1.103571e-10
6 	 146 	 Ex 	 2 	 8.568769e-11 	 1.534323e-10
6 	 147 	 Ex 	 2 	 -1.106124e-11 	 2.076209e-10
6 	 148 	 Ex 	 2 	 -3.026080e-10 	 2.695266e-10
6 	 149 	 Ex 	 2 	 -8.363876e-10 	 3.273542e-10
6 	 150 	 Ex 	 2 	 -1.236415e-09 	 3.595310e-10
6 	 151 	 Ex 	 2 	 -1.138332e-09 	 3.500235e-10
6 	 152 	 Ex 	 2 	 -5.778383e-10 	 3.035303e-10
6 	 153 	 Ex 	 2 	 -1.413371e-10 	 2.416949e-10
6 	 154 	 Ex 	 2 	 4.878289e-11 	 1.824507e-10
6 	 155 	 Ex 	 2 	 9.646978e-11 	 1.332605e-10
6 	 156 	 Ex 	 2 	 9.062713e-11 	 9.520067e-11
6 	 157 	 Ex 	 2 	 7.165028e-11 	 6.679420e-11
6 	 158 	 Ex 	 2 	 5.335544e-11 	 4.604116e-11
6 	 159 	 Ex 	 2 	 3.914243e-11 	 3.110907e-11
6 	 160 	 Ex 	 2 	 2.892680e-11 	 2.048771e-11
6 	 161 	 Ex 	 2 	 3.281482e-12 	 8.518511e-11
6 	 162 	 Ex 	 2 	 -4.186686e-11 	 1.143283e-10
6 	 163 	 Ex 	 2 	 -1.430290e-10 	 1.481878e-10
6 	 164 	 Ex 	 2 	 -3.225465e-10 	 1.833436e-10
6 	 165 	 Ex 	 2 	 -5.505368e-10 	 2.129959e-10
6 	 166 	 Ex 	 2 	 -6.713279e-10 	 2.282105e-10
6 	 167 	 Ex 	 2 	 -6.557740e-10 	 2.238662e-10
6 	 168 	 Ex 	 2 	 -4.490927e-10 	 2.011273e-10
6 	 169 	 Ex 	 2 	 -2.329067e-10 	 1.680687e-10
6 	 170 	 Ex 	 2 	 -8.913322e-11 	 1.329293e-10
6 	 171 	 Ex 	 2 	 -1.650748e-11 	 1.010493e-10
6 	 172 	 Ex 	 2 	 1.282044e-11 	 7.448044e-11
6 	 173 	 Ex 	 2 	 2.128000e-11 	 5.350844e-11
6 	 174 	 Ex 	 2 	 2.129829e-11 	 3.752713e-11
6 	 175 	 Ex 	 2 	 1.865892e-11 	 2.565720e-11
6 	 176 	 Ex 	 2 	 1.568474e-11 	 1.702117e-11
6 	 177 	 Ex 	 2 	 -4.487660e-11 	 6.363240e-11
6 	 178 	 Ex 	 2 	 -9.149164e-11 	 8.299266e-11
6 	 179 	 Ex 	 2 	 -1.671185e-10 	 1.041348e-10
6 	 180 	 Ex 	 2 	 -2.705860e-10 	 1.246553e-10
6 	 181 	 Ex 	 2 	 -3.775267e-10 	 1.409120e-10
6 	 182 	 Ex 	 2 	 -4.186110e-10 	 1.488909e-10
6 	 183 	 Ex 	 2 	 -4.216624e-10 	 1.466585e-10
6 	 184 	 Ex 	 2 	 -3.322834e-10 	 1.345477e-10
6 	 185 	 Ex 	 2 	 -2.219845e-10 	 1.159361e-10
6 	 186 	 Ex 	 2 	 -1.295431e-10 	 9.481586e-11
6 	 187 	 Ex 	 2 	 -6.750677e-11 	 7.431807e-11
6 	 188 	 Ex 	 2 	 -3.126928e-11 	 5.624017e-11
6 	 189 	 Ex 	 2 	 -1.194431e-11 	 4.128612e-11
6 	 190 	 Ex 	 2 	 -2.295011e-12 	 2.942688e-11
6 	 191 	 Ex 	 2 	 2.264692e-12 	 2.032165e-11
6 	 192 	 Ex 	 2 	 4.353982e-12 	 1.354834e-11
6 	 193 	 Ex 	 2 	 -6.502743e-11 	 4.621935e-11
6 	 194 	 Ex 	 2 	 -1.033121e-10 	 5.895013e-11
6 	 195 	 Ex 	 2 	 -1.551610e-10 	 7.221764e-11
6 	 196 	 Ex 	 2 	 -2.156343e-10 	 8.451462e-11
6 	 197 	 Ex 	 2 	 -2.705988e-10 	 9.385767e-11
6 	 198 	 Ex 	 2 	 -2.846163e-10 	 9.829462e-11
6 	 199 	 Ex 	 2 	 -2.918642e-10 	 9.708440e-11
6 	 200 	 Ex 	 2 	 -2.480685e-10 	 9.024075e-11
6 	 201 	 Ex 	 2 	 -1.883401e-10 	 7.936692e-11
6 	 202 	 Ex 	 2 	 -1.305233e-10 	 6.645905e-11
6 	 203 	 Ex 	 2 	 -8.454606e-11 	 5.330827e-11
6 	 204 	 Ex 	 2 	 -5.215390e-11 	 4.120057e-11
6 	 205 	 Ex 	 2 	 -3.094662e-11 	 3.078225e-11
6 	 206 	 Ex 	 2 	 -1.762500e-11 	 2.223413e-11
6 	 207 	 Ex 	 2 	 -9.432510e-12 	 1.547003e-11
6 	 208 	 Ex 	 2 	 -4.386575e-12 	 1.031300e-11
6 	 209 	 Ex 	 2 	 -6.978215e-11 	 3.271111e-11
6 	 210 	 Ex 	 2 	 -9.881095e-11 	 4.102031e-11
6 	 211 	 Ex 	 2 	 -1.337243e-10 	 4.938893e-11
6 	 212 	 Ex 	 2 	 -1.703324e-10 	 5.688940e-11
6 	 213 	 Ex 	 2 	 -2.009001e-10 	 6.243528e-11
6 	 214 	 Ex 	 2 	 -2.046295e-10 	 6.500163e-11
6 	 215 	 Ex 	 2 	 -2.122943e-10 	 6.432108e-11
6 	 216 	 Ex 	 2 	 -1.886332e-10 	 6.030529e-11
6 	 217 	 Ex 	 2 	 -1.542666e-10 	 5.377536e-11
6 	 218 	 Ex 	 2 	 -1.176559e-10 	 4.577540e-11
6 	 219 	 Ex 	 2 	 -8.505997e-11 	 3.735044e-11
6 	 220 	 Ex 	 2 	 -5.913276e-11 	 2.930549e-11
6 	 221 	 Ex 	 2 	 -3.994208e-11 	 2.216416e-11
6 	 222 	 Ex 	 2 	 -2.631380e-11 	 1.614712e-11
6 	 223 	 Ex 	 2 	 -1.690501e-11 	 1.128575e-11
6 	 224 	 Ex 	 2 	 -1.049358e-11 	 7.476470e-12
6 	 225 	 Ex 	 2 	 -6.690722e-11 	 2.252958e-11
6 	 226 	 Ex 	 2 	 -8.830546e-11 	 2.791078e-11
6 	 227 	 Ex 	 2 	 -1.119886e-10 	 3.318916e-11
6 	 228 	 Ex 	 2 	 -1.350305e-10 	 3.780205e-11
6 	 229 	 Ex 	 2 	 -1.531791e-10 	 4.115161e-11
6 	 230 	 Ex 	 2 	 -1.527563e-10 	 4.266706e-11
6 	 231 	 Ex 	 2 	 -1.598113e-10 	 4.227017e-11
6 	 232 	 Ex 	 2 	 -1.460090e-10 	 3.985940e-11
6 	 233 	 Ex 	 2 	 -1.251329e-10 	 3.587886e-11
6 	 234 	 Ex 	 2 	 -1.013540e-10 	 3.089405e-11
6 	 235 	 Ex 	 2 	 -7.843840e-11 	 2.550238e-11
6 	 236 	 Ex 	 2 	 -5.861094e-11 	 2.021145e-11
6 	 237 	 Ex 	 2 	 -4.262524e-11 	 1.537989e-11
6 	 238 	 Ex 	 2 	 -3.030125e-11 	 1.122543e-11
6 	 239 	 Ex 	 2 	 -2.107499e-11 	 7.811399e-12
6 	 240 	 Ex 	 2 	 -1.431089e-11 	 5.109221e-12
6 	 241 	 Ex 	 2 	 -6.079937e-11 	 1.500798e-11
6 	 242 	 Ex 	 2 	 -7.647400e-11 	 1.844699e-11
6 	 243 	 Ex 	 2 	 -9.279185e-11 	 2.175749e-11
6 	 244 	 Ex 	 2 	 -1.078268e-10 	 2.460562e-11
6 	 245 	 Ex 	 2 	 -1.191889e-10 	 2.664331e-11
6 	 246 	 Ex 	 2 	 -1.170722e-10 	 2.754643e-11
6 	 247 	 Ex 	 2 	 -1.233115e-10 	 2.731238e-11
6 	 248 	 Ex 	 2 	 -1.147602e-10 	 2.584139e-11
6 	 249 	 Ex 	 2 	 -1.014793e-10 	 2.339098e-11
6 	 250 	 Ex 	 2 	 -8.561362e-11 	 2.027684e-11
6 	 251 	 Ex 	 2 	 -6.941451e-11 	 1.684762e-11
6 	 252 	 Ex 	 2 	 -5.448691e-11 	 1.341370e-11
6 	 253 	 Ex 	 2 	 -4.167897e-11 	 1.020656e-11
6 	 254 	 Ex 	 2 	 -3.121222e-11 	 7.382774e-12
6 	 255 	 Ex 	 2 	 -2.288564e-11 	 5.041006e-12
6 	 256 	 Ex 	 2 	 -1.640001e-11 	 3.187759e-12
6 	 1 	 Ey 	 1 	 2.063451e-10 	 4.967608e-13
6 	 2 	 Ey 	 1 	 2.679146e-10 	 6.430052e-13
6 	 3 	 Ey 	 1 	 3.211569e-10 	 6.181729e-13
6 	 4 	 Ey 	 1 	 3.293857e-10 	 8.465520e-13
6 	 5 	 Ey 	 1 	 2.457875e-10 	 7.551993e-13
6 	 6 	 Ey 	 1 	 4.702540e-11 	 1.934197e-13
6 	 7 	 Ey 	 1 	 -1.523582e-10 	 -4.057468e-13
6 	 8 	 Ey 	 1 	 -2.958110e-10 	 -6.836977e-13
6 	 9 	 Ey 	 1 	 -3.336627e-10 	 -5.672822e-13
6 	 10 	 Ey 	 1 	 -2.995257e-10 	 -4.213646e-13
6 	 11 	 Ey 	 1 	 -2.391664e-10 	 -3.111404e-13
6 	 12 	 Ey 	 1 	 -1.800413e-10 	 -5.857244e-14
6 	 13 	 Ey 	 1 	 -1.319847e-10 	 2.493363e-13
6 	 14 	 Ey 	 1 	 -9.607673e-11 	 1.158231e-13
6 	 15 	 Ey 	 1 	 -6.998019e-11 	 8.632746e-13
6 	 16 	 Ey 	 1 	 -5.141225e-11 	 1.122399e-12
6 	 17 	 Ey 	 1 	 2.680405e-10 	 2.453736e-13
6 	 18 	 Ey 	 1 	 3.882436e-10 	 7.245456e-13
6 	 19 	 Ey 	 1 	 5.306877e-10 	 1.537553e-12
6 	 20 	 Ey 	 1 	 6.273352e-10 	 2.493310e-12
6 	 21 	 Ey 	 1 	 5.306080e-10 	 2.329837e-12
6 	 22 	 Ey 	 1 	 1.141661e-10 	 7.666919e-13
6 	 23 	 Ey 	 1 	 -3.454950e-10 	 -1.183913e-12
6 	 24 	 Ey 	 1 	 -6.076185e-10 	 -2.146988e-12
6 	 25 	 Ey 	 1 	 -5.972462e-10 	 -1.733700e-12
6 	 26 	 Ey 	 1 	 -4.663757e-10 	 -9.298883e-13
6 	 27 	 Ey 	 1 	 -3.297567e-10 	 -5.091966e-13
6 	 28 	 Ey 	 1 	 -2.249524e-10 	 -4.690594e-13
6 	 29 	 Ey 	 1 	 -1.525810e-10 	 -2.115884e-13
6 	 30 	 Ey 	 1 	 -1.044824e-10 	 4.686974e-14
6 	 31 	 Ey 	 1 	 -7.264769e-11 	 3.655453e-13
6 	 32 	 Ey 	 1 	 -5.132442e-11 	 1.218083e-12
6 	 33 	 Ey 	 1 	 3.213470e-10 	 6.244482e-13
6 	 34 	 Ey 	 1 	 5.307281e-10 	 1.579982e-12
6 	 35 	 Ey 	 1 	 8.641908e-10 	 3.256953e-12
6 	 36 	 Ey 	 1 	 1.269087e-09 	 5.413961e-12
6 	 37 	 Ey 	 1 	 1.338192e-09 	 5.883819e-12
6 	 38 	 Ey 	 1 	 3.447060e-10 	 1.740028e-12
6 	 39 	 Ey 	 1 	 -9.557412e-10 	 -3.796850e-12
6 	 40 	 Ey 	 1 	 -1.396395e-09 	 -5.723077e-12
6 	 41 	 Ey 	 1 	 -1.093677e-09 	 -4.343860e-12
6 	 42 	 Ey 	 1 	 -6.991804e-10 	 -2.428610e-12
6 	 43 	 Ey 	 1 	 -4.235217e-10 	 -1.021429e-12
6 	 44 	 Ey 	 1 	 -2.577094e-10 	 -4.203980e-13
6 	 45 	 Ey 	 1 	 -1.608564e-10 	 -1.923351e-13
6 	 46 	 Ey 	 1 	 -1.035450e-10 	 1.773211e-13
6 	 47 	 Ey 	 1 	 -6.879075e-11 	 1.369613e-13
6 	 48 	 Ey 	 1 	 -4.696400e-11 	 6.145108e-13
6 	 49 	 Ey 	 1 	 3.293601e-10 	 6.373609e-13
6 	 50 	 Ey 	 1 	 6.271740e-10 	 2.179037e-12
6 	 51 	 Ey 	 1 	 1.269061e-09 	 5.338986e-12
6 	 52 	 Ey 	 1 	 2.577656e-09 	 1.112625e-11
6 	 53 	 Ey 	 1 	 4.125705e-09 	 1.773133e-11
6 	 54 	 Ey 	 1 	 1.511562e-09 	 6.639199e-12
6 	 55 	 Ey 	 1 	 -3.627698e-09 	 -1.508709e-11
6 	 56 	 Ey 	 1 	 -3.560192e-09 	 -1.497528e-11
6 	 57 	 Ey 	 1 	 -1.895534e-09 	 -7.941293e-12
6 	 58 	 Ey 	 1 	 -9.219703e-10 	 -3.610672e-12
6 	 59 	 Ey 	 1 	 -4.666532e-10 	 -1.371113e-12
6 	 60 	 Ey 	 1 	 -2.522741e-10 	 -5.173109e-13
6 	 61 	 Ey 	 1 	 -1.453550e-10 	 -3.603726e-13
6 	 62 	 Ey 	 1 	 -8.846180e-11 	 -7.008892e-15
6 	 63 	 Ey 	 1 	 -5.637250e-11 	 2.524789e-13
6 	 64 	 Ey 	 1 	 -3.734292e-11 	 4.270739e-13
6 	 65 	 Ey 	 1 	 2.454778e-10 	 7.154058e-13
6 	 66 	 Ey 	 1 	 5.302918e-10 	 2.085383e-12
6 	 67 	 Ey 	 1 	 1.337979e-09 	 5.679194e-12
6 	 68 	 Ey 	 1 	 4.126175e-09 	 1.744636e-11
6 	 69 	 Ey 	 1 	 1.466151e-08 	 6.104274e-11
6 	 70 	 Ey 	 1 	 1.411793e-08 	 5.875533e-11
6 	 71 	 Ey 	 1 	 -2.330270e-08 	 -9.624875e-11
6 	 72 	 Ey 	 1 	 -8.371849e-09 	 -3.506805e-11
6 	 73 	 Ey 	 1 	 -2.435345e-09 	 -1.033051e-11
6 	 74 	 Ey 	 1 	 -8.671102e-10 	 -3.654416e-12
6 	 75 	 Ey 	 1 	 -3.701274e-10 	 -1.230844e-12
6 	 76 	 Ey 	 1 	 -1.809308e-10 	 -3.022051e-13
6 	 77 	 Ey 	 1 	 -9.775987e-11 	 -8.334670e-15
6 	 78 	 Ey 	 1 	 -5.697377e-11 	 1.351833e-13
6 	 79 	 Ey 	 1 	 -3.517268e-11 	 1.745407e-13
6 	 80 	 Ey 	 1 	 -2.274394e-11 	 1.537362e-13
6 	 81 	 Ey 	 1 	 4.174945e-11 	 -8.998154e-14
6 	 82 	 Ey 	 1 	 1.145148e-10 	 3.153015e-13
6 	 83 	 Ey 	 1 	 3.683031e-10 	 1.443637e-12
6 	 84 	 Ey 	 1 	 1.653067e-09 	 6.950674e-12
6 	 85 	 Ey 	 1 	 1.542676e-08 	 6.372435e-11
6 	 86 	 Ey 	 1 	 3.328410e-06 	 1.336655e-08
6 	 87 	 Ey 	 1 	 -1.029434e-07 	 -4.213974e-10
6 	 88 	 Ey 	 1 	 -5.460753e-09 	 -2.272336e-11
6 	 89 	 Ey 	 1 	 -9.904400e-10 	 -4.184611e-12
6 	 90 	 Ey 	 1 	 -3.155391e-10 	 -1.249831e-12
6 	 91 	 Ey 	 1 	 -1.362054e-10 	 -4.235353e-13
6 	 92 	 Ey 	 1 	 -7.091943e-11 	 -1.037752e-13
6 	 93 	 Ey 	 1 	 -4.185104e-11 	 2.397050e-14
6 	 94 	 Ey 	 1 	 -2.697359e-11 	 7.833410e-14
6 	 95 	 Ey 	 1 	 -1.853151e-11 	 1.806193e-13
6 	 96 	 Ey 	 1 	 -1.337779e-11 	 2.228379e-13
6 	 97 	 Ey 	 1 	 -1.556276e-10 	 -7.192146e-13
6 	 98 	 Ey 	 1 	 -3.494851e-10 	 -1.608232e-12
6 	 99 	 Ey 	 1 	 -9.610818e-10 	 -4.369610e-12
6 	 100 	 Ey 	 1 	 -3.635404e-09 	 -1.553264e-11
6 	 101 	 Ey 	 1 	 -2.331216e-08 	 -9.657013e-11
6 	 102 	 Ey 	 1 	 -4.306272e-08 	 -1.813401e-10
6 	 103 	 Ey 	 1 	 8.426540e-08 	 3.442971e-10
6 	 104 	 Ey 	 1 	 9.357805e-09 	 3.906341e-11
6 	 105 	 Ey 	 1 	 1.893455e-09 	 8.071846e-12
6 	 106 	 Ey 	 1 	 5.832183e-10 	 2.590220e-12
6 	 107 	 Ey 	 1 	 2.318327e-10 	 1.008726e-12
6 	 108 	 Ey 	 1 	 1.089248e-10 	 5.414512e-13
6 	 109 	 Ey 	 1 	 5.752961e-11 	 3.667635e-13
6 	 110 	 Ey 	 1 	 3.316153e-11 	 3.125924e-13
6 	 111 	 Ey 	 1 	 2.045392e-11 	 2.208584e-13
6 	 112 	 Ey 	 1 	 1.335405e-11 	 2.481208e-13
6 	 113 	 Ey 	 1 	 -2.974299e-10 	 -1.182829e-12
6 	 114 	 Ey 	 1 	 -6.089296e-10 	 -2.706994e-12
6 	 115 	 Ey 	 1 	 -1.397429e-09 	 -6.187881e-12
6 	 116 	 Ey 	 1 	 -3.561240e-09 	 -1.537922e-11
6 	 117 	 Ey 	 1 	 -8.371996e-09 	 -3.529482e-11
6 	 118 	 Ey 	 1 	 -4.684243e-09 	 -1.981239e-11
6 	 119 	 Ey 	 1 	 9.390663e-09 	 3.906801e-11
6 	 120 	 Ey 	 1 	 5.969729e-09 	 2.517326e-11
6 	 121 	 Ey 	 1 	 2.328622e-09 	 9.954628e-12
6 	 122 	 Ey 	 1 	 9.514438e-10 	 4.133967e-12
6 	 123 	 Ey 	 1 	 4.365534e-10 	 1.726153e-12
6 	 124 	 Ey 	 1 	 2.228366e-10 	 8.120100e-13
6 	 125 	 Ey 	 1 	 1.241280e-10 	 6.029898e-13
6 	 126 	 Ey 	 1 	 7.416560e-11 	 4.127736e-13
6 	 127 	 Ey 	 1 	 4.693169e-11 	 2.195825e-13
6 	 128 	 Ey 	 1 	 3.117338e-11 	 2.091857e-13
6 	 129 	 Ey 	 1 	 -3.357236e-10 	 -1.192603e-12
6 	 130 	 Ey 	 1 	 -5.989926e-10 	 -2.447795e-12
6 	 131 	 Ey 	 1 	 -1.095077e-09 	 -4.934244e-12
6 	 132 	 Ey 	 1 	 -1.896603e-09 	 -8.428006e-12
6 	 133 	 Ey 	 1 	 -2.435751e-09 	 -1.074205e-11
6 	 134 	 Ey 	 1 	 -7.558344e-10 	 -3.499642e-12
6 	 135 	 Ey 	 1 	 1.907371e-09 	 7.867218e-12
6 	 136 	 Ey 	 1 	 2.328444e-09 	 9.812903e-12
6 	 137 	 Ey 	 1 	 1.509514e-09 	 6.344039e-12
6 	 138 	 Ey 	 1 	 8.367544e-10 	 3.393823e-12
6 	 139 	 Ey 	 1 	 4.600709e-10 	 1.613515e-12
6 	 140 	 Ey 	 1 	 2.625206e-10 	 8.340824e-13
6 	 141 	 Ey 	 1 	 1.571469e-10 	 7.042460e-13
6 	 142 	 Ey 	 1 	 9.852694e-11 	 4.104654e-13
6 	 143 	 Ey 	 1 	 6.445248e-11 	 3.160553e-13
6 	 144 	 Ey 	 1 	 4.375852e-11 	 6.639359e-14
6 	 145 	 Ey 	 1 	 -3.018804e-10 	 -9.969960e-13
6 	 146 	 Ey 	 1 	 -4.683061e-10 	 -1.625531e-12
6 	 147 	 Ey 	 1 	 -7.006223e-10 	 -2.780339e-12
6 	 148 	 Ey 	 1 	 -9.231756e-10 	 -4.207570e-12
6 	 149 	 Ey 	 1 	 -8.679882e-10 	 -4.124025e-12
6 	 150 	 Ey 	 1 	 -2.094173e-10 	 -1.285320e-12
6 	 151 	 Ey 	 1 	 5.899976e-10 	 2.236545e-12
6 	 152 	 Ey 	 1 	 9.510690e-10 	 3.811835e-12
6 	 153 	 Ey 	 1 	 8.365764e-10 	 3.250319e-12
6 	 154 	 Ey 	 1 	 5.900497e-10 	 2.019780e-12
6 	 155 	 Ey 	 1 	 3.849113e-10 	 1.099462e-12
6 	 156 	 Ey 	 1 	 2.473211e-10 	 8.607880e-13
6 	 157 	 Ey 	 1 	 1.608046e-10 	 6.961119e-13
6 	 158 	 Ey 	 1 	 1.069430e-10 	 3.764954e-13
6 	 159 	 Ey 	 1 	 7.303400e-11 	 3.822894e-13
6 	 160 	 Ey 	 1 	 5.111419e-11 	 -2.914954e-13
6 	 161 	 Ey 	 1 	 -2.418186e-10 	 -1.029271e-12
6 	 162 	 Ey 	 1 	 -3.318583e-10 	 -1.098197e-12
6 	 163 	 Ey 	 1 	 -4.251595e-10 	 -1.394236e-12
6 	 164 	 Ey 	 1 	 -4.680515e-10 	 -1.942412e-12
6 	 165 	 Ey 	 1 	 -3.712373e-10 	 -1.699482e-12
6 	 166 	 Ey 	 1 	 -7.761292e-11 	 -6.406052e-13
6 	 167 	 Ey 	 1 	 2.355454e-10 	 6.675168e-13
6 	 168 	 Ey 	 1 	 4.360558e-10 	 1.399185e-12
6 	 169 	 Ey 	 1 	 4.597258e-10 	 1.352177e-12
6 	 170 	 Ey 	 1 	 3.847309e-10 	 9.686074e-13
6 	 171 	 Ey 	 1 	 2.887685e-10 	 8.263085e-13
6 	 172 	 Ey 	 1 	 2.068125e-10 	 8.430203e-13
6 	 173 	 Ey 	 1 	 1.459298e-10 	 5.137318e-13
6 	 174 	 Ey 	 1 	 1.032872e-10 	 5.200217e-13
6 	 175 	 Ey 	 1 	 7.390451e-11 	 1.260980e-13
6 	 176 	 Ey 	 1 	 5.362918e-11 	 -5.550650e-13
6 	 177 	 Ey 	 1 	 -1.829047e-10 	 -1.001820e-12
6 	 178 	 Ey 	 1 	 -2.272143e-10 	 -1.137973e-12
6 	 179 	 Ey 	 1 	 -2.595450e-10 	 -1.022736e-12
6 	 180 	 Ey 	 1 	 -2.537032e-10 	 -9.474665e-13
6 	 181 	 Ey 	 1 	 -1.820958e-10 	 -6.743678e-13
6 	 182 	 Ey 	 1 	 -3.445375e-11 	 -1.950136e-13
6 	 183 	 Ey 	 1 	 1.110133e-10 	 2.410657e-13
6 	 184 	 Ey 	 1 	 2.222549e-10 	 5.966630e-13
6 	 185 	 Ey 	 1 	 2.620811e-10 	 6.234373e-13
6 	 186 	 Ey 	 1 	 2.470088e-10 	 6.811905e-13
6 	 187 	 Ey 	 1 	 2.066299e-10 	 7.044476e-13
6 	 188 	 Ey 	 1 	 1.621243e-10 	 5.540356e-13
6 	 189 	 Ey 	 1 	 1.233031e-10 	 5.118386e-13
6 	 190 	 Ey 	 1 	 9.264857e-11 	 5.626894e-13
6 	 191 	 Ey 	 1 	 6.938421e-11 	 -5.126808e-13
6 	 192 	 Ey 	 1 	 5.242395e-11 	 -3.140856e-13
6 	 193 	 Ey 	 1 	 -1.349812e-10 	 -9.352393e-13
6 	 194 	 Ey 	 1 	 -1.549569e-10 	 -9.809512e-13
6 	 195 	 Ey 	 1 	 -1.627940e-10 	 -1.045757e-12
6 	 196 	 Ey 	 1 	 -1.468521e-10 	 -6.254177e-13
6 	 197 	 Ey 	 1 	 -9.901180e-11 	 -3.026631e-13
6 	 198 	 Ey 	 1 	 -1.732709e-11 	 1.321800e-13
6 	 199 	 Ey 	 1 	 5.874942e-11 	 3.899055e-13
6 	 200 	 Ey 	 1 	 1.234629e-10 	 5.471417e-13
6 	 201 	 Ey 	 1 	 1.565923e-10 	 6.528246e-13
6 	 202 	 Ey 	 1 	 1.603690e-10 	 5.079339e-13
6 	 203 	 Ey 	 1 	 1.456088e-10 	 3.191216e-13
6 	 204 	 Ey 	 1 	 1.231052e-10 	 2.881074e-13
6 	 205 	 Ey 	 1 	 9.989198e-11 	 5.479569e-13
6 	 206 	 Ey 	 1 	 7.910875e-11 	 -1.854320e-13
6 	 207 	 Ey 	 1 	 6.207121e-11 	 -5.512877e-13
6 	 208 	 Ey 	 1 	 4.873245e-11 	 -7.366749e-14
6 	 209 	 Ey 	 1 	 -9.906737e-11 	 -1.193433e-12
6 	 210 	 Ey 	 1 	 -1.068482e-10 	 -7.833196e-13
6 	 211 	 Ey 	 1 	 -1.054863e-10 	 -6.829074e-13
6 	 212 	 Ey 	 1 	 -9.000183e-11 	 -3.523221e-13
6 	 213 	 Ey 	 1 	 -5.827391e-11 	 -2.635014e-13
6 	 214 	 Ey 	 1 	 -9.598245e-12 	 8.057139e-14
6 	 215 	 Ey 	 1 	 3.374201e-11 	 1.954045e-13
6 	 216 	 Ey 	 1 	 7.338472e-11 	 3.484393e-13
6 	 217 	 Ey 	 1 	 9.784005e-11 	 3.483419e-13
6 	 218 	 Ey 	 1 	 1.063664e-10 	 2.963634e-13
6 	 219 	 Ey 	 1 	 1.027941e-10 	 3.329072e-13
6 	 220 	 Ey 	 1 	 9.227518e-11 	 3.024289e-13
6 	 221 	 Ey 	 1 	 7.888707e-11 	 -4.841731e-13
6 	 222 	 Ey 	 1 	 6.555571e-11 	 -8.580848e-13
6 	 223 	 Ey 	 1 	 5.380345e-11 	 -5.223416e-15
6 	 224 	 Ey 	 1 	 4.369962e-11 	 7.720926e-14
6 	 225 	 Ey 	 1 	 -7.275675e-11 	 -2.656123e-14
6 	 226 	 Ey 	 1 	 -7.490576e-11 	 -4.763960e-13
6 	 227 	 Ey 	 1 	 -7.063917e-11 	 -5.196333e-13
6 	 228 	 Ey 	 1 	 -5.794948e-11 	 -5.134427e-13
6 	 229 	 Ey 	 1 	 -3.653940e-11 	 -4.641544e-13
6 	 230 	 Ey 	 1 	 -5.824256e-12 	 -4.949953e-13
6 	 231 	 Ey 	 1 	 2.054655e-11 	 -4.212905e-13
6 	 232 	 Ey 	 1 	 4.597057e-11 	 -2.563673e-13
6 	 233 	 Ey 	 1 	 6.358221e-11 	 -1.501353e-15
6 	 234 	 Ey 	 1 	 7.228709e-11 	 2.154596e-13
6 	 235 	 Ey 	 1 	 7.323404e-11 	 8.019688e-14
6 	 236 	 Ey 	 1 	 6.881887e-11 	 -6.513359e-13
6 	 237 	 Ey 	 1 	 6.162165e-11 	 -8.628802e-13
6 	 238 	 Ey 	 1 	 5.350202e-11 	 -3.749812e-13
6 	 239 	 Ey 	 1 	 4.543756e-11 	 -2.571444e-13
6 	 240 	 Ey 	 1 	 3.822706e-11 	 3.600179e-13
6 	 241 	 Ey 	 1 	 -5.383593e-11 	 8.337303e-13
6 	 242 	 Ey 	 1 	 -5.334852e-11 	 6.365272e-13
6 	 243 	 Ey 	 1 	 -4.861998e-11 	 2.481511e-13
6 	 244 	 Ey 	 1 	 -3.885714e-11 	 -4.166685e-13
6 	 245 	 Ey 	 1 	 -2.406549e-11 	 -5.179799e-13
6 	 246 	 Ey 	 1 	 -3.773698e-12 	 -6.435809e-13
6 	 247 	 Ey 	 1 	 1.312209e-11 	 -5.409996e-13
6 	 248 	 Ey 	 1 	 3.005749e-11 	 -4.883510e-13
6 	 249 	 Ey 	 1 	 4.269324e-11 	 -5.743495e-13
6 	 250 	 Ey 	 1 	 5.012432e-11 	 -7.427556e-13
6 	 251 	 Ey 	 1 	 5.271717e-11 	 -7.918852e-13
6 	 252 	 Ey 	 1 	 5.163633e-11 	 -3.952275e-13
6 	 253 	 Ey 	 1 	 4.808458e-11 	 -5.300229e-14
6 	 254 	 Ey 	 1 	 4.317668e-11 	 -1.037269e-13
6 	 255 	 Ey 	 1 	 3.787009e-11 	 -8.443753e-14
6 	 256 	 Ey 	 1 	 3.250428e-11 	 -1.307835e-12
6 	 1 	 Ey 	 2 	 2.075964e-10 	 1.109548e-13
6 	 2 	 Ey 	 2 	 2.692622e-10 	 2.530974e-13
6 	 3 	 Ey 	 2 	 3.226049e-10 	 3.721628e-13
6 	 4 	 Ey 	 2 	 3.306639e-10 	 4.710946e-13
6 	 5 	 Ey 	 2 	 2.466203e-10 	 4.258235e-13
6 	 6 	 Ey 	 2 	 4.709232e-11 	 2.250647e-13
6 	 7 	 Ey 	 2 	 -1.531033e-10 	 -5.517256e-15
6 	 8 	 Ey 	 2 	 -2.972356e-10 	 -9.560686e-14
6 	 9 	 Ey 	 2 	 -3.354402e-10 	 -2.410919e-14
6 	 10 	 Ey 	 2 	 -3.013354e-10 	 1.458138e-13
6 	 11 	 Ey 	 2 	 -2.409298e-10 	 3.737686e-13
6 	 12 	 Ey 	 2 	 -1.817351e-10 	 5.710752e-13
6 	 13 	 Ey 	 2 	 -1.336492e-10 	 7.208409e-13
6 	 14 	 Ey 	 2 	 -9.762880e-11 	 8.145807e-13
6 	 15 	 Ey 	 2 	 -7.156527e-11 	 8.554329e-13
6 	 16 	 Ey 	 2 	 -5.293856e-11 	 8.461781e-13
6 	 17 	 Ey 	 2 	 2.694081e-10 	 3.231141e-13
6 	 18 	 Ey 	 2 	 3.899092e-10 	 5.414808e-13
6 	 19 	 Ey 	 2 	 5.326035e-10 	 8.116760e-13
6 	 20 	 Ey 	 2 	 6.293263e-10 	 9.881208e-13
6 	 21 	 Ey 	 2 	 5.321317e-10 	 8.784217e-13
6 	 22 	 Ey 	 2 	 1.143798e-10 	 3.293517e-13
6 	 23 	 Ey 	 2 	 -3.467329e-10 	 -3.381449e-13
6 	 24 	 Ey 	 2 	 -6.097508e-10 	 -6.948500e-13
6 	 25 	 Ey 	 2 	 -5.996360e-10 	 -5.520922e-13
6 	 26 	 Ey 	 2 	 -4.685589e-10 	 -2.661851e-13
6 	 27 	 Ey 	 2 	 -3.316238e-10 	 3.031183e-14
6 	 28 	 Ey 	 2 	 -2.265167e-10 	 2.841096e-13
6 	 29 	 Ey 	 2 	 -1.540485e-10 	 4.911736e-13
6 	 30 	 Ey 	 2 	 -1.058436e-10 	 6.069974e-13
6 	 31 	 Ey 	 2 	 -7.395326e-11 	 6.665095e-13
6 	 32 	 Ey 	 2 	 -5.266960e-11 	 6.801460e-13
6 	 33 	 Ey 	 2 	 3.227549e-10 	 4.630823e-13
6 	 34 	 Ey 	 2 	 5.326428e-10 	 8.192966e-13
6 	 35 	 Ey 	 2 	 8.669614e-10 	 1.294398e-12
6 	 36 	 Ey 	 2 	 1.272806e-09 	 1.835951e-12
6 	 37 	 Ey 	 2 	 1.341960e-09 	 1.847498e-12
6 	 38 	 Ey 	 2 	 3.455790e-10 	 6.350585e-13
6 	 39 	 Ey 	 2 	 -9.586449e-10 	 -1.085874e-12
6 	 40 	 Ey 	 2 	 -1.400620e-09 	 -1.743552e-12
6 	 41 	 Ey 	 2 	 -1.097203e-09 	 -1.364751e-12
6 	 42 	 Ey 	 2 	 -7.017534e-10 	 -7.822479e-13
6 	 43 	 Ey 	 2 	 -4.254476e-10 	 -2.739499e-13
6 	 44 	 Ey 	 2 	 -2.592415e-10 	 8.570026e-14
6 	 45 	 Ey 	 2 	 -1.621587e-10 	 3.206384e-13
6 	 46 	 Ey 	 2 	 -1.047358e-10 	 4.565060e-13
6 	 47 	 Ey 	 2 	 -6.986357e-11 	 5.282000e-13
6 	 48 	 Ey 	 2 	 -4.802223e-11 	 5.529096e-13
6 	 49 	 Ey 	 2 	 3.307314e-10 	 4.577763e-13
6 	 50 	 Ey 	 2 	 6.293212e-10 	 9.165689e-13
6 	 51 	 Ey 	 2 	 1.272819e-09 	 1.826239e-12
6 	 52 	 Ey 	 2 	 2.584952e-09 	 3.265742e-12
6 	 53 	 Ey 	 2 	 4.137203e-09 	 4.517040e-12
6 	 54 	 Ey 	 2 	 1.515706e-09 	 1.828028e-12
6 	 55 	 Ey 	 2 	 -3.638061e-09 	 -3.473294e-12
6 	 56 	 Ey 	 2 	 -3.570359e-09 	 -3.959152e-12
6 	 57 	 Ey 	 2 	 -1.901173e-09 	 -2.342290e-12
6 	 58 	 Ey 	 2 	 -9.250034e-10 	 -1.134189e-12
6 	 59 	 Ey 	 2 	 -4.685538e-10 	 -4.096512e-13
6 	 60 	 Ey 	 2 	 -2.535991e-10 	 -2.415095e-14
6 	 61 	 Ey 	 2 	 -1.463970e-10 	 2.200769e-13
6 	 62 	 Ey 	 2 	 -8.939984e-11 	 3.601408e-13
6 	 63 	 Ey 	 2 	 -5.725407e-11 	 4.331603e-13
6 	 64 	 Ey 	 2 	 -3.817945e-11 	 4.629052e-13
6 	 65 	 Ey 	 2 	 2.465279e-10 	 2.489109e-13
6 	 66 	 Ey 	 2 	 5.320260e-10 	 7.190684e-13
6 	 67 	 Ey 	 2 	 1.341930e-09 	 1.701617e-12
6 	 68 	 Ey 	 2 	 4.137874e-09 	 4.353748e-12
6 	 69 	 Ey 	 2 	 1.470284e-08 	 1.128614e-11
6 	 70 	 Ey 	 2 	 1.415761e-08 	 1.007271e-11
6 	 71 	 Ey 	 2 	 -2.336829e-08 	 -1.527892e-11
6 	 72 	 Ey 	 2 	 -8.395461e-09 	 -7.486435e-12
6 	 73 	 Ey 	 2 	 -2.442374e-09 	 -2.754814e-12
6 	 74 	 Ey 	 2 	 -8.697668e-10 	 -1.080489e-12
6 	 75 	 Ey 	 2 	 -3.715816e-10 	 -3.045793e-13
6 	 76 	 Ey 	 2 	 -1.819068e-10 	 2.309482e-14
6 	 77 	 Ey 	 2 	 -9.855237e-11 	 2.147890e-13
6 	 78 	 Ey 	 2 	 -5.766184e-11 	 3.184818e-13
6 	 79 	 Ey 	 2 	 -3.582021e-11 	 3.758187e-13
6 	 80 	 Ey 	 2 	 -2.334440e-11 	 4.032191e-13
6 	 81 	 Ey 	 2 	 4.216860e-11 	 -1.605685e-13
6 	 82 	 Ey 	 2 	 1.151072e-10 	 -2.521688e-14
6 	 83 	 Ey 	 2 	 3.695597e-10 	 2.951523e-13
6 	 84 	 Ey 	 2 	 1.657861e-09 	 1.449082e-12
6 	 85 	 Ey 	 2 	 1.547018e-08 	 9.634758e-12
6 	 86 	 Ey 	 2 	 3.337793e-06 	 6.177411e-10
6 	 87 	 Ey 	 2 	 -1.032336e-07 	 -5.131998e-11
6 	 88 	 Ey 	 2 	 -5.476190e-09 	 -4.305115e-12
6 	 89 	 Ey 	 2 	 -9.933012e-10 	 -1.038145e-12
6 	 90 	 Ey 	 2 	 -3.166042e-10 	 -2.488561e-13
6 	 91 	 Ey 	 2 	 -1.368349e-10 	 2.719921e-14
6 	 92 	 Ey 	 2 	 -7.140537e-11 	 1.615756e-13
6 	 93 	 Ey 	 2 	 -4.229728e-11 	 2.458752e-13
6 	 94 	 Ey 	 2 	 -2.740348e-11 	 2.967407e-13
6 	 95 	 Ey 	 2 	 -1.897199e-11 	 3.316854e-13
6 	 96 	 Ey 	 2 	 -1.381568e-11 	 3.523754e-13
6 	 97 	 Ey 	 2 	 -1.557802e-10 	 -6.117830e-13
6 	 98 	 Ey 	 2 	 -3.501917e-10 	 -8.427220e-13
6 	 99 	 Ey 	 2 	 -9.634884e-10 	 -1.542225e-12
6 	 100 	 Ey 	 2 	 -3.645378e-09 	 -3.833080e-12
6 	 101 	 Ey 	 2 	 -2.337763e-08 	 -1.548393e-11
6 	 102 	 Ey 	 2 	 -4.318397e-08 	 -4.165325e-11
6 	 103 	 Ey 	 2 	 8.450279e-08 	 3.957018e-11
6 	 104 	 Ey 	 2 	 9.384085e-09 	 7.680180e-12
6 	 105 	 Ey 	 2 	 1.898724e-09 	 2.268832e-12
6 	 106 	 Ey 	 2 	 5.847515e-10 	 1.000299e-12
6 	 107 	 Ey 	 2 	 2.324023e-10 	 5.560769e-13
6 	 108 	 Ey 	 2 	 1.090718e-10 	 4.251878e-13
6 	 109 	 Ey 	 2 	 5.751111e-11 	 3.521187e-13
6 	 110 	 Ey 	 2 	 3.303344e-11 	 3.324831e-13
6 	 111 	 Ey 	 2 	 2.027666e-11 	 3.294976e-13
6 	 112 	 Ey 	 2 	 1.312698e-11 	 3.381612e-13
6 	 113 	 Ey 	 2 	 -2.980049e-10 	 -9.599467e-13
6 	 114 	 Ey 	 2 	 -6.103631e-10 	 -1.376213e-12
6 	 115 	 Ey 	 2 	 -1.401124e-09 	 -2.250620e-12
6 	 116 	 Ey 	 2 	 -3.570980e-09 	 -4.345071e-12
6 	 117 	 Ey 	 2 	 -8.395345e-09 	 -7.688724e-12
6 	 118 	 Ey 	 2 	 -4.697255e-09 	 -4.156506e-12
6 	 119 	 Ey 	 2 	 9.417128e-09 	 7.583302e-12
6 	 120 	 Ey 	 2 	 5.986543e-09 	 6.037301e-12
6 	 121 	 Ey 	 2 	 2.335204e-09 	 2.983184e-12
6 	 122 	 Ey 	 2 	 9.540907e-10 	 1.560118e-12
6 	 123 	 Ey 	 2 	 4.378176e-10 	 8.617039e-13
6 	 124 	 Ey 	 2 	 2.234748e-10 	 5.611191e-13
6 	 125 	 Ey 	 2 	 1.244399e-10 	 4.033987e-13
6 	 126 	 Ey 	 2 	 7.431201e-11 	 3.374059e-13
6 	 127 	 Ey 	 2 	 4.697548e-11 	 3.139076e-13
6 	 128 	 Ey 	 2 	 3.112338e-11 	 3.160948e-13
6 	 129 	 Ey 	 2 	 -3.364174e-10 	 -1.130292e-12
6 	 130 	 Ey 	 2 	 -6.004109e-10 	 -1.483689e-12
6 	 131 	 Ey 	 2 	 -1.097832e-09 	 -2.115161e-12
6 	 132 	 Ey 	 2 	 -1.901653e-09 	 -2.897344e-12
6 	 133 	 Ey 	 2 	 -2.442325e-09 	 -3.166621e-12
6 	 134 	 Ey 	 2 	 -7.577868e-10 	 -1.109599e-12
6 	 135 	 Ey 	 2 	 1.912898e-09 	 2.076740e-12
6 	 136 	 Ey 	 2 	 2.335091e-09 	 2.939230e-12
6 	 137 	 Ey 	 2 	 1.513882e-09 	 2.190583e-12
6 	 138 	 Ey 	 2 	 8.392634e-10 	 1.395220e-12
6 	 139 	 Ey 	 2 	 4.615062e-10 	 8.972535e-13
6 	 140 	 Ey 	 2 	 2.634071e-10 	 5.758504e-13
6 	 141 	 Ey 	 2 	 1.576649e-10 	 4.069338e-13
6 	 142 	 Ey 	 2 	 9.884967e-11 	 3.264345e-13
6 	 143 	 Ey 	 2 	 6.464583e-11 	 2.909808e-13
6 	 144 	 Ey 	 2 	 4.388296e-11 	 2.899008e-13
6 	 145 	 Ey 	 2 	 -3.025012e-10 	 -1.126874e-12
6 	 146 	 Ey 	 2 	 -4.694514e-10 	 -1.313340e-12
6 	 147 	 Ey 	 2 	 -7.024360e-10 	 -1.557844e-12
6 	 148 	 Ey 	 2 	 -9.255242e-10 	 -1.783350e-12
6 	 149 	 Ey 	 2 	 -8.701191e-10 	 -1.578988e-12
6 	 150 	 Ey 	 2 	 -2.097709e-10 	 -5.479169e-13
6 	 151 	 Ey 	 2 	 5.918648e-10 	 7.353496e-13
6 	 152 	 Ey 	 2 	 9.539326e-10 	 1.384628e-12
6 	 153 	 Ey 	 2 	 8.391920e-10 	 1.314288e-12
6 	 154 	 Ey 	 2 	 5.920144e-10 	 9.997482e-13
6 	 155 	 Ey 	 2 	 3.862733e-10 	 7.211252e-13
6 	 156 	 Ey 	 2 	 2.482392e-10 	 4.955548e-13
6 	 157 	 Ey 	 2 	 1.614604e-10 	 3.497874e-13
6 	 158 	 Ey 	 2 	 1.074227e-10 	 2.791221e-13
6 	 159 	 Ey 	 2 	 7.335930e-11 	 2.526889e-13
6 	 160 	 Ey 	 2 	 5.142689e-11 	 2.554506e-13
6 	 161 	 Ey 	 2 	 -2.422222e-10 	 -1.070389e-12
6 	 162 	 Ey 	 2 	 -3.326301e-10 	 -1.103563e-12
6 	 163 	 Ey 	 2 	 -4.262336e-10 	 -1.166843e-12
6 	 164 	 Ey 	 2 	 -4.691548e-10 	 -1.161327e-12
6 	 165 	 Ey 	 2 	 -3.720431e-10 	 -9.036332e-13
6 	 166 	 Ey 	 2 	 -7.757043e-11 	 -3.810758e-13
6 	 167 	 Ey 	 2 	 2.364857e-10 	 2.345827e-13
6 	 168 	 Ey 	 2 	 4.376121e-10 	 6.147873e-13
6 	 169 	 Ey 	 2 	 4.613791e-10 	 7.240756e-13
6 	 170 	 Ey 	 2 	 3.862109e-10 	 6.292432e-13
6 	 171 	 Ey 	 2 	 2.899471e-10 	 4.865912e-13
6 	 172 	 Ey 	 2 	 2.076765e-10 	 3.710234e-13
6 	 173 	 Ey 	 2 	 1.466417e-10 	 2.643950e-13
6 	 174 	 Ey 	 2 	 1.038303e-10 	 2.133881e-13
6 	 175 	 Ey 	 2 	 7.435567e-11 	 2.011499e-13
6 	 176 	 Ey 	 2 	 5.406814e-11 	 2.154707e-13
6 	 177 	 Ey 	 2 	 -1.831088e-10 	 -9.795233e-13
6 	 178 	 Ey 	 2 	 -2.275868e-10 	 -9.467342e-13
6 	 179 	 Ey 	 2 	 -2.600760e-10 	 -9.111342e-13
6 	 180 	 Ey 	 2 	 -2.542528e-10 	 -8.111723e-13
6 	 181 	 Ey 	 2 	 -1.824234e-10 	 -6.134038e-13
6 	 182 	 Ey 	 2 	 -3.431817e-11 	 -3.185032e-13
6 	 183 	 Ey 	 2 	 1.116379e-10 	 -4.750787e-15
6 	 184 	 Ey 	 2 	 2.232226e-10 	 2.481364e-13
6 	 185 	 Ey 	 2 	 2.632204e-10 	 3.401113e-13
6 	 186 	 Ey 	 2 	 2.481147e-10 	 3.369317e-13
6 	 187 	 Ey 	 2 	 2.076167e-10 	 2.757362e-13
6 	 188 	 Ey 	 2 	 1.629883e-10 	 2.135109e-13
6 	 189 	 Ey 	 2 	 1.240110e-10 	 1.665344e-13
6 	 190 	 Ey 	 2 	 9.322212e-11 	 1.389253e-13
6 	 191 	 Ey 	 2 	 7.001322e-11 	 1.383300e-13
6 	 192 	 Ey 	 2 	 5.289772e-11 	 1.689927e-13
6 	 193 	 Ey 	 2 	 -1.350636e-10 	 -8.716726e-13
6 	 194 	 Ey 	 2 	 -1.551360e-10 	 -7.971372e-13
6 	 195 	 Ey 	 2 	 -1.630130e-10 	 -7.217656e-13
6 	 196 	 Ey 	 2 	 -1.470780e-10 	 -6.204385e-13
6 	 197 	 Ey 	 2 	 -9.909724e-11 	 -4.765323e-13
6 	 198 	 Ey 	 2 	 -1.715269e-11 	 -3.038611e-13
6 	 199 	 Ey 	 2 	 5.918156e-11 	 -1.146935e-13
6 	 200 	 Ey 	 2 	 1.241475e-10 	 2.399496e-14
6 	 201 	 Ey 	 2 	 1.574195e-10 	 1.059104e-13
6 	 202 	 Ey 	 2 	 1.612755e-10 	 1.178926e-13
6 	 203 	 Ey 	 2 	 1.465068e-10 	 1.083856e-13
6 	 204 	 Ey 	 2 	 1.239537e-10 	 6.908443e-14
6 	 205 	 Ey 	 2 	 1.006052e-10 	 5.835190e-14
6 	 206 	 Ey 	 2 	 7.984606e-11 	 5.500334e-14
6 	 207 	 Ey 	 2 	 6.275223e-11 	 7.197366e-14
6 	 208 	 Ey 	 2 	 4.922716e-11 	 1.157894e-13
6 	 209 	 Ey 	 2 	 -9.900358e-11 	 -7.824257e-13
6 	 210 	 Ey 	 2 	 -1.069100e-10 	 -6.812570e-13
6 	 211 	 Ey 	 2 	 -1.055815e-10 	 -5.920478e-13
6 	 212 	 Ey 	 2 	 -9.007709e-11 	 -5.025707e-13
6 	 213 	 Ey 	 2 	 -5.822055e-11 	 -4.030474e-13
6 	 214 	 Ey 	 2 	 -9.378964e-12 	 -2.919090e-13
6 	 215 	 Ey 	 2 	 3.415447e-11 	 -1.840836e-13
6 	 216 	 Ey 	 2 	 7.396219e-11 	 -9.932924e-14
6 	 217 	 Ey 	 2 	 9.855563e-11 	 -5.051027e-14
6 	 218 	 Ey 	 2 	 1.071657e-10 	 -3.105629e-14
6 	 219 	 Ey 	 2 	 1.036289e-10 	 -3.721233e-14
6 	 220 	 Ey 	 2 	 9.307118e-11 	 -3.870736e-14
6 	 221 	 Ey 	 2 	 7.976186e-11 	 -4.052635e-14
6 	 222 	 Ey 	 2 	 6.641954e-11 	 -2.970301e-14
6 	 223 	 Ey 	 2 	 5.441876e-11 	 6.808213e-15
6 	 224 	 Ey 	 2 	 4.422621e-11 	 5.420610e-14
6 	 225 	 Ey 	 2 	 -7.283223e-11 	 -6.805694e-13
6 	 226 	 Ey 	 2 	 -7.495465e-11 	 -5.759882e-13
6 	 227 	 Ey 	 2 	 -7.065828e-11 	 -4.940477e-13
6 	 228 	 Ey 	 2 	 -5.791032e-11 	 -4.203444e-13
6 	 229 	 Ey 	 2 	 -3.638216e-11 	 -3.511620e-13
6 	 230 	 Ey 	 2 	 -5.495294e-12 	 -2.894195e-13
6 	 231 	 Ey 	 2 	 2.101621e-11 	 -2.280160e-13
6 	 232 	 Ey 	 2 	 4.657480e-11 	 -1.847948e-13
6 	 233 	 Ey 	 2 	 6.428176e-11 	 -1.581503e-13
6 	 234 	 Ey 	 2 	 7.302994e-11 	 -1.463500e-13
6 	 235 	 Ey 	 2 	 7.405642e-11 	 -1.451031e-13
6 	 236 	 Ey 	 2 	 6.976576e-11 	 -1.463474e-13
6 	 237 	 Ey 	 2 	 6.256509e-11 	 -1.371793e-13
6 	 238 	 Ey 	 2 	 5.431305e-11 	 -1.123325e-13
6 	 239 	 Ey 	 2 	 4.616854e-11 	 -7.376334e-14
6 	 240 	 Ey 	 2 	 3.876955e-11 	 -1.587384e-14
6 	 241 	 Ey 	 2 	 -5.405603e-11 	 -5.663099e-13
6 	 242 	 Ey 	 2 	 -5.355351e-11 	 -4.717023e-13
6 	 243 	 Ey 	 2 	 -4.873387e-11 	 -4.016485e-13
6 	 244 	 Ey 	 2 	 -3.878340e-11 	 -3.519776e-13
6 	 245 	 Ey 	 2 	 -2.387334e-11 	 -3.099192e-13
6 	 246 	 Ey 	 2 	 -3.401715e-12 	 -2.813207e-13
6 	 247 	 Ey 	 2 	 1.360305e-11 	 -2.561189e-13
6 	 248 	 Ey 	 2 	 3.067286e-11 	 -2.432215e-13
6 	 249 	 Ey 	 2 	 4.344624e-11 	 -2.395101e-13
6 	 250 	 Ey 	 2 	 5.100256e-11 	 -2.424726e-13
6 	 251 	 Ey 	 2 	 5.366685e-11 	 -2.462661e-13
6 	 252 	 Ey 	 2 	 5.253472e-11 	 -2.414098e-13
6 	 253 	 Ey 	 2 	 4.891751e-11 	 -2.272038e-13
6 	 254 	 Ey 	 2 	 4.399017e-11 	 -2.035238e-13
6 	 255 	 Ey 	 2 	 3.863338e-11 	 -1.623715e-13
6 	 256 	 Ey 	 2 	 3.339917e-11 	 -1.100608e-13
