iTx 	 iRx    chrec  ifreq 	 emf_real 	 emf_imag
12 	 1 	 Ex 	 1 	 -1.950165e-14 	 3.731448e-12
12 	 2 	 Ex 	 1 	 4.293959e-13 	 9.497311e-12
12 	 3 	 Ex 	 1 	 -1.258045e-12 	 4.801224e-12
12 	 4 	 Ex 	 1 	 -2.018900e-12 	 8.563023e-12
12 	 5 	 Ex 	 1 	 -3.182890e-12 	 1.389276e-11
12 	 6 	 Ex 	 1 	 -6.654935e-12 	 1.182536e-11
12 	 7 	 Ex 	 1 	 -1.142340e-11 	 1.028508e-11
12 	 8 	 Ex 	 1 	 -1.680591e-11 	 1.553302e-11
12 	 9 	 Ex 	 1 	 -2.414762e-11 	 2.152959e-11
12 	 10 	 Ex 	 1 	 -3.430468e-11 	 2.385041e-11
12 	 11 	 Ex 	 1 	 -4.665147e-11 	 2.413080e-11
12 	 12 	 Ex 	 1 	 -5.997557e-11 	 2.358802e-11
12 	 13 	 Ex 	 1 	 -7.222607e-11 	 2.379983e-11
12 	 14 	 Ex 	 1 	 -8.142005e-11 	 2.330112e-11
12 	 15 	 Ex 	 1 	 -1.061184e-10 	 2.367923e-11
12 	 16 	 Ex 	 1 	 -8.341716e-11 	 2.388353e-11
12 	 17 	 Ex 	 1 	 2.185237e-12 	 3.789183e-12
12 	 18 	 Ex 	 1 	 2.853133e-12 	 8.070163e-12
12 	 19 	 Ex 	 1 	 2.898120e-12 	 1.007764e-11
12 	 20 	 Ex 	 1 	 1.762789e-12 	 7.877610e-12
12 	 21 	 Ex 	 1 	 1.075272e-12 	 1.247779e-11
12 	 22 	 Ex 	 1 	 -8.727991e-13 	 1.619450e-11
12 	 23 	 Ex 	 1 	 -5.099104e-12 	 1.651547e-11
12 	 24 	 Ex 	 1 	 -1.171002e-11 	 1.712092e-11
12 	 25 	 Ex 	 1 	 -2.098339e-11 	 2.061419e-11
12 	 26 	 Ex 	 1 	 -3.367576e-11 	 2.580626e-11
12 	 27 	 Ex 	 1 	 -5.038435e-11 	 2.919766e-11
12 	 28 	 Ex 	 1 	 -6.972991e-11 	 3.156607e-11
12 	 29 	 Ex 	 1 	 -8.897709e-11 	 3.268129e-11
12 	 30 	 Ex 	 1 	 -1.039037e-10 	 3.346498e-11
12 	 31 	 Ex 	 1 	 -1.363112e-10 	 3.398600e-11
12 	 32 	 Ex 	 1 	 -1.075827e-10 	 3.347029e-11
12 	 33 	 Ex 	 1 	 5.572938e-12 	 8.483192e-12
12 	 34 	 Ex 	 1 	 5.533341e-12 	 4.587004e-12
12 	 35 	 Ex 	 1 	 7.384955e-12 	 1.218140e-11
12 	 36 	 Ex 	 1 	 7.701875e-12 	 1.236377e-11
12 	 37 	 Ex 	 1 	 7.072485e-12 	 1.057021e-11
12 	 38 	 Ex 	 1 	 6.760919e-12 	 1.708114e-11
12 	 39 	 Ex 	 1 	 4.423810e-12 	 2.259949e-11
12 	 40 	 Ex 	 1 	 -1.808591e-12 	 2.301028e-11
12 	 41 	 Ex 	 1 	 -1.259304e-11 	 2.342125e-11
12 	 42 	 Ex 	 1 	 -2.901346e-11 	 2.630094e-11
12 	 43 	 Ex 	 1 	 -5.208696e-11 	 3.148953e-11
12 	 44 	 Ex 	 1 	 -8.116663e-11 	 3.713799e-11
12 	 45 	 Ex 	 1 	 -1.124397e-10 	 4.112926e-11
12 	 46 	 Ex 	 1 	 -1.382355e-10 	 4.422416e-11
12 	 47 	 Ex 	 1 	 -1.830964e-10 	 4.480551e-11
12 	 48 	 Ex 	 1 	 -1.448277e-10 	 4.440621e-11
12 	 49 	 Ex 	 1 	 8.972940e-12 	 1.115204e-11
12 	 50 	 Ex 	 1 	 9.710341e-12 	 6.462433e-12
12 	 51 	 Ex 	 1 	 1.195099e-11 	 9.663657e-12
12 	 52 	 Ex 	 1 	 1.495539e-11 	 1.684995e-11
12 	 53 	 Ex 	 1 	 1.597236e-11 	 1.359739e-11
12 	 54 	 Ex 	 1 	 1.719879e-11 	 1.617677e-11
12 	 55 	 Ex 	 1 	 1.769477e-11 	 2.430261e-11
12 	 56 	 Ex 	 1 	 1.440153e-11 	 2.977421e-11
12 	 57 	 Ex 	 1 	 4.429252e-12 	 3.048316e-11
12 	 58 	 Ex 	 1 	 -1.473277e-11 	 3.209622e-11
12 	 59 	 Ex 	 1 	 -4.607680e-11 	 3.724730e-11
12 	 60 	 Ex 	 1 	 -9.124801e-11 	 4.295044e-11
12 	 61 	 Ex 	 1 	 -1.450862e-10 	 4.857344e-11
12 	 62 	 Ex 	 1 	 -1.934252e-10 	 5.287171e-11
12 	 63 	 Ex 	 1 	 -2.601853e-10 	 5.374205e-11
12 	 64 	 Ex 	 1 	 -2.058834e-10 	 5.372299e-11
12 	 65 	 Ex 	 1 	 1.196925e-11 	 9.972295e-12
12 	 66 	 Ex 	 1 	 1.459398e-11 	 9.807433e-12
12 	 67 	 Ex 	 1 	 1.761668e-11 	 8.889617e-12
12 	 68 	 Ex 	 1 	 2.288775e-11 	 1.749868e-11
12 	 69 	 Ex 	 1 	 2.745214e-11 	 1.895715e-11
12 	 70 	 Ex 	 1 	 3.152357e-11 	 1.707979e-11
12 	 71 	 Ex 	 1 	 3.647713e-11 	 2.487480e-11
12 	 72 	 Ex 	 1 	 3.890010e-11 	 3.340567e-11
12 	 73 	 Ex 	 1 	 3.440884e-11 	 3.901085e-11
12 	 74 	 Ex 	 1 	 1.689918e-11 	 4.238792e-11
12 	 75 	 Ex 	 1 	 -2.202523e-11 	 4.705817e-11
12 	 76 	 Ex 	 1 	 -9.080536e-11 	 5.259945e-11
12 	 77 	 Ex 	 1 	 -1.871638e-10 	 5.974320e-11
12 	 78 	 Ex 	 1 	 -2.852418e-10 	 6.480894e-11
12 	 79 	 Ex 	 1 	 -3.959502e-10 	 6.650103e-11
12 	 80 	 Ex 	 1 	 -3.114537e-10 	 6.640827e-11
12 	 81 	 Ex 	 1 	 1.500962e-11 	 8.441734e-12
12 	 82 	 Ex 	 1 	 1.948402e-11 	 1.180903e-11
12 	 83 	 Ex 	 1 	 2.420318e-11 	 1.043425e-11
12 	 84 	 Ex 	 1 	 3.161795e-11 	 1.691383e-11
12 	 85 	 Ex 	 1 	 4.039008e-11 	 2.176201e-11
12 	 86 	 Ex 	 1 	 4.999641e-11 	 2.151848e-11
12 	 87 	 Ex 	 1 	 6.190370e-11 	 2.658760e-11
12 	 88 	 Ex 	 1 	 7.449542e-11 	 3.568346e-11
12 	 89 	 Ex 	 1 	 8.327870e-11 	 4.578033e-11
12 	 90 	 Ex 	 1 	 7.825212e-11 	 5.260492e-11
12 	 91 	 Ex 	 1 	 4.201598e-11 	 6.003656e-11
12 	 92 	 Ex 	 1 	 -5.351197e-11 	 6.866611e-11
12 	 93 	 Ex 	 1 	 -2.289410e-10 	 7.848128e-11
12 	 94 	 Ex 	 1 	 -4.470453e-10 	 8.544389e-11
12 	 95 	 Ex 	 1 	 -6.625744e-10 	 8.845086e-11
12 	 96 	 Ex 	 1 	 -5.101145e-10 	 8.754777e-11
12 	 97 	 Ex 	 1 	 1.815393e-11 	 8.180547e-12
12 	 98 	 Ex 	 1 	 2.401535e-11 	 1.224062e-11
12 	 99 	 Ex 	 1 	 3.106116e-11 	 1.318971e-11
12 	 100 	 Ex 	 1 	 4.083113e-11 	 1.668901e-11
12 	 101 	 Ex 	 1 	 5.401188e-11 	 2.185938e-11
12 	 102 	 Ex 	 1 	 7.127778e-11 	 2.673137e-11
12 	 103 	 Ex 	 1 	 9.354854e-11 	 3.049366e-11
12 	 104 	 Ex 	 1 	 1.224977e-10 	 3.872277e-11
12 	 105 	 Ex 	 1 	 1.565390e-10 	 4.982001e-11
12 	 106 	 Ex 	 1 	 1.872133e-10 	 6.137495e-11
12 	 107 	 Ex 	 1 	 1.885155e-10 	 7.489620e-11
12 	 108 	 Ex 	 1 	 9.416453e-11 	 9.032088e-11
12 	 109 	 Ex 	 1 	 -2.083310e-10 	 1.063287e-10
12 	 110 	 Ex 	 1 	 -7.445221e-10 	 1.189025e-10
12 	 111 	 Ex 	 1 	 -1.276564e-09 	 1.242576e-10
12 	 112 	 Ex 	 1 	 -9.268371e-10 	 1.217853e-10
12 	 113 	 Ex 	 1 	 2.115084e-11 	 9.373696e-12
12 	 114 	 Ex 	 1 	 2.781216e-11 	 1.111899e-11
12 	 115 	 Ex 	 1 	 3.740894e-11 	 1.620783e-11
12 	 116 	 Ex 	 1 	 4.965607e-11 	 1.729865e-11
12 	 117 	 Ex 	 1 	 6.715639e-11 	 2.083091e-11
12 	 118 	 Ex 	 1 	 9.279971e-11 	 3.036390e-11
12 	 119 	 Ex 	 1 	 1.282962e-10 	 3.590718e-11
12 	 120 	 Ex 	 1 	 1.795802e-10 	 4.261462e-11
12 	 121 	 Ex 	 1 	 2.537769e-10 	 5.268295e-11
12 	 122 	 Ex 	 1 	 3.572424e-10 	 6.871881e-11
12 	 123 	 Ex 	 1 	 4.802251e-10 	 9.031005e-11
12 	 124 	 Ex 	 1 	 5.365441e-10 	 1.166685e-10
12 	 125 	 Ex 	 1 	 1.853908e-10 	 1.459654e-10
12 	 126 	 Ex 	 1 	 -1.221639e-09 	 1.722877e-10
12 	 127 	 Ex 	 1 	 -3.085713e-09 	 1.828463e-10
12 	 128 	 Ex 	 1 	 -1.894919e-09 	 1.777611e-10
12 	 129 	 Ex 	 1 	 2.364169e-11 	 1.143932e-11
12 	 130 	 Ex 	 1 	 3.059552e-11 	 9.306078e-12
12 	 131 	 Ex 	 1 	 4.237707e-11 	 1.839790e-11
12 	 132 	 Ex 	 1 	 5.695014e-11 	 1.872010e-11
12 	 133 	 Ex 	 1 	 7.806143e-11 	 1.975606e-11
12 	 134 	 Ex 	 1 	 1.111744e-10 	 3.199593e-11
12 	 135 	 Ex 	 1 	 1.599985e-10 	 4.089782e-11
12 	 136 	 Ex 	 1 	 2.355513e-10 	 4.664683e-11
12 	 137 	 Ex 	 1 	 3.592747e-10 	 5.557147e-11
12 	 138 	 Ex 	 1 	 5.712837e-10 	 7.511730e-11
12 	 139 	 Ex 	 1 	 9.439061e-10 	 1.047726e-10
12 	 140 	 Ex 	 1 	 1.575754e-09 	 1.462828e-10
12 	 141 	 Ex 	 1 	 2.233972e-09 	 2.039301e-10
12 	 142 	 Ex 	 1 	 -4.118242e-10 	 2.711435e-10
12 	 143 	 Ex 	 1 	 -1.136837e-08 	 2.878387e-10
12 	 144 	 Ex 	 1 	 -3.616490e-09 	 2.839283e-10
12 	 145 	 Ex 	 1 	 2.521555e-11 	 1.331454e-11
12 	 146 	 Ex 	 1 	 3.217807e-11 	 7.794873e-12
12 	 147 	 Ex 	 1 	 4.532807e-11 	 1.943694e-11
12 	 148 	 Ex 	 1 	 6.149949e-11 	 2.020643e-11
12 	 149 	 Ex 	 1 	 8.482912e-11 	 1.902584e-11
12 	 150 	 Ex 	 1 	 1.228115e-10 	 3.229115e-11
12 	 151 	 Ex 	 1 	 1.810039e-10 	 4.406041e-11
12 	 152 	 Ex 	 1 	 2.746421e-10 	 4.962433e-11
12 	 153 	 Ex 	 1 	 4.385805e-10 	 5.783141e-11
12 	 154 	 Ex 	 1 	 7.517029e-10 	 7.933625e-11
12 	 155 	 Ex 	 1 	 1.416356e-09 	 1.152008e-10
12 	 156 	 Ex 	 1 	 3.065094e-09 	 1.720390e-10
12 	 157 	 Ex 	 1 	 8.156717e-09 	 2.787044e-10
12 	 158 	 Ex 	 1 	 2.632076e-08 	 5.439709e-10
12 	 159 	 Ex 	 1 	 -1.146799e-07 	 3.654959e-10
12 	 160 	 Ex 	 1 	 3.178663e-08 	 6.807170e-10
12 	 161 	 Ex 	 1 	 2.586573e-11 	 1.376259e-11
12 	 162 	 Ex 	 1 	 3.288292e-11 	 7.339172e-12
12 	 163 	 Ex 	 1 	 4.647130e-11 	 1.987378e-11
12 	 164 	 Ex 	 1 	 6.309552e-11 	 2.046840e-11
12 	 165 	 Ex 	 1 	 8.708251e-11 	 1.868966e-11
12 	 166 	 Ex 	 1 	 1.264479e-10 	 3.252842e-11
12 	 167 	 Ex 	 1 	 1.871429e-10 	 4.492786e-11
12 	 168 	 Ex 	 1 	 2.854519e-10 	 5.014881e-11
12 	 169 	 Ex 	 1 	 4.598006e-10 	 5.808712e-11
12 	 170 	 Ex 	 1 	 7.995788e-10 	 8.001096e-11
12 	 171 	 Ex 	 1 	 1.546541e-09 	 1.174295e-10
12 	 172 	 Ex 	 1 	 3.533287e-09 	 1.786026e-10
12 	 173 	 Ex 	 1 	 1.082232e-08 	 3.031649e-10
12 	 174 	 Ex 	 1 	 6.140963e-08 	 7.560120e-10
12 	 175 	 Ex 	 1 	 -9.527745e-07 	 -1.834403e-09
12 	 176 	 Ex 	 1 	 1.481479e-07 	 1.303491e-09
12 	 177 	 Ex 	 1 	 2.440067e-11 	 1.254829e-11
12 	 178 	 Ex 	 1 	 3.133141e-11 	 8.579198e-12
12 	 179 	 Ex 	 1 	 4.381074e-11 	 1.904168e-11
12 	 180 	 Ex 	 1 	 5.921618e-11 	 1.958892e-11
12 	 181 	 Ex 	 1 	 8.147422e-11 	 1.942435e-11
12 	 182 	 Ex 	 1 	 1.171272e-10 	 3.229286e-11
12 	 183 	 Ex 	 1 	 1.708401e-10 	 4.272075e-11
12 	 184 	 Ex 	 1 	 2.557165e-10 	 4.827857e-11
12 	 185 	 Ex 	 1 	 3.998660e-10 	 5.679604e-11
12 	 186 	 Ex 	 1 	 6.619648e-10 	 7.741478e-11
12 	 187 	 Ex 	 1 	 1.172552e-09 	 1.102472e-10
12 	 188 	 Ex 	 1 	 2.240629e-09 	 1.591168e-10
12 	 189 	 Ex 	 1 	 4.387931e-09 	 2.367149e-10
12 	 190 	 Ex 	 1 	 3.999280e-09 	 3.535795e-10
12 	 191 	 Ex 	 1 	 -2.667256e-08 	 3.542630e-10
12 	 192 	 Ex 	 1 	 -1.878356e-09 	 3.784220e-10
12 	 193 	 Ex 	 1 	 2.229921e-11 	 1.103108e-11
12 	 194 	 Ex 	 1 	 2.884041e-11 	 9.619370e-12
12 	 195 	 Ex 	 1 	 3.965857e-11 	 1.792036e-11
12 	 196 	 Ex 	 1 	 5.293688e-11 	 1.839837e-11
12 	 197 	 Ex 	 1 	 7.191649e-11 	 1.970571e-11
12 	 198 	 Ex 	 1 	 1.011576e-10 	 3.142531e-11
12 	 199 	 Ex 	 1 	 1.428811e-10 	 3.921807e-11
12 	 200 	 Ex 	 1 	 2.050013e-10 	 4.498254e-11
12 	 201 	 Ex 	 1 	 3.006724e-10 	 5.353621e-11
12 	 202 	 Ex 	 1 	 4.492670e-10 	 7.109562e-11
12 	 203 	 Ex 	 1 	 6.675854e-10 	 9.672065e-11
12 	 204 	 Ex 	 1 	 9.087048e-10 	 1.297829e-10
12 	 205 	 Ex 	 1 	 7.469674e-10 	 1.695142e-10
12 	 206 	 Ex 	 1 	 -1.333845e-09 	 2.084177e-10
12 	 207 	 Ex 	 1 	 -5.185690e-09 	 2.220352e-10
12 	 208 	 Ex 	 1 	 -2.652911e-09 	 2.158800e-10
12 	 209 	 Ex 	 1 	 1.925735e-11 	 8.526146e-12
12 	 210 	 Ex 	 1 	 2.554502e-11 	 1.221768e-11
12 	 211 	 Ex 	 1 	 3.367709e-11 	 1.499490e-11
12 	 212 	 Ex 	 1 	 4.439114e-11 	 1.672863e-11
12 	 213 	 Ex 	 1 	 5.950633e-11 	 2.166883e-11
12 	 214 	 Ex 	 1 	 8.047751e-11 	 2.922337e-11
12 	 215 	 Ex 	 1 	 1.082531e-10 	 3.310238e-11
12 	 216 	 Ex 	 1 	 1.463816e-10 	 4.030827e-11
12 	 217 	 Ex 	 1 	 1.963942e-10 	 5.110456e-11
12 	 218 	 Ex 	 1 	 2.542569e-10 	 6.518273e-11
12 	 219 	 Ex 	 1 	 2.955333e-10 	 8.228992e-11
12 	 220 	 Ex 	 1 	 2.367693e-10 	 1.023203e-10
12 	 221 	 Ex 	 1 	 -1.204176e-10 	 1.227553e-10
12 	 222 	 Ex 	 1 	 -9.425041e-10 	 1.398941e-10
12 	 223 	 Ex 	 1 	 -1.843688e-09 	 1.468643e-10
12 	 224 	 Ex 	 1 	 -1.257824e-09 	 1.432743e-10
12 	 225 	 Ex 	 1 	 1.616686e-11 	 8.657297e-12
12 	 226 	 Ex 	 1 	 2.108442e-11 	 1.180608e-11
12 	 227 	 Ex 	 1 	 2.692785e-11 	 1.256058e-11
12 	 228 	 Ex 	 1 	 3.514441e-11 	 1.695655e-11
12 	 229 	 Ex 	 1 	 4.565802e-11 	 2.164384e-11
12 	 230 	 Ex 	 1 	 5.854218e-11 	 2.467167e-11
12 	 231 	 Ex 	 1 	 7.454406e-11 	 2.908966e-11
12 	 232 	 Ex 	 1 	 9.334360e-11 	 3.713097e-11
12 	 233 	 Ex 	 1 	 1.113575e-10 	 4.739339e-11
12 	 234 	 Ex 	 1 	 1.184011e-10 	 5.652544e-11
12 	 235 	 Ex 	 1 	 9.216095e-11 	 6.673265e-11
12 	 236 	 Ex 	 1 	 -1.031208e-11 	 7.848202e-11
12 	 237 	 Ex 	 1 	 -2.372870e-10 	 9.057868e-11
12 	 238 	 Ex 	 1 	 -5.585936e-10 	 9.958009e-11
12 	 239 	 Ex 	 1 	 -8.779810e-10 	 1.033666e-10
12 	 240 	 Ex 	 1 	 -6.572020e-10 	 1.019074e-10
12 	 241 	 Ex 	 1 	 1.283327e-11 	 8.687865e-12
12 	 242 	 Ex 	 1 	 1.653710e-11 	 1.222483e-11
12 	 243 	 Ex 	 1 	 1.987784e-11 	 9.335877e-12
12 	 244 	 Ex 	 1 	 2.593620e-11 	 1.710857e-11
12 	 245 	 Ex 	 1 	 3.242877e-11 	 2.188104e-11
12 	 246 	 Ex 	 1 	 3.837894e-11 	 1.933223e-11
12 	 247 	 Ex 	 1 	 4.570372e-11 	 2.500891e-11
12 	 248 	 Ex 	 1 	 5.186643e-11 	 3.442966e-11
12 	 249 	 Ex 	 1 	 5.214482e-11 	 4.343929e-11
12 	 250 	 Ex 	 1 	 3.820278e-11 	 4.860189e-11
12 	 251 	 Ex 	 1 	 -1.981727e-12 	 5.359723e-11
12 	 252 	 Ex 	 1 	 -8.327100e-11 	 5.948644e-11
12 	 253 	 Ex 	 1 	 -2.092291e-10 	 6.722649e-11
12 	 254 	 Ex 	 1 	 -3.475721e-10 	 7.250975e-11
12 	 255 	 Ex 	 1 	 -4.973957e-10 	 7.470984e-11
12 	 256 	 Ex 	 1 	 -3.855891e-10 	 7.436388e-11
12 	 1 	 Ex 	 2 	 -2.238649e-12 	 -6.574778e-13
12 	 2 	 Ex 	 2 	 -3.960977e-12 	 -2.521968e-13
12 	 3 	 Ex 	 2 	 -6.417580e-12 	 3.298403e-13
12 	 4 	 Ex 	 2 	 -9.638702e-12 	 1.231813e-12
12 	 5 	 Ex 	 2 	 -1.392751e-11 	 2.492437e-12
12 	 6 	 Ex 	 2 	 -1.967602e-11 	 4.131250e-12
12 	 7 	 Ex 	 2 	 -2.714128e-11 	 6.234449e-12
12 	 8 	 Ex 	 2 	 -3.661456e-11 	 8.837731e-12
12 	 9 	 Ex 	 2 	 -4.837457e-11 	 1.187472e-11
12 	 10 	 Ex 	 2 	 -6.241928e-11 	 1.521764e-11
12 	 11 	 Ex 	 2 	 -7.819926e-11 	 1.867505e-11
12 	 12 	 Ex 	 2 	 -9.445021e-11 	 2.196704e-11
12 	 13 	 Ex 	 2 	 -1.091682e-10 	 2.476320e-11
12 	 14 	 Ex 	 2 	 -1.199393e-10 	 2.672198e-11
12 	 15 	 Ex 	 2 	 -1.454968e-10 	 2.751333e-11
12 	 16 	 Ex 	 2 	 -1.225108e-10 	 2.726218e-11
12 	 17 	 Ex 	 2 	 -8.186516e-13 	 -3.982900e-13
12 	 18 	 Ex 	 2 	 -2.344233e-12 	 1.902417e-13
12 	 19 	 Ex 	 2 	 -4.532831e-12 	 1.074538e-12
12 	 20 	 Ex 	 2 	 -7.635661e-12 	 2.337468e-12
12 	 21 	 Ex 	 2 	 -1.187603e-11 	 4.130704e-12
12 	 22 	 Ex 	 2 	 -1.773500e-11 	 6.524953e-12
12 	 23 	 Ex 	 2 	 -2.579678e-11 	 9.590632e-12
12 	 24 	 Ex 	 2 	 -3.667334e-11 	 1.339468e-11
12 	 25 	 Ex 	 2 	 -5.098888e-11 	 1.792084e-11
12 	 26 	 Ex 	 2 	 -6.913636e-11 	 2.302691e-11
12 	 27 	 Ex 	 2 	 -9.087012e-11 	 2.841125e-11
12 	 28 	 Ex 	 2 	 -1.146510e-10 	 3.363405e-11
12 	 29 	 Ex 	 2 	 -1.373732e-10 	 3.813123e-11
12 	 30 	 Ex 	 2 	 -1.546941e-10 	 4.130837e-11
12 	 31 	 Ex 	 2 	 -1.882470e-10 	 4.258953e-11
12 	 32 	 Ex 	 2 	 -1.589263e-10 	 4.204814e-11
12 	 33 	 Ex 	 2 	 9.879577e-13 	 -5.811740e-14
12 	 34 	 Ex 	 2 	 -2.355292e-13 	 7.214231e-13
12 	 35 	 Ex 	 2 	 -1.931768e-12 	 1.959637e-12
12 	 36 	 Ex 	 2 	 -4.511927e-12 	 3.709263e-12
12 	 37 	 Ex 	 2 	 -8.295908e-12 	 6.149146e-12
12 	 38 	 Ex 	 2 	 -1.373175e-11 	 9.485674e-12
12 	 39 	 Ex 	 2 	 -2.169414e-11 	 1.383825e-11
12 	 40 	 Ex 	 2 	 -3.329974e-11 	 1.930403e-11
12 	 41 	 Ex 	 2 	 -4.987941e-11 	 2.593142e-11
12 	 42 	 Ex 	 2 	 -7.274498e-11 	 3.359365e-11
12 	 43 	 Ex 	 2 	 -1.025459e-10 	 4.190822e-11
12 	 44 	 Ex 	 2 	 -1.379499e-10 	 5.019115e-11
12 	 45 	 Ex 	 2 	 -1.743567e-10 	 5.749274e-11
12 	 46 	 Ex 	 2 	 -2.037168e-10 	 6.272715e-11
12 	 47 	 Ex 	 2 	 -2.500836e-10 	 6.486559e-11
12 	 48 	 Ex 	 2 	 -2.110197e-10 	 6.385035e-11
12 	 49 	 Ex 	 2 	 3.102136e-12 	 3.270829e-13
12 	 50 	 Ex 	 2 	 2.433332e-12 	 1.359542e-12
12 	 51 	 Ex 	 2 	 1.429391e-12 	 2.962374e-12
12 	 52 	 Ex 	 2 	 -1.538802e-13 	 5.303404e-12
12 	 53 	 Ex 	 2 	 -2.789221e-12 	 8.552342e-12
12 	 54 	 Ex 	 2 	 -6.926456e-12 	 1.303045e-11
12 	 55 	 Ex 	 2 	 -1.354780e-11 	 1.901240e-11
12 	 56 	 Ex 	 2 	 -2.433353e-11 	 2.671254e-11
12 	 57 	 Ex 	 2 	 -4.168099e-11 	 3.627061e-11
12 	 58 	 Ex 	 2 	 -6.875402e-11 	 4.764926e-11
12 	 59 	 Ex 	 2 	 -1.086159e-10 	 6.041860e-11
12 	 60 	 Ex 	 2 	 -1.618839e-10 	 7.358544e-11
12 	 61 	 Ex 	 2 	 -2.226826e-10 	 8.558169e-11
12 	 62 	 Ex 	 2 	 -2.759140e-10 	 9.441365e-11
12 	 63 	 Ex 	 2 	 -3.447698e-10 	 9.810766e-11
12 	 64 	 Ex 	 2 	 -2.894084e-10 	 9.625827e-11
12 	 65 	 Ex 	 2 	 5.441211e-12 	 7.322954e-13
12 	 66 	 Ex 	 2 	 5.564523e-12 	 2.064937e-12
12 	 67 	 Ex 	 2 	 5.565881e-12 	 4.075056e-12
12 	 68 	 Ex 	 2 	 5.442145e-12 	 7.059665e-12
12 	 69 	 Ex 	 2 	 4.834153e-12 	 1.126799e-11
12 	 70 	 Ex 	 2 	 3.316800e-12 	 1.710498e-11
12 	 71 	 Ex 	 2 	 4.543172e-14 	 2.507399e-11
12 	 72 	 Ex 	 2 	 -6.965400e-12 	 3.561731e-11
12 	 73 	 Ex 	 2 	 -2.130648e-11 	 4.911808e-11
12 	 74 	 Ex 	 2 	 -4.903346e-11 	 6.579088e-11
12 	 75 	 Ex 	 2 	 -9.862397e-11 	 8.531527e-11
12 	 76 	 Ex 	 2 	 -1.778117e-10 	 1.064290e-10
12 	 77 	 Ex 	 2 	 -2.835246e-10 	 1.265822e-10
12 	 78 	 Ex 	 2 	 -3.882623e-10 	 1.420109e-10
12 	 79 	 Ex 	 2 	 -5.019561e-10 	 1.486897e-10
12 	 80 	 Ex 	 2 	 -4.158988e-10 	 1.452650e-10
12 	 81 	 Ex 	 2 	 7.912398e-12 	 1.147292e-12
12 	 82 	 Ex 	 2 	 8.974518e-12 	 2.785922e-12
12 	 83 	 Ex 	 2 	 1.029567e-11 	 5.238982e-12
12 	 84 	 Ex 	 2 	 1.210504e-11 	 8.893167e-12
12 	 85 	 Ex 	 2 	 1.441951e-11 	 1.414380e-11
12 	 86 	 Ex 	 2 	 1.718757e-11 	 2.153819e-11
12 	 87 	 Ex 	 2 	 2.007844e-11 	 3.181852e-11
12 	 88 	 Ex 	 2 	 2.163329e-11 	 4.581068e-11
12 	 89 	 Ex 	 2 	 1.790615e-11 	 6.441511e-11
12 	 90 	 Ex 	 2 	 -8.226416e-14 	 8.833109e-11
12 	 91 	 Ex 	 2 	 -5.013910e-11 	 1.179826e-10
12 	 92 	 Ex 	 2 	 -1.594582e-10 	 1.520813e-10
12 	 93 	 Ex 	 2 	 -3.475828e-10 	 1.868757e-10
12 	 94 	 Ex 	 2 	 -5.750194e-10 	 2.152104e-10
12 	 95 	 Ex 	 2 	 -7.949816e-10 	 2.281124e-10
12 	 96 	 Ex 	 2 	 -6.401374e-10 	 2.214719e-10
12 	 97 	 Ex 	 2 	 1.035041e-11 	 1.548278e-12
12 	 98 	 Ex 	 2 	 1.240649e-11 	 3.469295e-12
12 	 99 	 Ex 	 2 	 1.525125e-11 	 6.368476e-12
12 	 100 	 Ex 	 2 	 1.936011e-11 	 1.068523e-11
12 	 101 	 Ex 	 2 	 2.534277e-11 	 1.698423e-11
12 	 102 	 Ex 	 2 	 3.400406e-11 	 2.602114e-11
12 	 103 	 Ex 	 2 	 4.627117e-11 	 3.881292e-11
12 	 104 	 Ex 	 2 	 6.280207e-11 	 5.671608e-11
12 	 105 	 Ex 	 2 	 8.222808e-11 	 8.143296e-11
12 	 106 	 Ex 	 2 	 9.670120e-11 	 1.149132e-10
12 	 107 	 Ex 	 2 	 8.037913e-11 	 1.590262e-10
12 	 108 	 Ex 	 2 	 -3.217444e-11 	 2.141391e-10
12 	 109 	 Ex 	 2 	 -3.522066e-10 	 2.763096e-10
12 	 110 	 Ex 	 2 	 -9.024507e-10 	 3.323148e-10
12 	 111 	 Ex 	 2 	 -1.441646e-09 	 3.599474e-10
12 	 112 	 Ex 	 2 	 -1.087869e-09 	 3.455954e-10
12 	 113 	 Ex 	 2 	 1.253476e-11 	 1.900655e-12
12 	 114 	 Ex 	 2 	 1.552416e-11 	 4.057907e-12
12 	 115 	 Ex 	 2 	 1.990304e-11 	 7.360876e-12
12 	 116 	 Ex 	 2 	 2.640503e-11 	 1.227810e-11
12 	 117 	 Ex 	 2 	 3.636627e-11 	 1.953594e-11
12 	 118 	 Ex 	 2 	 5.185482e-11 	 3.012523e-11
12 	 119 	 Ex 	 2 	 7.598155e-11 	 4.538677e-11
12 	 120 	 Ex 	 2 	 1.136961e-10 	 6.728981e-11
12 	 121 	 Ex 	 2 	 1.716810e-10 	 9.862982e-11
12 	 122 	 Ex 	 2 	 2.559842e-10 	 1.433263e-10
12 	 123 	 Ex 	 2 	 3.573199e-10 	 2.066561e-10
12 	 124 	 Ex 	 2 	 3.904418e-10 	 2.944435e-10
12 	 125 	 Ex 	 2 	 1.548735e-11 	 4.086529e-10
12 	 126 	 Ex 	 2 	 -1.414024e-09 	 5.307982e-10
12 	 127 	 Ex 	 2 	 -3.292153e-09 	 6.007365e-10
12 	 128 	 Ex 	 2 	 -2.093260e-09 	 5.637474e-10
12 	 129 	 Ex 	 2 	 1.422826e-11 	 2.168925e-12
12 	 130 	 Ex 	 2 	 1.796325e-11 	 4.495928e-12
12 	 131 	 Ex 	 2 	 2.363430e-11 	 8.114268e-12
12 	 132 	 Ex 	 2 	 3.221780e-11 	 1.350632e-11
12 	 133 	 Ex 	 2 	 4.574148e-11 	 2.152118e-11
12 	 134 	 Ex 	 2 	 6.765089e-11 	 3.336818e-11
12 	 135 	 Ex 	 2 	 1.037312e-10 	 5.070100e-11
12 	 136 	 Ex 	 2 	 1.647662e-10 	 7.608796e-11
12 	 137 	 Ex 	 2 	 2.710377e-10 	 1.135295e-10
12 	 138 	 Ex 	 2 	 4.615944e-10 	 1.693936e-10
12 	 139 	 Ex 	 2 	 8.093488e-10 	 2.542559e-10
12 	 140 	 Ex 	 2 	 1.413932e-09 	 3.863026e-10
12 	 141 	 Ex 	 2 	 2.043605e-09 	 5.941628e-10
12 	 142 	 Ex 	 2 	 -6.376030e-10 	 8.948285e-10
12 	 143 	 Ex 	 2 	 -1.164013e-08 	 1.134411e-09
12 	 144 	 Ex 	 2 	 -3.858043e-09 	 9.994167e-10
12 	 145 	 Ex 	 2 	 1.522990e-11 	 2.320453e-12
12 	 146 	 Ex 	 2 	 1.941270e-11 	 4.740785e-12
12 	 147 	 Ex 	 2 	 2.589066e-11 	 8.546435e-12
12 	 148 	 Ex 	 2 	 3.580663e-11 	 1.422183e-11
12 	 149 	 Ex 	 2 	 5.165027e-11 	 2.268701e-11
12 	 150 	 Ex 	 2 	 7.788144e-11 	 3.530272e-11
12 	 151 	 Ex 	 2 	 1.223830e-10 	 5.393304e-11
12 	 152 	 Ex 	 2 	 2.008743e-10 	 8.155764e-11
12 	 153 	 Ex 	 2 	 3.466721e-10 	 1.230674e-10
12 	 154 	 Ex 	 2 	 6.369790e-10 	 1.869108e-10
12 	 155 	 Ex 	 2 	 1.274886e-09 	 2.888361e-10
12 	 156 	 Ex 	 2 	 2.895078e-09 	 4.624616e-10
12 	 157 	 Ex 	 2 	 7.963657e-09 	 7.932253e-10
12 	 158 	 Ex 	 2 	 2.613822e-08 	 1.551310e-09
12 	 159 	 Ex 	 2 	 -1.152907e-07 	 3.075076e-09
12 	 160 	 Ex 	 2 	 3.160706e-08 	 2.014231e-09
12 	 161 	 Ex 	 2 	 1.576840e-11 	 2.331994e-12
12 	 162 	 Ex 	 2 	 2.012279e-11 	 4.766542e-12
12 	 163 	 Ex 	 2 	 2.688040e-11 	 8.603572e-12
12 	 164 	 Ex 	 2 	 3.722289e-11 	 1.432718e-11
12 	 165 	 Ex 	 2 	 5.376984e-11 	 2.287366e-11
12 	 166 	 Ex 	 2 	 8.124262e-11 	 3.563121e-11
12 	 167 	 Ex 	 2 	 1.280463e-10 	 5.450439e-11
12 	 168 	 Ex 	 2 	 2.111467e-10 	 8.255637e-11
12 	 169 	 Ex 	 2 	 3.672354e-10 	 1.248847e-10
12 	 170 	 Ex 	 2 	 6.839655e-10 	 1.903249e-10
12 	 171 	 Ex 	 2 	 1.403852e-09 	 2.958984e-10
12 	 172 	 Ex 	 2 	 3.362032e-09 	 4.794198e-10
12 	 173 	 Ex 	 2 	 1.063250e-08 	 8.460867e-10
12 	 174 	 Ex 	 2 	 6.131771e-08 	 1.839094e-09
12 	 175 	 Ex 	 2 	 -9.557699e-07 	 7.576985e-09
12 	 176 	 Ex 	 2 	 1.482849e-07 	 2.653523e-09
12 	 177 	 Ex 	 2 	 1.466012e-11 	 2.201263e-12
12 	 178 	 Ex 	 2 	 1.861164e-11 	 4.567802e-12
12 	 179 	 Ex 	 2 	 2.468733e-11 	 8.273973e-12
12 	 180 	 Ex 	 2 	 3.395155e-11 	 1.380630e-11
12 	 181 	 Ex 	 2 	 4.867340e-11 	 2.204947e-11
12 	 182 	 Ex 	 2 	 7.282881e-11 	 3.429497e-11
12 	 183 	 Ex 	 2 	 1.132792e-10 	 5.230772e-11
12 	 184 	 Ex 	 2 	 1.833044e-10 	 7.886939e-11
12 	 185 	 Ex 	 2 	 3.096326e-10 	 1.184488e-10
12 	 186 	 Ex 	 2 	 5.495291e-10 	 1.784616e-10
12 	 187 	 Ex 	 2 	 1.034216e-09 	 2.720106e-10
12 	 188 	 Ex 	 2 	 2.074178e-09 	 4.244264e-10
12 	 189 	 Ex 	 2 	 4.193707e-09 	 6.874034e-10
12 	 190 	 Ex 	 2 	 3.770430e-09 	 1.148167e-09
12 	 191 	 Ex 	 2 	 -2.700807e-08 	 1.636762e-09
12 	 192 	 Ex 	 2 	 -2.132517e-09 	 1.343934e-09
12 	 193 	 Ex 	 2 	 1.317554e-11 	 1.945390e-12
12 	 194 	 Ex 	 2 	 1.647196e-11 	 4.160010e-12
12 	 195 	 Ex 	 2 	 2.143738e-11 	 7.600652e-12
12 	 196 	 Ex 	 2 	 2.887998e-11 	 1.272455e-11
12 	 197 	 Ex 	 2 	 4.046204e-11 	 2.032004e-11
12 	 198 	 Ex 	 2 	 5.890255e-11 	 3.149476e-11
12 	 199 	 Ex 	 2 	 8.848768e-11 	 4.772641e-11
12 	 200 	 Ex 	 2 	 1.366357e-10 	 7.126435e-11
12 	 201 	 Ex 	 2 	 2.156545e-10 	 1.054273e-10
12 	 202 	 Ex 	 2 	 3.439966e-10 	 1.552377e-10
12 	 203 	 Ex 	 2 	 5.390267e-10 	 2.281302e-10
12 	 204 	 Ex 	 2 	 7.548182e-10 	 3.345289e-10
12 	 205 	 Ex 	 2 	 5.665219e-10 	 4.844123e-10
12 	 206 	 Ex 	 2 	 -1.542446e-09 	 6.640862e-10
12 	 207 	 Ex 	 2 	 -5.416070e-09 	 7.787969e-10
12 	 208 	 Ex 	 2 	 -2.870177e-09 	 7.169729e-10
12 	 209 	 Ex 	 2 	 1.108712e-11 	 1.587321e-12
12 	 210 	 Ex 	 2 	 1.351541e-11 	 3.592618e-12
12 	 211 	 Ex 	 2 	 1.698783e-11 	 6.647562e-12
12 	 212 	 Ex 	 2 	 2.209224e-11 	 1.120747e-11
12 	 213 	 Ex 	 2 	 2.976418e-11 	 1.791477e-11
12 	 214 	 Ex 	 2 	 4.132817e-11 	 2.762799e-11
12 	 215 	 Ex 	 2 	 5.857759e-11 	 4.150106e-11
12 	 216 	 Ex 	 2 	 8.379507e-11 	 6.116595e-11
12 	 217 	 Ex 	 2 	 1.184331e-10 	 8.877323e-11
12 	 218 	 Ex 	 2 	 1.586150e-10 	 1.270902e-10
12 	 219 	 Ex 	 2 	 1.804708e-10 	 1.791374e-10
12 	 220 	 Ex 	 2 	 1.011283e-10 	 2.472690e-10
12 	 221 	 Ex 	 2 	 -2.760824e-10 	 3.283873e-10
12 	 222 	 Ex 	 2 	 -1.115376e-09 	 4.065171e-10
12 	 223 	 Ex 	 2 	 -2.025849e-09 	 4.470243e-10
12 	 224 	 Ex 	 2 	 -1.434647e-09 	 4.258953e-10
12 	 225 	 Ex 	 2 	 8.650320e-12 	 1.176929e-12
12 	 226 	 Ex 	 2 	 1.006406e-11 	 2.903734e-12
12 	 227 	 Ex 	 2 	 1.196649e-11 	 5.520767e-12
12 	 228 	 Ex 	 2 	 1.465862e-11 	 9.426897e-12
12 	 229 	 Ex 	 2 	 1.841596e-11 	 1.509882e-11
12 	 230 	 Ex 	 2 	 2.351746e-11 	 2.317490e-11
12 	 231 	 Ex 	 2 	 3.006953e-11 	 3.450687e-11
12 	 232 	 Ex 	 2 	 3.730072e-11 	 5.014694e-11
12 	 233 	 Ex 	 2 	 4.191938e-11 	 7.129904e-11
12 	 234 	 Ex 	 2 	 3.450367e-11 	 9.917454e-11
12 	 235 	 Ex 	 2 	 -7.226443e-12 	 1.345900e-10
12 	 236 	 Ex 	 2 	 -1.254428e-10 	 1.767936e-10
12 	 237 	 Ex 	 2 	 -3.670441e-10 	 2.216069e-10
12 	 238 	 Ex 	 2 	 -6.994968e-10 	 2.595553e-10
12 	 239 	 Ex 	 2 	 -1.024341e-09 	 2.773632e-10
12 	 240 	 Ex 	 2 	 -8.005783e-10 	 2.682154e-10
12 	 241 	 Ex 	 2 	 6.072892e-12 	 7.399714e-13
12 	 242 	 Ex 	 2 	 6.511820e-12 	 2.171878e-12
12 	 243 	 Ex 	 2 	 6.935052e-12 	 4.320899e-12
12 	 244 	 Ex 	 2 	 7.481319e-12 	 7.546010e-12
12 	 245 	 Ex 	 2 	 7.932913e-12 	 1.215783e-11
12 	 246 	 Ex 	 2 	 7.944599e-12 	 1.860084e-11
12 	 247 	 Ex 	 2 	 6.850379e-12 	 2.749444e-11
12 	 248 	 Ex 	 2 	 2.780551e-12 	 3.943161e-11
12 	 249 	 Ex 	 2 	 -8.232043e-12 	 5.501653e-11
12 	 250 	 Ex 	 2 	 -3.366507e-11 	 7.461088e-11
12 	 251 	 Ex 	 2 	 -8.570707e-11 	 9.807904e-11
12 	 252 	 Ex 	 2 	 -1.786564e-10 	 1.241315e-10
12 	 253 	 Ex 	 2 	 -3.152148e-10 	 1.496715e-10
12 	 254 	 Ex 	 2 	 -4.611862e-10 	 1.697361e-10
12 	 255 	 Ex 	 2 	 -6.146066e-10 	 1.785874e-10
12 	 256 	 Ex 	 2 	 -5.009125e-10 	 1.740624e-10
12 	 1 	 Ey 	 1 	 1.518113e-11 	 4.461560e-13
12 	 2 	 Ey 	 1 	 1.752746e-11 	 -1.920626e-12
12 	 3 	 Ey 	 1 	 2.111204e-11 	 -3.538878e-13
12 	 4 	 Ey 	 1 	 2.508857e-11 	 1.193653e-13
12 	 5 	 Ey 	 1 	 2.937136e-11 	 -1.098654e-12
12 	 6 	 Ey 	 1 	 3.442632e-11 	 -6.099887e-13
12 	 7 	 Ey 	 1 	 3.974511e-11 	 -4.634269e-13
12 	 8 	 Ey 	 1 	 4.488103e-11 	 -4.039487e-13
12 	 9 	 Ey 	 1 	 4.922171e-11 	 2.783275e-14
12 	 10 	 Ey 	 1 	 5.148006e-11 	 -3.233239e-13
12 	 11 	 Ey 	 1 	 5.056068e-11 	 -4.899240e-13
12 	 12 	 Ey 	 1 	 4.521542e-11 	 -5.666625e-13
12 	 13 	 Ey 	 1 	 3.460079e-11 	 -8.684935e-13
12 	 14 	 Ey 	 1 	 1.921629e-11 	 -6.093887e-13
12 	 15 	 Ey 	 1 	 -2.771808e-12 	 -1.114747e-12
12 	 16 	 Ey 	 1 	 -1.875830e-11 	 -8.164503e-13
12 	 17 	 Ey 	 1 	 1.592624e-11 	 -1.019084e-12
12 	 18 	 Ey 	 1 	 1.944060e-11 	 4.155898e-13
12 	 19 	 Ey 	 1 	 2.327842e-11 	 -7.290243e-13
12 	 20 	 Ey 	 1 	 2.808906e-11 	 -1.367720e-12
12 	 21 	 Ey 	 1 	 3.420323e-11 	 -2.510292e-14
12 	 22 	 Ey 	 1 	 4.114495e-11 	 1.901090e-13
12 	 23 	 Ey 	 1 	 4.879711e-11 	 -5.873954e-13
12 	 24 	 Ey 	 1 	 5.695423e-11 	 -1.020425e-12
12 	 25 	 Ey 	 1 	 6.469453e-11 	 -1.088087e-12
12 	 26 	 Ey 	 1 	 7.062779e-11 	 -5.104595e-14
12 	 27 	 Ey 	 1 	 7.226740e-11 	 4.019629e-13
12 	 28 	 Ey 	 1 	 6.709726e-11 	 2.256757e-13
12 	 29 	 Ey 	 1 	 5.322031e-11 	 -3.471983e-13
12 	 30 	 Ey 	 1 	 3.070232e-11 	 -6.496926e-13
12 	 31 	 Ey 	 1 	 -2.244314e-12 	 -8.976725e-13
12 	 32 	 Ey 	 1 	 -2.734900e-11 	 -8.359702e-13
12 	 33 	 Ey 	 1 	 1.657557e-11 	 -1.086378e-12
12 	 34 	 Ey 	 1 	 2.053766e-11 	 1.342847e-13
12 	 35 	 Ey 	 1 	 2.520456e-11 	 -4.057428e-13
12 	 36 	 Ey 	 1 	 3.113337e-11 	 -9.223193e-13
12 	 37 	 Ey 	 1 	 3.878278e-11 	 -1.806882e-13
12 	 38 	 Ey 	 1 	 4.807671e-11 	 -2.020451e-13
12 	 39 	 Ey 	 1 	 5.916985e-11 	 -3.269444e-13
12 	 40 	 Ey 	 1 	 7.185636e-11 	 -7.267735e-13
12 	 41 	 Ey 	 1 	 8.540234e-11 	 -4.659750e-14
12 	 42 	 Ey 	 1 	 9.753935e-11 	 1.720923e-13
12 	 43 	 Ey 	 1 	 1.046929e-10 	 1.737322e-13
12 	 44 	 Ey 	 1 	 1.020191e-10 	 3.398347e-13
12 	 45 	 Ey 	 1 	 8.479550e-11 	 8.988062e-13
12 	 46 	 Ey 	 1 	 5.115470e-11 	 7.098927e-13
12 	 47 	 Ey 	 1 	 -7.765945e-13 	 9.275509e-13
12 	 48 	 Ey 	 1 	 -4.208915e-11 	 7.461467e-13
12 	 49 	 Ey 	 1 	 1.690385e-11 	 -3.343848e-13
12 	 50 	 Ey 	 1 	 2.107862e-11 	 -1.721260e-13
12 	 51 	 Ey 	 1 	 2.640958e-11 	 -6.778552e-13
12 	 52 	 Ey 	 1 	 3.364478e-11 	 2.004045e-13
12 	 53 	 Ey 	 1 	 4.278883e-11 	 -5.106938e-13
12 	 54 	 Ey 	 1 	 5.477918e-11 	 -6.421297e-13
12 	 55 	 Ey 	 1 	 7.014743e-11 	 -4.862940e-13
12 	 56 	 Ey 	 1 	 8.936287e-11 	 6.388598e-13
12 	 57 	 Ey 	 1 	 1.116584e-10 	 5.748658e-13
12 	 58 	 Ey 	 1 	 1.349393e-10 	 5.633924e-14
12 	 59 	 Ey 	 1 	 1.541639e-10 	 2.403041e-13
12 	 60 	 Ey 	 1 	 1.599667e-10 	 5.489422e-13
12 	 61 	 Ey 	 1 	 1.408003e-10 	 1.136905e-12
12 	 62 	 Ey 	 1 	 8.923366e-11 	 1.061970e-12
12 	 63 	 Ey 	 1 	 2.082311e-12 	 1.222291e-12
12 	 64 	 Ey 	 1 	 -7.043330e-11 	 9.610081e-13
12 	 65 	 Ey 	 1 	 1.657531e-11 	 1.002843e-13
12 	 66 	 Ey 	 1 	 2.081291e-11 	 -7.228953e-13
12 	 67 	 Ey 	 1 	 2.677890e-11 	 -1.851686e-13
12 	 68 	 Ey 	 1 	 3.480616e-11 	 1.070560e-13
12 	 69 	 Ey 	 1 	 4.560274e-11 	 -1.569591e-13
12 	 70 	 Ey 	 1 	 6.028305e-11 	 -8.809771e-13
12 	 71 	 Ey 	 1 	 8.061486e-11 	 2.436112e-14
12 	 72 	 Ey 	 1 	 1.078111e-10 	 5.697410e-13
12 	 73 	 Ey 	 1 	 1.430222e-10 	 5.469930e-13
12 	 74 	 Ey 	 1 	 1.856180e-10 	 6.803503e-13
12 	 75 	 Ey 	 1 	 2.295392e-10 	 7.059042e-13
12 	 76 	 Ey 	 1 	 2.590978e-10 	 6.282838e-13
12 	 77 	 Ey 	 1 	 2.470422e-10 	 6.759384e-13
12 	 78 	 Ey 	 1 	 1.671345e-10 	 6.276265e-13
12 	 79 	 Ey 	 1 	 8.856756e-12 	 1.910818e-13
12 	 80 	 Ey 	 1 	 -1.297898e-10 	 -1.657883e-13
12 	 81 	 Ey 	 1 	 1.549408e-11 	 4.362221e-13
12 	 82 	 Ey 	 1 	 1.961424e-11 	 -1.002529e-12
12 	 83 	 Ey 	 1 	 2.581551e-11 	 1.469967e-15
12 	 84 	 Ey 	 1 	 3.424828e-11 	 1.085914e-13
12 	 85 	 Ey 	 1 	 4.611768e-11 	 -2.320986e-13
12 	 86 	 Ey 	 1 	 6.319104e-11 	 -3.701049e-13
12 	 87 	 Ey 	 1 	 8.810722e-11 	 2.441371e-13
12 	 88 	 Ey 	 1 	 1.242099e-10 	 1.658456e-13
12 	 89 	 Ey 	 1 	 1.764005e-10 	 6.717469e-13
12 	 90 	 Ey 	 1 	 2.488998e-10 	 9.440364e-13
12 	 91 	 Ey 	 1 	 3.407121e-10 	 9.727588e-13
12 	 92 	 Ey 	 1 	 4.318665e-10 	 1.311077e-12
12 	 93 	 Ey 	 1 	 4.636792e-10 	 1.331300e-12
12 	 94 	 Ey 	 1 	 3.464707e-10 	 1.085241e-12
12 	 95 	 Ey 	 1 	 2.794140e-11 	 -5.258812e-13
12 	 96 	 Ey 	 1 	 -2.699609e-10 	 -1.542998e-12
12 	 97 	 Ey 	 1 	 1.356759e-11 	 3.740126e-13
12 	 98 	 Ey 	 1 	 1.743253e-11 	 -6.178268e-13
12 	 99 	 Ey 	 1 	 2.319879e-11 	 -1.687852e-13
12 	 100 	 Ey 	 1 	 3.144859e-11 	 1.675971e-13
12 	 101 	 Ey 	 1 	 4.338561e-11 	 -2.879984e-13
12 	 102 	 Ey 	 1 	 6.151262e-11 	 1.018573e-13
12 	 103 	 Ey 	 1 	 8.929184e-11 	 1.251378e-13
12 	 104 	 Ey 	 1 	 1.330331e-10 	 2.307248e-13
12 	 105 	 Ey 	 1 	 2.030841e-10 	 7.570556e-13
12 	 106 	 Ey 	 1 	 3.153827e-10 	 1.008817e-12
12 	 107 	 Ey 	 1 	 4.895432e-10 	 1.701749e-12
12 	 108 	 Ey 	 1 	 7.270860e-10 	 2.781601e-12
12 	 109 	 Ey 	 1 	 9.359078e-10 	 3.571603e-12
12 	 110 	 Ey 	 1 	 8.261674e-10 	 3.000354e-12
12 	 111 	 Ey 	 1 	 9.168487e-11 	 -3.465212e-13
12 	 112 	 Ey 	 1 	 -6.637353e-10 	 -3.485432e-12
12 	 113 	 Ey 	 1 	 1.081920e-11 	 1.280323e-13
12 	 114 	 Ey 	 1 	 1.410539e-11 	 -1.900310e-13
12 	 115 	 Ey 	 1 	 1.891793e-11 	 -2.102847e-13
12 	 116 	 Ey 	 1 	 2.604919e-11 	 1.246085e-13
12 	 117 	 Ey 	 1 	 3.671946e-11 	 -1.521368e-13
12 	 118 	 Ey 	 1 	 5.352290e-11 	 2.014457e-13
12 	 119 	 Ey 	 1 	 8.062481e-11 	 3.140988e-14
12 	 120 	 Ey 	 1 	 1.264456e-10 	 3.472421e-13
12 	 121 	 Ey 	 1 	 2.071643e-10 	 6.857114e-13
12 	 122 	 Ey 	 1 	 3.559179e-10 	 1.187311e-12
12 	 123 	 Ey 	 1 	 6.388249e-10 	 2.506548e-12
12 	 124 	 Ey 	 1 	 1.168404e-09 	 4.846190e-12
12 	 125 	 Ey 	 1 	 1.992224e-09 	 8.326814e-12
12 	 126 	 Ey 	 1 	 2.398183e-09 	 9.880329e-12
12 	 127 	 Ey 	 1 	 3.772584e-10 	 1.035723e-12
12 	 128 	 Ey 	 1 	 -2.088939e-09 	 -9.399875e-12
12 	 129 	 Ey 	 1 	 7.403869e-12 	 1.847979e-14
12 	 130 	 Ey 	 1 	 9.718264e-12 	 -5.415518e-16
12 	 131 	 Ey 	 1 	 1.306328e-11 	 -1.142095e-13
12 	 132 	 Ey 	 1 	 1.813520e-11 	 8.670319e-14
12 	 133 	 Ey 	 1 	 2.593585e-11 	 3.235801e-14
12 	 134 	 Ey 	 1 	 3.852757e-11 	 1.548293e-13
12 	 135 	 Ey 	 1 	 5.971038e-11 	 7.702139e-14
12 	 136 	 Ey 	 1 	 9.755619e-11 	 3.532578e-13
12 	 137 	 Ey 	 1 	 1.697422e-10 	 6.468439e-13
12 	 138 	 Ey 	 1 	 3.194812e-10 	 1.233112e-12
12 	 139 	 Ey 	 1 	 6.629611e-10 	 2.881875e-12
12 	 140 	 Ey 	 1 	 1.542946e-09 	 6.609965e-12
12 	 141 	 Ey 	 1 	 3.959197e-09 	 1.666875e-11
12 	 142 	 Ey 	 1 	 8.894073e-09 	 3.681746e-11
12 	 143 	 Ey 	 1 	 2.621153e-09 	 1.067372e-11
12 	 144 	 Ey 	 1 	 -9.623994e-09 	 -4.037956e-11
12 	 145 	 Ey 	 1 	 2.370250e-12 	 -1.442646e-14
12 	 146 	 Ey 	 1 	 3.239521e-12 	 1.102051e-13
12 	 147 	 Ey 	 1 	 4.481441e-12 	 2.360651e-15
12 	 148 	 Ey 	 1 	 6.453386e-12 	 8.748728e-16
12 	 149 	 Ey 	 1 	 9.627119e-12 	 7.852155e-14
12 	 150 	 Ey 	 1 	 1.493110e-11 	 1.366226e-13
12 	 151 	 Ey 	 1 	 2.422814e-11 	 8.271764e-14
12 	 152 	 Ey 	 1 	 4.166866e-11 	 1.638707e-13
12 	 153 	 Ey 	 1 	 7.717094e-11 	 2.457154e-13
12 	 154 	 Ey 	 1 	 1.576734e-10 	 6.341688e-13
12 	 155 	 Ey 	 1 	 3.697862e-10 	 1.677178e-12
12 	 156 	 Ey 	 1 	 1.065707e-09 	 4.615340e-12
12 	 157 	 Ey 	 1 	 4.280644e-09 	 1.802355e-11
12 	 158 	 Ey 	 1 	 2.973349e-08 	 1.224887e-10
12 	 159 	 Ey 	 1 	 -5.643057e-08 	 -2.182588e-10
12 	 160 	 Ey 	 1 	 -6.561441e-08 	 -2.688185e-10
12 	 161 	 Ey 	 1 	 -1.116006e-11 	 3.284154e-14
12 	 162 	 Ey 	 1 	 -1.318670e-11 	 1.477936e-14
12 	 163 	 Ey 	 1 	 -1.582442e-11 	 7.303265e-14
12 	 164 	 Ey 	 1 	 -1.938069e-11 	 4.602958e-14
12 	 165 	 Ey 	 1 	 -2.428561e-11 	 -2.645803e-14
12 	 166 	 Ey 	 1 	 -3.129234e-11 	 -6.525339e-14
12 	 167 	 Ey 	 1 	 -4.180400e-11 	 -1.325013e-14
12 	 168 	 Ey 	 1 	 -5.869325e-11 	 -1.086466e-13
12 	 169 	 Ey 	 1 	 -8.819232e-11 	 -2.392296e-13
12 	 170 	 Ey 	 1 	 -1.460641e-10 	 -5.659157e-13
12 	 171 	 Ey 	 1 	 -2.803911e-10 	 -1.222633e-12
12 	 172 	 Ey 	 1 	 -6.834220e-10 	 -2.940973e-12
12 	 173 	 Ey 	 1 	 -2.552200e-09 	 -1.058769e-11
12 	 174 	 Ey 	 1 	 -2.356080e-08 	 -9.693936e-11
12 	 175 	 Ey 	 1 	 -5.374444e-06 	 -2.156068e-08
12 	 176 	 Ey 	 1 	 6.254859e-08 	 2.560330e-10
12 	 177 	 Ey 	 1 	 -4.509832e-12 	 3.417834e-13
12 	 178 	 Ey 	 1 	 -6.332350e-12 	 6.284307e-14
12 	 179 	 Ey 	 1 	 -8.905201e-12 	 1.730490e-13
12 	 180 	 Ey 	 1 	 -1.281054e-11 	 2.017581e-13
12 	 181 	 Ey 	 1 	 -1.891029e-11 	 2.135057e-13
12 	 182 	 Ey 	 1 	 -2.881394e-11 	 4.127506e-14
12 	 183 	 Ey 	 1 	 -4.569761e-11 	 3.726761e-14
12 	 184 	 Ey 	 1 	 -7.631187e-11 	 -1.398225e-13
12 	 185 	 Ey 	 1 	 -1.361723e-10 	 -2.833565e-13
12 	 186 	 Ey 	 1 	 -2.654286e-10 	 -7.901713e-13
12 	 187 	 Ey 	 1 	 -5.824322e-10 	 -2.318390e-12
12 	 188 	 Ey 	 1 	 -1.500306e-09 	 -6.415028e-12
12 	 189 	 Ey 	 1 	 -4.737176e-09 	 -2.017465e-11
12 	 190 	 Ey 	 1 	 -1.662236e-08 	 -6.906063e-11
12 	 191 	 Ey 	 1 	 -7.924989e-09 	 -3.294356e-11
12 	 192 	 Ey 	 1 	 2.223367e-08 	 9.191156e-11
12 	 193 	 Ey 	 1 	 -8.163653e-12 	 3.404514e-14
12 	 194 	 Ey 	 1 	 -1.104174e-11 	 3.358000e-13
12 	 195 	 Ey 	 1 	 -1.527371e-11 	 3.737732e-13
12 	 196 	 Ey 	 1 	 -2.164534e-11 	 4.190672e-14
12 	 197 	 Ey 	 1 	 -3.128016e-11 	 2.120745e-13
12 	 198 	 Ey 	 1 	 -4.663596e-11 	 -2.509454e-15
12 	 199 	 Ey 	 1 	 -7.187950e-11 	 1.566411e-13
12 	 200 	 Ey 	 1 	 -1.157066e-10 	 -2.073732e-13
12 	 201 	 Ey 	 1 	 -1.958574e-10 	 -5.619365e-13
12 	 202 	 Ey 	 1 	 -3.519747e-10 	 -1.165843e-12
12 	 203 	 Ey 	 1 	 -6.759206e-10 	 -2.759038e-12
12 	 204 	 Ey 	 1 	 -1.374750e-09 	 -5.726252e-12
12 	 205 	 Ey 	 1 	 -2.768944e-09 	 -1.157063e-11
12 	 206 	 Ey 	 1 	 -4.167738e-09 	 -1.724505e-11
12 	 207 	 Ey 	 1 	 -7.532009e-10 	 -2.671892e-12
12 	 208 	 Ey 	 1 	 3.890343e-09 	 1.692110e-11
12 	 209 	 Ey 	 1 	 -1.111778e-11 	 1.137750e-13
12 	 210 	 Ey 	 1 	 -1.481298e-11 	 5.155401e-13
12 	 211 	 Ey 	 1 	 -2.021587e-11 	 3.907882e-13
12 	 212 	 Ey 	 1 	 -2.808682e-11 	 1.675557e-13
12 	 213 	 Ey 	 1 	 -3.969502e-11 	 5.335936e-13
12 	 214 	 Ey 	 1 	 -5.765507e-11 	 1.856747e-14
12 	 215 	 Ey 	 1 	 -8.577621e-11 	 1.065118e-13
12 	 216 	 Ey 	 1 	 -1.314968e-10 	 -4.736955e-14
12 	 217 	 Ey 	 1 	 -2.079852e-10 	 -4.424585e-13
12 	 218 	 Ey 	 1 	 -3.385255e-10 	 -8.025983e-13
12 	 219 	 Ey 	 1 	 -5.602654e-10 	 -1.944463e-12
12 	 220 	 Ey 	 1 	 -9.078178e-10 	 -3.573145e-12
12 	 221 	 Ey 	 1 	 -1.304920e-09 	 -5.285702e-12
12 	 222 	 Ey 	 1 	 -1.290253e-09 	 -5.281345e-12
12 	 223 	 Ey 	 1 	 -1.518048e-10 	 -2.171197e-13
12 	 224 	 Ey 	 1 	 1.064129e-09 	 4.980411e-12
12 	 225 	 Ey 	 1 	 -1.339740e-11 	 -4.707103e-13
12 	 226 	 Ey 	 1 	 -1.735240e-11 	 1.252940e-12
12 	 227 	 Ey 	 1 	 -2.342432e-11 	 4.477954e-13
12 	 228 	 Ey 	 1 	 -3.193692e-11 	 -3.438419e-14
12 	 229 	 Ey 	 1 	 -4.400008e-11 	 4.201874e-13
12 	 230 	 Ey 	 1 	 -6.180310e-11 	 4.175386e-13
12 	 231 	 Ey 	 1 	 -8.837966e-11 	 1.788808e-13
12 	 232 	 Ey 	 1 	 -1.283583e-10 	 1.319104e-13
12 	 233 	 Ey 	 1 	 -1.889059e-10 	 -6.727289e-13
12 	 234 	 Ey 	 1 	 -2.784187e-10 	 -9.506841e-13
12 	 235 	 Ey 	 1 	 -4.023843e-10 	 -1.190164e-12
12 	 236 	 Ey 	 1 	 -5.444912e-10 	 -1.674393e-12
12 	 237 	 Ey 	 1 	 -6.278328e-10 	 -1.748608e-12
12 	 238 	 Ey 	 1 	 -4.996913e-10 	 -1.427819e-12
12 	 239 	 Ey 	 1 	 -4.238552e-11 	 8.277141e-13
12 	 240 	 Ey 	 1 	 3.923067e-10 	 2.479822e-12
12 	 241 	 Ey 	 1 	 -1.463870e-11 	 1.766947e-13
12 	 242 	 Ey 	 1 	 -1.883334e-11 	 1.226144e-12
12 	 243 	 Ey 	 1 	 -2.497454e-11 	 2.671388e-13
12 	 244 	 Ey 	 1 	 -3.320408e-11 	 2.473812e-13
12 	 245 	 Ey 	 1 	 -4.457871e-11 	 5.880194e-13
12 	 246 	 Ey 	 1 	 -6.046409e-11 	 1.145962e-12
12 	 247 	 Ey 	 1 	 -8.305639e-11 	 7.792933e-14
12 	 248 	 Ey 	 1 	 -1.142759e-10 	 -1.392880e-13
12 	 249 	 Ey 	 1 	 -1.567438e-10 	 -3.047787e-13
12 	 250 	 Ey 	 1 	 -2.113857e-10 	 -5.001997e-13
12 	 251 	 Ey 	 1 	 -2.732518e-10 	 -6.180180e-13
12 	 252 	 Ey 	 1 	 -3.237206e-10 	 -7.342347e-13
12 	 253 	 Ey 	 1 	 -3.237613e-10 	 -8.881018e-13
12 	 254 	 Ey 	 1 	 -2.279362e-10 	 -9.475517e-13
12 	 255 	 Ey 	 1 	 -1.338962e-11 	 -1.734819e-13
12 	 256 	 Ey 	 1 	 1.758396e-10 	 3.345975e-13
12 	 1 	 Ey 	 2 	 1.585051e-11 	 -3.052334e-13
12 	 2 	 Ey 	 2 	 1.870472e-11 	 -3.943875e-13
12 	 3 	 Ey 	 2 	 2.212953e-11 	 -4.606277e-13
12 	 4 	 Ey 	 2 	 2.612125e-11 	 -5.270347e-13
12 	 5 	 Ey 	 2 	 3.068151e-11 	 -5.912298e-13
12 	 6 	 Ey 	 2 	 3.573873e-11 	 -6.464268e-13
12 	 7 	 Ey 	 2 	 4.106961e-11 	 -6.923461e-13
12 	 8 	 Ey 	 2 	 4.622675e-11 	 -7.325582e-13
12 	 9 	 Ey 	 2 	 5.048414e-11 	 -7.645762e-13
12 	 10 	 Ey 	 2 	 5.277559e-11 	 -8.001005e-13
12 	 11 	 Ey 	 2 	 5.181827e-11 	 -8.378954e-13
12 	 12 	 Ey 	 2 	 4.636083e-11 	 -8.810271e-13
12 	 13 	 Ey 	 2 	 3.564399e-11 	 -9.435649e-13
12 	 14 	 Ey 	 2 	 2.001266e-11 	 -1.018818e-12
12 	 15 	 Ey 	 2 	 -2.111647e-12 	 -1.117731e-12
12 	 16 	 Ey 	 2 	 -1.838507e-11 	 -1.230920e-12
12 	 17 	 Ey 	 2 	 1.674570e-11 	 -2.370940e-13
12 	 18 	 Ey 	 2 	 2.013774e-11 	 -3.045088e-13
12 	 19 	 Ey 	 2 	 2.426052e-11 	 -3.778259e-13
12 	 20 	 Ey 	 2 	 2.926476e-11 	 -4.424225e-13
12 	 21 	 Ey 	 2 	 3.525897e-11 	 -4.945846e-13
12 	 22 	 Ey 	 2 	 4.224329e-11 	 -5.442109e-13
12 	 23 	 Ey 	 2 	 5.008222e-11 	 -5.903714e-13
12 	 24 	 Ey 	 2 	 5.834541e-11 	 -6.287591e-13
12 	 25 	 Ey 	 2 	 6.612019e-11 	 -6.615074e-13
12 	 26 	 Ey 	 2 	 7.187458e-11 	 -6.905367e-13
12 	 27 	 Ey 	 2 	 7.338712e-11 	 -7.289042e-13
12 	 28 	 Ey 	 2 	 6.814019e-11 	 -7.876299e-13
12 	 29 	 Ey 	 2 	 5.420013e-11 	 -8.709373e-13
12 	 30 	 Ey 	 2 	 3.151768e-11 	 -9.831281e-13
12 	 31 	 Ey 	 2 	 -1.642674e-12 	 -1.122187e-12
12 	 32 	 Ey 	 2 	 -2.699794e-11 	 -1.283684e-12
12 	 33 	 Ey 	 2 	 1.732292e-11 	 -1.721530e-13
12 	 34 	 Ey 	 2 	 2.119249e-11 	 -2.346992e-13
12 	 35 	 Ey 	 2 	 2.605073e-11 	 -3.002383e-13
12 	 36 	 Ey 	 2 	 3.215677e-11 	 -3.586123e-13
12 	 37 	 Ey 	 2 	 3.978392e-11 	 -4.086868e-13
12 	 38 	 Ey 	 2 	 4.914559e-11 	 -4.500593e-13
12 	 39 	 Ey 	 2 	 6.035177e-11 	 -4.898082e-13
12 	 40 	 Ey 	 2 	 7.316384e-11 	 -5.214695e-13
12 	 41 	 Ey 	 2 	 8.664763e-11 	 -5.407566e-13
12 	 42 	 Ey 	 2 	 9.875007e-11 	 -5.611539e-13
12 	 43 	 Ey 	 2 	 1.058812e-10 	 -5.964384e-13
12 	 44 	 Ey 	 2 	 1.031055e-10 	 -6.586726e-13
12 	 45 	 Ey 	 2 	 8.562980e-11 	 -7.566613e-13
12 	 46 	 Ey 	 2 	 5.177953e-11 	 -9.020937e-13
12 	 47 	 Ey 	 2 	 -4.727568e-13 	 -1.094844e-12
12 	 48 	 Ey 	 2 	 -4.203673e-11 	 -1.316465e-12
12 	 49 	 Ey 	 2 	 1.744252e-11 	 -1.099366e-13
12 	 50 	 Ey 	 2 	 2.169375e-11 	 -1.706174e-13
12 	 51 	 Ey 	 2 	 2.720677e-11 	 -2.297973e-13
12 	 52 	 Ey 	 2 	 3.440111e-11 	 -2.767434e-13
12 	 53 	 Ey 	 2 	 4.375001e-11 	 -3.239403e-13
12 	 54 	 Ey 	 2 	 5.585145e-11 	 -3.610986e-13
12 	 55 	 Ey 	 2 	 7.129037e-11 	 -3.861541e-13
12 	 56 	 Ey 	 2 	 9.042624e-11 	 -4.010133e-13
12 	 57 	 Ey 	 2 	 1.127824e-10 	 -3.988218e-13
12 	 58 	 Ey 	 2 	 1.362041e-10 	 -4.007077e-13
12 	 59 	 Ey 	 2 	 1.554362e-10 	 -4.221348e-13
12 	 60 	 Ey 	 2 	 1.611604e-10 	 -4.780471e-13
12 	 61 	 Ey 	 2 	 1.417434e-10 	 -5.837782e-13
12 	 62 	 Ey 	 2 	 8.989517e-11 	 -7.751568e-13
12 	 63 	 Ey 	 2 	 2.308554e-12 	 -1.033803e-12
12 	 64 	 Ey 	 2 	 -7.053916e-11 	 -1.337179e-12
12 	 65 	 Ey 	 2 	 1.695527e-11 	 -5.294331e-14
12 	 66 	 Ey 	 2 	 2.142384e-11 	 -1.108311e-13
12 	 67 	 Ey 	 2 	 2.740938e-11 	 -1.588899e-13
12 	 68 	 Ey 	 2 	 3.547253e-11 	 -2.019021e-13
12 	 69 	 Ey 	 2 	 4.641272e-11 	 -2.394007e-13
12 	 70 	 Ey 	 2 	 6.132141e-11 	 -2.694437e-13
12 	 71 	 Ey 	 2 	 8.160830e-11 	 -2.774003e-13
12 	 72 	 Ey 	 2 	 1.088316e-10 	 -2.735848e-13
12 	 73 	 Ey 	 2 	 1.441444e-10 	 -2.359847e-13
12 	 74 	 Ey 	 2 	 1.868220e-10 	 -1.928512e-13
12 	 75 	 Ey 	 2 	 2.308961e-10 	 -1.809173e-13
12 	 76 	 Ey 	 2 	 2.605327e-10 	 -2.050404e-13
12 	 77 	 Ey 	 2 	 2.483608e-10 	 -3.071821e-13
12 	 78 	 Ey 	 2 	 1.681027e-10 	 -5.687882e-13
12 	 79 	 Ey 	 2 	 9.251136e-12 	 -9.468650e-13
12 	 80 	 Ey 	 2 	 -1.299421e-10 	 -1.377782e-12
12 	 81 	 Ey 	 2 	 1.574387e-11 	 5.099450e-16
12 	 82 	 Ey 	 2 	 2.018506e-11 	 -5.178707e-14
12 	 83 	 Ey 	 2 	 2.630436e-11 	 -8.976722e-14
12 	 84 	 Ey 	 2 	 3.481181e-11 	 -1.270009e-13
12 	 85 	 Ey 	 2 	 4.682596e-11 	 -1.565210e-13
12 	 86 	 Ey 	 2 	 6.403734e-11 	 -1.732790e-13
12 	 87 	 Ey 	 2 	 8.897541e-11 	 -1.689651e-13
12 	 88 	 Ey 	 2 	 1.252310e-10 	 -1.404812e-13
12 	 89 	 Ey 	 2 	 1.775160e-10 	 -7.654864e-14
12 	 90 	 Ey 	 2 	 2.502474e-10 	 2.855890e-16
12 	 91 	 Ey 	 2 	 3.423293e-10 	 1.186283e-13
12 	 92 	 Ey 	 2 	 4.337119e-10 	 2.025014e-13
12 	 93 	 Ey 	 2 	 4.655535e-10 	 1.738616e-13
12 	 94 	 Ey 	 2 	 3.478938e-10 	 -1.563572e-13
12 	 95 	 Ey 	 2 	 2.849273e-11 	 -8.083054e-13
12 	 96 	 Ey 	 2 	 -2.703922e-10 	 -1.501791e-12
12 	 97 	 Ey 	 2 	 1.373393e-11 	 5.242214e-14
12 	 98 	 Ey 	 2 	 1.783446e-11 	 1.068787e-14
12 	 99 	 Ey 	 2 	 2.360896e-11 	 -2.308609e-14
12 	 100 	 Ey 	 2 	 3.188046e-11 	 -5.126158e-14
12 	 101 	 Ey 	 2 	 4.398813e-11 	 -7.456567e-14
12 	 102 	 Ey 	 2 	 6.216080e-11 	 -8.090596e-14
12 	 103 	 Ey 	 2 	 9.006363e-11 	 -6.655299e-14
12 	 104 	 Ey 	 2 	 1.339387e-10 	 -1.288637e-14
12 	 105 	 Ey 	 2 	 2.041527e-10 	 8.275380e-14
12 	 106 	 Ey 	 2 	 3.167847e-10 	 2.552474e-13
12 	 107 	 Ey 	 2 	 4.914106e-10 	 5.080265e-13
12 	 108 	 Ey 	 2 	 7.295979e-10 	 7.951494e-13
12 	 109 	 Ey 	 2 	 9.389572e-10 	 9.704696e-13
12 	 110 	 Ey 	 2 	 8.289756e-10 	 5.255885e-13
12 	 111 	 Ey 	 2 	 9.235212e-11 	 -5.253678e-13
12 	 112 	 Ey 	 2 	 -6.652413e-10 	 -1.860311e-12
12 	 113 	 Ey 	 2 	 1.092967e-11 	 1.034299e-13
12 	 114 	 Ey 	 2 	 1.432977e-11 	 7.274700e-14
12 	 115 	 Ey 	 2 	 1.920045e-11 	 4.641169e-14
12 	 116 	 Ey 	 2 	 2.635096e-11 	 2.404315e-14
12 	 117 	 Ey 	 2 	 3.714250e-11 	 7.965891e-15
12 	 118 	 Ey 	 2 	 5.398329e-11 	 6.258894e-15
12 	 119 	 Ey 	 2 	 8.122711e-11 	 2.330938e-14
12 	 120 	 Ey 	 2 	 1.271631e-10 	 8.316859e-14
12 	 121 	 Ey 	 2 	 2.081416e-10 	 1.926033e-13
12 	 122 	 Ey 	 2 	 3.572999e-10 	 4.378820e-13
12 	 123 	 Ey 	 2 	 6.410144e-10 	 8.029652e-13
12 	 124 	 Ey 	 2 	 1.172029e-09 	 1.451075e-12
12 	 125 	 Ey 	 2 	 1.998073e-09 	 2.345151e-12
12 	 126 	 Ey 	 2 	 2.405249e-09 	 2.348973e-12
12 	 127 	 Ey 	 2 	 3.787165e-10 	 -3.452434e-14
12 	 128 	 Ey 	 2 	 -2.094468e-09 	 -3.170071e-12
12 	 129 	 Ey 	 2 	 7.433598e-12 	 1.562591e-13
12 	 130 	 Ey 	 2 	 9.783791e-12 	 1.369479e-13
12 	 131 	 Ey 	 2 	 1.319368e-11 	 1.174329e-13
12 	 132 	 Ey 	 2 	 1.828874e-11 	 1.003814e-13
12 	 133 	 Ey 	 2 	 2.615502e-11 	 8.797960e-14
12 	 134 	 Ey 	 2 	 3.879822e-11 	 8.448777e-14
12 	 135 	 Ey 	 2 	 6.008912e-11 	 9.646508e-14
12 	 136 	 Ey 	 2 	 9.803570e-11 	 1.406837e-13
12 	 137 	 Ey 	 2 	 1.704271e-10 	 2.501948e-13
12 	 138 	 Ey 	 2 	 3.206021e-10 	 4.762205e-13
12 	 139 	 Ey 	 2 	 6.650160e-10 	 9.356322e-13
12 	 140 	 Ey 	 2 	 1.547458e-09 	 1.967592e-12
12 	 141 	 Ey 	 2 	 3.970516e-09 	 4.191345e-12
12 	 142 	 Ey 	 2 	 8.919447e-09 	 7.349112e-12
12 	 143 	 Ey 	 2 	 2.628742e-09 	 2.180167e-12
12 	 144 	 Ey 	 2 	 -9.650824e-09 	 -8.436553e-12
12 	 145 	 Ey 	 2 	 2.293910e-12 	 2.126383e-13
12 	 146 	 Ey 	 2 	 3.153906e-12 	 2.041932e-13
12 	 147 	 Ey 	 2 	 4.441819e-12 	 1.920058e-13
12 	 148 	 Ey 	 2 	 6.435691e-12 	 1.805075e-13
12 	 149 	 Ey 	 2 	 9.628422e-12 	 1.690918e-13
12 	 150 	 Ey 	 2 	 1.495520e-11 	 1.599771e-13
12 	 151 	 Ey 	 2 	 2.431195e-11 	 1.568982e-13
12 	 152 	 Ey 	 2 	 4.183746e-11 	 1.639187e-13
12 	 153 	 Ey 	 2 	 7.746372e-11 	 2.008417e-13
12 	 154 	 Ey 	 2 	 1.581920e-10 	 3.061720e-13
12 	 155 	 Ey 	 2 	 3.708634e-10 	 5.949941e-13
12 	 156 	 Ey 	 2 	 1.068761e-09 	 1.352022e-12
12 	 157 	 Ey 	 2 	 4.292721e-09 	 4.128906e-12
12 	 158 	 Ey 	 2 	 2.981737e-08 	 1.832951e-11
12 	 159 	 Ey 	 2 	 -5.658935e-08 	 2.249196e-11
12 	 160 	 Ey 	 2 	 -6.579911e-08 	 -3.324376e-11
12 	 161 	 Ey 	 2 	 -1.139298e-11 	 2.595144e-13
12 	 162 	 Ey 	 2 	 -1.343245e-11 	 2.587535e-13
12 	 163 	 Ey 	 2 	 -1.608847e-11 	 2.535439e-13
12 	 164 	 Ey 	 2 	 -1.963393e-11 	 2.429841e-13
12 	 165 	 Ey 	 2 	 -2.452777e-11 	 2.249011e-13
12 	 166 	 Ey 	 2 	 -3.153960e-11 	 2.018235e-13
12 	 167 	 Ey 	 2 	 -4.208758e-11 	 1.691740e-13
12 	 168 	 Ey 	 2 	 -5.900894e-11 	 1.181501e-13
12 	 169 	 Ey 	 2 	 -8.856886e-11 	 5.016079e-14
12 	 170 	 Ey 	 2 	 -1.465761e-10 	 -6.241507e-14
12 	 171 	 Ey 	 2 	 -2.812215e-10 	 -2.926492e-13
12 	 172 	 Ey 	 2 	 -6.853378e-10 	 -7.988480e-13
12 	 173 	 Ey 	 2 	 -2.559439e-09 	 -2.412320e-12
12 	 174 	 Ey 	 2 	 -2.362721e-08 	 -1.463339e-11
12 	 175 	 Ey 	 2 	 -5.389589e-06 	 -9.211207e-10
12 	 176 	 Ey 	 2 	 6.272492e-08 	 3.037031e-11
12 	 177 	 Ey 	 2 	 -4.881440e-12 	 3.394853e-13
12 	 178 	 Ey 	 2 	 -6.672013e-12 	 3.490900e-13
12 	 179 	 Ey 	 2 	 -9.285682e-12 	 3.555345e-13
12 	 180 	 Ey 	 2 	 -1.321869e-11 	 3.547892e-13
12 	 181 	 Ey 	 2 	 -1.933830e-11 	 3.435705e-13
12 	 182 	 Ey 	 2 	 -2.926258e-11 	 3.192859e-13
12 	 183 	 Ey 	 2 	 -4.618427e-11 	 2.733163e-13
12 	 184 	 Ey 	 2 	 -7.684833e-11 	 1.925751e-13
12 	 185 	 Ey 	 2 	 -1.368677e-10 	 5.322583e-14
12 	 186 	 Ey 	 2 	 -2.664599e-10 	 -1.864692e-13
12 	 187 	 Ey 	 2 	 -5.842968e-10 	 -6.583896e-13
12 	 188 	 Ey 	 2 	 -1.504603e-09 	 -1.819969e-12
12 	 189 	 Ey 	 2 	 -4.750457e-09 	 -4.781681e-12
12 	 190 	 Ey 	 2 	 -1.666911e-08 	 -1.230005e-11
12 	 191 	 Ey 	 2 	 -7.947339e-09 	 -6.408034e-12
12 	 192 	 Ey 	 2 	 2.229639e-08 	 1.511935e-11
12 	 193 	 Ey 	 2 	 -8.607223e-12 	 4.109475e-13
12 	 194 	 Ey 	 2 	 -1.157305e-11 	 4.346828e-13
12 	 195 	 Ey 	 2 	 -1.586089e-11 	 4.519250e-13
12 	 196 	 Ey 	 2 	 -2.222035e-11 	 4.572544e-13
12 	 197 	 Ey 	 2 	 -3.193121e-11 	 4.503575e-13
12 	 198 	 Ey 	 2 	 -4.730741e-11 	 4.220719e-13
12 	 199 	 Ey 	 2 	 -7.266011e-11 	 3.666826e-13
12 	 200 	 Ey 	 2 	 -1.165524e-10 	 2.628704e-13
12 	 201 	 Ey 	 2 	 -1.968905e-10 	 8.796062e-14
12 	 202 	 Ey 	 2 	 -3.534021e-10 	 -2.204596e-13
12 	 203 	 Ey 	 2 	 -6.781513e-10 	 -7.486975e-13
12 	 204 	 Ey 	 2 	 -1.378875e-09 	 -1.661552e-12
12 	 205 	 Ey 	 2 	 -2.776841e-09 	 -3.196351e-12
12 	 206 	 Ey 	 2 	 -4.179554e-09 	 -4.106238e-12
12 	 207 	 Ey 	 2 	 -7.554006e-10 	 -8.095351e-13
12 	 208 	 Ey 	 2 	 3.901247e-09 	 4.283850e-12
12 	 209 	 Ey 	 2 	 -1.170047e-11 	 4.931108e-13
12 	 210 	 Ey 	 2 	 -1.552608e-11 	 5.310727e-13
12 	 211 	 Ey 	 2 	 -2.096727e-11 	 5.581122e-13
12 	 212 	 Ey 	 2 	 -2.886331e-11 	 5.734695e-13
12 	 213 	 Ey 	 2 	 -4.059918e-11 	 5.751249e-13
12 	 214 	 Ey 	 2 	 -5.854239e-11 	 5.489793e-13
12 	 215 	 Ey 	 2 	 -8.677558e-11 	 4.953939e-13
12 	 216 	 Ey 	 2 	 -1.326175e-10 	 3.948522e-13
12 	 217 	 Ey 	 2 	 -2.092621e-10 	 2.257026e-13
12 	 218 	 Ey 	 2 	 -3.401336e-10 	 -4.944241e-14
12 	 219 	 Ey 	 2 	 -5.623549e-10 	 -4.686325e-13
12 	 220 	 Ey 	 2 	 -9.107693e-10 	 -9.829721e-13
12 	 221 	 Ey 	 2 	 -1.308890e-09 	 -1.446462e-12
12 	 222 	 Ey 	 2 	 -1.294020e-09 	 -1.319629e-12
12 	 223 	 Ey 	 2 	 -1.523414e-10 	 1.223330e-13
12 	 224 	 Ey 	 2 	 1.067097e-09 	 1.937241e-12
12 	 225 	 Ey 	 2 	 -1.402501e-11 	 5.859082e-13
12 	 226 	 Ey 	 2 	 -1.833502e-11 	 6.434422e-13
12 	 227 	 Ey 	 2 	 -2.435672e-11 	 6.817439e-13
12 	 228 	 Ey 	 2 	 -3.286079e-11 	 7.079551e-13
12 	 229 	 Ey 	 2 	 -4.507887e-11 	 7.212422e-13
12 	 230 	 Ey 	 2 	 -6.296764e-11 	 7.088733e-13
12 	 231 	 Ey 	 2 	 -8.958565e-11 	 6.621702e-13
12 	 232 	 Ey 	 2 	 -1.296903e-10 	 5.790432e-13
12 	 233 	 Ey 	 2 	 -1.902511e-10 	 4.259023e-13
12 	 234 	 Ey 	 2 	 -2.799841e-10 	 2.370569e-13
12 	 235 	 Ey 	 2 	 -4.042232e-10 	 -3.610053e-14
12 	 236 	 Ey 	 2 	 -5.466142e-10 	 -3.057470e-13
12 	 237 	 Ey 	 2 	 -6.301017e-10 	 -4.393771e-13
12 	 238 	 Ey 	 2 	 -5.014447e-10 	 -1.876893e-13
12 	 239 	 Ey 	 2 	 -4.276150e-11 	 4.699905e-13
12 	 240 	 Ey 	 2 	 3.933586e-10 	 1.269152e-12
12 	 241 	 Ey 	 2 	 -1.551943e-11 	 6.999916e-13
12 	 242 	 Ey 	 2 	 -1.998258e-11 	 7.720632e-13
12 	 243 	 Ey 	 2 	 -2.605834e-11 	 8.255782e-13
12 	 244 	 Ey 	 2 	 -3.437573e-11 	 8.702605e-13
12 	 245 	 Ey 	 2 	 -4.588801e-11 	 8.970159e-13
12 	 246 	 Ey 	 2 	 -6.194666e-11 	 9.024708e-13
12 	 247 	 Ey 	 2 	 -8.444215e-11 	 8.703663e-13
12 	 248 	 Ey 	 2 	 -1.157190e-10 	 8.042948e-13
12 	 249 	 Ey 	 2 	 -1.582632e-10 	 7.009603e-13
12 	 250 	 Ey 	 2 	 -2.129692e-10 	 5.558621e-13
12 	 251 	 Ey 	 2 	 -2.748953e-10 	 3.694045e-13
12 	 252 	 Ey 	 2 	 -3.253700e-10 	 2.182494e-13
12 	 253 	 Ey 	 2 	 -3.252477e-10 	 1.995236e-13
12 	 254 	 Ey 	 2 	 -2.288792e-10 	 3.278627e-13
12 	 255 	 Ey 	 2 	 -1.355268e-11 	 6.687711e-13
12 	 256 	 Ey 	 2 	 1.764801e-10 	 1.042147e-12
