iTx 	 iRx    chrec  ifreq 	 emf_real 	 emf_imag
10 	 1 	 Ex 	 1 	 -3.283614e-11 	 2.335386e-11
10 	 2 	 Ex 	 1 	 -4.498979e-11 	 2.421666e-11
10 	 3 	 Ex 	 1 	 -5.835051e-11 	 2.358284e-11
10 	 4 	 Ex 	 1 	 -7.094528e-11 	 2.336737e-11
10 	 5 	 Ex 	 1 	 -8.063589e-11 	 2.309596e-11
10 	 6 	 Ex 	 1 	 -7.772553e-11 	 2.333784e-11
10 	 7 	 Ex 	 1 	 -8.418943e-11 	 2.326143e-11
10 	 8 	 Ex 	 1 	 -7.686166e-11 	 2.321379e-11
10 	 9 	 Ex 	 1 	 -6.562931e-11 	 2.344213e-11
10 	 10 	 Ex 	 1 	 -5.245926e-11 	 2.388523e-11
10 	 11 	 Ex 	 1 	 -3.948692e-11 	 2.408690e-11
10 	 12 	 Ex 	 1 	 -2.825599e-11 	 2.284003e-11
10 	 13 	 Ex 	 1 	 -1.968451e-11 	 1.834810e-11
10 	 14 	 Ex 	 1 	 -1.368802e-11 	 1.167036e-11
10 	 15 	 Ex 	 1 	 -8.666032e-12 	 1.033053e-11
10 	 16 	 Ex 	 1 	 -4.419457e-12 	 1.388381e-11
10 	 17 	 Ex 	 1 	 -3.196261e-11 	 2.490312e-11
10 	 18 	 Ex 	 1 	 -4.822143e-11 	 2.858484e-11
10 	 19 	 Ex 	 1 	 -6.741759e-11 	 3.080052e-11
10 	 20 	 Ex 	 1 	 -8.683440e-11 	 3.214031e-11
10 	 21 	 Ex 	 1 	 -1.024734e-10 	 3.303669e-11
10 	 22 	 Ex 	 1 	 -1.009169e-10 	 3.352191e-11
10 	 23 	 Ex 	 1 	 -1.082776e-10 	 3.334054e-11
10 	 24 	 Ex 	 1 	 -9.623794e-11 	 3.286605e-11
10 	 25 	 Ex 	 1 	 -7.837195e-11 	 3.178726e-11
10 	 26 	 Ex 	 1 	 -5.862140e-11 	 3.018359e-11
10 	 27 	 Ex 	 1 	 -4.049139e-11 	 2.748298e-11
10 	 28 	 Ex 	 1 	 -2.599408e-11 	 2.297335e-11
10 	 29 	 Ex 	 1 	 -1.536348e-11 	 1.820365e-11
10 	 30 	 Ex 	 1 	 -7.688804e-12 	 1.636851e-11
10 	 31 	 Ex 	 1 	 -2.472189e-12 	 1.631900e-11
10 	 32 	 Ex 	 1 	 4.793277e-13 	 1.470097e-11
10 	 33 	 Ex 	 1 	 -2.685898e-11 	 2.540348e-11
10 	 34 	 Ex 	 1 	 -4.914226e-11 	 3.005234e-11
10 	 35 	 Ex 	 1 	 -7.758053e-11 	 3.587572e-11
10 	 36 	 Ex 	 1 	 -1.088423e-10 	 4.038524e-11
10 	 37 	 Ex 	 1 	 -1.356238e-10 	 4.347781e-11
10 	 38 	 Ex 	 1 	 -1.377046e-10 	 4.466286e-11
10 	 39 	 Ex 	 1 	 -1.458052e-10 	 4.437451e-11
10 	 40 	 Ex 	 1 	 -1.247533e-10 	 4.250668e-11
10 	 41 	 Ex 	 1 	 -9.487684e-11 	 3.889117e-11
10 	 42 	 Ex 	 1 	 -6.416769e-11 	 3.376342e-11
10 	 43 	 Ex 	 1 	 -3.821449e-11 	 2.819285e-11
10 	 44 	 Ex 	 1 	 -1.891359e-11 	 2.425594e-11
10 	 45 	 Ex 	 1 	 -5.813906e-12 	 2.302467e-11
10 	 46 	 Ex 	 1 	 2.270904e-12 	 2.312156e-11
10 	 47 	 Ex 	 1 	 6.164161e-12 	 2.023601e-11
10 	 48 	 Ex 	 1 	 6.865668e-12 	 1.216598e-11
10 	 49 	 Ex 	 1 	 -1.219510e-11 	 3.110415e-11
10 	 50 	 Ex 	 1 	 -4.190421e-11 	 3.567925e-11
10 	 51 	 Ex 	 1 	 -8.540063e-11 	 4.189818e-11
10 	 52 	 Ex 	 1 	 -1.386849e-10 	 4.765800e-11
10 	 53 	 Ex 	 1 	 -1.884196e-10 	 5.200420e-11
10 	 54 	 Ex 	 1 	 -2.000994e-10 	 5.397214e-11
10 	 55 	 Ex 	 1 	 -2.079482e-10 	 5.353938e-11
10 	 56 	 Ex 	 1 	 -1.678470e-10 	 5.043982e-11
10 	 57 	 Ex 	 1 	 -1.142189e-10 	 4.554444e-11
10 	 58 	 Ex 	 1 	 -6.416973e-11 	 3.953190e-11
10 	 59 	 Ex 	 1 	 -2.668245e-11 	 3.376284e-11
10 	 60 	 Ex 	 1 	 -2.585887e-12 	 3.049445e-11
10 	 61 	 Ex 	 1 	 1.107951e-11 	 3.027151e-11
10 	 62 	 Ex 	 1 	 1.703922e-11 	 2.762811e-11
10 	 63 	 Ex 	 1 	 1.768537e-11 	 1.950786e-11
10 	 64 	 Ex 	 1 	 1.637551e-11 	 1.343238e-11
10 	 65 	 Ex 	 1 	 1.948095e-11 	 4.112944e-11
10 	 66 	 Ex 	 1 	 -1.630535e-11 	 4.579801e-11
10 	 67 	 Ex 	 1 	 -8.127319e-11 	 5.175429e-11
10 	 68 	 Ex 	 1 	 -1.751613e-10 	 5.862352e-11
10 	 69 	 Ex 	 1 	 -2.750160e-10 	 6.399314e-11
10 	 70 	 Ex 	 1 	 -3.127243e-10 	 6.688194e-11
10 	 71 	 Ex 	 1 	 -3.166830e-10 	 6.605270e-11
10 	 72 	 Ex 	 1 	 -2.324309e-10 	 6.201246e-11
10 	 73 	 Ex 	 1 	 -1.304217e-10 	 5.577033e-11
10 	 74 	 Ex 	 1 	 -4.810415e-11 	 4.923300e-11
10 	 75 	 Ex 	 1 	 3.246110e-12 	 4.406344e-11
10 	 76 	 Ex 	 1 	 2.896857e-11 	 4.026594e-11
10 	 77 	 Ex 	 1 	 3.825815e-11 	 3.604947e-11
10 	 78 	 Ex 	 1 	 3.824317e-11 	 2.910400e-11
10 	 79 	 Ex 	 1 	 3.377370e-11 	 1.961300e-11
10 	 80 	 Ex 	 1 	 2.905167e-11 	 1.722028e-11
10 	 81 	 Ex 	 1 	 7.968582e-11 	 5.106733e-11
10 	 82 	 Ex 	 1 	 4.843287e-11 	 5.865329e-11
10 	 83 	 Ex 	 1 	 -3.872686e-11 	 6.738630e-11
10 	 84 	 Ex 	 1 	 -2.052559e-10 	 7.700743e-11
10 	 85 	 Ex 	 1 	 -4.232563e-10 	 8.466013e-11
10 	 86 	 Ex 	 1 	 -5.391448e-10 	 8.882906e-11
10 	 87 	 Ex 	 1 	 -5.249446e-10 	 8.757093e-11
10 	 88 	 Ex 	 1 	 -3.256652e-10 	 8.169110e-11
10 	 89 	 Ex 	 1 	 -1.209562e-10 	 7.293185e-11
10 	 90 	 Ex 	 1 	 9.289337e-12 	 6.360525e-11
10 	 91 	 Ex 	 1 	 6.799785e-11 	 5.561260e-11
10 	 92 	 Ex 	 1 	 8.391891e-11 	 4.889904e-11
10 	 93 	 Ex 	 1 	 7.954785e-11 	 4.022824e-11
10 	 94 	 Ex 	 1 	 6.768001e-11 	 2.998131e-11
10 	 95 	 Ex 	 1 	 5.507465e-11 	 2.308086e-11
10 	 96 	 Ex 	 1 	 4.428366e-11 	 2.122691e-11
10 	 97 	 Ex 	 1 	 1.840983e-10 	 5.910863e-11
10 	 98 	 Ex 	 1 	 1.913321e-10 	 7.264940e-11
10 	 99 	 Ex 	 1 	 1.130296e-10 	 8.811474e-11
10 	 100 	 Ex 	 1 	 -1.607168e-10 	 1.041131e-10
10 	 101 	 Ex 	 1 	 -6.797193e-10 	 1.174820e-10
10 	 102 	 Ex 	 1 	 -1.072009e-09 	 1.244982e-10
10 	 103 	 Ex 	 1 	 -9.761252e-10 	 1.223526e-10
10 	 104 	 Ex 	 1 	 -4.269855e-10 	 1.122889e-10
10 	 105 	 Ex 	 1 	 -6.855563e-12 	 9.744190e-11
10 	 106 	 Ex 	 1 	 1.650554e-10 	 8.152911e-11
10 	 107 	 Ex 	 1 	 1.946677e-10 	 6.696561e-11
10 	 108 	 Ex 	 1 	 1.718929e-10 	 5.465397e-11
10 	 109 	 Ex 	 1 	 1.375322e-10 	 4.341710e-11
10 	 110 	 Ex 	 1 	 1.056708e-10 	 3.314741e-11
10 	 111 	 Ex 	 1 	 8.044163e-11 	 2.810043e-11
10 	 112 	 Ex 	 1 	 6.099131e-11 	 2.406661e-11
10 	 113 	 Ex 	 1 	 3.438174e-10 	 6.586130e-11
10 	 114 	 Ex 	 1 	 4.669260e-10 	 8.686902e-11
10 	 115 	 Ex 	 1 	 5.410150e-10 	 1.128060e-10
10 	 116 	 Ex 	 1 	 2.657932e-10 	 1.421873e-10
10 	 117 	 Ex 	 1 	 -1.006862e-09 	 1.695209e-10
10 	 118 	 Ex 	 1 	 -2.661562e-09 	 1.835536e-10
10 	 119 	 Ex 	 1 	 -2.105206e-09 	 1.793830e-10
10 	 120 	 Ex 	 1 	 -2.823546e-10 	 1.585847e-10
10 	 121 	 Ex 	 1 	 4.681104e-10 	 1.293655e-10
10 	 122 	 Ex 	 1 	 5.256657e-10 	 1.013548e-10
10 	 123 	 Ex 	 1 	 4.121840e-10 	 7.757490e-11
10 	 124 	 Ex 	 1 	 2.964852e-10 	 5.901176e-11
10 	 125 	 Ex 	 1 	 2.095617e-10 	 4.646510e-11
10 	 126 	 Ex 	 1 	 1.488790e-10 	 3.835180e-11
10 	 127 	 Ex 	 1 	 1.070365e-10 	 3.281663e-11
10 	 128 	 Ex 	 1 	 7.734127e-11 	 2.499003e-11
10 	 129 	 Ex 	 1 	 5.409382e-10 	 7.168738e-11
10 	 130 	 Ex 	 1 	 8.912645e-10 	 9.993355e-11
10 	 131 	 Ex 	 1 	 1.492097e-09 	 1.399343e-10
10 	 132 	 Ex 	 1 	 2.205484e-09 	 1.959568e-10
10 	 133 	 Ex 	 1 	 3.307699e-10 	 2.641853e-10
10 	 134 	 Ex 	 1 	 -9.787125e-09 	 2.912024e-10
10 	 135 	 Ex 	 1 	 -4.945073e-09 	 2.873362e-10
10 	 136 	 Ex 	 1 	 1.951360e-09 	 2.348023e-10
10 	 137 	 Ex 	 1 	 1.926884e-09 	 1.692859e-10
10 	 138 	 Ex 	 1 	 1.189547e-09 	 1.212796e-10
10 	 139 	 Ex 	 1 	 7.118728e-10 	 8.693493e-11
10 	 140 	 Ex 	 1 	 4.397296e-10 	 6.282074e-11
10 	 141 	 Ex 	 1 	 2.830857e-10 	 4.964836e-11
10 	 142 	 Ex 	 1 	 1.894933e-10 	 4.357918e-11
10 	 143 	 Ex 	 1 	 1.304205e-10 	 3.618813e-11
10 	 144 	 Ex 	 1 	 9.094665e-11 	 2.445813e-11
10 	 145 	 Ex 	 1 	 7.043429e-10 	 7.563594e-11
10 	 146 	 Ex 	 1 	 1.311736e-09 	 1.090789e-10
10 	 147 	 Ex 	 1 	 2.787807e-09 	 1.631079e-10
10 	 148 	 Ex 	 1 	 7.222849e-09 	 2.616857e-10
10 	 149 	 Ex 	 1 	 2.338328e-08 	 5.002773e-10
10 	 150 	 Ex 	 1 	 -8.226677e-08 	 4.643484e-10
10 	 151 	 Ex 	 1 	 2.849946e-08 	 7.150424e-10
10 	 152 	 Ex 	 1 	 1.366368e-08 	 3.655357e-10
10 	 153 	 Ex 	 1 	 4.594664e-09 	 2.095865e-10
10 	 154 	 Ex 	 1 	 1.955831e-09 	 1.365633e-10
10 	 155 	 Ex 	 1 	 9.830645e-10 	 9.320794e-11
10 	 156 	 Ex 	 1 	 5.522600e-10 	 6.559897e-11
10 	 157 	 Ex 	 1 	 3.359091e-10 	 5.214067e-11
10 	 158 	 Ex 	 1 	 2.169655e-10 	 4.714601e-11
10 	 159 	 Ex 	 1 	 1.454948e-10 	 3.791862e-11
10 	 160 	 Ex 	 1 	 9.940201e-11 	 2.353038e-11
10 	 161 	 Ex 	 1 	 7.383641e-10 	 7.617073e-11
10 	 162 	 Ex 	 1 	 1.409512e-09 	 1.110096e-10
10 	 163 	 Ex 	 1 	 3.148344e-09 	 1.685804e-10
10 	 164 	 Ex 	 1 	 9.237223e-09 	 2.817327e-10
10 	 165 	 Ex 	 1 	 4.727496e-08 	 6.526572e-10
10 	 166 	 Ex 	 1 	 -8.099625e-08 	 1.345862e-09
10 	 167 	 Ex 	 1 	 2.251857e-07 	 1.713184e-09
10 	 168 	 Ex 	 1 	 2.084160e-08 	 4.202672e-10
10 	 169 	 Ex 	 1 	 5.508978e-09 	 2.204645e-10
10 	 170 	 Ex 	 1 	 2.164567e-09 	 1.400664e-10
10 	 171 	 Ex 	 1 	 1.049826e-09 	 9.435622e-11
10 	 172 	 Ex 	 1 	 5.787799e-10 	 6.587283e-11
10 	 173 	 Ex 	 1 	 3.481987e-10 	 5.246653e-11
10 	 174 	 Ex 	 1 	 2.234060e-10 	 4.801093e-11
10 	 175 	 Ex 	 1 	 1.491015e-10 	 3.856109e-11
10 	 176 	 Ex 	 1 	 1.014421e-10 	 2.325618e-11
10 	 177 	 Ex 	 1 	 6.234041e-10 	 7.382507e-11
10 	 178 	 Ex 	 1 	 1.096138e-09 	 1.048096e-10
10 	 179 	 Ex 	 1 	 2.078316e-09 	 1.515155e-10
10 	 180 	 Ex 	 1 	 4.097760e-09 	 2.254847e-10
10 	 181 	 Ex 	 1 	 4.843933e-09 	 3.405012e-10
10 	 182 	 Ex 	 1 	 -2.165810e-08 	 3.675327e-10
10 	 183 	 Ex 	 1 	 -5.222262e-09 	 3.820726e-10
10 	 184 	 Ex 	 1 	 5.422317e-09 	 2.862635e-10
10 	 185 	 Ex 	 1 	 3.042638e-09 	 1.885733e-10
10 	 186 	 Ex 	 1 	 1.550206e-09 	 1.290984e-10
10 	 187 	 Ex 	 1 	 8.463669e-10 	 9.028601e-11
10 	 188 	 Ex 	 1 	 4.969865e-10 	 6.433411e-11
10 	 189 	 Ex 	 1 	 3.102857e-10 	 5.104970e-11
10 	 190 	 Ex 	 1 	 2.037049e-10 	 4.560161e-11
10 	 191 	 Ex 	 1 	 1.381811e-10 	 3.727202e-11
10 	 192 	 Ex 	 1 	 9.526012e-11 	 2.403802e-11
10 	 193 	 Ex 	 1 	 4.289994e-10 	 6.801041e-11
10 	 194 	 Ex 	 1 	 6.399761e-10 	 9.255886e-11
10 	 195 	 Ex 	 1 	 8.877655e-10 	 1.248619e-10
10 	 196 	 Ex 	 1 	 8.213945e-10 	 1.642266e-10
10 	 197 	 Ex 	 1 	 -9.513156e-10 	 2.044525e-10
10 	 198 	 Ex 	 1 	 -4.429726e-09 	 2.238077e-10
10 	 199 	 Ex 	 1 	 -3.103995e-09 	 2.184463e-10
10 	 200 	 Ex 	 1 	 1.856225e-10 	 1.879836e-10
10 	 201 	 Ex 	 1 	 9.454358e-10 	 1.465024e-10
10 	 202 	 Ex 	 1 	 7.824367e-10 	 1.102671e-10
10 	 203 	 Ex 	 1 	 5.381449e-10 	 8.147641e-11
10 	 204 	 Ex 	 1 	 3.593755e-10 	 6.016290e-11
10 	 205 	 Ex 	 1 	 2.426652e-10 	 4.796266e-11
10 	 206 	 Ex 	 1 	 1.675104e-10 	 4.174081e-11
10 	 207 	 Ex 	 1 	 1.177820e-10 	 3.517000e-11
10 	 208 	 Ex 	 1 	 8.339537e-11 	 2.432423e-11
10 	 209 	 Ex 	 1 	 2.474179e-10 	 6.258357e-11
10 	 210 	 Ex 	 1 	 2.935131e-10 	 7.965095e-11
10 	 211 	 Ex 	 1 	 2.535820e-10 	 9.924805e-11
10 	 212 	 Ex 	 1 	 -5.722052e-11 	 1.200713e-10
10 	 213 	 Ex 	 1 	 -8.347050e-10 	 1.379689e-10
10 	 214 	 Ex 	 1 	 -1.545831e-09 	 1.474453e-10
10 	 215 	 Ex 	 1 	 -1.348053e-09 	 1.445612e-10
10 	 216 	 Ex 	 1 	 -4.340306e-10 	 1.310632e-10
10 	 217 	 Ex 	 1 	 1.314241e-10 	 1.111600e-10
10 	 218 	 Ex 	 1 	 2.912515e-10 	 9.079767e-11
10 	 219 	 Ex 	 1 	 2.781105e-10 	 7.233723e-11
10 	 220 	 Ex 	 1 	 2.222406e-10 	 5.688282e-11
10 	 221 	 Ex 	 1 	 1.674483e-10 	 4.464333e-11
10 	 222 	 Ex 	 1 	 1.238671e-10 	 3.540453e-11
10 	 223 	 Ex 	 1 	 9.176868e-11 	 3.081465e-11
10 	 224 	 Ex 	 1 	 6.795681e-11 	 2.518748e-11
10 	 225 	 Ex 	 1 	 1.183560e-10 	 5.457866e-11
10 	 226 	 Ex 	 1 	 9.788579e-11 	 6.501799e-11
10 	 227 	 Ex 	 1 	 6.887951e-12 	 7.677562e-11
10 	 228 	 Ex 	 1 	 -2.048678e-10 	 8.897413e-11
10 	 229 	 Ex 	 1 	 -5.223045e-10 	 9.864504e-11
10 	 230 	 Ex 	 1 	 -7.147617e-10 	 1.037393e-10
10 	 231 	 Ex 	 1 	 -6.819218e-10 	 1.022325e-10
10 	 232 	 Ex 	 1 	 -3.755842e-10 	 9.498306e-11
10 	 233 	 Ex 	 1 	 -9.341730e-11 	 8.393105e-11
10 	 234 	 Ex 	 1 	 5.992263e-11 	 7.187195e-11
10 	 235 	 Ex 	 1 	 1.134394e-10 	 6.081497e-11
10 	 236 	 Ex 	 1 	 1.171712e-10 	 5.132791e-11
10 	 237 	 Ex 	 1 	 1.021090e-10 	 4.157760e-11
10 	 238 	 Ex 	 1 	 8.276031e-11 	 3.183401e-11
10 	 239 	 Ex 	 1 	 6.530165e-11 	 2.631217e-11
10 	 240 	 Ex 	 1 	 5.088128e-11 	 2.268967e-11
10 	 241 	 Ex 	 1 	 4.056830e-11 	 4.720716e-11
10 	 242 	 Ex 	 1 	 4.367816e-12 	 5.264342e-11
10 	 243 	 Ex 	 1 	 -7.154615e-11 	 5.859727e-11
10 	 244 	 Ex 	 1 	 -1.930362e-10 	 6.600179e-11
10 	 245 	 Ex 	 1 	 -3.329479e-10 	 7.182215e-11
10 	 246 	 Ex 	 1 	 -3.932231e-10 	 7.505208e-11
10 	 247 	 Ex 	 1 	 -3.938321e-10 	 7.410542e-11
10 	 248 	 Ex 	 1 	 -2.721622e-10 	 6.961919e-11
10 	 249 	 Ex 	 1 	 -1.338469e-10 	 6.292095e-11
10 	 250 	 Ex 	 1 	 -3.177419e-11 	 5.599943e-11
10 	 251 	 Ex 	 1 	 2.487808e-11 	 5.055269e-11
10 	 252 	 Ex 	 1 	 4.861182e-11 	 4.580570e-11
10 	 253 	 Ex 	 1 	 5.333179e-11 	 3.854747e-11
10 	 254 	 Ex 	 1 	 4.892269e-11 	 2.883846e-11
10 	 255 	 Ex 	 1 	 4.157857e-11 	 2.085711e-11
10 	 256 	 Ex 	 1 	 3.487823e-11 	 2.038964e-11
10 	 1 	 Ex 	 2 	 -6.057059e-11 	 1.494314e-11
10 	 2 	 Ex 	 2 	 -7.623786e-11 	 1.837060e-11
10 	 3 	 Ex 	 2 	 -9.255315e-11 	 2.167216e-11
10 	 4 	 Ex 	 2 	 -1.075864e-10 	 2.451251e-11
10 	 5 	 Ex 	 2 	 -1.189489e-10 	 2.654518e-11
10 	 6 	 Ex 	 2 	 -1.168284e-10 	 2.744606e-11
10 	 7 	 Ex 	 2 	 -1.230662e-10 	 2.721241e-11
10 	 8 	 Ex 	 2 	 -1.145144e-10 	 2.574744e-11
10 	 9 	 Ex 	 2 	 -1.012342e-10 	 2.330437e-11
10 	 10 	 Ex 	 2 	 -8.536900e-11 	 2.020020e-11
10 	 11 	 Ex 	 2 	 -6.917271e-11 	 1.678023e-11
10 	 12 	 Ex 	 2 	 -5.425234e-11 	 1.335679e-11
10 	 13 	 Ex 	 2 	 -4.145425e-11 	 1.016271e-11
10 	 14 	 Ex 	 2 	 -3.100029e-11 	 7.347191e-12
10 	 15 	 Ex 	 2 	 -2.268304e-11 	 5.019385e-12
10 	 16 	 Ex 	 2 	 -1.620932e-11 	 3.176665e-12
10 	 17 	 Ex 	 2 	 -6.672582e-11 	 2.249264e-11
10 	 18 	 Ex 	 2 	 -8.811393e-11 	 2.786810e-11
10 	 19 	 Ex 	 2 	 -1.117989e-10 	 3.313900e-11
10 	 20 	 Ex 	 2 	 -1.348283e-10 	 3.774718e-11
10 	 21 	 Ex 	 2 	 -1.529774e-10 	 4.109189e-11
10 	 22 	 Ex 	 2 	 -1.525568e-10 	 4.260832e-11
10 	 23 	 Ex 	 2 	 -1.596042e-10 	 4.220986e-11
10 	 24 	 Ex 	 2 	 -1.458140e-10 	 3.980482e-11
10 	 25 	 Ex 	 2 	 -1.249273e-10 	 3.582860e-11
10 	 26 	 Ex 	 2 	 -1.011534e-10 	 3.084972e-11
10 	 27 	 Ex 	 2 	 -7.824687e-11 	 2.546517e-11
10 	 28 	 Ex 	 2 	 -5.842433e-11 	 2.018086e-11
10 	 29 	 Ex 	 2 	 -4.245018e-11 	 1.535842e-11
10 	 30 	 Ex 	 2 	 -3.012936e-11 	 1.121152e-11
10 	 31 	 Ex 	 2 	 -2.091743e-11 	 7.808463e-12
10 	 32 	 Ex 	 2 	 -1.415800e-11 	 5.113207e-12
10 	 33 	 Ex 	 2 	 -6.963730e-11 	 3.269500e-11
10 	 34 	 Ex 	 2 	 -9.867164e-11 	 4.100482e-11
10 	 35 	 Ex 	 2 	 -1.335812e-10 	 4.937043e-11
10 	 36 	 Ex 	 2 	 -1.701800e-10 	 5.686268e-11
10 	 37 	 Ex 	 2 	 -2.007408e-10 	 6.240802e-11
10 	 38 	 Ex 	 2 	 -2.044771e-10 	 6.497523e-11
10 	 39 	 Ex 	 2 	 -2.121343e-10 	 6.428866e-11
10 	 40 	 Ex 	 2 	 -1.884849e-10 	 6.028165e-11
10 	 41 	 Ex 	 2 	 -1.541198e-10 	 5.375322e-11
10 	 42 	 Ex 	 2 	 -1.175049e-10 	 4.575560e-11
10 	 43 	 Ex 	 2 	 -8.491489e-11 	 3.733370e-11
10 	 44 	 Ex 	 2 	 -5.899603e-11 	 2.930014e-11
10 	 45 	 Ex 	 2 	 -3.980084e-11 	 2.216227e-11
10 	 46 	 Ex 	 2 	 -2.618715e-11 	 1.615346e-11
10 	 47 	 Ex 	 2 	 -1.678019e-11 	 1.129339e-11
10 	 48 	 Ex 	 2 	 -1.038021e-11 	 7.491422e-12
10 	 49 	 Ex 	 2 	 -6.492971e-11 	 4.622469e-11
10 	 50 	 Ex 	 2 	 -1.031984e-10 	 5.895422e-11
10 	 51 	 Ex 	 2 	 -1.550522e-10 	 7.221747e-11
10 	 52 	 Ex 	 2 	 -2.155213e-10 	 8.450309e-11
10 	 53 	 Ex 	 2 	 -2.704868e-10 	 9.385827e-11
10 	 54 	 Ex 	 2 	 -2.845024e-10 	 9.829033e-11
10 	 55 	 Ex 	 2 	 -2.917603e-10 	 9.708990e-11
10 	 56 	 Ex 	 2 	 -2.479567e-10 	 9.024317e-11
10 	 57 	 Ex 	 2 	 -1.882449e-10 	 7.937961e-11
10 	 58 	 Ex 	 2 	 -1.304215e-10 	 6.646217e-11
10 	 59 	 Ex 	 2 	 -8.443499e-11 	 5.331410e-11
10 	 60 	 Ex 	 2 	 -5.204678e-11 	 4.120041e-11
10 	 61 	 Ex 	 2 	 -3.084451e-11 	 3.078592e-11
10 	 62 	 Ex 	 2 	 -1.752773e-11 	 2.224631e-11
10 	 63 	 Ex 	 2 	 -9.353869e-12 	 1.548989e-11
10 	 64 	 Ex 	 2 	 -4.307451e-12 	 1.033711e-11
10 	 65 	 Ex 	 2 	 -4.481671e-11 	 6.365558e-11
10 	 66 	 Ex 	 2 	 -9.142964e-11 	 8.301867e-11
10 	 67 	 Ex 	 2 	 -1.670499e-10 	 1.041566e-10
10 	 68 	 Ex 	 2 	 -2.705239e-10 	 1.246796e-10
10 	 69 	 Ex 	 2 	 -3.774488e-10 	 1.409229e-10
10 	 70 	 Ex 	 2 	 -4.185424e-10 	 1.489091e-10
10 	 71 	 Ex 	 2 	 -4.215831e-10 	 1.466635e-10
10 	 72 	 Ex 	 2 	 -3.322163e-10 	 1.345724e-10
10 	 73 	 Ex 	 2 	 -2.219162e-10 	 1.159593e-10
10 	 74 	 Ex 	 2 	 -1.294752e-10 	 9.483348e-11
10 	 75 	 Ex 	 2 	 -6.744754e-11 	 7.434461e-11
10 	 76 	 Ex 	 2 	 -3.120779e-11 	 5.626443e-11
10 	 77 	 Ex 	 2 	 -1.188846e-11 	 4.131276e-11
10 	 78 	 Ex 	 2 	 -2.246190e-12 	 2.945649e-11
10 	 79 	 Ex 	 2 	 2.313176e-12 	 2.035198e-11
10 	 80 	 Ex 	 2 	 4.400156e-12 	 1.357891e-11
10 	 81 	 Ex 	 2 	 3.290843e-12 	 8.525352e-11
10 	 82 	 Ex 	 2 	 -4.184185e-11 	 1.143894e-10
10 	 83 	 Ex 	 2 	 -1.430099e-10 	 1.482420e-10
10 	 84 	 Ex 	 2 	 -3.225140e-10 	 1.833794e-10
10 	 85 	 Ex 	 2 	 -5.505130e-10 	 2.130383e-10
10 	 86 	 Ex 	 2 	 -6.713148e-10 	 2.282846e-10
10 	 87 	 Ex 	 2 	 -6.557480e-10 	 2.238946e-10
10 	 88 	 Ex 	 2 	 -4.490640e-10 	 2.011565e-10
10 	 89 	 Ex 	 2 	 -2.328729e-10 	 1.680956e-10
10 	 90 	 Ex 	 2 	 -8.910631e-11 	 1.329710e-10
10 	 91 	 Ex 	 2 	 -1.647648e-11 	 1.010461e-10
10 	 92 	 Ex 	 2 	 1.283705e-11 	 7.450772e-11
10 	 93 	 Ex 	 2 	 2.129320e-11 	 5.355198e-11
10 	 94 	 Ex 	 2 	 2.130784e-11 	 3.756655e-11
10 	 95 	 Ex 	 2 	 1.867269e-11 	 2.569555e-11
10 	 96 	 Ex 	 2 	 1.569522e-11 	 1.705882e-11
10 	 97 	 Ex 	 2 	 9.611899e-11 	 1.104382e-10
10 	 98 	 Ex 	 2 	 8.566796e-11 	 1.534448e-10
10 	 99 	 Ex 	 2 	 -1.108538e-11 	 2.076368e-10
10 	 100 	 Ex 	 2 	 -3.026232e-10 	 2.695823e-10
10 	 101 	 Ex 	 2 	 -8.363952e-10 	 3.274379e-10
10 	 102 	 Ex 	 2 	 -1.236432e-09 	 3.595917e-10
10 	 103 	 Ex 	 2 	 -1.138349e-09 	 3.500819e-10
10 	 104 	 Ex 	 2 	 -5.778510e-10 	 3.035572e-10
10 	 105 	 Ex 	 2 	 -1.413573e-10 	 2.418054e-10
10 	 106 	 Ex 	 2 	 4.876927e-11 	 1.825236e-10
10 	 107 	 Ex 	 2 	 9.644322e-11 	 1.333213e-10
10 	 108 	 Ex 	 2 	 9.060938e-11 	 9.525066e-11
10 	 109 	 Ex 	 2 	 7.163346e-11 	 6.684671e-11
10 	 110 	 Ex 	 2 	 5.334150e-11 	 4.608784e-11
10 	 111 	 Ex 	 2 	 3.912343e-11 	 3.115686e-11
10 	 112 	 Ex 	 2 	 2.890839e-11 	 2.053086e-11
10 	 113 	 Ex 	 2 	 2.455247e-10 	 1.372459e-10
10 	 114 	 Ex 	 2 	 3.470173e-10 	 1.984112e-10
10 	 115 	 Ex 	 2 	 3.977674e-10 	 2.834769e-10
10 	 116 	 Ex 	 2 	 9.865022e-11 	 3.951792e-10
10 	 117 	 Ex 	 2 	 -1.197023e-09 	 5.188086e-10
10 	 118 	 Ex 	 2 	 -2.866676e-09 	 5.988200e-10
10 	 119 	 Ex 	 2 	 -2.305679e-09 	 5.739563e-10
10 	 120 	 Ex 	 2 	 -4.628032e-10 	 4.649551e-10
10 	 121 	 Ex 	 2 	 3.112411e-10 	 3.427441e-10
10 	 122 	 Ex 	 2 	 3.924445e-10 	 2.426913e-10
10 	 123 	 Ex 	 2 	 3.015325e-10 	 1.690414e-10
10 	 124 	 Ex 	 2 	 2.062099e-10 	 1.167449e-10
10 	 125 	 Ex 	 2 	 1.368630e-10 	 7.996494e-11
10 	 126 	 Ex 	 2 	 9.096532e-11 	 5.420650e-11
10 	 127 	 Ex 	 2 	 6.144239e-11 	 3.621259e-11
10 	 128 	 Ex 	 2 	 4.251994e-11 	 2.367475e-11
10 	 129 	 Ex 	 2 	 4.345771e-10 	 1.616464e-10
10 	 130 	 Ex 	 2 	 7.601195e-10 	 2.428332e-10
10 	 131 	 Ex 	 2 	 1.333713e-09 	 3.686096e-10
10 	 132 	 Ex 	 2 	 2.018514e-09 	 5.665984e-10
10 	 133 	 Ex 	 2 	 1.097736e-10 	 8.591218e-10
10 	 134 	 Ex 	 2 	 -1.005409e-08 	 1.124482e-09
10 	 135 	 Ex 	 2 	 -5.193031e-09 	 1.032482e-09
10 	 136 	 Ex 	 2 	 1.746915e-09 	 7.185698e-10
10 	 137 	 Ex 	 2 	 1.752429e-09 	 4.677564e-10
10 	 138 	 Ex 	 2 	 1.042937e-09 	 3.060510e-10
10 	 139 	 Ex 	 2 	 5.913984e-10 	 2.029562e-10
10 	 140 	 Ex 	 2 	 3.424453e-10 	 1.357581e-10
10 	 141 	 Ex 	 2 	 2.050316e-10 	 9.105212e-11
10 	 142 	 Ex 	 2 	 1.271412e-10 	 6.084420e-11
10 	 143 	 Ex 	 2 	 8.163445e-11 	 4.024765e-11
10 	 144 	 Ex 	 2 	 5.428437e-11 	 2.613307e-11
10 	 145 	 Ex 	 2 	 5.931196e-10 	 1.779648e-10
10 	 146 	 Ex 	 2 	 1.174029e-09 	 2.746869e-10
10 	 147 	 Ex 	 2 	 2.621230e-09 	 4.378915e-10
10 	 148 	 Ex 	 2 	 7.031535e-09 	 7.436514e-10
10 	 149 	 Ex 	 2 	 2.319697e-08 	 1.427893e-09
10 	 150 	 Ex 	 2 	 -8.278477e-08 	 2.957087e-09
10 	 151 	 Ex 	 2 	 2.830596e-08 	 2.202061e-09
10 	 152 	 Ex 	 2 	 1.346800e-08 	 1.047070e-09
10 	 153 	 Ex 	 2 	 4.412649e-09 	 5.816094e-10
10 	 154 	 Ex 	 2 	 1.801613e-09 	 3.542930e-10
10 	 155 	 Ex 	 2 	 8.567810e-10 	 2.263925e-10
10 	 156 	 Ex 	 2 	 4.507193e-10 	 1.481969e-10
10 	 157 	 Ex 	 2 	 2.546082e-10 	 9.802390e-11
10 	 158 	 Ex 	 2 	 1.519236e-10 	 6.491773e-11
10 	 159 	 Ex 	 2 	 9.489021e-11 	 4.267301e-11
10 	 160 	 Ex 	 2 	 6.175796e-11 	 2.758661e-11
10 	 161 	 Ex 	 2 	 6.262732e-10 	 1.811432e-10
10 	 162 	 Ex 	 2 	 1.270542e-09 	 2.812083e-10
10 	 163 	 Ex 	 2 	 2.980437e-09 	 4.530890e-10
10 	 164 	 Ex 	 2 	 9.047598e-09 	 7.893252e-10
10 	 165 	 Ex 	 2 	 4.714838e-08 	 1.655015e-09
10 	 166 	 Ex 	 2 	 -8.153096e-08 	 6.459353e-09
10 	 167 	 Ex 	 2 	 2.255337e-07 	 3.067917e-09
10 	 168 	 Ex 	 2 	 2.066049e-08 	 1.148805e-09
10 	 169 	 Ex 	 2 	 5.326366e-09 	 6.084820e-10
10 	 170 	 Ex 	 2 	 2.009017e-09 	 3.644859e-10
10 	 171 	 Ex 	 2 	 9.225481e-10 	 2.310326e-10
10 	 172 	 Ex 	 2 	 4.765043e-10 	 1.505721e-10
10 	 173 	 Ex 	 2 	 2.662985e-10 	 9.932284e-11
10 	 174 	 Ex 	 2 	 1.578182e-10 	 6.565471e-11
10 	 175 	 Ex 	 2 	 9.810767e-11 	 4.309546e-11
10 	 176 	 Ex 	 2 	 6.363270e-11 	 2.782745e-11
10 	 177 	 Ex 	 2 	 5.144009e-10 	 1.700934e-10
10 	 178 	 Ex 	 2 	 9.613857e-10 	 2.592453e-10
10 	 179 	 Ex 	 2 	 1.915379e-09 	 4.034163e-10
10 	 180 	 Ex 	 2 	 3.906575e-09 	 6.504881e-10
10 	 181 	 Ex 	 2 	 4.620794e-09 	 1.086227e-09
10 	 182 	 Ex 	 2 	 -2.197882e-08 	 1.612057e-09
10 	 183 	 Ex 	 2 	 -5.489203e-09 	 1.409828e-09
10 	 184 	 Ex 	 2 	 5.215340e-09 	 8.635790e-10
10 	 185 	 Ex 	 2 	 2.863439e-09 	 5.235518e-10
10 	 186 	 Ex 	 2 	 1.399480e-09 	 3.305808e-10
10 	 187 	 Ex 	 2 	 7.227646e-10 	 2.150409e-10
10 	 188 	 Ex 	 2 	 3.973996e-10 	 1.421830e-10
10 	 189 	 Ex 	 2 	 2.304624e-10 	 9.462428e-11
10 	 190 	 Ex 	 2 	 1.398709e-10 	 6.289298e-11
10 	 191 	 Ex 	 2 	 8.839392e-11 	 4.143123e-11
10 	 192 	 Ex 	 2 	 5.804399e-11 	 2.681315e-11
10 	 193 	 Ex 	 2 	 3.268393e-10 	 1.484214e-10
10 	 194 	 Ex 	 2 	 5.145956e-10 	 2.185240e-10
10 	 195 	 Ex 	 2 	 7.370574e-10 	 3.208020e-10
10 	 196 	 Ex 	 2 	 6.440936e-10 	 4.658267e-10
10 	 197 	 Ex 	 2 	 -1.156881e-09 	 6.451431e-10
10 	 198 	 Ex 	 2 	 -4.657914e-09 	 7.751299e-10
10 	 199 	 Ex 	 2 	 -3.324552e-09 	 7.333048e-10
10 	 200 	 Ex 	 2 	 -7.317815e-12 	 5.640727e-10
10 	 201 	 Ex 	 2 	 7.797661e-10 	 3.959381e-10
10 	 202 	 Ex 	 2 	 6.427123e-10 	 2.709099e-10
10 	 203 	 Ex 	 2 	 4.227645e-10 	 1.844922e-10
10 	 204 	 Ex 	 2 	 2.657680e-10 	 1.254422e-10
10 	 205 	 Ex 	 2 	 1.673388e-10 	 8.499751e-11
10 	 206 	 Ex 	 2 	 1.072682e-10 	 5.716809e-11
10 	 207 	 Ex 	 2 	 7.050804e-11 	 3.795471e-11
10 	 208 	 Ex 	 2 	 4.771683e-11 	 2.468122e-11
10 	 209 	 Ex 	 2 	 1.545411e-10 	 1.219208e-10
10 	 210 	 Ex 	 2 	 1.810971e-10 	 1.725137e-10
10 	 211 	 Ex 	 2 	 1.205306e-10 	 2.389792e-10
10 	 212 	 Ex 	 2 	 -2.106773e-10 	 3.193593e-10
10 	 213 	 Ex 	 2 	 -1.006008e-09 	 3.993544e-10
10 	 214 	 Ex 	 2 	 -1.727179e-09 	 4.463492e-10
10 	 215 	 Ex 	 2 	 -1.526451e-09 	 4.321944e-10
10 	 216 	 Ex 	 2 	 -5.981639e-10 	 3.656811e-10
10 	 217 	 Ex 	 2 	 -1.331699e-11 	 2.825551e-10
10 	 218 	 Ex 	 2 	 1.670134e-10 	 2.077087e-10
10 	 219 	 Ex 	 2 	 1.740127e-10 	 1.485433e-10
10 	 220 	 Ex 	 2 	 1.366985e-10 	 1.044485e-10
10 	 221 	 Ex 	 2 	 9.837510e-11 	 7.240687e-11
10 	 222 	 Ex 	 2 	 6.892056e-11 	 4.945771e-11
10 	 223 	 Ex 	 2 	 4.834006e-11 	 3.318258e-11
10 	 224 	 Ex 	 2 	 3.444198e-11 	 2.172457e-11
10 	 225 	 Ex 	 2 	 3.669251e-11 	 9.551131e-11
10 	 226 	 Ex 	 2 	 5.897421e-13 	 1.302499e-10
10 	 227 	 Ex 	 2 	 -1.063444e-10 	 1.719506e-10
10 	 228 	 Ex 	 2 	 -3.330775e-10 	 2.169770e-10
10 	 229 	 Ex 	 2 	 -6.623502e-10 	 2.564786e-10
10 	 230 	 Ex 	 2 	 -8.607128e-10 	 2.773654e-10
10 	 231 	 Ex 	 2 	 -8.262602e-10 	 2.713174e-10
10 	 232 	 Ex 	 2 	 -5.110790e-10 	 2.405024e-10
10 	 233 	 Ex 	 2 	 -2.154606e-10 	 1.971594e-10
10 	 234 	 Ex 	 2 	 -4.660005e-11 	 1.529249e-10
10 	 235 	 Ex 	 2 	 2.266317e-11 	 1.142069e-10
10 	 236 	 Ex 	 2 	 4.141212e-11 	 8.294351e-11
10 	 237 	 Ex 	 2 	 4.033562e-11 	 5.888338e-11
10 	 238 	 Ex 	 2 	 3.354593e-11 	 4.089792e-11
10 	 239 	 Ex 	 2 	 2.644313e-11 	 2.774604e-11
10 	 240 	 Ex 	 2 	 2.061029e-11 	 1.828014e-11
10 	 241 	 Ex 	 2 	 -2.955508e-11 	 7.210988e-11
10 	 242 	 Ex 	 2 	 -7.782107e-11 	 9.532340e-11
10 	 243 	 Ex 	 2 	 -1.655568e-10 	 1.212699e-10
10 	 244 	 Ex 	 2 	 -2.979585e-10 	 1.472175e-10
10 	 245 	 Ex 	 2 	 -4.459786e-10 	 1.682539e-10
10 	 246 	 Ex 	 2 	 -5.101859e-10 	 1.787576e-10
10 	 247 	 Ex 	 2 	 -5.097339e-10 	 1.757915e-10
10 	 248 	 Ex 	 2 	 -3.821334e-10 	 1.599436e-10
10 	 249 	 Ex 	 2 	 -2.342931e-10 	 1.360609e-10
10 	 250 	 Ex 	 2 	 -1.208121e-10 	 1.096775e-10
10 	 251 	 Ex 	 2 	 -5.223443e-11 	 8.475470e-11
10 	 252 	 Ex 	 2 	 -1.681485e-11 	 6.334168e-11
10 	 253 	 Ex 	 2 	 -6.462579e-13 	 4.596281e-11
10 	 254 	 Ex 	 2 	 5.799626e-12 	 3.242690e-11
10 	 255 	 Ex 	 2 	 7.831987e-12 	 2.221543e-11
10 	 256 	 Ex 	 2 	 8.127001e-12 	 1.471032e-11
10 	 1 	 Ey 	 1 	 5.385237e-11 	 -9.191742e-13
10 	 2 	 Ey 	 1 	 5.335881e-11 	 -7.157753e-13
10 	 3 	 Ey 	 1 	 4.862814e-11 	 -3.071704e-13
10 	 4 	 Ey 	 1 	 3.885542e-11 	 3.263414e-13
10 	 5 	 Ey 	 1 	 2.408092e-11 	 4.111727e-13
10 	 6 	 Ey 	 1 	 3.757833e-12 	 5.654871e-13
10 	 7 	 Ey 	 1 	 -1.311670e-11 	 4.575056e-13
10 	 8 	 Ey 	 1 	 -3.005312e-11 	 4.764314e-13
10 	 9 	 Ey 	 1 	 -4.268414e-11 	 5.802539e-13
10 	 10 	 Ey 	 1 	 -5.011754e-11 	 7.907326e-13
10 	 11 	 Ey 	 1 	 -5.272724e-11 	 9.052096e-13
10 	 12 	 Ey 	 1 	 -5.163977e-11 	 5.137315e-13
10 	 13 	 Ey 	 1 	 -4.808423e-11 	 1.493818e-13
10 	 14 	 Ey 	 1 	 -4.319147e-11 	 2.321425e-13
10 	 15 	 Ey 	 1 	 -3.789703e-11 	 2.221299e-13
10 	 16 	 Ey 	 1 	 -3.254703e-11 	 1.442156e-12
10 	 17 	 Ey 	 1 	 7.274827e-11 	 -8.930359e-14
10 	 18 	 Ey 	 1 	 7.490845e-11 	 3.807593e-13
10 	 19 	 Ey 	 1 	 7.063657e-11 	 4.190337e-13
10 	 20 	 Ey 	 1 	 5.796081e-11 	 4.545381e-13
10 	 21 	 Ey 	 1 	 3.654790e-11 	 4.703257e-13
10 	 22 	 Ey 	 1 	 5.848142e-12 	 5.032812e-13
10 	 23 	 Ey 	 1 	 -2.052052e-11 	 4.497676e-13
10 	 24 	 Ey 	 1 	 -4.594337e-11 	 3.002807e-13
10 	 25 	 Ey 	 1 	 -6.356956e-11 	 5.068678e-14
10 	 26 	 Ey 	 1 	 -7.227849e-11 	 -1.649437e-13
10 	 27 	 Ey 	 1 	 -7.323522e-11 	 -1.297208e-14
10 	 28 	 Ey 	 1 	 -6.883380e-11 	 7.294148e-13
10 	 29 	 Ey 	 1 	 -6.162983e-11 	 9.584716e-13
10 	 30 	 Ey 	 1 	 -5.350587e-11 	 4.878119e-13
10 	 31 	 Ey 	 1 	 -4.546643e-11 	 3.768727e-13
10 	 32 	 Ey 	 1 	 -3.826597e-11 	 -2.222098e-13
10 	 33 	 Ey 	 1 	 9.906880e-11 	 1.040376e-12
10 	 34 	 Ey 	 1 	 1.068457e-10 	 6.784055e-13
10 	 35 	 Ey 	 1 	 1.054978e-10 	 5.841513e-13
10 	 36 	 Ey 	 1 	 9.001640e-11 	 2.887297e-13
10 	 37 	 Ey 	 1 	 5.828740e-11 	 2.254114e-13
10 	 38 	 Ey 	 1 	 9.607501e-12 	 -8.834858e-14
10 	 39 	 Ey 	 1 	 -3.374522e-11 	 -2.337990e-13
10 	 40 	 Ey 	 1 	 -7.336809e-11 	 -3.222062e-13
10 	 41 	 Ey 	 1 	 -9.783023e-11 	 -3.032958e-13
10 	 42 	 Ey 	 1 	 -1.063523e-10 	 -2.173885e-13
10 	 43 	 Ey 	 1 	 -1.028126e-10 	 -2.664026e-13
10 	 44 	 Ey 	 1 	 -9.228648e-11 	 -2.456167e-13
10 	 45 	 Ey 	 1 	 -7.889810e-11 	 5.506717e-13
10 	 46 	 Ey 	 1 	 -6.558327e-11 	 9.304435e-13
10 	 47 	 Ey 	 1 	 -5.380908e-11 	 1.268312e-13
10 	 48 	 Ey 	 1 	 -4.372964e-11 	 8.702645e-14
10 	 49 	 Ey 	 1 	 1.350102e-10 	 8.848684e-13
10 	 50 	 Ey 	 1 	 1.549616e-10 	 8.884571e-13
10 	 51 	 Ey 	 1 	 1.628092e-10 	 9.881603e-13
10 	 52 	 Ey 	 1 	 1.468798e-10 	 5.531049e-13
10 	 53 	 Ey 	 1 	 9.901131e-11 	 2.449611e-13
10 	 54 	 Ey 	 1 	 1.733277e-11 	 -1.765350e-13
10 	 55 	 Ey 	 1 	 -5.874703e-11 	 -4.099552e-13
10 	 56 	 Ey 	 1 	 -1.234509e-10 	 -5.459162e-13
10 	 57 	 Ey 	 1 	 -1.565887e-10 	 -6.188764e-13
10 	 58 	 Ey 	 1 	 -1.603775e-10 	 -5.205258e-13
10 	 59 	 Ey 	 1 	 -1.455979e-10 	 -2.162189e-13
10 	 60 	 Ey 	 1 	 -1.231177e-10 	 -2.426993e-13
10 	 61 	 Ey 	 1 	 -9.989775e-11 	 -4.382714e-13
10 	 62 	 Ey 	 1 	 -7.912370e-11 	 2.976905e-13
10 	 63 	 Ey 	 1 	 -6.209647e-11 	 6.614744e-13
10 	 64 	 Ey 	 1 	 -4.876470e-11 	 1.873006e-13
10 	 65 	 Ey 	 1 	 1.828954e-10 	 8.461609e-13
10 	 66 	 Ey 	 1 	 2.272028e-10 	 1.035798e-12
10 	 67 	 Ey 	 1 	 2.595351e-10 	 9.204382e-13
10 	 68 	 Ey 	 1 	 2.537209e-10 	 8.702853e-13
10 	 69 	 Ey 	 1 	 1.821387e-10 	 6.500777e-13
10 	 70 	 Ey 	 1 	 3.445496e-11 	 1.666876e-13
10 	 71 	 Ey 	 1 	 -1.110207e-10 	 -3.059368e-13
10 	 72 	 Ey 	 1 	 -2.222335e-10 	 -5.286830e-13
10 	 73 	 Ey 	 1 	 -2.620778e-10 	 -6.154261e-13
10 	 74 	 Ey 	 1 	 -2.470136e-10 	 -6.520920e-13
10 	 75 	 Ey 	 1 	 -2.066516e-10 	 -6.674740e-13
10 	 76 	 Ey 	 1 	 -1.621295e-10 	 -4.827020e-13
10 	 77 	 Ey 	 1 	 -1.232973e-10 	 -3.879488e-13
10 	 78 	 Ey 	 1 	 -9.266390e-11 	 -4.556979e-13
10 	 79 	 Ey 	 1 	 -6.940279e-11 	 6.031127e-13
10 	 80 	 Ey 	 1 	 -5.245732e-11 	 4.351340e-13
10 	 81 	 Ey 	 1 	 2.418131e-10 	 8.301723e-13
10 	 82 	 Ey 	 1 	 3.318330e-10 	 9.680894e-13
10 	 83 	 Ey 	 1 	 4.251593e-10 	 1.294542e-12
10 	 84 	 Ey 	 1 	 4.680546e-10 	 1.908267e-12
10 	 85 	 Ey 	 1 	 3.711919e-10 	 1.621038e-12
10 	 86 	 Ey 	 1 	 7.762690e-11 	 6.829972e-13
10 	 87 	 Ey 	 1 	 -2.355367e-10 	 -6.672769e-13
10 	 88 	 Ey 	 1 	 -4.360698e-10 	 -1.390450e-12
10 	 89 	 Ey 	 1 	 -4.597138e-10 	 -1.336970e-12
10 	 90 	 Ey 	 1 	 -3.847147e-10 	 -9.661555e-13
10 	 91 	 Ey 	 1 	 -2.887480e-10 	 -8.179005e-13
10 	 92 	 Ey 	 1 	 -2.067821e-10 	 -7.729446e-13
10 	 93 	 Ey 	 1 	 -1.459389e-10 	 -4.535527e-13
10 	 94 	 Ey 	 1 	 -1.033088e-10 	 -4.205067e-13
10 	 95 	 Ey 	 1 	 -7.392193e-11 	 -2.881443e-14
10 	 96 	 Ey 	 1 	 -5.366022e-11 	 6.812852e-13
10 	 97 	 Ey 	 1 	 3.019150e-10 	 9.200647e-13
10 	 98 	 Ey 	 1 	 4.682900e-10 	 1.498710e-12
10 	 99 	 Ey 	 1 	 7.006379e-10 	 2.751132e-12
10 	 100 	 Ey 	 1 	 9.231967e-10 	 4.155798e-12
10 	 101 	 Ey 	 1 	 8.678988e-10 	 4.013641e-12
10 	 102 	 Ey 	 1 	 2.094097e-10 	 1.249946e-12
10 	 103 	 Ey 	 1 	 -5.899925e-10 	 -2.310240e-12
10 	 104 	 Ey 	 1 	 -9.510790e-10 	 -3.841616e-12
10 	 105 	 Ey 	 1 	 -8.365726e-10 	 -3.204391e-12
10 	 106 	 Ey 	 1 	 -5.900575e-10 	 -1.909623e-12
10 	 107 	 Ey 	 1 	 -3.848834e-10 	 -1.003626e-12
10 	 108 	 Ey 	 1 	 -2.473082e-10 	 -7.559154e-13
10 	 109 	 Ey 	 1 	 -1.608416e-10 	 -6.125305e-13
10 	 110 	 Ey 	 1 	 -1.069531e-10 	 -2.608713e-13
10 	 111 	 Ey 	 1 	 -7.305459e-11 	 -2.835052e-13
10 	 112 	 Ey 	 1 	 -5.114811e-11 	 4.235210e-13
10 	 113 	 Ey 	 1 	 3.357120e-10 	 1.040062e-12
10 	 114 	 Ey 	 1 	 5.989643e-10 	 2.297183e-12
10 	 115 	 Ey 	 1 	 1.095007e-09 	 4.720969e-12
10 	 116 	 Ey 	 1 	 1.896606e-09 	 8.421307e-12
10 	 117 	 Ey 	 1 	 2.435728e-09 	 1.064502e-11
10 	 118 	 Ey 	 1 	 7.558702e-10 	 3.561146e-12
10 	 119 	 Ey 	 1 	 -1.907489e-09 	 -7.951036e-12
10 	 120 	 Ey 	 1 	 -2.328492e-09 	 -9.848623e-12
10 	 121 	 Ey 	 1 	 -1.509508e-09 	 -6.399013e-12
10 	 122 	 Ey 	 1 	 -8.368147e-10 	 -3.418466e-12
10 	 123 	 Ey 	 1 	 -4.600466e-10 	 -1.570404e-12
10 	 124 	 Ey 	 1 	 -2.625175e-10 	 -7.669241e-13
10 	 125 	 Ey 	 1 	 -1.571372e-10 	 -6.212236e-13
10 	 126 	 Ey 	 1 	 -9.852547e-11 	 -2.803405e-13
10 	 127 	 Ey 	 1 	 -6.446233e-11 	 -1.799228e-13
10 	 128 	 Ey 	 1 	 -4.377487e-11 	 6.005878e-14
10 	 129 	 Ey 	 1 	 2.974396e-10 	 1.059126e-12
10 	 130 	 Ey 	 1 	 6.089117e-10 	 2.537394e-12
10 	 131 	 Ey 	 1 	 1.397477e-09 	 6.103587e-12
10 	 132 	 Ey 	 1 	 3.561303e-09 	 1.546654e-11
10 	 133 	 Ey 	 1 	 8.372219e-09 	 3.540647e-11
10 	 134 	 Ey 	 1 	 4.684299e-09 	 1.970808e-11
10 	 135 	 Ey 	 1 	 -9.390519e-09 	 -3.904111e-11
10 	 136 	 Ey 	 1 	 -5.969677e-09 	 -2.510833e-11
10 	 137 	 Ey 	 1 	 -2.328789e-09 	 -1.000142e-11
10 	 138 	 Ey 	 1 	 -9.514117e-10 	 -4.058593e-12
10 	 139 	 Ey 	 1 	 -4.365759e-10 	 -1.689721e-12
10 	 140 	 Ey 	 1 	 -2.228301e-10 	 -7.260220e-13
10 	 141 	 Ey 	 1 	 -1.241327e-10 	 -5.016442e-13
10 	 142 	 Ey 	 1 	 -7.417827e-11 	 -2.977510e-13
10 	 143 	 Ey 	 1 	 -4.694833e-11 	 -1.075205e-13
10 	 144 	 Ey 	 1 	 -3.118833e-11 	 -9.175655e-14
10 	 145 	 Ey 	 1 	 1.556125e-10 	 6.258255e-13
10 	 146 	 Ey 	 1 	 3.494559e-10 	 1.551289e-12
10 	 147 	 Ey 	 1 	 9.610249e-10 	 4.243137e-12
10 	 148 	 Ey 	 1 	 3.635415e-09 	 1.542838e-11
10 	 149 	 Ey 	 1 	 2.331206e-08 	 9.644151e-11
10 	 150 	 Ey 	 1 	 4.306201e-08 	 1.815766e-10
10 	 151 	 Ey 	 1 	 -8.426560e-08 	 -3.441692e-10
10 	 152 	 Ey 	 1 	 -9.357816e-09 	 -3.900873e-11
10 	 153 	 Ey 	 1 	 -1.893479e-09 	 -8.032320e-12
10 	 154 	 Ey 	 1 	 -5.831520e-10 	 -2.501813e-12
10 	 155 	 Ey 	 1 	 -2.318352e-10 	 -9.497757e-13
10 	 156 	 Ey 	 1 	 -1.088900e-10 	 -3.689565e-13
10 	 157 	 Ey 	 1 	 -5.749649e-11 	 -2.169791e-13
10 	 158 	 Ey 	 1 	 -3.314311e-11 	 -1.401034e-13
10 	 159 	 Ey 	 1 	 -2.046650e-11 	 -8.544299e-14
10 	 160 	 Ey 	 1 	 -1.337675e-11 	 -1.362449e-13
10 	 161 	 Ey 	 1 	 -4.175808e-11 	 -1.758409e-14
10 	 162 	 Ey 	 1 	 -1.145480e-10 	 -4.356963e-13
10 	 163 	 Ey 	 1 	 -3.683351e-10 	 -1.606173e-12
10 	 164 	 Ey 	 1 	 -1.653047e-09 	 -6.915738e-12
10 	 165 	 Ey 	 1 	 -1.542650e-08 	 -6.366312e-11
10 	 166 	 Ey 	 1 	 -3.328405e-06 	 -1.336672e-08
10 	 167 	 Ey 	 1 	 1.029436e-07 	 4.214326e-10
10 	 168 	 Ey 	 1 	 5.460793e-09 	 2.275716e-11
10 	 169 	 Ey 	 1 	 9.903880e-10 	 4.175498e-12
10 	 170 	 Ey 	 1 	 3.155605e-10 	 1.324648e-12
10 	 171 	 Ey 	 1 	 1.362453e-10 	 5.608704e-13
10 	 172 	 Ey 	 1 	 7.091986e-11 	 1.488976e-13
10 	 173 	 Ey 	 1 	 4.186691e-11 	 7.376565e-14
10 	 174 	 Ey 	 1 	 2.699033e-11 	 -2.218410e-14
10 	 175 	 Ey 	 1 	 1.853610e-11 	 -2.214765e-14
10 	 176 	 Ey 	 1 	 1.338419e-11 	 -3.309223e-14
10 	 177 	 Ey 	 1 	 -2.455037e-10 	 -8.172833e-13
10 	 178 	 Ey 	 1 	 -5.302638e-10 	 -2.150468e-12
10 	 179 	 Ey 	 1 	 -1.338044e-09 	 -5.814499e-12
10 	 180 	 Ey 	 1 	 -4.126172e-09 	 -1.742726e-11
10 	 181 	 Ey 	 1 	 -1.466154e-08 	 -6.095012e-11
10 	 182 	 Ey 	 1 	 -1.411768e-08 	 -5.854432e-11
10 	 183 	 Ey 	 1 	 2.330249e-08 	 9.635196e-11
10 	 184 	 Ey 	 1 	 8.371799e-09 	 3.520837e-11
10 	 185 	 Ey 	 1 	 2.435345e-09 	 1.032910e-11
10 	 186 	 Ey 	 1 	 8.670955e-10 	 3.640107e-12
10 	 187 	 Ey 	 1 	 3.701657e-10 	 1.342968e-12
10 	 188 	 Ey 	 1 	 1.809409e-10 	 4.338616e-13
10 	 189 	 Ey 	 1 	 9.780821e-11 	 2.329291e-13
10 	 190 	 Ey 	 1 	 5.700148e-11 	 7.633750e-14
10 	 191 	 Ey 	 1 	 3.518741e-11 	 -5.122710e-14
10 	 192 	 Ey 	 1 	 2.274103e-11 	 -5.797467e-14
10 	 193 	 Ey 	 1 	 -3.293960e-10 	 -8.336758e-13
10 	 194 	 Ey 	 1 	 -6.272622e-10 	 -2.368433e-12
10 	 195 	 Ey 	 1 	 -1.269072e-09 	 -5.397544e-12
10 	 196 	 Ey 	 1 	 -2.577629e-09 	 -1.122444e-11
10 	 197 	 Ey 	 1 	 -4.125488e-09 	 -1.767743e-11
10 	 198 	 Ey 	 1 	 -1.511477e-09 	 -6.649961e-12
10 	 199 	 Ey 	 1 	 3.627769e-09 	 1.516122e-11
10 	 200 	 Ey 	 1 	 3.560205e-09 	 1.498995e-11
10 	 201 	 Ey 	 1 	 1.895645e-09 	 7.985251e-12
10 	 202 	 Ey 	 1 	 9.220169e-10 	 3.732173e-12
10 	 203 	 Ey 	 1 	 4.667330e-10 	 1.504137e-12
10 	 204 	 Ey 	 1 	 2.522934e-10 	 5.663969e-13
10 	 205 	 Ey 	 1 	 1.453842e-10 	 4.355250e-13
10 	 206 	 Ey 	 1 	 8.850137e-11 	 1.384261e-13
10 	 207 	 Ey 	 1 	 5.641981e-11 	 -6.362659e-14
10 	 208 	 Ey 	 1 	 3.737188e-11 	 -2.019794e-13
10 	 209 	 Ey 	 1 	 -3.214185e-10 	 -8.440049e-13
10 	 210 	 Ey 	 1 	 -5.307734e-10 	 -1.726575e-12
10 	 211 	 Ey 	 1 	 -8.642944e-10 	 -3.450115e-12
10 	 212 	 Ey 	 1 	 -1.269128e-09 	 -5.554442e-12
10 	 213 	 Ey 	 1 	 -1.338171e-09 	 -5.909450e-12
10 	 214 	 Ey 	 1 	 -3.447489e-10 	 -1.764260e-12
10 	 215 	 Ey 	 1 	 9.558492e-10 	 3.905532e-12
10 	 216 	 Ey 	 1 	 1.396369e-09 	 5.810273e-12
10 	 217 	 Ey 	 1 	 1.093655e-09 	 4.381006e-12
10 	 218 	 Ey 	 1 	 6.992697e-10 	 2.500602e-12
10 	 219 	 Ey 	 1 	 4.235957e-10 	 1.089500e-12
10 	 220 	 Ey 	 1 	 2.577890e-10 	 5.554789e-13
10 	 221 	 Ey 	 1 	 1.609409e-10 	 4.187034e-13
10 	 222 	 Ey 	 1 	 1.036062e-10 	 2.397067e-14
10 	 223 	 Ey 	 1 	 6.882846e-11 	 3.646698e-14
10 	 224 	 Ey 	 1 	 4.699063e-11 	 -4.697922e-13
10 	 225 	 Ey 	 1 	 -2.681193e-10 	 -4.827473e-13
10 	 226 	 Ey 	 1 	 -3.883327e-10 	 -8.907554e-13
10 	 227 	 Ey 	 1 	 -5.307373e-10 	 -1.639020e-12
10 	 228 	 Ey 	 1 	 -6.274334e-10 	 -2.662036e-12
10 	 229 	 Ey 	 1 	 -5.306327e-10 	 -2.466208e-12
10 	 230 	 Ey 	 1 	 -1.142143e-10 	 -9.585765e-13
10 	 231 	 Ey 	 1 	 3.455322e-10 	 1.056109e-12
10 	 232 	 Ey 	 1 	 6.076490e-10 	 2.071597e-12
10 	 233 	 Ey 	 1 	 5.973998e-10 	 1.882220e-12
10 	 234 	 Ey 	 1 	 4.665158e-10 	 1.171101e-12
10 	 235 	 Ey 	 1 	 3.298927e-10 	 7.356864e-13
10 	 236 	 Ey 	 1 	 2.250131e-10 	 6.438241e-13
10 	 237 	 Ey 	 1 	 1.526890e-10 	 3.523581e-13
10 	 238 	 Ey 	 1 	 1.045526e-10 	 7.236232e-14
10 	 239 	 Ey 	 1 	 7.271485e-11 	 -1.469122e-13
10 	 240 	 Ey 	 1 	 5.137830e-11 	 -9.238013e-13
10 	 241 	 Ey 	 1 	 -2.064597e-10 	 -6.679768e-13
10 	 242 	 Ey 	 1 	 -2.680317e-10 	 -7.767164e-13
10 	 243 	 Ey 	 1 	 -3.212464e-10 	 -7.836342e-13
10 	 244 	 Ey 	 1 	 -3.294388e-10 	 -9.835691e-13
10 	 245 	 Ey 	 1 	 -2.458168e-10 	 -8.089515e-13
10 	 246 	 Ey 	 1 	 -4.705573e-11 	 -2.129120e-13
10 	 247 	 Ey 	 1 	 1.523656e-10 	 4.059588e-13
10 	 248 	 Ey 	 1 	 2.959299e-10 	 8.186535e-13
10 	 249 	 Ey 	 1 	 3.338111e-10 	 7.205577e-13
10 	 250 	 Ey 	 1 	 2.996332e-10 	 5.209412e-13
10 	 251 	 Ey 	 1 	 2.393232e-10 	 4.882194e-13
10 	 252 	 Ey 	 1 	 1.801715e-10 	 2.741457e-13
10 	 253 	 Ey 	 1 	 1.321376e-10 	 3.431676e-14
10 	 254 	 Ey 	 1 	 9.620287e-11 	 1.971885e-13
10 	 255 	 Ey 	 1 	 7.006422e-11 	 -6.707264e-13
10 	 256 	 Ey 	 1 	 5.146148e-11 	 -9.714784e-13
10 	 1 	 Ey 	 2 	 5.417006e-11 	 5.256616e-13
10 	 2 	 Ey 	 2 	 5.364802e-11 	 4.371395e-13
10 	 3 	 Ey 	 2 	 4.880931e-11 	 3.744827e-13
10 	 4 	 Ey 	 2 	 3.884103e-11 	 3.337239e-13
10 	 5 	 Ey 	 2 	 2.391342e-11 	 3.029236e-13
10 	 6 	 Ey 	 2 	 3.416907e-12 	 2.822795e-13
10 	 7 	 Ey 	 2 	 -1.360082e-11 	 2.682174e-13
10 	 8 	 Ey 	 2 	 -3.069614e-11 	 2.646322e-13
10 	 9 	 Ey 	 2 	 -4.348395e-11 	 2.699584e-13
10 	 10 	 Ey 	 2 	 -5.105806e-11 	 2.800472e-13
10 	 11 	 Ey 	 2 	 -5.374318e-11 	 2.876339e-13
10 	 12 	 Ey 	 2 	 -5.262818e-11 	 2.872046e-13
10 	 13 	 Ey 	 2 	 -4.902620e-11 	 2.769384e-13
10 	 14 	 Ey 	 2 	 -4.412017e-11 	 2.523547e-13
10 	 15 	 Ey 	 2 	 -3.877712e-11 	 2.096657e-13
10 	 16 	 Ey 	 2 	 -3.355466e-11 	 1.543858e-13
10 	 17 	 Ey 	 2 	 7.293461e-11 	 6.458096e-13
10 	 18 	 Ey 	 2 	 7.503996e-11 	 5.479473e-13
10 	 19 	 Ey 	 2 	 7.073053e-11 	 4.722354e-13
10 	 20 	 Ey 	 2 	 5.796658e-11 	 4.051081e-13
10 	 21 	 Ey 	 2 	 3.641323e-11 	 3.458871e-13
10 	 22 	 Ey 	 2 	 5.516105e-12 	 2.918042e-13
10 	 23 	 Ey 	 2 	 -2.101473e-11 	 2.391304e-13
10 	 24 	 Ey 	 2 	 -4.659219e-11 	 2.045885e-13
10 	 25 	 Ey 	 2 	 -6.431603e-11 	 1.842987e-13
10 	 26 	 Ey 	 2 	 -7.308310e-11 	 1.787007e-13
10 	 27 	 Ey 	 2 	 -7.412922e-11 	 1.827195e-13
10 	 28 	 Ey 	 2 	 -6.985218e-11 	 1.850570e-13
10 	 29 	 Ey 	 2 	 -6.266696e-11 	 1.803983e-13
10 	 30 	 Ey 	 2 	 -5.443016e-11 	 1.560004e-13
10 	 31 	 Ey 	 2 	 -4.630174e-11 	 1.155959e-13
10 	 32 	 Ey 	 2 	 -3.892131e-11 	 5.496979e-14
10 	 33 	 Ey 	 2 	 9.910579e-11 	 7.506154e-13
10 	 34 	 Ey 	 2 	 1.069949e-10 	 6.556164e-13
10 	 35 	 Ey 	 2 	 1.056534e-10 	 5.739903e-13
10 	 36 	 Ey 	 2 	 9.012996e-11 	 4.907795e-13
10 	 37 	 Ey 	 2 	 5.825231e-11 	 3.976044e-13
10 	 38 	 Ey 	 2 	 9.390632e-12 	 2.964030e-13
10 	 39 	 Ey 	 2 	 -3.414924e-11 	 1.918428e-13
10 	 40 	 Ey 	 2 	 -7.398424e-11 	 1.188655e-13
10 	 41 	 Ey 	 2 	 -9.859157e-11 	 7.542372e-14
10 	 42 	 Ey 	 2 	 -1.072202e-10 	 6.106805e-14
10 	 43 	 Ey 	 2 	 -1.036921e-10 	 6.550024e-14
10 	 44 	 Ey 	 2 	 -9.315217e-11 	 7.288994e-14
10 	 45 	 Ey 	 2 	 -7.986354e-11 	 8.027400e-14
10 	 46 	 Ey 	 2 	 -6.653061e-11 	 6.599706e-14
10 	 47 	 Ey 	 2 	 -5.454524e-11 	 3.345734e-14
10 	 48 	 Ey 	 2 	 -4.436758e-11 	 -1.891653e-14
10 	 49 	 Ey 	 2 	 1.351510e-10 	 8.555891e-13
10 	 50 	 Ey 	 2 	 1.552193e-10 	 7.724195e-13
10 	 51 	 Ey 	 2 	 1.630760e-10 	 7.076339e-13
10 	 52 	 Ey 	 2 	 1.471269e-10 	 6.144717e-13
10 	 53 	 Ey 	 2 	 9.913449e-11 	 4.692931e-13
10 	 54 	 Ey 	 2 	 1.717027e-11 	 3.053742e-13
10 	 55 	 Ey 	 2 	 -5.918131e-11 	 1.203931e-13
10 	 56 	 Ey 	 2 	 -1.241640e-10 	 -7.249340e-15
10 	 57 	 Ey 	 2 	 -1.574549e-10 	 -8.480615e-14
10 	 58 	 Ey 	 2 	 -1.613128e-10 	 -1.028864e-13
10 	 59 	 Ey 	 2 	 -1.465785e-10 	 -7.060920e-14
10 	 60 	 Ey 	 2 	 -1.240268e-10 	 -4.510264e-14
10 	 61 	 Ey 	 2 	 -1.007032e-10 	 -2.090798e-14
10 	 62 	 Ey 	 2 	 -7.995703e-11 	 -1.837547e-14
10 	 63 	 Ey 	 2 	 -6.287314e-11 	 -3.840229e-14
10 	 64 	 Ey 	 2 	 -4.936038e-11 	 -8.214270e-14
10 	 65 	 Ey 	 2 	 1.832120e-10 	 9.412804e-13
10 	 66 	 Ey 	 2 	 2.276670e-10 	 9.170586e-13
10 	 67 	 Ey 	 2 	 2.601453e-10 	 8.876872e-13
10 	 68 	 Ey 	 2 	 2.543075e-10 	 8.049152e-13
10 	 69 	 Ey 	 2 	 1.824554e-10 	 6.273675e-13
10 	 70 	 Ey 	 2 	 3.433656e-11 	 3.148582e-13
10 	 71 	 Ey 	 2 	 -1.116253e-10 	 -9.059670e-16
10 	 72 	 Ey 	 2 	 -2.232495e-10 	 -2.213776e-13
10 	 73 	 Ey 	 2 	 -2.632490e-10 	 -3.286576e-13
10 	 74 	 Ey 	 2 	 -2.481608e-10 	 -3.191986e-13
10 	 75 	 Ey 	 2 	 -2.076768e-10 	 -2.624667e-13
10 	 76 	 Ey 	 2 	 -1.630645e-10 	 -1.824634e-13
10 	 77 	 Ey 	 2 	 -1.241103e-10 	 -1.241094e-13
10 	 78 	 Ey 	 2 	 -9.332870e-11 	 -1.051739e-13
10 	 79 	 Ey 	 2 	 -7.012822e-11 	 -1.040887e-13
10 	 80 	 Ey 	 2 	 -5.302814e-11 	 -1.364295e-13
10 	 81 	 Ey 	 2 	 2.423269e-10 	 1.028423e-12
10 	 82 	 Ey 	 2 	 3.327028e-10 	 1.058246e-12
10 	 83 	 Ey 	 2 	 4.262950e-10 	 1.143161e-12
10 	 84 	 Ey 	 2 	 4.692001e-10 	 1.151927e-12
10 	 85 	 Ey 	 2 	 3.720786e-10 	 8.712282e-13
10 	 86 	 Ey 	 2 	 7.757815e-11 	 3.958285e-13
10 	 87 	 Ey 	 2 	 -2.364829e-10 	 -2.241125e-13
10 	 88 	 Ey 	 2 	 -4.376333e-10 	 -6.114082e-13
10 	 89 	 Ey 	 2 	 -4.614059e-10 	 -7.071231e-13
10 	 90 	 Ey 	 2 	 -3.862511e-10 	 -6.111170e-13
10 	 91 	 Ey 	 2 	 -2.899994e-10 	 -4.547935e-13
10 	 92 	 Ey 	 2 	 -2.077505e-10 	 -3.248636e-13
10 	 93 	 Ey 	 2 	 -1.467270e-10 	 -2.365726e-13
10 	 94 	 Ey 	 2 	 -1.039328e-10 	 -1.809953e-13
10 	 95 	 Ey 	 2 	 -7.446971e-11 	 -1.659415e-13
10 	 96 	 Ey 	 2 	 -5.419702e-11 	 -1.817299e-13
10 	 97 	 Ey 	 2 	 3.025920e-10 	 1.118161e-12
10 	 98 	 Ey 	 2 	 4.695319e-10 	 1.275871e-12
10 	 99 	 Ey 	 2 	 7.024943e-10 	 1.550467e-12
10 	 100 	 Ey 	 2 	 9.255762e-10 	 1.783486e-12
10 	 101 	 Ey 	 2 	 8.701306e-10 	 1.517000e-12
10 	 102 	 Ey 	 2 	 2.097832e-10 	 5.381633e-13
10 	 103 	 Ey 	 2 	 -5.918528e-10 	 -7.377652e-13
10 	 104 	 Ey 	 2 	 -9.539467e-10 	 -1.382570e-12
10 	 105 	 Ey 	 2 	 -8.392266e-10 	 -1.291756e-12
10 	 106 	 Ey 	 2 	 -5.920758e-10 	 -9.710788e-13
10 	 107 	 Ey 	 2 	 -3.863381e-10 	 -6.758532e-13
10 	 108 	 Ey 	 2 	 -2.483195e-10 	 -4.559885e-13
10 	 109 	 Ey 	 2 	 -1.615445e-10 	 -3.247075e-13
10 	 110 	 Ey 	 2 	 -1.075278e-10 	 -2.399582e-13
10 	 111 	 Ey 	 2 	 -7.347251e-11 	 -2.154068e-13
10 	 112 	 Ey 	 2 	 -5.155548e-11 	 -2.204651e-13
10 	 113 	 Ey 	 2 	 3.365131e-10 	 1.090244e-12
10 	 114 	 Ey 	 2 	 6.004935e-10 	 1.437108e-12
10 	 115 	 Ey 	 2 	 1.097896e-09 	 2.040939e-12
10 	 116 	 Ey 	 2 	 1.901694e-09 	 2.886981e-12
10 	 117 	 Ey 	 2 	 2.442353e-09 	 3.137998e-12
10 	 118 	 Ey 	 2 	 7.578019e-10 	 1.136597e-12
10 	 119 	 Ey 	 2 	 -1.912941e-09 	 -2.143119e-12
10 	 120 	 Ey 	 2 	 -2.335123e-09 	 -2.959330e-12
10 	 121 	 Ey 	 2 	 -1.513893e-09 	 -2.182951e-12
10 	 122 	 Ey 	 2 	 -8.393222e-10 	 -1.417209e-12
10 	 123 	 Ey 	 2 	 -4.615603e-10 	 -8.628809e-13
10 	 124 	 Ey 	 2 	 -2.634810e-10 	 -5.423075e-13
10 	 125 	 Ey 	 2 	 -1.577550e-10 	 -3.644566e-13
10 	 126 	 Ey 	 2 	 -9.896121e-11 	 -2.814401e-13
10 	 127 	 Ey 	 2 	 -6.476617e-11 	 -2.502984e-13
10 	 128 	 Ey 	 2 	 -4.401078e-11 	 -2.498576e-13
10 	 129 	 Ey 	 2 	 2.980999e-10 	 9.347972e-13
10 	 130 	 Ey 	 2 	 6.104464e-10 	 1.332357e-12
10 	 131 	 Ey 	 2 	 1.401195e-09 	 2.256216e-12
10 	 132 	 Ey 	 2 	 3.571041e-09 	 4.387571e-12
10 	 133 	 Ey 	 2 	 8.395512e-09 	 7.790716e-12
10 	 134 	 Ey 	 2 	 4.697307e-09 	 4.152830e-12
10 	 135 	 Ey 	 2 	 -9.417024e-09 	 -7.552984e-12
10 	 136 	 Ey 	 2 	 -5.986533e-09 	 -5.992435e-12
10 	 137 	 Ey 	 2 	 -2.335309e-09 	 -3.062329e-12
10 	 138 	 Ey 	 2 	 -9.541382e-10 	 -1.517714e-12
10 	 139 	 Ey 	 2 	 -4.378805e-10 	 -8.476546e-13
10 	 140 	 Ey 	 2 	 -2.235527e-10 	 -5.177888e-13
10 	 141 	 Ey 	 2 	 -1.245305e-10 	 -3.649763e-13
10 	 142 	 Ey 	 2 	 -7.441589e-11 	 -2.944927e-13
10 	 143 	 Ey 	 2 	 -4.709325e-11 	 -2.683508e-13
10 	 144 	 Ey 	 2 	 -3.125425e-11 	 -2.709289e-13
10 	 145 	 Ey 	 2 	 1.558821e-10 	 5.654514e-13
10 	 146 	 Ey 	 2 	 3.502614e-10 	 8.059616e-13
10 	 147 	 Ey 	 2 	 9.635420e-10 	 1.481973e-12
10 	 148 	 Ey 	 2 	 3.645457e-09 	 3.808912e-12
10 	 149 	 Ey 	 2 	 2.337759e-08 	 1.541783e-11
10 	 150 	 Ey 	 2 	 4.318315e-08 	 4.169223e-11
10 	 151 	 Ey 	 2 	 -8.450311e-08 	 -3.951886e-11
10 	 152 	 Ey 	 2 	 -9.384109e-09 	 -7.661429e-12
10 	 153 	 Ey 	 2 	 -1.898774e-09 	 -2.255990e-12
10 	 154 	 Ey 	 2 	 -5.847926e-10 	 -9.304711e-13
10 	 155 	 Ey 	 2 	 -2.324637e-10 	 -5.224073e-13
10 	 156 	 Ey 	 2 	 -1.091646e-10 	 -3.654004e-13
10 	 157 	 Ey 	 2 	 -5.760850e-11 	 -2.955230e-13
10 	 158 	 Ey 	 2 	 -3.315033e-11 	 -2.761367e-13
10 	 159 	 Ey 	 2 	 -2.040531e-11 	 -2.776299e-13
10 	 160 	 Ey 	 2 	 -1.326318e-11 	 -2.866196e-13
10 	 161 	 Ey 	 2 	 -4.207547e-11 	 1.260676e-13
10 	 162 	 Ey 	 2 	 -1.150261e-10 	 -2.193351e-14
10 	 163 	 Ey 	 2 	 -3.694847e-10 	 -3.485615e-13
10 	 164 	 Ey 	 2 	 -1.657801e-09 	 -1.451048e-12
10 	 165 	 Ey 	 2 	 -1.547002e-08 	 -9.509173e-12
10 	 166 	 Ey 	 2 	 -3.337788e-06 	 -6.182324e-10
10 	 167 	 Ey 	 2 	 1.032336e-07 	 5.143564e-11
10 	 168 	 Ey 	 2 	 5.476195e-09 	 4.341043e-12
10 	 169 	 Ey 	 2 	 9.932446e-10 	 1.020855e-12
10 	 170 	 Ey 	 2 	 3.165566e-10 	 2.883787e-13
10 	 171 	 Ey 	 2 	 1.367653e-10 	 3.567375e-14
10 	 172 	 Ey 	 2 	 7.133145e-11 	 -1.178394e-13
10 	 173 	 Ey 	 2 	 4.219367e-11 	 -1.839298e-13
10 	 174 	 Ey 	 2 	 2.729558e-11 	 -2.335196e-13
10 	 175 	 Ey 	 2 	 1.884353e-11 	 -2.680250e-13
10 	 176 	 Ey 	 2 	 1.367225e-11 	 -2.903590e-13
10 	 177 	 Ey 	 2 	 -2.464269e-10 	 -3.095450e-13
10 	 178 	 Ey 	 2 	 -5.319368e-10 	 -7.331485e-13
10 	 179 	 Ey 	 2 	 -1.341869e-09 	 -1.767515e-12
10 	 180 	 Ey 	 2 	 -4.137838e-09 	 -4.358494e-12
10 	 181 	 Ey 	 2 	 -1.470285e-08 	 -1.131294e-11
10 	 182 	 Ey 	 2 	 -1.415742e-08 	 -9.985231e-12
10 	 183 	 Ey 	 2 	 2.336810e-08 	 1.523361e-11
10 	 184 	 Ey 	 2 	 8.395369e-09 	 7.501205e-12
10 	 185 	 Ey 	 2 	 2.442336e-09 	 2.764061e-12
10 	 186 	 Ey 	 2 	 8.697108e-10 	 1.100127e-12
10 	 187 	 Ey 	 2 	 3.715034e-10 	 3.781771e-13
10 	 188 	 Ey 	 2 	 1.818174e-10 	 3.979651e-14
10 	 189 	 Ey 	 2 	 9.843837e-11 	 -1.364509e-13
10 	 190 	 Ey 	 2 	 5.753944e-11 	 -2.406898e-13
10 	 191 	 Ey 	 2 	 3.568536e-11 	 -3.002954e-13
10 	 192 	 Ey 	 2 	 2.319483e-11 	 -3.291152e-13
10 	 193 	 Ey 	 2 	 -3.306142e-10 	 -5.342160e-13
10 	 194 	 Ey 	 2 	 -6.292282e-10 	 -1.009399e-12
10 	 195 	 Ey 	 2 	 -1.272741e-09 	 -1.862333e-12
10 	 196 	 Ey 	 2 	 -2.584873e-09 	 -3.278029e-12
10 	 197 	 Ey 	 2 	 -4.137059e-09 	 -4.416393e-12
10 	 198 	 Ey 	 2 	 -1.515642e-09 	 -1.781474e-12
10 	 199 	 Ey 	 2 	 3.638047e-09 	 3.551218e-12
10 	 200 	 Ey 	 2 	 3.570342e-09 	 3.987932e-12
10 	 201 	 Ey 	 2 	 1.901169e-09 	 2.424778e-12
10 	 202 	 Ey 	 2 	 9.249437e-10 	 1.199908e-12
10 	 203 	 Ey 	 2 	 4.684800e-10 	 5.028779e-13
10 	 204 	 Ey 	 2 	 2.535153e-10 	 8.861430e-14
10 	 205 	 Ey 	 2 	 1.462862e-10 	 -1.326457e-13
10 	 206 	 Ey 	 2 	 8.926709e-11 	 -2.656659e-13
10 	 207 	 Ey 	 2 	 5.711156e-11 	 -3.398954e-13
10 	 208 	 Ey 	 2 	 3.801722e-11 	 -3.737323e-13
10 	 209 	 Ey 	 2 	 -3.226347e-10 	 -5.634664e-13
10 	 210 	 Ey 	 2 	 -5.325500e-10 	 -9.037881e-13
10 	 211 	 Ey 	 2 	 -8.668927e-10 	 -1.395628e-12
10 	 212 	 Ey 	 2 	 -1.272744e-09 	 -1.904400e-12
10 	 213 	 Ey 	 2 	 -1.341906e-09 	 -1.857198e-12
10 	 214 	 Ey 	 2 	 -3.455761e-10 	 -6.718484e-13
10 	 215 	 Ey 	 2 	 9.586674e-10 	 1.150735e-12
10 	 216 	 Ey 	 2 	 1.400567e-09 	 1.752638e-12
10 	 217 	 Ey 	 2 	 1.097153e-09 	 1.383038e-12
10 	 218 	 Ey 	 2 	 7.016972e-10 	 8.748693e-13
10 	 219 	 Ey 	 2 	 4.253773e-10 	 3.698587e-13
10 	 220 	 Ey 	 2 	 2.591453e-10 	 2.456137e-14
10 	 221 	 Ey 	 2 	 1.620344e-10 	 -2.016396e-13
10 	 222 	 Ey 	 2 	 1.046036e-10 	 -3.437980e-13
10 	 223 	 Ey 	 2 	 6.970818e-11 	 -4.163750e-13
10 	 224 	 Ey 	 2 	 4.784911e-11 	 -4.453655e-13
10 	 225 	 Ey 	 2 	 -2.692792e-10 	 -4.504393e-13
10 	 226 	 Ey 	 2 	 -3.898066e-10 	 -6.520601e-13
10 	 227 	 Ey 	 2 	 -5.325256e-10 	 -8.980280e-13
10 	 228 	 Ey 	 2 	 -6.292719e-10 	 -1.077626e-12
10 	 229 	 Ey 	 2 	 -5.320934e-10 	 -9.101802e-13
10 	 230 	 Ey 	 2 	 -1.143581e-10 	 -3.600725e-13
10 	 231 	 Ey 	 2 	 3.467476e-10 	 3.773547e-13
10 	 232 	 Ey 	 2 	 6.097403e-10 	 7.415243e-13
10 	 233 	 Ey 	 2 	 5.996013e-10 	 6.910580e-13
10 	 234 	 Ey 	 2 	 4.684958e-10 	 4.089696e-13
10 	 235 	 Ey 	 2 	 3.315422e-10 	 1.094277e-13
10 	 236 	 Ey 	 2 	 2.264181e-10 	 -1.678593e-13
10 	 237 	 Ey 	 2 	 1.539208e-10 	 -3.431190e-13
10 	 238 	 Ey 	 2 	 1.056971e-10 	 -4.680530e-13
10 	 239 	 Ey 	 2 	 7.378587e-11 	 -5.301346e-13
10 	 240 	 Ey 	 2 	 5.248163e-11 	 -5.505210e-13
10 	 241 	 Ey 	 2 	 -2.074598e-10 	 -2.733036e-13
10 	 242 	 Ey 	 2 	 -2.691610e-10 	 -3.856897e-13
10 	 243 	 Ey 	 2 	 -3.225239e-10 	 -4.767426e-13
10 	 244 	 Ey 	 2 	 -3.306018e-10 	 -5.467941e-13
10 	 245 	 Ey 	 2 	 -2.465785e-10 	 -4.694142e-13
10 	 246 	 Ey 	 2 	 -4.706559e-11 	 -2.544159e-13
10 	 247 	 Ey 	 2 	 1.531236e-10 	 8.278246e-15
10 	 248 	 Ey 	 2 	 2.972206e-10 	 1.870933e-13
10 	 249 	 Ey 	 2 	 3.354012e-10 	 1.530902e-13
10 	 250 	 Ey 	 2 	 3.012834e-10 	 -1.738339e-14
10 	 251 	 Ey 	 2 	 2.408499e-10 	 -2.024017e-13
10 	 252 	 Ey 	 2 	 1.816371e-10 	 -4.138153e-13
10 	 253 	 Ey 	 2 	 1.335318e-10 	 -5.534236e-13
10 	 254 	 Ey 	 2 	 9.747669e-11 	 -6.418599e-13
10 	 255 	 Ey 	 2 	 7.138195e-11 	 -6.897552e-13
10 	 256 	 Ey 	 2 	 5.273582e-11 	 -6.911056e-13
