iTx 	 iRx    chrec  ifreq 	 emf_real 	 emf_imag
16 	 1 	 Ex 	 1 	 -5.230105e-12 	 3.772066e-12
16 	 2 	 Ex 	 1 	 -6.496249e-12 	 3.375220e-12
16 	 3 	 Ex 	 1 	 -7.922549e-12 	 3.335249e-12
16 	 4 	 Ex 	 1 	 -9.177919e-12 	 5.879225e-12
16 	 5 	 Ex 	 1 	 -1.132895e-11 	 4.962890e-12
16 	 6 	 Ex 	 1 	 -1.364545e-11 	 4.972672e-12
16 	 7 	 Ex 	 1 	 -1.587982e-11 	 7.297700e-12
16 	 8 	 Ex 	 1 	 -1.855909e-11 	 8.791845e-12
16 	 9 	 Ex 	 1 	 -2.178329e-11 	 8.426117e-12
16 	 10 	 Ex 	 1 	 -2.516245e-11 	 7.663685e-12
16 	 11 	 Ex 	 1 	 -2.826516e-11 	 7.997191e-12
16 	 12 	 Ex 	 1 	 -3.100464e-11 	 8.640468e-12
16 	 13 	 Ex 	 1 	 -3.305343e-11 	 9.941456e-12
16 	 14 	 Ex 	 1 	 -3.437870e-11 	 1.076370e-11
16 	 15 	 Ex 	 1 	 -3.919789e-11 	 1.104301e-11
16 	 16 	 Ex 	 1 	 -3.419803e-11 	 1.140311e-11
16 	 17 	 Ex 	 1 	 -4.951586e-12 	 2.117191e-12
16 	 18 	 Ex 	 1 	 -5.380824e-12 	 6.438654e-12
16 	 19 	 Ex 	 1 	 -7.384540e-12 	 3.227685e-12
16 	 20 	 Ex 	 1 	 -8.988594e-12 	 4.382660e-12
16 	 21 	 Ex 	 1 	 -1.039843e-11 	 8.828559e-12
16 	 22 	 Ex 	 1 	 -1.318255e-11 	 7.767183e-12
16 	 23 	 Ex 	 1 	 -1.668966e-11 	 5.375867e-12
16 	 24 	 Ex 	 1 	 -1.987681e-11 	 7.559202e-12
16 	 25 	 Ex 	 1 	 -2.316595e-11 	 1.144063e-11
16 	 26 	 Ex 	 1 	 -2.694777e-11 	 1.373827e-11
16 	 27 	 Ex 	 1 	 -3.111065e-11 	 1.398733e-11
16 	 28 	 Ex 	 1 	 -3.510594e-11 	 1.325614e-11
16 	 29 	 Ex 	 1 	 -3.840771e-11 	 1.253634e-11
16 	 30 	 Ex 	 1 	 -4.065753e-11 	 1.175839e-11
16 	 31 	 Ex 	 1 	 -4.644543e-11 	 1.187156e-11
16 	 32 	 Ex 	 1 	 -4.071324e-11 	 1.196431e-11
16 	 33 	 Ex 	 1 	 -3.779727e-12 	 3.923101e-12
16 	 34 	 Ex 	 1 	 -4.982788e-12 	 3.485174e-12
16 	 35 	 Ex 	 1 	 -5.754634e-12 	 7.315022e-12
16 	 36 	 Ex 	 1 	 -7.795038e-12 	 6.042240e-12
16 	 37 	 Ex 	 1 	 -1.008530e-11 	 6.243229e-12
16 	 38 	 Ex 	 1 	 -1.249921e-11 	 9.073181e-12
16 	 39 	 Ex 	 1 	 -1.574206e-11 	 1.097004e-11
16 	 40 	 Ex 	 1 	 -2.006854e-11 	 1.070475e-11
16 	 41 	 Ex 	 1 	 -2.496683e-11 	 1.099414e-11
16 	 42 	 Ex 	 1 	 -3.019822e-11 	 1.231787e-11
16 	 43 	 Ex 	 1 	 -3.561031e-11 	 1.379816e-11
16 	 44 	 Ex 	 1 	 -4.072044e-11 	 1.546976e-11
16 	 45 	 Ex 	 1 	 -4.513048e-11 	 1.636426e-11
16 	 46 	 Ex 	 1 	 -4.810549e-11 	 1.717307e-11
16 	 47 	 Ex 	 1 	 -5.511459e-11 	 1.745105e-11
16 	 48 	 Ex 	 1 	 -4.843755e-11 	 1.723461e-11
16 	 49 	 Ex 	 1 	 -2.248922e-12 	 6.105370e-12
16 	 50 	 Ex 	 1 	 -3.580405e-12 	 3.993783e-12
16 	 51 	 Ex 	 1 	 -4.413709e-12 	 6.860493e-12
16 	 52 	 Ex 	 1 	 -5.830768e-12 	 8.850672e-12
16 	 53 	 Ex 	 1 	 -8.509325e-12 	 6.986419e-12
16 	 54 	 Ex 	 1 	 -1.118302e-11 	 9.584031e-12
16 	 55 	 Ex 	 1 	 -1.457347e-11 	 1.332165e-11
16 	 56 	 Ex 	 1 	 -1.949690e-11 	 1.421725e-11
16 	 57 	 Ex 	 1 	 -2.585902e-11 	 1.313265e-11
16 	 58 	 Ex 	 1 	 -3.297181e-11 	 1.342890e-11
16 	 59 	 Ex 	 1 	 -4.035127e-11 	 1.547690e-11
16 	 60 	 Ex 	 1 	 -4.764380e-11 	 1.774542e-11
16 	 61 	 Ex 	 1 	 -5.399920e-11 	 1.970929e-11
16 	 62 	 Ex 	 1 	 -5.844686e-11 	 2.127261e-11
16 	 63 	 Ex 	 1 	 -6.718522e-11 	 2.156699e-11
16 	 64 	 Ex 	 1 	 -5.912631e-11 	 2.167326e-11
16 	 65 	 Ex 	 1 	 -8.608061e-13 	 5.434631e-12
16 	 66 	 Ex 	 1 	 -1.259485e-12 	 7.156426e-12
16 	 67 	 Ex 	 1 	 -2.560403e-12 	 5.710062e-12
16 	 68 	 Ex 	 1 	 -3.475884e-12 	 9.371276e-12
16 	 69 	 Ex 	 1 	 -5.287589e-12 	 1.179198e-11
16 	 70 	 Ex 	 1 	 -8.634826e-12 	 1.053407e-11
16 	 71 	 Ex 	 1 	 -1.276649e-11 	 1.212288e-11
16 	 72 	 Ex 	 1 	 -1.807294e-11 	 1.569640e-11
16 	 73 	 Ex 	 1 	 -2.512280e-11 	 1.908505e-11
16 	 74 	 Ex 	 1 	 -3.430045e-11 	 2.013565e-11
16 	 75 	 Ex 	 1 	 -4.487513e-11 	 2.077432e-11
16 	 76 	 Ex 	 1 	 -5.588766e-11 	 2.145655e-11
16 	 77 	 Ex 	 1 	 -6.576694e-11 	 2.275843e-11
16 	 78 	 Ex 	 1 	 -7.301160e-11 	 2.340862e-11
16 	 79 	 Ex 	 1 	 -8.428713e-11 	 2.374130e-11
16 	 80 	 Ex 	 1 	 -7.434014e-11 	 2.402492e-11
16 	 81 	 Ex 	 1 	 9.728050e-13 	 4.881755e-12
16 	 82 	 Ex 	 1 	 1.361872e-12 	 8.912841e-12
16 	 83 	 Ex 	 1 	 4.748481e-13 	 7.193864e-12
16 	 84 	 Ex 	 1 	 -1.928785e-13 	 9.550093e-12
16 	 85 	 Ex 	 1 	 -1.315161e-12 	 1.340324e-11
16 	 86 	 Ex 	 1 	 -4.144659e-12 	 1.378825e-11
16 	 87 	 Ex 	 1 	 -8.549884e-12 	 1.393502e-11
16 	 88 	 Ex 	 1 	 -1.445925e-11 	 1.773920e-11
16 	 89 	 Ex 	 1 	 -2.295113e-11 	 2.193177e-11
16 	 90 	 Ex 	 1 	 -3.455571e-11 	 2.514642e-11
16 	 91 	 Ex 	 1 	 -4.917840e-11 	 2.684270e-11
16 	 92 	 Ex 	 1 	 -6.551173e-11 	 2.757697e-11
16 	 93 	 Ex 	 1 	 -8.114859e-11 	 2.824350e-11
16 	 94 	 Ex 	 1 	 -9.306009e-11 	 2.854286e-11
16 	 95 	 Ex 	 1 	 -1.082173e-10 	 2.903967e-11
16 	 96 	 Ex 	 1 	 -9.558809e-11 	 2.891974e-11
16 	 97 	 Ex 	 1 	 3.502429e-12 	 6.023315e-12
16 	 98 	 Ex 	 1 	 3.984893e-12 	 7.187217e-12
16 	 99 	 Ex 	 1 	 4.766638e-12 	 1.112690e-11
16 	 100 	 Ex 	 1 	 4.421045e-12 	 1.053206e-11
16 	 101 	 Ex 	 1 	 3.901049e-12 	 1.287254e-11
16 	 102 	 Ex 	 1 	 2.455291e-12 	 1.649638e-11
16 	 103 	 Ex 	 1 	 -9.133030e-13 	 1.946492e-11
16 	 104 	 Ex 	 1 	 -7.322328e-12 	 2.089958e-11
16 	 105 	 Ex 	 1 	 -1.735093e-11 	 2.386100e-11
16 	 106 	 Ex 	 1 	 -3.217344e-11 	 2.750140e-11
16 	 107 	 Ex 	 1 	 -5.236682e-11 	 3.080474e-11
16 	 108 	 Ex 	 1 	 -7.668604e-11 	 3.419627e-11
16 	 109 	 Ex 	 1 	 -1.017455e-10 	 3.669433e-11
16 	 110 	 Ex 	 1 	 -1.218204e-10 	 3.853774e-11
16 	 111 	 Ex 	 1 	 -1.433891e-10 	 3.923989e-11
16 	 112 	 Ex 	 1 	 -1.265047e-10 	 3.878949e-11
16 	 113 	 Ex 	 1 	 6.677756e-12 	 8.686253e-12
16 	 114 	 Ex 	 1 	 7.469190e-12 	 7.085276e-12
16 	 115 	 Ex 	 1 	 9.374188e-12 	 1.170462e-11
16 	 116 	 Ex 	 1 	 1.072047e-11 	 1.368553e-11
16 	 117 	 Ex 	 1 	 1.119901e-11 	 1.313544e-11
16 	 118 	 Ex 	 1 	 1.179200e-11 	 1.875790e-11
16 	 119 	 Ex 	 1 	 1.035111e-11 	 2.328535e-11
16 	 120 	 Ex 	 1 	 5.288765e-12 	 2.578367e-11
16 	 121 	 Ex 	 1 	 -5.231847e-12 	 2.741835e-11
16 	 122 	 Ex 	 1 	 -2.321016e-11 	 3.100095e-11
16 	 123 	 Ex 	 1 	 -5.067285e-11 	 3.661398e-11
16 	 124 	 Ex 	 1 	 -8.786815e-11 	 4.223814e-11
16 	 125 	 Ex 	 1 	 -1.300705e-10 	 4.643571e-11
16 	 126 	 Ex 	 1 	 -1.664197e-10 	 4.949749e-11
16 	 127 	 Ex 	 1 	 -1.996392e-10 	 5.037095e-11
16 	 128 	 Ex 	 1 	 -1.752769e-10 	 4.988483e-11
16 	 129 	 Ex 	 1 	 9.851267e-12 	 9.563946e-12
16 	 130 	 Ex 	 1 	 1.189140e-11 	 9.365577e-12
16 	 131 	 Ex 	 1 	 1.455510e-11 	 1.072488e-11
16 	 132 	 Ex 	 1 	 1.824113e-11 	 1.610152e-11
16 	 133 	 Ex 	 1 	 2.131169e-11 	 1.715443e-11
16 	 134 	 Ex 	 1 	 2.413492e-11 	 1.877196e-11
16 	 135 	 Ex 	 1 	 2.646717e-11 	 2.522778e-11
16 	 136 	 Ex 	 1 	 2.553350e-11 	 3.096527e-11
16 	 137 	 Ex 	 1 	 1.787737e-11 	 3.462878e-11
16 	 138 	 Ex 	 1 	 -9.320095e-13 	 3.894009e-11
16 	 139 	 Ex 	 1 	 -3.682085e-11 	 4.456581e-11
16 	 140 	 Ex 	 1 	 -9.418647e-11 	 5.029280e-11
16 	 141 	 Ex 	 1 	 -1.684389e-10 	 5.610066e-11
16 	 142 	 Ex 	 1 	 -2.393653e-10 	 6.038766e-11
16 	 143 	 Ex 	 1 	 -2.963033e-10 	 6.184570e-11
16 	 144 	 Ex 	 1 	 -2.573654e-10 	 6.143402e-11
16 	 145 	 Ex 	 1 	 1.299028e-11 	 9.152327e-12
16 	 146 	 Ex 	 1 	 1.649531e-11 	 1.067653e-11
16 	 147 	 Ex 	 1 	 2.079512e-11 	 1.206403e-11
16 	 148 	 Ex 	 1 	 2.661343e-11 	 1.658032e-11
16 	 149 	 Ex 	 1 	 3.333793e-11 	 2.013860e-11
16 	 150 	 Ex 	 1 	 4.061665e-11 	 2.167691e-11
16 	 151 	 Ex 	 1 	 4.889635e-11 	 2.768944e-11
16 	 152 	 Ex 	 1 	 5.573589e-11 	 3.422766e-11
16 	 153 	 Ex 	 1 	 5.714039e-11 	 4.159668e-11
16 	 154 	 Ex 	 1 	 4.477968e-11 	 4.823428e-11
16 	 155 	 Ex 	 1 	 5.132877e-12 	 5.544496e-11
16 	 156 	 Ex 	 1 	 -7.884932e-11 	 6.347824e-11
16 	 157 	 Ex 	 1 	 -2.134001e-10 	 7.180025e-11
16 	 158 	 Ex 	 1 	 -3.644014e-10 	 7.789947e-11
16 	 159 	 Ex 	 1 	 -4.775830e-10 	 8.041674e-11
16 	 160 	 Ex 	 1 	 -4.054078e-10 	 7.951571e-11
16 	 161 	 Ex 	 1 	 1.626380e-11 	 9.585677e-12
16 	 162 	 Ex 	 1 	 2.118450e-11 	 1.200081e-11
16 	 163 	 Ex 	 1 	 2.718289e-11 	 1.253729e-11
16 	 164 	 Ex 	 1 	 3.590747e-11 	 1.815485e-11
16 	 165 	 Ex 	 1 	 4.675669e-11 	 2.210047e-11
16 	 166 	 Ex 	 1 	 6.031568e-11 	 2.469214e-11
16 	 167 	 Ex 	 1 	 7.761925e-11 	 2.985131e-11
16 	 168 	 Ex 	 1 	 9.838019e-11 	 3.878412e-11
16 	 169 	 Ex 	 1 	 1.191385e-10 	 4.897743e-11
16 	 170 	 Ex 	 1 	 1.299364e-10 	 5.775834e-11
16 	 171 	 Ex 	 1 	 1.075249e-10 	 6.818688e-11
16 	 172 	 Ex 	 1 	 4.665809e-12 	 8.049438e-11
16 	 173 	 Ex 	 1 	 -2.367474e-10 	 9.339568e-11
16 	 174 	 Ex 	 1 	 -5.917761e-10 	 1.032371e-10
16 	 175 	 Ex 	 1 	 -8.676947e-10 	 1.076093e-10
16 	 176 	 Ex 	 1 	 -7.011608e-10 	 1.056703e-10
16 	 177 	 Ex 	 1 	 1.914947e-11 	 9.232477e-12
16 	 178 	 Ex 	 1 	 2.550859e-11 	 1.288985e-11
16 	 179 	 Ex 	 1 	 3.365294e-11 	 1.489730e-11
16 	 180 	 Ex 	 1 	 4.481835e-11 	 1.790663e-11
16 	 181 	 Ex 	 1 	 6.035811e-11 	 2.271542e-11
16 	 182 	 Ex 	 1 	 8.193806e-11 	 2.932496e-11
16 	 183 	 Ex 	 1 	 1.111539e-10 	 3.369328e-11
16 	 184 	 Ex 	 1 	 1.519153e-10 	 4.203696e-11
16 	 185 	 Ex 	 1 	 2.063899e-10 	 5.309839e-11
16 	 186 	 Ex 	 1 	 2.720895e-10 	 6.692232e-11
16 	 187 	 Ex 	 1 	 3.264526e-10 	 8.422563e-11
16 	 188 	 Ex 	 1 	 2.827760e-10 	 1.049145e-10
16 	 189 	 Ex 	 1 	 -8.315423e-11 	 1.269292e-10
16 	 190 	 Ex 	 1 	 -9.993242e-10 	 1.455222e-10
16 	 191 	 Ex 	 1 	 -1.891996e-09 	 1.537764e-10
16 	 192 	 Ex 	 1 	 -1.360695e-09 	 1.495160e-10
16 	 193 	 Ex 	 1 	 2.187690e-11 	 1.104512e-11
16 	 194 	 Ex 	 1 	 2.885137e-11 	 1.202829e-11
16 	 195 	 Ex 	 1 	 3.904601e-11 	 1.634878e-11
16 	 196 	 Ex 	 1 	 5.297896e-11 	 1.987337e-11
16 	 197 	 Ex 	 1 	 7.254389e-11 	 2.273329e-11
16 	 198 	 Ex 	 1 	 1.017747e-10 	 3.058990e-11
16 	 199 	 Ex 	 1 	 1.447182e-10 	 3.809646e-11
16 	 200 	 Ex 	 1 	 2.099778e-10 	 4.713023e-11
16 	 201 	 Ex 	 1 	 3.114590e-10 	 5.784849e-11
16 	 202 	 Ex 	 1 	 4.719738e-10 	 7.458618e-11
16 	 203 	 Ex 	 1 	 7.178561e-10 	 9.897192e-11
16 	 204 	 Ex 	 1 	 1.021538e-09 	 1.318939e-10
16 	 205 	 Ex 	 1 	 9.567250e-10 	 1.741486e-10
16 	 206 	 Ex 	 1 	 -1.305333e-09 	 2.166079e-10
16 	 207 	 Ex 	 1 	 -5.642723e-09 	 2.331090e-10
16 	 208 	 Ex 	 1 	 -2.869789e-09 	 2.256516e-10
16 	 209 	 Ex 	 1 	 2.351298e-11 	 1.104396e-11
16 	 210 	 Ex 	 1 	 3.130807e-11 	 1.246710e-11
16 	 211 	 Ex 	 1 	 4.283711e-11 	 1.758536e-11
16 	 212 	 Ex 	 1 	 5.850606e-11 	 1.987220e-11
16 	 213 	 Ex 	 1 	 8.153100e-11 	 2.360123e-11
16 	 214 	 Ex 	 1 	 1.168135e-10 	 3.245051e-11
16 	 215 	 Ex 	 1 	 1.708859e-10 	 4.061575e-11
16 	 216 	 Ex 	 1 	 2.581012e-10 	 4.948281e-11
16 	 217 	 Ex 	 1 	 4.071739e-10 	 6.136330e-11
16 	 218 	 Ex 	 1 	 6.806179e-10 	 8.214626e-11
16 	 219 	 Ex 	 1 	 1.224481e-09 	 1.135482e-10
16 	 220 	 Ex 	 1 	 2.411317e-09 	 1.618508e-10
16 	 221 	 Ex 	 1 	 5.072025e-09 	 2.442888e-10
16 	 222 	 Ex 	 1 	 6.382364e-09 	 3.794645e-10
16 	 223 	 Ex 	 1 	 -3.243233e-08 	 3.763269e-10
16 	 224 	 Ex 	 1 	 -3.340665e-11 	 4.118295e-10
16 	 225 	 Ex 	 1 	 2.438704e-11 	 1.266613e-11
16 	 226 	 Ex 	 1 	 3.191087e-11 	 1.091148e-11
16 	 227 	 Ex 	 1 	 4.439268e-11 	 1.893462e-11
16 	 228 	 Ex 	 1 	 6.081642e-11 	 2.096696e-11
16 	 229 	 Ex 	 1 	 8.485598e-11 	 2.255259e-11
16 	 230 	 Ex 	 1 	 1.229681e-10 	 3.305120e-11
16 	 231 	 Ex 	 1 	 1.824222e-10 	 4.338495e-11
16 	 232 	 Ex 	 1 	 2.799993e-10 	 5.132007e-11
16 	 233 	 Ex 	 1 	 4.532364e-10 	 6.203404e-11
16 	 234 	 Ex 	 1 	 7.909162e-10 	 8.401345e-11
16 	 235 	 Ex 	 1 	 1.536151e-09 	 1.197868e-10
16 	 236 	 Ex 	 1 	 3.533533e-09 	 1.793566e-10
16 	 237 	 Ex 	 1 	 1.099456e-08 	 3.050056e-10
16 	 238 	 Ex 	 1 	 6.631259e-08 	 7.842161e-10
16 	 239 	 Ex 	 1 	 -2.615817e-06 	 -7.030296e-09
16 	 240 	 Ex 	 1 	 8.881897e-08 	 1.088120e-09
16 	 241 	 Ex 	 1 	 2.419735e-11 	 1.314820e-11
16 	 242 	 Ex 	 1 	 3.156537e-11 	 1.135263e-11
16 	 243 	 Ex 	 1 	 4.350669e-11 	 1.785901e-11
16 	 244 	 Ex 	 1 	 5.984886e-11 	 2.197915e-11
16 	 245 	 Ex 	 1 	 8.305875e-11 	 2.320859e-11
16 	 246 	 Ex 	 1 	 1.194863e-10 	 3.178718e-11
16 	 247 	 Ex 	 1 	 1.763789e-10 	 4.248153e-11
16 	 248 	 Ex 	 1 	 2.687666e-10 	 5.194164e-11
16 	 249 	 Ex 	 1 	 4.294006e-10 	 6.275844e-11
16 	 250 	 Ex 	 1 	 7.331710e-10 	 8.286744e-11
16 	 251 	 Ex 	 1 	 1.369987e-09 	 1.157782e-10
16 	 252 	 Ex 	 1 	 2.909536e-09 	 1.690993e-10
16 	 253 	 Ex 	 1 	 7.364710e-09 	 2.697061e-10
16 	 254 	 Ex 	 1 	 1.946645e-08 	 4.934237e-10
16 	 255 	 Ex 	 1 	 -8.169778e-08 	 3.866125e-10
16 	 256 	 Ex 	 1 	 1.746771e-08 	 5.829753e-10
16 	 1 	 Ex 	 2 	 -5.509221e-12 	 -1.010322e-12
16 	 2 	 Ex 	 2 	 -7.065779e-12 	 -1.027281e-12
16 	 3 	 Ex 	 2 	 -8.952753e-12 	 -9.979767e-13
16 	 4 	 Ex 	 2 	 -1.119157e-11 	 -9.052524e-13
16 	 5 	 Ex 	 2 	 -1.386855e-11 	 -7.645023e-13
16 	 6 	 Ex 	 2 	 -1.696052e-11 	 -5.507376e-13
16 	 7 	 Ex 	 2 	 -2.044225e-11 	 -2.560760e-13
16 	 8 	 Ex 	 2 	 -2.428858e-11 	 1.008686e-13
16 	 9 	 Ex 	 2 	 -2.840291e-11 	 5.047766e-13
16 	 10 	 Ex 	 2 	 -3.260528e-11 	 9.434402e-13
16 	 11 	 Ex 	 2 	 -3.665325e-11 	 1.394192e-12
16 	 12 	 Ex 	 2 	 -4.027648e-11 	 1.821718e-12
16 	 13 	 Ex 	 2 	 -4.317555e-11 	 2.196171e-12
16 	 14 	 Ex 	 2 	 -4.508933e-11 	 2.485429e-12
16 	 15 	 Ex 	 2 	 -5.023910e-11 	 2.657279e-12
16 	 16 	 Ex 	 2 	 -4.533141e-11 	 2.762774e-12
16 	 17 	 Ex 	 2 	 -5.315115e-12 	 -1.006359e-12
16 	 18 	 Ex 	 2 	 -6.968917e-12 	 -9.507058e-13
16 	 19 	 Ex 	 2 	 -9.096892e-12 	 -8.624991e-13
16 	 20 	 Ex 	 2 	 -1.165807e-11 	 -6.751845e-13
16 	 21 	 Ex 	 2 	 -1.472111e-11 	 -3.810524e-13
16 	 22 	 Ex 	 2 	 -1.840745e-11 	 -4.932608e-15
16 	 23 	 Ex 	 2 	 -2.269457e-11 	 4.731191e-13
16 	 24 	 Ex 	 2 	 -2.749074e-11 	 1.073173e-12
16 	 25 	 Ex 	 2 	 -3.271128e-11 	 1.762764e-12
16 	 26 	 Ex 	 2 	 -3.818191e-11 	 2.498070e-12
16 	 27 	 Ex 	 2 	 -4.360127e-11 	 3.229293e-12
16 	 28 	 Ex 	 2 	 -4.856575e-11 	 3.910774e-12
16 	 29 	 Ex 	 2 	 -5.262283e-11 	 4.488530e-12
16 	 30 	 Ex 	 2 	 -5.535050e-11 	 4.913952e-12
16 	 31 	 Ex 	 2 	 -6.149018e-11 	 5.139108e-12
16 	 32 	 Ex 	 2 	 -5.577565e-11 	 5.212911e-12
16 	 33 	 Ex 	 2 	 -4.913687e-12 	 -9.526219e-13
16 	 34 	 Ex 	 2 	 -6.722563e-12 	 -8.454533e-13
16 	 35 	 Ex 	 2 	 -8.977075e-12 	 -6.230417e-13
16 	 36 	 Ex 	 2 	 -1.185994e-11 	 -3.071181e-13
16 	 37 	 Ex 	 2 	 -1.540841e-11 	 1.570849e-13
16 	 38 	 Ex 	 2 	 -1.970145e-11 	 7.909574e-13
16 	 39 	 Ex 	 2 	 -2.483178e-11 	 1.583161e-12
16 	 40 	 Ex 	 2 	 -3.080987e-11 	 2.524972e-12
16 	 41 	 Ex 	 2 	 -3.751825e-11 	 3.601503e-12
16 	 42 	 Ex 	 2 	 -4.472321e-11 	 4.763891e-12
16 	 43 	 Ex 	 2 	 -5.203221e-11 	 5.937783e-12
16 	 44 	 Ex 	 2 	 -5.888249e-11 	 7.034782e-12
16 	 45 	 Ex 	 2 	 -6.460866e-11 	 7.952808e-12
16 	 46 	 Ex 	 2 	 -6.852940e-11 	 8.611046e-12
16 	 47 	 Ex 	 2 	 -7.599844e-11 	 8.925522e-12
16 	 48 	 Ex 	 2 	 -6.923429e-11 	 8.944972e-12
16 	 49 	 Ex 	 2 	 -4.284972e-12 	 -8.531209e-13
16 	 50 	 Ex 	 2 	 -6.170472e-12 	 -6.540023e-13
16 	 51 	 Ex 	 2 	 -8.572763e-12 	 -2.983517e-13
16 	 52 	 Ex 	 2 	 -1.167724e-11 	 2.264446e-13
16 	 53 	 Ex 	 2 	 -1.566260e-11 	 9.430298e-13
16 	 54 	 Ex 	 2 	 -2.060890e-11 	 1.914438e-12
16 	 55 	 Ex 	 2 	 -2.668831e-11 	 3.141660e-12
16 	 56 	 Ex 	 2 	 -3.401809e-11 	 4.604331e-12
16 	 57 	 Ex 	 2 	 -4.256069e-11 	 6.269893e-12
16 	 58 	 Ex 	 2 	 -5.205777e-11 	 8.080744e-12
16 	 59 	 Ex 	 2 	 -6.201402e-11 	 9.928682e-12
16 	 60 	 Ex 	 2 	 -7.164473e-11 	 1.165899e-11
16 	 61 	 Ex 	 2 	 -7.990736e-11 	 1.311271e-11
16 	 62 	 Ex 	 2 	 -8.569753e-11 	 1.413648e-11
16 	 63 	 Ex 	 2 	 -9.501831e-11 	 1.459406e-11
16 	 64 	 Ex 	 2 	 -8.684284e-11 	 1.452605e-11
16 	 65 	 Ex 	 2 	 -3.409863e-12 	 -7.133526e-13
16 	 66 	 Ex 	 2 	 -5.243147e-12 	 -3.701303e-13
16 	 67 	 Ex 	 2 	 -7.726612e-12 	 1.537922e-13
16 	 68 	 Ex 	 2 	 -1.096108e-11 	 9.479369e-13
16 	 69 	 Ex 	 2 	 -1.522484e-11 	 2.034268e-12
16 	 70 	 Ex 	 2 	 -2.078400e-11 	 3.459178e-12
16 	 71 	 Ex 	 2 	 -2.785160e-11 	 5.275091e-12
16 	 72 	 Ex 	 2 	 -3.666817e-11 	 7.487531e-12
16 	 73 	 Ex 	 2 	 -4.737237e-11 	 1.004576e-11
16 	 74 	 Ex 	 2 	 -5.985117e-11 	 1.283940e-11
16 	 75 	 Ex 	 2 	 -7.353284e-11 	 1.571032e-11
16 	 76 	 Ex 	 2 	 -8.731466e-11 	 1.842577e-11
16 	 77 	 Ex 	 2 	 -9.955525e-11 	 2.072210e-11
16 	 78 	 Ex 	 2 	 -1.083783e-10 	 2.233009e-11
16 	 79 	 Ex 	 2 	 -1.203877e-10 	 2.302145e-11
16 	 80 	 Ex 	 2 	 -1.102499e-10 	 2.281047e-11
16 	 81 	 Ex 	 2 	 -2.218840e-12 	 -5.138748e-13
16 	 82 	 Ex 	 2 	 -3.900125e-12 	 2.726246e-15
16 	 83 	 Ex 	 2 	 -6.280653e-12 	 7.635401e-13
16 	 84 	 Ex 	 2 	 -9.491849e-12 	 1.888487e-12
16 	 85 	 Ex 	 2 	 -1.384434e-11 	 3.451374e-12
16 	 86 	 Ex 	 2 	 -1.974874e-11 	 5.509482e-12
16 	 87 	 Ex 	 2 	 -2.762929e-11 	 8.147000e-12
16 	 88 	 Ex 	 2 	 -3.793501e-11 	 1.140235e-11
16 	 89 	 Ex 	 2 	 -5.113631e-11 	 1.522819e-11
16 	 90 	 Ex 	 2 	 -6.739011e-11 	 1.949161e-11
16 	 91 	 Ex 	 2 	 -8.625781e-11 	 2.393929e-11
16 	 92 	 Ex 	 2 	 -1.063018e-10 	 2.821677e-11
16 	 93 	 Ex 	 2 	 -1.249544e-10 	 3.187243e-11
16 	 94 	 Ex 	 2 	 -1.388924e-10 	 3.444082e-11
16 	 95 	 Ex 	 2 	 -1.550162e-10 	 3.552646e-11
16 	 96 	 Ex 	 2 	 -1.420041e-10 	 3.508182e-11
16 	 97 	 Ex 	 2 	 -6.724074e-13 	 -2.464602e-13
16 	 98 	 Ex 	 2 	 -2.097906e-12 	 4.590166e-13
16 	 99 	 Ex 	 2 	 -4.115235e-12 	 1.537756e-12
16 	 100 	 Ex 	 2 	 -7.032166e-12 	 3.075453e-12
16 	 101 	 Ex 	 2 	 -1.113291e-11 	 5.229914e-12
16 	 102 	 Ex 	 2 	 -1.691860e-11 	 8.127362e-12
16 	 103 	 Ex 	 2 	 -2.510167e-11 	 1.188301e-11
16 	 104 	 Ex 	 2 	 -3.655910e-11 	 1.656926e-11
16 	 105 	 Ex 	 2 	 -5.225234e-11 	 2.219588e-11
16 	 106 	 Ex 	 2 	 -7.303472e-11 	 2.861588e-11
16 	 107 	 Ex 	 2 	 -9.901063e-11 	 3.548375e-11
16 	 108 	 Ex 	 2 	 -1.286598e-10 	 4.224119e-11
16 	 109 	 Ex 	 2 	 -1.580522e-10 	 4.812841e-11
16 	 110 	 Ex 	 2 	 -1.811161e-10 	 5.232099e-11
16 	 111 	 Ex 	 2 	 -2.039722e-10 	 5.408212e-11
16 	 112 	 Ex 	 2 	 -1.864603e-10 	 5.324910e-11
16 	 113 	 Ex 	 2 	 1.226078e-12 	 8.451428e-14
16 	 114 	 Ex 	 2 	 2.353315e-13 	 1.013001e-12
16 	 115 	 Ex 	 2 	 -1.196996e-12 	 2.445820e-12
16 	 116 	 Ex 	 2 	 -3.382833e-12 	 4.507749e-12
16 	 117 	 Ex 	 2 	 -6.686502e-12 	 7.389896e-12
16 	 118 	 Ex 	 2 	 -1.161154e-11 	 1.134314e-11
16 	 119 	 Ex 	 2 	 -1.913281e-11 	 1.654824e-11
16 	 120 	 Ex 	 2 	 -3.062821e-11 	 2.317983e-11
16 	 121 	 Ex 	 2 	 -4.799409e-11 	 3.133027e-11
16 	 122 	 Ex 	 2 	 -7.343744e-11 	 4.089534e-11
16 	 123 	 Ex 	 2 	 -1.086966e-10 	 5.146450e-11
16 	 124 	 Ex 	 2 	 -1.531581e-10 	 6.217710e-11
16 	 125 	 Ex 	 2 	 -2.013534e-10 	 7.178144e-11
16 	 126 	 Ex 	 2 	 -2.418499e-10 	 7.875469e-11
16 	 127 	 Ex 	 2 	 -2.768292e-10 	 8.172655e-11
16 	 128 	 Ex 	 2 	 -2.515699e-10 	 8.023265e-11
16 	 129 	 Ex 	 2 	 3.402612e-12 	 4.536032e-13
16 	 130 	 Ex 	 2 	 3.075202e-12 	 1.651216e-12
16 	 131 	 Ex 	 2 	 2.496187e-12 	 3.469614e-12
16 	 132 	 Ex 	 2 	 1.531779e-12 	 6.141111e-12
16 	 133 	 Ex 	 2 	 -1.816092e-13 	 9.907056e-12
16 	 134 	 Ex 	 2 	 -3.144757e-12 	 1.511421e-11
16 	 135 	 Ex 	 2 	 -8.329689e-12 	 2.214044e-11
16 	 136 	 Ex 	 2 	 -1.760623e-11 	 3.132259e-11
16 	 137 	 Ex 	 2 	 -3.405745e-11 	 4.292645e-11
16 	 138 	 Ex 	 2 	 -6.232942e-11 	 5.703224e-11
16 	 139 	 Ex 	 2 	 -1.080375e-10 	 7.321034e-11
16 	 140 	 Ex 	 2 	 -1.747654e-10 	 9.031000e-11
16 	 141 	 Ex 	 2 	 -2.571159e-10 	 1.062538e-10
16 	 142 	 Ex 	 2 	 -3.337968e-10 	 1.182400e-10
16 	 143 	 Ex 	 2 	 -3.932020e-10 	 1.234587e-10
16 	 144 	 Ex 	 2 	 -3.530066e-10 	 1.207641e-10
16 	 145 	 Ex 	 2 	 5.764247e-12 	 8.433135e-13
16 	 146 	 Ex 	 2 	 6.276854e-12 	 2.328080e-12
16 	 147 	 Ex 	 2 	 6.881921e-12 	 4.576976e-12
16 	 148 	 Ex 	 2 	 7.618669e-12 	 7.900024e-12
16 	 149 	 Ex 	 2 	 8.390561e-12 	 1.266242e-11
16 	 150 	 Ex 	 2 	 8.928926e-12 	 1.934119e-11
16 	 151 	 Ex 	 2 	 8.550775e-12 	 2.853886e-11
16 	 152 	 Ex 	 2 	 5.418363e-12 	 4.089816e-11
16 	 153 	 Ex 	 2 	 -4.412825e-12 	 5.707166e-11
16 	 154 	 Ex 	 2 	 -2.877970e-11 	 7.752071e-11
16 	 155 	 Ex 	 2 	 -8.093772e-11 	 1.021439e-10
16 	 156 	 Ex 	 2 	 -1.773022e-10 	 1.296746e-10
16 	 157 	 Ex 	 2 	 -3.228917e-10 	 1.568440e-10
16 	 158 	 Ex 	 2 	 -4.819413e-10 	 1.783191e-10
16 	 159 	 Ex 	 2 	 -5.987312e-10 	 1.880368e-10
16 	 160 	 Ex 	 2 	 -5.247012e-10 	 1.829999e-10
16 	 161 	 Ex 	 2 	 8.174209e-12 	 1.235019e-12
16 	 162 	 Ex 	 2 	 9.636965e-12 	 3.003033e-12
16 	 163 	 Ex 	 2 	 1.165010e-11 	 5.683893e-12
16 	 164 	 Ex 	 2 	 1.455472e-11 	 9.687020e-12
16 	 165 	 Ex 	 2 	 1.865436e-11 	 1.549028e-11
16 	 166 	 Ex 	 2 	 2.435050e-11 	 2.376760e-11
16 	 167 	 Ex 	 2 	 3.190533e-11 	 3.540481e-11
16 	 168 	 Ex 	 2 	 4.075262e-11 	 5.150635e-11
16 	 169 	 Ex 	 2 	 4.787365e-11 	 7.335939e-11
16 	 170 	 Ex 	 2 	 4.394557e-11 	 1.023256e-10
16 	 171 	 Ex 	 2 	 5.674592e-12 	 1.393623e-10
16 	 172 	 Ex 	 2 	 -1.134335e-10 	 1.839168e-10
16 	 173 	 Ex 	 2 	 -3.700202e-10 	 2.316950e-10
16 	 174 	 Ex 	 2 	 -7.367703e-10 	 2.726500e-10
16 	 175 	 Ex 	 2 	 -1.018212e-09 	 2.923060e-10
16 	 176 	 Ex 	 2 	 -8.487210e-10 	 2.820469e-10
16 	 177 	 Ex 	 2 	 1.041384e-11 	 1.590077e-12
16 	 178 	 Ex 	 2 	 1.284833e-11 	 3.619968e-12
16 	 179 	 Ex 	 2 	 1.637287e-11 	 6.713355e-12
16 	 180 	 Ex 	 2 	 2.164064e-11 	 1.134336e-11
16 	 181 	 Ex 	 2 	 2.963468e-11 	 1.815675e-11
16 	 182 	 Ex 	 2 	 4.181896e-11 	 2.803547e-11
16 	 183 	 Ex 	 2 	 6.026390e-11 	 4.218408e-11
16 	 184 	 Ex 	 2 	 8.772878e-11 	 6.230127e-11
16 	 185 	 Ex 	 2 	 1.265460e-10 	 9.064765e-11
16 	 186 	 Ex 	 2 	 1.743540e-10 	 1.301891e-10
16 	 187 	 Ex 	 2 	 2.088897e-10 	 1.843992e-10
16 	 188 	 Ex 	 2 	 1.442165e-10 	 2.560792e-10
16 	 189 	 Ex 	 2 	 -2.426274e-10 	 3.430247e-10
16 	 190 	 Ex 	 2 	 -1.176859e-09 	 4.281328e-10
16 	 191 	 Ex 	 2 	 -2.079148e-09 	 4.735439e-10
16 	 192 	 Ex 	 2 	 -1.542571e-09 	 4.496247e-10
16 	 193 	 Ex 	 2 	 1.227867e-11 	 1.888766e-12
16 	 194 	 Ex 	 2 	 1.553759e-11 	 4.117262e-12
16 	 195 	 Ex 	 2 	 2.044422e-11 	 7.555501e-12
16 	 196 	 Ex 	 2 	 2.796786e-11 	 1.272533e-11
16 	 197 	 Ex 	 2 	 3.977112e-11 	 2.039027e-11
16 	 198 	 Ex 	 2 	 5.868855e-11 	 3.166504e-11
16 	 199 	 Ex 	 2 	 8.939280e-11 	 4.810169e-11
16 	 200 	 Ex 	 2 	 1.399885e-10 	 7.201391e-11
16 	 201 	 Ex 	 2 	 2.242464e-10 	 1.068591e-10
16 	 202 	 Ex 	 2 	 3.643895e-10 	 1.578923e-10
16 	 203 	 Ex 	 2 	 5.869248e-10 	 2.331832e-10
16 	 204 	 Ex 	 2 	 8.651201e-10 	 3.445178e-10
16 	 205 	 Ex 	 2 	 7.732449e-10 	 5.047446e-10
16 	 206 	 Ex 	 2 	 -1.518407e-09 	 7.032974e-10
16 	 207 	 Ex 	 2 	 -5.879782e-09 	 8.359620e-10
16 	 208 	 Ex 	 2 	 -3.092741e-09 	 7.635381e-10
16 	 209 	 Ex 	 2 	 1.351625e-11 	 2.085187e-12
16 	 210 	 Ex 	 2 	 1.737471e-11 	 4.456131e-12
16 	 211 	 Ex 	 2 	 2.327068e-11 	 8.126677e-12
16 	 212 	 Ex 	 2 	 3.245179e-11 	 1.366009e-11
16 	 213 	 Ex 	 2 	 4.720056e-11 	 2.193009e-11
16 	 214 	 Ex 	 2 	 7.151152e-11 	 3.419836e-11
16 	 215 	 Ex 	 2 	 1.125796e-10 	 5.229805e-11
16 	 216 	 Ex 	 2 	 1.842805e-10 	 7.908000e-11
16 	 217 	 Ex 	 2 	 3.148319e-10 	 1.190756e-10
16 	 218 	 Ex 	 2 	 5.658696e-10 	 1.799370e-10
16 	 219 	 Ex 	 2 	 1.083901e-09 	 2.754035e-10
16 	 220 	 Ex 	 2 	 2.242768e-09 	 4.325744e-10
16 	 221 	 Ex 	 2 	 4.876445e-09 	 7.098416e-10
16 	 222 	 Ex 	 2 	 6.155797e-09 	 1.221917e-09
16 	 223 	 Ex 	 2 	 -3.279021e-08 	 1.823233e-09
16 	 224 	 Ex 	 2 	 -2.876160e-10 	 1.453587e-09
16 	 225 	 Ex 	 2 	 1.390728e-11 	 2.175946e-12
16 	 226 	 Ex 	 2 	 1.794674e-11 	 4.589228e-12
16 	 227 	 Ex 	 2 	 2.423568e-11 	 8.363995e-12
16 	 228 	 Ex 	 2 	 3.407262e-11 	 1.404784e-11
16 	 229 	 Ex 	 2 	 5.001782e-11 	 2.255991e-11
16 	 230 	 Ex 	 2 	 7.667414e-11 	 3.525472e-11
16 	 231 	 Ex 	 2 	 1.224618e-10 	 5.408291e-11
16 	 232 	 Ex 	 2 	 2.042980e-10 	 8.212740e-11
16 	 233 	 Ex 	 2 	 3.587063e-10 	 1.244825e-10
16 	 234 	 Ex 	 2 	 6.732460e-10 	 1.900406e-10
16 	 235 	 Ex 	 2 	 1.391560e-09 	 2.959762e-10
16 	 236 	 Ex 	 2 	 3.360575e-09 	 4.805667e-10
16 	 237 	 Ex 	 2 	 1.080337e-08 	 8.516480e-10
16 	 238 	 Ex 	 2 	 6.623218e-08 	 1.878552e-09
16 	 239 	 Ex 	 2 	 -2.623504e-06 	 1.321254e-08
16 	 240 	 Ex 	 2 	 8.878595e-08 	 2.738310e-09
16 	 241 	 Ex 	 2 	 1.362931e-11 	 2.143944e-12
16 	 242 	 Ex 	 2 	 1.751174e-11 	 4.522932e-12
16 	 243 	 Ex 	 2 	 2.353735e-11 	 8.235914e-12
16 	 244 	 Ex 	 2 	 3.298273e-11 	 1.384139e-11
16 	 245 	 Ex 	 2 	 4.821989e-11 	 2.221003e-11
16 	 246 	 Ex 	 2 	 7.357448e-11 	 3.466869e-11
16 	 247 	 Ex 	 2 	 1.168658e-10 	 5.311366e-11
16 	 248 	 Ex 	 2 	 1.934271e-10 	 8.049407e-11
16 	 249 	 Ex 	 2 	 3.354276e-10 	 1.216151e-10
16 	 250 	 Ex 	 2 	 6.166077e-10 	 1.847349e-10
16 	 251 	 Ex 	 2 	 1.227119e-09 	 2.851883e-10
16 	 252 	 Ex 	 2 	 2.738411e-09 	 4.551658e-10
16 	 253 	 Ex 	 2 	 7.169339e-09 	 7.735722e-10
16 	 254 	 Ex 	 2 	 1.926610e-08 	 1.465690e-09
16 	 255 	 Ex 	 2 	 -8.221142e-08 	 2.642561e-09
16 	 256 	 Ex 	 2 	 1.724995e-08 	 1.855469e-09
16 	 1 	 Ey 	 1 	 1.059646e-11 	 -2.343738e-13
16 	 2 	 Ey 	 1 	 1.163992e-11 	 -1.154638e-13
16 	 3 	 Ey 	 1 	 1.254221e-11 	 -9.999302e-13
16 	 4 	 Ey 	 1 	 1.370271e-11 	 -2.475109e-13
16 	 5 	 Ey 	 1 	 1.456851e-11 	 -9.891754e-13
16 	 6 	 Ey 	 1 	 1.543545e-11 	 -6.823103e-13
16 	 7 	 Ey 	 1 	 1.601424e-11 	 -4.804368e-13
16 	 8 	 Ey 	 1 	 1.623013e-11 	 -4.839746e-14
16 	 9 	 Ey 	 1 	 1.571004e-11 	 -8.359223e-13
16 	 10 	 Ey 	 1 	 1.460262e-11 	 -1.015087e-12
16 	 11 	 Ey 	 1 	 1.285201e-11 	 -4.716148e-13
16 	 12 	 Ey 	 1 	 1.030439e-11 	 2.256053e-13
16 	 13 	 Ey 	 1 	 6.988994e-12 	 8.602835e-13
16 	 14 	 Ey 	 1 	 2.974327e-12 	 9.020449e-13
16 	 15 	 Ey 	 1 	 -1.766443e-12 	 1.580905e-12
16 	 16 	 Ey 	 1 	 -5.818754e-12 	 1.466526e-12
16 	 17 	 Ey 	 1 	 1.200801e-11 	 5.002269e-13
16 	 18 	 Ey 	 1 	 1.283649e-11 	 -2.252175e-12
16 	 19 	 Ey 	 1 	 1.469459e-11 	 3.035655e-13
16 	 20 	 Ey 	 1 	 1.620502e-11 	 5.903268e-13
16 	 21 	 Ey 	 1 	 1.734853e-11 	 -1.067533e-12
16 	 22 	 Ey 	 1 	 1.871047e-11 	 -7.295244e-13
16 	 23 	 Ey 	 1 	 1.983236e-11 	 -1.660565e-13
16 	 24 	 Ey 	 1 	 2.044427e-11 	 1.335459e-13
16 	 25 	 Ey 	 1 	 2.041200e-11 	 5.673767e-13
16 	 26 	 Ey 	 1 	 1.926758e-11 	 -2.216121e-13
16 	 27 	 Ey 	 1 	 1.714270e-11 	 -5.227448e-13
16 	 28 	 Ey 	 1 	 1.386582e-11 	 -7.398981e-13
16 	 29 	 Ey 	 1 	 9.491310e-12 	 -7.567763e-13
16 	 30 	 Ey 	 1 	 4.284505e-12 	 -3.876724e-13
16 	 31 	 Ey 	 1 	 -2.206802e-12 	 -8.271340e-13
16 	 32 	 Ey 	 1 	 -7.545435e-12 	 -3.789712e-13
16 	 33 	 Ey 	 1 	 1.299645e-11 	 -1.326492e-12
16 	 34 	 Ey 	 1 	 1.507673e-11 	 1.086404e-12
16 	 35 	 Ey 	 1 	 1.663162e-11 	 -6.537979e-13
16 	 36 	 Ey 	 1 	 1.842044e-11 	 -1.836468e-12
16 	 37 	 Ey 	 1 	 2.088569e-11 	 5.882942e-13
16 	 38 	 Ey 	 1 	 2.282129e-11 	 3.066351e-13
16 	 39 	 Ey 	 1 	 2.440800e-11 	 -5.878824e-13
16 	 40 	 Ey 	 1 	 2.550022e-11 	 -1.528598e-12
16 	 41 	 Ey 	 1 	 2.599170e-11 	 -1.081864e-12
16 	 42 	 Ey 	 1 	 2.548419e-11 	 2.503155e-13
16 	 43 	 Ey 	 1 	 2.328094e-11 	 3.361103e-13
16 	 44 	 Ey 	 1 	 1.934259e-11 	 1.649185e-13
16 	 45 	 Ey 	 1 	 1.363370e-11 	 -3.240164e-13
16 	 46 	 Ey 	 1 	 6.533724e-12 	 -5.559888e-13
16 	 47 	 Ey 	 1 	 -2.119775e-12 	 -5.264852e-13
16 	 48 	 Ey 	 1 	 -9.547640e-12 	 -5.630638e-13
16 	 49 	 Ey 	 1 	 1.447965e-11 	 -2.838285e-13
16 	 50 	 Ey 	 1 	 1.662256e-11 	 1.757884e-14
16 	 51 	 Ey 	 1 	 1.885421e-11 	 -8.148599e-13
16 	 52 	 Ey 	 1 	 2.167064e-11 	 1.224001e-13
16 	 53 	 Ey 	 1 	 2.438497e-11 	 -7.274655e-13
16 	 54 	 Ey 	 1 	 2.733258e-11 	 -6.678308e-13
16 	 55 	 Ey 	 1 	 3.015403e-11 	 -5.342616e-13
16 	 56 	 Ey 	 1 	 3.262281e-11 	 3.839466e-13
16 	 57 	 Ey 	 1 	 3.394273e-11 	 -9.471425e-14
16 	 58 	 Ey 	 1 	 3.375155e-11 	 -6.732423e-13
16 	 59 	 Ey 	 1 	 3.166327e-11 	 -3.329939e-13
16 	 60 	 Ey 	 1 	 2.708805e-11 	 1.451674e-13
16 	 61 	 Ey 	 1 	 1.992931e-11 	 9.879534e-13
16 	 62 	 Ey 	 1 	 1.033255e-11 	 1.045160e-12
16 	 63 	 Ey 	 1 	 -1.526164e-12 	 1.678690e-12
16 	 64 	 Ey 	 1 	 -1.199727e-11 	 1.649288e-12
16 	 65 	 Ey 	 1 	 1.582644e-11 	 3.530180e-13
16 	 66 	 Ey 	 1 	 1.802286e-11 	 -1.731255e-12
16 	 67 	 Ey 	 1 	 2.138184e-11 	 4.240052e-13
16 	 68 	 Ey 	 1 	 2.484410e-11 	 3.619724e-13
16 	 69 	 Ey 	 1 	 2.857435e-11 	 -6.231393e-13
16 	 70 	 Ey 	 1 	 3.272109e-11 	 -1.119213e-12
16 	 71 	 Ey 	 1 	 3.728006e-11 	 2.274830e-13
16 	 72 	 Ey 	 1 	 4.131296e-11 	 2.652523e-13
16 	 73 	 Ey 	 1 	 4.440280e-11 	 4.661890e-13
16 	 74 	 Ey 	 1 	 4.556392e-11 	 -2.801046e-14
16 	 75 	 Ey 	 1 	 4.389796e-11 	 -4.842911e-13
16 	 76 	 Ey 	 1 	 3.853484e-11 	 -6.256646e-13
16 	 77 	 Ey 	 1 	 2.901757e-11 	 -4.367946e-13
16 	 78 	 Ey 	 1 	 1.569437e-11 	 -4.400356e-14
16 	 79 	 Ey 	 1 	 -1.386416e-12 	 -1.143077e-13
16 	 80 	 Ey 	 1 	 -1.652496e-11 	 1.312008e-13
16 	 81 	 Ey 	 1 	 1.684720e-11 	 -5.817720e-14
16 	 82 	 Ey 	 1 	 1.989556e-11 	 -1.701059e-14
16 	 83 	 Ey 	 1 	 2.351678e-11 	 -4.621587e-13
16 	 84 	 Ey 	 1 	 2.795139e-11 	 -4.258558e-13
16 	 85 	 Ey 	 1 	 3.315604e-11 	 -3.300369e-13
16 	 86 	 Ey 	 1 	 3.925345e-11 	 5.051630e-13
16 	 87 	 Ey 	 1 	 4.557717e-11 	 -4.208501e-13
16 	 88 	 Ey 	 1 	 5.218322e-11 	 -4.606311e-13
16 	 89 	 Ey 	 1 	 5.802839e-11 	 -6.486343e-13
16 	 90 	 Ey 	 1 	 6.191046e-11 	 -2.252306e-13
16 	 91 	 Ey 	 1 	 6.202201e-11 	 1.396767e-13
16 	 92 	 Ey 	 1 	 5.645652e-11 	 2.033957e-13
16 	 93 	 Ey 	 1 	 4.387340e-11 	 -5.492633e-13
16 	 94 	 Ey 	 1 	 2.468822e-11 	 -6.883906e-13
16 	 95 	 Ey 	 1 	 -6.557753e-13 	 -1.167028e-12
16 	 96 	 Ey 	 1 	 -2.358371e-11 	 -1.172456e-12
16 	 97 	 Ey 	 1 	 1.749192e-11 	 -1.084241e-12
16 	 98 	 Ey 	 1 	 2.135814e-11 	 7.635503e-13
16 	 99 	 Ey 	 1 	 2.563258e-11 	 -1.420569e-13
16 	 100 	 Ey 	 1 	 3.090819e-11 	 -1.448286e-12
16 	 101 	 Ey 	 1 	 3.794863e-11 	 3.466978e-13
16 	 102 	 Ey 	 1 	 4.606392e-11 	 3.545879e-13
16 	 103 	 Ey 	 1 	 5.544075e-11 	 -1.774326e-14
16 	 104 	 Ey 	 1 	 6.568935e-11 	 -1.127180e-12
16 	 105 	 Ey 	 1 	 7.622838e-11 	 -7.826036e-13
16 	 106 	 Ey 	 1 	 8.507794e-11 	 3.253931e-13
16 	 107 	 Ey 	 1 	 8.907557e-11 	 5.095085e-13
16 	 108 	 Ey 	 1 	 8.466559e-11 	 5.023491e-13
16 	 109 	 Ey 	 1 	 6.868230e-11 	 3.906490e-13
16 	 110 	 Ey 	 1 	 4.042270e-11 	 1.149501e-13
16 	 111 	 Ey 	 1 	 1.322218e-12 	 1.299252e-13
16 	 112 	 Ey 	 1 	 -3.499408e-11 	 -8.965045e-14
16 	 113 	 Ey 	 1 	 1.807314e-11 	 -2.394691e-13
16 	 114 	 Ey 	 1 	 2.211661e-11 	 4.598378e-14
16 	 115 	 Ey 	 1 	 2.716026e-11 	 -4.726665e-13
16 	 116 	 Ey 	 1 	 3.386622e-11 	 2.179571e-13
16 	 117 	 Ey 	 1 	 4.222877e-11 	 -2.933497e-13
16 	 118 	 Ey 	 1 	 5.294857e-11 	 -2.524160e-13
16 	 119 	 Ey 	 1 	 6.622276e-11 	 -3.366616e-13
16 	 120 	 Ey 	 1 	 8.225241e-11 	 3.518166e-13
16 	 121 	 Ey 	 1 	 1.000826e-10 	 6.757024e-13
16 	 122 	 Ey 	 1 	 1.174134e-10 	 1.297604e-13
16 	 123 	 Ey 	 1 	 1.300022e-10 	 2.140558e-13
16 	 124 	 Ey 	 1 	 1.307348e-10 	 5.168692e-13
16 	 125 	 Ey 	 1 	 1.117898e-10 	 1.173398e-12
16 	 126 	 Ey 	 1 	 6.903080e-11 	 1.045806e-12
16 	 127 	 Ey 	 1 	 5.018874e-12 	 1.187011e-12
16 	 128 	 Ey 	 1 	 -5.596975e-11 	 9.688688e-13
16 	 129 	 Ey 	 1 	 1.808657e-11 	 2.528346e-13
16 	 130 	 Ey 	 1 	 2.230034e-11 	 -3.103774e-13
16 	 131 	 Ey 	 1 	 2.799244e-11 	 -3.307751e-13
16 	 132 	 Ey 	 1 	 3.572884e-11 	 4.871065e-13
16 	 133 	 Ey 	 1 	 4.577279e-11 	 9.686018e-15
16 	 134 	 Ey 	 1 	 5.918718e-11 	 -7.045239e-13
16 	 135 	 Ey 	 1 	 7.719028e-11 	 -1.525894e-13
16 	 136 	 Ey 	 1 	 1.005898e-10 	 9.071251e-13
16 	 137 	 Ey 	 1 	 1.293546e-10 	 7.317087e-13
16 	 138 	 Ey 	 1 	 1.620273e-10 	 5.908382e-13
16 	 139 	 Ey 	 1 	 1.926670e-10 	 6.658898e-13
16 	 140 	 Ey 	 1 	 2.085790e-10 	 6.225466e-13
16 	 141 	 Ey 	 1 	 1.910083e-10 	 6.899799e-13
16 	 142 	 Ey 	 1 	 1.249288e-10 	 5.367703e-13
16 	 143 	 Ey 	 1 	 1.233221e-11 	 3.109555e-13
16 	 144 	 Ey 	 1 	 -9.826323e-11 	 3.810755e-14
16 	 145 	 Ey 	 1 	 1.738023e-11 	 3.986856e-13
16 	 146 	 Ey 	 1 	 2.158447e-11 	 -8.462465e-13
16 	 147 	 Ey 	 1 	 2.777273e-11 	 2.130414e-13
16 	 148 	 Ey 	 1 	 3.607170e-11 	 3.997109e-13
16 	 149 	 Ey 	 1 	 4.750022e-11 	 -2.770609e-14
16 	 150 	 Ey 	 1 	 6.353566e-11 	 -6.736614e-13
16 	 151 	 Ey 	 1 	 8.648832e-11 	 4.142430e-13
16 	 152 	 Ey 	 1 	 1.185262e-10 	 6.697218e-13
16 	 153 	 Ey 	 1 	 1.626273e-10 	 9.081482e-13
16 	 154 	 Ey 	 1 	 2.202147e-10 	 9.589530e-13
16 	 155 	 Ey 	 1 	 2.869193e-10 	 9.345062e-13
16 	 156 	 Ey 	 1 	 3.435003e-10 	 8.850855e-13
16 	 157 	 Ey 	 1 	 3.475208e-10 	 9.719151e-13
16 	 158 	 Ey 	 1 	 2.468126e-10 	 8.504806e-13
16 	 159 	 Ey 	 1 	 2.991597e-11 	 -4.121633e-14
16 	 160 	 Ey 	 1 	 -1.921834e-10 	 -7.383405e-13
16 	 161 	 Ey 	 1 	 1.591338e-11 	 4.237925e-13
16 	 162 	 Ey 	 1 	 1.999228e-11 	 -5.038256e-13
16 	 163 	 Ey 	 1 	 2.601661e-11 	 1.240347e-13
16 	 164 	 Ey 	 1 	 3.439891e-11 	 1.322391e-13
16 	 165 	 Ey 	 1 	 4.645052e-11 	 -1.156689e-13
16 	 166 	 Ey 	 1 	 6.431843e-11 	 2.518957e-13
16 	 167 	 Ey 	 1 	 9.105099e-11 	 3.645161e-13
16 	 168 	 Ey 	 1 	 1.316638e-10 	 2.522476e-13
16 	 169 	 Ey 	 1 	 1.939058e-10 	 7.803616e-13
16 	 170 	 Ey 	 1 	 2.876022e-10 	 1.166115e-12
16 	 171 	 Ey 	 1 	 4.203399e-10 	 1.501054e-12
16 	 172 	 Ey 	 1 	 5.778922e-10 	 2.153394e-12
16 	 173 	 Ey 	 1 	 6.791154e-10 	 2.355393e-12
16 	 174 	 Ey 	 1 	 5.499355e-10 	 1.860483e-12
16 	 175 	 Ey 	 1 	 7.910281e-11 	 -3.279639e-13
16 	 176 	 Ey 	 1 	 -4.347249e-10 	 -2.517123e-12
16 	 177 	 Ey 	 1 	 1.363647e-11 	 2.744808e-13
16 	 178 	 Ey 	 1 	 1.727458e-11 	 -2.495607e-13
16 	 179 	 Ey 	 1 	 2.262605e-11 	 8.283668e-14
16 	 180 	 Ey 	 1 	 3.036344e-11 	 3.362018e-13
16 	 181 	 Ey 	 1 	 4.174474e-11 	 -1.683400e-13
16 	 182 	 Ey 	 1 	 5.944778e-11 	 3.412695e-13
16 	 183 	 Ey 	 1 	 8.736600e-11 	 3.580930e-13
16 	 184 	 Ey 	 1 	 1.331569e-10 	 6.131453e-13
16 	 185 	 Ey 	 1 	 2.106131e-10 	 9.605606e-13
16 	 186 	 Ey 	 1 	 3.449752e-10 	 1.169890e-12
16 	 187 	 Ey 	 1 	 5.787272e-10 	 2.281841e-12
16 	 188 	 Ey 	 1 	 9.583235e-10 	 3.942081e-12
16 	 189 	 Ey 	 1 	 1.420124e-09 	 5.980241e-12
16 	 190 	 Ey 	 1 	 1.451388e-09 	 6.041502e-12
16 	 191 	 Ey 	 1 	 2.555182e-10 	 7.386326e-13
16 	 192 	 Ey 	 1 	 -1.208948e-09 	 -5.502187e-12
16 	 193 	 Ey 	 1 	 1.061844e-11 	 -2.741847e-14
16 	 194 	 Ey 	 1 	 1.354123e-11 	 3.478224e-13
16 	 195 	 Ey 	 1 	 1.760363e-11 	 5.293947e-14
16 	 196 	 Ey 	 1 	 2.366773e-11 	 -5.858940e-14
16 	 197 	 Ey 	 1 	 3.298488e-11 	 8.818408e-14
16 	 198 	 Ey 	 1 	 4.782928e-11 	 6.007747e-13
16 	 199 	 Ey 	 1 	 7.224903e-11 	 3.234182e-13
16 	 200 	 Ey 	 1 	 1.149358e-10 	 4.187287e-13
16 	 201 	 Ey 	 1 	 1.938669e-10 	 5.308679e-13
16 	 202 	 Ey 	 1 	 3.499563e-10 	 1.260543e-12
16 	 203 	 Ey 	 1 	 6.809612e-10 	 2.924576e-12
16 	 204 	 Ey 	 1 	 1.421232e-09 	 6.326437e-12
16 	 205 	 Ey 	 1 	 2.994985e-09 	 1.286326e-11
16 	 206 	 Ey 	 1 	 4.822225e-09 	 2.027820e-11
16 	 207 	 Ey 	 1 	 1.223588e-09 	 5.026733e-12
16 	 208 	 Ey 	 1 	 -4.603816e-09 	 -1.971448e-11
16 	 209 	 Ey 	 1 	 7.167959e-12 	 2.699987e-13
16 	 210 	 Ey 	 1 	 8.846838e-12 	 1.444993e-13
16 	 211 	 Ey 	 1 	 1.128015e-11 	 9.744293e-14
16 	 212 	 Ey 	 1 	 1.493496e-11 	 3.039677e-13
16 	 213 	 Ey 	 1 	 2.054235e-11 	 3.436910e-13
16 	 214 	 Ey 	 1 	 2.962251e-11 	 3.776651e-13
16 	 215 	 Ey 	 1 	 4.510285e-11 	 2.717599e-13
16 	 216 	 Ey 	 1 	 7.337014e-11 	 4.875997e-13
16 	 217 	 Ey 	 1 	 1.290685e-10 	 7.282933e-13
16 	 218 	 Ey 	 1 	 2.505585e-10 	 1.267904e-12
16 	 219 	 Ey 	 1 	 5.532280e-10 	 2.632694e-12
16 	 220 	 Ey 	 1 	 1.454385e-09 	 6.381218e-12
16 	 221 	 Ey 	 1 	 4.826990e-09 	 2.034287e-11
16 	 222 	 Ey 	 1 	 1.930611e-08 	 7.996027e-11
16 	 223 	 Ey 	 1 	 1.478355e-08 	 6.024373e-11
16 	 224 	 Ey 	 1 	 -2.780045e-08 	 -1.152154e-10
16 	 225 	 Ey 	 1 	 1.315604e-11 	 1.261723e-13
16 	 226 	 Ey 	 1 	 1.504704e-11 	 2.758191e-13
16 	 227 	 Ey 	 1 	 1.743700e-11 	 4.225686e-13
16 	 228 	 Ey 	 1 	 2.050500e-11 	 4.439736e-13
16 	 229 	 Ey 	 1 	 2.459046e-11 	 3.020535e-13
16 	 230 	 Ey 	 1 	 3.032868e-11 	 3.443753e-13
16 	 231 	 Ey 	 1 	 3.877174e-11 	 6.055634e-13
16 	 232 	 Ey 	 1 	 5.194184e-11 	 7.172477e-13
16 	 233 	 Ey 	 1 	 7.424597e-11 	 7.197045e-13
16 	 234 	 Ey 	 1 	 1.167310e-10 	 7.161884e-13
16 	 235 	 Ey 	 1 	 2.119845e-10 	 1.118911e-12
16 	 236 	 Ey 	 1 	 4.871012e-10 	 2.273599e-12
16 	 237 	 Ey 	 1 	 1.722273e-09 	 7.679352e-12
16 	 238 	 Ey 	 1 	 1.570381e-08 	 6.512201e-11
16 	 239 	 Ey 	 1 	 4.525709e-06 	 1.815258e-08
16 	 240 	 Ey 	 1 	 -4.036384e-08 	 -1.650151e-10
16 	 241 	 Ey 	 1 	 -6.857161e-13 	 3.296530e-13
16 	 242 	 Ey 	 1 	 -1.710945e-12 	 4.318161e-13
16 	 243 	 Ey 	 1 	 -3.333418e-12 	 3.267342e-13
16 	 244 	 Ey 	 1 	 -5.852910e-12 	 2.698833e-13
16 	 245 	 Ey 	 1 	 -9.849416e-12 	 5.357184e-13
16 	 246 	 Ey 	 1 	 -1.654566e-11 	 5.454899e-13
16 	 247 	 Ey 	 1 	 -2.818869e-11 	 3.659980e-13
16 	 248 	 Ey 	 1 	 -4.960300e-11 	 1.346707e-13
16 	 249 	 Ey 	 1 	 -9.224797e-11 	 2.162857e-14
16 	 250 	 Ey 	 1 	 -1.869024e-10 	 -2.331507e-13
16 	 251 	 Ey 	 1 	 -4.308047e-10 	 -1.429696e-12
16 	 252 	 Ey 	 1 	 -1.207930e-09 	 -4.795079e-12
16 	 253 	 Ey 	 1 	 -4.614543e-09 	 -1.928162e-11
16 	 254 	 Ey 	 1 	 -2.786946e-08 	 -1.149609e-10
16 	 255 	 Ey 	 1 	 -2.297995e-08 	 -9.639361e-11
16 	 256 	 Ey 	 1 	 5.403269e-08 	 2.214221e-10
16 	 1 	 Ey 	 2 	 1.111261e-11 	 -1.737302e-14
16 	 2 	 Ey 	 2 	 1.221945e-11 	 -8.401494e-14
16 	 3 	 Ey 	 2 	 1.335149e-11 	 -1.533079e-13
16 	 4 	 Ey 	 2 	 1.448416e-11 	 -2.163229e-13
16 	 5 	 Ey 	 2 	 1.552411e-11 	 -2.840526e-13
16 	 6 	 Ey 	 2 	 1.640388e-11 	 -3.480882e-13
16 	 7 	 Ey 	 2 	 1.699849e-11 	 -4.120016e-13
16 	 8 	 Ey 	 2 	 1.718042e-11 	 -4.768104e-13
16 	 9 	 Ey 	 2 	 1.679288e-11 	 -5.478278e-13
16 	 10 	 Ey 	 2 	 1.571923e-11 	 -6.202458e-13
16 	 11 	 Ey 	 2 	 1.386013e-11 	 -6.926454e-13
16 	 12 	 Ey 	 2 	 1.117332e-11 	 -7.698700e-13
16 	 13 	 Ey 	 2 	 7.707861e-12 	 -8.521430e-13
16 	 14 	 Ey 	 2 	 3.609379e-12 	 -9.420313e-13
16 	 15 	 Ey 	 2 	 -1.316499e-12 	 -1.035263e-12
16 	 16 	 Ey 	 2 	 -5.443806e-12 	 -1.133583e-12
16 	 17 	 Ey 	 2 	 1.235340e-11 	 3.914713e-14
16 	 18 	 Ey 	 2 	 1.373880e-11 	 -4.194952e-14
16 	 19 	 Ey 	 2 	 1.526168e-11 	 -9.953430e-14
16 	 20 	 Ey 	 2 	 1.680642e-11 	 -1.666363e-13
16 	 21 	 Ey 	 2 	 1.830150e-11 	 -2.423012e-13
16 	 22 	 Ey 	 2 	 1.967227e-11 	 -3.099034e-13
16 	 23 	 Ey 	 2 	 2.075539e-11 	 -3.788898e-13
16 	 24 	 Ey 	 2 	 2.135955e-11 	 -4.515649e-13
16 	 25 	 Ey 	 2 	 2.127461e-11 	 -5.257764e-13
16 	 26 	 Ey 	 2 	 2.027142e-11 	 -6.103585e-13
16 	 27 	 Ey 	 2 	 1.818385e-11 	 -6.977804e-13
16 	 28 	 Ey 	 2 	 1.491213e-11 	 -7.924674e-13
16 	 29 	 Ey 	 2 	 1.049693e-11 	 -8.946099e-13
16 	 30 	 Ey 	 2 	 5.141828e-12 	 -1.001894e-12
16 	 31 	 Ey 	 2 	 -1.358890e-12 	 -1.120983e-12
16 	 32 	 Ey 	 2 	 -6.872768e-12 	 -1.240463e-12
16 	 33 	 Ey 	 2 	 1.361445e-11 	 8.037558e-14
16 	 34 	 Ey 	 2 	 1.540717e-11 	 1.899589e-14
16 	 35 	 Ey 	 2 	 1.733613e-11 	 -5.881912e-14
16 	 36 	 Ey 	 2 	 1.940170e-11 	 -1.334512e-13
16 	 37 	 Ey 	 2 	 2.155340e-11 	 -1.947408e-13
16 	 38 	 Ey 	 2 	 2.361081e-11 	 -2.696943e-13
16 	 39 	 Ey 	 2 	 2.540393e-11 	 -3.494153e-13
16 	 40 	 Ey 	 2 	 2.668410e-11 	 -4.313201e-13
16 	 41 	 Ey 	 2 	 2.714641e-11 	 -5.130170e-13
16 	 42 	 Ey 	 2 	 2.643576e-11 	 -5.968417e-13
16 	 43 	 Ey 	 2 	 2.420800e-11 	 -6.935631e-13
16 	 44 	 Ey 	 2 	 2.025971e-11 	 -7.994515e-13
16 	 45 	 Ey 	 2 	 1.458116e-11 	 -9.190681e-13
16 	 46 	 Ey 	 2 	 7.445738e-12 	 -1.048351e-12
16 	 47 	 Ey 	 2 	 -1.296334e-12 	 -1.186562e-12
16 	 48 	 Ey 	 2 	 -8.839807e-12 	 -1.332228e-12
16 	 49 	 Ey 	 2 	 1.490076e-11 	 1.323186e-13
16 	 50 	 Ey 	 2 	 1.709383e-11 	 6.114811e-14
16 	 51 	 Ey 	 2 	 1.956503e-11 	 -1.430649e-14
16 	 52 	 Ey 	 2 	 2.232043e-11 	 -8.129574e-14
16 	 53 	 Ey 	 2 	 2.526057e-11 	 -1.592715e-13
16 	 54 	 Ey 	 2 	 2.827722e-11 	 -2.359659e-13
16 	 55 	 Ey 	 2 	 3.114635e-11 	 -3.129210e-13
16 	 56 	 Ey 	 2 	 3.353257e-11 	 -3.925648e-13
16 	 57 	 Ey 	 2 	 3.495976e-11 	 -4.818528e-13
16 	 58 	 Ey 	 2 	 3.487695e-11 	 -5.809550e-13
16 	 59 	 Ey 	 2 	 3.272237e-11 	 -6.838637e-13
16 	 60 	 Ey 	 2 	 2.803610e-11 	 -7.989862e-13
16 	 61 	 Ey 	 2 	 2.068310e-11 	 -9.274591e-13
16 	 62 	 Ey 	 2 	 1.098983e-11 	 -1.072743e-12
16 	 63 	 Ey 	 2 	 -1.075844e-12 	 -1.231079e-12
16 	 64 	 Ey 	 2 	 -1.166200e-11 	 -1.402174e-12
16 	 65 	 Ey 	 2 	 1.611837e-11 	 1.818445e-13
16 	 66 	 Ey 	 2 	 1.875909e-11 	 1.013159e-13
16 	 67 	 Ey 	 2 	 2.188201e-11 	 3.698886e-14
16 	 68 	 Ey 	 2 	 2.544705e-11 	 -3.596458e-14
16 	 69 	 Ey 	 2 	 2.943287e-11 	 -1.159134e-13
16 	 70 	 Ey 	 2 	 3.374964e-11 	 -1.934701e-13
16 	 71 	 Ey 	 2 	 3.816724e-11 	 -2.687306e-13
16 	 72 	 Ey 	 2 	 4.224631e-11 	 -3.511461e-13
16 	 73 	 Ey 	 2 	 4.535354e-11 	 -4.406337e-13
16 	 74 	 Ey 	 2 	 4.661248e-11 	 -5.410610e-13
16 	 75 	 Ey 	 2 	 4.501333e-11 	 -6.531665e-13
16 	 76 	 Ey 	 2 	 3.964106e-11 	 -7.811511e-13
16 	 77 	 Ey 	 2 	 3.003180e-11 	 -9.273589e-13
16 	 78 	 Ey 	 2 	 1.654513e-11 	 -1.091286e-12
16 	 79 	 Ey 	 2 	 -6.477526e-13 	 -1.277840e-12
16 	 80 	 Ey 	 2 	 -1.597922e-11 	 -1.475491e-12
16 	 81 	 Ey 	 2 	 1.717472e-11 	 2.282501e-13
16 	 82 	 Ey 	 2 	 2.033437e-11 	 1.574877e-13
16 	 83 	 Ey 	 2 	 2.413328e-11 	 8.306066e-14
16 	 84 	 Ey 	 2 	 2.866199e-11 	 1.046965e-14
16 	 85 	 Ey 	 2 	 3.396196e-11 	 -6.316674e-14
16 	 86 	 Ey 	 2 	 4.001396e-11 	 -1.336327e-13
16 	 87 	 Ey 	 2 	 4.658231e-11 	 -2.180185e-13
16 	 88 	 Ey 	 2 	 5.325226e-11 	 -2.988528e-13
16 	 89 	 Ey 	 2 	 5.917552e-11 	 -3.865353e-13
16 	 90 	 Ey 	 2 	 6.303697e-11 	 -4.830450e-13
16 	 91 	 Ey 	 2 	 6.308988e-11 	 -5.941992e-13
16 	 92 	 Ey 	 2 	 5.747933e-11 	 -7.286495e-13
16 	 93 	 Ey 	 2 	 4.493435e-11 	 -8.919236e-13
16 	 94 	 Ey 	 2 	 2.564944e-11 	 -1.081333e-12
16 	 95 	 Ey 	 2 	 2.356373e-13 	 -1.298257e-12
16 	 96 	 Ey 	 2 	 -2.286292e-11 	 -1.532436e-12
16 	 97 	 Ey 	 2 	 1.796456e-11 	 2.742991e-13
16 	 98 	 Ey 	 2 	 2.163634e-11 	 2.132088e-13
16 	 99 	 Ey 	 2 	 2.616616e-11 	 1.402146e-13
16 	 100 	 Ey 	 2 	 3.175914e-11 	 6.581341e-14
16 	 101 	 Ey 	 2 	 3.862260e-11 	 1.299827e-15
16 	 102 	 Ey 	 2 	 4.683755e-11 	 -7.135771e-14
16 	 103 	 Ey 	 2 	 5.637512e-11 	 -1.452783e-13
16 	 104 	 Ey 	 2 	 6.690243e-11 	 -2.296158e-13
16 	 105 	 Ey 	 2 	 7.744510e-11 	 -3.062737e-13
16 	 106 	 Ey 	 2 	 8.616347e-11 	 -3.916997e-13
16 	 107 	 Ey 	 2 	 9.014531e-11 	 -4.996643e-13
16 	 108 	 Ey 	 2 	 8.571265e-11 	 -6.385047e-13
16 	 109 	 Ey 	 2 	 6.966142e-11 	 -8.155296e-13
16 	 110 	 Ey 	 2 	 4.128986e-11 	 -1.032963e-12
16 	 111 	 Ey 	 2 	 1.984769e-12 	 -1.286873e-12
16 	 112 	 Ey 	 2 	 -3.450853e-11 	 -1.566310e-12
16 	 113 	 Ey 	 2 	 1.837894e-11 	 3.314926e-13
16 	 114 	 Ey 	 2 	 2.247745e-11 	 2.676192e-13
16 	 115 	 Ey 	 2 	 2.771324e-11 	 2.007584e-13
16 	 116 	 Ey 	 2 	 3.442699e-11 	 1.380688e-13
16 	 117 	 Ey 	 2 	 4.297916e-11 	 6.912670e-14
16 	 118 	 Ey 	 2 	 5.379699e-11 	 4.137495e-15
16 	 119 	 Ey 	 2 	 6.720275e-11 	 -6.270353e-14
16 	 120 	 Ey 	 2 	 8.321246e-11 	 -1.161927e-13
16 	 121 	 Ey 	 2 	 1.010914e-10 	 -1.815365e-13
16 	 122 	 Ey 	 2 	 1.185953e-10 	 -2.606129e-13
16 	 123 	 Ey 	 2 	 1.312263e-10 	 -3.624670e-13
16 	 124 	 Ey 	 2 	 1.318865e-10 	 -4.891208e-13
16 	 125 	 Ey 	 2 	 1.127415e-10 	 -6.800467e-13
16 	 126 	 Ey 	 2 	 6.981350e-11 	 -9.371293e-13
16 	 127 	 Ey 	 2 	 5.481121e-12 	 -1.244051e-12
16 	 128 	 Ey 	 2 	 -5.575681e-11 	 -1.592347e-12
16 	 129 	 Ey 	 2 	 1.826012e-11 	 3.925380e-13
16 	 130 	 Ey 	 2 	 2.266530e-11 	 3.314643e-13
16 	 131 	 Ey 	 2 	 2.847280e-11 	 2.720826e-13
16 	 132 	 Ey 	 2 	 3.617966e-11 	 2.166454e-13
16 	 133 	 Ey 	 2 	 4.642435e-11 	 1.542814e-13
16 	 134 	 Ey 	 2 	 6.006666e-11 	 9.559285e-14
16 	 135 	 Ey 	 2 	 7.810583e-11 	 4.583497e-14
16 	 136 	 Ey 	 2 	 1.014627e-10 	 2.010234e-15
16 	 137 	 Ey 	 2 	 1.303965e-10 	 -4.532943e-14
16 	 138 	 Ey 	 2 	 1.632140e-10 	 -8.538861e-14
16 	 139 	 Ey 	 2 	 1.939803e-10 	 -1.584373e-13
16 	 140 	 Ey 	 2 	 2.099205e-10 	 -2.589526e-13
16 	 141 	 Ey 	 2 	 1.922486e-10 	 -4.477468e-13
16 	 142 	 Ey 	 2 	 1.259421e-10 	 -7.734399e-13
16 	 143 	 Ey 	 2 	 1.291540e-11 	 -1.173641e-12
16 	 144 	 Ey 	 2 	 -9.807270e-11 	 -1.634347e-12
16 	 145 	 Ey 	 2 	 1.747814e-11 	 4.575466e-13
16 	 146 	 Ey 	 2 	 2.198207e-11 	 4.017841e-13
16 	 147 	 Ey 	 2 	 2.810066e-11 	 3.548714e-13
16 	 148 	 Ey 	 2 	 3.647376e-11 	 3.038857e-13
16 	 149 	 Ey 	 2 	 4.808129e-11 	 2.520138e-13
16 	 150 	 Ey 	 2 	 6.433868e-11 	 2.033808e-13
16 	 151 	 Ey 	 2 	 8.725531e-11 	 1.686825e-13
16 	 152 	 Ey 	 2 	 1.194098e-10 	 1.449862e-13
16 	 153 	 Ey 	 2 	 1.636687e-10 	 1.283257e-13
16 	 154 	 Ey 	 2 	 2.214801e-10 	 1.173319e-13
16 	 155 	 Ey 	 2 	 2.883928e-10 	 1.505497e-13
16 	 156 	 Ey 	 2 	 3.451865e-10 	 9.203369e-14
16 	 157 	 Ey 	 2 	 3.492057e-10 	 -8.889573e-14
16 	 158 	 Ey 	 2 	 2.481499e-10 	 -4.800601e-13
16 	 159 	 Ey 	 2 	 3.059438e-11 	 -1.063774e-12
16 	 160 	 Ey 	 2 	 -1.922014e-10 	 -1.722935e-12
16 	 161 	 Ey 	 2 	 1.593915e-11 	 5.293431e-13
16 	 162 	 Ey 	 2 	 2.026108e-11 	 4.845942e-13
16 	 163 	 Ey 	 2 	 2.626814e-11 	 4.459149e-13
16 	 164 	 Ey 	 2 	 3.474318e-11 	 4.042176e-13
16 	 165 	 Ey 	 2 	 4.694546e-11 	 3.619320e-13
16 	 166 	 Ey 	 2 	 6.488318e-11 	 3.275490e-13
16 	 167 	 Ey 	 2 	 9.173771e-11 	 3.039381e-13
16 	 168 	 Ey 	 2 	 1.325499e-10 	 3.012908e-13
16 	 169 	 Ey 	 2 	 1.949521e-10 	 3.301447e-13
16 	 170 	 Ey 	 2 	 2.889274e-10 	 4.070110e-13
16 	 171 	 Ey 	 2 	 4.220607e-10 	 5.376465e-13
16 	 172 	 Ey 	 2 	 5.801032e-10 	 5.963298e-13
16 	 173 	 Ey 	 2 	 6.816634e-10 	 5.268643e-13
16 	 174 	 Ey 	 2 	 5.520956e-10 	 5.991552e-14
16 	 175 	 Ey 	 2 	 7.993315e-11 	 -8.634283e-13
16 	 176 	 Ey 	 2 	 -4.353421e-10 	 -1.945498e-12
16 	 177 	 Ey 	 2 	 1.361094e-11 	 6.090180e-13
16 	 178 	 Ey 	 2 	 1.740492e-11 	 5.787405e-13
16 	 179 	 Ey 	 2 	 2.277640e-11 	 5.503142e-13
16 	 180 	 Ey 	 2 	 3.055223e-11 	 5.201003e-13
16 	 181 	 Ey 	 2 	 4.211349e-11 	 4.864579e-13
16 	 182 	 Ey 	 2 	 5.984842e-11 	 4.621184e-13
16 	 183 	 Ey 	 2 	 8.790883e-11 	 4.474786e-13
16 	 184 	 Ey 	 2 	 1.338490e-10 	 4.597256e-13
16 	 185 	 Ey 	 2 	 2.115485e-10 	 5.186410e-13
16 	 186 	 Ey 	 2 	 3.463871e-10 	 6.472217e-13
16 	 187 	 Ey 	 2 	 5.807638e-10 	 9.250624e-13
16 	 188 	 Ey 	 2 	 9.614983e-10 	 1.239073e-12
16 	 189 	 Ey 	 2 	 1.424565e-09 	 1.612946e-12
16 	 190 	 Ey 	 2 	 1.455944e-09 	 1.251843e-12
16 	 191 	 Ey 	 2 	 2.567469e-10 	 -5.029790e-13
16 	 192 	 Ey 	 2 	 -1.211821e-09 	 -2.678057e-12
16 	 193 	 Ey 	 2 	 1.054984e-11 	 6.983493e-13
16 	 194 	 Ey 	 2 	 1.346318e-11 	 6.868128e-13
16 	 195 	 Ey 	 2 	 1.762621e-11 	 6.695913e-13
16 	 196 	 Ey 	 2 	 2.376785e-11 	 6.502018e-13
16 	 197 	 Ey 	 2 	 3.313810e-11 	 6.294368e-13
16 	 198 	 Ey 	 2 	 4.798919e-11 	 6.113826e-13
16 	 199 	 Ey 	 2 	 7.258139e-11 	 5.970526e-13
16 	 200 	 Ey 	 2 	 1.154379e-10 	 6.058212e-13
16 	 201 	 Ey 	 2 	 1.946538e-10 	 6.638773e-13
16 	 202 	 Ey 	 2 	 3.511989e-10 	 8.242970e-13
16 	 203 	 Ey 	 2 	 6.831440e-10 	 1.182294e-12
16 	 204 	 Ey 	 2 	 1.425442e-09 	 1.984442e-12
16 	 205 	 Ey 	 2 	 3.003685e-09 	 3.396760e-12
16 	 206 	 Ey 	 2 	 4.836116e-09 	 4.453737e-12
16 	 207 	 Ey 	 2 	 1.227424e-09 	 5.410249e-13
16 	 208 	 Ey 	 2 	 -4.616234e-09 	 -5.437669e-12
16 	 209 	 Ey 	 2 	 6.944043e-12 	 8.029559e-13
16 	 210 	 Ey 	 2 	 8.665885e-12 	 8.077911e-13
16 	 211 	 Ey 	 2 	 1.113233e-11 	 8.088703e-13
16 	 212 	 Ey 	 2 	 1.479162e-11 	 8.045876e-13
16 	 213 	 Ey 	 2 	 2.043982e-11 	 7.944952e-13
16 	 214 	 Ey 	 2 	 2.957290e-11 	 7.773425e-13
16 	 215 	 Ey 	 2 	 4.515347e-11 	 7.568438e-13
16 	 216 	 Ey 	 2 	 7.351689e-11 	 7.438468e-13
16 	 217 	 Ey 	 2 	 1.294078e-10 	 7.551831e-13
16 	 218 	 Ey 	 2 	 2.512772e-10 	 8.473183e-13
16 	 219 	 Ey 	 2 	 5.548414e-10 	 1.135993e-12
16 	 220 	 Ey 	 2 	 1.458572e-09 	 2.032457e-12
16 	 221 	 Ey 	 2 	 4.840738e-09 	 4.850694e-12
16 	 222 	 Ey 	 2 	 1.936072e-08 	 1.354755e-11
16 	 223 	 Ey 	 2 	 1.482562e-08 	 7.360381e-12
16 	 224 	 Ey 	 2 	 -2.787817e-08 	 -1.858844e-11
16 	 225 	 Ey 	 2 	 1.286329e-11 	 9.317911e-13
16 	 226 	 Ey 	 2 	 1.473763e-11 	 9.610964e-13
16 	 227 	 Ey 	 2 	 1.710914e-11 	 9.863168e-13
16 	 228 	 Ey 	 2 	 2.018498e-11 	 1.003276e-12
16 	 229 	 Ey 	 2 	 2.431174e-11 	 1.008395e-12
16 	 230 	 Ey 	 2 	 3.007556e-11 	 1.000819e-12
16 	 231 	 Ey 	 2 	 3.852973e-11 	 9.773059e-13
16 	 232 	 Ey 	 2 	 5.175054e-11 	 9.344745e-13
16 	 233 	 Ey 	 2 	 7.418969e-11 	 8.727936e-13
16 	 234 	 Ey 	 2 	 1.168666e-10 	 8.145469e-13
16 	 235 	 Ey 	 2 	 2.124504e-10 	 7.895358e-13
16 	 236 	 Ey 	 2 	 4.884307e-10 	 9.011961e-13
16 	 237 	 Ey 	 2 	 1.727103e-09 	 1.802990e-12
16 	 238 	 Ey 	 2 	 1.574818e-08 	 9.703436e-12
16 	 239 	 Ey 	 2 	 4.538462e-06 	 7.613237e-10
16 	 240 	 Ey 	 2 	 -4.047719e-08 	 -2.078451e-11
16 	 241 	 Ey 	 2 	 -1.184954e-12 	 1.060214e-12
16 	 242 	 Ey 	 2 	 -2.257724e-12 	 1.115551e-12
16 	 243 	 Ey 	 2 	 -3.898070e-12 	 1.165126e-12
16 	 244 	 Ey 	 2 	 -6.449768e-12 	 1.205435e-12
16 	 245 	 Ey 	 2 	 -1.052071e-11 	 1.229465e-12
16 	 246 	 Ey 	 2 	 -1.725029e-11 	 1.228385e-12
16 	 247 	 Ey 	 2 	 -2.890400e-11 	 1.192208e-12
16 	 248 	 Ey 	 2 	 -5.033772e-11 	 1.104630e-12
16 	 249 	 Ey 	 2 	 -9.305439e-11 	 9.352226e-13
16 	 250 	 Ey 	 2 	 -1.879349e-10 	 6.559790e-13
16 	 251 	 Ey 	 2 	 -4.323771e-10 	 1.302721e-13
16 	 252 	 Ey 	 2 	 -1.211552e-09 	 -9.606147e-13
16 	 253 	 Ey 	 2 	 -4.627535e-09 	 -4.143077e-12
16 	 254 	 Ey 	 2 	 -2.794792e-08 	 -1.757969e-11
16 	 255 	 Ey 	 2 	 -2.304448e-08 	 -2.058971e-11
16 	 256 	 Ey 	 2 	 5.418534e-08 	 2.835182e-11
