iTx 	 iRx    chrec  ifreq 	 emf_real 	 emf_imag
8 	 1 	 Ex 	 1 	 1.286148e-11 	 8.226413e-12
8 	 2 	 Ex 	 1 	 1.663251e-11 	 1.221174e-11
8 	 3 	 Ex 	 1 	 2.001900e-11 	 9.664347e-12
8 	 4 	 Ex 	 1 	 2.588639e-11 	 1.645005e-11
8 	 5 	 Ex 	 1 	 3.242393e-11 	 2.161371e-11
8 	 6 	 Ex 	 1 	 3.844895e-11 	 1.978795e-11
8 	 7 	 Ex 	 1 	 4.567603e-11 	 2.491850e-11
8 	 8 	 Ex 	 1 	 5.167212e-11 	 3.372542e-11
8 	 9 	 Ex 	 1 	 5.188263e-11 	 4.267841e-11
8 	 10 	 Ex 	 1 	 3.799771e-11 	 4.844245e-11
8 	 11 	 Ex 	 1 	 -2.210080e-12 	 5.373065e-11
8 	 12 	 Ex 	 1 	 -8.348267e-11 	 5.986252e-11
8 	 13 	 Ex 	 1 	 -2.094674e-10 	 6.742146e-11
8 	 14 	 Ex 	 1 	 -3.478486e-10 	 7.264127e-11
8 	 15 	 Ex 	 1 	 -4.977118e-10 	 7.483533e-11
8 	 16 	 Ex 	 1 	 -3.859172e-10 	 7.440950e-11
8 	 17 	 Ex 	 1 	 1.627017e-11 	 8.790284e-12
8 	 18 	 Ex 	 1 	 2.116263e-11 	 1.180101e-11
8 	 19 	 Ex 	 1 	 2.690888e-11 	 1.205175e-11
8 	 20 	 Ex 	 1 	 3.522697e-11 	 1.724383e-11
8 	 21 	 Ex 	 1 	 4.569481e-11 	 2.171738e-11
8 	 22 	 Ex 	 1 	 5.842940e-11 	 2.401336e-11
8 	 23 	 Ex 	 1 	 7.444912e-11 	 2.867682e-11
8 	 24 	 Ex 	 1 	 9.329517e-11 	 3.731660e-11
8 	 25 	 Ex 	 1 	 1.113084e-10 	 4.767609e-11
8 	 26 	 Ex 	 1 	 1.182072e-10 	 5.635772e-11
8 	 27 	 Ex 	 1 	 9.194725e-11 	 6.632774e-11
8 	 28 	 Ex 	 1 	 -1.067608e-11 	 7.768035e-11
8 	 29 	 Ex 	 1 	 -2.376367e-10 	 8.980338e-11
8 	 30 	 Ex 	 1 	 -5.589241e-10 	 9.890397e-11
8 	 31 	 Ex 	 1 	 -8.783707e-10 	 1.026195e-10
8 	 32 	 Ex 	 1 	 -6.575377e-10 	 1.013279e-10
8 	 33 	 Ex 	 1 	 1.929124e-11 	 8.323003e-12
8 	 34 	 Ex 	 1 	 2.556595e-11 	 1.202771e-11
8 	 35 	 Ex 	 1 	 3.376869e-11 	 1.527083e-11
8 	 36 	 Ex 	 1 	 4.434444e-11 	 1.633808e-11
8 	 37 	 Ex 	 1 	 5.945254e-11 	 2.133845e-11
8 	 38 	 Ex 	 1 	 8.050156e-11 	 2.951411e-11
8 	 39 	 Ex 	 1 	 1.082326e-10 	 3.319603e-11
8 	 40 	 Ex 	 1 	 1.462404e-10 	 3.985715e-11
8 	 41 	 Ex 	 1 	 1.961831e-10 	 5.044056e-11
8 	 42 	 Ex 	 1 	 2.540143e-10 	 6.479469e-11
8 	 43 	 Ex 	 1 	 2.953949e-10 	 8.237339e-11
8 	 44 	 Ex 	 1 	 2.365723e-10 	 1.024826e-10
8 	 45 	 Ex 	 1 	 -1.205553e-10 	 1.229354e-10
8 	 46 	 Ex 	 1 	 -9.427623e-10 	 1.400303e-10
8 	 47 	 Ex 	 1 	 -1.843775e-09 	 1.471736e-10
8 	 48 	 Ex 	 1 	 -1.257917e-09 	 1.436118e-10
8 	 49 	 Ex 	 1 	 2.236332e-11 	 1.112191e-11
8 	 50 	 Ex 	 1 	 2.888319e-11 	 9.640259e-12
8 	 51 	 Ex 	 1 	 3.962409e-11 	 1.749465e-11
8 	 52 	 Ex 	 1 	 5.298355e-11 	 1.857642e-11
8 	 53 	 Ex 	 1 	 7.192442e-11 	 1.981375e-11
8 	 54 	 Ex 	 1 	 1.010624e-10 	 3.094339e-11
8 	 55 	 Ex 	 1 	 1.427822e-10 	 3.884370e-11
8 	 56 	 Ex 	 1 	 2.049611e-10 	 4.504563e-11
8 	 57 	 Ex 	 1 	 3.006217e-10 	 5.380274e-11
8 	 58 	 Ex 	 1 	 4.491618e-10 	 7.104718e-11
8 	 59 	 Ex 	 1 	 6.674220e-10 	 9.639509e-11
8 	 60 	 Ex 	 1 	 9.084614e-10 	 1.292953e-10
8 	 61 	 Ex 	 1 	 7.467347e-10 	 1.688664e-10
8 	 62 	 Ex 	 1 	 -1.334134e-09 	 2.078542e-10
8 	 63 	 Ex 	 1 	 -5.186032e-09 	 2.214424e-10
8 	 64 	 Ex 	 1 	 -2.653082e-09 	 2.153701e-10
8 	 65 	 Ex 	 1 	 2.439551e-11 	 1.236136e-11
8 	 66 	 Ex 	 1 	 3.133619e-11 	 8.495343e-12
8 	 67 	 Ex 	 1 	 4.385189e-11 	 1.919130e-11
8 	 68 	 Ex 	 1 	 5.916509e-11 	 1.929146e-11
8 	 69 	 Ex 	 1 	 8.142530e-11 	 1.922975e-11
8 	 70 	 Ex 	 1 	 1.171333e-10 	 3.246416e-11
8 	 71 	 Ex 	 1 	 1.707998e-10 	 4.271319e-11
8 	 72 	 Ex 	 1 	 2.556075e-10 	 4.799409e-11
8 	 73 	 Ex 	 1 	 3.997165e-10 	 5.636435e-11
8 	 74 	 Ex 	 1 	 6.618183e-10 	 7.718939e-11
8 	 75 	 Ex 	 1 	 1.172367e-09 	 1.102257e-10
8 	 76 	 Ex 	 1 	 2.240631e-09 	 1.593211e-10
8 	 77 	 Ex 	 1 	 4.387849e-09 	 2.368880e-10
8 	 78 	 Ex 	 1 	 3.999209e-09 	 3.537035e-10
8 	 79 	 Ex 	 1 	 -2.667274e-08 	 3.541505e-10
8 	 80 	 Ex 	 1 	 -1.878266e-09 	 3.786178e-10
8 	 81 	 Ex 	 1 	 2.590913e-11 	 1.388772e-11
8 	 82 	 Ex 	 1 	 3.285942e-11 	 7.193175e-12
8 	 83 	 Ex 	 1 	 4.644931e-11 	 1.972389e-11
8 	 84 	 Ex 	 1 	 6.311236e-11 	 2.060752e-11
8 	 85 	 Ex 	 1 	 8.706146e-11 	 1.857050e-11
8 	 86 	 Ex 	 1 	 1.263626e-10 	 3.224337e-11
8 	 87 	 Ex 	 1 	 1.870976e-10 	 4.483072e-11
8 	 88 	 Ex 	 1 	 2.854431e-10 	 5.024097e-11
8 	 89 	 Ex 	 1 	 4.597432e-10 	 5.806324e-11
8 	 90 	 Ex 	 1 	 7.994909e-10 	 7.983578e-11
8 	 91 	 Ex 	 1 	 1.546390e-09 	 1.172076e-10
8 	 92 	 Ex 	 1 	 3.533088e-09 	 1.782565e-10
8 	 93 	 Ex 	 1 	 1.082226e-08 	 3.028431e-10
8 	 94 	 Ex 	 1 	 6.140957e-08 	 7.558393e-10
8 	 95 	 Ex 	 1 	 -9.527761e-07 	 -1.834865e-09
8 	 96 	 Ex 	 1 	 1.481472e-07 	 1.302967e-09
8 	 97 	 Ex 	 1 	 2.518452e-11 	 1.313598e-11
8 	 98 	 Ex 	 1 	 3.217875e-11 	 7.887258e-12
8 	 99 	 Ex 	 1 	 4.530401e-11 	 1.940345e-11
8 	 100 	 Ex 	 1 	 6.145338e-11 	 2.002201e-11
8 	 101 	 Ex 	 1 	 8.481868e-11 	 1.903787e-11
8 	 102 	 Ex 	 1 	 1.227592e-10 	 3.235889e-11
8 	 103 	 Ex 	 1 	 1.809371e-10 	 4.388551e-11
8 	 104 	 Ex 	 1 	 2.745670e-10 	 4.941436e-11
8 	 105 	 Ex 	 1 	 4.385165e-10 	 5.772559e-11
8 	 106 	 Ex 	 1 	 7.516097e-10 	 7.933725e-11
8 	 107 	 Ex 	 1 	 1.416298e-09 	 1.153053e-10
8 	 108 	 Ex 	 1 	 3.064986e-09 	 1.721319e-10
8 	 109 	 Ex 	 1 	 8.156572e-09 	 2.786847e-10
8 	 110 	 Ex 	 1 	 2.632065e-08 	 5.437221e-10
8 	 111 	 Ex 	 1 	 -1.146801e-07 	 3.653706e-10
8 	 112 	 Ex 	 1 	 3.178636e-08 	 6.804876e-10
8 	 113 	 Ex 	 1 	 2.363355e-11 	 1.140796e-11
8 	 114 	 Ex 	 1 	 3.057380e-11 	 9.238187e-12
8 	 115 	 Ex 	 1 	 4.236748e-11 	 1.841464e-11
8 	 116 	 Ex 	 1 	 5.692502e-11 	 1.865414e-11
8 	 117 	 Ex 	 1 	 7.801397e-11 	 1.967343e-11
8 	 118 	 Ex 	 1 	 1.111368e-10 	 3.198932e-11
8 	 119 	 Ex 	 1 	 1.599631e-10 	 4.087194e-11
8 	 120 	 Ex 	 1 	 2.354920e-10 	 4.656022e-11
8 	 121 	 Ex 	 1 	 3.591872e-10 	 5.544178e-11
8 	 122 	 Ex 	 1 	 5.712108e-10 	 7.498906e-11
8 	 123 	 Ex 	 1 	 9.438299e-10 	 1.047412e-10
8 	 124 	 Ex 	 1 	 1.575680e-09 	 1.462792e-10
8 	 125 	 Ex 	 1 	 2.233830e-09 	 2.038008e-10
8 	 126 	 Ex 	 1 	 -4.118404e-10 	 2.711043e-10
8 	 127 	 Ex 	 1 	 -1.136851e-08 	 2.878934e-10
8 	 128 	 Ex 	 1 	 -3.616433e-09 	 2.839532e-10
8 	 129 	 Ex 	 1 	 2.114716e-11 	 9.402502e-12
8 	 130 	 Ex 	 1 	 2.778907e-11 	 1.106854e-11
8 	 131 	 Ex 	 1 	 3.737745e-11 	 1.617115e-11
8 	 132 	 Ex 	 1 	 4.963835e-11 	 1.732705e-11
8 	 133 	 Ex 	 1 	 6.711678e-11 	 2.079484e-11
8 	 134 	 Ex 	 1 	 9.275396e-11 	 3.028792e-11
8 	 135 	 Ex 	 1 	 1.282585e-10 	 3.585475e-11
8 	 136 	 Ex 	 1 	 1.795370e-10 	 4.267436e-11
8 	 137 	 Ex 	 1 	 2.537149e-10 	 5.268486e-11
8 	 138 	 Ex 	 1 	 3.571971e-10 	 6.870124e-11
8 	 139 	 Ex 	 1 	 4.801159e-10 	 9.019163e-11
8 	 140 	 Ex 	 1 	 5.365628e-10 	 1.166535e-10
8 	 141 	 Ex 	 1 	 1.852502e-10 	 1.458195e-10
8 	 142 	 Ex 	 1 	 -1.221719e-09 	 1.722789e-10
8 	 143 	 Ex 	 1 	 -3.085946e-09 	 1.827114e-10
8 	 144 	 Ex 	 1 	 -1.894996e-09 	 1.775878e-10
8 	 145 	 Ex 	 1 	 1.812452e-11 	 8.161987e-12
8 	 146 	 Ex 	 1 	 2.398403e-11 	 1.225353e-11
8 	 147 	 Ex 	 1 	 3.102983e-11 	 1.317610e-11
8 	 148 	 Ex 	 1 	 4.079142e-11 	 1.667009e-11
8 	 149 	 Ex 	 1 	 5.397704e-11 	 2.186931e-11
8 	 150 	 Ex 	 1 	 7.122480e-11 	 2.674934e-11
8 	 151 	 Ex 	 1 	 9.350486e-11 	 3.045375e-11
8 	 152 	 Ex 	 1 	 1.224423e-10 	 3.869453e-11
8 	 153 	 Ex 	 1 	 1.564697e-10 	 4.979760e-11
8 	 154 	 Ex 	 1 	 1.871526e-10 	 6.132594e-11
8 	 155 	 Ex 	 1 	 1.884120e-10 	 7.490231e-11
8 	 156 	 Ex 	 1 	 9.407639e-11 	 9.032432e-11
8 	 157 	 Ex 	 1 	 -2.083810e-10 	 1.062765e-10
8 	 158 	 Ex 	 1 	 -7.446760e-10 	 1.188384e-10
8 	 159 	 Ex 	 1 	 -1.276701e-09 	 1.240903e-10
8 	 160 	 Ex 	 1 	 -9.269543e-10 	 1.216290e-10
8 	 161 	 Ex 	 1 	 1.496658e-11 	 8.411821e-12
8 	 162 	 Ex 	 1 	 1.945003e-11 	 1.184288e-11
8 	 163 	 Ex 	 1 	 2.416873e-11 	 1.044158e-11
8 	 164 	 Ex 	 1 	 3.157493e-11 	 1.688078e-11
8 	 165 	 Ex 	 1 	 4.035856e-11 	 2.177706e-11
8 	 166 	 Ex 	 1 	 4.996183e-11 	 2.155439e-11
8 	 167 	 Ex 	 1 	 6.186437e-11 	 2.654413e-11
8 	 168 	 Ex 	 1 	 7.444432e-11 	 3.566182e-11
8 	 169 	 Ex 	 1 	 8.323401e-11 	 4.576573e-11
8 	 170 	 Ex 	 1 	 7.832167e-11 	 5.275189e-11
8 	 171 	 Ex 	 1 	 4.200686e-11 	 6.012642e-11
8 	 172 	 Ex 	 1 	 -5.355778e-11 	 6.867346e-11
8 	 173 	 Ex 	 1 	 -2.289584e-10 	 7.852184e-11
8 	 174 	 Ex 	 1 	 -4.470421e-10 	 8.555833e-11
8 	 175 	 Ex 	 1 	 -6.625843e-10 	 8.842160e-11
8 	 176 	 Ex 	 1 	 -5.101379e-10 	 8.753244e-11
8 	 177 	 Ex 	 1 	 1.192945e-11 	 1.002219e-11
8 	 178 	 Ex 	 1 	 1.455051e-11 	 9.805918e-12
8 	 179 	 Ex 	 1 	 1.757471e-11 	 8.882696e-12
8 	 180 	 Ex 	 1 	 2.285948e-11 	 1.756578e-11
8 	 181 	 Ex 	 1 	 2.740595e-11 	 1.898410e-11
8 	 182 	 Ex 	 1 	 3.147410e-11 	 1.706604e-11
8 	 183 	 Ex 	 1 	 3.643043e-11 	 2.489723e-11
8 	 184 	 Ex 	 1 	 3.884902e-11 	 3.346588e-11
8 	 185 	 Ex 	 1 	 3.438803e-11 	 3.910108e-11
8 	 186 	 Ex 	 1 	 1.690997e-11 	 4.247203e-11
8 	 187 	 Ex 	 1 	 -2.207558e-11 	 4.702717e-11
8 	 188 	 Ex 	 1 	 -9.082914e-11 	 5.260278e-11
8 	 189 	 Ex 	 1 	 -1.872018e-10 	 5.967079e-11
8 	 190 	 Ex 	 1 	 -2.852740e-10 	 6.481235e-11
8 	 191 	 Ex 	 1 	 -3.959993e-10 	 6.649389e-11
8 	 192 	 Ex 	 1 	 -3.114541e-10 	 6.642741e-11
8 	 193 	 Ex 	 1 	 8.926543e-12 	 1.119945e-11
8 	 194 	 Ex 	 1 	 9.657528e-12 	 6.441246e-12
8 	 195 	 Ex 	 1 	 1.191199e-11 	 9.711209e-12
8 	 196 	 Ex 	 1 	 1.492609e-11 	 1.688461e-11
8 	 197 	 Ex 	 1 	 1.592263e-11 	 1.360298e-11
8 	 198 	 Ex 	 1 	 1.717508e-11 	 1.621741e-11
8 	 199 	 Ex 	 1 	 1.766002e-11 	 2.438445e-11
8 	 200 	 Ex 	 1 	 1.437743e-11 	 2.980060e-11
8 	 201 	 Ex 	 1 	 4.382690e-12 	 3.052618e-11
8 	 202 	 Ex 	 1 	 -1.476715e-11 	 3.209510e-11
8 	 203 	 Ex 	 1 	 -4.610936e-11 	 3.721962e-11
8 	 204 	 Ex 	 1 	 -9.127764e-11 	 4.300967e-11
8 	 205 	 Ex 	 1 	 -1.450887e-10 	 4.864748e-11
8 	 206 	 Ex 	 1 	 -1.934243e-10 	 5.295650e-11
8 	 207 	 Ex 	 1 	 -2.601854e-10 	 5.384255e-11
8 	 208 	 Ex 	 1 	 -2.058758e-10 	 5.384378e-11
8 	 209 	 Ex 	 1 	 5.494587e-12 	 8.409102e-12
8 	 210 	 Ex 	 1 	 5.483025e-12 	 4.692020e-12
8 	 211 	 Ex 	 1 	 7.332490e-12 	 1.228169e-11
8 	 212 	 Ex 	 1 	 7.623418e-12 	 1.229749e-11
8 	 213 	 Ex 	 1 	 7.027916e-12 	 1.063115e-11
8 	 214 	 Ex 	 1 	 6.750279e-12 	 1.726419e-11
8 	 215 	 Ex 	 1 	 4.389714e-12 	 2.264873e-11
8 	 216 	 Ex 	 1 	 -1.857308e-12 	 2.301579e-11
8 	 217 	 Ex 	 1 	 -1.262308e-11 	 2.342973e-11
8 	 218 	 Ex 	 1 	 -2.902608e-11 	 2.643730e-11
8 	 219 	 Ex 	 1 	 -5.206513e-11 	 3.165996e-11
8 	 220 	 Ex 	 1 	 -8.114449e-11 	 3.737826e-11
8 	 221 	 Ex 	 1 	 -1.124195e-10 	 4.131732e-11
8 	 222 	 Ex 	 1 	 -1.382142e-10 	 4.442937e-11
8 	 223 	 Ex 	 1 	 -1.830535e-10 	 4.494862e-11
8 	 224 	 Ex 	 1 	 -1.447959e-10 	 4.451049e-11
8 	 225 	 Ex 	 1 	 2.104673e-12 	 3.838335e-12
8 	 226 	 Ex 	 1 	 2.793837e-12 	 8.195625e-12
8 	 227 	 Ex 	 1 	 2.814404e-12 	 1.001838e-11
8 	 228 	 Ex 	 1 	 1.718250e-12 	 7.983752e-12
8 	 229 	 Ex 	 1 	 1.053299e-12 	 1.263063e-11
8 	 230 	 Ex 	 1 	 -9.155990e-13 	 1.618127e-11
8 	 231 	 Ex 	 1 	 -5.159575e-12 	 1.653724e-11
8 	 232 	 Ex 	 1 	 -1.172831e-11 	 1.730132e-11
8 	 233 	 Ex 	 1 	 -2.096966e-11 	 2.086585e-11
8 	 234 	 Ex 	 1 	 -3.367341e-11 	 2.602534e-11
8 	 235 	 Ex 	 1 	 -5.038122e-11 	 2.931852e-11
8 	 236 	 Ex 	 1 	 -6.973670e-11 	 3.159865e-11
8 	 237 	 Ex 	 1 	 -8.896324e-11 	 3.268176e-11
8 	 238 	 Ex 	 1 	 -1.039128e-10 	 3.342684e-11
8 	 239 	 Ex 	 1 	 -1.363202e-10 	 3.395107e-11
8 	 240 	 Ex 	 1 	 -1.075601e-10 	 3.344431e-11
8 	 241 	 Ex 	 1 	 -7.963608e-14 	 3.914991e-12
8 	 242 	 Ex 	 1 	 3.136476e-13 	 9.322839e-12
8 	 243 	 Ex 	 1 	 -1.306707e-12 	 5.051816e-12
8 	 244 	 Ex 	 1 	 -2.079562e-12 	 8.710207e-12
8 	 245 	 Ex 	 1 	 -3.282071e-12 	 1.375911e-11
8 	 246 	 Ex 	 1 	 -6.699173e-12 	 1.194349e-11
8 	 247 	 Ex 	 1 	 -1.141177e-11 	 1.063557e-11
8 	 248 	 Ex 	 1 	 -1.681165e-11 	 1.570350e-11
8 	 249 	 Ex 	 1 	 -2.416304e-11 	 2.142843e-11
8 	 250 	 Ex 	 1 	 -3.431991e-11 	 2.373365e-11
8 	 251 	 Ex 	 1 	 -4.664849e-11 	 2.411948e-11
8 	 252 	 Ex 	 1 	 -5.994746e-11 	 2.378167e-11
8 	 253 	 Ex 	 1 	 -7.216501e-11 	 2.405281e-11
8 	 254 	 Ex 	 1 	 -8.132280e-11 	 2.364465e-11
8 	 255 	 Ex 	 1 	 -1.060159e-10 	 2.400936e-11
8 	 256 	 Ex 	 1 	 -8.332389e-11 	 2.425463e-11
8 	 1 	 Ex 	 2 	 6.336786e-12 	 7.125422e-13
8 	 2 	 Ex 	 2 	 6.805365e-12 	 2.123936e-12
8 	 3 	 Ex 	 2 	 7.255219e-12 	 4.245817e-12
8 	 4 	 Ex 	 2 	 7.811878e-12 	 7.432690e-12
8 	 5 	 Ex 	 2 	 8.286780e-12 	 1.200877e-11
8 	 6 	 Ex 	 2 	 8.316022e-12 	 1.841077e-11
8 	 7 	 Ex 	 2 	 7.232848e-12 	 2.725556e-11
8 	 8 	 Ex 	 2 	 3.150957e-12 	 3.914295e-11
8 	 9 	 Ex 	 2 	 -7.856850e-12 	 5.467102e-11
8 	 10 	 Ex 	 2 	 -3.330197e-11 	 7.423116e-11
8 	 11 	 Ex 	 2 	 -8.534511e-11 	 9.763218e-11
8 	 12 	 Ex 	 2 	 -1.783085e-10 	 1.236625e-10
8 	 13 	 Ex 	 2 	 -3.148690e-10 	 1.491809e-10
8 	 14 	 Ex 	 2 	 -4.608591e-10 	 1.692189e-10
8 	 15 	 Ex 	 2 	 -6.142849e-10 	 1.780571e-10
8 	 16 	 Ex 	 2 	 -5.006015e-10 	 1.735411e-10
8 	 17 	 Ex 	 2 	 8.880782e-12 	 1.151975e-12
8 	 18 	 Ex 	 2 	 1.031503e-11 	 2.859634e-12
8 	 19 	 Ex 	 2 	 1.223474e-11 	 5.452742e-12
8 	 20 	 Ex 	 2 	 1.494957e-11 	 9.332213e-12
8 	 21 	 Ex 	 2 	 1.872118e-11 	 1.497309e-11
8 	 22 	 Ex 	 2 	 2.383234e-11 	 2.301202e-11
8 	 23 	 Ex 	 2 	 3.039913e-11 	 3.430710e-11
8 	 24 	 Ex 	 2 	 3.763865e-11 	 4.990805e-11
8 	 25 	 Ex 	 2 	 4.225976e-11 	 7.102362e-11
8 	 26 	 Ex 	 2 	 3.483667e-11 	 9.884814e-11
8 	 27 	 Ex 	 2 	 -6.912206e-12 	 1.342874e-10
8 	 28 	 Ex 	 2 	 -1.251264e-10 	 1.764054e-10
8 	 29 	 Ex 	 2 	 -3.667201e-10 	 2.212069e-10
8 	 30 	 Ex 	 2 	 -6.991956e-10 	 2.591755e-10
8 	 31 	 Ex 	 2 	 -1.024039e-09 	 2.769370e-10
8 	 32 	 Ex 	 2 	 -8.002963e-10 	 2.678286e-10
8 	 33 	 Ex 	 2 	 1.127978e-11 	 1.561484e-12
8 	 34 	 Ex 	 2 	 1.372680e-11 	 3.551115e-12
8 	 35 	 Ex 	 2 	 1.722099e-11 	 6.589069e-12
8 	 36 	 Ex 	 2 	 2.233475e-11 	 1.112316e-11
8 	 37 	 Ex 	 2 	 3.002230e-11 	 1.780621e-11
8 	 38 	 Ex 	 2 	 4.160063e-11 	 2.749414e-11
8 	 39 	 Ex 	 2 	 5.885548e-11 	 4.133969e-11
8 	 40 	 Ex 	 2 	 8.407516e-11 	 6.097387e-11
8 	 41 	 Ex 	 2 	 1.187212e-10 	 8.854047e-11
8 	 42 	 Ex 	 2 	 1.589101e-10 	 1.267980e-10
8 	 43 	 Ex 	 2 	 1.807562e-10 	 1.788852e-10
8 	 44 	 Ex 	 2 	 1.014026e-10 	 2.469230e-10
8 	 45 	 Ex 	 2 	 -2.757728e-10 	 3.280785e-10
8 	 46 	 Ex 	 2 	 -1.115109e-09 	 4.061278e-10
8 	 47 	 Ex 	 2 	 -2.025543e-09 	 4.467519e-10
8 	 48 	 Ex 	 2 	 -1.434367e-09 	 4.256329e-10
8 	 49 	 Ex 	 2 	 1.333983e-11 	 1.920461e-12
8 	 50 	 Ex 	 2 	 1.665121e-11 	 4.121947e-12
8 	 51 	 Ex 	 2 	 2.162745e-11 	 7.546579e-12
8 	 52 	 Ex 	 2 	 2.908790e-11 	 1.265439e-11
8 	 53 	 Ex 	 2 	 4.068091e-11 	 2.022895e-11
8 	 54 	 Ex 	 2 	 5.912718e-11 	 3.138048e-11
8 	 55 	 Ex 	 2 	 8.872596e-11 	 4.758801e-11
8 	 56 	 Ex 	 2 	 1.368904e-10 	 7.110137e-11
8 	 57 	 Ex 	 2 	 2.159032e-10 	 1.052408e-10
8 	 58 	 Ex 	 2 	 3.442501e-10 	 1.550297e-10
8 	 59 	 Ex 	 2 	 5.392816e-10 	 2.279179e-10
8 	 60 	 Ex 	 2 	 7.550584e-10 	 3.342983e-10
8 	 61 	 Ex 	 2 	 5.668129e-10 	 4.841422e-10
8 	 62 	 Ex 	 2 	 -1.542231e-09 	 6.638189e-10
8 	 63 	 Ex 	 2 	 -5.415889e-09 	 7.785010e-10
8 	 64 	 Ex 	 2 	 -2.869893e-09 	 7.167470e-10
8 	 65 	 Ex 	 2 	 1.479364e-11 	 2.174404e-12
8 	 66 	 Ex 	 2 	 1.875801e-11 	 4.531157e-12
8 	 67 	 Ex 	 2 	 2.484830e-11 	 8.226839e-12
8 	 68 	 Ex 	 2 	 3.411848e-11 	 1.374189e-11
8 	 69 	 Ex 	 2 	 4.885119e-11 	 2.197044e-11
8 	 70 	 Ex 	 2 	 7.301906e-11 	 3.420051e-11
8 	 71 	 Ex 	 2 	 1.134789e-10 	 5.219345e-11
8 	 72 	 Ex 	 2 	 1.834937e-10 	 7.874121e-11
8 	 73 	 Ex 	 2 	 3.098369e-10 	 1.182912e-10
8 	 74 	 Ex 	 2 	 5.497404e-10 	 1.782811e-10
8 	 75 	 Ex 	 2 	 1.034417e-09 	 2.717949e-10
8 	 76 	 Ex 	 2 	 2.074414e-09 	 4.242868e-10
8 	 77 	 Ex 	 2 	 4.193896e-09 	 6.872345e-10
8 	 78 	 Ex 	 2 	 3.770742e-09 	 1.147950e-09
8 	 79 	 Ex 	 2 	 -2.700772e-08 	 1.636500e-09
8 	 80 	 Ex 	 2 	 -2.132188e-09 	 1.343821e-09
8 	 81 	 Ex 	 2 	 1.587747e-11 	 2.306336e-12
8 	 82 	 Ex 	 2 	 2.023938e-11 	 4.730327e-12
8 	 83 	 Ex 	 2 	 2.700679e-11 	 8.558204e-12
8 	 84 	 Ex 	 2 	 3.736126e-11 	 1.427258e-11
8 	 85 	 Ex 	 2 	 5.391453e-11 	 2.280729e-11
8 	 86 	 Ex 	 2 	 8.139062e-11 	 3.554872e-11
8 	 87 	 Ex 	 2 	 1.282054e-10 	 5.441121e-11
8 	 88 	 Ex 	 2 	 2.113093e-10 	 8.245470e-11
8 	 89 	 Ex 	 2 	 3.674095e-10 	 1.247560e-10
8 	 90 	 Ex 	 2 	 6.841322e-10 	 1.902102e-10
8 	 91 	 Ex 	 2 	 1.404005e-09 	 2.957599e-10
8 	 92 	 Ex 	 2 	 3.362185e-09 	 4.792440e-10
8 	 93 	 Ex 	 2 	 1.063274e-08 	 8.459440e-10
8 	 94 	 Ex 	 2 	 6.131784e-08 	 1.838969e-09
8 	 95 	 Ex 	 2 	 -9.557716e-07 	 7.575970e-09
8 	 96 	 Ex 	 2 	 1.482848e-07 	 2.653262e-09
8 	 97 	 Ex 	 2 	 1.531193e-11 	 2.291933e-12
8 	 98 	 Ex 	 2 	 1.950481e-11 	 4.707108e-12
8 	 99 	 Ex 	 2 	 2.598729e-11 	 8.503929e-12
8 	 100 	 Ex 	 2 	 3.590757e-11 	 1.417041e-11
8 	 101 	 Ex 	 2 	 5.176067e-11 	 2.262817e-11
8 	 102 	 Ex 	 2 	 7.799760e-11 	 3.523096e-11
8 	 103 	 Ex 	 2 	 1.225102e-10 	 5.384990e-11
8 	 104 	 Ex 	 2 	 2.009955e-10 	 8.147093e-11
8 	 105 	 Ex 	 2 	 3.467955e-10 	 1.229734e-10
8 	 106 	 Ex 	 2 	 6.371034e-10 	 1.867874e-10
8 	 107 	 Ex 	 2 	 1.275005e-09 	 2.887363e-10
8 	 108 	 Ex 	 2 	 2.895183e-09 	 4.623424e-10
8 	 109 	 Ex 	 2 	 7.963735e-09 	 7.930799e-10
8 	 110 	 Ex 	 2 	 2.613839e-08 	 1.551183e-09
8 	 111 	 Ex 	 2 	 -1.152907e-07 	 3.074913e-09
8 	 112 	 Ex 	 2 	 3.160713e-08 	 2.014019e-09
8 	 113 	 Ex 	 2 	 1.428827e-11 	 2.140634e-12
8 	 114 	 Ex 	 2 	 1.802789e-11 	 4.462760e-12
8 	 115 	 Ex 	 2 	 2.370428e-11 	 8.075788e-12
8 	 116 	 Ex 	 2 	 3.229133e-11 	 1.346109e-11
8 	 117 	 Ex 	 2 	 4.581759e-11 	 2.146753e-11
8 	 118 	 Ex 	 2 	 6.773217e-11 	 3.330863e-11
8 	 119 	 Ex 	 2 	 1.038190e-10 	 5.063672e-11
8 	 120 	 Ex 	 2 	 1.648535e-10 	 7.601483e-11
8 	 121 	 Ex 	 2 	 2.711270e-10 	 1.134481e-10
8 	 122 	 Ex 	 2 	 4.616870e-10 	 1.693070e-10
8 	 123 	 Ex 	 2 	 8.094306e-10 	 2.541732e-10
8 	 124 	 Ex 	 2 	 1.414021e-09 	 3.862149e-10
8 	 125 	 Ex 	 2 	 2.043669e-09 	 5.940128e-10
8 	 126 	 Ex 	 2 	 -6.374469e-10 	 8.947433e-10
8 	 127 	 Ex 	 2 	 -1.164010e-08 	 1.134310e-09
8 	 128 	 Ex 	 2 	 -3.857866e-09 	 9.993768e-10
8 	 129 	 Ex 	 2 	 1.257208e-11 	 1.871788e-12
8 	 130 	 Ex 	 2 	 1.556322e-11 	 4.024550e-12
8 	 131 	 Ex 	 2 	 1.994443e-11 	 7.323183e-12
8 	 132 	 Ex 	 2 	 2.644975e-11 	 1.223717e-11
8 	 133 	 Ex 	 2 	 3.641190e-11 	 1.948924e-11
8 	 134 	 Ex 	 2 	 5.190040e-11 	 3.007454e-11
8 	 135 	 Ex 	 2 	 7.603534e-11 	 4.532993e-11
8 	 136 	 Ex 	 2 	 1.137384e-10 	 6.723346e-11
8 	 137 	 Ex 	 2 	 1.717325e-10 	 9.856604e-11
8 	 138 	 Ex 	 2 	 2.560289e-10 	 1.432716e-10
8 	 139 	 Ex 	 2 	 3.573671e-10 	 2.065622e-10
8 	 140 	 Ex 	 2 	 3.905110e-10 	 2.944295e-10
8 	 141 	 Ex 	 2 	 1.552328e-11 	 4.085323e-10
8 	 142 	 Ex 	 2 	 -1.413984e-09 	 5.307301e-10
8 	 143 	 Ex 	 2 	 -3.292178e-09 	 6.005720e-10
8 	 144 	 Ex 	 2 	 -2.093180e-09 	 5.636540e-10
8 	 145 	 Ex 	 2 	 1.036484e-11 	 1.517747e-12
8 	 146 	 Ex 	 2 	 1.242136e-11 	 3.435897e-12
8 	 147 	 Ex 	 2 	 1.526572e-11 	 6.332267e-12
8 	 148 	 Ex 	 2 	 1.937540e-11 	 1.064660e-11
8 	 149 	 Ex 	 2 	 2.535683e-11 	 1.694258e-11
8 	 150 	 Ex 	 2 	 3.401525e-11 	 2.597659e-11
8 	 151 	 Ex 	 2 	 4.628798e-11 	 3.876568e-11
8 	 152 	 Ex 	 2 	 6.281775e-11 	 5.666576e-11
8 	 153 	 Ex 	 2 	 8.224568e-11 	 8.137166e-11
8 	 154 	 Ex 	 2 	 9.671826e-11 	 1.148457e-10
8 	 155 	 Ex 	 2 	 8.037895e-11 	 1.589483e-10
8 	 156 	 Ex 	 2 	 -3.217808e-11 	 2.140673e-10
8 	 157 	 Ex 	 2 	 -3.521956e-10 	 2.762569e-10
8 	 158 	 Ex 	 2 	 -9.024622e-10 	 3.322042e-10
8 	 159 	 Ex 	 2 	 -1.441641e-09 	 3.598244e-10
8 	 160 	 Ex 	 2 	 -1.087862e-09 	 3.454777e-10
8 	 161 	 Ex 	 2 	 7.904287e-12 	 1.115700e-12
8 	 162 	 Ex 	 2 	 8.964648e-12 	 2.752781e-12
8 	 163 	 Ex 	 2 	 1.028398e-11 	 5.205048e-12
8 	 164 	 Ex 	 2 	 1.209079e-11 	 8.858405e-12
8 	 165 	 Ex 	 2 	 1.440438e-11 	 1.410870e-11
8 	 166 	 Ex 	 2 	 1.717023e-11 	 2.150163e-11
8 	 167 	 Ex 	 2 	 2.006457e-11 	 3.178168e-11
8 	 168 	 Ex 	 2 	 2.160965e-11 	 4.577263e-11
8 	 169 	 Ex 	 2 	 1.788293e-11 	 6.437442e-11
8 	 170 	 Ex 	 2 	 -1.227574e-13 	 8.835176e-11
8 	 171 	 Ex 	 2 	 -5.016908e-11 	 1.179652e-10
8 	 172 	 Ex 	 2 	 -1.594771e-10 	 1.520355e-10
8 	 173 	 Ex 	 2 	 -3.476102e-10 	 1.868482e-10
8 	 174 	 Ex 	 2 	 -5.750628e-10 	 2.152018e-10
8 	 175 	 Ex 	 2 	 -7.950015e-10 	 2.280808e-10
8 	 176 	 Ex 	 2 	 -6.401598e-10 	 2.214351e-10
8 	 177 	 Ex 	 2 	 5.410015e-12 	 6.996607e-13
8 	 178 	 Ex 	 2 	 5.528563e-12 	 2.032416e-12
8 	 179 	 Ex 	 2 	 5.525277e-12 	 4.042696e-12
8 	 180 	 Ex 	 2 	 5.397727e-12 	 7.027940e-12
8 	 181 	 Ex 	 2 	 4.785709e-12 	 1.123692e-11
8 	 182 	 Ex 	 2 	 3.264904e-12 	 1.707389e-11
8 	 183 	 Ex 	 2 	 -7.348087e-15 	 2.504469e-11
8 	 184 	 Ex 	 2 	 -7.017977e-12 	 3.558671e-11
8 	 185 	 Ex 	 2 	 -2.137326e-11 	 4.909931e-11
8 	 186 	 Ex 	 2 	 -4.910509e-11 	 6.579502e-11
8 	 187 	 Ex 	 2 	 -9.868190e-11 	 8.528677e-11
8 	 188 	 Ex 	 2 	 -1.778790e-10 	 1.064170e-10
8 	 189 	 Ex 	 2 	 -2.835811e-10 	 1.265487e-10
8 	 190 	 Ex 	 2 	 -3.883285e-10 	 1.419939e-10
8 	 191 	 Ex 	 2 	 -5.020243e-10 	 1.486661e-10
8 	 192 	 Ex 	 2 	 -4.159670e-10 	 1.452581e-10
8 	 193 	 Ex 	 2 	 3.046632e-12 	 2.942153e-13
8 	 194 	 Ex 	 2 	 2.370919e-12 	 1.328299e-12
8 	 195 	 Ex 	 2 	 1.360920e-12 	 2.932759e-12
8 	 196 	 Ex 	 2 	 -2.272744e-13 	 5.277446e-12
8 	 197 	 Ex 	 2 	 -2.871488e-12 	 8.527762e-12
8 	 198 	 Ex 	 2 	 -7.014972e-12 	 1.301043e-11
8 	 199 	 Ex 	 2 	 -1.363822e-11 	 1.899361e-11
8 	 200 	 Ex 	 2 	 -2.441954e-11 	 2.669920e-11
8 	 201 	 Ex 	 2 	 -4.178184e-11 	 3.625827e-11
8 	 202 	 Ex 	 2 	 -6.885171e-11 	 4.764200e-11
8 	 203 	 Ex 	 2 	 -1.087072e-10 	 6.040820e-11
8 	 204 	 Ex 	 2 	 -1.619896e-10 	 7.358369e-11
8 	 205 	 Ex 	 2 	 -2.227916e-10 	 8.558675e-11
8 	 206 	 Ex 	 2 	 -2.760207e-10 	 9.441926e-11
8 	 207 	 Ex 	 2 	 -3.448766e-10 	 9.811663e-11
8 	 208 	 Ex 	 2 	 -2.895192e-10 	 9.627293e-11
8 	 209 	 Ex 	 2 	 9.054805e-13 	 -9.207287e-14
8 	 210 	 Ex 	 2 	 -3.256226e-13 	 6.904284e-13
8 	 211 	 Ex 	 2 	 -2.030868e-12 	 1.931866e-12
8 	 212 	 Ex 	 2 	 -4.621781e-12 	 3.685278e-12
8 	 213 	 Ex 	 2 	 -8.409952e-12 	 6.131941e-12
8 	 214 	 Ex 	 2 	 -1.385568e-11 	 9.476338e-12
8 	 215 	 Ex 	 2 	 -2.182052e-11 	 1.383201e-11
8 	 216 	 Ex 	 2 	 -3.344580e-11 	 1.930972e-11
8 	 217 	 Ex 	 2 	 -5.002275e-11 	 2.594066e-11
8 	 218 	 Ex 	 2 	 -7.289173e-11 	 3.360966e-11
8 	 219 	 Ex 	 2 	 -1.026883e-10 	 4.193064e-11
8 	 220 	 Ex 	 2 	 -1.381016e-10 	 5.022111e-11
8 	 221 	 Ex 	 2 	 -1.745022e-10 	 5.752256e-11
8 	 222 	 Ex 	 2 	 -2.038719e-10 	 6.276365e-11
8 	 223 	 Ex 	 2 	 -2.502214e-10 	 6.490151e-11
8 	 224 	 Ex 	 2 	 -2.111534e-10 	 6.388409e-11
8 	 225 	 Ex 	 2 	 -9.279620e-13 	 -4.322894e-13
8 	 226 	 Ex 	 2 	 -2.464582e-12 	 1.613043e-13
8 	 227 	 Ex 	 2 	 -4.666172e-12 	 1.050474e-12
8 	 228 	 Ex 	 2 	 -7.777534e-12 	 2.322438e-12
8 	 229 	 Ex 	 2 	 -1.202666e-11 	 4.123720e-12
8 	 230 	 Ex 	 2 	 -1.790044e-11 	 6.525743e-12
8 	 231 	 Ex 	 2 	 -2.597396e-11 	 9.601138e-12
8 	 232 	 Ex 	 2 	 -3.685663e-11 	 1.341572e-11
8 	 233 	 Ex 	 2 	 -5.117136e-11 	 1.795268e-11
8 	 234 	 Ex 	 2 	 -6.932840e-11 	 2.306680e-11
8 	 235 	 Ex 	 2 	 -9.106350e-11 	 2.845996e-11
8 	 236 	 Ex 	 2 	 -1.148468e-10 	 3.369037e-11
8 	 237 	 Ex 	 2 	 -1.375646e-10 	 3.819441e-11
8 	 238 	 Ex 	 2 	 -1.548818e-10 	 4.137476e-11
8 	 239 	 Ex 	 2 	 -1.884401e-10 	 4.265799e-11
8 	 240 	 Ex 	 2 	 -1.591097e-10 	 4.211850e-11
8 	 241 	 Ex 	 2 	 -2.377862e-12 	 -6.896607e-13
8 	 242 	 Ex 	 2 	 -4.118027e-12 	 -2.793991e-13
8 	 243 	 Ex 	 2 	 -6.584682e-12 	 3.119710e-13
8 	 244 	 Ex 	 2 	 -9.820350e-12 	 1.222712e-12
8 	 245 	 Ex 	 2 	 -1.412471e-11 	 2.494208e-12
8 	 246 	 Ex 	 2 	 -1.987769e-11 	 4.147125e-12
8 	 247 	 Ex 	 2 	 -2.735530e-11 	 6.264056e-12
8 	 248 	 Ex 	 2 	 -3.683438e-11 	 8.880932e-12
8 	 249 	 Ex 	 2 	 -4.860103e-11 	 1.193366e-11
8 	 250 	 Ex 	 2 	 -6.265239e-11 	 1.528755e-11
8 	 251 	 Ex 	 2 	 -7.843200e-11 	 1.875779e-11
8 	 252 	 Ex 	 2 	 -9.468863e-11 	 2.205948e-11
8 	 253 	 Ex 	 2 	 -1.094027e-10 	 2.486516e-11
8 	 254 	 Ex 	 2 	 -1.201700e-10 	 2.683234e-11
8 	 255 	 Ex 	 2 	 -1.457243e-10 	 2.762643e-11
8 	 256 	 Ex 	 2 	 -1.227392e-10 	 2.737337e-11
8 	 1 	 Ey 	 1 	 1.464049e-11 	 -4.395426e-13
8 	 2 	 Ey 	 1 	 1.883831e-11 	 -1.270366e-12
8 	 3 	 Ey 	 1 	 2.492276e-11 	 -4.968595e-13
8 	 4 	 Ey 	 1 	 3.307855e-11 	 -6.931707e-13
8 	 5 	 Ey 	 1 	 4.445517e-11 	 -7.945965e-13
8 	 6 	 Ey 	 1 	 6.034407e-11 	 -1.157261e-12
8 	 7 	 Ey 	 1 	 8.287215e-11 	 -2.686555e-13
8 	 8 	 Ey 	 1 	 1.140487e-10 	 -2.668410e-13
8 	 9 	 Ey 	 1 	 1.565121e-10 	 -1.457574e-13
8 	 10 	 Ey 	 1 	 2.111685e-10 	 2.664660e-13
8 	 11 	 Ey 	 1 	 2.730246e-10 	 4.175572e-13
8 	 12 	 Ey 	 1 	 3.235283e-10 	 6.632868e-13
8 	 13 	 Ey 	 1 	 3.236145e-10 	 7.896116e-13
8 	 14 	 Ey 	 1 	 2.277750e-10 	 7.375221e-13
8 	 15 	 Ey 	 1 	 1.334229e-11 	 1.200277e-13
8 	 16 	 Ey 	 1 	 -1.759153e-10 	 -4.549964e-13
8 	 17 	 Ey 	 1 	 1.338891e-11 	 2.051611e-13
8 	 18 	 Ey 	 1 	 1.731269e-11 	 -1.541994e-12
8 	 19 	 Ey 	 1 	 2.339058e-11 	 -5.530460e-13
8 	 20 	 Ey 	 1 	 3.187896e-11 	 -5.775971e-14
8 	 21 	 Ey 	 1 	 4.387575e-11 	 -7.379446e-13
8 	 22 	 Ey 	 1 	 6.166550e-11 	 -7.636589e-13
8 	 23 	 Ey 	 1 	 8.826020e-11 	 -2.800289e-13
8 	 24 	 Ey 	 1 	 1.282349e-10 	 -1.444213e-13
8 	 25 	 Ey 	 1 	 1.887512e-10 	 5.776810e-13
8 	 26 	 Ey 	 1 	 2.782652e-10 	 7.362597e-13
8 	 27 	 Ey 	 1 	 4.022012e-10 	 9.568639e-13
8 	 28 	 Ey 	 1 	 5.442850e-10 	 1.398223e-12
8 	 29 	 Ey 	 1 	 6.276723e-10 	 1.782831e-12
8 	 30 	 Ey 	 1 	 4.996714e-10 	 1.653137e-12
8 	 31 	 Ey 	 1 	 4.238987e-11 	 -5.743811e-13
8 	 32 	 Ey 	 1 	 -3.922893e-10 	 -2.095434e-12
8 	 33 	 Ey 	 1 	 1.113301e-11 	 -2.296391e-13
8 	 34 	 Ey 	 1 	 1.480228e-11 	 -6.688131e-13
8 	 35 	 Ey 	 1 	 2.017346e-11 	 -6.128274e-13
8 	 36 	 Ey 	 1 	 2.802248e-11 	 -4.029035e-13
8 	 37 	 Ey 	 1 	 3.963354e-11 	 -6.460975e-13
8 	 38 	 Ey 	 1 	 5.756564e-11 	 -1.137262e-13
8 	 39 	 Ey 	 1 	 8.565013e-11 	 -3.182694e-13
8 	 40 	 Ey 	 1 	 1.313633e-10 	 -1.521151e-13
8 	 41 	 Ey 	 1 	 2.078458e-10 	 2.660609e-13
8 	 42 	 Ey 	 1 	 3.383906e-10 	 7.256781e-13
8 	 43 	 Ey 	 1 	 5.601268e-10 	 1.825718e-12
8 	 44 	 Ey 	 1 	 9.076994e-10 	 3.550869e-12
8 	 45 	 Ey 	 1 	 1.304757e-09 	 5.126983e-12
8 	 46 	 Ey 	 1 	 1.290163e-09 	 5.125523e-12
8 	 47 	 Ey 	 1 	 1.517019e-10 	 4.432274e-15
8 	 48 	 Ey 	 1 	 -1.064156e-09 	 -5.102951e-12
8 	 49 	 Ey 	 1 	 8.175635e-12 	 -1.777336e-13
8 	 50 	 Ey 	 1 	 1.101919e-11 	 -5.531437e-13
8 	 51 	 Ey 	 1 	 1.525887e-11 	 -5.547674e-13
8 	 52 	 Ey 	 1 	 2.162719e-11 	 -1.077209e-13
8 	 53 	 Ey 	 1 	 3.121785e-11 	 -3.845200e-13
8 	 54 	 Ey 	 1 	 4.653660e-11 	 -2.683219e-13
8 	 55 	 Ey 	 1 	 7.179268e-11 	 -3.033723e-13
8 	 56 	 Ey 	 1 	 1.156174e-10 	 1.862954e-13
8 	 57 	 Ey 	 1 	 1.957790e-10 	 5.559550e-13
8 	 58 	 Ey 	 1 	 3.518699e-10 	 1.041993e-12
8 	 59 	 Ey 	 1 	 6.757517e-10 	 2.572407e-12
8 	 60 	 Ey 	 1 	 1.374608e-09 	 5.603237e-12
8 	 61 	 Ey 	 1 	 2.768722e-09 	 1.149493e-11
8 	 62 	 Ey 	 1 	 4.167598e-09 	 1.737004e-11
8 	 63 	 Ey 	 1 	 7.531374e-10 	 2.744805e-12
8 	 64 	 Ey 	 1 	 -3.890299e-09 	 -1.674588e-11
8 	 65 	 Ey 	 1 	 4.528097e-12 	 -4.797879e-13
8 	 66 	 Ey 	 1 	 6.337129e-12 	 -1.310682e-13
8 	 67 	 Ey 	 1 	 8.877778e-12 	 -3.643076e-13
8 	 68 	 Ey 	 1 	 1.275199e-11 	 -4.463247e-13
8 	 69 	 Ey 	 1 	 1.887169e-11 	 -3.015211e-13
8 	 70 	 Ey 	 1 	 2.878074e-11 	 -8.487144e-14
8 	 71 	 Ey 	 1 	 4.561681e-11 	 -1.816859e-13
8 	 72 	 Ey 	 1 	 7.621062e-11 	 -7.579014e-14
8 	 73 	 Ey 	 1 	 1.360620e-10 	 8.886382e-14
8 	 74 	 Ey 	 1 	 2.653764e-10 	 7.673582e-13
8 	 75 	 Ey 	 1 	 5.824191e-10 	 2.387752e-12
8 	 76 	 Ey 	 1 	 1.500229e-09 	 6.406704e-12
8 	 77 	 Ey 	 1 	 4.736970e-09 	 1.990893e-11
8 	 78 	 Ey 	 1 	 1.662223e-08 	 6.884394e-11
8 	 79 	 Ey 	 1 	 7.925007e-09 	 3.291681e-11
8 	 80 	 Ey 	 1 	 -2.223377e-08 	 -9.204599e-11
8 	 81 	 Ey 	 1 	 1.118157e-11 	 -1.362140e-13
8 	 82 	 Ey 	 1 	 1.317625e-11 	 -2.214814e-13
8 	 83 	 Ey 	 1 	 1.583303e-11 	 -2.178799e-13
8 	 84 	 Ey 	 1 	 1.936538e-11 	 -1.135771e-13
8 	 85 	 Ey 	 1 	 2.422681e-11 	 -1.057671e-13
8 	 86 	 Ey 	 1 	 3.122082e-11 	 -9.768786e-14
8 	 87 	 Ey 	 1 	 4.174730e-11 	 -9.339015e-14
8 	 88 	 Ey 	 1 	 5.863742e-11 	 8.212819e-14
8 	 89 	 Ey 	 1 	 8.812075e-11 	 2.371123e-13
8 	 90 	 Ey 	 1 	 1.460091e-10 	 5.121891e-13
8 	 91 	 Ey 	 1 	 2.803472e-10 	 1.144264e-12
8 	 92 	 Ey 	 1 	 6.833675e-10 	 2.847029e-12
8 	 93 	 Ey 	 1 	 2.552283e-09 	 1.067623e-11
8 	 94 	 Ey 	 1 	 2.356087e-08 	 9.725082e-11
8 	 95 	 Ey 	 1 	 5.374450e-06 	 2.155896e-08
8 	 96 	 Ey 	 1 	 -6.254855e-08 	 -2.557825e-10
8 	 97 	 Ey 	 1 	 -2.368925e-12 	 -2.026344e-13
8 	 98 	 Ey 	 1 	 -3.217542e-12 	 -1.856806e-13
8 	 99 	 Ey 	 1 	 -4.490098e-12 	 -1.041222e-13
8 	 100 	 Ey 	 1 	 -6.477016e-12 	 -2.221139e-13
8 	 101 	 Ey 	 1 	 -9.657712e-12 	 -2.443388e-13
8 	 102 	 Ey 	 1 	 -1.494384e-11 	 -2.354843e-13
8 	 103 	 Ey 	 1 	 -2.425992e-11 	 -1.510474e-13
8 	 104 	 Ey 	 1 	 -4.173337e-11 	 -3.050444e-13
8 	 105 	 Ey 	 1 	 -7.725224e-11 	 -3.970517e-13
8 	 106 	 Ey 	 1 	 -1.577732e-10 	 -7.658950e-13
8 	 107 	 Ey 	 1 	 -3.698298e-10 	 -1.708743e-12
8 	 108 	 Ey 	 1 	 -1.065707e-09 	 -4.648624e-12
8 	 109 	 Ey 	 1 	 -4.280571e-09 	 -1.798861e-11
8 	 110 	 Ey 	 1 	 -2.973372e-08 	 -1.225136e-10
8 	 111 	 Ey 	 1 	 5.642880e-08 	 2.188083e-10
8 	 112 	 Ey 	 1 	 6.561431e-08 	 2.689025e-10
8 	 113 	 Ey 	 1 	 -7.382109e-12 	 -1.295980e-13
8 	 114 	 Ey 	 1 	 -9.700333e-12 	 -1.208229e-13
8 	 115 	 Ey 	 1 	 -1.306673e-11 	 -2.432268e-14
8 	 116 	 Ey 	 1 	 -1.816269e-11 	 -2.128307e-13
8 	 117 	 Ey 	 1 	 -2.595120e-11 	 -1.326114e-13
8 	 118 	 Ey 	 1 	 -3.854830e-11 	 -2.453004e-13
8 	 119 	 Ey 	 1 	 -5.976147e-11 	 -1.584025e-13
8 	 120 	 Ey 	 1 	 -9.759890e-11 	 -4.896914e-13
8 	 121 	 Ey 	 1 	 -1.697792e-10 	 -6.727057e-13
8 	 122 	 Ey 	 1 	 -3.194969e-10 	 -1.219887e-12
8 	 123 	 Ey 	 1 	 -6.630213e-10 	 -2.879955e-12
8 	 124 	 Ey 	 1 	 -1.542982e-09 	 -6.614744e-12
8 	 125 	 Ey 	 1 	 -3.959068e-09 	 -1.668442e-11
8 	 126 	 Ey 	 1 	 -8.894517e-09 	 -3.718463e-11
8 	 127 	 Ey 	 1 	 -2.621160e-09 	 -1.078737e-11
8 	 128 	 Ey 	 1 	 9.623934e-09 	 4.040196e-11
8 	 129 	 Ey 	 1 	 -1.079027e-11 	 -2.437971e-13
8 	 130 	 Ey 	 1 	 -1.409715e-11 	 5.388591e-14
8 	 131 	 Ey 	 1 	 -1.890993e-11 	 8.404576e-14
8 	 132 	 Ey 	 1 	 -2.605865e-11 	 -2.269592e-13
8 	 133 	 Ey 	 1 	 -3.673619e-11 	 2.562287e-14
8 	 134 	 Ey 	 1 	 -5.354889e-11 	 -3.393629e-13
8 	 135 	 Ey 	 1 	 -8.064940e-11 	 -1.511099e-13
8 	 136 	 Ey 	 1 	 -1.264742e-10 	 -4.188310e-13
8 	 137 	 Ey 	 1 	 -2.072165e-10 	 -7.895593e-13
8 	 138 	 Ey 	 1 	 -3.559299e-10 	 -1.197384e-12
8 	 139 	 Ey 	 1 	 -6.389211e-10 	 -2.615490e-12
8 	 140 	 Ey 	 1 	 -1.168505e-09 	 -4.900058e-12
8 	 141 	 Ey 	 1 	 -1.992091e-09 	 -8.314743e-12
8 	 142 	 Ey 	 1 	 -2.398260e-09 	 -9.889587e-12
8 	 143 	 Ey 	 1 	 -3.774490e-10 	 -1.133268e-12
8 	 144 	 Ey 	 1 	 2.088918e-09 	 9.484431e-12
8 	 145 	 Ey 	 1 	 -1.354596e-11 	 -5.078961e-13
8 	 146 	 Ey 	 1 	 -1.741027e-11 	 5.012286e-13
8 	 147 	 Ey 	 1 	 -2.319385e-11 	 5.684941e-14
8 	 148 	 Ey 	 1 	 -3.145796e-11 	 -2.858986e-13
8 	 149 	 Ey 	 1 	 -4.340171e-11 	 1.836621e-13
8 	 150 	 Ey 	 1 	 -6.153610e-11 	 -2.181787e-13
8 	 151 	 Ey 	 1 	 -8.932355e-11 	 -2.190869e-13
8 	 152 	 Ey 	 1 	 -1.330566e-10 	 -2.962958e-13
8 	 153 	 Ey 	 1 	 -2.031334e-10 	 -8.304567e-13
8 	 154 	 Ey 	 1 	 -3.154074e-10 	 -1.041864e-12
8 	 155 	 Ey 	 1 	 -4.895489e-10 	 -1.684599e-12
8 	 156 	 Ey 	 1 	 -7.271174e-10 	 -2.783198e-12
8 	 157 	 Ey 	 1 	 -9.358656e-10 	 -3.516283e-12
8 	 158 	 Ey 	 1 	 -8.262984e-10 	 -3.078717e-12
8 	 159 	 Ey 	 1 	 -9.172563e-11 	 3.788257e-13
8 	 160 	 Ey 	 1 	 6.637866e-10 	 3.568015e-12
8 	 161 	 Ey 	 1 	 -1.546347e-11 	 -5.478696e-13
8 	 162 	 Ey 	 1 	 -1.959364e-11 	 8.757148e-13
8 	 163 	 Ey 	 1 	 -2.580142e-11 	 -1.226417e-13
8 	 164 	 Ey 	 1 	 -3.425252e-11 	 -2.102612e-13
8 	 165 	 Ey 	 1 	 -4.611817e-11 	 1.212261e-13
8 	 166 	 Ey 	 1 	 -6.320366e-11 	 2.770037e-13
8 	 167 	 Ey 	 1 	 -8.812871e-11 	 -3.684297e-13
8 	 168 	 Ey 	 1 	 -1.242200e-10 	 -2.316388e-13
8 	 169 	 Ey 	 1 	 -1.764093e-10 	 -7.101911e-13
8 	 170 	 Ey 	 1 	 -2.489474e-10 	 -1.027619e-12
8 	 171 	 Ey 	 1 	 -3.407942e-10 	 -1.073785e-12
8 	 172 	 Ey 	 1 	 -4.319123e-10 	 -1.316938e-12
8 	 173 	 Ey 	 1 	 -4.636972e-10 	 -1.228718e-12
8 	 174 	 Ey 	 1 	 -3.464919e-10 	 -1.057345e-12
8 	 175 	 Ey 	 1 	 -2.796552e-11 	 5.309566e-13
8 	 176 	 Ey 	 1 	 2.699497e-10 	 1.572199e-12
8 	 177 	 Ey 	 1 	 -1.653764e-11 	 -2.199583e-13
8 	 178 	 Ey 	 1 	 -2.078981e-11 	 6.072407e-13
8 	 179 	 Ey 	 1 	 -2.677466e-11 	 6.598524e-14
8 	 180 	 Ey 	 1 	 -3.480639e-11 	 -2.207385e-13
8 	 181 	 Ey 	 1 	 -4.560547e-11 	 4.850864e-14
8 	 182 	 Ey 	 1 	 -6.030165e-11 	 7.848411e-13
8 	 183 	 Ey 	 1 	 -8.063425e-11 	 -1.409166e-13
8 	 184 	 Ey 	 1 	 -1.078501e-10 	 -7.097054e-13
8 	 185 	 Ey 	 1 	 -1.430249e-10 	 -5.612483e-13
8 	 186 	 Ey 	 1 	 -1.856114e-10 	 -7.542460e-13
8 	 187 	 Ey 	 1 	 -2.295683e-10 	 -7.730786e-13
8 	 188 	 Ey 	 1 	 -2.591696e-10 	 -7.256099e-13
8 	 189 	 Ey 	 1 	 -2.471006e-10 	 -7.396514e-13
8 	 190 	 Ey 	 1 	 -1.671952e-10 	 -7.068710e-13
8 	 191 	 Ey 	 1 	 -8.915359e-12 	 -1.880010e-13
8 	 192 	 Ey 	 1 	 1.297639e-10 	 1.868814e-13
8 	 193 	 Ey 	 1 	 -1.687165e-11 	 1.900143e-13
8 	 194 	 Ey 	 1 	 -2.105742e-11 	 6.299007e-14
8 	 195 	 Ey 	 1 	 -2.639902e-11 	 5.700197e-13
8 	 196 	 Ey 	 1 	 -3.364709e-11 	 -3.218981e-13
8 	 197 	 Ey 	 1 	 -4.279012e-11 	 3.707156e-13
8 	 198 	 Ey 	 1 	 -5.479201e-11 	 5.359687e-13
8 	 199 	 Ey 	 1 	 -7.017010e-11 	 4.121938e-13
8 	 200 	 Ey 	 1 	 -8.940804e-11 	 -6.975660e-13
8 	 201 	 Ey 	 1 	 -1.116904e-10 	 -6.354472e-13
8 	 202 	 Ey 	 1 	 -1.349679e-10 	 -1.336124e-13
8 	 203 	 Ey 	 1 	 -1.542119e-10 	 -3.160923e-13
8 	 204 	 Ey 	 1 	 -1.600494e-10 	 -6.265494e-13
8 	 205 	 Ey 	 1 	 -1.408475e-10 	 -1.150243e-12
8 	 206 	 Ey 	 1 	 -8.927687e-11 	 -1.071611e-12
8 	 207 	 Ey 	 1 	 -2.108145e-12 	 -1.099892e-12
8 	 208 	 Ey 	 1 	 7.041220e-11 	 -8.415451e-13
8 	 209 	 Ey 	 1 	 -1.652352e-11 	 1.005428e-12
8 	 210 	 Ey 	 1 	 -2.052443e-11 	 -3.099495e-13
8 	 211 	 Ey 	 1 	 -2.519978e-11 	 2.805951e-13
8 	 212 	 Ey 	 1 	 -3.110958e-11 	 8.578492e-13
8 	 213 	 Ey 	 1 	 -3.879514e-11 	 6.844053e-14
8 	 214 	 Ey 	 1 	 -4.809803e-11 	 3.856641e-14
8 	 215 	 Ey 	 1 	 -5.921223e-11 	 2.106212e-13
8 	 216 	 Ey 	 1 	 -7.187981e-11 	 6.501326e-13
8 	 217 	 Ey 	 1 	 -8.542324e-11 	 1.867541e-14
8 	 218 	 Ey 	 1 	 -9.758878e-11 	 -2.423197e-13
8 	 219 	 Ey 	 1 	 -1.047236e-10 	 -2.440167e-13
8 	 220 	 Ey 	 1 	 -1.020701e-10 	 -4.087424e-13
8 	 221 	 Ey 	 1 	 -8.484678e-11 	 -9.011582e-13
8 	 222 	 Ey 	 1 	 -5.118861e-11 	 -6.709424e-13
8 	 223 	 Ey 	 1 	 7.235389e-13 	 -8.928091e-13
8 	 224 	 Ey 	 1 	 4.204767e-11 	 -6.902340e-13
8 	 225 	 Ey 	 1 	 -1.587699e-11 	 9.461661e-13
8 	 226 	 Ey 	 1 	 -1.940570e-11 	 -5.333201e-13
8 	 227 	 Ey 	 1 	 -2.326471e-11 	 5.739500e-13
8 	 228 	 Ey 	 1 	 -2.808131e-11 	 1.233166e-12
8 	 229 	 Ey 	 1 	 -3.420412e-11 	 -2.464549e-14
8 	 230 	 Ey 	 1 	 -4.115368e-11 	 -2.381369e-13
8 	 231 	 Ey 	 1 	 -4.883651e-11 	 4.611429e-13
8 	 232 	 Ey 	 1 	 -5.698924e-11 	 8.783140e-13
8 	 233 	 Ey 	 1 	 -6.474359e-11 	 1.010227e-12
8 	 234 	 Ey 	 1 	 -7.067775e-11 	 6.062839e-14
8 	 235 	 Ey 	 1 	 -7.232089e-11 	 -4.162524e-13
8 	 236 	 Ey 	 1 	 -6.715014e-11 	 -2.812371e-13
8 	 237 	 Ey 	 1 	 -5.327502e-11 	 2.584813e-13
8 	 238 	 Ey 	 1 	 -3.075504e-11 	 5.947293e-13
8 	 239 	 Ey 	 1 	 2.186663e-12 	 7.642949e-13
8 	 240 	 Ey 	 1 	 2.729125e-11 	 7.712953e-13
8 	 241 	 Ey 	 1 	 -1.515134e-11 	 -6.547062e-13
8 	 242 	 Ey 	 1 	 -1.750004e-11 	 1.814012e-12
8 	 243 	 Ey 	 1 	 -2.109000e-11 	 2.572363e-13
8 	 244 	 Ey 	 1 	 -2.508918e-11 	 -2.518699e-13
8 	 245 	 Ey 	 1 	 -2.938885e-11 	 9.163395e-13
8 	 246 	 Ey 	 1 	 -3.445337e-11 	 4.334356e-13
8 	 247 	 Ey 	 1 	 -3.976763e-11 	 3.754880e-13
8 	 248 	 Ey 	 1 	 -4.491799e-11 	 3.295413e-13
8 	 249 	 Ey 	 1 	 -4.926956e-11 	 -1.040485e-13
8 	 250 	 Ey 	 1 	 -5.155409e-11 	 1.925580e-13
8 	 251 	 Ey 	 1 	 -5.063735e-11 	 4.244759e-13
8 	 252 	 Ey 	 1 	 -4.526316e-11 	 4.933791e-13
8 	 253 	 Ey 	 1 	 -3.462821e-11 	 9.459621e-13
8 	 254 	 Ey 	 1 	 -1.923981e-11 	 7.075954e-13
8 	 255 	 Ey 	 1 	 2.751453e-12 	 1.314388e-12
8 	 256 	 Ey 	 1 	 1.875110e-11 	 1.014478e-12
8 	 1 	 Ey 	 2 	 1.573168e-11 	 -8.053862e-13
8 	 2 	 Ey 	 2 	 2.018654e-11 	 -8.967031e-13
8 	 3 	 Ey 	 2 	 2.624722e-11 	 -9.688440e-13
8 	 4 	 Ey 	 2 	 3.454474e-11 	 -1.032343e-12
8 	 5 	 Ey 	 2 	 4.603861e-11 	 -1.074275e-12
8 	 6 	 Ey 	 2 	 6.207290e-11 	 -1.090141e-12
8 	 7 	 Ey 	 2 	 8.454135e-11 	 -1.066567e-12
8 	 8 	 Ey 	 2 	 1.157928e-10 	 -1.002485e-12
8 	 9 	 Ey 	 2 	 1.583090e-10 	 -8.888422e-13
8 	 10 	 Ey 	 2 	 2.129969e-10 	 -7.394689e-13
8 	 11 	 Ey 	 2 	 2.749038e-10 	 -5.560014e-13
8 	 12 	 Ey 	 2 	 3.253528e-10 	 -3.792018e-13
8 	 13 	 Ey 	 2 	 3.251943e-10 	 -2.943462e-13
8 	 14 	 Ey 	 2 	 2.288174e-10 	 -4.049075e-13
8 	 15 	 Ey 	 2 	 1.345971e-11 	 -6.637476e-13
8 	 16 	 Ey 	 2 	 -1.765934e-10 	 -1.017100e-12
8 	 17 	 Ey 	 2 	 1.421640e-11 	 -6.799754e-13
8 	 18 	 Ey 	 2 	 1.851695e-11 	 -7.532019e-13
8 	 19 	 Ey 	 2 	 2.452793e-11 	 -8.057972e-13
8 	 20 	 Ey 	 2 	 3.301785e-11 	 -8.454177e-13
8 	 21 	 Ey 	 2 	 4.521584e-11 	 -8.714110e-13
8 	 22 	 Ey 	 2 	 6.308429e-11 	 -8.659810e-13
8 	 23 	 Ey 	 2 	 8.968148e-11 	 -8.231260e-13
8 	 24 	 Ey 	 2 	 1.297645e-10 	 -7.410409e-13
8 	 25 	 Ey 	 2 	 1.903082e-10 	 -5.910030e-13
8 	 26 	 Ey 	 2 	 2.800122e-10 	 -3.684614e-13
8 	 27 	 Ey 	 2 	 4.042301e-10 	 -1.110507e-13
8 	 28 	 Ey 	 2 	 5.466126e-10 	 1.519119e-13
8 	 29 	 Ey 	 2 	 6.300649e-10 	 3.069752e-13
8 	 30 	 Ey 	 2 	 5.013951e-10 	 1.501610e-13
8 	 31 	 Ey 	 2 	 4.269787e-11 	 -4.886594e-13
8 	 32 	 Ey 	 2 	 -3.934448e-10 	 -1.254127e-12
8 	 33 	 Ey 	 2 	 1.187514e-11 	 -5.758596e-13
8 	 34 	 Ey 	 2 	 1.569209e-11 	 -6.262653e-13
8 	 35 	 Ey 	 2 	 2.112188e-11 	 -6.653634e-13
8 	 36 	 Ey 	 2 	 2.900546e-11 	 -6.906954e-13
8 	 37 	 Ey 	 2 	 4.072643e-11 	 -7.005986e-13
8 	 38 	 Ey 	 2 	 5.865265e-11 	 -6.819195e-13
8 	 39 	 Ey 	 2 	 8.686329e-11 	 -6.308312e-13
8 	 40 	 Ey 	 2 	 1.326782e-10 	 -5.259173e-13
8 	 41 	 Ey 	 2 	 2.093112e-10 	 -3.557153e-13
8 	 42 	 Ey 	 2 	 3.401619e-10 	 -8.213548e-14
8 	 43 	 Ey 	 2 	 5.623782e-10 	 3.469799e-13
8 	 44 	 Ey 	 2 	 9.107541e-10 	 8.933023e-13
8 	 45 	 Ey 	 2 	 1.308845e-09 	 1.354623e-12
8 	 46 	 Ey 	 2 	 1.293970e-09 	 1.267874e-12
8 	 47 	 Ey 	 2 	 1.522612e-10 	 -1.624922e-13
8 	 48 	 Ey 	 2 	 -1.067168e-09 	 -1.917142e-12
8 	 49 	 Ey 	 2 	 8.767011e-12 	 -4.838012e-13
8 	 50 	 Ey 	 2 	 1.172407e-11 	 -5.185805e-13
8 	 51 	 Ey 	 2 	 1.600309e-11 	 -5.431117e-13
8 	 52 	 Ey 	 2 	 2.235180e-11 	 -5.561672e-13
8 	 53 	 Ey 	 2 	 3.204651e-11 	 -5.572493e-13
8 	 54 	 Ey 	 2 	 4.740801e-11 	 -5.344513e-13
8 	 55 	 Ey 	 2 	 7.274344e-11 	 -4.799083e-13
8 	 56 	 Ey 	 2 	 1.166184e-10 	 -3.767008e-13
8 	 57 	 Ey 	 2 	 1.969372e-10 	 -1.963818e-13
8 	 58 	 Ey 	 2 	 3.534293e-10 	 1.144005e-13
8 	 59 	 Ey 	 2 	 6.781608e-10 	 6.192357e-13
8 	 60 	 Ey 	 2 	 1.378856e-09 	 1.570114e-12
8 	 61 	 Ey 	 2 	 2.776742e-09 	 3.050303e-12
8 	 62 	 Ey 	 2 	 4.179428e-09 	 4.045951e-12
8 	 63 	 Ey 	 2 	 7.553235e-10 	 7.633745e-13
8 	 64 	 Ey 	 2 	 -3.901294e-09 	 -4.258664e-12
8 	 65 	 Ey 	 2 	 5.028759e-12 	 -4.034416e-13
8 	 66 	 Ey 	 2 	 6.812826e-12 	 -4.215464e-13
8 	 67 	 Ey 	 2 	 9.416320e-12 	 -4.357258e-13
8 	 68 	 Ey 	 2 	 1.333714e-11 	 -4.418959e-13
8 	 69 	 Ey 	 2 	 1.944586e-11 	 -4.347476e-13
8 	 70 	 Ey 	 2 	 2.935840e-11 	 -4.117424e-13
8 	 71 	 Ey 	 2 	 4.625693e-11 	 -3.684262e-13
8 	 72 	 Ey 	 2 	 7.690337e-11 	 -2.861186e-13
8 	 73 	 Ey 	 2 	 1.369087e-10 	 -1.462689e-13
8 	 74 	 Ey 	 2 	 2.664842e-10 	 1.236461e-13
8 	 75 	 Ey 	 2 	 5.843022e-10 	 6.308153e-13
8 	 76 	 Ey 	 2 	 1.504587e-09 	 1.761756e-12
8 	 77 	 Ey 	 2 	 4.750404e-09 	 4.664351e-12
8 	 78 	 Ey 	 2 	 1.666906e-08 	 1.224684e-11
8 	 79 	 Ey 	 2 	 7.947346e-09 	 6.393020e-12
8 	 80 	 Ey 	 2 	 -2.229650e-08 	 -1.511629e-11
8 	 81 	 Ey 	 2 	 1.153125e-11 	 -3.165524e-13
8 	 82 	 Ey 	 2 	 1.356305e-11 	 -3.223665e-13
8 	 83 	 Ey 	 2 	 1.621069e-11 	 -3.217578e-13
8 	 84 	 Ey 	 2 	 1.974795e-11 	 -3.174973e-13
8 	 85 	 Ey 	 2 	 2.462720e-11 	 -3.055252e-13
8 	 86 	 Ey 	 2 	 3.162318e-11 	 -2.828648e-13
8 	 87 	 Ey 	 2 	 4.215985e-11 	 -2.499593e-13
8 	 88 	 Ey 	 2 	 5.906400e-11 	 -1.977766e-13
8 	 89 	 Ey 	 2 	 8.860812e-11 	 -1.256387e-13
8 	 90 	 Ey 	 2 	 1.465933e-10 	 -1.771281e-15
8 	 91 	 Ey 	 2 	 2.812330e-10 	 2.436208e-13
8 	 92 	 Ey 	 2 	 6.853376e-10 	 7.611942e-13
8 	 93 	 Ey 	 2 	 2.559450e-09 	 2.458660e-12
8 	 94 	 Ey 	 2 	 2.362713e-08 	 1.475611e-11
8 	 95 	 Ey 	 2 	 5.389595e-06 	 9.205680e-10
8 	 96 	 Ey 	 2 	 -6.272498e-08 	 -3.035861e-11
8 	 97 	 Ey 	 2 	 -2.164042e-12 	 -2.640343e-13
8 	 98 	 Ey 	 2 	 -3.029738e-12 	 -2.599950e-13
8 	 99 	 Ey 	 2 	 -4.326584e-12 	 -2.545000e-13
8 	 100 	 Ey 	 2 	 -6.329859e-12 	 -2.448081e-13
8 	 101 	 Ey 	 2 	 -9.532162e-12 	 -2.369611e-13
8 	 102 	 Ey 	 2 	 -1.487137e-11 	 -2.285302e-13
8 	 103 	 Ey 	 2 	 -2.424722e-11 	 -2.250695e-13
8 	 104 	 Ey 	 2 	 -4.178440e-11 	 -2.322872e-13
8 	 105 	 Ey 	 2 	 -7.742793e-11 	 -2.657705e-13
8 	 106 	 Ey 	 2 	 -1.581743e-10 	 -3.853730e-13
8 	 107 	 Ey 	 2 	 -3.708694e-10 	 -6.410767e-13
8 	 108 	 Ey 	 2 	 -1.068756e-09 	 -1.375341e-12
8 	 109 	 Ey 	 2 	 -4.292676e-09 	 -4.090303e-12
8 	 110 	 Ey 	 2 	 -2.981755e-08 	 -1.841978e-11
8 	 111 	 Ey 	 2 	 5.658743e-08 	 -2.239046e-11
8 	 112 	 Ey 	 2 	 6.579899e-08 	 3.321591e-11
8 	 113 	 Ey 	 2 	 -7.308299e-12 	 -2.025570e-13
8 	 114 	 Ey 	 2 	 -9.665269e-12 	 -1.875356e-13
8 	 115 	 Ey 	 2 	 -1.308321e-11 	 -1.724409e-13
8 	 116 	 Ey 	 2 	 -1.818828e-11 	 -1.606372e-13
8 	 117 	 Ey 	 2 	 -2.606443e-11 	 -1.490674e-13
8 	 118 	 Ey 	 2 	 -3.871839e-11 	 -1.466429e-13
8 	 119 	 Ey 	 2 	 -6.002767e-11 	 -1.599687e-13
8 	 120 	 Ey 	 2 	 -9.798095e-11 	 -2.031429e-13
8 	 121 	 Ey 	 2 	 -1.704022e-10 	 -2.982351e-13
8 	 122 	 Ey 	 2 	 -3.205875e-10 	 -5.050067e-13
8 	 123 	 Ey 	 2 	 -6.650198e-10 	 -9.837791e-13
8 	 124 	 Ey 	 2 	 -1.547461e-09 	 -1.997092e-12
8 	 125 	 Ey 	 2 	 -3.970436e-09 	 -4.131464e-12
8 	 126 	 Ey 	 2 	 -8.919673e-09 	 -7.595512e-12
8 	 127 	 Ey 	 2 	 -2.628762e-09 	 -2.189647e-12
8 	 128 	 Ey 	 2 	 9.650726e-09 	 8.425527e-12
8 	 129 	 Ey 	 2 	 -1.080795e-11 	 -1.455715e-13
8 	 130 	 Ey 	 2 	 -1.421458e-11 	 -1.196863e-13
8 	 131 	 Ey 	 2 	 -1.909287e-11 	 -9.629085e-14
8 	 132 	 Ey 	 2 	 -2.625240e-11 	 -7.787920e-14
8 	 133 	 Ey 	 2 	 -3.705280e-11 	 -6.303023e-14
8 	 134 	 Ey 	 2 	 -5.390210e-11 	 -6.288522e-14
8 	 135 	 Ey 	 2 	 -8.115875e-11 	 -8.050116e-14
8 	 136 	 Ey 	 2 	 -1.271137e-10 	 -1.362329e-13
8 	 137 	 Ey 	 2 	 -2.080972e-10 	 -2.531516e-13
8 	 138 	 Ey 	 2 	 -3.572858e-10 	 -4.663672e-13
8 	 139 	 Ey 	 2 	 -6.410101e-10 	 -8.799688e-13
8 	 140 	 Ey 	 2 	 -1.172075e-09 	 -1.523119e-12
8 	 141 	 Ey 	 2 	 -1.998006e-09 	 -2.293338e-12
8 	 142 	 Ey 	 2 	 -2.405286e-09 	 -2.393326e-12
8 	 143 	 Ey 	 2 	 -3.788231e-10 	 -7.915762e-14
8 	 144 	 Ey 	 2 	 2.094399e-09 	 3.172080e-12
8 	 145 	 Ey 	 2 	 -1.361387e-11 	 -9.231016e-14
8 	 146 	 Ey 	 2 	 -1.772045e-11 	 -5.334028e-14
8 	 147 	 Ey 	 2 	 -2.350310e-11 	 -2.436401e-14
8 	 148 	 Ey 	 2 	 -3.178389e-11 	 6.780753e-16
8 	 149 	 Ey 	 2 	 -4.390258e-11 	 2.202230e-14
8 	 150 	 Ey 	 2 	 -6.208111e-11 	 2.711141e-14
8 	 151 	 Ey 	 2 	 -8.999876e-11 	 1.284509e-14
8 	 152 	 Ey 	 2 	 -1.338939e-10 	 -3.304468e-14
8 	 153 	 Ey 	 2 	 -2.041163e-10 	 -1.343586e-13
8 	 154 	 Ey 	 2 	 -3.167669e-10 	 -2.857126e-13
8 	 155 	 Ey 	 2 	 -4.914101e-10 	 -5.216409e-13
8 	 156 	 Ey 	 2 	 -7.296015e-10 	 -8.183608e-13
8 	 157 	 Ey 	 2 	 -9.389634e-10 	 -9.531562e-13
8 	 158 	 Ey 	 2 	 -8.290275e-10 	 -6.075646e-13
8 	 159 	 Ey 	 2 	 -9.240701e-11 	 5.055737e-13
8 	 160 	 Ey 	 2 	 6.652053e-10 	 1.902152e-12
8 	 161 	 Ey 	 2 	 -1.562330e-11 	 -3.824226e-14
8 	 162 	 Ey 	 2 	 -2.007083e-11 	 1.044712e-14
8 	 163 	 Ey 	 2 	 -2.619756e-11 	 4.516494e-14
8 	 164 	 Ey 	 2 	 -3.471443e-11 	 7.820132e-14
8 	 165 	 Ey 	 2 	 -4.673799e-11 	 1.070434e-13
8 	 166 	 Ey 	 2 	 -6.396313e-11 	 1.222968e-13
8 	 167 	 Ey 	 2 	 -8.890558e-11 	 1.173711e-13
8 	 168 	 Ey 	 2 	 -1.251848e-10 	 9.739907e-14
8 	 169 	 Ey 	 2 	 -1.774839e-10 	 4.106318e-14
8 	 170 	 Ey 	 2 	 -2.502182e-10 	 -5.346276e-14
8 	 171 	 Ey 	 2 	 -3.423163e-10 	 -1.838621e-13
8 	 172 	 Ey 	 2 	 -4.337273e-10 	 -2.375710e-13
8 	 173 	 Ey 	 2 	 -4.655927e-10 	 -1.705621e-13
8 	 174 	 Ey 	 2 	 -3.479333e-10 	 1.481664e-13
8 	 175 	 Ey 	 2 	 -2.853543e-11 	 8.002518e-13
8 	 176 	 Ey 	 2 	 2.703194e-10 	 1.500367e-12
8 	 177 	 Ey 	 2 	 -1.683221e-11 	 1.659900e-14
8 	 178 	 Ey 	 2 	 -2.130750e-11 	 7.000727e-14
8 	 179 	 Ey 	 2 	 -2.730017e-11 	 1.140246e-13
8 	 180 	 Ey 	 2 	 -3.537336e-11 	 1.536467e-13
8 	 181 	 Ey 	 2 	 -4.632259e-11 	 1.899218e-13
8 	 182 	 Ey 	 2 	 -6.124252e-11 	 2.177415e-13
8 	 183 	 Ey 	 2 	 -8.153857e-11 	 2.254771e-13
8 	 184 	 Ey 	 2 	 -1.087680e-10 	 2.163024e-13
8 	 185 	 Ey 	 2 	 -1.441181e-10 	 2.066082e-13
8 	 186 	 Ey 	 2 	 -1.867937e-10 	 1.624372e-13
8 	 187 	 Ey 	 2 	 -2.308855e-10 	 1.384624e-13
8 	 188 	 Ey 	 2 	 -2.605277e-10 	 1.458276e-13
8 	 189 	 Ey 	 2 	 -2.483753e-10 	 2.656209e-13
8 	 190 	 Ey 	 2 	 -1.681309e-10 	 5.276949e-13
8 	 191 	 Ey 	 2 	 -9.305534e-12 	 9.233267e-13
8 	 192 	 Ey 	 2 	 1.298723e-10 	 1.374090e-12
8 	 193 	 Ey 	 2 	 -1.731579e-11 	 7.349230e-14
8 	 194 	 Ey 	 2 	 -2.157275e-11 	 1.294229e-13
8 	 195 	 Ey 	 2 	 -2.709410e-11 	 1.838162e-13
8 	 196 	 Ey 	 2 	 -3.429738e-11 	 2.277071e-13
8 	 197 	 Ey 	 2 	 -4.365363e-11 	 2.732317e-13
8 	 198 	 Ey 	 2 	 -5.577097e-11 	 3.073575e-13
8 	 199 	 Ey 	 2 	 -7.122465e-11 	 3.314626e-13
8 	 200 	 Ey 	 2 	 -9.037447e-11 	 3.444422e-13
8 	 201 	 Ey 	 2 	 -1.127467e-10 	 3.507356e-13
8 	 202 	 Ey 	 2 	 -1.361798e-10 	 3.572553e-13
8 	 203 	 Ey 	 2 	 -1.554216e-10 	 3.758896e-13
8 	 204 	 Ey 	 2 	 -1.611557e-10 	 4.207962e-13
8 	 205 	 Ey 	 2 	 -1.417607e-10 	 5.472740e-13
8 	 206 	 Ey 	 2 	 -8.992647e-11 	 7.453857e-13
8 	 207 	 Ey 	 2 	 -2.380958e-12 	 1.024400e-12
8 	 208 	 Ey 	 2 	 7.045616e-11 	 1.337802e-12
8 	 209 	 Ey 	 2 	 -1.718965e-11 	 1.359954e-13
8 	 210 	 Ey 	 2 	 -2.106619e-11 	 1.921260e-13
8 	 211 	 Ey 	 2 	 -2.593232e-11 	 2.524750e-13
8 	 212 	 Ey 	 2 	 -3.204613e-11 	 3.087484e-13
8 	 213 	 Ey 	 2 	 -3.968358e-11 	 3.534946e-13
8 	 214 	 Ey 	 2 	 -4.905868e-11 	 3.937014e-13
8 	 215 	 Ey 	 2 	 -6.027546e-11 	 4.269836e-13
8 	 216 	 Ey 	 2 	 -7.309633e-11 	 4.604470e-13
8 	 217 	 Ey 	 2 	 -8.660075e-11 	 4.860703e-13
8 	 218 	 Ey 	 2 	 -9.871538e-11 	 5.051337e-13
8 	 219 	 Ey 	 2 	 -1.058682e-10 	 5.529150e-13
8 	 220 	 Ey 	 2 	 -1.031095e-10 	 6.174156e-13
8 	 221 	 Ey 	 2 	 -8.565629e-11 	 7.223917e-13
8 	 222 	 Ey 	 2 	 -5.182284e-11 	 8.777769e-13
8 	 223 	 Ey 	 2 	 4.142989e-13 	 1.074857e-12
8 	 224 	 Ey 	 2 	 4.196542e-11 	 1.306082e-12
8 	 225 	 Ey 	 2 	 -1.660402e-11 	 1.989054e-13
8 	 226 	 Ey 	 2 	 -2.000373e-11 	 2.603113e-13
8 	 227 	 Ey 	 2 	 -2.413544e-11 	 3.272379e-13
8 	 228 	 Ey 	 2 	 -2.914896e-11 	 3.874601e-13
8 	 229 	 Ey 	 2 	 -3.515781e-11 	 4.349661e-13
8 	 230 	 Ey 	 2 	 -4.215755e-11 	 4.825948e-13
8 	 231 	 Ey 	 2 	 -5.000627e-11 	 5.256351e-13
8 	 232 	 Ey 	 2 	 -5.828212e-11 	 5.654575e-13
8 	 233 	 Ey 	 2 	 -6.607494e-11 	 5.999398e-13
8 	 234 	 Ey 	 2 	 -7.184837e-11 	 6.319816e-13
8 	 235 	 Ey 	 2 	 -7.337767e-11 	 6.768832e-13
8 	 236 	 Ey 	 2 	 -6.814079e-11 	 7.409792e-13
8 	 237 	 Ey 	 2 	 -5.422931e-11 	 8.348066e-13
8 	 238 	 Ey 	 2 	 -3.156930e-11 	 9.565787e-13
8 	 239 	 Ey 	 2 	 1.588077e-12 	 1.104948e-12
8 	 240 	 Ey 	 2 	 2.691293e-11 	 1.276592e-12
8 	 241 	 Ey 	 2 	 -1.570040e-11 	 2.644888e-13
8 	 242 	 Ey 	 2 	 -1.856096e-11 	 3.462067e-13
8 	 243 	 Ey 	 2 	 -2.199465e-11 	 4.064999e-13
8 	 244 	 Ey 	 2 	 -2.599659e-11 	 4.665174e-13
8 	 245 	 Ey 	 2 	 -3.056867e-11 	 5.261075e-13
8 	 246 	 Ey 	 2 	 -3.563802e-11 	 5.773739e-13
8 	 247 	 Ey 	 2 	 -4.098450e-11 	 6.212799e-13
8 	 248 	 Ey 	 2 	 -4.615704e-11 	 6.619233e-13
8 	 249 	 Ey 	 2 	 -5.043791e-11 	 6.952929e-13
8 	 250 	 Ey 	 2 	 -5.274606e-11 	 7.337349e-13
8 	 251 	 Ey 	 2 	 -5.181060e-11 	 7.769909e-13
8 	 252 	 Ey 	 2 	 -4.636220e-11 	 8.315915e-13
8 	 253 	 Ey 	 2 	 -3.566564e-11 	 9.038819e-13
8 	 254 	 Ey 	 2 	 -2.005261e-11 	 9.901978e-13
8 	 255 	 Ey 	 2 	 2.044700e-12 	 1.100283e-12
8 	 256 	 Ey 	 2 	 1.830543e-11 	 1.226205e-12
