iTx 	 iRx    ichrec  ifreq 	 sig_misfit   x       y      z
12 	 1 	 Ex 	 1 	 9.713516e-01 	 -1.800000e+03 	 -1.800000e+03 	 2.000000e+00
12 	 2 	 Ex 	 1 	 9.063131e-01 	 -1.560000e+03 	 -1.800000e+03 	 2.000000e+00
12 	 3 	 Ex 	 1 	 1.446759e+00 	 -1.320000e+03 	 -1.800000e+03 	 2.000000e+00
12 	 4 	 Ex 	 1 	 1.484164e+00 	 -1.080000e+03 	 -1.800000e+03 	 2.000000e+00
12 	 5 	 Ex 	 1 	 6.147676e-01 	 -8.400000e+02 	 -1.800000e+03 	 2.000000e+00
12 	 6 	 Ex 	 1 	 2.152062e+00 	 -6.000000e+02 	 -1.800000e+03 	 2.000000e+00
12 	 7 	 Ex 	 1 	 2.005236e+00 	 -3.600000e+02 	 -1.800000e+03 	 2.000000e+00
12 	 8 	 Ex 	 1 	 8.047165e-01 	 -1.200000e+02 	 -1.800000e+03 	 2.000000e+00
12 	 9 	 Ex 	 1 	 1.474057e+00 	 1.200000e+02 	 -1.800000e+03 	 2.000000e+00
12 	 10 	 Ex 	 1 	 9.451805e-01 	 3.600000e+02 	 -1.800000e+03 	 2.000000e+00
12 	 11 	 Ex 	 1 	 5.252446e-01 	 6.000000e+02 	 -1.800000e+03 	 2.000000e+00
12 	 12 	 Ex 	 1 	 7.722882e-01 	 8.400000e+02 	 -1.800000e+03 	 2.000000e+00
12 	 13 	 Ex 	 1 	 6.340388e-01 	 1.080000e+03 	 -1.800000e+03 	 2.000000e+00
12 	 14 	 Ex 	 1 	 2.248109e+00 	 1.320000e+03 	 -1.800000e+03 	 2.000000e+00
12 	 15 	 Ex 	 1 	 6.349538e-01 	 1.560000e+03 	 -1.800000e+03 	 2.000000e+00
12 	 16 	 Ex 	 1 	 1.259913e+00 	 1.800000e+03 	 -1.800000e+03 	 2.000000e+00
12 	 17 	 Ex 	 1 	 1.101069e-01 	 -1.800000e+03 	 -1.560000e+03 	 2.000000e+00
12 	 18 	 Ex 	 1 	 6.938529e-01 	 -1.560000e+03 	 -1.560000e+03 	 2.000000e+00
12 	 19 	 Ex 	 1 	 4.693245e-01 	 -1.320000e+03 	 -1.560000e+03 	 2.000000e+00
12 	 20 	 Ex 	 1 	 8.858342e-01 	 -1.080000e+03 	 -1.560000e+03 	 2.000000e+00
12 	 21 	 Ex 	 1 	 8.124632e-01 	 -8.400000e+02 	 -1.560000e+03 	 2.000000e+00
12 	 22 	 Ex 	 1 	 4.272504e-01 	 -6.000000e+02 	 -1.560000e+03 	 2.000000e+00
12 	 23 	 Ex 	 1 	 2.166434e+00 	 -3.600000e+02 	 -1.560000e+03 	 2.000000e+00
12 	 24 	 Ex 	 1 	 2.105057e+00 	 -1.200000e+02 	 -1.560000e+03 	 2.000000e+00
12 	 25 	 Ex 	 1 	 1.268596e+00 	 1.200000e+02 	 -1.560000e+03 	 2.000000e+00
12 	 26 	 Ex 	 1 	 6.218492e-01 	 3.600000e+02 	 -1.560000e+03 	 2.000000e+00
12 	 27 	 Ex 	 1 	 4.872696e-01 	 6.000000e+02 	 -1.560000e+03 	 2.000000e+00
12 	 28 	 Ex 	 1 	 8.869716e-01 	 8.400000e+02 	 -1.560000e+03 	 2.000000e+00
12 	 29 	 Ex 	 1 	 1.943749e+00 	 1.080000e+03 	 -1.560000e+03 	 2.000000e+00
12 	 30 	 Ex 	 1 	 1.668273e+00 	 1.320000e+03 	 -1.560000e+03 	 2.000000e+00
12 	 31 	 Ex 	 1 	 5.767886e-01 	 1.560000e+03 	 -1.560000e+03 	 2.000000e+00
12 	 32 	 Ex 	 1 	 1.919098e+00 	 1.800000e+03 	 -1.560000e+03 	 2.000000e+00
12 	 33 	 Ex 	 1 	 6.083958e-01 	 -1.800000e+03 	 -1.320000e+03 	 2.000000e+00
12 	 34 	 Ex 	 1 	 7.204300e-01 	 -1.560000e+03 	 -1.320000e+03 	 2.000000e+00
12 	 35 	 Ex 	 1 	 6.224678e-01 	 -1.320000e+03 	 -1.320000e+03 	 2.000000e+00
12 	 36 	 Ex 	 1 	 1.202952e+00 	 -1.080000e+03 	 -1.320000e+03 	 2.000000e+00
12 	 37 	 Ex 	 1 	 5.776360e-01 	 -8.400000e+02 	 -1.320000e+03 	 2.000000e+00
12 	 38 	 Ex 	 1 	 4.368310e-01 	 -6.000000e+02 	 -1.320000e+03 	 2.000000e+00
12 	 39 	 Ex 	 1 	 2.496229e-01 	 -3.600000e+02 	 -1.320000e+03 	 2.000000e+00
12 	 40 	 Ex 	 1 	 1.010393e+00 	 -1.200000e+02 	 -1.320000e+03 	 2.000000e+00
12 	 41 	 Ex 	 1 	 8.906204e-01 	 1.200000e+02 	 -1.320000e+03 	 2.000000e+00
12 	 42 	 Ex 	 1 	 1.818352e+00 	 3.600000e+02 	 -1.320000e+03 	 2.000000e+00
12 	 43 	 Ex 	 1 	 8.644258e-01 	 6.000000e+02 	 -1.320000e+03 	 2.000000e+00
12 	 44 	 Ex 	 1 	 8.264757e-01 	 8.400000e+02 	 -1.320000e+03 	 2.000000e+00
12 	 45 	 Ex 	 1 	 3.366083e-01 	 1.080000e+03 	 -1.320000e+03 	 2.000000e+00
12 	 46 	 Ex 	 1 	 1.651811e+00 	 1.320000e+03 	 -1.320000e+03 	 2.000000e+00
12 	 47 	 Ex 	 1 	 9.296521e-01 	 1.560000e+03 	 -1.320000e+03 	 2.000000e+00
12 	 48 	 Ex 	 1 	 8.987064e-01 	 1.800000e+03 	 -1.320000e+03 	 2.000000e+00
12 	 49 	 Ex 	 1 	 4.354957e-01 	 -1.800000e+03 	 -1.080000e+03 	 2.000000e+00
12 	 50 	 Ex 	 1 	 1.660877e-01 	 -1.560000e+03 	 -1.080000e+03 	 2.000000e+00
12 	 51 	 Ex 	 1 	 4.180611e-01 	 -1.320000e+03 	 -1.080000e+03 	 2.000000e+00
12 	 52 	 Ex 	 1 	 1.365610e+00 	 -1.080000e+03 	 -1.080000e+03 	 2.000000e+00
12 	 53 	 Ex 	 1 	 3.526688e-01 	 -8.400000e+02 	 -1.080000e+03 	 2.000000e+00
12 	 54 	 Ex 	 1 	 1.302460e+00 	 -6.000000e+02 	 -1.080000e+03 	 2.000000e+00
12 	 55 	 Ex 	 1 	 5.935412e-01 	 -3.600000e+02 	 -1.080000e+03 	 2.000000e+00
12 	 56 	 Ex 	 1 	 8.736780e-01 	 -1.200000e+02 	 -1.080000e+03 	 2.000000e+00
12 	 57 	 Ex 	 1 	 1.577210e+00 	 1.200000e+02 	 -1.080000e+03 	 2.000000e+00
12 	 58 	 Ex 	 1 	 1.174486e+00 	 3.600000e+02 	 -1.080000e+03 	 2.000000e+00
12 	 59 	 Ex 	 1 	 3.297558e-01 	 6.000000e+02 	 -1.080000e+03 	 2.000000e+00
12 	 60 	 Ex 	 1 	 1.557855e+00 	 8.400000e+02 	 -1.080000e+03 	 2.000000e+00
12 	 61 	 Ex 	 1 	 5.527432e-01 	 1.080000e+03 	 -1.080000e+03 	 2.000000e+00
12 	 62 	 Ex 	 1 	 1.219671e+00 	 1.320000e+03 	 -1.080000e+03 	 2.000000e+00
12 	 63 	 Ex 	 1 	 5.965455e-01 	 1.560000e+03 	 -1.080000e+03 	 2.000000e+00
12 	 64 	 Ex 	 1 	 1.325571e+00 	 1.800000e+03 	 -1.080000e+03 	 2.000000e+00
12 	 65 	 Ex 	 1 	 1.145742e+00 	 -1.800000e+03 	 -8.400000e+02 	 2.000000e+00
12 	 66 	 Ex 	 1 	 1.013482e+00 	 -1.560000e+03 	 -8.400000e+02 	 2.000000e+00
12 	 67 	 Ex 	 1 	 5.243824e-01 	 -1.320000e+03 	 -8.400000e+02 	 2.000000e+00
12 	 68 	 Ex 	 1 	 1.668978e+00 	 -1.080000e+03 	 -8.400000e+02 	 2.000000e+00
12 	 69 	 Ex 	 1 	 8.115343e-01 	 -8.400000e+02 	 -8.400000e+02 	 2.000000e+00
12 	 70 	 Ex 	 1 	 1.367527e+00 	 -6.000000e+02 	 -8.400000e+02 	 2.000000e+00
12 	 71 	 Ex 	 1 	 1.841953e+00 	 -3.600000e+02 	 -8.400000e+02 	 2.000000e+00
12 	 72 	 Ex 	 1 	 4.057066e-01 	 -1.200000e+02 	 -8.400000e+02 	 2.000000e+00
12 	 73 	 Ex 	 1 	 4.377241e-01 	 1.200000e+02 	 -8.400000e+02 	 2.000000e+00
12 	 74 	 Ex 	 1 	 8.527493e-01 	 3.600000e+02 	 -8.400000e+02 	 2.000000e+00
12 	 75 	 Ex 	 1 	 2.258255e+00 	 6.000000e+02 	 -8.400000e+02 	 2.000000e+00
12 	 76 	 Ex 	 1 	 1.109393e+00 	 8.400000e+02 	 -8.400000e+02 	 2.000000e+00
12 	 77 	 Ex 	 1 	 1.279079e+00 	 1.080000e+03 	 -8.400000e+02 	 2.000000e+00
12 	 78 	 Ex 	 1 	 3.182777e-01 	 1.320000e+03 	 -8.400000e+02 	 2.000000e+00
12 	 79 	 Ex 	 1 	 3.664863e-01 	 1.560000e+03 	 -8.400000e+02 	 2.000000e+00
12 	 80 	 Ex 	 1 	 2.185728e+00 	 1.800000e+03 	 -8.400000e+02 	 2.000000e+00
12 	 81 	 Ex 	 1 	 2.246703e-01 	 -1.800000e+03 	 -6.000000e+02 	 2.000000e+00
12 	 82 	 Ex 	 1 	 1.819285e+00 	 -1.560000e+03 	 -6.000000e+02 	 2.000000e+00
12 	 83 	 Ex 	 1 	 2.732920e-01 	 -1.320000e+03 	 -6.000000e+02 	 2.000000e+00
12 	 84 	 Ex 	 1 	 8.285342e-01 	 -1.080000e+03 	 -6.000000e+02 	 2.000000e+00
12 	 85 	 Ex 	 1 	 1.940287e+00 	 -8.400000e+02 	 -6.000000e+02 	 2.000000e+00
12 	 86 	 Ex 	 1 	 1.463094e-01 	 -6.000000e+02 	 -6.000000e+02 	 2.000000e+00
12 	 87 	 Ex 	 1 	 5.753597e-01 	 -3.600000e+02 	 -6.000000e+02 	 2.000000e+00
12 	 88 	 Ex 	 1 	 1.161352e+00 	 -1.200000e+02 	 -6.000000e+02 	 2.000000e+00
12 	 89 	 Ex 	 1 	 1.836061e+00 	 1.200000e+02 	 -6.000000e+02 	 2.000000e+00
12 	 90 	 Ex 	 1 	 2.178326e+00 	 3.600000e+02 	 -6.000000e+02 	 2.000000e+00
12 	 91 	 Ex 	 1 	 4.454040e-01 	 6.000000e+02 	 -6.000000e+02 	 2.000000e+00
12 	 92 	 Ex 	 1 	 1.697331e+00 	 8.400000e+02 	 -6.000000e+02 	 2.000000e+00
12 	 93 	 Ex 	 1 	 9.963549e-01 	 1.080000e+03 	 -6.000000e+02 	 2.000000e+00
12 	 94 	 Ex 	 1 	 9.915386e-01 	 1.320000e+03 	 -6.000000e+02 	 2.000000e+00
12 	 95 	 Ex 	 1 	 1.295777e+00 	 1.560000e+03 	 -6.000000e+02 	 2.000000e+00
12 	 96 	 Ex 	 1 	 1.035282e+00 	 1.800000e+03 	 -6.000000e+02 	 2.000000e+00
12 	 97 	 Ex 	 1 	 8.637660e-01 	 -1.800000e+03 	 -3.600000e+02 	 2.000000e+00
12 	 98 	 Ex 	 1 	 3.234355e-01 	 -1.560000e+03 	 -3.600000e+02 	 2.000000e+00
12 	 99 	 Ex 	 1 	 8.503514e-01 	 -1.320000e+03 	 -3.600000e+02 	 2.000000e+00
12 	 100 	 Ex 	 1 	 9.124302e-01 	 -1.080000e+03 	 -3.600000e+02 	 2.000000e+00
12 	 101 	 Ex 	 1 	 1.296658e+00 	 -8.400000e+02 	 -3.600000e+02 	 2.000000e+00
12 	 102 	 Ex 	 1 	 1.576546e+00 	 -6.000000e+02 	 -3.600000e+02 	 2.000000e+00
12 	 103 	 Ex 	 1 	 7.518169e-01 	 -3.600000e+02 	 -3.600000e+02 	 2.000000e+00
12 	 104 	 Ex 	 1 	 1.410904e+00 	 -1.200000e+02 	 -3.600000e+02 	 2.000000e+00
12 	 105 	 Ex 	 1 	 4.536429e-01 	 1.200000e+02 	 -3.600000e+02 	 2.000000e+00
12 	 106 	 Ex 	 1 	 1.095417e+00 	 3.600000e+02 	 -3.600000e+02 	 2.000000e+00
12 	 107 	 Ex 	 1 	 1.669713e+00 	 6.000000e+02 	 -3.600000e+02 	 2.000000e+00
12 	 108 	 Ex 	 1 	 5.517754e-01 	 8.400000e+02 	 -3.600000e+02 	 2.000000e+00
12 	 109 	 Ex 	 1 	 1.298103e+00 	 1.080000e+03 	 -3.600000e+02 	 2.000000e+00
12 	 110 	 Ex 	 1 	 1.722356e+00 	 1.320000e+03 	 -3.600000e+02 	 2.000000e+00
12 	 111 	 Ex 	 1 	 5.524354e-01 	 1.560000e+03 	 -3.600000e+02 	 2.000000e+00
12 	 112 	 Ex 	 1 	 1.949925e+00 	 1.800000e+03 	 -3.600000e+02 	 2.000000e+00
12 	 113 	 Ex 	 1 	 1.740662e+00 	 -1.800000e+03 	 -1.200000e+02 	 2.000000e+00
12 	 114 	 Ex 	 1 	 1.205153e+00 	 -1.560000e+03 	 -1.200000e+02 	 2.000000e+00
12 	 115 	 Ex 	 1 	 8.304636e-01 	 -1.320000e+03 	 -1.200000e+02 	 2.000000e+00
12 	 116 	 Ex 	 1 	 1.776206e+00 	 -1.080000e+03 	 -1.200000e+02 	 2.000000e+00
12 	 117 	 Ex 	 1 	 1.215184e+00 	 -8.400000e+02 	 -1.200000e+02 	 2.000000e+00
12 	 118 	 Ex 	 1 	 1.679206e+00 	 -6.000000e+02 	 -1.200000e+02 	 2.000000e+00
12 	 119 	 Ex 	 1 	 2.038709e+00 	 -3.600000e+02 	 -1.200000e+02 	 2.000000e+00
12 	 120 	 Ex 	 1 	 5.419563e-01 	 -1.200000e+02 	 -1.200000e+02 	 2.000000e+00
12 	 121 	 Ex 	 1 	 1.184391e+00 	 1.200000e+02 	 -1.200000e+02 	 2.000000e+00
12 	 122 	 Ex 	 1 	 2.032141e+00 	 3.600000e+02 	 -1.200000e+02 	 2.000000e+00
12 	 123 	 Ex 	 1 	 1.697029e+00 	 6.000000e+02 	 -1.200000e+02 	 2.000000e+00
12 	 124 	 Ex 	 1 	 7.437080e-01 	 8.400000e+02 	 -1.200000e+02 	 2.000000e+00
12 	 125 	 Ex 	 1 	 1.689032e+00 	 1.080000e+03 	 -1.200000e+02 	 2.000000e+00
12 	 126 	 Ex 	 1 	 7.231738e-01 	 1.320000e+03 	 -1.200000e+02 	 2.000000e+00
12 	 127 	 Ex 	 1 	 5.295931e-01 	 1.560000e+03 	 -1.200000e+02 	 2.000000e+00
12 	 128 	 Ex 	 1 	 1.204263e+00 	 1.800000e+03 	 -1.200000e+02 	 2.000000e+00
12 	 129 	 Ex 	 1 	 3.521045e-01 	 -1.800000e+03 	 1.200000e+02 	 2.000000e+00
12 	 130 	 Ex 	 1 	 1.340378e+00 	 -1.560000e+03 	 1.200000e+02 	 2.000000e+00
12 	 131 	 Ex 	 1 	 5.824491e-01 	 -1.320000e+03 	 1.200000e+02 	 2.000000e+00
12 	 132 	 Ex 	 1 	 1.430953e+00 	 -1.080000e+03 	 1.200000e+02 	 2.000000e+00
12 	 133 	 Ex 	 1 	 1.882124e+00 	 -8.400000e+02 	 1.200000e+02 	 2.000000e+00
12 	 134 	 Ex 	 1 	 4.569042e-01 	 -6.000000e+02 	 1.200000e+02 	 2.000000e+00
12 	 135 	 Ex 	 1 	 1.165336e+00 	 -3.600000e+02 	 1.200000e+02 	 2.000000e+00
12 	 136 	 Ex 	 1 	 2.348155e+00 	 -1.200000e+02 	 1.200000e+02 	 2.000000e+00
12 	 137 	 Ex 	 1 	 1.870363e+00 	 1.200000e+02 	 1.200000e+02 	 2.000000e+00
12 	 138 	 Ex 	 1 	 1.305161e+00 	 3.600000e+02 	 1.200000e+02 	 2.000000e+00
12 	 139 	 Ex 	 1 	 3.896502e-01 	 6.000000e+02 	 1.200000e+02 	 2.000000e+00
12 	 140 	 Ex 	 1 	 1.857764e+00 	 8.400000e+02 	 1.200000e+02 	 2.000000e+00
12 	 141 	 Ex 	 1 	 1.727970e+00 	 1.080000e+03 	 1.200000e+02 	 2.000000e+00
12 	 142 	 Ex 	 1 	 0.000000e+00 	 1.320000e+03 	 1.200000e+02 	 2.000000e+00
12 	 143 	 Ex 	 1 	 0.000000e+00 	 1.560000e+03 	 1.200000e+02 	 2.000000e+00
12 	 144 	 Ex 	 1 	 0.000000e+00 	 1.800000e+03 	 1.200000e+02 	 2.000000e+00
12 	 145 	 Ex 	 1 	 4.939008e-01 	 -1.800000e+03 	 3.600000e+02 	 2.000000e+00
12 	 146 	 Ex 	 1 	 1.100193e+00 	 -1.560000e+03 	 3.600000e+02 	 2.000000e+00
12 	 147 	 Ex 	 1 	 5.871758e-01 	 -1.320000e+03 	 3.600000e+02 	 2.000000e+00
12 	 148 	 Ex 	 1 	 1.017183e+00 	 -1.080000e+03 	 3.600000e+02 	 2.000000e+00
12 	 149 	 Ex 	 1 	 2.319924e-01 	 -8.400000e+02 	 3.600000e+02 	 2.000000e+00
12 	 150 	 Ex 	 1 	 2.570598e-01 	 -6.000000e+02 	 3.600000e+02 	 2.000000e+00
12 	 151 	 Ex 	 1 	 1.338366e+00 	 -3.600000e+02 	 3.600000e+02 	 2.000000e+00
12 	 152 	 Ex 	 1 	 1.081238e+00 	 -1.200000e+02 	 3.600000e+02 	 2.000000e+00
12 	 153 	 Ex 	 1 	 1.534749e+00 	 1.200000e+02 	 3.600000e+02 	 2.000000e+00
12 	 154 	 Ex 	 1 	 1.404139e+00 	 3.600000e+02 	 3.600000e+02 	 2.000000e+00
12 	 155 	 Ex 	 1 	 1.173384e-01 	 6.000000e+02 	 3.600000e+02 	 2.000000e+00
12 	 156 	 Ex 	 1 	 1.101021e+00 	 8.400000e+02 	 3.600000e+02 	 2.000000e+00
12 	 157 	 Ex 	 1 	 0.000000e+00 	 1.080000e+03 	 3.600000e+02 	 2.000000e+00
12 	 158 	 Ex 	 1 	 0.000000e+00 	 1.320000e+03 	 3.600000e+02 	 2.000000e+00
12 	 159 	 Ex 	 1 	 0.000000e+00 	 1.560000e+03 	 3.600000e+02 	 2.000000e+00
12 	 160 	 Ex 	 1 	 0.000000e+00 	 1.800000e+03 	 3.600000e+02 	 2.000000e+00
12 	 161 	 Ex 	 1 	 3.940459e-01 	 -1.800000e+03 	 6.000000e+02 	 2.000000e+00
12 	 162 	 Ex 	 1 	 5.813007e-01 	 -1.560000e+03 	 6.000000e+02 	 2.000000e+00
12 	 163 	 Ex 	 1 	 3.997852e-01 	 -1.320000e+03 	 6.000000e+02 	 2.000000e+00
12 	 164 	 Ex 	 1 	 1.188619e+00 	 -1.080000e+03 	 6.000000e+02 	 2.000000e+00
12 	 165 	 Ex 	 1 	 4.890283e-01 	 -8.400000e+02 	 6.000000e+02 	 2.000000e+00
12 	 166 	 Ex 	 1 	 8.050523e-01 	 -6.000000e+02 	 6.000000e+02 	 2.000000e+00
12 	 167 	 Ex 	 1 	 1.864395e+00 	 -3.600000e+02 	 6.000000e+02 	 2.000000e+00
12 	 168 	 Ex 	 1 	 2.523835e+00 	 -1.200000e+02 	 6.000000e+02 	 2.000000e+00
12 	 169 	 Ex 	 1 	 2.169309e+00 	 1.200000e+02 	 6.000000e+02 	 2.000000e+00
12 	 170 	 Ex 	 1 	 5.187333e-01 	 3.600000e+02 	 6.000000e+02 	 2.000000e+00
12 	 171 	 Ex 	 1 	 1.348496e+00 	 6.000000e+02 	 6.000000e+02 	 2.000000e+00
12 	 172 	 Ex 	 1 	 1.044969e+00 	 8.400000e+02 	 6.000000e+02 	 2.000000e+00
12 	 173 	 Ex 	 1 	 0.000000e+00 	 1.080000e+03 	 6.000000e+02 	 2.000000e+00
12 	 174 	 Ex 	 1 	 0.000000e+00 	 1.320000e+03 	 6.000000e+02 	 2.000000e+00
12 	 175 	 Ex 	 1 	 0.000000e+00 	 1.560000e+03 	 6.000000e+02 	 2.000000e+00
12 	 176 	 Ex 	 1 	 0.000000e+00 	 1.800000e+03 	 6.000000e+02 	 2.000000e+00
12 	 177 	 Ex 	 1 	 1.564046e+00 	 -1.800000e+03 	 8.400000e+02 	 2.000000e+00
12 	 178 	 Ex 	 1 	 8.643048e-01 	 -1.560000e+03 	 8.400000e+02 	 2.000000e+00
12 	 179 	 Ex 	 1 	 7.018272e-01 	 -1.320000e+03 	 8.400000e+02 	 2.000000e+00
12 	 180 	 Ex 	 1 	 9.611325e-01 	 -1.080000e+03 	 8.400000e+02 	 2.000000e+00
12 	 181 	 Ex 	 1 	 1.226435e+00 	 -8.400000e+02 	 8.400000e+02 	 2.000000e+00
12 	 182 	 Ex 	 1 	 1.633948e+00 	 -6.000000e+02 	 8.400000e+02 	 2.000000e+00
12 	 183 	 Ex 	 1 	 1.020318e+00 	 -3.600000e+02 	 8.400000e+02 	 2.000000e+00
12 	 184 	 Ex 	 1 	 9.473670e-01 	 -1.200000e+02 	 8.400000e+02 	 2.000000e+00
12 	 185 	 Ex 	 1 	 2.253585e+00 	 1.200000e+02 	 8.400000e+02 	 2.000000e+00
12 	 186 	 Ex 	 1 	 6.291588e-01 	 3.600000e+02 	 8.400000e+02 	 2.000000e+00
12 	 187 	 Ex 	 1 	 6.043478e-01 	 6.000000e+02 	 8.400000e+02 	 2.000000e+00
12 	 188 	 Ex 	 1 	 8.317982e-01 	 8.400000e+02 	 8.400000e+02 	 2.000000e+00
12 	 189 	 Ex 	 1 	 1.828579e+00 	 1.080000e+03 	 8.400000e+02 	 2.000000e+00
12 	 190 	 Ex 	 1 	 0.000000e+00 	 1.320000e+03 	 8.400000e+02 	 2.000000e+00
12 	 191 	 Ex 	 1 	 0.000000e+00 	 1.560000e+03 	 8.400000e+02 	 2.000000e+00
12 	 192 	 Ex 	 1 	 0.000000e+00 	 1.800000e+03 	 8.400000e+02 	 2.000000e+00
12 	 193 	 Ex 	 1 	 4.135086e-01 	 -1.800000e+03 	 1.080000e+03 	 2.000000e+00
12 	 194 	 Ex 	 1 	 1.367941e+00 	 -1.560000e+03 	 1.080000e+03 	 2.000000e+00
12 	 195 	 Ex 	 1 	 1.056799e+00 	 -1.320000e+03 	 1.080000e+03 	 2.000000e+00
12 	 196 	 Ex 	 1 	 1.154294e+00 	 -1.080000e+03 	 1.080000e+03 	 2.000000e+00
12 	 197 	 Ex 	 1 	 9.949522e-01 	 -8.400000e+02 	 1.080000e+03 	 2.000000e+00
12 	 198 	 Ex 	 1 	 1.525166e+00 	 -6.000000e+02 	 1.080000e+03 	 2.000000e+00
12 	 199 	 Ex 	 1 	 1.854683e+00 	 -3.600000e+02 	 1.080000e+03 	 2.000000e+00
12 	 200 	 Ex 	 1 	 7.009806e-01 	 -1.200000e+02 	 1.080000e+03 	 2.000000e+00
12 	 201 	 Ex 	 1 	 8.493939e-01 	 1.200000e+02 	 1.080000e+03 	 2.000000e+00
12 	 202 	 Ex 	 1 	 1.211393e+00 	 3.600000e+02 	 1.080000e+03 	 2.000000e+00
12 	 203 	 Ex 	 1 	 1.435645e+00 	 6.000000e+02 	 1.080000e+03 	 2.000000e+00
12 	 204 	 Ex 	 1 	 2.223000e+00 	 8.400000e+02 	 1.080000e+03 	 2.000000e+00
12 	 205 	 Ex 	 1 	 4.779789e-01 	 1.080000e+03 	 1.080000e+03 	 2.000000e+00
12 	 206 	 Ex 	 1 	 7.991926e-01 	 1.320000e+03 	 1.080000e+03 	 2.000000e+00
12 	 207 	 Ex 	 1 	 0.000000e+00 	 1.560000e+03 	 1.080000e+03 	 2.000000e+00
12 	 208 	 Ex 	 1 	 0.000000e+00 	 1.800000e+03 	 1.080000e+03 	 2.000000e+00
12 	 209 	 Ex 	 1 	 9.025249e-01 	 -1.800000e+03 	 1.320000e+03 	 2.000000e+00
12 	 210 	 Ex 	 1 	 2.237832e+00 	 -1.560000e+03 	 1.320000e+03 	 2.000000e+00
12 	 211 	 Ex 	 1 	 3.001719e-01 	 -1.320000e+03 	 1.320000e+03 	 2.000000e+00
12 	 212 	 Ex 	 1 	 1.308161e+00 	 -1.080000e+03 	 1.320000e+03 	 2.000000e+00
12 	 213 	 Ex 	 1 	 1.392174e+00 	 -8.400000e+02 	 1.320000e+03 	 2.000000e+00
12 	 214 	 Ex 	 1 	 1.055056e+00 	 -6.000000e+02 	 1.320000e+03 	 2.000000e+00
12 	 215 	 Ex 	 1 	 1.273462e+00 	 -3.600000e+02 	 1.320000e+03 	 2.000000e+00
12 	 216 	 Ex 	 1 	 1.289106e+00 	 -1.200000e+02 	 1.320000e+03 	 2.000000e+00
12 	 217 	 Ex 	 1 	 1.266231e+00 	 1.200000e+02 	 1.320000e+03 	 2.000000e+00
12 	 218 	 Ex 	 1 	 1.911947e+00 	 3.600000e+02 	 1.320000e+03 	 2.000000e+00
12 	 219 	 Ex 	 1 	 2.068356e+00 	 6.000000e+02 	 1.320000e+03 	 2.000000e+00
12 	 220 	 Ex 	 1 	 1.472470e+00 	 8.400000e+02 	 1.320000e+03 	 2.000000e+00
12 	 221 	 Ex 	 1 	 8.653674e-01 	 1.080000e+03 	 1.320000e+03 	 2.000000e+00
12 	 222 	 Ex 	 1 	 8.420602e-01 	 1.320000e+03 	 1.320000e+03 	 2.000000e+00
12 	 223 	 Ex 	 1 	 7.211164e-01 	 1.560000e+03 	 1.320000e+03 	 2.000000e+00
12 	 224 	 Ex 	 1 	 1.113075e+00 	 1.800000e+03 	 1.320000e+03 	 2.000000e+00
12 	 225 	 Ex 	 1 	 8.420087e-01 	 -1.800000e+03 	 1.560000e+03 	 2.000000e+00
12 	 226 	 Ex 	 1 	 3.709975e-01 	 -1.560000e+03 	 1.560000e+03 	 2.000000e+00
12 	 227 	 Ex 	 1 	 7.031961e-01 	 -1.320000e+03 	 1.560000e+03 	 2.000000e+00
12 	 228 	 Ex 	 1 	 2.235070e-01 	 -1.080000e+03 	 1.560000e+03 	 2.000000e+00
12 	 229 	 Ex 	 1 	 8.152195e-01 	 -8.400000e+02 	 1.560000e+03 	 2.000000e+00
12 	 230 	 Ex 	 1 	 4.505731e-01 	 -6.000000e+02 	 1.560000e+03 	 2.000000e+00
12 	 231 	 Ex 	 1 	 4.589869e-01 	 -3.600000e+02 	 1.560000e+03 	 2.000000e+00
12 	 232 	 Ex 	 1 	 6.737946e-01 	 -1.200000e+02 	 1.560000e+03 	 2.000000e+00
12 	 233 	 Ex 	 1 	 2.197291e+00 	 1.200000e+02 	 1.560000e+03 	 2.000000e+00
12 	 234 	 Ex 	 1 	 1.141482e+00 	 3.600000e+02 	 1.560000e+03 	 2.000000e+00
12 	 235 	 Ex 	 1 	 1.415347e-01 	 6.000000e+02 	 1.560000e+03 	 2.000000e+00
12 	 236 	 Ex 	 1 	 7.126897e-01 	 8.400000e+02 	 1.560000e+03 	 2.000000e+00
12 	 237 	 Ex 	 1 	 7.250205e-01 	 1.080000e+03 	 1.560000e+03 	 2.000000e+00
12 	 238 	 Ex 	 1 	 9.066898e-01 	 1.320000e+03 	 1.560000e+03 	 2.000000e+00
12 	 239 	 Ex 	 1 	 9.931887e-01 	 1.560000e+03 	 1.560000e+03 	 2.000000e+00
12 	 240 	 Ex 	 1 	 6.433359e-01 	 1.800000e+03 	 1.560000e+03 	 2.000000e+00
12 	 241 	 Ex 	 1 	 1.820740e-01 	 -1.800000e+03 	 1.800000e+03 	 2.000000e+00
12 	 242 	 Ex 	 1 	 8.082160e-01 	 -1.560000e+03 	 1.800000e+03 	 2.000000e+00
12 	 243 	 Ex 	 1 	 9.173385e-01 	 -1.320000e+03 	 1.800000e+03 	 2.000000e+00
12 	 244 	 Ex 	 1 	 1.511138e+00 	 -1.080000e+03 	 1.800000e+03 	 2.000000e+00
12 	 245 	 Ex 	 1 	 2.141377e-01 	 -8.400000e+02 	 1.800000e+03 	 2.000000e+00
12 	 246 	 Ex 	 1 	 4.061355e-01 	 -6.000000e+02 	 1.800000e+03 	 2.000000e+00
12 	 247 	 Ex 	 1 	 5.681958e-01 	 -3.600000e+02 	 1.800000e+03 	 2.000000e+00
12 	 248 	 Ex 	 1 	 1.625988e+00 	 -1.200000e+02 	 1.800000e+03 	 2.000000e+00
12 	 249 	 Ex 	 1 	 3.103000e-01 	 1.200000e+02 	 1.800000e+03 	 2.000000e+00
12 	 250 	 Ex 	 1 	 1.014124e+00 	 3.600000e+02 	 1.800000e+03 	 2.000000e+00
12 	 251 	 Ex 	 1 	 5.937862e-01 	 6.000000e+02 	 1.800000e+03 	 2.000000e+00
12 	 252 	 Ex 	 1 	 1.637003e+00 	 8.400000e+02 	 1.800000e+03 	 2.000000e+00
12 	 253 	 Ex 	 1 	 1.867167e+00 	 1.080000e+03 	 1.800000e+03 	 2.000000e+00
12 	 254 	 Ex 	 1 	 1.857239e+00 	 1.320000e+03 	 1.800000e+03 	 2.000000e+00
12 	 255 	 Ex 	 1 	 1.966987e+00 	 1.560000e+03 	 1.800000e+03 	 2.000000e+00
12 	 256 	 Ex 	 1 	 4.203395e-01 	 1.800000e+03 	 1.800000e+03 	 2.000000e+00
12 	 1 	 Ex 	 2 	 2.100497e+00 	 -1.800000e+03 	 -1.800000e+03 	 2.000000e+00
12 	 2 	 Ex 	 2 	 7.201585e-01 	 -1.560000e+03 	 -1.800000e+03 	 2.000000e+00
12 	 3 	 Ex 	 2 	 1.681747e+00 	 -1.320000e+03 	 -1.800000e+03 	 2.000000e+00
12 	 4 	 Ex 	 2 	 1.963737e+00 	 -1.080000e+03 	 -1.800000e+03 	 2.000000e+00
12 	 5 	 Ex 	 2 	 3.291739e+00 	 -8.400000e+02 	 -1.800000e+03 	 2.000000e+00
12 	 6 	 Ex 	 2 	 9.176907e-01 	 -6.000000e+02 	 -1.800000e+03 	 2.000000e+00
12 	 7 	 Ex 	 2 	 1.273007e+00 	 -3.600000e+02 	 -1.800000e+03 	 2.000000e+00
12 	 8 	 Ex 	 2 	 6.770714e-01 	 -1.200000e+02 	 -1.800000e+03 	 2.000000e+00
12 	 9 	 Ex 	 2 	 4.183041e-01 	 1.200000e+02 	 -1.800000e+03 	 2.000000e+00
12 	 10 	 Ex 	 2 	 1.547204e+00 	 3.600000e+02 	 -1.800000e+03 	 2.000000e+00
12 	 11 	 Ex 	 2 	 8.887748e-01 	 6.000000e+02 	 -1.800000e+03 	 2.000000e+00
12 	 12 	 Ex 	 2 	 3.300804e-01 	 8.400000e+02 	 -1.800000e+03 	 2.000000e+00
12 	 13 	 Ex 	 2 	 5.907820e-01 	 1.080000e+03 	 -1.800000e+03 	 2.000000e+00
12 	 14 	 Ex 	 2 	 9.501208e-02 	 1.320000e+03 	 -1.800000e+03 	 2.000000e+00
12 	 15 	 Ex 	 2 	 3.029714e-01 	 1.560000e+03 	 -1.800000e+03 	 2.000000e+00
12 	 16 	 Ex 	 2 	 1.336722e+00 	 1.800000e+03 	 -1.800000e+03 	 2.000000e+00
12 	 17 	 Ex 	 2 	 1.100301e+00 	 -1.800000e+03 	 -1.560000e+03 	 2.000000e+00
12 	 18 	 Ex 	 2 	 9.291900e-01 	 -1.560000e+03 	 -1.560000e+03 	 2.000000e+00
12 	 19 	 Ex 	 2 	 7.007055e-01 	 -1.320000e+03 	 -1.560000e+03 	 2.000000e+00
12 	 20 	 Ex 	 2 	 2.069682e+00 	 -1.080000e+03 	 -1.560000e+03 	 2.000000e+00
12 	 21 	 Ex 	 2 	 4.424945e-01 	 -8.400000e+02 	 -1.560000e+03 	 2.000000e+00
12 	 22 	 Ex 	 2 	 1.833799e+00 	 -6.000000e+02 	 -1.560000e+03 	 2.000000e+00
12 	 23 	 Ex 	 2 	 7.007179e-01 	 -3.600000e+02 	 -1.560000e+03 	 2.000000e+00
12 	 24 	 Ex 	 2 	 1.832005e-01 	 -1.200000e+02 	 -1.560000e+03 	 2.000000e+00
12 	 25 	 Ex 	 2 	 1.151829e+00 	 1.200000e+02 	 -1.560000e+03 	 2.000000e+00
12 	 26 	 Ex 	 2 	 4.097168e-01 	 3.600000e+02 	 -1.560000e+03 	 2.000000e+00
12 	 27 	 Ex 	 2 	 1.155862e+00 	 6.000000e+02 	 -1.560000e+03 	 2.000000e+00
12 	 28 	 Ex 	 2 	 1.259672e+00 	 8.400000e+02 	 -1.560000e+03 	 2.000000e+00
12 	 29 	 Ex 	 2 	 1.205431e+00 	 1.080000e+03 	 -1.560000e+03 	 2.000000e+00
12 	 30 	 Ex 	 2 	 6.196114e-01 	 1.320000e+03 	 -1.560000e+03 	 2.000000e+00
12 	 31 	 Ex 	 2 	 2.834760e+00 	 1.560000e+03 	 -1.560000e+03 	 2.000000e+00
12 	 32 	 Ex 	 2 	 4.802953e-01 	 1.800000e+03 	 -1.560000e+03 	 2.000000e+00
12 	 33 	 Ex 	 2 	 6.724421e-01 	 -1.800000e+03 	 -1.320000e+03 	 2.000000e+00
12 	 34 	 Ex 	 2 	 1.107344e+00 	 -1.560000e+03 	 -1.320000e+03 	 2.000000e+00
12 	 35 	 Ex 	 2 	 1.152576e+00 	 -1.320000e+03 	 -1.320000e+03 	 2.000000e+00
12 	 36 	 Ex 	 2 	 5.821918e-01 	 -1.080000e+03 	 -1.320000e+03 	 2.000000e+00
12 	 37 	 Ex 	 2 	 8.318796e-01 	 -8.400000e+02 	 -1.320000e+03 	 2.000000e+00
12 	 38 	 Ex 	 2 	 1.237973e+00 	 -6.000000e+02 	 -1.320000e+03 	 2.000000e+00
12 	 39 	 Ex 	 2 	 1.155637e+00 	 -3.600000e+02 	 -1.320000e+03 	 2.000000e+00
12 	 40 	 Ex 	 2 	 1.836607e+00 	 -1.200000e+02 	 -1.320000e+03 	 2.000000e+00
12 	 41 	 Ex 	 2 	 9.474525e-01 	 1.200000e+02 	 -1.320000e+03 	 2.000000e+00
12 	 42 	 Ex 	 2 	 1.558501e-01 	 3.600000e+02 	 -1.320000e+03 	 2.000000e+00
12 	 43 	 Ex 	 2 	 9.184638e-01 	 6.000000e+02 	 -1.320000e+03 	 2.000000e+00
12 	 44 	 Ex 	 2 	 9.767412e-01 	 8.400000e+02 	 -1.320000e+03 	 2.000000e+00
12 	 45 	 Ex 	 2 	 6.477271e-01 	 1.080000e+03 	 -1.320000e+03 	 2.000000e+00
12 	 46 	 Ex 	 2 	 3.892905e-01 	 1.320000e+03 	 -1.320000e+03 	 2.000000e+00
12 	 47 	 Ex 	 2 	 5.015193e-01 	 1.560000e+03 	 -1.320000e+03 	 2.000000e+00
12 	 48 	 Ex 	 2 	 5.207103e-01 	 1.800000e+03 	 -1.320000e+03 	 2.000000e+00
12 	 49 	 Ex 	 2 	 4.468196e-01 	 -1.800000e+03 	 -1.080000e+03 	 2.000000e+00
12 	 50 	 Ex 	 2 	 1.241095e+00 	 -1.560000e+03 	 -1.080000e+03 	 2.000000e+00
12 	 51 	 Ex 	 2 	 1.594108e+00 	 -1.320000e+03 	 -1.080000e+03 	 2.000000e+00
12 	 52 	 Ex 	 2 	 7.507615e-01 	 -1.080000e+03 	 -1.080000e+03 	 2.000000e+00
12 	 53 	 Ex 	 2 	 1.673125e+00 	 -8.400000e+02 	 -1.080000e+03 	 2.000000e+00
12 	 54 	 Ex 	 2 	 2.936448e+00 	 -6.000000e+02 	 -1.080000e+03 	 2.000000e+00
12 	 55 	 Ex 	 2 	 1.755374e+00 	 -3.600000e+02 	 -1.080000e+03 	 2.000000e+00
12 	 56 	 Ex 	 2 	 2.014673e+00 	 -1.200000e+02 	 -1.080000e+03 	 2.000000e+00
12 	 57 	 Ex 	 2 	 8.781008e-01 	 1.200000e+02 	 -1.080000e+03 	 2.000000e+00
12 	 58 	 Ex 	 2 	 1.060582e+00 	 3.600000e+02 	 -1.080000e+03 	 2.000000e+00
12 	 59 	 Ex 	 2 	 1.097453e+00 	 6.000000e+02 	 -1.080000e+03 	 2.000000e+00
12 	 60 	 Ex 	 2 	 8.336620e-01 	 8.400000e+02 	 -1.080000e+03 	 2.000000e+00
12 	 61 	 Ex 	 2 	 2.287476e-01 	 1.080000e+03 	 -1.080000e+03 	 2.000000e+00
12 	 62 	 Ex 	 2 	 5.666031e-01 	 1.320000e+03 	 -1.080000e+03 	 2.000000e+00
12 	 63 	 Ex 	 2 	 1.030243e+00 	 1.560000e+03 	 -1.080000e+03 	 2.000000e+00
12 	 64 	 Ex 	 2 	 1.363140e+00 	 1.800000e+03 	 -1.080000e+03 	 2.000000e+00
12 	 65 	 Ex 	 2 	 6.753361e-01 	 -1.800000e+03 	 -8.400000e+02 	 2.000000e+00
12 	 66 	 Ex 	 2 	 6.463740e-01 	 -1.560000e+03 	 -8.400000e+02 	 2.000000e+00
12 	 67 	 Ex 	 2 	 1.846657e+00 	 -1.320000e+03 	 -8.400000e+02 	 2.000000e+00
12 	 68 	 Ex 	 2 	 1.432448e+00 	 -1.080000e+03 	 -8.400000e+02 	 2.000000e+00
12 	 69 	 Ex 	 2 	 2.026289e+00 	 -8.400000e+02 	 -8.400000e+02 	 2.000000e+00
12 	 70 	 Ex 	 2 	 1.165967e+00 	 -6.000000e+02 	 -8.400000e+02 	 2.000000e+00
12 	 71 	 Ex 	 2 	 2.065829e+00 	 -3.600000e+02 	 -8.400000e+02 	 2.000000e+00
12 	 72 	 Ex 	 2 	 1.377836e+00 	 -1.200000e+02 	 -8.400000e+02 	 2.000000e+00
12 	 73 	 Ex 	 2 	 1.955729e+00 	 1.200000e+02 	 -8.400000e+02 	 2.000000e+00
12 	 74 	 Ex 	 2 	 1.162762e+00 	 3.600000e+02 	 -8.400000e+02 	 2.000000e+00
12 	 75 	 Ex 	 2 	 9.414149e-01 	 6.000000e+02 	 -8.400000e+02 	 2.000000e+00
12 	 76 	 Ex 	 2 	 1.054454e+00 	 8.400000e+02 	 -8.400000e+02 	 2.000000e+00
12 	 77 	 Ex 	 2 	 8.325843e-01 	 1.080000e+03 	 -8.400000e+02 	 2.000000e+00
12 	 78 	 Ex 	 2 	 8.098726e-01 	 1.320000e+03 	 -8.400000e+02 	 2.000000e+00
12 	 79 	 Ex 	 2 	 9.693514e-01 	 1.560000e+03 	 -8.400000e+02 	 2.000000e+00
12 	 80 	 Ex 	 2 	 1.588717e+00 	 1.800000e+03 	 -8.400000e+02 	 2.000000e+00
12 	 81 	 Ex 	 2 	 1.472494e+00 	 -1.800000e+03 	 -6.000000e+02 	 2.000000e+00
12 	 82 	 Ex 	 2 	 1.489772e+00 	 -1.560000e+03 	 -6.000000e+02 	 2.000000e+00
12 	 83 	 Ex 	 2 	 8.207162e-01 	 -1.320000e+03 	 -6.000000e+02 	 2.000000e+00
12 	 84 	 Ex 	 2 	 2.553384e-01 	 -1.080000e+03 	 -6.000000e+02 	 2.000000e+00
12 	 85 	 Ex 	 2 	 1.778096e+00 	 -8.400000e+02 	 -6.000000e+02 	 2.000000e+00
12 	 86 	 Ex 	 2 	 1.655192e+00 	 -6.000000e+02 	 -6.000000e+02 	 2.000000e+00
12 	 87 	 Ex 	 2 	 1.592710e+00 	 -3.600000e+02 	 -6.000000e+02 	 2.000000e+00
12 	 88 	 Ex 	 2 	 2.338057e+00 	 -1.200000e+02 	 -6.000000e+02 	 2.000000e+00
12 	 89 	 Ex 	 2 	 6.116084e-01 	 1.200000e+02 	 -6.000000e+02 	 2.000000e+00
12 	 90 	 Ex 	 2 	 1.491997e+00 	 3.600000e+02 	 -6.000000e+02 	 2.000000e+00
12 	 91 	 Ex 	 2 	 1.549376e+00 	 6.000000e+02 	 -6.000000e+02 	 2.000000e+00
12 	 92 	 Ex 	 2 	 1.044839e+00 	 8.400000e+02 	 -6.000000e+02 	 2.000000e+00
12 	 93 	 Ex 	 2 	 5.566195e-01 	 1.080000e+03 	 -6.000000e+02 	 2.000000e+00
12 	 94 	 Ex 	 2 	 3.575012e-02 	 1.320000e+03 	 -6.000000e+02 	 2.000000e+00
12 	 95 	 Ex 	 2 	 1.030948e+00 	 1.560000e+03 	 -6.000000e+02 	 2.000000e+00
12 	 96 	 Ex 	 2 	 8.347343e-01 	 1.800000e+03 	 -6.000000e+02 	 2.000000e+00
12 	 97 	 Ex 	 2 	 1.576791e+00 	 -1.800000e+03 	 -3.600000e+02 	 2.000000e+00
12 	 98 	 Ex 	 2 	 1.720689e+00 	 -1.560000e+03 	 -3.600000e+02 	 2.000000e+00
12 	 99 	 Ex 	 2 	 1.109695e+00 	 -1.320000e+03 	 -3.600000e+02 	 2.000000e+00
12 	 100 	 Ex 	 2 	 1.402966e+00 	 -1.080000e+03 	 -3.600000e+02 	 2.000000e+00
12 	 101 	 Ex 	 2 	 1.696634e+00 	 -8.400000e+02 	 -3.600000e+02 	 2.000000e+00
12 	 102 	 Ex 	 2 	 1.615099e+00 	 -6.000000e+02 	 -3.600000e+02 	 2.000000e+00
12 	 103 	 Ex 	 2 	 1.206854e+00 	 -3.600000e+02 	 -3.600000e+02 	 2.000000e+00
12 	 104 	 Ex 	 2 	 1.182909e+00 	 -1.200000e+02 	 -3.600000e+02 	 2.000000e+00
12 	 105 	 Ex 	 2 	 1.831432e+00 	 1.200000e+02 	 -3.600000e+02 	 2.000000e+00
12 	 106 	 Ex 	 2 	 6.270569e-01 	 3.600000e+02 	 -3.600000e+02 	 2.000000e+00
12 	 107 	 Ex 	 2 	 1.648682e+00 	 6.000000e+02 	 -3.600000e+02 	 2.000000e+00
12 	 108 	 Ex 	 2 	 8.297781e-01 	 8.400000e+02 	 -3.600000e+02 	 2.000000e+00
12 	 109 	 Ex 	 2 	 4.977514e-01 	 1.080000e+03 	 -3.600000e+02 	 2.000000e+00
12 	 110 	 Ex 	 2 	 2.003787e+00 	 1.320000e+03 	 -3.600000e+02 	 2.000000e+00
12 	 111 	 Ex 	 2 	 3.126426e-01 	 1.560000e+03 	 -3.600000e+02 	 2.000000e+00
12 	 112 	 Ex 	 2 	 7.503827e-01 	 1.800000e+03 	 -3.600000e+02 	 2.000000e+00
12 	 113 	 Ex 	 2 	 2.706810e+00 	 -1.800000e+03 	 -1.200000e+02 	 2.000000e+00
12 	 114 	 Ex 	 2 	 5.154479e-01 	 -1.560000e+03 	 -1.200000e+02 	 2.000000e+00
12 	 115 	 Ex 	 2 	 5.991442e-01 	 -1.320000e+03 	 -1.200000e+02 	 2.000000e+00
12 	 116 	 Ex 	 2 	 1.965228e+00 	 -1.080000e+03 	 -1.200000e+02 	 2.000000e+00
12 	 117 	 Ex 	 2 	 2.198324e+00 	 -8.400000e+02 	 -1.200000e+02 	 2.000000e+00
12 	 118 	 Ex 	 2 	 1.256821e+00 	 -6.000000e+02 	 -1.200000e+02 	 2.000000e+00
12 	 119 	 Ex 	 2 	 1.812022e+00 	 -3.600000e+02 	 -1.200000e+02 	 2.000000e+00
12 	 120 	 Ex 	 2 	 1.531417e+00 	 -1.200000e+02 	 -1.200000e+02 	 2.000000e+00
12 	 121 	 Ex 	 2 	 2.522958e+00 	 1.200000e+02 	 -1.200000e+02 	 2.000000e+00
12 	 122 	 Ex 	 2 	 2.165335e+00 	 3.600000e+02 	 -1.200000e+02 	 2.000000e+00
12 	 123 	 Ex 	 2 	 1.253282e+00 	 6.000000e+02 	 -1.200000e+02 	 2.000000e+00
12 	 124 	 Ex 	 2 	 1.407899e+00 	 8.400000e+02 	 -1.200000e+02 	 2.000000e+00
12 	 125 	 Ex 	 2 	 9.400554e-01 	 1.080000e+03 	 -1.200000e+02 	 2.000000e+00
12 	 126 	 Ex 	 2 	 5.626655e-01 	 1.320000e+03 	 -1.200000e+02 	 2.000000e+00
12 	 127 	 Ex 	 2 	 4.542491e-01 	 1.560000e+03 	 -1.200000e+02 	 2.000000e+00
12 	 128 	 Ex 	 2 	 3.759903e-01 	 1.800000e+03 	 -1.200000e+02 	 2.000000e+00
12 	 129 	 Ex 	 2 	 1.895243e+00 	 -1.800000e+03 	 1.200000e+02 	 2.000000e+00
12 	 130 	 Ex 	 2 	 1.773382e+00 	 -1.560000e+03 	 1.200000e+02 	 2.000000e+00
12 	 131 	 Ex 	 2 	 1.600521e+00 	 -1.320000e+03 	 1.200000e+02 	 2.000000e+00
12 	 132 	 Ex 	 2 	 1.602743e+00 	 -1.080000e+03 	 1.200000e+02 	 2.000000e+00
12 	 133 	 Ex 	 2 	 3.185581e+00 	 -8.400000e+02 	 1.200000e+02 	 2.000000e+00
12 	 134 	 Ex 	 2 	 1.230577e+00 	 -6.000000e+02 	 1.200000e+02 	 2.000000e+00
12 	 135 	 Ex 	 2 	 9.988906e-01 	 -3.600000e+02 	 1.200000e+02 	 2.000000e+00
12 	 136 	 Ex 	 2 	 5.912986e-01 	 -1.200000e+02 	 1.200000e+02 	 2.000000e+00
12 	 137 	 Ex 	 2 	 9.632020e-01 	 1.200000e+02 	 1.200000e+02 	 2.000000e+00
12 	 138 	 Ex 	 2 	 1.839818e+00 	 3.600000e+02 	 1.200000e+02 	 2.000000e+00
12 	 139 	 Ex 	 2 	 1.737803e-01 	 6.000000e+02 	 1.200000e+02 	 2.000000e+00
12 	 140 	 Ex 	 2 	 3.621072e-01 	 8.400000e+02 	 1.200000e+02 	 2.000000e+00
12 	 141 	 Ex 	 2 	 3.024650e+00 	 1.080000e+03 	 1.200000e+02 	 2.000000e+00
12 	 142 	 Ex 	 2 	 0.000000e+00 	 1.320000e+03 	 1.200000e+02 	 2.000000e+00
12 	 143 	 Ex 	 2 	 0.000000e+00 	 1.560000e+03 	 1.200000e+02 	 2.000000e+00
12 	 144 	 Ex 	 2 	 0.000000e+00 	 1.800000e+03 	 1.200000e+02 	 2.000000e+00
12 	 145 	 Ex 	 2 	 2.522158e+00 	 -1.800000e+03 	 3.600000e+02 	 2.000000e+00
12 	 146 	 Ex 	 2 	 1.435771e+00 	 -1.560000e+03 	 3.600000e+02 	 2.000000e+00
12 	 147 	 Ex 	 2 	 1.486771e+00 	 -1.320000e+03 	 3.600000e+02 	 2.000000e+00
12 	 148 	 Ex 	 2 	 1.308119e+00 	 -1.080000e+03 	 3.600000e+02 	 2.000000e+00
12 	 149 	 Ex 	 2 	 1.804572e+00 	 -8.400000e+02 	 3.600000e+02 	 2.000000e+00
12 	 150 	 Ex 	 2 	 9.538592e-01 	 -6.000000e+02 	 3.600000e+02 	 2.000000e+00
12 	 151 	 Ex 	 2 	 9.778824e-01 	 -3.600000e+02 	 3.600000e+02 	 2.000000e+00
12 	 152 	 Ex 	 2 	 1.960345e+00 	 -1.200000e+02 	 3.600000e+02 	 2.000000e+00
12 	 153 	 Ex 	 2 	 1.225760e+00 	 1.200000e+02 	 3.600000e+02 	 2.000000e+00
12 	 154 	 Ex 	 2 	 1.094583e+00 	 3.600000e+02 	 3.600000e+02 	 2.000000e+00
12 	 155 	 Ex 	 2 	 4.834438e-01 	 6.000000e+02 	 3.600000e+02 	 2.000000e+00
12 	 156 	 Ex 	 2 	 1.778624e+00 	 8.400000e+02 	 3.600000e+02 	 2.000000e+00
12 	 157 	 Ex 	 2 	 0.000000e+00 	 1.080000e+03 	 3.600000e+02 	 2.000000e+00
12 	 158 	 Ex 	 2 	 0.000000e+00 	 1.320000e+03 	 3.600000e+02 	 2.000000e+00
12 	 159 	 Ex 	 2 	 0.000000e+00 	 1.560000e+03 	 3.600000e+02 	 2.000000e+00
12 	 160 	 Ex 	 2 	 0.000000e+00 	 1.800000e+03 	 3.600000e+02 	 2.000000e+00
12 	 161 	 Ex 	 2 	 1.183405e+00 	 -1.800000e+03 	 6.000000e+02 	 2.000000e+00
12 	 162 	 Ex 	 2 	 1.659221e-01 	 -1.560000e+03 	 6.000000e+02 	 2.000000e+00
12 	 163 	 Ex 	 2 	 1.480986e+00 	 -1.320000e+03 	 6.000000e+02 	 2.000000e+00
12 	 164 	 Ex 	 2 	 1.126322e+00 	 -1.080000e+03 	 6.000000e+02 	 2.000000e+00
12 	 165 	 Ex 	 2 	 1.591824e+00 	 -8.400000e+02 	 6.000000e+02 	 2.000000e+00
12 	 166 	 Ex 	 2 	 1.303481e+00 	 -6.000000e+02 	 6.000000e+02 	 2.000000e+00
12 	 167 	 Ex 	 2 	 5.965608e-01 	 -3.600000e+02 	 6.000000e+02 	 2.000000e+00
12 	 168 	 Ex 	 2 	 1.293784e+00 	 -1.200000e+02 	 6.000000e+02 	 2.000000e+00
12 	 169 	 Ex 	 2 	 2.346934e+00 	 1.200000e+02 	 6.000000e+02 	 2.000000e+00
12 	 170 	 Ex 	 2 	 2.200889e+00 	 3.600000e+02 	 6.000000e+02 	 2.000000e+00
12 	 171 	 Ex 	 2 	 9.726284e-01 	 6.000000e+02 	 6.000000e+02 	 2.000000e+00
12 	 172 	 Ex 	 2 	 1.325358e-01 	 8.400000e+02 	 6.000000e+02 	 2.000000e+00
12 	 173 	 Ex 	 2 	 0.000000e+00 	 1.080000e+03 	 6.000000e+02 	 2.000000e+00
12 	 174 	 Ex 	 2 	 0.000000e+00 	 1.320000e+03 	 6.000000e+02 	 2.000000e+00
12 	 175 	 Ex 	 2 	 0.000000e+00 	 1.560000e+03 	 6.000000e+02 	 2.000000e+00
12 	 176 	 Ex 	 2 	 0.000000e+00 	 1.800000e+03 	 6.000000e+02 	 2.000000e+00
12 	 177 	 Ex 	 2 	 1.368254e+00 	 -1.800000e+03 	 8.400000e+02 	 2.000000e+00
12 	 178 	 Ex 	 2 	 2.009171e+00 	 -1.560000e+03 	 8.400000e+02 	 2.000000e+00
12 	 179 	 Ex 	 2 	 1.048496e+00 	 -1.320000e+03 	 8.400000e+02 	 2.000000e+00
12 	 180 	 Ex 	 2 	 7.826977e-01 	 -1.080000e+03 	 8.400000e+02 	 2.000000e+00
12 	 181 	 Ex 	 2 	 1.825339e+00 	 -8.400000e+02 	 8.400000e+02 	 2.000000e+00
12 	 182 	 Ex 	 2 	 1.230937e-01 	 -6.000000e+02 	 8.400000e+02 	 2.000000e+00
12 	 183 	 Ex 	 2 	 4.827776e-01 	 -3.600000e+02 	 8.400000e+02 	 2.000000e+00
12 	 184 	 Ex 	 2 	 9.878674e-01 	 -1.200000e+02 	 8.400000e+02 	 2.000000e+00
12 	 185 	 Ex 	 2 	 2.673585e+00 	 1.200000e+02 	 8.400000e+02 	 2.000000e+00
12 	 186 	 Ex 	 2 	 1.256266e+00 	 3.600000e+02 	 8.400000e+02 	 2.000000e+00
12 	 187 	 Ex 	 2 	 3.098662e-01 	 6.000000e+02 	 8.400000e+02 	 2.000000e+00
12 	 188 	 Ex 	 2 	 1.073545e+00 	 8.400000e+02 	 8.400000e+02 	 2.000000e+00
12 	 189 	 Ex 	 2 	 5.335545e-01 	 1.080000e+03 	 8.400000e+02 	 2.000000e+00
12 	 190 	 Ex 	 2 	 0.000000e+00 	 1.320000e+03 	 8.400000e+02 	 2.000000e+00
12 	 191 	 Ex 	 2 	 0.000000e+00 	 1.560000e+03 	 8.400000e+02 	 2.000000e+00
12 	 192 	 Ex 	 2 	 0.000000e+00 	 1.800000e+03 	 8.400000e+02 	 2.000000e+00
12 	 193 	 Ex 	 2 	 2.362291e+00 	 -1.800000e+03 	 1.080000e+03 	 2.000000e+00
12 	 194 	 Ex 	 2 	 9.709638e-01 	 -1.560000e+03 	 1.080000e+03 	 2.000000e+00
12 	 195 	 Ex 	 2 	 8.260260e-01 	 -1.320000e+03 	 1.080000e+03 	 2.000000e+00
12 	 196 	 Ex 	 2 	 7.044982e-01 	 -1.080000e+03 	 1.080000e+03 	 2.000000e+00
12 	 197 	 Ex 	 2 	 2.196464e+00 	 -8.400000e+02 	 1.080000e+03 	 2.000000e+00
12 	 198 	 Ex 	 2 	 7.721624e-01 	 -6.000000e+02 	 1.080000e+03 	 2.000000e+00
12 	 199 	 Ex 	 2 	 3.740752e-01 	 -3.600000e+02 	 1.080000e+03 	 2.000000e+00
12 	 200 	 Ex 	 2 	 3.863134e-01 	 -1.200000e+02 	 1.080000e+03 	 2.000000e+00
12 	 201 	 Ex 	 2 	 1.523977e+00 	 1.200000e+02 	 1.080000e+03 	 2.000000e+00
12 	 202 	 Ex 	 2 	 4.682203e-01 	 3.600000e+02 	 1.080000e+03 	 2.000000e+00
12 	 203 	 Ex 	 2 	 1.213348e+00 	 6.000000e+02 	 1.080000e+03 	 2.000000e+00
12 	 204 	 Ex 	 2 	 1.980977e+00 	 8.400000e+02 	 1.080000e+03 	 2.000000e+00
12 	 205 	 Ex 	 2 	 9.742037e-01 	 1.080000e+03 	 1.080000e+03 	 2.000000e+00
12 	 206 	 Ex 	 2 	 3.947896e-01 	 1.320000e+03 	 1.080000e+03 	 2.000000e+00
12 	 207 	 Ex 	 2 	 0.000000e+00 	 1.560000e+03 	 1.080000e+03 	 2.000000e+00
12 	 208 	 Ex 	 2 	 0.000000e+00 	 1.800000e+03 	 1.080000e+03 	 2.000000e+00
12 	 209 	 Ex 	 2 	 2.167564e+00 	 -1.800000e+03 	 1.320000e+03 	 2.000000e+00
12 	 210 	 Ex 	 2 	 5.451190e-01 	 -1.560000e+03 	 1.320000e+03 	 2.000000e+00
12 	 211 	 Ex 	 2 	 1.810376e+00 	 -1.320000e+03 	 1.320000e+03 	 2.000000e+00
12 	 212 	 Ex 	 2 	 1.475061e+00 	 -1.080000e+03 	 1.320000e+03 	 2.000000e+00
12 	 213 	 Ex 	 2 	 9.812084e-01 	 -8.400000e+02 	 1.320000e+03 	 2.000000e+00
12 	 214 	 Ex 	 2 	 5.094432e-01 	 -6.000000e+02 	 1.320000e+03 	 2.000000e+00
12 	 215 	 Ex 	 2 	 9.281438e-01 	 -3.600000e+02 	 1.320000e+03 	 2.000000e+00
12 	 216 	 Ex 	 2 	 1.081832e+00 	 -1.200000e+02 	 1.320000e+03 	 2.000000e+00
12 	 217 	 Ex 	 2 	 1.078731e+00 	 1.200000e+02 	 1.320000e+03 	 2.000000e+00
12 	 218 	 Ex 	 2 	 1.515215e+00 	 3.600000e+02 	 1.320000e+03 	 2.000000e+00
12 	 219 	 Ex 	 2 	 1.089221e+00 	 6.000000e+02 	 1.320000e+03 	 2.000000e+00
12 	 220 	 Ex 	 2 	 8.803883e-01 	 8.400000e+02 	 1.320000e+03 	 2.000000e+00
12 	 221 	 Ex 	 2 	 8.401809e-01 	 1.080000e+03 	 1.320000e+03 	 2.000000e+00
12 	 222 	 Ex 	 2 	 1.938139e-01 	 1.320000e+03 	 1.320000e+03 	 2.000000e+00
12 	 223 	 Ex 	 2 	 3.861884e-01 	 1.560000e+03 	 1.320000e+03 	 2.000000e+00
12 	 224 	 Ex 	 2 	 9.372951e-01 	 1.800000e+03 	 1.320000e+03 	 2.000000e+00
12 	 225 	 Ex 	 2 	 1.075356e+00 	 -1.800000e+03 	 1.560000e+03 	 2.000000e+00
12 	 226 	 Ex 	 2 	 1.083162e-01 	 -1.560000e+03 	 1.560000e+03 	 2.000000e+00
12 	 227 	 Ex 	 2 	 8.973725e-01 	 -1.320000e+03 	 1.560000e+03 	 2.000000e+00
12 	 228 	 Ex 	 2 	 1.253843e+00 	 -1.080000e+03 	 1.560000e+03 	 2.000000e+00
12 	 229 	 Ex 	 2 	 1.922383e+00 	 -8.400000e+02 	 1.560000e+03 	 2.000000e+00
12 	 230 	 Ex 	 2 	 1.328652e+00 	 -6.000000e+02 	 1.560000e+03 	 2.000000e+00
12 	 231 	 Ex 	 2 	 9.362590e-01 	 -3.600000e+02 	 1.560000e+03 	 2.000000e+00
12 	 232 	 Ex 	 2 	 1.480638e+00 	 -1.200000e+02 	 1.560000e+03 	 2.000000e+00
12 	 233 	 Ex 	 2 	 7.714849e-01 	 1.200000e+02 	 1.560000e+03 	 2.000000e+00
12 	 234 	 Ex 	 2 	 8.702414e-01 	 3.600000e+02 	 1.560000e+03 	 2.000000e+00
12 	 235 	 Ex 	 2 	 5.904171e-01 	 6.000000e+02 	 1.560000e+03 	 2.000000e+00
12 	 236 	 Ex 	 2 	 1.451622e+00 	 8.400000e+02 	 1.560000e+03 	 2.000000e+00
12 	 237 	 Ex 	 2 	 1.045845e+00 	 1.080000e+03 	 1.560000e+03 	 2.000000e+00
12 	 238 	 Ex 	 2 	 1.234916e+00 	 1.320000e+03 	 1.560000e+03 	 2.000000e+00
12 	 239 	 Ex 	 2 	 1.702934e+00 	 1.560000e+03 	 1.560000e+03 	 2.000000e+00
12 	 240 	 Ex 	 2 	 7.460983e-01 	 1.800000e+03 	 1.560000e+03 	 2.000000e+00
12 	 241 	 Ex 	 2 	 1.955278e+00 	 -1.800000e+03 	 1.800000e+03 	 2.000000e+00
12 	 242 	 Ex 	 2 	 1.945089e+00 	 -1.560000e+03 	 1.800000e+03 	 2.000000e+00
12 	 243 	 Ex 	 2 	 9.586305e-01 	 -1.320000e+03 	 1.800000e+03 	 2.000000e+00
12 	 244 	 Ex 	 2 	 1.330307e+00 	 -1.080000e+03 	 1.800000e+03 	 2.000000e+00
12 	 245 	 Ex 	 2 	 1.422443e+00 	 -8.400000e+02 	 1.800000e+03 	 2.000000e+00
12 	 246 	 Ex 	 2 	 7.587693e-01 	 -6.000000e+02 	 1.800000e+03 	 2.000000e+00
12 	 247 	 Ex 	 2 	 1.068735e+00 	 -3.600000e+02 	 1.800000e+03 	 2.000000e+00
12 	 248 	 Ex 	 2 	 3.667154e-01 	 -1.200000e+02 	 1.800000e+03 	 2.000000e+00
12 	 249 	 Ex 	 2 	 5.080503e-01 	 1.200000e+02 	 1.800000e+03 	 2.000000e+00
12 	 250 	 Ex 	 2 	 1.718990e+00 	 3.600000e+02 	 1.800000e+03 	 2.000000e+00
12 	 251 	 Ex 	 2 	 1.485518e+00 	 6.000000e+02 	 1.800000e+03 	 2.000000e+00
12 	 252 	 Ex 	 2 	 9.946094e-01 	 8.400000e+02 	 1.800000e+03 	 2.000000e+00
12 	 253 	 Ex 	 2 	 1.440108e+00 	 1.080000e+03 	 1.800000e+03 	 2.000000e+00
12 	 254 	 Ex 	 2 	 1.200713e+00 	 1.320000e+03 	 1.800000e+03 	 2.000000e+00
12 	 255 	 Ex 	 2 	 1.751043e+00 	 1.560000e+03 	 1.800000e+03 	 2.000000e+00
12 	 256 	 Ex 	 2 	 5.071641e-01 	 1.800000e+03 	 1.800000e+03 	 2.000000e+00
12 	 1 	 Ey 	 1 	 5.285628e-01 	 -1.800000e+03 	 -1.800000e+03 	 2.000000e+00
12 	 2 	 Ey 	 1 	 1.233522e+00 	 -1.560000e+03 	 -1.800000e+03 	 2.000000e+00
12 	 3 	 Ey 	 1 	 1.843534e+00 	 -1.320000e+03 	 -1.800000e+03 	 2.000000e+00
12 	 4 	 Ey 	 1 	 1.501572e+00 	 -1.080000e+03 	 -1.800000e+03 	 2.000000e+00
12 	 5 	 Ey 	 1 	 1.247602e+00 	 -8.400000e+02 	 -1.800000e+03 	 2.000000e+00
12 	 6 	 Ey 	 1 	 5.829833e-01 	 -6.000000e+02 	 -1.800000e+03 	 2.000000e+00
12 	 7 	 Ey 	 1 	 8.124999e-01 	 -3.600000e+02 	 -1.800000e+03 	 2.000000e+00
12 	 8 	 Ey 	 1 	 5.070633e-01 	 -1.200000e+02 	 -1.800000e+03 	 2.000000e+00
12 	 9 	 Ey 	 1 	 5.985456e-01 	 1.200000e+02 	 -1.800000e+03 	 2.000000e+00
12 	 10 	 Ey 	 1 	 2.952290e-01 	 3.600000e+02 	 -1.800000e+03 	 2.000000e+00
12 	 11 	 Ey 	 1 	 1.070307e+00 	 6.000000e+02 	 -1.800000e+03 	 2.000000e+00
12 	 12 	 Ey 	 1 	 1.126845e+00 	 8.400000e+02 	 -1.800000e+03 	 2.000000e+00
12 	 13 	 Ey 	 1 	 1.422933e+00 	 1.080000e+03 	 -1.800000e+03 	 2.000000e+00
12 	 14 	 Ey 	 1 	 1.465329e+00 	 1.320000e+03 	 -1.800000e+03 	 2.000000e+00
12 	 15 	 Ey 	 1 	 1.311348e+00 	 1.560000e+03 	 -1.800000e+03 	 2.000000e+00
12 	 16 	 Ey 	 1 	 8.461643e-01 	 1.800000e+03 	 -1.800000e+03 	 2.000000e+00
12 	 17 	 Ey 	 1 	 9.557315e-01 	 -1.800000e+03 	 -1.560000e+03 	 2.000000e+00
12 	 18 	 Ey 	 1 	 3.034017e-01 	 -1.560000e+03 	 -1.560000e+03 	 2.000000e+00
12 	 19 	 Ey 	 1 	 1.012981e+00 	 -1.320000e+03 	 -1.560000e+03 	 2.000000e+00
12 	 20 	 Ey 	 1 	 1.304684e+00 	 -1.080000e+03 	 -1.560000e+03 	 2.000000e+00
12 	 21 	 Ey 	 1 	 1.651633e+00 	 -8.400000e+02 	 -1.560000e+03 	 2.000000e+00
12 	 22 	 Ey 	 1 	 1.309532e+00 	 -6.000000e+02 	 -1.560000e+03 	 2.000000e+00
12 	 23 	 Ey 	 1 	 3.923596e-01 	 -3.600000e+02 	 -1.560000e+03 	 2.000000e+00
12 	 24 	 Ey 	 1 	 1.177451e+00 	 -1.200000e+02 	 -1.560000e+03 	 2.000000e+00
12 	 25 	 Ey 	 1 	 4.695001e-01 	 1.200000e+02 	 -1.560000e+03 	 2.000000e+00
12 	 26 	 Ey 	 1 	 9.785623e-01 	 3.600000e+02 	 -1.560000e+03 	 2.000000e+00
12 	 27 	 Ey 	 1 	 5.353488e-01 	 6.000000e+02 	 -1.560000e+03 	 2.000000e+00
12 	 28 	 Ey 	 1 	 5.901917e-01 	 8.400000e+02 	 -1.560000e+03 	 2.000000e+00
12 	 29 	 Ey 	 1 	 9.251644e-01 	 1.080000e+03 	 -1.560000e+03 	 2.000000e+00
12 	 30 	 Ey 	 1 	 1.003232e+00 	 1.320000e+03 	 -1.560000e+03 	 2.000000e+00
12 	 31 	 Ey 	 1 	 1.767485e+00 	 1.560000e+03 	 -1.560000e+03 	 2.000000e+00
12 	 32 	 Ey 	 1 	 1.375042e+00 	 1.800000e+03 	 -1.560000e+03 	 2.000000e+00
12 	 33 	 Ey 	 1 	 1.927918e+00 	 -1.800000e+03 	 -1.320000e+03 	 2.000000e+00
12 	 34 	 Ey 	 1 	 1.534555e+00 	 -1.560000e+03 	 -1.320000e+03 	 2.000000e+00
12 	 35 	 Ey 	 1 	 1.112314e+00 	 -1.320000e+03 	 -1.320000e+03 	 2.000000e+00
12 	 36 	 Ey 	 1 	 1.609583e+00 	 -1.080000e+03 	 -1.320000e+03 	 2.000000e+00
12 	 37 	 Ey 	 1 	 1.149241e+00 	 -8.400000e+02 	 -1.320000e+03 	 2.000000e+00
12 	 38 	 Ey 	 1 	 1.111259e+00 	 -6.000000e+02 	 -1.320000e+03 	 2.000000e+00
12 	 39 	 Ey 	 1 	 8.746961e-01 	 -3.600000e+02 	 -1.320000e+03 	 2.000000e+00
12 	 40 	 Ey 	 1 	 4.958490e-01 	 -1.200000e+02 	 -1.320000e+03 	 2.000000e+00
12 	 41 	 Ey 	 1 	 5.517596e-01 	 1.200000e+02 	 -1.320000e+03 	 2.000000e+00
12 	 42 	 Ey 	 1 	 7.527177e-01 	 3.600000e+02 	 -1.320000e+03 	 2.000000e+00
12 	 43 	 Ey 	 1 	 8.682101e-01 	 6.000000e+02 	 -1.320000e+03 	 2.000000e+00
12 	 44 	 Ey 	 1 	 8.092339e-01 	 8.400000e+02 	 -1.320000e+03 	 2.000000e+00
12 	 45 	 Ey 	 1 	 8.545843e-01 	 1.080000e+03 	 -1.320000e+03 	 2.000000e+00
12 	 46 	 Ey 	 1 	 1.091178e+00 	 1.320000e+03 	 -1.320000e+03 	 2.000000e+00
12 	 47 	 Ey 	 1 	 8.199912e-01 	 1.560000e+03 	 -1.320000e+03 	 2.000000e+00
12 	 48 	 Ey 	 1 	 1.632806e+00 	 1.800000e+03 	 -1.320000e+03 	 2.000000e+00
12 	 49 	 Ey 	 1 	 1.968422e+00 	 -1.800000e+03 	 -1.080000e+03 	 2.000000e+00
12 	 50 	 Ey 	 1 	 1.144892e+00 	 -1.560000e+03 	 -1.080000e+03 	 2.000000e+00
12 	 51 	 Ey 	 1 	 2.420085e+00 	 -1.320000e+03 	 -1.080000e+03 	 2.000000e+00
12 	 52 	 Ey 	 1 	 8.655911e-01 	 -1.080000e+03 	 -1.080000e+03 	 2.000000e+00
12 	 53 	 Ey 	 1 	 1.989158e+00 	 -8.400000e+02 	 -1.080000e+03 	 2.000000e+00
12 	 54 	 Ey 	 1 	 4.909372e-01 	 -6.000000e+02 	 -1.080000e+03 	 2.000000e+00
12 	 55 	 Ey 	 1 	 9.767593e-01 	 -3.600000e+02 	 -1.080000e+03 	 2.000000e+00
12 	 56 	 Ey 	 1 	 4.909770e-01 	 -1.200000e+02 	 -1.080000e+03 	 2.000000e+00
12 	 57 	 Ey 	 1 	 1.724585e-01 	 1.200000e+02 	 -1.080000e+03 	 2.000000e+00
12 	 58 	 Ey 	 1 	 5.865651e-01 	 3.600000e+02 	 -1.080000e+03 	 2.000000e+00
12 	 59 	 Ey 	 1 	 1.263315e+00 	 6.000000e+02 	 -1.080000e+03 	 2.000000e+00
12 	 60 	 Ey 	 1 	 1.407047e+00 	 8.400000e+02 	 -1.080000e+03 	 2.000000e+00
12 	 61 	 Ey 	 1 	 2.920030e+00 	 1.080000e+03 	 -1.080000e+03 	 2.000000e+00
12 	 62 	 Ey 	 1 	 7.575824e-01 	 1.320000e+03 	 -1.080000e+03 	 2.000000e+00
12 	 63 	 Ey 	 1 	 7.050272e-01 	 1.560000e+03 	 -1.080000e+03 	 2.000000e+00
12 	 64 	 Ey 	 1 	 6.777579e-01 	 1.800000e+03 	 -1.080000e+03 	 2.000000e+00
12 	 65 	 Ey 	 1 	 1.767444e+00 	 -1.800000e+03 	 -8.400000e+02 	 2.000000e+00
12 	 66 	 Ey 	 1 	 5.907603e-01 	 -1.560000e+03 	 -8.400000e+02 	 2.000000e+00
12 	 67 	 Ey 	 1 	 1.066470e+00 	 -1.320000e+03 	 -8.400000e+02 	 2.000000e+00
12 	 68 	 Ey 	 1 	 1.014764e+00 	 -1.080000e+03 	 -8.400000e+02 	 2.000000e+00
12 	 69 	 Ey 	 1 	 9.262061e-01 	 -8.400000e+02 	 -8.400000e+02 	 2.000000e+00
12 	 70 	 Ey 	 1 	 1.274806e+00 	 -6.000000e+02 	 -8.400000e+02 	 2.000000e+00
12 	 71 	 Ey 	 1 	 1.598122e+00 	 -3.600000e+02 	 -8.400000e+02 	 2.000000e+00
12 	 72 	 Ey 	 1 	 1.012882e+00 	 -1.200000e+02 	 -8.400000e+02 	 2.000000e+00
12 	 73 	 Ey 	 1 	 1.567257e+00 	 1.200000e+02 	 -8.400000e+02 	 2.000000e+00
12 	 74 	 Ey 	 1 	 2.203163e-01 	 3.600000e+02 	 -8.400000e+02 	 2.000000e+00
12 	 75 	 Ey 	 1 	 1.000669e+00 	 6.000000e+02 	 -8.400000e+02 	 2.000000e+00
12 	 76 	 Ey 	 1 	 1.000767e+00 	 8.400000e+02 	 -8.400000e+02 	 2.000000e+00
12 	 77 	 Ey 	 1 	 2.362035e+00 	 1.080000e+03 	 -8.400000e+02 	 2.000000e+00
12 	 78 	 Ey 	 1 	 1.060586e+00 	 1.320000e+03 	 -8.400000e+02 	 2.000000e+00
12 	 79 	 Ey 	 1 	 1.462934e+00 	 1.560000e+03 	 -8.400000e+02 	 2.000000e+00
12 	 80 	 Ey 	 1 	 1.662790e+00 	 1.800000e+03 	 -8.400000e+02 	 2.000000e+00
12 	 81 	 Ey 	 1 	 1.502277e+00 	 -1.800000e+03 	 -6.000000e+02 	 2.000000e+00
12 	 82 	 Ey 	 1 	 1.789324e+00 	 -1.560000e+03 	 -6.000000e+02 	 2.000000e+00
12 	 83 	 Ey 	 1 	 3.337733e-01 	 -1.320000e+03 	 -6.000000e+02 	 2.000000e+00
12 	 84 	 Ey 	 1 	 4.371398e-01 	 -1.080000e+03 	 -6.000000e+02 	 2.000000e+00
12 	 85 	 Ey 	 1 	 8.157802e-01 	 -8.400000e+02 	 -6.000000e+02 	 2.000000e+00
12 	 86 	 Ey 	 1 	 9.496012e-01 	 -6.000000e+02 	 -6.000000e+02 	 2.000000e+00
12 	 87 	 Ey 	 1 	 7.160227e-01 	 -3.600000e+02 	 -6.000000e+02 	 2.000000e+00
12 	 88 	 Ey 	 1 	 1.309468e+00 	 -1.200000e+02 	 -6.000000e+02 	 2.000000e+00
12 	 89 	 Ey 	 1 	 7.358578e-01 	 1.200000e+02 	 -6.000000e+02 	 2.000000e+00
12 	 90 	 Ey 	 1 	 8.841918e-01 	 3.600000e+02 	 -6.000000e+02 	 2.000000e+00
12 	 91 	 Ey 	 1 	 4.224036e-01 	 6.000000e+02 	 -6.000000e+02 	 2.000000e+00
12 	 92 	 Ey 	 1 	 1.527631e+00 	 8.400000e+02 	 -6.000000e+02 	 2.000000e+00
12 	 93 	 Ey 	 1 	 7.302743e-01 	 1.080000e+03 	 -6.000000e+02 	 2.000000e+00
12 	 94 	 Ey 	 1 	 1.677238e+00 	 1.320000e+03 	 -6.000000e+02 	 2.000000e+00
12 	 95 	 Ey 	 1 	 6.398506e-01 	 1.560000e+03 	 -6.000000e+02 	 2.000000e+00
12 	 96 	 Ey 	 1 	 1.429040e+00 	 1.800000e+03 	 -6.000000e+02 	 2.000000e+00
12 	 97 	 Ey 	 1 	 6.870364e-01 	 -1.800000e+03 	 -3.600000e+02 	 2.000000e+00
12 	 98 	 Ey 	 1 	 2.137749e+00 	 -1.560000e+03 	 -3.600000e+02 	 2.000000e+00
12 	 99 	 Ey 	 1 	 5.474641e-01 	 -1.320000e+03 	 -3.600000e+02 	 2.000000e+00
12 	 100 	 Ey 	 1 	 3.362800e-01 	 -1.080000e+03 	 -3.600000e+02 	 2.000000e+00
12 	 101 	 Ey 	 1 	 2.125952e+00 	 -8.400000e+02 	 -3.600000e+02 	 2.000000e+00
12 	 102 	 Ey 	 1 	 1.021124e+00 	 -6.000000e+02 	 -3.600000e+02 	 2.000000e+00
12 	 103 	 Ey 	 1 	 1.618889e+00 	 -3.600000e+02 	 -3.600000e+02 	 2.000000e+00
12 	 104 	 Ey 	 1 	 1.273726e+00 	 -1.200000e+02 	 -3.600000e+02 	 2.000000e+00
12 	 105 	 Ey 	 1 	 1.053719e+00 	 1.200000e+02 	 -3.600000e+02 	 2.000000e+00
12 	 106 	 Ey 	 1 	 1.930850e+00 	 3.600000e+02 	 -3.600000e+02 	 2.000000e+00
12 	 107 	 Ey 	 1 	 2.388125e+00 	 6.000000e+02 	 -3.600000e+02 	 2.000000e+00
12 	 108 	 Ey 	 1 	 1.449883e+00 	 8.400000e+02 	 -3.600000e+02 	 2.000000e+00
12 	 109 	 Ey 	 1 	 1.302710e+00 	 1.080000e+03 	 -3.600000e+02 	 2.000000e+00
12 	 110 	 Ey 	 1 	 1.892924e+00 	 1.320000e+03 	 -3.600000e+02 	 2.000000e+00
12 	 111 	 Ey 	 1 	 1.928925e+00 	 1.560000e+03 	 -3.600000e+02 	 2.000000e+00
12 	 112 	 Ey 	 1 	 9.352736e-01 	 1.800000e+03 	 -3.600000e+02 	 2.000000e+00
12 	 113 	 Ey 	 1 	 2.473109e+00 	 -1.800000e+03 	 -1.200000e+02 	 2.000000e+00
12 	 114 	 Ey 	 1 	 5.517114e-01 	 -1.560000e+03 	 -1.200000e+02 	 2.000000e+00
12 	 115 	 Ey 	 1 	 6.268042e-01 	 -1.320000e+03 	 -1.200000e+02 	 2.000000e+00
12 	 116 	 Ey 	 1 	 9.667292e-01 	 -1.080000e+03 	 -1.200000e+02 	 2.000000e+00
12 	 117 	 Ey 	 1 	 1.503329e+00 	 -8.400000e+02 	 -1.200000e+02 	 2.000000e+00
12 	 118 	 Ey 	 1 	 9.699573e-01 	 -6.000000e+02 	 -1.200000e+02 	 2.000000e+00
12 	 119 	 Ey 	 1 	 2.201389e+00 	 -3.600000e+02 	 -1.200000e+02 	 2.000000e+00
12 	 120 	 Ey 	 1 	 2.202849e+00 	 -1.200000e+02 	 -1.200000e+02 	 2.000000e+00
12 	 121 	 Ey 	 1 	 7.322551e-01 	 1.200000e+02 	 -1.200000e+02 	 2.000000e+00
12 	 122 	 Ey 	 1 	 1.690644e+00 	 3.600000e+02 	 -1.200000e+02 	 2.000000e+00
12 	 123 	 Ey 	 1 	 8.613520e-01 	 6.000000e+02 	 -1.200000e+02 	 2.000000e+00
12 	 124 	 Ey 	 1 	 9.693488e-01 	 8.400000e+02 	 -1.200000e+02 	 2.000000e+00
12 	 125 	 Ey 	 1 	 2.283808e+00 	 1.080000e+03 	 -1.200000e+02 	 2.000000e+00
12 	 126 	 Ey 	 1 	 1.815630e+00 	 1.320000e+03 	 -1.200000e+02 	 2.000000e+00
12 	 127 	 Ey 	 1 	 1.149834e+00 	 1.560000e+03 	 -1.200000e+02 	 2.000000e+00
12 	 128 	 Ey 	 1 	 1.603669e+00 	 1.800000e+03 	 -1.200000e+02 	 2.000000e+00
12 	 129 	 Ey 	 1 	 1.357900e+00 	 -1.800000e+03 	 1.200000e+02 	 2.000000e+00
12 	 130 	 Ey 	 1 	 4.240545e-01 	 -1.560000e+03 	 1.200000e+02 	 2.000000e+00
12 	 131 	 Ey 	 1 	 1.212014e+00 	 -1.320000e+03 	 1.200000e+02 	 2.000000e+00
12 	 132 	 Ey 	 1 	 9.526318e-01 	 -1.080000e+03 	 1.200000e+02 	 2.000000e+00
12 	 133 	 Ey 	 1 	 1.951067e+00 	 -8.400000e+02 	 1.200000e+02 	 2.000000e+00
12 	 134 	 Ey 	 1 	 7.794480e-01 	 -6.000000e+02 	 1.200000e+02 	 2.000000e+00
12 	 135 	 Ey 	 1 	 7.816197e-01 	 -3.600000e+02 	 1.200000e+02 	 2.000000e+00
12 	 136 	 Ey 	 1 	 1.827026e+00 	 -1.200000e+02 	 1.200000e+02 	 2.000000e+00
12 	 137 	 Ey 	 1 	 3.142751e-01 	 1.200000e+02 	 1.200000e+02 	 2.000000e+00
12 	 138 	 Ey 	 1 	 3.686281e-01 	 3.600000e+02 	 1.200000e+02 	 2.000000e+00
12 	 139 	 Ey 	 1 	 1.393089e+00 	 6.000000e+02 	 1.200000e+02 	 2.000000e+00
12 	 140 	 Ey 	 1 	 1.936282e+00 	 8.400000e+02 	 1.200000e+02 	 2.000000e+00
12 	 141 	 Ey 	 1 	 1.942678e+00 	 1.080000e+03 	 1.200000e+02 	 2.000000e+00
12 	 142 	 Ey 	 1 	 0.000000e+00 	 1.320000e+03 	 1.200000e+02 	 2.000000e+00
12 	 143 	 Ey 	 1 	 0.000000e+00 	 1.560000e+03 	 1.200000e+02 	 2.000000e+00
12 	 144 	 Ey 	 1 	 0.000000e+00 	 1.800000e+03 	 1.200000e+02 	 2.000000e+00
12 	 145 	 Ey 	 1 	 7.509225e-01 	 -1.800000e+03 	 3.600000e+02 	 2.000000e+00
12 	 146 	 Ey 	 1 	 9.844757e-01 	 -1.560000e+03 	 3.600000e+02 	 2.000000e+00
12 	 147 	 Ey 	 1 	 1.735228e+00 	 -1.320000e+03 	 3.600000e+02 	 2.000000e+00
12 	 148 	 Ey 	 1 	 1.750449e+00 	 -1.080000e+03 	 3.600000e+02 	 2.000000e+00
12 	 149 	 Ey 	 1 	 7.678707e-01 	 -8.400000e+02 	 3.600000e+02 	 2.000000e+00
12 	 150 	 Ey 	 1 	 5.629847e-01 	 -6.000000e+02 	 3.600000e+02 	 2.000000e+00
12 	 151 	 Ey 	 1 	 4.261813e-01 	 -3.600000e+02 	 3.600000e+02 	 2.000000e+00
12 	 152 	 Ey 	 1 	 1.514412e+00 	 -1.200000e+02 	 3.600000e+02 	 2.000000e+00
12 	 153 	 Ey 	 1 	 5.852342e-01 	 1.200000e+02 	 3.600000e+02 	 2.000000e+00
12 	 154 	 Ey 	 1 	 4.839222e-01 	 3.600000e+02 	 3.600000e+02 	 2.000000e+00
12 	 155 	 Ey 	 1 	 4.544576e-01 	 6.000000e+02 	 3.600000e+02 	 2.000000e+00
12 	 156 	 Ey 	 1 	 2.399888e+00 	 8.400000e+02 	 3.600000e+02 	 2.000000e+00
12 	 157 	 Ey 	 1 	 0.000000e+00 	 1.080000e+03 	 3.600000e+02 	 2.000000e+00
12 	 158 	 Ey 	 1 	 0.000000e+00 	 1.320000e+03 	 3.600000e+02 	 2.000000e+00
12 	 159 	 Ey 	 1 	 0.000000e+00 	 1.560000e+03 	 3.600000e+02 	 2.000000e+00
12 	 160 	 Ey 	 1 	 0.000000e+00 	 1.800000e+03 	 3.600000e+02 	 2.000000e+00
12 	 161 	 Ey 	 1 	 1.421147e+00 	 -1.800000e+03 	 6.000000e+02 	 2.000000e+00
12 	 162 	 Ey 	 1 	 1.025965e+00 	 -1.560000e+03 	 6.000000e+02 	 2.000000e+00
12 	 163 	 Ey 	 1 	 1.174886e+00 	 -1.320000e+03 	 6.000000e+02 	 2.000000e+00
12 	 164 	 Ey 	 1 	 1.338638e+00 	 -1.080000e+03 	 6.000000e+02 	 2.000000e+00
12 	 165 	 Ey 	 1 	 5.879236e-01 	 -8.400000e+02 	 6.000000e+02 	 2.000000e+00
12 	 166 	 Ey 	 1 	 5.645927e-01 	 -6.000000e+02 	 6.000000e+02 	 2.000000e+00
12 	 167 	 Ey 	 1 	 1.207804e+00 	 -3.600000e+02 	 6.000000e+02 	 2.000000e+00
12 	 168 	 Ey 	 1 	 1.272189e+00 	 -1.200000e+02 	 6.000000e+02 	 2.000000e+00
12 	 169 	 Ey 	 1 	 1.184519e+00 	 1.200000e+02 	 6.000000e+02 	 2.000000e+00
12 	 170 	 Ey 	 1 	 1.121079e+00 	 3.600000e+02 	 6.000000e+02 	 2.000000e+00
12 	 171 	 Ey 	 1 	 4.511977e-01 	 6.000000e+02 	 6.000000e+02 	 2.000000e+00
12 	 172 	 Ey 	 1 	 5.269349e-01 	 8.400000e+02 	 6.000000e+02 	 2.000000e+00
12 	 173 	 Ey 	 1 	 0.000000e+00 	 1.080000e+03 	 6.000000e+02 	 2.000000e+00
12 	 174 	 Ey 	 1 	 0.000000e+00 	 1.320000e+03 	 6.000000e+02 	 2.000000e+00
12 	 175 	 Ey 	 1 	 0.000000e+00 	 1.560000e+03 	 6.000000e+02 	 2.000000e+00
12 	 176 	 Ey 	 1 	 0.000000e+00 	 1.800000e+03 	 6.000000e+02 	 2.000000e+00
12 	 177 	 Ey 	 1 	 1.707579e-01 	 -1.800000e+03 	 8.400000e+02 	 2.000000e+00
12 	 178 	 Ey 	 1 	 1.580877e+00 	 -1.560000e+03 	 8.400000e+02 	 2.000000e+00
12 	 179 	 Ey 	 1 	 7.292293e-01 	 -1.320000e+03 	 8.400000e+02 	 2.000000e+00
12 	 180 	 Ey 	 1 	 1.634851e+00 	 -1.080000e+03 	 8.400000e+02 	 2.000000e+00
12 	 181 	 Ey 	 1 	 1.802684e+00 	 -8.400000e+02 	 8.400000e+02 	 2.000000e+00
12 	 182 	 Ey 	 1 	 8.851583e-01 	 -6.000000e+02 	 8.400000e+02 	 2.000000e+00
12 	 183 	 Ey 	 1 	 9.598867e-01 	 -3.600000e+02 	 8.400000e+02 	 2.000000e+00
12 	 184 	 Ey 	 1 	 3.787549e-01 	 -1.200000e+02 	 8.400000e+02 	 2.000000e+00
12 	 185 	 Ey 	 1 	 3.348287e-01 	 1.200000e+02 	 8.400000e+02 	 2.000000e+00
12 	 186 	 Ey 	 1 	 5.803648e-01 	 3.600000e+02 	 8.400000e+02 	 2.000000e+00
12 	 187 	 Ey 	 1 	 1.614814e+00 	 6.000000e+02 	 8.400000e+02 	 2.000000e+00
12 	 188 	 Ey 	 1 	 1.214545e+00 	 8.400000e+02 	 8.400000e+02 	 2.000000e+00
12 	 189 	 Ey 	 1 	 1.141298e+00 	 1.080000e+03 	 8.400000e+02 	 2.000000e+00
12 	 190 	 Ey 	 1 	 0.000000e+00 	 1.320000e+03 	 8.400000e+02 	 2.000000e+00
12 	 191 	 Ey 	 1 	 0.000000e+00 	 1.560000e+03 	 8.400000e+02 	 2.000000e+00
12 	 192 	 Ey 	 1 	 0.000000e+00 	 1.800000e+03 	 8.400000e+02 	 2.000000e+00
12 	 193 	 Ey 	 1 	 2.495503e-01 	 -1.800000e+03 	 1.080000e+03 	 2.000000e+00
12 	 194 	 Ey 	 1 	 1.064939e+00 	 -1.560000e+03 	 1.080000e+03 	 2.000000e+00
12 	 195 	 Ey 	 1 	 4.306909e-01 	 -1.320000e+03 	 1.080000e+03 	 2.000000e+00
12 	 196 	 Ey 	 1 	 9.329425e-02 	 -1.080000e+03 	 1.080000e+03 	 2.000000e+00
12 	 197 	 Ey 	 1 	 5.842601e-01 	 -8.400000e+02 	 1.080000e+03 	 2.000000e+00
12 	 198 	 Ey 	 1 	 1.360687e+00 	 -6.000000e+02 	 1.080000e+03 	 2.000000e+00
12 	 199 	 Ey 	 1 	 2.237331e-01 	 -3.600000e+02 	 1.080000e+03 	 2.000000e+00
12 	 200 	 Ey 	 1 	 1.266034e+00 	 -1.200000e+02 	 1.080000e+03 	 2.000000e+00
12 	 201 	 Ey 	 1 	 3.756535e-01 	 1.200000e+02 	 1.080000e+03 	 2.000000e+00
12 	 202 	 Ey 	 1 	 2.412045e-01 	 3.600000e+02 	 1.080000e+03 	 2.000000e+00
12 	 203 	 Ey 	 1 	 1.330211e+00 	 6.000000e+02 	 1.080000e+03 	 2.000000e+00
12 	 204 	 Ey 	 1 	 1.284954e+00 	 8.400000e+02 	 1.080000e+03 	 2.000000e+00
12 	 205 	 Ey 	 1 	 1.777369e+00 	 1.080000e+03 	 1.080000e+03 	 2.000000e+00
12 	 206 	 Ey 	 1 	 1.237397e+00 	 1.320000e+03 	 1.080000e+03 	 2.000000e+00
12 	 207 	 Ey 	 1 	 0.000000e+00 	 1.560000e+03 	 1.080000e+03 	 2.000000e+00
12 	 208 	 Ey 	 1 	 0.000000e+00 	 1.800000e+03 	 1.080000e+03 	 2.000000e+00
12 	 209 	 Ey 	 1 	 1.682434e+00 	 -1.800000e+03 	 1.320000e+03 	 2.000000e+00
12 	 210 	 Ey 	 1 	 1.531237e+00 	 -1.560000e+03 	 1.320000e+03 	 2.000000e+00
12 	 211 	 Ey 	 1 	 1.788481e+00 	 -1.320000e+03 	 1.320000e+03 	 2.000000e+00
12 	 212 	 Ey 	 1 	 1.035254e+00 	 -1.080000e+03 	 1.320000e+03 	 2.000000e+00
12 	 213 	 Ey 	 1 	 5.929584e-01 	 -8.400000e+02 	 1.320000e+03 	 2.000000e+00
12 	 214 	 Ey 	 1 	 3.802879e-01 	 -6.000000e+02 	 1.320000e+03 	 2.000000e+00
12 	 215 	 Ey 	 1 	 6.447891e-01 	 -3.600000e+02 	 1.320000e+03 	 2.000000e+00
12 	 216 	 Ey 	 1 	 5.392413e-01 	 -1.200000e+02 	 1.320000e+03 	 2.000000e+00
12 	 217 	 Ey 	 1 	 2.103432e+00 	 1.200000e+02 	 1.320000e+03 	 2.000000e+00
12 	 218 	 Ey 	 1 	 1.477209e+00 	 3.600000e+02 	 1.320000e+03 	 2.000000e+00
12 	 219 	 Ey 	 1 	 5.121175e-01 	 6.000000e+02 	 1.320000e+03 	 2.000000e+00
12 	 220 	 Ey 	 1 	 1.816321e+00 	 8.400000e+02 	 1.320000e+03 	 2.000000e+00
12 	 221 	 Ey 	 1 	 8.269470e-01 	 1.080000e+03 	 1.320000e+03 	 2.000000e+00
12 	 222 	 Ey 	 1 	 5.627769e-01 	 1.320000e+03 	 1.320000e+03 	 2.000000e+00
12 	 223 	 Ey 	 1 	 1.444798e+00 	 1.560000e+03 	 1.320000e+03 	 2.000000e+00
12 	 224 	 Ey 	 1 	 9.309604e-01 	 1.800000e+03 	 1.320000e+03 	 2.000000e+00
12 	 225 	 Ey 	 1 	 7.694040e-01 	 -1.800000e+03 	 1.560000e+03 	 2.000000e+00
12 	 226 	 Ey 	 1 	 1.718638e+00 	 -1.560000e+03 	 1.560000e+03 	 2.000000e+00
12 	 227 	 Ey 	 1 	 8.080601e-01 	 -1.320000e+03 	 1.560000e+03 	 2.000000e+00
12 	 228 	 Ey 	 1 	 5.071262e-01 	 -1.080000e+03 	 1.560000e+03 	 2.000000e+00
12 	 229 	 Ey 	 1 	 5.596154e-01 	 -8.400000e+02 	 1.560000e+03 	 2.000000e+00
12 	 230 	 Ey 	 1 	 1.858238e+00 	 -6.000000e+02 	 1.560000e+03 	 2.000000e+00
12 	 231 	 Ey 	 1 	 6.049594e-01 	 -3.600000e+02 	 1.560000e+03 	 2.000000e+00
12 	 232 	 Ey 	 1 	 2.102383e+00 	 -1.200000e+02 	 1.560000e+03 	 2.000000e+00
12 	 233 	 Ey 	 1 	 8.033355e-01 	 1.200000e+02 	 1.560000e+03 	 2.000000e+00
12 	 234 	 Ey 	 1 	 2.035920e+00 	 3.600000e+02 	 1.560000e+03 	 2.000000e+00
12 	 235 	 Ey 	 1 	 7.730542e-01 	 6.000000e+02 	 1.560000e+03 	 2.000000e+00
12 	 236 	 Ey 	 1 	 8.645318e-01 	 8.400000e+02 	 1.560000e+03 	 2.000000e+00
12 	 237 	 Ey 	 1 	 1.135152e+00 	 1.080000e+03 	 1.560000e+03 	 2.000000e+00
12 	 238 	 Ey 	 1 	 1.313523e+00 	 1.320000e+03 	 1.560000e+03 	 2.000000e+00
12 	 239 	 Ey 	 1 	 1.234678e+00 	 1.560000e+03 	 1.560000e+03 	 2.000000e+00
12 	 240 	 Ey 	 1 	 1.596978e+00 	 1.800000e+03 	 1.560000e+03 	 2.000000e+00
12 	 241 	 Ey 	 1 	 1.557807e+00 	 -1.800000e+03 	 1.800000e+03 	 2.000000e+00
12 	 242 	 Ey 	 1 	 1.264260e+00 	 -1.560000e+03 	 1.800000e+03 	 2.000000e+00
12 	 243 	 Ey 	 1 	 1.908905e+00 	 -1.320000e+03 	 1.800000e+03 	 2.000000e+00
12 	 244 	 Ey 	 1 	 1.345786e+00 	 -1.080000e+03 	 1.800000e+03 	 2.000000e+00
12 	 245 	 Ey 	 1 	 6.050740e-01 	 -8.400000e+02 	 1.800000e+03 	 2.000000e+00
12 	 246 	 Ey 	 1 	 7.423247e-01 	 -6.000000e+02 	 1.800000e+03 	 2.000000e+00
12 	 247 	 Ey 	 1 	 6.291219e-01 	 -3.600000e+02 	 1.800000e+03 	 2.000000e+00
12 	 248 	 Ey 	 1 	 9.843441e-01 	 -1.200000e+02 	 1.800000e+03 	 2.000000e+00
12 	 249 	 Ey 	 1 	 2.150039e+00 	 1.200000e+02 	 1.800000e+03 	 2.000000e+00
12 	 250 	 Ey 	 1 	 9.641751e-01 	 3.600000e+02 	 1.800000e+03 	 2.000000e+00
12 	 251 	 Ey 	 1 	 1.065337e+00 	 6.000000e+02 	 1.800000e+03 	 2.000000e+00
12 	 252 	 Ey 	 1 	 8.541432e-01 	 8.400000e+02 	 1.800000e+03 	 2.000000e+00
12 	 253 	 Ey 	 1 	 1.681005e+00 	 1.080000e+03 	 1.800000e+03 	 2.000000e+00
12 	 254 	 Ey 	 1 	 1.445078e+00 	 1.320000e+03 	 1.800000e+03 	 2.000000e+00
12 	 255 	 Ey 	 1 	 1.158033e+00 	 1.560000e+03 	 1.800000e+03 	 2.000000e+00
12 	 256 	 Ey 	 1 	 1.405711e+00 	 1.800000e+03 	 1.800000e+03 	 2.000000e+00
12 	 1 	 Ey 	 2 	 1.090391e+00 	 -1.800000e+03 	 -1.800000e+03 	 2.000000e+00
12 	 2 	 Ey 	 2 	 1.399884e+00 	 -1.560000e+03 	 -1.800000e+03 	 2.000000e+00
12 	 3 	 Ey 	 2 	 1.772319e+00 	 -1.320000e+03 	 -1.800000e+03 	 2.000000e+00
12 	 4 	 Ey 	 2 	 6.275331e-01 	 -1.080000e+03 	 -1.800000e+03 	 2.000000e+00
12 	 5 	 Ey 	 2 	 2.492366e-01 	 -8.400000e+02 	 -1.800000e+03 	 2.000000e+00
12 	 6 	 Ey 	 2 	 9.334269e-01 	 -6.000000e+02 	 -1.800000e+03 	 2.000000e+00
12 	 7 	 Ey 	 2 	 5.423442e-01 	 -3.600000e+02 	 -1.800000e+03 	 2.000000e+00
12 	 8 	 Ey 	 2 	 6.229874e-01 	 -1.200000e+02 	 -1.800000e+03 	 2.000000e+00
12 	 9 	 Ey 	 2 	 7.587160e-01 	 1.200000e+02 	 -1.800000e+03 	 2.000000e+00
12 	 10 	 Ey 	 2 	 8.864067e-01 	 3.600000e+02 	 -1.800000e+03 	 2.000000e+00
12 	 11 	 Ey 	 2 	 9.683570e-02 	 6.000000e+02 	 -1.800000e+03 	 2.000000e+00
12 	 12 	 Ey 	 2 	 1.624732e+00 	 8.400000e+02 	 -1.800000e+03 	 2.000000e+00
12 	 13 	 Ey 	 2 	 9.711905e-01 	 1.080000e+03 	 -1.800000e+03 	 2.000000e+00
12 	 14 	 Ey 	 2 	 1.855958e-01 	 1.320000e+03 	 -1.800000e+03 	 2.000000e+00
12 	 15 	 Ey 	 2 	 5.245729e-01 	 1.560000e+03 	 -1.800000e+03 	 2.000000e+00
12 	 16 	 Ey 	 2 	 2.201067e-01 	 1.800000e+03 	 -1.800000e+03 	 2.000000e+00
12 	 17 	 Ey 	 2 	 1.222412e+00 	 -1.800000e+03 	 -1.560000e+03 	 2.000000e+00
12 	 18 	 Ey 	 2 	 2.187545e+00 	 -1.560000e+03 	 -1.560000e+03 	 2.000000e+00
12 	 19 	 Ey 	 2 	 1.855758e+00 	 -1.320000e+03 	 -1.560000e+03 	 2.000000e+00
12 	 20 	 Ey 	 2 	 1.108069e+00 	 -1.080000e+03 	 -1.560000e+03 	 2.000000e+00
12 	 21 	 Ey 	 2 	 1.895732e+00 	 -8.400000e+02 	 -1.560000e+03 	 2.000000e+00
12 	 22 	 Ey 	 2 	 1.561892e+00 	 -6.000000e+02 	 -1.560000e+03 	 2.000000e+00
12 	 23 	 Ey 	 2 	 7.408856e-01 	 -3.600000e+02 	 -1.560000e+03 	 2.000000e+00
12 	 24 	 Ey 	 2 	 9.374205e-01 	 -1.200000e+02 	 -1.560000e+03 	 2.000000e+00
12 	 25 	 Ey 	 2 	 9.615396e-01 	 1.200000e+02 	 -1.560000e+03 	 2.000000e+00
12 	 26 	 Ey 	 2 	 1.599554e+00 	 3.600000e+02 	 -1.560000e+03 	 2.000000e+00
12 	 27 	 Ey 	 2 	 1.518813e+00 	 6.000000e+02 	 -1.560000e+03 	 2.000000e+00
12 	 28 	 Ey 	 2 	 1.026916e+00 	 8.400000e+02 	 -1.560000e+03 	 2.000000e+00
12 	 29 	 Ey 	 2 	 3.821972e-01 	 1.080000e+03 	 -1.560000e+03 	 2.000000e+00
12 	 30 	 Ey 	 2 	 7.344884e-01 	 1.320000e+03 	 -1.560000e+03 	 2.000000e+00
12 	 31 	 Ey 	 2 	 8.691050e-01 	 1.560000e+03 	 -1.560000e+03 	 2.000000e+00
12 	 32 	 Ey 	 2 	 8.813213e-01 	 1.800000e+03 	 -1.560000e+03 	 2.000000e+00
12 	 33 	 Ey 	 2 	 8.949665e-01 	 -1.800000e+03 	 -1.320000e+03 	 2.000000e+00
12 	 34 	 Ey 	 2 	 2.229182e+00 	 -1.560000e+03 	 -1.320000e+03 	 2.000000e+00
12 	 35 	 Ey 	 2 	 1.766952e+00 	 -1.320000e+03 	 -1.320000e+03 	 2.000000e+00
12 	 36 	 Ey 	 2 	 2.721818e-01 	 -1.080000e+03 	 -1.320000e+03 	 2.000000e+00
12 	 37 	 Ey 	 2 	 1.791578e+00 	 -8.400000e+02 	 -1.320000e+03 	 2.000000e+00
12 	 38 	 Ey 	 2 	 1.785599e+00 	 -6.000000e+02 	 -1.320000e+03 	 2.000000e+00
12 	 39 	 Ey 	 2 	 1.479167e-01 	 -3.600000e+02 	 -1.320000e+03 	 2.000000e+00
12 	 40 	 Ey 	 2 	 8.228638e-01 	 -1.200000e+02 	 -1.320000e+03 	 2.000000e+00
12 	 41 	 Ey 	 2 	 1.754972e-01 	 1.200000e+02 	 -1.320000e+03 	 2.000000e+00
12 	 42 	 Ey 	 2 	 5.243747e-01 	 3.600000e+02 	 -1.320000e+03 	 2.000000e+00
12 	 43 	 Ey 	 2 	 5.012283e-01 	 6.000000e+02 	 -1.320000e+03 	 2.000000e+00
12 	 44 	 Ey 	 2 	 1.508715e+00 	 8.400000e+02 	 -1.320000e+03 	 2.000000e+00
12 	 45 	 Ey 	 2 	 5.841771e-01 	 1.080000e+03 	 -1.320000e+03 	 2.000000e+00
12 	 46 	 Ey 	 2 	 1.509036e+00 	 1.320000e+03 	 -1.320000e+03 	 2.000000e+00
12 	 47 	 Ey 	 2 	 6.210514e-01 	 1.560000e+03 	 -1.320000e+03 	 2.000000e+00
12 	 48 	 Ey 	 2 	 7.529220e-01 	 1.800000e+03 	 -1.320000e+03 	 2.000000e+00
12 	 49 	 Ey 	 2 	 2.033878e+00 	 -1.800000e+03 	 -1.080000e+03 	 2.000000e+00
12 	 50 	 Ey 	 2 	 2.470874e+00 	 -1.560000e+03 	 -1.080000e+03 	 2.000000e+00
12 	 51 	 Ey 	 2 	 2.440712e+00 	 -1.320000e+03 	 -1.080000e+03 	 2.000000e+00
12 	 52 	 Ey 	 2 	 2.058189e+00 	 -1.080000e+03 	 -1.080000e+03 	 2.000000e+00
12 	 53 	 Ey 	 2 	 4.713024e-01 	 -8.400000e+02 	 -1.080000e+03 	 2.000000e+00
12 	 54 	 Ey 	 2 	 9.260065e-01 	 -6.000000e+02 	 -1.080000e+03 	 2.000000e+00
12 	 55 	 Ey 	 2 	 1.035798e+00 	 -3.600000e+02 	 -1.080000e+03 	 2.000000e+00
12 	 56 	 Ey 	 2 	 1.066643e+00 	 -1.200000e+02 	 -1.080000e+03 	 2.000000e+00
12 	 57 	 Ey 	 2 	 4.395477e-01 	 1.200000e+02 	 -1.080000e+03 	 2.000000e+00
12 	 58 	 Ey 	 2 	 1.873210e+00 	 3.600000e+02 	 -1.080000e+03 	 2.000000e+00
12 	 59 	 Ey 	 2 	 4.221468e-01 	 6.000000e+02 	 -1.080000e+03 	 2.000000e+00
12 	 60 	 Ey 	 2 	 9.254336e-01 	 8.400000e+02 	 -1.080000e+03 	 2.000000e+00
12 	 61 	 Ey 	 2 	 1.291503e+00 	 1.080000e+03 	 -1.080000e+03 	 2.000000e+00
12 	 62 	 Ey 	 2 	 8.936901e-01 	 1.320000e+03 	 -1.080000e+03 	 2.000000e+00
12 	 63 	 Ey 	 2 	 8.023325e-01 	 1.560000e+03 	 -1.080000e+03 	 2.000000e+00
12 	 64 	 Ey 	 2 	 1.181107e+00 	 1.800000e+03 	 -1.080000e+03 	 2.000000e+00
12 	 65 	 Ey 	 2 	 2.338024e+00 	 -1.800000e+03 	 -8.400000e+02 	 2.000000e+00
12 	 66 	 Ey 	 2 	 2.884523e+00 	 -1.560000e+03 	 -8.400000e+02 	 2.000000e+00
12 	 67 	 Ey 	 2 	 1.219132e+00 	 -1.320000e+03 	 -8.400000e+02 	 2.000000e+00
12 	 68 	 Ey 	 2 	 1.630919e+00 	 -1.080000e+03 	 -8.400000e+02 	 2.000000e+00
12 	 69 	 Ey 	 2 	 1.063527e+00 	 -8.400000e+02 	 -8.400000e+02 	 2.000000e+00
12 	 70 	 Ey 	 2 	 1.731924e+00 	 -6.000000e+02 	 -8.400000e+02 	 2.000000e+00
12 	 71 	 Ey 	 2 	 1.641366e+00 	 -3.600000e+02 	 -8.400000e+02 	 2.000000e+00
12 	 72 	 Ey 	 2 	 6.974286e-01 	 -1.200000e+02 	 -8.400000e+02 	 2.000000e+00
12 	 73 	 Ey 	 2 	 1.342429e+00 	 1.200000e+02 	 -8.400000e+02 	 2.000000e+00
12 	 74 	 Ey 	 2 	 1.769207e+00 	 3.600000e+02 	 -8.400000e+02 	 2.000000e+00
12 	 75 	 Ey 	 2 	 1.974621e+00 	 6.000000e+02 	 -8.400000e+02 	 2.000000e+00
12 	 76 	 Ey 	 2 	 8.193923e-01 	 8.400000e+02 	 -8.400000e+02 	 2.000000e+00
12 	 77 	 Ey 	 2 	 1.646141e+00 	 1.080000e+03 	 -8.400000e+02 	 2.000000e+00
12 	 78 	 Ey 	 2 	 2.439242e-01 	 1.320000e+03 	 -8.400000e+02 	 2.000000e+00
12 	 79 	 Ey 	 2 	 1.173288e+00 	 1.560000e+03 	 -8.400000e+02 	 2.000000e+00
12 	 80 	 Ey 	 2 	 2.019475e+00 	 1.800000e+03 	 -8.400000e+02 	 2.000000e+00
12 	 81 	 Ey 	 2 	 1.420638e+00 	 -1.800000e+03 	 -6.000000e+02 	 2.000000e+00
12 	 82 	 Ey 	 2 	 1.309767e+00 	 -1.560000e+03 	 -6.000000e+02 	 2.000000e+00
12 	 83 	 Ey 	 2 	 2.761358e+00 	 -1.320000e+03 	 -6.000000e+02 	 2.000000e+00
12 	 84 	 Ey 	 2 	 2.451672e+00 	 -1.080000e+03 	 -6.000000e+02 	 2.000000e+00
12 	 85 	 Ey 	 2 	 9.648393e-01 	 -8.400000e+02 	 -6.000000e+02 	 2.000000e+00
12 	 86 	 Ey 	 2 	 1.296734e+00 	 -6.000000e+02 	 -6.000000e+02 	 2.000000e+00
12 	 87 	 Ey 	 2 	 8.493629e-01 	 -3.600000e+02 	 -6.000000e+02 	 2.000000e+00
12 	 88 	 Ey 	 2 	 1.126232e+00 	 -1.200000e+02 	 -6.000000e+02 	 2.000000e+00
12 	 89 	 Ey 	 2 	 5.846587e-01 	 1.200000e+02 	 -6.000000e+02 	 2.000000e+00
12 	 90 	 Ey 	 2 	 6.300727e-01 	 3.600000e+02 	 -6.000000e+02 	 2.000000e+00
12 	 91 	 Ey 	 2 	 1.933648e-01 	 6.000000e+02 	 -6.000000e+02 	 2.000000e+00
12 	 92 	 Ey 	 2 	 2.959540e+00 	 8.400000e+02 	 -6.000000e+02 	 2.000000e+00
12 	 93 	 Ey 	 2 	 1.566190e+00 	 1.080000e+03 	 -6.000000e+02 	 2.000000e+00
12 	 94 	 Ey 	 2 	 2.461858e+00 	 1.320000e+03 	 -6.000000e+02 	 2.000000e+00
12 	 95 	 Ey 	 2 	 7.987068e-01 	 1.560000e+03 	 -6.000000e+02 	 2.000000e+00
12 	 96 	 Ey 	 2 	 9.790724e-01 	 1.800000e+03 	 -6.000000e+02 	 2.000000e+00
12 	 97 	 Ey 	 2 	 6.833628e-01 	 -1.800000e+03 	 -3.600000e+02 	 2.000000e+00
12 	 98 	 Ey 	 2 	 3.680127e+00 	 -1.560000e+03 	 -3.600000e+02 	 2.000000e+00
12 	 99 	 Ey 	 2 	 3.668171e+00 	 -1.320000e+03 	 -3.600000e+02 	 2.000000e+00
12 	 100 	 Ey 	 2 	 1.771910e+00 	 -1.080000e+03 	 -3.600000e+02 	 2.000000e+00
12 	 101 	 Ey 	 2 	 5.668422e-01 	 -8.400000e+02 	 -3.600000e+02 	 2.000000e+00
12 	 102 	 Ey 	 2 	 1.138198e+00 	 -6.000000e+02 	 -3.600000e+02 	 2.000000e+00
12 	 103 	 Ey 	 2 	 6.358929e-01 	 -3.600000e+02 	 -3.600000e+02 	 2.000000e+00
12 	 104 	 Ey 	 2 	 1.007278e+00 	 -1.200000e+02 	 -3.600000e+02 	 2.000000e+00
12 	 105 	 Ey 	 2 	 1.154689e+00 	 1.200000e+02 	 -3.600000e+02 	 2.000000e+00
12 	 106 	 Ey 	 2 	 8.206881e-01 	 3.600000e+02 	 -3.600000e+02 	 2.000000e+00
12 	 107 	 Ey 	 2 	 2.090975e+00 	 6.000000e+02 	 -3.600000e+02 	 2.000000e+00
12 	 108 	 Ey 	 2 	 1.669504e+00 	 8.400000e+02 	 -3.600000e+02 	 2.000000e+00
12 	 109 	 Ey 	 2 	 1.045215e+00 	 1.080000e+03 	 -3.600000e+02 	 2.000000e+00
12 	 110 	 Ey 	 2 	 1.877087e+00 	 1.320000e+03 	 -3.600000e+02 	 2.000000e+00
12 	 111 	 Ey 	 2 	 1.184878e+00 	 1.560000e+03 	 -3.600000e+02 	 2.000000e+00
12 	 112 	 Ey 	 2 	 1.442657e+00 	 1.800000e+03 	 -3.600000e+02 	 2.000000e+00
12 	 113 	 Ey 	 2 	 2.068473e+00 	 -1.800000e+03 	 -1.200000e+02 	 2.000000e+00
12 	 114 	 Ey 	 2 	 1.703377e+00 	 -1.560000e+03 	 -1.200000e+02 	 2.000000e+00
12 	 115 	 Ey 	 2 	 2.579097e+00 	 -1.320000e+03 	 -1.200000e+02 	 2.000000e+00
12 	 116 	 Ey 	 2 	 1.219971e+00 	 -1.080000e+03 	 -1.200000e+02 	 2.000000e+00
12 	 117 	 Ey 	 2 	 9.114269e-01 	 -8.400000e+02 	 -1.200000e+02 	 2.000000e+00
12 	 118 	 Ey 	 2 	 2.867598e-01 	 -6.000000e+02 	 -1.200000e+02 	 2.000000e+00
12 	 119 	 Ey 	 2 	 1.066925e+00 	 -3.600000e+02 	 -1.200000e+02 	 2.000000e+00
12 	 120 	 Ey 	 2 	 7.031191e-01 	 -1.200000e+02 	 -1.200000e+02 	 2.000000e+00
12 	 121 	 Ey 	 2 	 1.190177e+00 	 1.200000e+02 	 -1.200000e+02 	 2.000000e+00
12 	 122 	 Ey 	 2 	 1.271732e+00 	 3.600000e+02 	 -1.200000e+02 	 2.000000e+00
12 	 123 	 Ey 	 2 	 1.077172e+00 	 6.000000e+02 	 -1.200000e+02 	 2.000000e+00
12 	 124 	 Ey 	 2 	 4.587602e-01 	 8.400000e+02 	 -1.200000e+02 	 2.000000e+00
12 	 125 	 Ey 	 2 	 1.682485e+00 	 1.080000e+03 	 -1.200000e+02 	 2.000000e+00
12 	 126 	 Ey 	 2 	 9.604276e-01 	 1.320000e+03 	 -1.200000e+02 	 2.000000e+00
12 	 127 	 Ey 	 2 	 8.418809e-01 	 1.560000e+03 	 -1.200000e+02 	 2.000000e+00
12 	 128 	 Ey 	 2 	 8.444086e-01 	 1.800000e+03 	 -1.200000e+02 	 2.000000e+00
12 	 129 	 Ey 	 2 	 1.981027e+00 	 -1.800000e+03 	 1.200000e+02 	 2.000000e+00
12 	 130 	 Ey 	 2 	 1.940680e+00 	 -1.560000e+03 	 1.200000e+02 	 2.000000e+00
12 	 131 	 Ey 	 2 	 2.564064e+00 	 -1.320000e+03 	 1.200000e+02 	 2.000000e+00
12 	 132 	 Ey 	 2 	 2.421421e+00 	 -1.080000e+03 	 1.200000e+02 	 2.000000e+00
12 	 133 	 Ey 	 2 	 1.050441e+00 	 -8.400000e+02 	 1.200000e+02 	 2.000000e+00
12 	 134 	 Ey 	 2 	 8.552263e-01 	 -6.000000e+02 	 1.200000e+02 	 2.000000e+00
12 	 135 	 Ey 	 2 	 4.373624e-01 	 -3.600000e+02 	 1.200000e+02 	 2.000000e+00
12 	 136 	 Ey 	 2 	 1.603818e+00 	 -1.200000e+02 	 1.200000e+02 	 2.000000e+00
12 	 137 	 Ey 	 2 	 7.831601e-01 	 1.200000e+02 	 1.200000e+02 	 2.000000e+00
12 	 138 	 Ey 	 2 	 1.834002e+00 	 3.600000e+02 	 1.200000e+02 	 2.000000e+00
12 	 139 	 Ey 	 2 	 1.343012e+00 	 6.000000e+02 	 1.200000e+02 	 2.000000e+00
12 	 140 	 Ey 	 2 	 1.698372e+00 	 8.400000e+02 	 1.200000e+02 	 2.000000e+00
12 	 141 	 Ey 	 2 	 1.257679e+00 	 1.080000e+03 	 1.200000e+02 	 2.000000e+00
12 	 142 	 Ey 	 2 	 0.000000e+00 	 1.320000e+03 	 1.200000e+02 	 2.000000e+00
12 	 143 	 Ey 	 2 	 0.000000e+00 	 1.560000e+03 	 1.200000e+02 	 2.000000e+00
12 	 144 	 Ey 	 2 	 0.000000e+00 	 1.800000e+03 	 1.200000e+02 	 2.000000e+00
12 	 145 	 Ey 	 2 	 9.435280e-01 	 -1.800000e+03 	 3.600000e+02 	 2.000000e+00
12 	 146 	 Ey 	 2 	 1.405469e+00 	 -1.560000e+03 	 3.600000e+02 	 2.000000e+00
12 	 147 	 Ey 	 2 	 5.770196e-01 	 -1.320000e+03 	 3.600000e+02 	 2.000000e+00
12 	 148 	 Ey 	 2 	 2.020550e+00 	 -1.080000e+03 	 3.600000e+02 	 2.000000e+00
12 	 149 	 Ey 	 2 	 4.626622e-01 	 -8.400000e+02 	 3.600000e+02 	 2.000000e+00
12 	 150 	 Ey 	 2 	 5.261886e-01 	 -6.000000e+02 	 3.600000e+02 	 2.000000e+00
12 	 151 	 Ey 	 2 	 2.192727e-01 	 -3.600000e+02 	 3.600000e+02 	 2.000000e+00
12 	 152 	 Ey 	 2 	 5.380144e-01 	 -1.200000e+02 	 3.600000e+02 	 2.000000e+00
12 	 153 	 Ey 	 2 	 1.890970e-01 	 1.200000e+02 	 3.600000e+02 	 2.000000e+00
12 	 154 	 Ey 	 2 	 1.778080e+00 	 3.600000e+02 	 3.600000e+02 	 2.000000e+00
12 	 155 	 Ey 	 2 	 7.618803e-02 	 6.000000e+02 	 3.600000e+02 	 2.000000e+00
12 	 156 	 Ey 	 2 	 2.055403e+00 	 8.400000e+02 	 3.600000e+02 	 2.000000e+00
12 	 157 	 Ey 	 2 	 0.000000e+00 	 1.080000e+03 	 3.600000e+02 	 2.000000e+00
12 	 158 	 Ey 	 2 	 0.000000e+00 	 1.320000e+03 	 3.600000e+02 	 2.000000e+00
12 	 159 	 Ey 	 2 	 0.000000e+00 	 1.560000e+03 	 3.600000e+02 	 2.000000e+00
12 	 160 	 Ey 	 2 	 0.000000e+00 	 1.800000e+03 	 3.600000e+02 	 2.000000e+00
12 	 161 	 Ey 	 2 	 1.385674e+00 	 -1.800000e+03 	 6.000000e+02 	 2.000000e+00
12 	 162 	 Ey 	 2 	 1.171194e+00 	 -1.560000e+03 	 6.000000e+02 	 2.000000e+00
12 	 163 	 Ey 	 2 	 2.433592e-01 	 -1.320000e+03 	 6.000000e+02 	 2.000000e+00
12 	 164 	 Ey 	 2 	 8.387631e-01 	 -1.080000e+03 	 6.000000e+02 	 2.000000e+00
12 	 165 	 Ey 	 2 	 1.211523e+00 	 -8.400000e+02 	 6.000000e+02 	 2.000000e+00
12 	 166 	 Ey 	 2 	 8.741835e-01 	 -6.000000e+02 	 6.000000e+02 	 2.000000e+00
12 	 167 	 Ey 	 2 	 8.109648e-01 	 -3.600000e+02 	 6.000000e+02 	 2.000000e+00
12 	 168 	 Ey 	 2 	 1.250882e+00 	 -1.200000e+02 	 6.000000e+02 	 2.000000e+00
12 	 169 	 Ey 	 2 	 6.314151e-01 	 1.200000e+02 	 6.000000e+02 	 2.000000e+00
12 	 170 	 Ey 	 2 	 8.368556e-01 	 3.600000e+02 	 6.000000e+02 	 2.000000e+00
12 	 171 	 Ey 	 2 	 8.507249e-01 	 6.000000e+02 	 6.000000e+02 	 2.000000e+00
12 	 172 	 Ey 	 2 	 7.986455e-01 	 8.400000e+02 	 6.000000e+02 	 2.000000e+00
12 	 173 	 Ey 	 2 	 0.000000e+00 	 1.080000e+03 	 6.000000e+02 	 2.000000e+00
12 	 174 	 Ey 	 2 	 0.000000e+00 	 1.320000e+03 	 6.000000e+02 	 2.000000e+00
12 	 175 	 Ey 	 2 	 0.000000e+00 	 1.560000e+03 	 6.000000e+02 	 2.000000e+00
12 	 176 	 Ey 	 2 	 0.000000e+00 	 1.800000e+03 	 6.000000e+02 	 2.000000e+00
12 	 177 	 Ey 	 2 	 2.436508e-01 	 -1.800000e+03 	 8.400000e+02 	 2.000000e+00
12 	 178 	 Ey 	 2 	 1.016664e+00 	 -1.560000e+03 	 8.400000e+02 	 2.000000e+00
12 	 179 	 Ey 	 2 	 1.488459e+00 	 -1.320000e+03 	 8.400000e+02 	 2.000000e+00
12 	 180 	 Ey 	 2 	 1.688585e+00 	 -1.080000e+03 	 8.400000e+02 	 2.000000e+00
12 	 181 	 Ey 	 2 	 1.189168e+00 	 -8.400000e+02 	 8.400000e+02 	 2.000000e+00
12 	 182 	 Ey 	 2 	 1.681476e+00 	 -6.000000e+02 	 8.400000e+02 	 2.000000e+00
12 	 183 	 Ey 	 2 	 9.139483e-01 	 -3.600000e+02 	 8.400000e+02 	 2.000000e+00
12 	 184 	 Ey 	 2 	 3.747293e-01 	 -1.200000e+02 	 8.400000e+02 	 2.000000e+00
12 	 185 	 Ey 	 2 	 1.551468e+00 	 1.200000e+02 	 8.400000e+02 	 2.000000e+00
12 	 186 	 Ey 	 2 	 6.080483e-01 	 3.600000e+02 	 8.400000e+02 	 2.000000e+00
12 	 187 	 Ey 	 2 	 1.599316e+00 	 6.000000e+02 	 8.400000e+02 	 2.000000e+00
12 	 188 	 Ey 	 2 	 2.450562e+00 	 8.400000e+02 	 8.400000e+02 	 2.000000e+00
12 	 189 	 Ey 	 2 	 6.371463e-01 	 1.080000e+03 	 8.400000e+02 	 2.000000e+00
12 	 190 	 Ey 	 2 	 0.000000e+00 	 1.320000e+03 	 8.400000e+02 	 2.000000e+00
12 	 191 	 Ey 	 2 	 0.000000e+00 	 1.560000e+03 	 8.400000e+02 	 2.000000e+00
12 	 192 	 Ey 	 2 	 0.000000e+00 	 1.800000e+03 	 8.400000e+02 	 2.000000e+00
12 	 193 	 Ey 	 2 	 2.081220e+00 	 -1.800000e+03 	 1.080000e+03 	 2.000000e+00
12 	 194 	 Ey 	 2 	 1.518481e+00 	 -1.560000e+03 	 1.080000e+03 	 2.000000e+00
12 	 195 	 Ey 	 2 	 3.573635e-01 	 -1.320000e+03 	 1.080000e+03 	 2.000000e+00
12 	 196 	 Ey 	 2 	 1.335915e+00 	 -1.080000e+03 	 1.080000e+03 	 2.000000e+00
12 	 197 	 Ey 	 2 	 7.732434e-01 	 -8.400000e+02 	 1.080000e+03 	 2.000000e+00
12 	 198 	 Ey 	 2 	 1.425509e+00 	 -6.000000e+02 	 1.080000e+03 	 2.000000e+00
12 	 199 	 Ey 	 2 	 6.410623e-01 	 -3.600000e+02 	 1.080000e+03 	 2.000000e+00
12 	 200 	 Ey 	 2 	 7.394227e-01 	 -1.200000e+02 	 1.080000e+03 	 2.000000e+00
12 	 201 	 Ey 	 2 	 8.861111e-01 	 1.200000e+02 	 1.080000e+03 	 2.000000e+00
12 	 202 	 Ey 	 2 	 7.713418e-01 	 3.600000e+02 	 1.080000e+03 	 2.000000e+00
12 	 203 	 Ey 	 2 	 8.058724e-01 	 6.000000e+02 	 1.080000e+03 	 2.000000e+00
12 	 204 	 Ey 	 2 	 2.222437e-01 	 8.400000e+02 	 1.080000e+03 	 2.000000e+00
12 	 205 	 Ey 	 2 	 9.997874e-01 	 1.080000e+03 	 1.080000e+03 	 2.000000e+00
12 	 206 	 Ey 	 2 	 2.030126e+00 	 1.320000e+03 	 1.080000e+03 	 2.000000e+00
12 	 207 	 Ey 	 2 	 0.000000e+00 	 1.560000e+03 	 1.080000e+03 	 2.000000e+00
12 	 208 	 Ey 	 2 	 0.000000e+00 	 1.800000e+03 	 1.080000e+03 	 2.000000e+00
12 	 209 	 Ey 	 2 	 1.840904e+00 	 -1.800000e+03 	 1.320000e+03 	 2.000000e+00
12 	 210 	 Ey 	 2 	 1.499390e+00 	 -1.560000e+03 	 1.320000e+03 	 2.000000e+00
12 	 211 	 Ey 	 2 	 5.119305e-01 	 -1.320000e+03 	 1.320000e+03 	 2.000000e+00
12 	 212 	 Ey 	 2 	 2.581407e+00 	 -1.080000e+03 	 1.320000e+03 	 2.000000e+00
12 	 213 	 Ey 	 2 	 5.268375e-01 	 -8.400000e+02 	 1.320000e+03 	 2.000000e+00
12 	 214 	 Ey 	 2 	 7.276683e-01 	 -6.000000e+02 	 1.320000e+03 	 2.000000e+00
12 	 215 	 Ey 	 2 	 6.818365e-01 	 -3.600000e+02 	 1.320000e+03 	 2.000000e+00
12 	 216 	 Ey 	 2 	 1.405474e+00 	 -1.200000e+02 	 1.320000e+03 	 2.000000e+00
12 	 217 	 Ey 	 2 	 1.426231e+00 	 1.200000e+02 	 1.320000e+03 	 2.000000e+00
12 	 218 	 Ey 	 2 	 8.472449e-01 	 3.600000e+02 	 1.320000e+03 	 2.000000e+00
12 	 219 	 Ey 	 2 	 1.273500e+00 	 6.000000e+02 	 1.320000e+03 	 2.000000e+00
12 	 220 	 Ey 	 2 	 7.442794e-01 	 8.400000e+02 	 1.320000e+03 	 2.000000e+00
12 	 221 	 Ey 	 2 	 1.253835e+00 	 1.080000e+03 	 1.320000e+03 	 2.000000e+00
12 	 222 	 Ey 	 2 	 9.396379e-01 	 1.320000e+03 	 1.320000e+03 	 2.000000e+00
12 	 223 	 Ey 	 2 	 1.279362e+00 	 1.560000e+03 	 1.320000e+03 	 2.000000e+00
12 	 224 	 Ey 	 2 	 9.466884e-01 	 1.800000e+03 	 1.320000e+03 	 2.000000e+00
12 	 225 	 Ey 	 2 	 1.225344e+00 	 -1.800000e+03 	 1.560000e+03 	 2.000000e+00
12 	 226 	 Ey 	 2 	 1.401767e+00 	 -1.560000e+03 	 1.560000e+03 	 2.000000e+00
12 	 227 	 Ey 	 2 	 1.512209e+00 	 -1.320000e+03 	 1.560000e+03 	 2.000000e+00
12 	 228 	 Ey 	 2 	 2.965030e+00 	 -1.080000e+03 	 1.560000e+03 	 2.000000e+00
12 	 229 	 Ey 	 2 	 1.450353e+00 	 -8.400000e+02 	 1.560000e+03 	 2.000000e+00
12 	 230 	 Ey 	 2 	 1.403306e+00 	 -6.000000e+02 	 1.560000e+03 	 2.000000e+00
12 	 231 	 Ey 	 2 	 4.198359e-01 	 -3.600000e+02 	 1.560000e+03 	 2.000000e+00
12 	 232 	 Ey 	 2 	 2.609589e-01 	 -1.200000e+02 	 1.560000e+03 	 2.000000e+00
12 	 233 	 Ey 	 2 	 6.308374e-01 	 1.200000e+02 	 1.560000e+03 	 2.000000e+00
12 	 234 	 Ey 	 2 	 1.584476e+00 	 3.600000e+02 	 1.560000e+03 	 2.000000e+00
12 	 235 	 Ey 	 2 	 1.601891e+00 	 6.000000e+02 	 1.560000e+03 	 2.000000e+00
12 	 236 	 Ey 	 2 	 9.850869e-01 	 8.400000e+02 	 1.560000e+03 	 2.000000e+00
12 	 237 	 Ey 	 2 	 1.465139e+00 	 1.080000e+03 	 1.560000e+03 	 2.000000e+00
12 	 238 	 Ey 	 2 	 7.609588e-01 	 1.320000e+03 	 1.560000e+03 	 2.000000e+00
12 	 239 	 Ey 	 2 	 7.477375e-01 	 1.560000e+03 	 1.560000e+03 	 2.000000e+00
12 	 240 	 Ey 	 2 	 8.817431e-01 	 1.800000e+03 	 1.560000e+03 	 2.000000e+00
12 	 241 	 Ey 	 2 	 8.892989e-01 	 -1.800000e+03 	 1.800000e+03 	 2.000000e+00
12 	 242 	 Ey 	 2 	 8.637239e-01 	 -1.560000e+03 	 1.800000e+03 	 2.000000e+00
12 	 243 	 Ey 	 2 	 1.471765e+00 	 -1.320000e+03 	 1.800000e+03 	 2.000000e+00
12 	 244 	 Ey 	 2 	 1.703106e+00 	 -1.080000e+03 	 1.800000e+03 	 2.000000e+00
12 	 245 	 Ey 	 2 	 1.104618e+00 	 -8.400000e+02 	 1.800000e+03 	 2.000000e+00
12 	 246 	 Ey 	 2 	 1.205503e+00 	 -6.000000e+02 	 1.800000e+03 	 2.000000e+00
12 	 247 	 Ey 	 2 	 1.796180e+00 	 -3.600000e+02 	 1.800000e+03 	 2.000000e+00
12 	 248 	 Ey 	 2 	 1.421097e+00 	 -1.200000e+02 	 1.800000e+03 	 2.000000e+00
12 	 249 	 Ey 	 2 	 2.447726e+00 	 1.200000e+02 	 1.800000e+03 	 2.000000e+00
12 	 250 	 Ey 	 2 	 1.134125e+00 	 3.600000e+02 	 1.800000e+03 	 2.000000e+00
12 	 251 	 Ey 	 2 	 8.864076e-01 	 6.000000e+02 	 1.800000e+03 	 2.000000e+00
12 	 252 	 Ey 	 2 	 1.303414e+00 	 8.400000e+02 	 1.800000e+03 	 2.000000e+00
12 	 253 	 Ey 	 2 	 9.022397e-01 	 1.080000e+03 	 1.800000e+03 	 2.000000e+00
12 	 254 	 Ey 	 2 	 8.733776e-01 	 1.320000e+03 	 1.800000e+03 	 2.000000e+00
12 	 255 	 Ey 	 2 	 3.474707e-01 	 1.560000e+03 	 1.800000e+03 	 2.000000e+00
12 	 256 	 Ey 	 2 	 8.403552e-01 	 1.800000e+03 	 1.800000e+03 	 2.000000e+00
