iTx 	 iRx    ichrec  ifreq 	 sig_misfit   x       y      z
9 	 1 	 Ex 	 1 	 6.930104e-01 	 -1.800000e+03 	 -1.800000e+03 	 2.000000e+00
9 	 2 	 Ex 	 1 	 4.954869e-01 	 -1.560000e+03 	 -1.800000e+03 	 2.000000e+00
9 	 3 	 Ex 	 1 	 1.678095e+00 	 -1.320000e+03 	 -1.800000e+03 	 2.000000e+00
9 	 4 	 Ex 	 1 	 1.151272e+00 	 -1.080000e+03 	 -1.800000e+03 	 2.000000e+00
9 	 5 	 Ex 	 1 	 9.878774e-01 	 -8.400000e+02 	 -1.800000e+03 	 2.000000e+00
9 	 6 	 Ex 	 1 	 1.549810e+00 	 -6.000000e+02 	 -1.800000e+03 	 2.000000e+00
9 	 7 	 Ex 	 1 	 1.485036e+00 	 -3.600000e+02 	 -1.800000e+03 	 2.000000e+00
9 	 8 	 Ex 	 1 	 6.054769e-01 	 -1.200000e+02 	 -1.800000e+03 	 2.000000e+00
9 	 9 	 Ex 	 1 	 1.851817e+00 	 1.200000e+02 	 -1.800000e+03 	 2.000000e+00
9 	 10 	 Ex 	 1 	 4.926134e-01 	 3.600000e+02 	 -1.800000e+03 	 2.000000e+00
9 	 11 	 Ex 	 1 	 2.639961e-01 	 6.000000e+02 	 -1.800000e+03 	 2.000000e+00
9 	 12 	 Ex 	 1 	 4.735638e-01 	 8.400000e+02 	 -1.800000e+03 	 2.000000e+00
9 	 13 	 Ex 	 1 	 1.891174e+00 	 1.080000e+03 	 -1.800000e+03 	 2.000000e+00
9 	 14 	 Ex 	 1 	 1.640389e+00 	 1.320000e+03 	 -1.800000e+03 	 2.000000e+00
9 	 15 	 Ex 	 1 	 2.258456e+00 	 1.560000e+03 	 -1.800000e+03 	 2.000000e+00
9 	 16 	 Ex 	 1 	 7.058301e-01 	 1.800000e+03 	 -1.800000e+03 	 2.000000e+00
9 	 17 	 Ex 	 1 	 2.164223e-01 	 -1.800000e+03 	 -1.560000e+03 	 2.000000e+00
9 	 18 	 Ex 	 1 	 9.646290e-01 	 -1.560000e+03 	 -1.560000e+03 	 2.000000e+00
9 	 19 	 Ex 	 1 	 5.921352e-01 	 -1.320000e+03 	 -1.560000e+03 	 2.000000e+00
9 	 20 	 Ex 	 1 	 4.468367e-01 	 -1.080000e+03 	 -1.560000e+03 	 2.000000e+00
9 	 21 	 Ex 	 1 	 1.366286e+00 	 -8.400000e+02 	 -1.560000e+03 	 2.000000e+00
9 	 22 	 Ex 	 1 	 9.407224e-01 	 -6.000000e+02 	 -1.560000e+03 	 2.000000e+00
9 	 23 	 Ex 	 1 	 2.101189e+00 	 -3.600000e+02 	 -1.560000e+03 	 2.000000e+00
9 	 24 	 Ex 	 1 	 1.519580e+00 	 -1.200000e+02 	 -1.560000e+03 	 2.000000e+00
9 	 25 	 Ex 	 1 	 8.127659e-01 	 1.200000e+02 	 -1.560000e+03 	 2.000000e+00
9 	 26 	 Ex 	 1 	 7.043218e-01 	 3.600000e+02 	 -1.560000e+03 	 2.000000e+00
9 	 27 	 Ex 	 1 	 5.406693e-01 	 6.000000e+02 	 -1.560000e+03 	 2.000000e+00
9 	 28 	 Ex 	 1 	 6.887594e-01 	 8.400000e+02 	 -1.560000e+03 	 2.000000e+00
9 	 29 	 Ex 	 1 	 8.236734e-01 	 1.080000e+03 	 -1.560000e+03 	 2.000000e+00
9 	 30 	 Ex 	 1 	 5.310701e-01 	 1.320000e+03 	 -1.560000e+03 	 2.000000e+00
9 	 31 	 Ex 	 1 	 1.562875e+00 	 1.560000e+03 	 -1.560000e+03 	 2.000000e+00
9 	 32 	 Ex 	 1 	 6.090670e-01 	 1.800000e+03 	 -1.560000e+03 	 2.000000e+00
9 	 33 	 Ex 	 1 	 4.827348e-01 	 -1.800000e+03 	 -1.320000e+03 	 2.000000e+00
9 	 34 	 Ex 	 1 	 5.462265e-01 	 -1.560000e+03 	 -1.320000e+03 	 2.000000e+00
9 	 35 	 Ex 	 1 	 3.624660e-01 	 -1.320000e+03 	 -1.320000e+03 	 2.000000e+00
9 	 36 	 Ex 	 1 	 6.035920e-01 	 -1.080000e+03 	 -1.320000e+03 	 2.000000e+00
9 	 37 	 Ex 	 1 	 4.663921e-01 	 -8.400000e+02 	 -1.320000e+03 	 2.000000e+00
9 	 38 	 Ex 	 1 	 8.358323e-01 	 -6.000000e+02 	 -1.320000e+03 	 2.000000e+00
9 	 39 	 Ex 	 1 	 8.969680e-01 	 -3.600000e+02 	 -1.320000e+03 	 2.000000e+00
9 	 40 	 Ex 	 1 	 2.796764e-01 	 -1.200000e+02 	 -1.320000e+03 	 2.000000e+00
9 	 41 	 Ex 	 1 	 1.008876e+00 	 1.200000e+02 	 -1.320000e+03 	 2.000000e+00
9 	 42 	 Ex 	 1 	 1.366935e+00 	 3.600000e+02 	 -1.320000e+03 	 2.000000e+00
9 	 43 	 Ex 	 1 	 9.679093e-01 	 6.000000e+02 	 -1.320000e+03 	 2.000000e+00
9 	 44 	 Ex 	 1 	 1.316349e+00 	 8.400000e+02 	 -1.320000e+03 	 2.000000e+00
9 	 45 	 Ex 	 1 	 1.073729e+00 	 1.080000e+03 	 -1.320000e+03 	 2.000000e+00
9 	 46 	 Ex 	 1 	 4.929373e-01 	 1.320000e+03 	 -1.320000e+03 	 2.000000e+00
9 	 47 	 Ex 	 1 	 1.458202e+00 	 1.560000e+03 	 -1.320000e+03 	 2.000000e+00
9 	 48 	 Ex 	 1 	 9.491181e-01 	 1.800000e+03 	 -1.320000e+03 	 2.000000e+00
9 	 49 	 Ex 	 1 	 3.299999e-01 	 -1.800000e+03 	 -1.080000e+03 	 2.000000e+00
9 	 50 	 Ex 	 1 	 3.894040e-01 	 -1.560000e+03 	 -1.080000e+03 	 2.000000e+00
9 	 51 	 Ex 	 1 	 1.070459e+00 	 -1.320000e+03 	 -1.080000e+03 	 2.000000e+00
9 	 52 	 Ex 	 1 	 9.957168e-01 	 -1.080000e+03 	 -1.080000e+03 	 2.000000e+00
9 	 53 	 Ex 	 1 	 1.109376e+00 	 -8.400000e+02 	 -1.080000e+03 	 2.000000e+00
9 	 54 	 Ex 	 1 	 7.593923e-01 	 -6.000000e+02 	 -1.080000e+03 	 2.000000e+00
9 	 55 	 Ex 	 1 	 3.011941e-01 	 -3.600000e+02 	 -1.080000e+03 	 2.000000e+00
9 	 56 	 Ex 	 1 	 2.128481e-01 	 -1.200000e+02 	 -1.080000e+03 	 2.000000e+00
9 	 57 	 Ex 	 1 	 2.287214e+00 	 1.200000e+02 	 -1.080000e+03 	 2.000000e+00
9 	 58 	 Ex 	 1 	 2.783479e+00 	 3.600000e+02 	 -1.080000e+03 	 2.000000e+00
9 	 59 	 Ex 	 1 	 5.820260e-01 	 6.000000e+02 	 -1.080000e+03 	 2.000000e+00
9 	 60 	 Ex 	 1 	 9.848377e-01 	 8.400000e+02 	 -1.080000e+03 	 2.000000e+00
9 	 61 	 Ex 	 1 	 1.088204e+00 	 1.080000e+03 	 -1.080000e+03 	 2.000000e+00
9 	 62 	 Ex 	 1 	 1.502576e+00 	 1.320000e+03 	 -1.080000e+03 	 2.000000e+00
9 	 63 	 Ex 	 1 	 3.094350e-01 	 1.560000e+03 	 -1.080000e+03 	 2.000000e+00
9 	 64 	 Ex 	 1 	 2.859500e-01 	 1.800000e+03 	 -1.080000e+03 	 2.000000e+00
9 	 65 	 Ex 	 1 	 9.443378e-01 	 -1.800000e+03 	 -8.400000e+02 	 2.000000e+00
9 	 66 	 Ex 	 1 	 1.230129e+00 	 -1.560000e+03 	 -8.400000e+02 	 2.000000e+00
9 	 67 	 Ex 	 1 	 1.374928e+00 	 -1.320000e+03 	 -8.400000e+02 	 2.000000e+00
9 	 68 	 Ex 	 1 	 1.286929e+00 	 -1.080000e+03 	 -8.400000e+02 	 2.000000e+00
9 	 69 	 Ex 	 1 	 1.803279e+00 	 -8.400000e+02 	 -8.400000e+02 	 2.000000e+00
9 	 70 	 Ex 	 1 	 1.459992e+00 	 -6.000000e+02 	 -8.400000e+02 	 2.000000e+00
9 	 71 	 Ex 	 1 	 1.156720e+00 	 -3.600000e+02 	 -8.400000e+02 	 2.000000e+00
9 	 72 	 Ex 	 1 	 6.095231e-01 	 -1.200000e+02 	 -8.400000e+02 	 2.000000e+00
9 	 73 	 Ex 	 1 	 8.919381e-01 	 1.200000e+02 	 -8.400000e+02 	 2.000000e+00
9 	 74 	 Ex 	 1 	 1.412632e+00 	 3.600000e+02 	 -8.400000e+02 	 2.000000e+00
9 	 75 	 Ex 	 1 	 1.436771e+00 	 6.000000e+02 	 -8.400000e+02 	 2.000000e+00
9 	 76 	 Ex 	 1 	 5.991484e-01 	 8.400000e+02 	 -8.400000e+02 	 2.000000e+00
9 	 77 	 Ex 	 1 	 9.419008e-01 	 1.080000e+03 	 -8.400000e+02 	 2.000000e+00
9 	 78 	 Ex 	 1 	 8.064942e-01 	 1.320000e+03 	 -8.400000e+02 	 2.000000e+00
9 	 79 	 Ex 	 1 	 4.200422e-01 	 1.560000e+03 	 -8.400000e+02 	 2.000000e+00
9 	 80 	 Ex 	 1 	 1.617943e+00 	 1.800000e+03 	 -8.400000e+02 	 2.000000e+00
9 	 81 	 Ex 	 1 	 1.249453e+00 	 -1.800000e+03 	 -6.000000e+02 	 2.000000e+00
9 	 82 	 Ex 	 1 	 1.786772e+00 	 -1.560000e+03 	 -6.000000e+02 	 2.000000e+00
9 	 83 	 Ex 	 1 	 1.026633e+00 	 -1.320000e+03 	 -6.000000e+02 	 2.000000e+00
9 	 84 	 Ex 	 1 	 1.010237e+00 	 -1.080000e+03 	 -6.000000e+02 	 2.000000e+00
9 	 85 	 Ex 	 1 	 8.997753e-01 	 -8.400000e+02 	 -6.000000e+02 	 2.000000e+00
9 	 86 	 Ex 	 1 	 1.047215e+00 	 -6.000000e+02 	 -6.000000e+02 	 2.000000e+00
9 	 87 	 Ex 	 1 	 2.101291e-01 	 -3.600000e+02 	 -6.000000e+02 	 2.000000e+00
9 	 88 	 Ex 	 1 	 6.828536e-01 	 -1.200000e+02 	 -6.000000e+02 	 2.000000e+00
9 	 89 	 Ex 	 1 	 1.976413e+00 	 1.200000e+02 	 -6.000000e+02 	 2.000000e+00
9 	 90 	 Ex 	 1 	 1.584000e+00 	 3.600000e+02 	 -6.000000e+02 	 2.000000e+00
9 	 91 	 Ex 	 1 	 2.458512e-01 	 6.000000e+02 	 -6.000000e+02 	 2.000000e+00
9 	 92 	 Ex 	 1 	 3.817364e-01 	 8.400000e+02 	 -6.000000e+02 	 2.000000e+00
9 	 93 	 Ex 	 1 	 1.075518e+00 	 1.080000e+03 	 -6.000000e+02 	 2.000000e+00
9 	 94 	 Ex 	 1 	 9.868907e-01 	 1.320000e+03 	 -6.000000e+02 	 2.000000e+00
9 	 95 	 Ex 	 1 	 7.776673e-01 	 1.560000e+03 	 -6.000000e+02 	 2.000000e+00
9 	 96 	 Ex 	 1 	 7.189347e-01 	 1.800000e+03 	 -6.000000e+02 	 2.000000e+00
9 	 97 	 Ex 	 1 	 1.109415e+00 	 -1.800000e+03 	 -3.600000e+02 	 2.000000e+00
9 	 98 	 Ex 	 1 	 6.544356e-01 	 -1.560000e+03 	 -3.600000e+02 	 2.000000e+00
9 	 99 	 Ex 	 1 	 1.251040e+00 	 -1.320000e+03 	 -3.600000e+02 	 2.000000e+00
9 	 100 	 Ex 	 1 	 9.241050e-01 	 -1.080000e+03 	 -3.600000e+02 	 2.000000e+00
9 	 101 	 Ex 	 1 	 1.328174e+00 	 -8.400000e+02 	 -3.600000e+02 	 2.000000e+00
9 	 102 	 Ex 	 1 	 1.275046e+00 	 -6.000000e+02 	 -3.600000e+02 	 2.000000e+00
9 	 103 	 Ex 	 1 	 1.640976e+00 	 -3.600000e+02 	 -3.600000e+02 	 2.000000e+00
9 	 104 	 Ex 	 1 	 2.621719e+00 	 -1.200000e+02 	 -3.600000e+02 	 2.000000e+00
9 	 105 	 Ex 	 1 	 7.611856e-01 	 1.200000e+02 	 -3.600000e+02 	 2.000000e+00
9 	 106 	 Ex 	 1 	 1.787268e+00 	 3.600000e+02 	 -3.600000e+02 	 2.000000e+00
9 	 107 	 Ex 	 1 	 1.196755e+00 	 6.000000e+02 	 -3.600000e+02 	 2.000000e+00
9 	 108 	 Ex 	 1 	 1.361248e+00 	 8.400000e+02 	 -3.600000e+02 	 2.000000e+00
9 	 109 	 Ex 	 1 	 6.770992e-01 	 1.080000e+03 	 -3.600000e+02 	 2.000000e+00
9 	 110 	 Ex 	 1 	 1.673597e+00 	 1.320000e+03 	 -3.600000e+02 	 2.000000e+00
9 	 111 	 Ex 	 1 	 1.620768e-01 	 1.560000e+03 	 -3.600000e+02 	 2.000000e+00
9 	 112 	 Ex 	 1 	 1.444923e+00 	 1.800000e+03 	 -3.600000e+02 	 2.000000e+00
9 	 113 	 Ex 	 1 	 1.880738e+00 	 -1.800000e+03 	 -1.200000e+02 	 2.000000e+00
9 	 114 	 Ex 	 1 	 1.385766e+00 	 -1.560000e+03 	 -1.200000e+02 	 2.000000e+00
9 	 115 	 Ex 	 1 	 1.910975e+00 	 -1.320000e+03 	 -1.200000e+02 	 2.000000e+00
9 	 116 	 Ex 	 1 	 1.170018e+00 	 -1.080000e+03 	 -1.200000e+02 	 2.000000e+00
9 	 117 	 Ex 	 1 	 2.527292e+00 	 -8.400000e+02 	 -1.200000e+02 	 2.000000e+00
9 	 118 	 Ex 	 1 	 3.876970e+00 	 -6.000000e+02 	 -1.200000e+02 	 2.000000e+00
9 	 119 	 Ex 	 1 	 1.718639e+00 	 -3.600000e+02 	 -1.200000e+02 	 2.000000e+00
9 	 120 	 Ex 	 1 	 3.850855e+00 	 -1.200000e+02 	 -1.200000e+02 	 2.000000e+00
9 	 121 	 Ex 	 1 	 1.575008e+00 	 1.200000e+02 	 -1.200000e+02 	 2.000000e+00
9 	 122 	 Ex 	 1 	 7.181651e-01 	 3.600000e+02 	 -1.200000e+02 	 2.000000e+00
9 	 123 	 Ex 	 1 	 1.697514e+00 	 6.000000e+02 	 -1.200000e+02 	 2.000000e+00
9 	 124 	 Ex 	 1 	 1.361513e+00 	 8.400000e+02 	 -1.200000e+02 	 2.000000e+00
9 	 125 	 Ex 	 1 	 9.692718e-01 	 1.080000e+03 	 -1.200000e+02 	 2.000000e+00
9 	 126 	 Ex 	 1 	 8.742849e-01 	 1.320000e+03 	 -1.200000e+02 	 2.000000e+00
9 	 127 	 Ex 	 1 	 4.601421e-01 	 1.560000e+03 	 -1.200000e+02 	 2.000000e+00
9 	 128 	 Ex 	 1 	 3.611399e-01 	 1.800000e+03 	 -1.200000e+02 	 2.000000e+00
9 	 129 	 Ex 	 1 	 0.000000e+00 	 -1.800000e+03 	 1.200000e+02 	 2.000000e+00
9 	 130 	 Ex 	 1 	 0.000000e+00 	 -1.560000e+03 	 1.200000e+02 	 2.000000e+00
9 	 131 	 Ex 	 1 	 0.000000e+00 	 -1.320000e+03 	 1.200000e+02 	 2.000000e+00
9 	 132 	 Ex 	 1 	 4.445110e-01 	 -1.080000e+03 	 1.200000e+02 	 2.000000e+00
9 	 133 	 Ex 	 1 	 2.896596e+00 	 -8.400000e+02 	 1.200000e+02 	 2.000000e+00
9 	 134 	 Ex 	 1 	 3.493689e+00 	 -6.000000e+02 	 1.200000e+02 	 2.000000e+00
9 	 135 	 Ex 	 1 	 1.215452e+00 	 -3.600000e+02 	 1.200000e+02 	 2.000000e+00
9 	 136 	 Ex 	 1 	 4.594979e+00 	 -1.200000e+02 	 1.200000e+02 	 2.000000e+00
9 	 137 	 Ex 	 1 	 6.882209e-01 	 1.200000e+02 	 1.200000e+02 	 2.000000e+00
9 	 138 	 Ex 	 1 	 1.437272e+00 	 3.600000e+02 	 1.200000e+02 	 2.000000e+00
9 	 139 	 Ex 	 1 	 1.167649e+00 	 6.000000e+02 	 1.200000e+02 	 2.000000e+00
9 	 140 	 Ex 	 1 	 9.238272e-01 	 8.400000e+02 	 1.200000e+02 	 2.000000e+00
9 	 141 	 Ex 	 1 	 6.136453e-01 	 1.080000e+03 	 1.200000e+02 	 2.000000e+00
9 	 142 	 Ex 	 1 	 4.900474e-01 	 1.320000e+03 	 1.200000e+02 	 2.000000e+00
9 	 143 	 Ex 	 1 	 6.368715e-01 	 1.560000e+03 	 1.200000e+02 	 2.000000e+00
9 	 144 	 Ex 	 1 	 2.032537e+00 	 1.800000e+03 	 1.200000e+02 	 2.000000e+00
9 	 145 	 Ex 	 1 	 0.000000e+00 	 -1.800000e+03 	 3.600000e+02 	 2.000000e+00
9 	 146 	 Ex 	 1 	 0.000000e+00 	 -1.560000e+03 	 3.600000e+02 	 2.000000e+00
9 	 147 	 Ex 	 1 	 0.000000e+00 	 -1.320000e+03 	 3.600000e+02 	 2.000000e+00
9 	 148 	 Ex 	 1 	 0.000000e+00 	 -1.080000e+03 	 3.600000e+02 	 2.000000e+00
9 	 149 	 Ex 	 1 	 1.732318e+00 	 -8.400000e+02 	 3.600000e+02 	 2.000000e+00
9 	 150 	 Ex 	 1 	 4.356848e+00 	 -6.000000e+02 	 3.600000e+02 	 2.000000e+00
9 	 151 	 Ex 	 1 	 6.349814e-01 	 -3.600000e+02 	 3.600000e+02 	 2.000000e+00
9 	 152 	 Ex 	 1 	 4.283429e+00 	 -1.200000e+02 	 3.600000e+02 	 2.000000e+00
9 	 153 	 Ex 	 1 	 8.133837e-01 	 1.200000e+02 	 3.600000e+02 	 2.000000e+00
9 	 154 	 Ex 	 1 	 1.707489e-01 	 3.600000e+02 	 3.600000e+02 	 2.000000e+00
9 	 155 	 Ex 	 1 	 1.335196e+00 	 6.000000e+02 	 3.600000e+02 	 2.000000e+00
9 	 156 	 Ex 	 1 	 1.447546e+00 	 8.400000e+02 	 3.600000e+02 	 2.000000e+00
9 	 157 	 Ex 	 1 	 1.256963e+00 	 1.080000e+03 	 3.600000e+02 	 2.000000e+00
9 	 158 	 Ex 	 1 	 1.324016e+00 	 1.320000e+03 	 3.600000e+02 	 2.000000e+00
9 	 159 	 Ex 	 1 	 9.899246e-01 	 1.560000e+03 	 3.600000e+02 	 2.000000e+00
9 	 160 	 Ex 	 1 	 1.162056e+00 	 1.800000e+03 	 3.600000e+02 	 2.000000e+00
9 	 161 	 Ex 	 1 	 0.000000e+00 	 -1.800000e+03 	 6.000000e+02 	 2.000000e+00
9 	 162 	 Ex 	 1 	 0.000000e+00 	 -1.560000e+03 	 6.000000e+02 	 2.000000e+00
9 	 163 	 Ex 	 1 	 0.000000e+00 	 -1.320000e+03 	 6.000000e+02 	 2.000000e+00
9 	 164 	 Ex 	 1 	 0.000000e+00 	 -1.080000e+03 	 6.000000e+02 	 2.000000e+00
9 	 165 	 Ex 	 1 	 8.985335e-01 	 -8.400000e+02 	 6.000000e+02 	 2.000000e+00
9 	 166 	 Ex 	 1 	 3.266919e+00 	 -6.000000e+02 	 6.000000e+02 	 2.000000e+00
9 	 167 	 Ex 	 1 	 2.075853e+00 	 -3.600000e+02 	 6.000000e+02 	 2.000000e+00
9 	 168 	 Ex 	 1 	 3.473035e+00 	 -1.200000e+02 	 6.000000e+02 	 2.000000e+00
9 	 169 	 Ex 	 1 	 7.558699e-01 	 1.200000e+02 	 6.000000e+02 	 2.000000e+00
9 	 170 	 Ex 	 1 	 7.057934e-01 	 3.600000e+02 	 6.000000e+02 	 2.000000e+00
9 	 171 	 Ex 	 1 	 1.225742e+00 	 6.000000e+02 	 6.000000e+02 	 2.000000e+00
9 	 172 	 Ex 	 1 	 1.397644e+00 	 8.400000e+02 	 6.000000e+02 	 2.000000e+00
9 	 173 	 Ex 	 1 	 1.424266e+00 	 1.080000e+03 	 6.000000e+02 	 2.000000e+00
9 	 174 	 Ex 	 1 	 6.807778e-01 	 1.320000e+03 	 6.000000e+02 	 2.000000e+00
9 	 175 	 Ex 	 1 	 1.413106e+00 	 1.560000e+03 	 6.000000e+02 	 2.000000e+00
9 	 176 	 Ex 	 1 	 2.001260e+00 	 1.800000e+03 	 6.000000e+02 	 2.000000e+00
9 	 177 	 Ex 	 1 	 0.000000e+00 	 -1.800000e+03 	 8.400000e+02 	 2.000000e+00
9 	 178 	 Ex 	 1 	 0.000000e+00 	 -1.560000e+03 	 8.400000e+02 	 2.000000e+00
9 	 179 	 Ex 	 1 	 0.000000e+00 	 -1.320000e+03 	 8.400000e+02 	 2.000000e+00
9 	 180 	 Ex 	 1 	 1.842294e+00 	 -1.080000e+03 	 8.400000e+02 	 2.000000e+00
9 	 181 	 Ex 	 1 	 2.255471e+00 	 -8.400000e+02 	 8.400000e+02 	 2.000000e+00
9 	 182 	 Ex 	 1 	 1.418337e+00 	 -6.000000e+02 	 8.400000e+02 	 2.000000e+00
9 	 183 	 Ex 	 1 	 2.676820e+00 	 -3.600000e+02 	 8.400000e+02 	 2.000000e+00
9 	 184 	 Ex 	 1 	 3.491598e+00 	 -1.200000e+02 	 8.400000e+02 	 2.000000e+00
9 	 185 	 Ex 	 1 	 2.296243e+00 	 1.200000e+02 	 8.400000e+02 	 2.000000e+00
9 	 186 	 Ex 	 1 	 5.529841e-01 	 3.600000e+02 	 8.400000e+02 	 2.000000e+00
9 	 187 	 Ex 	 1 	 1.341299e+00 	 6.000000e+02 	 8.400000e+02 	 2.000000e+00
9 	 188 	 Ex 	 1 	 9.039009e-01 	 8.400000e+02 	 8.400000e+02 	 2.000000e+00
9 	 189 	 Ex 	 1 	 5.500931e-01 	 1.080000e+03 	 8.400000e+02 	 2.000000e+00
9 	 190 	 Ex 	 1 	 6.304055e-01 	 1.320000e+03 	 8.400000e+02 	 2.000000e+00
9 	 191 	 Ex 	 1 	 6.776153e-01 	 1.560000e+03 	 8.400000e+02 	 2.000000e+00
9 	 192 	 Ex 	 1 	 9.497100e-01 	 1.800000e+03 	 8.400000e+02 	 2.000000e+00
9 	 193 	 Ex 	 1 	 0.000000e+00 	 -1.800000e+03 	 1.080000e+03 	 2.000000e+00
9 	 194 	 Ex 	 1 	 0.000000e+00 	 -1.560000e+03 	 1.080000e+03 	 2.000000e+00
9 	 195 	 Ex 	 1 	 4.529470e-01 	 -1.320000e+03 	 1.080000e+03 	 2.000000e+00
9 	 196 	 Ex 	 1 	 1.248611e+00 	 -1.080000e+03 	 1.080000e+03 	 2.000000e+00
9 	 197 	 Ex 	 1 	 3.553000e-01 	 -8.400000e+02 	 1.080000e+03 	 2.000000e+00
9 	 198 	 Ex 	 1 	 7.718230e-01 	 -6.000000e+02 	 1.080000e+03 	 2.000000e+00
9 	 199 	 Ex 	 1 	 1.998785e+00 	 -3.600000e+02 	 1.080000e+03 	 2.000000e+00
9 	 200 	 Ex 	 1 	 1.151208e+00 	 -1.200000e+02 	 1.080000e+03 	 2.000000e+00
9 	 201 	 Ex 	 1 	 1.637186e+00 	 1.200000e+02 	 1.080000e+03 	 2.000000e+00
9 	 202 	 Ex 	 1 	 1.357253e+00 	 3.600000e+02 	 1.080000e+03 	 2.000000e+00
9 	 203 	 Ex 	 1 	 5.919732e-01 	 6.000000e+02 	 1.080000e+03 	 2.000000e+00
9 	 204 	 Ex 	 1 	 4.865949e-01 	 8.400000e+02 	 1.080000e+03 	 2.000000e+00
9 	 205 	 Ex 	 1 	 1.189417e+00 	 1.080000e+03 	 1.080000e+03 	 2.000000e+00
9 	 206 	 Ex 	 1 	 1.763431e+00 	 1.320000e+03 	 1.080000e+03 	 2.000000e+00
9 	 207 	 Ex 	 1 	 1.203631e+00 	 1.560000e+03 	 1.080000e+03 	 2.000000e+00
9 	 208 	 Ex 	 1 	 6.280336e-01 	 1.800000e+03 	 1.080000e+03 	 2.000000e+00
9 	 209 	 Ex 	 1 	 3.554957e-01 	 -1.800000e+03 	 1.320000e+03 	 2.000000e+00
9 	 210 	 Ex 	 1 	 1.575928e+00 	 -1.560000e+03 	 1.320000e+03 	 2.000000e+00
9 	 211 	 Ex 	 1 	 6.183286e-01 	 -1.320000e+03 	 1.320000e+03 	 2.000000e+00
9 	 212 	 Ex 	 1 	 1.360160e+00 	 -1.080000e+03 	 1.320000e+03 	 2.000000e+00
9 	 213 	 Ex 	 1 	 1.626386e+00 	 -8.400000e+02 	 1.320000e+03 	 2.000000e+00
9 	 214 	 Ex 	 1 	 9.822435e-01 	 -6.000000e+02 	 1.320000e+03 	 2.000000e+00
9 	 215 	 Ex 	 1 	 1.249008e+00 	 -3.600000e+02 	 1.320000e+03 	 2.000000e+00
9 	 216 	 Ex 	 1 	 6.405184e-01 	 -1.200000e+02 	 1.320000e+03 	 2.000000e+00
9 	 217 	 Ex 	 1 	 6.643057e-01 	 1.200000e+02 	 1.320000e+03 	 2.000000e+00
9 	 218 	 Ex 	 1 	 8.509743e-01 	 3.600000e+02 	 1.320000e+03 	 2.000000e+00
9 	 219 	 Ex 	 1 	 2.246476e+00 	 6.000000e+02 	 1.320000e+03 	 2.000000e+00
9 	 220 	 Ex 	 1 	 8.846496e-01 	 8.400000e+02 	 1.320000e+03 	 2.000000e+00
9 	 221 	 Ex 	 1 	 1.129717e+00 	 1.080000e+03 	 1.320000e+03 	 2.000000e+00
9 	 222 	 Ex 	 1 	 7.338850e-01 	 1.320000e+03 	 1.320000e+03 	 2.000000e+00
9 	 223 	 Ex 	 1 	 7.383884e-01 	 1.560000e+03 	 1.320000e+03 	 2.000000e+00
9 	 224 	 Ex 	 1 	 7.849905e-01 	 1.800000e+03 	 1.320000e+03 	 2.000000e+00
9 	 225 	 Ex 	 1 	 6.740372e-01 	 -1.800000e+03 	 1.560000e+03 	 2.000000e+00
9 	 226 	 Ex 	 1 	 5.245001e-01 	 -1.560000e+03 	 1.560000e+03 	 2.000000e+00
9 	 227 	 Ex 	 1 	 9.079515e-01 	 -1.320000e+03 	 1.560000e+03 	 2.000000e+00
9 	 228 	 Ex 	 1 	 7.309203e-01 	 -1.080000e+03 	 1.560000e+03 	 2.000000e+00
9 	 229 	 Ex 	 1 	 8.380541e-01 	 -8.400000e+02 	 1.560000e+03 	 2.000000e+00
9 	 230 	 Ex 	 1 	 6.860574e-01 	 -6.000000e+02 	 1.560000e+03 	 2.000000e+00
9 	 231 	 Ex 	 1 	 6.000375e-01 	 -3.600000e+02 	 1.560000e+03 	 2.000000e+00
9 	 232 	 Ex 	 1 	 5.525346e-01 	 -1.200000e+02 	 1.560000e+03 	 2.000000e+00
9 	 233 	 Ex 	 1 	 1.490253e+00 	 1.200000e+02 	 1.560000e+03 	 2.000000e+00
9 	 234 	 Ex 	 1 	 9.588397e-01 	 3.600000e+02 	 1.560000e+03 	 2.000000e+00
9 	 235 	 Ex 	 1 	 6.102419e-01 	 6.000000e+02 	 1.560000e+03 	 2.000000e+00
9 	 236 	 Ex 	 1 	 4.067274e-01 	 8.400000e+02 	 1.560000e+03 	 2.000000e+00
9 	 237 	 Ex 	 1 	 8.300189e-01 	 1.080000e+03 	 1.560000e+03 	 2.000000e+00
9 	 238 	 Ex 	 1 	 8.555990e-01 	 1.320000e+03 	 1.560000e+03 	 2.000000e+00
9 	 239 	 Ex 	 1 	 4.701703e-01 	 1.560000e+03 	 1.560000e+03 	 2.000000e+00
9 	 240 	 Ex 	 1 	 4.605476e-01 	 1.800000e+03 	 1.560000e+03 	 2.000000e+00
9 	 241 	 Ex 	 1 	 5.658932e-01 	 -1.800000e+03 	 1.800000e+03 	 2.000000e+00
9 	 242 	 Ex 	 1 	 1.192608e+00 	 -1.560000e+03 	 1.800000e+03 	 2.000000e+00
9 	 243 	 Ex 	 1 	 1.403977e+00 	 -1.320000e+03 	 1.800000e+03 	 2.000000e+00
9 	 244 	 Ex 	 1 	 1.319429e+00 	 -1.080000e+03 	 1.800000e+03 	 2.000000e+00
9 	 245 	 Ex 	 1 	 2.078717e-01 	 -8.400000e+02 	 1.800000e+03 	 2.000000e+00
9 	 246 	 Ex 	 1 	 8.184764e-01 	 -6.000000e+02 	 1.800000e+03 	 2.000000e+00
9 	 247 	 Ex 	 1 	 8.234361e-01 	 -3.600000e+02 	 1.800000e+03 	 2.000000e+00
9 	 248 	 Ex 	 1 	 1.483250e+00 	 -1.200000e+02 	 1.800000e+03 	 2.000000e+00
9 	 249 	 Ex 	 1 	 5.767818e-01 	 1.200000e+02 	 1.800000e+03 	 2.000000e+00
9 	 250 	 Ex 	 1 	 1.008959e+00 	 3.600000e+02 	 1.800000e+03 	 2.000000e+00
9 	 251 	 Ex 	 1 	 7.140735e-01 	 6.000000e+02 	 1.800000e+03 	 2.000000e+00
9 	 252 	 Ex 	 1 	 1.594276e+00 	 8.400000e+02 	 1.800000e+03 	 2.000000e+00
9 	 253 	 Ex 	 1 	 2.008009e+00 	 1.080000e+03 	 1.800000e+03 	 2.000000e+00
9 	 254 	 Ex 	 1 	 1.637710e+00 	 1.320000e+03 	 1.800000e+03 	 2.000000e+00
9 	 255 	 Ex 	 1 	 4.959886e-01 	 1.560000e+03 	 1.800000e+03 	 2.000000e+00
9 	 256 	 Ex 	 1 	 5.010865e-01 	 1.800000e+03 	 1.800000e+03 	 2.000000e+00
9 	 1 	 Ex 	 2 	 1.148219e+00 	 -1.800000e+03 	 -1.800000e+03 	 2.000000e+00
9 	 2 	 Ex 	 2 	 7.156323e-01 	 -1.560000e+03 	 -1.800000e+03 	 2.000000e+00
9 	 3 	 Ex 	 2 	 5.011115e-01 	 -1.320000e+03 	 -1.800000e+03 	 2.000000e+00
9 	 4 	 Ex 	 2 	 9.087848e-01 	 -1.080000e+03 	 -1.800000e+03 	 2.000000e+00
9 	 5 	 Ex 	 2 	 2.178247e+00 	 -8.400000e+02 	 -1.800000e+03 	 2.000000e+00
9 	 6 	 Ex 	 2 	 6.046678e-01 	 -6.000000e+02 	 -1.800000e+03 	 2.000000e+00
9 	 7 	 Ex 	 2 	 3.788903e-01 	 -3.600000e+02 	 -1.800000e+03 	 2.000000e+00
9 	 8 	 Ex 	 2 	 3.658518e-01 	 -1.200000e+02 	 -1.800000e+03 	 2.000000e+00
9 	 9 	 Ex 	 2 	 1.013513e+00 	 1.200000e+02 	 -1.800000e+03 	 2.000000e+00
9 	 10 	 Ex 	 2 	 1.192858e+00 	 3.600000e+02 	 -1.800000e+03 	 2.000000e+00
9 	 11 	 Ex 	 2 	 4.719641e-01 	 6.000000e+02 	 -1.800000e+03 	 2.000000e+00
9 	 12 	 Ex 	 2 	 5.396738e-01 	 8.400000e+02 	 -1.800000e+03 	 2.000000e+00
9 	 13 	 Ex 	 2 	 7.770863e-01 	 1.080000e+03 	 -1.800000e+03 	 2.000000e+00
9 	 14 	 Ex 	 2 	 8.502239e-01 	 1.320000e+03 	 -1.800000e+03 	 2.000000e+00
9 	 15 	 Ex 	 2 	 6.223898e-01 	 1.560000e+03 	 -1.800000e+03 	 2.000000e+00
9 	 16 	 Ex 	 2 	 2.138141e+00 	 1.800000e+03 	 -1.800000e+03 	 2.000000e+00
9 	 17 	 Ex 	 2 	 1.093318e+00 	 -1.800000e+03 	 -1.560000e+03 	 2.000000e+00
9 	 18 	 Ex 	 2 	 3.321567e-01 	 -1.560000e+03 	 -1.560000e+03 	 2.000000e+00
9 	 19 	 Ex 	 2 	 1.441830e+00 	 -1.320000e+03 	 -1.560000e+03 	 2.000000e+00
9 	 20 	 Ex 	 2 	 9.282415e-01 	 -1.080000e+03 	 -1.560000e+03 	 2.000000e+00
9 	 21 	 Ex 	 2 	 1.176051e+00 	 -8.400000e+02 	 -1.560000e+03 	 2.000000e+00
9 	 22 	 Ex 	 2 	 6.788786e-01 	 -6.000000e+02 	 -1.560000e+03 	 2.000000e+00
9 	 23 	 Ex 	 2 	 5.721121e-01 	 -3.600000e+02 	 -1.560000e+03 	 2.000000e+00
9 	 24 	 Ex 	 2 	 1.049415e+00 	 -1.200000e+02 	 -1.560000e+03 	 2.000000e+00
9 	 25 	 Ex 	 2 	 5.339865e-01 	 1.200000e+02 	 -1.560000e+03 	 2.000000e+00
9 	 26 	 Ex 	 2 	 5.495967e-01 	 3.600000e+02 	 -1.560000e+03 	 2.000000e+00
9 	 27 	 Ex 	 2 	 1.345042e+00 	 6.000000e+02 	 -1.560000e+03 	 2.000000e+00
9 	 28 	 Ex 	 2 	 8.353865e-01 	 8.400000e+02 	 -1.560000e+03 	 2.000000e+00
9 	 29 	 Ex 	 2 	 1.402283e+00 	 1.080000e+03 	 -1.560000e+03 	 2.000000e+00
9 	 30 	 Ex 	 2 	 1.032052e+00 	 1.320000e+03 	 -1.560000e+03 	 2.000000e+00
9 	 31 	 Ex 	 2 	 2.307039e+00 	 1.560000e+03 	 -1.560000e+03 	 2.000000e+00
9 	 32 	 Ex 	 2 	 5.827899e-01 	 1.800000e+03 	 -1.560000e+03 	 2.000000e+00
9 	 33 	 Ex 	 2 	 5.713983e-01 	 -1.800000e+03 	 -1.320000e+03 	 2.000000e+00
9 	 34 	 Ex 	 2 	 1.097310e-01 	 -1.560000e+03 	 -1.320000e+03 	 2.000000e+00
9 	 35 	 Ex 	 2 	 2.563285e-01 	 -1.320000e+03 	 -1.320000e+03 	 2.000000e+00
9 	 36 	 Ex 	 2 	 6.151446e-01 	 -1.080000e+03 	 -1.320000e+03 	 2.000000e+00
9 	 37 	 Ex 	 2 	 1.018403e+00 	 -8.400000e+02 	 -1.320000e+03 	 2.000000e+00
9 	 38 	 Ex 	 2 	 2.455130e-01 	 -6.000000e+02 	 -1.320000e+03 	 2.000000e+00
9 	 39 	 Ex 	 2 	 9.610072e-01 	 -3.600000e+02 	 -1.320000e+03 	 2.000000e+00
9 	 40 	 Ex 	 2 	 2.584800e+00 	 -1.200000e+02 	 -1.320000e+03 	 2.000000e+00
9 	 41 	 Ex 	 2 	 9.164143e-01 	 1.200000e+02 	 -1.320000e+03 	 2.000000e+00
9 	 42 	 Ex 	 2 	 1.067698e+00 	 3.600000e+02 	 -1.320000e+03 	 2.000000e+00
9 	 43 	 Ex 	 2 	 5.783405e-01 	 6.000000e+02 	 -1.320000e+03 	 2.000000e+00
9 	 44 	 Ex 	 2 	 1.339809e+00 	 8.400000e+02 	 -1.320000e+03 	 2.000000e+00
9 	 45 	 Ex 	 2 	 3.362001e-01 	 1.080000e+03 	 -1.320000e+03 	 2.000000e+00
9 	 46 	 Ex 	 2 	 6.345465e-01 	 1.320000e+03 	 -1.320000e+03 	 2.000000e+00
9 	 47 	 Ex 	 2 	 5.618685e-01 	 1.560000e+03 	 -1.320000e+03 	 2.000000e+00
9 	 48 	 Ex 	 2 	 5.512823e-01 	 1.800000e+03 	 -1.320000e+03 	 2.000000e+00
9 	 49 	 Ex 	 2 	 7.236483e-02 	 -1.800000e+03 	 -1.080000e+03 	 2.000000e+00
9 	 50 	 Ex 	 2 	 1.785731e+00 	 -1.560000e+03 	 -1.080000e+03 	 2.000000e+00
9 	 51 	 Ex 	 2 	 1.030367e+00 	 -1.320000e+03 	 -1.080000e+03 	 2.000000e+00
9 	 52 	 Ex 	 2 	 1.244777e+00 	 -1.080000e+03 	 -1.080000e+03 	 2.000000e+00
9 	 53 	 Ex 	 2 	 3.609917e-01 	 -8.400000e+02 	 -1.080000e+03 	 2.000000e+00
9 	 54 	 Ex 	 2 	 1.703482e+00 	 -6.000000e+02 	 -1.080000e+03 	 2.000000e+00
9 	 55 	 Ex 	 2 	 7.844053e-01 	 -3.600000e+02 	 -1.080000e+03 	 2.000000e+00
9 	 56 	 Ex 	 2 	 1.447608e+00 	 -1.200000e+02 	 -1.080000e+03 	 2.000000e+00
9 	 57 	 Ex 	 2 	 1.176848e+00 	 1.200000e+02 	 -1.080000e+03 	 2.000000e+00
9 	 58 	 Ex 	 2 	 1.741372e+00 	 3.600000e+02 	 -1.080000e+03 	 2.000000e+00
9 	 59 	 Ex 	 2 	 1.655079e+00 	 6.000000e+02 	 -1.080000e+03 	 2.000000e+00
9 	 60 	 Ex 	 2 	 9.707225e-01 	 8.400000e+02 	 -1.080000e+03 	 2.000000e+00
9 	 61 	 Ex 	 2 	 1.140582e+00 	 1.080000e+03 	 -1.080000e+03 	 2.000000e+00
9 	 62 	 Ex 	 2 	 8.126517e-01 	 1.320000e+03 	 -1.080000e+03 	 2.000000e+00
9 	 63 	 Ex 	 2 	 9.518022e-01 	 1.560000e+03 	 -1.080000e+03 	 2.000000e+00
9 	 64 	 Ex 	 2 	 7.366677e-01 	 1.800000e+03 	 -1.080000e+03 	 2.000000e+00
9 	 65 	 Ex 	 2 	 5.861216e-01 	 -1.800000e+03 	 -8.400000e+02 	 2.000000e+00
9 	 66 	 Ex 	 2 	 1.222089e-01 	 -1.560000e+03 	 -8.400000e+02 	 2.000000e+00
9 	 67 	 Ex 	 2 	 1.621339e+00 	 -1.320000e+03 	 -8.400000e+02 	 2.000000e+00
9 	 68 	 Ex 	 2 	 8.451802e-01 	 -1.080000e+03 	 -8.400000e+02 	 2.000000e+00
9 	 69 	 Ex 	 2 	 1.721530e-01 	 -8.400000e+02 	 -8.400000e+02 	 2.000000e+00
9 	 70 	 Ex 	 2 	 6.532091e-01 	 -6.000000e+02 	 -8.400000e+02 	 2.000000e+00
9 	 71 	 Ex 	 2 	 1.154827e+00 	 -3.600000e+02 	 -8.400000e+02 	 2.000000e+00
9 	 72 	 Ex 	 2 	 4.114777e-01 	 -1.200000e+02 	 -8.400000e+02 	 2.000000e+00
9 	 73 	 Ex 	 2 	 1.972987e+00 	 1.200000e+02 	 -8.400000e+02 	 2.000000e+00
9 	 74 	 Ex 	 2 	 1.833921e+00 	 3.600000e+02 	 -8.400000e+02 	 2.000000e+00
9 	 75 	 Ex 	 2 	 1.786317e+00 	 6.000000e+02 	 -8.400000e+02 	 2.000000e+00
9 	 76 	 Ex 	 2 	 2.905912e-01 	 8.400000e+02 	 -8.400000e+02 	 2.000000e+00
9 	 77 	 Ex 	 2 	 1.515587e+00 	 1.080000e+03 	 -8.400000e+02 	 2.000000e+00
9 	 78 	 Ex 	 2 	 7.328815e-01 	 1.320000e+03 	 -8.400000e+02 	 2.000000e+00
9 	 79 	 Ex 	 2 	 8.331146e-01 	 1.560000e+03 	 -8.400000e+02 	 2.000000e+00
9 	 80 	 Ex 	 2 	 6.659694e-01 	 1.800000e+03 	 -8.400000e+02 	 2.000000e+00
9 	 81 	 Ex 	 2 	 9.581413e-01 	 -1.800000e+03 	 -6.000000e+02 	 2.000000e+00
9 	 82 	 Ex 	 2 	 1.918778e+00 	 -1.560000e+03 	 -6.000000e+02 	 2.000000e+00
9 	 83 	 Ex 	 2 	 2.845354e-01 	 -1.320000e+03 	 -6.000000e+02 	 2.000000e+00
9 	 84 	 Ex 	 2 	 1.010887e+00 	 -1.080000e+03 	 -6.000000e+02 	 2.000000e+00
9 	 85 	 Ex 	 2 	 1.495189e+00 	 -8.400000e+02 	 -6.000000e+02 	 2.000000e+00
9 	 86 	 Ex 	 2 	 7.865955e-01 	 -6.000000e+02 	 -6.000000e+02 	 2.000000e+00
9 	 87 	 Ex 	 2 	 1.698547e+00 	 -3.600000e+02 	 -6.000000e+02 	 2.000000e+00
9 	 88 	 Ex 	 2 	 3.082192e+00 	 -1.200000e+02 	 -6.000000e+02 	 2.000000e+00
9 	 89 	 Ex 	 2 	 1.164934e+00 	 1.200000e+02 	 -6.000000e+02 	 2.000000e+00
9 	 90 	 Ex 	 2 	 5.765148e-01 	 3.600000e+02 	 -6.000000e+02 	 2.000000e+00
9 	 91 	 Ex 	 2 	 1.537959e+00 	 6.000000e+02 	 -6.000000e+02 	 2.000000e+00
9 	 92 	 Ex 	 2 	 2.250418e-01 	 8.400000e+02 	 -6.000000e+02 	 2.000000e+00
9 	 93 	 Ex 	 2 	 8.651118e-01 	 1.080000e+03 	 -6.000000e+02 	 2.000000e+00
9 	 94 	 Ex 	 2 	 4.302762e-01 	 1.320000e+03 	 -6.000000e+02 	 2.000000e+00
9 	 95 	 Ex 	 2 	 1.255089e+00 	 1.560000e+03 	 -6.000000e+02 	 2.000000e+00
9 	 96 	 Ex 	 2 	 8.995133e-01 	 1.800000e+03 	 -6.000000e+02 	 2.000000e+00
9 	 97 	 Ex 	 2 	 8.270393e-01 	 -1.800000e+03 	 -3.600000e+02 	 2.000000e+00
9 	 98 	 Ex 	 2 	 1.395942e+00 	 -1.560000e+03 	 -3.600000e+02 	 2.000000e+00
9 	 99 	 Ex 	 2 	 1.182010e+00 	 -1.320000e+03 	 -3.600000e+02 	 2.000000e+00
9 	 100 	 Ex 	 2 	 1.957228e-01 	 -1.080000e+03 	 -3.600000e+02 	 2.000000e+00
9 	 101 	 Ex 	 2 	 1.381657e+00 	 -8.400000e+02 	 -3.600000e+02 	 2.000000e+00
9 	 102 	 Ex 	 2 	 1.714360e+00 	 -6.000000e+02 	 -3.600000e+02 	 2.000000e+00
9 	 103 	 Ex 	 2 	 1.417232e+00 	 -3.600000e+02 	 -3.600000e+02 	 2.000000e+00
9 	 104 	 Ex 	 2 	 2.769639e+00 	 -1.200000e+02 	 -3.600000e+02 	 2.000000e+00
9 	 105 	 Ex 	 2 	 2.333190e+00 	 1.200000e+02 	 -3.600000e+02 	 2.000000e+00
9 	 106 	 Ex 	 2 	 1.297615e+00 	 3.600000e+02 	 -3.600000e+02 	 2.000000e+00
9 	 107 	 Ex 	 2 	 7.524405e-01 	 6.000000e+02 	 -3.600000e+02 	 2.000000e+00
9 	 108 	 Ex 	 2 	 1.445512e+00 	 8.400000e+02 	 -3.600000e+02 	 2.000000e+00
9 	 109 	 Ex 	 2 	 6.727226e-01 	 1.080000e+03 	 -3.600000e+02 	 2.000000e+00
9 	 110 	 Ex 	 2 	 1.301585e+00 	 1.320000e+03 	 -3.600000e+02 	 2.000000e+00
9 	 111 	 Ex 	 2 	 1.438305e+00 	 1.560000e+03 	 -3.600000e+02 	 2.000000e+00
9 	 112 	 Ex 	 2 	 1.144696e+00 	 1.800000e+03 	 -3.600000e+02 	 2.000000e+00
9 	 113 	 Ex 	 2 	 8.898249e-01 	 -1.800000e+03 	 -1.200000e+02 	 2.000000e+00
9 	 114 	 Ex 	 2 	 6.249233e-01 	 -1.560000e+03 	 -1.200000e+02 	 2.000000e+00
9 	 115 	 Ex 	 2 	 1.212807e+00 	 -1.320000e+03 	 -1.200000e+02 	 2.000000e+00
9 	 116 	 Ex 	 2 	 3.143895e+00 	 -1.080000e+03 	 -1.200000e+02 	 2.000000e+00
9 	 117 	 Ex 	 2 	 2.889898e+00 	 -8.400000e+02 	 -1.200000e+02 	 2.000000e+00
9 	 118 	 Ex 	 2 	 2.434238e+00 	 -6.000000e+02 	 -1.200000e+02 	 2.000000e+00
9 	 119 	 Ex 	 2 	 5.234299e-01 	 -3.600000e+02 	 -1.200000e+02 	 2.000000e+00
9 	 120 	 Ex 	 2 	 4.166216e+00 	 -1.200000e+02 	 -1.200000e+02 	 2.000000e+00
9 	 121 	 Ex 	 2 	 1.323392e+00 	 1.200000e+02 	 -1.200000e+02 	 2.000000e+00
9 	 122 	 Ex 	 2 	 4.892011e-01 	 3.600000e+02 	 -1.200000e+02 	 2.000000e+00
9 	 123 	 Ex 	 2 	 1.243950e+00 	 6.000000e+02 	 -1.200000e+02 	 2.000000e+00
9 	 124 	 Ex 	 2 	 1.339582e+00 	 8.400000e+02 	 -1.200000e+02 	 2.000000e+00
9 	 125 	 Ex 	 2 	 1.050956e+00 	 1.080000e+03 	 -1.200000e+02 	 2.000000e+00
9 	 126 	 Ex 	 2 	 1.052820e+00 	 1.320000e+03 	 -1.200000e+02 	 2.000000e+00
9 	 127 	 Ex 	 2 	 1.415263e+00 	 1.560000e+03 	 -1.200000e+02 	 2.000000e+00
9 	 128 	 Ex 	 2 	 1.779754e+00 	 1.800000e+03 	 -1.200000e+02 	 2.000000e+00
9 	 129 	 Ex 	 2 	 0.000000e+00 	 -1.800000e+03 	 1.200000e+02 	 2.000000e+00
9 	 130 	 Ex 	 2 	 0.000000e+00 	 -1.560000e+03 	 1.200000e+02 	 2.000000e+00
9 	 131 	 Ex 	 2 	 0.000000e+00 	 -1.320000e+03 	 1.200000e+02 	 2.000000e+00
9 	 132 	 Ex 	 2 	 5.576751e-01 	 -1.080000e+03 	 1.200000e+02 	 2.000000e+00
9 	 133 	 Ex 	 2 	 2.008381e+00 	 -8.400000e+02 	 1.200000e+02 	 2.000000e+00
9 	 134 	 Ex 	 2 	 2.416983e+00 	 -6.000000e+02 	 1.200000e+02 	 2.000000e+00
9 	 135 	 Ex 	 2 	 6.308347e-01 	 -3.600000e+02 	 1.200000e+02 	 2.000000e+00
9 	 136 	 Ex 	 2 	 6.208811e+00 	 -1.200000e+02 	 1.200000e+02 	 2.000000e+00
9 	 137 	 Ex 	 2 	 2.055374e+00 	 1.200000e+02 	 1.200000e+02 	 2.000000e+00
9 	 138 	 Ex 	 2 	 1.319834e+00 	 3.600000e+02 	 1.200000e+02 	 2.000000e+00
9 	 139 	 Ex 	 2 	 1.740679e+00 	 6.000000e+02 	 1.200000e+02 	 2.000000e+00
9 	 140 	 Ex 	 2 	 1.041709e+00 	 8.400000e+02 	 1.200000e+02 	 2.000000e+00
9 	 141 	 Ex 	 2 	 1.321835e+00 	 1.080000e+03 	 1.200000e+02 	 2.000000e+00
9 	 142 	 Ex 	 2 	 7.817686e-02 	 1.320000e+03 	 1.200000e+02 	 2.000000e+00
9 	 143 	 Ex 	 2 	 1.440568e+00 	 1.560000e+03 	 1.200000e+02 	 2.000000e+00
9 	 144 	 Ex 	 2 	 2.632560e+00 	 1.800000e+03 	 1.200000e+02 	 2.000000e+00
9 	 145 	 Ex 	 2 	 0.000000e+00 	 -1.800000e+03 	 3.600000e+02 	 2.000000e+00
9 	 146 	 Ex 	 2 	 0.000000e+00 	 -1.560000e+03 	 3.600000e+02 	 2.000000e+00
9 	 147 	 Ex 	 2 	 0.000000e+00 	 -1.320000e+03 	 3.600000e+02 	 2.000000e+00
9 	 148 	 Ex 	 2 	 0.000000e+00 	 -1.080000e+03 	 3.600000e+02 	 2.000000e+00
9 	 149 	 Ex 	 2 	 1.502399e+00 	 -8.400000e+02 	 3.600000e+02 	 2.000000e+00
9 	 150 	 Ex 	 2 	 4.084527e+00 	 -6.000000e+02 	 3.600000e+02 	 2.000000e+00
9 	 151 	 Ex 	 2 	 2.131860e+00 	 -3.600000e+02 	 3.600000e+02 	 2.000000e+00
9 	 152 	 Ex 	 2 	 4.583704e+00 	 -1.200000e+02 	 3.600000e+02 	 2.000000e+00
9 	 153 	 Ex 	 2 	 3.263866e+00 	 1.200000e+02 	 3.600000e+02 	 2.000000e+00
9 	 154 	 Ex 	 2 	 5.542241e-01 	 3.600000e+02 	 3.600000e+02 	 2.000000e+00
9 	 155 	 Ex 	 2 	 1.379324e+00 	 6.000000e+02 	 3.600000e+02 	 2.000000e+00
9 	 156 	 Ex 	 2 	 6.743421e-01 	 8.400000e+02 	 3.600000e+02 	 2.000000e+00
9 	 157 	 Ex 	 2 	 1.016738e+00 	 1.080000e+03 	 3.600000e+02 	 2.000000e+00
9 	 158 	 Ex 	 2 	 1.414420e+00 	 1.320000e+03 	 3.600000e+02 	 2.000000e+00
9 	 159 	 Ex 	 2 	 1.261596e+00 	 1.560000e+03 	 3.600000e+02 	 2.000000e+00
9 	 160 	 Ex 	 2 	 1.635578e+00 	 1.800000e+03 	 3.600000e+02 	 2.000000e+00
9 	 161 	 Ex 	 2 	 0.000000e+00 	 -1.800000e+03 	 6.000000e+02 	 2.000000e+00
9 	 162 	 Ex 	 2 	 0.000000e+00 	 -1.560000e+03 	 6.000000e+02 	 2.000000e+00
9 	 163 	 Ex 	 2 	 0.000000e+00 	 -1.320000e+03 	 6.000000e+02 	 2.000000e+00
9 	 164 	 Ex 	 2 	 0.000000e+00 	 -1.080000e+03 	 6.000000e+02 	 2.000000e+00
9 	 165 	 Ex 	 2 	 1.016155e+00 	 -8.400000e+02 	 6.000000e+02 	 2.000000e+00
9 	 166 	 Ex 	 2 	 3.745785e+00 	 -6.000000e+02 	 6.000000e+02 	 2.000000e+00
9 	 167 	 Ex 	 2 	 2.342905e+00 	 -3.600000e+02 	 6.000000e+02 	 2.000000e+00
9 	 168 	 Ex 	 2 	 3.707804e+00 	 -1.200000e+02 	 6.000000e+02 	 2.000000e+00
9 	 169 	 Ex 	 2 	 2.335499e+00 	 1.200000e+02 	 6.000000e+02 	 2.000000e+00
9 	 170 	 Ex 	 2 	 4.931039e-01 	 3.600000e+02 	 6.000000e+02 	 2.000000e+00
9 	 171 	 Ex 	 2 	 5.732720e-01 	 6.000000e+02 	 6.000000e+02 	 2.000000e+00
9 	 172 	 Ex 	 2 	 1.016813e+00 	 8.400000e+02 	 6.000000e+02 	 2.000000e+00
9 	 173 	 Ex 	 2 	 1.300613e+00 	 1.080000e+03 	 6.000000e+02 	 2.000000e+00
9 	 174 	 Ex 	 2 	 2.530503e+00 	 1.320000e+03 	 6.000000e+02 	 2.000000e+00
9 	 175 	 Ex 	 2 	 1.601009e+00 	 1.560000e+03 	 6.000000e+02 	 2.000000e+00
9 	 176 	 Ex 	 2 	 8.918107e-01 	 1.800000e+03 	 6.000000e+02 	 2.000000e+00
9 	 177 	 Ex 	 2 	 0.000000e+00 	 -1.800000e+03 	 8.400000e+02 	 2.000000e+00
9 	 178 	 Ex 	 2 	 0.000000e+00 	 -1.560000e+03 	 8.400000e+02 	 2.000000e+00
9 	 179 	 Ex 	 2 	 0.000000e+00 	 -1.320000e+03 	 8.400000e+02 	 2.000000e+00
9 	 180 	 Ex 	 2 	 6.992553e-01 	 -1.080000e+03 	 8.400000e+02 	 2.000000e+00
9 	 181 	 Ex 	 2 	 2.559865e+00 	 -8.400000e+02 	 8.400000e+02 	 2.000000e+00
9 	 182 	 Ex 	 2 	 1.936331e+00 	 -6.000000e+02 	 8.400000e+02 	 2.000000e+00
9 	 183 	 Ex 	 2 	 2.457830e+00 	 -3.600000e+02 	 8.400000e+02 	 2.000000e+00
9 	 184 	 Ex 	 2 	 4.023308e+00 	 -1.200000e+02 	 8.400000e+02 	 2.000000e+00
9 	 185 	 Ex 	 2 	 8.357155e-01 	 1.200000e+02 	 8.400000e+02 	 2.000000e+00
9 	 186 	 Ex 	 2 	 6.254053e-01 	 3.600000e+02 	 8.400000e+02 	 2.000000e+00
9 	 187 	 Ex 	 2 	 5.965769e-01 	 6.000000e+02 	 8.400000e+02 	 2.000000e+00
9 	 188 	 Ex 	 2 	 1.856009e+00 	 8.400000e+02 	 8.400000e+02 	 2.000000e+00
9 	 189 	 Ex 	 2 	 1.599349e+00 	 1.080000e+03 	 8.400000e+02 	 2.000000e+00
9 	 190 	 Ex 	 2 	 4.975508e-01 	 1.320000e+03 	 8.400000e+02 	 2.000000e+00
9 	 191 	 Ex 	 2 	 1.152784e+00 	 1.560000e+03 	 8.400000e+02 	 2.000000e+00
9 	 192 	 Ex 	 2 	 1.398399e+00 	 1.800000e+03 	 8.400000e+02 	 2.000000e+00
9 	 193 	 Ex 	 2 	 0.000000e+00 	 -1.800000e+03 	 1.080000e+03 	 2.000000e+00
9 	 194 	 Ex 	 2 	 0.000000e+00 	 -1.560000e+03 	 1.080000e+03 	 2.000000e+00
9 	 195 	 Ex 	 2 	 9.646127e-01 	 -1.320000e+03 	 1.080000e+03 	 2.000000e+00
9 	 196 	 Ex 	 2 	 3.085538e-01 	 -1.080000e+03 	 1.080000e+03 	 2.000000e+00
9 	 197 	 Ex 	 2 	 1.331853e+00 	 -8.400000e+02 	 1.080000e+03 	 2.000000e+00
9 	 198 	 Ex 	 2 	 4.078740e-01 	 -6.000000e+02 	 1.080000e+03 	 2.000000e+00
9 	 199 	 Ex 	 2 	 2.819925e+00 	 -3.600000e+02 	 1.080000e+03 	 2.000000e+00
9 	 200 	 Ex 	 2 	 4.407756e-01 	 -1.200000e+02 	 1.080000e+03 	 2.000000e+00
9 	 201 	 Ex 	 2 	 5.283989e-01 	 1.200000e+02 	 1.080000e+03 	 2.000000e+00
9 	 202 	 Ex 	 2 	 7.577346e-01 	 3.600000e+02 	 1.080000e+03 	 2.000000e+00
9 	 203 	 Ex 	 2 	 1.245186e+00 	 6.000000e+02 	 1.080000e+03 	 2.000000e+00
9 	 204 	 Ex 	 2 	 3.726381e-01 	 8.400000e+02 	 1.080000e+03 	 2.000000e+00
9 	 205 	 Ex 	 2 	 1.844447e+00 	 1.080000e+03 	 1.080000e+03 	 2.000000e+00
9 	 206 	 Ex 	 2 	 1.516821e+00 	 1.320000e+03 	 1.080000e+03 	 2.000000e+00
9 	 207 	 Ex 	 2 	 9.064068e-01 	 1.560000e+03 	 1.080000e+03 	 2.000000e+00
9 	 208 	 Ex 	 2 	 1.060885e+00 	 1.800000e+03 	 1.080000e+03 	 2.000000e+00
9 	 209 	 Ex 	 2 	 7.550430e-01 	 -1.800000e+03 	 1.320000e+03 	 2.000000e+00
9 	 210 	 Ex 	 2 	 1.121706e+00 	 -1.560000e+03 	 1.320000e+03 	 2.000000e+00
9 	 211 	 Ex 	 2 	 7.292635e-01 	 -1.320000e+03 	 1.320000e+03 	 2.000000e+00
9 	 212 	 Ex 	 2 	 4.344127e-01 	 -1.080000e+03 	 1.320000e+03 	 2.000000e+00
9 	 213 	 Ex 	 2 	 1.122556e+00 	 -8.400000e+02 	 1.320000e+03 	 2.000000e+00
9 	 214 	 Ex 	 2 	 2.575264e-01 	 -6.000000e+02 	 1.320000e+03 	 2.000000e+00
9 	 215 	 Ex 	 2 	 5.208266e-01 	 -3.600000e+02 	 1.320000e+03 	 2.000000e+00
9 	 216 	 Ex 	 2 	 1.987237e-01 	 -1.200000e+02 	 1.320000e+03 	 2.000000e+00
9 	 217 	 Ex 	 2 	 1.274881e+00 	 1.200000e+02 	 1.320000e+03 	 2.000000e+00
9 	 218 	 Ex 	 2 	 1.215276e+00 	 3.600000e+02 	 1.320000e+03 	 2.000000e+00
9 	 219 	 Ex 	 2 	 6.971298e-01 	 6.000000e+02 	 1.320000e+03 	 2.000000e+00
9 	 220 	 Ex 	 2 	 4.751299e-01 	 8.400000e+02 	 1.320000e+03 	 2.000000e+00
9 	 221 	 Ex 	 2 	 1.398650e+00 	 1.080000e+03 	 1.320000e+03 	 2.000000e+00
9 	 222 	 Ex 	 2 	 8.296062e-01 	 1.320000e+03 	 1.320000e+03 	 2.000000e+00
9 	 223 	 Ex 	 2 	 5.664080e-01 	 1.560000e+03 	 1.320000e+03 	 2.000000e+00
9 	 224 	 Ex 	 2 	 8.272852e-01 	 1.800000e+03 	 1.320000e+03 	 2.000000e+00
9 	 225 	 Ex 	 2 	 1.646925e-01 	 -1.800000e+03 	 1.560000e+03 	 2.000000e+00
9 	 226 	 Ex 	 2 	 1.266441e+00 	 -1.560000e+03 	 1.560000e+03 	 2.000000e+00
9 	 227 	 Ex 	 2 	 6.965485e-01 	 -1.320000e+03 	 1.560000e+03 	 2.000000e+00
9 	 228 	 Ex 	 2 	 1.020754e+00 	 -1.080000e+03 	 1.560000e+03 	 2.000000e+00
9 	 229 	 Ex 	 2 	 1.575881e+00 	 -8.400000e+02 	 1.560000e+03 	 2.000000e+00
9 	 230 	 Ex 	 2 	 1.111970e+00 	 -6.000000e+02 	 1.560000e+03 	 2.000000e+00
9 	 231 	 Ex 	 2 	 1.485873e+00 	 -3.600000e+02 	 1.560000e+03 	 2.000000e+00
9 	 232 	 Ex 	 2 	 1.392961e+00 	 -1.200000e+02 	 1.560000e+03 	 2.000000e+00
9 	 233 	 Ex 	 2 	 1.121909e+00 	 1.200000e+02 	 1.560000e+03 	 2.000000e+00
9 	 234 	 Ex 	 2 	 8.904805e-01 	 3.600000e+02 	 1.560000e+03 	 2.000000e+00
9 	 235 	 Ex 	 2 	 1.239144e-01 	 6.000000e+02 	 1.560000e+03 	 2.000000e+00
9 	 236 	 Ex 	 2 	 2.036455e+00 	 8.400000e+02 	 1.560000e+03 	 2.000000e+00
9 	 237 	 Ex 	 2 	 1.384590e+00 	 1.080000e+03 	 1.560000e+03 	 2.000000e+00
9 	 238 	 Ex 	 2 	 6.253102e-02 	 1.320000e+03 	 1.560000e+03 	 2.000000e+00
9 	 239 	 Ex 	 2 	 4.681624e-01 	 1.560000e+03 	 1.560000e+03 	 2.000000e+00
9 	 240 	 Ex 	 2 	 1.362428e+00 	 1.800000e+03 	 1.560000e+03 	 2.000000e+00
9 	 241 	 Ex 	 2 	 1.244591e+00 	 -1.800000e+03 	 1.800000e+03 	 2.000000e+00
9 	 242 	 Ex 	 2 	 4.816722e-01 	 -1.560000e+03 	 1.800000e+03 	 2.000000e+00
9 	 243 	 Ex 	 2 	 4.794452e-01 	 -1.320000e+03 	 1.800000e+03 	 2.000000e+00
9 	 244 	 Ex 	 2 	 2.304059e-01 	 -1.080000e+03 	 1.800000e+03 	 2.000000e+00
9 	 245 	 Ex 	 2 	 6.433065e-01 	 -8.400000e+02 	 1.800000e+03 	 2.000000e+00
9 	 246 	 Ex 	 2 	 1.336685e+00 	 -6.000000e+02 	 1.800000e+03 	 2.000000e+00
9 	 247 	 Ex 	 2 	 1.091939e+00 	 -3.600000e+02 	 1.800000e+03 	 2.000000e+00
9 	 248 	 Ex 	 2 	 4.089889e-01 	 -1.200000e+02 	 1.800000e+03 	 2.000000e+00
9 	 249 	 Ex 	 2 	 1.224907e-01 	 1.200000e+02 	 1.800000e+03 	 2.000000e+00
9 	 250 	 Ex 	 2 	 1.757370e+00 	 3.600000e+02 	 1.800000e+03 	 2.000000e+00
9 	 251 	 Ex 	 2 	 1.843092e+00 	 6.000000e+02 	 1.800000e+03 	 2.000000e+00
9 	 252 	 Ex 	 2 	 9.935432e-01 	 8.400000e+02 	 1.800000e+03 	 2.000000e+00
9 	 253 	 Ex 	 2 	 2.811040e-01 	 1.080000e+03 	 1.800000e+03 	 2.000000e+00
9 	 254 	 Ex 	 2 	 2.163212e+00 	 1.320000e+03 	 1.800000e+03 	 2.000000e+00
9 	 255 	 Ex 	 2 	 8.040079e-01 	 1.560000e+03 	 1.800000e+03 	 2.000000e+00
9 	 256 	 Ex 	 2 	 6.913850e-01 	 1.800000e+03 	 1.800000e+03 	 2.000000e+00
9 	 1 	 Ey 	 1 	 1.973371e-01 	 -1.800000e+03 	 -1.800000e+03 	 2.000000e+00
9 	 2 	 Ey 	 1 	 1.366204e+00 	 -1.560000e+03 	 -1.800000e+03 	 2.000000e+00
9 	 3 	 Ey 	 1 	 1.086014e+00 	 -1.320000e+03 	 -1.800000e+03 	 2.000000e+00
9 	 4 	 Ey 	 1 	 1.094047e+00 	 -1.080000e+03 	 -1.800000e+03 	 2.000000e+00
9 	 5 	 Ey 	 1 	 1.679821e+00 	 -8.400000e+02 	 -1.800000e+03 	 2.000000e+00
9 	 6 	 Ey 	 1 	 2.475438e-01 	 -6.000000e+02 	 -1.800000e+03 	 2.000000e+00
9 	 7 	 Ey 	 1 	 8.544652e-01 	 -3.600000e+02 	 -1.800000e+03 	 2.000000e+00
9 	 8 	 Ey 	 1 	 2.073002e-01 	 -1.200000e+02 	 -1.800000e+03 	 2.000000e+00
9 	 9 	 Ey 	 1 	 7.207034e-01 	 1.200000e+02 	 -1.800000e+03 	 2.000000e+00
9 	 10 	 Ey 	 1 	 1.176421e+00 	 3.600000e+02 	 -1.800000e+03 	 2.000000e+00
9 	 11 	 Ey 	 1 	 1.488716e+00 	 6.000000e+02 	 -1.800000e+03 	 2.000000e+00
9 	 12 	 Ey 	 1 	 5.022216e-01 	 8.400000e+02 	 -1.800000e+03 	 2.000000e+00
9 	 13 	 Ey 	 1 	 9.147276e-01 	 1.080000e+03 	 -1.800000e+03 	 2.000000e+00
9 	 14 	 Ey 	 1 	 5.851917e-01 	 1.320000e+03 	 -1.800000e+03 	 2.000000e+00
9 	 15 	 Ey 	 1 	 1.279637e+00 	 1.560000e+03 	 -1.800000e+03 	 2.000000e+00
9 	 16 	 Ey 	 1 	 6.611208e-01 	 1.800000e+03 	 -1.800000e+03 	 2.000000e+00
9 	 17 	 Ey 	 1 	 8.301083e-01 	 -1.800000e+03 	 -1.560000e+03 	 2.000000e+00
9 	 18 	 Ey 	 1 	 7.722465e-01 	 -1.560000e+03 	 -1.560000e+03 	 2.000000e+00
9 	 19 	 Ey 	 1 	 6.221510e-01 	 -1.320000e+03 	 -1.560000e+03 	 2.000000e+00
9 	 20 	 Ey 	 1 	 9.554260e-02 	 -1.080000e+03 	 -1.560000e+03 	 2.000000e+00
9 	 21 	 Ey 	 1 	 1.516192e+00 	 -8.400000e+02 	 -1.560000e+03 	 2.000000e+00
9 	 22 	 Ey 	 1 	 9.912146e-01 	 -6.000000e+02 	 -1.560000e+03 	 2.000000e+00
9 	 23 	 Ey 	 1 	 5.774604e-01 	 -3.600000e+02 	 -1.560000e+03 	 2.000000e+00
9 	 24 	 Ey 	 1 	 2.988786e-01 	 -1.200000e+02 	 -1.560000e+03 	 2.000000e+00
9 	 25 	 Ey 	 1 	 1.267417e+00 	 1.200000e+02 	 -1.560000e+03 	 2.000000e+00
9 	 26 	 Ey 	 1 	 5.804029e-01 	 3.600000e+02 	 -1.560000e+03 	 2.000000e+00
9 	 27 	 Ey 	 1 	 8.056673e-01 	 6.000000e+02 	 -1.560000e+03 	 2.000000e+00
9 	 28 	 Ey 	 1 	 7.629939e-01 	 8.400000e+02 	 -1.560000e+03 	 2.000000e+00
9 	 29 	 Ey 	 1 	 9.635273e-01 	 1.080000e+03 	 -1.560000e+03 	 2.000000e+00
9 	 30 	 Ey 	 1 	 1.087843e+00 	 1.320000e+03 	 -1.560000e+03 	 2.000000e+00
9 	 31 	 Ey 	 1 	 5.695571e-01 	 1.560000e+03 	 -1.560000e+03 	 2.000000e+00
9 	 32 	 Ey 	 1 	 9.650823e-01 	 1.800000e+03 	 -1.560000e+03 	 2.000000e+00
9 	 33 	 Ey 	 1 	 1.841089e+00 	 -1.800000e+03 	 -1.320000e+03 	 2.000000e+00
9 	 34 	 Ey 	 1 	 1.017393e+00 	 -1.560000e+03 	 -1.320000e+03 	 2.000000e+00
9 	 35 	 Ey 	 1 	 8.908215e-01 	 -1.320000e+03 	 -1.320000e+03 	 2.000000e+00
9 	 36 	 Ey 	 1 	 1.198796e+00 	 -1.080000e+03 	 -1.320000e+03 	 2.000000e+00
9 	 37 	 Ey 	 1 	 7.472585e-01 	 -8.400000e+02 	 -1.320000e+03 	 2.000000e+00
9 	 38 	 Ey 	 1 	 1.397869e+00 	 -6.000000e+02 	 -1.320000e+03 	 2.000000e+00
9 	 39 	 Ey 	 1 	 2.142684e-01 	 -3.600000e+02 	 -1.320000e+03 	 2.000000e+00
9 	 40 	 Ey 	 1 	 3.764011e-01 	 -1.200000e+02 	 -1.320000e+03 	 2.000000e+00
9 	 41 	 Ey 	 1 	 7.960637e-01 	 1.200000e+02 	 -1.320000e+03 	 2.000000e+00
9 	 42 	 Ey 	 1 	 1.335230e+00 	 3.600000e+02 	 -1.320000e+03 	 2.000000e+00
9 	 43 	 Ey 	 1 	 1.741058e+00 	 6.000000e+02 	 -1.320000e+03 	 2.000000e+00
9 	 44 	 Ey 	 1 	 1.273816e+00 	 8.400000e+02 	 -1.320000e+03 	 2.000000e+00
9 	 45 	 Ey 	 1 	 1.803797e+00 	 1.080000e+03 	 -1.320000e+03 	 2.000000e+00
9 	 46 	 Ey 	 1 	 2.444901e-01 	 1.320000e+03 	 -1.320000e+03 	 2.000000e+00
9 	 47 	 Ey 	 1 	 1.089374e+00 	 1.560000e+03 	 -1.320000e+03 	 2.000000e+00
9 	 48 	 Ey 	 1 	 2.256954e-01 	 1.800000e+03 	 -1.320000e+03 	 2.000000e+00
9 	 49 	 Ey 	 1 	 1.329046e+00 	 -1.800000e+03 	 -1.080000e+03 	 2.000000e+00
9 	 50 	 Ey 	 1 	 3.333120e-01 	 -1.560000e+03 	 -1.080000e+03 	 2.000000e+00
9 	 51 	 Ey 	 1 	 1.832751e+00 	 -1.320000e+03 	 -1.080000e+03 	 2.000000e+00
9 	 52 	 Ey 	 1 	 5.546894e-01 	 -1.080000e+03 	 -1.080000e+03 	 2.000000e+00
9 	 53 	 Ey 	 1 	 2.020486e+00 	 -8.400000e+02 	 -1.080000e+03 	 2.000000e+00
9 	 54 	 Ey 	 1 	 2.276216e-01 	 -6.000000e+02 	 -1.080000e+03 	 2.000000e+00
9 	 55 	 Ey 	 1 	 1.211373e+00 	 -3.600000e+02 	 -1.080000e+03 	 2.000000e+00
9 	 56 	 Ey 	 1 	 3.973763e-01 	 -1.200000e+02 	 -1.080000e+03 	 2.000000e+00
9 	 57 	 Ey 	 1 	 4.782887e-01 	 1.200000e+02 	 -1.080000e+03 	 2.000000e+00
9 	 58 	 Ey 	 1 	 7.911550e-01 	 3.600000e+02 	 -1.080000e+03 	 2.000000e+00
9 	 59 	 Ey 	 1 	 3.714155e-01 	 6.000000e+02 	 -1.080000e+03 	 2.000000e+00
9 	 60 	 Ey 	 1 	 1.592110e+00 	 8.400000e+02 	 -1.080000e+03 	 2.000000e+00
9 	 61 	 Ey 	 1 	 1.841286e+00 	 1.080000e+03 	 -1.080000e+03 	 2.000000e+00
9 	 62 	 Ey 	 1 	 2.320212e+00 	 1.320000e+03 	 -1.080000e+03 	 2.000000e+00
9 	 63 	 Ey 	 1 	 1.732827e+00 	 1.560000e+03 	 -1.080000e+03 	 2.000000e+00
9 	 64 	 Ey 	 1 	 1.179856e+00 	 1.800000e+03 	 -1.080000e+03 	 2.000000e+00
9 	 65 	 Ey 	 1 	 4.643513e-01 	 -1.800000e+03 	 -8.400000e+02 	 2.000000e+00
9 	 66 	 Ey 	 1 	 4.741966e-01 	 -1.560000e+03 	 -8.400000e+02 	 2.000000e+00
9 	 67 	 Ey 	 1 	 4.558304e-01 	 -1.320000e+03 	 -8.400000e+02 	 2.000000e+00
9 	 68 	 Ey 	 1 	 1.394002e+00 	 -1.080000e+03 	 -8.400000e+02 	 2.000000e+00
9 	 69 	 Ey 	 1 	 5.685304e-02 	 -8.400000e+02 	 -8.400000e+02 	 2.000000e+00
9 	 70 	 Ey 	 1 	 1.409036e+00 	 -6.000000e+02 	 -8.400000e+02 	 2.000000e+00
9 	 71 	 Ey 	 1 	 1.672684e+00 	 -3.600000e+02 	 -8.400000e+02 	 2.000000e+00
9 	 72 	 Ey 	 1 	 1.127542e+00 	 -1.200000e+02 	 -8.400000e+02 	 2.000000e+00
9 	 73 	 Ey 	 1 	 1.566117e+00 	 1.200000e+02 	 -8.400000e+02 	 2.000000e+00
9 	 74 	 Ey 	 1 	 6.117560e-01 	 3.600000e+02 	 -8.400000e+02 	 2.000000e+00
9 	 75 	 Ey 	 1 	 1.068761e+00 	 6.000000e+02 	 -8.400000e+02 	 2.000000e+00
9 	 76 	 Ey 	 1 	 1.648181e+00 	 8.400000e+02 	 -8.400000e+02 	 2.000000e+00
9 	 77 	 Ey 	 1 	 2.473891e-01 	 1.080000e+03 	 -8.400000e+02 	 2.000000e+00
9 	 78 	 Ey 	 1 	 1.057548e+00 	 1.320000e+03 	 -8.400000e+02 	 2.000000e+00
9 	 79 	 Ey 	 1 	 1.534608e+00 	 1.560000e+03 	 -8.400000e+02 	 2.000000e+00
9 	 80 	 Ey 	 1 	 8.296868e-01 	 1.800000e+03 	 -8.400000e+02 	 2.000000e+00
9 	 81 	 Ey 	 1 	 8.185509e-01 	 -1.800000e+03 	 -6.000000e+02 	 2.000000e+00
9 	 82 	 Ey 	 1 	 1.077836e+00 	 -1.560000e+03 	 -6.000000e+02 	 2.000000e+00
9 	 83 	 Ey 	 1 	 7.783321e-01 	 -1.320000e+03 	 -6.000000e+02 	 2.000000e+00
9 	 84 	 Ey 	 1 	 6.499023e-01 	 -1.080000e+03 	 -6.000000e+02 	 2.000000e+00
9 	 85 	 Ey 	 1 	 6.942092e-01 	 -8.400000e+02 	 -6.000000e+02 	 2.000000e+00
9 	 86 	 Ey 	 1 	 1.724664e+00 	 -6.000000e+02 	 -6.000000e+02 	 2.000000e+00
9 	 87 	 Ey 	 1 	 2.228730e+00 	 -3.600000e+02 	 -6.000000e+02 	 2.000000e+00
9 	 88 	 Ey 	 1 	 4.715776e-01 	 -1.200000e+02 	 -6.000000e+02 	 2.000000e+00
9 	 89 	 Ey 	 1 	 8.751065e-01 	 1.200000e+02 	 -6.000000e+02 	 2.000000e+00
9 	 90 	 Ey 	 1 	 8.443291e-01 	 3.600000e+02 	 -6.000000e+02 	 2.000000e+00
9 	 91 	 Ey 	 1 	 1.264090e+00 	 6.000000e+02 	 -6.000000e+02 	 2.000000e+00
9 	 92 	 Ey 	 1 	 9.592828e-01 	 8.400000e+02 	 -6.000000e+02 	 2.000000e+00
9 	 93 	 Ey 	 1 	 1.850581e+00 	 1.080000e+03 	 -6.000000e+02 	 2.000000e+00
9 	 94 	 Ey 	 1 	 1.287508e+00 	 1.320000e+03 	 -6.000000e+02 	 2.000000e+00
9 	 95 	 Ey 	 1 	 1.730958e+00 	 1.560000e+03 	 -6.000000e+02 	 2.000000e+00
9 	 96 	 Ey 	 1 	 2.515974e+00 	 1.800000e+03 	 -6.000000e+02 	 2.000000e+00
9 	 97 	 Ey 	 1 	 5.410993e-01 	 -1.800000e+03 	 -3.600000e+02 	 2.000000e+00
9 	 98 	 Ey 	 1 	 1.725925e+00 	 -1.560000e+03 	 -3.600000e+02 	 2.000000e+00
9 	 99 	 Ey 	 1 	 1.320606e+00 	 -1.320000e+03 	 -3.600000e+02 	 2.000000e+00
9 	 100 	 Ey 	 1 	 1.002765e+00 	 -1.080000e+03 	 -3.600000e+02 	 2.000000e+00
9 	 101 	 Ey 	 1 	 3.467175e+00 	 -8.400000e+02 	 -3.600000e+02 	 2.000000e+00
9 	 102 	 Ey 	 1 	 1.050293e+00 	 -6.000000e+02 	 -3.600000e+02 	 2.000000e+00
9 	 103 	 Ey 	 1 	 3.851327e+00 	 -3.600000e+02 	 -3.600000e+02 	 2.000000e+00
9 	 104 	 Ey 	 1 	 1.184048e+00 	 -1.200000e+02 	 -3.600000e+02 	 2.000000e+00
9 	 105 	 Ey 	 1 	 1.547847e+00 	 1.200000e+02 	 -3.600000e+02 	 2.000000e+00
9 	 106 	 Ey 	 1 	 1.492475e+00 	 3.600000e+02 	 -3.600000e+02 	 2.000000e+00
9 	 107 	 Ey 	 1 	 2.379467e+00 	 6.000000e+02 	 -3.600000e+02 	 2.000000e+00
9 	 108 	 Ey 	 1 	 2.161069e+00 	 8.400000e+02 	 -3.600000e+02 	 2.000000e+00
9 	 109 	 Ey 	 1 	 1.671062e+00 	 1.080000e+03 	 -3.600000e+02 	 2.000000e+00
9 	 110 	 Ey 	 1 	 1.003257e+00 	 1.320000e+03 	 -3.600000e+02 	 2.000000e+00
9 	 111 	 Ey 	 1 	 3.671076e-01 	 1.560000e+03 	 -3.600000e+02 	 2.000000e+00
9 	 112 	 Ey 	 1 	 6.228453e-01 	 1.800000e+03 	 -3.600000e+02 	 2.000000e+00
9 	 113 	 Ey 	 1 	 2.181851e+00 	 -1.800000e+03 	 -1.200000e+02 	 2.000000e+00
9 	 114 	 Ey 	 1 	 1.390207e+00 	 -1.560000e+03 	 -1.200000e+02 	 2.000000e+00
9 	 115 	 Ey 	 1 	 5.247518e-01 	 -1.320000e+03 	 -1.200000e+02 	 2.000000e+00
9 	 116 	 Ey 	 1 	 1.138900e+00 	 -1.080000e+03 	 -1.200000e+02 	 2.000000e+00
9 	 117 	 Ey 	 1 	 1.941105e+00 	 -8.400000e+02 	 -1.200000e+02 	 2.000000e+00
9 	 118 	 Ey 	 1 	 5.604545e-01 	 -6.000000e+02 	 -1.200000e+02 	 2.000000e+00
9 	 119 	 Ey 	 1 	 2.852607e+00 	 -3.600000e+02 	 -1.200000e+02 	 2.000000e+00
9 	 120 	 Ey 	 1 	 2.706501e+00 	 -1.200000e+02 	 -1.200000e+02 	 2.000000e+00
9 	 121 	 Ey 	 1 	 7.890341e-01 	 1.200000e+02 	 -1.200000e+02 	 2.000000e+00
9 	 122 	 Ey 	 1 	 7.511225e-01 	 3.600000e+02 	 -1.200000e+02 	 2.000000e+00
9 	 123 	 Ey 	 1 	 4.356644e-01 	 6.000000e+02 	 -1.200000e+02 	 2.000000e+00
9 	 124 	 Ey 	 1 	 1.169922e+00 	 8.400000e+02 	 -1.200000e+02 	 2.000000e+00
9 	 125 	 Ey 	 1 	 2.054819e+00 	 1.080000e+03 	 -1.200000e+02 	 2.000000e+00
9 	 126 	 Ey 	 1 	 1.156446e+00 	 1.320000e+03 	 -1.200000e+02 	 2.000000e+00
9 	 127 	 Ey 	 1 	 7.897549e-01 	 1.560000e+03 	 -1.200000e+02 	 2.000000e+00
9 	 128 	 Ey 	 1 	 8.191270e-01 	 1.800000e+03 	 -1.200000e+02 	 2.000000e+00
9 	 129 	 Ey 	 1 	 0.000000e+00 	 -1.800000e+03 	 1.200000e+02 	 2.000000e+00
9 	 130 	 Ey 	 1 	 0.000000e+00 	 -1.560000e+03 	 1.200000e+02 	 2.000000e+00
9 	 131 	 Ey 	 1 	 0.000000e+00 	 -1.320000e+03 	 1.200000e+02 	 2.000000e+00
9 	 132 	 Ey 	 1 	 1.440660e+00 	 -1.080000e+03 	 1.200000e+02 	 2.000000e+00
9 	 133 	 Ey 	 1 	 9.111915e-01 	 -8.400000e+02 	 1.200000e+02 	 2.000000e+00
9 	 134 	 Ey 	 1 	 1.235803e+00 	 -6.000000e+02 	 1.200000e+02 	 2.000000e+00
9 	 135 	 Ey 	 1 	 1.082035e+00 	 -3.600000e+02 	 1.200000e+02 	 2.000000e+00
9 	 136 	 Ey 	 1 	 2.840100e+00 	 -1.200000e+02 	 1.200000e+02 	 2.000000e+00
9 	 137 	 Ey 	 1 	 1.192797e+00 	 1.200000e+02 	 1.200000e+02 	 2.000000e+00
9 	 138 	 Ey 	 1 	 4.227099e-01 	 3.600000e+02 	 1.200000e+02 	 2.000000e+00
9 	 139 	 Ey 	 1 	 2.035682e+00 	 6.000000e+02 	 1.200000e+02 	 2.000000e+00
9 	 140 	 Ey 	 1 	 8.329266e-01 	 8.400000e+02 	 1.200000e+02 	 2.000000e+00
9 	 141 	 Ey 	 1 	 4.222555e-01 	 1.080000e+03 	 1.200000e+02 	 2.000000e+00
9 	 142 	 Ey 	 1 	 1.153991e+00 	 1.320000e+03 	 1.200000e+02 	 2.000000e+00
9 	 143 	 Ey 	 1 	 1.358836e+00 	 1.560000e+03 	 1.200000e+02 	 2.000000e+00
9 	 144 	 Ey 	 1 	 2.864779e-01 	 1.800000e+03 	 1.200000e+02 	 2.000000e+00
9 	 145 	 Ey 	 1 	 0.000000e+00 	 -1.800000e+03 	 3.600000e+02 	 2.000000e+00
9 	 146 	 Ey 	 1 	 0.000000e+00 	 -1.560000e+03 	 3.600000e+02 	 2.000000e+00
9 	 147 	 Ey 	 1 	 0.000000e+00 	 -1.320000e+03 	 3.600000e+02 	 2.000000e+00
9 	 148 	 Ey 	 1 	 0.000000e+00 	 -1.080000e+03 	 3.600000e+02 	 2.000000e+00
9 	 149 	 Ey 	 1 	 5.746951e-01 	 -8.400000e+02 	 3.600000e+02 	 2.000000e+00
9 	 150 	 Ey 	 1 	 1.196471e+00 	 -6.000000e+02 	 3.600000e+02 	 2.000000e+00
9 	 151 	 Ey 	 1 	 1.900821e+00 	 -3.600000e+02 	 3.600000e+02 	 2.000000e+00
9 	 152 	 Ey 	 1 	 1.884633e+00 	 -1.200000e+02 	 3.600000e+02 	 2.000000e+00
9 	 153 	 Ey 	 1 	 8.987692e-01 	 1.200000e+02 	 3.600000e+02 	 2.000000e+00
9 	 154 	 Ey 	 1 	 8.872579e-01 	 3.600000e+02 	 3.600000e+02 	 2.000000e+00
9 	 155 	 Ey 	 1 	 6.268938e-02 	 6.000000e+02 	 3.600000e+02 	 2.000000e+00
9 	 156 	 Ey 	 1 	 1.719421e+00 	 8.400000e+02 	 3.600000e+02 	 2.000000e+00
9 	 157 	 Ey 	 1 	 6.581854e-01 	 1.080000e+03 	 3.600000e+02 	 2.000000e+00
9 	 158 	 Ey 	 1 	 5.797210e-01 	 1.320000e+03 	 3.600000e+02 	 2.000000e+00
9 	 159 	 Ey 	 1 	 6.510766e-01 	 1.560000e+03 	 3.600000e+02 	 2.000000e+00
9 	 160 	 Ey 	 1 	 1.714792e+00 	 1.800000e+03 	 3.600000e+02 	 2.000000e+00
9 	 161 	 Ey 	 1 	 0.000000e+00 	 -1.800000e+03 	 6.000000e+02 	 2.000000e+00
9 	 162 	 Ey 	 1 	 0.000000e+00 	 -1.560000e+03 	 6.000000e+02 	 2.000000e+00
9 	 163 	 Ey 	 1 	 0.000000e+00 	 -1.320000e+03 	 6.000000e+02 	 2.000000e+00
9 	 164 	 Ey 	 1 	 0.000000e+00 	 -1.080000e+03 	 6.000000e+02 	 2.000000e+00
9 	 165 	 Ey 	 1 	 1.963616e+00 	 -8.400000e+02 	 6.000000e+02 	 2.000000e+00
9 	 166 	 Ey 	 1 	 8.564168e-01 	 -6.000000e+02 	 6.000000e+02 	 2.000000e+00
9 	 167 	 Ey 	 1 	 1.169621e+00 	 -3.600000e+02 	 6.000000e+02 	 2.000000e+00
9 	 168 	 Ey 	 1 	 1.728890e+00 	 -1.200000e+02 	 6.000000e+02 	 2.000000e+00
9 	 169 	 Ey 	 1 	 1.693048e+00 	 1.200000e+02 	 6.000000e+02 	 2.000000e+00
9 	 170 	 Ey 	 1 	 1.033026e+00 	 3.600000e+02 	 6.000000e+02 	 2.000000e+00
9 	 171 	 Ey 	 1 	 1.266440e+00 	 6.000000e+02 	 6.000000e+02 	 2.000000e+00
9 	 172 	 Ey 	 1 	 1.309998e+00 	 8.400000e+02 	 6.000000e+02 	 2.000000e+00
9 	 173 	 Ey 	 1 	 9.278282e-01 	 1.080000e+03 	 6.000000e+02 	 2.000000e+00
9 	 174 	 Ey 	 1 	 1.080418e+00 	 1.320000e+03 	 6.000000e+02 	 2.000000e+00
9 	 175 	 Ey 	 1 	 5.179072e-01 	 1.560000e+03 	 6.000000e+02 	 2.000000e+00
9 	 176 	 Ey 	 1 	 1.122693e-01 	 1.800000e+03 	 6.000000e+02 	 2.000000e+00
9 	 177 	 Ey 	 1 	 0.000000e+00 	 -1.800000e+03 	 8.400000e+02 	 2.000000e+00
9 	 178 	 Ey 	 1 	 0.000000e+00 	 -1.560000e+03 	 8.400000e+02 	 2.000000e+00
9 	 179 	 Ey 	 1 	 0.000000e+00 	 -1.320000e+03 	 8.400000e+02 	 2.000000e+00
9 	 180 	 Ey 	 1 	 9.851400e-01 	 -1.080000e+03 	 8.400000e+02 	 2.000000e+00
9 	 181 	 Ey 	 1 	 2.014476e+00 	 -8.400000e+02 	 8.400000e+02 	 2.000000e+00
9 	 182 	 Ey 	 1 	 1.303294e+00 	 -6.000000e+02 	 8.400000e+02 	 2.000000e+00
9 	 183 	 Ey 	 1 	 2.629046e+00 	 -3.600000e+02 	 8.400000e+02 	 2.000000e+00
9 	 184 	 Ey 	 1 	 1.495836e+00 	 -1.200000e+02 	 8.400000e+02 	 2.000000e+00
9 	 185 	 Ey 	 1 	 1.416589e+00 	 1.200000e+02 	 8.400000e+02 	 2.000000e+00
9 	 186 	 Ey 	 1 	 1.576051e+00 	 3.600000e+02 	 8.400000e+02 	 2.000000e+00
9 	 187 	 Ey 	 1 	 2.938707e-01 	 6.000000e+02 	 8.400000e+02 	 2.000000e+00
9 	 188 	 Ey 	 1 	 4.180316e-01 	 8.400000e+02 	 8.400000e+02 	 2.000000e+00
9 	 189 	 Ey 	 1 	 9.299124e-01 	 1.080000e+03 	 8.400000e+02 	 2.000000e+00
9 	 190 	 Ey 	 1 	 1.120693e+00 	 1.320000e+03 	 8.400000e+02 	 2.000000e+00
9 	 191 	 Ey 	 1 	 8.587039e-01 	 1.560000e+03 	 8.400000e+02 	 2.000000e+00
9 	 192 	 Ey 	 1 	 1.467004e+00 	 1.800000e+03 	 8.400000e+02 	 2.000000e+00
9 	 193 	 Ey 	 1 	 0.000000e+00 	 -1.800000e+03 	 1.080000e+03 	 2.000000e+00
9 	 194 	 Ey 	 1 	 0.000000e+00 	 -1.560000e+03 	 1.080000e+03 	 2.000000e+00
9 	 195 	 Ey 	 1 	 1.590880e+00 	 -1.320000e+03 	 1.080000e+03 	 2.000000e+00
9 	 196 	 Ey 	 1 	 7.506968e-01 	 -1.080000e+03 	 1.080000e+03 	 2.000000e+00
9 	 197 	 Ey 	 1 	 9.535363e-01 	 -8.400000e+02 	 1.080000e+03 	 2.000000e+00
9 	 198 	 Ey 	 1 	 1.015205e+00 	 -6.000000e+02 	 1.080000e+03 	 2.000000e+00
9 	 199 	 Ey 	 1 	 3.472162e+00 	 -3.600000e+02 	 1.080000e+03 	 2.000000e+00
9 	 200 	 Ey 	 1 	 2.040687e+00 	 -1.200000e+02 	 1.080000e+03 	 2.000000e+00
9 	 201 	 Ey 	 1 	 8.227833e-01 	 1.200000e+02 	 1.080000e+03 	 2.000000e+00
9 	 202 	 Ey 	 1 	 9.725272e-01 	 3.600000e+02 	 1.080000e+03 	 2.000000e+00
9 	 203 	 Ey 	 1 	 4.390389e-01 	 6.000000e+02 	 1.080000e+03 	 2.000000e+00
9 	 204 	 Ey 	 1 	 1.910516e-01 	 8.400000e+02 	 1.080000e+03 	 2.000000e+00
9 	 205 	 Ey 	 1 	 1.561769e+00 	 1.080000e+03 	 1.080000e+03 	 2.000000e+00
9 	 206 	 Ey 	 1 	 1.922709e-01 	 1.320000e+03 	 1.080000e+03 	 2.000000e+00
9 	 207 	 Ey 	 1 	 1.762849e+00 	 1.560000e+03 	 1.080000e+03 	 2.000000e+00
9 	 208 	 Ey 	 1 	 8.392059e-01 	 1.800000e+03 	 1.080000e+03 	 2.000000e+00
9 	 209 	 Ey 	 1 	 4.062455e-01 	 -1.800000e+03 	 1.320000e+03 	 2.000000e+00
9 	 210 	 Ey 	 1 	 1.085207e-01 	 -1.560000e+03 	 1.320000e+03 	 2.000000e+00
9 	 211 	 Ey 	 1 	 1.589674e+00 	 -1.320000e+03 	 1.320000e+03 	 2.000000e+00
9 	 212 	 Ey 	 1 	 1.342013e+00 	 -1.080000e+03 	 1.320000e+03 	 2.000000e+00
9 	 213 	 Ey 	 1 	 5.844808e-01 	 -8.400000e+02 	 1.320000e+03 	 2.000000e+00
9 	 214 	 Ey 	 1 	 5.920762e-01 	 -6.000000e+02 	 1.320000e+03 	 2.000000e+00
9 	 215 	 Ey 	 1 	 9.332961e-01 	 -3.600000e+02 	 1.320000e+03 	 2.000000e+00
9 	 216 	 Ey 	 1 	 1.397477e-01 	 -1.200000e+02 	 1.320000e+03 	 2.000000e+00
9 	 217 	 Ey 	 1 	 2.250812e+00 	 1.200000e+02 	 1.320000e+03 	 2.000000e+00
9 	 218 	 Ey 	 1 	 1.177979e+00 	 3.600000e+02 	 1.320000e+03 	 2.000000e+00
9 	 219 	 Ey 	 1 	 1.237043e+00 	 6.000000e+02 	 1.320000e+03 	 2.000000e+00
9 	 220 	 Ey 	 1 	 6.982836e-01 	 8.400000e+02 	 1.320000e+03 	 2.000000e+00
9 	 221 	 Ey 	 1 	 1.766292e+00 	 1.080000e+03 	 1.320000e+03 	 2.000000e+00
9 	 222 	 Ey 	 1 	 1.213624e+00 	 1.320000e+03 	 1.320000e+03 	 2.000000e+00
9 	 223 	 Ey 	 1 	 9.160308e-01 	 1.560000e+03 	 1.320000e+03 	 2.000000e+00
9 	 224 	 Ey 	 1 	 1.268839e+00 	 1.800000e+03 	 1.320000e+03 	 2.000000e+00
9 	 225 	 Ey 	 1 	 4.968058e-01 	 -1.800000e+03 	 1.560000e+03 	 2.000000e+00
9 	 226 	 Ey 	 1 	 8.908090e-01 	 -1.560000e+03 	 1.560000e+03 	 2.000000e+00
9 	 227 	 Ey 	 1 	 8.711162e-01 	 -1.320000e+03 	 1.560000e+03 	 2.000000e+00
9 	 228 	 Ey 	 1 	 5.171257e-01 	 -1.080000e+03 	 1.560000e+03 	 2.000000e+00
9 	 229 	 Ey 	 1 	 5.619266e-01 	 -8.400000e+02 	 1.560000e+03 	 2.000000e+00
9 	 230 	 Ey 	 1 	 1.562840e+00 	 -6.000000e+02 	 1.560000e+03 	 2.000000e+00
9 	 231 	 Ey 	 1 	 9.605132e-01 	 -3.600000e+02 	 1.560000e+03 	 2.000000e+00
9 	 232 	 Ey 	 1 	 2.674092e+00 	 -1.200000e+02 	 1.560000e+03 	 2.000000e+00
9 	 233 	 Ey 	 1 	 1.130249e+00 	 1.200000e+02 	 1.560000e+03 	 2.000000e+00
9 	 234 	 Ey 	 1 	 7.638588e-01 	 3.600000e+02 	 1.560000e+03 	 2.000000e+00
9 	 235 	 Ey 	 1 	 2.930820e-01 	 6.000000e+02 	 1.560000e+03 	 2.000000e+00
9 	 236 	 Ey 	 1 	 4.259368e-01 	 8.400000e+02 	 1.560000e+03 	 2.000000e+00
9 	 237 	 Ey 	 1 	 1.254609e+00 	 1.080000e+03 	 1.560000e+03 	 2.000000e+00
9 	 238 	 Ey 	 1 	 1.876936e+00 	 1.320000e+03 	 1.560000e+03 	 2.000000e+00
9 	 239 	 Ey 	 1 	 4.666559e-01 	 1.560000e+03 	 1.560000e+03 	 2.000000e+00
9 	 240 	 Ey 	 1 	 1.228846e+00 	 1.800000e+03 	 1.560000e+03 	 2.000000e+00
9 	 241 	 Ey 	 1 	 8.741324e-01 	 -1.800000e+03 	 1.800000e+03 	 2.000000e+00
9 	 242 	 Ey 	 1 	 9.737320e-01 	 -1.560000e+03 	 1.800000e+03 	 2.000000e+00
9 	 243 	 Ey 	 1 	 1.772561e+00 	 -1.320000e+03 	 1.800000e+03 	 2.000000e+00
9 	 244 	 Ey 	 1 	 1.457326e+00 	 -1.080000e+03 	 1.800000e+03 	 2.000000e+00
9 	 245 	 Ey 	 1 	 6.390221e-01 	 -8.400000e+02 	 1.800000e+03 	 2.000000e+00
9 	 246 	 Ey 	 1 	 4.102519e-01 	 -6.000000e+02 	 1.800000e+03 	 2.000000e+00
9 	 247 	 Ey 	 1 	 3.598371e-01 	 -3.600000e+02 	 1.800000e+03 	 2.000000e+00
9 	 248 	 Ey 	 1 	 3.479787e-01 	 -1.200000e+02 	 1.800000e+03 	 2.000000e+00
9 	 249 	 Ey 	 1 	 1.846088e+00 	 1.200000e+02 	 1.800000e+03 	 2.000000e+00
9 	 250 	 Ey 	 1 	 1.391503e+00 	 3.600000e+02 	 1.800000e+03 	 2.000000e+00
9 	 251 	 Ey 	 1 	 7.019283e-01 	 6.000000e+02 	 1.800000e+03 	 2.000000e+00
9 	 252 	 Ey 	 1 	 1.304203e+00 	 8.400000e+02 	 1.800000e+03 	 2.000000e+00
9 	 253 	 Ey 	 1 	 1.932635e+00 	 1.080000e+03 	 1.800000e+03 	 2.000000e+00
9 	 254 	 Ey 	 1 	 1.102335e+00 	 1.320000e+03 	 1.800000e+03 	 2.000000e+00
9 	 255 	 Ey 	 1 	 5.668070e-01 	 1.560000e+03 	 1.800000e+03 	 2.000000e+00
9 	 256 	 Ey 	 1 	 9.007087e-01 	 1.800000e+03 	 1.800000e+03 	 2.000000e+00
9 	 1 	 Ey 	 2 	 1.911968e+00 	 -1.800000e+03 	 -1.800000e+03 	 2.000000e+00
9 	 2 	 Ey 	 2 	 6.156308e-01 	 -1.560000e+03 	 -1.800000e+03 	 2.000000e+00
9 	 3 	 Ey 	 2 	 4.026487e-01 	 -1.320000e+03 	 -1.800000e+03 	 2.000000e+00
9 	 4 	 Ey 	 2 	 8.529403e-01 	 -1.080000e+03 	 -1.800000e+03 	 2.000000e+00
9 	 5 	 Ey 	 2 	 7.622756e-01 	 -8.400000e+02 	 -1.800000e+03 	 2.000000e+00
9 	 6 	 Ey 	 2 	 1.533520e+00 	 -6.000000e+02 	 -1.800000e+03 	 2.000000e+00
9 	 7 	 Ey 	 2 	 1.755154e+00 	 -3.600000e+02 	 -1.800000e+03 	 2.000000e+00
9 	 8 	 Ey 	 2 	 1.549882e+00 	 -1.200000e+02 	 -1.800000e+03 	 2.000000e+00
9 	 9 	 Ey 	 2 	 1.638269e+00 	 1.200000e+02 	 -1.800000e+03 	 2.000000e+00
9 	 10 	 Ey 	 2 	 8.044101e-01 	 3.600000e+02 	 -1.800000e+03 	 2.000000e+00
9 	 11 	 Ey 	 2 	 4.997577e-01 	 6.000000e+02 	 -1.800000e+03 	 2.000000e+00
9 	 12 	 Ey 	 2 	 1.649691e+00 	 8.400000e+02 	 -1.800000e+03 	 2.000000e+00
9 	 13 	 Ey 	 2 	 7.460088e-01 	 1.080000e+03 	 -1.800000e+03 	 2.000000e+00
9 	 14 	 Ey 	 2 	 8.369920e-01 	 1.320000e+03 	 -1.800000e+03 	 2.000000e+00
9 	 15 	 Ey 	 2 	 2.329313e-01 	 1.560000e+03 	 -1.800000e+03 	 2.000000e+00
9 	 16 	 Ey 	 2 	 9.881978e-01 	 1.800000e+03 	 -1.800000e+03 	 2.000000e+00
9 	 17 	 Ey 	 2 	 1.642072e-01 	 -1.800000e+03 	 -1.560000e+03 	 2.000000e+00
9 	 18 	 Ey 	 2 	 1.315462e+00 	 -1.560000e+03 	 -1.560000e+03 	 2.000000e+00
9 	 19 	 Ey 	 2 	 5.980794e-01 	 -1.320000e+03 	 -1.560000e+03 	 2.000000e+00
9 	 20 	 Ey 	 2 	 1.043692e+00 	 -1.080000e+03 	 -1.560000e+03 	 2.000000e+00
9 	 21 	 Ey 	 2 	 2.919881e-01 	 -8.400000e+02 	 -1.560000e+03 	 2.000000e+00
9 	 22 	 Ey 	 2 	 1.695992e+00 	 -6.000000e+02 	 -1.560000e+03 	 2.000000e+00
9 	 23 	 Ey 	 2 	 6.993911e-01 	 -3.600000e+02 	 -1.560000e+03 	 2.000000e+00
9 	 24 	 Ey 	 2 	 1.016036e+00 	 -1.200000e+02 	 -1.560000e+03 	 2.000000e+00
9 	 25 	 Ey 	 2 	 1.698200e+00 	 1.200000e+02 	 -1.560000e+03 	 2.000000e+00
9 	 26 	 Ey 	 2 	 1.773648e-01 	 3.600000e+02 	 -1.560000e+03 	 2.000000e+00
9 	 27 	 Ey 	 2 	 2.236214e+00 	 6.000000e+02 	 -1.560000e+03 	 2.000000e+00
9 	 28 	 Ey 	 2 	 1.034796e+00 	 8.400000e+02 	 -1.560000e+03 	 2.000000e+00
9 	 29 	 Ey 	 2 	 5.336798e-01 	 1.080000e+03 	 -1.560000e+03 	 2.000000e+00
9 	 30 	 Ey 	 2 	 1.358038e+00 	 1.320000e+03 	 -1.560000e+03 	 2.000000e+00
9 	 31 	 Ey 	 2 	 1.886812e+00 	 1.560000e+03 	 -1.560000e+03 	 2.000000e+00
9 	 32 	 Ey 	 2 	 3.315032e-01 	 1.800000e+03 	 -1.560000e+03 	 2.000000e+00
9 	 33 	 Ey 	 2 	 1.345900e+00 	 -1.800000e+03 	 -1.320000e+03 	 2.000000e+00
9 	 34 	 Ey 	 2 	 1.150395e+00 	 -1.560000e+03 	 -1.320000e+03 	 2.000000e+00
9 	 35 	 Ey 	 2 	 9.121913e-01 	 -1.320000e+03 	 -1.320000e+03 	 2.000000e+00
9 	 36 	 Ey 	 2 	 9.444563e-01 	 -1.080000e+03 	 -1.320000e+03 	 2.000000e+00
9 	 37 	 Ey 	 2 	 1.025327e+00 	 -8.400000e+02 	 -1.320000e+03 	 2.000000e+00
9 	 38 	 Ey 	 2 	 1.280370e+00 	 -6.000000e+02 	 -1.320000e+03 	 2.000000e+00
9 	 39 	 Ey 	 2 	 1.455649e+00 	 -3.600000e+02 	 -1.320000e+03 	 2.000000e+00
9 	 40 	 Ey 	 2 	 1.995815e+00 	 -1.200000e+02 	 -1.320000e+03 	 2.000000e+00
9 	 41 	 Ey 	 2 	 1.744300e+00 	 1.200000e+02 	 -1.320000e+03 	 2.000000e+00
9 	 42 	 Ey 	 2 	 1.972680e+00 	 3.600000e+02 	 -1.320000e+03 	 2.000000e+00
9 	 43 	 Ey 	 2 	 1.970102e+00 	 6.000000e+02 	 -1.320000e+03 	 2.000000e+00
9 	 44 	 Ey 	 2 	 2.354010e+00 	 8.400000e+02 	 -1.320000e+03 	 2.000000e+00
9 	 45 	 Ey 	 2 	 8.881178e-01 	 1.080000e+03 	 -1.320000e+03 	 2.000000e+00
9 	 46 	 Ey 	 2 	 9.358903e-01 	 1.320000e+03 	 -1.320000e+03 	 2.000000e+00
9 	 47 	 Ey 	 2 	 2.001461e+00 	 1.560000e+03 	 -1.320000e+03 	 2.000000e+00
9 	 48 	 Ey 	 2 	 1.193265e+00 	 1.800000e+03 	 -1.320000e+03 	 2.000000e+00
9 	 49 	 Ey 	 2 	 2.452013e-01 	 -1.800000e+03 	 -1.080000e+03 	 2.000000e+00
9 	 50 	 Ey 	 2 	 1.267819e+00 	 -1.560000e+03 	 -1.080000e+03 	 2.000000e+00
9 	 51 	 Ey 	 2 	 9.763288e-01 	 -1.320000e+03 	 -1.080000e+03 	 2.000000e+00
9 	 52 	 Ey 	 2 	 1.079055e+00 	 -1.080000e+03 	 -1.080000e+03 	 2.000000e+00
9 	 53 	 Ey 	 2 	 5.607832e-01 	 -8.400000e+02 	 -1.080000e+03 	 2.000000e+00
9 	 54 	 Ey 	 2 	 1.005468e+00 	 -6.000000e+02 	 -1.080000e+03 	 2.000000e+00
9 	 55 	 Ey 	 2 	 5.072802e-01 	 -3.600000e+02 	 -1.080000e+03 	 2.000000e+00
9 	 56 	 Ey 	 2 	 1.256060e+00 	 -1.200000e+02 	 -1.080000e+03 	 2.000000e+00
9 	 57 	 Ey 	 2 	 1.566624e-01 	 1.200000e+02 	 -1.080000e+03 	 2.000000e+00
9 	 58 	 Ey 	 2 	 4.687668e-01 	 3.600000e+02 	 -1.080000e+03 	 2.000000e+00
9 	 59 	 Ey 	 2 	 1.744426e+00 	 6.000000e+02 	 -1.080000e+03 	 2.000000e+00
9 	 60 	 Ey 	 2 	 1.929388e+00 	 8.400000e+02 	 -1.080000e+03 	 2.000000e+00
9 	 61 	 Ey 	 2 	 9.626241e-01 	 1.080000e+03 	 -1.080000e+03 	 2.000000e+00
9 	 62 	 Ey 	 2 	 2.137165e+00 	 1.320000e+03 	 -1.080000e+03 	 2.000000e+00
9 	 63 	 Ey 	 2 	 1.032576e+00 	 1.560000e+03 	 -1.080000e+03 	 2.000000e+00
9 	 64 	 Ey 	 2 	 2.263491e+00 	 1.800000e+03 	 -1.080000e+03 	 2.000000e+00
9 	 65 	 Ey 	 2 	 5.001966e-01 	 -1.800000e+03 	 -8.400000e+02 	 2.000000e+00
9 	 66 	 Ey 	 2 	 8.455868e-01 	 -1.560000e+03 	 -8.400000e+02 	 2.000000e+00
9 	 67 	 Ey 	 2 	 1.534814e+00 	 -1.320000e+03 	 -8.400000e+02 	 2.000000e+00
9 	 68 	 Ey 	 2 	 9.199799e-01 	 -1.080000e+03 	 -8.400000e+02 	 2.000000e+00
9 	 69 	 Ey 	 2 	 6.131563e-01 	 -8.400000e+02 	 -8.400000e+02 	 2.000000e+00
9 	 70 	 Ey 	 2 	 1.470484e+00 	 -6.000000e+02 	 -8.400000e+02 	 2.000000e+00
9 	 71 	 Ey 	 2 	 1.053891e+00 	 -3.600000e+02 	 -8.400000e+02 	 2.000000e+00
9 	 72 	 Ey 	 2 	 1.597278e+00 	 -1.200000e+02 	 -8.400000e+02 	 2.000000e+00
9 	 73 	 Ey 	 2 	 4.197789e-01 	 1.200000e+02 	 -8.400000e+02 	 2.000000e+00
9 	 74 	 Ey 	 2 	 1.159781e+00 	 3.600000e+02 	 -8.400000e+02 	 2.000000e+00
9 	 75 	 Ey 	 2 	 2.475570e+00 	 6.000000e+02 	 -8.400000e+02 	 2.000000e+00
9 	 76 	 Ey 	 2 	 2.644908e+00 	 8.400000e+02 	 -8.400000e+02 	 2.000000e+00
9 	 77 	 Ey 	 2 	 1.128906e+00 	 1.080000e+03 	 -8.400000e+02 	 2.000000e+00
9 	 78 	 Ey 	 2 	 2.179037e+00 	 1.320000e+03 	 -8.400000e+02 	 2.000000e+00
9 	 79 	 Ey 	 2 	 1.222245e+00 	 1.560000e+03 	 -8.400000e+02 	 2.000000e+00
9 	 80 	 Ey 	 2 	 2.283886e+00 	 1.800000e+03 	 -8.400000e+02 	 2.000000e+00
9 	 81 	 Ey 	 2 	 1.195775e+00 	 -1.800000e+03 	 -6.000000e+02 	 2.000000e+00
9 	 82 	 Ey 	 2 	 1.330260e+00 	 -1.560000e+03 	 -6.000000e+02 	 2.000000e+00
9 	 83 	 Ey 	 2 	 4.988010e-01 	 -1.320000e+03 	 -6.000000e+02 	 2.000000e+00
9 	 84 	 Ey 	 2 	 1.003566e+00 	 -1.080000e+03 	 -6.000000e+02 	 2.000000e+00
9 	 85 	 Ey 	 2 	 3.794853e-01 	 -8.400000e+02 	 -6.000000e+02 	 2.000000e+00
9 	 86 	 Ey 	 2 	 3.221866e+00 	 -6.000000e+02 	 -6.000000e+02 	 2.000000e+00
9 	 87 	 Ey 	 2 	 1.812613e+00 	 -3.600000e+02 	 -6.000000e+02 	 2.000000e+00
9 	 88 	 Ey 	 2 	 5.238013e-01 	 -1.200000e+02 	 -6.000000e+02 	 2.000000e+00
9 	 89 	 Ey 	 2 	 1.873209e+00 	 1.200000e+02 	 -6.000000e+02 	 2.000000e+00
9 	 90 	 Ey 	 2 	 1.622763e+00 	 3.600000e+02 	 -6.000000e+02 	 2.000000e+00
9 	 91 	 Ey 	 2 	 1.625810e+00 	 6.000000e+02 	 -6.000000e+02 	 2.000000e+00
9 	 92 	 Ey 	 2 	 9.406896e-01 	 8.400000e+02 	 -6.000000e+02 	 2.000000e+00
9 	 93 	 Ey 	 2 	 2.148338e+00 	 1.080000e+03 	 -6.000000e+02 	 2.000000e+00
9 	 94 	 Ey 	 2 	 4.257308e-01 	 1.320000e+03 	 -6.000000e+02 	 2.000000e+00
9 	 95 	 Ey 	 2 	 2.487224e+00 	 1.560000e+03 	 -6.000000e+02 	 2.000000e+00
9 	 96 	 Ey 	 2 	 1.873591e+00 	 1.800000e+03 	 -6.000000e+02 	 2.000000e+00
9 	 97 	 Ey 	 2 	 1.896495e+00 	 -1.800000e+03 	 -3.600000e+02 	 2.000000e+00
9 	 98 	 Ey 	 2 	 1.036530e+00 	 -1.560000e+03 	 -3.600000e+02 	 2.000000e+00
9 	 99 	 Ey 	 2 	 1.482378e+00 	 -1.320000e+03 	 -3.600000e+02 	 2.000000e+00
9 	 100 	 Ey 	 2 	 2.298608e-01 	 -1.080000e+03 	 -3.600000e+02 	 2.000000e+00
9 	 101 	 Ey 	 2 	 1.528632e+00 	 -8.400000e+02 	 -3.600000e+02 	 2.000000e+00
9 	 102 	 Ey 	 2 	 9.232625e-01 	 -6.000000e+02 	 -3.600000e+02 	 2.000000e+00
9 	 103 	 Ey 	 2 	 2.027734e+00 	 -3.600000e+02 	 -3.600000e+02 	 2.000000e+00
9 	 104 	 Ey 	 2 	 1.795111e+00 	 -1.200000e+02 	 -3.600000e+02 	 2.000000e+00
9 	 105 	 Ey 	 2 	 2.615062e+00 	 1.200000e+02 	 -3.600000e+02 	 2.000000e+00
9 	 106 	 Ey 	 2 	 1.440637e+00 	 3.600000e+02 	 -3.600000e+02 	 2.000000e+00
9 	 107 	 Ey 	 2 	 1.764858e+00 	 6.000000e+02 	 -3.600000e+02 	 2.000000e+00
9 	 108 	 Ey 	 2 	 7.878589e-01 	 8.400000e+02 	 -3.600000e+02 	 2.000000e+00
9 	 109 	 Ey 	 2 	 2.812254e+00 	 1.080000e+03 	 -3.600000e+02 	 2.000000e+00
9 	 110 	 Ey 	 2 	 1.304162e+00 	 1.320000e+03 	 -3.600000e+02 	 2.000000e+00
9 	 111 	 Ey 	 2 	 1.638196e+00 	 1.560000e+03 	 -3.600000e+02 	 2.000000e+00
9 	 112 	 Ey 	 2 	 1.748770e+00 	 1.800000e+03 	 -3.600000e+02 	 2.000000e+00
9 	 113 	 Ey 	 2 	 8.261395e-01 	 -1.800000e+03 	 -1.200000e+02 	 2.000000e+00
9 	 114 	 Ey 	 2 	 9.048235e-01 	 -1.560000e+03 	 -1.200000e+02 	 2.000000e+00
9 	 115 	 Ey 	 2 	 9.007484e-01 	 -1.320000e+03 	 -1.200000e+02 	 2.000000e+00
9 	 116 	 Ey 	 2 	 6.274424e-01 	 -1.080000e+03 	 -1.200000e+02 	 2.000000e+00
9 	 117 	 Ey 	 2 	 7.769167e-01 	 -8.400000e+02 	 -1.200000e+02 	 2.000000e+00
9 	 118 	 Ey 	 2 	 1.109245e+00 	 -6.000000e+02 	 -1.200000e+02 	 2.000000e+00
9 	 119 	 Ey 	 2 	 3.009979e+00 	 -3.600000e+02 	 -1.200000e+02 	 2.000000e+00
9 	 120 	 Ey 	 2 	 2.708091e+00 	 -1.200000e+02 	 -1.200000e+02 	 2.000000e+00
9 	 121 	 Ey 	 2 	 5.039644e-01 	 1.200000e+02 	 -1.200000e+02 	 2.000000e+00
9 	 122 	 Ey 	 2 	 8.548985e-01 	 3.600000e+02 	 -1.200000e+02 	 2.000000e+00
9 	 123 	 Ey 	 2 	 2.367084e+00 	 6.000000e+02 	 -1.200000e+02 	 2.000000e+00
9 	 124 	 Ey 	 2 	 1.512862e+00 	 8.400000e+02 	 -1.200000e+02 	 2.000000e+00
9 	 125 	 Ey 	 2 	 1.892619e+00 	 1.080000e+03 	 -1.200000e+02 	 2.000000e+00
9 	 126 	 Ey 	 2 	 1.823099e+00 	 1.320000e+03 	 -1.200000e+02 	 2.000000e+00
9 	 127 	 Ey 	 2 	 2.777074e+00 	 1.560000e+03 	 -1.200000e+02 	 2.000000e+00
9 	 128 	 Ey 	 2 	 1.215988e+00 	 1.800000e+03 	 -1.200000e+02 	 2.000000e+00
9 	 129 	 Ey 	 2 	 0.000000e+00 	 -1.800000e+03 	 1.200000e+02 	 2.000000e+00
9 	 130 	 Ey 	 2 	 0.000000e+00 	 -1.560000e+03 	 1.200000e+02 	 2.000000e+00
9 	 131 	 Ey 	 2 	 0.000000e+00 	 -1.320000e+03 	 1.200000e+02 	 2.000000e+00
9 	 132 	 Ey 	 2 	 1.207533e+00 	 -1.080000e+03 	 1.200000e+02 	 2.000000e+00
9 	 133 	 Ey 	 2 	 2.037987e+00 	 -8.400000e+02 	 1.200000e+02 	 2.000000e+00
9 	 134 	 Ey 	 2 	 1.252845e+00 	 -6.000000e+02 	 1.200000e+02 	 2.000000e+00
9 	 135 	 Ey 	 2 	 1.497450e+00 	 -3.600000e+02 	 1.200000e+02 	 2.000000e+00
9 	 136 	 Ey 	 2 	 1.367557e+00 	 -1.200000e+02 	 1.200000e+02 	 2.000000e+00
9 	 137 	 Ey 	 2 	 1.105484e+00 	 1.200000e+02 	 1.200000e+02 	 2.000000e+00
9 	 138 	 Ey 	 2 	 9.607956e-01 	 3.600000e+02 	 1.200000e+02 	 2.000000e+00
9 	 139 	 Ey 	 2 	 8.662449e-01 	 6.000000e+02 	 1.200000e+02 	 2.000000e+00
9 	 140 	 Ey 	 2 	 6.759471e-01 	 8.400000e+02 	 1.200000e+02 	 2.000000e+00
9 	 141 	 Ey 	 2 	 3.241010e+00 	 1.080000e+03 	 1.200000e+02 	 2.000000e+00
9 	 142 	 Ey 	 2 	 2.686670e+00 	 1.320000e+03 	 1.200000e+02 	 2.000000e+00
9 	 143 	 Ey 	 2 	 6.755955e-01 	 1.560000e+03 	 1.200000e+02 	 2.000000e+00
9 	 144 	 Ey 	 2 	 1.445428e+00 	 1.800000e+03 	 1.200000e+02 	 2.000000e+00
9 	 145 	 Ey 	 2 	 0.000000e+00 	 -1.800000e+03 	 3.600000e+02 	 2.000000e+00
9 	 146 	 Ey 	 2 	 0.000000e+00 	 -1.560000e+03 	 3.600000e+02 	 2.000000e+00
9 	 147 	 Ey 	 2 	 0.000000e+00 	 -1.320000e+03 	 3.600000e+02 	 2.000000e+00
9 	 148 	 Ey 	 2 	 0.000000e+00 	 -1.080000e+03 	 3.600000e+02 	 2.000000e+00
9 	 149 	 Ey 	 2 	 6.993601e-01 	 -8.400000e+02 	 3.600000e+02 	 2.000000e+00
9 	 150 	 Ey 	 2 	 1.703929e+00 	 -6.000000e+02 	 3.600000e+02 	 2.000000e+00
9 	 151 	 Ey 	 2 	 8.319372e-01 	 -3.600000e+02 	 3.600000e+02 	 2.000000e+00
9 	 152 	 Ey 	 2 	 2.429207e+00 	 -1.200000e+02 	 3.600000e+02 	 2.000000e+00
9 	 153 	 Ey 	 2 	 6.459147e-01 	 1.200000e+02 	 3.600000e+02 	 2.000000e+00
9 	 154 	 Ey 	 2 	 1.588236e+00 	 3.600000e+02 	 3.600000e+02 	 2.000000e+00
9 	 155 	 Ey 	 2 	 8.401929e-01 	 6.000000e+02 	 3.600000e+02 	 2.000000e+00
9 	 156 	 Ey 	 2 	 7.570643e-01 	 8.400000e+02 	 3.600000e+02 	 2.000000e+00
9 	 157 	 Ey 	 2 	 1.011487e+00 	 1.080000e+03 	 3.600000e+02 	 2.000000e+00
9 	 158 	 Ey 	 2 	 1.600183e+00 	 1.320000e+03 	 3.600000e+02 	 2.000000e+00
9 	 159 	 Ey 	 2 	 1.163206e+00 	 1.560000e+03 	 3.600000e+02 	 2.000000e+00
9 	 160 	 Ey 	 2 	 2.152877e+00 	 1.800000e+03 	 3.600000e+02 	 2.000000e+00
9 	 161 	 Ey 	 2 	 0.000000e+00 	 -1.800000e+03 	 6.000000e+02 	 2.000000e+00
9 	 162 	 Ey 	 2 	 0.000000e+00 	 -1.560000e+03 	 6.000000e+02 	 2.000000e+00
9 	 163 	 Ey 	 2 	 0.000000e+00 	 -1.320000e+03 	 6.000000e+02 	 2.000000e+00
9 	 164 	 Ey 	 2 	 0.000000e+00 	 -1.080000e+03 	 6.000000e+02 	 2.000000e+00
9 	 165 	 Ey 	 2 	 3.675031e-01 	 -8.400000e+02 	 6.000000e+02 	 2.000000e+00
9 	 166 	 Ey 	 2 	 1.368525e+00 	 -6.000000e+02 	 6.000000e+02 	 2.000000e+00
9 	 167 	 Ey 	 2 	 8.929892e-01 	 -3.600000e+02 	 6.000000e+02 	 2.000000e+00
9 	 168 	 Ey 	 2 	 9.147822e-01 	 -1.200000e+02 	 6.000000e+02 	 2.000000e+00
9 	 169 	 Ey 	 2 	 7.846976e-01 	 1.200000e+02 	 6.000000e+02 	 2.000000e+00
9 	 170 	 Ey 	 2 	 9.730822e-01 	 3.600000e+02 	 6.000000e+02 	 2.000000e+00
9 	 171 	 Ey 	 2 	 6.442106e-01 	 6.000000e+02 	 6.000000e+02 	 2.000000e+00
9 	 172 	 Ey 	 2 	 1.776415e+00 	 8.400000e+02 	 6.000000e+02 	 2.000000e+00
9 	 173 	 Ey 	 2 	 4.828413e-01 	 1.080000e+03 	 6.000000e+02 	 2.000000e+00
9 	 174 	 Ey 	 2 	 9.680209e-01 	 1.320000e+03 	 6.000000e+02 	 2.000000e+00
9 	 175 	 Ey 	 2 	 1.496864e+00 	 1.560000e+03 	 6.000000e+02 	 2.000000e+00
9 	 176 	 Ey 	 2 	 1.207232e+00 	 1.800000e+03 	 6.000000e+02 	 2.000000e+00
9 	 177 	 Ey 	 2 	 0.000000e+00 	 -1.800000e+03 	 8.400000e+02 	 2.000000e+00
9 	 178 	 Ey 	 2 	 0.000000e+00 	 -1.560000e+03 	 8.400000e+02 	 2.000000e+00
9 	 179 	 Ey 	 2 	 0.000000e+00 	 -1.320000e+03 	 8.400000e+02 	 2.000000e+00
9 	 180 	 Ey 	 2 	 8.803803e-01 	 -1.080000e+03 	 8.400000e+02 	 2.000000e+00
9 	 181 	 Ey 	 2 	 1.939892e+00 	 -8.400000e+02 	 8.400000e+02 	 2.000000e+00
9 	 182 	 Ey 	 2 	 1.502941e+00 	 -6.000000e+02 	 8.400000e+02 	 2.000000e+00
9 	 183 	 Ey 	 2 	 4.375123e+00 	 -3.600000e+02 	 8.400000e+02 	 2.000000e+00
9 	 184 	 Ey 	 2 	 1.720938e+00 	 -1.200000e+02 	 8.400000e+02 	 2.000000e+00
9 	 185 	 Ey 	 2 	 1.293450e+00 	 1.200000e+02 	 8.400000e+02 	 2.000000e+00
9 	 186 	 Ey 	 2 	 3.441592e-01 	 3.600000e+02 	 8.400000e+02 	 2.000000e+00
9 	 187 	 Ey 	 2 	 7.748851e-01 	 6.000000e+02 	 8.400000e+02 	 2.000000e+00
9 	 188 	 Ey 	 2 	 1.187758e+00 	 8.400000e+02 	 8.400000e+02 	 2.000000e+00
9 	 189 	 Ey 	 2 	 9.264218e-01 	 1.080000e+03 	 8.400000e+02 	 2.000000e+00
9 	 190 	 Ey 	 2 	 1.519921e+00 	 1.320000e+03 	 8.400000e+02 	 2.000000e+00
9 	 191 	 Ey 	 2 	 1.757581e+00 	 1.560000e+03 	 8.400000e+02 	 2.000000e+00
9 	 192 	 Ey 	 2 	 7.647321e-01 	 1.800000e+03 	 8.400000e+02 	 2.000000e+00
9 	 193 	 Ey 	 2 	 0.000000e+00 	 -1.800000e+03 	 1.080000e+03 	 2.000000e+00
9 	 194 	 Ey 	 2 	 0.000000e+00 	 -1.560000e+03 	 1.080000e+03 	 2.000000e+00
9 	 195 	 Ey 	 2 	 6.489406e-01 	 -1.320000e+03 	 1.080000e+03 	 2.000000e+00
9 	 196 	 Ey 	 2 	 1.169011e+00 	 -1.080000e+03 	 1.080000e+03 	 2.000000e+00
9 	 197 	 Ey 	 2 	 7.173066e-01 	 -8.400000e+02 	 1.080000e+03 	 2.000000e+00
9 	 198 	 Ey 	 2 	 1.540895e+00 	 -6.000000e+02 	 1.080000e+03 	 2.000000e+00
9 	 199 	 Ey 	 2 	 3.696215e+00 	 -3.600000e+02 	 1.080000e+03 	 2.000000e+00
9 	 200 	 Ey 	 2 	 8.895916e-01 	 -1.200000e+02 	 1.080000e+03 	 2.000000e+00
9 	 201 	 Ey 	 2 	 4.969932e-01 	 1.200000e+02 	 1.080000e+03 	 2.000000e+00
9 	 202 	 Ey 	 2 	 1.296228e+00 	 3.600000e+02 	 1.080000e+03 	 2.000000e+00
9 	 203 	 Ey 	 2 	 1.506283e+00 	 6.000000e+02 	 1.080000e+03 	 2.000000e+00
9 	 204 	 Ey 	 2 	 6.394547e-01 	 8.400000e+02 	 1.080000e+03 	 2.000000e+00
9 	 205 	 Ey 	 2 	 4.168139e-01 	 1.080000e+03 	 1.080000e+03 	 2.000000e+00
9 	 206 	 Ey 	 2 	 8.776705e-01 	 1.320000e+03 	 1.080000e+03 	 2.000000e+00
9 	 207 	 Ey 	 2 	 6.678384e-01 	 1.560000e+03 	 1.080000e+03 	 2.000000e+00
9 	 208 	 Ey 	 2 	 1.740509e+00 	 1.800000e+03 	 1.080000e+03 	 2.000000e+00
9 	 209 	 Ey 	 2 	 8.918076e-01 	 -1.800000e+03 	 1.320000e+03 	 2.000000e+00
9 	 210 	 Ey 	 2 	 1.408906e+00 	 -1.560000e+03 	 1.320000e+03 	 2.000000e+00
9 	 211 	 Ey 	 2 	 6.183514e-01 	 -1.320000e+03 	 1.320000e+03 	 2.000000e+00
9 	 212 	 Ey 	 2 	 1.911377e+00 	 -1.080000e+03 	 1.320000e+03 	 2.000000e+00
9 	 213 	 Ey 	 2 	 1.169144e+00 	 -8.400000e+02 	 1.320000e+03 	 2.000000e+00
9 	 214 	 Ey 	 2 	 9.378257e-01 	 -6.000000e+02 	 1.320000e+03 	 2.000000e+00
9 	 215 	 Ey 	 2 	 1.559308e+00 	 -3.600000e+02 	 1.320000e+03 	 2.000000e+00
9 	 216 	 Ey 	 2 	 7.018583e-01 	 -1.200000e+02 	 1.320000e+03 	 2.000000e+00
9 	 217 	 Ey 	 2 	 1.024036e+00 	 1.200000e+02 	 1.320000e+03 	 2.000000e+00
9 	 218 	 Ey 	 2 	 7.980652e-01 	 3.600000e+02 	 1.320000e+03 	 2.000000e+00
9 	 219 	 Ey 	 2 	 1.510627e+00 	 6.000000e+02 	 1.320000e+03 	 2.000000e+00
9 	 220 	 Ey 	 2 	 8.019844e-01 	 8.400000e+02 	 1.320000e+03 	 2.000000e+00
9 	 221 	 Ey 	 2 	 8.372135e-01 	 1.080000e+03 	 1.320000e+03 	 2.000000e+00
9 	 222 	 Ey 	 2 	 8.349581e-01 	 1.320000e+03 	 1.320000e+03 	 2.000000e+00
9 	 223 	 Ey 	 2 	 1.210167e+00 	 1.560000e+03 	 1.320000e+03 	 2.000000e+00
9 	 224 	 Ey 	 2 	 6.678948e-01 	 1.800000e+03 	 1.320000e+03 	 2.000000e+00
9 	 225 	 Ey 	 2 	 7.269629e-01 	 -1.800000e+03 	 1.560000e+03 	 2.000000e+00
9 	 226 	 Ey 	 2 	 8.532548e-01 	 -1.560000e+03 	 1.560000e+03 	 2.000000e+00
9 	 227 	 Ey 	 2 	 1.326606e+00 	 -1.320000e+03 	 1.560000e+03 	 2.000000e+00
9 	 228 	 Ey 	 2 	 2.698538e+00 	 -1.080000e+03 	 1.560000e+03 	 2.000000e+00
9 	 229 	 Ey 	 2 	 1.562113e+00 	 -8.400000e+02 	 1.560000e+03 	 2.000000e+00
9 	 230 	 Ey 	 2 	 1.701396e+00 	 -6.000000e+02 	 1.560000e+03 	 2.000000e+00
9 	 231 	 Ey 	 2 	 9.118637e-01 	 -3.600000e+02 	 1.560000e+03 	 2.000000e+00
9 	 232 	 Ey 	 2 	 1.344403e+00 	 -1.200000e+02 	 1.560000e+03 	 2.000000e+00
9 	 233 	 Ey 	 2 	 7.943880e-01 	 1.200000e+02 	 1.560000e+03 	 2.000000e+00
9 	 234 	 Ey 	 2 	 1.100401e+00 	 3.600000e+02 	 1.560000e+03 	 2.000000e+00
9 	 235 	 Ey 	 2 	 8.530798e-01 	 6.000000e+02 	 1.560000e+03 	 2.000000e+00
9 	 236 	 Ey 	 2 	 5.851063e-01 	 8.400000e+02 	 1.560000e+03 	 2.000000e+00
9 	 237 	 Ey 	 2 	 1.630144e+00 	 1.080000e+03 	 1.560000e+03 	 2.000000e+00
9 	 238 	 Ey 	 2 	 1.279844e+00 	 1.320000e+03 	 1.560000e+03 	 2.000000e+00
9 	 239 	 Ey 	 2 	 4.315511e-01 	 1.560000e+03 	 1.560000e+03 	 2.000000e+00
9 	 240 	 Ey 	 2 	 9.189920e-01 	 1.800000e+03 	 1.560000e+03 	 2.000000e+00
9 	 241 	 Ey 	 2 	 6.175949e-01 	 -1.800000e+03 	 1.800000e+03 	 2.000000e+00
9 	 242 	 Ey 	 2 	 4.566433e-01 	 -1.560000e+03 	 1.800000e+03 	 2.000000e+00
9 	 243 	 Ey 	 2 	 9.177545e-01 	 -1.320000e+03 	 1.800000e+03 	 2.000000e+00
9 	 244 	 Ey 	 2 	 3.736590e-01 	 -1.080000e+03 	 1.800000e+03 	 2.000000e+00
9 	 245 	 Ey 	 2 	 3.204757e-01 	 -8.400000e+02 	 1.800000e+03 	 2.000000e+00
9 	 246 	 Ey 	 2 	 8.606529e-01 	 -6.000000e+02 	 1.800000e+03 	 2.000000e+00
9 	 247 	 Ey 	 2 	 1.737049e+00 	 -3.600000e+02 	 1.800000e+03 	 2.000000e+00
9 	 248 	 Ey 	 2 	 6.137241e-01 	 -1.200000e+02 	 1.800000e+03 	 2.000000e+00
9 	 249 	 Ey 	 2 	 1.694197e+00 	 1.200000e+02 	 1.800000e+03 	 2.000000e+00
9 	 250 	 Ey 	 2 	 6.221631e-01 	 3.600000e+02 	 1.800000e+03 	 2.000000e+00
9 	 251 	 Ey 	 2 	 8.350356e-01 	 6.000000e+02 	 1.800000e+03 	 2.000000e+00
9 	 252 	 Ey 	 2 	 1.384083e+00 	 8.400000e+02 	 1.800000e+03 	 2.000000e+00
9 	 253 	 Ey 	 2 	 6.262841e-01 	 1.080000e+03 	 1.800000e+03 	 2.000000e+00
9 	 254 	 Ey 	 2 	 1.031147e+00 	 1.320000e+03 	 1.800000e+03 	 2.000000e+00
9 	 255 	 Ey 	 2 	 9.367550e-01 	 1.560000e+03 	 1.800000e+03 	 2.000000e+00
9 	 256 	 Ey 	 2 	 2.730618e-01 	 1.800000e+03 	 1.800000e+03 	 2.000000e+00
