iTx 	 iRx    ichrec  ifreq 	 sig_misfit   x       y      z
3 	 1 	 Ex 	 1 	 1.305168e+00 	 -1.800000e+03 	 -1.800000e+03 	 2.000000e+00
3 	 2 	 Ex 	 1 	 7.209600e-01 	 -1.560000e+03 	 -1.800000e+03 	 2.000000e+00
3 	 3 	 Ex 	 1 	 1.229577e+00 	 -1.320000e+03 	 -1.800000e+03 	 2.000000e+00
3 	 4 	 Ex 	 1 	 1.063490e+00 	 -1.080000e+03 	 -1.800000e+03 	 2.000000e+00
3 	 5 	 Ex 	 1 	 3.825217e-01 	 -8.400000e+02 	 -1.800000e+03 	 2.000000e+00
3 	 6 	 Ex 	 1 	 1.856676e+00 	 -6.000000e+02 	 -1.800000e+03 	 2.000000e+00
3 	 7 	 Ex 	 1 	 1.378981e+00 	 -3.600000e+02 	 -1.800000e+03 	 2.000000e+00
3 	 8 	 Ex 	 1 	 7.993932e-01 	 -1.200000e+02 	 -1.800000e+03 	 2.000000e+00
3 	 9 	 Ex 	 1 	 0.000000e+00 	 1.200000e+02 	 -1.800000e+03 	 2.000000e+00
3 	 10 	 Ex 	 1 	 0.000000e+00 	 3.600000e+02 	 -1.800000e+03 	 2.000000e+00
3 	 11 	 Ex 	 1 	 0.000000e+00 	 6.000000e+02 	 -1.800000e+03 	 2.000000e+00
3 	 12 	 Ex 	 1 	 0.000000e+00 	 8.400000e+02 	 -1.800000e+03 	 2.000000e+00
3 	 13 	 Ex 	 1 	 0.000000e+00 	 1.080000e+03 	 -1.800000e+03 	 2.000000e+00
3 	 14 	 Ex 	 1 	 1.867023e+00 	 1.320000e+03 	 -1.800000e+03 	 2.000000e+00
3 	 15 	 Ex 	 1 	 7.088106e-01 	 1.560000e+03 	 -1.800000e+03 	 2.000000e+00
3 	 16 	 Ex 	 1 	 2.582030e-01 	 1.800000e+03 	 -1.800000e+03 	 2.000000e+00
3 	 17 	 Ex 	 1 	 5.854906e-01 	 -1.800000e+03 	 -1.560000e+03 	 2.000000e+00
3 	 18 	 Ex 	 1 	 2.301547e+00 	 -1.560000e+03 	 -1.560000e+03 	 2.000000e+00
3 	 19 	 Ex 	 1 	 1.511978e+00 	 -1.320000e+03 	 -1.560000e+03 	 2.000000e+00
3 	 20 	 Ex 	 1 	 1.315101e+00 	 -1.080000e+03 	 -1.560000e+03 	 2.000000e+00
3 	 21 	 Ex 	 1 	 7.398050e-01 	 -8.400000e+02 	 -1.560000e+03 	 2.000000e+00
3 	 22 	 Ex 	 1 	 8.552686e-01 	 -6.000000e+02 	 -1.560000e+03 	 2.000000e+00
3 	 23 	 Ex 	 1 	 8.053912e-01 	 -3.600000e+02 	 -1.560000e+03 	 2.000000e+00
3 	 24 	 Ex 	 1 	 3.222232e-02 	 -1.200000e+02 	 -1.560000e+03 	 2.000000e+00
3 	 25 	 Ex 	 1 	 0.000000e+00 	 1.200000e+02 	 -1.560000e+03 	 2.000000e+00
3 	 26 	 Ex 	 1 	 0.000000e+00 	 3.600000e+02 	 -1.560000e+03 	 2.000000e+00
3 	 27 	 Ex 	 1 	 0.000000e+00 	 6.000000e+02 	 -1.560000e+03 	 2.000000e+00
3 	 28 	 Ex 	 1 	 0.000000e+00 	 8.400000e+02 	 -1.560000e+03 	 2.000000e+00
3 	 29 	 Ex 	 1 	 0.000000e+00 	 1.080000e+03 	 -1.560000e+03 	 2.000000e+00
3 	 30 	 Ex 	 1 	 7.430937e-01 	 1.320000e+03 	 -1.560000e+03 	 2.000000e+00
3 	 31 	 Ex 	 1 	 1.013827e+00 	 1.560000e+03 	 -1.560000e+03 	 2.000000e+00
3 	 32 	 Ex 	 1 	 2.432782e-01 	 1.800000e+03 	 -1.560000e+03 	 2.000000e+00
3 	 33 	 Ex 	 1 	 1.887122e+00 	 -1.800000e+03 	 -1.320000e+03 	 2.000000e+00
3 	 34 	 Ex 	 1 	 1.969065e+00 	 -1.560000e+03 	 -1.320000e+03 	 2.000000e+00
3 	 35 	 Ex 	 1 	 9.487906e-01 	 -1.320000e+03 	 -1.320000e+03 	 2.000000e+00
3 	 36 	 Ex 	 1 	 4.709604e-01 	 -1.080000e+03 	 -1.320000e+03 	 2.000000e+00
3 	 37 	 Ex 	 1 	 5.000550e-01 	 -8.400000e+02 	 -1.320000e+03 	 2.000000e+00
3 	 38 	 Ex 	 1 	 9.733030e-01 	 -6.000000e+02 	 -1.320000e+03 	 2.000000e+00
3 	 39 	 Ex 	 1 	 1.313789e+00 	 -3.600000e+02 	 -1.320000e+03 	 2.000000e+00
3 	 40 	 Ex 	 1 	 1.088432e+00 	 -1.200000e+02 	 -1.320000e+03 	 2.000000e+00
3 	 41 	 Ex 	 1 	 0.000000e+00 	 1.200000e+02 	 -1.320000e+03 	 2.000000e+00
3 	 42 	 Ex 	 1 	 0.000000e+00 	 3.600000e+02 	 -1.320000e+03 	 2.000000e+00
3 	 43 	 Ex 	 1 	 0.000000e+00 	 6.000000e+02 	 -1.320000e+03 	 2.000000e+00
3 	 44 	 Ex 	 1 	 0.000000e+00 	 8.400000e+02 	 -1.320000e+03 	 2.000000e+00
3 	 45 	 Ex 	 1 	 1.050519e+00 	 1.080000e+03 	 -1.320000e+03 	 2.000000e+00
3 	 46 	 Ex 	 1 	 9.206595e-01 	 1.320000e+03 	 -1.320000e+03 	 2.000000e+00
3 	 47 	 Ex 	 1 	 5.447958e-01 	 1.560000e+03 	 -1.320000e+03 	 2.000000e+00
3 	 48 	 Ex 	 1 	 5.318763e-01 	 1.800000e+03 	 -1.320000e+03 	 2.000000e+00
3 	 49 	 Ex 	 1 	 1.239715e-01 	 -1.800000e+03 	 -1.080000e+03 	 2.000000e+00
3 	 50 	 Ex 	 1 	 1.320522e+00 	 -1.560000e+03 	 -1.080000e+03 	 2.000000e+00
3 	 51 	 Ex 	 1 	 7.709821e-01 	 -1.320000e+03 	 -1.080000e+03 	 2.000000e+00
3 	 52 	 Ex 	 1 	 3.000790e-01 	 -1.080000e+03 	 -1.080000e+03 	 2.000000e+00
3 	 53 	 Ex 	 1 	 4.278095e-01 	 -8.400000e+02 	 -1.080000e+03 	 2.000000e+00
3 	 54 	 Ex 	 1 	 7.293371e-01 	 -6.000000e+02 	 -1.080000e+03 	 2.000000e+00
3 	 55 	 Ex 	 1 	 8.015739e-01 	 -3.600000e+02 	 -1.080000e+03 	 2.000000e+00
3 	 56 	 Ex 	 1 	 1.803636e+00 	 -1.200000e+02 	 -1.080000e+03 	 2.000000e+00
3 	 57 	 Ex 	 1 	 7.594346e-01 	 1.200000e+02 	 -1.080000e+03 	 2.000000e+00
3 	 58 	 Ex 	 1 	 0.000000e+00 	 3.600000e+02 	 -1.080000e+03 	 2.000000e+00
3 	 59 	 Ex 	 1 	 0.000000e+00 	 6.000000e+02 	 -1.080000e+03 	 2.000000e+00
3 	 60 	 Ex 	 1 	 8.937611e-01 	 8.400000e+02 	 -1.080000e+03 	 2.000000e+00
3 	 61 	 Ex 	 1 	 5.688365e-01 	 1.080000e+03 	 -1.080000e+03 	 2.000000e+00
3 	 62 	 Ex 	 1 	 6.083112e-01 	 1.320000e+03 	 -1.080000e+03 	 2.000000e+00
3 	 63 	 Ex 	 1 	 9.230767e-01 	 1.560000e+03 	 -1.080000e+03 	 2.000000e+00
3 	 64 	 Ex 	 1 	 5.083033e-01 	 1.800000e+03 	 -1.080000e+03 	 2.000000e+00
3 	 65 	 Ex 	 1 	 4.768696e-01 	 -1.800000e+03 	 -8.400000e+02 	 2.000000e+00
3 	 66 	 Ex 	 1 	 1.551899e-01 	 -1.560000e+03 	 -8.400000e+02 	 2.000000e+00
3 	 67 	 Ex 	 1 	 7.319240e-01 	 -1.320000e+03 	 -8.400000e+02 	 2.000000e+00
3 	 68 	 Ex 	 1 	 1.656788e+00 	 -1.080000e+03 	 -8.400000e+02 	 2.000000e+00
3 	 69 	 Ex 	 1 	 2.176855e-01 	 -8.400000e+02 	 -8.400000e+02 	 2.000000e+00
3 	 70 	 Ex 	 1 	 8.728803e-01 	 -6.000000e+02 	 -8.400000e+02 	 2.000000e+00
3 	 71 	 Ex 	 1 	 3.481393e-01 	 -3.600000e+02 	 -8.400000e+02 	 2.000000e+00
3 	 72 	 Ex 	 1 	 3.486747e-01 	 -1.200000e+02 	 -8.400000e+02 	 2.000000e+00
3 	 73 	 Ex 	 1 	 2.152585e+00 	 1.200000e+02 	 -8.400000e+02 	 2.000000e+00
3 	 74 	 Ex 	 1 	 1.540587e+00 	 3.600000e+02 	 -8.400000e+02 	 2.000000e+00
3 	 75 	 Ex 	 1 	 2.962418e-01 	 6.000000e+02 	 -8.400000e+02 	 2.000000e+00
3 	 76 	 Ex 	 1 	 1.506314e+00 	 8.400000e+02 	 -8.400000e+02 	 2.000000e+00
3 	 77 	 Ex 	 1 	 1.219756e+00 	 1.080000e+03 	 -8.400000e+02 	 2.000000e+00
3 	 78 	 Ex 	 1 	 1.149155e+00 	 1.320000e+03 	 -8.400000e+02 	 2.000000e+00
3 	 79 	 Ex 	 1 	 7.187301e-01 	 1.560000e+03 	 -8.400000e+02 	 2.000000e+00
3 	 80 	 Ex 	 1 	 9.292613e-01 	 1.800000e+03 	 -8.400000e+02 	 2.000000e+00
3 	 81 	 Ex 	 1 	 1.338076e+00 	 -1.800000e+03 	 -6.000000e+02 	 2.000000e+00
3 	 82 	 Ex 	 1 	 1.086965e+00 	 -1.560000e+03 	 -6.000000e+02 	 2.000000e+00
3 	 83 	 Ex 	 1 	 3.415655e-01 	 -1.320000e+03 	 -6.000000e+02 	 2.000000e+00
3 	 84 	 Ex 	 1 	 1.570839e+00 	 -1.080000e+03 	 -6.000000e+02 	 2.000000e+00
3 	 85 	 Ex 	 1 	 7.426629e-01 	 -8.400000e+02 	 -6.000000e+02 	 2.000000e+00
3 	 86 	 Ex 	 1 	 1.203617e+00 	 -6.000000e+02 	 -6.000000e+02 	 2.000000e+00
3 	 87 	 Ex 	 1 	 5.052713e-01 	 -3.600000e+02 	 -6.000000e+02 	 2.000000e+00
3 	 88 	 Ex 	 1 	 4.048280e-01 	 -1.200000e+02 	 -6.000000e+02 	 2.000000e+00
3 	 89 	 Ex 	 1 	 1.594002e+00 	 1.200000e+02 	 -6.000000e+02 	 2.000000e+00
3 	 90 	 Ex 	 1 	 1.055167e+00 	 3.600000e+02 	 -6.000000e+02 	 2.000000e+00
3 	 91 	 Ex 	 1 	 1.472068e+00 	 6.000000e+02 	 -6.000000e+02 	 2.000000e+00
3 	 92 	 Ex 	 1 	 3.786832e-01 	 8.400000e+02 	 -6.000000e+02 	 2.000000e+00
3 	 93 	 Ex 	 1 	 1.684619e+00 	 1.080000e+03 	 -6.000000e+02 	 2.000000e+00
3 	 94 	 Ex 	 1 	 4.733219e-01 	 1.320000e+03 	 -6.000000e+02 	 2.000000e+00
3 	 95 	 Ex 	 1 	 4.202867e-01 	 1.560000e+03 	 -6.000000e+02 	 2.000000e+00
3 	 96 	 Ex 	 1 	 2.154891e+00 	 1.800000e+03 	 -6.000000e+02 	 2.000000e+00
3 	 97 	 Ex 	 1 	 1.068786e+00 	 -1.800000e+03 	 -3.600000e+02 	 2.000000e+00
3 	 98 	 Ex 	 1 	 2.472661e+00 	 -1.560000e+03 	 -3.600000e+02 	 2.000000e+00
3 	 99 	 Ex 	 1 	 5.324956e-01 	 -1.320000e+03 	 -3.600000e+02 	 2.000000e+00
3 	 100 	 Ex 	 1 	 9.455323e-01 	 -1.080000e+03 	 -3.600000e+02 	 2.000000e+00
3 	 101 	 Ex 	 1 	 1.207790e+00 	 -8.400000e+02 	 -3.600000e+02 	 2.000000e+00
3 	 102 	 Ex 	 1 	 1.034775e+00 	 -6.000000e+02 	 -3.600000e+02 	 2.000000e+00
3 	 103 	 Ex 	 1 	 7.810128e-01 	 -3.600000e+02 	 -3.600000e+02 	 2.000000e+00
3 	 104 	 Ex 	 1 	 1.093476e+00 	 -1.200000e+02 	 -3.600000e+02 	 2.000000e+00
3 	 105 	 Ex 	 1 	 2.120129e+00 	 1.200000e+02 	 -3.600000e+02 	 2.000000e+00
3 	 106 	 Ex 	 1 	 1.920147e+00 	 3.600000e+02 	 -3.600000e+02 	 2.000000e+00
3 	 107 	 Ex 	 1 	 5.298002e-01 	 6.000000e+02 	 -3.600000e+02 	 2.000000e+00
3 	 108 	 Ex 	 1 	 6.751288e-01 	 8.400000e+02 	 -3.600000e+02 	 2.000000e+00
3 	 109 	 Ex 	 1 	 1.262976e+00 	 1.080000e+03 	 -3.600000e+02 	 2.000000e+00
3 	 110 	 Ex 	 1 	 2.518760e-01 	 1.320000e+03 	 -3.600000e+02 	 2.000000e+00
3 	 111 	 Ex 	 1 	 3.258913e-01 	 1.560000e+03 	 -3.600000e+02 	 2.000000e+00
3 	 112 	 Ex 	 1 	 1.266379e+00 	 1.800000e+03 	 -3.600000e+02 	 2.000000e+00
3 	 113 	 Ex 	 1 	 1.381410e+00 	 -1.800000e+03 	 -1.200000e+02 	 2.000000e+00
3 	 114 	 Ex 	 1 	 4.893860e-01 	 -1.560000e+03 	 -1.200000e+02 	 2.000000e+00
3 	 115 	 Ex 	 1 	 1.108894e+00 	 -1.320000e+03 	 -1.200000e+02 	 2.000000e+00
3 	 116 	 Ex 	 1 	 1.390839e+00 	 -1.080000e+03 	 -1.200000e+02 	 2.000000e+00
3 	 117 	 Ex 	 1 	 1.049182e+00 	 -8.400000e+02 	 -1.200000e+02 	 2.000000e+00
3 	 118 	 Ex 	 1 	 7.960212e-01 	 -6.000000e+02 	 -1.200000e+02 	 2.000000e+00
3 	 119 	 Ex 	 1 	 7.371549e-01 	 -3.600000e+02 	 -1.200000e+02 	 2.000000e+00
3 	 120 	 Ex 	 1 	 1.554657e+00 	 -1.200000e+02 	 -1.200000e+02 	 2.000000e+00
3 	 121 	 Ex 	 1 	 1.228932e+00 	 1.200000e+02 	 -1.200000e+02 	 2.000000e+00
3 	 122 	 Ex 	 1 	 1.641466e+00 	 3.600000e+02 	 -1.200000e+02 	 2.000000e+00
3 	 123 	 Ex 	 1 	 4.436095e-01 	 6.000000e+02 	 -1.200000e+02 	 2.000000e+00
3 	 124 	 Ex 	 1 	 1.670329e+00 	 8.400000e+02 	 -1.200000e+02 	 2.000000e+00
3 	 125 	 Ex 	 1 	 4.571678e-01 	 1.080000e+03 	 -1.200000e+02 	 2.000000e+00
3 	 126 	 Ex 	 1 	 2.380671e+00 	 1.320000e+03 	 -1.200000e+02 	 2.000000e+00
3 	 127 	 Ex 	 1 	 8.177283e-01 	 1.560000e+03 	 -1.200000e+02 	 2.000000e+00
3 	 128 	 Ex 	 1 	 1.631073e+00 	 1.800000e+03 	 -1.200000e+02 	 2.000000e+00
3 	 129 	 Ex 	 1 	 2.021114e+00 	 -1.800000e+03 	 1.200000e+02 	 2.000000e+00
3 	 130 	 Ex 	 1 	 1.704456e+00 	 -1.560000e+03 	 1.200000e+02 	 2.000000e+00
3 	 131 	 Ex 	 1 	 1.508300e+00 	 -1.320000e+03 	 1.200000e+02 	 2.000000e+00
3 	 132 	 Ex 	 1 	 1.999945e+00 	 -1.080000e+03 	 1.200000e+02 	 2.000000e+00
3 	 133 	 Ex 	 1 	 1.102612e+00 	 -8.400000e+02 	 1.200000e+02 	 2.000000e+00
3 	 134 	 Ex 	 1 	 2.157351e+00 	 -6.000000e+02 	 1.200000e+02 	 2.000000e+00
3 	 135 	 Ex 	 1 	 2.176471e+00 	 -3.600000e+02 	 1.200000e+02 	 2.000000e+00
3 	 136 	 Ex 	 1 	 9.305261e-01 	 -1.200000e+02 	 1.200000e+02 	 2.000000e+00
3 	 137 	 Ex 	 1 	 1.376346e+00 	 1.200000e+02 	 1.200000e+02 	 2.000000e+00
3 	 138 	 Ex 	 1 	 6.970267e-01 	 3.600000e+02 	 1.200000e+02 	 2.000000e+00
3 	 139 	 Ex 	 1 	 1.909495e+00 	 6.000000e+02 	 1.200000e+02 	 2.000000e+00
3 	 140 	 Ex 	 1 	 1.208413e+00 	 8.400000e+02 	 1.200000e+02 	 2.000000e+00
3 	 141 	 Ex 	 1 	 2.196063e+00 	 1.080000e+03 	 1.200000e+02 	 2.000000e+00
3 	 142 	 Ex 	 1 	 3.139268e-01 	 1.320000e+03 	 1.200000e+02 	 2.000000e+00
3 	 143 	 Ex 	 1 	 1.060235e+00 	 1.560000e+03 	 1.200000e+02 	 2.000000e+00
3 	 144 	 Ex 	 1 	 1.452949e+00 	 1.800000e+03 	 1.200000e+02 	 2.000000e+00
3 	 145 	 Ex 	 1 	 1.750826e+00 	 -1.800000e+03 	 3.600000e+02 	 2.000000e+00
3 	 146 	 Ex 	 1 	 1.657083e+00 	 -1.560000e+03 	 3.600000e+02 	 2.000000e+00
3 	 147 	 Ex 	 1 	 1.085918e+00 	 -1.320000e+03 	 3.600000e+02 	 2.000000e+00
3 	 148 	 Ex 	 1 	 1.664770e+00 	 -1.080000e+03 	 3.600000e+02 	 2.000000e+00
3 	 149 	 Ex 	 1 	 1.230435e+00 	 -8.400000e+02 	 3.600000e+02 	 2.000000e+00
3 	 150 	 Ex 	 1 	 3.687071e-01 	 -6.000000e+02 	 3.600000e+02 	 2.000000e+00
3 	 151 	 Ex 	 1 	 5.585608e-01 	 -3.600000e+02 	 3.600000e+02 	 2.000000e+00
3 	 152 	 Ex 	 1 	 1.798787e+00 	 -1.200000e+02 	 3.600000e+02 	 2.000000e+00
3 	 153 	 Ex 	 1 	 4.485501e-01 	 1.200000e+02 	 3.600000e+02 	 2.000000e+00
3 	 154 	 Ex 	 1 	 7.914867e-01 	 3.600000e+02 	 3.600000e+02 	 2.000000e+00
3 	 155 	 Ex 	 1 	 9.425223e-01 	 6.000000e+02 	 3.600000e+02 	 2.000000e+00
3 	 156 	 Ex 	 1 	 1.860552e+00 	 8.400000e+02 	 3.600000e+02 	 2.000000e+00
3 	 157 	 Ex 	 1 	 1.259340e+00 	 1.080000e+03 	 3.600000e+02 	 2.000000e+00
3 	 158 	 Ex 	 1 	 1.036827e+00 	 1.320000e+03 	 3.600000e+02 	 2.000000e+00
3 	 159 	 Ex 	 1 	 9.935102e-01 	 1.560000e+03 	 3.600000e+02 	 2.000000e+00
3 	 160 	 Ex 	 1 	 8.921341e-01 	 1.800000e+03 	 3.600000e+02 	 2.000000e+00
3 	 161 	 Ex 	 1 	 1.666905e+00 	 -1.800000e+03 	 6.000000e+02 	 2.000000e+00
3 	 162 	 Ex 	 1 	 5.508233e-01 	 -1.560000e+03 	 6.000000e+02 	 2.000000e+00
3 	 163 	 Ex 	 1 	 9.387133e-01 	 -1.320000e+03 	 6.000000e+02 	 2.000000e+00
3 	 164 	 Ex 	 1 	 1.355131e+00 	 -1.080000e+03 	 6.000000e+02 	 2.000000e+00
3 	 165 	 Ex 	 1 	 1.604100e+00 	 -8.400000e+02 	 6.000000e+02 	 2.000000e+00
3 	 166 	 Ex 	 1 	 1.117253e+00 	 -6.000000e+02 	 6.000000e+02 	 2.000000e+00
3 	 167 	 Ex 	 1 	 7.479737e-01 	 -3.600000e+02 	 6.000000e+02 	 2.000000e+00
3 	 168 	 Ex 	 1 	 9.677095e-01 	 -1.200000e+02 	 6.000000e+02 	 2.000000e+00
3 	 169 	 Ex 	 1 	 5.852951e-01 	 1.200000e+02 	 6.000000e+02 	 2.000000e+00
3 	 170 	 Ex 	 1 	 8.654560e-01 	 3.600000e+02 	 6.000000e+02 	 2.000000e+00
3 	 171 	 Ex 	 1 	 1.466682e+00 	 6.000000e+02 	 6.000000e+02 	 2.000000e+00
3 	 172 	 Ex 	 1 	 7.647729e-01 	 8.400000e+02 	 6.000000e+02 	 2.000000e+00
3 	 173 	 Ex 	 1 	 1.186285e+00 	 1.080000e+03 	 6.000000e+02 	 2.000000e+00
3 	 174 	 Ex 	 1 	 3.058704e-01 	 1.320000e+03 	 6.000000e+02 	 2.000000e+00
3 	 175 	 Ex 	 1 	 6.105207e-01 	 1.560000e+03 	 6.000000e+02 	 2.000000e+00
3 	 176 	 Ex 	 1 	 1.127537e+00 	 1.800000e+03 	 6.000000e+02 	 2.000000e+00
3 	 177 	 Ex 	 1 	 2.031333e-01 	 -1.800000e+03 	 8.400000e+02 	 2.000000e+00
3 	 178 	 Ex 	 1 	 1.697187e+00 	 -1.560000e+03 	 8.400000e+02 	 2.000000e+00
3 	 179 	 Ex 	 1 	 1.411476e+00 	 -1.320000e+03 	 8.400000e+02 	 2.000000e+00
3 	 180 	 Ex 	 1 	 1.488607e+00 	 -1.080000e+03 	 8.400000e+02 	 2.000000e+00
3 	 181 	 Ex 	 1 	 1.272976e+00 	 -8.400000e+02 	 8.400000e+02 	 2.000000e+00
3 	 182 	 Ex 	 1 	 1.244490e+00 	 -6.000000e+02 	 8.400000e+02 	 2.000000e+00
3 	 183 	 Ex 	 1 	 4.981253e-01 	 -3.600000e+02 	 8.400000e+02 	 2.000000e+00
3 	 184 	 Ex 	 1 	 1.243619e+00 	 -1.200000e+02 	 8.400000e+02 	 2.000000e+00
3 	 185 	 Ex 	 1 	 2.823940e-01 	 1.200000e+02 	 8.400000e+02 	 2.000000e+00
3 	 186 	 Ex 	 1 	 6.401179e-01 	 3.600000e+02 	 8.400000e+02 	 2.000000e+00
3 	 187 	 Ex 	 1 	 9.122742e-01 	 6.000000e+02 	 8.400000e+02 	 2.000000e+00
3 	 188 	 Ex 	 1 	 1.278737e+00 	 8.400000e+02 	 8.400000e+02 	 2.000000e+00
3 	 189 	 Ex 	 1 	 1.645765e+00 	 1.080000e+03 	 8.400000e+02 	 2.000000e+00
3 	 190 	 Ex 	 1 	 4.386823e-01 	 1.320000e+03 	 8.400000e+02 	 2.000000e+00
3 	 191 	 Ex 	 1 	 8.133855e-01 	 1.560000e+03 	 8.400000e+02 	 2.000000e+00
3 	 192 	 Ex 	 1 	 7.089708e-01 	 1.800000e+03 	 8.400000e+02 	 2.000000e+00
3 	 193 	 Ex 	 1 	 1.333671e+00 	 -1.800000e+03 	 1.080000e+03 	 2.000000e+00
3 	 194 	 Ex 	 1 	 2.311035e+00 	 -1.560000e+03 	 1.080000e+03 	 2.000000e+00
3 	 195 	 Ex 	 1 	 2.112397e+00 	 -1.320000e+03 	 1.080000e+03 	 2.000000e+00
3 	 196 	 Ex 	 1 	 3.055140e-01 	 -1.080000e+03 	 1.080000e+03 	 2.000000e+00
3 	 197 	 Ex 	 1 	 2.371422e+00 	 -8.400000e+02 	 1.080000e+03 	 2.000000e+00
3 	 198 	 Ex 	 1 	 1.656668e+00 	 -6.000000e+02 	 1.080000e+03 	 2.000000e+00
3 	 199 	 Ex 	 1 	 1.306895e+00 	 -3.600000e+02 	 1.080000e+03 	 2.000000e+00
3 	 200 	 Ex 	 1 	 1.709702e+00 	 -1.200000e+02 	 1.080000e+03 	 2.000000e+00
3 	 201 	 Ex 	 1 	 2.315862e+00 	 1.200000e+02 	 1.080000e+03 	 2.000000e+00
3 	 202 	 Ex 	 1 	 7.088139e-01 	 3.600000e+02 	 1.080000e+03 	 2.000000e+00
3 	 203 	 Ex 	 1 	 4.737141e-01 	 6.000000e+02 	 1.080000e+03 	 2.000000e+00
3 	 204 	 Ex 	 1 	 9.508296e-01 	 8.400000e+02 	 1.080000e+03 	 2.000000e+00
3 	 205 	 Ex 	 1 	 1.382251e+00 	 1.080000e+03 	 1.080000e+03 	 2.000000e+00
3 	 206 	 Ex 	 1 	 1.916171e+00 	 1.320000e+03 	 1.080000e+03 	 2.000000e+00
3 	 207 	 Ex 	 1 	 5.911927e-01 	 1.560000e+03 	 1.080000e+03 	 2.000000e+00
3 	 208 	 Ex 	 1 	 6.796692e-01 	 1.800000e+03 	 1.080000e+03 	 2.000000e+00
3 	 209 	 Ex 	 1 	 9.967216e-01 	 -1.800000e+03 	 1.320000e+03 	 2.000000e+00
3 	 210 	 Ex 	 1 	 3.490364e-01 	 -1.560000e+03 	 1.320000e+03 	 2.000000e+00
3 	 211 	 Ex 	 1 	 1.106358e+00 	 -1.320000e+03 	 1.320000e+03 	 2.000000e+00
3 	 212 	 Ex 	 1 	 5.189533e-01 	 -1.080000e+03 	 1.320000e+03 	 2.000000e+00
3 	 213 	 Ex 	 1 	 2.846874e+00 	 -8.400000e+02 	 1.320000e+03 	 2.000000e+00
3 	 214 	 Ex 	 1 	 1.308599e+00 	 -6.000000e+02 	 1.320000e+03 	 2.000000e+00
3 	 215 	 Ex 	 1 	 1.055881e+00 	 -3.600000e+02 	 1.320000e+03 	 2.000000e+00
3 	 216 	 Ex 	 1 	 1.239289e+00 	 -1.200000e+02 	 1.320000e+03 	 2.000000e+00
3 	 217 	 Ex 	 1 	 1.465585e+00 	 1.200000e+02 	 1.320000e+03 	 2.000000e+00
3 	 218 	 Ex 	 1 	 1.368264e+00 	 3.600000e+02 	 1.320000e+03 	 2.000000e+00
3 	 219 	 Ex 	 1 	 2.000104e+00 	 6.000000e+02 	 1.320000e+03 	 2.000000e+00
3 	 220 	 Ex 	 1 	 9.770661e-01 	 8.400000e+02 	 1.320000e+03 	 2.000000e+00
3 	 221 	 Ex 	 1 	 1.252177e+00 	 1.080000e+03 	 1.320000e+03 	 2.000000e+00
3 	 222 	 Ex 	 1 	 4.302915e-01 	 1.320000e+03 	 1.320000e+03 	 2.000000e+00
3 	 223 	 Ex 	 1 	 5.423450e-01 	 1.560000e+03 	 1.320000e+03 	 2.000000e+00
3 	 224 	 Ex 	 1 	 6.087783e-01 	 1.800000e+03 	 1.320000e+03 	 2.000000e+00
3 	 225 	 Ex 	 1 	 1.574521e+00 	 -1.800000e+03 	 1.560000e+03 	 2.000000e+00
3 	 226 	 Ex 	 1 	 1.135375e+00 	 -1.560000e+03 	 1.560000e+03 	 2.000000e+00
3 	 227 	 Ex 	 1 	 1.622549e+00 	 -1.320000e+03 	 1.560000e+03 	 2.000000e+00
3 	 228 	 Ex 	 1 	 1.410472e+00 	 -1.080000e+03 	 1.560000e+03 	 2.000000e+00
3 	 229 	 Ex 	 1 	 7.087868e-01 	 -8.400000e+02 	 1.560000e+03 	 2.000000e+00
3 	 230 	 Ex 	 1 	 4.773527e-01 	 -6.000000e+02 	 1.560000e+03 	 2.000000e+00
3 	 231 	 Ex 	 1 	 5.012802e-01 	 -3.600000e+02 	 1.560000e+03 	 2.000000e+00
3 	 232 	 Ex 	 1 	 1.023825e+00 	 -1.200000e+02 	 1.560000e+03 	 2.000000e+00
3 	 233 	 Ex 	 1 	 2.147755e+00 	 1.200000e+02 	 1.560000e+03 	 2.000000e+00
3 	 234 	 Ex 	 1 	 4.514209e-01 	 3.600000e+02 	 1.560000e+03 	 2.000000e+00
3 	 235 	 Ex 	 1 	 6.673959e-01 	 6.000000e+02 	 1.560000e+03 	 2.000000e+00
3 	 236 	 Ex 	 1 	 3.180546e-01 	 8.400000e+02 	 1.560000e+03 	 2.000000e+00
3 	 237 	 Ex 	 1 	 6.941532e-01 	 1.080000e+03 	 1.560000e+03 	 2.000000e+00
3 	 238 	 Ex 	 1 	 5.992769e-01 	 1.320000e+03 	 1.560000e+03 	 2.000000e+00
3 	 239 	 Ex 	 1 	 1.175659e+00 	 1.560000e+03 	 1.560000e+03 	 2.000000e+00
3 	 240 	 Ex 	 1 	 1.868083e-01 	 1.800000e+03 	 1.560000e+03 	 2.000000e+00
3 	 241 	 Ex 	 1 	 1.197834e+00 	 -1.800000e+03 	 1.800000e+03 	 2.000000e+00
3 	 242 	 Ex 	 1 	 1.298819e+00 	 -1.560000e+03 	 1.800000e+03 	 2.000000e+00
3 	 243 	 Ex 	 1 	 1.195683e+00 	 -1.320000e+03 	 1.800000e+03 	 2.000000e+00
3 	 244 	 Ex 	 1 	 5.284793e-01 	 -1.080000e+03 	 1.800000e+03 	 2.000000e+00
3 	 245 	 Ex 	 1 	 8.364903e-01 	 -8.400000e+02 	 1.800000e+03 	 2.000000e+00
3 	 246 	 Ex 	 1 	 7.164704e-01 	 -6.000000e+02 	 1.800000e+03 	 2.000000e+00
3 	 247 	 Ex 	 1 	 7.198073e-01 	 -3.600000e+02 	 1.800000e+03 	 2.000000e+00
3 	 248 	 Ex 	 1 	 1.979922e+00 	 -1.200000e+02 	 1.800000e+03 	 2.000000e+00
3 	 249 	 Ex 	 1 	 2.170305e-01 	 1.200000e+02 	 1.800000e+03 	 2.000000e+00
3 	 250 	 Ex 	 1 	 1.042505e+00 	 3.600000e+02 	 1.800000e+03 	 2.000000e+00
3 	 251 	 Ex 	 1 	 8.273414e-01 	 6.000000e+02 	 1.800000e+03 	 2.000000e+00
3 	 252 	 Ex 	 1 	 1.547158e+00 	 8.400000e+02 	 1.800000e+03 	 2.000000e+00
3 	 253 	 Ex 	 1 	 2.412228e+00 	 1.080000e+03 	 1.800000e+03 	 2.000000e+00
3 	 254 	 Ex 	 1 	 1.432065e+00 	 1.320000e+03 	 1.800000e+03 	 2.000000e+00
3 	 255 	 Ex 	 1 	 1.531436e+00 	 1.560000e+03 	 1.800000e+03 	 2.000000e+00
3 	 256 	 Ex 	 1 	 8.138958e-01 	 1.800000e+03 	 1.800000e+03 	 2.000000e+00
3 	 1 	 Ex 	 2 	 1.751353e+00 	 -1.800000e+03 	 -1.800000e+03 	 2.000000e+00
3 	 2 	 Ex 	 2 	 3.636197e-01 	 -1.560000e+03 	 -1.800000e+03 	 2.000000e+00
3 	 3 	 Ex 	 2 	 1.022961e+00 	 -1.320000e+03 	 -1.800000e+03 	 2.000000e+00
3 	 4 	 Ex 	 2 	 1.517520e+00 	 -1.080000e+03 	 -1.800000e+03 	 2.000000e+00
3 	 5 	 Ex 	 2 	 1.934034e+00 	 -8.400000e+02 	 -1.800000e+03 	 2.000000e+00
3 	 6 	 Ex 	 2 	 1.188114e+00 	 -6.000000e+02 	 -1.800000e+03 	 2.000000e+00
3 	 7 	 Ex 	 2 	 1.202662e+00 	 -3.600000e+02 	 -1.800000e+03 	 2.000000e+00
3 	 8 	 Ex 	 2 	 6.850893e-01 	 -1.200000e+02 	 -1.800000e+03 	 2.000000e+00
3 	 9 	 Ex 	 2 	 0.000000e+00 	 1.200000e+02 	 -1.800000e+03 	 2.000000e+00
3 	 10 	 Ex 	 2 	 0.000000e+00 	 3.600000e+02 	 -1.800000e+03 	 2.000000e+00
3 	 11 	 Ex 	 2 	 0.000000e+00 	 6.000000e+02 	 -1.800000e+03 	 2.000000e+00
3 	 12 	 Ex 	 2 	 0.000000e+00 	 8.400000e+02 	 -1.800000e+03 	 2.000000e+00
3 	 13 	 Ex 	 2 	 0.000000e+00 	 1.080000e+03 	 -1.800000e+03 	 2.000000e+00
3 	 14 	 Ex 	 2 	 9.906772e-01 	 1.320000e+03 	 -1.800000e+03 	 2.000000e+00
3 	 15 	 Ex 	 2 	 1.608624e+00 	 1.560000e+03 	 -1.800000e+03 	 2.000000e+00
3 	 16 	 Ex 	 2 	 8.551355e-01 	 1.800000e+03 	 -1.800000e+03 	 2.000000e+00
3 	 17 	 Ex 	 2 	 2.238580e-01 	 -1.800000e+03 	 -1.560000e+03 	 2.000000e+00
3 	 18 	 Ex 	 2 	 1.135001e+00 	 -1.560000e+03 	 -1.560000e+03 	 2.000000e+00
3 	 19 	 Ex 	 2 	 9.360888e-01 	 -1.320000e+03 	 -1.560000e+03 	 2.000000e+00
3 	 20 	 Ex 	 2 	 5.639269e-01 	 -1.080000e+03 	 -1.560000e+03 	 2.000000e+00
3 	 21 	 Ex 	 2 	 1.313069e+00 	 -8.400000e+02 	 -1.560000e+03 	 2.000000e+00
3 	 22 	 Ex 	 2 	 1.798592e+00 	 -6.000000e+02 	 -1.560000e+03 	 2.000000e+00
3 	 23 	 Ex 	 2 	 7.239747e-01 	 -3.600000e+02 	 -1.560000e+03 	 2.000000e+00
3 	 24 	 Ex 	 2 	 8.284268e-01 	 -1.200000e+02 	 -1.560000e+03 	 2.000000e+00
3 	 25 	 Ex 	 2 	 0.000000e+00 	 1.200000e+02 	 -1.560000e+03 	 2.000000e+00
3 	 26 	 Ex 	 2 	 0.000000e+00 	 3.600000e+02 	 -1.560000e+03 	 2.000000e+00
3 	 27 	 Ex 	 2 	 0.000000e+00 	 6.000000e+02 	 -1.560000e+03 	 2.000000e+00
3 	 28 	 Ex 	 2 	 0.000000e+00 	 8.400000e+02 	 -1.560000e+03 	 2.000000e+00
3 	 29 	 Ex 	 2 	 0.000000e+00 	 1.080000e+03 	 -1.560000e+03 	 2.000000e+00
3 	 30 	 Ex 	 2 	 1.531390e+00 	 1.320000e+03 	 -1.560000e+03 	 2.000000e+00
3 	 31 	 Ex 	 2 	 6.375995e-01 	 1.560000e+03 	 -1.560000e+03 	 2.000000e+00
3 	 32 	 Ex 	 2 	 1.314659e+00 	 1.800000e+03 	 -1.560000e+03 	 2.000000e+00
3 	 33 	 Ex 	 2 	 4.249824e-01 	 -1.800000e+03 	 -1.320000e+03 	 2.000000e+00
3 	 34 	 Ex 	 2 	 5.752379e-01 	 -1.560000e+03 	 -1.320000e+03 	 2.000000e+00
3 	 35 	 Ex 	 2 	 9.073714e-01 	 -1.320000e+03 	 -1.320000e+03 	 2.000000e+00
3 	 36 	 Ex 	 2 	 2.594850e-01 	 -1.080000e+03 	 -1.320000e+03 	 2.000000e+00
3 	 37 	 Ex 	 2 	 1.846866e+00 	 -8.400000e+02 	 -1.320000e+03 	 2.000000e+00
3 	 38 	 Ex 	 2 	 1.557881e+00 	 -6.000000e+02 	 -1.320000e+03 	 2.000000e+00
3 	 39 	 Ex 	 2 	 1.012072e+00 	 -3.600000e+02 	 -1.320000e+03 	 2.000000e+00
3 	 40 	 Ex 	 2 	 6.219450e-01 	 -1.200000e+02 	 -1.320000e+03 	 2.000000e+00
3 	 41 	 Ex 	 2 	 0.000000e+00 	 1.200000e+02 	 -1.320000e+03 	 2.000000e+00
3 	 42 	 Ex 	 2 	 0.000000e+00 	 3.600000e+02 	 -1.320000e+03 	 2.000000e+00
3 	 43 	 Ex 	 2 	 0.000000e+00 	 6.000000e+02 	 -1.320000e+03 	 2.000000e+00
3 	 44 	 Ex 	 2 	 0.000000e+00 	 8.400000e+02 	 -1.320000e+03 	 2.000000e+00
3 	 45 	 Ex 	 2 	 1.830223e+00 	 1.080000e+03 	 -1.320000e+03 	 2.000000e+00
3 	 46 	 Ex 	 2 	 6.143367e-01 	 1.320000e+03 	 -1.320000e+03 	 2.000000e+00
3 	 47 	 Ex 	 2 	 9.577754e-01 	 1.560000e+03 	 -1.320000e+03 	 2.000000e+00
3 	 48 	 Ex 	 2 	 3.728319e-01 	 1.800000e+03 	 -1.320000e+03 	 2.000000e+00
3 	 49 	 Ex 	 2 	 2.924666e-01 	 -1.800000e+03 	 -1.080000e+03 	 2.000000e+00
3 	 50 	 Ex 	 2 	 2.770298e-01 	 -1.560000e+03 	 -1.080000e+03 	 2.000000e+00
3 	 51 	 Ex 	 2 	 5.325301e-01 	 -1.320000e+03 	 -1.080000e+03 	 2.000000e+00
3 	 52 	 Ex 	 2 	 3.292819e-01 	 -1.080000e+03 	 -1.080000e+03 	 2.000000e+00
3 	 53 	 Ex 	 2 	 3.777259e-01 	 -8.400000e+02 	 -1.080000e+03 	 2.000000e+00
3 	 54 	 Ex 	 2 	 2.177248e+00 	 -6.000000e+02 	 -1.080000e+03 	 2.000000e+00
3 	 55 	 Ex 	 2 	 8.327056e-01 	 -3.600000e+02 	 -1.080000e+03 	 2.000000e+00
3 	 56 	 Ex 	 2 	 1.700820e-01 	 -1.200000e+02 	 -1.080000e+03 	 2.000000e+00
3 	 57 	 Ex 	 2 	 8.353513e-01 	 1.200000e+02 	 -1.080000e+03 	 2.000000e+00
3 	 58 	 Ex 	 2 	 0.000000e+00 	 3.600000e+02 	 -1.080000e+03 	 2.000000e+00
3 	 59 	 Ex 	 2 	 0.000000e+00 	 6.000000e+02 	 -1.080000e+03 	 2.000000e+00
3 	 60 	 Ex 	 2 	 8.513862e-01 	 8.400000e+02 	 -1.080000e+03 	 2.000000e+00
3 	 61 	 Ex 	 2 	 8.810042e-01 	 1.080000e+03 	 -1.080000e+03 	 2.000000e+00
3 	 62 	 Ex 	 2 	 4.772835e-01 	 1.320000e+03 	 -1.080000e+03 	 2.000000e+00
3 	 63 	 Ex 	 2 	 4.955123e-01 	 1.560000e+03 	 -1.080000e+03 	 2.000000e+00
3 	 64 	 Ex 	 2 	 4.298071e-01 	 1.800000e+03 	 -1.080000e+03 	 2.000000e+00
3 	 65 	 Ex 	 2 	 5.219857e-01 	 -1.800000e+03 	 -8.400000e+02 	 2.000000e+00
3 	 66 	 Ex 	 2 	 1.975011e+00 	 -1.560000e+03 	 -8.400000e+02 	 2.000000e+00
3 	 67 	 Ex 	 2 	 1.113394e+00 	 -1.320000e+03 	 -8.400000e+02 	 2.000000e+00
3 	 68 	 Ex 	 2 	 1.260331e+00 	 -1.080000e+03 	 -8.400000e+02 	 2.000000e+00
3 	 69 	 Ex 	 2 	 1.106482e+00 	 -8.400000e+02 	 -8.400000e+02 	 2.000000e+00
3 	 70 	 Ex 	 2 	 1.900543e+00 	 -6.000000e+02 	 -8.400000e+02 	 2.000000e+00
3 	 71 	 Ex 	 2 	 4.566486e-01 	 -3.600000e+02 	 -8.400000e+02 	 2.000000e+00
3 	 72 	 Ex 	 2 	 1.196806e+00 	 -1.200000e+02 	 -8.400000e+02 	 2.000000e+00
3 	 73 	 Ex 	 2 	 1.155588e+00 	 1.200000e+02 	 -8.400000e+02 	 2.000000e+00
3 	 74 	 Ex 	 2 	 1.753654e+00 	 3.600000e+02 	 -8.400000e+02 	 2.000000e+00
3 	 75 	 Ex 	 2 	 1.441798e+00 	 6.000000e+02 	 -8.400000e+02 	 2.000000e+00
3 	 76 	 Ex 	 2 	 5.447549e-01 	 8.400000e+02 	 -8.400000e+02 	 2.000000e+00
3 	 77 	 Ex 	 2 	 4.070151e-01 	 1.080000e+03 	 -8.400000e+02 	 2.000000e+00
3 	 78 	 Ex 	 2 	 4.303403e-01 	 1.320000e+03 	 -8.400000e+02 	 2.000000e+00
3 	 79 	 Ex 	 2 	 8.105617e-01 	 1.560000e+03 	 -8.400000e+02 	 2.000000e+00
3 	 80 	 Ex 	 2 	 1.572057e+00 	 1.800000e+03 	 -8.400000e+02 	 2.000000e+00
3 	 81 	 Ex 	 2 	 6.733414e-01 	 -1.800000e+03 	 -6.000000e+02 	 2.000000e+00
3 	 82 	 Ex 	 2 	 4.138747e-01 	 -1.560000e+03 	 -6.000000e+02 	 2.000000e+00
3 	 83 	 Ex 	 2 	 1.133962e+00 	 -1.320000e+03 	 -6.000000e+02 	 2.000000e+00
3 	 84 	 Ex 	 2 	 1.238985e+00 	 -1.080000e+03 	 -6.000000e+02 	 2.000000e+00
3 	 85 	 Ex 	 2 	 1.200529e+00 	 -8.400000e+02 	 -6.000000e+02 	 2.000000e+00
3 	 86 	 Ex 	 2 	 9.356169e-02 	 -6.000000e+02 	 -6.000000e+02 	 2.000000e+00
3 	 87 	 Ex 	 2 	 1.591832e+00 	 -3.600000e+02 	 -6.000000e+02 	 2.000000e+00
3 	 88 	 Ex 	 2 	 1.013298e+00 	 -1.200000e+02 	 -6.000000e+02 	 2.000000e+00
3 	 89 	 Ex 	 2 	 2.787808e+00 	 1.200000e+02 	 -6.000000e+02 	 2.000000e+00
3 	 90 	 Ex 	 2 	 1.794838e+00 	 3.600000e+02 	 -6.000000e+02 	 2.000000e+00
3 	 91 	 Ex 	 2 	 1.665345e+00 	 6.000000e+02 	 -6.000000e+02 	 2.000000e+00
3 	 92 	 Ex 	 2 	 9.387736e-01 	 8.400000e+02 	 -6.000000e+02 	 2.000000e+00
3 	 93 	 Ex 	 2 	 1.198333e+00 	 1.080000e+03 	 -6.000000e+02 	 2.000000e+00
3 	 94 	 Ex 	 2 	 1.104604e+00 	 1.320000e+03 	 -6.000000e+02 	 2.000000e+00
3 	 95 	 Ex 	 2 	 1.228575e+00 	 1.560000e+03 	 -6.000000e+02 	 2.000000e+00
3 	 96 	 Ex 	 2 	 6.303499e-01 	 1.800000e+03 	 -6.000000e+02 	 2.000000e+00
3 	 97 	 Ex 	 2 	 1.361608e+00 	 -1.800000e+03 	 -3.600000e+02 	 2.000000e+00
3 	 98 	 Ex 	 2 	 2.079049e+00 	 -1.560000e+03 	 -3.600000e+02 	 2.000000e+00
3 	 99 	 Ex 	 2 	 1.359518e+00 	 -1.320000e+03 	 -3.600000e+02 	 2.000000e+00
3 	 100 	 Ex 	 2 	 7.779645e-01 	 -1.080000e+03 	 -3.600000e+02 	 2.000000e+00
3 	 101 	 Ex 	 2 	 5.362688e-01 	 -8.400000e+02 	 -3.600000e+02 	 2.000000e+00
3 	 102 	 Ex 	 2 	 1.153600e+00 	 -6.000000e+02 	 -3.600000e+02 	 2.000000e+00
3 	 103 	 Ex 	 2 	 6.470826e-01 	 -3.600000e+02 	 -3.600000e+02 	 2.000000e+00
3 	 104 	 Ex 	 2 	 2.251341e+00 	 -1.200000e+02 	 -3.600000e+02 	 2.000000e+00
3 	 105 	 Ex 	 2 	 1.178969e+00 	 1.200000e+02 	 -3.600000e+02 	 2.000000e+00
3 	 106 	 Ex 	 2 	 1.172960e+00 	 3.600000e+02 	 -3.600000e+02 	 2.000000e+00
3 	 107 	 Ex 	 2 	 1.310556e+00 	 6.000000e+02 	 -3.600000e+02 	 2.000000e+00
3 	 108 	 Ex 	 2 	 1.162951e+00 	 8.400000e+02 	 -3.600000e+02 	 2.000000e+00
3 	 109 	 Ex 	 2 	 3.033168e-01 	 1.080000e+03 	 -3.600000e+02 	 2.000000e+00
3 	 110 	 Ex 	 2 	 7.130151e-01 	 1.320000e+03 	 -3.600000e+02 	 2.000000e+00
3 	 111 	 Ex 	 2 	 7.201349e-01 	 1.560000e+03 	 -3.600000e+02 	 2.000000e+00
3 	 112 	 Ex 	 2 	 1.348159e+00 	 1.800000e+03 	 -3.600000e+02 	 2.000000e+00
3 	 113 	 Ex 	 2 	 1.129540e+00 	 -1.800000e+03 	 -1.200000e+02 	 2.000000e+00
3 	 114 	 Ex 	 2 	 1.054185e+00 	 -1.560000e+03 	 -1.200000e+02 	 2.000000e+00
3 	 115 	 Ex 	 2 	 8.626475e-01 	 -1.320000e+03 	 -1.200000e+02 	 2.000000e+00
3 	 116 	 Ex 	 2 	 1.343834e+00 	 -1.080000e+03 	 -1.200000e+02 	 2.000000e+00
3 	 117 	 Ex 	 2 	 3.834728e-01 	 -8.400000e+02 	 -1.200000e+02 	 2.000000e+00
3 	 118 	 Ex 	 2 	 5.925983e-01 	 -6.000000e+02 	 -1.200000e+02 	 2.000000e+00
3 	 119 	 Ex 	 2 	 6.812832e-01 	 -3.600000e+02 	 -1.200000e+02 	 2.000000e+00
3 	 120 	 Ex 	 2 	 1.223863e+00 	 -1.200000e+02 	 -1.200000e+02 	 2.000000e+00
3 	 121 	 Ex 	 2 	 2.074132e+00 	 1.200000e+02 	 -1.200000e+02 	 2.000000e+00
3 	 122 	 Ex 	 2 	 9.955121e-01 	 3.600000e+02 	 -1.200000e+02 	 2.000000e+00
3 	 123 	 Ex 	 2 	 1.214955e+00 	 6.000000e+02 	 -1.200000e+02 	 2.000000e+00
3 	 124 	 Ex 	 2 	 1.894639e+00 	 8.400000e+02 	 -1.200000e+02 	 2.000000e+00
3 	 125 	 Ex 	 2 	 9.495915e-01 	 1.080000e+03 	 -1.200000e+02 	 2.000000e+00
3 	 126 	 Ex 	 2 	 2.351999e+00 	 1.320000e+03 	 -1.200000e+02 	 2.000000e+00
3 	 127 	 Ex 	 2 	 1.208686e+00 	 1.560000e+03 	 -1.200000e+02 	 2.000000e+00
3 	 128 	 Ex 	 2 	 2.279429e-01 	 1.800000e+03 	 -1.200000e+02 	 2.000000e+00
3 	 129 	 Ex 	 2 	 9.616293e-01 	 -1.800000e+03 	 1.200000e+02 	 2.000000e+00
3 	 130 	 Ex 	 2 	 1.256676e+00 	 -1.560000e+03 	 1.200000e+02 	 2.000000e+00
3 	 131 	 Ex 	 2 	 1.444221e+00 	 -1.320000e+03 	 1.200000e+02 	 2.000000e+00
3 	 132 	 Ex 	 2 	 2.120281e+00 	 -1.080000e+03 	 1.200000e+02 	 2.000000e+00
3 	 133 	 Ex 	 2 	 1.155104e+00 	 -8.400000e+02 	 1.200000e+02 	 2.000000e+00
3 	 134 	 Ex 	 2 	 8.525470e-01 	 -6.000000e+02 	 1.200000e+02 	 2.000000e+00
3 	 135 	 Ex 	 2 	 1.634461e+00 	 -3.600000e+02 	 1.200000e+02 	 2.000000e+00
3 	 136 	 Ex 	 2 	 1.473129e+00 	 -1.200000e+02 	 1.200000e+02 	 2.000000e+00
3 	 137 	 Ex 	 2 	 5.657666e-01 	 1.200000e+02 	 1.200000e+02 	 2.000000e+00
3 	 138 	 Ex 	 2 	 2.103571e+00 	 3.600000e+02 	 1.200000e+02 	 2.000000e+00
3 	 139 	 Ex 	 2 	 8.322877e-01 	 6.000000e+02 	 1.200000e+02 	 2.000000e+00
3 	 140 	 Ex 	 2 	 1.912507e+00 	 8.400000e+02 	 1.200000e+02 	 2.000000e+00
3 	 141 	 Ex 	 2 	 1.046078e+00 	 1.080000e+03 	 1.200000e+02 	 2.000000e+00
3 	 142 	 Ex 	 2 	 3.209488e-01 	 1.320000e+03 	 1.200000e+02 	 2.000000e+00
3 	 143 	 Ex 	 2 	 1.282327e+00 	 1.560000e+03 	 1.200000e+02 	 2.000000e+00
3 	 144 	 Ex 	 2 	 1.120934e+00 	 1.800000e+03 	 1.200000e+02 	 2.000000e+00
3 	 145 	 Ex 	 2 	 7.708178e-01 	 -1.800000e+03 	 3.600000e+02 	 2.000000e+00
3 	 146 	 Ex 	 2 	 2.193259e-01 	 -1.560000e+03 	 3.600000e+02 	 2.000000e+00
3 	 147 	 Ex 	 2 	 6.207231e-01 	 -1.320000e+03 	 3.600000e+02 	 2.000000e+00
3 	 148 	 Ex 	 2 	 9.331198e-01 	 -1.080000e+03 	 3.600000e+02 	 2.000000e+00
3 	 149 	 Ex 	 2 	 1.603236e+00 	 -8.400000e+02 	 3.600000e+02 	 2.000000e+00
3 	 150 	 Ex 	 2 	 3.664114e-01 	 -6.000000e+02 	 3.600000e+02 	 2.000000e+00
3 	 151 	 Ex 	 2 	 1.212272e+00 	 -3.600000e+02 	 3.600000e+02 	 2.000000e+00
3 	 152 	 Ex 	 2 	 2.662312e+00 	 -1.200000e+02 	 3.600000e+02 	 2.000000e+00
3 	 153 	 Ex 	 2 	 1.496417e+00 	 1.200000e+02 	 3.600000e+02 	 2.000000e+00
3 	 154 	 Ex 	 2 	 2.040510e+00 	 3.600000e+02 	 3.600000e+02 	 2.000000e+00
3 	 155 	 Ex 	 2 	 1.537090e+00 	 6.000000e+02 	 3.600000e+02 	 2.000000e+00
3 	 156 	 Ex 	 2 	 1.279210e+00 	 8.400000e+02 	 3.600000e+02 	 2.000000e+00
3 	 157 	 Ex 	 2 	 2.204175e+00 	 1.080000e+03 	 3.600000e+02 	 2.000000e+00
3 	 158 	 Ex 	 2 	 1.265539e+00 	 1.320000e+03 	 3.600000e+02 	 2.000000e+00
3 	 159 	 Ex 	 2 	 3.565688e-01 	 1.560000e+03 	 3.600000e+02 	 2.000000e+00
3 	 160 	 Ex 	 2 	 1.316260e+00 	 1.800000e+03 	 3.600000e+02 	 2.000000e+00
3 	 161 	 Ex 	 2 	 1.389337e-01 	 -1.800000e+03 	 6.000000e+02 	 2.000000e+00
3 	 162 	 Ex 	 2 	 3.301794e-01 	 -1.560000e+03 	 6.000000e+02 	 2.000000e+00
3 	 163 	 Ex 	 2 	 1.493114e+00 	 -1.320000e+03 	 6.000000e+02 	 2.000000e+00
3 	 164 	 Ex 	 2 	 7.603022e-01 	 -1.080000e+03 	 6.000000e+02 	 2.000000e+00
3 	 165 	 Ex 	 2 	 6.779515e-01 	 -8.400000e+02 	 6.000000e+02 	 2.000000e+00
3 	 166 	 Ex 	 2 	 1.388152e+00 	 -6.000000e+02 	 6.000000e+02 	 2.000000e+00
3 	 167 	 Ex 	 2 	 1.745048e+00 	 -3.600000e+02 	 6.000000e+02 	 2.000000e+00
3 	 168 	 Ex 	 2 	 1.352995e+00 	 -1.200000e+02 	 6.000000e+02 	 2.000000e+00
3 	 169 	 Ex 	 2 	 1.301138e+00 	 1.200000e+02 	 6.000000e+02 	 2.000000e+00
3 	 170 	 Ex 	 2 	 1.089817e+00 	 3.600000e+02 	 6.000000e+02 	 2.000000e+00
3 	 171 	 Ex 	 2 	 2.206327e+00 	 6.000000e+02 	 6.000000e+02 	 2.000000e+00
3 	 172 	 Ex 	 2 	 1.042122e+00 	 8.400000e+02 	 6.000000e+02 	 2.000000e+00
3 	 173 	 Ex 	 2 	 7.875024e-01 	 1.080000e+03 	 6.000000e+02 	 2.000000e+00
3 	 174 	 Ex 	 2 	 1.173544e+00 	 1.320000e+03 	 6.000000e+02 	 2.000000e+00
3 	 175 	 Ex 	 2 	 2.100558e+00 	 1.560000e+03 	 6.000000e+02 	 2.000000e+00
3 	 176 	 Ex 	 2 	 6.692865e-01 	 1.800000e+03 	 6.000000e+02 	 2.000000e+00
3 	 177 	 Ex 	 2 	 1.101828e+00 	 -1.800000e+03 	 8.400000e+02 	 2.000000e+00
3 	 178 	 Ex 	 2 	 1.938554e+00 	 -1.560000e+03 	 8.400000e+02 	 2.000000e+00
3 	 179 	 Ex 	 2 	 7.760962e-01 	 -1.320000e+03 	 8.400000e+02 	 2.000000e+00
3 	 180 	 Ex 	 2 	 5.720451e-01 	 -1.080000e+03 	 8.400000e+02 	 2.000000e+00
3 	 181 	 Ex 	 2 	 1.149801e+00 	 -8.400000e+02 	 8.400000e+02 	 2.000000e+00
3 	 182 	 Ex 	 2 	 8.321579e-01 	 -6.000000e+02 	 8.400000e+02 	 2.000000e+00
3 	 183 	 Ex 	 2 	 1.573960e-01 	 -3.600000e+02 	 8.400000e+02 	 2.000000e+00
3 	 184 	 Ex 	 2 	 2.157974e+00 	 -1.200000e+02 	 8.400000e+02 	 2.000000e+00
3 	 185 	 Ex 	 2 	 1.029667e+00 	 1.200000e+02 	 8.400000e+02 	 2.000000e+00
3 	 186 	 Ex 	 2 	 1.206325e+00 	 3.600000e+02 	 8.400000e+02 	 2.000000e+00
3 	 187 	 Ex 	 2 	 1.100824e+00 	 6.000000e+02 	 8.400000e+02 	 2.000000e+00
3 	 188 	 Ex 	 2 	 5.209280e-01 	 8.400000e+02 	 8.400000e+02 	 2.000000e+00
3 	 189 	 Ex 	 2 	 9.395025e-01 	 1.080000e+03 	 8.400000e+02 	 2.000000e+00
3 	 190 	 Ex 	 2 	 5.287493e-01 	 1.320000e+03 	 8.400000e+02 	 2.000000e+00
3 	 191 	 Ex 	 2 	 3.880897e-01 	 1.560000e+03 	 8.400000e+02 	 2.000000e+00
3 	 192 	 Ex 	 2 	 1.052337e+00 	 1.800000e+03 	 8.400000e+02 	 2.000000e+00
3 	 193 	 Ex 	 2 	 1.204268e+00 	 -1.800000e+03 	 1.080000e+03 	 2.000000e+00
3 	 194 	 Ex 	 2 	 2.405539e+00 	 -1.560000e+03 	 1.080000e+03 	 2.000000e+00
3 	 195 	 Ex 	 2 	 4.789102e-01 	 -1.320000e+03 	 1.080000e+03 	 2.000000e+00
3 	 196 	 Ex 	 2 	 1.174299e+00 	 -1.080000e+03 	 1.080000e+03 	 2.000000e+00
3 	 197 	 Ex 	 2 	 7.144947e-01 	 -8.400000e+02 	 1.080000e+03 	 2.000000e+00
3 	 198 	 Ex 	 2 	 8.930036e-01 	 -6.000000e+02 	 1.080000e+03 	 2.000000e+00
3 	 199 	 Ex 	 2 	 1.782917e+00 	 -3.600000e+02 	 1.080000e+03 	 2.000000e+00
3 	 200 	 Ex 	 2 	 7.729148e-01 	 -1.200000e+02 	 1.080000e+03 	 2.000000e+00
3 	 201 	 Ex 	 2 	 8.139520e-01 	 1.200000e+02 	 1.080000e+03 	 2.000000e+00
3 	 202 	 Ex 	 2 	 7.831292e-01 	 3.600000e+02 	 1.080000e+03 	 2.000000e+00
3 	 203 	 Ex 	 2 	 4.095059e-01 	 6.000000e+02 	 1.080000e+03 	 2.000000e+00
3 	 204 	 Ex 	 2 	 6.232764e-01 	 8.400000e+02 	 1.080000e+03 	 2.000000e+00
3 	 205 	 Ex 	 2 	 6.467923e-01 	 1.080000e+03 	 1.080000e+03 	 2.000000e+00
3 	 206 	 Ex 	 2 	 1.894226e+00 	 1.320000e+03 	 1.080000e+03 	 2.000000e+00
3 	 207 	 Ex 	 2 	 1.171233e+00 	 1.560000e+03 	 1.080000e+03 	 2.000000e+00
3 	 208 	 Ex 	 2 	 5.434657e-01 	 1.800000e+03 	 1.080000e+03 	 2.000000e+00
3 	 209 	 Ex 	 2 	 1.810144e-01 	 -1.800000e+03 	 1.320000e+03 	 2.000000e+00
3 	 210 	 Ex 	 2 	 2.217812e+00 	 -1.560000e+03 	 1.320000e+03 	 2.000000e+00
3 	 211 	 Ex 	 2 	 7.507643e-01 	 -1.320000e+03 	 1.320000e+03 	 2.000000e+00
3 	 212 	 Ex 	 2 	 4.630866e-01 	 -1.080000e+03 	 1.320000e+03 	 2.000000e+00
3 	 213 	 Ex 	 2 	 1.146367e+00 	 -8.400000e+02 	 1.320000e+03 	 2.000000e+00
3 	 214 	 Ex 	 2 	 8.086968e-01 	 -6.000000e+02 	 1.320000e+03 	 2.000000e+00
3 	 215 	 Ex 	 2 	 6.891456e-02 	 -3.600000e+02 	 1.320000e+03 	 2.000000e+00
3 	 216 	 Ex 	 2 	 4.989237e-01 	 -1.200000e+02 	 1.320000e+03 	 2.000000e+00
3 	 217 	 Ex 	 2 	 7.904050e-01 	 1.200000e+02 	 1.320000e+03 	 2.000000e+00
3 	 218 	 Ex 	 2 	 1.144532e+00 	 3.600000e+02 	 1.320000e+03 	 2.000000e+00
3 	 219 	 Ex 	 2 	 1.789372e+00 	 6.000000e+02 	 1.320000e+03 	 2.000000e+00
3 	 220 	 Ex 	 2 	 6.749443e-01 	 8.400000e+02 	 1.320000e+03 	 2.000000e+00
3 	 221 	 Ex 	 2 	 5.245349e-01 	 1.080000e+03 	 1.320000e+03 	 2.000000e+00
3 	 222 	 Ex 	 2 	 7.396988e-01 	 1.320000e+03 	 1.320000e+03 	 2.000000e+00
3 	 223 	 Ex 	 2 	 7.013511e-01 	 1.560000e+03 	 1.320000e+03 	 2.000000e+00
3 	 224 	 Ex 	 2 	 9.883538e-01 	 1.800000e+03 	 1.320000e+03 	 2.000000e+00
3 	 225 	 Ex 	 2 	 8.496822e-01 	 -1.800000e+03 	 1.560000e+03 	 2.000000e+00
3 	 226 	 Ex 	 2 	 1.913234e+00 	 -1.560000e+03 	 1.560000e+03 	 2.000000e+00
3 	 227 	 Ex 	 2 	 1.135624e+00 	 -1.320000e+03 	 1.560000e+03 	 2.000000e+00
3 	 228 	 Ex 	 2 	 1.407768e+00 	 -1.080000e+03 	 1.560000e+03 	 2.000000e+00
3 	 229 	 Ex 	 2 	 2.635791e+00 	 -8.400000e+02 	 1.560000e+03 	 2.000000e+00
3 	 230 	 Ex 	 2 	 1.538312e+00 	 -6.000000e+02 	 1.560000e+03 	 2.000000e+00
3 	 231 	 Ex 	 2 	 1.684401e+00 	 -3.600000e+02 	 1.560000e+03 	 2.000000e+00
3 	 232 	 Ex 	 2 	 1.283112e+00 	 -1.200000e+02 	 1.560000e+03 	 2.000000e+00
3 	 233 	 Ex 	 2 	 1.027853e+00 	 1.200000e+02 	 1.560000e+03 	 2.000000e+00
3 	 234 	 Ex 	 2 	 9.206194e-01 	 3.600000e+02 	 1.560000e+03 	 2.000000e+00
3 	 235 	 Ex 	 2 	 8.072773e-01 	 6.000000e+02 	 1.560000e+03 	 2.000000e+00
3 	 236 	 Ex 	 2 	 1.287678e+00 	 8.400000e+02 	 1.560000e+03 	 2.000000e+00
3 	 237 	 Ex 	 2 	 9.047546e-01 	 1.080000e+03 	 1.560000e+03 	 2.000000e+00
3 	 238 	 Ex 	 2 	 7.057595e-01 	 1.320000e+03 	 1.560000e+03 	 2.000000e+00
3 	 239 	 Ex 	 2 	 1.051101e+00 	 1.560000e+03 	 1.560000e+03 	 2.000000e+00
3 	 240 	 Ex 	 2 	 1.337106e+00 	 1.800000e+03 	 1.560000e+03 	 2.000000e+00
3 	 241 	 Ex 	 2 	 4.211257e-01 	 -1.800000e+03 	 1.800000e+03 	 2.000000e+00
3 	 242 	 Ex 	 2 	 8.009146e-01 	 -1.560000e+03 	 1.800000e+03 	 2.000000e+00
3 	 243 	 Ex 	 2 	 1.207348e+00 	 -1.320000e+03 	 1.800000e+03 	 2.000000e+00
3 	 244 	 Ex 	 2 	 9.581231e-01 	 -1.080000e+03 	 1.800000e+03 	 2.000000e+00
3 	 245 	 Ex 	 2 	 2.204112e-01 	 -8.400000e+02 	 1.800000e+03 	 2.000000e+00
3 	 246 	 Ex 	 2 	 1.756186e+00 	 -6.000000e+02 	 1.800000e+03 	 2.000000e+00
3 	 247 	 Ex 	 2 	 1.542341e+00 	 -3.600000e+02 	 1.800000e+03 	 2.000000e+00
3 	 248 	 Ex 	 2 	 3.925900e-01 	 -1.200000e+02 	 1.800000e+03 	 2.000000e+00
3 	 249 	 Ex 	 2 	 1.962509e-01 	 1.200000e+02 	 1.800000e+03 	 2.000000e+00
3 	 250 	 Ex 	 2 	 1.559625e+00 	 3.600000e+02 	 1.800000e+03 	 2.000000e+00
3 	 251 	 Ex 	 2 	 1.606850e+00 	 6.000000e+02 	 1.800000e+03 	 2.000000e+00
3 	 252 	 Ex 	 2 	 4.359083e-01 	 8.400000e+02 	 1.800000e+03 	 2.000000e+00
3 	 253 	 Ex 	 2 	 9.809064e-01 	 1.080000e+03 	 1.800000e+03 	 2.000000e+00
3 	 254 	 Ex 	 2 	 1.527240e+00 	 1.320000e+03 	 1.800000e+03 	 2.000000e+00
3 	 255 	 Ex 	 2 	 8.642657e-01 	 1.560000e+03 	 1.800000e+03 	 2.000000e+00
3 	 256 	 Ex 	 2 	 6.888620e-01 	 1.800000e+03 	 1.800000e+03 	 2.000000e+00
3 	 1 	 Ey 	 1 	 8.509409e-01 	 -1.800000e+03 	 -1.800000e+03 	 2.000000e+00
3 	 2 	 Ey 	 1 	 1.637577e+00 	 -1.560000e+03 	 -1.800000e+03 	 2.000000e+00
3 	 3 	 Ey 	 1 	 8.317758e-01 	 -1.320000e+03 	 -1.800000e+03 	 2.000000e+00
3 	 4 	 Ey 	 1 	 1.266791e+00 	 -1.080000e+03 	 -1.800000e+03 	 2.000000e+00
3 	 5 	 Ey 	 1 	 1.526124e+00 	 -8.400000e+02 	 -1.800000e+03 	 2.000000e+00
3 	 6 	 Ey 	 1 	 1.209745e+00 	 -6.000000e+02 	 -1.800000e+03 	 2.000000e+00
3 	 7 	 Ey 	 1 	 1.538708e+00 	 -3.600000e+02 	 -1.800000e+03 	 2.000000e+00
3 	 8 	 Ey 	 1 	 5.516400e-01 	 -1.200000e+02 	 -1.800000e+03 	 2.000000e+00
3 	 9 	 Ey 	 1 	 0.000000e+00 	 1.200000e+02 	 -1.800000e+03 	 2.000000e+00
3 	 10 	 Ey 	 1 	 0.000000e+00 	 3.600000e+02 	 -1.800000e+03 	 2.000000e+00
3 	 11 	 Ey 	 1 	 0.000000e+00 	 6.000000e+02 	 -1.800000e+03 	 2.000000e+00
3 	 12 	 Ey 	 1 	 0.000000e+00 	 8.400000e+02 	 -1.800000e+03 	 2.000000e+00
3 	 13 	 Ey 	 1 	 0.000000e+00 	 1.080000e+03 	 -1.800000e+03 	 2.000000e+00
3 	 14 	 Ey 	 1 	 1.271575e+00 	 1.320000e+03 	 -1.800000e+03 	 2.000000e+00
3 	 15 	 Ey 	 1 	 9.117320e-01 	 1.560000e+03 	 -1.800000e+03 	 2.000000e+00
3 	 16 	 Ey 	 1 	 1.242572e+00 	 1.800000e+03 	 -1.800000e+03 	 2.000000e+00
3 	 17 	 Ey 	 1 	 7.516943e-01 	 -1.800000e+03 	 -1.560000e+03 	 2.000000e+00
3 	 18 	 Ey 	 1 	 2.727445e-02 	 -1.560000e+03 	 -1.560000e+03 	 2.000000e+00
3 	 19 	 Ey 	 1 	 4.964488e-01 	 -1.320000e+03 	 -1.560000e+03 	 2.000000e+00
3 	 20 	 Ey 	 1 	 1.375340e+00 	 -1.080000e+03 	 -1.560000e+03 	 2.000000e+00
3 	 21 	 Ey 	 1 	 8.241743e-01 	 -8.400000e+02 	 -1.560000e+03 	 2.000000e+00
3 	 22 	 Ey 	 1 	 7.752752e-01 	 -6.000000e+02 	 -1.560000e+03 	 2.000000e+00
3 	 23 	 Ey 	 1 	 1.009318e+00 	 -3.600000e+02 	 -1.560000e+03 	 2.000000e+00
3 	 24 	 Ey 	 1 	 6.262511e-01 	 -1.200000e+02 	 -1.560000e+03 	 2.000000e+00
3 	 25 	 Ey 	 1 	 0.000000e+00 	 1.200000e+02 	 -1.560000e+03 	 2.000000e+00
3 	 26 	 Ey 	 1 	 0.000000e+00 	 3.600000e+02 	 -1.560000e+03 	 2.000000e+00
3 	 27 	 Ey 	 1 	 0.000000e+00 	 6.000000e+02 	 -1.560000e+03 	 2.000000e+00
3 	 28 	 Ey 	 1 	 0.000000e+00 	 8.400000e+02 	 -1.560000e+03 	 2.000000e+00
3 	 29 	 Ey 	 1 	 0.000000e+00 	 1.080000e+03 	 -1.560000e+03 	 2.000000e+00
3 	 30 	 Ey 	 1 	 8.084729e-01 	 1.320000e+03 	 -1.560000e+03 	 2.000000e+00
3 	 31 	 Ey 	 1 	 2.176532e+00 	 1.560000e+03 	 -1.560000e+03 	 2.000000e+00
3 	 32 	 Ey 	 1 	 1.127882e+00 	 1.800000e+03 	 -1.560000e+03 	 2.000000e+00
3 	 33 	 Ey 	 1 	 8.661427e-01 	 -1.800000e+03 	 -1.320000e+03 	 2.000000e+00
3 	 34 	 Ey 	 1 	 7.515746e-01 	 -1.560000e+03 	 -1.320000e+03 	 2.000000e+00
3 	 35 	 Ey 	 1 	 1.277496e+00 	 -1.320000e+03 	 -1.320000e+03 	 2.000000e+00
3 	 36 	 Ey 	 1 	 5.446854e-01 	 -1.080000e+03 	 -1.320000e+03 	 2.000000e+00
3 	 37 	 Ey 	 1 	 5.953071e-01 	 -8.400000e+02 	 -1.320000e+03 	 2.000000e+00
3 	 38 	 Ey 	 1 	 5.332370e-01 	 -6.000000e+02 	 -1.320000e+03 	 2.000000e+00
3 	 39 	 Ey 	 1 	 7.194550e-01 	 -3.600000e+02 	 -1.320000e+03 	 2.000000e+00
3 	 40 	 Ey 	 1 	 1.217546e+00 	 -1.200000e+02 	 -1.320000e+03 	 2.000000e+00
3 	 41 	 Ey 	 1 	 0.000000e+00 	 1.200000e+02 	 -1.320000e+03 	 2.000000e+00
3 	 42 	 Ey 	 1 	 0.000000e+00 	 3.600000e+02 	 -1.320000e+03 	 2.000000e+00
3 	 43 	 Ey 	 1 	 0.000000e+00 	 6.000000e+02 	 -1.320000e+03 	 2.000000e+00
3 	 44 	 Ey 	 1 	 0.000000e+00 	 8.400000e+02 	 -1.320000e+03 	 2.000000e+00
3 	 45 	 Ey 	 1 	 1.291245e+00 	 1.080000e+03 	 -1.320000e+03 	 2.000000e+00
3 	 46 	 Ey 	 1 	 1.026323e+00 	 1.320000e+03 	 -1.320000e+03 	 2.000000e+00
3 	 47 	 Ey 	 1 	 1.297233e+00 	 1.560000e+03 	 -1.320000e+03 	 2.000000e+00
3 	 48 	 Ey 	 1 	 8.647205e-01 	 1.800000e+03 	 -1.320000e+03 	 2.000000e+00
3 	 49 	 Ey 	 1 	 1.147645e+00 	 -1.800000e+03 	 -1.080000e+03 	 2.000000e+00
3 	 50 	 Ey 	 1 	 1.809324e+00 	 -1.560000e+03 	 -1.080000e+03 	 2.000000e+00
3 	 51 	 Ey 	 1 	 9.631968e-01 	 -1.320000e+03 	 -1.080000e+03 	 2.000000e+00
3 	 52 	 Ey 	 1 	 1.968629e+00 	 -1.080000e+03 	 -1.080000e+03 	 2.000000e+00
3 	 53 	 Ey 	 1 	 9.644237e-01 	 -8.400000e+02 	 -1.080000e+03 	 2.000000e+00
3 	 54 	 Ey 	 1 	 6.315529e-01 	 -6.000000e+02 	 -1.080000e+03 	 2.000000e+00
3 	 55 	 Ey 	 1 	 1.278918e+00 	 -3.600000e+02 	 -1.080000e+03 	 2.000000e+00
3 	 56 	 Ey 	 1 	 1.082102e+00 	 -1.200000e+02 	 -1.080000e+03 	 2.000000e+00
3 	 57 	 Ey 	 1 	 6.366068e-01 	 1.200000e+02 	 -1.080000e+03 	 2.000000e+00
3 	 58 	 Ey 	 1 	 0.000000e+00 	 3.600000e+02 	 -1.080000e+03 	 2.000000e+00
3 	 59 	 Ey 	 1 	 0.000000e+00 	 6.000000e+02 	 -1.080000e+03 	 2.000000e+00
3 	 60 	 Ey 	 1 	 8.210284e-01 	 8.400000e+02 	 -1.080000e+03 	 2.000000e+00
3 	 61 	 Ey 	 1 	 1.790705e+00 	 1.080000e+03 	 -1.080000e+03 	 2.000000e+00
3 	 62 	 Ey 	 1 	 5.204456e-01 	 1.320000e+03 	 -1.080000e+03 	 2.000000e+00
3 	 63 	 Ey 	 1 	 1.002187e+00 	 1.560000e+03 	 -1.080000e+03 	 2.000000e+00
3 	 64 	 Ey 	 1 	 4.643164e-01 	 1.800000e+03 	 -1.080000e+03 	 2.000000e+00
3 	 65 	 Ey 	 1 	 1.746013e+00 	 -1.800000e+03 	 -8.400000e+02 	 2.000000e+00
3 	 66 	 Ey 	 1 	 1.907179e-01 	 -1.560000e+03 	 -8.400000e+02 	 2.000000e+00
3 	 67 	 Ey 	 1 	 2.110271e+00 	 -1.320000e+03 	 -8.400000e+02 	 2.000000e+00
3 	 68 	 Ey 	 1 	 9.912326e-01 	 -1.080000e+03 	 -8.400000e+02 	 2.000000e+00
3 	 69 	 Ey 	 1 	 1.702944e+00 	 -8.400000e+02 	 -8.400000e+02 	 2.000000e+00
3 	 70 	 Ey 	 1 	 4.809121e-01 	 -6.000000e+02 	 -8.400000e+02 	 2.000000e+00
3 	 71 	 Ey 	 1 	 6.913288e-01 	 -3.600000e+02 	 -8.400000e+02 	 2.000000e+00
3 	 72 	 Ey 	 1 	 6.238786e-01 	 -1.200000e+02 	 -8.400000e+02 	 2.000000e+00
3 	 73 	 Ey 	 1 	 1.056545e+00 	 1.200000e+02 	 -8.400000e+02 	 2.000000e+00
3 	 74 	 Ey 	 1 	 9.686365e-01 	 3.600000e+02 	 -8.400000e+02 	 2.000000e+00
3 	 75 	 Ey 	 1 	 6.666460e-01 	 6.000000e+02 	 -8.400000e+02 	 2.000000e+00
3 	 76 	 Ey 	 1 	 1.231621e+00 	 8.400000e+02 	 -8.400000e+02 	 2.000000e+00
3 	 77 	 Ey 	 1 	 1.809655e+00 	 1.080000e+03 	 -8.400000e+02 	 2.000000e+00
3 	 78 	 Ey 	 1 	 2.187619e+00 	 1.320000e+03 	 -8.400000e+02 	 2.000000e+00
3 	 79 	 Ey 	 1 	 1.673914e+00 	 1.560000e+03 	 -8.400000e+02 	 2.000000e+00
3 	 80 	 Ey 	 1 	 8.282965e-01 	 1.800000e+03 	 -8.400000e+02 	 2.000000e+00
3 	 81 	 Ey 	 1 	 7.559663e-01 	 -1.800000e+03 	 -6.000000e+02 	 2.000000e+00
3 	 82 	 Ey 	 1 	 2.580352e-01 	 -1.560000e+03 	 -6.000000e+02 	 2.000000e+00
3 	 83 	 Ey 	 1 	 4.633227e-01 	 -1.320000e+03 	 -6.000000e+02 	 2.000000e+00
3 	 84 	 Ey 	 1 	 1.177548e+00 	 -1.080000e+03 	 -6.000000e+02 	 2.000000e+00
3 	 85 	 Ey 	 1 	 5.410918e-01 	 -8.400000e+02 	 -6.000000e+02 	 2.000000e+00
3 	 86 	 Ey 	 1 	 1.480335e+00 	 -6.000000e+02 	 -6.000000e+02 	 2.000000e+00
3 	 87 	 Ey 	 1 	 1.684379e+00 	 -3.600000e+02 	 -6.000000e+02 	 2.000000e+00
3 	 88 	 Ey 	 1 	 1.011293e+00 	 -1.200000e+02 	 -6.000000e+02 	 2.000000e+00
3 	 89 	 Ey 	 1 	 1.608510e+00 	 1.200000e+02 	 -6.000000e+02 	 2.000000e+00
3 	 90 	 Ey 	 1 	 4.527345e-01 	 3.600000e+02 	 -6.000000e+02 	 2.000000e+00
3 	 91 	 Ey 	 1 	 1.331865e+00 	 6.000000e+02 	 -6.000000e+02 	 2.000000e+00
3 	 92 	 Ey 	 1 	 1.263119e+00 	 8.400000e+02 	 -6.000000e+02 	 2.000000e+00
3 	 93 	 Ey 	 1 	 8.212327e-01 	 1.080000e+03 	 -6.000000e+02 	 2.000000e+00
3 	 94 	 Ey 	 1 	 4.387672e-02 	 1.320000e+03 	 -6.000000e+02 	 2.000000e+00
3 	 95 	 Ey 	 1 	 8.843369e-01 	 1.560000e+03 	 -6.000000e+02 	 2.000000e+00
3 	 96 	 Ey 	 1 	 4.500871e-01 	 1.800000e+03 	 -6.000000e+02 	 2.000000e+00
3 	 97 	 Ey 	 1 	 8.909150e-01 	 -1.800000e+03 	 -3.600000e+02 	 2.000000e+00
3 	 98 	 Ey 	 1 	 7.972634e-01 	 -1.560000e+03 	 -3.600000e+02 	 2.000000e+00
3 	 99 	 Ey 	 1 	 9.584083e-01 	 -1.320000e+03 	 -3.600000e+02 	 2.000000e+00
3 	 100 	 Ey 	 1 	 1.463562e-01 	 -1.080000e+03 	 -3.600000e+02 	 2.000000e+00
3 	 101 	 Ey 	 1 	 1.137506e+00 	 -8.400000e+02 	 -3.600000e+02 	 2.000000e+00
3 	 102 	 Ey 	 1 	 4.876848e-01 	 -6.000000e+02 	 -3.600000e+02 	 2.000000e+00
3 	 103 	 Ey 	 1 	 7.864426e-01 	 -3.600000e+02 	 -3.600000e+02 	 2.000000e+00
3 	 104 	 Ey 	 1 	 9.139503e-01 	 -1.200000e+02 	 -3.600000e+02 	 2.000000e+00
3 	 105 	 Ey 	 1 	 7.726603e-01 	 1.200000e+02 	 -3.600000e+02 	 2.000000e+00
3 	 106 	 Ey 	 1 	 8.958983e-01 	 3.600000e+02 	 -3.600000e+02 	 2.000000e+00
3 	 107 	 Ey 	 1 	 4.497754e-01 	 6.000000e+02 	 -3.600000e+02 	 2.000000e+00
3 	 108 	 Ey 	 1 	 5.930637e-01 	 8.400000e+02 	 -3.600000e+02 	 2.000000e+00
3 	 109 	 Ey 	 1 	 5.036809e-01 	 1.080000e+03 	 -3.600000e+02 	 2.000000e+00
3 	 110 	 Ey 	 1 	 8.836970e-01 	 1.320000e+03 	 -3.600000e+02 	 2.000000e+00
3 	 111 	 Ey 	 1 	 4.895135e-01 	 1.560000e+03 	 -3.600000e+02 	 2.000000e+00
3 	 112 	 Ey 	 1 	 1.805040e+00 	 1.800000e+03 	 -3.600000e+02 	 2.000000e+00
3 	 113 	 Ey 	 1 	 8.376046e-01 	 -1.800000e+03 	 -1.200000e+02 	 2.000000e+00
3 	 114 	 Ey 	 1 	 4.515333e-01 	 -1.560000e+03 	 -1.200000e+02 	 2.000000e+00
3 	 115 	 Ey 	 1 	 8.971238e-01 	 -1.320000e+03 	 -1.200000e+02 	 2.000000e+00
3 	 116 	 Ey 	 1 	 6.740456e-01 	 -1.080000e+03 	 -1.200000e+02 	 2.000000e+00
3 	 117 	 Ey 	 1 	 8.578083e-01 	 -8.400000e+02 	 -1.200000e+02 	 2.000000e+00
3 	 118 	 Ey 	 1 	 6.801672e-01 	 -6.000000e+02 	 -1.200000e+02 	 2.000000e+00
3 	 119 	 Ey 	 1 	 1.394941e+00 	 -3.600000e+02 	 -1.200000e+02 	 2.000000e+00
3 	 120 	 Ey 	 1 	 1.456555e+00 	 -1.200000e+02 	 -1.200000e+02 	 2.000000e+00
3 	 121 	 Ey 	 1 	 1.081670e+00 	 1.200000e+02 	 -1.200000e+02 	 2.000000e+00
3 	 122 	 Ey 	 1 	 1.533659e+00 	 3.600000e+02 	 -1.200000e+02 	 2.000000e+00
3 	 123 	 Ey 	 1 	 2.452956e+00 	 6.000000e+02 	 -1.200000e+02 	 2.000000e+00
3 	 124 	 Ey 	 1 	 1.486988e+00 	 8.400000e+02 	 -1.200000e+02 	 2.000000e+00
3 	 125 	 Ey 	 1 	 1.557237e+00 	 1.080000e+03 	 -1.200000e+02 	 2.000000e+00
3 	 126 	 Ey 	 1 	 2.001011e+00 	 1.320000e+03 	 -1.200000e+02 	 2.000000e+00
3 	 127 	 Ey 	 1 	 1.463682e+00 	 1.560000e+03 	 -1.200000e+02 	 2.000000e+00
3 	 128 	 Ey 	 1 	 3.405700e-01 	 1.800000e+03 	 -1.200000e+02 	 2.000000e+00
3 	 129 	 Ey 	 1 	 1.906763e+00 	 -1.800000e+03 	 1.200000e+02 	 2.000000e+00
3 	 130 	 Ey 	 1 	 2.216148e+00 	 -1.560000e+03 	 1.200000e+02 	 2.000000e+00
3 	 131 	 Ey 	 1 	 3.510957e-01 	 -1.320000e+03 	 1.200000e+02 	 2.000000e+00
3 	 132 	 Ey 	 1 	 1.192526e+00 	 -1.080000e+03 	 1.200000e+02 	 2.000000e+00
3 	 133 	 Ey 	 1 	 4.595353e-01 	 -8.400000e+02 	 1.200000e+02 	 2.000000e+00
3 	 134 	 Ey 	 1 	 2.604731e-01 	 -6.000000e+02 	 1.200000e+02 	 2.000000e+00
3 	 135 	 Ey 	 1 	 2.246432e+00 	 -3.600000e+02 	 1.200000e+02 	 2.000000e+00
3 	 136 	 Ey 	 1 	 1.983869e+00 	 -1.200000e+02 	 1.200000e+02 	 2.000000e+00
3 	 137 	 Ey 	 1 	 1.193747e-01 	 1.200000e+02 	 1.200000e+02 	 2.000000e+00
3 	 138 	 Ey 	 1 	 8.960764e-01 	 3.600000e+02 	 1.200000e+02 	 2.000000e+00
3 	 139 	 Ey 	 1 	 6.584327e-01 	 6.000000e+02 	 1.200000e+02 	 2.000000e+00
3 	 140 	 Ey 	 1 	 7.069054e-01 	 8.400000e+02 	 1.200000e+02 	 2.000000e+00
3 	 141 	 Ey 	 1 	 1.136634e+00 	 1.080000e+03 	 1.200000e+02 	 2.000000e+00
3 	 142 	 Ey 	 1 	 1.023155e+00 	 1.320000e+03 	 1.200000e+02 	 2.000000e+00
3 	 143 	 Ey 	 1 	 8.589221e-01 	 1.560000e+03 	 1.200000e+02 	 2.000000e+00
3 	 144 	 Ey 	 1 	 7.234687e-01 	 1.800000e+03 	 1.200000e+02 	 2.000000e+00
3 	 145 	 Ey 	 1 	 1.810846e+00 	 -1.800000e+03 	 3.600000e+02 	 2.000000e+00
3 	 146 	 Ey 	 1 	 9.727759e-01 	 -1.560000e+03 	 3.600000e+02 	 2.000000e+00
3 	 147 	 Ey 	 1 	 1.267066e+00 	 -1.320000e+03 	 3.600000e+02 	 2.000000e+00
3 	 148 	 Ey 	 1 	 9.538695e-01 	 -1.080000e+03 	 3.600000e+02 	 2.000000e+00
3 	 149 	 Ey 	 1 	 2.006570e+00 	 -8.400000e+02 	 3.600000e+02 	 2.000000e+00
3 	 150 	 Ey 	 1 	 1.731194e-01 	 -6.000000e+02 	 3.600000e+02 	 2.000000e+00
3 	 151 	 Ey 	 1 	 4.341841e-01 	 -3.600000e+02 	 3.600000e+02 	 2.000000e+00
3 	 152 	 Ey 	 1 	 1.838970e+00 	 -1.200000e+02 	 3.600000e+02 	 2.000000e+00
3 	 153 	 Ey 	 1 	 6.900499e-01 	 1.200000e+02 	 3.600000e+02 	 2.000000e+00
3 	 154 	 Ey 	 1 	 1.894177e-01 	 3.600000e+02 	 3.600000e+02 	 2.000000e+00
3 	 155 	 Ey 	 1 	 6.869357e-01 	 6.000000e+02 	 3.600000e+02 	 2.000000e+00
3 	 156 	 Ey 	 1 	 1.728697e+00 	 8.400000e+02 	 3.600000e+02 	 2.000000e+00
3 	 157 	 Ey 	 1 	 5.736066e-01 	 1.080000e+03 	 3.600000e+02 	 2.000000e+00
3 	 158 	 Ey 	 1 	 2.895984e-01 	 1.320000e+03 	 3.600000e+02 	 2.000000e+00
3 	 159 	 Ey 	 1 	 1.273889e+00 	 1.560000e+03 	 3.600000e+02 	 2.000000e+00
3 	 160 	 Ey 	 1 	 2.147865e+00 	 1.800000e+03 	 3.600000e+02 	 2.000000e+00
3 	 161 	 Ey 	 1 	 2.240748e+00 	 -1.800000e+03 	 6.000000e+02 	 2.000000e+00
3 	 162 	 Ey 	 1 	 8.958423e-01 	 -1.560000e+03 	 6.000000e+02 	 2.000000e+00
3 	 163 	 Ey 	 1 	 1.113601e+00 	 -1.320000e+03 	 6.000000e+02 	 2.000000e+00
3 	 164 	 Ey 	 1 	 3.122503e-01 	 -1.080000e+03 	 6.000000e+02 	 2.000000e+00
3 	 165 	 Ey 	 1 	 1.316813e+00 	 -8.400000e+02 	 6.000000e+02 	 2.000000e+00
3 	 166 	 Ey 	 1 	 7.782382e-01 	 -6.000000e+02 	 6.000000e+02 	 2.000000e+00
3 	 167 	 Ey 	 1 	 4.385089e-01 	 -3.600000e+02 	 6.000000e+02 	 2.000000e+00
3 	 168 	 Ey 	 1 	 5.041231e-01 	 -1.200000e+02 	 6.000000e+02 	 2.000000e+00
3 	 169 	 Ey 	 1 	 1.975335e+00 	 1.200000e+02 	 6.000000e+02 	 2.000000e+00
3 	 170 	 Ey 	 1 	 1.225203e+00 	 3.600000e+02 	 6.000000e+02 	 2.000000e+00
3 	 171 	 Ey 	 1 	 7.147626e-01 	 6.000000e+02 	 6.000000e+02 	 2.000000e+00
3 	 172 	 Ey 	 1 	 8.248184e-01 	 8.400000e+02 	 6.000000e+02 	 2.000000e+00
3 	 173 	 Ey 	 1 	 1.664052e+00 	 1.080000e+03 	 6.000000e+02 	 2.000000e+00
3 	 174 	 Ey 	 1 	 9.409499e-01 	 1.320000e+03 	 6.000000e+02 	 2.000000e+00
3 	 175 	 Ey 	 1 	 3.274727e-01 	 1.560000e+03 	 6.000000e+02 	 2.000000e+00
3 	 176 	 Ey 	 1 	 1.638322e+00 	 1.800000e+03 	 6.000000e+02 	 2.000000e+00
3 	 177 	 Ey 	 1 	 2.072135e-01 	 -1.800000e+03 	 8.400000e+02 	 2.000000e+00
3 	 178 	 Ey 	 1 	 1.880132e+00 	 -1.560000e+03 	 8.400000e+02 	 2.000000e+00
3 	 179 	 Ey 	 1 	 5.837831e-01 	 -1.320000e+03 	 8.400000e+02 	 2.000000e+00
3 	 180 	 Ey 	 1 	 5.000920e-01 	 -1.080000e+03 	 8.400000e+02 	 2.000000e+00
3 	 181 	 Ey 	 1 	 3.567545e-01 	 -8.400000e+02 	 8.400000e+02 	 2.000000e+00
3 	 182 	 Ey 	 1 	 5.830002e-01 	 -6.000000e+02 	 8.400000e+02 	 2.000000e+00
3 	 183 	 Ey 	 1 	 1.155242e+00 	 -3.600000e+02 	 8.400000e+02 	 2.000000e+00
3 	 184 	 Ey 	 1 	 4.290212e-01 	 -1.200000e+02 	 8.400000e+02 	 2.000000e+00
3 	 185 	 Ey 	 1 	 1.711618e+00 	 1.200000e+02 	 8.400000e+02 	 2.000000e+00
3 	 186 	 Ey 	 1 	 1.017308e+00 	 3.600000e+02 	 8.400000e+02 	 2.000000e+00
3 	 187 	 Ey 	 1 	 1.544765e+00 	 6.000000e+02 	 8.400000e+02 	 2.000000e+00
3 	 188 	 Ey 	 1 	 1.618940e+00 	 8.400000e+02 	 8.400000e+02 	 2.000000e+00
3 	 189 	 Ey 	 1 	 5.256487e-01 	 1.080000e+03 	 8.400000e+02 	 2.000000e+00
3 	 190 	 Ey 	 1 	 1.914901e-01 	 1.320000e+03 	 8.400000e+02 	 2.000000e+00
3 	 191 	 Ey 	 1 	 1.699619e-01 	 1.560000e+03 	 8.400000e+02 	 2.000000e+00
3 	 192 	 Ey 	 1 	 7.037902e-01 	 1.800000e+03 	 8.400000e+02 	 2.000000e+00
3 	 193 	 Ey 	 1 	 9.696818e-01 	 -1.800000e+03 	 1.080000e+03 	 2.000000e+00
3 	 194 	 Ey 	 1 	 1.521322e+00 	 -1.560000e+03 	 1.080000e+03 	 2.000000e+00
3 	 195 	 Ey 	 1 	 1.308081e+00 	 -1.320000e+03 	 1.080000e+03 	 2.000000e+00
3 	 196 	 Ey 	 1 	 1.122703e+00 	 -1.080000e+03 	 1.080000e+03 	 2.000000e+00
3 	 197 	 Ey 	 1 	 7.876818e-01 	 -8.400000e+02 	 1.080000e+03 	 2.000000e+00
3 	 198 	 Ey 	 1 	 8.377462e-01 	 -6.000000e+02 	 1.080000e+03 	 2.000000e+00
3 	 199 	 Ey 	 1 	 8.610274e-01 	 -3.600000e+02 	 1.080000e+03 	 2.000000e+00
3 	 200 	 Ey 	 1 	 1.163590e+00 	 -1.200000e+02 	 1.080000e+03 	 2.000000e+00
3 	 201 	 Ey 	 1 	 3.931027e-01 	 1.200000e+02 	 1.080000e+03 	 2.000000e+00
3 	 202 	 Ey 	 1 	 1.337874e+00 	 3.600000e+02 	 1.080000e+03 	 2.000000e+00
3 	 203 	 Ey 	 1 	 8.928981e-01 	 6.000000e+02 	 1.080000e+03 	 2.000000e+00
3 	 204 	 Ey 	 1 	 1.213607e+00 	 8.400000e+02 	 1.080000e+03 	 2.000000e+00
3 	 205 	 Ey 	 1 	 2.824397e-01 	 1.080000e+03 	 1.080000e+03 	 2.000000e+00
3 	 206 	 Ey 	 1 	 1.319370e+00 	 1.320000e+03 	 1.080000e+03 	 2.000000e+00
3 	 207 	 Ey 	 1 	 1.191620e+00 	 1.560000e+03 	 1.080000e+03 	 2.000000e+00
3 	 208 	 Ey 	 1 	 8.705157e-01 	 1.800000e+03 	 1.080000e+03 	 2.000000e+00
3 	 209 	 Ey 	 1 	 9.903077e-01 	 -1.800000e+03 	 1.320000e+03 	 2.000000e+00
3 	 210 	 Ey 	 1 	 6.553848e-01 	 -1.560000e+03 	 1.320000e+03 	 2.000000e+00
3 	 211 	 Ey 	 1 	 8.505908e-01 	 -1.320000e+03 	 1.320000e+03 	 2.000000e+00
3 	 212 	 Ey 	 1 	 1.410044e+00 	 -1.080000e+03 	 1.320000e+03 	 2.000000e+00
3 	 213 	 Ey 	 1 	 4.796547e-01 	 -8.400000e+02 	 1.320000e+03 	 2.000000e+00
3 	 214 	 Ey 	 1 	 1.159861e+00 	 -6.000000e+02 	 1.320000e+03 	 2.000000e+00
3 	 215 	 Ey 	 1 	 9.628538e-01 	 -3.600000e+02 	 1.320000e+03 	 2.000000e+00
3 	 216 	 Ey 	 1 	 1.578541e+00 	 -1.200000e+02 	 1.320000e+03 	 2.000000e+00
3 	 217 	 Ey 	 1 	 9.181087e-01 	 1.200000e+02 	 1.320000e+03 	 2.000000e+00
3 	 218 	 Ey 	 1 	 1.685130e+00 	 3.600000e+02 	 1.320000e+03 	 2.000000e+00
3 	 219 	 Ey 	 1 	 6.116220e-01 	 6.000000e+02 	 1.320000e+03 	 2.000000e+00
3 	 220 	 Ey 	 1 	 1.734363e+00 	 8.400000e+02 	 1.320000e+03 	 2.000000e+00
3 	 221 	 Ey 	 1 	 1.155040e+00 	 1.080000e+03 	 1.320000e+03 	 2.000000e+00
3 	 222 	 Ey 	 1 	 7.980545e-01 	 1.320000e+03 	 1.320000e+03 	 2.000000e+00
3 	 223 	 Ey 	 1 	 1.045817e+00 	 1.560000e+03 	 1.320000e+03 	 2.000000e+00
3 	 224 	 Ey 	 1 	 1.141732e+00 	 1.800000e+03 	 1.320000e+03 	 2.000000e+00
3 	 225 	 Ey 	 1 	 4.417769e-01 	 -1.800000e+03 	 1.560000e+03 	 2.000000e+00
3 	 226 	 Ey 	 1 	 5.591177e-01 	 -1.560000e+03 	 1.560000e+03 	 2.000000e+00
3 	 227 	 Ey 	 1 	 1.052607e+00 	 -1.320000e+03 	 1.560000e+03 	 2.000000e+00
3 	 228 	 Ey 	 1 	 1.840659e+00 	 -1.080000e+03 	 1.560000e+03 	 2.000000e+00
3 	 229 	 Ey 	 1 	 8.141093e-01 	 -8.400000e+02 	 1.560000e+03 	 2.000000e+00
3 	 230 	 Ey 	 1 	 1.849606e+00 	 -6.000000e+02 	 1.560000e+03 	 2.000000e+00
3 	 231 	 Ey 	 1 	 1.043774e+00 	 -3.600000e+02 	 1.560000e+03 	 2.000000e+00
3 	 232 	 Ey 	 1 	 2.870656e+00 	 -1.200000e+02 	 1.560000e+03 	 2.000000e+00
3 	 233 	 Ey 	 1 	 6.302618e-01 	 1.200000e+02 	 1.560000e+03 	 2.000000e+00
3 	 234 	 Ey 	 1 	 1.369886e+00 	 3.600000e+02 	 1.560000e+03 	 2.000000e+00
3 	 235 	 Ey 	 1 	 4.253716e-01 	 6.000000e+02 	 1.560000e+03 	 2.000000e+00
3 	 236 	 Ey 	 1 	 4.927235e-01 	 8.400000e+02 	 1.560000e+03 	 2.000000e+00
3 	 237 	 Ey 	 1 	 1.332275e+00 	 1.080000e+03 	 1.560000e+03 	 2.000000e+00
3 	 238 	 Ey 	 1 	 1.100862e+00 	 1.320000e+03 	 1.560000e+03 	 2.000000e+00
3 	 239 	 Ey 	 1 	 9.719883e-01 	 1.560000e+03 	 1.560000e+03 	 2.000000e+00
3 	 240 	 Ey 	 1 	 1.231369e+00 	 1.800000e+03 	 1.560000e+03 	 2.000000e+00
3 	 241 	 Ey 	 1 	 3.716406e-01 	 -1.800000e+03 	 1.800000e+03 	 2.000000e+00
3 	 242 	 Ey 	 1 	 2.294832e-02 	 -1.560000e+03 	 1.800000e+03 	 2.000000e+00
3 	 243 	 Ey 	 1 	 9.840150e-01 	 -1.320000e+03 	 1.800000e+03 	 2.000000e+00
3 	 244 	 Ey 	 1 	 2.197429e+00 	 -1.080000e+03 	 1.800000e+03 	 2.000000e+00
3 	 245 	 Ey 	 1 	 1.822559e+00 	 -8.400000e+02 	 1.800000e+03 	 2.000000e+00
3 	 246 	 Ey 	 1 	 1.502751e+00 	 -6.000000e+02 	 1.800000e+03 	 2.000000e+00
3 	 247 	 Ey 	 1 	 1.013148e+00 	 -3.600000e+02 	 1.800000e+03 	 2.000000e+00
3 	 248 	 Ey 	 1 	 5.534785e-01 	 -1.200000e+02 	 1.800000e+03 	 2.000000e+00
3 	 249 	 Ey 	 1 	 1.204318e+00 	 1.200000e+02 	 1.800000e+03 	 2.000000e+00
3 	 250 	 Ey 	 1 	 1.910298e+00 	 3.600000e+02 	 1.800000e+03 	 2.000000e+00
3 	 251 	 Ey 	 1 	 8.800533e-01 	 6.000000e+02 	 1.800000e+03 	 2.000000e+00
3 	 252 	 Ey 	 1 	 1.611351e+00 	 8.400000e+02 	 1.800000e+03 	 2.000000e+00
3 	 253 	 Ey 	 1 	 2.063270e+00 	 1.080000e+03 	 1.800000e+03 	 2.000000e+00
3 	 254 	 Ey 	 1 	 1.269328e+00 	 1.320000e+03 	 1.800000e+03 	 2.000000e+00
3 	 255 	 Ey 	 1 	 5.656814e-01 	 1.560000e+03 	 1.800000e+03 	 2.000000e+00
3 	 256 	 Ey 	 1 	 6.082278e-01 	 1.800000e+03 	 1.800000e+03 	 2.000000e+00
3 	 1 	 Ey 	 2 	 1.545817e+00 	 -1.800000e+03 	 -1.800000e+03 	 2.000000e+00
3 	 2 	 Ey 	 2 	 1.117248e+00 	 -1.560000e+03 	 -1.800000e+03 	 2.000000e+00
3 	 3 	 Ey 	 2 	 4.301878e-01 	 -1.320000e+03 	 -1.800000e+03 	 2.000000e+00
3 	 4 	 Ey 	 2 	 3.445299e-01 	 -1.080000e+03 	 -1.800000e+03 	 2.000000e+00
3 	 5 	 Ey 	 2 	 6.891440e-01 	 -8.400000e+02 	 -1.800000e+03 	 2.000000e+00
3 	 6 	 Ey 	 2 	 1.665141e+00 	 -6.000000e+02 	 -1.800000e+03 	 2.000000e+00
3 	 7 	 Ey 	 2 	 1.806079e+00 	 -3.600000e+02 	 -1.800000e+03 	 2.000000e+00
3 	 8 	 Ey 	 2 	 1.244677e+00 	 -1.200000e+02 	 -1.800000e+03 	 2.000000e+00
3 	 9 	 Ey 	 2 	 0.000000e+00 	 1.200000e+02 	 -1.800000e+03 	 2.000000e+00
3 	 10 	 Ey 	 2 	 0.000000e+00 	 3.600000e+02 	 -1.800000e+03 	 2.000000e+00
3 	 11 	 Ey 	 2 	 0.000000e+00 	 6.000000e+02 	 -1.800000e+03 	 2.000000e+00
3 	 12 	 Ey 	 2 	 0.000000e+00 	 8.400000e+02 	 -1.800000e+03 	 2.000000e+00
3 	 13 	 Ey 	 2 	 0.000000e+00 	 1.080000e+03 	 -1.800000e+03 	 2.000000e+00
3 	 14 	 Ey 	 2 	 9.985092e-01 	 1.320000e+03 	 -1.800000e+03 	 2.000000e+00
3 	 15 	 Ey 	 2 	 1.382543e+00 	 1.560000e+03 	 -1.800000e+03 	 2.000000e+00
3 	 16 	 Ey 	 2 	 5.433779e-01 	 1.800000e+03 	 -1.800000e+03 	 2.000000e+00
3 	 17 	 Ey 	 2 	 8.806952e-01 	 -1.800000e+03 	 -1.560000e+03 	 2.000000e+00
3 	 18 	 Ey 	 2 	 2.072255e+00 	 -1.560000e+03 	 -1.560000e+03 	 2.000000e+00
3 	 19 	 Ey 	 2 	 1.054918e+00 	 -1.320000e+03 	 -1.560000e+03 	 2.000000e+00
3 	 20 	 Ey 	 2 	 3.080614e-01 	 -1.080000e+03 	 -1.560000e+03 	 2.000000e+00
3 	 21 	 Ey 	 2 	 4.243467e-01 	 -8.400000e+02 	 -1.560000e+03 	 2.000000e+00
3 	 22 	 Ey 	 2 	 7.877417e-01 	 -6.000000e+02 	 -1.560000e+03 	 2.000000e+00
3 	 23 	 Ey 	 2 	 1.512212e+00 	 -3.600000e+02 	 -1.560000e+03 	 2.000000e+00
3 	 24 	 Ey 	 2 	 6.265946e-01 	 -1.200000e+02 	 -1.560000e+03 	 2.000000e+00
3 	 25 	 Ey 	 2 	 0.000000e+00 	 1.200000e+02 	 -1.560000e+03 	 2.000000e+00
3 	 26 	 Ey 	 2 	 0.000000e+00 	 3.600000e+02 	 -1.560000e+03 	 2.000000e+00
3 	 27 	 Ey 	 2 	 0.000000e+00 	 6.000000e+02 	 -1.560000e+03 	 2.000000e+00
3 	 28 	 Ey 	 2 	 0.000000e+00 	 8.400000e+02 	 -1.560000e+03 	 2.000000e+00
3 	 29 	 Ey 	 2 	 0.000000e+00 	 1.080000e+03 	 -1.560000e+03 	 2.000000e+00
3 	 30 	 Ey 	 2 	 1.676013e-01 	 1.320000e+03 	 -1.560000e+03 	 2.000000e+00
3 	 31 	 Ey 	 2 	 7.516730e-01 	 1.560000e+03 	 -1.560000e+03 	 2.000000e+00
3 	 32 	 Ey 	 2 	 1.312409e+00 	 1.800000e+03 	 -1.560000e+03 	 2.000000e+00
3 	 33 	 Ey 	 2 	 8.785235e-01 	 -1.800000e+03 	 -1.320000e+03 	 2.000000e+00
3 	 34 	 Ey 	 2 	 9.576787e-01 	 -1.560000e+03 	 -1.320000e+03 	 2.000000e+00
3 	 35 	 Ey 	 2 	 1.403738e+00 	 -1.320000e+03 	 -1.320000e+03 	 2.000000e+00
3 	 36 	 Ey 	 2 	 1.290375e+00 	 -1.080000e+03 	 -1.320000e+03 	 2.000000e+00
3 	 37 	 Ey 	 2 	 1.717361e+00 	 -8.400000e+02 	 -1.320000e+03 	 2.000000e+00
3 	 38 	 Ey 	 2 	 8.390393e-01 	 -6.000000e+02 	 -1.320000e+03 	 2.000000e+00
3 	 39 	 Ey 	 2 	 9.838416e-01 	 -3.600000e+02 	 -1.320000e+03 	 2.000000e+00
3 	 40 	 Ey 	 2 	 8.841430e-01 	 -1.200000e+02 	 -1.320000e+03 	 2.000000e+00
3 	 41 	 Ey 	 2 	 0.000000e+00 	 1.200000e+02 	 -1.320000e+03 	 2.000000e+00
3 	 42 	 Ey 	 2 	 0.000000e+00 	 3.600000e+02 	 -1.320000e+03 	 2.000000e+00
3 	 43 	 Ey 	 2 	 0.000000e+00 	 6.000000e+02 	 -1.320000e+03 	 2.000000e+00
3 	 44 	 Ey 	 2 	 0.000000e+00 	 8.400000e+02 	 -1.320000e+03 	 2.000000e+00
3 	 45 	 Ey 	 2 	 1.228827e+00 	 1.080000e+03 	 -1.320000e+03 	 2.000000e+00
3 	 46 	 Ey 	 2 	 4.316888e-01 	 1.320000e+03 	 -1.320000e+03 	 2.000000e+00
3 	 47 	 Ey 	 2 	 1.102287e+00 	 1.560000e+03 	 -1.320000e+03 	 2.000000e+00
3 	 48 	 Ey 	 2 	 1.672449e+00 	 1.800000e+03 	 -1.320000e+03 	 2.000000e+00
3 	 49 	 Ey 	 2 	 1.315753e+00 	 -1.800000e+03 	 -1.080000e+03 	 2.000000e+00
3 	 50 	 Ey 	 2 	 2.559624e-01 	 -1.560000e+03 	 -1.080000e+03 	 2.000000e+00
3 	 51 	 Ey 	 2 	 1.720545e+00 	 -1.320000e+03 	 -1.080000e+03 	 2.000000e+00
3 	 52 	 Ey 	 2 	 1.491825e+00 	 -1.080000e+03 	 -1.080000e+03 	 2.000000e+00
3 	 53 	 Ey 	 2 	 3.564612e-01 	 -8.400000e+02 	 -1.080000e+03 	 2.000000e+00
3 	 54 	 Ey 	 2 	 1.255409e+00 	 -6.000000e+02 	 -1.080000e+03 	 2.000000e+00
3 	 55 	 Ey 	 2 	 6.143621e-01 	 -3.600000e+02 	 -1.080000e+03 	 2.000000e+00
3 	 56 	 Ey 	 2 	 7.440119e-01 	 -1.200000e+02 	 -1.080000e+03 	 2.000000e+00
3 	 57 	 Ey 	 2 	 5.015212e-01 	 1.200000e+02 	 -1.080000e+03 	 2.000000e+00
3 	 58 	 Ey 	 2 	 0.000000e+00 	 3.600000e+02 	 -1.080000e+03 	 2.000000e+00
3 	 59 	 Ey 	 2 	 0.000000e+00 	 6.000000e+02 	 -1.080000e+03 	 2.000000e+00
3 	 60 	 Ey 	 2 	 1.760836e+00 	 8.400000e+02 	 -1.080000e+03 	 2.000000e+00
3 	 61 	 Ey 	 2 	 5.060000e-01 	 1.080000e+03 	 -1.080000e+03 	 2.000000e+00
3 	 62 	 Ey 	 2 	 1.718695e-01 	 1.320000e+03 	 -1.080000e+03 	 2.000000e+00
3 	 63 	 Ey 	 2 	 1.725109e+00 	 1.560000e+03 	 -1.080000e+03 	 2.000000e+00
3 	 64 	 Ey 	 2 	 1.289562e+00 	 1.800000e+03 	 -1.080000e+03 	 2.000000e+00
3 	 65 	 Ey 	 2 	 2.229515e-01 	 -1.800000e+03 	 -8.400000e+02 	 2.000000e+00
3 	 66 	 Ey 	 2 	 1.090718e+00 	 -1.560000e+03 	 -8.400000e+02 	 2.000000e+00
3 	 67 	 Ey 	 2 	 8.380915e-01 	 -1.320000e+03 	 -8.400000e+02 	 2.000000e+00
3 	 68 	 Ey 	 2 	 7.065974e-01 	 -1.080000e+03 	 -8.400000e+02 	 2.000000e+00
3 	 69 	 Ey 	 2 	 1.056457e+00 	 -8.400000e+02 	 -8.400000e+02 	 2.000000e+00
3 	 70 	 Ey 	 2 	 1.305262e+00 	 -6.000000e+02 	 -8.400000e+02 	 2.000000e+00
3 	 71 	 Ey 	 2 	 1.098223e+00 	 -3.600000e+02 	 -8.400000e+02 	 2.000000e+00
3 	 72 	 Ey 	 2 	 1.329645e+00 	 -1.200000e+02 	 -8.400000e+02 	 2.000000e+00
3 	 73 	 Ey 	 2 	 1.336547e+00 	 1.200000e+02 	 -8.400000e+02 	 2.000000e+00
3 	 74 	 Ey 	 2 	 2.015897e+00 	 3.600000e+02 	 -8.400000e+02 	 2.000000e+00
3 	 75 	 Ey 	 2 	 6.858861e-01 	 6.000000e+02 	 -8.400000e+02 	 2.000000e+00
3 	 76 	 Ey 	 2 	 1.092054e+00 	 8.400000e+02 	 -8.400000e+02 	 2.000000e+00
3 	 77 	 Ey 	 2 	 1.705688e-01 	 1.080000e+03 	 -8.400000e+02 	 2.000000e+00
3 	 78 	 Ey 	 2 	 1.029643e+00 	 1.320000e+03 	 -8.400000e+02 	 2.000000e+00
3 	 79 	 Ey 	 2 	 1.132949e+00 	 1.560000e+03 	 -8.400000e+02 	 2.000000e+00
3 	 80 	 Ey 	 2 	 5.984083e-01 	 1.800000e+03 	 -8.400000e+02 	 2.000000e+00
3 	 81 	 Ey 	 2 	 8.882728e-01 	 -1.800000e+03 	 -6.000000e+02 	 2.000000e+00
3 	 82 	 Ey 	 2 	 6.403749e-01 	 -1.560000e+03 	 -6.000000e+02 	 2.000000e+00
3 	 83 	 Ey 	 2 	 2.420376e+00 	 -1.320000e+03 	 -6.000000e+02 	 2.000000e+00
3 	 84 	 Ey 	 2 	 1.471106e+00 	 -1.080000e+03 	 -6.000000e+02 	 2.000000e+00
3 	 85 	 Ey 	 2 	 9.531553e-01 	 -8.400000e+02 	 -6.000000e+02 	 2.000000e+00
3 	 86 	 Ey 	 2 	 1.707391e+00 	 -6.000000e+02 	 -6.000000e+02 	 2.000000e+00
3 	 87 	 Ey 	 2 	 1.500361e+00 	 -3.600000e+02 	 -6.000000e+02 	 2.000000e+00
3 	 88 	 Ey 	 2 	 1.063507e+00 	 -1.200000e+02 	 -6.000000e+02 	 2.000000e+00
3 	 89 	 Ey 	 2 	 1.302280e+00 	 1.200000e+02 	 -6.000000e+02 	 2.000000e+00
3 	 90 	 Ey 	 2 	 1.336037e+00 	 3.600000e+02 	 -6.000000e+02 	 2.000000e+00
3 	 91 	 Ey 	 2 	 1.558082e+00 	 6.000000e+02 	 -6.000000e+02 	 2.000000e+00
3 	 92 	 Ey 	 2 	 1.441341e+00 	 8.400000e+02 	 -6.000000e+02 	 2.000000e+00
3 	 93 	 Ey 	 2 	 9.694560e-01 	 1.080000e+03 	 -6.000000e+02 	 2.000000e+00
3 	 94 	 Ey 	 2 	 5.085962e-01 	 1.320000e+03 	 -6.000000e+02 	 2.000000e+00
3 	 95 	 Ey 	 2 	 1.032119e+00 	 1.560000e+03 	 -6.000000e+02 	 2.000000e+00
3 	 96 	 Ey 	 2 	 7.753929e-01 	 1.800000e+03 	 -6.000000e+02 	 2.000000e+00
3 	 97 	 Ey 	 2 	 2.310263e+00 	 -1.800000e+03 	 -3.600000e+02 	 2.000000e+00
3 	 98 	 Ey 	 2 	 2.303698e+00 	 -1.560000e+03 	 -3.600000e+02 	 2.000000e+00
3 	 99 	 Ey 	 2 	 6.017236e-01 	 -1.320000e+03 	 -3.600000e+02 	 2.000000e+00
3 	 100 	 Ey 	 2 	 1.542324e+00 	 -1.080000e+03 	 -3.600000e+02 	 2.000000e+00
3 	 101 	 Ey 	 2 	 1.225788e+00 	 -8.400000e+02 	 -3.600000e+02 	 2.000000e+00
3 	 102 	 Ey 	 2 	 1.528984e+00 	 -6.000000e+02 	 -3.600000e+02 	 2.000000e+00
3 	 103 	 Ey 	 2 	 1.426326e+00 	 -3.600000e+02 	 -3.600000e+02 	 2.000000e+00
3 	 104 	 Ey 	 2 	 6.719875e-01 	 -1.200000e+02 	 -3.600000e+02 	 2.000000e+00
3 	 105 	 Ey 	 2 	 9.569200e-01 	 1.200000e+02 	 -3.600000e+02 	 2.000000e+00
3 	 106 	 Ey 	 2 	 8.729854e-01 	 3.600000e+02 	 -3.600000e+02 	 2.000000e+00
3 	 107 	 Ey 	 2 	 3.636230e-01 	 6.000000e+02 	 -3.600000e+02 	 2.000000e+00
3 	 108 	 Ey 	 2 	 1.641850e+00 	 8.400000e+02 	 -3.600000e+02 	 2.000000e+00
3 	 109 	 Ey 	 2 	 5.721744e-01 	 1.080000e+03 	 -3.600000e+02 	 2.000000e+00
3 	 110 	 Ey 	 2 	 1.749840e+00 	 1.320000e+03 	 -3.600000e+02 	 2.000000e+00
3 	 111 	 Ey 	 2 	 4.634506e-01 	 1.560000e+03 	 -3.600000e+02 	 2.000000e+00
3 	 112 	 Ey 	 2 	 6.338052e-01 	 1.800000e+03 	 -3.600000e+02 	 2.000000e+00
3 	 113 	 Ey 	 2 	 3.683258e+00 	 -1.800000e+03 	 -1.200000e+02 	 2.000000e+00
3 	 114 	 Ey 	 2 	 1.074881e+00 	 -1.560000e+03 	 -1.200000e+02 	 2.000000e+00
3 	 115 	 Ey 	 2 	 3.881334e-01 	 -1.320000e+03 	 -1.200000e+02 	 2.000000e+00
3 	 116 	 Ey 	 2 	 1.250993e+00 	 -1.080000e+03 	 -1.200000e+02 	 2.000000e+00
3 	 117 	 Ey 	 2 	 1.391156e+00 	 -8.400000e+02 	 -1.200000e+02 	 2.000000e+00
3 	 118 	 Ey 	 2 	 9.144549e-01 	 -6.000000e+02 	 -1.200000e+02 	 2.000000e+00
3 	 119 	 Ey 	 2 	 7.329878e-01 	 -3.600000e+02 	 -1.200000e+02 	 2.000000e+00
3 	 120 	 Ey 	 2 	 8.334881e-01 	 -1.200000e+02 	 -1.200000e+02 	 2.000000e+00
3 	 121 	 Ey 	 2 	 1.223946e+00 	 1.200000e+02 	 -1.200000e+02 	 2.000000e+00
3 	 122 	 Ey 	 2 	 4.016169e-01 	 3.600000e+02 	 -1.200000e+02 	 2.000000e+00
3 	 123 	 Ey 	 2 	 2.020100e+00 	 6.000000e+02 	 -1.200000e+02 	 2.000000e+00
3 	 124 	 Ey 	 2 	 1.256993e+00 	 8.400000e+02 	 -1.200000e+02 	 2.000000e+00
3 	 125 	 Ey 	 2 	 9.494513e-01 	 1.080000e+03 	 -1.200000e+02 	 2.000000e+00
3 	 126 	 Ey 	 2 	 1.979340e+00 	 1.320000e+03 	 -1.200000e+02 	 2.000000e+00
3 	 127 	 Ey 	 2 	 1.366521e+00 	 1.560000e+03 	 -1.200000e+02 	 2.000000e+00
3 	 128 	 Ey 	 2 	 1.233994e+00 	 1.800000e+03 	 -1.200000e+02 	 2.000000e+00
3 	 129 	 Ey 	 2 	 1.955844e+00 	 -1.800000e+03 	 1.200000e+02 	 2.000000e+00
3 	 130 	 Ey 	 2 	 2.392748e+00 	 -1.560000e+03 	 1.200000e+02 	 2.000000e+00
3 	 131 	 Ey 	 2 	 7.678724e-01 	 -1.320000e+03 	 1.200000e+02 	 2.000000e+00
3 	 132 	 Ey 	 2 	 1.562072e+00 	 -1.080000e+03 	 1.200000e+02 	 2.000000e+00
3 	 133 	 Ey 	 2 	 9.991893e-01 	 -8.400000e+02 	 1.200000e+02 	 2.000000e+00
3 	 134 	 Ey 	 2 	 6.425368e-01 	 -6.000000e+02 	 1.200000e+02 	 2.000000e+00
3 	 135 	 Ey 	 2 	 1.070211e+00 	 -3.600000e+02 	 1.200000e+02 	 2.000000e+00
3 	 136 	 Ey 	 2 	 9.064550e-01 	 -1.200000e+02 	 1.200000e+02 	 2.000000e+00
3 	 137 	 Ey 	 2 	 1.367368e+00 	 1.200000e+02 	 1.200000e+02 	 2.000000e+00
3 	 138 	 Ey 	 2 	 7.006741e-01 	 3.600000e+02 	 1.200000e+02 	 2.000000e+00
3 	 139 	 Ey 	 2 	 1.289111e+00 	 6.000000e+02 	 1.200000e+02 	 2.000000e+00
3 	 140 	 Ey 	 2 	 2.213952e-01 	 8.400000e+02 	 1.200000e+02 	 2.000000e+00
3 	 141 	 Ey 	 2 	 7.758684e-01 	 1.080000e+03 	 1.200000e+02 	 2.000000e+00
3 	 142 	 Ey 	 2 	 2.250384e+00 	 1.320000e+03 	 1.200000e+02 	 2.000000e+00
3 	 143 	 Ey 	 2 	 8.145751e-01 	 1.560000e+03 	 1.200000e+02 	 2.000000e+00
3 	 144 	 Ey 	 2 	 1.334871e+00 	 1.800000e+03 	 1.200000e+02 	 2.000000e+00
3 	 145 	 Ey 	 2 	 2.294658e+00 	 -1.800000e+03 	 3.600000e+02 	 2.000000e+00
3 	 146 	 Ey 	 2 	 2.541769e+00 	 -1.560000e+03 	 3.600000e+02 	 2.000000e+00
3 	 147 	 Ey 	 2 	 3.492903e-01 	 -1.320000e+03 	 3.600000e+02 	 2.000000e+00
3 	 148 	 Ey 	 2 	 1.368014e+00 	 -1.080000e+03 	 3.600000e+02 	 2.000000e+00
3 	 149 	 Ey 	 2 	 6.582774e-01 	 -8.400000e+02 	 3.600000e+02 	 2.000000e+00
3 	 150 	 Ey 	 2 	 5.796161e-01 	 -6.000000e+02 	 3.600000e+02 	 2.000000e+00
3 	 151 	 Ey 	 2 	 9.502513e-01 	 -3.600000e+02 	 3.600000e+02 	 2.000000e+00
3 	 152 	 Ey 	 2 	 1.018239e+00 	 -1.200000e+02 	 3.600000e+02 	 2.000000e+00
3 	 153 	 Ey 	 2 	 2.909477e-01 	 1.200000e+02 	 3.600000e+02 	 2.000000e+00
3 	 154 	 Ey 	 2 	 2.630936e+00 	 3.600000e+02 	 3.600000e+02 	 2.000000e+00
3 	 155 	 Ey 	 2 	 1.553068e+00 	 6.000000e+02 	 3.600000e+02 	 2.000000e+00
3 	 156 	 Ey 	 2 	 1.332916e+00 	 8.400000e+02 	 3.600000e+02 	 2.000000e+00
3 	 157 	 Ey 	 2 	 9.654509e-01 	 1.080000e+03 	 3.600000e+02 	 2.000000e+00
3 	 158 	 Ey 	 2 	 7.708259e-01 	 1.320000e+03 	 3.600000e+02 	 2.000000e+00
3 	 159 	 Ey 	 2 	 1.106868e+00 	 1.560000e+03 	 3.600000e+02 	 2.000000e+00
3 	 160 	 Ey 	 2 	 6.717032e-01 	 1.800000e+03 	 3.600000e+02 	 2.000000e+00
3 	 161 	 Ey 	 2 	 3.094549e+00 	 -1.800000e+03 	 6.000000e+02 	 2.000000e+00
3 	 162 	 Ey 	 2 	 1.614970e+00 	 -1.560000e+03 	 6.000000e+02 	 2.000000e+00
3 	 163 	 Ey 	 2 	 2.434621e+00 	 -1.320000e+03 	 6.000000e+02 	 2.000000e+00
3 	 164 	 Ey 	 2 	 1.249149e+00 	 -1.080000e+03 	 6.000000e+02 	 2.000000e+00
3 	 165 	 Ey 	 2 	 5.032191e-01 	 -8.400000e+02 	 6.000000e+02 	 2.000000e+00
3 	 166 	 Ey 	 2 	 1.137249e+00 	 -6.000000e+02 	 6.000000e+02 	 2.000000e+00
3 	 167 	 Ey 	 2 	 1.009446e+00 	 -3.600000e+02 	 6.000000e+02 	 2.000000e+00
3 	 168 	 Ey 	 2 	 8.926939e-01 	 -1.200000e+02 	 6.000000e+02 	 2.000000e+00
3 	 169 	 Ey 	 2 	 2.134441e+00 	 1.200000e+02 	 6.000000e+02 	 2.000000e+00
3 	 170 	 Ey 	 2 	 1.045713e+00 	 3.600000e+02 	 6.000000e+02 	 2.000000e+00
3 	 171 	 Ey 	 2 	 1.561121e+00 	 6.000000e+02 	 6.000000e+02 	 2.000000e+00
3 	 172 	 Ey 	 2 	 4.958750e-01 	 8.400000e+02 	 6.000000e+02 	 2.000000e+00
3 	 173 	 Ey 	 2 	 6.929293e-01 	 1.080000e+03 	 6.000000e+02 	 2.000000e+00
3 	 174 	 Ey 	 2 	 9.570256e-01 	 1.320000e+03 	 6.000000e+02 	 2.000000e+00
3 	 175 	 Ey 	 2 	 2.967777e-01 	 1.560000e+03 	 6.000000e+02 	 2.000000e+00
3 	 176 	 Ey 	 2 	 1.532274e+00 	 1.800000e+03 	 6.000000e+02 	 2.000000e+00
3 	 177 	 Ey 	 2 	 2.561060e+00 	 -1.800000e+03 	 8.400000e+02 	 2.000000e+00
3 	 178 	 Ey 	 2 	 1.808983e+00 	 -1.560000e+03 	 8.400000e+02 	 2.000000e+00
3 	 179 	 Ey 	 2 	 2.165496e+00 	 -1.320000e+03 	 8.400000e+02 	 2.000000e+00
3 	 180 	 Ey 	 2 	 2.187728e+00 	 -1.080000e+03 	 8.400000e+02 	 2.000000e+00
3 	 181 	 Ey 	 2 	 1.768669e+00 	 -8.400000e+02 	 8.400000e+02 	 2.000000e+00
3 	 182 	 Ey 	 2 	 5.918927e-01 	 -6.000000e+02 	 8.400000e+02 	 2.000000e+00
3 	 183 	 Ey 	 2 	 2.904240e-01 	 -3.600000e+02 	 8.400000e+02 	 2.000000e+00
3 	 184 	 Ey 	 2 	 1.227904e+00 	 -1.200000e+02 	 8.400000e+02 	 2.000000e+00
3 	 185 	 Ey 	 2 	 2.272686e+00 	 1.200000e+02 	 8.400000e+02 	 2.000000e+00
3 	 186 	 Ey 	 2 	 2.992259e-01 	 3.600000e+02 	 8.400000e+02 	 2.000000e+00
3 	 187 	 Ey 	 2 	 1.126992e+00 	 6.000000e+02 	 8.400000e+02 	 2.000000e+00
3 	 188 	 Ey 	 2 	 1.406143e+00 	 8.400000e+02 	 8.400000e+02 	 2.000000e+00
3 	 189 	 Ey 	 2 	 5.743512e-01 	 1.080000e+03 	 8.400000e+02 	 2.000000e+00
3 	 190 	 Ey 	 2 	 1.762573e+00 	 1.320000e+03 	 8.400000e+02 	 2.000000e+00
3 	 191 	 Ey 	 2 	 4.890698e-01 	 1.560000e+03 	 8.400000e+02 	 2.000000e+00
3 	 192 	 Ey 	 2 	 9.665343e-01 	 1.800000e+03 	 8.400000e+02 	 2.000000e+00
3 	 193 	 Ey 	 2 	 1.067976e+00 	 -1.800000e+03 	 1.080000e+03 	 2.000000e+00
3 	 194 	 Ey 	 2 	 1.674638e+00 	 -1.560000e+03 	 1.080000e+03 	 2.000000e+00
3 	 195 	 Ey 	 2 	 1.497845e+00 	 -1.320000e+03 	 1.080000e+03 	 2.000000e+00
3 	 196 	 Ey 	 2 	 1.694060e+00 	 -1.080000e+03 	 1.080000e+03 	 2.000000e+00
3 	 197 	 Ey 	 2 	 6.846965e-01 	 -8.400000e+02 	 1.080000e+03 	 2.000000e+00
3 	 198 	 Ey 	 2 	 1.316172e+00 	 -6.000000e+02 	 1.080000e+03 	 2.000000e+00
3 	 199 	 Ey 	 2 	 2.089648e+00 	 -3.600000e+02 	 1.080000e+03 	 2.000000e+00
3 	 200 	 Ey 	 2 	 4.730451e-01 	 -1.200000e+02 	 1.080000e+03 	 2.000000e+00
3 	 201 	 Ey 	 2 	 2.479486e-01 	 1.200000e+02 	 1.080000e+03 	 2.000000e+00
3 	 202 	 Ey 	 2 	 9.965019e-01 	 3.600000e+02 	 1.080000e+03 	 2.000000e+00
3 	 203 	 Ey 	 2 	 4.891095e-01 	 6.000000e+02 	 1.080000e+03 	 2.000000e+00
3 	 204 	 Ey 	 2 	 1.814211e+00 	 8.400000e+02 	 1.080000e+03 	 2.000000e+00
3 	 205 	 Ey 	 2 	 1.958377e+00 	 1.080000e+03 	 1.080000e+03 	 2.000000e+00
3 	 206 	 Ey 	 2 	 8.077933e-01 	 1.320000e+03 	 1.080000e+03 	 2.000000e+00
3 	 207 	 Ey 	 2 	 8.625345e-01 	 1.560000e+03 	 1.080000e+03 	 2.000000e+00
3 	 208 	 Ey 	 2 	 1.213030e+00 	 1.800000e+03 	 1.080000e+03 	 2.000000e+00
3 	 209 	 Ey 	 2 	 1.745842e+00 	 -1.800000e+03 	 1.320000e+03 	 2.000000e+00
3 	 210 	 Ey 	 2 	 1.617594e+00 	 -1.560000e+03 	 1.320000e+03 	 2.000000e+00
3 	 211 	 Ey 	 2 	 6.017213e-01 	 -1.320000e+03 	 1.320000e+03 	 2.000000e+00
3 	 212 	 Ey 	 2 	 2.422411e+00 	 -1.080000e+03 	 1.320000e+03 	 2.000000e+00
3 	 213 	 Ey 	 2 	 6.260543e-01 	 -8.400000e+02 	 1.320000e+03 	 2.000000e+00
3 	 214 	 Ey 	 2 	 1.153767e+00 	 -6.000000e+02 	 1.320000e+03 	 2.000000e+00
3 	 215 	 Ey 	 2 	 5.845380e-01 	 -3.600000e+02 	 1.320000e+03 	 2.000000e+00
3 	 216 	 Ey 	 2 	 1.353122e+00 	 -1.200000e+02 	 1.320000e+03 	 2.000000e+00
3 	 217 	 Ey 	 2 	 1.299850e+00 	 1.200000e+02 	 1.320000e+03 	 2.000000e+00
3 	 218 	 Ey 	 2 	 2.151732e-01 	 3.600000e+02 	 1.320000e+03 	 2.000000e+00
3 	 219 	 Ey 	 2 	 1.107631e+00 	 6.000000e+02 	 1.320000e+03 	 2.000000e+00
3 	 220 	 Ey 	 2 	 1.021666e+00 	 8.400000e+02 	 1.320000e+03 	 2.000000e+00
3 	 221 	 Ey 	 2 	 1.004948e+00 	 1.080000e+03 	 1.320000e+03 	 2.000000e+00
3 	 222 	 Ey 	 2 	 5.051339e-01 	 1.320000e+03 	 1.320000e+03 	 2.000000e+00
3 	 223 	 Ey 	 2 	 1.603497e+00 	 1.560000e+03 	 1.320000e+03 	 2.000000e+00
3 	 224 	 Ey 	 2 	 7.816439e-01 	 1.800000e+03 	 1.320000e+03 	 2.000000e+00
3 	 225 	 Ey 	 2 	 1.291891e+00 	 -1.800000e+03 	 1.560000e+03 	 2.000000e+00
3 	 226 	 Ey 	 2 	 8.979577e-01 	 -1.560000e+03 	 1.560000e+03 	 2.000000e+00
3 	 227 	 Ey 	 2 	 1.202005e+00 	 -1.320000e+03 	 1.560000e+03 	 2.000000e+00
3 	 228 	 Ey 	 2 	 2.544823e+00 	 -1.080000e+03 	 1.560000e+03 	 2.000000e+00
3 	 229 	 Ey 	 2 	 1.282305e+00 	 -8.400000e+02 	 1.560000e+03 	 2.000000e+00
3 	 230 	 Ey 	 2 	 9.444138e-01 	 -6.000000e+02 	 1.560000e+03 	 2.000000e+00
3 	 231 	 Ey 	 2 	 4.930088e-01 	 -3.600000e+02 	 1.560000e+03 	 2.000000e+00
3 	 232 	 Ey 	 2 	 2.615880e-01 	 -1.200000e+02 	 1.560000e+03 	 2.000000e+00
3 	 233 	 Ey 	 2 	 6.994529e-01 	 1.200000e+02 	 1.560000e+03 	 2.000000e+00
3 	 234 	 Ey 	 2 	 1.369876e+00 	 3.600000e+02 	 1.560000e+03 	 2.000000e+00
3 	 235 	 Ey 	 2 	 9.277624e-01 	 6.000000e+02 	 1.560000e+03 	 2.000000e+00
3 	 236 	 Ey 	 2 	 7.771963e-01 	 8.400000e+02 	 1.560000e+03 	 2.000000e+00
3 	 237 	 Ey 	 2 	 1.669456e+00 	 1.080000e+03 	 1.560000e+03 	 2.000000e+00
3 	 238 	 Ey 	 2 	 2.448947e-01 	 1.320000e+03 	 1.560000e+03 	 2.000000e+00
3 	 239 	 Ey 	 2 	 7.047534e-01 	 1.560000e+03 	 1.560000e+03 	 2.000000e+00
3 	 240 	 Ey 	 2 	 3.887615e-01 	 1.800000e+03 	 1.560000e+03 	 2.000000e+00
3 	 241 	 Ey 	 2 	 2.746407e-01 	 -1.800000e+03 	 1.800000e+03 	 2.000000e+00
3 	 242 	 Ey 	 2 	 4.529571e-01 	 -1.560000e+03 	 1.800000e+03 	 2.000000e+00
3 	 243 	 Ey 	 2 	 1.149911e+00 	 -1.320000e+03 	 1.800000e+03 	 2.000000e+00
3 	 244 	 Ey 	 2 	 1.324403e+00 	 -1.080000e+03 	 1.800000e+03 	 2.000000e+00
3 	 245 	 Ey 	 2 	 8.020203e-01 	 -8.400000e+02 	 1.800000e+03 	 2.000000e+00
3 	 246 	 Ey 	 2 	 1.007280e+00 	 -6.000000e+02 	 1.800000e+03 	 2.000000e+00
3 	 247 	 Ey 	 2 	 1.190189e+00 	 -3.600000e+02 	 1.800000e+03 	 2.000000e+00
3 	 248 	 Ey 	 2 	 1.334897e+00 	 -1.200000e+02 	 1.800000e+03 	 2.000000e+00
3 	 249 	 Ey 	 2 	 2.735390e+00 	 1.200000e+02 	 1.800000e+03 	 2.000000e+00
3 	 250 	 Ey 	 2 	 1.094883e+00 	 3.600000e+02 	 1.800000e+03 	 2.000000e+00
3 	 251 	 Ey 	 2 	 1.009613e+00 	 6.000000e+02 	 1.800000e+03 	 2.000000e+00
3 	 252 	 Ey 	 2 	 9.482507e-01 	 8.400000e+02 	 1.800000e+03 	 2.000000e+00
3 	 253 	 Ey 	 2 	 1.181314e+00 	 1.080000e+03 	 1.800000e+03 	 2.000000e+00
3 	 254 	 Ey 	 2 	 1.577100e+00 	 1.320000e+03 	 1.800000e+03 	 2.000000e+00
3 	 255 	 Ey 	 2 	 3.436230e-01 	 1.560000e+03 	 1.800000e+03 	 2.000000e+00
3 	 256 	 Ey 	 2 	 5.250285e-01 	 1.800000e+03 	 1.800000e+03 	 2.000000e+00
