iTx 	 iRx    ichrec  ifreq 	 sig_misfit   x       y      z
15 	 1 	 Ex 	 1 	 1.513905e+00 	 -1.800000e+03 	 -1.800000e+03 	 2.000000e+00
15 	 2 	 Ex 	 1 	 1.067001e+00 	 -1.560000e+03 	 -1.800000e+03 	 2.000000e+00
15 	 3 	 Ex 	 1 	 1.241317e+00 	 -1.320000e+03 	 -1.800000e+03 	 2.000000e+00
15 	 4 	 Ex 	 1 	 1.303109e+00 	 -1.080000e+03 	 -1.800000e+03 	 2.000000e+00
15 	 5 	 Ex 	 1 	 6.744575e-01 	 -8.400000e+02 	 -1.800000e+03 	 2.000000e+00
15 	 6 	 Ex 	 1 	 2.204079e+00 	 -6.000000e+02 	 -1.800000e+03 	 2.000000e+00
15 	 7 	 Ex 	 1 	 1.681529e+00 	 -3.600000e+02 	 -1.800000e+03 	 2.000000e+00
15 	 8 	 Ex 	 1 	 8.691735e-01 	 -1.200000e+02 	 -1.800000e+03 	 2.000000e+00
15 	 9 	 Ex 	 1 	 1.843075e+00 	 1.200000e+02 	 -1.800000e+03 	 2.000000e+00
15 	 10 	 Ex 	 1 	 1.498932e+00 	 3.600000e+02 	 -1.800000e+03 	 2.000000e+00
15 	 11 	 Ex 	 1 	 1.080104e+00 	 6.000000e+02 	 -1.800000e+03 	 2.000000e+00
15 	 12 	 Ex 	 1 	 1.093084e+00 	 8.400000e+02 	 -1.800000e+03 	 2.000000e+00
15 	 13 	 Ex 	 1 	 7.753052e-01 	 1.080000e+03 	 -1.800000e+03 	 2.000000e+00
15 	 14 	 Ex 	 1 	 1.804013e+00 	 1.320000e+03 	 -1.800000e+03 	 2.000000e+00
15 	 15 	 Ex 	 1 	 4.083402e-01 	 1.560000e+03 	 -1.800000e+03 	 2.000000e+00
15 	 16 	 Ex 	 1 	 4.508866e-01 	 1.800000e+03 	 -1.800000e+03 	 2.000000e+00
15 	 17 	 Ex 	 1 	 1.008277e+00 	 -1.800000e+03 	 -1.560000e+03 	 2.000000e+00
15 	 18 	 Ex 	 1 	 6.149899e-01 	 -1.560000e+03 	 -1.560000e+03 	 2.000000e+00
15 	 19 	 Ex 	 1 	 7.259111e-01 	 -1.320000e+03 	 -1.560000e+03 	 2.000000e+00
15 	 20 	 Ex 	 1 	 1.441159e+00 	 -1.080000e+03 	 -1.560000e+03 	 2.000000e+00
15 	 21 	 Ex 	 1 	 6.419137e-01 	 -8.400000e+02 	 -1.560000e+03 	 2.000000e+00
15 	 22 	 Ex 	 1 	 6.836697e-02 	 -6.000000e+02 	 -1.560000e+03 	 2.000000e+00
15 	 23 	 Ex 	 1 	 2.017470e+00 	 -3.600000e+02 	 -1.560000e+03 	 2.000000e+00
15 	 24 	 Ex 	 1 	 1.138643e+00 	 -1.200000e+02 	 -1.560000e+03 	 2.000000e+00
15 	 25 	 Ex 	 1 	 1.366868e+00 	 1.200000e+02 	 -1.560000e+03 	 2.000000e+00
15 	 26 	 Ex 	 1 	 5.713886e-01 	 3.600000e+02 	 -1.560000e+03 	 2.000000e+00
15 	 27 	 Ex 	 1 	 7.766804e-01 	 6.000000e+02 	 -1.560000e+03 	 2.000000e+00
15 	 28 	 Ex 	 1 	 1.190526e+00 	 8.400000e+02 	 -1.560000e+03 	 2.000000e+00
15 	 29 	 Ex 	 1 	 1.995186e+00 	 1.080000e+03 	 -1.560000e+03 	 2.000000e+00
15 	 30 	 Ex 	 1 	 1.451008e+00 	 1.320000e+03 	 -1.560000e+03 	 2.000000e+00
15 	 31 	 Ex 	 1 	 3.060781e-01 	 1.560000e+03 	 -1.560000e+03 	 2.000000e+00
15 	 32 	 Ex 	 1 	 8.448056e-01 	 1.800000e+03 	 -1.560000e+03 	 2.000000e+00
15 	 33 	 Ex 	 1 	 1.243939e+00 	 -1.800000e+03 	 -1.320000e+03 	 2.000000e+00
15 	 34 	 Ex 	 1 	 1.723675e+00 	 -1.560000e+03 	 -1.320000e+03 	 2.000000e+00
15 	 35 	 Ex 	 1 	 1.461840e+00 	 -1.320000e+03 	 -1.320000e+03 	 2.000000e+00
15 	 36 	 Ex 	 1 	 1.859407e+00 	 -1.080000e+03 	 -1.320000e+03 	 2.000000e+00
15 	 37 	 Ex 	 1 	 9.846693e-01 	 -8.400000e+02 	 -1.320000e+03 	 2.000000e+00
15 	 38 	 Ex 	 1 	 3.797067e-01 	 -6.000000e+02 	 -1.320000e+03 	 2.000000e+00
15 	 39 	 Ex 	 1 	 3.194744e-01 	 -3.600000e+02 	 -1.320000e+03 	 2.000000e+00
15 	 40 	 Ex 	 1 	 2.793686e-01 	 -1.200000e+02 	 -1.320000e+03 	 2.000000e+00
15 	 41 	 Ex 	 1 	 1.248095e+00 	 1.200000e+02 	 -1.320000e+03 	 2.000000e+00
15 	 42 	 Ex 	 1 	 2.288338e+00 	 3.600000e+02 	 -1.320000e+03 	 2.000000e+00
15 	 43 	 Ex 	 1 	 1.128266e+00 	 6.000000e+02 	 -1.320000e+03 	 2.000000e+00
15 	 44 	 Ex 	 1 	 7.367506e-01 	 8.400000e+02 	 -1.320000e+03 	 2.000000e+00
15 	 45 	 Ex 	 1 	 1.744664e-01 	 1.080000e+03 	 -1.320000e+03 	 2.000000e+00
15 	 46 	 Ex 	 1 	 1.187888e+00 	 1.320000e+03 	 -1.320000e+03 	 2.000000e+00
15 	 47 	 Ex 	 1 	 8.358953e-01 	 1.560000e+03 	 -1.320000e+03 	 2.000000e+00
15 	 48 	 Ex 	 1 	 4.175920e-01 	 1.800000e+03 	 -1.320000e+03 	 2.000000e+00
15 	 49 	 Ex 	 1 	 1.361745e+00 	 -1.800000e+03 	 -1.080000e+03 	 2.000000e+00
15 	 50 	 Ex 	 1 	 1.098485e+00 	 -1.560000e+03 	 -1.080000e+03 	 2.000000e+00
15 	 51 	 Ex 	 1 	 7.897869e-01 	 -1.320000e+03 	 -1.080000e+03 	 2.000000e+00
15 	 52 	 Ex 	 1 	 2.067434e+00 	 -1.080000e+03 	 -1.080000e+03 	 2.000000e+00
15 	 53 	 Ex 	 1 	 3.700718e-01 	 -8.400000e+02 	 -1.080000e+03 	 2.000000e+00
15 	 54 	 Ex 	 1 	 1.227736e+00 	 -6.000000e+02 	 -1.080000e+03 	 2.000000e+00
15 	 55 	 Ex 	 1 	 7.075537e-01 	 -3.600000e+02 	 -1.080000e+03 	 2.000000e+00
15 	 56 	 Ex 	 1 	 5.353073e-01 	 -1.200000e+02 	 -1.080000e+03 	 2.000000e+00
15 	 57 	 Ex 	 1 	 1.182048e+00 	 1.200000e+02 	 -1.080000e+03 	 2.000000e+00
15 	 58 	 Ex 	 1 	 1.018787e+00 	 3.600000e+02 	 -1.080000e+03 	 2.000000e+00
15 	 59 	 Ex 	 1 	 5.328156e-01 	 6.000000e+02 	 -1.080000e+03 	 2.000000e+00
15 	 60 	 Ex 	 1 	 1.401405e+00 	 8.400000e+02 	 -1.080000e+03 	 2.000000e+00
15 	 61 	 Ex 	 1 	 4.290495e-01 	 1.080000e+03 	 -1.080000e+03 	 2.000000e+00
15 	 62 	 Ex 	 1 	 1.023832e+00 	 1.320000e+03 	 -1.080000e+03 	 2.000000e+00
15 	 63 	 Ex 	 1 	 4.233397e-01 	 1.560000e+03 	 -1.080000e+03 	 2.000000e+00
15 	 64 	 Ex 	 1 	 3.323861e-01 	 1.800000e+03 	 -1.080000e+03 	 2.000000e+00
15 	 65 	 Ex 	 1 	 2.090387e+00 	 -1.800000e+03 	 -8.400000e+02 	 2.000000e+00
15 	 66 	 Ex 	 1 	 1.043062e+00 	 -1.560000e+03 	 -8.400000e+02 	 2.000000e+00
15 	 67 	 Ex 	 1 	 1.546235e+00 	 -1.320000e+03 	 -8.400000e+02 	 2.000000e+00
15 	 68 	 Ex 	 1 	 1.368847e+00 	 -1.080000e+03 	 -8.400000e+02 	 2.000000e+00
15 	 69 	 Ex 	 1 	 5.367776e-01 	 -8.400000e+02 	 -8.400000e+02 	 2.000000e+00
15 	 70 	 Ex 	 1 	 1.220635e+00 	 -6.000000e+02 	 -8.400000e+02 	 2.000000e+00
15 	 71 	 Ex 	 1 	 1.934277e+00 	 -3.600000e+02 	 -8.400000e+02 	 2.000000e+00
15 	 72 	 Ex 	 1 	 6.881413e-01 	 -1.200000e+02 	 -8.400000e+02 	 2.000000e+00
15 	 73 	 Ex 	 1 	 5.107733e-01 	 1.200000e+02 	 -8.400000e+02 	 2.000000e+00
15 	 74 	 Ex 	 1 	 1.121585e+00 	 3.600000e+02 	 -8.400000e+02 	 2.000000e+00
15 	 75 	 Ex 	 1 	 2.454746e+00 	 6.000000e+02 	 -8.400000e+02 	 2.000000e+00
15 	 76 	 Ex 	 1 	 1.294887e+00 	 8.400000e+02 	 -8.400000e+02 	 2.000000e+00
15 	 77 	 Ex 	 1 	 1.814486e+00 	 1.080000e+03 	 -8.400000e+02 	 2.000000e+00
15 	 78 	 Ex 	 1 	 1.219652e+00 	 1.320000e+03 	 -8.400000e+02 	 2.000000e+00
15 	 79 	 Ex 	 1 	 1.079140e+00 	 1.560000e+03 	 -8.400000e+02 	 2.000000e+00
15 	 80 	 Ex 	 1 	 1.878251e+00 	 1.800000e+03 	 -8.400000e+02 	 2.000000e+00
15 	 81 	 Ex 	 1 	 1.831444e+00 	 -1.800000e+03 	 -6.000000e+02 	 2.000000e+00
15 	 82 	 Ex 	 1 	 2.861322e+00 	 -1.560000e+03 	 -6.000000e+02 	 2.000000e+00
15 	 83 	 Ex 	 1 	 1.168350e+00 	 -1.320000e+03 	 -6.000000e+02 	 2.000000e+00
15 	 84 	 Ex 	 1 	 5.933844e-01 	 -1.080000e+03 	 -6.000000e+02 	 2.000000e+00
15 	 85 	 Ex 	 1 	 1.359383e+00 	 -8.400000e+02 	 -6.000000e+02 	 2.000000e+00
15 	 86 	 Ex 	 1 	 9.982588e-01 	 -6.000000e+02 	 -6.000000e+02 	 2.000000e+00
15 	 87 	 Ex 	 1 	 4.609039e-01 	 -3.600000e+02 	 -6.000000e+02 	 2.000000e+00
15 	 88 	 Ex 	 1 	 8.278022e-01 	 -1.200000e+02 	 -6.000000e+02 	 2.000000e+00
15 	 89 	 Ex 	 1 	 1.902332e+00 	 1.200000e+02 	 -6.000000e+02 	 2.000000e+00
15 	 90 	 Ex 	 1 	 2.156145e+00 	 3.600000e+02 	 -6.000000e+02 	 2.000000e+00
15 	 91 	 Ex 	 1 	 9.763053e-01 	 6.000000e+02 	 -6.000000e+02 	 2.000000e+00
15 	 92 	 Ex 	 1 	 2.981007e-01 	 8.400000e+02 	 -6.000000e+02 	 2.000000e+00
15 	 93 	 Ex 	 1 	 1.228683e+00 	 1.080000e+03 	 -6.000000e+02 	 2.000000e+00
15 	 94 	 Ex 	 1 	 5.334505e-02 	 1.320000e+03 	 -6.000000e+02 	 2.000000e+00
15 	 95 	 Ex 	 1 	 3.363194e-01 	 1.560000e+03 	 -6.000000e+02 	 2.000000e+00
15 	 96 	 Ex 	 1 	 6.211870e-01 	 1.800000e+03 	 -6.000000e+02 	 2.000000e+00
15 	 97 	 Ex 	 1 	 1.562355e+00 	 -1.800000e+03 	 -3.600000e+02 	 2.000000e+00
15 	 98 	 Ex 	 1 	 8.428349e-01 	 -1.560000e+03 	 -3.600000e+02 	 2.000000e+00
15 	 99 	 Ex 	 1 	 1.583489e+00 	 -1.320000e+03 	 -3.600000e+02 	 2.000000e+00
15 	 100 	 Ex 	 1 	 1.257829e+00 	 -1.080000e+03 	 -3.600000e+02 	 2.000000e+00
15 	 101 	 Ex 	 1 	 8.498434e-01 	 -8.400000e+02 	 -3.600000e+02 	 2.000000e+00
15 	 102 	 Ex 	 1 	 1.339933e+00 	 -6.000000e+02 	 -3.600000e+02 	 2.000000e+00
15 	 103 	 Ex 	 1 	 1.126155e+00 	 -3.600000e+02 	 -3.600000e+02 	 2.000000e+00
15 	 104 	 Ex 	 1 	 1.646300e+00 	 -1.200000e+02 	 -3.600000e+02 	 2.000000e+00
15 	 105 	 Ex 	 1 	 2.484818e-01 	 1.200000e+02 	 -3.600000e+02 	 2.000000e+00
15 	 106 	 Ex 	 1 	 7.228157e-01 	 3.600000e+02 	 -3.600000e+02 	 2.000000e+00
15 	 107 	 Ex 	 1 	 5.397719e-01 	 6.000000e+02 	 -3.600000e+02 	 2.000000e+00
15 	 108 	 Ex 	 1 	 1.308315e+00 	 8.400000e+02 	 -3.600000e+02 	 2.000000e+00
15 	 109 	 Ex 	 1 	 2.588388e-01 	 1.080000e+03 	 -3.600000e+02 	 2.000000e+00
15 	 110 	 Ex 	 1 	 2.070822e+00 	 1.320000e+03 	 -3.600000e+02 	 2.000000e+00
15 	 111 	 Ex 	 1 	 6.502584e-01 	 1.560000e+03 	 -3.600000e+02 	 2.000000e+00
15 	 112 	 Ex 	 1 	 1.694932e+00 	 1.800000e+03 	 -3.600000e+02 	 2.000000e+00
15 	 113 	 Ex 	 1 	 1.986994e+00 	 -1.800000e+03 	 -1.200000e+02 	 2.000000e+00
15 	 114 	 Ex 	 1 	 1.567226e+00 	 -1.560000e+03 	 -1.200000e+02 	 2.000000e+00
15 	 115 	 Ex 	 1 	 1.456350e+00 	 -1.320000e+03 	 -1.200000e+02 	 2.000000e+00
15 	 116 	 Ex 	 1 	 1.795811e+00 	 -1.080000e+03 	 -1.200000e+02 	 2.000000e+00
15 	 117 	 Ex 	 1 	 9.535523e-01 	 -8.400000e+02 	 -1.200000e+02 	 2.000000e+00
15 	 118 	 Ex 	 1 	 1.990709e+00 	 -6.000000e+02 	 -1.200000e+02 	 2.000000e+00
15 	 119 	 Ex 	 1 	 2.030451e+00 	 -3.600000e+02 	 -1.200000e+02 	 2.000000e+00
15 	 120 	 Ex 	 1 	 7.351878e-01 	 -1.200000e+02 	 -1.200000e+02 	 2.000000e+00
15 	 121 	 Ex 	 1 	 1.303588e+00 	 1.200000e+02 	 -1.200000e+02 	 2.000000e+00
15 	 122 	 Ex 	 1 	 4.515033e-01 	 3.600000e+02 	 -1.200000e+02 	 2.000000e+00
15 	 123 	 Ex 	 1 	 1.845903e+00 	 6.000000e+02 	 -1.200000e+02 	 2.000000e+00
15 	 124 	 Ex 	 1 	 1.244613e+00 	 8.400000e+02 	 -1.200000e+02 	 2.000000e+00
15 	 125 	 Ex 	 1 	 2.137022e+00 	 1.080000e+03 	 -1.200000e+02 	 2.000000e+00
15 	 126 	 Ex 	 1 	 3.254565e-01 	 1.320000e+03 	 -1.200000e+02 	 2.000000e+00
15 	 127 	 Ex 	 1 	 1.371286e+00 	 1.560000e+03 	 -1.200000e+02 	 2.000000e+00
15 	 128 	 Ex 	 1 	 1.263100e+00 	 1.800000e+03 	 -1.200000e+02 	 2.000000e+00
15 	 129 	 Ex 	 1 	 1.399072e+00 	 -1.800000e+03 	 1.200000e+02 	 2.000000e+00
15 	 130 	 Ex 	 1 	 1.298542e+00 	 -1.560000e+03 	 1.200000e+02 	 2.000000e+00
15 	 131 	 Ex 	 1 	 8.146566e-01 	 -1.320000e+03 	 1.200000e+02 	 2.000000e+00
15 	 132 	 Ex 	 1 	 1.313169e+00 	 -1.080000e+03 	 1.200000e+02 	 2.000000e+00
15 	 133 	 Ex 	 1 	 1.224137e+00 	 -8.400000e+02 	 1.200000e+02 	 2.000000e+00
15 	 134 	 Ex 	 1 	 5.676419e-01 	 -6.000000e+02 	 1.200000e+02 	 2.000000e+00
15 	 135 	 Ex 	 1 	 1.593085e+00 	 -3.600000e+02 	 1.200000e+02 	 2.000000e+00
15 	 136 	 Ex 	 1 	 1.801502e+00 	 -1.200000e+02 	 1.200000e+02 	 2.000000e+00
15 	 137 	 Ex 	 1 	 8.498217e-01 	 1.200000e+02 	 1.200000e+02 	 2.000000e+00
15 	 138 	 Ex 	 1 	 1.585301e+00 	 3.600000e+02 	 1.200000e+02 	 2.000000e+00
15 	 139 	 Ex 	 1 	 1.106251e+00 	 6.000000e+02 	 1.200000e+02 	 2.000000e+00
15 	 140 	 Ex 	 1 	 2.327782e+00 	 8.400000e+02 	 1.200000e+02 	 2.000000e+00
15 	 141 	 Ex 	 1 	 1.644995e+00 	 1.080000e+03 	 1.200000e+02 	 2.000000e+00
15 	 142 	 Ex 	 1 	 1.104033e+00 	 1.320000e+03 	 1.200000e+02 	 2.000000e+00
15 	 143 	 Ex 	 1 	 9.978232e-01 	 1.560000e+03 	 1.200000e+02 	 2.000000e+00
15 	 144 	 Ex 	 1 	 1.383812e+00 	 1.800000e+03 	 1.200000e+02 	 2.000000e+00
15 	 145 	 Ex 	 1 	 8.721584e-01 	 -1.800000e+03 	 3.600000e+02 	 2.000000e+00
15 	 146 	 Ex 	 1 	 7.356421e-01 	 -1.560000e+03 	 3.600000e+02 	 2.000000e+00
15 	 147 	 Ex 	 1 	 6.626187e-01 	 -1.320000e+03 	 3.600000e+02 	 2.000000e+00
15 	 148 	 Ex 	 1 	 1.074120e+00 	 -1.080000e+03 	 3.600000e+02 	 2.000000e+00
15 	 149 	 Ex 	 1 	 1.532975e+00 	 -8.400000e+02 	 3.600000e+02 	 2.000000e+00
15 	 150 	 Ex 	 1 	 1.214166e+00 	 -6.000000e+02 	 3.600000e+02 	 2.000000e+00
15 	 151 	 Ex 	 1 	 1.230639e+00 	 -3.600000e+02 	 3.600000e+02 	 2.000000e+00
15 	 152 	 Ex 	 1 	 4.851876e-01 	 -1.200000e+02 	 3.600000e+02 	 2.000000e+00
15 	 153 	 Ex 	 1 	 6.864874e-01 	 1.200000e+02 	 3.600000e+02 	 2.000000e+00
15 	 154 	 Ex 	 1 	 4.892936e-01 	 3.600000e+02 	 3.600000e+02 	 2.000000e+00
15 	 155 	 Ex 	 1 	 1.127421e+00 	 6.000000e+02 	 3.600000e+02 	 2.000000e+00
15 	 156 	 Ex 	 1 	 1.178641e+00 	 8.400000e+02 	 3.600000e+02 	 2.000000e+00
15 	 157 	 Ex 	 1 	 1.373911e+00 	 1.080000e+03 	 3.600000e+02 	 2.000000e+00
15 	 158 	 Ex 	 1 	 2.938991e-01 	 1.320000e+03 	 3.600000e+02 	 2.000000e+00
15 	 159 	 Ex 	 1 	 6.786466e-01 	 1.560000e+03 	 3.600000e+02 	 2.000000e+00
15 	 160 	 Ex 	 1 	 2.006045e+00 	 1.800000e+03 	 3.600000e+02 	 2.000000e+00
15 	 161 	 Ex 	 1 	 1.131692e+00 	 -1.800000e+03 	 6.000000e+02 	 2.000000e+00
15 	 162 	 Ex 	 1 	 1.418061e+00 	 -1.560000e+03 	 6.000000e+02 	 2.000000e+00
15 	 163 	 Ex 	 1 	 3.258446e-01 	 -1.320000e+03 	 6.000000e+02 	 2.000000e+00
15 	 164 	 Ex 	 1 	 1.513595e+00 	 -1.080000e+03 	 6.000000e+02 	 2.000000e+00
15 	 165 	 Ex 	 1 	 1.314526e+00 	 -8.400000e+02 	 6.000000e+02 	 2.000000e+00
15 	 166 	 Ex 	 1 	 1.244989e+00 	 -6.000000e+02 	 6.000000e+02 	 2.000000e+00
15 	 167 	 Ex 	 1 	 1.137867e+00 	 -3.600000e+02 	 6.000000e+02 	 2.000000e+00
15 	 168 	 Ex 	 1 	 9.519379e-01 	 -1.200000e+02 	 6.000000e+02 	 2.000000e+00
15 	 169 	 Ex 	 1 	 1.578322e+00 	 1.200000e+02 	 6.000000e+02 	 2.000000e+00
15 	 170 	 Ex 	 1 	 1.024822e+00 	 3.600000e+02 	 6.000000e+02 	 2.000000e+00
15 	 171 	 Ex 	 1 	 1.575893e+00 	 6.000000e+02 	 6.000000e+02 	 2.000000e+00
15 	 172 	 Ex 	 1 	 5.345721e-01 	 8.400000e+02 	 6.000000e+02 	 2.000000e+00
15 	 173 	 Ex 	 1 	 1.734990e+00 	 1.080000e+03 	 6.000000e+02 	 2.000000e+00
15 	 174 	 Ex 	 1 	 9.449231e-01 	 1.320000e+03 	 6.000000e+02 	 2.000000e+00
15 	 175 	 Ex 	 1 	 3.155107e-01 	 1.560000e+03 	 6.000000e+02 	 2.000000e+00
15 	 176 	 Ex 	 1 	 3.141144e-01 	 1.800000e+03 	 6.000000e+02 	 2.000000e+00
15 	 177 	 Ex 	 1 	 3.650464e-01 	 -1.800000e+03 	 8.400000e+02 	 2.000000e+00
15 	 178 	 Ex 	 1 	 1.301253e+00 	 -1.560000e+03 	 8.400000e+02 	 2.000000e+00
15 	 179 	 Ex 	 1 	 7.815490e-01 	 -1.320000e+03 	 8.400000e+02 	 2.000000e+00
15 	 180 	 Ex 	 1 	 2.928490e-01 	 -1.080000e+03 	 8.400000e+02 	 2.000000e+00
15 	 181 	 Ex 	 1 	 1.300732e+00 	 -8.400000e+02 	 8.400000e+02 	 2.000000e+00
15 	 182 	 Ex 	 1 	 1.026966e+00 	 -6.000000e+02 	 8.400000e+02 	 2.000000e+00
15 	 183 	 Ex 	 1 	 7.731083e-01 	 -3.600000e+02 	 8.400000e+02 	 2.000000e+00
15 	 184 	 Ex 	 1 	 1.894807e+00 	 -1.200000e+02 	 8.400000e+02 	 2.000000e+00
15 	 185 	 Ex 	 1 	 1.773619e+00 	 1.200000e+02 	 8.400000e+02 	 2.000000e+00
15 	 186 	 Ex 	 1 	 1.023707e+00 	 3.600000e+02 	 8.400000e+02 	 2.000000e+00
15 	 187 	 Ex 	 1 	 4.572024e-01 	 6.000000e+02 	 8.400000e+02 	 2.000000e+00
15 	 188 	 Ex 	 1 	 5.888820e-01 	 8.400000e+02 	 8.400000e+02 	 2.000000e+00
15 	 189 	 Ex 	 1 	 2.081643e+00 	 1.080000e+03 	 8.400000e+02 	 2.000000e+00
15 	 190 	 Ex 	 1 	 1.728113e+00 	 1.320000e+03 	 8.400000e+02 	 2.000000e+00
15 	 191 	 Ex 	 1 	 1.301727e+00 	 1.560000e+03 	 8.400000e+02 	 2.000000e+00
15 	 192 	 Ex 	 1 	 6.363429e-01 	 1.800000e+03 	 8.400000e+02 	 2.000000e+00
15 	 193 	 Ex 	 1 	 3.743277e-01 	 -1.800000e+03 	 1.080000e+03 	 2.000000e+00
15 	 194 	 Ex 	 1 	 1.391734e+00 	 -1.560000e+03 	 1.080000e+03 	 2.000000e+00
15 	 195 	 Ex 	 1 	 3.522500e-01 	 -1.320000e+03 	 1.080000e+03 	 2.000000e+00
15 	 196 	 Ex 	 1 	 3.560863e-01 	 -1.080000e+03 	 1.080000e+03 	 2.000000e+00
15 	 197 	 Ex 	 1 	 1.859045e+00 	 -8.400000e+02 	 1.080000e+03 	 2.000000e+00
15 	 198 	 Ex 	 1 	 1.246006e+00 	 -6.000000e+02 	 1.080000e+03 	 2.000000e+00
15 	 199 	 Ex 	 1 	 1.252799e+00 	 -3.600000e+02 	 1.080000e+03 	 2.000000e+00
15 	 200 	 Ex 	 1 	 8.595732e-01 	 -1.200000e+02 	 1.080000e+03 	 2.000000e+00
15 	 201 	 Ex 	 1 	 6.569202e-01 	 1.200000e+02 	 1.080000e+03 	 2.000000e+00
15 	 202 	 Ex 	 1 	 0.000000e+00 	 3.600000e+02 	 1.080000e+03 	 2.000000e+00
15 	 203 	 Ex 	 1 	 0.000000e+00 	 6.000000e+02 	 1.080000e+03 	 2.000000e+00
15 	 204 	 Ex 	 1 	 3.447841e-01 	 8.400000e+02 	 1.080000e+03 	 2.000000e+00
15 	 205 	 Ex 	 1 	 1.400982e+00 	 1.080000e+03 	 1.080000e+03 	 2.000000e+00
15 	 206 	 Ex 	 1 	 1.597278e+00 	 1.320000e+03 	 1.080000e+03 	 2.000000e+00
15 	 207 	 Ex 	 1 	 9.325300e-01 	 1.560000e+03 	 1.080000e+03 	 2.000000e+00
15 	 208 	 Ex 	 1 	 8.003231e-01 	 1.800000e+03 	 1.080000e+03 	 2.000000e+00
15 	 209 	 Ex 	 1 	 7.967209e-01 	 -1.800000e+03 	 1.320000e+03 	 2.000000e+00
15 	 210 	 Ex 	 1 	 5.284944e-01 	 -1.560000e+03 	 1.320000e+03 	 2.000000e+00
15 	 211 	 Ex 	 1 	 1.012290e+00 	 -1.320000e+03 	 1.320000e+03 	 2.000000e+00
15 	 212 	 Ex 	 1 	 8.550648e-01 	 -1.080000e+03 	 1.320000e+03 	 2.000000e+00
15 	 213 	 Ex 	 1 	 7.722275e-01 	 -8.400000e+02 	 1.320000e+03 	 2.000000e+00
15 	 214 	 Ex 	 1 	 1.300861e+00 	 -6.000000e+02 	 1.320000e+03 	 2.000000e+00
15 	 215 	 Ex 	 1 	 4.807632e-01 	 -3.600000e+02 	 1.320000e+03 	 2.000000e+00
15 	 216 	 Ex 	 1 	 1.043764e+00 	 -1.200000e+02 	 1.320000e+03 	 2.000000e+00
15 	 217 	 Ex 	 1 	 0.000000e+00 	 1.200000e+02 	 1.320000e+03 	 2.000000e+00
15 	 218 	 Ex 	 1 	 0.000000e+00 	 3.600000e+02 	 1.320000e+03 	 2.000000e+00
15 	 219 	 Ex 	 1 	 0.000000e+00 	 6.000000e+02 	 1.320000e+03 	 2.000000e+00
15 	 220 	 Ex 	 1 	 0.000000e+00 	 8.400000e+02 	 1.320000e+03 	 2.000000e+00
15 	 221 	 Ex 	 1 	 5.185716e-01 	 1.080000e+03 	 1.320000e+03 	 2.000000e+00
15 	 222 	 Ex 	 1 	 8.589203e-01 	 1.320000e+03 	 1.320000e+03 	 2.000000e+00
15 	 223 	 Ex 	 1 	 1.451186e+00 	 1.560000e+03 	 1.320000e+03 	 2.000000e+00
15 	 224 	 Ex 	 1 	 6.453737e-01 	 1.800000e+03 	 1.320000e+03 	 2.000000e+00
15 	 225 	 Ex 	 1 	 8.967558e-01 	 -1.800000e+03 	 1.560000e+03 	 2.000000e+00
15 	 226 	 Ex 	 1 	 1.626274e+00 	 -1.560000e+03 	 1.560000e+03 	 2.000000e+00
15 	 227 	 Ex 	 1 	 1.438818e+00 	 -1.320000e+03 	 1.560000e+03 	 2.000000e+00
15 	 228 	 Ex 	 1 	 7.287908e-01 	 -1.080000e+03 	 1.560000e+03 	 2.000000e+00
15 	 229 	 Ex 	 1 	 5.260510e-01 	 -8.400000e+02 	 1.560000e+03 	 2.000000e+00
15 	 230 	 Ex 	 1 	 1.268468e+00 	 -6.000000e+02 	 1.560000e+03 	 2.000000e+00
15 	 231 	 Ex 	 1 	 3.714933e-01 	 -3.600000e+02 	 1.560000e+03 	 2.000000e+00
15 	 232 	 Ex 	 1 	 1.147480e+00 	 -1.200000e+02 	 1.560000e+03 	 2.000000e+00
15 	 233 	 Ex 	 1 	 0.000000e+00 	 1.200000e+02 	 1.560000e+03 	 2.000000e+00
15 	 234 	 Ex 	 1 	 0.000000e+00 	 3.600000e+02 	 1.560000e+03 	 2.000000e+00
15 	 235 	 Ex 	 1 	 0.000000e+00 	 6.000000e+02 	 1.560000e+03 	 2.000000e+00
15 	 236 	 Ex 	 1 	 0.000000e+00 	 8.400000e+02 	 1.560000e+03 	 2.000000e+00
15 	 237 	 Ex 	 1 	 0.000000e+00 	 1.080000e+03 	 1.560000e+03 	 2.000000e+00
15 	 238 	 Ex 	 1 	 1.322990e+00 	 1.320000e+03 	 1.560000e+03 	 2.000000e+00
15 	 239 	 Ex 	 1 	 7.104340e-01 	 1.560000e+03 	 1.560000e+03 	 2.000000e+00
15 	 240 	 Ex 	 1 	 5.614675e-01 	 1.800000e+03 	 1.560000e+03 	 2.000000e+00
15 	 241 	 Ex 	 1 	 9.018368e-01 	 -1.800000e+03 	 1.800000e+03 	 2.000000e+00
15 	 242 	 Ex 	 1 	 9.210411e-01 	 -1.560000e+03 	 1.800000e+03 	 2.000000e+00
15 	 243 	 Ex 	 1 	 1.503885e+00 	 -1.320000e+03 	 1.800000e+03 	 2.000000e+00
15 	 244 	 Ex 	 1 	 4.013329e-01 	 -1.080000e+03 	 1.800000e+03 	 2.000000e+00
15 	 245 	 Ex 	 1 	 1.000352e+00 	 -8.400000e+02 	 1.800000e+03 	 2.000000e+00
15 	 246 	 Ex 	 1 	 4.996579e-01 	 -6.000000e+02 	 1.800000e+03 	 2.000000e+00
15 	 247 	 Ex 	 1 	 1.969956e+00 	 -3.600000e+02 	 1.800000e+03 	 2.000000e+00
15 	 248 	 Ex 	 1 	 2.073614e+00 	 -1.200000e+02 	 1.800000e+03 	 2.000000e+00
15 	 249 	 Ex 	 1 	 0.000000e+00 	 1.200000e+02 	 1.800000e+03 	 2.000000e+00
15 	 250 	 Ex 	 1 	 0.000000e+00 	 3.600000e+02 	 1.800000e+03 	 2.000000e+00
15 	 251 	 Ex 	 1 	 0.000000e+00 	 6.000000e+02 	 1.800000e+03 	 2.000000e+00
15 	 252 	 Ex 	 1 	 0.000000e+00 	 8.400000e+02 	 1.800000e+03 	 2.000000e+00
15 	 253 	 Ex 	 1 	 0.000000e+00 	 1.080000e+03 	 1.800000e+03 	 2.000000e+00
15 	 254 	 Ex 	 1 	 1.666627e+00 	 1.320000e+03 	 1.800000e+03 	 2.000000e+00
15 	 255 	 Ex 	 1 	 4.357556e-01 	 1.560000e+03 	 1.800000e+03 	 2.000000e+00
15 	 256 	 Ex 	 1 	 6.657461e-01 	 1.800000e+03 	 1.800000e+03 	 2.000000e+00
15 	 1 	 Ex 	 2 	 2.344780e+00 	 -1.800000e+03 	 -1.800000e+03 	 2.000000e+00
15 	 2 	 Ex 	 2 	 1.115649e+00 	 -1.560000e+03 	 -1.800000e+03 	 2.000000e+00
15 	 3 	 Ex 	 2 	 1.728774e+00 	 -1.320000e+03 	 -1.800000e+03 	 2.000000e+00
15 	 4 	 Ex 	 2 	 2.081863e+00 	 -1.080000e+03 	 -1.800000e+03 	 2.000000e+00
15 	 5 	 Ex 	 2 	 2.589098e+00 	 -8.400000e+02 	 -1.800000e+03 	 2.000000e+00
15 	 6 	 Ex 	 2 	 1.155369e+00 	 -6.000000e+02 	 -1.800000e+03 	 2.000000e+00
15 	 7 	 Ex 	 2 	 8.359703e-01 	 -3.600000e+02 	 -1.800000e+03 	 2.000000e+00
15 	 8 	 Ex 	 2 	 2.195784e-01 	 -1.200000e+02 	 -1.800000e+03 	 2.000000e+00
15 	 9 	 Ex 	 2 	 1.131920e+00 	 1.200000e+02 	 -1.800000e+03 	 2.000000e+00
15 	 10 	 Ex 	 2 	 8.425422e-01 	 3.600000e+02 	 -1.800000e+03 	 2.000000e+00
15 	 11 	 Ex 	 2 	 4.227454e-01 	 6.000000e+02 	 -1.800000e+03 	 2.000000e+00
15 	 12 	 Ex 	 2 	 2.366346e-01 	 8.400000e+02 	 -1.800000e+03 	 2.000000e+00
15 	 13 	 Ex 	 2 	 3.775307e-01 	 1.080000e+03 	 -1.800000e+03 	 2.000000e+00
15 	 14 	 Ex 	 2 	 5.947248e-01 	 1.320000e+03 	 -1.800000e+03 	 2.000000e+00
15 	 15 	 Ex 	 2 	 3.647672e-01 	 1.560000e+03 	 -1.800000e+03 	 2.000000e+00
15 	 16 	 Ex 	 2 	 2.071767e+00 	 1.800000e+03 	 -1.800000e+03 	 2.000000e+00
15 	 17 	 Ex 	 2 	 1.372483e+00 	 -1.800000e+03 	 -1.560000e+03 	 2.000000e+00
15 	 18 	 Ex 	 2 	 1.480860e+00 	 -1.560000e+03 	 -1.560000e+03 	 2.000000e+00
15 	 19 	 Ex 	 2 	 9.867659e-02 	 -1.320000e+03 	 -1.560000e+03 	 2.000000e+00
15 	 20 	 Ex 	 2 	 2.264178e+00 	 -1.080000e+03 	 -1.560000e+03 	 2.000000e+00
15 	 21 	 Ex 	 2 	 5.257574e-01 	 -8.400000e+02 	 -1.560000e+03 	 2.000000e+00
15 	 22 	 Ex 	 2 	 1.235790e+00 	 -6.000000e+02 	 -1.560000e+03 	 2.000000e+00
15 	 23 	 Ex 	 2 	 1.135584e-01 	 -3.600000e+02 	 -1.560000e+03 	 2.000000e+00
15 	 24 	 Ex 	 2 	 1.246203e+00 	 -1.200000e+02 	 -1.560000e+03 	 2.000000e+00
15 	 25 	 Ex 	 2 	 3.122219e-01 	 1.200000e+02 	 -1.560000e+03 	 2.000000e+00
15 	 26 	 Ex 	 2 	 3.546620e-01 	 3.600000e+02 	 -1.560000e+03 	 2.000000e+00
15 	 27 	 Ex 	 2 	 1.493143e+00 	 6.000000e+02 	 -1.560000e+03 	 2.000000e+00
15 	 28 	 Ex 	 2 	 1.152937e+00 	 8.400000e+02 	 -1.560000e+03 	 2.000000e+00
15 	 29 	 Ex 	 2 	 1.026482e+00 	 1.080000e+03 	 -1.560000e+03 	 2.000000e+00
15 	 30 	 Ex 	 2 	 6.139659e-01 	 1.320000e+03 	 -1.560000e+03 	 2.000000e+00
15 	 31 	 Ex 	 2 	 2.412777e+00 	 1.560000e+03 	 -1.560000e+03 	 2.000000e+00
15 	 32 	 Ex 	 2 	 8.030039e-01 	 1.800000e+03 	 -1.560000e+03 	 2.000000e+00
15 	 33 	 Ex 	 2 	 1.069043e+00 	 -1.800000e+03 	 -1.320000e+03 	 2.000000e+00
15 	 34 	 Ex 	 2 	 1.530873e+00 	 -1.560000e+03 	 -1.320000e+03 	 2.000000e+00
15 	 35 	 Ex 	 2 	 1.326608e+00 	 -1.320000e+03 	 -1.320000e+03 	 2.000000e+00
15 	 36 	 Ex 	 2 	 1.046645e+00 	 -1.080000e+03 	 -1.320000e+03 	 2.000000e+00
15 	 37 	 Ex 	 2 	 1.385903e+00 	 -8.400000e+02 	 -1.320000e+03 	 2.000000e+00
15 	 38 	 Ex 	 2 	 1.071936e+00 	 -6.000000e+02 	 -1.320000e+03 	 2.000000e+00
15 	 39 	 Ex 	 2 	 4.484441e-01 	 -3.600000e+02 	 -1.320000e+03 	 2.000000e+00
15 	 40 	 Ex 	 2 	 2.415869e+00 	 -1.200000e+02 	 -1.320000e+03 	 2.000000e+00
15 	 41 	 Ex 	 2 	 5.381930e-01 	 1.200000e+02 	 -1.320000e+03 	 2.000000e+00
15 	 42 	 Ex 	 2 	 1.042562e+00 	 3.600000e+02 	 -1.320000e+03 	 2.000000e+00
15 	 43 	 Ex 	 2 	 4.743653e-01 	 6.000000e+02 	 -1.320000e+03 	 2.000000e+00
15 	 44 	 Ex 	 2 	 8.346568e-01 	 8.400000e+02 	 -1.320000e+03 	 2.000000e+00
15 	 45 	 Ex 	 2 	 6.795046e-01 	 1.080000e+03 	 -1.320000e+03 	 2.000000e+00
15 	 46 	 Ex 	 2 	 4.282829e-01 	 1.320000e+03 	 -1.320000e+03 	 2.000000e+00
15 	 47 	 Ex 	 2 	 2.141606e-01 	 1.560000e+03 	 -1.320000e+03 	 2.000000e+00
15 	 48 	 Ex 	 2 	 8.419080e-01 	 1.800000e+03 	 -1.320000e+03 	 2.000000e+00
15 	 49 	 Ex 	 2 	 1.209298e+00 	 -1.800000e+03 	 -1.080000e+03 	 2.000000e+00
15 	 50 	 Ex 	 2 	 9.044871e-01 	 -1.560000e+03 	 -1.080000e+03 	 2.000000e+00
15 	 51 	 Ex 	 2 	 1.623857e+00 	 -1.320000e+03 	 -1.080000e+03 	 2.000000e+00
15 	 52 	 Ex 	 2 	 3.640004e-01 	 -1.080000e+03 	 -1.080000e+03 	 2.000000e+00
15 	 53 	 Ex 	 2 	 1.338924e+00 	 -8.400000e+02 	 -1.080000e+03 	 2.000000e+00
15 	 54 	 Ex 	 2 	 2.718307e+00 	 -6.000000e+02 	 -1.080000e+03 	 2.000000e+00
15 	 55 	 Ex 	 2 	 1.477683e+00 	 -3.600000e+02 	 -1.080000e+03 	 2.000000e+00
15 	 56 	 Ex 	 2 	 1.785235e+00 	 -1.200000e+02 	 -1.080000e+03 	 2.000000e+00
15 	 57 	 Ex 	 2 	 3.645344e-01 	 1.200000e+02 	 -1.080000e+03 	 2.000000e+00
15 	 58 	 Ex 	 2 	 1.329777e+00 	 3.600000e+02 	 -1.080000e+03 	 2.000000e+00
15 	 59 	 Ex 	 2 	 1.384864e+00 	 6.000000e+02 	 -1.080000e+03 	 2.000000e+00
15 	 60 	 Ex 	 2 	 5.911102e-01 	 8.400000e+02 	 -1.080000e+03 	 2.000000e+00
15 	 61 	 Ex 	 2 	 3.786574e-01 	 1.080000e+03 	 -1.080000e+03 	 2.000000e+00
15 	 62 	 Ex 	 2 	 1.139588e+00 	 1.320000e+03 	 -1.080000e+03 	 2.000000e+00
15 	 63 	 Ex 	 2 	 1.147350e+00 	 1.560000e+03 	 -1.080000e+03 	 2.000000e+00
15 	 64 	 Ex 	 2 	 5.503685e-01 	 1.800000e+03 	 -1.080000e+03 	 2.000000e+00
15 	 65 	 Ex 	 2 	 1.174416e+00 	 -1.800000e+03 	 -8.400000e+02 	 2.000000e+00
15 	 66 	 Ex 	 2 	 1.183894e+00 	 -1.560000e+03 	 -8.400000e+02 	 2.000000e+00
15 	 67 	 Ex 	 2 	 2.340849e+00 	 -1.320000e+03 	 -8.400000e+02 	 2.000000e+00
15 	 68 	 Ex 	 2 	 4.317650e-01 	 -1.080000e+03 	 -8.400000e+02 	 2.000000e+00
15 	 69 	 Ex 	 2 	 9.669894e-01 	 -8.400000e+02 	 -8.400000e+02 	 2.000000e+00
15 	 70 	 Ex 	 2 	 4.520050e-01 	 -6.000000e+02 	 -8.400000e+02 	 2.000000e+00
15 	 71 	 Ex 	 2 	 1.192818e+00 	 -3.600000e+02 	 -8.400000e+02 	 2.000000e+00
15 	 72 	 Ex 	 2 	 1.495617e+00 	 -1.200000e+02 	 -8.400000e+02 	 2.000000e+00
15 	 73 	 Ex 	 2 	 1.541424e+00 	 1.200000e+02 	 -8.400000e+02 	 2.000000e+00
15 	 74 	 Ex 	 2 	 1.299083e+00 	 3.600000e+02 	 -8.400000e+02 	 2.000000e+00
15 	 75 	 Ex 	 2 	 1.567847e+00 	 6.000000e+02 	 -8.400000e+02 	 2.000000e+00
15 	 76 	 Ex 	 2 	 5.690528e-01 	 8.400000e+02 	 -8.400000e+02 	 2.000000e+00
15 	 77 	 Ex 	 2 	 1.497427e+00 	 1.080000e+03 	 -8.400000e+02 	 2.000000e+00
15 	 78 	 Ex 	 2 	 3.922763e-01 	 1.320000e+03 	 -8.400000e+02 	 2.000000e+00
15 	 79 	 Ex 	 2 	 4.737492e-02 	 1.560000e+03 	 -8.400000e+02 	 2.000000e+00
15 	 80 	 Ex 	 2 	 8.207744e-01 	 1.800000e+03 	 -8.400000e+02 	 2.000000e+00
15 	 81 	 Ex 	 2 	 1.760595e+00 	 -1.800000e+03 	 -6.000000e+02 	 2.000000e+00
15 	 82 	 Ex 	 2 	 2.633968e+00 	 -1.560000e+03 	 -6.000000e+02 	 2.000000e+00
15 	 83 	 Ex 	 2 	 1.454568e+00 	 -1.320000e+03 	 -6.000000e+02 	 2.000000e+00
15 	 84 	 Ex 	 2 	 6.474772e-01 	 -1.080000e+03 	 -6.000000e+02 	 2.000000e+00
15 	 85 	 Ex 	 2 	 8.510538e-01 	 -8.400000e+02 	 -6.000000e+02 	 2.000000e+00
15 	 86 	 Ex 	 2 	 1.501509e+00 	 -6.000000e+02 	 -6.000000e+02 	 2.000000e+00
15 	 87 	 Ex 	 2 	 1.898867e+00 	 -3.600000e+02 	 -6.000000e+02 	 2.000000e+00
15 	 88 	 Ex 	 2 	 3.015977e+00 	 -1.200000e+02 	 -6.000000e+02 	 2.000000e+00
15 	 89 	 Ex 	 2 	 9.028358e-01 	 1.200000e+02 	 -6.000000e+02 	 2.000000e+00
15 	 90 	 Ex 	 2 	 1.249559e+00 	 3.600000e+02 	 -6.000000e+02 	 2.000000e+00
15 	 91 	 Ex 	 2 	 1.540169e+00 	 6.000000e+02 	 -6.000000e+02 	 2.000000e+00
15 	 92 	 Ex 	 2 	 6.683680e-01 	 8.400000e+02 	 -6.000000e+02 	 2.000000e+00
15 	 93 	 Ex 	 2 	 2.674860e-01 	 1.080000e+03 	 -6.000000e+02 	 2.000000e+00
15 	 94 	 Ex 	 2 	 9.994534e-01 	 1.320000e+03 	 -6.000000e+02 	 2.000000e+00
15 	 95 	 Ex 	 2 	 1.263590e-01 	 1.560000e+03 	 -6.000000e+02 	 2.000000e+00
15 	 96 	 Ex 	 2 	 2.773880e-01 	 1.800000e+03 	 -6.000000e+02 	 2.000000e+00
15 	 97 	 Ex 	 2 	 1.270440e+00 	 -1.800000e+03 	 -3.600000e+02 	 2.000000e+00
15 	 98 	 Ex 	 2 	 1.040941e+00 	 -1.560000e+03 	 -3.600000e+02 	 2.000000e+00
15 	 99 	 Ex 	 2 	 1.254899e+00 	 -1.320000e+03 	 -3.600000e+02 	 2.000000e+00
15 	 100 	 Ex 	 2 	 1.392320e+00 	 -1.080000e+03 	 -3.600000e+02 	 2.000000e+00
15 	 101 	 Ex 	 2 	 4.056003e-01 	 -8.400000e+02 	 -3.600000e+02 	 2.000000e+00
15 	 102 	 Ex 	 2 	 4.421178e-01 	 -6.000000e+02 	 -3.600000e+02 	 2.000000e+00
15 	 103 	 Ex 	 2 	 1.094307e+00 	 -3.600000e+02 	 -3.600000e+02 	 2.000000e+00
15 	 104 	 Ex 	 2 	 1.153976e+00 	 -1.200000e+02 	 -3.600000e+02 	 2.000000e+00
15 	 105 	 Ex 	 2 	 1.333592e+00 	 1.200000e+02 	 -3.600000e+02 	 2.000000e+00
15 	 106 	 Ex 	 2 	 8.090319e-01 	 3.600000e+02 	 -3.600000e+02 	 2.000000e+00
15 	 107 	 Ex 	 2 	 1.253590e+00 	 6.000000e+02 	 -3.600000e+02 	 2.000000e+00
15 	 108 	 Ex 	 2 	 1.796620e+00 	 8.400000e+02 	 -3.600000e+02 	 2.000000e+00
15 	 109 	 Ex 	 2 	 7.551337e-01 	 1.080000e+03 	 -3.600000e+02 	 2.000000e+00
15 	 110 	 Ex 	 2 	 2.268237e+00 	 1.320000e+03 	 -3.600000e+02 	 2.000000e+00
15 	 111 	 Ex 	 2 	 9.137366e-01 	 1.560000e+03 	 -3.600000e+02 	 2.000000e+00
15 	 112 	 Ex 	 2 	 9.190877e-01 	 1.800000e+03 	 -3.600000e+02 	 2.000000e+00
15 	 113 	 Ex 	 2 	 8.803028e-01 	 -1.800000e+03 	 -1.200000e+02 	 2.000000e+00
15 	 114 	 Ex 	 2 	 1.235778e+00 	 -1.560000e+03 	 -1.200000e+02 	 2.000000e+00
15 	 115 	 Ex 	 2 	 1.411192e+00 	 -1.320000e+03 	 -1.200000e+02 	 2.000000e+00
15 	 116 	 Ex 	 2 	 2.157666e+00 	 -1.080000e+03 	 -1.200000e+02 	 2.000000e+00
15 	 117 	 Ex 	 2 	 1.411949e+00 	 -8.400000e+02 	 -1.200000e+02 	 2.000000e+00
15 	 118 	 Ex 	 2 	 8.049661e-01 	 -6.000000e+02 	 -1.200000e+02 	 2.000000e+00
15 	 119 	 Ex 	 2 	 1.533040e+00 	 -3.600000e+02 	 -1.200000e+02 	 2.000000e+00
15 	 120 	 Ex 	 2 	 1.267357e+00 	 -1.200000e+02 	 -1.200000e+02 	 2.000000e+00
15 	 121 	 Ex 	 2 	 5.734197e-01 	 1.200000e+02 	 -1.200000e+02 	 2.000000e+00
15 	 122 	 Ex 	 2 	 2.129917e+00 	 3.600000e+02 	 -1.200000e+02 	 2.000000e+00
15 	 123 	 Ex 	 2 	 7.412343e-01 	 6.000000e+02 	 -1.200000e+02 	 2.000000e+00
15 	 124 	 Ex 	 2 	 1.739998e+00 	 8.400000e+02 	 -1.200000e+02 	 2.000000e+00
15 	 125 	 Ex 	 2 	 9.935811e-01 	 1.080000e+03 	 -1.200000e+02 	 2.000000e+00
15 	 126 	 Ex 	 2 	 3.413348e-01 	 1.320000e+03 	 -1.200000e+02 	 2.000000e+00
15 	 127 	 Ex 	 2 	 1.537431e+00 	 1.560000e+03 	 -1.200000e+02 	 2.000000e+00
15 	 128 	 Ex 	 2 	 8.881691e-01 	 1.800000e+03 	 -1.200000e+02 	 2.000000e+00
15 	 129 	 Ex 	 2 	 2.604230e-01 	 -1.800000e+03 	 1.200000e+02 	 2.000000e+00
15 	 130 	 Ex 	 2 	 2.312139e-01 	 -1.560000e+03 	 1.200000e+02 	 2.000000e+00
15 	 131 	 Ex 	 2 	 4.206000e-01 	 -1.320000e+03 	 1.200000e+02 	 2.000000e+00
15 	 132 	 Ex 	 2 	 1.070280e+00 	 -1.080000e+03 	 1.200000e+02 	 2.000000e+00
15 	 133 	 Ex 	 2 	 1.646556e+00 	 -8.400000e+02 	 1.200000e+02 	 2.000000e+00
15 	 134 	 Ex 	 2 	 5.291797e-01 	 -6.000000e+02 	 1.200000e+02 	 2.000000e+00
15 	 135 	 Ex 	 2 	 4.823606e-01 	 -3.600000e+02 	 1.200000e+02 	 2.000000e+00
15 	 136 	 Ex 	 2 	 1.962276e+00 	 -1.200000e+02 	 1.200000e+02 	 2.000000e+00
15 	 137 	 Ex 	 2 	 1.916683e+00 	 1.200000e+02 	 1.200000e+02 	 2.000000e+00
15 	 138 	 Ex 	 2 	 2.013903e+00 	 3.600000e+02 	 1.200000e+02 	 2.000000e+00
15 	 139 	 Ex 	 2 	 1.668162e+00 	 6.000000e+02 	 1.200000e+02 	 2.000000e+00
15 	 140 	 Ex 	 2 	 1.195966e+00 	 8.400000e+02 	 1.200000e+02 	 2.000000e+00
15 	 141 	 Ex 	 2 	 2.640146e+00 	 1.080000e+03 	 1.200000e+02 	 2.000000e+00
15 	 142 	 Ex 	 2 	 1.197452e+00 	 1.320000e+03 	 1.200000e+02 	 2.000000e+00
15 	 143 	 Ex 	 2 	 4.438549e-01 	 1.560000e+03 	 1.200000e+02 	 2.000000e+00
15 	 144 	 Ex 	 2 	 8.005847e-01 	 1.800000e+03 	 1.200000e+02 	 2.000000e+00
15 	 145 	 Ex 	 2 	 9.832743e-01 	 -1.800000e+03 	 3.600000e+02 	 2.000000e+00
15 	 146 	 Ex 	 2 	 7.416096e-01 	 -1.560000e+03 	 3.600000e+02 	 2.000000e+00
15 	 147 	 Ex 	 2 	 1.164966e+00 	 -1.320000e+03 	 3.600000e+02 	 2.000000e+00
15 	 148 	 Ex 	 2 	 5.324847e-01 	 -1.080000e+03 	 3.600000e+02 	 2.000000e+00
15 	 149 	 Ex 	 2 	 2.715856e-01 	 -8.400000e+02 	 3.600000e+02 	 2.000000e+00
15 	 150 	 Ex 	 2 	 1.125112e+00 	 -6.000000e+02 	 3.600000e+02 	 2.000000e+00
15 	 151 	 Ex 	 2 	 1.522930e+00 	 -3.600000e+02 	 3.600000e+02 	 2.000000e+00
15 	 152 	 Ex 	 2 	 1.005432e+00 	 -1.200000e+02 	 3.600000e+02 	 2.000000e+00
15 	 153 	 Ex 	 2 	 1.212035e+00 	 1.200000e+02 	 3.600000e+02 	 2.000000e+00
15 	 154 	 Ex 	 2 	 9.507530e-01 	 3.600000e+02 	 3.600000e+02 	 2.000000e+00
15 	 155 	 Ex 	 2 	 2.393011e+00 	 6.000000e+02 	 3.600000e+02 	 2.000000e+00
15 	 156 	 Ex 	 2 	 1.100569e+00 	 8.400000e+02 	 3.600000e+02 	 2.000000e+00
15 	 157 	 Ex 	 2 	 7.825633e-01 	 1.080000e+03 	 3.600000e+02 	 2.000000e+00
15 	 158 	 Ex 	 2 	 1.457255e+00 	 1.320000e+03 	 3.600000e+02 	 2.000000e+00
15 	 159 	 Ex 	 2 	 1.677406e+00 	 1.560000e+03 	 3.600000e+02 	 2.000000e+00
15 	 160 	 Ex 	 2 	 4.150336e-01 	 1.800000e+03 	 3.600000e+02 	 2.000000e+00
15 	 161 	 Ex 	 2 	 1.451323e+00 	 -1.800000e+03 	 6.000000e+02 	 2.000000e+00
15 	 162 	 Ex 	 2 	 9.211120e-01 	 -1.560000e+03 	 6.000000e+02 	 2.000000e+00
15 	 163 	 Ex 	 2 	 1.861677e+00 	 -1.320000e+03 	 6.000000e+02 	 2.000000e+00
15 	 164 	 Ex 	 2 	 5.419293e-01 	 -1.080000e+03 	 6.000000e+02 	 2.000000e+00
15 	 165 	 Ex 	 2 	 9.132453e-01 	 -8.400000e+02 	 6.000000e+02 	 2.000000e+00
15 	 166 	 Ex 	 2 	 9.326573e-01 	 -6.000000e+02 	 6.000000e+02 	 2.000000e+00
15 	 167 	 Ex 	 2 	 1.834504e+00 	 -3.600000e+02 	 6.000000e+02 	 2.000000e+00
15 	 168 	 Ex 	 2 	 1.053845e+00 	 -1.200000e+02 	 6.000000e+02 	 2.000000e+00
15 	 169 	 Ex 	 2 	 8.543454e-01 	 1.200000e+02 	 6.000000e+02 	 2.000000e+00
15 	 170 	 Ex 	 2 	 1.639611e+00 	 3.600000e+02 	 6.000000e+02 	 2.000000e+00
15 	 171 	 Ex 	 2 	 7.293106e-01 	 6.000000e+02 	 6.000000e+02 	 2.000000e+00
15 	 172 	 Ex 	 2 	 8.729275e-01 	 8.400000e+02 	 6.000000e+02 	 2.000000e+00
15 	 173 	 Ex 	 2 	 4.223448e-01 	 1.080000e+03 	 6.000000e+02 	 2.000000e+00
15 	 174 	 Ex 	 2 	 1.173768e+00 	 1.320000e+03 	 6.000000e+02 	 2.000000e+00
15 	 175 	 Ex 	 2 	 9.920271e-01 	 1.560000e+03 	 6.000000e+02 	 2.000000e+00
15 	 176 	 Ex 	 2 	 4.843955e-01 	 1.800000e+03 	 6.000000e+02 	 2.000000e+00
15 	 177 	 Ex 	 2 	 4.549318e-01 	 -1.800000e+03 	 8.400000e+02 	 2.000000e+00
15 	 178 	 Ex 	 2 	 1.324471e+00 	 -1.560000e+03 	 8.400000e+02 	 2.000000e+00
15 	 179 	 Ex 	 2 	 1.136719e+00 	 -1.320000e+03 	 8.400000e+02 	 2.000000e+00
15 	 180 	 Ex 	 2 	 9.026150e-01 	 -1.080000e+03 	 8.400000e+02 	 2.000000e+00
15 	 181 	 Ex 	 2 	 3.583617e-01 	 -8.400000e+02 	 8.400000e+02 	 2.000000e+00
15 	 182 	 Ex 	 2 	 9.251072e-02 	 -6.000000e+02 	 8.400000e+02 	 2.000000e+00
15 	 183 	 Ex 	 2 	 1.231756e+00 	 -3.600000e+02 	 8.400000e+02 	 2.000000e+00
15 	 184 	 Ex 	 2 	 1.375214e+00 	 -1.200000e+02 	 8.400000e+02 	 2.000000e+00
15 	 185 	 Ex 	 2 	 2.057398e-01 	 1.200000e+02 	 8.400000e+02 	 2.000000e+00
15 	 186 	 Ex 	 2 	 1.093104e+00 	 3.600000e+02 	 8.400000e+02 	 2.000000e+00
15 	 187 	 Ex 	 2 	 5.534049e-01 	 6.000000e+02 	 8.400000e+02 	 2.000000e+00
15 	 188 	 Ex 	 2 	 1.263158e+00 	 8.400000e+02 	 8.400000e+02 	 2.000000e+00
15 	 189 	 Ex 	 2 	 7.442405e-01 	 1.080000e+03 	 8.400000e+02 	 2.000000e+00
15 	 190 	 Ex 	 2 	 1.336338e+00 	 1.320000e+03 	 8.400000e+02 	 2.000000e+00
15 	 191 	 Ex 	 2 	 1.426543e+00 	 1.560000e+03 	 8.400000e+02 	 2.000000e+00
15 	 192 	 Ex 	 2 	 4.644638e-01 	 1.800000e+03 	 8.400000e+02 	 2.000000e+00
15 	 193 	 Ex 	 2 	 1.498890e+00 	 -1.800000e+03 	 1.080000e+03 	 2.000000e+00
15 	 194 	 Ex 	 2 	 8.645492e-01 	 -1.560000e+03 	 1.080000e+03 	 2.000000e+00
15 	 195 	 Ex 	 2 	 1.344871e+00 	 -1.320000e+03 	 1.080000e+03 	 2.000000e+00
15 	 196 	 Ex 	 2 	 1.319139e+00 	 -1.080000e+03 	 1.080000e+03 	 2.000000e+00
15 	 197 	 Ex 	 2 	 7.827933e-01 	 -8.400000e+02 	 1.080000e+03 	 2.000000e+00
15 	 198 	 Ex 	 2 	 1.196520e-01 	 -6.000000e+02 	 1.080000e+03 	 2.000000e+00
15 	 199 	 Ex 	 2 	 5.176815e-01 	 -3.600000e+02 	 1.080000e+03 	 2.000000e+00
15 	 200 	 Ex 	 2 	 6.215535e-01 	 -1.200000e+02 	 1.080000e+03 	 2.000000e+00
15 	 201 	 Ex 	 2 	 9.694780e-01 	 1.200000e+02 	 1.080000e+03 	 2.000000e+00
15 	 202 	 Ex 	 2 	 0.000000e+00 	 3.600000e+02 	 1.080000e+03 	 2.000000e+00
15 	 203 	 Ex 	 2 	 0.000000e+00 	 6.000000e+02 	 1.080000e+03 	 2.000000e+00
15 	 204 	 Ex 	 2 	 1.225305e+00 	 8.400000e+02 	 1.080000e+03 	 2.000000e+00
15 	 205 	 Ex 	 2 	 1.782743e+00 	 1.080000e+03 	 1.080000e+03 	 2.000000e+00
15 	 206 	 Ex 	 2 	 9.134505e-01 	 1.320000e+03 	 1.080000e+03 	 2.000000e+00
15 	 207 	 Ex 	 2 	 6.354904e-01 	 1.560000e+03 	 1.080000e+03 	 2.000000e+00
15 	 208 	 Ex 	 2 	 4.483291e-01 	 1.800000e+03 	 1.080000e+03 	 2.000000e+00
15 	 209 	 Ex 	 2 	 4.875754e-01 	 -1.800000e+03 	 1.320000e+03 	 2.000000e+00
15 	 210 	 Ex 	 2 	 7.950100e-01 	 -1.560000e+03 	 1.320000e+03 	 2.000000e+00
15 	 211 	 Ex 	 2 	 4.971609e-01 	 -1.320000e+03 	 1.320000e+03 	 2.000000e+00
15 	 212 	 Ex 	 2 	 9.558842e-01 	 -1.080000e+03 	 1.320000e+03 	 2.000000e+00
15 	 213 	 Ex 	 2 	 8.800862e-01 	 -8.400000e+02 	 1.320000e+03 	 2.000000e+00
15 	 214 	 Ex 	 2 	 4.816082e-01 	 -6.000000e+02 	 1.320000e+03 	 2.000000e+00
15 	 215 	 Ex 	 2 	 1.875704e+00 	 -3.600000e+02 	 1.320000e+03 	 2.000000e+00
15 	 216 	 Ex 	 2 	 9.536898e-01 	 -1.200000e+02 	 1.320000e+03 	 2.000000e+00
15 	 217 	 Ex 	 2 	 0.000000e+00 	 1.200000e+02 	 1.320000e+03 	 2.000000e+00
15 	 218 	 Ex 	 2 	 0.000000e+00 	 3.600000e+02 	 1.320000e+03 	 2.000000e+00
15 	 219 	 Ex 	 2 	 0.000000e+00 	 6.000000e+02 	 1.320000e+03 	 2.000000e+00
15 	 220 	 Ex 	 2 	 0.000000e+00 	 8.400000e+02 	 1.320000e+03 	 2.000000e+00
15 	 221 	 Ex 	 2 	 1.233004e+00 	 1.080000e+03 	 1.320000e+03 	 2.000000e+00
15 	 222 	 Ex 	 2 	 1.190988e+00 	 1.320000e+03 	 1.320000e+03 	 2.000000e+00
15 	 223 	 Ex 	 2 	 1.310827e+00 	 1.560000e+03 	 1.320000e+03 	 2.000000e+00
15 	 224 	 Ex 	 2 	 7.523947e-01 	 1.800000e+03 	 1.320000e+03 	 2.000000e+00
15 	 225 	 Ex 	 2 	 3.885260e-01 	 -1.800000e+03 	 1.560000e+03 	 2.000000e+00
15 	 226 	 Ex 	 2 	 6.602522e-01 	 -1.560000e+03 	 1.560000e+03 	 2.000000e+00
15 	 227 	 Ex 	 2 	 4.085339e-01 	 -1.320000e+03 	 1.560000e+03 	 2.000000e+00
15 	 228 	 Ex 	 2 	 7.031107e-01 	 -1.080000e+03 	 1.560000e+03 	 2.000000e+00
15 	 229 	 Ex 	 2 	 1.054701e+00 	 -8.400000e+02 	 1.560000e+03 	 2.000000e+00
15 	 230 	 Ex 	 2 	 2.030219e+00 	 -6.000000e+02 	 1.560000e+03 	 2.000000e+00
15 	 231 	 Ex 	 2 	 8.578573e-01 	 -3.600000e+02 	 1.560000e+03 	 2.000000e+00
15 	 232 	 Ex 	 2 	 4.068804e-01 	 -1.200000e+02 	 1.560000e+03 	 2.000000e+00
15 	 233 	 Ex 	 2 	 0.000000e+00 	 1.200000e+02 	 1.560000e+03 	 2.000000e+00
15 	 234 	 Ex 	 2 	 0.000000e+00 	 3.600000e+02 	 1.560000e+03 	 2.000000e+00
15 	 235 	 Ex 	 2 	 0.000000e+00 	 6.000000e+02 	 1.560000e+03 	 2.000000e+00
15 	 236 	 Ex 	 2 	 0.000000e+00 	 8.400000e+02 	 1.560000e+03 	 2.000000e+00
15 	 237 	 Ex 	 2 	 0.000000e+00 	 1.080000e+03 	 1.560000e+03 	 2.000000e+00
15 	 238 	 Ex 	 2 	 4.780618e-01 	 1.320000e+03 	 1.560000e+03 	 2.000000e+00
15 	 239 	 Ex 	 2 	 1.406419e+00 	 1.560000e+03 	 1.560000e+03 	 2.000000e+00
15 	 240 	 Ex 	 2 	 9.299919e-01 	 1.800000e+03 	 1.560000e+03 	 2.000000e+00
15 	 241 	 Ex 	 2 	 1.556207e+00 	 -1.800000e+03 	 1.800000e+03 	 2.000000e+00
15 	 242 	 Ex 	 2 	 1.177530e+00 	 -1.560000e+03 	 1.800000e+03 	 2.000000e+00
15 	 243 	 Ex 	 2 	 5.323766e-01 	 -1.320000e+03 	 1.800000e+03 	 2.000000e+00
15 	 244 	 Ex 	 2 	 6.521910e-01 	 -1.080000e+03 	 1.800000e+03 	 2.000000e+00
15 	 245 	 Ex 	 2 	 1.479423e+00 	 -8.400000e+02 	 1.800000e+03 	 2.000000e+00
15 	 246 	 Ex 	 2 	 1.400769e+00 	 -6.000000e+02 	 1.800000e+03 	 2.000000e+00
15 	 247 	 Ex 	 2 	 1.398602e+00 	 -3.600000e+02 	 1.800000e+03 	 2.000000e+00
15 	 248 	 Ex 	 2 	 9.936813e-01 	 -1.200000e+02 	 1.800000e+03 	 2.000000e+00
15 	 249 	 Ex 	 2 	 0.000000e+00 	 1.200000e+02 	 1.800000e+03 	 2.000000e+00
15 	 250 	 Ex 	 2 	 0.000000e+00 	 3.600000e+02 	 1.800000e+03 	 2.000000e+00
15 	 251 	 Ex 	 2 	 0.000000e+00 	 6.000000e+02 	 1.800000e+03 	 2.000000e+00
15 	 252 	 Ex 	 2 	 0.000000e+00 	 8.400000e+02 	 1.800000e+03 	 2.000000e+00
15 	 253 	 Ex 	 2 	 0.000000e+00 	 1.080000e+03 	 1.800000e+03 	 2.000000e+00
15 	 254 	 Ex 	 2 	 1.591837e+00 	 1.320000e+03 	 1.800000e+03 	 2.000000e+00
15 	 255 	 Ex 	 2 	 1.043494e+00 	 1.560000e+03 	 1.800000e+03 	 2.000000e+00
15 	 256 	 Ex 	 2 	 3.140826e-01 	 1.800000e+03 	 1.800000e+03 	 2.000000e+00
15 	 1 	 Ey 	 1 	 6.984378e-01 	 -1.800000e+03 	 -1.800000e+03 	 2.000000e+00
15 	 2 	 Ey 	 1 	 9.637848e-01 	 -1.560000e+03 	 -1.800000e+03 	 2.000000e+00
15 	 3 	 Ey 	 1 	 1.620809e+00 	 -1.320000e+03 	 -1.800000e+03 	 2.000000e+00
15 	 4 	 Ey 	 1 	 2.349720e-01 	 -1.080000e+03 	 -1.800000e+03 	 2.000000e+00
15 	 5 	 Ey 	 1 	 1.098730e+00 	 -8.400000e+02 	 -1.800000e+03 	 2.000000e+00
15 	 6 	 Ey 	 1 	 1.924505e+00 	 -6.000000e+02 	 -1.800000e+03 	 2.000000e+00
15 	 7 	 Ey 	 1 	 2.044965e+00 	 -3.600000e+02 	 -1.800000e+03 	 2.000000e+00
15 	 8 	 Ey 	 1 	 1.393965e+00 	 -1.200000e+02 	 -1.800000e+03 	 2.000000e+00
15 	 9 	 Ey 	 1 	 9.780858e-01 	 1.200000e+02 	 -1.800000e+03 	 2.000000e+00
15 	 10 	 Ey 	 1 	 5.780067e-01 	 3.600000e+02 	 -1.800000e+03 	 2.000000e+00
15 	 11 	 Ey 	 1 	 9.047517e-01 	 6.000000e+02 	 -1.800000e+03 	 2.000000e+00
15 	 12 	 Ey 	 1 	 1.229533e+00 	 8.400000e+02 	 -1.800000e+03 	 2.000000e+00
15 	 13 	 Ey 	 1 	 1.152977e+00 	 1.080000e+03 	 -1.800000e+03 	 2.000000e+00
15 	 14 	 Ey 	 1 	 9.596623e-01 	 1.320000e+03 	 -1.800000e+03 	 2.000000e+00
15 	 15 	 Ey 	 1 	 1.179322e+00 	 1.560000e+03 	 -1.800000e+03 	 2.000000e+00
15 	 16 	 Ey 	 1 	 9.352647e-01 	 1.800000e+03 	 -1.800000e+03 	 2.000000e+00
15 	 17 	 Ey 	 1 	 9.840634e-01 	 -1.800000e+03 	 -1.560000e+03 	 2.000000e+00
15 	 18 	 Ey 	 1 	 1.080562e+00 	 -1.560000e+03 	 -1.560000e+03 	 2.000000e+00
15 	 19 	 Ey 	 1 	 4.697930e-01 	 -1.320000e+03 	 -1.560000e+03 	 2.000000e+00
15 	 20 	 Ey 	 1 	 8.640298e-01 	 -1.080000e+03 	 -1.560000e+03 	 2.000000e+00
15 	 21 	 Ey 	 1 	 2.548669e+00 	 -8.400000e+02 	 -1.560000e+03 	 2.000000e+00
15 	 22 	 Ey 	 1 	 1.463465e+00 	 -6.000000e+02 	 -1.560000e+03 	 2.000000e+00
15 	 23 	 Ey 	 1 	 1.447290e+00 	 -3.600000e+02 	 -1.560000e+03 	 2.000000e+00
15 	 24 	 Ey 	 1 	 1.870011e+00 	 -1.200000e+02 	 -1.560000e+03 	 2.000000e+00
15 	 25 	 Ey 	 1 	 6.213451e-02 	 1.200000e+02 	 -1.560000e+03 	 2.000000e+00
15 	 26 	 Ey 	 1 	 1.353560e+00 	 3.600000e+02 	 -1.560000e+03 	 2.000000e+00
15 	 27 	 Ey 	 1 	 5.231764e-01 	 6.000000e+02 	 -1.560000e+03 	 2.000000e+00
15 	 28 	 Ey 	 1 	 3.968587e-01 	 8.400000e+02 	 -1.560000e+03 	 2.000000e+00
15 	 29 	 Ey 	 1 	 5.436294e-01 	 1.080000e+03 	 -1.560000e+03 	 2.000000e+00
15 	 30 	 Ey 	 1 	 1.051372e+00 	 1.320000e+03 	 -1.560000e+03 	 2.000000e+00
15 	 31 	 Ey 	 1 	 1.338718e+00 	 1.560000e+03 	 -1.560000e+03 	 2.000000e+00
15 	 32 	 Ey 	 1 	 8.264039e-01 	 1.800000e+03 	 -1.560000e+03 	 2.000000e+00
15 	 33 	 Ey 	 1 	 1.091724e+00 	 -1.800000e+03 	 -1.320000e+03 	 2.000000e+00
15 	 34 	 Ey 	 1 	 5.321177e-01 	 -1.560000e+03 	 -1.320000e+03 	 2.000000e+00
15 	 35 	 Ey 	 1 	 1.095199e+00 	 -1.320000e+03 	 -1.320000e+03 	 2.000000e+00
15 	 36 	 Ey 	 1 	 1.137479e+00 	 -1.080000e+03 	 -1.320000e+03 	 2.000000e+00
15 	 37 	 Ey 	 1 	 1.864975e+00 	 -8.400000e+02 	 -1.320000e+03 	 2.000000e+00
15 	 38 	 Ey 	 1 	 3.979068e-01 	 -6.000000e+02 	 -1.320000e+03 	 2.000000e+00
15 	 39 	 Ey 	 1 	 1.341962e+00 	 -3.600000e+02 	 -1.320000e+03 	 2.000000e+00
15 	 40 	 Ey 	 1 	 1.189062e+00 	 -1.200000e+02 	 -1.320000e+03 	 2.000000e+00
15 	 41 	 Ey 	 1 	 7.538847e-01 	 1.200000e+02 	 -1.320000e+03 	 2.000000e+00
15 	 42 	 Ey 	 1 	 7.100140e-01 	 3.600000e+02 	 -1.320000e+03 	 2.000000e+00
15 	 43 	 Ey 	 1 	 1.092085e+00 	 6.000000e+02 	 -1.320000e+03 	 2.000000e+00
15 	 44 	 Ey 	 1 	 4.265908e-01 	 8.400000e+02 	 -1.320000e+03 	 2.000000e+00
15 	 45 	 Ey 	 1 	 5.696406e-01 	 1.080000e+03 	 -1.320000e+03 	 2.000000e+00
15 	 46 	 Ey 	 1 	 9.717250e-01 	 1.320000e+03 	 -1.320000e+03 	 2.000000e+00
15 	 47 	 Ey 	 1 	 8.027799e-01 	 1.560000e+03 	 -1.320000e+03 	 2.000000e+00
15 	 48 	 Ey 	 1 	 6.091934e-01 	 1.800000e+03 	 -1.320000e+03 	 2.000000e+00
15 	 49 	 Ey 	 1 	 1.102586e+00 	 -1.800000e+03 	 -1.080000e+03 	 2.000000e+00
15 	 50 	 Ey 	 1 	 6.271895e-01 	 -1.560000e+03 	 -1.080000e+03 	 2.000000e+00
15 	 51 	 Ey 	 1 	 1.809306e+00 	 -1.320000e+03 	 -1.080000e+03 	 2.000000e+00
15 	 52 	 Ey 	 1 	 9.829626e-01 	 -1.080000e+03 	 -1.080000e+03 	 2.000000e+00
15 	 53 	 Ey 	 1 	 2.453060e+00 	 -8.400000e+02 	 -1.080000e+03 	 2.000000e+00
15 	 54 	 Ey 	 1 	 7.116576e-01 	 -6.000000e+02 	 -1.080000e+03 	 2.000000e+00
15 	 55 	 Ey 	 1 	 1.425702e+00 	 -3.600000e+02 	 -1.080000e+03 	 2.000000e+00
15 	 56 	 Ey 	 1 	 1.029895e+00 	 -1.200000e+02 	 -1.080000e+03 	 2.000000e+00
15 	 57 	 Ey 	 1 	 6.274008e-01 	 1.200000e+02 	 -1.080000e+03 	 2.000000e+00
15 	 58 	 Ey 	 1 	 1.673797e-01 	 3.600000e+02 	 -1.080000e+03 	 2.000000e+00
15 	 59 	 Ey 	 1 	 1.242295e+00 	 6.000000e+02 	 -1.080000e+03 	 2.000000e+00
15 	 60 	 Ey 	 1 	 1.557326e+00 	 8.400000e+02 	 -1.080000e+03 	 2.000000e+00
15 	 61 	 Ey 	 1 	 2.755904e+00 	 1.080000e+03 	 -1.080000e+03 	 2.000000e+00
15 	 62 	 Ey 	 1 	 1.229797e+00 	 1.320000e+03 	 -1.080000e+03 	 2.000000e+00
15 	 63 	 Ey 	 1 	 1.237205e+00 	 1.560000e+03 	 -1.080000e+03 	 2.000000e+00
15 	 64 	 Ey 	 1 	 7.662699e-01 	 1.800000e+03 	 -1.080000e+03 	 2.000000e+00
15 	 65 	 Ey 	 1 	 9.140134e-01 	 -1.800000e+03 	 -8.400000e+02 	 2.000000e+00
15 	 66 	 Ey 	 1 	 3.176058e-01 	 -1.560000e+03 	 -8.400000e+02 	 2.000000e+00
15 	 67 	 Ey 	 1 	 2.994666e-01 	 -1.320000e+03 	 -8.400000e+02 	 2.000000e+00
15 	 68 	 Ey 	 1 	 1.191926e+00 	 -1.080000e+03 	 -8.400000e+02 	 2.000000e+00
15 	 69 	 Ey 	 1 	 5.068414e-01 	 -8.400000e+02 	 -8.400000e+02 	 2.000000e+00
15 	 70 	 Ey 	 1 	 1.139706e+00 	 -6.000000e+02 	 -8.400000e+02 	 2.000000e+00
15 	 71 	 Ey 	 1 	 1.527250e+00 	 -3.600000e+02 	 -8.400000e+02 	 2.000000e+00
15 	 72 	 Ey 	 1 	 1.137917e+00 	 -1.200000e+02 	 -8.400000e+02 	 2.000000e+00
15 	 73 	 Ey 	 1 	 1.424242e+00 	 1.200000e+02 	 -8.400000e+02 	 2.000000e+00
15 	 74 	 Ey 	 1 	 4.232775e-01 	 3.600000e+02 	 -8.400000e+02 	 2.000000e+00
15 	 75 	 Ey 	 1 	 1.463935e+00 	 6.000000e+02 	 -8.400000e+02 	 2.000000e+00
15 	 76 	 Ey 	 1 	 5.952955e-01 	 8.400000e+02 	 -8.400000e+02 	 2.000000e+00
15 	 77 	 Ey 	 1 	 1.447292e+00 	 1.080000e+03 	 -8.400000e+02 	 2.000000e+00
15 	 78 	 Ey 	 1 	 2.629015e-01 	 1.320000e+03 	 -8.400000e+02 	 2.000000e+00
15 	 79 	 Ey 	 1 	 7.277992e-01 	 1.560000e+03 	 -8.400000e+02 	 2.000000e+00
15 	 80 	 Ey 	 1 	 2.541273e-01 	 1.800000e+03 	 -8.400000e+02 	 2.000000e+00
15 	 81 	 Ey 	 1 	 9.499137e-01 	 -1.800000e+03 	 -6.000000e+02 	 2.000000e+00
15 	 82 	 Ey 	 1 	 9.974415e-01 	 -1.560000e+03 	 -6.000000e+02 	 2.000000e+00
15 	 83 	 Ey 	 1 	 2.424357e-01 	 -1.320000e+03 	 -6.000000e+02 	 2.000000e+00
15 	 84 	 Ey 	 1 	 8.404512e-02 	 -1.080000e+03 	 -6.000000e+02 	 2.000000e+00
15 	 85 	 Ey 	 1 	 2.895716e-01 	 -8.400000e+02 	 -6.000000e+02 	 2.000000e+00
15 	 86 	 Ey 	 1 	 8.635648e-01 	 -6.000000e+02 	 -6.000000e+02 	 2.000000e+00
15 	 87 	 Ey 	 1 	 6.852514e-01 	 -3.600000e+02 	 -6.000000e+02 	 2.000000e+00
15 	 88 	 Ey 	 1 	 8.056286e-01 	 -1.200000e+02 	 -6.000000e+02 	 2.000000e+00
15 	 89 	 Ey 	 1 	 8.361884e-01 	 1.200000e+02 	 -6.000000e+02 	 2.000000e+00
15 	 90 	 Ey 	 1 	 7.900383e-01 	 3.600000e+02 	 -6.000000e+02 	 2.000000e+00
15 	 91 	 Ey 	 1 	 8.103010e-01 	 6.000000e+02 	 -6.000000e+02 	 2.000000e+00
15 	 92 	 Ey 	 1 	 2.479243e-01 	 8.400000e+02 	 -6.000000e+02 	 2.000000e+00
15 	 93 	 Ey 	 1 	 9.050580e-01 	 1.080000e+03 	 -6.000000e+02 	 2.000000e+00
15 	 94 	 Ey 	 1 	 8.468534e-01 	 1.320000e+03 	 -6.000000e+02 	 2.000000e+00
15 	 95 	 Ey 	 1 	 7.411895e-01 	 1.560000e+03 	 -6.000000e+02 	 2.000000e+00
15 	 96 	 Ey 	 1 	 2.113623e+00 	 1.800000e+03 	 -6.000000e+02 	 2.000000e+00
15 	 97 	 Ey 	 1 	 2.953657e-01 	 -1.800000e+03 	 -3.600000e+02 	 2.000000e+00
15 	 98 	 Ey 	 1 	 1.932704e+00 	 -1.560000e+03 	 -3.600000e+02 	 2.000000e+00
15 	 99 	 Ey 	 1 	 3.378891e-01 	 -1.320000e+03 	 -3.600000e+02 	 2.000000e+00
15 	 100 	 Ey 	 1 	 5.083655e-01 	 -1.080000e+03 	 -3.600000e+02 	 2.000000e+00
15 	 101 	 Ey 	 1 	 1.505455e+00 	 -8.400000e+02 	 -3.600000e+02 	 2.000000e+00
15 	 102 	 Ey 	 1 	 8.106246e-01 	 -6.000000e+02 	 -3.600000e+02 	 2.000000e+00
15 	 103 	 Ey 	 1 	 1.436997e+00 	 -3.600000e+02 	 -3.600000e+02 	 2.000000e+00
15 	 104 	 Ey 	 1 	 9.461260e-01 	 -1.200000e+02 	 -3.600000e+02 	 2.000000e+00
15 	 105 	 Ey 	 1 	 1.137459e+00 	 1.200000e+02 	 -3.600000e+02 	 2.000000e+00
15 	 106 	 Ey 	 1 	 1.717519e+00 	 3.600000e+02 	 -3.600000e+02 	 2.000000e+00
15 	 107 	 Ey 	 1 	 2.477015e+00 	 6.000000e+02 	 -3.600000e+02 	 2.000000e+00
15 	 108 	 Ey 	 1 	 1.940656e+00 	 8.400000e+02 	 -3.600000e+02 	 2.000000e+00
15 	 109 	 Ey 	 1 	 1.695082e+00 	 1.080000e+03 	 -3.600000e+02 	 2.000000e+00
15 	 110 	 Ey 	 1 	 1.987210e+00 	 1.320000e+03 	 -3.600000e+02 	 2.000000e+00
15 	 111 	 Ey 	 1 	 6.852934e-01 	 1.560000e+03 	 -3.600000e+02 	 2.000000e+00
15 	 112 	 Ey 	 1 	 7.690867e-01 	 1.800000e+03 	 -3.600000e+02 	 2.000000e+00
15 	 113 	 Ey 	 1 	 2.349234e+00 	 -1.800000e+03 	 -1.200000e+02 	 2.000000e+00
15 	 114 	 Ey 	 1 	 7.478786e-01 	 -1.560000e+03 	 -1.200000e+02 	 2.000000e+00
15 	 115 	 Ey 	 1 	 4.464528e-01 	 -1.320000e+03 	 -1.200000e+02 	 2.000000e+00
15 	 116 	 Ey 	 1 	 8.397198e-01 	 -1.080000e+03 	 -1.200000e+02 	 2.000000e+00
15 	 117 	 Ey 	 1 	 1.984105e+00 	 -8.400000e+02 	 -1.200000e+02 	 2.000000e+00
15 	 118 	 Ey 	 1 	 8.039509e-01 	 -6.000000e+02 	 -1.200000e+02 	 2.000000e+00
15 	 119 	 Ey 	 1 	 2.252773e+00 	 -3.600000e+02 	 -1.200000e+02 	 2.000000e+00
15 	 120 	 Ey 	 1 	 2.232715e+00 	 -1.200000e+02 	 -1.200000e+02 	 2.000000e+00
15 	 121 	 Ey 	 1 	 9.459518e-01 	 1.200000e+02 	 -1.200000e+02 	 2.000000e+00
15 	 122 	 Ey 	 1 	 7.291898e-01 	 3.600000e+02 	 -1.200000e+02 	 2.000000e+00
15 	 123 	 Ey 	 1 	 6.248030e-01 	 6.000000e+02 	 -1.200000e+02 	 2.000000e+00
15 	 124 	 Ey 	 1 	 1.063703e+00 	 8.400000e+02 	 -1.200000e+02 	 2.000000e+00
15 	 125 	 Ey 	 1 	 1.598212e+00 	 1.080000e+03 	 -1.200000e+02 	 2.000000e+00
15 	 126 	 Ey 	 1 	 1.130942e+00 	 1.320000e+03 	 -1.200000e+02 	 2.000000e+00
15 	 127 	 Ey 	 1 	 6.302865e-01 	 1.560000e+03 	 -1.200000e+02 	 2.000000e+00
15 	 128 	 Ey 	 1 	 6.411912e-01 	 1.800000e+03 	 -1.200000e+02 	 2.000000e+00
15 	 129 	 Ey 	 1 	 1.061792e+00 	 -1.800000e+03 	 1.200000e+02 	 2.000000e+00
15 	 130 	 Ey 	 1 	 7.094076e-01 	 -1.560000e+03 	 1.200000e+02 	 2.000000e+00
15 	 131 	 Ey 	 1 	 1.207621e+00 	 -1.320000e+03 	 1.200000e+02 	 2.000000e+00
15 	 132 	 Ey 	 1 	 1.358379e+00 	 -1.080000e+03 	 1.200000e+02 	 2.000000e+00
15 	 133 	 Ey 	 1 	 1.661779e+00 	 -8.400000e+02 	 1.200000e+02 	 2.000000e+00
15 	 134 	 Ey 	 1 	 7.457771e-01 	 -6.000000e+02 	 1.200000e+02 	 2.000000e+00
15 	 135 	 Ey 	 1 	 5.243257e-01 	 -3.600000e+02 	 1.200000e+02 	 2.000000e+00
15 	 136 	 Ey 	 1 	 1.220968e+00 	 -1.200000e+02 	 1.200000e+02 	 2.000000e+00
15 	 137 	 Ey 	 1 	 3.844142e-01 	 1.200000e+02 	 1.200000e+02 	 2.000000e+00
15 	 138 	 Ey 	 1 	 4.582812e-01 	 3.600000e+02 	 1.200000e+02 	 2.000000e+00
15 	 139 	 Ey 	 1 	 7.292442e-01 	 6.000000e+02 	 1.200000e+02 	 2.000000e+00
15 	 140 	 Ey 	 1 	 1.098662e+00 	 8.400000e+02 	 1.200000e+02 	 2.000000e+00
15 	 141 	 Ey 	 1 	 5.023602e-01 	 1.080000e+03 	 1.200000e+02 	 2.000000e+00
15 	 142 	 Ey 	 1 	 6.925378e-01 	 1.320000e+03 	 1.200000e+02 	 2.000000e+00
15 	 143 	 Ey 	 1 	 1.177059e+00 	 1.560000e+03 	 1.200000e+02 	 2.000000e+00
15 	 144 	 Ey 	 1 	 1.497567e+00 	 1.800000e+03 	 1.200000e+02 	 2.000000e+00
15 	 145 	 Ey 	 1 	 1.867435e+00 	 -1.800000e+03 	 3.600000e+02 	 2.000000e+00
15 	 146 	 Ey 	 1 	 9.916788e-01 	 -1.560000e+03 	 3.600000e+02 	 2.000000e+00
15 	 147 	 Ey 	 1 	 6.238182e-01 	 -1.320000e+03 	 3.600000e+02 	 2.000000e+00
15 	 148 	 Ey 	 1 	 3.603447e-01 	 -1.080000e+03 	 3.600000e+02 	 2.000000e+00
15 	 149 	 Ey 	 1 	 3.974593e-01 	 -8.400000e+02 	 3.600000e+02 	 2.000000e+00
15 	 150 	 Ey 	 1 	 5.719993e-01 	 -6.000000e+02 	 3.600000e+02 	 2.000000e+00
15 	 151 	 Ey 	 1 	 6.502329e-01 	 -3.600000e+02 	 3.600000e+02 	 2.000000e+00
15 	 152 	 Ey 	 1 	 4.427855e-01 	 -1.200000e+02 	 3.600000e+02 	 2.000000e+00
15 	 153 	 Ey 	 1 	 2.169232e+00 	 1.200000e+02 	 3.600000e+02 	 2.000000e+00
15 	 154 	 Ey 	 1 	 1.068098e+00 	 3.600000e+02 	 3.600000e+02 	 2.000000e+00
15 	 155 	 Ey 	 1 	 7.766751e-01 	 6.000000e+02 	 3.600000e+02 	 2.000000e+00
15 	 156 	 Ey 	 1 	 1.125144e+00 	 8.400000e+02 	 3.600000e+02 	 2.000000e+00
15 	 157 	 Ey 	 1 	 1.442102e+00 	 1.080000e+03 	 3.600000e+02 	 2.000000e+00
15 	 158 	 Ey 	 1 	 9.618201e-01 	 1.320000e+03 	 3.600000e+02 	 2.000000e+00
15 	 159 	 Ey 	 1 	 5.987293e-01 	 1.560000e+03 	 3.600000e+02 	 2.000000e+00
15 	 160 	 Ey 	 1 	 1.381691e+00 	 1.800000e+03 	 3.600000e+02 	 2.000000e+00
15 	 161 	 Ey 	 1 	 1.060282e+00 	 -1.800000e+03 	 6.000000e+02 	 2.000000e+00
15 	 162 	 Ey 	 1 	 1.363432e+00 	 -1.560000e+03 	 6.000000e+02 	 2.000000e+00
15 	 163 	 Ey 	 1 	 9.086629e-01 	 -1.320000e+03 	 6.000000e+02 	 2.000000e+00
15 	 164 	 Ey 	 1 	 7.368016e-01 	 -1.080000e+03 	 6.000000e+02 	 2.000000e+00
15 	 165 	 Ey 	 1 	 5.822877e-01 	 -8.400000e+02 	 6.000000e+02 	 2.000000e+00
15 	 166 	 Ey 	 1 	 3.013207e-01 	 -6.000000e+02 	 6.000000e+02 	 2.000000e+00
15 	 167 	 Ey 	 1 	 1.492493e+00 	 -3.600000e+02 	 6.000000e+02 	 2.000000e+00
15 	 168 	 Ey 	 1 	 6.471777e-01 	 -1.200000e+02 	 6.000000e+02 	 2.000000e+00
15 	 169 	 Ey 	 1 	 1.708115e+00 	 1.200000e+02 	 6.000000e+02 	 2.000000e+00
15 	 170 	 Ey 	 1 	 9.345508e-01 	 3.600000e+02 	 6.000000e+02 	 2.000000e+00
15 	 171 	 Ey 	 1 	 8.190272e-01 	 6.000000e+02 	 6.000000e+02 	 2.000000e+00
15 	 172 	 Ey 	 1 	 1.213927e+00 	 8.400000e+02 	 6.000000e+02 	 2.000000e+00
15 	 173 	 Ey 	 1 	 2.253454e-01 	 1.080000e+03 	 6.000000e+02 	 2.000000e+00
15 	 174 	 Ey 	 1 	 2.669793e-01 	 1.320000e+03 	 6.000000e+02 	 2.000000e+00
15 	 175 	 Ey 	 1 	 3.661333e-01 	 1.560000e+03 	 6.000000e+02 	 2.000000e+00
15 	 176 	 Ey 	 1 	 1.152556e+00 	 1.800000e+03 	 6.000000e+02 	 2.000000e+00
15 	 177 	 Ey 	 1 	 1.446788e-01 	 -1.800000e+03 	 8.400000e+02 	 2.000000e+00
15 	 178 	 Ey 	 1 	 1.408638e+00 	 -1.560000e+03 	 8.400000e+02 	 2.000000e+00
15 	 179 	 Ey 	 1 	 8.931342e-01 	 -1.320000e+03 	 8.400000e+02 	 2.000000e+00
15 	 180 	 Ey 	 1 	 1.334791e+00 	 -1.080000e+03 	 8.400000e+02 	 2.000000e+00
15 	 181 	 Ey 	 1 	 5.506350e-01 	 -8.400000e+02 	 8.400000e+02 	 2.000000e+00
15 	 182 	 Ey 	 1 	 2.636200e-01 	 -6.000000e+02 	 8.400000e+02 	 2.000000e+00
15 	 183 	 Ey 	 1 	 1.364294e+00 	 -3.600000e+02 	 8.400000e+02 	 2.000000e+00
15 	 184 	 Ey 	 1 	 1.608556e+00 	 -1.200000e+02 	 8.400000e+02 	 2.000000e+00
15 	 185 	 Ey 	 1 	 1.047050e+00 	 1.200000e+02 	 8.400000e+02 	 2.000000e+00
15 	 186 	 Ey 	 1 	 5.567688e-01 	 3.600000e+02 	 8.400000e+02 	 2.000000e+00
15 	 187 	 Ey 	 1 	 4.426128e-01 	 6.000000e+02 	 8.400000e+02 	 2.000000e+00
15 	 188 	 Ey 	 1 	 3.533388e-01 	 8.400000e+02 	 8.400000e+02 	 2.000000e+00
15 	 189 	 Ey 	 1 	 1.828661e+00 	 1.080000e+03 	 8.400000e+02 	 2.000000e+00
15 	 190 	 Ey 	 1 	 6.826982e-01 	 1.320000e+03 	 8.400000e+02 	 2.000000e+00
15 	 191 	 Ey 	 1 	 2.129469e+00 	 1.560000e+03 	 8.400000e+02 	 2.000000e+00
15 	 192 	 Ey 	 1 	 1.157576e+00 	 1.800000e+03 	 8.400000e+02 	 2.000000e+00
15 	 193 	 Ey 	 1 	 8.316013e-01 	 -1.800000e+03 	 1.080000e+03 	 2.000000e+00
15 	 194 	 Ey 	 1 	 1.590695e+00 	 -1.560000e+03 	 1.080000e+03 	 2.000000e+00
15 	 195 	 Ey 	 1 	 1.997050e+00 	 -1.320000e+03 	 1.080000e+03 	 2.000000e+00
15 	 196 	 Ey 	 1 	 1.101377e+00 	 -1.080000e+03 	 1.080000e+03 	 2.000000e+00
15 	 197 	 Ey 	 1 	 1.153429e+00 	 -8.400000e+02 	 1.080000e+03 	 2.000000e+00
15 	 198 	 Ey 	 1 	 3.281265e-01 	 -6.000000e+02 	 1.080000e+03 	 2.000000e+00
15 	 199 	 Ey 	 1 	 7.793428e-01 	 -3.600000e+02 	 1.080000e+03 	 2.000000e+00
15 	 200 	 Ey 	 1 	 3.748371e-01 	 -1.200000e+02 	 1.080000e+03 	 2.000000e+00
15 	 201 	 Ey 	 1 	 2.068774e+00 	 1.200000e+02 	 1.080000e+03 	 2.000000e+00
15 	 202 	 Ey 	 1 	 0.000000e+00 	 3.600000e+02 	 1.080000e+03 	 2.000000e+00
15 	 203 	 Ey 	 1 	 0.000000e+00 	 6.000000e+02 	 1.080000e+03 	 2.000000e+00
15 	 204 	 Ey 	 1 	 1.334048e+00 	 8.400000e+02 	 1.080000e+03 	 2.000000e+00
15 	 205 	 Ey 	 1 	 1.630098e+00 	 1.080000e+03 	 1.080000e+03 	 2.000000e+00
15 	 206 	 Ey 	 1 	 3.324390e-01 	 1.320000e+03 	 1.080000e+03 	 2.000000e+00
15 	 207 	 Ey 	 1 	 2.525779e+00 	 1.560000e+03 	 1.080000e+03 	 2.000000e+00
15 	 208 	 Ey 	 1 	 1.089791e+00 	 1.800000e+03 	 1.080000e+03 	 2.000000e+00
15 	 209 	 Ey 	 1 	 1.935744e+00 	 -1.800000e+03 	 1.320000e+03 	 2.000000e+00
15 	 210 	 Ey 	 1 	 1.900890e-01 	 -1.560000e+03 	 1.320000e+03 	 2.000000e+00
15 	 211 	 Ey 	 1 	 6.293365e-01 	 -1.320000e+03 	 1.320000e+03 	 2.000000e+00
15 	 212 	 Ey 	 1 	 9.819537e-01 	 -1.080000e+03 	 1.320000e+03 	 2.000000e+00
15 	 213 	 Ey 	 1 	 6.668773e-01 	 -8.400000e+02 	 1.320000e+03 	 2.000000e+00
15 	 214 	 Ey 	 1 	 1.019570e+00 	 -6.000000e+02 	 1.320000e+03 	 2.000000e+00
15 	 215 	 Ey 	 1 	 5.768265e-01 	 -3.600000e+02 	 1.320000e+03 	 2.000000e+00
15 	 216 	 Ey 	 1 	 1.140395e+00 	 -1.200000e+02 	 1.320000e+03 	 2.000000e+00
15 	 217 	 Ey 	 1 	 0.000000e+00 	 1.200000e+02 	 1.320000e+03 	 2.000000e+00
15 	 218 	 Ey 	 1 	 0.000000e+00 	 3.600000e+02 	 1.320000e+03 	 2.000000e+00
15 	 219 	 Ey 	 1 	 0.000000e+00 	 6.000000e+02 	 1.320000e+03 	 2.000000e+00
15 	 220 	 Ey 	 1 	 0.000000e+00 	 8.400000e+02 	 1.320000e+03 	 2.000000e+00
15 	 221 	 Ey 	 1 	 5.000650e-01 	 1.080000e+03 	 1.320000e+03 	 2.000000e+00
15 	 222 	 Ey 	 1 	 2.633070e+00 	 1.320000e+03 	 1.320000e+03 	 2.000000e+00
15 	 223 	 Ey 	 1 	 1.419684e+00 	 1.560000e+03 	 1.320000e+03 	 2.000000e+00
15 	 224 	 Ey 	 1 	 6.002257e-01 	 1.800000e+03 	 1.320000e+03 	 2.000000e+00
15 	 225 	 Ey 	 1 	 7.206143e-01 	 -1.800000e+03 	 1.560000e+03 	 2.000000e+00
15 	 226 	 Ey 	 1 	 1.531788e+00 	 -1.560000e+03 	 1.560000e+03 	 2.000000e+00
15 	 227 	 Ey 	 1 	 9.599296e-01 	 -1.320000e+03 	 1.560000e+03 	 2.000000e+00
15 	 228 	 Ey 	 1 	 1.416862e+00 	 -1.080000e+03 	 1.560000e+03 	 2.000000e+00
15 	 229 	 Ey 	 1 	 4.275134e-01 	 -8.400000e+02 	 1.560000e+03 	 2.000000e+00
15 	 230 	 Ey 	 1 	 8.869589e-01 	 -6.000000e+02 	 1.560000e+03 	 2.000000e+00
15 	 231 	 Ey 	 1 	 9.780099e-01 	 -3.600000e+02 	 1.560000e+03 	 2.000000e+00
15 	 232 	 Ey 	 1 	 6.879820e-01 	 -1.200000e+02 	 1.560000e+03 	 2.000000e+00
15 	 233 	 Ey 	 1 	 0.000000e+00 	 1.200000e+02 	 1.560000e+03 	 2.000000e+00
15 	 234 	 Ey 	 1 	 0.000000e+00 	 3.600000e+02 	 1.560000e+03 	 2.000000e+00
15 	 235 	 Ey 	 1 	 0.000000e+00 	 6.000000e+02 	 1.560000e+03 	 2.000000e+00
15 	 236 	 Ey 	 1 	 0.000000e+00 	 8.400000e+02 	 1.560000e+03 	 2.000000e+00
15 	 237 	 Ey 	 1 	 0.000000e+00 	 1.080000e+03 	 1.560000e+03 	 2.000000e+00
15 	 238 	 Ey 	 1 	 1.688727e+00 	 1.320000e+03 	 1.560000e+03 	 2.000000e+00
15 	 239 	 Ey 	 1 	 1.891446e+00 	 1.560000e+03 	 1.560000e+03 	 2.000000e+00
15 	 240 	 Ey 	 1 	 1.053866e+00 	 1.800000e+03 	 1.560000e+03 	 2.000000e+00
15 	 241 	 Ey 	 1 	 6.490434e-01 	 -1.800000e+03 	 1.800000e+03 	 2.000000e+00
15 	 242 	 Ey 	 1 	 5.270939e-01 	 -1.560000e+03 	 1.800000e+03 	 2.000000e+00
15 	 243 	 Ey 	 1 	 3.145218e-01 	 -1.320000e+03 	 1.800000e+03 	 2.000000e+00
15 	 244 	 Ey 	 1 	 1.916492e+00 	 -1.080000e+03 	 1.800000e+03 	 2.000000e+00
15 	 245 	 Ey 	 1 	 1.280243e+00 	 -8.400000e+02 	 1.800000e+03 	 2.000000e+00
15 	 246 	 Ey 	 1 	 4.483603e-01 	 -6.000000e+02 	 1.800000e+03 	 2.000000e+00
15 	 247 	 Ey 	 1 	 1.852027e+00 	 -3.600000e+02 	 1.800000e+03 	 2.000000e+00
15 	 248 	 Ey 	 1 	 2.189548e+00 	 -1.200000e+02 	 1.800000e+03 	 2.000000e+00
15 	 249 	 Ey 	 1 	 0.000000e+00 	 1.200000e+02 	 1.800000e+03 	 2.000000e+00
15 	 250 	 Ey 	 1 	 0.000000e+00 	 3.600000e+02 	 1.800000e+03 	 2.000000e+00
15 	 251 	 Ey 	 1 	 0.000000e+00 	 6.000000e+02 	 1.800000e+03 	 2.000000e+00
15 	 252 	 Ey 	 1 	 0.000000e+00 	 8.400000e+02 	 1.800000e+03 	 2.000000e+00
15 	 253 	 Ey 	 1 	 0.000000e+00 	 1.080000e+03 	 1.800000e+03 	 2.000000e+00
15 	 254 	 Ey 	 1 	 1.366995e+00 	 1.320000e+03 	 1.800000e+03 	 2.000000e+00
15 	 255 	 Ey 	 1 	 1.220694e+00 	 1.560000e+03 	 1.800000e+03 	 2.000000e+00
15 	 256 	 Ey 	 1 	 1.015366e+00 	 1.800000e+03 	 1.800000e+03 	 2.000000e+00
15 	 1 	 Ey 	 2 	 1.445868e+00 	 -1.800000e+03 	 -1.800000e+03 	 2.000000e+00
15 	 2 	 Ey 	 2 	 7.024402e-01 	 -1.560000e+03 	 -1.800000e+03 	 2.000000e+00
15 	 3 	 Ey 	 2 	 1.136667e+00 	 -1.320000e+03 	 -1.800000e+03 	 2.000000e+00
15 	 4 	 Ey 	 2 	 1.331654e-01 	 -1.080000e+03 	 -1.800000e+03 	 2.000000e+00
15 	 5 	 Ey 	 2 	 6.032741e-01 	 -8.400000e+02 	 -1.800000e+03 	 2.000000e+00
15 	 6 	 Ey 	 2 	 4.248107e-01 	 -6.000000e+02 	 -1.800000e+03 	 2.000000e+00
15 	 7 	 Ey 	 2 	 8.835167e-01 	 -3.600000e+02 	 -1.800000e+03 	 2.000000e+00
15 	 8 	 Ey 	 2 	 9.657193e-01 	 -1.200000e+02 	 -1.800000e+03 	 2.000000e+00
15 	 9 	 Ey 	 2 	 5.796376e-01 	 1.200000e+02 	 -1.800000e+03 	 2.000000e+00
15 	 10 	 Ey 	 2 	 1.336512e+00 	 3.600000e+02 	 -1.800000e+03 	 2.000000e+00
15 	 11 	 Ey 	 2 	 6.822968e-01 	 6.000000e+02 	 -1.800000e+03 	 2.000000e+00
15 	 12 	 Ey 	 2 	 1.724789e+00 	 8.400000e+02 	 -1.800000e+03 	 2.000000e+00
15 	 13 	 Ey 	 2 	 1.233782e+00 	 1.080000e+03 	 -1.800000e+03 	 2.000000e+00
15 	 14 	 Ey 	 2 	 1.107682e+00 	 1.320000e+03 	 -1.800000e+03 	 2.000000e+00
15 	 15 	 Ey 	 2 	 1.051812e+00 	 1.560000e+03 	 -1.800000e+03 	 2.000000e+00
15 	 16 	 Ey 	 2 	 8.194744e-01 	 1.800000e+03 	 -1.800000e+03 	 2.000000e+00
15 	 17 	 Ey 	 2 	 6.335106e-01 	 -1.800000e+03 	 -1.560000e+03 	 2.000000e+00
15 	 18 	 Ey 	 2 	 1.477945e+00 	 -1.560000e+03 	 -1.560000e+03 	 2.000000e+00
15 	 19 	 Ey 	 2 	 1.336092e+00 	 -1.320000e+03 	 -1.560000e+03 	 2.000000e+00
15 	 20 	 Ey 	 2 	 3.869740e-01 	 -1.080000e+03 	 -1.560000e+03 	 2.000000e+00
15 	 21 	 Ey 	 2 	 1.719169e+00 	 -8.400000e+02 	 -1.560000e+03 	 2.000000e+00
15 	 22 	 Ey 	 2 	 1.118308e+00 	 -6.000000e+02 	 -1.560000e+03 	 2.000000e+00
15 	 23 	 Ey 	 2 	 8.796954e-01 	 -3.600000e+02 	 -1.560000e+03 	 2.000000e+00
15 	 24 	 Ey 	 2 	 9.427114e-01 	 -1.200000e+02 	 -1.560000e+03 	 2.000000e+00
15 	 25 	 Ey 	 2 	 1.115540e+00 	 1.200000e+02 	 -1.560000e+03 	 2.000000e+00
15 	 26 	 Ey 	 2 	 1.610683e+00 	 3.600000e+02 	 -1.560000e+03 	 2.000000e+00
15 	 27 	 Ey 	 2 	 1.253991e+00 	 6.000000e+02 	 -1.560000e+03 	 2.000000e+00
15 	 28 	 Ey 	 2 	 9.297771e-01 	 8.400000e+02 	 -1.560000e+03 	 2.000000e+00
15 	 29 	 Ey 	 2 	 1.141166e+00 	 1.080000e+03 	 -1.560000e+03 	 2.000000e+00
15 	 30 	 Ey 	 2 	 9.995325e-01 	 1.320000e+03 	 -1.560000e+03 	 2.000000e+00
15 	 31 	 Ey 	 2 	 1.231716e+00 	 1.560000e+03 	 -1.560000e+03 	 2.000000e+00
15 	 32 	 Ey 	 2 	 2.102464e-01 	 1.800000e+03 	 -1.560000e+03 	 2.000000e+00
15 	 33 	 Ey 	 2 	 4.455862e-01 	 -1.800000e+03 	 -1.320000e+03 	 2.000000e+00
15 	 34 	 Ey 	 2 	 1.611247e+00 	 -1.560000e+03 	 -1.320000e+03 	 2.000000e+00
15 	 35 	 Ey 	 2 	 1.272836e+00 	 -1.320000e+03 	 -1.320000e+03 	 2.000000e+00
15 	 36 	 Ey 	 2 	 4.109058e-01 	 -1.080000e+03 	 -1.320000e+03 	 2.000000e+00
15 	 37 	 Ey 	 2 	 1.605348e+00 	 -8.400000e+02 	 -1.320000e+03 	 2.000000e+00
15 	 38 	 Ey 	 2 	 1.944708e+00 	 -6.000000e+02 	 -1.320000e+03 	 2.000000e+00
15 	 39 	 Ey 	 2 	 3.002073e-01 	 -3.600000e+02 	 -1.320000e+03 	 2.000000e+00
15 	 40 	 Ey 	 2 	 7.717266e-01 	 -1.200000e+02 	 -1.320000e+03 	 2.000000e+00
15 	 41 	 Ey 	 2 	 2.148639e-01 	 1.200000e+02 	 -1.320000e+03 	 2.000000e+00
15 	 42 	 Ey 	 2 	 5.805248e-01 	 3.600000e+02 	 -1.320000e+03 	 2.000000e+00
15 	 43 	 Ey 	 2 	 6.740028e-01 	 6.000000e+02 	 -1.320000e+03 	 2.000000e+00
15 	 44 	 Ey 	 2 	 1.739432e+00 	 8.400000e+02 	 -1.320000e+03 	 2.000000e+00
15 	 45 	 Ey 	 2 	 1.138204e+00 	 1.080000e+03 	 -1.320000e+03 	 2.000000e+00
15 	 46 	 Ey 	 2 	 1.569134e+00 	 1.320000e+03 	 -1.320000e+03 	 2.000000e+00
15 	 47 	 Ey 	 2 	 1.248297e+00 	 1.560000e+03 	 -1.320000e+03 	 2.000000e+00
15 	 48 	 Ey 	 2 	 8.773169e-01 	 1.800000e+03 	 -1.320000e+03 	 2.000000e+00
15 	 49 	 Ey 	 2 	 1.395055e+00 	 -1.800000e+03 	 -1.080000e+03 	 2.000000e+00
15 	 50 	 Ey 	 2 	 1.923681e+00 	 -1.560000e+03 	 -1.080000e+03 	 2.000000e+00
15 	 51 	 Ey 	 2 	 1.801680e+00 	 -1.320000e+03 	 -1.080000e+03 	 2.000000e+00
15 	 52 	 Ey 	 2 	 1.549498e+00 	 -1.080000e+03 	 -1.080000e+03 	 2.000000e+00
15 	 53 	 Ey 	 2 	 7.321345e-01 	 -8.400000e+02 	 -1.080000e+03 	 2.000000e+00
15 	 54 	 Ey 	 2 	 1.088281e+00 	 -6.000000e+02 	 -1.080000e+03 	 2.000000e+00
15 	 55 	 Ey 	 2 	 1.163360e+00 	 -3.600000e+02 	 -1.080000e+03 	 2.000000e+00
15 	 56 	 Ey 	 2 	 1.016972e+00 	 -1.200000e+02 	 -1.080000e+03 	 2.000000e+00
15 	 57 	 Ey 	 2 	 5.736876e-01 	 1.200000e+02 	 -1.080000e+03 	 2.000000e+00
15 	 58 	 Ey 	 2 	 1.644190e+00 	 3.600000e+02 	 -1.080000e+03 	 2.000000e+00
15 	 59 	 Ey 	 2 	 2.330311e-01 	 6.000000e+02 	 -1.080000e+03 	 2.000000e+00
15 	 60 	 Ey 	 2 	 7.636917e-01 	 8.400000e+02 	 -1.080000e+03 	 2.000000e+00
15 	 61 	 Ey 	 2 	 1.071868e+00 	 1.080000e+03 	 -1.080000e+03 	 2.000000e+00
15 	 62 	 Ey 	 2 	 1.533702e+00 	 1.320000e+03 	 -1.080000e+03 	 2.000000e+00
15 	 63 	 Ey 	 2 	 3.995618e-01 	 1.560000e+03 	 -1.080000e+03 	 2.000000e+00
15 	 64 	 Ey 	 2 	 1.346835e+00 	 1.800000e+03 	 -1.080000e+03 	 2.000000e+00
15 	 65 	 Ey 	 2 	 1.496541e+00 	 -1.800000e+03 	 -8.400000e+02 	 2.000000e+00
15 	 66 	 Ey 	 2 	 2.083275e+00 	 -1.560000e+03 	 -8.400000e+02 	 2.000000e+00
15 	 67 	 Ey 	 2 	 8.089793e-01 	 -1.320000e+03 	 -8.400000e+02 	 2.000000e+00
15 	 68 	 Ey 	 2 	 1.388605e+00 	 -1.080000e+03 	 -8.400000e+02 	 2.000000e+00
15 	 69 	 Ey 	 2 	 8.858922e-01 	 -8.400000e+02 	 -8.400000e+02 	 2.000000e+00
15 	 70 	 Ey 	 2 	 2.422791e+00 	 -6.000000e+02 	 -8.400000e+02 	 2.000000e+00
15 	 71 	 Ey 	 2 	 2.138937e+00 	 -3.600000e+02 	 -8.400000e+02 	 2.000000e+00
15 	 72 	 Ey 	 2 	 3.269083e-01 	 -1.200000e+02 	 -8.400000e+02 	 2.000000e+00
15 	 73 	 Ey 	 2 	 1.379510e+00 	 1.200000e+02 	 -8.400000e+02 	 2.000000e+00
15 	 74 	 Ey 	 2 	 1.639128e+00 	 3.600000e+02 	 -8.400000e+02 	 2.000000e+00
15 	 75 	 Ey 	 2 	 1.269971e+00 	 6.000000e+02 	 -8.400000e+02 	 2.000000e+00
15 	 76 	 Ey 	 2 	 8.506136e-01 	 8.400000e+02 	 -8.400000e+02 	 2.000000e+00
15 	 77 	 Ey 	 2 	 6.577002e-01 	 1.080000e+03 	 -8.400000e+02 	 2.000000e+00
15 	 78 	 Ey 	 2 	 9.897436e-01 	 1.320000e+03 	 -8.400000e+02 	 2.000000e+00
15 	 79 	 Ey 	 2 	 2.123338e-01 	 1.560000e+03 	 -8.400000e+02 	 2.000000e+00
15 	 80 	 Ey 	 2 	 1.282205e+00 	 1.800000e+03 	 -8.400000e+02 	 2.000000e+00
15 	 81 	 Ey 	 2 	 5.128900e-01 	 -1.800000e+03 	 -6.000000e+02 	 2.000000e+00
15 	 82 	 Ey 	 2 	 3.567528e-01 	 -1.560000e+03 	 -6.000000e+02 	 2.000000e+00
15 	 83 	 Ey 	 2 	 1.898466e+00 	 -1.320000e+03 	 -6.000000e+02 	 2.000000e+00
15 	 84 	 Ey 	 2 	 2.179100e+00 	 -1.080000e+03 	 -6.000000e+02 	 2.000000e+00
15 	 85 	 Ey 	 2 	 1.114932e+00 	 -8.400000e+02 	 -6.000000e+02 	 2.000000e+00
15 	 86 	 Ey 	 2 	 1.782320e+00 	 -6.000000e+02 	 -6.000000e+02 	 2.000000e+00
15 	 87 	 Ey 	 2 	 6.906573e-01 	 -3.600000e+02 	 -6.000000e+02 	 2.000000e+00
15 	 88 	 Ey 	 2 	 1.135994e+00 	 -1.200000e+02 	 -6.000000e+02 	 2.000000e+00
15 	 89 	 Ey 	 2 	 5.017451e-02 	 1.200000e+02 	 -6.000000e+02 	 2.000000e+00
15 	 90 	 Ey 	 2 	 5.448521e-01 	 3.600000e+02 	 -6.000000e+02 	 2.000000e+00
15 	 91 	 Ey 	 2 	 6.423100e-01 	 6.000000e+02 	 -6.000000e+02 	 2.000000e+00
15 	 92 	 Ey 	 2 	 1.673771e+00 	 8.400000e+02 	 -6.000000e+02 	 2.000000e+00
15 	 93 	 Ey 	 2 	 1.337540e+00 	 1.080000e+03 	 -6.000000e+02 	 2.000000e+00
15 	 94 	 Ey 	 2 	 9.482094e-01 	 1.320000e+03 	 -6.000000e+02 	 2.000000e+00
15 	 95 	 Ey 	 2 	 1.224596e+00 	 1.560000e+03 	 -6.000000e+02 	 2.000000e+00
15 	 96 	 Ey 	 2 	 7.322003e-01 	 1.800000e+03 	 -6.000000e+02 	 2.000000e+00
15 	 97 	 Ey 	 2 	 2.021956e-01 	 -1.800000e+03 	 -3.600000e+02 	 2.000000e+00
15 	 98 	 Ey 	 2 	 2.781612e+00 	 -1.560000e+03 	 -3.600000e+02 	 2.000000e+00
15 	 99 	 Ey 	 2 	 3.003961e+00 	 -1.320000e+03 	 -3.600000e+02 	 2.000000e+00
15 	 100 	 Ey 	 2 	 1.361986e+00 	 -1.080000e+03 	 -3.600000e+02 	 2.000000e+00
15 	 101 	 Ey 	 2 	 6.880450e-01 	 -8.400000e+02 	 -3.600000e+02 	 2.000000e+00
15 	 102 	 Ey 	 2 	 1.591538e+00 	 -6.000000e+02 	 -3.600000e+02 	 2.000000e+00
15 	 103 	 Ey 	 2 	 9.266427e-01 	 -3.600000e+02 	 -3.600000e+02 	 2.000000e+00
15 	 104 	 Ey 	 2 	 1.064170e+00 	 -1.200000e+02 	 -3.600000e+02 	 2.000000e+00
15 	 105 	 Ey 	 2 	 1.206339e+00 	 1.200000e+02 	 -3.600000e+02 	 2.000000e+00
15 	 106 	 Ey 	 2 	 4.007372e-01 	 3.600000e+02 	 -3.600000e+02 	 2.000000e+00
15 	 107 	 Ey 	 2 	 2.103286e+00 	 6.000000e+02 	 -3.600000e+02 	 2.000000e+00
15 	 108 	 Ey 	 2 	 1.351638e+00 	 8.400000e+02 	 -3.600000e+02 	 2.000000e+00
15 	 109 	 Ey 	 2 	 1.821008e+00 	 1.080000e+03 	 -3.600000e+02 	 2.000000e+00
15 	 110 	 Ey 	 2 	 1.613975e+00 	 1.320000e+03 	 -3.600000e+02 	 2.000000e+00
15 	 111 	 Ey 	 2 	 1.029574e+00 	 1.560000e+03 	 -3.600000e+02 	 2.000000e+00
15 	 112 	 Ey 	 2 	 3.702921e-01 	 1.800000e+03 	 -3.600000e+02 	 2.000000e+00
15 	 113 	 Ey 	 2 	 1.822620e+00 	 -1.800000e+03 	 -1.200000e+02 	 2.000000e+00
15 	 114 	 Ey 	 2 	 1.526736e+00 	 -1.560000e+03 	 -1.200000e+02 	 2.000000e+00
15 	 115 	 Ey 	 2 	 2.221411e+00 	 -1.320000e+03 	 -1.200000e+02 	 2.000000e+00
15 	 116 	 Ey 	 2 	 8.882723e-01 	 -1.080000e+03 	 -1.200000e+02 	 2.000000e+00
15 	 117 	 Ey 	 2 	 5.744081e-01 	 -8.400000e+02 	 -1.200000e+02 	 2.000000e+00
15 	 118 	 Ey 	 2 	 3.909275e-01 	 -6.000000e+02 	 -1.200000e+02 	 2.000000e+00
15 	 119 	 Ey 	 2 	 1.018112e+00 	 -3.600000e+02 	 -1.200000e+02 	 2.000000e+00
15 	 120 	 Ey 	 2 	 7.190791e-01 	 -1.200000e+02 	 -1.200000e+02 	 2.000000e+00
15 	 121 	 Ey 	 2 	 1.141214e+00 	 1.200000e+02 	 -1.200000e+02 	 2.000000e+00
15 	 122 	 Ey 	 2 	 1.361870e+00 	 3.600000e+02 	 -1.200000e+02 	 2.000000e+00
15 	 123 	 Ey 	 2 	 1.411313e+00 	 6.000000e+02 	 -1.200000e+02 	 2.000000e+00
15 	 124 	 Ey 	 2 	 8.623797e-01 	 8.400000e+02 	 -1.200000e+02 	 2.000000e+00
15 	 125 	 Ey 	 2 	 9.865924e-01 	 1.080000e+03 	 -1.200000e+02 	 2.000000e+00
15 	 126 	 Ey 	 2 	 1.101923e+00 	 1.320000e+03 	 -1.200000e+02 	 2.000000e+00
15 	 127 	 Ey 	 2 	 1.643578e+00 	 1.560000e+03 	 -1.200000e+02 	 2.000000e+00
15 	 128 	 Ey 	 2 	 1.173924e+00 	 1.800000e+03 	 -1.200000e+02 	 2.000000e+00
15 	 129 	 Ey 	 2 	 2.368744e+00 	 -1.800000e+03 	 1.200000e+02 	 2.000000e+00
15 	 130 	 Ey 	 2 	 1.521459e+00 	 -1.560000e+03 	 1.200000e+02 	 2.000000e+00
15 	 131 	 Ey 	 2 	 2.638420e+00 	 -1.320000e+03 	 1.200000e+02 	 2.000000e+00
15 	 132 	 Ey 	 2 	 2.497046e+00 	 -1.080000e+03 	 1.200000e+02 	 2.000000e+00
15 	 133 	 Ey 	 2 	 1.106236e+00 	 -8.400000e+02 	 1.200000e+02 	 2.000000e+00
15 	 134 	 Ey 	 2 	 6.985436e-01 	 -6.000000e+02 	 1.200000e+02 	 2.000000e+00
15 	 135 	 Ey 	 2 	 6.036246e-01 	 -3.600000e+02 	 1.200000e+02 	 2.000000e+00
15 	 136 	 Ey 	 2 	 1.560953e+00 	 -1.200000e+02 	 1.200000e+02 	 2.000000e+00
15 	 137 	 Ey 	 2 	 8.729229e-01 	 1.200000e+02 	 1.200000e+02 	 2.000000e+00
15 	 138 	 Ey 	 2 	 1.970275e+00 	 3.600000e+02 	 1.200000e+02 	 2.000000e+00
15 	 139 	 Ey 	 2 	 1.602670e+00 	 6.000000e+02 	 1.200000e+02 	 2.000000e+00
15 	 140 	 Ey 	 2 	 4.575202e-01 	 8.400000e+02 	 1.200000e+02 	 2.000000e+00
15 	 141 	 Ey 	 2 	 4.039755e-01 	 1.080000e+03 	 1.200000e+02 	 2.000000e+00
15 	 142 	 Ey 	 2 	 7.151758e-01 	 1.320000e+03 	 1.200000e+02 	 2.000000e+00
15 	 143 	 Ey 	 2 	 1.088578e-01 	 1.560000e+03 	 1.200000e+02 	 2.000000e+00
15 	 144 	 Ey 	 2 	 9.770788e-01 	 1.800000e+03 	 1.200000e+02 	 2.000000e+00
15 	 145 	 Ey 	 2 	 1.383429e+00 	 -1.800000e+03 	 3.600000e+02 	 2.000000e+00
15 	 146 	 Ey 	 2 	 1.194752e+00 	 -1.560000e+03 	 3.600000e+02 	 2.000000e+00
15 	 147 	 Ey 	 2 	 2.451689e-01 	 -1.320000e+03 	 3.600000e+02 	 2.000000e+00
15 	 148 	 Ey 	 2 	 1.309831e+00 	 -1.080000e+03 	 3.600000e+02 	 2.000000e+00
15 	 149 	 Ey 	 2 	 7.304865e-01 	 -8.400000e+02 	 3.600000e+02 	 2.000000e+00
15 	 150 	 Ey 	 2 	 1.638472e-01 	 -6.000000e+02 	 3.600000e+02 	 2.000000e+00
15 	 151 	 Ey 	 2 	 1.659860e+00 	 -3.600000e+02 	 3.600000e+02 	 2.000000e+00
15 	 152 	 Ey 	 2 	 4.859241e-01 	 -1.200000e+02 	 3.600000e+02 	 2.000000e+00
15 	 153 	 Ey 	 2 	 1.706678e+00 	 1.200000e+02 	 3.600000e+02 	 2.000000e+00
15 	 154 	 Ey 	 2 	 1.324780e+00 	 3.600000e+02 	 3.600000e+02 	 2.000000e+00
15 	 155 	 Ey 	 2 	 1.215837e+00 	 6.000000e+02 	 3.600000e+02 	 2.000000e+00
15 	 156 	 Ey 	 2 	 7.931165e-01 	 8.400000e+02 	 3.600000e+02 	 2.000000e+00
15 	 157 	 Ey 	 2 	 4.255843e-01 	 1.080000e+03 	 3.600000e+02 	 2.000000e+00
15 	 158 	 Ey 	 2 	 2.523695e-01 	 1.320000e+03 	 3.600000e+02 	 2.000000e+00
15 	 159 	 Ey 	 2 	 8.647026e-01 	 1.560000e+03 	 3.600000e+02 	 2.000000e+00
15 	 160 	 Ey 	 2 	 4.439965e-01 	 1.800000e+03 	 3.600000e+02 	 2.000000e+00
15 	 161 	 Ey 	 2 	 1.014001e+00 	 -1.800000e+03 	 6.000000e+02 	 2.000000e+00
15 	 162 	 Ey 	 2 	 1.093453e+00 	 -1.560000e+03 	 6.000000e+02 	 2.000000e+00
15 	 163 	 Ey 	 2 	 1.249247e+00 	 -1.320000e+03 	 6.000000e+02 	 2.000000e+00
15 	 164 	 Ey 	 2 	 1.797157e+00 	 -1.080000e+03 	 6.000000e+02 	 2.000000e+00
15 	 165 	 Ey 	 2 	 1.597146e+00 	 -8.400000e+02 	 6.000000e+02 	 2.000000e+00
15 	 166 	 Ey 	 2 	 4.834193e-01 	 -6.000000e+02 	 6.000000e+02 	 2.000000e+00
15 	 167 	 Ey 	 2 	 1.415680e+00 	 -3.600000e+02 	 6.000000e+02 	 2.000000e+00
15 	 168 	 Ey 	 2 	 1.578533e+00 	 -1.200000e+02 	 6.000000e+02 	 2.000000e+00
15 	 169 	 Ey 	 2 	 2.488134e+00 	 1.200000e+02 	 6.000000e+02 	 2.000000e+00
15 	 170 	 Ey 	 2 	 5.781271e-01 	 3.600000e+02 	 6.000000e+02 	 2.000000e+00
15 	 171 	 Ey 	 2 	 1.649681e+00 	 6.000000e+02 	 6.000000e+02 	 2.000000e+00
15 	 172 	 Ey 	 2 	 5.395141e-02 	 8.400000e+02 	 6.000000e+02 	 2.000000e+00
15 	 173 	 Ey 	 2 	 2.763314e-01 	 1.080000e+03 	 6.000000e+02 	 2.000000e+00
15 	 174 	 Ey 	 2 	 1.272725e+00 	 1.320000e+03 	 6.000000e+02 	 2.000000e+00
15 	 175 	 Ey 	 2 	 4.215676e-01 	 1.560000e+03 	 6.000000e+02 	 2.000000e+00
15 	 176 	 Ey 	 2 	 1.895292e+00 	 1.800000e+03 	 6.000000e+02 	 2.000000e+00
15 	 177 	 Ey 	 2 	 1.603509e+00 	 -1.800000e+03 	 8.400000e+02 	 2.000000e+00
15 	 178 	 Ey 	 2 	 1.310659e+00 	 -1.560000e+03 	 8.400000e+02 	 2.000000e+00
15 	 179 	 Ey 	 2 	 1.634672e+00 	 -1.320000e+03 	 8.400000e+02 	 2.000000e+00
15 	 180 	 Ey 	 2 	 1.239001e+00 	 -1.080000e+03 	 8.400000e+02 	 2.000000e+00
15 	 181 	 Ey 	 2 	 1.026670e+00 	 -8.400000e+02 	 8.400000e+02 	 2.000000e+00
15 	 182 	 Ey 	 2 	 1.546101e+00 	 -6.000000e+02 	 8.400000e+02 	 2.000000e+00
15 	 183 	 Ey 	 2 	 1.669405e+00 	 -3.600000e+02 	 8.400000e+02 	 2.000000e+00
15 	 184 	 Ey 	 2 	 2.181426e-01 	 -1.200000e+02 	 8.400000e+02 	 2.000000e+00
15 	 185 	 Ey 	 2 	 4.214293e-01 	 1.200000e+02 	 8.400000e+02 	 2.000000e+00
15 	 186 	 Ey 	 2 	 1.015232e+00 	 3.600000e+02 	 8.400000e+02 	 2.000000e+00
15 	 187 	 Ey 	 2 	 1.609486e+00 	 6.000000e+02 	 8.400000e+02 	 2.000000e+00
15 	 188 	 Ey 	 2 	 3.119451e-01 	 8.400000e+02 	 8.400000e+02 	 2.000000e+00
15 	 189 	 Ey 	 2 	 5.071154e-01 	 1.080000e+03 	 8.400000e+02 	 2.000000e+00
15 	 190 	 Ey 	 2 	 6.670288e-01 	 1.320000e+03 	 8.400000e+02 	 2.000000e+00
15 	 191 	 Ey 	 2 	 8.584608e-01 	 1.560000e+03 	 8.400000e+02 	 2.000000e+00
15 	 192 	 Ey 	 2 	 1.924459e+00 	 1.800000e+03 	 8.400000e+02 	 2.000000e+00
15 	 193 	 Ey 	 2 	 7.172937e-01 	 -1.800000e+03 	 1.080000e+03 	 2.000000e+00
15 	 194 	 Ey 	 2 	 1.220145e+00 	 -1.560000e+03 	 1.080000e+03 	 2.000000e+00
15 	 195 	 Ey 	 2 	 5.464059e-01 	 -1.320000e+03 	 1.080000e+03 	 2.000000e+00
15 	 196 	 Ey 	 2 	 2.569957e+00 	 -1.080000e+03 	 1.080000e+03 	 2.000000e+00
15 	 197 	 Ey 	 2 	 7.778966e-01 	 -8.400000e+02 	 1.080000e+03 	 2.000000e+00
15 	 198 	 Ey 	 2 	 4.671971e-01 	 -6.000000e+02 	 1.080000e+03 	 2.000000e+00
15 	 199 	 Ey 	 2 	 1.104667e+00 	 -3.600000e+02 	 1.080000e+03 	 2.000000e+00
15 	 200 	 Ey 	 2 	 6.144382e-01 	 -1.200000e+02 	 1.080000e+03 	 2.000000e+00
15 	 201 	 Ey 	 2 	 1.117225e+00 	 1.200000e+02 	 1.080000e+03 	 2.000000e+00
15 	 202 	 Ey 	 2 	 0.000000e+00 	 3.600000e+02 	 1.080000e+03 	 2.000000e+00
15 	 203 	 Ey 	 2 	 0.000000e+00 	 6.000000e+02 	 1.080000e+03 	 2.000000e+00
15 	 204 	 Ey 	 2 	 7.972127e-01 	 8.400000e+02 	 1.080000e+03 	 2.000000e+00
15 	 205 	 Ey 	 2 	 1.288933e+00 	 1.080000e+03 	 1.080000e+03 	 2.000000e+00
15 	 206 	 Ey 	 2 	 1.051540e+00 	 1.320000e+03 	 1.080000e+03 	 2.000000e+00
15 	 207 	 Ey 	 2 	 9.503299e-01 	 1.560000e+03 	 1.080000e+03 	 2.000000e+00
15 	 208 	 Ey 	 2 	 7.701619e-01 	 1.800000e+03 	 1.080000e+03 	 2.000000e+00
15 	 209 	 Ey 	 2 	 1.673643e+00 	 -1.800000e+03 	 1.320000e+03 	 2.000000e+00
15 	 210 	 Ey 	 2 	 4.817801e-01 	 -1.560000e+03 	 1.320000e+03 	 2.000000e+00
15 	 211 	 Ey 	 2 	 9.433971e-01 	 -1.320000e+03 	 1.320000e+03 	 2.000000e+00
15 	 212 	 Ey 	 2 	 8.358901e-01 	 -1.080000e+03 	 1.320000e+03 	 2.000000e+00
15 	 213 	 Ey 	 2 	 1.420003e+00 	 -8.400000e+02 	 1.320000e+03 	 2.000000e+00
15 	 214 	 Ey 	 2 	 2.279057e+00 	 -6.000000e+02 	 1.320000e+03 	 2.000000e+00
15 	 215 	 Ey 	 2 	 1.621696e+00 	 -3.600000e+02 	 1.320000e+03 	 2.000000e+00
15 	 216 	 Ey 	 2 	 1.782259e+00 	 -1.200000e+02 	 1.320000e+03 	 2.000000e+00
15 	 217 	 Ey 	 2 	 0.000000e+00 	 1.200000e+02 	 1.320000e+03 	 2.000000e+00
15 	 218 	 Ey 	 2 	 0.000000e+00 	 3.600000e+02 	 1.320000e+03 	 2.000000e+00
15 	 219 	 Ey 	 2 	 0.000000e+00 	 6.000000e+02 	 1.320000e+03 	 2.000000e+00
15 	 220 	 Ey 	 2 	 0.000000e+00 	 8.400000e+02 	 1.320000e+03 	 2.000000e+00
15 	 221 	 Ey 	 2 	 6.791381e-01 	 1.080000e+03 	 1.320000e+03 	 2.000000e+00
15 	 222 	 Ey 	 2 	 9.473686e-01 	 1.320000e+03 	 1.320000e+03 	 2.000000e+00
15 	 223 	 Ey 	 2 	 8.311085e-01 	 1.560000e+03 	 1.320000e+03 	 2.000000e+00
15 	 224 	 Ey 	 2 	 7.521305e-01 	 1.800000e+03 	 1.320000e+03 	 2.000000e+00
15 	 225 	 Ey 	 2 	 1.468311e+00 	 -1.800000e+03 	 1.560000e+03 	 2.000000e+00
15 	 226 	 Ey 	 2 	 1.498103e+00 	 -1.560000e+03 	 1.560000e+03 	 2.000000e+00
15 	 227 	 Ey 	 2 	 1.473325e+00 	 -1.320000e+03 	 1.560000e+03 	 2.000000e+00
15 	 228 	 Ey 	 2 	 9.238317e-01 	 -1.080000e+03 	 1.560000e+03 	 2.000000e+00
15 	 229 	 Ey 	 2 	 7.152084e-02 	 -8.400000e+02 	 1.560000e+03 	 2.000000e+00
15 	 230 	 Ey 	 2 	 1.052696e+00 	 -6.000000e+02 	 1.560000e+03 	 2.000000e+00
15 	 231 	 Ey 	 2 	 8.326719e-01 	 -3.600000e+02 	 1.560000e+03 	 2.000000e+00
15 	 232 	 Ey 	 2 	 3.160149e-01 	 -1.200000e+02 	 1.560000e+03 	 2.000000e+00
15 	 233 	 Ey 	 2 	 0.000000e+00 	 1.200000e+02 	 1.560000e+03 	 2.000000e+00
15 	 234 	 Ey 	 2 	 0.000000e+00 	 3.600000e+02 	 1.560000e+03 	 2.000000e+00
15 	 235 	 Ey 	 2 	 0.000000e+00 	 6.000000e+02 	 1.560000e+03 	 2.000000e+00
15 	 236 	 Ey 	 2 	 0.000000e+00 	 8.400000e+02 	 1.560000e+03 	 2.000000e+00
15 	 237 	 Ey 	 2 	 0.000000e+00 	 1.080000e+03 	 1.560000e+03 	 2.000000e+00
15 	 238 	 Ey 	 2 	 5.594010e-01 	 1.320000e+03 	 1.560000e+03 	 2.000000e+00
15 	 239 	 Ey 	 2 	 3.340034e-01 	 1.560000e+03 	 1.560000e+03 	 2.000000e+00
15 	 240 	 Ey 	 2 	 2.569478e-01 	 1.800000e+03 	 1.560000e+03 	 2.000000e+00
15 	 241 	 Ey 	 2 	 1.034703e+00 	 -1.800000e+03 	 1.800000e+03 	 2.000000e+00
15 	 242 	 Ey 	 2 	 1.755737e+00 	 -1.560000e+03 	 1.800000e+03 	 2.000000e+00
15 	 243 	 Ey 	 2 	 2.250886e-01 	 -1.320000e+03 	 1.800000e+03 	 2.000000e+00
15 	 244 	 Ey 	 2 	 2.060875e+00 	 -1.080000e+03 	 1.800000e+03 	 2.000000e+00
15 	 245 	 Ey 	 2 	 6.580012e-01 	 -8.400000e+02 	 1.800000e+03 	 2.000000e+00
15 	 246 	 Ey 	 2 	 6.946987e-01 	 -6.000000e+02 	 1.800000e+03 	 2.000000e+00
15 	 247 	 Ey 	 2 	 1.790665e+00 	 -3.600000e+02 	 1.800000e+03 	 2.000000e+00
15 	 248 	 Ey 	 2 	 4.648980e-01 	 -1.200000e+02 	 1.800000e+03 	 2.000000e+00
15 	 249 	 Ey 	 2 	 0.000000e+00 	 1.200000e+02 	 1.800000e+03 	 2.000000e+00
15 	 250 	 Ey 	 2 	 0.000000e+00 	 3.600000e+02 	 1.800000e+03 	 2.000000e+00
15 	 251 	 Ey 	 2 	 0.000000e+00 	 6.000000e+02 	 1.800000e+03 	 2.000000e+00
15 	 252 	 Ey 	 2 	 0.000000e+00 	 8.400000e+02 	 1.800000e+03 	 2.000000e+00
15 	 253 	 Ey 	 2 	 0.000000e+00 	 1.080000e+03 	 1.800000e+03 	 2.000000e+00
15 	 254 	 Ey 	 2 	 1.402934e+00 	 1.320000e+03 	 1.800000e+03 	 2.000000e+00
15 	 255 	 Ey 	 2 	 3.322324e-01 	 1.560000e+03 	 1.800000e+03 	 2.000000e+00
15 	 256 	 Ey 	 2 	 8.235363e-01 	 1.800000e+03 	 1.800000e+03 	 2.000000e+00
