iTx 	 iRx    chrec  ifreq 	 emf_real 	 emf_imag
1 	 1 	 Ex 	 1 	 1.752666e-08 	 5.104093e-10
1 	 2 	 Ex 	 1 	 -8.192726e-08 	 7.172752e-10
1 	 3 	 Ex 	 1 	 1.953402e-08 	 4.125567e-10
1 	 4 	 Ex 	 1 	 7.394872e-09 	 2.378229e-10
1 	 5 	 Ex 	 1 	 2.921452e-09 	 1.545576e-10
1 	 6 	 Ex 	 1 	 1.370705e-09 	 1.075831e-10
1 	 7 	 Ex 	 1 	 7.264339e-10 	 7.818043e-11
1 	 8 	 Ex 	 1 	 4.185637e-10 	 5.878203e-11
1 	 9 	 Ex 	 1 	 2.567608e-10 	 4.553472e-11
1 	 10 	 Ex 	 1 	 1.659328e-10 	 3.611329e-11
1 	 11 	 Ex 	 1 	 1.121036e-10 	 2.910748e-11
1 	 12 	 Ex 	 1 	 7.844014e-11 	 2.369876e-11
1 	 13 	 Ex 	 1 	 5.625627e-11 	 1.937980e-11
1 	 14 	 Ex 	 1 	 4.101768e-11 	 1.575564e-11
1 	 15 	 Ex 	 1 	 3.027272e-11 	 1.263407e-11
1 	 16 	 Ex 	 1 	 2.253005e-11 	 1.017793e-11
1 	 17 	 Ex 	 1 	 8.909018e-08 	 7.258137e-10
1 	 18 	 Ex 	 1 	 -2.623464e-06 	 3.573297e-09
1 	 19 	 Ex 	 1 	 6.652478e-08 	 5.128478e-10
1 	 20 	 Ex 	 1 	 1.104240e-08 	 2.579472e-10
1 	 21 	 Ex 	 1 	 3.550414e-09 	 1.606995e-10
1 	 22 	 Ex 	 1 	 1.535085e-09 	 1.090113e-10
1 	 23 	 Ex 	 1 	 7.781784e-10 	 7.761274e-11
1 	 24 	 Ex 	 1 	 4.351499e-10 	 5.761614e-11
1 	 25 	 Ex 	 1 	 2.617069e-10 	 4.455884e-11
1 	 26 	 Ex 	 1 	 1.676882e-10 	 3.563919e-11
1 	 27 	 Ex 	 1 	 1.134185e-10 	 2.905293e-11
1 	 28 	 Ex 	 1 	 7.978949e-11 	 2.386543e-11
1 	 29 	 Ex 	 1 	 5.743199e-11 	 1.954345e-11
1 	 30 	 Ex 	 1 	 4.183207e-11 	 1.580097e-11
1 	 31 	 Ex 	 1 	 3.074012e-11 	 1.261290e-11
1 	 32 	 Ex 	 1 	 2.277303e-11 	 1.009199e-11
1 	 33 	 Ex 	 1 	 -1.920305e-11 	 4.125670e-10
1 	 34 	 Ex 	 1 	 -3.250589e-08 	 5.095925e-10
1 	 35 	 Ex 	 1 	 6.428992e-09 	 3.551172e-10
1 	 36 	 Ex 	 1 	 5.113632e-09 	 2.234601e-10
1 	 37 	 Ex 	 1 	 2.430049e-09 	 1.476681e-10
1 	 38 	 Ex 	 1 	 1.218684e-09 	 1.012446e-10
1 	 39 	 Ex 	 1 	 6.579939e-10 	 7.177121e-11
1 	 40 	 Ex 	 1 	 3.781581e-10 	 5.325551e-11
1 	 41 	 Ex 	 1 	 2.315080e-10 	 4.178670e-11
1 	 42 	 Ex 	 1 	 1.519643e-10 	 3.425384e-11
1 	 43 	 Ex 	 1 	 1.059011e-10 	 2.862605e-11
1 	 44 	 Ex 	 1 	 7.655327e-11 	 2.391585e-11
1 	 45 	 Ex 	 1 	 5.599459e-11 	 1.964561e-11
1 	 46 	 Ex 	 1 	 4.094142e-11 	 1.573962e-11
1 	 47 	 Ex 	 1 	 3.004294e-11 	 1.244182e-11
1 	 48 	 Ex 	 1 	 2.222259e-11 	 9.894181e-12
1 	 49 	 Ex 	 1 	 -2.862631e-09 	 2.390484e-10
1 	 50 	 Ex 	 1 	 -5.633691e-09 	 2.596178e-10
1 	 51 	 Ex 	 1 	 -1.272244e-09 	 2.261783e-10
1 	 52 	 Ex 	 1 	 9.979235e-10 	 1.722126e-10
1 	 53 	 Ex 	 1 	 1.041915e-09 	 1.236272e-10
1 	 54 	 Ex 	 1 	 7.070689e-10 	 8.699259e-11
1 	 55 	 Ex 	 1 	 4.399280e-10 	 6.203685e-11
1 	 56 	 Ex 	 1 	 2.721234e-10 	 4.655937e-11
1 	 57 	 Ex 	 1 	 1.759214e-10 	 3.779730e-11
1 	 58 	 Ex 	 1 	 1.229078e-10 	 3.232775e-11
1 	 59 	 Ex 	 1 	 9.112850e-11 	 2.799970e-11
1 	 60 	 Ex 	 1 	 6.916662e-11 	 2.395678e-11
1 	 61 	 Ex 	 1 	 5.187947e-11 	 1.970882e-11
1 	 62 	 Ex 	 1 	 3.806622e-11 	 1.555960e-11
1 	 63 	 Ex 	 1 	 2.790760e-11 	 1.213558e-11
1 	 64 	 Ex 	 1 	 2.066950e-11 	 9.558726e-12
1 	 65 	 Ex 	 1 	 -1.350674e-09 	 1.580495e-10
1 	 66 	 Ex 	 1 	 -1.873524e-09 	 1.664167e-10
1 	 67 	 Ex 	 1 	 -9.661452e-10 	 1.552470e-10
1 	 68 	 Ex 	 1 	 -4.379403e-11 	 1.295889e-10
1 	 69 	 Ex 	 1 	 3.030703e-10 	 9.831788e-11
1 	 70 	 Ex 	 1 	 3.155175e-10 	 7.100780e-11
1 	 71 	 Ex 	 1 	 2.388710e-10 	 5.149983e-11
1 	 72 	 Ex 	 1 	 1.653964e-10 	 3.961265e-11
1 	 73 	 Ex 	 1 	 1.173332e-10 	 3.371308e-11
1 	 74 	 Ex 	 1 	 9.049227e-11 	 3.025544e-11
1 	 75 	 Ex 	 1 	 7.317726e-11 	 2.723651e-11
1 	 76 	 Ex 	 1 	 5.917861e-11 	 2.390393e-11
1 	 77 	 Ex 	 1 	 4.574875e-11 	 1.962870e-11
1 	 78 	 Ex 	 1 	 3.369538e-11 	 1.518120e-11
1 	 79 	 Ex 	 1 	 2.471674e-11 	 1.171194e-11
1 	 80 	 Ex 	 1 	 1.838286e-11 	 9.152578e-12
1 	 81 	 Ex 	 1 	 -6.936742e-10 	 1.124049e-10
1 	 82 	 Ex 	 1 	 -8.536133e-10 	 1.168992e-10
1 	 83 	 Ex 	 1 	 -5.678350e-10 	 1.120037e-10
1 	 84 	 Ex 	 1 	 -2.075762e-10 	 9.728401e-11
1 	 85 	 Ex 	 1 	 2.271622e-11 	 7.643946e-11
1 	 86 	 Ex 	 1 	 1.026698e-10 	 5.691462e-11
1 	 87 	 Ex 	 1 	 1.057854e-10 	 4.246332e-11
1 	 88 	 Ex 	 1 	 8.671546e-11 	 3.398542e-11
1 	 89 	 Ex 	 1 	 7.061015e-11 	 3.032693e-11
1 	 90 	 Ex 	 1 	 6.177202e-11 	 2.825649e-11
1 	 91 	 Ex 	 1 	 5.517711e-11 	 2.615736e-11
1 	 92 	 Ex 	 1 	 4.776964e-11 	 2.341447e-11
1 	 93 	 Ex 	 1 	 3.819959e-11 	 1.923081e-11
1 	 94 	 Ex 	 1 	 2.838830e-11 	 1.462677e-11
1 	 95 	 Ex 	 1 	 2.090293e-11 	 1.117537e-11
1 	 96 	 Ex 	 1 	 1.564174e-11 	 8.705173e-12
1 	 97 	 Ex 	 1 	 -4.032166e-10 	 8.307458e-11
1 	 98 	 Ex 	 1 	 -4.720195e-10 	 8.561270e-11
1 	 99 	 Ex 	 1 	 -3.532196e-10 	 8.267079e-11
1 	 100 	 Ex 	 1 	 -1.967083e-10 	 7.318272e-11
1 	 101 	 Ex 	 1 	 -6.433980e-11 	 5.905382e-11
1 	 102 	 Ex 	 1 	 7.106767e-12 	 4.543529e-11
1 	 103 	 Ex 	 1 	 3.289225e-11 	 3.526747e-11
1 	 104 	 Ex 	 1 	 3.771715e-11 	 2.960569e-11
1 	 105 	 Ex 	 1 	 3.809391e-11 	 2.756236e-11
1 	 106 	 Ex 	 1 	 3.918280e-11 	 2.631447e-11
1 	 107 	 Ex 	 1 	 3.910221e-11 	 2.475021e-11
1 	 108 	 Ex 	 1 	 3.633457e-11 	 2.239998e-11
1 	 109 	 Ex 	 1 	 3.015507e-11 	 1.844366e-11
1 	 110 	 Ex 	 1 	 2.275361e-11 	 1.393222e-11
1 	 111 	 Ex 	 1 	 1.688196e-11 	 1.057316e-11
1 	 112 	 Ex 	 1 	 1.272552e-11 	 8.215930e-12
1 	 113 	 Ex 	 1 	 -2.601850e-10 	 6.268246e-11
1 	 114 	 Ex 	 1 	 -2.983368e-10 	 6.394586e-11
1 	 115 	 Ex 	 1 	 -2.383428e-10 	 6.174430e-11
1 	 116 	 Ex 	 1 	 -1.612207e-10 	 5.527417e-11
1 	 117 	 Ex 	 1 	 -8.293947e-11 	 4.568189e-11
1 	 118 	 Ex 	 1 	 -3.000802e-11 	 3.642495e-11
1 	 119 	 Ex 	 1 	 -2.562889e-12 	 2.955609e-11
1 	 120 	 Ex 	 1 	 9.965896e-12 	 2.605361e-11
1 	 121 	 Ex 	 1 	 1.701022e-11 	 2.509655e-11
1 	 122 	 Ex 	 1 	 2.255189e-11 	 2.433163e-11
1 	 123 	 Ex 	 1 	 2.585013e-11 	 2.308158e-11
1 	 124 	 Ex 	 1 	 2.596581e-11 	 2.101327e-11
1 	 125 	 Ex 	 1 	 2.245602e-11 	 1.733510e-11
1 	 126 	 Ex 	 1 	 1.727260e-11 	 1.311003e-11
1 	 127 	 Ex 	 1 	 1.294724e-11 	 9.915406e-12
1 	 128 	 Ex 	 1 	 9.831834e-12 	 7.715553e-12
1 	 129 	 Ex 	 1 	 -1.820220e-10 	 4.780091e-11
1 	 130 	 Ex 	 1 	 -2.071161e-10 	 4.827191e-11
1 	 131 	 Ex 	 1 	 -1.721065e-10 	 4.648349e-11
1 	 132 	 Ex 	 1 	 -1.292134e-10 	 4.195097e-11
1 	 133 	 Ex 	 1 	 -7.961798e-11 	 3.552336e-11
1 	 134 	 Ex 	 1 	 -4.145215e-11 	 2.940095e-11
1 	 135 	 Ex 	 1 	 -1.802306e-11 	 2.498424e-11
1 	 136 	 Ex 	 1 	 -4.649209e-12 	 2.303116e-11
1 	 137 	 Ex 	 1 	 4.048523e-12 	 2.279414e-11
1 	 138 	 Ex 	 1 	 1.091799e-11 	 2.232717e-11
1 	 139 	 Ex 	 1 	 1.554158e-11 	 2.122664e-11
1 	 140 	 Ex 	 1 	 1.721120e-11 	 1.933855e-11
1 	 141 	 Ex 	 1 	 1.558582e-11 	 1.603616e-11
1 	 142 	 Ex 	 1 	 1.224343e-11 	 1.219060e-11
1 	 143 	 Ex 	 1 	 9.283350e-12 	 9.188924e-12
1 	 144 	 Ex 	 1 	 7.097772e-12 	 7.183945e-12
1 	 145 	 Ex 	 1 	 -1.350896e-10 	 3.680967e-11
1 	 146 	 Ex 	 1 	 -1.534030e-10 	 3.674867e-11
1 	 147 	 Ex 	 1 	 -1.306677e-10 	 3.524254e-11
1 	 148 	 Ex 	 1 	 -1.042707e-10 	 3.206366e-11
1 	 149 	 Ex 	 1 	 -7.060542e-11 	 2.780697e-11
1 	 150 	 Ex 	 1 	 -4.258328e-11 	 2.388393e-11
1 	 151 	 Ex 	 1 	 -2.367902e-11 	 2.123954e-11
1 	 152 	 Ex 	 1 	 -1.166749e-11 	 2.041347e-11
1 	 153 	 Ex 	 1 	 -3.414770e-12 	 2.068618e-11
1 	 154 	 Ex 	 1 	 3.168918e-12 	 2.036530e-11
1 	 155 	 Ex 	 1 	 7.850307e-12 	 1.928937e-11
1 	 156 	 Ex 	 1 	 1.012691e-11 	 1.748475e-11
1 	 157 	 Ex 	 1 	 9.725063e-12 	 1.454348e-11
1 	 158 	 Ex 	 1 	 7.802556e-12 	 1.115746e-11
1 	 159 	 Ex 	 1 	 5.974937e-12 	 8.470148e-12
1 	 160 	 Ex 	 1 	 4.601596e-12 	 6.599795e-12
1 	 161 	 Ex 	 1 	 -1.044404e-10 	 2.856136e-11
1 	 162 	 Ex 	 1 	 -1.186459e-10 	 2.821230e-11
1 	 163 	 Ex 	 1 	 -1.027582e-10 	 2.692209e-11
1 	 164 	 Ex 	 1 	 -8.536219e-11 	 2.467426e-11
1 	 165 	 Ex 	 1 	 -6.134619e-11 	 2.196607e-11
1 	 166 	 Ex 	 1 	 -4.017363e-11 	 1.960943e-11
1 	 167 	 Ex 	 1 	 -2.490150e-11 	 1.822689e-11
1 	 168 	 Ex 	 1 	 -1.449429e-11 	 1.816850e-11
1 	 169 	 Ex 	 1 	 -7.243198e-12 	 1.869623e-11
1 	 170 	 Ex 	 1 	 -1.693285e-12 	 1.838041e-11
1 	 171 	 Ex 	 1 	 2.277899e-12 	 1.727014e-11
1 	 172 	 Ex 	 1 	 4.492379e-12 	 1.554166e-11
1 	 173 	 Ex 	 1 	 4.815539e-12 	 1.290308e-11
1 	 174 	 Ex 	 1 	 3.974016e-12 	 9.999976e-12
1 	 175 	 Ex 	 1 	 3.055378e-12 	 7.726627e-12
1 	 176 	 Ex 	 1 	 2.367275e-12 	 6.052534e-12
1 	 177 	 Ex 	 1 	 -8.290423e-11 	 2.235073e-11
1 	 178 	 Ex 	 1 	 -9.423388e-11 	 2.184995e-11
1 	 179 	 Ex 	 1 	 -8.250951e-11 	 2.075974e-11
1 	 180 	 Ex 	 1 	 -7.076517e-11 	 1.919137e-11
1 	 181 	 Ex 	 1 	 -5.335364e-11 	 1.753891e-11
1 	 182 	 Ex 	 1 	 -3.703366e-11 	 1.630847e-11
1 	 183 	 Ex 	 1 	 -2.444367e-11 	 1.582016e-11
1 	 184 	 Ex 	 1 	 -1.528430e-11 	 1.624471e-11
1 	 185 	 Ex 	 1 	 -8.970496e-12 	 1.681080e-11
1 	 186 	 Ex 	 1 	 -4.674032e-12 	 1.635346e-11
1 	 187 	 Ex 	 1 	 -1.754225e-12 	 1.515136e-11
1 	 188 	 Ex 	 1 	 3.787622e-14 	 1.347358e-11
1 	 189 	 Ex 	 1 	 7.393364e-13 	 1.117327e-11
1 	 190 	 Ex 	 1 	 7.278921e-13 	 8.798627e-12
1 	 191 	 Ex 	 1 	 5.607462e-13 	 6.949210e-12
1 	 192 	 Ex 	 1 	 4.252069e-13 	 5.546383e-12
1 	 193 	 Ex 	 1 	 -6.685795e-11 	 1.765460e-11
1 	 194 	 Ex 	 1 	 -7.590997e-11 	 1.715981e-11
1 	 195 	 Ex 	 1 	 -6.670184e-11 	 1.628277e-11
1 	 196 	 Ex 	 1 	 -5.876401e-11 	 1.522362e-11
1 	 197 	 Ex 	 1 	 -4.649182e-11 	 1.429183e-11
1 	 198 	 Ex 	 1 	 -3.406728e-11 	 1.378714e-11
1 	 199 	 Ex 	 1 	 -2.371503e-11 	 1.382626e-11
1 	 200 	 Ex 	 1 	 -1.571152e-11 	 1.440358e-11
1 	 201 	 Ex 	 1 	 -1.018607e-11 	 1.478862e-11
1 	 202 	 Ex 	 1 	 -6.814080e-12 	 1.419904e-11
1 	 203 	 Ex 	 1 	 -4.715155e-12 	 1.295311e-11
1 	 204 	 Ex 	 1 	 -3.331413e-12 	 1.138236e-11
1 	 205 	 Ex 	 1 	 -2.434773e-12 	 9.513671e-12
1 	 206 	 Ex 	 1 	 -1.855653e-12 	 7.641164e-12
1 	 207 	 Ex 	 1 	 -1.471206e-12 	 6.181469e-12
1 	 208 	 Ex 	 1 	 -1.187026e-12 	 5.030068e-12
1 	 209 	 Ex 	 1 	 -5.448585e-11 	 1.410119e-11
1 	 210 	 Ex 	 1 	 -6.169588e-11 	 1.368451e-11
1 	 211 	 Ex 	 1 	 -5.406390e-11 	 1.306644e-11
1 	 212 	 Ex 	 1 	 -4.863039e-11 	 1.240133e-11
1 	 213 	 Ex 	 1 	 -4.028687e-11 	 1.191667e-11
1 	 214 	 Ex 	 1 	 -3.122726e-11 	 1.176872e-11
1 	 215 	 Ex 	 1 	 -2.308313e-11 	 1.199328e-11
1 	 216 	 Ex 	 1 	 -1.646218e-11 	 1.243917e-11
1 	 217 	 Ex 	 1 	 -1.172085e-11 	 1.257701e-11
1 	 218 	 Ex 	 1 	 -8.749547e-12 	 1.196956e-11
1 	 219 	 Ex 	 1 	 -6.891616e-12 	 1.082525e-11
1 	 220 	 Ex 	 1 	 -5.601716e-12 	 9.484789e-12
1 	 221 	 Ex 	 1 	 -4.583619e-12 	 8.062525e-12
1 	 222 	 Ex 	 1 	 -3.717737e-12 	 6.667228e-12
1 	 223 	 Ex 	 1 	 -3.004443e-12 	 5.439046e-12
1 	 224 	 Ex 	 1 	 -2.450238e-12 	 4.481415e-12
1 	 225 	 Ex 	 1 	 -4.488040e-11 	 1.148189e-11
1 	 226 	 Ex 	 1 	 -5.069941e-11 	 1.116628e-11
1 	 227 	 Ex 	 1 	 -4.423910e-11 	 1.076298e-11
1 	 228 	 Ex 	 1 	 -4.046798e-11 	 1.036420e-11
1 	 229 	 Ex 	 1 	 -3.482542e-11 	 1.010752e-11
1 	 230 	 Ex 	 1 	 -2.841804e-11 	 1.006177e-11
1 	 231 	 Ex 	 1 	 -2.229635e-11 	 1.021743e-11
1 	 232 	 Ex 	 1 	 -1.707604e-11 	 1.042212e-11
1 	 233 	 Ex 	 1 	 -1.309759e-11 	 1.038390e-11
1 	 234 	 Ex 	 1 	 -1.034119e-11 	 9.883726e-12
1 	 235 	 Ex 	 1 	 -8.457313e-12 	 8.983173e-12
1 	 236 	 Ex 	 1 	 -7.071210e-12 	 7.896525e-12
1 	 237 	 Ex 	 1 	 -5.946312e-12 	 6.820802e-12
1 	 238 	 Ex 	 1 	 -4.969127e-12 	 5.783091e-12
1 	 239 	 Ex 	 1 	 -4.113576e-12 	 4.782822e-12
1 	 240 	 Ex 	 1 	 -3.407024e-12 	 3.943757e-12
1 	 241 	 Ex 	 1 	 -3.742039e-11 	 9.492007e-12
1 	 242 	 Ex 	 1 	 -4.226403e-11 	 9.274310e-12
1 	 243 	 Ex 	 1 	 -3.677414e-11 	 9.022335e-12
1 	 244 	 Ex 	 1 	 -3.413182e-11 	 8.782749e-12
1 	 245 	 Ex 	 1 	 -3.025169e-11 	 8.623445e-12
1 	 246 	 Ex 	 1 	 -2.573337e-11 	 8.566206e-12
1 	 247 	 Ex 	 1 	 -2.121691e-11 	 8.587137e-12
1 	 248 	 Ex 	 1 	 -1.717432e-11 	 8.581531e-12
1 	 249 	 Ex 	 1 	 -1.388349e-11 	 8.440044e-12
1 	 250 	 Ex 	 1 	 -1.138067e-11 	 8.062349e-12
1 	 251 	 Ex 	 1 	 -9.511263e-12 	 7.444311e-12
1 	 252 	 Ex 	 1 	 -8.052583e-12 	 6.643106e-12
1 	 253 	 Ex 	 1 	 -6.837331e-12 	 5.741661e-12
1 	 254 	 Ex 	 1 	 -5.795521e-12 	 4.914395e-12
1 	 255 	 Ex 	 1 	 -4.899778e-12 	 4.194189e-12
1 	 256 	 Ex 	 1 	 -4.121161e-12 	 3.514739e-12
1 	 1 	 Ex 	 2 	 1.725593e-08 	 1.859008e-09
1 	 2 	 Ex 	 2 	 -8.220256e-08 	 2.650537e-09
1 	 3 	 Ex 	 2 	 1.927531e-08 	 1.469974e-09
1 	 4 	 Ex 	 2 	 7.178357e-09 	 7.764837e-10
1 	 5 	 Ex 	 2 	 2.744731e-09 	 4.548785e-10
1 	 6 	 Ex 	 2 	 1.229108e-09 	 2.809044e-10
1 	 7 	 Ex 	 2 	 6.144668e-10 	 1.771314e-10
1 	 8 	 Ex 	 2 	 3.306989e-10 	 1.122886e-10
1 	 9 	 Ex 	 2 	 1.879924e-10 	 7.117668e-11
1 	 10 	 Ex 	 2 	 1.121884e-10 	 4.508095e-11
1 	 11 	 Ex 	 2 	 7.029218e-11 	 2.844860e-11
1 	 12 	 Ex 	 2 	 4.626663e-11 	 1.770192e-11
1 	 13 	 Ex 	 2 	 3.194668e-11 	 1.063227e-11
1 	 14 	 Ex 	 2 	 2.308049e-11 	 5.937523e-12
1 	 15 	 Ex 	 2 	 1.739826e-11 	 2.851152e-12
1 	 16 	 Ex 	 2 	 1.363413e-11 	 8.793216e-13
1 	 17 	 Ex 	 2 	 8.879285e-08 	 2.741744e-09
1 	 18 	 Ex 	 2 	 -2.623454e-06 	 1.329097e-08
1 	 19 	 Ex 	 2 	 6.624641e-08 	 1.885007e-09
1 	 20 	 Ex 	 2 	 1.081844e-08 	 8.576517e-10
1 	 21 	 Ex 	 2 	 3.370680e-09 	 4.812645e-10
1 	 22 	 Ex 	 2 	 1.393410e-09 	 2.899195e-10
1 	 23 	 Ex 	 2 	 6.678126e-10 	 1.786538e-10
1 	 24 	 Ex 	 2 	 3.493204e-10 	 1.106840e-10
1 	 25 	 Ex 	 2 	 1.945173e-10 	 6.893462e-11
1 	 26 	 Ex 	 2 	 1.147436e-10 	 4.346358e-11
1 	 27 	 Ex 	 2 	 7.173072e-11 	 2.772170e-11
1 	 28 	 Ex 	 2 	 4.735269e-11 	 1.760461e-11
1 	 29 	 Ex 	 2 	 3.277997e-11 	 1.079289e-11
1 	 30 	 Ex 	 2 	 2.366014e-11 	 6.109042e-12
1 	 31 	 Ex 	 2 	 1.777115e-11 	 2.956379e-12
1 	 32 	 Ex 	 2 	 1.386468e-11 	 9.270873e-13
1 	 33 	 Ex 	 2 	 -2.781811e-10 	 1.461942e-09
1 	 34 	 Ex 	 2 	 -3.277469e-08 	 1.836171e-09
1 	 35 	 Ex 	 2 	 6.177612e-09 	 1.235455e-09
1 	 36 	 Ex 	 2 	 4.900682e-09 	 7.207397e-10
1 	 37 	 Ex 	 2 	 2.258649e-09 	 4.346370e-10
1 	 38 	 Ex 	 2 	 1.085079e-09 	 2.665690e-10
1 	 39 	 Ex 	 2 	 5.552797e-10 	 1.631340e-10
1 	 40 	 Ex 	 2 	 2.987137e-10 	 9.919735e-11
1 	 41 	 Ex 	 2 	 1.686918e-10 	 6.098859e-11
1 	 42 	 Ex 	 2 	 1.013802e-10 	 3.892220e-11
1 	 43 	 Ex 	 2 	 6.509403e-11 	 2.573426e-11
1 	 44 	 Ex 	 2 	 4.414703e-11 	 1.708578e-11
1 	 45 	 Ex 	 2 	 3.116353e-11 	 1.083020e-11
1 	 46 	 Ex 	 2 	 2.273144e-11 	 6.198426e-12
1 	 47 	 Ex 	 2 	 1.717820e-11 	 2.991218e-12
1 	 48 	 Ex 	 2 	 1.346770e-11 	 9.319925e-13
1 	 49 	 Ex 	 2 	 -3.083433e-09 	 7.731237e-10
1 	 50 	 Ex 	 2 	 -5.862926e-09 	 8.506253e-10
1 	 51 	 Ex 	 2 	 -1.490864e-09 	 7.219188e-10
1 	 52 	 Ex 	 2 	 8.068918e-10 	 5.206277e-10
1 	 53 	 Ex 	 2 	 8.876136e-10 	 3.476464e-10
1 	 54 	 Ex 	 2 	 5.881357e-10 	 2.211631e-10
1 	 55 	 Ex 	 2 	 3.496282e-10 	 1.355637e-10
1 	 56 	 Ex 	 2 	 2.023929e-10 	 8.094447e-11
1 	 57 	 Ex 	 2 	 1.195118e-10 	 4.938989e-11
1 	 58 	 Ex 	 2 	 7.578159e-11 	 3.274827e-11
1 	 59 	 Ex 	 2 	 5.168065e-11 	 2.318863e-11
1 	 60 	 Ex 	 2 	 3.688277e-11 	 1.650731e-11
1 	 61 	 Ex 	 2 	 2.691990e-11 	 1.089444e-11
1 	 62 	 Ex 	 2 	 2.001701e-11 	 6.229388e-12
1 	 63 	 Ex 	 2 	 1.536635e-11 	 2.954380e-12
1 	 64 	 Ex 	 2 	 1.222911e-11 	 8.951389e-13
1 	 65 	 Ex 	 2 	 -1.535491e-09 	 4.586806e-10
1 	 66 	 Ex 	 2 	 -2.065071e-09 	 4.879793e-10
1 	 67 	 Ex 	 2 	 -1.151488e-09 	 4.472203e-10
1 	 68 	 Ex 	 2 	 -2.081211e-10 	 3.595676e-10
1 	 69 	 Ex 	 2 	 1.706755e-10 	 2.586218e-10
1 	 70 	 Ex 	 2 	 2.143937e-10 	 1.707846e-10
1 	 71 	 Ex 	 2 	 1.625869e-10 	 1.057943e-10
1 	 72 	 Ex 	 2 	 1.061107e-10 	 6.259115e-11
1 	 73 	 Ex 	 2 	 6.778021e-11 	 3.833139e-11
1 	 74 	 Ex 	 2 	 4.726126e-11 	 2.688643e-11
1 	 75 	 Ex 	 2 	 3.549999e-11 	 2.067048e-11
1 	 76 	 Ex 	 2 	 2.729724e-11 	 1.586177e-11
1 	 77 	 Ex 	 2 	 2.090440e-11 	 1.085556e-11
1 	 78 	 Ex 	 2 	 1.605732e-11 	 6.148064e-12
1 	 79 	 Ex 	 2 	 1.270373e-11 	 2.847690e-12
1 	 80 	 Ex 	 2 	 1.039878e-11 	 8.305889e-13
1 	 81 	 Ex 	 2 	 -8.455311e-10 	 2.886275e-10
1 	 82 	 Ex 	 2 	 -1.010567e-09 	 3.030360e-10
1 	 83 	 Ex 	 2 	 -7.205852e-10 	 2.870228e-10
1 	 84 	 Ex 	 2 	 -3.435869e-10 	 2.437740e-10
1 	 85 	 Ex 	 2 	 -8.677836e-11 	 1.847104e-10
1 	 86 	 Ex 	 2 	 1.902598e-11 	 1.270628e-10
1 	 87 	 Ex 	 2 	 4.235763e-11 	 8.087020e-11
1 	 88 	 Ex 	 2 	 3.649452e-11 	 4.865239e-11
1 	 89 	 Ex 	 2 	 2.713658e-11 	 3.049275e-11
1 	 90 	 Ex 	 2 	 2.245811e-11 	 2.243150e-11
1 	 91 	 Ex 	 2 	 1.978300e-11 	 1.832576e-11
1 	 92 	 Ex 	 2 	 1.705313e-11 	 1.482873e-11
1 	 93 	 Ex 	 2 	 1.409921e-11 	 1.042382e-11
1 	 94 	 Ex 	 2 	 1.148405e-11 	 5.893625e-12
1 	 95 	 Ex 	 2 	 9.576859e-12 	 2.691448e-12
1 	 96 	 Ex 	 2 	 8.207074e-12 	 7.624953e-13
1 	 97 	 Ex 	 2 	 -5.255069e-10 	 1.859077e-10
1 	 98 	 Ex 	 2 	 -5.977471e-10 	 1.932774e-10
1 	 99 	 Ex 	 2 	 -4.753933e-10 	 1.855229e-10
1 	 100 	 Ex 	 2 	 -3.056567e-10 	 1.626732e-10
1 	 101 	 Ex 	 2 	 -1.525447e-10 	 1.288991e-10
1 	 102 	 Ex 	 2 	 -6.096513e-11 	 9.298168e-11
1 	 103 	 Ex 	 2 	 -1.961841e-11 	 6.183796e-11
1 	 104 	 Ex 	 2 	 -5.038752e-12 	 3.881244e-11
1 	 105 	 Ex 	 2 	 -1.226997e-13 	 2.530597e-11
1 	 106 	 Ex 	 2 	 3.718448e-12 	 1.920964e-11
1 	 107 	 Ex 	 2 	 6.502732e-12 	 1.615491e-11
1 	 108 	 Ex 	 2 	 7.601059e-12 	 1.341305e-11
1 	 109 	 Ex 	 2 	 7.479623e-12 	 9.594795e-12
1 	 110 	 Ex 	 2 	 6.910776e-12 	 5.475081e-12
1 	 111 	 Ex 	 2 	 6.364178e-12 	 2.505140e-12
1 	 112 	 Ex 	 2 	 5.890058e-12 	 7.064649e-13
1 	 113 	 Ex 	 2 	 -3.566670e-10 	 1.199851e-10
1 	 114 	 Ex 	 2 	 -3.967145e-10 	 1.233490e-10
1 	 115 	 Ex 	 2 	 -3.334957e-10 	 1.189048e-10
1 	 116 	 Ex 	 2 	 -2.462293e-10 	 1.068441e-10
1 	 117 	 Ex 	 2 	 -1.525569e-10 	 8.863383e-11
1 	 118 	 Ex 	 2 	 -8.479280e-11 	 6.752013e-11
1 	 119 	 Ex 	 2 	 -4.593850e-11 	 4.746345e-11
1 	 120 	 Ex 	 2 	 -2.651621e-11 	 3.151403e-11
1 	 121 	 Ex 	 2 	 -1.651658e-11 	 2.151668e-11
1 	 122 	 Ex 	 2 	 -9.106681e-12 	 1.668499e-11
1 	 123 	 Ex 	 2 	 -3.611221e-12 	 1.414675e-11
1 	 124 	 Ex 	 2 	 -2.140309e-13 	 1.182290e-11
1 	 125 	 Ex 	 2 	 1.692956e-12 	 8.541573e-12
1 	 126 	 Ex 	 2 	 2.755319e-12 	 4.944031e-12
1 	 127 	 Ex 	 2 	 3.340545e-12 	 2.293855e-12
1 	 128 	 Ex 	 2 	 3.633801e-12 	 6.597614e-13
1 	 129 	 Ex 	 2 	 -2.565850e-10 	 7.650006e-11
1 	 130 	 Ex 	 2 	 -2.823702e-10 	 7.757003e-11
1 	 131 	 Ex 	 2 	 -2.444436e-10 	 7.478264e-11
1 	 132 	 Ex 	 2 	 -1.940682e-10 	 6.890176e-11
1 	 133 	 Ex 	 2 	 -1.336646e-10 	 6.023111e-11
1 	 134 	 Ex 	 2 	 -8.514859e-11 	 4.880447e-11
1 	 135 	 Ex 	 2 	 -5.379220e-11 	 3.651632e-11
1 	 136 	 Ex 	 2 	 -3.577723e-11 	 2.577996e-11
1 	 137 	 Ex 	 2 	 -2.524228e-11 	 1.844157e-11
1 	 138 	 Ex 	 2 	 -1.706017e-11 	 1.453388e-11
1 	 139 	 Ex 	 2 	 -1.063409e-11 	 1.228411e-11
1 	 140 	 Ex 	 2 	 -6.115909e-12 	 1.020951e-11
1 	 141 	 Ex 	 2 	 -2.957333e-12 	 7.399832e-12
1 	 142 	 Ex 	 2 	 -7.557487e-13 	 4.344867e-12
1 	 143 	 Ex 	 2 	 6.714588e-13 	 2.053384e-12
1 	 144 	 Ex 	 2 	 1.563219e-12 	 6.082882e-13
1 	 145 	 Ex 	 2 	 -1.915865e-10 	 4.765114e-11
1 	 146 	 Ex 	 2 	 -2.097337e-10 	 4.747295e-11
1 	 147 	 Ex 	 2 	 -1.844139e-10 	 4.565313e-11
1 	 148 	 Ex 	 2 	 -1.527030e-10 	 4.335145e-11
1 	 149 	 Ex 	 2 	 -1.119146e-10 	 4.037869e-11
1 	 150 	 Ex 	 2 	 -7.715897e-11 	 3.509686e-11
1 	 151 	 Ex 	 2 	 -5.313397e-11 	 2.809915e-11
1 	 152 	 Ex 	 2 	 -3.827298e-11 	 2.115722e-11
1 	 153 	 Ex 	 2 	 -2.896058e-11 	 1.585637e-11
1 	 154 	 Ex 	 2 	 -2.133592e-11 	 1.264822e-11
1 	 155 	 Ex 	 2 	 -1.501602e-11 	 1.055819e-11
1 	 156 	 Ex 	 2 	 -1.019233e-11 	 8.634191e-12
1 	 157 	 Ex 	 2 	 -6.424865e-12 	 6.231676e-12
1 	 158 	 Ex 	 2 	 -3.549347e-12 	 3.697733e-12
1 	 159 	 Ex 	 2 	 -1.570014e-12 	 1.775602e-12
1 	 160 	 Ex 	 2 	 -2.510104e-13 	 5.365691e-13
1 	 161 	 Ex 	 2 	 -1.464595e-10 	 2.869720e-11
1 	 162 	 Ex 	 2 	 -1.599616e-10 	 2.792152e-11
1 	 163 	 Ex 	 2 	 -1.418166e-10 	 2.668678e-11
1 	 164 	 Ex 	 2 	 -1.207725e-10 	 2.631781e-11
1 	 165 	 Ex 	 2 	 -9.241406e-11 	 2.652301e-11
1 	 166 	 Ex 	 2 	 -6.729910e-11 	 2.499803e-11
1 	 167 	 Ex 	 2 	 -4.913663e-11 	 2.156359e-11
1 	 168 	 Ex 	 2 	 -3.732156e-11 	 1.740948e-11
1 	 169 	 Ex 	 2 	 -2.956882e-11 	 1.369856e-11
1 	 170 	 Ex 	 2 	 -2.299906e-11 	 1.098927e-11
1 	 171 	 Ex 	 2 	 -1.732418e-11 	 8.947686e-12
1 	 172 	 Ex 	 2 	 -1.271242e-11 	 7.099603e-12
1 	 173 	 Ex 	 2 	 -8.819811e-12 	 5.048866e-12
1 	 174 	 Ex 	 2 	 -5.657702e-12 	 3.007129e-12
1 	 175 	 Ex 	 2 	 -3.374228e-12 	 1.456015e-12
1 	 176 	 Ex 	 2 	 -1.779403e-12 	 4.359480e-13
1 	 177 	 Ex 	 2 	 -1.136661e-10 	 1.654260e-11
1 	 178 	 Ex 	 2 	 -1.240505e-10 	 1.561600e-11
1 	 179 	 Ex 	 2 	 -1.104155e-10 	 1.477870e-11
1 	 180 	 Ex 	 2 	 -9.620840e-11 	 1.524998e-11
1 	 181 	 Ex 	 2 	 -7.639894e-11 	 1.688864e-11
1 	 182 	 Ex 	 2 	 -5.815241e-11 	 1.746554e-11
1 	 183 	 Ex 	 2 	 -4.435795e-11 	 1.636657e-11
1 	 184 	 Ex 	 2 	 -3.489813e-11 	 1.426113e-11
1 	 185 	 Ex 	 2 	 -2.842613e-11 	 1.179989e-11
1 	 186 	 Ex 	 2 	 -2.295599e-11 	 9.446706e-12
1 	 187 	 Ex 	 2 	 -1.813220e-11 	 7.399539e-12
1 	 188 	 Ex 	 2 	 -1.400481e-11 	 5.598036e-12
1 	 189 	 Ex 	 2 	 -1.031338e-11 	 3.865834e-12
1 	 190 	 Ex 	 2 	 -7.156473e-12 	 2.294139e-12
1 	 191 	 Ex 	 2 	 -4.760541e-12 	 1.109245e-12
1 	 192 	 Ex 	 2 	 -3.015245e-12 	 3.117892e-13
1 	 193 	 Ex 	 2 	 -8.912700e-11 	 9.033743e-12
1 	 194 	 Ex 	 2 	 -9.725232e-11 	 8.270606e-12
1 	 195 	 Ex 	 2 	 -8.656809e-11 	 7.828064e-12
1 	 196 	 Ex 	 2 	 -7.703248e-11 	 8.544986e-12
1 	 197 	 Ex 	 2 	 -6.355494e-11 	 1.039697e-11
1 	 198 	 Ex 	 2 	 -5.044333e-11 	 1.181339e-11
1 	 199 	 Ex 	 2 	 -3.992488e-11 	 1.203254e-11
1 	 200 	 Ex 	 2 	 -3.220451e-11 	 1.126700e-11
1 	 201 	 Ex 	 2 	 -2.661503e-11 	 9.756179e-12
1 	 202 	 Ex 	 2 	 -2.201617e-11 	 7.809537e-12
1 	 203 	 Ex 	 2 	 -1.796223e-11 	 5.893524e-12
1 	 204 	 Ex 	 2 	 -1.436131e-11 	 4.220794e-12
1 	 205 	 Ex 	 2 	 -1.104038e-11 	 2.797727e-12
1 	 206 	 Ex 	 2 	 -8.095405e-12 	 1.640073e-12
1 	 207 	 Ex 	 2 	 -5.744320e-12 	 7.790863e-13
1 	 208 	 Ex 	 2 	 -3.958658e-12 	 1.841676e-13
1 	 209 	 Ex 	 2 	 -7.049474e-11 	 4.575131e-12
1 	 210 	 Ex 	 2 	 -7.696182e-11 	 4.108341e-12
1 	 211 	 Ex 	 2 	 -6.832384e-11 	 4.034057e-12
1 	 212 	 Ex 	 2 	 -6.194849e-11 	 4.769033e-12
1 	 213 	 Ex 	 2 	 -5.305086e-11 	 6.264101e-12
1 	 214 	 Ex 	 2 	 -4.387644e-11 	 7.669396e-12
1 	 215 	 Ex 	 2 	 -3.595110e-11 	 8.364807e-12
1 	 216 	 Ex 	 2 	 -2.966613e-11 	 8.261518e-12
1 	 217 	 Ex 	 2 	 -2.478241e-11 	 7.407392e-12
1 	 218 	 Ex 	 2 	 -2.076091e-11 	 6.013788e-12
1 	 219 	 Ex 	 2 	 -1.724212e-11 	 4.486392e-12
1 	 220 	 Ex 	 2 	 -1.407147e-11 	 3.110372e-12
1 	 221 	 Ex 	 2 	 -1.114915e-11 	 1.990646e-12
1 	 222 	 Ex 	 2 	 -8.531365e-12 	 1.135929e-12
1 	 223 	 Ex 	 2 	 -6.351635e-12 	 5.116040e-13
1 	 224 	 Ex 	 2 	 -4.625334e-12 	 7.470491e-14
1 	 225 	 Ex 	 2 	 -5.628509e-11 	 1.997796e-12
1 	 226 	 Ex 	 2 	 -6.159135e-11 	 1.783174e-12
1 	 227 	 Ex 	 2 	 -5.451685e-11 	 1.927928e-12
1 	 228 	 Ex 	 2 	 -5.024428e-11 	 2.576655e-12
1 	 229 	 Ex 	 2 	 -4.437049e-11 	 3.659767e-12
1 	 230 	 Ex 	 2 	 -3.803130e-11 	 4.751747e-12
1 	 231 	 Ex 	 2 	 -3.215093e-11 	 5.453667e-12
1 	 232 	 Ex 	 2 	 -2.712363e-11 	 5.594754e-12
1 	 233 	 Ex 	 2 	 -2.294089e-11 	 5.161620e-12
1 	 234 	 Ex 	 2 	 -1.939148e-11 	 4.290746e-12
1 	 235 	 Ex 	 2 	 -1.627206e-11 	 3.240989e-12
1 	 236 	 Ex 	 2 	 -1.346068e-11 	 2.240374e-12
1 	 237 	 Ex 	 2 	 -1.089971e-11 	 1.409212e-12
1 	 238 	 Ex 	 2 	 -8.612839e-12 	 7.748747e-13
1 	 239 	 Ex 	 2 	 -6.658819e-12 	 3.137818e-13
1 	 240 	 Ex 	 2 	 -5.054445e-12 	 -8.681952e-15
1 	 241 	 Ex 	 2 	 -4.543317e-11 	 5.226041e-13
1 	 242 	 Ex 	 2 	 -4.993708e-11 	 4.555887e-13
1 	 243 	 Ex 	 2 	 -4.409359e-11 	 6.754054e-13
1 	 244 	 Ex 	 2 	 -4.120350e-11 	 1.199051e-12
1 	 245 	 Ex 	 2 	 -3.724760e-11 	 1.965201e-12
1 	 246 	 Ex 	 2 	 -3.282629e-11 	 2.749870e-12
1 	 247 	 Ex 	 2 	 -2.848106e-11 	 3.316465e-12
1 	 248 	 Ex 	 2 	 -2.451987e-11 	 3.524305e-12
1 	 249 	 Ex 	 2 	 -2.102645e-11 	 3.344190e-12
1 	 250 	 Ex 	 2 	 -1.795109e-11 	 2.852994e-12
1 	 251 	 Ex 	 2 	 -1.520808e-11 	 2.200376e-12
1 	 252 	 Ex 	 2 	 -1.273112e-11 	 1.536129e-12
1 	 253 	 Ex 	 2 	 -1.049090e-11 	 9.573621e-13
1 	 254 	 Ex 	 2 	 -8.493341e-12 	 5.011933e-13
1 	 255 	 Ex 	 2 	 -6.761262e-12 	 1.644709e-13
1 	 256 	 Ex 	 2 	 -5.301851e-12 	 -7.153411e-14
1 	 1 	 Ey 	 1 	 5.419378e-08 	 5.472598e-12
1 	 2 	 Ey 	 1 	 -2.304064e-08 	 1.439589e-12
1 	 3 	 Ey 	 1 	 -2.793944e-08 	 4.401775e-12
1 	 4 	 Ey 	 1 	 -4.610176e-09 	 6.831848e-12
1 	 5 	 Ey 	 1 	 -1.189504e-09 	 7.840389e-12
1 	 6 	 Ey 	 1 	 -4.095841e-10 	 7.579735e-12
1 	 7 	 Ey 	 1 	 -1.682712e-10 	 6.380473e-12
1 	 8 	 Ey 	 1 	 -7.878184e-11 	 4.786457e-12
1 	 9 	 Ey 	 1 	 -4.172823e-11 	 3.310949e-12
1 	 10 	 Ey 	 1 	 -2.477436e-11 	 2.233773e-12
1 	 11 	 Ey 	 1 	 -1.587985e-11 	 1.613122e-12
1 	 12 	 Ey 	 1 	 -1.045620e-11 	 1.330765e-12
1 	 13 	 Ey 	 1 	 -6.817573e-12 	 1.220709e-12
1 	 14 	 Ey 	 1 	 -4.339800e-12 	 1.137337e-12
1 	 15 	 Ey 	 1 	 -2.699707e-12 	 1.029479e-12
1 	 16 	 Ey 	 1 	 -1.632444e-12 	 8.820510e-13
1 	 17 	 Ey 	 1 	 -4.048103e-08 	 1.945783e-12
1 	 18 	 Ey 	 1 	 4.538981e-06 	 -2.101424e-10
1 	 19 	 Ey 	 1 	 1.576294e-08 	 8.256508e-12
1 	 20 	 Ey 	 1 	 1.749581e-09 	 9.360962e-12
1 	 21 	 Ey 	 1 	 5.179364e-10 	 1.010924e-11
1 	 22 	 Ey 	 1 	 2.426808e-10 	 9.299936e-12
1 	 23 	 Ey 	 1 	 1.415999e-10 	 7.259940e-12
1 	 24 	 Ey 	 1 	 9.026004e-11 	 4.751645e-12
1 	 25 	 Ey 	 1 	 5.937044e-11 	 2.641094e-12
1 	 26 	 Ey 	 1 	 4.021604e-11 	 1.313086e-12
1 	 27 	 Ey 	 1 	 2.883076e-11 	 7.464019e-13
1 	 28 	 Ey 	 1 	 2.228606e-11 	 6.919429e-13
1 	 29 	 Ey 	 1 	 1.841030e-11 	 8.270432e-13
1 	 30 	 Ey 	 1 	 1.577783e-11 	 9.099132e-13
1 	 31 	 Ey 	 1 	 1.370736e-11 	 8.714926e-13
1 	 32 	 Ey 	 1 	 1.199328e-11 	 7.581493e-13
1 	 33 	 Ey 	 1 	 -2.788415e-08 	 1.022522e-12
1 	 34 	 Ey 	 1 	 1.482837e-08 	 5.477832e-12
1 	 35 	 Ey 	 1 	 1.937200e-08 	 9.258951e-12
1 	 36 	 Ey 	 1 	 4.862290e-09 	 1.091306e-11
1 	 37 	 Ey 	 1 	 1.489640e-09 	 1.157187e-11
1 	 38 	 Ey 	 1 	 5.865581e-10 	 1.024354e-11
1 	 39 	 Ey 	 1 	 2.755098e-10 	 7.330293e-12
1 	 40 	 Ey 	 1 	 1.427166e-10 	 3.997391e-12
1 	 41 	 Ey 	 1 	 7.677681e-11 	 1.369258e-12
1 	 42 	 Ey 	 1 	 4.223960e-11 	 -1.580353e-14
1 	 43 	 Ey 	 1 	 2.456803e-11 	 -3.588971e-13
1 	 44 	 Ey 	 1 	 1.588380e-11 	 -5.391390e-14
1 	 45 	 Ey 	 1 	 1.155934e-11 	 4.341640e-13
1 	 46 	 Ey 	 1 	 8.967307e-12 	 7.176599e-13
1 	 47 	 Ey 	 1 	 7.080249e-12 	 7.393170e-13
1 	 48 	 Ey 	 1 	 5.652254e-12 	 6.339253e-13
1 	 49 	 Ey 	 1 	 -4.625182e-09 	 1.208420e-12
1 	 50 	 Ey 	 1 	 1.219532e-09 	 3.672143e-12
1 	 51 	 Ey 	 1 	 4.831883e-09 	 6.578253e-12
1 	 52 	 Ey 	 1 	 3.006037e-09 	 8.836535e-12
1 	 53 	 Ey 	 1 	 1.434394e-09 	 9.500956e-12
1 	 54 	 Ey 	 1 	 6.931109e-10 	 7.936761e-12
1 	 55 	 Ey 	 1 	 3.571043e-10 	 5.112506e-12
1 	 56 	 Ey 	 1 	 1.942321e-10 	 1.998650e-12
1 	 57 	 Ey 	 1 	 1.092477e-10 	 -3.226196e-13
1 	 58 	 Ey 	 1 	 6.364011e-11 	 -1.339667e-12
1 	 59 	 Ey 	 1 	 3.935328e-11 	 -1.333539e-12
1 	 60 	 Ey 	 1 	 2.650271e-11 	 -6.633603e-13
1 	 61 	 Ey 	 1 	 1.942173e-11 	 1.346344e-13
1 	 62 	 Ey 	 1 	 1.477546e-11 	 5.547955e-13
1 	 63 	 Ey 	 1 	 1.135500e-11 	 5.972230e-13
1 	 64 	 Ey 	 1 	 8.842800e-12 	 4.985904e-13
1 	 65 	 Ey 	 1 	 -1.226270e-09 	 2.519566e-13
1 	 66 	 Ey 	 1 	 2.379138e-10 	 1.241192e-12
1 	 67 	 Ey 	 1 	 1.431102e-09 	 2.402619e-12
1 	 68 	 Ey 	 1 	 1.392933e-09 	 3.101178e-12
1 	 69 	 Ey 	 1 	 9.264916e-10 	 2.982520e-12
1 	 70 	 Ey 	 1 	 5.481414e-10 	 2.106383e-12
1 	 71 	 Ey 	 1 	 3.190798e-10 	 7.820110e-13
1 	 72 	 Ey 	 1 	 1.896361e-10 	 -5.990121e-13
1 	 73 	 Ey 	 1 	 1.164880e-10 	 -1.502499e-12
1 	 74 	 Ey 	 1 	 7.426900e-11 	 -1.771634e-12
1 	 75 	 Ey 	 1 	 4.942350e-11 	 -1.491850e-12
1 	 76 	 Ey 	 1 	 3.463474e-11 	 -7.931330e-13
1 	 77 	 Ey 	 1 	 2.550594e-11 	 -3.179704e-14
1 	 78 	 Ey 	 1 	 1.927526e-11 	 3.572835e-13
1 	 79 	 Ey 	 1 	 1.474926e-11 	 4.014510e-13
1 	 80 	 Ey 	 1 	 1.146310e-11 	 3.178046e-13
1 	 81 	 Ey 	 1 	 -4.537512e-10 	 -1.124833e-12
1 	 82 	 Ey 	 1 	 5.387116e-11 	 -1.162673e-12
1 	 83 	 Ey 	 1 	 5.143173e-10 	 -1.611253e-12
1 	 84 	 Ey 	 1 	 6.297608e-10 	 -2.378679e-12
1 	 85 	 Ey 	 1 	 5.194346e-10 	 -2.864818e-12
1 	 86 	 Ey 	 1 	 3.638796e-10 	 -2.813209e-12
1 	 87 	 Ey 	 1 	 2.410593e-10 	 -2.457656e-12
1 	 88 	 Ey 	 1 	 1.597968e-10 	 -2.051878e-12
1 	 89 	 Ey 	 1 	 1.088075e-10 	 -1.641223e-12
1 	 90 	 Ey 	 1 	 7.605217e-11 	 -1.303686e-12
1 	 91 	 Ey 	 1 	 5.417793e-11 	 -9.495144e-13
1 	 92 	 Ey 	 1 	 3.935143e-11 	 -5.279541e-13
1 	 93 	 Ey 	 1 	 2.919814e-11 	 -1.164520e-13
1 	 94 	 Ey 	 1 	 2.210966e-11 	 1.094452e-13
1 	 95 	 Ey 	 1 	 1.703744e-11 	 1.491837e-13
1 	 96 	 Ey 	 1 	 1.335253e-11 	 1.073134e-13
1 	 97 	 Ey 	 1 	 -2.113979e-10 	 -2.103885e-12
1 	 98 	 Ey 	 1 	 3.548841e-12 	 -2.775386e-12
1 	 99 	 Ey 	 1 	 2.098803e-10 	 -3.855435e-12
1 	 100 	 Ey 	 1 	 2.981097e-10 	 -4.999716e-12
1 	 101 	 Ey 	 1 	 2.858185e-10 	 -5.310474e-12
1 	 102 	 Ey 	 1 	 2.302679e-10 	 -4.606460e-12
1 	 103 	 Ey 	 1 	 1.726000e-10 	 -3.322965e-12
1 	 104 	 Ey 	 1 	 1.274969e-10 	 -2.080189e-12
1 	 105 	 Ey 	 1 	 9.524783e-11 	 -1.074717e-12
1 	 106 	 Ey 	 1 	 7.178049e-11 	 -5.522014e-13
1 	 107 	 Ey 	 1 	 5.407042e-11 	 -3.189658e-13
1 	 108 	 Ey 	 1 	 4.064641e-11 	 -2.164688e-13
1 	 109 	 Ey 	 1 	 3.065677e-11 	 -1.549780e-13
1 	 110 	 Ey 	 1 	 2.346816e-11 	 -1.154842e-13
1 	 111 	 Ey 	 1 	 1.830924e-11 	 -9.160051e-14
1 	 112 	 Ey 	 1 	 1.453743e-11 	 -1.047936e-13
1 	 113 	 Ey 	 1 	 -1.153422e-10 	 -2.523600e-12
1 	 114 	 Ey 	 1 	 -1.044088e-11 	 -3.315424e-12
1 	 115 	 Ey 	 1 	 9.448831e-11 	 -4.415227e-12
1 	 116 	 Ey 	 1 	 1.519847e-10 	 -5.332358e-12
1 	 117 	 Ey 	 1 	 1.635798e-10 	 -5.346114e-12
1 	 118 	 Ey 	 1 	 1.476991e-10 	 -4.316728e-12
1 	 119 	 Ey 	 1 	 1.230933e-10 	 -2.765465e-12
1 	 120 	 Ey 	 1 	 9.979178e-11 	 -1.285542e-12
1 	 121 	 Ey 	 1 	 8.046869e-11 	 -2.545702e-13
1 	 122 	 Ey 	 1 	 6.439616e-11 	 1.928669e-13
1 	 123 	 Ey 	 1 	 5.080895e-11 	 2.493280e-13
1 	 124 	 Ey 	 1 	 3.948428e-11 	 9.129414e-14
1 	 125 	 Ey 	 1 	 3.045546e-11 	 -1.388675e-13
1 	 126 	 Ey 	 1 	 2.370641e-11 	 -2.569816e-13
1 	 127 	 Ey 	 1 	 1.877818e-11 	 -2.891572e-13
1 	 128 	 Ey 	 1 	 1.511607e-11 	 -2.726725e-13
1 	 129 	 Ey 	 1 	 -6.955053e-11 	 -2.469474e-12
1 	 130 	 Ey 	 1 	 -1.222660e-11 	 -3.133133e-12
1 	 131 	 Ey 	 1 	 4.721125e-11 	 -3.928059e-12
1 	 132 	 Ey 	 1 	 8.484219e-11 	 -4.493032e-12
1 	 133 	 Ey 	 1 	 9.989157e-11 	 -4.235918e-12
1 	 134 	 Ey 	 1 	 9.846944e-11 	 -3.174859e-12
1 	 135 	 Ey 	 1 	 8.915312e-11 	 -1.679318e-12
1 	 136 	 Ey 	 1 	 7.778343e-11 	 -2.985741e-13
1 	 137 	 Ey 	 1 	 6.667390e-11 	 5.856745e-13
1 	 138 	 Ey 	 1 	 5.607521e-11 	 8.994516e-13
1 	 139 	 Ey 	 1 	 4.606125e-11 	 7.948209e-13
1 	 140 	 Ey 	 1 	 3.694967e-11 	 3.914375e-13
1 	 141 	 Ey 	 1 	 2.919786e-11 	 -5.137522e-14
1 	 142 	 Ey 	 1 	 2.316499e-11 	 -3.216882e-13
1 	 143 	 Ey 	 1 	 1.863928e-11 	 -4.066127e-13
1 	 144 	 Ey 	 1 	 1.521586e-11 	 -3.917914e-13
1 	 145 	 Ey 	 1 	 -4.435419e-11 	 -2.044219e-12
1 	 146 	 Ey 	 1 	 -9.837715e-12 	 -2.477383e-12
1 	 147 	 Ey 	 1 	 2.702577e-11 	 -2.943376e-12
1 	 148 	 Ey 	 1 	 5.250004e-11 	 -3.180283e-12
1 	 149 	 Ey 	 1 	 6.572360e-11 	 -2.807945e-12
1 	 150 	 Ey 	 1 	 6.881497e-11 	 -1.795727e-12
1 	 151 	 Ey 	 1 	 6.606517e-11 	 -4.846817e-13
1 	 152 	 Ey 	 1 	 6.087692e-11 	 7.198267e-13
1 	 153 	 Ey 	 1 	 5.480678e-11 	 1.457967e-12
1 	 154 	 Ey 	 1 	 4.813082e-11 	 1.635657e-12
1 	 155 	 Ey 	 1 	 4.099753e-11 	 1.325449e-12
1 	 156 	 Ey 	 1 	 3.384801e-11 	 7.349102e-13
1 	 157 	 Ey 	 1 	 2.737083e-11 	 1.059257e-13
1 	 158 	 Ey 	 1 	 2.211488e-11 	 -3.116737e-13
1 	 159 	 Ey 	 1 	 1.806560e-11 	 -4.579314e-13
1 	 160 	 Ey 	 1 	 1.494192e-11 	 -4.808495e-13
1 	 161 	 Ey 	 1 	 -2.894184e-11 	 -1.413508e-12
1 	 162 	 Ey 	 1 	 -6.307182e-12 	 -1.579955e-12
1 	 163 	 Ey 	 1 	 1.848314e-11 	 -1.748232e-12
1 	 164 	 Ey 	 1 	 3.652414e-11 	 -1.736545e-12
1 	 165 	 Ey 	 1 	 4.701762e-11 	 -1.289076e-12
1 	 166 	 Ey 	 1 	 5.083738e-11 	 -3.786983e-13
1 	 167 	 Ey 	 1 	 5.056170e-11 	 7.413120e-13
1 	 168 	 Ey 	 1 	 4.836934e-11 	 1.781707e-12
1 	 169 	 Ey 	 1 	 4.528083e-11 	 2.397867e-12
1 	 170 	 Ey 	 1 	 4.125779e-11 	 2.417808e-12
1 	 171 	 Ey 	 1 	 3.623682e-11 	 1.909328e-12
1 	 172 	 Ey 	 1 	 3.066163e-11 	 1.090414e-12
1 	 173 	 Ey 	 1 	 2.527386e-11 	 2.738422e-13
1 	 174 	 Ey 	 1 	 2.072717e-11 	 -2.445831e-13
1 	 175 	 Ey 	 1 	 1.716082e-11 	 -4.661140e-13
1 	 176 	 Ey 	 1 	 1.437987e-11 	 -5.493915e-13
1 	 177 	 Ey 	 1 	 -1.889284e-11 	 -7.174966e-13
1 	 178 	 Ey 	 1 	 -2.849357e-12 	 -6.327307e-13
1 	 179 	 Ey 	 1 	 1.518315e-11 	 -4.839263e-13
1 	 180 	 Ey 	 1 	 2.888758e-11 	 -2.020610e-13
1 	 181 	 Ey 	 1 	 3.725070e-11 	 3.727746e-13
1 	 182 	 Ey 	 1 	 4.063837e-11 	 1.229054e-12
1 	 183 	 Ey 	 1 	 4.097351e-11 	 2.187885e-12
1 	 184 	 Ey 	 1 	 3.984859e-11 	 3.006928e-12
1 	 185 	 Ey 	 1 	 3.804525e-11 	 3.342394e-12
1 	 186 	 Ey 	 1 	 3.538270e-11 	 3.081704e-12
1 	 187 	 Ey 	 1 	 3.169239e-11 	 2.351268e-12
1 	 188 	 Ey 	 1 	 2.730581e-11 	 1.343666e-12
1 	 189 	 Ey 	 1 	 2.287080e-11 	 3.881686e-13
1 	 190 	 Ey 	 1 	 1.903805e-11 	 -1.947633e-13
1 	 191 	 Ey 	 1 	 1.599442e-11 	 -4.724826e-13
1 	 192 	 Ey 	 1 	 1.358259e-11 	 -5.715877e-13
1 	 193 	 Ey 	 1 	 -1.223754e-11 	 -9.422237e-14
1 	 194 	 Ey 	 1 	 -2.282469e-13 	 1.886358e-13
1 	 195 	 Ey 	 1 	 1.364800e-11 	 6.149520e-13
1 	 196 	 Ey 	 1 	 2.478525e-11 	 1.208339e-12
1 	 197 	 Ey 	 1 	 3.197107e-11 	 1.985218e-12
1 	 198 	 Ey 	 1 	 3.504368e-11 	 2.854371e-12
1 	 199 	 Ey 	 1 	 3.538450e-11 	 3.632222e-12
1 	 200 	 Ey 	 1 	 3.421144e-11 	 4.047651e-12
1 	 201 	 Ey 	 1 	 3.222945e-11 	 3.851465e-12
1 	 202 	 Ey 	 1 	 2.969889e-11 	 3.169975e-12
1 	 203 	 Ey 	 1 	 2.668304e-11 	 2.246947e-12
1 	 204 	 Ey 	 1 	 2.334061e-11 	 1.238663e-12
1 	 205 	 Ey 	 1 	 2.000383e-11 	 3.515881e-13
1 	 206 	 Ey 	 1 	 1.705485e-11 	 -2.101629e-13
1 	 207 	 Ey 	 1 	 1.461038e-11 	 -4.705036e-13
1 	 208 	 Ey 	 1 	 1.260719e-11 	 -5.642883e-13
1 	 209 	 Ey 	 1 	 -7.960522e-12 	 3.672974e-13
1 	 210 	 Ey 	 1 	 1.153924e-12 	 7.631306e-13
1 	 211 	 Ey 	 1 	 1.184726e-11 	 1.322534e-12
1 	 212 	 Ey 	 1 	 2.068782e-11 	 2.058056e-12
1 	 213 	 Ey 	 1 	 2.683571e-11 	 2.881768e-12
1 	 214 	 Ey 	 1 	 2.979753e-11 	 3.647957e-12
1 	 215 	 Ey 	 1 	 3.027302e-11 	 4.161050e-12
1 	 216 	 Ey 	 1 	 2.909508e-11 	 4.190901e-12
1 	 217 	 Ey 	 1 	 2.693666e-11 	 3.623245e-12
1 	 218 	 Ey 	 1 	 2.441746e-11 	 2.708247e-12
1 	 219 	 Ey 	 1 	 2.186252e-11 	 1.774499e-12
1 	 220 	 Ey 	 1 	 1.939394e-11 	 9.332556e-13
1 	 221 	 Ey 	 1 	 1.707786e-11 	 2.238750e-13
1 	 222 	 Ey 	 1 	 1.498453e-11 	 -2.389493e-13
1 	 223 	 Ey 	 1 	 1.313469e-11 	 -4.601058e-13
1 	 224 	 Ey 	 1 	 1.153207e-11 	 -5.230222e-13
1 	 225 	 Ey 	 1 	 -5.356838e-12 	 6.785617e-13
1 	 226 	 Ey 	 1 	 1.508928e-12 	 1.092588e-12
1 	 227 	 Ey 	 1 	 9.556908e-12 	 1.630486e-12
1 	 228 	 Ey 	 1 	 1.623197e-11 	 2.271377e-12
1 	 229 	 Ey 	 1 	 2.113898e-11 	 2.934265e-12
1 	 230 	 Ey 	 1 	 2.384321e-11 	 3.478338e-12
1 	 231 	 Ey 	 1 	 2.457356e-11 	 3.745798e-12
1 	 232 	 Ey 	 1 	 2.383095e-11 	 3.600074e-12
1 	 233 	 Ey 	 1 	 2.217047e-11 	 3.011687e-12
1 	 234 	 Ey 	 1 	 2.015194e-11 	 2.194208e-12
1 	 235 	 Ey 	 1 	 1.814691e-11 	 1.369589e-12
1 	 236 	 Ey 	 1 	 1.630382e-11 	 6.593065e-13
1 	 237 	 Ey 	 1 	 1.462649e-11 	 1.323750e-13
1 	 238 	 Ey 	 1 	 1.309477e-11 	 -2.264398e-13
1 	 239 	 Ey 	 1 	 1.169635e-11 	 -4.185009e-13
1 	 240 	 Ey 	 1 	 1.044142e-11 	 -5.153704e-13
1 	 241 	 Ey 	 1 	 -3.815662e-12 	 8.682671e-13
1 	 242 	 Ey 	 1 	 1.307921e-12 	 1.220470e-12
1 	 243 	 Ey 	 1 	 7.298624e-12 	 1.654954e-12
1 	 244 	 Ey 	 1 	 1.225285e-11 	 2.125103e-12
1 	 245 	 Ey 	 1 	 1.604356e-11 	 2.568567e-12
1 	 246 	 Ey 	 1 	 1.837432e-11 	 2.889509e-12
1 	 247 	 Ey 	 1 	 1.928308e-11 	 2.984658e-12
1 	 248 	 Ey 	 1 	 1.904415e-11 	 2.801981e-12
1 	 249 	 Ey 	 1 	 1.803808e-11 	 2.345786e-12
1 	 250 	 Ey 	 1 	 1.667242e-11 	 1.705297e-12
1 	 251 	 Ey 	 1 	 1.523377e-11 	 1.047053e-12
1 	 252 	 Ey 	 1 	 1.386910e-11 	 4.773561e-13
1 	 253 	 Ey 	 1 	 1.260802e-11 	 5.030483e-14
1 	 254 	 Ey 	 1 	 1.143994e-11 	 -2.107274e-13
1 	 255 	 Ey 	 1 	 1.036432e-11 	 -3.907981e-13
1 	 256 	 Ey 	 1 	 9.384493e-12 	 -5.269606e-13
1 	 1 	 Ey 	 2 	 5.418184e-08 	 2.903906e-11
1 	 2 	 Ey 	 2 	 -2.304555e-08 	 -1.434235e-11
1 	 3 	 Ey 	 2 	 -2.794642e-08 	 -7.814339e-12
1 	 4 	 Ey 	 2 	 -4.622266e-09 	 8.422190e-12
1 	 5 	 Ey 	 2 	 -1.203007e-09 	 1.379009e-11
1 	 6 	 Ey 	 2 	 -4.225250e-10 	 1.499637e-11
1 	 7 	 Ey 	 2 	 -1.791903e-10 	 1.344524e-11
1 	 8 	 Ey 	 2 	 -8.699270e-11 	 1.031230e-11
1 	 9 	 Ey 	 2 	 -4.730843e-11 	 6.811003e-12
1 	 10 	 Ey 	 2 	 -2.830839e-11 	 3.883407e-12
1 	 11 	 Ey 	 2 	 -1.808910e-11 	 1.936874e-12
1 	 12 	 Ey 	 2 	 -1.192862e-11 	 8.936191e-13
1 	 13 	 Ey 	 2 	 -7.909021e-12 	 4.509832e-13
1 	 14 	 Ey 	 2 	 -5.194670e-12 	 3.059547e-13
1 	 15 	 Ey 	 2 	 -3.344457e-12 	 2.709325e-13
1 	 16 	 Ey 	 2 	 -2.077287e-12 	 2.679147e-13
1 	 17 	 Ey 	 2 	 -4.048142e-08 	 -1.760482e-11
1 	 18 	 Ey 	 2 	 4.538392e-06 	 6.233594e-10
1 	 19 	 Ey 	 2 	 1.574855e-08 	 1.949639e-11
1 	 20 	 Ey 	 2 	 1.733780e-09 	 1.750823e-11
1 	 21 	 Ey 	 2 	 5.009139e-10 	 2.038907e-11
1 	 22 	 Ey 	 2 	 2.269061e-10 	 2.035108e-11
1 	 23 	 Ey 	 2 	 1.290811e-10 	 1.701231e-11
1 	 24 	 Ey 	 2 	 8.183521e-11 	 1.178115e-11
1 	 25 	 Ey 	 2 	 5.462718e-11 	 6.463334e-12
1 	 26 	 Ey 	 2 	 3.801241e-11 	 2.468863e-12
1 	 27 	 Ey 	 2 	 2.796922e-11 	 2.377337e-13
1 	 28 	 Ey 	 2 	 2.189600e-11 	 -5.974441e-13
1 	 29 	 Ey 	 2 	 1.806310e-11 	 -6.661016e-13
1 	 30 	 Ey 	 2 	 1.541459e-11 	 -4.871423e-13
1 	 31 	 Ey 	 2 	 1.341678e-11 	 -3.059112e-13
1 	 32 	 Ey 	 2 	 1.183439e-11 	 -1.689118e-13
1 	 33 	 Ey 	 2 	 -2.788553e-08 	 -1.738719e-11
1 	 34 	 Ey 	 2 	 1.481793e-08 	 1.063175e-11
1 	 35 	 Ey 	 2 	 1.935634e-08 	 2.256734e-11
1 	 36 	 Ey 	 2 	 4.844117e-09 	 2.155091e-11
1 	 37 	 Ey 	 2 	 1.470126e-09 	 2.387082e-11
1 	 38 	 Ey 	 2 	 5.690013e-10 	 2.288883e-11
1 	 39 	 Ey 	 2 	 2.624609e-10 	 1.799291e-11
1 	 40 	 Ey 	 2 	 1.350718e-10 	 1.103568e-11
1 	 41 	 Ey 	 2 	 7.372979e-11 	 4.304167e-12
1 	 42 	 Ey 	 2 	 4.201991e-11 	 -2.620559e-13
1 	 43 	 Ey 	 2 	 2.549472e-11 	 -2.271285e-12
1 	 44 	 Ey 	 2 	 1.679496e-11 	 -2.495248e-12
1 	 45 	 Ey 	 2 	 1.198766e-11 	 -1.923014e-12
1 	 46 	 Ey 	 2 	 9.060993e-12 	 -1.309422e-12
1 	 47 	 Ey 	 2 	 7.116594e-12 	 -8.921407e-13
1 	 48 	 Ey 	 2 	 5.767737e-12 	 -6.165054e-13
1 	 49 	 Ey 	 2 	 -4.627940e-09 	 -8.072971e-12
1 	 50 	 Ey 	 2 	 1.212768e-09 	 -6.840379e-14
1 	 51 	 Ey 	 2 	 4.820234e-09 	 8.188747e-12
1 	 52 	 Ey 	 2 	 2.990293e-09 	 1.319711e-11
1 	 53 	 Ey 	 2 	 1.417250e-09 	 1.603867e-11
1 	 54 	 Ey 	 2 	 6.781908e-10 	 1.502966e-11
1 	 55 	 Ey 	 2 	 3.466629e-10 	 1.092174e-11
1 	 56 	 Ey 	 2 	 1.890667e-10 	 5.182855e-12
1 	 57 	 Ey 	 2 	 1.084758e-10 	 -3.687161e-13
1 	 58 	 Ey 	 2 	 6.538445e-11 	 -3.824172e-12
1 	 59 	 Ey 	 2 	 4.185928e-11 	 -4.843438e-12
1 	 60 	 Ey 	 2 	 2.851483e-11 	 -4.234100e-12
1 	 61 	 Ey 	 2 	 2.047030e-11 	 -3.012472e-12
1 	 62 	 Ey 	 2 	 1.524783e-11 	 -2.030281e-12
1 	 63 	 Ey 	 2 	 1.169861e-11 	 -1.429273e-12
1 	 64 	 Ey 	 2 	 9.232536e-12 	 -1.036558e-12
1 	 65 	 Ey 	 2 	 -1.227015e-09 	 -9.082794e-12
1 	 66 	 Ey 	 2 	 2.350671e-10 	 -7.217520e-12
1 	 67 	 Ey 	 2 	 1.425659e-09 	 -5.303008e-12
1 	 68 	 Ey 	 2 	 1.385332e-09 	 -4.421470e-12
1 	 69 	 Ey 	 2 	 9.183054e-10 	 -4.082106e-12
1 	 70 	 Ey 	 2 	 5.411228e-10 	 -3.895430e-12
1 	 71 	 Ey 	 2 	 3.143978e-10 	 -4.094172e-12
1 	 72 	 Ey 	 2 	 1.878247e-10 	 -4.868348e-12
1 	 73 	 Ey 	 2 	 1.171698e-10 	 -5.884427e-12
1 	 74 	 Ey 	 2 	 7.647304e-11 	 -6.432081e-12
1 	 75 	 Ey 	 2 	 5.206400e-11 	 -6.105390e-12
1 	 76 	 Ey 	 2 	 3.678940e-11 	 -5.022936e-12
1 	 77 	 Ey 	 2 	 2.681544e-11 	 -3.677979e-12
1 	 78 	 Ey 	 2 	 2.007148e-11 	 -2.621482e-12
1 	 79 	 Ey 	 2 	 1.541644e-11 	 -1.924390e-12
1 	 80 	 Ey 	 2 	 1.214352e-11 	 -1.433145e-12
1 	 81 	 Ey 	 2 	 -4.518201e-10 	 -1.150325e-11
1 	 82 	 Ey 	 2 	 5.533687e-11 	 -1.292111e-11
1 	 83 	 Ey 	 2 	 5.156003e-10 	 -1.551095e-11
1 	 84 	 Ey 	 2 	 6.311086e-10 	 -1.884722e-11
1 	 85 	 Ey 	 2 	 5.205767e-10 	 -2.041033e-11
1 	 86 	 Ey 	 2 	 3.644423e-10 	 -1.892766e-11
1 	 87 	 Ey 	 2 	 2.412532e-10 	 -1.574925e-11
1 	 88 	 Ey 	 2 	 1.600574e-10 	 -1.226891e-11
1 	 89 	 Ey 	 2 	 1.094709e-10 	 -9.362257e-12
1 	 90 	 Ey 	 2 	 7.725735e-11 	 -7.422864e-12
1 	 91 	 Ey 	 2 	 5.572159e-11 	 -6.123083e-12
1 	 92 	 Ey 	 2 	 4.086667e-11 	 -5.015858e-12
1 	 93 	 Ey 	 2 	 3.046819e-11 	 -3.977681e-12
1 	 94 	 Ey 	 2 	 2.318201e-11 	 -3.075241e-12
1 	 95 	 Ey 	 2 	 1.803599e-11 	 -2.353189e-12
1 	 96 	 Ey 	 2 	 1.433221e-11 	 -1.783892e-12
1 	 97 	 Ey 	 2 	 -2.073498e-10 	 -1.276426e-11
1 	 98 	 Ey 	 2 	 8.284914e-12 	 -1.550001e-11
1 	 99 	 Ey 	 2 	 2.157123e-10 	 -1.948731e-11
1 	 100 	 Ey 	 2 	 3.049070e-10 	 -2.369356e-11
1 	 101 	 Ey 	 2 	 2.921625e-10 	 -2.539745e-11
1 	 102 	 Ey 	 2 	 2.347593e-10 	 -2.349783e-11
1 	 103 	 Ey 	 2 	 1.748983e-10 	 -1.933664e-11
1 	 104 	 Ey 	 2 	 1.281549e-10 	 -1.452634e-11
1 	 105 	 Ey 	 2 	 9.515114e-11 	 -1.031475e-11
1 	 106 	 Ey 	 2 	 7.172983e-11 	 -7.457117e-12
1 	 107 	 Ey 	 2 	 5.443656e-11 	 -5.801710e-12
1 	 108 	 Ey 	 2 	 4.145466e-11 	 -4.816779e-12
1 	 109 	 Ey 	 2 	 3.178241e-11 	 -4.081019e-12
1 	 110 	 Ey 	 2 	 2.472659e-11 	 -3.359158e-12
1 	 111 	 Ey 	 2 	 1.958758e-11 	 -2.661165e-12
1 	 112 	 Ey 	 2 	 1.577985e-11 	 -2.049973e-12
1 	 113 	 Ey 	 2 	 -1.101308e-10 	 -1.241189e-11
1 	 114 	 Ey 	 2 	 -4.145024e-12 	 -1.501286e-11
1 	 115 	 Ey 	 2 	 1.022035e-10 	 -1.846016e-11
1 	 116 	 Ey 	 2 	 1.606353e-10 	 -2.174843e-11
1 	 117 	 Ey 	 2 	 1.714396e-10 	 -2.293909e-11
1 	 118 	 Ey 	 2 	 1.530806e-10 	 -2.128958e-11
1 	 119 	 Ey 	 2 	 1.255672e-10 	 -1.772522e-11
1 	 120 	 Ey 	 2 	 9.996971e-11 	 -1.346096e-11
1 	 121 	 Ey 	 2 	 7.946463e-11 	 -9.606947e-12
1 	 122 	 Ey 	 2 	 6.330517e-11 	 -6.902753e-12
1 	 123 	 Ey 	 2 	 5.026281e-11 	 -5.345440e-12
1 	 124 	 Ey 	 2 	 3.971912e-11 	 -4.535291e-12
1 	 125 	 Ey 	 2 	 3.139071e-11 	 -4.014234e-12
1 	 126 	 Ey 	 2 	 2.503583e-11 	 -3.444613e-12
1 	 127 	 Ey 	 2 	 2.023147e-11 	 -2.806628e-12
1 	 128 	 Ey 	 2 	 1.655336e-11 	 -2.199735e-12
1 	 129 	 Ey 	 2 	 -6.417192e-11 	 -1.081094e-11
1 	 130 	 Ey 	 2 	 -5.831466e-12 	 -1.262257e-11
1 	 131 	 Ey 	 2 	 5.478537e-11 	 -1.487993e-11
1 	 132 	 Ey 	 2 	 9.301100e-11 	 -1.692047e-11
1 	 133 	 Ey 	 2 	 1.070428e-10 	 -1.762834e-11
1 	 134 	 Ey 	 2 	 1.031056e-10 	 -1.655014e-11
1 	 135 	 Ey 	 2 	 9.088679e-11 	 -1.412649e-11
1 	 136 	 Ey 	 2 	 7.717391e-11 	 -1.105113e-11
1 	 137 	 Ey 	 2 	 6.482895e-11 	 -8.119745e-12
1 	 138 	 Ey 	 2 	 5.413849e-11 	 -5.963482e-12
1 	 139 	 Ey 	 2 	 4.477769e-11 	 -4.705039e-12
1 	 140 	 Ey 	 2 	 3.666917e-11 	 -4.100934e-12
1 	 141 	 Ey 	 2 	 2.988656e-11 	 -3.757319e-12
1 	 142 	 Ey 	 2 	 2.444911e-11 	 -3.329556e-12
1 	 143 	 Ey 	 2 	 2.016022e-11 	 -2.783844e-12
1 	 144 	 Ey 	 2 	 1.675987e-11 	 -2.224629e-12
1 	 145 	 Ey 	 2 	 -3.955185e-11 	 -8.545410e-12
1 	 146 	 Ey 	 2 	 -4.372823e-12 	 -9.411728e-12
1 	 147 	 Ey 	 2 	 3.321314e-11 	 -1.048965e-11
1 	 148 	 Ey 	 2 	 5.889969e-11 	 -1.150624e-11
1 	 149 	 Ey 	 2 	 7.107264e-11 	 -1.196179e-11
1 	 150 	 Ey 	 2 	 7.195669e-11 	 -1.154437e-11
1 	 151 	 Ey 	 2 	 6.668748e-11 	 -1.027495e-11
1 	 152 	 Ey 	 2 	 5.940349e-11 	 -8.389160e-12
1 	 153 	 Ey 	 2 	 5.218466e-11 	 -6.371534e-12
1 	 154 	 Ey 	 2 	 4.541915e-11 	 -4.781227e-12
1 	 155 	 Ey 	 2 	 3.900582e-11 	 -3.858475e-12
1 	 156 	 Ey 	 2 	 3.304444e-11 	 -3.481869e-12
1 	 157 	 Ey 	 2 	 2.774920e-11 	 -3.317068e-12
1 	 158 	 Ey 	 2 	 2.326397e-11 	 -3.043699e-12
1 	 159 	 Ey 	 2 	 1.955696e-11 	 -2.618685e-12
1 	 160 	 Ey 	 2 	 1.651232e-11 	 -2.140596e-12
1 	 161 	 Ey 	 2 	 -2.519132e-11 	 -6.110343e-12
1 	 162 	 Ey 	 2 	 -2.360972e-12 	 -6.095090e-12
1 	 163 	 Ey 	 2 	 2.260892e-11 	 -6.148989e-12
1 	 164 	 Ey 	 2 	 4.046896e-11 	 -6.368777e-12
1 	 165 	 Ey 	 2 	 4.997342e-11 	 -6.722316e-12
1 	 166 	 Ey 	 2 	 5.204134e-11 	 -6.929227e-12
1 	 167 	 Ey 	 2 	 4.977545e-11 	 -6.653861e-12
1 	 168 	 Ey 	 2 	 4.585997e-11 	 -5.771333e-12
1 	 169 	 Ey 	 2 	 4.177044e-11 	 -4.517957e-12
1 	 170 	 Ey 	 2 	 3.770943e-11 	 -3.434245e-12
1 	 171 	 Ey 	 2 	 3.351634e-11 	 -2.854308e-12
1 	 172 	 Ey 	 2 	 2.930351e-11 	 -2.724931e-12
1 	 173 	 Ey 	 2 	 2.530354e-11 	 -2.758221e-12
1 	 174 	 Ey 	 2 	 2.169945e-11 	 -2.653820e-12
1 	 175 	 Ey 	 2 	 1.857126e-11 	 -2.363287e-12
1 	 176 	 Ey 	 2 	 1.591309e-11 	 -1.981608e-12
1 	 177 	 Ey 	 2 	 -1.637733e-11 	 -3.877284e-12
1 	 178 	 Ey 	 2 	 -6.335021e-13 	 -3.131272e-12
1 	 179 	 Ey 	 2 	 1.697801e-11 	 -2.293737e-12
1 	 180 	 Ey 	 2 	 3.001376e-11 	 -1.731634e-12
1 	 181 	 Ey 	 2 	 3.731830e-11 	 -1.870061e-12
1 	 182 	 Ey 	 2 	 3.931945e-11 	 -2.502097e-12
1 	 183 	 Ey 	 2 	 3.820385e-11 	 -3.022991e-12
1 	 184 	 Ey 	 2 	 3.588516e-11 	 -3.051608e-12
1 	 185 	 Ey 	 2 	 3.350798e-11 	 -2.610499e-12
1 	 186 	 Ey 	 2 	 3.112429e-11 	 -2.129541e-12
1 	 187 	 Ey 	 2 	 2.846314e-11 	 -1.942391e-12
1 	 188 	 Ey 	 2 	 2.559160e-11 	 -2.052468e-12
1 	 189 	 Ey 	 2 	 2.267969e-11 	 -2.246352e-12
1 	 190 	 Ey 	 2 	 1.987104e-11 	 -2.269925e-12
1 	 191 	 Ey 	 2 	 1.730466e-11 	 -2.086103e-12
1 	 192 	 Ey 	 2 	 1.504901e-11 	 -1.789435e-12
1 	 193 	 Ey 	 2 	 -1.087643e-11 	 -2.117140e-12
1 	 194 	 Ey 	 2 	 4.238057e-13 	 -9.126956e-13
1 	 195 	 Ey 	 2 	 1.336181e-11 	 5.259769e-13
1 	 196 	 Ey 	 2 	 2.330730e-11 	 1.761060e-12
1 	 197 	 Ey 	 2 	 2.919790e-11 	 2.069478e-12
1 	 198 	 Ey 	 2 	 3.104277e-11 	 1.402261e-12
1 	 199 	 Ey 	 2 	 3.042564e-11 	 3.909357e-13
1 	 200 	 Ey 	 2 	 2.879996e-11 	 -4.734531e-13
1 	 201 	 Ey 	 2 	 2.711397e-11 	 -1.023294e-12
1 	 202 	 Ey 	 2 	 2.551200e-11 	 -1.334032e-12
1 	 203 	 Ey 	 2 	 2.377553e-11 	 -1.565877e-12
1 	 204 	 Ey 	 2 	 2.189026e-11 	 -1.798290e-12
1 	 205 	 Ey 	 2 	 1.990450e-11 	 -1.975917e-12
1 	 206 	 Ey 	 2 	 1.784895e-11 	 -1.990941e-12
1 	 207 	 Ey 	 2 	 1.584448e-11 	 -1.841478e-12
1 	 208 	 Ey 	 2 	 1.399970e-11 	 -1.597356e-12
1 	 209 	 Ey 	 2 	 -7.482078e-12 	 -9.551231e-13
1 	 210 	 Ey 	 2 	 7.343567e-13 	 3.475761e-13
1 	 211 	 Ey 	 2 	 1.025673e-11 	 1.866505e-12
1 	 212 	 Ey 	 2 	 1.772971e-11 	 3.212320e-12
1 	 213 	 Ey 	 2 	 2.253988e-11 	 3.763142e-12
1 	 214 	 Ey 	 2 	 2.447300e-11 	 3.315451e-12
1 	 215 	 Ey 	 2 	 2.443219e-11 	 2.253388e-12
1 	 216 	 Ey 	 2 	 2.343345e-11 	 1.007671e-12
1 	 217 	 Ey 	 2 	 2.220291e-11 	 -1.366807e-13
1 	 218 	 Ey 	 2 	 2.101170e-11 	 -9.831334e-13
1 	 219 	 Ey 	 2 	 1.981896e-11 	 -1.497855e-12
1 	 220 	 Ey 	 2 	 1.857861e-11 	 -1.761859e-12
1 	 221 	 Ey 	 2 	 1.725594e-11 	 -1.845611e-12
1 	 222 	 Ey 	 2 	 1.581270e-11 	 -1.789058e-12
1 	 223 	 Ey 	 2 	 1.431109e-11 	 -1.632668e-12
1 	 224 	 Ey 	 2 	 1.285202e-11 	 -1.417832e-12
1 	 225 	 Ey 	 2 	 -5.407588e-12 	 -3.330596e-13
1 	 226 	 Ey 	 2 	 5.635493e-13 	 8.034941e-13
1 	 227 	 Ey 	 2 	 7.514477e-12 	 2.044878e-12
1 	 228 	 Ey 	 2 	 1.299641e-11 	 3.099212e-12
1 	 229 	 Ey 	 2 	 1.682484e-11 	 3.578012e-12
1 	 230 	 Ey 	 2 	 1.880216e-11 	 3.310523e-12
1 	 231 	 Ey 	 2 	 1.933550e-11 	 2.463963e-12
1 	 232 	 Ey 	 2 	 1.902157e-11 	 1.332899e-12
1 	 233 	 Ey 	 2 	 1.835010e-11 	 1.974313e-13
1 	 234 	 Ey 	 2 	 1.758036e-11 	 -7.130837e-13
1 	 235 	 Ey 	 2 	 1.677555e-11 	 -1.295998e-12
1 	 236 	 Ey 	 2 	 1.592420e-11 	 -1.580401e-12
1 	 237 	 Ey 	 2 	 1.499110e-11 	 -1.648523e-12
1 	 238 	 Ey 	 2 	 1.394841e-11 	 -1.580952e-12
1 	 239 	 Ey 	 2 	 1.282525e-11 	 -1.435756e-12
1 	 240 	 Ey 	 2 	 1.168771e-11 	 -1.249582e-12
1 	 241 	 Ey 	 2 	 -4.105981e-12 	 -7.819900e-14
1 	 242 	 Ey 	 2 	 2.485002e-13 	 7.974136e-13
1 	 243 	 Ey 	 2 	 5.362744e-12 	 1.690585e-12
1 	 244 	 Ey 	 2 	 9.413998e-12 	 2.408821e-12
1 	 245 	 Ey 	 2 	 1.244657e-11 	 2.734519e-12
1 	 246 	 Ey 	 2 	 1.432217e-11 	 2.562850e-12
1 	 247 	 Ey 	 2 	 1.520402e-11 	 1.964038e-12
1 	 248 	 Ey 	 2 	 1.540345e-11 	 1.117888e-12
1 	 249 	 Ey 	 2 	 1.521419e-11 	 2.309672e-13
1 	 250 	 Ey 	 2 	 1.482921e-11 	 -5.194918e-13
1 	 251 	 Ey 	 2 	 1.433464e-11 	 -1.035849e-12
1 	 252 	 Ey 	 2 	 1.375141e-11 	 -1.312039e-12
1 	 253 	 Ey 	 2 	 1.307399e-11 	 -1.398108e-12
1 	 254 	 Ey 	 2 	 1.229883e-11 	 -1.358252e-12
1 	 255 	 Ey 	 2 	 1.144727e-11 	 -1.245104e-12
1 	 256 	 Ey 	 2 	 1.056161e-11 	 -1.093361e-12
