iTx 	 iRx    chrec  ifreq 	 emf_real 	 emf_imag
2 	 1 	 Ex 	 1 	 6.843657e-10 	 7.526627e-11
2 	 2 	 Ex 	 1 	 1.271172e-09 	 1.021160e-10
2 	 3 	 Ex 	 1 	 2.664154e-09 	 1.445290e-10
2 	 4 	 Ex 	 1 	 6.609168e-09 	 2.189200e-10
2 	 5 	 Ex 	 1 	 1.815678e-08 	 3.721726e-10
2 	 6 	 Ex 	 1 	 -5.997658e-08 	 7.210968e-10
2 	 7 	 Ex 	 1 	 1.150652e-08 	 5.392076e-10
2 	 8 	 Ex 	 1 	 1.176530e-08 	 2.890302e-10
2 	 9 	 Ex 	 1 	 4.302564e-09 	 1.809778e-10
2 	 10 	 Ex 	 1 	 1.878677e-09 	 1.248232e-10
2 	 11 	 Ex 	 1 	 9.541000e-10 	 9.149120e-11
2 	 12 	 Ex 	 1 	 5.405079e-10 	 6.971335e-11
2 	 13 	 Ex 	 1 	 3.311839e-10 	 5.436244e-11
2 	 14 	 Ex 	 1 	 2.146175e-10 	 4.295761e-11
2 	 15 	 Ex 	 1 	 1.444436e-10 	 3.416502e-11
2 	 16 	 Ex 	 1 	 9.955319e-11 	 2.723758e-11
2 	 17 	 Ex 	 1 	 7.337995e-10 	 7.570291e-11
2 	 18 	 Ex 	 1 	 1.415733e-09 	 1.035822e-10
2 	 19 	 Ex 	 1 	 3.198459e-09 	 1.488581e-10
2 	 20 	 Ex 	 1 	 9.531938e-09 	 2.330831e-10
2 	 21 	 Ex 	 1 	 5.134577e-08 	 4.335667e-10
2 	 22 	 Ex 	 1 	 6.860431e-07 	 2.035545e-09
2 	 23 	 Ex 	 1 	 4.488835e-08 	 8.116288e-10
2 	 24 	 Ex 	 1 	 2.168686e-08 	 3.190920e-10
2 	 25 	 Ex 	 1 	 5.574774e-09 	 1.889463e-10
2 	 26 	 Ex 	 1 	 2.159091e-09 	 1.276924e-10
2 	 27 	 Ex 	 1 	 1.040897e-09 	 9.308811e-11
2 	 28 	 Ex 	 1 	 5.762233e-10 	 7.093214e-11
2 	 29 	 Ex 	 1 	 3.493306e-10 	 5.524881e-11
2 	 30 	 Ex 	 1 	 2.246411e-10 	 4.345438e-11
2 	 31 	 Ex 	 1 	 1.500518e-10 	 3.433794e-11
2 	 32 	 Ex 	 1 	 1.025693e-10 	 2.719315e-11
2 	 33 	 Ex 	 1 	 6.256811e-10 	 7.209607e-11
2 	 34 	 Ex 	 1 	 1.127326e-09 	 9.735508e-11
2 	 35 	 Ex 	 1 	 2.220157e-09 	 1.365018e-10
2 	 36 	 Ex 	 1 	 4.702634e-09 	 2.026473e-10
2 	 37 	 Ex 	 1 	 7.132324e-09 	 3.243020e-10
2 	 38 	 Ex 	 1 	 -2.775123e-08 	 5.066140e-10
2 	 39 	 Ex 	 1 	 -4.211051e-09 	 4.277209e-10
2 	 40 	 Ex 	 1 	 6.751126e-09 	 2.601450e-10
2 	 41 	 Ex 	 1 	 3.328890e-09 	 1.687430e-10
2 	 42 	 Ex 	 1 	 1.607762e-09 	 1.189298e-10
2 	 43 	 Ex 	 1 	 8.629693e-10 	 8.932276e-11
2 	 44 	 Ex 	 1 	 5.107268e-10 	 6.953645e-11
2 	 45 	 Ex 	 1 	 3.229030e-10 	 5.464590e-11
2 	 46 	 Ex 	 1 	 2.121682e-10 	 4.285573e-11
2 	 47 	 Ex 	 1 	 1.431706e-10 	 3.368517e-11
2 	 48 	 Ex 	 1 	 9.850358e-11 	 2.659429e-11
2 	 49 	 Ex 	 1 	 4.293604e-10 	 6.536546e-11
2 	 50 	 Ex 	 1 	 6.609530e-10 	 8.567178e-11
2 	 51 	 Ex 	 1 	 9.702388e-10 	 1.142709e-10
2 	 52 	 Ex 	 1 	 1.032130e-09 	 1.549740e-10
2 	 53 	 Ex 	 1 	 -7.947871e-10 	 2.083833e-10
2 	 54 	 Ex 	 1 	 -5.129236e-09 	 2.504787e-10
2 	 55 	 Ex 	 1 	 -3.343119e-09 	 2.357748e-10
2 	 56 	 Ex 	 1 	 4.004091e-10 	 1.822237e-10
2 	 57 	 Ex 	 1 	 1.046660e-09 	 1.344132e-10
2 	 58 	 Ex 	 1 	 8.062873e-10 	 1.025901e-10
2 	 59 	 Ex 	 1 	 5.542392e-10 	 8.161372e-11
2 	 60 	 Ex 	 1 	 3.818761e-10 	 6.613135e-11
2 	 61 	 Ex 	 1 	 2.639333e-10 	 5.278148e-11
2 	 62 	 Ex 	 1 	 1.810884e-10 	 4.120200e-11
2 	 63 	 Ex 	 1 	 1.250835e-10 	 3.220073e-11
2 	 64 	 Ex 	 1 	 8.765184e-11 	 2.541194e-11
2 	 65 	 Ex 	 1 	 2.403564e-10 	 5.710776e-11
2 	 66 	 Ex 	 1 	 2.927153e-10 	 7.219197e-11
2 	 67 	 Ex 	 1 	 2.711202e-10 	 9.121468e-11
2 	 68 	 Ex 	 1 	 -8.942624e-12 	 1.142094e-10
2 	 69 	 Ex 	 1 	 -7.980290e-10 	 1.388010e-10
2 	 70 	 Ex 	 1 	 -1.635583e-09 	 1.543024e-10
2 	 71 	 Ex 	 1 	 -1.370885e-09 	 1.485498e-10
2 	 72 	 Ex 	 1 	 -4.242963e-10 	 1.259529e-10
2 	 73 	 Ex 	 1 	 1.092634e-10 	 1.022482e-10
2 	 74 	 Ex 	 1 	 2.706995e-10 	 8.475191e-11
2 	 75 	 Ex 	 1 	 2.833774e-10 	 7.200680e-11
2 	 76 	 Ex 	 1 	 2.461192e-10 	 6.112970e-11
2 	 77 	 Ex 	 1 	 1.926158e-10 	 4.966041e-11
2 	 78 	 Ex 	 1 	 1.402327e-10 	 3.858846e-11
2 	 79 	 Ex 	 1 	 1.003003e-10 	 3.003265e-11
2 	 80 	 Ex 	 1 	 7.231241e-11 	 2.375628e-11
2 	 81 	 Ex 	 1 	 1.067111e-10 	 4.867460e-11
2 	 82 	 Ex 	 1 	 8.585366e-11 	 5.947182e-11
2 	 83 	 Ex 	 1 	 1.069404e-12 	 7.177781e-11
2 	 84 	 Ex 	 1 	 -1.883690e-10 	 8.468945e-11
2 	 85 	 Ex 	 1 	 -4.759351e-10 	 9.675538e-11
2 	 86 	 Ex 	 1 	 -6.857373e-10 	 1.036825e-10
2 	 87 	 Ex 	 1 	 -6.424641e-10 	 1.006920e-10
2 	 88 	 Ex 	 1 	 -3.837667e-10 	 8.959494e-11
2 	 89 	 Ex 	 1 	 -1.439670e-10 	 7.793022e-11
2 	 90 	 Ex 	 1 	 2.144474e-11 	 6.908156e-11
2 	 91 	 Ex 	 1 	 1.086926e-10 	 6.197214e-11
2 	 92 	 Ex 	 1 	 1.360131e-10 	 5.478279e-11
2 	 93 	 Ex 	 1 	 1.250675e-10 	 4.529937e-11
2 	 94 	 Ex 	 1 	 9.825386e-11 	 3.522993e-11
2 	 95 	 Ex 	 1 	 7.368497e-11 	 2.742421e-11
2 	 96 	 Ex 	 1 	 5.527298e-11 	 2.179824e-11
2 	 97 	 Ex 	 1 	 2.835508e-11 	 4.092574e-11
2 	 98 	 Ex 	 1 	 -8.591970e-12 	 4.855686e-11
2 	 99 	 Ex 	 1 	 -7.833505e-11 	 5.653063e-11
2 	 100 	 Ex 	 1 	 -1.775265e-10 	 6.391189e-11
2 	 101 	 Ex 	 1 	 -2.836844e-10 	 7.002938e-11
2 	 102 	 Ex 	 1 	 -3.435852e-10 	 7.326930e-11
2 	 103 	 Ex 	 1 	 -3.448153e-10 	 7.153612e-11
2 	 104 	 Ex 	 1 	 -2.733439e-10 	 6.606517e-11
2 	 105 	 Ex 	 1 	 -1.768165e-10 	 6.058096e-11
2 	 106 	 Ex 	 1 	 -6.936322e-11 	 5.628798e-11
2 	 107 	 Ex 	 1 	 1.458729e-11 	 5.248177e-11
2 	 108 	 Ex 	 1 	 5.992324e-11 	 4.770663e-11
2 	 109 	 Ex 	 1 	 7.062748e-11 	 4.015687e-11
2 	 110 	 Ex 	 1 	 6.177842e-11 	 3.148313e-11
2 	 111 	 Ex 	 1 	 4.934118e-11 	 2.463944e-11
2 	 112 	 Ex 	 1 	 3.870053e-11 	 1.968536e-11
2 	 113 	 Ex 	 1 	 -1.170348e-11 	 3.410770e-11
2 	 114 	 Ex 	 1 	 -4.440801e-11 	 3.956368e-11
2 	 115 	 Ex 	 1 	 -9.024020e-11 	 4.480780e-11
2 	 116 	 Ex 	 1 	 -1.391100e-10 	 4.913830e-11
2 	 117 	 Ex 	 1 	 -1.789970e-10 	 5.227173e-11
2 	 118 	 Ex 	 1 	 -1.959627e-10 	 5.377639e-11
2 	 119 	 Ex 	 1 	 -2.061206e-10 	 5.287494e-11
2 	 120 	 Ex 	 1 	 -1.905442e-10 	 5.034135e-11
2 	 121 	 Ex 	 1 	 -1.544624e-10 	 4.801646e-11
2 	 122 	 Ex 	 1 	 -9.200957e-11 	 4.606730e-11
2 	 123 	 Ex 	 1 	 -2.944471e-11 	 4.402073e-11
2 	 124 	 Ex 	 1 	 1.310100e-11 	 4.073329e-11
2 	 125 	 Ex 	 1 	 3.155379e-11 	 3.478151e-11
2 	 126 	 Ex 	 1 	 3.341524e-11 	 2.764790e-11
2 	 127 	 Ex 	 1 	 2.935363e-11 	 2.185405e-11
2 	 128 	 Ex 	 1 	 2.441102e-11 	 1.758407e-11
2 	 129 	 Ex 	 1 	 -2.949331e-11 	 2.837544e-11
2 	 130 	 Ex 	 1 	 -5.390529e-11 	 3.227350e-11
2 	 131 	 Ex 	 1 	 -8.207741e-11 	 3.581173e-11
2 	 132 	 Ex 	 1 	 -1.057303e-10 	 3.843333e-11
2 	 133 	 Ex 	 1 	 -1.201445e-10 	 4.007420e-11
2 	 134 	 Ex 	 1 	 -1.232814e-10 	 4.078665e-11
2 	 135 	 Ex 	 1 	 -1.339752e-10 	 4.037879e-11
2 	 136 	 Ex 	 1 	 -1.356898e-10 	 3.938165e-11
2 	 137 	 Ex 	 1 	 -1.246227e-10 	 3.864298e-11
2 	 138 	 Ex 	 1 	 -8.950030e-11 	 3.788514e-11
2 	 139 	 Ex 	 1 	 -4.684277e-11 	 3.669866e-11
2 	 140 	 Ex 	 1 	 -1.306791e-11 	 3.432397e-11
2 	 141 	 Ex 	 1 	 6.028194e-12 	 2.965117e-11
2 	 142 	 Ex 	 1 	 1.306703e-11 	 2.392392e-11
2 	 143 	 Ex 	 1 	 1.410190e-11 	 1.916770e-11
2 	 144 	 Ex 	 1 	 1.302813e-11 	 1.557731e-11
2 	 145 	 Ex 	 1 	 -3.546231e-11 	 2.359515e-11
2 	 146 	 Ex 	 1 	 -5.265463e-11 	 2.643503e-11
2 	 147 	 Ex 	 1 	 -6.984990e-11 	 2.887357e-11
2 	 148 	 Ex 	 1 	 -8.121177e-11 	 3.050209e-11
2 	 149 	 Ex 	 1 	 -8.555597e-11 	 3.135440e-11
2 	 150 	 Ex 	 1 	 -8.399440e-11 	 3.174796e-11
2 	 151 	 Ex 	 1 	 -9.324262e-11 	 3.164489e-11
2 	 152 	 Ex 	 1 	 -9.976473e-11 	 3.144162e-11
2 	 153 	 Ex 	 1 	 -9.878971e-11 	 3.146412e-11
2 	 154 	 Ex 	 1 	 -7.919182e-11 	 3.122103e-11
2 	 155 	 Ex 	 1 	 -5.103845e-11 	 3.047121e-11
2 	 156 	 Ex 	 1 	 -2.607405e-11 	 2.867528e-11
2 	 157 	 Ex 	 1 	 -9.438518e-12 	 2.499081e-11
2 	 158 	 Ex 	 1 	 -8.384315e-13 	 2.043495e-11
2 	 159 	 Ex 	 1 	 3.087244e-12 	 1.663666e-11
2 	 160 	 Ex 	 1 	 4.408065e-12 	 1.369235e-11
2 	 161 	 Ex 	 1 	 -3.567080e-11 	 1.966782e-11
2 	 162 	 Ex 	 1 	 -4.777235e-11 	 2.173426e-11
2 	 163 	 Ex 	 1 	 -5.853944e-11 	 2.343284e-11
2 	 164 	 Ex 	 1 	 -6.410646e-11 	 2.449109e-11
2 	 165 	 Ex 	 1 	 -6.461144e-11 	 2.496625e-11
2 	 166 	 Ex 	 1 	 -6.168598e-11 	 2.519286e-11
2 	 167 	 Ex 	 1 	 -6.917483e-11 	 2.528568e-11
2 	 168 	 Ex 	 1 	 -7.602390e-11 	 2.547128e-11
2 	 169 	 Ex 	 1 	 -7.856606e-11 	 2.581648e-11
2 	 170 	 Ex 	 1 	 -6.759025e-11 	 2.575832e-11
2 	 171 	 Ex 	 1 	 -4.917402e-11 	 2.517764e-11
2 	 172 	 Ex 	 1 	 -3.133890e-11 	 2.375062e-11
2 	 173 	 Ex 	 1 	 -1.793327e-11 	 2.086653e-11
2 	 174 	 Ex 	 1 	 -9.638068e-12 	 1.728954e-11
2 	 175 	 Ex 	 1 	 -4.875506e-12 	 1.426907e-11
2 	 176 	 Ex 	 1 	 -2.107823e-12 	 1.191128e-11
2 	 177 	 Ex 	 1 	 -3.349414e-11 	 1.640999e-11
2 	 178 	 Ex 	 1 	 -4.203592e-11 	 1.792845e-11
2 	 179 	 Ex 	 1 	 -4.889579e-11 	 1.916402e-11
2 	 180 	 Ex 	 1 	 -5.180287e-11 	 1.990774e-11
2 	 181 	 Ex 	 1 	 -5.129208e-11 	 2.022100e-11
2 	 182 	 Ex 	 1 	 -4.841136e-11 	 2.039158e-11
2 	 183 	 Ex 	 1 	 -5.420205e-11 	 2.058157e-11
2 	 184 	 Ex 	 1 	 -5.958680e-11 	 2.095675e-11
2 	 185 	 Ex 	 1 	 -6.248831e-11 	 2.135906e-11
2 	 186 	 Ex 	 1 	 -5.640081e-11 	 2.127281e-11
2 	 187 	 Ex 	 1 	 -4.482839e-11 	 2.066069e-11
2 	 188 	 Ex 	 1 	 -3.257596e-11 	 1.942686e-11
2 	 189 	 Ex 	 1 	 -2.218628e-11 	 1.722115e-11
2 	 190 	 Ex 	 1 	 -1.492457e-11 	 1.451889e-11
2 	 191 	 Ex 	 1 	 -1.028067e-11 	 1.214682e-11
2 	 192 	 Ex 	 1 	 -6.825252e-12 	 1.028348e-11
2 	 193 	 Ex 	 1 	 -3.057066e-11 	 1.368813e-11
2 	 194 	 Ex 	 1 	 -3.635304e-11 	 1.485165e-11
2 	 195 	 Ex 	 1 	 -4.071010e-11 	 1.581291e-11
2 	 196 	 Ex 	 1 	 -4.245422e-11 	 1.642166e-11
2 	 197 	 Ex 	 1 	 -4.223392e-11 	 1.669762e-11
2 	 198 	 Ex 	 1 	 -3.985668e-11 	 1.687238e-11
2 	 199 	 Ex 	 1 	 -4.426487e-11 	 1.711485e-11
2 	 200 	 Ex 	 1 	 -4.762242e-11 	 1.748184e-11
2 	 201 	 Ex 	 1 	 -4.951874e-11 	 1.776424e-11
2 	 202 	 Ex 	 1 	 -4.637233e-11 	 1.754913e-11
2 	 203 	 Ex 	 1 	 -3.958715e-11 	 1.685327e-11
2 	 204 	 Ex 	 1 	 -3.173432e-11 	 1.570089e-11
2 	 205 	 Ex 	 1 	 -2.414268e-11 	 1.402625e-11
2 	 206 	 Ex 	 1 	 -1.781553e-11 	 1.211346e-11
2 	 207 	 Ex 	 1 	 -1.324075e-11 	 1.034407e-11
2 	 208 	 Ex 	 1 	 -9.936655e-12 	 8.836434e-12
2 	 209 	 Ex 	 1 	 -2.738968e-11 	 1.145077e-11
2 	 210 	 Ex 	 1 	 -3.123937e-11 	 1.237048e-11
2 	 211 	 Ex 	 1 	 -3.414734e-11 	 1.312375e-11
2 	 212 	 Ex 	 1 	 -3.565780e-11 	 1.362630e-11
2 	 213 	 Ex 	 1 	 -3.603165e-11 	 1.392059e-11
2 	 214 	 Ex 	 1 	 -3.429787e-11 	 1.411586e-11
2 	 215 	 Ex 	 1 	 -3.764367e-11 	 1.434551e-11
2 	 216 	 Ex 	 1 	 -3.924104e-11 	 1.460283e-11
2 	 217 	 Ex 	 1 	 -3.993902e-11 	 1.470812e-11
2 	 218 	 Ex 	 1 	 -3.813605e-11 	 1.442192e-11
2 	 219 	 Ex 	 1 	 -3.431360e-11 	 1.372486e-11
2 	 220 	 Ex 	 1 	 -2.946802e-11 	 1.269056e-11
2 	 221 	 Ex 	 1 	 -2.417399e-11 	 1.141088e-11
2 	 222 	 Ex 	 1 	 -1.897854e-11 	 1.006441e-11
2 	 223 	 Ex 	 1 	 -1.455265e-11 	 8.802715e-12
2 	 224 	 Ex 	 1 	 -1.136187e-11 	 7.626415e-12
2 	 225 	 Ex 	 1 	 -2.418440e-11 	 9.636696e-12
2 	 226 	 Ex 	 1 	 -2.725607e-11 	 1.030225e-11
2 	 227 	 Ex 	 1 	 -2.965764e-11 	 1.085668e-11
2 	 228 	 Ex 	 1 	 -3.111555e-11 	 1.127269e-11
2 	 229 	 Ex 	 1 	 -3.187893e-11 	 1.155439e-11
2 	 230 	 Ex 	 1 	 -3.059522e-11 	 1.175475e-11
2 	 231 	 Ex 	 1 	 -3.319363e-11 	 1.193018e-11
2 	 232 	 Ex 	 1 	 -3.382323e-11 	 1.205154e-11
2 	 233 	 Ex 	 1 	 -3.379203e-11 	 1.202537e-11
2 	 234 	 Ex 	 1 	 -3.239849e-11 	 1.174141e-11
2 	 235 	 Ex 	 1 	 -2.968185e-11 	 1.118733e-11
2 	 236 	 Ex 	 1 	 -2.619730e-11 	 1.039121e-11
2 	 237 	 Ex 	 1 	 -2.245593e-11 	 9.419347e-12
2 	 238 	 Ex 	 1 	 -1.873091e-11 	 8.386500e-12
2 	 239 	 Ex 	 1 	 -1.525667e-11 	 7.407382e-12
2 	 240 	 Ex 	 1 	 -1.229414e-11 	 6.503563e-12
2 	 241 	 Ex 	 1 	 -2.163280e-11 	 8.095576e-12
2 	 242 	 Ex 	 1 	 -2.415991e-11 	 8.580579e-12
2 	 243 	 Ex 	 1 	 -2.610495e-11 	 9.010584e-12
2 	 244 	 Ex 	 1 	 -2.740047e-11 	 9.359992e-12
2 	 245 	 Ex 	 1 	 -2.821337e-11 	 9.618722e-12
2 	 246 	 Ex 	 1 	 -2.717135e-11 	 9.793540e-12
2 	 247 	 Ex 	 1 	 -2.928050e-11 	 9.910176e-12
2 	 248 	 Ex 	 1 	 -2.947415e-11 	 9.938130e-12
2 	 249 	 Ex 	 1 	 -2.918074e-11 	 9.837335e-12
2 	 250 	 Ex 	 1 	 -2.805384e-11 	 9.564060e-12
2 	 251 	 Ex 	 1 	 -2.602212e-11 	 9.122299e-12
2 	 252 	 Ex 	 1 	 -2.331025e-11 	 8.535356e-12
2 	 253 	 Ex 	 1 	 -2.037648e-11 	 7.827078e-12
2 	 254 	 Ex 	 1 	 -1.773370e-11 	 7.016839e-12
2 	 255 	 Ex 	 1 	 -1.534218e-11 	 6.199844e-12
2 	 256 	 Ex 	 1 	 -1.273552e-11 	 5.502777e-12
2 	 1 	 Ex 	 2 	 5.753488e-10 	 1.710810e-10
2 	 2 	 Ex 	 2 	 1.135496e-09 	 2.666867e-10
2 	 3 	 Ex 	 2 	 2.497630e-09 	 4.277736e-10
2 	 4 	 Ex 	 2 	 6.408490e-09 	 7.251656e-10
2 	 5 	 Ex 	 2 	 1.792226e-08 	 1.358432e-09
2 	 6 	 Ex 	 2 	 -6.027581e-08 	 2.566162e-09
2 	 7 	 Ex 	 2 	 1.124874e-08 	 2.006594e-09
2 	 8 	 Ex 	 2 	 1.154440e-08 	 1.009330e-09
2 	 9 	 Ex 	 2 	 4.115445e-09 	 5.657256e-10
2 	 10 	 Ex 	 2 	 1.723253e-09 	 3.442336e-10
2 	 11 	 Ex 	 2 	 8.265266e-10 	 2.201308e-10
2 	 12 	 Ex 	 2 	 4.368873e-10 	 1.451045e-10
2 	 13 	 Ex 	 2 	 2.479169e-10 	 9.706635e-11
2 	 14 	 Ex 	 2 	 1.483608e-10 	 6.500676e-11
2 	 15 	 Ex 	 2 	 9.262505e-11 	 4.313701e-11
2 	 16 	 Ex 	 2 	 6.005537e-11 	 2.812705e-11
2 	 17 	 Ex 	 2 	 6.246966e-10 	 1.734524e-10
2 	 18 	 Ex 	 2 	 1.279520e-09 	 2.734568e-10
2 	 19 	 Ex 	 2 	 3.030726e-09 	 4.474669e-10
2 	 20 	 Ex 	 2 	 9.329227e-09 	 7.907277e-10
2 	 21 	 Ex 	 2 	 5.111730e-08 	 1.685272e-09
2 	 22 	 Ex 	 2 	 6.860412e-07 	 9.581820e-09
2 	 23 	 Ex 	 2 	 4.462848e-08 	 3.180956e-09
2 	 24 	 Ex 	 2 	 2.146498e-08 	 1.154956e-09
2 	 25 	 Ex 	 2 	 5.385792e-09 	 6.007154e-10
2 	 26 	 Ex 	 2 	 2.002126e-09 	 3.553920e-10
2 	 27 	 Ex 	 2 	 9.117697e-10 	 2.254357e-10
2 	 28 	 Ex 	 2 	 4.710584e-10 	 1.490087e-10
2 	 29 	 Ex 	 2 	 2.647718e-10 	 1.001922e-10
2 	 30 	 Ex 	 2 	 1.575495e-10 	 6.721775e-11
2 	 31 	 Ex 	 2 	 9.779234e-11 	 4.452147e-11
2 	 32 	 Ex 	 2 	 6.300808e-11 	 2.893440e-11
2 	 33 	 Ex 	 2 	 5.207251e-10 	 1.610818e-10
2 	 34 	 Ex 	 2 	 9.968597e-10 	 2.505060e-10
2 	 35 	 Ex 	 2 	 2.060766e-09 	 3.995086e-10
2 	 36 	 Ex 	 2 	 4.511811e-09 	 6.637792e-10
2 	 37 	 Ex 	 2 	 6.908771e-09 	 1.152865e-09
2 	 38 	 Ex 	 2 	 -2.801380e-08 	 1.798539e-09
2 	 39 	 Ex 	 2 	 -4.455431e-09 	 1.536628e-09
2 	 40 	 Ex 	 2 	 6.541934e-09 	 8.907063e-10
2 	 41 	 Ex 	 2 	 3.150368e-09 	 5.176445e-10
2 	 42 	 Ex 	 2 	 1.457178e-09 	 3.200106e-10
2 	 43 	 Ex 	 2 	 7.371523e-10 	 2.100701e-10
2 	 44 	 Ex 	 2 	 4.070141e-10 	 1.433251e-10
2 	 45 	 Ex 	 2 	 2.392344e-10 	 9.847504e-11
2 	 46 	 Ex 	 2 	 1.461111e-10 	 6.653280e-11
2 	 47 	 Ex 	 2 	 9.195335e-11 	 4.402405e-11
2 	 48 	 Ex 	 2 	 5.973178e-11 	 2.853279e-11
2 	 49 	 Ex 	 2 	 3.322366e-10 	 1.378178e-10
2 	 50 	 Ex 	 2 	 5.415684e-10 	 2.074605e-10
2 	 51 	 Ex 	 2 	 8.268399e-10 	 3.136993e-10
2 	 52 	 Ex 	 2 	 8.647781e-10 	 4.737301e-10
2 	 53 	 Ex 	 2 	 -9.843413e-10 	 6.842062e-10
2 	 54 	 Ex 	 2 	 -5.333351e-09 	 8.428890e-10
2 	 55 	 Ex 	 2 	 -3.542092e-09 	 7.861959e-10
2 	 56 	 Ex 	 2 	 2.208265e-10 	 5.753147e-10
2 	 57 	 Ex 	 2 	 8.884841e-10 	 3.809920e-10
2 	 58 	 Ex 	 2 	 6.686701e-10 	 2.559777e-10
2 	 59 	 Ex 	 2 	 4.359530e-10 	 1.803423e-10
2 	 60 	 Ex 	 2 	 2.821076e-10 	 1.304859e-10
2 	 61 	 Ex 	 2 	 1.829018e-10 	 9.274845e-11
2 	 62 	 Ex 	 2 	 1.177796e-10 	 6.308114e-11
2 	 63 	 Ex 	 2 	 7.641311e-11 	 4.164341e-11
2 	 64 	 Ex 	 2 	 5.071923e-11 	 2.693033e-11
2 	 65 	 Ex 	 2 	 1.537419e-10 	 1.102484e-10
2 	 66 	 Ex 	 2 	 1.877061e-10 	 1.595441e-10
2 	 67 	 Ex 	 2 	 1.475121e-10 	 2.282281e-10
2 	 68 	 Ex 	 2 	 -1.487454e-10 	 3.196837e-10
2 	 69 	 Ex 	 2 	 -9.505587e-10 	 4.213842e-10
2 	 70 	 Ex 	 2 	 -1.795380e-09 	 4.842062e-10
2 	 71 	 Ex 	 2 	 -1.527651e-09 	 4.593007e-10
2 	 72 	 Ex 	 2 	 -5.703439e-10 	 3.621655e-10
2 	 73 	 Ex 	 2 	 -2.465289e-11 	 2.589762e-10
2 	 74 	 Ex 	 2 	 1.497496e-10 	 1.894074e-10
2 	 75 	 Ex 	 2 	 1.758112e-10 	 1.454069e-10
2 	 76 	 Ex 	 2 	 1.527693e-10 	 1.129658e-10
2 	 77 	 Ex 	 2 	 1.161651e-10 	 8.343282e-11
2 	 78 	 Ex 	 2 	 8.112437e-11 	 5.709258e-11
2 	 79 	 Ex 	 2 	 5.529557e-11 	 3.763401e-11
2 	 80 	 Ex 	 2 	 3.810044e-11 	 2.432415e-11
2 	 81 	 Ex 	 2 	 3.184112e-11 	 8.394802e-11
2 	 82 	 Ex 	 2 	 -3.410401e-12 	 1.171823e-10
2 	 83 	 Ex 	 2 	 -1.018355e-10 	 1.604780e-10
2 	 84 	 Ex 	 2 	 -3.016189e-10 	 2.142033e-10
2 	 85 	 Ex 	 2 	 -5.959346e-10 	 2.695835e-10
2 	 86 	 Ex 	 2 	 -8.093974e-10 	 3.008349e-10
2 	 87 	 Ex 	 2 	 -7.641943e-10 	 2.858787e-10
2 	 88 	 Ex 	 2 	 -4.998629e-10 	 2.312868e-10
2 	 89 	 Ex 	 2 	 -2.542993e-10 	 1.725339e-10
2 	 90 	 Ex 	 2 	 -8.179096e-11 	 1.348700e-10
2 	 91 	 Ex 	 2 	 1.388408e-11 	 1.117185e-10
2 	 92 	 Ex 	 2 	 5.149471e-11 	 9.254225e-11
2 	 93 	 Ex 	 2 	 5.516910e-11 	 7.094102e-11
2 	 94 	 Ex 	 2 	 4.464092e-11 	 4.916676e-11
2 	 95 	 Ex 	 2 	 3.315075e-11 	 3.253803e-11
2 	 96 	 Ex 	 2 	 2.433040e-11 	 2.107271e-11
2 	 97 	 Ex 	 2 	 -3.438680e-11 	 6.178230e-11
2 	 98 	 Ex 	 2 	 -8.223897e-11 	 8.385946e-11
2 	 99 	 Ex 	 2 	 -1.617565e-10 	 1.114762e-10
2 	 100 	 Ex 	 2 	 -2.675428e-10 	 1.446050e-10
2 	 101 	 Ex 	 2 	 -3.772311e-10 	 1.774055e-10
2 	 102 	 Ex 	 2 	 -4.388549e-10 	 1.946860e-10
2 	 103 	 Ex 	 2 	 -4.389281e-10 	 1.847572e-10
2 	 104 	 Ex 	 2 	 -3.649430e-10 	 1.512936e-10
2 	 105 	 Ex 	 2 	 -2.663388e-10 	 1.156494e-10
2 	 106 	 Ex 	 2 	 -1.554510e-10 	 9.450610e-11
2 	 107 	 Ex 	 2 	 -6.648770e-11 	 8.275354e-11
2 	 108 	 Ex 	 2 	 -1.389472e-11 	 7.197862e-11
2 	 109 	 Ex 	 2 	 8.837576e-12 	 5.707352e-11
2 	 110 	 Ex 	 2 	 1.427175e-11 	 4.036598e-11
2 	 111 	 Ex 	 2 	 1.353378e-11 	 2.699798e-11
2 	 112 	 Ex 	 2 	 1.149858e-11 	 1.756005e-11
2 	 113 	 Ex 	 2 	 -6.296904e-11 	 4.440784e-11
2 	 114 	 Ex 	 2 	 -1.038884e-10 	 5.909982e-11
2 	 115 	 Ex 	 2 	 -1.567464e-10 	 7.714073e-11
2 	 116 	 Ex 	 2 	 -2.099522e-10 	 9.860725e-11
2 	 117 	 Ex 	 2 	 -2.518081e-10 	 1.194512e-10
2 	 118 	 Ex 	 2 	 -2.696189e-10 	 1.298592e-10
2 	 119 	 Ex 	 2 	 -2.792356e-10 	 1.230725e-10
2 	 120 	 Ex 	 2 	 -2.628633e-10 	 1.013106e-10
2 	 121 	 Ex 	 2 	 -2.265668e-10 	 7.828448e-11
2 	 122 	 Ex 	 2 	 -1.627086e-10 	 6.563822e-11
2 	 123 	 Ex 	 2 	 -9.720193e-11 	 5.961028e-11
2 	 124 	 Ex 	 2 	 -4.934036e-11 	 5.368546e-11
2 	 125 	 Ex 	 2 	 -2.124393e-11 	 4.383299e-11
2 	 126 	 Ex 	 2 	 -7.669707e-12 	 3.174789e-11
2 	 127 	 Ex 	 2 	 -1.751368e-12 	 2.154983e-11
2 	 128 	 Ex 	 2 	 8.707349e-13 	 1.409317e-11
2 	 129 	 Ex 	 2 	 -7.061526e-11 	 3.140606e-11
2 	 130 	 Ex 	 2 	 -1.011738e-10 	 4.126861e-11
2 	 131 	 Ex 	 2 	 -1.344479e-10 	 5.336328e-11
2 	 132 	 Ex 	 2 	 -1.611422e-10 	 6.791367e-11
2 	 133 	 Ex 	 2 	 -1.768898e-10 	 8.201751e-11
2 	 134 	 Ex 	 2 	 -1.805871e-10 	 8.883393e-11
2 	 135 	 Ex 	 2 	 -1.911402e-10 	 8.409833e-11
2 	 136 	 Ex 	 2 	 -1.928695e-10 	 6.916318e-11
2 	 137 	 Ex 	 2 	 -1.823409e-10 	 5.335768e-11
2 	 138 	 Ex 	 2 	 -1.468098e-10 	 4.519420e-11
2 	 139 	 Ex 	 2 	 -1.023133e-10 	 4.193589e-11
2 	 140 	 Ex 	 2 	 -6.454810e-11 	 3.867184e-11
2 	 141 	 Ex 	 2 	 -3.790250e-11 	 3.236271e-11
2 	 142 	 Ex 	 2 	 -2.159792e-11 	 2.400725e-11
2 	 143 	 Ex 	 2 	 -1.241999e-11 	 1.655190e-11
2 	 144 	 Ex 	 2 	 -7.112502e-12 	 1.087296e-11
2 	 145 	 Ex 	 2 	 -6.809996e-11 	 2.197645e-11
2 	 146 	 Ex 	 2 	 -8.985108e-11 	 2.868404e-11
2 	 147 	 Ex 	 2 	 -1.106973e-10 	 3.698928e-11
2 	 148 	 Ex 	 2 	 -1.243046e-10 	 4.721112e-11
2 	 149 	 Ex 	 2 	 -1.297057e-10 	 5.721278e-11
2 	 150 	 Ex 	 2 	 -1.287341e-10 	 6.197637e-11
2 	 151 	 Ex 	 2 	 -1.380998e-10 	 5.860695e-11
2 	 152 	 Ex 	 2 	 -1.449182e-10 	 4.791670e-11
2 	 153 	 Ex 	 2 	 -1.446595e-10 	 3.651227e-11
2 	 154 	 Ex 	 2 	 -1.250753e-10 	 3.082282e-11
2 	 155 	 Ex 	 2 	 -9.573409e-11 	 2.883920e-11
2 	 156 	 Ex 	 2 	 -6.775842e-11 	 2.695300e-11
2 	 157 	 Ex 	 2 	 -4.515758e-11 	 2.299695e-11
2 	 158 	 Ex 	 2 	 -2.921738e-11 	 1.743410e-11
2 	 159 	 Ex 	 2 	 -1.908631e-11 	 1.218410e-11
2 	 160 	 Ex 	 2 	 -1.258505e-11 	 8.008653e-12
2 	 161 	 Ex 	 2 	 -6.138927e-11 	 1.531382e-11
2 	 162 	 Ex 	 2 	 -7.666087e-11 	 1.995434e-11
2 	 163 	 Ex 	 2 	 -8.996922e-11 	 2.577409e-11
2 	 164 	 Ex 	 2 	 -9.720088e-11 	 3.309475e-11
2 	 165 	 Ex 	 2 	 -9.867530e-11 	 4.033817e-11
2 	 166 	 Ex 	 2 	 -9.638472e-11 	 4.376914e-11
2 	 167 	 Ex 	 2 	 -1.041401e-10 	 4.134668e-11
2 	 168 	 Ex 	 2 	 -1.113549e-10 	 3.355269e-11
2 	 169 	 Ex 	 2 	 -1.145239e-10 	 2.511357e-11
2 	 170 	 Ex 	 2 	 -1.036914e-10 	 2.087407e-11
2 	 171 	 Ex 	 2 	 -8.456948e-11 	 1.938498e-11
2 	 172 	 Ex 	 2 	 -6.454795e-11 	 1.810511e-11
2 	 173 	 Ex 	 2 	 -4.654209e-11 	 1.561742e-11
2 	 174 	 Ex 	 2 	 -3.245938e-11 	 1.204304e-11
2 	 175 	 Ex 	 2 	 -2.270588e-11 	 8.490470e-12
2 	 176 	 Ex 	 2 	 -1.597167e-11 	 5.544861e-12
2 	 177 	 Ex 	 2 	 -5.347831e-11 	 1.070698e-11
2 	 178 	 Ex 	 2 	 -6.420350e-11 	 1.399786e-11
2 	 179 	 Ex 	 2 	 -7.296512e-11 	 1.814654e-11
2 	 180 	 Ex 	 2 	 -7.724107e-11 	 2.337266e-11
2 	 181 	 Ex 	 2 	 -7.765345e-11 	 2.852817e-11
2 	 182 	 Ex 	 2 	 -7.536312e-11 	 3.095245e-11
2 	 183 	 Ex 	 2 	 -8.154868e-11 	 2.923612e-11
2 	 184 	 Ex 	 2 	 -8.729703e-11 	 2.367693e-11
2 	 185 	 Ex 	 2 	 -9.063005e-11 	 1.752653e-11
2 	 186 	 Ex 	 2 	 -8.452643e-11 	 1.418709e-11
2 	 187 	 Ex 	 2 	 -7.222714e-11 	 1.274908e-11
2 	 188 	 Ex 	 2 	 -5.829301e-11 	 1.160149e-11
2 	 189 	 Ex 	 2 	 -4.460866e-11 	 9.947504e-12
2 	 190 	 Ex 	 2 	 -3.293081e-11 	 7.735645e-12
2 	 191 	 Ex 	 2 	 -2.418183e-11 	 5.462610e-12
2 	 192 	 Ex 	 2 	 -1.775225e-11 	 3.498331e-12
2 	 193 	 Ex 	 2 	 -4.578959e-11 	 7.557727e-12
2 	 194 	 Ex 	 2 	 -5.336951e-11 	 9.958329e-12
2 	 195 	 Ex 	 2 	 -5.934812e-11 	 1.295248e-11
2 	 196 	 Ex 	 2 	 -6.239226e-11 	 1.658254e-11
2 	 197 	 Ex 	 2 	 -6.304176e-11 	 2.003035e-11
2 	 198 	 Ex 	 2 	 -6.126753e-11 	 2.162019e-11
2 	 199 	 Ex 	 2 	 -6.608521e-11 	 2.044474e-11
2 	 200 	 Ex 	 2 	 -6.973488e-11 	 1.674215e-11
2 	 201 	 Ex 	 2 	 -7.176176e-11 	 1.251105e-11
2 	 202 	 Ex 	 2 	 -6.817590e-11 	 9.783480e-12
2 	 203 	 Ex 	 2 	 -6.038927e-11 	 8.237214e-12
2 	 204 	 Ex 	 2 	 -5.088735e-11 	 7.037548e-12
2 	 205 	 Ex 	 2 	 -4.087684e-11 	 5.816788e-12
2 	 206 	 Ex 	 2 	 -3.164639e-11 	 4.476820e-12
2 	 207 	 Ex 	 2 	 -2.415930e-11 	 3.111551e-12
2 	 208 	 Ex 	 2 	 -1.833199e-11 	 1.885111e-12
2 	 209 	 Ex 	 2 	 -3.894984e-11 	 5.381323e-12
2 	 210 	 Ex 	 2 	 -4.439980e-11 	 7.150989e-12
2 	 211 	 Ex 	 2 	 -4.868395e-11 	 9.296277e-12
2 	 212 	 Ex 	 2 	 -5.121501e-11 	 1.171658e-11
2 	 213 	 Ex 	 2 	 -5.234868e-11 	 1.385367e-11
2 	 214 	 Ex 	 2 	 -5.114106e-11 	 1.478478e-11
2 	 215 	 Ex 	 2 	 -5.485549e-11 	 1.400568e-11
2 	 216 	 Ex 	 2 	 -5.669773e-11 	 1.169807e-11
2 	 217 	 Ex 	 2 	 -5.735269e-11 	 8.934780e-12
2 	 218 	 Ex 	 2 	 -5.498804e-11 	 6.762013e-12
2 	 219 	 Ex 	 2 	 -4.996139e-11 	 5.247851e-12
2 	 220 	 Ex 	 2 	 -4.343508e-11 	 4.086557e-12
2 	 221 	 Ex 	 2 	 -3.623180e-11 	 3.117773e-12
2 	 222 	 Ex 	 2 	 -2.920590e-11 	 2.251287e-12
2 	 223 	 Ex 	 2 	 -2.308062e-11 	 1.437073e-12
2 	 224 	 Ex 	 2 	 -1.803483e-11 	 7.055461e-13
2 	 225 	 Ex 	 2 	 -3.315415e-11 	 3.829000e-12
2 	 226 	 Ex 	 2 	 -3.719179e-11 	 5.110458e-12
2 	 227 	 Ex 	 2 	 -4.043591e-11 	 6.599451e-12
2 	 228 	 Ex 	 2 	 -4.264229e-11 	 8.153511e-12
2 	 229 	 Ex 	 2 	 -4.399090e-11 	 9.416762e-12
2 	 230 	 Ex 	 2 	 -4.314166e-11 	 9.908259e-12
2 	 231 	 Ex 	 2 	 -4.602230e-11 	 9.390717e-12
2 	 232 	 Ex 	 2 	 -4.675675e-11 	 7.970665e-12
2 	 233 	 Ex 	 2 	 -4.660672e-11 	 6.183425e-12
2 	 234 	 Ex 	 2 	 -4.478466e-11 	 4.557013e-12
2 	 235 	 Ex 	 2 	 -4.131802e-11 	 3.266061e-12
2 	 236 	 Ex 	 2 	 -3.670797e-11 	 2.263217e-12
2 	 237 	 Ex 	 2 	 -3.149132e-11 	 1.484223e-12
2 	 238 	 Ex 	 2 	 -2.621991e-11 	 8.658356e-13
2 	 239 	 Ex 	 2 	 -2.136647e-11 	 3.485347e-13
2 	 240 	 Ex 	 2 	 -1.715634e-11 	 -8.661672e-14
2 	 241 	 Ex 	 2 	 -2.836085e-11 	 2.684109e-12
2 	 242 	 Ex 	 2 	 -3.144681e-11 	 3.581114e-12
2 	 243 	 Ex 	 2 	 -3.399746e-11 	 4.577397e-12
2 	 244 	 Ex 	 2 	 -3.589473e-11 	 5.547668e-12
2 	 245 	 Ex 	 2 	 -3.720512e-11 	 6.275215e-12
2 	 246 	 Ex 	 2 	 -3.650885e-11 	 6.509692e-12
2 	 247 	 Ex 	 2 	 -3.879246e-11 	 6.152627e-12
2 	 248 	 Ex 	 2 	 -3.897040e-11 	 5.254529e-12
2 	 249 	 Ex 	 2 	 -3.847470e-11 	 4.084319e-12
2 	 250 	 Ex 	 2 	 -3.695607e-11 	 2.920460e-12
2 	 251 	 Ex 	 2 	 -3.439853e-11 	 1.918015e-12
2 	 252 	 Ex 	 2 	 -3.103200e-11 	 1.115695e-12
2 	 253 	 Ex 	 2 	 -2.718443e-11 	 5.009832e-13
2 	 254 	 Ex 	 2 	 -2.320637e-11 	 3.888478e-14
2 	 255 	 Ex 	 2 	 -1.940334e-11 	 -3.113262e-13
2 	 256 	 Ex 	 2 	 -1.596568e-11 	 -5.752565e-13
2 	 1 	 Ey 	 1 	 1.569242e-10 	 -2.730819e-12
2 	 2 	 Ey 	 1 	 3.698788e-10 	 -3.047751e-12
2 	 3 	 Ey 	 1 	 1.040131e-09 	 -3.411848e-12
2 	 4 	 Ey 	 1 	 3.872898e-09 	 -4.481064e-12
2 	 5 	 Ey 	 1 	 2.234053e-08 	 -1.243375e-11
2 	 6 	 Ey 	 1 	 5.335112e-08 	 -2.625479e-11
2 	 7 	 Ey 	 1 	 -6.609226e-08 	 2.975215e-11
2 	 8 	 Ey 	 1 	 -9.641788e-09 	 2.545664e-12
2 	 9 	 Ey 	 1 	 -2.078036e-09 	 -6.830679e-13
2 	 10 	 Ey 	 1 	 -6.543776e-10 	 -1.378294e-12
2 	 11 	 Ey 	 1 	 -2.643093e-10 	 -1.378319e-12
2 	 12 	 Ey 	 1 	 -1.255339e-10 	 -9.431200e-13
2 	 13 	 Ey 	 1 	 -6.547021e-11 	 -3.377064e-13
2 	 14 	 Ey 	 1 	 -3.566479e-11 	 2.013325e-13
2 	 15 	 Ey 	 1 	 -1.965919e-11 	 5.610620e-13
2 	 16 	 Ey 	 1 	 -1.070056e-11 	 7.395784e-13
2 	 17 	 Ey 	 1 	 -3.724068e-11 	 -2.512511e-12
2 	 18 	 Ey 	 1 	 -8.521505e-11 	 -2.860069e-12
2 	 19 	 Ey 	 1 	 -2.433257e-10 	 -3.174044e-12
2 	 20 	 Ey 	 1 	 -1.035722e-09 	 -3.098620e-12
2 	 21 	 Ey 	 1 	 -9.902616e-09 	 1.153480e-12
2 	 22 	 Ey 	 1 	 -2.778225e-06 	 1.530949e-09
2 	 23 	 Ey 	 1 	 6.931621e-08 	 -3.411232e-11
2 	 24 	 Ey 	 1 	 3.572288e-09 	 -2.926378e-12
2 	 25 	 Ey 	 1 	 6.741710e-10 	 -2.390228e-12
2 	 26 	 Ey 	 1 	 2.224147e-10 	 -2.926632e-12
2 	 27 	 Ey 	 1 	 9.480971e-11 	 -2.829847e-12
2 	 28 	 Ey 	 1 	 4.893605e-11 	 -2.045482e-12
2 	 29 	 Ey 	 1 	 3.113504e-11 	 -9.924342e-13
2 	 30 	 Ey 	 1 	 2.340767e-11 	 -1.501651e-13
2 	 31 	 Ey 	 1 	 1.903692e-11 	 3.394389e-13
2 	 32 	 Ey 	 1 	 1.600109e-11 	 5.601369e-13
2 	 33 	 Ey 	 1 	 -2.469781e-10 	 -2.148428e-12
2 	 34 	 Ey 	 1 	 -5.268733e-10 	 -2.457566e-12
2 	 35 	 Ey 	 1 	 -1.329594e-09 	 -2.708618e-12
2 	 36 	 Ey 	 1 	 -4.222719e-09 	 -2.086744e-12
2 	 37 	 Ey 	 1 	 -1.674429e-08 	 3.462323e-12
2 	 38 	 Ey 	 1 	 -2.157704e-08 	 7.388394e-12
2 	 39 	 Ey 	 1 	 2.999423e-08 	 -1.472623e-11
2 	 40 	 Ey 	 1 	 8.964887e-09 	 -5.100649e-12
2 	 41 	 Ey 	 1 	 2.431430e-09 	 -3.977355e-12
2 	 42 	 Ey 	 1 	 8.322777e-10 	 -4.659030e-12
2 	 43 	 Ey 	 1 	 3.402658e-10 	 -4.430185e-12
2 	 44 	 Ey 	 1 	 1.611682e-10 	 -3.125131e-12
2 	 45 	 Ey 	 1 	 8.839624e-11 	 -1.472685e-12
2 	 46 	 Ey 	 1 	 5.482930e-11 	 -3.070003e-13
2 	 47 	 Ey 	 1 	 3.682162e-11 	 2.398408e-13
2 	 48 	 Ey 	 1 	 2.609787e-11 	 4.415202e-13
2 	 49 	 Ey 	 1 	 -3.383918e-10 	 -1.646951e-12
2 	 50 	 Ey 	 1 	 -6.485169e-10 	 -1.808160e-12
2 	 51 	 Ey 	 1 	 -1.335407e-09 	 -1.934535e-12
2 	 52 	 Ey 	 1 	 -2.810724e-09 	 -1.860591e-12
2 	 53 	 Ey 	 1 	 -4.775428e-09 	 -1.198597e-12
2 	 54 	 Ey 	 1 	 -2.044734e-09 	 -1.533512e-12
2 	 55 	 Ey 	 1 	 4.356389e-09 	 -3.149676e-12
2 	 56 	 Ey 	 1 	 4.004843e-09 	 -3.593971e-12
2 	 57 	 Ey 	 1 	 2.016373e-09 	 -4.656543e-12
2 	 58 	 Ey 	 1 	 9.368099e-10 	 -5.631686e-12
2 	 59 	 Ey 	 1 	 4.558922e-10 	 -5.231697e-12
2 	 60 	 Ey 	 1 	 2.414688e-10 	 -3.566483e-12
2 	 61 	 Ey 	 1 	 1.411382e-10 	 -1.545640e-12
2 	 62 	 Ey 	 1 	 8.930344e-11 	 -2.955343e-13
2 	 63 	 Ey 	 1 	 5.950856e-11 	 1.782994e-13
2 	 64 	 Ey 	 1 	 4.139183e-11 	 3.222736e-13
2 	 65 	 Ey 	 1 	 -3.307556e-10 	 -1.070070e-12
2 	 66 	 Ey 	 1 	 -5.517711e-10 	 -1.051345e-12
2 	 67 	 Ey 	 1 	 -9.146300e-10 	 -9.301726e-13
2 	 68 	 Ey 	 1 	 -1.378752e-09 	 -7.742972e-13
2 	 69 	 Ey 	 1 	 -1.499192e-09 	 -7.832851e-13
2 	 70 	 Ey 	 1 	 -4.455049e-10 	 -1.340331e-12
2 	 71 	 Ey 	 1 	 1.092743e-09 	 -2.280319e-12
2 	 72 	 Ey 	 1 	 1.548483e-09 	 -3.245333e-12
2 	 73 	 Ey 	 1 	 1.174531e-09 	 -3.919473e-12
2 	 74 	 Ey 	 1 	 7.314383e-10 	 -4.252622e-12
2 	 75 	 Ey 	 1 	 4.348920e-10 	 -3.849126e-12
2 	 76 	 Ey 	 1 	 2.626755e-10 	 -2.654063e-12
2 	 77 	 Ey 	 1 	 1.652849e-10 	 -1.191429e-12
2 	 78 	 Ey 	 1 	 1.084290e-10 	 -2.917774e-13
2 	 79 	 Ey 	 1 	 7.368909e-11 	 3.650415e-14
2 	 80 	 Ey 	 1 	 5.182671e-11 	 1.399371e-13
2 	 81 	 Ey 	 1 	 -2.725068e-10 	 -5.558623e-13
2 	 82 	 Ey 	 1 	 -3.966608e-10 	 -4.223177e-13
2 	 83 	 Ey 	 1 	 -5.462975e-10 	 -1.935216e-13
2 	 84 	 Ey 	 1 	 -6.523535e-10 	 7.453321e-14
2 	 85 	 Ey 	 1 	 -5.581222e-10 	 -6.830749e-15
2 	 86 	 Ey 	 1 	 -1.387006e-10 	 -7.225317e-13
2 	 87 	 Ey 	 1 	 3.722373e-10 	 -1.742863e-12
2 	 88 	 Ey 	 1 	 6.465592e-10 	 -2.221497e-12
2 	 89 	 Ey 	 1 	 6.350515e-10 	 -1.965915e-12
2 	 90 	 Ey 	 1 	 4.992788e-10 	 -1.666177e-12
2 	 91 	 Ey 	 1 	 3.548858e-10 	 -1.412889e-12
2 	 92 	 Ey 	 1 	 2.420734e-10 	 -1.109944e-12
2 	 93 	 Ey 	 1 	 1.637698e-10 	 -7.361424e-13
2 	 94 	 Ey 	 1 	 1.122552e-10 	 -4.150039e-13
2 	 95 	 Ey 	 1 	 7.881991e-11 	 -2.306628e-13
2 	 96 	 Ey 	 1 	 5.682272e-11 	 -1.173154e-13
2 	 97 	 Ey 	 1 	 -2.052535e-10 	 -1.674092e-13
2 	 98 	 Ey 	 1 	 -2.651875e-10 	 -2.492433e-15
2 	 99 	 Ey 	 1 	 -3.158536e-10 	 1.737575e-13
2 	 100 	 Ey 	 1 	 -3.213215e-10 	 3.336883e-13
2 	 101 	 Ey 	 1 	 -2.379813e-10 	 2.738654e-13
2 	 102 	 Ey 	 1 	 -5.173277e-11 	 -2.166326e-13
2 	 103 	 Ey 	 1 	 1.547023e-10 	 -8.041906e-13
2 	 104 	 Ey 	 1 	 3.011110e-10 	 -7.980226e-13
2 	 105 	 Ey 	 1 	 3.499775e-10 	 -1.922737e-13
2 	 106 	 Ey 	 1 	 3.254861e-10 	 2.858852e-13
2 	 107 	 Ey 	 1 	 2.658327e-10 	 2.610543e-13
2 	 108 	 Ey 	 1 	 2.009222e-10 	 -9.934548e-14
2 	 109 	 Ey 	 1 	 1.458231e-10 	 -4.760360e-13
2 	 110 	 Ey 	 1 	 1.050914e-10 	 -5.951643e-13
2 	 111 	 Ey 	 1 	 7.683104e-11 	 -5.193884e-13
2 	 112 	 Ey 	 1 	 5.712829e-11 	 -4.062480e-13
2 	 113 	 Ey 	 1 	 -1.481554e-10 	 7.890344e-14
2 	 114 	 Ey 	 1 	 -1.735003e-10 	 2.184012e-13
2 	 115 	 Ey 	 1 	 -1.850191e-10 	 3.273239e-13
2 	 116 	 Ey 	 1 	 -1.682424e-10 	 3.806410e-13
2 	 117 	 Ey 	 1 	 -1.132923e-10 	 3.659561e-13
2 	 118 	 Ey 	 1 	 -2.144353e-11 	 1.738583e-13
2 	 119 	 Ey 	 1 	 7.457233e-11 	 4.596146e-14
2 	 120 	 Ey 	 1 	 1.552106e-10 	 3.132679e-13
2 	 121 	 Ey 	 1 	 2.015147e-10 	 8.993567e-13
2 	 122 	 Ey 	 1 	 2.105610e-10 	 1.233044e-12
2 	 123 	 Ey 	 1 	 1.907251e-10 	 1.013505e-12
2 	 124 	 Ey 	 1 	 1.568012e-10 	 2.914836e-13
2 	 125 	 Ey 	 1 	 1.215193e-10 	 -4.305871e-13
2 	 126 	 Ey 	 1 	 9.235597e-11 	 -7.607990e-13
2 	 127 	 Ey 	 1 	 7.037373e-11 	 -7.771708e-13
2 	 128 	 Ey 	 1 	 5.410093e-11 	 -6.672237e-13
2 	 129 	 Ey 	 1 	 -1.052932e-10 	 2.454516e-13
2 	 130 	 Ey 	 1 	 -1.139618e-10 	 3.312458e-13
2 	 131 	 Ey 	 1 	 -1.117378e-10 	 3.626374e-13
2 	 132 	 Ey 	 1 	 -9.366292e-11 	 3.848725e-13
2 	 133 	 Ey 	 1 	 -5.900258e-11 	 4.330711e-13
2 	 134 	 Ey 	 1 	 -9.673682e-12 	 4.632492e-13
2 	 135 	 Ey 	 1 	 3.984460e-11 	 5.891009e-13
2 	 136 	 Ey 	 1 	 8.651138e-11 	 9.596328e-13
2 	 137 	 Ey 	 1 	 1.211975e-10 	 1.434049e-12
2 	 138 	 Ey 	 1 	 1.375520e-10 	 1.602069e-12
2 	 139 	 Ey 	 1 	 1.346152e-10 	 1.231949e-12
2 	 140 	 Ey 	 1 	 1.185246e-10 	 4.110262e-13
2 	 141 	 Ey 	 1 	 9.759472e-11 	 -4.442110e-13
2 	 142 	 Ey 	 1 	 7.797043e-11 	 -8.989800e-13
2 	 143 	 Ey 	 1 	 6.183813e-11 	 -9.691035e-13
2 	 144 	 Ey 	 1 	 4.926179e-11 	 -8.624602e-13
2 	 145 	 Ey 	 1 	 -7.485430e-11 	 3.296136e-13
2 	 146 	 Ey 	 1 	 -7.596809e-11 	 3.796806e-13
2 	 147 	 Ey 	 1 	 -6.974830e-11 	 4.003773e-13
2 	 148 	 Ey 	 1 	 -5.502610e-11 	 4.128070e-13
2 	 149 	 Ey 	 1 	 -3.306671e-11 	 4.900856e-13
2 	 150 	 Ey 	 1 	 -4.937576e-12 	 6.256038e-13
2 	 151 	 Ey 	 1 	 2.241858e-11 	 8.730110e-13
2 	 152 	 Ey 	 1 	 5.067196e-11 	 1.256521e-12
2 	 153 	 Ey 	 1 	 7.539391e-11 	 1.610134e-12
2 	 154 	 Ey 	 1 	 9.129338e-11 	 1.649594e-12
2 	 155 	 Ey 	 1 	 9.509318e-11 	 1.222624e-12
2 	 156 	 Ey 	 1 	 8.876298e-11 	 3.999107e-13
2 	 157 	 Ey 	 1 	 7.694543e-11 	 -4.796811e-13
2 	 158 	 Ey 	 1 	 6.421626e-11 	 -9.864069e-13
2 	 159 	 Ey 	 1 	 5.301002e-11 	 -1.090548e-12
2 	 160 	 Ey 	 1 	 4.366487e-11 	 -9.828337e-13
2 	 161 	 Ey 	 1 	 -5.366709e-11 	 3.776302e-13
2 	 162 	 Ey 	 1 	 -5.166042e-11 	 4.118065e-13
2 	 163 	 Ey 	 1 	 -4.495038e-11 	 4.070591e-13
2 	 164 	 Ey 	 1 	 -3.375186e-11 	 4.143134e-13
2 	 165 	 Ey 	 1 	 -1.968222e-11 	 5.104619e-13
2 	 166 	 Ey 	 1 	 -3.108261e-12 	 6.851611e-13
2 	 167 	 Ey 	 1 	 1.250235e-11 	 9.654897e-13
2 	 168 	 Ey 	 1 	 3.017083e-11 	 1.341816e-12
2 	 169 	 Ey 	 1 	 4.791175e-11 	 1.638613e-12
2 	 170 	 Ey 	 1 	 6.173814e-11 	 1.639564e-12
2 	 171 	 Ey 	 1 	 6.789701e-11 	 1.187478e-12
2 	 172 	 Ey 	 1 	 6.651577e-11 	 3.540645e-13
2 	 173 	 Ey 	 1 	 6.026123e-11 	 -5.329890e-13
2 	 174 	 Ey 	 1 	 5.237391e-11 	 -1.036745e-12
2 	 175 	 Ey 	 1 	 4.468878e-11 	 -1.147953e-12
2 	 176 	 Ey 	 1 	 3.794770e-11 	 -1.049556e-12
2 	 177 	 Ey 	 1 	 -3.893475e-11 	 4.106588e-13
2 	 178 	 Ey 	 1 	 -3.592638e-11 	 4.072032e-13
2 	 179 	 Ey 	 1 	 -2.987949e-11 	 3.794602e-13
2 	 180 	 Ey 	 1 	 -2.150354e-11 	 3.749229e-13
2 	 181 	 Ey 	 1 	 -1.240737e-11 	 4.776385e-13
2 	 182 	 Ey 	 1 	 -2.481437e-12 	 6.946781e-13
2 	 183 	 Ey 	 1 	 6.387022e-12 	 9.837945e-13
2 	 184 	 Ey 	 1 	 1.761735e-11 	 1.331392e-12
2 	 185 	 Ey 	 1 	 3.055853e-11 	 1.568222e-12
2 	 186 	 Ey 	 1 	 4.201083e-11 	 1.493097e-12
2 	 187 	 Ey 	 1 	 4.861751e-11 	 1.036370e-12
2 	 188 	 Ey 	 1 	 4.983560e-11 	 2.364471e-13
2 	 189 	 Ey 	 1 	 4.703596e-11 	 -5.948827e-13
2 	 190 	 Ey 	 1 	 4.228766e-11 	 -1.073709e-12
2 	 191 	 Ey 	 1 	 3.724239e-11 	 -1.169302e-12
2 	 192 	 Ey 	 1 	 3.247329e-11 	 -1.084404e-12
2 	 193 	 Ey 	 1 	 -2.893974e-11 	 4.092966e-13
2 	 194 	 Ey 	 1 	 -2.578394e-11 	 3.953483e-13
2 	 195 	 Ey 	 1 	 -2.072681e-11 	 3.472230e-13
2 	 196 	 Ey 	 1 	 -1.452340e-11 	 3.257319e-13
2 	 197 	 Ey 	 1 	 -8.495604e-12 	 4.189723e-13
2 	 198 	 Ey 	 1 	 -2.462663e-12 	 6.279855e-13
2 	 199 	 Ey 	 1 	 2.653112e-12 	 9.140259e-13
2 	 200 	 Ey 	 1 	 9.798336e-12 	 1.171894e-12
2 	 201 	 Ey 	 1 	 1.894896e-11 	 1.228145e-12
2 	 202 	 Ey 	 1 	 2.788272e-11 	 1.013317e-12
2 	 203 	 Ey 	 1 	 3.389065e-11 	 5.641874e-13
2 	 204 	 Ey 	 1 	 3.631729e-11 	 -1.044080e-13
2 	 205 	 Ey 	 1 	 3.586301e-11 	 -7.459649e-13
2 	 206 	 Ey 	 1 	 3.366311e-11 	 -1.082359e-12
2 	 207 	 Ey 	 1 	 3.057015e-11 	 -1.158004e-12
2 	 208 	 Ey 	 1 	 2.719450e-11 	 -1.113976e-12
2 	 209 	 Ey 	 1 	 -2.204440e-11 	 4.025645e-13
2 	 210 	 Ey 	 1 	 -1.925472e-11 	 3.823862e-13
2 	 211 	 Ey 	 1 	 -1.532696e-11 	 3.340900e-13
2 	 212 	 Ey 	 1 	 -1.089854e-11 	 2.956039e-13
2 	 213 	 Ey 	 1 	 -6.750377e-12 	 3.441586e-13
2 	 214 	 Ey 	 1 	 -2.567879e-12 	 4.928068e-13
2 	 215 	 Ey 	 1 	 8.130240e-13 	 6.716329e-13
2 	 216 	 Ey 	 1 	 5.677266e-12 	 7.720290e-13
2 	 217 	 Ey 	 1 	 1.187630e-11 	 6.661204e-13
2 	 218 	 Ey 	 1 	 1.815271e-11 	 3.603061e-13
2 	 219 	 Ey 	 1 	 2.303274e-11 	 -4.913235e-14
2 	 220 	 Ey 	 1 	 2.587554e-11 	 -5.037853e-13
2 	 221 	 Ey 	 1 	 2.680121e-11 	 -8.921522e-13
2 	 222 	 Ey 	 1 	 2.610664e-11 	 -1.118254e-12
2 	 223 	 Ey 	 1 	 2.454670e-11 	 -1.162584e-12
2 	 224 	 Ey 	 1 	 2.272444e-11 	 -1.087487e-12
2 	 225 	 Ey 	 1 	 -1.717754e-11 	 4.097783e-13
2 	 226 	 Ey 	 1 	 -1.494936e-11 	 3.760916e-13
2 	 227 	 Ey 	 1 	 -1.202481e-11 	 3.271183e-13
2 	 228 	 Ey 	 1 	 -8.806916e-12 	 2.844485e-13
2 	 229 	 Ey 	 1 	 -5.690782e-12 	 2.862089e-13
2 	 230 	 Ey 	 1 	 -2.420806e-12 	 3.328393e-13
2 	 231 	 Ey 	 1 	 2.496827e-13 	 3.813173e-13
2 	 232 	 Ey 	 1 	 3.828857e-12 	 3.466591e-13
2 	 233 	 Ey 	 1 	 8.074192e-12 	 1.753782e-13
2 	 234 	 Ey 	 1 	 1.245673e-11 	 -1.046100e-13
2 	 235 	 Ey 	 1 	 1.614836e-11 	 -4.267038e-13
2 	 236 	 Ey 	 1 	 1.869438e-11 	 -7.362774e-13
2 	 237 	 Ey 	 1 	 2.001519e-11 	 -9.770615e-13
2 	 238 	 Ey 	 1 	 2.028588e-11 	 -1.099785e-12
2 	 239 	 Ey 	 1 	 1.973932e-11 	 -1.119936e-12
2 	 240 	 Ey 	 1 	 1.878316e-11 	 -1.061174e-12
2 	 241 	 Ey 	 1 	 -1.363457e-11 	 4.258421e-13
2 	 242 	 Ey 	 1 	 -1.186127e-11 	 3.843016e-13
2 	 243 	 Ey 	 1 	 -9.666043e-12 	 3.281642e-13
2 	 244 	 Ey 	 1 	 -7.214582e-12 	 2.763669e-13
2 	 245 	 Ey 	 1 	 -4.748817e-12 	 2.381672e-13
2 	 246 	 Ey 	 1 	 -2.022524e-12 	 2.082117e-13
2 	 247 	 Ey 	 1 	 1.956149e-13 	 1.608156e-13
2 	 248 	 Ey 	 1 	 2.978578e-12 	 5.647143e-14
2 	 249 	 Ey 	 1 	 6.023337e-12 	 -1.265800e-13
2 	 250 	 Ey 	 1 	 9.073018e-12 	 -3.697791e-13
2 	 251 	 Ey 	 1 	 1.176628e-11 	 -6.245189e-13
2 	 252 	 Ey 	 1 	 1.386395e-11 	 -8.412658e-13
2 	 253 	 Ey 	 1 	 1.523545e-11 	 -9.934616e-13
2 	 254 	 Ey 	 1 	 1.594525e-11 	 -1.057993e-12
2 	 255 	 Ey 	 1 	 1.607071e-11 	 -1.051016e-12
2 	 256 	 Ey 	 1 	 1.551353e-11 	 -1.033298e-12
2 	 1 	 Ey 	 2 	 1.605454e-10 	 -7.895264e-12
2 	 2 	 Ey 	 2 	 3.736261e-10 	 -8.926435e-12
2 	 3 	 Ey 	 2 	 1.044099e-09 	 -8.984093e-12
2 	 4 	 Ey 	 2 	 3.877992e-09 	 -6.010726e-12
2 	 5 	 Ey 	 2 	 2.235339e-08 	 7.322241e-12
2 	 6 	 Ey 	 2 	 5.337736e-08 	 2.738565e-11
2 	 7 	 Ey 	 2 	 -6.611701e-08 	 -2.831009e-11
2 	 8 	 Ey 	 2 	 -9.642251e-09 	 -2.663100e-12
2 	 9 	 Ey 	 2 	 -2.075120e-09 	 1.802414e-12
2 	 10 	 Ey 	 2 	 -6.509824e-10 	 8.816664e-13
2 	 11 	 Ey 	 2 	 -2.613430e-10 	 -4.491503e-13
2 	 12 	 Ey 	 2 	 -1.234862e-10 	 -7.358088e-13
2 	 13 	 Ey 	 2 	 -6.451314e-11 	 -1.116944e-13
2 	 14 	 Ey 	 2 	 -3.563723e-11 	 7.911445e-13
2 	 15 	 Ey 	 2 	 -2.026429e-11 	 1.526367e-12
2 	 16 	 Ey 	 2 	 -1.166562e-11 	 1.975878e-12
2 	 17 	 Ey 	 2 	 -3.399741e-11 	 -8.607282e-12
2 	 18 	 Ey 	 2 	 -8.198858e-11 	 -1.075211e-11
2 	 19 	 Ey 	 2 	 -2.401989e-10 	 -1.283355e-11
2 	 20 	 Ey 	 2 	 -1.032899e-09 	 -1.386865e-11
2 	 21 	 Ey 	 2 	 -9.903391e-09 	 -1.553991e-11
2 	 22 	 Ey 	 2 	 -2.779414e-06 	 -4.135940e-10
2 	 23 	 Ey 	 2 	 6.935015e-08 	 3.795961e-11
2 	 24 	 Ey 	 2 	 3.578858e-09 	 1.018128e-11
2 	 25 	 Ey 	 2 	 6.802210e-10 	 5.282098e-12
2 	 26 	 Ey 	 2 	 2.284433e-10 	 -6.756832e-14
2 	 27 	 Ey 	 2 	 1.000228e-10 	 -3.208161e-12
2 	 28 	 Ey 	 2 	 5.262929e-11 	 -3.432946e-12
2 	 29 	 Ey 	 2 	 3.310993e-11 	 -1.944505e-12
2 	 30 	 Ey 	 2 	 2.401114e-11 	 -2.472899e-13
2 	 31 	 Ey 	 2 	 1.883385e-11 	 9.394044e-13
2 	 32 	 Ey 	 2 	 1.533859e-11 	 1.603375e-12
2 	 33 	 Ey 	 2 	 -2.441850e-10 	 -8.506688e-12
2 	 34 	 Ey 	 2 	 -5.242403e-10 	 -1.141779e-11
2 	 35 	 Ey 	 2 	 -1.327422e-09 	 -1.523689e-11
2 	 36 	 Ey 	 2 	 -4.221758e-09 	 -1.948437e-11
2 	 37 	 Ey 	 2 	 -1.674821e-08 	 -2.412842e-11
2 	 38 	 Ey 	 2 	 -2.158242e-08 	 -1.457404e-11
2 	 39 	 Ey 	 2 	 3.001168e-08 	 2.469839e-11
2 	 40 	 Ey 	 2 	 8.975022e-09 	 1.757764e-11
2 	 41 	 Ey 	 2 	 2.440359e-09 	 6.762982e-12
2 	 42 	 Ey 	 2 	 8.409730e-10 	 -2.780332e-12
2 	 43 	 Ey 	 2 	 3.477917e-10 	 -7.120770e-12
2 	 44 	 Ey 	 2 	 1.664657e-10 	 -6.511029e-12
2 	 45 	 Ey 	 2 	 9.115476e-11 	 -3.578360e-12
2 	 46 	 Ey 	 2 	 5.577506e-11 	 -9.447441e-13
2 	 47 	 Ey 	 2 	 3.683506e-11 	 5.901597e-13
2 	 48 	 Ey 	 2 	 2.567426e-11 	 1.357073e-12
2 	 49 	 Ey 	 2 	 -3.359696e-10 	 -7.014354e-12
2 	 50 	 Ey 	 2 	 -6.462760e-10 	 -9.569838e-12
2 	 51 	 Ey 	 2 	 -1.333689e-09 	 -1.299116e-11
2 	 52 	 Ey 	 2 	 -2.809731e-09 	 -1.625158e-11
2 	 53 	 Ey 	 2 	 -4.774710e-09 	 -1.535443e-11
2 	 54 	 Ey 	 2 	 -2.042056e-09 	 -4.366845e-12
2 	 55 	 Ey 	 2 	 4.362859e-09 	 1.054313e-11
2 	 56 	 Ey 	 2 	 4.013214e-09 	 1.267541e-11
2 	 57 	 Ey 	 2 	 2.025882e-09 	 3.910987e-12
2 	 58 	 Ey 	 2 	 9.466423e-10 	 -5.466657e-12
2 	 59 	 Ey 	 2 	 4.645872e-10 	 -9.189464e-12
2 	 60 	 Ey 	 2 	 2.475948e-10 	 -7.666429e-12
2 	 61 	 Ey 	 2 	 1.442107e-10 	 -3.869869e-12
2 	 62 	 Ey 	 2 	 9.036705e-11 	 -9.494666e-13
2 	 63 	 Ey 	 2 	 5.971369e-11 	 5.287703e-13
2 	 64 	 Ey 	 2 	 4.119509e-11 	 1.225179e-12
2 	 65 	 Ey 	 2 	 -3.285914e-10 	 -4.325467e-12
2 	 66 	 Ey 	 2 	 -5.496036e-10 	 -5.513382e-12
2 	 67 	 Ey 	 2 	 -9.126246e-10 	 -6.740313e-12
2 	 68 	 Ey 	 2 	 -1.376984e-09 	 -7.092346e-12
2 	 69 	 Ey 	 2 	 -1.497290e-09 	 -5.306199e-12
2 	 70 	 Ey 	 2 	 -4.428110e-10 	 -1.157428e-12
2 	 71 	 Ey 	 2 	 1.096723e-09 	 3.104003e-12
2 	 72 	 Ey 	 2 	 1.553979e-09 	 3.902179e-12
2 	 73 	 Ey 	 2 	 1.181254e-09 	 7.945054e-13
2 	 74 	 Ey 	 2 	 7.387561e-10 	 -3.306367e-12
2 	 75 	 Ey 	 2 	 4.416939e-10 	 -5.306678e-12
2 	 76 	 Ey 	 2 	 2.677062e-10 	 -4.529383e-12
2 	 77 	 Ey 	 2 	 1.680363e-10 	 -2.269382e-12
2 	 78 	 Ey 	 2 	 1.096326e-10 	 -4.310981e-13
2 	 79 	 Ey 	 2 	 7.418357e-11 	 5.727608e-13
2 	 80 	 Ey 	 2 	 5.193360e-11 	 1.106261e-12
2 	 81 	 Ey 	 2 	 -2.705362e-10 	 -1.263507e-12
2 	 82 	 Ey 	 2 	 -3.943645e-10 	 -1.032517e-12
2 	 83 	 Ey 	 2 	 -5.436692e-10 	 -3.607608e-13
2 	 84 	 Ey 	 2 	 -6.495806e-10 	 8.816360e-13
2 	 85 	 Ey 	 2 	 -5.555833e-10 	 1.744831e-12
2 	 86 	 Ey 	 2 	 -1.366239e-10 	 9.017418e-13
2 	 87 	 Ey 	 2 	 3.740053e-10 	 -7.110439e-13
2 	 88 	 Ey 	 2 	 6.482799e-10 	 -8.582748e-13
2 	 89 	 Ey 	 2 	 6.371335e-10 	 6.238127e-13
2 	 90 	 Ey 	 2 	 5.020172e-10 	 1.381350e-12
2 	 91 	 Ey 	 2 	 3.579478e-10 	 8.992818e-13
2 	 92 	 Ey 	 2 	 2.448767e-10 	 1.676989e-13
2 	 93 	 Ey 	 2 	 1.658691e-10 	 -1.205074e-13
2 	 94 	 Ey 	 2 	 1.136844e-10 	 1.225239e-13
2 	 95 	 Ey 	 2 	 7.973018e-11 	 5.579229e-13
2 	 96 	 Ey 	 2 	 5.732864e-11 	 9.430007e-13
2 	 97 	 Ey 	 2 	 -2.034880e-10 	 1.361663e-12
2 	 98 	 Ey 	 2 	 -2.629248e-10 	 2.442169e-12
2 	 99 	 Ey 	 2 	 -3.129794e-10 	 3.812538e-12
2 	 100 	 Ey 	 2 	 -3.181569e-10 	 5.000634e-12
2 	 101 	 Ey 	 2 	 -2.354296e-10 	 4.685603e-12
2 	 102 	 Ey 	 2 	 -5.047301e-11 	 2.013334e-12
2 	 103 	 Ey 	 2 	 1.545115e-10 	 -1.116671e-12
2 	 104 	 Ey 	 2 	 2.997878e-10 	 -1.509359e-12
2 	 105 	 Ey 	 2 	 3.483983e-10 	 1.256111e-12
2 	 106 	 Ey 	 2 	 3.245604e-10 	 3.896280e-12
2 	 107 	 Ey 	 2 	 2.658870e-10 	 4.269816e-12
2 	 108 	 Ey 	 2 	 2.019060e-10 	 2.884274e-12
2 	 109 	 Ey 	 2 	 1.473989e-10 	 1.218861e-12
2 	 110 	 Ey 	 2 	 1.067388e-10 	 4.612931e-13
2 	 111 	 Ey 	 2 	 7.810138e-11 	 4.864290e-13
2 	 112 	 Ey 	 2 	 5.804577e-11 	 7.627155e-13
2 	 113 	 Ey 	 2 	 -1.466879e-10 	 3.188335e-12
2 	 114 	 Ey 	 2 	 -1.715211e-10 	 4.565618e-12
2 	 115 	 Ey 	 2 	 -1.824418e-10 	 5.918146e-12
2 	 116 	 Ey 	 2 	 -1.654184e-10 	 6.591783e-12
2 	 117 	 Ey 	 2 	 -1.112519e-10 	 5.532631e-12
2 	 118 	 Ey 	 2 	 -2.108108e-11 	 2.506093e-12
2 	 119 	 Ey 	 2 	 7.302164e-11 	 -6.147869e-13
2 	 120 	 Ey 	 2 	 1.520888e-10 	 -1.183128e-12
2 	 121 	 Ey 	 2 	 1.979177e-10 	 1.268517e-12
2 	 122 	 Ey 	 2 	 2.076621e-10 	 4.023334e-12
2 	 123 	 Ey 	 2 	 1.890977e-10 	 4.782660e-12
2 	 124 	 Ey 	 2 	 1.567243e-10 	 3.529832e-12
2 	 125 	 Ey 	 2 	 1.227598e-10 	 1.655608e-12
2 	 126 	 Ey 	 2 	 9.402482e-11 	 5.947940e-13
2 	 127 	 Ey 	 2 	 7.192867e-11 	 4.211442e-13
2 	 128 	 Ey 	 2 	 5.538608e-11 	 6.168865e-13
2 	 129 	 Ey 	 2 	 -1.042846e-10 	 4.239980e-12
2 	 130 	 Ey 	 2 	 -1.124927e-10 	 5.599194e-12
2 	 131 	 Ey 	 2 	 -1.097904e-10 	 6.709389e-12
2 	 132 	 Ey 	 2 	 -9.162873e-11 	 6.928638e-12
2 	 133 	 Ey 	 2 	 -5.775384e-11 	 5.499269e-12
2 	 134 	 Ey 	 2 	 -1.004786e-11 	 2.527371e-12
2 	 135 	 Ey 	 2 	 3.757490e-11 	 -3.770323e-13
2 	 136 	 Ey 	 2 	 8.270155e-11 	 -1.166048e-12
2 	 137 	 Ey 	 2 	 1.168636e-10 	 6.295901e-13
2 	 138 	 Ey 	 2 	 1.338634e-10 	 3.002880e-12
2 	 139 	 Ey 	 2 	 1.323202e-10 	 3.939576e-12
2 	 140 	 Ey 	 2 	 1.180012e-10 	 3.125373e-12
2 	 141 	 Ey 	 2 	 9.852998e-11 	 1.597114e-12
2 	 142 	 Ey 	 2 	 7.961257e-11 	 6.272151e-13
2 	 143 	 Ey 	 2 	 6.359283e-11 	 3.990927e-13
2 	 144 	 Ey 	 2 	 5.071213e-11 	 5.325894e-13
2 	 145 	 Ey 	 2 	 -7.433495e-11 	 4.677325e-12
2 	 146 	 Ey 	 2 	 -7.517024e-11 	 5.907027e-12
2 	 147 	 Ey 	 2 	 -6.866512e-11 	 6.770846e-12
2 	 148 	 Ey 	 2 	 -5.392331e-11 	 6.685902e-12
2 	 149 	 Ey 	 2 	 -3.263646e-11 	 5.082657e-12
2 	 150 	 Ey 	 2 	 -5.780203e-12 	 2.200474e-12
2 	 151 	 Ey 	 2 	 2.002574e-11 	 -5.777828e-13
2 	 152 	 Ey 	 2 	 4.697158e-11 	 -1.585390e-12
2 	 153 	 Ey 	 2 	 7.120764e-11 	 -3.317020e-13
2 	 154 	 Ey 	 2 	 8.759615e-11 	 1.695278e-12
2 	 155 	 Ey 	 2 	 9.261377e-11 	 2.776006e-12
2 	 156 	 Ey 	 2 	 8.792728e-11 	 2.448094e-12
2 	 157 	 Ey 	 2 	 7.770617e-11 	 1.404228e-12
2 	 158 	 Ey 	 2 	 6.589655e-11 	 6.489664e-13
2 	 159 	 Ey 	 2 	 5.476130e-11 	 4.248705e-13
2 	 160 	 Ey 	 2 	 4.511712e-11 	 4.989285e-13
2 	 161 	 Ey 	 2 	 -5.363287e-11 	 4.678722e-12
2 	 162 	 Ey 	 2 	 -5.149301e-11 	 5.754585e-12
2 	 163 	 Ey 	 2 	 -4.463915e-11 	 6.438747e-12
2 	 164 	 Ey 	 2 	 -3.349031e-11 	 6.187423e-12
2 	 165 	 Ey 	 2 	 -1.990707e-11 	 4.495818e-12
2 	 166 	 Ey 	 2 	 -4.167906e-12 	 1.643155e-12
2 	 167 	 Ey 	 2 	 1.035225e-11 	 -1.124165e-12
2 	 168 	 Ey 	 2 	 2.701842e-11 	 -2.323854e-12
2 	 169 	 Ey 	 2 	 4.425742e-11 	 -1.388670e-12
2 	 170 	 Ey 	 2 	 5.828504e-11 	 4.835104e-13
2 	 171 	 Ey 	 2 	 6.543609e-11 	 1.739388e-12
2 	 172 	 Ey 	 2 	 6.563653e-11 	 1.841927e-12
2 	 173 	 Ey 	 2 	 6.095975e-11 	 1.227064e-12
2 	 174 	 Ey 	 2 	 5.389798e-11 	 6.707818e-13
2 	 175 	 Ey 	 2 	 4.635460e-11 	 4.542476e-13
2 	 176 	 Ey 	 2 	 3.932749e-11 	 4.775663e-13
2 	 177 	 Ey 	 2 	 -3.939538e-11 	 4.368672e-12
2 	 178 	 Ey 	 2 	 -3.629102e-11 	 5.281335e-12
2 	 179 	 Ey 	 2 	 -3.016452e-11 	 5.831957e-12
2 	 180 	 Ey 	 2 	 -2.184106e-11 	 5.506723e-12
2 	 181 	 Ey 	 2 	 -1.304534e-11 	 3.783429e-12
2 	 182 	 Ey 	 2 	 -3.681236e-12 	 9.322642e-13
2 	 183 	 Ey 	 2 	 4.531693e-12 	 -1.876445e-12
2 	 184 	 Ey 	 2 	 1.504360e-11 	 -3.238841e-12
2 	 185 	 Ey 	 2 	 2.754915e-11 	 -2.476527e-12
2 	 186 	 Ey 	 2 	 3.918478e-11 	 -6.595833e-13
2 	 187 	 Ey 	 2 	 4.658827e-11 	 7.374641e-13
2 	 188 	 Ey 	 2 	 4.910125e-11 	 1.184459e-12
2 	 189 	 Ey 	 2 	 4.763979e-11 	 9.336838e-13
2 	 190 	 Ey 	 2 	 4.366805e-11 	 5.740227e-13
2 	 191 	 Ey 	 2 	 3.871416e-11 	 4.059269e-13
2 	 192 	 Ey 	 2 	 3.374100e-11 	 4.171686e-13
2 	 193 	 Ey 	 2 	 -2.959120e-11 	 3.832578e-12
2 	 194 	 Ey 	 2 	 -2.646538e-11 	 4.541925e-12
2 	 195 	 Ey 	 2 	 -2.141231e-11 	 4.918652e-12
2 	 196 	 Ey 	 2 	 -1.525354e-11 	 4.516902e-12
2 	 197 	 Ey 	 2 	 -9.393580e-12 	 2.862253e-12
2 	 198 	 Ey 	 2 	 -3.598312e-12 	 1.850175e-13
2 	 199 	 Ey 	 2 	 1.177587e-12 	 -2.490970e-12
2 	 200 	 Ey 	 2 	 7.985054e-12 	 -3.929257e-12
2 	 201 	 Ey 	 2 	 1.699723e-11 	 -3.466071e-12
2 	 202 	 Ey 	 2 	 2.614765e-11 	 -1.962691e-12
2 	 203 	 Ey 	 2 	 3.277622e-11 	 -6.393784e-13
2 	 204 	 Ey 	 2 	 3.617637e-11 	 6.785833e-14
2 	 205 	 Ey 	 2 	 3.664231e-11 	 2.488793e-13
2 	 206 	 Ey 	 2 	 3.486204e-11 	 2.193117e-13
2 	 207 	 Ey 	 2 	 3.189322e-11 	 2.121181e-13
2 	 208 	 Ey 	 2 	 2.856072e-11 	 2.819312e-13
2 	 209 	 Ey 	 2 	 -2.278570e-11 	 3.164640e-12
2 	 210 	 Ey 	 2 	 -2.006240e-11 	 3.632644e-12
2 	 211 	 Ey 	 2 	 -1.616055e-11 	 3.773578e-12
2 	 212 	 Ey 	 2 	 -1.169644e-11 	 3.263884e-12
2 	 213 	 Ey 	 2 	 -7.526259e-12 	 1.817342e-12
2 	 214 	 Ey 	 2 	 -3.388655e-12 	 -3.702160e-13
2 	 215 	 Ey 	 2 	 -6.663420e-14 	 -2.558547e-12
2 	 216 	 Ey 	 2 	 4.749610e-12 	 -3.863728e-12
2 	 217 	 Ey 	 2 	 1.104469e-11 	 -3.831273e-12
2 	 218 	 Ey 	 2 	 1.765745e-11 	 -2.929179e-12
2 	 219 	 Ey 	 2 	 2.297561e-11 	 -1.905575e-12
2 	 220 	 Ey 	 2 	 2.636553e-11 	 -1.107534e-12
2 	 221 	 Ey 	 2 	 2.778655e-11 	 -5.864372e-13
2 	 222 	 Ey 	 2 	 2.746528e-11 	 -2.793810e-13
2 	 223 	 Ey 	 2 	 2.597615e-11 	 -7.888709e-14
2 	 224 	 Ey 	 2 	 2.392174e-11 	 9.181705e-14
2 	 225 	 Ey 	 2 	 -1.795824e-11 	 2.474776e-12
2 	 226 	 Ey 	 2 	 -1.573361e-11 	 2.721017e-12
2 	 227 	 Ey 	 2 	 -1.278900e-11 	 2.665200e-12
2 	 228 	 Ey 	 2 	 -9.500256e-12 	 2.115863e-12
2 	 229 	 Ey 	 2 	 -6.297222e-12 	 9.586752e-13
2 	 230 	 Ey 	 2 	 -2.916314e-12 	 -6.431126e-13
2 	 231 	 Ey 	 2 	 -1.457877e-13 	 -2.228222e-12
2 	 232 	 Ey 	 2 	 3.589533e-12 	 -3.267533e-12
2 	 233 	 Ey 	 2 	 8.065226e-12 	 -3.490823e-12
2 	 234 	 Ey 	 2 	 1.272496e-11 	 -3.075867e-12
2 	 235 	 Ey 	 2 	 1.674536e-11 	 -2.395832e-12
2 	 236 	 Ey 	 2 	 1.964216e-11 	 -1.704245e-12
2 	 237 	 Ey 	 2 	 2.125640e-11 	 -1.116912e-12
2 	 238 	 Ey 	 2 	 2.164188e-11 	 -6.727598e-13
2 	 239 	 Ey 	 2 	 2.107493e-11 	 -3.504767e-13
2 	 240 	 Ey 	 2 	 1.992153e-11 	 -1.038230e-13
2 	 241 	 Ey 	 2 	 -1.441405e-11 	 1.857358e-12
2 	 242 	 Ey 	 2 	 -1.262155e-11 	 1.944936e-12
2 	 243 	 Ey 	 2 	 -1.035622e-11 	 1.783697e-12
2 	 244 	 Ey 	 2 	 -7.825477e-12 	 1.278021e-12
2 	 245 	 Ey 	 2 	 -5.237224e-12 	 4.023145e-13
2 	 246 	 Ey 	 2 	 -2.350986e-12 	 -7.183211e-13
2 	 247 	 Ey 	 2 	 6.070490e-14 	 -1.813252e-12
2 	 248 	 Ey 	 2 	 3.078791e-12 	 -2.586695e-12
2 	 249 	 Ey 	 2 	 6.412015e-12 	 -2.876371e-12
2 	 250 	 Ey 	 2 	 9.786613e-12 	 -2.730848e-12
2 	 251 	 Ey 	 2 	 1.279058e-11 	 -2.321293e-12
2 	 252 	 Ey 	 2 	 1.510850e-11 	 -1.811039e-12
2 	 253 	 Ey 	 2 	 1.658889e-11 	 -1.310539e-12
2 	 254 	 Ey 	 2 	 1.722713e-11 	 -8.806635e-13
2 	 255 	 Ey 	 2 	 1.715464e-11 	 -5.366525e-13
2 	 256 	 Ey 	 2 	 1.657500e-11 	 -2.646561e-13
