iTx 	 iRx    chrec  ifreq 	 emf_real 	 emf_imag
11 	 1 	 Ex 	 1 	 -4.918577e-13 	 1.406530e-11
11 	 2 	 Ex 	 1 	 -3.927728e-12 	 1.582589e-11
11 	 3 	 Ex 	 1 	 -9.761989e-12 	 1.740488e-11
11 	 4 	 Ex 	 1 	 -1.875231e-11 	 1.895741e-11
11 	 5 	 Ex 	 1 	 -3.158334e-11 	 2.056061e-11
11 	 6 	 Ex 	 1 	 -4.834540e-11 	 2.234220e-11
11 	 7 	 Ex 	 1 	 -6.809880e-11 	 2.443382e-11
11 	 8 	 Ex 	 1 	 -8.837066e-11 	 2.676053e-11
11 	 9 	 Ex 	 1 	 -1.053099e-10 	 2.898104e-11
11 	 10 	 Ex 	 1 	 -1.153247e-10 	 3.063990e-11
11 	 11 	 Ex 	 1 	 -1.081717e-10 	 3.142716e-11
11 	 12 	 Ex 	 1 	 -1.076787e-10 	 3.128136e-11
11 	 13 	 Ex 	 1 	 -9.298892e-11 	 3.024612e-11
11 	 14 	 Ex 	 1 	 -7.491532e-11 	 2.852170e-11
11 	 15 	 Ex 	 1 	 -5.673118e-11 	 2.637967e-11
11 	 16 	 Ex 	 1 	 -4.070377e-11 	 2.399024e-11
11 	 17 	 Ex 	 1 	 6.474299e-12 	 1.634312e-11
11 	 18 	 Ex 	 1 	 4.235215e-12 	 1.868973e-11
11 	 19 	 Ex 	 1 	 -9.547685e-13 	 2.075531e-11
11 	 20 	 Ex 	 1 	 -1.065031e-11 	 2.247994e-11
11 	 21 	 Ex 	 1 	 -2.626273e-11 	 2.412296e-11
11 	 22 	 Ex 	 1 	 -4.840679e-11 	 2.629497e-11
11 	 23 	 Ex 	 1 	 -7.654700e-11 	 2.929633e-11
11 	 24 	 Ex 	 1 	 -1.076975e-10 	 3.298000e-11
11 	 25 	 Ex 	 1 	 -1.349506e-10 	 3.658444e-11
11 	 26 	 Ex 	 1 	 -1.509429e-10 	 3.920144e-11
11 	 27 	 Ex 	 1 	 -1.417938e-10 	 4.033984e-11
11 	 28 	 Ex 	 1 	 -1.373831e-10 	 3.997129e-11
11 	 29 	 Ex 	 1 	 -1.132704e-10 	 3.822360e-11
11 	 30 	 Ex 	 1 	 -8.506147e-11 	 3.553071e-11
11 	 31 	 Ex 	 1 	 -5.859301e-11 	 3.234832e-11
11 	 32 	 Ex 	 1 	 -3.706065e-11 	 2.902562e-11
11 	 33 	 Ex 	 1 	 1.535191e-11 	 1.873494e-11
11 	 34 	 Ex 	 1 	 1.508030e-11 	 2.171041e-11
11 	 35 	 Ex 	 1 	 1.163902e-11 	 2.442976e-11
11 	 36 	 Ex 	 1 	 2.259657e-12 	 2.641301e-11
11 	 37 	 Ex 	 1 	 -1.568586e-11 	 2.806526e-11
11 	 38 	 Ex 	 1 	 -4.369611e-11 	 3.061867e-11
11 	 39 	 Ex 	 1 	 -8.290645e-11 	 3.492039e-11
11 	 40 	 Ex 	 1 	 -1.313312e-10 	 4.077505e-11
11 	 41 	 Ex 	 1 	 -1.771291e-10 	 4.660985e-11
11 	 42 	 Ex 	 1 	 -2.044159e-10 	 5.058039e-11
11 	 43 	 Ex 	 1 	 -1.927325e-10 	 5.208028e-11
11 	 44 	 Ex 	 1 	 -1.802506e-10 	 5.130007e-11
11 	 45 	 Ex 	 1 	 -1.389149e-10 	 4.844475e-11
11 	 46 	 Ex 	 1 	 -9.351936e-11 	 4.427362e-11
11 	 47 	 Ex 	 1 	 -5.474128e-11 	 3.969618e-11
11 	 48 	 Ex 	 1 	 -2.646634e-11 	 3.519648e-11
11 	 49 	 Ex 	 1 	 2.612043e-11 	 2.130021e-11
11 	 50 	 Ex 	 1 	 2.855741e-11 	 2.479171e-11
11 	 51 	 Ex 	 1 	 2.784643e-11 	 2.802703e-11
11 	 52 	 Ex 	 1 	 2.010316e-11 	 3.023609e-11
11 	 53 	 Ex 	 1 	 1.417196e-12 	 3.184282e-11
11 	 54 	 Ex 	 1 	 -3.089431e-11 	 3.527057e-11
11 	 55 	 Ex 	 1 	 -8.218631e-11 	 4.176786e-11
11 	 56 	 Ex 	 1 	 -1.559073e-10 	 5.118908e-11
11 	 57 	 Ex 	 1 	 -2.351257e-10 	 6.058176e-11
11 	 58 	 Ex 	 1 	 -2.866847e-10 	 6.617591e-11
11 	 59 	 Ex 	 1 	 -2.737131e-10 	 6.793281e-11
11 	 60 	 Ex 	 1 	 -2.440166e-10 	 6.651802e-11
11 	 61 	 Ex 	 1 	 -1.693705e-10 	 6.189109e-11
11 	 62 	 Ex 	 1 	 -9.476955e-11 	 5.537032e-11
11 	 63 	 Ex 	 1 	 -3.876869e-11 	 4.871265e-11
11 	 64 	 Ex 	 1 	 -3.706420e-12 	 4.248595e-11
11 	 65 	 Ex 	 1 	 3.842546e-11 	 2.378021e-11
11 	 66 	 Ex 	 1 	 4.425574e-11 	 2.763356e-11
11 	 67 	 Ex 	 1 	 4.720207e-11 	 3.116369e-11
11 	 68 	 Ex 	 1 	 4.285114e-11 	 3.337587e-11
11 	 69 	 Ex 	 1 	 2.727157e-11 	 3.528833e-11
11 	 70 	 Ex 	 1 	 -3.902318e-12 	 4.046128e-11
11 	 71 	 Ex 	 1 	 -6.441693e-11 	 5.066625e-11
11 	 72 	 Ex 	 1 	 -1.714403e-10 	 6.555464e-11
11 	 73 	 Ex 	 1 	 -3.106463e-10 	 7.987272e-11
11 	 74 	 Ex 	 1 	 -4.193161e-10 	 8.748449e-11
11 	 75 	 Ex 	 1 	 -4.122049e-10 	 8.922291e-11
11 	 76 	 Ex 	 1 	 -3.435416e-10 	 8.688944e-11
11 	 77 	 Ex 	 1 	 -2.015833e-10 	 7.957837e-11
11 	 78 	 Ex 	 1 	 -7.720460e-11 	 6.940861e-11
11 	 79 	 Ex 	 1 	 9.077360e-13 	 5.959484e-11
11 	 80 	 Ex 	 1 	 3.942554e-11 	 5.089786e-11
11 	 81 	 Ex 	 1 	 5.179715e-11 	 2.584465e-11
11 	 82 	 Ex 	 1 	 6.209681e-11 	 3.006808e-11
11 	 83 	 Ex 	 1 	 7.047424e-11 	 3.366301e-11
11 	 84 	 Ex 	 1 	 7.341642e-11 	 3.586054e-11
11 	 85 	 Ex 	 1 	 6.919244e-11 	 3.859350e-11
11 	 86 	 Ex 	 1 	 5.204293e-11 	 4.660914e-11
11 	 87 	 Ex 	 1 	 -5.277904e-12 	 6.227523e-11
11 	 88 	 Ex 	 1 	 -1.518119e-10 	 8.494297e-11
11 	 89 	 Ex 	 1 	 -4.051486e-10 	 1.062012e-10
11 	 90 	 Ex 	 1 	 -6.563356e-10 	 1.164761e-10
11 	 91 	 Ex 	 1 	 -6.767109e-10 	 1.181127e-10
11 	 92 	 Ex 	 1 	 -5.084649e-10 	 1.140195e-10
11 	 93 	 Ex 	 1 	 -2.209645e-10 	 1.025955e-10
11 	 94 	 Ex 	 1 	 -1.272558e-11 	 8.694974e-11
11 	 95 	 Ex 	 1 	 8.632678e-11 	 7.248335e-11
11 	 96 	 Ex 	 1 	 1.153949e-10 	 6.029468e-11
11 	 97 	 Ex 	 1 	 6.568310e-11 	 2.739097e-11
11 	 98 	 Ex 	 1 	 8.189716e-11 	 3.199314e-11
11 	 99 	 Ex 	 1 	 9.885238e-11 	 3.565619e-11
11 	 100 	 Ex 	 1 	 1.159683e-10 	 3.796455e-11
11 	 101 	 Ex 	 1 	 1.379065e-10 	 4.192515e-11
11 	 102 	 Ex 	 1 	 1.638138e-10 	 5.362396e-11
11 	 103 	 Ex 	 1 	 1.532802e-10 	 7.669178e-11
11 	 104 	 Ex 	 1 	 -1.214065e-11 	 1.104620e-10
11 	 105 	 Ex 	 1 	 -4.930920e-10 	 1.423041e-10
11 	 106 	 Ex 	 1 	 -1.148372e-09 	 1.576163e-10
11 	 107 	 Ex 	 1 	 -1.272239e-09 	 1.592189e-10
11 	 108 	 Ex 	 1 	 -7.878879e-10 	 1.513014e-10
11 	 109 	 Ex 	 1 	 -1.542569e-10 	 1.324889e-10
11 	 110 	 Ex 	 1 	 1.732882e-10 	 1.083911e-10
11 	 111 	 Ex 	 1 	 2.576969e-10 	 8.729033e-11
11 	 112 	 Ex 	 1 	 2.398602e-10 	 7.049104e-11
11 	 113 	 Ex 	 1 	 7.905657e-11 	 2.845470e-11
11 	 114 	 Ex 	 1 	 1.023471e-10 	 3.340443e-11
11 	 115 	 Ex 	 1 	 1.310495e-10 	 3.727338e-11
11 	 116 	 Ex 	 1 	 1.702238e-10 	 3.984975e-11
11 	 117 	 Ex 	 1 	 2.389642e-10 	 4.520377e-11
11 	 118 	 Ex 	 1 	 3.618153e-10 	 6.115360e-11
11 	 119 	 Ex 	 1 	 5.201841e-10 	 9.339609e-11
11 	 120 	 Ex 	 1 	 5.123126e-10 	 1.428653e-10
11 	 121 	 Ex 	 1 	 -3.129943e-10 	 1.930153e-10
11 	 122 	 Ex 	 1 	 -2.343113e-09 	 2.217274e-10
11 	 123 	 Ex 	 1 	 -2.968743e-09 	 2.253061e-10
11 	 124 	 Ex 	 1 	 -1.145421e-09 	 2.064385e-10
11 	 125 	 Ex 	 1 	 3.150211e-10 	 1.717095e-10
11 	 126 	 Ex 	 1 	 6.520404e-10 	 1.336108e-10
11 	 127 	 Ex 	 1 	 5.690415e-10 	 1.031030e-10
11 	 128 	 Ex 	 1 	 4.220412e-10 	 8.069138e-11
11 	 129 	 Ex 	 1 	 9.025716e-11 	 2.906243e-11
11 	 130 	 Ex 	 1 	 1.206118e-10 	 3.432600e-11
11 	 131 	 Ex 	 1 	 1.620736e-10 	 3.851361e-11
11 	 132 	 Ex 	 1 	 2.274962e-10 	 4.144192e-11
11 	 133 	 Ex 	 1 	 3.592182e-10 	 4.808345e-11
11 	 134 	 Ex 	 1 	 6.412995e-10 	 6.830071e-11
11 	 135 	 Ex 	 1 	 1.194696e-09 	 1.105853e-10
11 	 136 	 Ex 	 1 	 2.044965e-09 	 1.803092e-10
11 	 137 	 Ex 	 1 	 1.984961e-09 	 2.647077e-10
11 	 138 	 Ex 	 1 	 -5.278159e-09 	 3.423431e-10
11 	 139 	 Ex 	 1 	 -1.025996e-08 	 3.616462e-10
11 	 140 	 Ex 	 1 	 1.647148e-10 	 2.960727e-10
11 	 141 	 Ex 	 1 	 2.323132e-09 	 2.205065e-10
11 	 142 	 Ex 	 1 	 1.666269e-09 	 1.599375e-10
11 	 143 	 Ex 	 1 	 1.030675e-09 	 1.179483e-10
11 	 144 	 Ex 	 1 	 6.395316e-10 	 8.946963e-11
11 	 145 	 Ex 	 1 	 9.722656e-11 	 2.922932e-11
11 	 146 	 Ex 	 1 	 1.328460e-10 	 3.474715e-11
11 	 147 	 Ex 	 1 	 1.842681e-10 	 3.932277e-11
11 	 148 	 Ex 	 1 	 2.708607e-10 	 4.266648e-11
11 	 149 	 Ex 	 1 	 4.571533e-10 	 5.040943e-11
11 	 150 	 Ex 	 1 	 8.987213e-10 	 7.363803e-11
11 	 151 	 Ex 	 1 	 1.971039e-09 	 1.235406e-10
11 	 152 	 Ex 	 1 	 4.783062e-09 	 2.121928e-10
11 	 153 	 Ex 	 1 	 1.378825e-08 	 3.483975e-10
11 	 154 	 Ex 	 1 	 2.818410e-08 	 6.252249e-10
11 	 155 	 Ex 	 1 	 -8.307925e-08 	 8.434936e-10
11 	 156 	 Ex 	 1 	 2.326370e-08 	 4.326225e-10
11 	 157 	 Ex 	 1 	 7.415048e-09 	 2.668880e-10
11 	 158 	 Ex 	 1 	 3.013093e-09 	 1.799909e-10
11 	 159 	 Ex 	 1 	 1.476020e-09 	 1.279483e-10
11 	 160 	 Ex 	 1 	 8.144198e-10 	 9.512680e-11
11 	 161 	 Ex 	 1 	 9.864740e-11 	 2.889394e-11
11 	 162 	 Ex 	 1 	 1.362646e-10 	 3.459441e-11
11 	 163 	 Ex 	 1 	 1.914637e-10 	 3.956105e-11
11 	 164 	 Ex 	 1 	 2.846788e-10 	 4.348899e-11
11 	 165 	 Ex 	 1 	 4.846432e-10 	 5.188973e-11
11 	 166 	 Ex 	 1 	 9.648810e-10 	 7.581741e-11
11 	 167 	 Ex 	 1 	 2.179599e-09 	 1.267617e-10
11 	 168 	 Ex 	 1 	 5.706695e-09 	 2.186786e-10
11 	 169 	 Ex 	 1 	 2.099821e-08 	 3.709101e-10
11 	 170 	 Ex 	 1 	 2.254324e-07 	 7.752319e-10
11 	 171 	 Ex 	 1 	 -8.181037e-08 	 1.717291e-09
11 	 172 	 Ex 	 1 	 4.722898e-08 	 4.802194e-10
11 	 173 	 Ex 	 1 	 9.443386e-09 	 2.768073e-10
11 	 174 	 Ex 	 1 	 3.374895e-09 	 1.833126e-10
11 	 175 	 Ex 	 1 	 1.570608e-09 	 1.295093e-10
11 	 176 	 Ex 	 1 	 8.451841e-10 	 9.601371e-11
11 	 177 	 Ex 	 1 	 9.225729e-11 	 2.805366e-11
11 	 178 	 Ex 	 1 	 1.270933e-10 	 3.369105e-11
11 	 179 	 Ex 	 1 	 1.774242e-10 	 3.896733e-11
11 	 180 	 Ex 	 1 	 2.584864e-10 	 4.372009e-11
11 	 181 	 Ex 	 1 	 4.196603e-10 	 5.254952e-11
11 	 182 	 Ex 	 1 	 7.748211e-10 	 7.465210e-11
11 	 183 	 Ex 	 1 	 1.552216e-09 	 1.190158e-10
11 	 184 	 Ex 	 1 	 3.169529e-09 	 1.937711e-10
11 	 185 	 Ex 	 1 	 5.485937e-09 	 2.971992e-10
11 	 186 	 Ex 	 1 	 -5.542760e-09 	 4.331482e-10
11 	 187 	 Ex 	 1 	 -2.215705e-08 	 4.834529e-10
11 	 188 	 Ex 	 1 	 4.707202e-09 	 3.472548e-10
11 	 189 	 Ex 	 1 	 4.229054e-09 	 2.379046e-10
11 	 190 	 Ex 	 1 	 2.246536e-09 	 1.674217e-10
11 	 191 	 Ex 	 1 	 1.223862e-09 	 1.219391e-10
11 	 192 	 Ex 	 1 	 7.120596e-10 	 9.193329e-11
11 	 193 	 Ex 	 1 	 8.021894e-11 	 2.667067e-11
11 	 194 	 Ex 	 1 	 1.086328e-10 	 3.206510e-11
11 	 195 	 Ex 	 1 	 1.478971e-10 	 3.742188e-11
11 	 196 	 Ex 	 1 	 2.059904e-10 	 4.304971e-11
11 	 197 	 Ex 	 1 	 3.056904e-10 	 5.221375e-11
11 	 198 	 Ex 	 1 	 4.863208e-10 	 7.104940e-11
11 	 199 	 Ex 	 1 	 7.679397e-10 	 1.048652e-10
11 	 200 	 Ex 	 1 	 9.820054e-10 	 1.553869e-10
11 	 201 	 Ex 	 1 	 1.727274e-10 	 2.123756e-10
11 	 202 	 Ex 	 1 	 -3.293676e-09 	 2.563898e-10
11 	 203 	 Ex 	 1 	 -4.684124e-09 	 2.647004e-10
11 	 204 	 Ex 	 1 	 -1.060361e-09 	 2.317041e-10
11 	 205 	 Ex 	 1 	 8.649516e-10 	 1.842499e-10
11 	 206 	 Ex 	 1 	 9.772723e-10 	 1.411236e-10
11 	 207 	 Ex 	 1 	 7.212531e-10 	 1.081474e-10
11 	 208 	 Ex 	 1 	 4.919322e-10 	 8.402320e-11
11 	 209 	 Ex 	 1 	 6.414338e-11 	 2.489441e-11
11 	 210 	 Ex 	 1 	 8.400918e-11 	 2.977495e-11
11 	 211 	 Ex 	 1 	 1.093424e-10 	 3.503791e-11
11 	 212 	 Ex 	 1 	 1.421588e-10 	 4.117186e-11
11 	 213 	 Ex 	 1 	 1.866563e-10 	 5.026160e-11
11 	 214 	 Ex 	 1 	 2.413035e-10 	 6.551715e-11
11 	 215 	 Ex 	 1 	 2.662394e-10 	 8.921430e-11
11 	 216 	 Ex 	 1 	 1.167467e-10 	 1.203230e-10
11 	 217 	 Ex 	 1 	 -4.756668e-10 	 1.512919e-10
11 	 218 	 Ex 	 1 	 -1.449719e-09 	 1.715585e-10
11 	 219 	 Ex 	 1 	 -1.667136e-09 	 1.748981e-10
11 	 220 	 Ex 	 1 	 -9.041961e-10 	 1.621185e-10
11 	 221 	 Ex 	 1 	 -5.924148e-11 	 1.392794e-10
11 	 222 	 Ex 	 1 	 2.875350e-10 	 1.143861e-10
11 	 223 	 Ex 	 1 	 3.356598e-10 	 9.227469e-11
11 	 224 	 Ex 	 1 	 2.857644e-10 	 7.419822e-11
11 	 225 	 Ex 	 1 	 4.677007e-11 	 2.290486e-11
11 	 226 	 Ex 	 1 	 5.824367e-11 	 2.719848e-11
11 	 227 	 Ex 	 1 	 7.085159e-11 	 3.214866e-11
11 	 228 	 Ex 	 1 	 8.323654e-11 	 3.818327e-11
11 	 229 	 Ex 	 1 	 9.187076e-11 	 4.643561e-11
11 	 230 	 Ex 	 1 	 8.534670e-11 	 5.827977e-11
11 	 231 	 Ex 	 1 	 3.268706e-11 	 7.436011e-11
11 	 232 	 Ex 	 1 	 -1.224486e-10 	 9.323458e-11
11 	 233 	 Ex 	 1 	 -4.172244e-10 	 1.107651e-10
11 	 234 	 Ex 	 1 	 -7.419632e-10 	 1.220021e-10
11 	 235 	 Ex 	 1 	 -7.785014e-10 	 1.243568e-10
11 	 236 	 Ex 	 1 	 -5.662928e-10 	 1.183672e-10
11 	 237 	 Ex 	 1 	 -2.194170e-10 	 1.062756e-10
11 	 238 	 Ex 	 1 	 1.452404e-11 	 9.158405e-11
11 	 239 	 Ex 	 1 	 1.160011e-10 	 7.699942e-11
11 	 240 	 Ex 	 1 	 1.388561e-10 	 6.394479e-11
11 	 241 	 Ex 	 1 	 3.030752e-11 	 2.073070e-11
11 	 242 	 Ex 	 1 	 3.507027e-11 	 2.447894e-11
11 	 243 	 Ex 	 1 	 3.844064e-11 	 2.904128e-11
11 	 244 	 Ex 	 1 	 3.787770e-11 	 3.459936e-11
11 	 245 	 Ex 	 1 	 2.868913e-11 	 4.153327e-11
11 	 246 	 Ex 	 1 	 2.032875e-12 	 5.038639e-11
11 	 247 	 Ex 	 1 	 -5.676306e-11 	 6.120718e-11
11 	 248 	 Ex 	 1 	 -1.621328e-10 	 7.293655e-11
11 	 249 	 Ex 	 1 	 -3.063099e-10 	 8.337724e-11
11 	 250 	 Ex 	 1 	 -4.335608e-10 	 9.017624e-11
11 	 251 	 Ex 	 1 	 -4.322605e-10 	 9.197443e-11
11 	 252 	 Ex 	 1 	 -3.626809e-10 	 8.893251e-11
11 	 253 	 Ex 	 1 	 -2.086811e-10 	 8.214714e-11
11 	 254 	 Ex 	 1 	 -7.430249e-11 	 7.315090e-11
11 	 255 	 Ex 	 1 	 9.708731e-12 	 6.356435e-11
11 	 256 	 Ex 	 1 	 4.962157e-11 	 5.430449e-11
11 	 1 	 Ex 	 2 	 -1.463419e-11 	 5.401687e-12
11 	 2 	 Ex 	 2 	 -2.103303e-11 	 7.264012e-12
11 	 3 	 Ex 	 2 	 -2.976550e-11 	 9.181035e-12
11 	 4 	 Ex 	 2 	 -4.168339e-11 	 1.095756e-11
11 	 5 	 Ex 	 2 	 -5.764942e-11 	 1.251231e-11
11 	 6 	 Ex 	 2 	 -7.808949e-11 	 1.395570e-11
11 	 7 	 Ex 	 2 	 -1.022794e-10 	 1.547988e-11
11 	 8 	 Ex 	 2 	 -1.275208e-10 	 1.721849e-11
11 	 9 	 Ex 	 2 	 -1.491142e-10 	 1.914174e-11
11 	 10 	 Ex 	 2 	 -1.625140e-10 	 2.096776e-11
11 	 11 	 Ex 	 2 	 -1.568446e-10 	 2.216725e-11
11 	 12 	 Ex 	 2 	 -1.558113e-10 	 2.248626e-11
11 	 13 	 Ex 	 2 	 -1.387818e-10 	 2.166853e-11
11 	 14 	 Ex 	 2 	 -1.170858e-10 	 1.989851e-11
11 	 15 	 Ex 	 2 	 -9.452696e-11 	 1.743765e-11
11 	 16 	 Ex 	 2 	 -7.378509e-11 	 1.459320e-11
11 	 17 	 Ex 	 2 	 -1.159348e-11 	 8.236491e-12
11 	 18 	 Ex 	 2 	 -1.777120e-11 	 1.120163e-11
11 	 19 	 Ex 	 2 	 -2.668452e-11 	 1.436796e-11
11 	 20 	 Ex 	 2 	 -3.978515e-11 	 1.739375e-11
11 	 21 	 Ex 	 2 	 -5.890467e-11 	 2.016677e-11
11 	 22 	 Ex 	 2 	 -8.560546e-11 	 2.298738e-11
11 	 23 	 Ex 	 2 	 -1.200510e-10 	 2.620450e-11
11 	 24 	 Ex 	 2 	 -1.588639e-10 	 2.988788e-11
11 	 25 	 Ex 	 2 	 -1.934880e-10 	 3.382822e-11
11 	 26 	 Ex 	 2 	 -2.146307e-10 	 3.738376e-11
11 	 27 	 Ex 	 2 	 -2.075159e-10 	 3.954478e-11
11 	 28 	 Ex 	 2 	 -2.020121e-10 	 3.981733e-11
11 	 29 	 Ex 	 2 	 -1.741593e-10 	 3.795810e-11
11 	 30 	 Ex 	 2 	 -1.404457e-10 	 3.442808e-11
11 	 31 	 Ex 	 2 	 -1.076696e-10 	 2.982198e-11
11 	 32 	 Ex 	 2 	 -7.968646e-11 	 2.473485e-11
11 	 33 	 Ex 	 2 	 -6.961855e-12 	 1.134619e-11
11 	 34 	 Ex 	 2 	 -1.223938e-11 	 1.564223e-11
11 	 35 	 Ex 	 2 	 -2.040693e-11 	 2.039602e-11
11 	 36 	 Ex 	 2 	 -3.363100e-11 	 2.505661e-11
11 	 37 	 Ex 	 2 	 -5.519582e-11 	 2.954522e-11
11 	 38 	 Ex 	 2 	 -8.864284e-11 	 3.473970e-11
11 	 39 	 Ex 	 2 	 -1.366908e-10 	 4.124344e-11
11 	 40 	 Ex 	 2 	 -1.969690e-10 	 4.874869e-11
11 	 41 	 Ex 	 2 	 -2.543807e-10 	 5.640099e-11
11 	 42 	 Ex 	 2 	 -2.891861e-10 	 6.279424e-11
11 	 43 	 Ex 	 2 	 -2.800204e-10 	 6.630538e-11
11 	 44 	 Ex 	 2 	 -2.655176e-10 	 6.625479e-11
11 	 45 	 Ex 	 2 	 -2.182508e-10 	 6.237159e-11
11 	 46 	 Ex 	 2 	 -1.646029e-10 	 5.562558e-11
11 	 47 	 Ex 	 2 	 -1.170054e-10 	 4.734653e-11
11 	 48 	 Ex 	 2 	 -8.015557e-11 	 3.866186e-11
11 	 49 	 Ex 	 2 	 -6.338076e-13 	 1.439222e-11
11 	 50 	 Ex 	 2 	 -4.244661e-12 	 2.003348e-11
11 	 51 	 Ex 	 2 	 -1.057888e-11 	 2.643655e-11
11 	 52 	 Ex 	 2 	 -2.241292e-11 	 3.289742e-11
11 	 53 	 Ex 	 2 	 -4.464366e-11 	 3.977017e-11
11 	 54 	 Ex 	 2 	 -8.366707e-11 	 4.921499e-11
11 	 55 	 Ex 	 2 	 -1.474047e-10 	 6.216207e-11
11 	 56 	 Ex 	 2 	 -2.391957e-10 	 7.730445e-11
11 	 57 	 Ex 	 2 	 -3.362673e-10 	 9.167386e-11
11 	 58 	 Ex 	 2 	 -3.980409e-10 	 1.020385e-10
11 	 59 	 Ex 	 2 	 -3.877915e-10 	 1.069235e-10
11 	 60 	 Ex 	 2 	 -3.547764e-10 	 1.060680e-10
11 	 61 	 Ex 	 2 	 -2.710130e-10 	 9.851607e-11
11 	 62 	 Ex 	 2 	 -1.841599e-10 	 8.593112e-11
11 	 63 	 Ex 	 2 	 -1.160518e-10 	 7.144999e-11
11 	 64 	 Ex 	 2 	 -6.978423e-11 	 5.714518e-11
11 	 65 	 Ex 	 2 	 7.398511e-12 	 1.701012e-11
11 	 66 	 Ex 	 2 	 6.316915e-12 	 2.370304e-11
11 	 67 	 Ex 	 2 	 3.031456e-12 	 3.133160e-11
11 	 68 	 Ex 	 2 	 -5.410837e-12 	 3.938430e-11
11 	 69 	 Ex 	 2 	 -2.476023e-11 	 4.966570e-11
11 	 70 	 Ex 	 2 	 -6.496374e-11 	 6.636753e-11
11 	 71 	 Ex 	 2 	 -1.430615e-10 	 9.089603e-11
11 	 72 	 Ex 	 2 	 -2.762823e-10 	 1.204581e-10
11 	 73 	 Ex 	 2 	 -4.410767e-10 	 1.467872e-10
11 	 74 	 Ex 	 2 	 -5.628828e-10 	 1.622109e-10
11 	 75 	 Ex 	 2 	 -5.583655e-10 	 1.677423e-10
11 	 76 	 Ex 	 2 	 -4.847130e-10 	 1.649220e-10
11 	 77 	 Ex 	 2 	 -3.293983e-10 	 1.507778e-10
11 	 78 	 Ex 	 2 	 -1.874263e-10 	 1.279939e-10
11 	 79 	 Ex 	 2 	 -9.299248e-11 	 1.034444e-10
11 	 80 	 Ex 	 2 	 -4.005054e-11 	 8.069177e-11
11 	 81 	 Ex 	 2 	 1.705856e-11 	 1.901598e-11
11 	 82 	 Ex 	 2 	 1.970244e-11 	 2.636769e-11
11 	 83 	 Ex 	 2 	 2.152704e-11 	 3.471469e-11
11 	 84 	 Ex 	 2 	 2.037336e-11 	 4.423583e-11
11 	 85 	 Ex 	 2 	 1.144655e-11 	 5.916308e-11
11 	 86 	 Ex 	 2 	 -1.816198e-11 	 8.653492e-11
11 	 87 	 Ex 	 2 	 -9.964250e-11 	 1.292569e-10
11 	 88 	 Ex 	 2 	 -2.819632e-10 	 1.832366e-10
11 	 89 	 Ex 	 2 	 -5.696261e-10 	 2.304501e-10
11 	 90 	 Ex 	 2 	 -8.371070e-10 	 2.539176e-10
11 	 91 	 Ex 	 2 	 -8.597354e-10 	 2.591286e-10
11 	 92 	 Ex 	 2 	 -6.842142e-10 	 2.510732e-10
11 	 93 	 Ex 	 2 	 -3.782076e-10 	 2.244229e-10
11 	 94 	 Ex 	 2 	 -1.459374e-10 	 1.844541e-10
11 	 95 	 Ex 	 2 	 -2.542828e-11 	 1.442016e-10
11 	 96 	 Ex 	 2 	 2.189474e-11 	 1.092727e-10
11 	 97 	 Ex 	 2 	 2.797265e-11 	 2.046362e-11
11 	 98 	 Ex 	 2 	 3.585015e-11 	 2.824333e-11
11 	 99 	 Ex 	 2 	 4.592516e-11 	 3.711116e-11
11 	 100 	 Ex 	 2 	 5.871955e-11 	 4.819929e-11
11 	 101 	 Ex 	 2 	 7.457285e-11 	 6.871723e-11
11 	 102 	 Ex 	 2 	 8.401915e-11 	 1.099046e-10
11 	 103 	 Ex 	 2 	 4.182637e-11 	 1.786228e-10
11 	 104 	 Ex 	 2 	 -1.702749e-10 	 2.711359e-10
11 	 105 	 Ex 	 2 	 -6.953166e-10 	 3.550460e-10
11 	 106 	 Ex 	 2 	 -1.370534e-09 	 3.960549e-10
11 	 107 	 Ex 	 2 	 -1.496029e-09 	 4.012668e-10
11 	 108 	 Ex 	 2 	 -1.001325e-09 	 3.798082e-10
11 	 109 	 Ex 	 2 	 -3.430150e-10 	 3.275055e-10
11 	 110 	 Ex 	 2 	 1.587500e-11 	 2.579022e-10
11 	 111 	 Ex 	 2 	 1.276275e-10 	 1.935991e-10
11 	 112 	 Ex 	 2 	 1.324049e-10 	 1.418478e-10
11 	 113 	 Ex 	 2 	 3.916535e-11 	 2.150352e-11
11 	 114 	 Ex 	 2 	 5.349166e-11 	 2.965941e-11
11 	 115 	 Ex 	 2 	 7.484293e-11 	 3.903902e-11
11 	 116 	 Ex 	 2 	 1.092625e-10 	 5.171256e-11
11 	 117 	 Ex 	 2 	 1.704328e-10 	 7.818008e-11
11 	 118 	 Ex 	 2 	 2.727168e-10 	 1.354966e-10
11 	 119 	 Ex 	 2 	 3.916705e-10 	 2.383196e-10
11 	 120 	 Ex 	 2 	 3.255351e-10 	 3.889557e-10
11 	 121 	 Ex 	 2 	 -5.547849e-10 	 5.415266e-10
11 	 122 	 Ex 	 2 	 -2.609516e-09 	 6.331352e-10
11 	 123 	 Ex 	 2 	 -3.236295e-09 	 6.457798e-10
11 	 124 	 Ex 	 2 	 -1.398369e-09 	 5.833685e-10
11 	 125 	 Ex 	 2 	 9.428085e-11 	 4.709424e-10
11 	 126 	 Ex 	 2 	 4.709224e-10 	 3.485870e-10
11 	 127 	 Ex 	 2 	 4.216679e-10 	 2.488396e-10
11 	 128 	 Ex 	 2 	 3.017378e-10 	 1.756466e-10
11 	 129 	 Ex 	 2 	 4.899837e-11 	 2.223435e-11
11 	 130 	 Ex 	 2 	 6.983951e-11 	 3.081412e-11
11 	 131 	 Ex 	 2 	 1.034017e-10 	 4.077179e-11
11 	 132 	 Ex 	 2 	 1.635146e-10 	 5.489329e-11
11 	 133 	 Ex 	 2 	 2.863084e-10 	 8.675810e-11
11 	 134 	 Ex 	 2 	 5.441903e-10 	 1.600492e-10
11 	 135 	 Ex 	 2 	 1.051215e-09 	 3.012140e-10
11 	 136 	 Ex 	 2 	 1.832300e-09 	 5.309175e-10
11 	 137 	 Ex 	 2 	 1.705370e-09 	 8.187488e-10
11 	 138 	 Ex 	 2 	 -5.589976e-09 	 1.098299e-09
11 	 139 	 Ex 	 2 	 -1.057331e-08 	 1.168550e-09
11 	 140 	 Ex 	 2 	 -1.271983e-10 	 9.314367e-10
11 	 141 	 Ex 	 2 	 2.073290e-09 	 6.587193e-10
11 	 142 	 Ex 	 2 	 1.464773e-09 	 4.471742e-10
11 	 143 	 Ex 	 2 	 8.689467e-10 	 3.019165e-10
11 	 144 	 Ex 	 2 	 5.089432e-10 	 2.054598e-10
11 	 145 	 Ex 	 2 	 5.552177e-11 	 2.262180e-11
11 	 146 	 Ex 	 2 	 8.121497e-11 	 3.170774e-11
11 	 147 	 Ex 	 2 	 1.241504e-10 	 4.239598e-11
11 	 148 	 Ex 	 2 	 2.047608e-10 	 5.776625e-11
11 	 149 	 Ex 	 2 	 3.809353e-10 	 9.331057e-11
11 	 150 	 Ex 	 2 	 7.959158e-10 	 1.777660e-10
11 	 151 	 Ex 	 2 	 1.817450e-09 	 3.489981e-10
11 	 152 	 Ex 	 2 	 4.552858e-09 	 6.557797e-10
11 	 153 	 Ex 	 2 	 1.348034e-08 	 1.161317e-09
11 	 154 	 Ex 	 2 	 2.782869e-08 	 2.266022e-09
11 	 155 	 Ex 	 2 	 -8.343579e-08 	 2.995429e-09
11 	 156 	 Ex 	 2 	 2.293936e-08 	 1.501457e-09
11 	 157 	 Ex 	 2 	 7.145197e-09 	 8.455719e-10
11 	 158 	 Ex 	 2 	 2.798576e-09 	 5.242038e-10
11 	 159 	 Ex 	 2 	 1.305416e-09 	 3.382275e-10
11 	 160 	 Ex 	 2 	 6.775144e-10 	 2.242512e-10
11 	 161 	 Ex 	 2 	 5.754266e-11 	 2.248181e-11
11 	 162 	 Ex 	 2 	 8.501429e-11 	 3.208042e-11
11 	 163 	 Ex 	 2 	 1.311631e-10 	 4.368679e-11
11 	 164 	 Ex 	 2 	 2.175078e-10 	 6.018600e-11
11 	 165 	 Ex 	 2 	 4.064011e-10 	 9.681284e-11
11 	 166 	 Ex 	 2 	 8.593811e-10 	 1.828617e-10
11 	 167 	 Ex 	 2 	 2.023139e-09 	 3.584480e-10
11 	 168 	 Ex 	 2 	 5.473727e-09 	 6.808081e-10
11 	 169 	 Ex 	 2 	 2.068623e-08 	 1.259920e-09
11 	 170 	 Ex 	 2 	 2.250555e-07 	 3.121178e-09
11 	 171 	 Ex 	 2 	 -8.218486e-08 	 6.494192e-09
11 	 172 	 Ex 	 2 	 4.689846e-08 	 1.723823e-09
11 	 173 	 Ex 	 2 	 9.171431e-09 	 8.880810e-10
11 	 174 	 Ex 	 2 	 3.158655e-09 	 5.369268e-10
11 	 175 	 Ex 	 2 	 1.398413e-09 	 3.428291e-10
11 	 176 	 Ex 	 2 	 7.070238e-10 	 2.260489e-10
11 	 177 	 Ex 	 2 	 5.282417e-11 	 2.153785e-11
11 	 178 	 Ex 	 2 	 7.764521e-11 	 3.140507e-11
11 	 179 	 Ex 	 2 	 1.185128e-10 	 4.386797e-11
11 	 180 	 Ex 	 2 	 1.914277e-10 	 6.144280e-11
11 	 181 	 Ex 	 2 	 3.405080e-10 	 9.671892e-11
11 	 182 	 Ex 	 2 	 6.694053e-10 	 1.740493e-10
11 	 183 	 Ex 	 2 	 1.400179e-09 	 3.240177e-10
11 	 184 	 Ex 	 2 	 2.950074e-09 	 5.799143e-10
11 	 185 	 Ex 	 2 	 5.200234e-09 	 9.532232e-10
11 	 186 	 Ex 	 2 	 -5.864307e-09 	 1.464871e-09
11 	 187 	 Ex 	 2 	 -2.248096e-08 	 1.645545e-09
11 	 188 	 Ex 	 2 	 4.409076e-09 	 1.146729e-09
11 	 189 	 Ex 	 2 	 3.975383e-09 	 7.318678e-10
11 	 190 	 Ex 	 2 	 2.040500e-09 	 4.740004e-10
11 	 191 	 Ex 	 2 	 1.057693e-09 	 3.126643e-10
11 	 192 	 Ex 	 2 	 5.778911e-10 	 2.099091e-10
11 	 193 	 Ex 	 2 	 4.346205e-11 	 1.961607e-11
11 	 194 	 Ex 	 2 	 6.231771e-11 	 2.919712e-11
11 	 195 	 Ex 	 2 	 9.194942e-11 	 4.186928e-11
11 	 196 	 Ex 	 2 	 1.404534e-10 	 5.996589e-11
11 	 197 	 Ex 	 2 	 2.267627e-10 	 9.227930e-11
11 	 198 	 Ex 	 2 	 3.832264e-10 	 1.549136e-10
11 	 199 	 Ex 	 2 	 6.256224e-10 	 2.648901e-10
11 	 200 	 Ex 	 2 	 7.870907e-10 	 4.302226e-10
11 	 201 	 Ex 	 2 	 -7.135134e-11 	 6.225109e-10
11 	 202 	 Ex 	 2 	 -3.563096e-09 	 7.789312e-10
11 	 203 	 Ex 	 2 	 -4.955431e-09 	 8.102813e-10
11 	 204 	 Ex 	 2 	 -1.314837e-09 	 6.925057e-10
11 	 205 	 Ex 	 2 	 6.415910e-10 	 5.233155e-10
11 	 206 	 Ex 	 2 	 7.902818e-10 	 3.728285e-10
11 	 207 	 Ex 	 2 	 5.674355e-10 	 2.602424e-10
11 	 208 	 Ex 	 2 	 3.663832e-10 	 1.808166e-10
11 	 209 	 Ex 	 2 	 3.077464e-11 	 1.683264e-11
11 	 210 	 Ex 	 2 	 4.184368e-11 	 2.552311e-11
11 	 211 	 Ex 	 2 	 5.766775e-11 	 3.740299e-11
11 	 212 	 Ex 	 2 	 7.986571e-11 	 5.457445e-11
11 	 213 	 Ex 	 2 	 1.102105e-10 	 8.244574e-11
11 	 214 	 Ex 	 2 	 1.433549e-10 	 1.295302e-10
11 	 215 	 Ex 	 2 	 1.374283e-10 	 2.026826e-10
11 	 216 	 Ex 	 2 	 -4.958051e-11 	 2.993345e-10
11 	 217 	 Ex 	 2 	 -6.758700e-10 	 3.975339e-10
11 	 218 	 Ex 	 2 	 -1.668913e-09 	 4.642615e-10
11 	 219 	 Ex 	 2 	 -1.888952e-09 	 4.760687e-10
11 	 220 	 Ex 	 2 	 -1.115042e-09 	 4.330630e-10
11 	 221 	 Ex 	 2 	 -2.487860e-10 	 3.565189e-10
11 	 222 	 Ex 	 2 	 1.242387e-10 	 2.740874e-10
11 	 223 	 Ex 	 2 	 1.984050e-10 	 2.025265e-10
11 	 224 	 Ex 	 2 	 1.722191e-10 	 1.463474e-10
11 	 225 	 Ex 	 2 	 1.716041e-11 	 1.354687e-11
11 	 226 	 Ex 	 2 	 2.073135e-11 	 2.095837e-11
11 	 227 	 Ex 	 2 	 2.429717e-11 	 3.126131e-11
11 	 228 	 Ex 	 2 	 2.599863e-11 	 4.605772e-11
11 	 229 	 Ex 	 2 	 2.098888e-11 	 6.832808e-11
11 	 230 	 Ex 	 2 	 -3.785328e-12 	 1.017974e-10
11 	 231 	 Ex 	 2 	 -7.979629e-11 	 1.482372e-10
11 	 232 	 Ex 	 2 	 -2.608724e-10 	 2.035741e-10
11 	 233 	 Ex 	 2 	 -5.784660e-10 	 2.558506e-10
11 	 234 	 Ex 	 2 	 -9.170447e-10 	 2.902117e-10
11 	 235 	 Ex 	 2 	 -9.566025e-10 	 2.974137e-10
11 	 236 	 Ex 	 2 	 -7.376110e-10 	 2.783102e-10
11 	 237 	 Ex 	 2 	 -3.764435e-10 	 2.401634e-10
11 	 238 	 Ex 	 2 	 -1.239065e-10 	 1.945065e-10
11 	 239 	 Ex 	 2 	 -2.605916e-12 	 1.504887e-10
11 	 240 	 Ex 	 2 	 3.932000e-11 	 1.127467e-10
11 	 241 	 Ex 	 2 	 4.674894e-12 	 1.014927e-11
11 	 242 	 Ex 	 2 	 2.443858e-12 	 1.613787e-11
11 	 243 	 Ex 	 2 	 -2.516308e-12 	 2.449138e-11
11 	 244 	 Ex 	 2 	 -1.299711e-11 	 3.624539e-11
11 	 245 	 Ex 	 2 	 -3.424429e-11 	 5.287725e-11
11 	 246 	 Ex 	 2 	 -7.571056e-11 	 7.575005e-11
11 	 247 	 Ex 	 2 	 -1.517858e-10 	 1.047580e-10
11 	 248 	 Ex 	 2 	 -2.751696e-10 	 1.368747e-10
11 	 249 	 Ex 	 2 	 -4.348360e-10 	 1.659455e-10
11 	 250 	 Ex 	 2 	 -5.719574e-10 	 1.851322e-10
11 	 251 	 Ex 	 2 	 -5.734629e-10 	 1.900421e-10
11 	 252 	 Ex 	 2 	 -4.998091e-10 	 1.809894e-10
11 	 253 	 Ex 	 2 	 -3.362763e-10 	 1.608668e-10
11 	 254 	 Ex 	 2 	 -1.887657e-10 	 1.349667e-10
11 	 255 	 Ex 	 2 	 -9.005761e-11 	 1.081117e-10
11 	 256 	 Ex 	 2 	 -3.529018e-11 	 8.345374e-11
11 	 1 	 Ey 	 1 	 3.943913e-11 	 2.367718e-12
11 	 2 	 Ey 	 1 	 4.690424e-11 	 2.863996e-12
11 	 3 	 Ey 	 1 	 5.504955e-11 	 3.264417e-12
11 	 4 	 Ey 	 1 	 6.305003e-11 	 3.385045e-12
11 	 5 	 Ey 	 1 	 6.945874e-11 	 3.034322e-12
11 	 6 	 Ey 	 1 	 7.230311e-11 	 2.137139e-12
11 	 7 	 Ey 	 1 	 6.935445e-11 	 9.460544e-13
11 	 8 	 Ey 	 1 	 5.862819e-11 	 -1.731363e-13
11 	 9 	 Ey 	 1 	 3.966767e-11 	 -9.533290e-13
11 	 10 	 Ey 	 1 	 1.453020e-11 	 -1.307961e-12
11 	 11 	 Ey 	 1 	 -1.061733e-11 	 -1.332119e-12
11 	 12 	 Ey 	 1 	 -3.786075e-11 	 -1.187068e-12
11 	 13 	 Ey 	 1 	 -5.728659e-11 	 -1.008313e-12
11 	 14 	 Ey 	 1 	 -6.921847e-11 	 -8.828496e-13
11 	 15 	 Ey 	 1 	 -7.387709e-11 	 -8.180219e-13
11 	 16 	 Ey 	 1 	 -7.288327e-11 	 -7.790871e-13
11 	 17 	 Ey 	 1 	 4.437521e-11 	 2.707738e-12
11 	 18 	 Ey 	 1 	 5.415414e-11 	 3.304109e-12
11 	 19 	 Ey 	 1 	 6.547328e-11 	 3.842116e-12
11 	 20 	 Ey 	 1 	 7.746907e-11 	 3.981955e-12
11 	 21 	 Ey 	 1 	 8.828717e-11 	 3.342802e-12
11 	 22 	 Ey 	 1 	 9.520876e-11 	 1.866183e-12
11 	 23 	 Ey 	 1 	 9.462904e-11 	 -4.392354e-15
11 	 24 	 Ey 	 1 	 8.231631e-11 	 -1.649198e-12
11 	 25 	 Ey 	 1 	 5.599772e-11 	 -2.542189e-12
11 	 26 	 Ey 	 1 	 1.862959e-11 	 -2.669800e-12
11 	 27 	 Ey 	 1 	 -1.963598e-11 	 -2.369157e-12
11 	 28 	 Ey 	 1 	 -5.983837e-11 	 -1.882879e-12
11 	 29 	 Ey 	 1 	 -8.683626e-11 	 -1.423887e-12
11 	 30 	 Ey 	 1 	 -1.008476e-10 	 -1.160765e-12
11 	 31 	 Ey 	 1 	 -1.032444e-10 	 -1.062162e-12
11 	 32 	 Ey 	 1 	 -9.770003e-11 	 -1.021306e-12
11 	 33 	 Ey 	 1 	 4.837670e-11 	 2.802039e-12
11 	 34 	 Ey 	 1 	 6.047964e-11 	 3.478255e-12
11 	 35 	 Ey 	 1 	 7.510950e-11 	 4.056053e-12
11 	 36 	 Ey 	 1 	 9.161526e-11 	 4.070782e-12
11 	 37 	 Ey 	 1 	 1.080245e-10 	 2.928066e-12
11 	 38 	 Ey 	 1 	 1.211702e-10 	 5.787030e-13
11 	 39 	 Ey 	 1 	 1.261563e-10 	 -2.209374e-12
11 	 40 	 Ey 	 1 	 1.148375e-10 	 -4.370004e-12
11 	 41 	 Ey 	 1 	 7.984080e-11 	 -5.107148e-12
11 	 42 	 Ey 	 1 	 2.388846e-11 	 -4.724695e-12
11 	 43 	 Ey 	 1 	 -3.616458e-11 	 -3.869683e-12
11 	 44 	 Ey 	 1 	 -9.764229e-11 	 -2.871147e-12
11 	 45 	 Ey 	 1 	 -1.353236e-10 	 -1.949024e-12
11 	 46 	 Ey 	 1 	 -1.496474e-10 	 -1.458051e-12
11 	 47 	 Ey 	 1 	 -1.455802e-10 	 -1.315286e-12
11 	 48 	 Ey 	 1 	 -1.310679e-10 	 -1.277953e-12
11 	 49 	 Ey 	 1 	 5.081262e-11 	 2.611969e-12
11 	 50 	 Ey 	 1 	 6.487490e-11 	 3.182853e-12
11 	 51 	 Ey 	 1 	 8.232105e-11 	 3.515210e-12
11 	 52 	 Ey 	 1 	 1.028151e-10 	 2.998131e-12
11 	 53 	 Ey 	 1 	 1.250730e-10 	 9.698111e-13
11 	 54 	 Ey 	 1 	 1.470754e-10 	 -2.332507e-12
11 	 55 	 Ey 	 1 	 1.631806e-10 	 -5.907274e-12
11 	 56 	 Ey 	 1 	 1.596832e-10 	 -8.270881e-12
11 	 57 	 Ey 	 1 	 1.183939e-10 	 -8.373286e-12
11 	 58 	 Ey 	 1 	 3.509900e-11 	 -7.146231e-12
11 	 59 	 Ey 	 1 	 -6.365385e-11 	 -5.811518e-12
11 	 60 	 Ey 	 1 	 -1.626640e-10 	 -4.229428e-12
11 	 61 	 Ey 	 1 	 -2.154231e-10 	 -2.695851e-12
11 	 62 	 Ey 	 1 	 -2.249296e-10 	 -1.849336e-12
11 	 63 	 Ey 	 1 	 -2.059321e-10 	 -1.579296e-12
11 	 64 	 Ey 	 1 	 -1.748411e-10 	 -1.495521e-12
11 	 65 	 Ey 	 1 	 5.121923e-11 	 2.172078e-12
11 	 66 	 Ey 	 1 	 6.680773e-11 	 2.428797e-12
11 	 67 	 Ey 	 1 	 8.676068e-11 	 2.225936e-12
11 	 68 	 Ey 	 1 	 1.114636e-10 	 8.643120e-13
11 	 69 	 Ey 	 1 	 1.420159e-10 	 -2.018840e-12
11 	 70 	 Ey 	 1 	 1.794921e-10 	 -6.060837e-12
11 	 71 	 Ey 	 1 	 2.187008e-10 	 -9.952557e-12
11 	 72 	 Ey 	 1 	 2.386272e-10 	 -1.198020e-11
11 	 73 	 Ey 	 1 	 1.995212e-10 	 -1.123406e-11
11 	 74 	 Ey 	 1 	 7.202263e-11 	 -9.248604e-12
11 	 75 	 Ey 	 1 	 -1.033457e-10 	 -7.571872e-12
11 	 76 	 Ey 	 1 	 -2.747420e-10 	 -5.712310e-12
11 	 77 	 Ey 	 1 	 -3.492699e-10 	 -3.742537e-12
11 	 78 	 Ey 	 1 	 -3.413318e-10 	 -2.499927e-12
11 	 79 	 Ey 	 1 	 -2.905355e-10 	 -1.963669e-12
11 	 80 	 Ey 	 1 	 -2.298694e-10 	 -1.713279e-12
11 	 81 	 Ey 	 1 	 4.917741e-11 	 1.598645e-12
11 	 82 	 Ey 	 1 	 6.604468e-11 	 1.541303e-12
11 	 83 	 Ey 	 1 	 8.903502e-11 	 8.663965e-13
11 	 84 	 Ey 	 1 	 1.207104e-10 	 -9.514066e-13
11 	 85 	 Ey 	 1 	 1.663949e-10 	 -4.305318e-12
11 	 86 	 Ey 	 1 	 2.340488e-10 	 -8.765696e-12
11 	 87 	 Ey 	 1 	 3.252597e-10 	 -1.276413e-11
11 	 88 	 Ey 	 1 	 4.113683e-10 	 -1.435098e-11
11 	 89 	 Ey 	 1 	 4.027233e-10 	 -1.264347e-11
11 	 90 	 Ey 	 1 	 1.893670e-10 	 -1.013115e-11
11 	 91 	 Ey 	 1 	 -1.670923e-10 	 -8.557387e-12
11 	 92 	 Ey 	 1 	 -4.961698e-10 	 -7.036879e-12
11 	 93 	 Ey 	 1 	 -5.930473e-10 	 -4.945069e-12
11 	 94 	 Ey 	 1 	 -5.263807e-10 	 -3.308414e-12
11 	 95 	 Ey 	 1 	 -4.057499e-10 	 -2.451359e-12
11 	 96 	 Ey 	 1 	 -2.937121e-10 	 -1.917935e-12
11 	 97 	 Ey 	 1 	 4.409792e-11 	 1.062813e-12
11 	 98 	 Ey 	 1 	 6.156486e-11 	 8.756847e-13
11 	 99 	 Ey 	 1 	 8.740750e-11 	 8.909046e-14
11 	 100 	 Ey 	 1 	 1.273286e-10 	 -1.763737e-12
11 	 101 	 Ey 	 1 	 1.936425e-10 	 -5.108084e-12
11 	 102 	 Ey 	 1 	 3.104651e-10 	 -9.556665e-12
11 	 103 	 Ey 	 1 	 5.079792e-10 	 -1.349151e-11
11 	 104 	 Ey 	 1 	 7.764248e-10 	 -1.452500e-11
11 	 105 	 Ey 	 1 	 9.282888e-10 	 -1.195134e-11
11 	 106 	 Ey 	 1 	 5.557556e-10 	 -9.224827e-12
11 	 107 	 Ey 	 1 	 -3.166355e-10 	 -8.647879e-12
11 	 108 	 Ey 	 1 	 -1.033179e-09 	 -7.969263e-12
11 	 109 	 Ey 	 1 	 -1.082079e-09 	 -5.940516e-12
11 	 110 	 Ey 	 1 	 -8.191843e-10 	 -4.041229e-12
11 	 111 	 Ey 	 1 	 -5.482099e-10 	 -2.719859e-12
11 	 112 	 Ey 	 1 	 -3.545410e-10 	 -2.010679e-12
11 	 113 	 Ey 	 1 	 3.524914e-11 	 6.838566e-13
11 	 114 	 Ey 	 1 	 5.158965e-11 	 5.418397e-13
11 	 115 	 Ey 	 1 	 7.771091e-11 	 -6.606020e-14
11 	 116 	 Ey 	 1 	 1.221429e-10 	 -1.533312e-12
11 	 117 	 Ey 	 1 	 2.057328e-10 	 -4.380220e-12
11 	 118 	 Ey 	 1 	 3.790737e-10 	 -8.222450e-12
11 	 119 	 Ey 	 1 	 7.472350e-10 	 -1.151174e-11
11 	 120 	 Ey 	 1 	 1.456582e-09 	 -1.195656e-11
11 	 121 	 Ey 	 1 	 2.344222e-09 	 -8.610721e-12
11 	 122 	 Ey 	 1 	 1.911740e-09 	 -6.232493e-12
11 	 123 	 Ey 	 1 	 -8.735964e-10 	 -7.271890e-12
11 	 124 	 Ey 	 1 	 -2.644113e-09 	 -8.043113e-12
11 	 125 	 Ey 	 1 	 -2.084658e-09 	 -6.283240e-12
11 	 126 	 Ey 	 1 	 -1.220341e-09 	 -4.070600e-12
11 	 127 	 Ey 	 1 	 -6.752137e-10 	 -2.604694e-12
11 	 128 	 Ey 	 1 	 -3.822598e-10 	 -1.763567e-12
11 	 129 	 Ey 	 1 	 2.225004e-11 	 4.367251e-13
11 	 130 	 Ey 	 1 	 3.475202e-11 	 4.616595e-13
11 	 131 	 Ey 	 1 	 5.617254e-11 	 2.687769e-13
11 	 132 	 Ey 	 1 	 9.546761e-11 	 -3.872602e-13
11 	 133 	 Ey 	 1 	 1.766297e-10 	 -1.973478e-12
11 	 134 	 Ey 	 1 	 3.695044e-10 	 -4.254920e-12
11 	 135 	 Ey 	 1 	 8.776160e-10 	 -6.297471e-12
11 	 136 	 Ey 	 1 	 2.299667e-09 	 -6.034911e-12
11 	 137 	 Ey 	 1 	 6.034747e-09 	 -3.189363e-12
11 	 138 	 Ey 	 1 	 9.456964e-09 	 -2.642946e-12
11 	 139 	 Ey 	 1 	 -4.799061e-09 	 -3.598159e-12
11 	 140 	 Ey 	 1 	 -8.596523e-09 	 -5.259888e-12
11 	 141 	 Ey 	 1 	 -3.740480e-09 	 -4.908368e-12
11 	 142 	 Ey 	 1 	 -1.501134e-09 	 -3.048640e-12
11 	 143 	 Ey 	 1 	 -6.647312e-10 	 -1.806870e-12
11 	 144 	 Ey 	 1 	 -3.286922e-10 	 -1.118625e-12
11 	 145 	 Ey 	 1 	 4.642005e-12 	 2.549997e-13
11 	 146 	 Ey 	 1 	 1.014847e-11 	 4.966027e-13
11 	 147 	 Ey 	 1 	 2.079349e-11 	 8.770150e-13
11 	 148 	 Ey 	 1 	 4.170452e-11 	 1.392253e-12
11 	 149 	 Ey 	 1 	 8.669247e-11 	 1.819772e-12
11 	 150 	 Ey 	 1 	 2.008294e-10 	 2.010605e-12
11 	 151 	 Ey 	 1 	 5.491302e-10 	 2.109976e-12
11 	 152 	 Ey 	 1 	 1.885414e-09 	 2.629199e-12
11 	 153 	 Ey 	 1 	 9.421806e-09 	 2.771575e-12
11 	 154 	 Ey 	 1 	 8.454428e-08 	 -1.435642e-11
11 	 155 	 Ey 	 1 	 -4.323008e-08 	 4.965651e-12
11 	 156 	 Ey 	 1 	 -2.347543e-08 	 2.955601e-12
11 	 157 	 Ey 	 1 	 -3.717766e-09 	 -7.769682e-13
11 	 158 	 Ey 	 1 	 -9.977843e-10 	 -5.655925e-13
11 	 159 	 Ey 	 1 	 -3.648639e-10 	 -2.694045e-13
11 	 160 	 Ey 	 1 	 -1.628239e-10 	 -1.009592e-13
11 	 161 	 Ey 	 1 	 -2.192259e-11 	 9.894439e-14
11 	 162 	 Ey 	 1 	 -2.719593e-11 	 4.926809e-13
11 	 163 	 Ey 	 1 	 -3.388172e-11 	 1.369117e-12
11 	 164 	 Ey 	 1 	 -4.377874e-11 	 3.150503e-12
11 	 165 	 Ey 	 1 	 -6.458789e-11 	 6.018764e-12
11 	 166 	 Ey 	 1 	 -1.213838e-10 	 9.419257e-12
11 	 167 	 Ey 	 1 	 -2.999632e-10 	 1.217753e-11
11 	 168 	 Ey 	 1 	 -9.960700e-10 	 1.273116e-11
11 	 169 	 Ey 	 1 	 -5.512212e-09 	 1.123878e-11
11 	 170 	 Ey 	 1 	 -1.032624e-07 	 2.961433e-11
11 	 171 	 Ey 	 1 	 3.337984e-06 	 -9.426530e-10
11 	 172 	 Ey 	 1 	 1.557140e-08 	 4.140722e-12
11 	 173 	 Ey 	 1 	 1.748975e-09 	 4.456870e-12
11 	 174 	 Ey 	 1 	 4.286203e-10 	 2.618374e-12
11 	 175 	 Ey 	 1 	 1.496016e-10 	 1.592739e-12
11 	 176 	 Ey 	 1 	 6.183499e-11 	 1.100433e-12
11 	 177 	 Ey 	 1 	 -3.150954e-11 	 -3.327578e-14
11 	 178 	 Ey 	 1 	 -4.349258e-11 	 4.128413e-13
11 	 179 	 Ey 	 1 	 -6.177726e-11 	 1.553767e-12
11 	 180 	 Ey 	 1 	 -9.259019e-11 	 4.240638e-12
11 	 181 	 Ey 	 1 	 -1.570836e-10 	 9.150783e-12
11 	 182 	 Ey 	 1 	 -3.245768e-10 	 1.552476e-11
11 	 183 	 Ey 	 1 	 -8.171893e-10 	 2.093218e-11
11 	 184 	 Ey 	 1 	 -2.439716e-09 	 2.183156e-11
11 	 185 	 Ey 	 1 	 -8.486628e-09 	 1.740625e-11
11 	 186 	 Ey 	 1 	 -2.343648e-08 	 1.620523e-11
11 	 187 	 Ey 	 1 	 1.427529e-08 	 1.100170e-11
11 	 188 	 Ey 	 1 	 1.495065e-08 	 1.099338e-11
11 	 189 	 Ey 	 1 	 4.351658e-09 	 8.872470e-12
11 	 190 	 Ey 	 1 	 1.471808e-09 	 5.209048e-12
11 	 191 	 Ey 	 1 	 6.044490e-10 	 3.224655e-12
11 	 192 	 Ey 	 1 	 2.873232e-10 	 2.171256e-12
11 	 193 	 Ey 	 1 	 -4.668362e-11 	 -6.122862e-14
11 	 194 	 Ey 	 1 	 -6.561247e-11 	 4.002066e-13
11 	 195 	 Ey 	 1 	 -9.489702e-11 	 1.599290e-12
11 	 196 	 Ey 	 1 	 -1.428170e-10 	 4.522508e-12
11 	 197 	 Ey 	 1 	 -2.316025e-10 	 1.019154e-11
11 	 198 	 Ey 	 1 	 -4.242687e-10 	 1.777555e-11
11 	 199 	 Ey 	 1 	 -8.747744e-10 	 2.447465e-11
11 	 200 	 Ey 	 1 	 -1.893817e-09 	 2.601670e-11
11 	 201 	 Ey 	 1 	 -3.636822e-09 	 2.075211e-11
11 	 202 	 Ey 	 1 	 -3.677340e-09 	 1.579660e-11
11 	 203 	 Ey 	 1 	 1.633590e-09 	 1.496207e-11
11 	 204 	 Ey 	 1 	 4.370803e-09 	 1.394572e-11
11 	 205 	 Ey 	 1 	 2.798533e-09 	 1.023322e-11
11 	 206 	 Ey 	 1 	 1.413561e-09 	 6.390174e-12
11 	 207 	 Ey 	 1 	 7.135251e-10 	 4.187547e-12
11 	 208 	 Ey 	 1 	 3.808661e-10 	 2.941903e-12
11 	 209 	 Ey 	 1 	 -5.667834e-11 	 7.353465e-14
11 	 210 	 Ey 	 1 	 -7.887414e-11 	 6.087836e-13
11 	 211 	 Ey 	 1 	 -1.123138e-10 	 1.838216e-12
11 	 212 	 Ey 	 1 	 -1.641666e-10 	 4.565507e-12
11 	 213 	 Ey 	 1 	 -2.497888e-10 	 9.463943e-12
11 	 214 	 Ey 	 1 	 -4.023374e-10 	 1.590701e-11
11 	 215 	 Ey 	 1 	 -6.746290e-10 	 2.160838e-11
11 	 216 	 Ey 	 1 	 -1.088501e-09 	 2.342271e-11
11 	 217 	 Ey 	 1 	 -1.416807e-09 	 2.029047e-11
11 	 218 	 Ey 	 1 	 -9.527138e-10 	 1.614934e-11
11 	 219 	 Ey 	 1 	 4.279404e-10 	 1.397011e-11
11 	 220 	 Ey 	 1 	 1.485401e-09 	 1.209135e-11
11 	 221 	 Ey 	 1 	 1.416965e-09 	 9.236549e-12
11 	 222 	 Ey 	 1 	 9.766906e-10 	 6.477673e-12
11 	 223 	 Ey 	 1 	 6.068594e-10 	 4.582818e-12
11 	 224 	 Ey 	 1 	 3.711370e-10 	 3.328009e-12
11 	 225 	 Ey 	 1 	 -6.096752e-11 	 3.471036e-13
11 	 226 	 Ey 	 1 	 -8.282802e-11 	 9.530350e-13
11 	 227 	 Ey 	 1 	 -1.141742e-10 	 2.151284e-12
11 	 228 	 Ey 	 1 	 -1.594973e-10 	 4.431523e-12
11 	 229 	 Ey 	 1 	 -2.260912e-10 	 8.076842e-12
11 	 230 	 Ey 	 1 	 -3.242715e-10 	 1.254261e-11
11 	 231 	 Ey 	 1 	 -4.579449e-10 	 1.635387e-11
11 	 232 	 Ey 	 1 	 -5.920781e-10 	 1.796133e-11
11 	 233 	 Ey 	 1 	 -6.038013e-10 	 1.668156e-11
11 	 234 	 Ey 	 1 	 -3.255425e-10 	 1.418172e-11
11 	 235 	 Ey 	 1 	 1.676453e-10 	 1.201339e-11
11 	 236 	 Ey 	 1 	 6.126707e-10 	 9.997098e-12
11 	 237 	 Ey 	 1 	 7.156476e-10 	 7.910953e-12
11 	 238 	 Ey 	 1 	 6.069852e-10 	 6.008138e-12
11 	 239 	 Ey 	 1 	 4.466204e-10 	 4.513816e-12
11 	 240 	 Ey 	 1 	 3.100976e-10 	 3.412329e-12
11 	 241 	 Ey 	 1 	 -6.038945e-11 	 6.583008e-13
11 	 242 	 Ey 	 1 	 -7.955999e-11 	 1.301589e-12
11 	 243 	 Ey 	 1 	 -1.054740e-10 	 2.389089e-12
11 	 244 	 Ey 	 1 	 -1.400449e-10 	 4.161826e-12
11 	 245 	 Ey 	 1 	 -1.851272e-10 	 6.677472e-12
11 	 246 	 Ey 	 1 	 -2.405715e-10 	 9.503411e-12
11 	 247 	 Ey 	 1 	 -2.978633e-10 	 1.195995e-11
11 	 248 	 Ey 	 1 	 -3.297008e-10 	 1.313619e-11
11 	 249 	 Ey 	 1 	 -2.872423e-10 	 1.275189e-11
11 	 250 	 Ey 	 1 	 -1.330327e-10 	 1.145371e-11
11 	 251 	 Ey 	 1 	 8.202101e-11 	 9.900983e-12
11 	 252 	 Ey 	 1 	 2.943365e-10 	 8.312148e-12
11 	 253 	 Ey 	 1 	 3.831317e-10 	 6.802912e-12
11 	 254 	 Ey 	 1 	 3.715206e-10 	 5.381419e-12
11 	 255 	 Ey 	 1 	 3.100553e-10 	 4.167732e-12
11 	 256 	 Ey 	 1 	 2.393474e-10 	 3.214577e-12
11 	 1 	 Ey 	 2 	 3.600228e-11 	 2.826411e-12
11 	 2 	 Ey 	 2 	 4.272168e-11 	 4.001863e-12
11 	 3 	 Ey 	 2 	 5.034767e-11 	 5.364986e-12
11 	 4 	 Ey 	 2 	 5.840473e-11 	 6.652307e-12
11 	 5 	 Ey 	 2 	 6.577093e-11 	 7.453168e-12
11 	 6 	 Ey 	 2 	 7.048265e-11 	 7.379933e-12
11 	 7 	 Ey 	 2 	 6.982084e-11 	 6.229837e-12
11 	 8 	 Ey 	 2 	 6.106701e-11 	 4.052284e-12
11 	 9 	 Ey 	 2 	 4.318504e-11 	 1.175521e-12
11 	 10 	 Ey 	 2 	 1.817710e-11 	 -1.876383e-12
11 	 11 	 Ey 	 2 	 -7.450146e-12 	 -4.615100e-12
11 	 12 	 Ey 	 2 	 -3.537676e-11 	 -6.750682e-12
11 	 13 	 Ey 	 2 	 -5.533774e-11 	 -8.186733e-12
11 	 14 	 Ey 	 2 	 -6.750419e-11 	 -8.931048e-12
11 	 15 	 Ey 	 2 	 -7.211474e-11 	 -9.074721e-12
11 	 16 	 Ey 	 2 	 -7.091739e-11 	 -8.772647e-12
11 	 17 	 Ey 	 2 	 4.045413e-11 	 2.482555e-12
11 	 18 	 Ey 	 2 	 4.927826e-11 	 3.729874e-12
11 	 19 	 Ey 	 2 	 5.988150e-11 	 5.243818e-12
11 	 20 	 Ey 	 2 	 7.198404e-11 	 6.684762e-12
11 	 21 	 Ey 	 2 	 8.435468e-11 	 7.451469e-12
11 	 22 	 Ey 	 2 	 9.429728e-11 	 7.037104e-12
11 	 23 	 Ey 	 2 	 9.735451e-11 	 5.298535e-12
11 	 24 	 Ey 	 2 	 8.791667e-11 	 2.384453e-12
11 	 25 	 Ey 	 2 	 6.265750e-11 	 -1.268009e-12
11 	 26 	 Ey 	 2 	 2.467644e-11 	 -4.958320e-12
11 	 27 	 Ey 	 2 	 -1.503896e-11 	 -8.062589e-12
11 	 28 	 Ey 	 2 	 -5.680703e-11 	 -1.025894e-11
11 	 29 	 Ey 	 2 	 -8.496558e-11 	 -1.149677e-11
11 	 30 	 Ey 	 2 	 -9.943294e-11 	 -1.187562e-11
11 	 31 	 Ey 	 2 	 -1.017230e-10 	 -1.157439e-11
11 	 32 	 Ey 	 2 	 -9.582150e-11 	 -1.081677e-11
11 	 33 	 Ey 	 2 	 4.428853e-11 	 1.565081e-12
11 	 34 	 Ey 	 2 	 5.529766e-11 	 2.563819e-12
11 	 35 	 Ey 	 2 	 6.913618e-11 	 3.764858e-12
11 	 36 	 Ey 	 2 	 8.596475e-11 	 4.737742e-12
11 	 37 	 Ey 	 2 	 1.048158e-10 	 4.686371e-12
11 	 38 	 Ey 	 2 	 1.226132e-10 	 3.172536e-12
11 	 39 	 Ey 	 2 	 1.330233e-10 	 4.630133e-13
11 	 40 	 Ey 	 2 	 1.255920e-10 	 -3.013061e-12
11 	 41 	 Ey 	 2 	 9.116134e-11 	 -6.846915e-12
11 	 42 	 Ey 	 2 	 3.320100e-11 	 -1.056260e-11
11 	 43 	 Ey 	 2 	 -2.971778e-11 	 -1.362646e-11
11 	 44 	 Ey 	 2 	 -9.403020e-11 	 -1.546416e-11
11 	 45 	 Ey 	 2 	 -1.338112e-10 	 -1.593440e-11
11 	 46 	 Ey 	 2 	 -1.488709e-10 	 -1.543021e-11
11 	 47 	 Ey 	 2 	 -1.445321e-10 	 -1.434034e-11
11 	 48 	 Ey 	 2 	 -1.294232e-10 	 -1.291846e-11
11 	 49 	 Ey 	 2 	 4.698028e-11 	 5.988091e-14
11 	 50 	 Ey 	 2 	 6.003795e-11 	 3.458862e-13
11 	 51 	 Ey 	 2 	 7.696772e-11 	 3.944437e-13
11 	 52 	 Ey 	 2 	 9.847240e-11 	 -4.327912e-13
11 	 53 	 Ey 	 2 	 1.245124e-10 	 -2.919714e-12
11 	 54 	 Ey 	 2 	 1.527731e-10 	 -6.849070e-12
11 	 55 	 Ey 	 2 	 1.757147e-10 	 -1.103915e-11
11 	 56 	 Ey 	 2 	 1.766680e-10 	 -1.436831e-11
11 	 57 	 Ey 	 2 	 1.349195e-10 	 -1.659741e-11
11 	 58 	 Ey 	 2 	 4.791589e-11 	 -1.884043e-11
11 	 59 	 Ey 	 2 	 -5.514001e-11 	 -2.133661e-11
11 	 60 	 Ey 	 2 	 -1.583603e-10 	 -2.243874e-11
11 	 61 	 Ey 	 2 	 -2.143091e-10 	 -2.137067e-11
11 	 62 	 Ey 	 2 	 -2.248567e-10 	 -1.931580e-11
11 	 63 	 Ey 	 2 	 -2.054179e-10 	 -1.708302e-11
11 	 64 	 Ey 	 2 	 -1.734847e-10 	 -1.483348e-11
11 	 65 	 Ey 	 2 	 4.800552e-11 	 -1.780537e-12
11 	 66 	 Ey 	 2 	 6.293226e-11 	 -2.510394e-12
11 	 67 	 Ey 	 2 	 8.298597e-11 	 -4.221789e-12
11 	 68 	 Ey 	 2 	 1.097468e-10 	 -7.839055e-12
11 	 69 	 Ey 	 2 	 1.451965e-10 	 -1.383488e-11
11 	 70 	 Ey 	 2 	 1.898087e-10 	 -2.105701e-11
11 	 71 	 Ey 	 2 	 2.362762e-10 	 -2.721719e-11
11 	 72 	 Ey 	 2 	 2.603361e-10 	 -2.983779e-11
11 	 73 	 Ey 	 2 	 2.198073e-10 	 -2.858370e-11
11 	 74 	 Ey 	 2 	 8.739023e-11 	 -2.766153e-11
11 	 75 	 Ey 	 2 	 -9.327698e-11 	 -2.906603e-11
11 	 76 	 Ey 	 2 	 -2.697589e-10 	 -2.940970e-11
11 	 77 	 Ey 	 2 	 -3.481736e-10 	 -2.667639e-11
11 	 78 	 Ey 	 2 	 -3.415881e-10 	 -2.286166e-11
11 	 79 	 Ey 	 2 	 -2.903136e-10 	 -1.935863e-11
11 	 80 	 Ey 	 2 	 -2.287370e-10 	 -1.622735e-11
11 	 81 	 Ey 	 2 	 4.675082e-11 	 -3.498139e-12
11 	 82 	 Ey 	 2 	 6.327178e-11 	 -5.083458e-12
11 	 83 	 Ey 	 2 	 8.684126e-11 	 -8.201083e-12
11 	 84 	 Ey 	 2 	 1.210232e-10 	 -1.391940e-11
11 	 85 	 Ey 	 2 	 1.718768e-10 	 -2.262208e-11
11 	 86 	 Ey 	 2 	 2.468002e-10 	 -3.276401e-11
11 	 87 	 Ey 	 2 	 3.451648e-10 	 -4.097700e-11
11 	 88 	 Ey 	 2 	 4.349625e-10 	 -4.285988e-11
11 	 89 	 Ey 	 2 	 4.241753e-10 	 -3.765157e-11
11 	 90 	 Ey 	 2 	 2.053552e-10 	 -3.344279e-11
11 	 91 	 Ey 	 2 	 -1.567043e-10 	 -3.451650e-11
11 	 92 	 Ey 	 2 	 -4.908365e-10 	 -3.505659e-11
11 	 93 	 Ey 	 2 	 -5.916141e-10 	 -3.112587e-11
11 	 94 	 Ey 	 2 	 -5.264226e-10 	 -2.558003e-11
11 	 95 	 Ey 	 2 	 -4.054826e-10 	 -2.073384e-11
11 	 96 	 Ey 	 2 	 -2.926186e-10 	 -1.675446e-11
11 	 97 	 Ey 	 2 	 4.240025e-11 	 -4.694464e-12
11 	 98 	 Ey 	 2 	 5.961193e-11 	 -6.631092e-12
11 	 99 	 Ey 	 2 	 8.601363e-11 	 -1.023980e-11
11 	 100 	 Ey 	 2 	 1.281393e-10 	 -1.669986e-11
11 	 101 	 Ey 	 2 	 1.991210e-10 	 -2.664575e-11
11 	 102 	 Ey 	 2 	 3.226091e-10 	 -3.854854e-11
11 	 103 	 Ey 	 2 	 5.267249e-10 	 -4.801942e-11
11 	 104 	 Ey 	 2 	 7.983738e-10 	 -4.857608e-11
11 	 105 	 Ey 	 2 	 9.478051e-10 	 -3.920741e-11
11 	 106 	 Ey 	 2 	 5.699708e-10 	 -3.308925e-11
11 	 107 	 Ey 	 2 	 -3.072887e-10 	 -3.685002e-11
11 	 108 	 Ey 	 2 	 -1.028083e-09 	 -3.972613e-11
11 	 109 	 Ey 	 2 	 -1.080351e-09 	 -3.480814e-11
11 	 110 	 Ey 	 2 	 -8.187647e-10 	 -2.713015e-11
11 	 111 	 Ey 	 2 	 -5.476991e-10 	 -2.074058e-11
11 	 112 	 Ey 	 2 	 -3.533556e-10 	 -1.604994e-11
11 	 113 	 Ey 	 2 	 3.413057e-11 	 -5.217727e-12
11 	 114 	 Ey 	 2 	 5.007405e-11 	 -6.928533e-12
11 	 115 	 Ey 	 2 	 7.632678e-11 	 -1.005584e-11
11 	 116 	 Ey 	 2 	 1.221263e-10 	 -1.581701e-11
11 	 117 	 Ey 	 2 	 2.091132e-10 	 -2.512919e-11
11 	 118 	 Ey 	 2 	 3.876414e-10 	 -3.672950e-11
11 	 119 	 Ey 	 2 	 7.610695e-10 	 -4.577596e-11
11 	 120 	 Ey 	 2 	 1.472906e-09 	 -4.408829e-11
11 	 121 	 Ey 	 2 	 2.358141e-09 	 -3.057336e-11
11 	 122 	 Ey 	 2 	 1.921413e-09 	 -2.443118e-11
11 	 123 	 Ey 	 2 	 -8.669405e-10 	 -3.481957e-11
11 	 124 	 Ey 	 2 	 -2.639965e-09 	 -4.234836e-11
11 	 125 	 Ey 	 2 	 -2.082913e-09 	 -3.628694e-11
11 	 126 	 Ey 	 2 	 -1.219622e-09 	 -2.616036e-11
11 	 127 	 Ey 	 2 	 -6.744175e-10 	 -1.860382e-11
11 	 128 	 Ey 	 2 	 -3.810039e-10 	 -1.368084e-11
11 	 129 	 Ey 	 2 	 2.158135e-11 	 -5.164116e-12
11 	 130 	 Ey 	 2 	 3.342242e-11 	 -6.171944e-12
11 	 131 	 Ey 	 2 	 5.431431e-11 	 -7.923799e-12
11 	 132 	 Ey 	 2 	 9.364663e-11 	 -1.139516e-11
11 	 133 	 Ey 	 2 	 1.761202e-10 	 -1.757907e-11
11 	 134 	 Ey 	 2 	 3.715458e-10 	 -2.579289e-11
11 	 135 	 Ey 	 2 	 8.825760e-10 	 -3.201035e-11
11 	 136 	 Ey 	 2 	 2.305901e-09 	 -2.822071e-11
11 	 137 	 Ey 	 2 	 6.039231e-09 	 -1.234446e-11
11 	 138 	 Ey 	 2 	 9.459211e-09 	 -6.081157e-12
11 	 139 	 Ey 	 2 	 -4.796644e-09 	 -2.828259e-11
11 	 140 	 Ey 	 2 	 -8.594291e-09 	 -3.981889e-11
11 	 141 	 Ey 	 2 	 -3.739151e-09 	 -3.134687e-11
11 	 142 	 Ey 	 2 	 -1.500256e-09 	 -2.031237e-11
11 	 143 	 Ey 	 2 	 -6.637090e-10 	 -1.330872e-11
11 	 144 	 Ey 	 2 	 -3.274058e-10 	 -9.359403e-12
11 	 145 	 Ey 	 2 	 4.359876e-12 	 -4.805759e-12
11 	 146 	 Ey 	 2 	 8.940912e-12 	 -4.873621e-12
11 	 147 	 Ey 	 2 	 1.828717e-11 	 -4.648407e-12
11 	 148 	 Ey 	 2 	 3.758685e-11 	 -4.443404e-12
11 	 149 	 Ey 	 2 	 8.097508e-11 	 -4.961191e-12
11 	 150 	 Ey 	 2 	 1.939492e-10 	 -6.468662e-12
11 	 151 	 Ey 	 2 	 5.417038e-10 	 -7.675984e-12
11 	 152 	 Ey 	 2 	 1.877873e-09 	 -4.699593e-12
11 	 153 	 Ey 	 2 	 9.414064e-09 	 6.413482e-12
11 	 154 	 Ey 	 2 	 8.453302e-08 	 3.719799e-11
11 	 155 	 Ey 	 2 	 -4.323118e-08 	 -4.748913e-11
11 	 156 	 Ey 	 2 	 -2.347573e-08 	 -2.682678e-11
11 	 157 	 Ey 	 2 	 -3.717704e-09 	 -1.361258e-11
11 	 158 	 Ey 	 2 	 -9.970277e-10 	 -7.515258e-12
11 	 159 	 Ey 	 2 	 -3.637522e-10 	 -4.607841e-12
11 	 160 	 Ey 	 2 	 -1.616115e-10 	 -3.307680e-12
11 	 161 	 Ey 	 2 	 -2.183796e-11 	 -4.477948e-12
11 	 162 	 Ey 	 2 	 -2.820402e-11 	 -3.741140e-12
11 	 163 	 Ey 	 2 	 -3.683776e-11 	 -1.610143e-12
11 	 164 	 Ey 	 2 	 -5.009584e-11 	 2.654769e-12
11 	 165 	 Ey 	 2 	 -7.586413e-11 	 9.063250e-12
11 	 166 	 Ey 	 2 	 -1.383604e-10 	 1.622323e-11
11 	 167 	 Ey 	 2 	 -3.216777e-10 	 2.119904e-11
11 	 168 	 Ey 	 2 	 -1.019373e-09 	 1.963381e-11
11 	 169 	 Ey 	 2 	 -5.532639e-09 	 9.405441e-12
11 	 170 	 Ey 	 2 	 -1.032716e-07 	 -3.818422e-11
11 	 171 	 Ey 	 2 	 3.337763e-06 	 5.440321e-10
11 	 172 	 Ey 	 2 	 1.556461e-08 	 2.721700e-11
11 	 173 	 Ey 	 2 	 1.747144e-09 	 1.600205e-11
11 	 174 	 Ey 	 2 	 4.290977e-10 	 9.582497e-12
11 	 175 	 Ey 	 2 	 1.506424e-10 	 5.655896e-12
11 	 176 	 Ey 	 2 	 6.284378e-11 	 3.321113e-12
11 	 177 	 Ey 	 2 	 -3.112858e-11 	 -4.333304e-12
11 	 178 	 Ey 	 2 	 -4.429067e-11 	 -3.233971e-12
11 	 179 	 Ey 	 2 	 -6.489195e-11 	 -8.340032e-14
11 	 180 	 Ey 	 2 	 -1.003953e-10 	 6.904882e-12
11 	 181 	 Ey 	 2 	 -1.729300e-10 	 1.884538e-11
11 	 182 	 Ey 	 2 	 -3.505543e-10 	 3.351822e-11
11 	 183 	 Ey 	 2 	 -8.521761e-10 	 4.447000e-11
11 	 184 	 Ey 	 2 	 -2.478048e-09 	 4.068610e-11
11 	 185 	 Ey 	 2 	 -8.519329e-09 	 1.863792e-11
11 	 186 	 Ey 	 2 	 -2.345928e-08 	 4.133807e-12
11 	 187 	 Ey 	 2 	 1.425775e-08 	 4.204034e-11
11 	 188 	 Ey 	 2 	 1.494016e-08 	 5.314833e-11
11 	 189 	 Ey 	 2 	 4.348149e-09 	 3.818694e-11
11 	 190 	 Ey 	 2 	 1.471794e-09 	 2.315899e-11
11 	 191 	 Ey 	 2 	 6.051014e-10 	 1.412668e-11
11 	 192 	 Ey 	 2 	 2.878436e-10 	 8.964795e-12
11 	 193 	 Ey 	 2 	 -4.622916e-11 	 -4.326759e-12
11 	 194 	 Ey 	 2 	 -6.639420e-11 	 -3.286289e-12
11 	 195 	 Ey 	 2 	 -9.820866e-11 	 -2.003738e-13
11 	 196 	 Ey 	 2 	 -1.514120e-10 	 7.009530e-12
11 	 197 	 Ey 	 2 	 -2.497207e-10 	 2.013583e-11
11 	 198 	 Ey 	 2 	 -4.548398e-10 	 3.708427e-11
11 	 199 	 Ey 	 2 	 -9.167345e-10 	 5.065926e-11
11 	 200 	 Ey 	 2 	 -1.940203e-09 	 4.945356e-11
11 	 201 	 Ey 	 2 	 -3.676672e-09 	 3.147794e-11
11 	 202 	 Ey 	 2 	 -3.706148e-09 	 2.350913e-11
11 	 203 	 Ey 	 2 	 1.613696e-09 	 3.938016e-11
11 	 204 	 Ey 	 2 	 4.358836e-09 	 4.986618e-11
11 	 205 	 Ey 	 2 	 2.793583e-09 	 4.111789e-11
11 	 206 	 Ey 	 2 	 1.412336e-09 	 2.768484e-11
11 	 207 	 Ey 	 2 	 7.132241e-10 	 1.828492e-11
11 	 208 	 Ey 	 2 	 3.805925e-10 	 1.234381e-11
11 	 209 	 Ey 	 2 	 -5.641871e-11 	 -4.232694e-12
11 	 210 	 Ey 	 2 	 -7.999650e-11 	 -3.371161e-12
11 	 211 	 Ey 	 2 	 -1.161069e-10 	 -8.069370e-13
11 	 212 	 Ey 	 2 	 -1.731575e-10 	 5.046044e-12
11 	 213 	 Ey 	 2 	 -2.674780e-10 	 1.548996e-11
11 	 214 	 Ey 	 2 	 -4.311559e-10 	 2.902180e-11
11 	 215 	 Ey 	 2 	 -7.134894e-10 	 4.033097e-11
11 	 216 	 Ey 	 2 	 -1.131287e-09 	 4.217470e-11
11 	 217 	 Ey 	 2 	 -1.454827e-09 	 3.406449e-11
11 	 218 	 Ey 	 2 	 -9.814192e-10 	 2.895341e-11
11 	 219 	 Ey 	 2 	 4.080410e-10 	 3.355069e-11
11 	 220 	 Ey 	 2 	 1.472991e-09 	 3.737744e-11
11 	 221 	 Ey 	 2 	 1.410467e-09 	 3.320307e-11
11 	 222 	 Ey 	 2 	 9.736103e-10 	 2.537210e-11
11 	 223 	 Ey 	 2 	 6.051221e-10 	 1.849980e-11
11 	 224 	 Ey 	 2 	 3.698457e-10 	 1.337049e-11
11 	 225 	 Ey 	 2 	 -6.108991e-11 	 -3.929791e-12
11 	 226 	 Ey 	 2 	 -8.444559e-11 	 -3.210821e-12
11 	 227 	 Ey 	 2 	 -1.184291e-10 	 -1.197187e-12
11 	 228 	 Ey 	 2 	 -1.682630e-10 	 3.039932e-12
11 	 229 	 Ey 	 2 	 -2.416318e-10 	 1.007420e-11
11 	 230 	 Ey 	 2 	 -3.479067e-10 	 1.888850e-11
11 	 231 	 Ey 	 2 	 -4.885484e-10 	 2.647012e-11
11 	 232 	 Ey 	 2 	 -6.256028e-10 	 2.943376e-11
11 	 233 	 Ey 	 2 	 -6.347535e-10 	 2.762060e-11
11 	 234 	 Ey 	 2 	 -3.504552e-10 	 2.564050e-11
11 	 235 	 Ey 	 2 	 1.493873e-10 	 2.631066e-11
11 	 236 	 Ey 	 2 	 6.003508e-10 	 2.693759e-11
11 	 237 	 Ey 	 2 	 7.079646e-10 	 2.488173e-11
11 	 238 	 Ey 	 2 	 6.023206e-10 	 2.082677e-11
11 	 239 	 Ey 	 2 	 4.435599e-10 	 1.649866e-11
11 	 240 	 Ey 	 2 	 3.078661e-10 	 1.270225e-11
11 	 241 	 Ey 	 2 	 -6.093346e-11 	 -3.437204e-12
11 	 242 	 Ey 	 2 	 -8.159824e-11 	 -2.832106e-12
11 	 243 	 Ey 	 2 	 -1.098757e-10 	 -1.314560e-12
11 	 244 	 Ey 	 2 	 -1.480423e-10 	 1.586338e-12
11 	 245 	 Ey 	 2 	 -1.979839e-10 	 6.042473e-12
11 	 246 	 Ey 	 2 	 -2.587980e-10 	 1.141838e-11
11 	 247 	 Ey 	 2 	 -3.205966e-10 	 1.625844e-11
11 	 248 	 Ey 	 2 	 -3.544366e-10 	 1.906355e-11
11 	 249 	 Ey 	 2 	 -3.108151e-10 	 1.969735e-11
11 	 250 	 Ey 	 2 	 -1.531338e-10 	 1.957614e-11
11 	 251 	 Ey 	 2 	 6.628248e-11 	 1.974546e-11
11 	 252 	 Ey 	 2 	 2.828235e-10 	 1.967174e-11
11 	 253 	 Ey 	 2 	 3.750724e-10 	 1.855686e-11
11 	 254 	 Ey 	 2 	 3.659854e-10 	 1.638573e-11
11 	 255 	 Ey 	 2 	 3.061815e-10 	 1.373316e-11
11 	 256 	 Ey 	 2 	 2.365132e-10 	 1.111003e-11
