iTx 	 iRx    chrec  ifreq 	 emf_real 	 emf_imag
4 	 1 	 Ex 	 1 	 2.297861e-11 	 1.044847e-11
4 	 2 	 Ex 	 1 	 3.088759e-11 	 1.278580e-11
4 	 3 	 Ex 	 1 	 4.214757e-11 	 1.581280e-11
4 	 4 	 Ex 	 1 	 5.872222e-11 	 1.965789e-11
4 	 5 	 Ex 	 1 	 8.376445e-11 	 2.460845e-11
4 	 6 	 Ex 	 1 	 1.222114e-10 	 3.127788e-11
4 	 7 	 Ex 	 1 	 1.822208e-10 	 4.022559e-11
4 	 8 	 Ex 	 1 	 2.785613e-10 	 5.181354e-11
4 	 9 	 Ex 	 1 	 4.418761e-10 	 6.659991e-11
4 	 10 	 Ex 	 1 	 7.447090e-10 	 8.608500e-11
4 	 11 	 Ex 	 1 	 1.377924e-09 	 1.139443e-10
4 	 12 	 Ex 	 1 	 2.915501e-09 	 1.583111e-10
4 	 13 	 Ex 	 1 	 7.378999e-09 	 2.391120e-10
4 	 14 	 Ex 	 1 	 1.951448e-08 	 4.123582e-10
4 	 15 	 Ex 	 1 	 -8.194543e-08 	 7.140691e-10
4 	 16 	 Ex 	 1 	 1.751193e-08 	 5.094963e-10
4 	 17 	 Ex 	 1 	 2.283104e-11 	 1.027390e-11
4 	 18 	 Ex 	 1 	 3.061411e-11 	 1.251543e-11
4 	 19 	 Ex 	 1 	 4.172977e-11 	 1.533644e-11
4 	 20 	 Ex 	 1 	 5.833918e-11 	 1.893621e-11
4 	 21 	 Ex 	 1 	 8.412932e-11 	 2.376790e-11
4 	 22 	 Ex 	 1 	 1.249323e-10 	 3.067094e-11
4 	 23 	 Ex 	 1 	 1.900805e-10 	 4.035823e-11
4 	 24 	 Ex 	 1 	 2.955564e-10 	 5.312483e-11
4 	 25 	 Ex 	 1 	 4.741184e-10 	 6.905751e-11
4 	 26 	 Ex 	 1 	 8.097837e-10 	 8.928740e-11
4 	 27 	 Ex 	 1 	 1.547257e-09 	 1.179739e-10
4 	 28 	 Ex 	 1 	 3.538719e-09 	 1.652683e-10
4 	 29 	 Ex 	 1 	 1.101404e-08 	 2.583811e-10
4 	 30 	 Ex 	 1 	 6.649254e-08 	 5.119214e-10
4 	 31 	 Ex 	 1 	 -2.623470e-06 	 3.503213e-09
4 	 32 	 Ex 	 1 	 8.906982e-08 	 7.246856e-10
4 	 33 	 Ex 	 1 	 2.189656e-11 	 1.005257e-11
4 	 34 	 Ex 	 1 	 2.905107e-11 	 1.211404e-11
4 	 35 	 Ex 	 1 	 3.907131e-11 	 1.460975e-11
4 	 36 	 Ex 	 1 	 5.403430e-11 	 1.770163e-11
4 	 37 	 Ex 	 1 	 7.789921e-11 	 2.205698e-11
4 	 38 	 Ex 	 1 	 1.169114e-10 	 2.885409e-11
4 	 39 	 Ex 	 1 	 1.803353e-10 	 3.912324e-11
4 	 40 	 Ex 	 1 	 2.813507e-10 	 5.318737e-11
4 	 41 	 Ex 	 1 	 4.402429e-10 	 6.991421e-11
4 	 42 	 Ex 	 1 	 7.098597e-10 	 8.891863e-11
4 	 43 	 Ex 	 1 	 1.238284e-09 	 1.139249e-10
4 	 44 	 Ex 	 1 	 2.408173e-09 	 1.530433e-10
4 	 45 	 Ex 	 1 	 5.065002e-09 	 2.219355e-10
4 	 46 	 Ex 	 1 	 6.379664e-09 	 3.500143e-10
4 	 47 	 Ex 	 1 	 -3.254301e-08 	 5.033343e-10
4 	 48 	 Ex 	 1 	 -4.378464e-11 	 4.084676e-10
4 	 49 	 Ex 	 1 	 2.011140e-11 	 9.776446e-12
4 	 50 	 Ex 	 1 	 2.622664e-11 	 1.168827e-11
4 	 51 	 Ex 	 1 	 3.441946e-11 	 1.379861e-11
4 	 52 	 Ex 	 1 	 4.632435e-11 	 1.614220e-11
4 	 53 	 Ex 	 1 	 6.582719e-11 	 1.966606e-11
4 	 54 	 Ex 	 1 	 9.908106e-11 	 2.601620e-11
4 	 55 	 Ex 	 1 	 1.543950e-10 	 3.659917e-11
4 	 56 	 Ex 	 1 	 2.408535e-10 	 5.199342e-11
4 	 57 	 Ex 	 1 	 3.587691e-10 	 6.931309e-11
4 	 58 	 Ex 	 1 	 5.130153e-10 	 8.550141e-11
4 	 59 	 Ex 	 1 	 7.336569e-10 	 1.039197e-10
4 	 60 	 Ex 	 1 	 1.006675e-09 	 1.298567e-10
4 	 61 	 Ex 	 1 	 9.258437e-10 	 1.682876e-10
4 	 62 	 Ex 	 1 	 -1.337646e-09 	 2.176806e-10
4 	 63 	 Ex 	 1 	 -5.677832e-09 	 2.515525e-10
4 	 64 	 Ex 	 1 	 -2.889465e-09 	 2.333592e-10
4 	 65 	 Ex 	 1 	 1.781848e-11 	 9.478471e-12
4 	 66 	 Ex 	 1 	 2.277266e-11 	 1.128222e-11
4 	 67 	 Ex 	 1 	 2.901464e-11 	 1.302311e-11
4 	 68 	 Ex 	 1 	 3.755640e-11 	 1.463863e-11
4 	 69 	 Ex 	 1 	 5.176307e-11 	 1.728292e-11
4 	 70 	 Ex 	 1 	 7.716286e-11 	 2.295564e-11
4 	 71 	 Ex 	 1 	 1.204176e-10 	 3.329986e-11
4 	 72 	 Ex 	 1 	 1.867009e-10 	 4.926780e-11
4 	 73 	 Ex 	 1 	 2.612299e-10 	 6.650819e-11
4 	 74 	 Ex 	 1 	 3.179434e-10 	 7.938759e-11
4 	 75 	 Ex 	 1 	 3.403490e-10 	 9.120824e-11
4 	 76 	 Ex 	 1 	 2.585074e-10 	 1.057878e-10
4 	 77 	 Ex 	 1 	 -1.246665e-10 	 1.246162e-10
4 	 78 	 Ex 	 1 	 -1.033498e-09 	 1.451564e-10
4 	 79 	 Ex 	 1 	 -1.915890e-09 	 1.572397e-10
4 	 80 	 Ex 	 1 	 -1.374992e-09 	 1.516139e-10
4 	 81 	 Ex 	 1 	 1.523362e-11 	 9.180963e-12
4 	 82 	 Ex 	 1 	 1.908894e-11 	 1.084314e-11
4 	 83 	 Ex 	 1 	 2.360717e-11 	 1.228670e-11
4 	 84 	 Ex 	 1 	 2.927329e-11 	 1.343757e-11
4 	 85 	 Ex 	 1 	 3.865495e-11 	 1.541639e-11
4 	 86 	 Ex 	 1 	 5.614004e-11 	 2.030534e-11
4 	 87 	 Ex 	 1 	 8.627643e-11 	 2.983719e-11
4 	 88 	 Ex 	 1 	 1.305482e-10 	 4.499879e-11
4 	 89 	 Ex 	 1 	 1.691467e-10 	 6.091640e-11
4 	 90 	 Ex 	 1 	 1.698346e-10 	 7.099009e-11
4 	 91 	 Ex 	 1 	 1.156278e-10 	 7.806335e-11
4 	 92 	 Ex 	 1 	 -2.261732e-11 	 8.532627e-11
4 	 93 	 Ex 	 1 	 -2.765269e-10 	 9.389806e-11
4 	 94 	 Ex 	 1 	 -6.209029e-10 	 1.030324e-10
4 	 95 	 Ex 	 1 	 -8.852273e-10 	 1.085177e-10
4 	 96 	 Ex 	 1 	 -7.109981e-10 	 1.064896e-10
4 	 97 	 Ex 	 1 	 1.254557e-11 	 8.816905e-12
4 	 98 	 Ex 	 1 	 1.540319e-11 	 1.034658e-11
4 	 99 	 Ex 	 1 	 1.847010e-11 	 1.159298e-11
4 	 100 	 Ex 	 1 	 2.187390e-11 	 1.247947e-11
4 	 101 	 Ex 	 1 	 2.739637e-11 	 1.396926e-11
4 	 102 	 Ex 	 1 	 3.808362e-11 	 1.808957e-11
4 	 103 	 Ex 	 1 	 5.645339e-11 	 2.645306e-11
4 	 104 	 Ex 	 1 	 8.145427e-11 	 3.981276e-11
4 	 105 	 Ex 	 1 	 9.535458e-11 	 5.354340e-11
4 	 106 	 Ex 	 1 	 7.280711e-11 	 6.144604e-11
4 	 107 	 Ex 	 1 	 6.239603e-12 	 6.561348e-11
4 	 108 	 Ex 	 1 	 -1.049551e-10 	 6.902153e-11
4 	 109 	 Ex 	 1 	 -2.462786e-10 	 7.257877e-11
4 	 110 	 Ex 	 1 	 -3.864717e-10 	 7.663981e-11
4 	 111 	 Ex 	 1 	 -4.896238e-10 	 7.937278e-11
4 	 112 	 Ex 	 1 	 -4.116819e-10 	 7.850579e-11
4 	 113 	 Ex 	 1 	 9.891004e-12 	 8.400409e-12
4 	 114 	 Ex 	 1 	 1.188429e-11 	 9.804059e-12
4 	 115 	 Ex 	 1 	 1.377840e-11 	 1.089709e-11
4 	 116 	 Ex 	 1 	 1.547257e-11 	 1.163396e-11
4 	 117 	 Ex 	 1 	 1.808816e-11 	 1.278971e-11
4 	 118 	 Ex 	 1 	 2.351153e-11 	 1.616677e-11
4 	 119 	 Ex 	 1 	 3.270201e-11 	 2.319971e-11
4 	 120 	 Ex 	 1 	 4.349925e-11 	 3.439092e-11
4 	 121 	 Ex 	 1 	 4.293728e-11 	 4.573706e-11
4 	 122 	 Ex 	 1 	 1.502145e-11 	 5.189121e-11
4 	 123 	 Ex 	 1 	 -4.132543e-11 	 5.448699e-11
4 	 124 	 Ex 	 1 	 -1.173465e-10 	 5.601268e-11
4 	 125 	 Ex 	 1 	 -1.938673e-10 	 5.727423e-11
4 	 126 	 Ex 	 1 	 -2.548979e-10 	 5.896446e-11
4 	 127 	 Ex 	 1 	 -3.037527e-10 	 6.032289e-11
4 	 128 	 Ex 	 1 	 -2.606642e-10 	 5.994013e-11
4 	 129 	 Ex 	 1 	 7.388561e-12 	 7.935120e-12
4 	 130 	 Ex 	 1 	 8.688307e-12 	 9.199188e-12
4 	 131 	 Ex 	 1 	 9.670053e-12 	 1.023863e-11
4 	 132 	 Ex 	 1 	 1.014349e-11 	 1.086462e-11
4 	 133 	 Ex 	 1 	 1.070346e-11 	 1.173723e-11
4 	 134 	 Ex 	 1 	 1.234392e-11 	 1.442210e-11
4 	 135 	 Ex 	 1 	 1.507180e-11 	 2.012024e-11
4 	 136 	 Ex 	 1 	 1.654055e-11 	 2.917047e-11
4 	 137 	 Ex 	 1 	 8.633321e-12 	 3.827304e-11
4 	 138 	 Ex 	 1 	 -1.705623e-11 	 4.310118e-11
4 	 139 	 Ex 	 1 	 -5.906012e-11 	 4.488663e-11
4 	 140 	 Ex 	 1 	 -1.082144e-10 	 4.556410e-11
4 	 141 	 Ex 	 1 	 -1.497045e-10 	 4.583471e-11
4 	 142 	 Ex 	 1 	 -1.772827e-10 	 4.646065e-11
4 	 143 	 Ex 	 1 	 -2.040941e-10 	 4.713267e-11
4 	 144 	 Ex 	 1 	 -1.767489e-10 	 4.687535e-11
4 	 145 	 Ex 	 1 	 5.122573e-12 	 7.391194e-12
4 	 146 	 Ex 	 1 	 5.884286e-12 	 8.590159e-12
4 	 147 	 Ex 	 1 	 6.231197e-12 	 9.606045e-12
4 	 148 	 Ex 	 1 	 5.906980e-12 	 1.011765e-11
4 	 149 	 Ex 	 1 	 5.068572e-12 	 1.074725e-11
4 	 150 	 Ex 	 1 	 4.107529e-12 	 1.285288e-11
4 	 151 	 Ex 	 1 	 2.576935e-12 	 1.733701e-11
4 	 152 	 Ex 	 1 	 -1.545237e-12 	 2.438756e-11
4 	 153 	 Ex 	 1 	 -1.251185e-11 	 3.147236e-11
4 	 154 	 Ex 	 1 	 -3.359368e-11 	 3.525858e-11
4 	 155 	 Ex 	 1 	 -6.302854e-11 	 3.665655e-11
4 	 156 	 Ex 	 1 	 -9.400868e-11 	 3.705233e-11
4 	 157 	 Ex 	 1 	 -1.165530e-10 	 3.703006e-11
4 	 158 	 Ex 	 1 	 -1.290159e-10 	 3.720923e-11
4 	 159 	 Ex 	 1 	 -1.455672e-10 	 3.754733e-11
4 	 160 	 Ex 	 1 	 -1.265070e-10 	 3.735021e-11
4 	 161 	 Ex 	 1 	 3.101015e-12 	 6.799187e-12
4 	 162 	 Ex 	 1 	 3.467228e-12 	 7.978178e-12
4 	 163 	 Ex 	 1 	 3.445953e-12 	 8.923162e-12
4 	 164 	 Ex 	 1 	 2.632517e-12 	 9.399360e-12
4 	 165 	 Ex 	 1 	 8.533345e-13 	 9.875865e-12
4 	 166 	 Ex 	 1 	 -1.836981e-12 	 1.145310e-11
4 	 167 	 Ex 	 1 	 -6.004166e-12 	 1.480001e-11
4 	 168 	 Ex 	 1 	 -1.320413e-11 	 2.005037e-11
4 	 169 	 Ex 	 1 	 -2.484796e-11 	 2.541705e-11
4 	 170 	 Ex 	 1 	 -4.101695e-11 	 2.844693e-11
4 	 171 	 Ex 	 1 	 -6.071391e-11 	 2.971583e-11
4 	 172 	 Ex 	 1 	 -7.980815e-11 	 3.016223e-11
4 	 173 	 Ex 	 1 	 -9.201821e-11 	 3.014921e-11
4 	 174 	 Ex 	 1 	 -9.751885e-11 	 3.019864e-11
4 	 175 	 Ex 	 1 	 -1.088201e-10 	 3.037630e-11
4 	 176 	 Ex 	 1 	 -9.465332e-11 	 3.021556e-11
4 	 177 	 Ex 	 1 	 1.270908e-12 	 6.186529e-12
4 	 178 	 Ex 	 1 	 1.346727e-12 	 7.274426e-12
4 	 179 	 Ex 	 1 	 1.083374e-12 	 8.158109e-12
4 	 180 	 Ex 	 1 	 -2.324118e-15 	 8.664828e-12
4 	 181 	 Ex 	 1 	 -2.393484e-12 	 9.093407e-12
4 	 182 	 Ex 	 1 	 -6.174246e-12 	 1.020489e-11
4 	 183 	 Ex 	 1 	 -1.182139e-11 	 1.255057e-11
4 	 184 	 Ex 	 1 	 -2.032875e-11 	 1.624954e-11
4 	 185 	 Ex 	 1 	 -3.123571e-11 	 2.015111e-11
4 	 186 	 Ex 	 1 	 -4.298914e-11 	 2.264710e-11
4 	 187 	 Ex 	 1 	 -5.548542e-11 	 2.394178e-11
4 	 188 	 Ex 	 1 	 -6.685342e-11 	 2.456224e-11
4 	 189 	 Ex 	 1 	 -7.355495e-11 	 2.471222e-11
4 	 190 	 Ex 	 1 	 -7.610766e-11 	 2.477438e-11
4 	 191 	 Ex 	 1 	 -8.456904e-11 	 2.484482e-11
4 	 192 	 Ex 	 1 	 -7.352188e-11 	 2.471232e-11
4 	 193 	 Ex 	 1 	 -4.192288e-13 	 5.557694e-12
4 	 194 	 Ex 	 1 	 -6.187222e-13 	 6.451038e-12
4 	 195 	 Ex 	 1 	 -1.162282e-12 	 7.247805e-12
4 	 196 	 Ex 	 1 	 -2.524263e-12 	 7.836413e-12
4 	 197 	 Ex 	 1 	 -5.238173e-12 	 8.295676e-12
4 	 198 	 Ex 	 1 	 -9.491766e-12 	 9.089041e-12
4 	 199 	 Ex 	 1 	 -1.557932e-11 	 1.066149e-11
4 	 200 	 Ex 	 1 	 -2.385921e-11 	 1.312415e-11
4 	 201 	 Ex 	 1 	 -3.306340e-11 	 1.584424e-11
4 	 202 	 Ex 	 1 	 -4.139260e-11 	 1.790244e-11
4 	 203 	 Ex 	 1 	 -4.909692e-11 	 1.921951e-11
4 	 204 	 Ex 	 1 	 -5.566035e-11 	 1.998855e-11
4 	 205 	 Ex 	 1 	 -5.958112e-11 	 2.031393e-11
4 	 206 	 Ex 	 1 	 -6.110396e-11 	 2.043525e-11
4 	 207 	 Ex 	 1 	 -6.789483e-11 	 2.046961e-11
4 	 208 	 Ex 	 1 	 -5.894103e-11 	 2.034179e-11
4 	 209 	 Ex 	 1 	 -1.948867e-12 	 4.872650e-12
4 	 210 	 Ex 	 1 	 -2.460517e-12 	 5.586616e-12
4 	 211 	 Ex 	 1 	 -3.356730e-12 	 6.278280e-12
4 	 212 	 Ex 	 1 	 -5.015056e-12 	 6.887647e-12
4 	 213 	 Ex 	 1 	 -7.804138e-12 	 7.362282e-12
4 	 214 	 Ex 	 1 	 -1.194909e-11 	 8.012725e-12
4 	 215 	 Ex 	 1 	 -1.755973e-11 	 9.140869e-12
4 	 216 	 Ex 	 1 	 -2.447606e-11 	 1.077612e-11
4 	 217 	 Ex 	 1 	 -3.157096e-11 	 1.261167e-11
4 	 218 	 Ex 	 1 	 -3.764565e-11 	 1.420514e-11
4 	 219 	 Ex 	 1 	 -4.269904e-11 	 1.539047e-11
4 	 220 	 Ex 	 1 	 -4.669964e-11 	 1.617763e-11
4 	 221 	 Ex 	 1 	 -4.921974e-11 	 1.661141e-11
4 	 222 	 Ex 	 1 	 -5.028804e-11 	 1.680396e-11
4 	 223 	 Ex 	 1 	 -5.594176e-11 	 1.684522e-11
4 	 224 	 Ex 	 1 	 -4.847032e-11 	 1.674509e-11
4 	 225 	 Ex 	 1 	 -3.258383e-12 	 4.160165e-12
4 	 226 	 Ex 	 1 	 -4.064680e-12 	 4.780821e-12
4 	 227 	 Ex 	 1 	 -5.259994e-12 	 5.393736e-12
4 	 228 	 Ex 	 1 	 -7.060831e-12 	 5.880594e-12
4 	 229 	 Ex 	 1 	 -9.743689e-12 	 6.352825e-12
4 	 230 	 Ex 	 1 	 -1.344379e-11 	 6.973517e-12
4 	 231 	 Ex 	 1 	 -1.812114e-11 	 7.856288e-12
4 	 232 	 Ex 	 1 	 -2.346102e-11 	 8.983350e-12
4 	 233 	 Ex 	 1 	 -2.873988e-11 	 1.021751e-11
4 	 234 	 Ex 	 1 	 -3.328721e-11 	 1.137360e-11
4 	 235 	 Ex 	 1 	 -3.695107e-11 	 1.233774e-11
4 	 236 	 Ex 	 1 	 -3.970689e-11 	 1.304849e-11
4 	 237 	 Ex 	 1 	 -4.147290e-11 	 1.350731e-11
4 	 238 	 Ex 	 1 	 -4.222750e-11 	 1.375217e-11
4 	 239 	 Ex 	 1 	 -4.702896e-11 	 1.383072e-11
4 	 240 	 Ex 	 1 	 -4.067551e-11 	 1.378526e-11
4 	 241 	 Ex 	 1 	 -4.323924e-12 	 3.517118e-12
4 	 242 	 Ex 	 1 	 -5.327060e-12 	 4.072401e-12
4 	 243 	 Ex 	 1 	 -6.660571e-12 	 4.555266e-12
4 	 244 	 Ex 	 1 	 -8.474887e-12 	 4.976777e-12
4 	 245 	 Ex 	 1 	 -1.093152e-11 	 5.431336e-12
4 	 246 	 Ex 	 1 	 -1.407232e-11 	 5.994012e-12
4 	 247 	 Ex 	 1 	 -1.780634e-11 	 6.675716e-12
4 	 248 	 Ex 	 1 	 -2.185794e-11 	 7.467354e-12
4 	 249 	 Ex 	 1 	 -2.581124e-11 	 8.341283e-12
4 	 250 	 Ex 	 1 	 -2.928259e-11 	 9.206376e-12
4 	 251 	 Ex 	 1 	 -3.208346e-11 	 9.976725e-12
4 	 252 	 Ex 	 1 	 -3.416434e-11 	 1.059245e-11
4 	 253 	 Ex 	 1 	 -3.548478e-11 	 1.102409e-11
4 	 254 	 Ex 	 1 	 -3.602531e-11 	 1.128936e-11
4 	 255 	 Ex 	 1 	 -4.017677e-11 	 1.140786e-11
4 	 256 	 Ex 	 1 	 -3.470148e-11 	 1.140786e-11
4 	 1 	 Ex 	 2 	 1.371991e-11 	 1.095273e-12
4 	 2 	 Ex 	 2 	 1.762108e-11 	 3.289953e-12
4 	 3 	 Ex 	 2 	 2.367384e-11 	 6.891138e-12
4 	 4 	 Ex 	 2 	 3.337618e-11 	 1.268600e-11
4 	 5 	 Ex 	 2 	 4.928543e-11 	 2.180231e-11
4 	 6 	 Ex 	 2 	 7.579342e-11 	 3.572515e-11
4 	 7 	 Ex 	 2 	 1.206834e-10 	 5.629901e-11
4 	 8 	 Ex 	 2 	 1.986876e-10 	 8.588593e-11
4 	 9 	 Ex 	 2 	 3.407601e-10 	 1.281944e-10
4 	 10 	 Ex 	 2 	 6.196380e-10 	 1.906092e-10
4 	 11 	 Ex 	 2 	 1.225814e-09 	 2.886115e-10
4 	 12 	 Ex 	 2 	 2.732522e-09 	 4.553498e-10
4 	 13 	 Ex 	 2 	 7.160664e-09 	 7.708616e-10
4 	 14 	 Ex 	 2 	 1.925726e-08 	 1.461085e-09
4 	 15 	 Ex 	 2 	 -8.221772e-08 	 2.640957e-09
4 	 16 	 Ex 	 2 	 1.724465e-08 	 1.850672e-09
4 	 17 	 Ex 	 2 	 1.380078e-11 	 8.492141e-13
4 	 18 	 Ex 	 2 	 1.775634e-11 	 2.896308e-12
4 	 19 	 Ex 	 2 	 2.393172e-11 	 6.304567e-12
4 	 20 	 Ex 	 2 	 3.396414e-11 	 1.196459e-11
4 	 21 	 Ex 	 2 	 5.073008e-11 	 2.125962e-11
4 	 22 	 Ex 	 2 	 7.920253e-11 	 3.603495e-11
4 	 23 	 Ex 	 2 	 1.280943e-10 	 5.844891e-11
4 	 24 	 Ex 	 2 	 2.134952e-10 	 9.074237e-11
4 	 25 	 Ex 	 2 	 3.692581e-10 	 1.357214e-10
4 	 26 	 Ex 	 2 	 6.803081e-10 	 2.002979e-10
4 	 27 	 Ex 	 2 	 1.390695e-09 	 3.019758e-10
4 	 28 	 Ex 	 2 	 3.351028e-09 	 4.810942e-10
4 	 29 	 Ex 	 2 	 1.078919e-08 	 8.476252e-10
4 	 30 	 Ex 	 2 	 6.621828e-08 	 1.870682e-09
4 	 31 	 Ex 	 2 	 -2.623471e-06 	 1.327965e-08
4 	 32 	 Ex 	 2 	 8.877854e-08 	 2.730423e-09
4 	 33 	 Ex 	 2 	 1.323484e-11 	 5.375673e-13
4 	 34 	 Ex 	 2 	 1.685242e-11 	 2.304480e-12
4 	 35 	 Ex 	 2 	 2.244909e-11 	 5.239875e-12
4 	 36 	 Ex 	 2 	 3.157577e-11 	 1.027431e-11
4 	 37 	 Ex 	 2 	 4.707879e-11 	 1.908827e-11
4 	 38 	 Ex 	 2 	 7.382484e-11 	 3.398476e-11
4 	 39 	 Ex 	 2 	 1.200196e-10 	 5.760492e-11
4 	 40 	 Ex 	 2 	 1.989618e-10 	 9.201780e-11
4 	 41 	 Ex 	 2 	 3.336417e-10 	 1.372736e-10
4 	 42 	 Ex 	 2 	 5.796091e-10 	 1.965354e-10
4 	 43 	 Ex 	 2 	 1.083834e-09 	 2.847204e-10
4 	 44 	 Ex 	 2 	 2.226866e-09 	 4.328831e-10
4 	 45 	 Ex 	 2 	 4.853251e-09 	 7.035172e-10
4 	 46 	 Ex 	 2 	 6.136194e-09 	 1.213378e-09
4 	 47 	 Ex 	 2 	 -3.280249e-08 	 1.816805e-09
4 	 48 	 Ex 	 2 	 -2.946536e-10 	 1.447740e-09
4 	 49 	 Ex 	 2 	 1.188080e-11 	 2.518525e-13
4 	 50 	 Ex 	 2 	 1.481028e-11 	 1.692162e-12
4 	 51 	 Ex 	 2 	 1.923386e-11 	 4.005839e-12
4 	 52 	 Ex 	 2 	 2.638144e-11 	 8.049421e-12
4 	 53 	 Ex 	 2 	 3.870217e-11 	 1.576918e-11
4 	 54 	 Ex 	 2 	 6.031284e-11 	 2.992235e-11
4 	 55 	 Ex 	 2 	 9.787070e-11 	 5.375505e-11
4 	 56 	 Ex 	 2 	 1.600604e-10 	 8.966473e-11
4 	 57 	 Ex 	 2 	 2.523097e-10 	 1.335145e-10
4 	 58 	 Ex 	 2 	 3.854532e-10 	 1.818407e-10
4 	 59 	 Ex 	 2 	 5.870929e-10 	 2.458967e-10
4 	 60 	 Ex 	 2 	 8.403053e-10 	 3.437939e-10
4 	 61 	 Ex 	 2 	 7.389204e-10 	 4.949416e-10
4 	 62 	 Ex 	 2 	 -1.543517e-09 	 6.919183e-10
4 	 63 	 Ex 	 2 	 -5.893712e-09 	 8.268270e-10
4 	 64 	 Ex 	 2 	 -3.099658e-09 	 7.569482e-10
4 	 65 	 Ex 	 2 	 1.003964e-11 	 7.745596e-14
4 	 66 	 Ex 	 2 	 1.213958e-11 	 1.256422e-12
4 	 67 	 Ex 	 2 	 1.520776e-11 	 3.050248e-12
4 	 68 	 Ex 	 2 	 2.005027e-11 	 6.166057e-12
4 	 69 	 Ex 	 2 	 2.841018e-11 	 1.259821e-11
4 	 70 	 Ex 	 2 	 4.322097e-11 	 2.531394e-11
4 	 71 	 Ex 	 2 	 6.898480e-11 	 4.790009e-11
4 	 72 	 Ex 	 2 	 1.098314e-10 	 8.310064e-11
4 	 73 	 Ex 	 2 	 1.581364e-10 	 1.233002e-10
4 	 74 	 Ex 	 2 	 1.970090e-10 	 1.590476e-10
4 	 75 	 Ex 	 2 	 2.060374e-10 	 1.989912e-10
4 	 76 	 Ex 	 2 	 1.115088e-10 	 2.540752e-10
4 	 77 	 Ex 	 2 	 -2.835017e-10 	 3.304388e-10
4 	 78 	 Ex 	 2 	 -1.203130e-09 	 4.147552e-10
4 	 79 	 Ex 	 2 	 -2.091706e-09 	 4.635966e-10
4 	 80 	 Ex 	 2 	 -1.547825e-09 	 4.429592e-10
4 	 81 	 Ex 	 2 	 7.927987e-12 	 4.425878e-14
4 	 82 	 Ex 	 2 	 9.199276e-12 	 1.071719e-12
4 	 83 	 Ex 	 2 	 1.099228e-11 	 2.565247e-12
4 	 84 	 Ex 	 2 	 1.373259e-11 	 5.087009e-12
4 	 85 	 Ex 	 2 	 1.836617e-11 	 1.042002e-11
4 	 86 	 Ex 	 2 	 2.650022e-11 	 2.135346e-11
4 	 87 	 Ex 	 2 	 4.031586e-11 	 4.124542e-11
4 	 88 	 Ex 	 2 	 6.009594e-11 	 7.237577e-11
4 	 89 	 Ex 	 2 	 7.386140e-11 	 1.060528e-10
4 	 90 	 Ex 	 2 	 5.967923e-11 	 1.309330e-10
4 	 91 	 Ex 	 2 	 -3.596175e-12 	 1.533638e-10
4 	 92 	 Ex 	 2 	 -1.491195e-10 	 1.814548e-10
4 	 93 	 Ex 	 2 	 -4.089085e-10 	 2.194286e-10
4 	 94 	 Ex 	 2 	 -7.589456e-10 	 2.600453e-10
4 	 95 	 Ex 	 2 	 -1.027146e-09 	 2.831952e-10
4 	 96 	 Ex 	 2 	 -8.514082e-10 	 2.762184e-10
4 	 97 	 Ex 	 2 	 5.728540e-12 	 1.260684e-13
4 	 98 	 Ex 	 2 	 6.238341e-12 	 1.080644e-12
4 	 99 	 Ex 	 2 	 6.917170e-12 	 2.423789e-12
4 	 100 	 Ex 	 2 	 7.907500e-12 	 4.591349e-12
4 	 101 	 Ex 	 2 	 9.493720e-12 	 9.033791e-12
4 	 102 	 Ex 	 2 	 1.210887e-11 	 1.806760e-11
4 	 103 	 Ex 	 2 	 1.602066e-11 	 3.436661e-11
4 	 104 	 Ex 	 2 	 1.917533e-11 	 5.933423e-11
4 	 105 	 Ex 	 2 	 1.118268e-11 	 8.514840e-11
4 	 106 	 Ex 	 2 	 -2.369466e-11 	 1.017986e-10
4 	 107 	 Ex 	 2 	 -9.647335e-11 	 1.136960e-10
4 	 108 	 Ex 	 2 	 -2.116692e-10 	 1.274151e-10
4 	 109 	 Ex 	 2 	 -3.554077e-10 	 1.468594e-10
4 	 110 	 Ex 	 2 	 -4.982003e-10 	 1.683699e-10
4 	 111 	 Ex 	 2 	 -6.036447e-10 	 1.810186e-10
4 	 112 	 Ex 	 2 	 -5.248632e-10 	 1.786280e-10
4 	 113 	 Ex 	 2 	 3.586767e-12 	 2.766204e-13
4 	 114 	 Ex 	 2 	 3.443166e-12 	 1.195862e-12
4 	 115 	 Ex 	 2 	 3.207650e-12 	 2.451756e-12
4 	 116 	 Ex 	 2 	 2.844302e-12 	 4.366374e-12
4 	 117 	 Ex 	 2 	 2.175614e-12 	 8.031382e-12
4 	 118 	 Ex 	 2 	 7.936395e-13 	 1.517876e-11
4 	 119 	 Ex 	 2 	 -2.248550e-12 	 2.766368e-11
4 	 120 	 Ex 	 2 	 -9.861511e-12 	 4.612688e-11
4 	 121 	 Ex 	 2 	 -2.873428e-11 	 6.449263e-11
4 	 122 	 Ex 	 2 	 -6.669774e-11 	 7.528064e-11
4 	 123 	 Ex 	 2 	 -1.275036e-10 	 8.148821e-11
4 	 124 	 Ex 	 2 	 -2.057264e-10 	 8.820277e-11
4 	 125 	 Ex 	 2 	 -2.829280e-10 	 9.885044e-11
4 	 126 	 Ex 	 2 	 -3.449344e-10 	 1.113066e-10
4 	 127 	 Ex 	 2 	 -3.950512e-10 	 1.188256e-10
4 	 128 	 Ex 	 2 	 -3.513982e-10 	 1.180565e-10
4 	 129 	 Ex 	 2 	 1.615177e-12 	 4.535872e-13
4 	 130 	 Ex 	 2 	 9.552814e-13 	 1.353742e-12
4 	 131 	 Ex 	 2 	 3.213073e-14 	 2.544670e-12
4 	 132 	 Ex 	 2 	 -1.288750e-12 	 4.236025e-12
4 	 133 	 Ex 	 2 	 -3.461943e-12 	 7.178454e-12
4 	 134 	 Ex 	 2 	 -7.384007e-12 	 1.254757e-11
4 	 135 	 Ex 	 2 	 -1.457590e-11 	 2.147700e-11
4 	 136 	 Ex 	 2 	 -2.789524e-11 	 3.410597e-11
4 	 137 	 Ex 	 2 	 -5.048423e-11 	 4.626356e-11
4 	 138 	 Ex 	 2 	 -8.423633e-11 	 5.306362e-11
4 	 139 	 Ex 	 2 	 -1.296286e-10 	 5.641869e-11
4 	 140 	 Ex 	 2 	 -1.801114e-10 	 5.995437e-11
4 	 141 	 Ex 	 2 	 -2.216247e-10 	 6.644429e-11
4 	 142 	 Ex 	 2 	 -2.494482e-10 	 7.436611e-11
4 	 143 	 Ex 	 2 	 -2.769276e-10 	 7.915769e-11
4 	 144 	 Ex 	 2 	 -2.491053e-10 	 7.896310e-11
4 	 145 	 Ex 	 2 	 -1.119180e-13 	 6.189015e-13
4 	 146 	 Ex 	 2 	 -1.139222e-12 	 1.508106e-12
4 	 147 	 Ex 	 2 	 -2.522680e-12 	 2.646542e-12
4 	 148 	 Ex 	 2 	 -4.448222e-12 	 4.122823e-12
4 	 149 	 Ex 	 2 	 -7.511848e-12 	 6.377412e-12
4 	 150 	 Ex 	 2 	 -1.281734e-11 	 1.013342e-11
4 	 151 	 Ex 	 2 	 -2.201181e-11 	 1.598903e-11
4 	 152 	 Ex 	 2 	 -3.749628e-11 	 2.382489e-11
4 	 153 	 Ex 	 2 	 -5.979803e-11 	 3.119429e-11
4 	 154 	 Ex 	 2 	 -8.726297e-11 	 3.540995e-11
4 	 155 	 Ex 	 2 	 -1.194665e-10 	 3.749381e-11
4 	 156 	 Ex 	 2 	 -1.514830e-10 	 3.974922e-11
4 	 157 	 Ex 	 2 	 -1.739517e-10 	 4.424832e-11
4 	 158 	 Ex 	 2 	 -1.864539e-10 	 4.975063e-11
4 	 159 	 Ex 	 2 	 -2.033526e-10 	 5.299739e-11
4 	 160 	 Ex 	 2 	 -1.838766e-10 	 5.302390e-11
4 	 161 	 Ex 	 2 	 -1.564469e-12 	 7.297963e-13
4 	 162 	 Ex 	 2 	 -2.820734e-12 	 1.603515e-12
4 	 163 	 Ex 	 2 	 -4.464514e-12 	 2.695829e-12
4 	 164 	 Ex 	 2 	 -6.717028e-12 	 3.966952e-12
4 	 165 	 Ex 	 2 	 -1.023843e-11 	 5.571426e-12
4 	 166 	 Ex 	 2 	 -1.613571e-11 	 7.908000e-12
4 	 167 	 Ex 	 2 	 -2.590965e-11 	 1.123954e-11
4 	 168 	 Ex 	 2 	 -4.137282e-11 	 1.536645e-11
4 	 169 	 Ex 	 2 	 -6.140020e-11 	 1.927251e-11
4 	 170 	 Ex 	 2 	 -8.263343e-11 	 2.195220e-11
4 	 171 	 Ex 	 2 	 -1.047876e-10 	 2.365216e-11
4 	 172 	 Ex 	 2 	 -1.249491e-10 	 2.553241e-11
4 	 173 	 Ex 	 2 	 -1.372855e-10 	 2.900465e-11
4 	 174 	 Ex 	 2 	 -1.428752e-10 	 3.304222e-11
4 	 175 	 Ex 	 2 	 -1.543783e-10 	 3.533264e-11
4 	 176 	 Ex 	 2 	 -1.398283e-10 	 3.545750e-11
4 	 177 	 Ex 	 2 	 -2.754799e-12 	 7.380810e-13
4 	 178 	 Ex 	 2 	 -4.138760e-12 	 1.558174e-12
4 	 179 	 Ex 	 2 	 -5.907253e-12 	 2.571518e-12
4 	 180 	 Ex 	 2 	 -8.313350e-12 	 3.634596e-12
4 	 181 	 Ex 	 2 	 -1.203517e-11 	 4.652962e-12
4 	 182 	 Ex 	 2 	 -1.803932e-11 	 5.808356e-12
4 	 183 	 Ex 	 2 	 -2.751878e-11 	 7.204172e-12
4 	 184 	 Ex 	 2 	 -4.164339e-11 	 8.699856e-12
4 	 185 	 Ex 	 2 	 -5.844473e-11 	 1.033802e-11
4 	 186 	 Ex 	 2 	 -7.423995e-11 	 1.220159e-11
4 	 187 	 Ex 	 2 	 -8.910337e-11 	 1.394454e-11
4 	 188 	 Ex 	 2 	 -1.017237e-10 	 1.583145e-11
4 	 189 	 Ex 	 2 	 -1.088602e-10 	 1.862439e-11
4 	 190 	 Ex 	 2 	 -1.116234e-10 	 2.156615e-11
4 	 191 	 Ex 	 2 	 -1.202018e-10 	 2.319678e-11
4 	 192 	 Ex 	 2 	 -1.087979e-10 	 2.338376e-11
4 	 193 	 Ex 	 2 	 -3.717627e-12 	 6.122617e-13
4 	 194 	 Ex 	 2 	 -5.182891e-12 	 1.301495e-12
4 	 195 	 Ex 	 2 	 -7.038117e-12 	 2.130722e-12
4 	 196 	 Ex 	 2 	 -9.551000e-12 	 2.918488e-12
4 	 197 	 Ex 	 2 	 -1.332516e-11 	 3.454431e-12
4 	 198 	 Ex 	 2 	 -1.909958e-11 	 3.772679e-12
4 	 199 	 Ex 	 2 	 -2.767726e-11 	 3.930808e-12
4 	 200 	 Ex 	 2 	 -3.952675e-11 	 3.954559e-12
4 	 201 	 Ex 	 2 	 -5.266068e-11 	 4.399620e-12
4 	 202 	 Ex 	 2 	 -6.420053e-11 	 5.748176e-12
4 	 203 	 Ex 	 2 	 -7.416596e-11 	 7.484489e-12
4 	 204 	 Ex 	 2 	 -8.214868e-11 	 9.366458e-12
4 	 205 	 Ex 	 2 	 -8.677168e-11 	 1.156279e-11
4 	 206 	 Ex 	 2 	 -8.859934e-11 	 1.360781e-11
4 	 207 	 Ex 	 2 	 -9.546285e-11 	 1.476777e-11
4 	 208 	 Ex 	 2 	 -8.619457e-11 	 1.501693e-11
4 	 209 	 Ex 	 2 	 -4.482514e-12 	 3.688876e-13
4 	 210 	 Ex 	 2 	 -6.005504e-12 	 8.595642e-13
4 	 211 	 Ex 	 2 	 -7.941980e-12 	 1.409357e-12
4 	 212 	 Ex 	 2 	 -1.053259e-11 	 1.861673e-12
4 	 213 	 Ex 	 2 	 -1.420840e-11 	 2.040134e-12
4 	 214 	 Ex 	 2 	 -1.945476e-11 	 1.911719e-12
4 	 215 	 Ex 	 2 	 -2.668674e-11 	 1.535461e-12
4 	 216 	 Ex 	 2 	 -3.583904e-11 	 1.090246e-12
4 	 217 	 Ex 	 2 	 -4.550953e-11 	 1.110143e-12
4 	 218 	 Ex 	 2 	 -5.400525e-11 	 1.979803e-12
4 	 219 	 Ex 	 2 	 -6.102095e-11 	 3.389994e-12
4 	 220 	 Ex 	 2 	 -6.640909e-11 	 4.995098e-12
4 	 221 	 Ex 	 2 	 -6.974959e-11 	 6.645529e-12
4 	 222 	 Ex 	 2 	 -7.120798e-11 	 8.060701e-12
4 	 223 	 Ex 	 2 	 -7.694966e-11 	 8.917783e-12
4 	 224 	 Ex 	 2 	 -6.924573e-11 	 9.225229e-12
4 	 225 	 Ex 	 2 	 -5.058875e-12 	 6.880731e-14
4 	 226 	 Ex 	 2 	 -6.600295e-12 	 3.528050e-13
4 	 227 	 Ex 	 2 	 -8.552759e-12 	 6.325188e-13
4 	 228 	 Ex 	 2 	 -1.109827e-11 	 8.007728e-13
4 	 229 	 Ex 	 2 	 -1.449989e-11 	 7.500111e-13
4 	 230 	 Ex 	 2 	 -1.902205e-11 	 4.518992e-13
4 	 231 	 Ex 	 2 	 -2.480145e-11 	 -2.434429e-14
4 	 232 	 Ex 	 2 	 -3.159851e-11 	 -4.786942e-13
4 	 233 	 Ex 	 2 	 -3.859574e-11 	 -5.668249e-13
4 	 234 	 Ex 	 2 	 -4.488878e-11 	 -6.896097e-14
4 	 235 	 Ex 	 2 	 -5.008340e-11 	 8.902340e-13
4 	 236 	 Ex 	 2 	 -5.402688e-11 	 2.062793e-12
4 	 237 	 Ex 	 2 	 -5.658088e-11 	 3.246786e-12
4 	 238 	 Ex 	 2 	 -5.776412e-11 	 4.253103e-12
4 	 239 	 Ex 	 2 	 -6.270538e-11 	 4.917614e-12
4 	 240 	 Ex 	 2 	 -5.622420e-11 	 5.262200e-12
4 	 241 	 Ex 	 2 	 -5.453095e-12 	 -2.226956e-13
4 	 242 	 Ex 	 2 	 -6.957520e-12 	 -1.066337e-13
4 	 243 	 Ex 	 2 	 -8.834693e-12 	 -2.469821e-14
4 	 244 	 Ex 	 2 	 -1.120534e-11 	 -4.152896e-14
4 	 245 	 Ex 	 2 	 -1.421257e-11 	 -2.124741e-13
4 	 246 	 Ex 	 2 	 -1.797317e-11 	 -5.437472e-13
4 	 247 	 Ex 	 2 	 -2.248717e-11 	 -9.681911e-13
4 	 248 	 Ex 	 2 	 -2.753426e-11 	 -1.335620e-12
4 	 249 	 Ex 	 2 	 -3.265083e-11 	 -1.448829e-12
4 	 250 	 Ex 	 2 	 -3.733502e-11 	 -1.187943e-12
4 	 251 	 Ex 	 2 	 -4.126504e-11 	 -5.960388e-13
4 	 252 	 Ex 	 2 	 -4.427441e-11 	 1.844694e-13
4 	 253 	 Ex 	 2 	 -4.626965e-11 	 1.001534e-12
4 	 254 	 Ex 	 2 	 -4.722247e-11 	 1.724936e-12
4 	 255 	 Ex 	 2 	 -5.155116e-11 	 2.251085e-12
4 	 256 	 Ex 	 2 	 -4.605236e-11 	 2.603621e-12
4 	 1 	 Ey 	 1 	 6.077985e-13 	 -7.250864e-13
4 	 2 	 Ey 	 1 	 1.158746e-12 	 -9.899820e-13
4 	 3 	 Ey 	 1 	 1.995509e-12 	 -1.389255e-12
4 	 4 	 Ey 	 1 	 3.445781e-12 	 -1.948589e-12
4 	 5 	 Ey 	 1 	 6.330541e-12 	 -2.620859e-12
4 	 6 	 Ey 	 1 	 1.237469e-11 	 -3.215573e-12
4 	 7 	 Ey 	 1 	 2.478838e-11 	 -3.391235e-12
4 	 8 	 Ey 	 1 	 4.936257e-11 	 -2.834422e-12
4 	 9 	 Ey 	 1 	 9.749952e-11 	 -1.483454e-12
4 	 10 	 Ey 	 1 	 1.983117e-10 	 2.672895e-13
4 	 11 	 Ey 	 1 	 4.467096e-10 	 1.898852e-12
4 	 12 	 Ey 	 1 	 1.226349e-09 	 3.058706e-12
4 	 13 	 Ey 	 1 	 4.639925e-09 	 3.868089e-12
4 	 14 	 Ey 	 1 	 2.795921e-08 	 5.472726e-12
4 	 15 	 Ey 	 1 	 2.305177e-08 	 6.265115e-12
4 	 16 	 Ey 	 1 	 -5.418840e-08 	 -1.049887e-12
4 	 17 	 Ey 	 1 	 -1.300977e-11 	 -5.074329e-13
4 	 18 	 Ey 	 1 	 -1.536394e-11 	 -7.303232e-13
4 	 19 	 Ey 	 1 	 -1.863982e-11 	 -1.144750e-12
4 	 20 	 Ey 	 1 	 -2.322102e-11 	 -1.845469e-12
4 	 21 	 Ey 	 1 	 -2.934326e-11 	 -2.836891e-12
4 	 22 	 Ey 	 1 	 -3.682345e-11 	 -3.863429e-12
4 	 23 	 Ey 	 1 	 -4.509359e-11 	 -4.377391e-12
4 	 24 	 Ey 	 1 	 -5.413602e-11 	 -3.718965e-12
4 	 25 	 Ey 	 1 	 -6.789206e-11 	 -1.679891e-12
4 	 26 	 Ey 	 1 	 -1.005945e-10 	 9.996786e-13
4 	 27 	 Ey 	 1 	 -1.898303e-10 	 3.222750e-12
4 	 28 	 Ey 	 1 	 -4.661205e-10 	 4.382062e-12
4 	 29 	 Ey 	 1 	 -1.710745e-09 	 4.297197e-12
4 	 30 	 Ey 	 1 	 -1.574018e-08 	 2.678803e-12
4 	 31 	 Ey 	 1 	 -4.538942e-06 	 1.196596e-10
4 	 32 	 Ey 	 1 	 4.048352e-08 	 4.786990e-12
4 	 33 	 Ey 	 1 	 -6.491481e-12 	 -2.542064e-13
4 	 34 	 Ey 	 1 	 -8.495973e-12 	 -4.056983e-13
4 	 35 	 Ey 	 1 	 -1.172693e-11 	 -7.492894e-13
4 	 36 	 Ey 	 1 	 -1.702339e-11 	 -1.489550e-12
4 	 37 	 Ey 	 1 	 -2.532135e-11 	 -2.761951e-12
4 	 38 	 Ey 	 1 	 -3.736272e-11 	 -4.278261e-12
4 	 39 	 Ey 	 1 	 -5.406197e-11 	 -5.275758e-12
4 	 40 	 Ey 	 1 	 -7.811116e-11 	 -4.640982e-12
4 	 41 	 Ey 	 1 	 -1.221698e-10 	 -1.770329e-12
4 	 42 	 Ey 	 1 	 -2.298793e-10 	 2.017370e-12
4 	 43 	 Ey 	 1 	 -5.248932e-10 	 4.860997e-12
4 	 44 	 Ey 	 1 	 -1.430330e-09 	 5.959648e-12
4 	 45 	 Ey 	 1 	 -4.822794e-09 	 5.154050e-12
4 	 46 	 Ey 	 1 	 -1.935442e-08 	 2.755775e-12
4 	 47 	 Ey 	 1 	 -1.482442e-08 	 2.663071e-12
4 	 48 	 Ey 	 1 	 2.788142e-08 	 5.076212e-12
4 	 49 	 Ey 	 1 	 -9.390610e-12 	 -1.661031e-14
4 	 50 	 Ey 	 1 	 -1.220996e-11 	 -5.437318e-14
4 	 51 	 Ey 	 1 	 -1.658476e-11 	 -2.383693e-13
4 	 52 	 Ey 	 1 	 -2.367024e-11 	 -8.104044e-13
4 	 53 	 Ey 	 1 	 -3.509614e-11 	 -1.994432e-12
4 	 54 	 Ey 	 1 	 -5.269874e-11 	 -3.544241e-12
4 	 55 	 Ey 	 1 	 -7.916141e-11 	 -4.721111e-12
4 	 56 	 Ey 	 1 	 -1.193728e-10 	 -4.254849e-12
4 	 57 	 Ey 	 1 	 -1.883139e-10 	 -1.170182e-12
4 	 58 	 Ey 	 1 	 -3.324911e-10 	 2.856412e-12
4 	 59 	 Ey 	 1 	 -6.580168e-10 	 5.692177e-12
4 	 60 	 Ey 	 1 	 -1.403905e-09 	 6.574369e-12
4 	 61 	 Ey 	 1 	 -2.993336e-09 	 5.644908e-12
4 	 62 	 Ey 	 1 	 -4.834671e-09 	 3.985689e-12
4 	 63 	 Ey 	 1 	 -1.229036e-09 	 3.177773e-12
4 	 64 	 Ey 	 1 	 4.614527e-09 	 3.207137e-12
4 	 65 	 Ey 	 1 	 -1.175889e-11 	 1.571938e-13
4 	 66 	 Ey 	 1 	 -1.503948e-11 	 2.162891e-13
4 	 67 	 Ey 	 1 	 -1.984412e-11 	 2.142640e-13
4 	 68 	 Ey 	 1 	 -2.718681e-11 	 -6.350258e-15
4 	 69 	 Ey 	 1 	 -3.875860e-11 	 -6.104551e-13
4 	 70 	 Ey 	 1 	 -5.703620e-11 	 -1.456894e-12
4 	 71 	 Ey 	 1 	 -8.589788e-11 	 -2.092098e-12
4 	 72 	 Ey 	 1 	 -1.319888e-10 	 -1.773435e-12
4 	 73 	 Ey 	 1 	 -2.084064e-10 	 7.292161e-14
4 	 74 	 Ey 	 1 	 -3.423887e-10 	 2.447649e-12
4 	 75 	 Ey 	 1 	 -5.787304e-10 	 4.114266e-12
4 	 76 	 Ey 	 1 	 -9.641985e-10 	 4.652340e-12
4 	 77 	 Ey 	 1 	 -1.431740e-09 	 4.114520e-12
4 	 78 	 Ey 	 1 	 -1.464042e-09 	 3.165084e-12
4 	 79 	 Ey 	 1 	 -2.632910e-10 	 2.434020e-12
4 	 80 	 Ey 	 1 	 1.207209e-09 	 2.143064e-12
4 	 81 	 Ey 	 1 	 -1.356399e-11 	 2.533702e-13
4 	 82 	 Ey 	 1 	 -1.706081e-11 	 3.611237e-13
4 	 83 	 Ey 	 1 	 -2.192299e-11 	 4.660256e-13
4 	 84 	 Ey 	 1 	 -2.889481e-11 	 5.556818e-13
4 	 85 	 Ey 	 1 	 -3.935420e-11 	 5.871432e-13
4 	 86 	 Ey 	 1 	 -5.576272e-11 	 5.904131e-13
4 	 87 	 Ey 	 1 	 -8.226429e-11 	 6.730194e-13
4 	 88 	 Ey 	 1 	 -1.257643e-10 	 8.441119e-13
4 	 89 	 Ey 	 1 	 -1.955876e-10 	 1.057972e-12
4 	 90 	 Ey 	 1 	 -2.995969e-10 	 1.286620e-12
4 	 91 	 Ey 	 1 	 -4.415148e-10 	 1.402260e-12
4 	 92 	 Ey 	 1 	 -6.034037e-10 	 1.392917e-12
4 	 93 	 Ey 	 1 	 -7.021156e-10 	 1.379023e-12
4 	 94 	 Ey 	 1 	 -5.667370e-10 	 1.338271e-12
4 	 95 	 Ey 	 1 	 -8.959246e-11 	 1.243815e-12
4 	 96 	 Ey 	 1 	 4.291257e-10 	 1.152820e-12
4 	 97 	 Ey 	 1 	 -1.481974e-11 	 2.672247e-13
4 	 98 	 Ey 	 1 	 -1.835228e-11 	 3.885885e-13
4 	 99 	 Ey 	 1 	 -2.307848e-11 	 5.638951e-13
4 	 100 	 Ey 	 1 	 -2.950465e-11 	 8.358237e-13
4 	 101 	 Ey 	 1 	 -3.864211e-11 	 1.260888e-12
4 	 102 	 Ey 	 1 	 -5.255251e-11 	 1.818166e-12
4 	 103 	 Ey 	 1 	 -7.480630e-11 	 2.338505e-12
4 	 104 	 Ey 	 1 	 -1.109765e-10 	 2.421182e-12
4 	 105 	 Ey 	 1 	 -1.661062e-10 	 1.662774e-12
4 	 106 	 Ey 	 1 	 -2.376802e-10 	 5.607920e-13
4 	 107 	 Ey 	 1 	 -3.146912e-10 	 -3.382255e-13
4 	 108 	 Ey 	 1 	 -3.735896e-10 	 -7.690978e-13
4 	 109 	 Ey 	 1 	 -3.720437e-10 	 -6.602800e-13
4 	 110 	 Ey 	 1 	 -2.635330e-10 	 -2.733792e-13
4 	 111 	 Ey 	 1 	 -4.039490e-11 	 8.864067e-14
4 	 112 	 Ey 	 1 	 1.859995e-10 	 3.175383e-13
4 	 113 	 Ey 	 1 	 -1.556198e-11 	 2.313907e-13
4 	 114 	 Ey 	 1 	 -1.897327e-11 	 3.492347e-13
4 	 115 	 Ey 	 1 	 -2.337685e-11 	 5.555912e-13
4 	 116 	 Ey 	 1 	 -2.910333e-11 	 9.175815e-13
4 	 117 	 Ey 	 1 	 -3.685037e-11 	 1.542634e-12
4 	 118 	 Ey 	 1 	 -4.816817e-11 	 2.360498e-12
4 	 119 	 Ey 	 1 	 -6.572298e-11 	 3.073163e-12
4 	 120 	 Ey 	 1 	 -9.326671e-11 	 3.105895e-12
4 	 121 	 Ey 	 1 	 -1.327433e-10 	 1.977232e-12
4 	 122 	 Ey 	 1 	 -1.782663e-10 	 2.855747e-13
4 	 123 	 Ey 	 1 	 -2.174342e-10 	 -1.090443e-12
4 	 124 	 Ey 	 1 	 -2.341309e-10 	 -1.755902e-12
4 	 125 	 Ey 	 1 	 -2.110142e-10 	 -1.702401e-12
4 	 126 	 Ey 	 1 	 -1.383265e-10 	 -1.222012e-12
4 	 127 	 Ey 	 1 	 -2.076237e-11 	 -6.695841e-13
4 	 128 	 Ey 	 1 	 9.306672e-11 	 -3.028156e-13
4 	 129 	 Ey 	 1 	 -1.585322e-11 	 1.468987e-13
4 	 130 	 Ey 	 1 	 -1.902699e-11 	 2.677487e-13
4 	 131 	 Ey 	 1 	 -2.296344e-11 	 4.712434e-13
4 	 132 	 Ey 	 1 	 -2.787285e-11 	 8.810727e-13
4 	 133 	 Ey 	 1 	 -3.422958e-11 	 1.581177e-12
4 	 134 	 Ey 	 1 	 -4.313383e-11 	 2.500996e-12
4 	 135 	 Ey 	 1 	 -5.636071e-11 	 3.253157e-12
4 	 136 	 Ey 	 1 	 -7.614440e-11 	 3.227546e-12
4 	 137 	 Ey 	 1 	 -1.027352e-10 	 2.044835e-12
4 	 138 	 Ey 	 1 	 -1.302225e-10 	 2.607296e-13
4 	 139 	 Ey 	 1 	 -1.488766e-10 	 -1.239313e-12
4 	 140 	 Ey 	 1 	 -1.493892e-10 	 -2.000893e-12
4 	 141 	 Ey 	 1 	 -1.257150e-10 	 -2.064629e-12
4 	 142 	 Ey 	 1 	 -7.806208e-11 	 -1.618639e-12
4 	 143 	 Ey 	 1 	 -1.058219e-11 	 -1.114636e-12
4 	 144 	 Ey 	 1 	 5.250611e-11 	 -6.868509e-13
4 	 145 	 Ey 	 1 	 -1.579310e-11 	 2.787117e-14
4 	 146 	 Ey 	 1 	 -1.867167e-11 	 1.287453e-13
4 	 147 	 Ey 	 1 	 -2.209301e-11 	 3.157812e-13
4 	 148 	 Ey 	 1 	 -2.617544e-11 	 7.355460e-13
4 	 149 	 Ey 	 1 	 -3.125128e-11 	 1.457027e-12
4 	 150 	 Ey 	 1 	 -3.809341e-11 	 2.363314e-12
4 	 151 	 Ey 	 1 	 -4.782418e-11 	 3.095364e-12
4 	 152 	 Ey 	 1 	 -6.159469e-11 	 3.066979e-12
4 	 153 	 Ey 	 1 	 -7.884744e-11 	 1.913223e-12
4 	 154 	 Ey 	 1 	 -9.473877e-11 	 2.088347e-13
4 	 155 	 Ey 	 1 	 -1.025192e-10 	 -1.218643e-12
4 	 156 	 Ey 	 1 	 -9.720667e-11 	 -2.018977e-12
4 	 157 	 Ey 	 1 	 -7.742718e-11 	 -2.127707e-12
4 	 158 	 Ey 	 1 	 -4.566560e-11 	 -1.773979e-12
4 	 159 	 Ey 	 1 	 -4.402522e-12 	 -1.300444e-12
4 	 160 	 Ey 	 1 	 3.307012e-11 	 -9.087350e-13
4 	 161 	 Ey 	 1 	 -1.549674e-11 	 -1.162761e-13
4 	 162 	 Ey 	 1 	 -1.809755e-11 	 -8.165894e-14
4 	 163 	 Ey 	 1 	 -2.108795e-11 	 6.800436e-14
4 	 164 	 Ey 	 1 	 -2.448838e-11 	 4.379222e-13
4 	 165 	 Ey 	 1 	 -2.854981e-11 	 1.123921e-12
4 	 166 	 Ey 	 1 	 -3.382667e-11 	 1.980971e-12
4 	 167 	 Ey 	 1 	 -4.097799e-11 	 2.659501e-12
4 	 168 	 Ey 	 1 	 -5.044559e-11 	 2.630477e-12
4 	 169 	 Ey 	 1 	 -6.131994e-11 	 1.573786e-12
4 	 170 	 Ey 	 1 	 -6.990322e-11 	 1.247274e-14
4 	 171 	 Ey 	 1 	 -7.183096e-11 	 -1.258554e-12
4 	 172 	 Ey 	 1 	 -6.459024e-11 	 -1.971182e-12
4 	 173 	 Ey 	 1 	 -4.869705e-11 	 -2.075597e-12
4 	 174 	 Ey 	 1 	 -2.690476e-11 	 -1.761678e-12
4 	 175 	 Ey 	 1 	 -4.154957e-13 	 -1.326835e-12
4 	 176 	 Ey 	 1 	 2.296801e-11 	 -9.748306e-13
4 	 177 	 Ey 	 1 	 -1.503588e-11 	 -2.695887e-13
4 	 178 	 Ey 	 1 	 -1.745170e-11 	 -3.283302e-13
4 	 179 	 Ey 	 1 	 -2.022144e-11 	 -2.885500e-13
4 	 180 	 Ey 	 1 	 -2.331604e-11 	 -4.162459e-14
4 	 181 	 Ey 	 1 	 -2.685270e-11 	 5.124422e-13
4 	 182 	 Ey 	 1 	 -3.116214e-11 	 1.275828e-12
4 	 183 	 Ey 	 1 	 -3.652025e-11 	 1.920877e-12
4 	 184 	 Ey 	 1 	 -4.284807e-11 	 1.972617e-12
4 	 185 	 Ey 	 1 	 -4.903954e-11 	 1.110165e-12
4 	 186 	 Ey 	 1 	 -5.266663e-11 	 -1.919695e-13
4 	 187 	 Ey 	 1 	 -5.124320e-11 	 -1.261858e-12
4 	 188 	 Ey 	 1 	 -4.361593e-11 	 -1.828457e-12
4 	 189 	 Ey 	 1 	 -3.087715e-11 	 -1.897896e-12
4 	 190 	 Ey 	 1 	 -1.553172e-11 	 -1.614440e-12
4 	 191 	 Ey 	 1 	 2.096022e-12 	 -1.237349e-12
4 	 192 	 Ey 	 1 	 1.725262e-11 	 -9.581502e-13
4 	 193 	 Ey 	 1 	 -1.442171e-11 	 -3.822385e-13
4 	 194 	 Ey 	 1 	 -1.670672e-11 	 -5.232203e-13
4 	 195 	 Ey 	 1 	 -1.940912e-11 	 -6.325720e-13
4 	 196 	 Ey 	 1 	 -2.252581e-11 	 -5.870898e-13
4 	 197 	 Ey 	 1 	 -2.599010e-11 	 -2.595055e-13
4 	 198 	 Ey 	 1 	 -2.974881e-11 	 3.361818e-13
4 	 199 	 Ey 	 1 	 -3.372679e-11 	 9.522495e-13
4 	 200 	 Ey 	 1 	 -3.736749e-11 	 1.167468e-12
4 	 201 	 Ey 	 1 	 -3.957180e-11 	 6.864972e-13
4 	 202 	 Ey 	 1 	 -3.943634e-11 	 -1.717205e-13
4 	 203 	 Ey 	 1 	 -3.614530e-11 	 -9.186523e-13
4 	 204 	 Ey 	 1 	 -2.919125e-11 	 -1.359428e-12
4 	 205 	 Ey 	 1 	 -1.946069e-11 	 -1.454978e-12
4 	 206 	 Ey 	 1 	 -8.623480e-12 	 -1.281073e-12
4 	 207 	 Ey 	 1 	 3.466912e-12 	 -1.032332e-12
4 	 208 	 Ey 	 1 	 1.362994e-11 	 -8.520119e-13
4 	 209 	 Ey 	 1 	 -1.361753e-11 	 -4.127466e-13
4 	 210 	 Ey 	 1 	 -1.571737e-11 	 -5.896035e-13
4 	 211 	 Ey 	 1 	 -1.822898e-11 	 -7.789959e-13
4 	 212 	 Ey 	 1 	 -2.113440e-11 	 -8.769589e-13
4 	 213 	 Ey 	 1 	 -2.427205e-11 	 -7.168076e-13
4 	 214 	 Ey 	 1 	 -2.733960e-11 	 -3.056273e-13
4 	 215 	 Ey 	 1 	 -2.996103e-11 	 1.737308e-13
4 	 216 	 Ey 	 1 	 -3.147558e-11 	 4.707965e-13
4 	 217 	 Ey 	 1 	 -3.116760e-11 	 3.745680e-13
4 	 218 	 Ey 	 1 	 -2.900795e-11 	 -4.769554e-15
4 	 219 	 Ey 	 1 	 -2.509905e-11 	 -4.193576e-13
4 	 220 	 Ey 	 1 	 -1.939510e-11 	 -7.352029e-13
4 	 221 	 Ey 	 1 	 -1.232685e-11 	 -8.722525e-13
4 	 222 	 Ey 	 1 	 -4.641328e-12 	 -8.497636e-13
4 	 223 	 Ey 	 1 	 3.950463e-12 	 -7.640113e-13
4 	 224 	 Ey 	 1 	 1.103475e-11 	 -6.931271e-13
4 	 225 	 Ey 	 1 	 -1.260526e-11 	 -3.838395e-13
4 	 226 	 Ey 	 1 	 -1.442192e-11 	 -5.346595e-13
4 	 227 	 Ey 	 1 	 -1.653428e-11 	 -7.198670e-13
4 	 228 	 Ey 	 1 	 -1.890477e-11 	 -8.183747e-13
4 	 229 	 Ey 	 1 	 -2.131845e-11 	 -7.530488e-13
4 	 230 	 Ey 	 1 	 -2.346612e-11 	 -5.080566e-13
4 	 231 	 Ey 	 1 	 -2.494390e-11 	 -1.765900e-13
4 	 232 	 Ey 	 1 	 -2.525176e-11 	 8.123198e-14
4 	 233 	 Ey 	 1 	 -2.408260e-11 	 1.625734e-13
4 	 234 	 Ey 	 1 	 -2.155104e-11 	 7.366777e-14
4 	 235 	 Ey 	 1 	 -1.792401e-11 	 -1.114022e-13
4 	 236 	 Ey 	 1 	 -1.336097e-11 	 -3.131359e-13
4 	 237 	 Ey 	 1 	 -8.104266e-12 	 -4.559382e-13
4 	 238 	 Ey 	 1 	 -2.453374e-12 	 -5.302252e-13
4 	 239 	 Ey 	 1 	 3.891038e-12 	 -5.582366e-13
4 	 240 	 Ey 	 1 	 9.028037e-12 	 -5.666420e-13
4 	 241 	 Ey 	 1 	 -1.143247e-11 	 -3.013501e-13
4 	 242 	 Ey 	 1 	 -1.291159e-11 	 -4.192598e-13
4 	 243 	 Ey 	 1 	 -1.457353e-11 	 -5.118472e-13
4 	 244 	 Ey 	 1 	 -1.632354e-11 	 -5.918088e-13
4 	 245 	 Ey 	 1 	 -1.799347e-11 	 -5.801849e-13
4 	 246 	 Ey 	 1 	 -1.933217e-11 	 -4.516474e-13
4 	 247 	 Ey 	 1 	 -2.003880e-11 	 -2.435584e-13
4 	 248 	 Ey 	 1 	 -1.982247e-11 	 -3.200989e-14
4 	 249 	 Ey 	 1 	 -1.854167e-11 	 9.545105e-14
4 	 250 	 Ey 	 1 	 -1.627863e-11 	 1.024689e-13
4 	 251 	 Ey 	 1 	 -1.324438e-11 	 1.764191e-14
4 	 252 	 Ey 	 1 	 -9.621024e-12 	 -1.005602e-13
4 	 253 	 Ey 	 1 	 -5.570661e-12 	 -2.296096e-13
4 	 254 	 Ey 	 1 	 -1.270461e-12 	 -3.289537e-13
4 	 255 	 Ey 	 1 	 3.561101e-12 	 -4.031019e-13
4 	 256 	 Ey 	 1 	 7.407313e-12 	 -4.848796e-13
4 	 1 	 Ey 	 2 	 1.726642e-12 	 -1.274451e-12
4 	 2 	 Ey 	 2 	 2.756890e-12 	 -1.688469e-12
4 	 3 	 Ey 	 2 	 4.270948e-12 	 -2.279011e-12
4 	 4 	 Ey 	 2 	 6.618490e-12 	 -3.028993e-12
4 	 5 	 Ey 	 2 	 1.050907e-11 	 -3.777415e-12
4 	 6 	 Ey 	 2 	 1.735349e-11 	 -4.144270e-12
4 	 7 	 Ey 	 2 	 2.988305e-11 	 -3.563956e-12
4 	 8 	 Ey 	 2 	 5.341628e-11 	 -1.536090e-12
4 	 9 	 Ey 	 2 	 9.932818e-11 	 1.852750e-12
4 	 10 	 Ey 	 2 	 1.973053e-10 	 5.659229e-12
4 	 11 	 Ey 	 2 	 4.430667e-10 	 8.675637e-12
4 	 12 	 Ey 	 2 	 1.220831e-09 	 1.043737e-11
4 	 13 	 Ey 	 2 	 4.633247e-09 	 1.244436e-11
4 	 14 	 Ey 	 2 	 2.794981e-08 	 2.324300e-11
4 	 15 	 Ey 	 2 	 2.304363e-08 	 2.421909e-11
4 	 16 	 Ey 	 2 	 -5.418675e-08 	 -2.355413e-11
4 	 17 	 Ey 	 2 	 -1.219126e-11 	 -9.176482e-13
4 	 18 	 Ey 	 2 	 -1.407803e-11 	 -1.323047e-12
4 	 19 	 Ey 	 2 	 -1.659580e-11 	 -2.010978e-12
4 	 20 	 Ey 	 2 	 -2.001208e-11 	 -3.050384e-12
4 	 21 	 Ey 	 2 	 -2.461516e-11 	 -4.311029e-12
4 	 22 	 Ey 	 2 	 -3.064369e-11 	 -5.279634e-12
4 	 23 	 Ey 	 2 	 -3.834262e-11 	 -5.004800e-12
4 	 24 	 Ey 	 2 	 -4.863354e-11 	 -2.369694e-12
4 	 25 	 Ey 	 2 	 -6.571051e-11 	 2.778571e-12
4 	 26 	 Ey 	 2 	 -1.026789e-10 	 8.594356e-12
4 	 27 	 Ey 	 2 	 -1.955667e-10 	 1.252998e-11
4 	 28 	 Ey 	 2 	 -4.740262e-10 	 1.312102e-11
4 	 29 	 Ey 	 2 	 -1.719075e-09 	 1.013559e-11
4 	 30 	 Ey 	 2 	 -1.574627e-08 	 -5.917793e-13
4 	 31 	 Ey 	 2 	 -4.538400e-06 	 -6.156655e-10
4 	 32 	 Ey 	 2 	 4.047316e-08 	 2.254681e-11
4 	 33 	 Ey 	 2 	 -6.033826e-12 	 -4.393808e-13
4 	 34 	 Ey 	 2 	 -7.660266e-12 	 -7.452310e-13
4 	 35 	 Ey 	 2 	 -1.016941e-11 	 -1.394679e-12
4 	 36 	 Ey 	 2 	 -1.415348e-11 	 -2.580201e-12
4 	 37 	 Ey 	 2 	 -2.047372e-11 	 -4.280995e-12
4 	 38 	 Ey 	 2 	 -3.036351e-11 	 -5.933724e-12
4 	 39 	 Ey 	 2 	 -4.584587e-11 	 -6.274302e-12
4 	 40 	 Ey 	 2 	 -7.121809e-11 	 -3.303492e-12
4 	 41 	 Ey 	 2 	 -1.199374e-10 	 3.862682e-12
4 	 42 	 Ey 	 2 	 -2.336154e-10 	 1.206401e-11
4 	 43 	 Ey 	 2 	 -5.332854e-10 	 1.701952e-11
4 	 44 	 Ey 	 2 	 -1.441053e-09 	 1.652626e-11
4 	 45 	 Ey 	 2 	 -4.833268e-09 	 1.002394e-11
4 	 46 	 Ey 	 2 	 -1.936167e-08 	 -3.316622e-12
4 	 47 	 Ey 	 2 	 -1.483026e-08 	 -1.346232e-12
4 	 48 	 Ey 	 2 	 2.787217e-08 	 2.043102e-11
4 	 49 	 Ey 	 2 	 -9.315682e-12 	 1.103353e-13
4 	 50 	 Ey 	 2 	 -1.191583e-11 	 1.970424e-14
4 	 51 	 Ey 	 2 	 -1.579022e-11 	 -3.352443e-13
4 	 52 	 Ey 	 2 	 -2.180206e-11 	 -1.180316e-12
4 	 53 	 Ey 	 2 	 -3.138375e-11 	 -2.603755e-12
4 	 54 	 Ey 	 2 	 -4.681758e-11 	 -4.176047e-12
4 	 55 	 Ey 	 2 	 -7.188319e-11 	 -4.768240e-12
4 	 56 	 Ey 	 2 	 -1.133286e-10 	 -2.133002e-12
4 	 57 	 Ey 	 2 	 -1.874558e-10 	 5.279649e-12
4 	 58 	 Ey 	 2 	 -3.381708e-10 	 1.367595e-11
4 	 59 	 Ey 	 2 	 -6.684139e-10 	 1.819999e-11
4 	 60 	 Ey 	 2 	 -1.416345e-09 	 1.694043e-11
4 	 61 	 Ey 	 2 	 -3.005167e-09 	 1.066112e-11
4 	 62 	 Ey 	 2 	 -4.844195e-09 	 4.036021e-12
4 	 63 	 Ey 	 2 	 -1.236527e-09 	 3.794716e-12
4 	 64 	 Ey 	 2 	 4.608279e-09 	 7.211094e-12
4 	 65 	 Ey 	 2 	 -1.202459e-11 	 6.642777e-13
4 	 66 	 Ey 	 2 	 -1.525687e-11 	 8.493233e-13
4 	 67 	 Ey 	 2 	 -1.987825e-11 	 9.715828e-13
4 	 68 	 Ey 	 2 	 -2.674432e-11 	 9.446648e-13
4 	 69 	 Ey 	 2 	 -3.743065e-11 	 7.108934e-13
4 	 70 	 Ey 	 2 	 -5.466906e-11 	 4.261768e-13
4 	 71 	 Ey 	 2 	 -8.301267e-11 	 6.091541e-13
4 	 72 	 Ey 	 2 	 -1.302335e-10 	 2.291560e-12
4 	 73 	 Ey 	 2 	 -2.102170e-10 	 6.097663e-12
4 	 74 	 Ey 	 2 	 -3.485641e-10 	 9.999866e-12
4 	 75 	 Ey 	 2 	 -5.880438e-10 	 1.142588e-11
4 	 76 	 Ey 	 2 	 -9.748164e-10 	 9.662342e-12
4 	 77 	 Ey 	 2 	 -1.441760e-09 	 5.842585e-12
4 	 78 	 Ey 	 2 	 -1.472288e-09 	 2.763358e-12
4 	 79 	 Ey 	 2 	 -2.696869e-10 	 2.230823e-12
4 	 80 	 Ey 	 2 	 1.202223e-09 	 3.128743e-12
4 	 81 	 Ey 	 2 	 -1.406937e-11 	 1.123965e-12
4 	 82 	 Ey 	 2 	 -1.764175e-11 	 1.538252e-12
4 	 83 	 Ey 	 2 	 -2.258082e-11 	 2.060809e-12
4 	 84 	 Ey 	 2 	 -2.964354e-11 	 2.743044e-12
4 	 85 	 Ey 	 2 	 -4.025517e-11 	 3.612953e-12
4 	 86 	 Ey 	 2 	 -5.698142e-11 	 4.624135e-12
4 	 87 	 Ey 	 2 	 -8.409937e-11 	 5.623487e-12
4 	 88 	 Ey 	 2 	 -1.285803e-10 	 6.117887e-12
4 	 89 	 Ey 	 2 	 -1.995706e-10 	 5.419094e-12
4 	 90 	 Ey 	 2 	 -3.047509e-10 	 3.782769e-12
4 	 91 	 Ey 	 2 	 -4.474704e-10 	 1.720824e-12
4 	 92 	 Ey 	 2 	 -6.095661e-10 	 -2.381977e-13
4 	 93 	 Ey 	 2 	 -7.079415e-10 	 -1.234683e-12
4 	 94 	 Ey 	 2 	 -5.718533e-10 	 -1.077389e-12
4 	 95 	 Ey 	 2 	 -9.386091e-11 	 -1.818845e-13
4 	 96 	 Ey 	 2 	 4.256311e-10 	 9.175574e-13
4 	 97 	 Ey 	 2 	 -1.545527e-11 	 1.424876e-12
4 	 98 	 Ey 	 2 	 -1.913409e-11 	 1.968475e-12
4 	 99 	 Ey 	 2 	 -2.408967e-11 	 2.696734e-12
4 	 100 	 Ey 	 2 	 -3.095953e-11 	 3.716068e-12
4 	 101 	 Ey 	 2 	 -4.090913e-11 	 5.097383e-12
4 	 102 	 Ey 	 2 	 -5.600817e-11 	 6.686483e-12
4 	 103 	 Ey 	 2 	 -7.958008e-11 	 7.918203e-12
4 	 104 	 Ey 	 2 	 -1.165295e-10 	 7.510129e-12
4 	 105 	 Ey 	 2 	 -1.712214e-10 	 4.316076e-12
4 	 106 	 Ey 	 2 	 -2.417214e-10 	 -2.691302e-13
4 	 107 	 Ey 	 2 	 -3.177534e-10 	 -4.045861e-12
4 	 108 	 Ey 	 2 	 -3.759258e-10 	 -5.873750e-12
4 	 109 	 Ey 	 2 	 -3.740360e-10 	 -5.438507e-12
4 	 110 	 Ey 	 2 	 -2.655433e-10 	 -3.682258e-12
4 	 111 	 Ey 	 2 	 -4.245090e-11 	 -1.808237e-12
4 	 112 	 Ey 	 2 	 1.840046e-10 	 -2.822208e-13
4 	 113 	 Ey 	 2 	 -1.622688e-11 	 1.550560e-12
4 	 114 	 Ey 	 2 	 -1.981986e-11 	 2.132681e-12
4 	 115 	 Ey 	 2 	 -2.454026e-11 	 2.911729e-12
4 	 116 	 Ey 	 2 	 -3.089475e-11 	 3.994333e-12
4 	 117 	 Ey 	 2 	 -3.976924e-11 	 5.444146e-12
4 	 118 	 Ey 	 2 	 -5.266186e-11 	 7.057312e-12
4 	 119 	 Ey 	 2 	 -7.178565e-11 	 8.130964e-12
4 	 120 	 Ey 	 2 	 -9.991729e-11 	 7.260061e-12
4 	 121 	 Ey 	 2 	 -1.381758e-10 	 3.386797e-12
4 	 122 	 Ey 	 2 	 -1.814825e-10 	 -1.814040e-12
4 	 123 	 Ey 	 2 	 -2.186804e-10 	 -5.763878e-12
4 	 124 	 Ey 	 2 	 -2.340736e-10 	 -7.268265e-12
4 	 125 	 Ey 	 2 	 -2.105170e-10 	 -6.383076e-12
4 	 126 	 Ey 	 2 	 -1.381557e-10 	 -4.295582e-12
4 	 127 	 Ey 	 2 	 -2.114169e-11 	 -2.235501e-12
4 	 128 	 Ey 	 2 	 9.230422e-11 	 -6.467602e-13
4 	 129 	 Ey 	 2 	 -1.646392e-11 	 1.511021e-12
4 	 130 	 Ey 	 2 	 -1.982421e-11 	 2.065538e-12
4 	 131 	 Ey 	 2 	 -2.412385e-11 	 2.801535e-12
4 	 132 	 Ey 	 2 	 -2.974423e-11 	 3.801143e-12
4 	 133 	 Ey 	 2 	 -3.732594e-11 	 5.089811e-12
4 	 134 	 Ey 	 2 	 -4.786800e-11 	 6.444081e-12
4 	 135 	 Ey 	 2 	 -6.263980e-11 	 7.207754e-12
4 	 136 	 Ey 	 2 	 -8.283418e-11 	 6.172380e-12
4 	 137 	 Ey 	 2 	 -1.078897e-10 	 2.543815e-12
4 	 138 	 Ey 	 2 	 -1.327494e-10 	 -2.094017e-12
4 	 139 	 Ey 	 2 	 -1.490512e-10 	 -5.421858e-12
4 	 140 	 Ey 	 2 	 -1.480413e-10 	 -6.465183e-12
4 	 141 	 Ey 	 2 	 -1.238618e-10 	 -5.479707e-12
4 	 142 	 Ey 	 2 	 -7.662095e-11 	 -3.578570e-12
4 	 143 	 Ey 	 2 	 -9.889961e-12 	 -1.769168e-12
4 	 144 	 Ey 	 2 	 5.258141e-11 	 -3.901970e-13
4 	 145 	 Ey 	 2 	 -1.627186e-11 	 1.322635e-12
4 	 146 	 Ey 	 2 	 -1.931149e-11 	 1.794933e-12
4 	 147 	 Ey 	 2 	 -2.309352e-11 	 2.423027e-12
4 	 148 	 Ey 	 2 	 -2.789298e-11 	 3.262041e-12
4 	 149 	 Ey 	 2 	 -3.416542e-11 	 4.287482e-12
4 	 150 	 Ey 	 2 	 -4.254164e-11 	 5.269454e-12
4 	 151 	 Ey 	 2 	 -5.362309e-11 	 5.670552e-12
4 	 152 	 Ey 	 2 	 -6.760977e-11 	 4.589872e-12
4 	 153 	 Ey 	 2 	 -8.323434e-11 	 1.532693e-12
4 	 154 	 Ey 	 2 	 -9.648861e-11 	 -2.128056e-12
4 	 155 	 Ey 	 2 	 -1.019492e-10 	 -4.526682e-12
4 	 156 	 Ey 	 2 	 -9.517710e-11 	 -4.985972e-12
4 	 157 	 Ey 	 2 	 -7.495609e-11 	 -3.902065e-12
4 	 158 	 Ey 	 2 	 -4.365515e-11 	 -2.270474e-12
4 	 159 	 Ey 	 2 	 -3.196731e-12 	 -8.402408e-13
4 	 160 	 Ey 	 2 	 3.357975e-11 	 2.112605e-13
4 	 161 	 Ey 	 2 	 -1.576519e-11 	 1.006914e-12
4 	 162 	 Ey 	 2 	 -1.846255e-11 	 1.336382e-12
4 	 163 	 Ey 	 2 	 -2.172903e-11 	 1.776435e-12
4 	 164 	 Ey 	 2 	 -2.575922e-11 	 2.368533e-12
4 	 165 	 Ey 	 2 	 -3.088587e-11 	 3.053323e-12
4 	 166 	 Ey 	 2 	 -3.748951e-11 	 3.605103e-12
4 	 167 	 Ey 	 2 	 -4.573861e-11 	 3.627373e-12
4 	 168 	 Ey 	 2 	 -5.525599e-11 	 2.544595e-12
4 	 169 	 Ey 	 2 	 -6.454171e-11 	 1.488834e-13
4 	 170 	 Ey 	 2 	 -7.072298e-11 	 -2.421416e-12
4 	 171 	 Ey 	 2 	 -7.061572e-11 	 -3.793736e-12
4 	 172 	 Ey 	 2 	 -6.219183e-11 	 -3.574780e-12
4 	 173 	 Ey 	 2 	 -4.605006e-11 	 -2.286040e-12
4 	 174 	 Ey 	 2 	 -2.478804e-11 	 -8.613917e-13
4 	 175 	 Ey 	 2 	 9.102350e-13 	 1.984082e-13
4 	 176 	 Ey 	 2 	 2.361413e-11 	 9.063119e-13
4 	 177 	 Ey 	 2 	 -1.504772e-11 	 6.053942e-13
4 	 178 	 Ey 	 2 	 -1.743246e-11 	 7.301545e-13
4 	 179 	 Ey 	 2 	 -2.028088e-11 	 8.696067e-13
4 	 180 	 Ey 	 2 	 -2.374230e-11 	 1.052137e-12
4 	 181 	 Ey 	 2 	 -2.805443e-11 	 1.241883e-12
4 	 182 	 Ey 	 2 	 -3.339125e-11 	 1.284726e-12
4 	 183 	 Ey 	 2 	 -3.961340e-11 	 9.564199e-13
4 	 184 	 Ey 	 2 	 -4.596052e-11 	 9.660213e-15
4 	 185 	 Ey 	 2 	 -5.085516e-11 	 -1.504271e-12
4 	 186 	 Ey 	 2 	 -5.257024e-11 	 -2.831676e-12
4 	 187 	 Ey 	 2 	 -4.961782e-11 	 -3.164909e-12
4 	 188 	 Ey 	 2 	 -4.119181e-11 	 -2.318692e-12
4 	 189 	 Ey 	 2 	 -2.844564e-11 	 -8.442960e-13
4 	 190 	 Ey 	 2 	 -1.367717e-11 	 3.842245e-13
4 	 191 	 Ey 	 2 	 3.234767e-12 	 1.110450e-12
4 	 192 	 Ey 	 2 	 1.780447e-11 	 1.519116e-12
4 	 193 	 Ey 	 2 	 -1.418479e-11 	 1.935277e-13
4 	 194 	 Ey 	 2 	 -1.629722e-11 	 9.911409e-14
4 	 195 	 Ey 	 2 	 -1.883155e-11 	 -1.084338e-13
4 	 196 	 Ey 	 2 	 -2.193007e-11 	 -4.354999e-13
4 	 197 	 Ey 	 2 	 -2.571651e-11 	 -8.409781e-13
4 	 198 	 Ey 	 2 	 -3.013098e-11 	 -1.297103e-12
4 	 199 	 Ey 	 2 	 -3.478220e-11 	 -1.815962e-12
4 	 200 	 Ey 	 2 	 -3.863415e-11 	 -2.325068e-12
4 	 201 	 Ey 	 2 	 -4.021770e-11 	 -2.625821e-12
4 	 202 	 Ey 	 2 	 -3.899947e-11 	 -2.580443e-12
4 	 203 	 Ey 	 2 	 -3.480406e-11 	 -2.035567e-12
4 	 204 	 Ey 	 2 	 -2.740109e-11 	 -9.200904e-13
4 	 205 	 Ey 	 2 	 -1.773158e-11 	 3.871127e-13
4 	 206 	 Ey 	 2 	 -7.342841e-12 	 1.299309e-12
4 	 207 	 Ey 	 2 	 4.215247e-12 	 1.742667e-12
4 	 208 	 Ey 	 2 	 1.395131e-11 	 1.936090e-12
4 	 209 	 Ey 	 2 	 -1.320877e-11 	 -1.402959e-13
4 	 210 	 Ey 	 2 	 -1.504987e-11 	 -3.850380e-13
4 	 211 	 Ey 	 2 	 -1.725392e-11 	 -8.066392e-13
4 	 212 	 Ey 	 2 	 -1.991697e-11 	 -1.412875e-12
4 	 213 	 Ey 	 2 	 -2.304389e-11 	 -2.113358e-12
4 	 214 	 Ey 	 2 	 -2.642505e-11 	 -2.755099e-12
4 	 215 	 Ey 	 2 	 -2.954595e-11 	 -3.185377e-12
4 	 216 	 Ey 	 2 	 -3.144639e-11 	 -3.193876e-12
4 	 217 	 Ey 	 2 	 -3.116581e-11 	 -2.648944e-12
4 	 218 	 Ey 	 2 	 -2.872250e-11 	 -1.764868e-12
4 	 219 	 Ey 	 2 	 -2.447516e-11 	 -7.696203e-13
4 	 220 	 Ey 	 2 	 -1.855747e-11 	 2.735511e-13
4 	 221 	 Ey 	 2 	 -1.150050e-11 	 1.197324e-12
4 	 222 	 Ey 	 2 	 -4.038039e-12 	 1.783234e-12
4 	 223 	 Ey 	 2 	 4.250752e-12 	 2.042152e-12
4 	 224 	 Ey 	 2 	 1.108356e-11 	 2.122617e-12
4 	 225 	 Ey 	 2 	 -1.214747e-11 	 -3.436373e-13
4 	 226 	 Ey 	 2 	 -1.369453e-11 	 -6.354143e-13
4 	 227 	 Ey 	 2 	 -1.550057e-11 	 -1.084597e-12
4 	 228 	 Ey 	 2 	 -1.759034e-11 	 -1.675561e-12
4 	 229 	 Ey 	 2 	 -1.989574e-11 	 -2.311271e-12
4 	 230 	 Ey 	 2 	 -2.218064e-11 	 -2.830710e-12
4 	 231 	 Ey 	 2 	 -2.399593e-11 	 -3.053293e-12
4 	 232 	 Ey 	 2 	 -2.470681e-11 	 -2.810815e-12
4 	 233 	 Ey 	 2 	 -2.382759e-11 	 -2.077965e-12
4 	 234 	 Ey 	 2 	 -2.141615e-11 	 -1.074869e-12
4 	 235 	 Ey 	 2 	 -1.778953e-11 	 -6.430329e-14
4 	 236 	 Ey 	 2 	 -1.320084e-11 	 8.170659e-13
4 	 237 	 Ey 	 2 	 -7.960065e-12 	 1.484651e-12
4 	 238 	 Ey 	 2 	 -2.408337e-12 	 1.888774e-12
4 	 239 	 Ey 	 2 	 3.798553e-12 	 2.067459e-12
4 	 240 	 Ey 	 2 	 8.821184e-12 	 2.112370e-12
4 	 241 	 Ey 	 2 	 -1.104226e-11 	 -4.169759e-13
4 	 242 	 Ey 	 2 	 -1.229112e-11 	 -6.823349e-13
4 	 243 	 Ey 	 2 	 -1.369240e-11 	 -1.056251e-12
4 	 244 	 Ey 	 2 	 -1.522373e-11 	 -1.509446e-12
4 	 245 	 Ey 	 2 	 -1.679398e-11 	 -1.960100e-12
4 	 246 	 Ey 	 2 	 -1.820398e-11 	 -2.284060e-12
4 	 247 	 Ey 	 2 	 -1.914146e-11 	 -2.347033e-12
4 	 248 	 Ey 	 2 	 -1.924503e-11 	 -2.053628e-12
4 	 249 	 Ey 	 2 	 -1.827546e-11 	 -1.418946e-12
4 	 250 	 Ey 	 2 	 -1.625355e-11 	 -5.929508e-13
4 	 251 	 Ey 	 2 	 -1.336588e-11 	 2.363690e-13
4 	 252 	 Ey 	 2 	 -9.818981e-12 	 9.405444e-13
4 	 253 	 Ey 	 2 	 -5.821842e-12 	 1.457196e-12
4 	 254 	 Ey 	 2 	 -1.574491e-12 	 1.774568e-12
4 	 255 	 Ey 	 2 	 3.207431e-12 	 1.926693e-12
4 	 256 	 Ey 	 2 	 7.021023e-12 	 1.971813e-12
