iTx 	 iRx    chrec  ifreq 	 emf_real 	 emf_imag
6 	 1 	 Ex 	 1 	 3.560683e-11 	 3.573506e-11
6 	 2 	 Ex 	 1 	 8.103920e-12 	 4.359582e-11
6 	 3 	 Ex 	 1 	 -5.243371e-11 	 5.225070e-11
6 	 4 	 Ex 	 1 	 -1.527388e-10 	 6.092132e-11
6 	 5 	 Ex 	 1 	 -2.709799e-10 	 6.809246e-11
6 	 6 	 Ex 	 1 	 -3.195473e-10 	 7.183591e-11
6 	 7 	 Ex 	 1 	 -3.256286e-10 	 7.098590e-11
6 	 8 	 Ex 	 1 	 -2.230327e-10 	 6.598571e-11
6 	 9 	 Ex 	 1 	 -1.063240e-10 	 5.863146e-11
6 	 10 	 Ex 	 1 	 -1.966962e-11 	 5.067062e-11
6 	 11 	 Ex 	 1 	 2.907730e-11 	 4.311261e-11
6 	 12 	 Ex 	 1 	 4.956465e-11 	 3.620751e-11
6 	 13 	 Ex 	 1 	 5.332275e-11 	 2.999978e-11
6 	 14 	 Ex 	 1 	 4.886601e-11 	 2.462981e-11
6 	 15 	 Ex 	 1 	 4.142917e-11 	 2.012775e-11
6 	 16 	 Ex 	 1 	 3.369987e-11 	 1.643080e-11
6 	 17 	 Ex 	 1 	 1.011292e-10 	 4.111086e-11
6 	 18 	 Ex 	 1 	 8.858449e-11 	 5.177374e-11
6 	 19 	 Ex 	 1 	 1.789434e-11 	 6.452187e-11
6 	 20 	 Ex 	 1 	 -1.576898e-10 	 7.850307e-11
6 	 21 	 Ex 	 1 	 -4.318985e-10 	 9.112171e-11
6 	 22 	 Ex 	 1 	 -5.988842e-10 	 9.797789e-11
6 	 23 	 Ex 	 1 	 -5.789469e-10 	 9.602934e-11
6 	 24 	 Ex 	 1 	 -3.146835e-10 	 8.632173e-11
6 	 25 	 Ex 	 1 	 -7.365521e-11 	 7.359543e-11
6 	 26 	 Ex 	 1 	 5.890861e-11 	 6.142697e-11
6 	 27 	 Ex 	 1 	 1.084853e-10 	 5.099390e-11
6 	 28 	 Ex 	 1 	 1.143318e-10 	 4.213456e-11
6 	 29 	 Ex 	 1 	 1.011391e-10 	 3.441668e-11
6 	 30 	 Ex 	 1 	 8.216412e-11 	 2.773370e-11
6 	 31 	 Ex 	 1 	 6.391968e-11 	 2.223178e-11
6 	 32 	 Ex 	 1 	 4.878033e-11 	 1.776662e-11
6 	 33 	 Ex 	 1 	 2.108907e-10 	 4.659103e-11
6 	 34 	 Ex 	 1 	 2.595129e-10 	 6.085529e-11
6 	 35 	 Ex 	 1 	 2.420583e-10 	 7.961891e-11
6 	 36 	 Ex 	 1 	 -9.574183e-12 	 1.030485e-10
6 	 37 	 Ex 	 1 	 -6.988812e-10 	 1.273400e-10
6 	 38 	 Ex 	 1 	 -1.352073e-09 	 1.418435e-10
6 	 39 	 Ex 	 1 	 -1.184302e-09 	 1.370222e-10
6 	 40 	 Ex 	 1 	 -3.658364e-10 	 1.161577e-10
6 	 41 	 Ex 	 1 	 1.210693e-10 	 9.261435e-11
6 	 42 	 Ex 	 1 	 2.607733e-10 	 7.378444e-11
6 	 43 	 Ex 	 1 	 2.604225e-10 	 5.986891e-11
6 	 44 	 Ex 	 1 	 2.192053e-10 	 4.893302e-11
6 	 45 	 Ex 	 1 	 1.701152e-10 	 3.936015e-11
6 	 46 	 Ex 	 1 	 1.255415e-10 	 3.102694e-11
6 	 47 	 Ex 	 1 	 9.073290e-11 	 2.427462e-11
6 	 48 	 Ex 	 1 	 6.551431e-11 	 1.900688e-11
6 	 49 	 Ex 	 1 	 3.675412e-10 	 5.160569e-11
6 	 50 	 Ex 	 1 	 5.685239e-10 	 6.990206e-11
6 	 51 	 Ex 	 1 	 8.320058e-10 	 9.694078e-11
6 	 52 	 Ex 	 1 	 8.527164e-10 	 1.367972e-10
6 	 53 	 Ex 	 1 	 -7.504011e-10 	 1.886883e-10
6 	 54 	 Ex 	 1 	 -4.106585e-09 	 2.268865e-10
6 	 55 	 Ex 	 1 	 -2.843506e-09 	 2.131001e-10
6 	 56 	 Ex 	 1 	 2.440783e-10 	 1.616868e-10
6 	 57 	 Ex 	 1 	 8.617659e-10 	 1.152430e-10
6 	 58 	 Ex 	 1 	 7.017371e-10 	 8.660229e-11
6 	 59 	 Ex 	 1 	 5.102579e-10 	 6.924693e-11
6 	 60 	 Ex 	 1 	 3.678045e-10 	 5.656210e-11
6 	 61 	 Ex 	 1 	 2.587727e-10 	 4.495309e-11
6 	 62 	 Ex 	 1 	 1.759915e-10 	 3.438462e-11
6 	 63 	 Ex 	 1 	 1.191913e-10 	 2.608406e-11
6 	 64 	 Ex 	 1 	 8.206426e-11 	 2.000544e-11
6 	 65 	 Ex 	 1 	 5.362891e-10 	 5.521402e-11
6 	 66 	 Ex 	 1 	 9.825200e-10 	 7.721324e-11
6 	 67 	 Ex 	 1 	 1.965326e-09 	 1.135592e-10
6 	 68 	 Ex 	 1 	 4.100139e-09 	 1.788662e-10
6 	 69 	 Ex 	 1 	 5.133042e-09 	 2.979131e-10
6 	 70 	 Ex 	 1 	 -2.120870e-08 	 4.416670e-10
6 	 71 	 Ex 	 1 	 -4.842118e-09 	 3.832271e-10
6 	 72 	 Ex 	 1 	 5.460726e-09 	 2.301388e-10
6 	 73 	 Ex 	 1 	 2.852293e-09 	 1.391823e-10
6 	 74 	 Ex 	 1 	 1.409110e-09 	 9.756244e-11
6 	 75 	 Ex 	 1 	 8.156419e-10 	 7.746261e-11
6 	 76 	 Ex 	 1 	 5.285633e-10 	 6.383114e-11
6 	 77 	 Ex 	 1 	 3.487207e-10 	 5.031943e-11
6 	 78 	 Ex 	 1 	 2.234791e-10 	 3.739589e-11
6 	 79 	 Ex 	 1 	 1.440566e-10 	 2.756351e-11
6 	 80 	 Ex 	 1 	 9.568695e-11 	 2.073737e-11
6 	 81 	 Ex 	 1 	 6.344299e-10 	 5.657524e-11
6 	 82 	 Ex 	 1 	 1.267663e-09 	 8.055718e-11
6 	 83 	 Ex 	 1 	 2.996206e-09 	 1.228361e-10
6 	 84 	 Ex 	 1 	 9.225348e-09 	 2.100050e-10
6 	 85 	 Ex 	 1 	 4.773548e-08 	 4.338529e-10
6 	 86 	 Ex 	 1 	 -8.059776e-08 	 1.663654e-09
6 	 87 	 Ex 	 1 	 2.263280e-07 	 7.663045e-10
6 	 88 	 Ex 	 1 	 2.089381e-08 	 2.948528e-10
6 	 89 	 Ex 	 1 	 5.241485e-09 	 1.540615e-10
6 	 90 	 Ex 	 1 	 1.980169e-09 	 1.029698e-10
6 	 91 	 Ex 	 1 	 1.019525e-09 	 8.189909e-11
6 	 92 	 Ex 	 1 	 6.305559e-10 	 6.833231e-11
6 	 93 	 Ex 	 1 	 4.059891e-10 	 5.378118e-11
6 	 94 	 Ex 	 1 	 2.536159e-10 	 3.930325e-11
6 	 95 	 Ex 	 1 	 1.595146e-10 	 2.840871e-11
6 	 96 	 Ex 	 1 	 1.039110e-10 	 2.112795e-11
6 	 97 	 Ex 	 1 	 5.988224e-10 	 5.519395e-11
6 	 98 	 Ex 	 1 	 1.169246e-09 	 7.823045e-11
6 	 99 	 Ex 	 1 	 2.637962e-09 	 1.183420e-10
6 	 100 	 Ex 	 1 	 7.212706e-09 	 1.980402e-10
6 	 101 	 Ex 	 1 	 2.377501e-08 	 3.791644e-10
6 	 102 	 Ex 	 1 	 -8.188345e-08 	 7.865668e-10
6 	 103 	 Ex 	 1 	 2.905423e-08 	 5.752117e-10
6 	 104 	 Ex 	 1 	 1.369279e-08 	 2.688506e-10
6 	 105 	 Ex 	 1 	 4.320563e-09 	 1.460300e-10
6 	 106 	 Ex 	 1 	 1.766053e-09 	 9.961686e-11
6 	 107 	 Ex 	 1 	 9.538618e-10 	 8.097694e-11
6 	 108 	 Ex 	 1 	 6.110232e-10 	 6.866009e-11
6 	 109 	 Ex 	 1 	 4.016361e-10 	 5.439209e-11
6 	 110 	 Ex 	 1 	 2.527734e-10 	 3.964303e-11
6 	 111 	 Ex 	 1 	 1.589749e-10 	 2.850222e-11
6 	 112 	 Ex 	 1 	 1.033093e-10 	 2.107150e-11
6 	 113 	 Ex 	 1 	 4.485750e-10 	 5.144610e-11
6 	 114 	 Ex 	 1 	 7.731422e-10 	 7.109539e-11
6 	 115 	 Ex 	 1 	 1.379688e-09 	 1.025098e-10
6 	 116 	 Ex 	 1 	 2.214799e-09 	 1.555007e-10
6 	 117 	 Ex 	 1 	 6.156070e-10 	 2.385194e-10
6 	 118 	 Ex 	 1 	 -9.311781e-09 	 3.141029e-10
6 	 119 	 Ex 	 1 	 -4.576811e-09 	 2.841204e-10
6 	 120 	 Ex 	 1 	 1.965107e-09 	 1.891878e-10
6 	 121 	 Ex 	 1 	 1.707123e-09 	 1.205384e-10
6 	 122 	 Ex 	 1 	 1.029328e-09 	 8.907205e-11
6 	 123 	 Ex 	 1 	 6.864471e-10 	 7.527950e-11
6 	 124 	 Ex 	 1 	 4.942607e-10 	 6.517363e-11
6 	 125 	 Ex 	 1 	 3.458585e-10 	 5.223625e-11
6 	 126 	 Ex 	 1 	 2.253540e-10 	 3.836598e-11
6 	 127 	 Ex 	 1 	 1.447887e-10 	 2.774811e-11
6 	 128 	 Ex 	 1 	 9.539840e-11 	 2.057845e-11
6 	 129 	 Ex 	 1 	 2.728092e-10 	 4.620670e-11
6 	 130 	 Ex 	 1 	 3.842133e-10 	 6.161306e-11
6 	 131 	 Ex 	 1 	 4.762877e-10 	 8.350119e-11
6 	 132 	 Ex 	 1 	 3.005052e-10 	 1.144132e-10
6 	 133 	 Ex 	 1 	 -7.848490e-10 	 1.517268e-10
6 	 134 	 Ex 	 1 	 -2.311131e-09 	 1.767149e-10
6 	 135 	 Ex 	 1 	 -1.835413e-09 	 1.658042e-10
6 	 136 	 Ex 	 1 	 -2.562618e-10 	 1.281402e-10
6 	 137 	 Ex 	 1 	 3.242276e-10 	 9.390995e-11
6 	 138 	 Ex 	 1 	 4.107863e-10 	 7.580561e-11
6 	 139 	 Ex 	 1 	 3.932310e-10 	 6.683478e-11
6 	 140 	 Ex 	 1 	 3.409367e-10 	 5.912920e-11
6 	 141 	 Ex 	 1 	 2.625574e-10 	 4.810639e-11
6 	 142 	 Ex 	 1 	 1.807942e-10 	 3.579459e-11
6 	 143 	 Ex 	 1 	 1.205564e-10 	 2.623909e-11
6 	 144 	 Ex 	 1 	 8.158147e-11 	 1.965311e-11
6 	 145 	 Ex 	 1 	 1.355230e-10 	 4.046554e-11
6 	 146 	 Ex 	 1 	 1.419089e-10 	 5.195893e-11
6 	 147 	 Ex 	 1 	 8.669464e-11 	 6.656094e-11
6 	 148 	 Ex 	 1 	 -1.125655e-10 	 8.417536e-11
6 	 149 	 Ex 	 1 	 -5.139453e-10 	 1.022362e-10
6 	 150 	 Ex 	 1 	 -8.338220e-10 	 1.127779e-10
6 	 151 	 Ex 	 1 	 -7.892451e-10 	 1.075752e-10
6 	 152 	 Ex 	 1 	 -3.909464e-10 	 9.003128e-11
6 	 153 	 Ex 	 1 	 -8.617091e-11 	 7.312195e-11
6 	 154 	 Ex 	 1 	 9.357679e-11 	 6.321262e-11
6 	 155 	 Ex 	 1 	 1.832390e-10 	 5.764841e-11
6 	 156 	 Ex 	 1 	 2.050418e-10 	 5.187015e-11
6 	 157 	 Ex 	 1 	 1.780825e-10 	 4.278824e-11
6 	 158 	 Ex 	 1 	 1.314522e-10 	 3.234521e-11
6 	 159 	 Ex 	 1 	 9.206474e-11 	 2.418752e-11
6 	 160 	 Ex 	 1 	 6.465431e-11 	 1.841737e-11
6 	 161 	 Ex 	 1 	 5.041445e-11 	 3.491134e-11
6 	 162 	 Ex 	 1 	 2.425143e-11 	 4.332644e-11
6 	 163 	 Ex 	 1 	 -4.093014e-11 	 5.294997e-11
6 	 164 	 Ex 	 1 	 -1.556110e-10 	 6.316791e-11
6 	 165 	 Ex 	 1 	 -3.027567e-10 	 7.238646e-11
6 	 166 	 Ex 	 1 	 -3.793729e-10 	 7.738130e-11
6 	 167 	 Ex 	 1 	 -3.959796e-10 	 7.471956e-11
6 	 168 	 Ex 	 1 	 -2.856355e-10 	 6.637858e-11
6 	 169 	 Ex 	 1 	 -1.551845e-10 	 5.806795e-11
6 	 170 	 Ex 	 1 	 -2.796953e-11 	 5.264440e-11
6 	 171 	 Ex 	 1 	 6.364920e-11 	 4.880728e-11
6 	 172 	 Ex 	 1 	 1.069049e-10 	 4.431399e-11
6 	 173 	 Ex 	 1 	 1.076224e-10 	 3.698173e-11
6 	 174 	 Ex 	 1 	 8.632765e-11 	 2.849534e-11
6 	 175 	 Ex 	 1 	 6.425895e-11 	 2.178039e-11
6 	 176 	 Ex 	 1 	 4.732470e-11 	 1.692389e-11
6 	 177 	 Ex 	 1 	 5.204179e-12 	 2.986153e-11
6 	 178 	 Ex 	 1 	 -2.340721e-11 	 3.593389e-11
6 	 179 	 Ex 	 1 	 -7.038330e-11 	 4.240669e-11
6 	 180 	 Ex 	 1 	 -1.301536e-10 	 4.853272e-11
6 	 181 	 Ex 	 1 	 -1.885472e-10 	 5.345747e-11
6 	 182 	 Ex 	 1 	 -2.050588e-10 	 5.602678e-11
6 	 183 	 Ex 	 1 	 -2.263381e-10 	 5.495148e-11
6 	 184 	 Ex 	 1 	 -1.919399e-10 	 5.119252e-11
6 	 185 	 Ex 	 1 	 -1.351490e-10 	 4.722519e-11
6 	 186 	 Ex 	 1 	 -6.071802e-11 	 4.389266e-11
6 	 187 	 Ex 	 1 	 4.606438e-12 	 4.078264e-11
6 	 188 	 Ex 	 1 	 4.377516e-11 	 3.696645e-11
6 	 189 	 Ex 	 1 	 5.527854e-11 	 3.117686e-11
6 	 190 	 Ex 	 1 	 4.977791e-11 	 2.460686e-11
6 	 191 	 Ex 	 1 	 4.025730e-11 	 1.927787e-11
6 	 192 	 Ex 	 1 	 3.158645e-11 	 1.532185e-11
6 	 193 	 Ex 	 1 	 -1.589120e-11 	 2.540719e-11
6 	 194 	 Ex 	 1 	 -3.852091e-11 	 2.980412e-11
6 	 195 	 Ex 	 1 	 -6.858655e-11 	 3.422804e-11
6 	 196 	 Ex 	 1 	 -1.004592e-10 	 3.813754e-11
6 	 197 	 Ex 	 1 	 -1.270287e-10 	 4.098839e-11
6 	 198 	 Ex 	 1 	 -1.272898e-10 	 4.247908e-11
6 	 199 	 Ex 	 1 	 -1.440005e-10 	 4.230444e-11
6 	 200 	 Ex 	 1 	 -1.295858e-10 	 4.082028e-11
6 	 201 	 Ex 	 1 	 -1.014889e-10 	 3.888955e-11
6 	 202 	 Ex 	 1 	 -6.081637e-11 	 3.649558e-11
6 	 203 	 Ex 	 1 	 -2.100998e-11 	 3.371082e-11
6 	 204 	 Ex 	 1 	 6.888527e-12 	 3.029661e-11
6 	 205 	 Ex 	 1 	 2.023986e-11 	 2.586584e-11
6 	 206 	 Ex 	 1 	 2.315883e-11 	 2.104984e-11
6 	 207 	 Ex 	 1 	 2.156623e-11 	 1.688507e-11
6 	 208 	 Ex 	 1 	 1.860873e-11 	 1.367642e-11
6 	 209 	 Ex 	 1 	 -2.423750e-11 	 2.150502e-11
6 	 210 	 Ex 	 1 	 -4.045953e-11 	 2.474293e-11
6 	 211 	 Ex 	 1 	 -5.934866e-11 	 2.785449e-11
6 	 212 	 Ex 	 1 	 -7.754949e-11 	 3.053949e-11
6 	 213 	 Ex 	 1 	 -9.164530e-11 	 3.247169e-11
6 	 214 	 Ex 	 1 	 -8.754175e-11 	 3.350211e-11
6 	 215 	 Ex 	 1 	 -9.975951e-11 	 3.368050e-11
6 	 216 	 Ex 	 1 	 -9.129768e-11 	 3.316878e-11
6 	 217 	 Ex 	 1 	 -7.528926e-11 	 3.199327e-11
6 	 218 	 Ex 	 1 	 -5.291717e-11 	 3.012172e-11
6 	 219 	 Ex 	 1 	 -2.983034e-11 	 2.771608e-11
6 	 220 	 Ex 	 1 	 -1.148514e-11 	 2.483651e-11
6 	 221 	 Ex 	 1 	 1.409334e-13 	 2.149540e-11
6 	 222 	 Ex 	 1 	 6.073697e-12 	 1.797372e-11
6 	 223 	 Ex 	 1 	 8.391652e-12 	 1.477484e-11
6 	 224 	 Ex 	 1 	 8.763613e-12 	 1.213234e-11
6 	 225 	 Ex 	 1 	 -2.651309e-11 	 1.819457e-11
6 	 226 	 Ex 	 1 	 -3.787187e-11 	 2.064102e-11
6 	 227 	 Ex 	 1 	 -5.005447e-11 	 2.294182e-11
6 	 228 	 Ex 	 1 	 -6.119071e-11 	 2.490935e-11
6 	 229 	 Ex 	 1 	 -6.951070e-11 	 2.634579e-11
6 	 230 	 Ex 	 1 	 -6.443020e-11 	 2.717188e-11
6 	 231 	 Ex 	 1 	 -7.367345e-11 	 2.745680e-11
6 	 232 	 Ex 	 1 	 -6.805315e-11 	 2.717146e-11
6 	 233 	 Ex 	 1 	 -5.820935e-11 	 2.629196e-11
6 	 234 	 Ex 	 1 	 -4.508525e-11 	 2.480133e-11
6 	 235 	 Ex 	 1 	 -3.117326e-11 	 2.282000e-11
6 	 236 	 Ex 	 1 	 -1.901234e-11 	 2.049566e-11
6 	 237 	 Ex 	 1 	 -9.889203e-12 	 1.796587e-11
6 	 238 	 Ex 	 1 	 -3.799766e-12 	 1.538686e-11
6 	 239 	 Ex 	 1 	 -1.483027e-13 	 1.293082e-11
6 	 240 	 Ex 	 1 	 1.808659e-12 	 1.073395e-11
6 	 241 	 Ex 	 1 	 -2.609639e-11 	 1.545462e-11
6 	 242 	 Ex 	 1 	 -3.413883e-11 	 1.737486e-11
6 	 243 	 Ex 	 1 	 -4.228974e-11 	 1.913961e-11
6 	 244 	 Ex 	 1 	 -4.948180e-11 	 2.062502e-11
6 	 245 	 Ex 	 1 	 -5.473771e-11 	 2.172593e-11
6 	 246 	 Ex 	 1 	 -4.971950e-11 	 2.238308e-11
6 	 247 	 Ex 	 1 	 -5.706904e-11 	 2.263555e-11
6 	 248 	 Ex 	 1 	 -5.323805e-11 	 2.241480e-11
6 	 249 	 Ex 	 1 	 -4.691206e-11 	 2.171147e-11
6 	 250 	 Ex 	 1 	 -3.866700e-11 	 2.052822e-11
6 	 251 	 Ex 	 1 	 -2.974878e-11 	 1.893017e-11
6 	 252 	 Ex 	 1 	 -2.140694e-11 	 1.704771e-11
6 	 253 	 Ex 	 1 	 -1.445484e-11 	 1.505681e-11
6 	 254 	 Ex 	 1 	 -9.143593e-12 	 1.310113e-11
6 	 255 	 Ex 	 1 	 -5.371286e-12 	 1.126784e-11
6 	 256 	 Ex 	 1 	 -2.857535e-12 	 9.566499e-12
6 	 1 	 Ex 	 2 	 -1.916678e-11 	 6.375082e-11
6 	 2 	 Ex 	 2 	 -5.740777e-11 	 8.804081e-11
6 	 3 	 Ex 	 2 	 -1.285775e-10 	 1.169277e-10
6 	 4 	 Ex 	 2 	 -2.383627e-10 	 1.474161e-10
6 	 5 	 Ex 	 2 	 -3.637577e-10 	 1.732955e-10
6 	 6 	 Ex 	 2 	 -4.159874e-10 	 1.863910e-10
6 	 7 	 Ex 	 2 	 -4.215915e-10 	 1.821450e-10
6 	 8 	 Ex 	 2 	 -3.147209e-10 	 1.621727e-10
6 	 9 	 Ex 	 2 	 -1.908866e-10 	 1.342506e-10
6 	 10 	 Ex 	 2 	 -9.535777e-11 	 1.059492e-10
6 	 11 	 Ex 	 2 	 -3.689781e-11 	 8.126305e-11
6 	 12 	 Ex 	 2 	 -6.516370e-12 	 6.103171e-11
6 	 13 	 Ex 	 2 	 6.832633e-12 	 4.479892e-11
6 	 14 	 Ex 	 2 	 1.125561e-11 	 3.196901e-11
6 	 15 	 Ex 	 2 	 1.166998e-11 	 2.208268e-11
6 	 16 	 Ex 	 2 	 1.063355e-11 	 1.469241e-11
6 	 17 	 Ex 	 2 	 3.822489e-11 	 7.989406e-11
6 	 18 	 Ex 	 2 	 1.227842e-11 	 1.145999e-10
6 	 19 	 Ex 	 2 	 -7.211526e-11 	 1.593301e-10
6 	 20 	 Ex 	 2 	 -2.603213e-10 	 2.111534e-10
6 	 21 	 Ex 	 2 	 -5.443486e-10 	 2.592785e-10
6 	 22 	 Ex 	 2 	 -7.163871e-10 	 2.851275e-10
6 	 23 	 Ex 	 2 	 -6.954516e-10 	 2.759538e-10
6 	 24 	 Ex 	 2 	 -4.248588e-10 	 2.363723e-10
6 	 25 	 Ex 	 2 	 -1.741739e-10 	 1.859920e-10
6 	 26 	 Ex 	 2 	 -3.025018e-11 	 1.406132e-10
6 	 27 	 Ex 	 2 	 3.132964e-11 	 1.050603e-10
6 	 28 	 Ex 	 2 	 4.913808e-11 	 7.788185e-11
6 	 29 	 Ex 	 2 	 4.755735e-11 	 5.660928e-11
6 	 30 	 Ex 	 2 	 3.932418e-11 	 3.989109e-11
6 	 31 	 Ex 	 2 	 3.044400e-11 	 2.716311e-11
6 	 32 	 Ex 	 2 	 2.310120e-11 	 1.785071e-11
6 	 33 	 Ex 	 2 	 1.402073e-10 	 9.672163e-11
6 	 34 	 Ex 	 2 	 1.723624e-10 	 1.448481e-10
6 	 35 	 Ex 	 2 	 1.374423e-10 	 2.132897e-10
6 	 36 	 Ex 	 2 	 -1.310116e-10 	 3.033886e-10
6 	 37 	 Ex 	 2 	 -8.341456e-10 	 3.994713e-10
6 	 38 	 Ex 	 2 	 -1.494698e-09 	 4.568975e-10
6 	 39 	 Ex 	 2 	 -1.324832e-09 	 4.356077e-10
6 	 40 	 Ex 	 2 	 -4.963261e-10 	 3.497635e-10
6 	 41 	 Ex 	 2 	 3.935284e-12 	 2.541157e-10
6 	 42 	 Ex 	 2 	 1.579053e-10 	 1.815741e-10
6 	 43 	 Ex 	 2 	 1.717016e-10 	 1.326622e-10
6 	 44 	 Ex 	 2 	 1.443929e-10 	 9.800921e-11
6 	 45 	 Ex 	 2 	 1.091162e-10 	 7.085629e-11
6 	 46 	 Ex 	 2 	 7.752408e-11 	 4.909958e-11
6 	 47 	 Ex 	 2 	 5.378629e-11 	 3.275684e-11
6 	 48 	 Ex 	 2 	 3.750204e-11 	 2.117008e-11
6 	 49 	 Ex 	 2 	 2.902085e-10 	 1.122023e-10
6 	 50 	 Ex 	 2 	 4.716365e-10 	 1.757532e-10
6 	 51 	 Ex 	 2 	 7.133973e-10 	 2.769555e-10
6 	 52 	 Ex 	 2 	 7.118830e-10 	 4.344811e-10
6 	 53 	 Ex 	 2 	 -9.116939e-10 	 6.426110e-10
6 	 54 	 Ex 	 2 	 -4.279873e-09 	 7.943630e-10
6 	 55 	 Ex 	 2 	 -3.012303e-09 	 7.377932e-10
6 	 56 	 Ex 	 2 	 9.248138e-11 	 5.286595e-10
6 	 57 	 Ex 	 2 	 7.293547e-10 	 3.386658e-10
6 	 58 	 Ex 	 2 	 5.865212e-10 	 2.254295e-10
6 	 59 	 Ex 	 2 	 4.105882e-10 	 1.625782e-10
6 	 60 	 Ex 	 2 	 2.831875e-10 	 1.214620e-10
6 	 61 	 Ex 	 2 	 1.902235e-10 	 8.774766e-11
6 	 62 	 Ex 	 2 	 1.231410e-10 	 5.936139e-11
6 	 63 	 Ex 	 2 	 7.928597e-11 	 3.853500e-11
6 	 64 	 Ex 	 2 	 5.216802e-11 	 2.441123e-11
6 	 65 	 Ex 	 2 	 4.544470e-10 	 1.234983e-10
6 	 66 	 Ex 	 2 	 8.786076e-10 	 2.013752e-10
6 	 67 	 Ex 	 2 	 1.835759e-09 	 3.399244e-10
6 	 68 	 Ex 	 2 	 3.941915e-09 	 6.013836e-10
6 	 69 	 Ex 	 2 	 4.943508e-09 	 1.081783e-09
6 	 70 	 Ex 	 2 	 -2.141810e-08 	 1.645461e-09
6 	 71 	 Ex 	 2 	 -5.043907e-09 	 1.418095e-09
6 	 72 	 Ex 	 2 	 5.289079e-09 	 8.041049e-10
6 	 73 	 Ex 	 2 	 2.708475e-09 	 4.311021e-10
6 	 74 	 Ex 	 2 	 1.285101e-09 	 2.641889e-10
6 	 75 	 Ex 	 2 	 7.072836e-10 	 1.895534e-10
6 	 76 	 Ex 	 2 	 4.353102e-10 	 1.445127e-10
6 	 77 	 Ex 	 2 	 2.734526e-10 	 1.047583e-10
6 	 78 	 Ex 	 2 	 1.666904e-10 	 6.919264e-11
6 	 79 	 Ex 	 2 	 1.019691e-10 	 4.373434e-11
6 	 80 	 Ex 	 2 	 6.448601e-11 	 2.719173e-11
6 	 81 	 Ex 	 2 	 5.510838e-10 	 1.276502e-10
6 	 82 	 Ex 	 2 	 1.161150e-09 	 2.131886e-10
6 	 83 	 Ex 	 2 	 2.862035e-09 	 3.761728e-10
6 	 84 	 Ex 	 2 	 9.057906e-09 	 7.280827e-10
6 	 85 	 Ex 	 2 	 4.752182e-08 	 1.648421e-09
6 	 86 	 Ex 	 2 	 -8.084400e-08 	 6.505168e-09
6 	 87 	 Ex 	 2 	 2.260671e-07 	 3.070912e-09
6 	 88 	 Ex 	 2 	 2.070927e-08 	 1.071840e-09
6 	 89 	 Ex 	 2 	 5.093203e-09 	 4.909433e-10
6 	 90 	 Ex 	 2 	 1.852751e-09 	 2.835432e-10
6 	 91 	 Ex 	 2 	 9.067869e-10 	 2.040449e-10
6 	 92 	 Ex 	 2 	 5.322264e-10 	 1.588137e-10
6 	 93 	 Ex 	 2 	 3.265826e-10 	 1.160908e-10
6 	 94 	 Ex 	 2 	 1.944802e-10 	 7.591825e-11
6 	 95 	 Ex 	 2 	 1.162448e-10 	 4.727433e-11
6 	 96 	 Ex 	 2 	 7.210491e-11 	 2.904844e-11
6 	 97 	 Ex 	 2 	 5.173373e-10 	 1.230756e-10
6 	 98 	 Ex 	 2 	 1.065361e-09 	 2.050851e-10
6 	 99 	 Ex 	 2 	 2.507578e-09 	 3.596202e-10
6 	 100 	 Ex 	 2 	 7.051157e-09 	 6.818371e-10
6 	 101 	 Ex 	 2 	 2.357391e-08 	 1.421155e-09
6 	 102 	 Ex 	 2 	 -8.210533e-08 	 2.999839e-09
6 	 103 	 Ex 	 2 	 2.883387e-08 	 2.208969e-09
6 	 104 	 Ex 	 2 	 1.351710e-08 	 9.672414e-10
6 	 105 	 Ex 	 2 	 4.177542e-09 	 4.603395e-10
6 	 106 	 Ex 	 2 	 1.641559e-09 	 2.709719e-10
6 	 107 	 Ex 	 2 	 8.420640e-10 	 2.000302e-10
6 	 108 	 Ex 	 2 	 5.123562e-10 	 1.594562e-10
6 	 109 	 Ex 	 2 	 3.216114e-10 	 1.182149e-10
6 	 110 	 Ex 	 2 	 1.933463e-10 	 7.765314e-11
6 	 111 	 Ex 	 2 	 1.157374e-10 	 4.830518e-11
6 	 112 	 Ex 	 2 	 7.164397e-11 	 2.960925e-11
6 	 113 	 Ex 	 2 	 3.719846e-10 	 1.109302e-10
6 	 114 	 Ex 	 2 	 6.765039e-10 	 1.799173e-10
6 	 115 	 Ex 	 2 	 1.260379e-09 	 3.000414e-10
6 	 116 	 Ex 	 2 	 2.071334e-09 	 5.140219e-10
6 	 117 	 Ex 	 2 	 4.472832e-10 	 8.523256e-10
6 	 118 	 Ex 	 2 	 -9.495805e-09 	 1.153224e-09
6 	 119 	 Ex 	 2 	 -4.753113e-09 	 1.033607e-09
6 	 120 	 Ex 	 2 	 1.813617e-09 	 6.478635e-10
6 	 121 	 Ex 	 2 	 1.577530e-09 	 3.615057e-10
6 	 122 	 Ex 	 2 	 9.133071e-10 	 2.318566e-10
6 	 123 	 Ex 	 2 	 5.803885e-10 	 1.798249e-10
6 	 124 	 Ex 	 2 	 3.995847e-10 	 1.477080e-10
6 	 125 	 Ex 	 2 	 2.685473e-10 	 1.116099e-10
6 	 126 	 Ex 	 2 	 1.677518e-10 	 7.430437e-11
6 	 127 	 Ex 	 2 	 1.028157e-10 	 4.664297e-11
6 	 128 	 Ex 	 2 	 6.464253e-11 	 2.874917e-11
6 	 129 	 Ex 	 2 	 2.032738e-10 	 9.451580e-11
6 	 130 	 Ex 	 2 	 2.978253e-10 	 1.472109e-10
6 	 131 	 Ex 	 2 	 3.720034e-10 	 2.300134e-10
6 	 132 	 Ex 	 2 	 1.792609e-10 	 3.556506e-10
6 	 133 	 Ex 	 2 	 -9.210833e-10 	 5.118604e-10
6 	 134 	 Ex 	 2 	 -2.456102e-09 	 6.145354e-10
6 	 135 	 Ex 	 2 	 -1.975378e-09 	 5.692460e-10
6 	 136 	 Ex 	 2 	 -3.819548e-10 	 4.091372e-10
6 	 137 	 Ex 	 2 	 2.113536e-10 	 2.605442e-10
6 	 138 	 Ex 	 2 	 3.065646e-10 	 1.842099e-10
6 	 139 	 Ex 	 2 	 2.963422e-10 	 1.510968e-10
6 	 140 	 Ex 	 2 	 2.535268e-10 	 1.280815e-10
6 	 141 	 Ex 	 2 	 1.906103e-10 	 9.885520e-11
6 	 142 	 Ex 	 2 	 1.267834e-10 	 6.701956e-11
6 	 143 	 Ex 	 2 	 8.096861e-11 	 4.270830e-11
6 	 144 	 Ex 	 2 	 5.244330e-11 	 2.661537e-11
6 	 145 	 Ex 	 2 	 7.419499e-11 	 7.729011e-11
6 	 146 	 Ex 	 2 	 6.699753e-11 	 1.153174e-10
6 	 147 	 Ex 	 2 	 -1.711097e-12 	 1.696513e-10
6 	 148 	 Ex 	 2 	 -2.123917e-10 	 2.426267e-10
6 	 149 	 Ex 	 2 	 -6.224596e-10 	 3.217556e-10
6 	 150 	 Ex 	 2 	 -9.470521e-10 	 3.670630e-10
6 	 151 	 Ex 	 2 	 -8.996794e-10 	 3.436938e-10
6 	 152 	 Ex 	 2 	 -4.937653e-10 	 2.639245e-10
6 	 153 	 Ex 	 2 	 -1.824670e-10 	 1.843819e-10
6 	 154 	 Ex 	 2 	 2.439679e-12 	 1.410867e-10
6 	 155 	 Ex 	 2 	 9.737734e-11 	 1.211912e-10
6 	 156 	 Ex 	 2 	 1.269938e-10 	 1.053889e-10
6 	 157 	 Ex 	 2 	 1.133333e-10 	 8.294051e-11
6 	 158 	 Ex 	 2 	 8.236459e-11 	 5.735787e-11
6 	 159 	 Ex 	 2 	 5.572920e-11 	 3.723083e-11
6 	 160 	 Ex 	 2 	 3.770502e-11 	 2.354219e-11
6 	 161 	 Ex 	 2 	 -2.454562e-12 	 6.154207e-11
6 	 162 	 Ex 	 2 	 -3.926400e-11 	 8.827010e-11
6 	 163 	 Ex 	 2 	 -1.144157e-10 	 1.235374e-10
6 	 164 	 Ex 	 2 	 -2.367397e-10 	 1.668783e-10
6 	 165 	 Ex 	 2 	 -3.888800e-10 	 2.099338e-10
6 	 166 	 Ex 	 2 	 -4.681056e-10 	 2.325695e-10
6 	 167 	 Ex 	 2 	 -4.834284e-10 	 2.194681e-10
6 	 168 	 Ex 	 2 	 -3.697740e-10 	 1.764985e-10
6 	 169 	 Ex 	 2 	 -2.366479e-10 	 1.321952e-10
6 	 170 	 Ex 	 2 	 -1.063294e-10 	 1.069339e-10
6 	 171 	 Ex 	 2 	 -1.047192e-11 	 9.426245e-11
6 	 172 	 Ex 	 2 	 3.935243e-11 	 8.300890e-11
6 	 173 	 Ex 	 2 	 5.118685e-11 	 6.624665e-11
6 	 174 	 Ex 	 2 	 4.299236e-11 	 4.674687e-11
6 	 175 	 Ex 	 2 	 3.173823e-11 	 3.099155e-11
6 	 176 	 Ex 	 2 	 2.295030e-11 	 1.994124e-11
6 	 177 	 Ex 	 2 	 -3.956882e-11 	 4.826374e-11
6 	 178 	 Ex 	 2 	 -7.638512e-11 	 6.693301e-11
6 	 179 	 Ex 	 2 	 -1.307456e-10 	 9.003096e-11
6 	 180 	 Ex 	 2 	 -1.957768e-10 	 1.164524e-10
6 	 181 	 Ex 	 2 	 -2.572215e-10 	 1.409899e-10
6 	 182 	 Ex 	 2 	 -2.753272e-10 	 1.531769e-10
6 	 183 	 Ex 	 2 	 -2.964855e-10 	 1.460458e-10
6 	 184 	 Ex 	 2 	 -2.613561e-10 	 1.226052e-10
6 	 185 	 Ex 	 2 	 -2.038553e-10 	 9.735319e-11
6 	 186 	 Ex 	 2 	 -1.271305e-10 	 8.133771e-11
6 	 187 	 Ex 	 2 	 -5.789508e-11 	 7.176212e-11
6 	 188 	 Ex 	 2 	 -1.288907e-11 	 6.275781e-11
6 	 189 	 Ex 	 2 	 7.632426e-12 	 5.037218e-11
6 	 190 	 Ex 	 2 	 1.251625e-11 	 3.634044e-11
6 	 191 	 Ex 	 2 	 1.180062e-11 	 2.470681e-11
6 	 192 	 Ex 	 2 	 9.987845e-12 	 1.622331e-11
6 	 193 	 Ex 	 2 	 -5.327342e-11 	 3.754368e-11
6 	 194 	 Ex 	 2 	 -8.220454e-11 	 5.066354e-11
6 	 195 	 Ex 	 2 	 -1.178084e-10 	 6.605110e-11
6 	 196 	 Ex 	 2 	 -1.535852e-10 	 8.255513e-11
6 	 197 	 Ex 	 2 	 -1.823795e-10 	 9.692989e-11
6 	 198 	 Ex 	 2 	 -1.839066e-10 	 1.038635e-10
6 	 199 	 Ex 	 2 	 -2.012216e-10 	 1.003554e-10
6 	 200 	 Ex 	 2 	 -1.872382e-10 	 8.796096e-11
6 	 201 	 Ex 	 2 	 -1.590115e-10 	 7.345107e-11
6 	 202 	 Ex 	 2 	 -1.162382e-10 	 6.220684e-11
6 	 203 	 Ex 	 2 	 -7.261447e-11 	 5.382876e-11
6 	 204 	 Ex 	 2 	 -3.939373e-11 	 4.590891e-11
6 	 205 	 Ex 	 2 	 -1.891508e-11 	 3.675369e-11
6 	 206 	 Ex 	 2 	 -8.172562e-12 	 2.716795e-11
6 	 207 	 Ex 	 2 	 -2.865622e-12 	 1.900003e-11
6 	 208 	 Ex 	 2 	 -1.899905e-13 	 1.274808e-11
6 	 209 	 Ex 	 2 	 -5.514122e-11 	 2.905816e-11
6 	 210 	 Ex 	 2 	 -7.619079e-11 	 3.833275e-11
6 	 211 	 Ex 	 2 	 -9.930318e-11 	 4.872607e-11
6 	 212 	 Ex 	 2 	 -1.206190e-10 	 5.924104e-11
6 	 213 	 Ex 	 2 	 -1.367044e-10 	 6.789323e-11
6 	 214 	 Ex 	 2 	 -1.338377e-10 	 7.205533e-11
6 	 215 	 Ex 	 2 	 -1.468999e-10 	 7.053123e-11
6 	 216 	 Ex 	 2 	 -1.389664e-10 	 6.402355e-11
6 	 217 	 Ex 	 2 	 -1.226410e-10 	 5.544671e-11
6 	 218 	 Ex 	 2 	 -9.830197e-11 	 4.729736e-11
6 	 219 	 Ex 	 2 	 -7.175779e-11 	 4.011887e-11
6 	 220 	 Ex 	 2 	 -4.881126e-11 	 3.334698e-11
6 	 221 	 Ex 	 2 	 -3.165975e-11 	 2.652180e-11
6 	 222 	 Ex 	 2 	 -1.991372e-11 	 1.995680e-11
6 	 223 	 Ex 	 2 	 -1.225951e-11 	 1.428346e-11
6 	 224 	 Ex 	 2 	 -7.329910e-12 	 9.758981e-12
6 	 225 	 Ex 	 2 	 -5.185338e-11 	 2.236705e-11
6 	 226 	 Ex 	 2 	 -6.694843e-11 	 2.892794e-11
6 	 227 	 Ex 	 2 	 -8.241460e-11 	 3.598898e-11
6 	 228 	 Ex 	 2 	 -9.612557e-11 	 4.279925e-11
6 	 229 	 Ex 	 2 	 -1.062629e-10 	 4.817805e-11
6 	 230 	 Ex 	 2 	 -1.023842e-10 	 5.079943e-11
6 	 231 	 Ex 	 2 	 -1.123769e-10 	 5.018983e-11
6 	 232 	 Ex 	 2 	 -1.070107e-10 	 4.658844e-11
6 	 233 	 Ex 	 2 	 -9.659207e-11 	 4.127626e-11
6 	 234 	 Ex 	 2 	 -8.169911e-11 	 3.548291e-11
6 	 235 	 Ex 	 2 	 -6.490266e-11 	 2.983433e-11
6 	 236 	 Ex 	 2 	 -4.901326e-11 	 2.444690e-11
6 	 237 	 Ex 	 2 	 -3.562030e-11 	 1.933653e-11
6 	 238 	 Ex 	 2 	 -2.514630e-11 	 1.466142e-11
6 	 239 	 Ex 	 2 	 -1.736974e-11 	 1.063016e-11
6 	 240 	 Ex 	 2 	 -1.176594e-11 	 7.344628e-12
6 	 241 	 Ex 	 2 	 -4.675016e-11 	 1.710241e-11
6 	 242 	 Ex 	 2 	 -5.769359e-11 	 2.172421e-11
6 	 243 	 Ex 	 2 	 -6.843297e-11 	 2.653202e-11
6 	 244 	 Ex 	 2 	 -7.774615e-11 	 3.100310e-11
6 	 245 	 Ex 	 2 	 -8.457159e-11 	 3.444016e-11
6 	 246 	 Ex 	 2 	 -8.061881e-11 	 3.613471e-11
6 	 247 	 Ex 	 2 	 -8.853562e-11 	 3.589714e-11
6 	 248 	 Ex 	 2 	 -8.473229e-11 	 3.376129e-11
6 	 249 	 Ex 	 2 	 -7.772175e-11 	 3.034227e-11
6 	 250 	 Ex 	 2 	 -6.794193e-11 	 2.629500e-11
6 	 251 	 Ex 	 2 	 -5.669360e-11 	 2.210179e-11
6 	 252 	 Ex 	 2 	 -4.542751e-11 	 1.802885e-11
6 	 253 	 Ex 	 2 	 -3.519769e-11 	 1.422528e-11
6 	 254 	 Ex 	 2 	 -2.653193e-11 	 1.081153e-11
6 	 255 	 Ex 	 2 	 -1.955779e-11 	 7.878247e-12
6 	 256 	 Ex 	 2 	 -1.414021e-11 	 5.464918e-12
6 	 1 	 Ey 	 1 	 1.648243e-10 	 -5.797002e-12
6 	 2 	 Ey 	 1 	 2.166139e-10 	 -6.397380e-12
6 	 3 	 Ey 	 1 	 2.628489e-10 	 -6.695512e-12
6 	 4 	 Ey 	 1 	 2.722179e-10 	 -6.439517e-12
6 	 5 	 Ey 	 1 	 2.031793e-10 	 -5.407170e-12
6 	 6 	 Ey 	 1 	 3.125930e-11 	 -3.691286e-12
6 	 7 	 Ey 	 1 	 -1.390278e-10 	 -1.861345e-12
6 	 8 	 Ey 	 1 	 -2.637224e-10 	 -5.309149e-13
6 	 9 	 Ey 	 1 	 -2.977099e-10 	 1.189407e-13
6 	 10 	 Ey 	 1 	 -2.694423e-10 	 3.783881e-13
6 	 11 	 Ey 	 1 	 -2.170854e-10 	 6.862592e-13
6 	 12 	 Ey 	 1 	 -1.639497e-10 	 1.062280e-12
6 	 13 	 Ey 	 1 	 -1.194496e-10 	 1.523927e-12
6 	 14 	 Ey 	 1 	 -8.561333e-11 	 1.858592e-12
6 	 15 	 Ey 	 1 	 -6.120758e-11 	 2.020030e-12
6 	 16 	 Ey 	 1 	 -4.406183e-11 	 2.030603e-12
6 	 17 	 Ey 	 1 	 2.161478e-10 	 -6.275559e-12
6 	 18 	 Ey 	 1 	 3.187276e-10 	 -7.285281e-12
6 	 19 	 Ey 	 1 	 4.439949e-10 	 -8.112471e-12
6 	 20 	 Ey 	 1 	 5.347190e-10 	 -8.197360e-12
6 	 21 	 Ey 	 1 	 4.578447e-10 	 -7.021914e-12
6 	 22 	 Ey 	 1 	 8.923884e-11 	 -4.529054e-12
6 	 23 	 Ey 	 1 	 -3.169563e-10 	 -1.851485e-12
6 	 24 	 Ey 	 1 	 -5.504177e-10 	 -4.109285e-13
6 	 25 	 Ey 	 1 	 -5.444691e-10 	 -4.477254e-13
6 	 26 	 Ey 	 1 	 -4.333396e-10 	 -8.770791e-13
6 	 27 	 Ey 	 1 	 -3.131394e-10 	 -8.499596e-13
6 	 28 	 Ey 	 1 	 -2.158460e-10 	 -2.191973e-13
6 	 29 	 Ey 	 1 	 -1.452371e-10 	 6.973486e-13
6 	 30 	 Ey 	 1 	 -9.709451e-11 	 1.385128e-12
6 	 31 	 Ey 	 1 	 -6.549922e-11 	 1.724968e-12
6 	 32 	 Ey 	 1 	 -4.499368e-11 	 1.802454e-12
6 	 33 	 Ey 	 1 	 2.614657e-10 	 -6.475392e-12
6 	 34 	 Ey 	 1 	 4.430777e-10 	 -7.955975e-12
6 	 35 	 Ey 	 1 	 7.427366e-10 	 -9.414313e-12
6 	 36 	 Ey 	 1 	 1.124480e-09 	 -1.021887e-11
6 	 37 	 Ey 	 1 	 1.216103e-09 	 -9.040943e-12
6 	 38 	 Ey 	 1 	 3.054973e-10 	 -5.298410e-12
6 	 39 	 Ey 	 1 	 -8.981015e-10 	 -1.218712e-12
6 	 40 	 Ey 	 1 	 -1.298232e-09 	 1.387166e-13
6 	 41 	 Ey 	 1 	 -1.024995e-09 	 -1.514770e-12
6 	 42 	 Ey 	 1 	 -6.787626e-10 	 -3.472253e-12
6 	 43 	 Ey 	 1 	 -4.300088e-10 	 -3.799359e-12
6 	 44 	 Ey 	 1 	 -2.682184e-10 	 -2.471186e-12
6 	 45 	 Ey 	 1 	 -1.652722e-10 	 -6.112337e-13
6 	 46 	 Ey 	 1 	 -1.021382e-10 	 7.386672e-13
6 	 47 	 Ey 	 1 	 -6.463476e-11 	 1.342819e-12
6 	 48 	 Ey 	 1 	 -4.225543e-11 	 1.501699e-12
6 	 49 	 Ey 	 1 	 2.694402e-10 	 -6.053916e-12
6 	 50 	 Ey 	 1 	 5.323776e-10 	 -7.815555e-12
6 	 51 	 Ey 	 1 	 1.123903e-09 	 -9.866618e-12
6 	 52 	 Ey 	 1 	 2.385878e-09 	 -1.154924e-11
6 	 53 	 Ey 	 1 	 3.953367e-09 	 -1.063042e-11
6 	 54 	 Ey 	 1 	 1.458784e-09 	 -5.584946e-12
6 	 55 	 Ey 	 1 	 -3.538291e-09 	 6.381319e-14
6 	 56 	 Ey 	 1 	 -3.421516e-09 	 9.386746e-13
6 	 57 	 Ey 	 1 	 -1.827492e-09 	 -3.107939e-12
6 	 58 	 Ey 	 1 	 -9.379995e-10 	 -6.984737e-12
6 	 59 	 Ey 	 1 	 -5.144319e-10 	 -7.522462e-12
6 	 60 	 Ey 	 1 	 -2.923768e-10 	 -5.208928e-12
6 	 61 	 Ey 	 1 	 -1.655144e-10 	 -2.074024e-12
6 	 62 	 Ey 	 1 	 -9.434426e-11 	 7.662300e-15
6 	 63 	 Ey 	 1 	 -5.591779e-11 	 8.805604e-13
6 	 64 	 Ey 	 1 	 -3.477155e-11 	 1.133937e-12
6 	 65 	 Ey 	 1 	 1.985691e-10 	 -4.801424e-12
6 	 66 	 Ey 	 1 	 4.526833e-10 	 -6.356733e-12
6 	 67 	 Ey 	 1 	 1.212784e-09 	 -8.366509e-12
6 	 68 	 Ey 	 1 	 3.953725e-09 	 -1.012587e-11
6 	 69 	 Ey 	 1 	 1.452489e-08 	 -9.332139e-12
6 	 70 	 Ey 	 1 	 1.410318e-08 	 -4.450013e-12
6 	 71 	 Ey 	 1 	 -2.326852e-08 	 3.879631e-13
6 	 72 	 Ey 	 1 	 -8.253618e-09 	 9.771376e-13
6 	 73 	 Ey 	 1 	 -2.389190e-09 	 -3.569745e-12
6 	 74 	 Ey 	 1 	 -9.073263e-10 	 -7.937226e-12
6 	 75 	 Ey 	 1 	 -4.371181e-10 	 -8.467374e-12
6 	 76 	 Ey 	 1 	 -2.337813e-10 	 -6.044259e-12
6 	 77 	 Ey 	 1 	 -1.255476e-10 	 -2.743155e-12
6 	 78 	 Ey 	 1 	 -6.740847e-11 	 -5.419130e-13
6 	 79 	 Ey 	 1 	 -3.769441e-11 	 3.990669e-13
6 	 80 	 Ey 	 1 	 -2.226096e-11 	 7.070791e-13
6 	 81 	 Ey 	 1 	 2.057771e-11 	 -2.706978e-12
6 	 82 	 Ey 	 1 	 8.062388e-11 	 -3.510074e-12
6 	 83 	 Ey 	 1 	 3.159656e-10 	 -4.510362e-12
6 	 84 	 Ey 	 1 	 1.585206e-09 	 -5.213819e-12
6 	 85 	 Ey 	 1 	 1.540291e-08 	 -4.731067e-12
6 	 86 	 Ey 	 1 	 3.338165e-06 	 -3.068756e-10
6 	 87 	 Ey 	 1 	 -1.032108e-07 	 8.388758e-13
6 	 88 	 Ey 	 1 	 -5.430198e-09 	 -6.463718e-13
6 	 89 	 Ey 	 1 	 -9.847614e-10 	 -2.927463e-12
6 	 90 	 Ey 	 1 	 -3.476457e-10 	 -5.203776e-12
6 	 91 	 Ey 	 1 	 -1.804891e-10 	 -5.582187e-12
6 	 92 	 Ey 	 1 	 -1.068841e-10 	 -4.192288e-12
6 	 93 	 Ey 	 1 	 -6.298053e-11 	 -2.204934e-12
6 	 94 	 Ey 	 1 	 -3.680268e-11 	 -7.558996e-13
6 	 95 	 Ey 	 1 	 -2.241889e-11 	 -3.316032e-14
6 	 96 	 Ey 	 1 	 -1.457901e-11 	 2.525967e-13
6 	 97 	 Ey 	 1 	 -1.457653e-10 	 -2.487387e-13
6 	 98 	 Ey 	 1 	 -3.296710e-10 	 -1.649035e-14
6 	 99 	 Ey 	 1 	 -9.225034e-10 	 4.492224e-13
6 	 100 	 Ey 	 1 	 -3.576146e-09 	 9.555028e-13
6 	 101 	 Ey 	 1 	 -2.330442e-08 	 7.637404e-13
6 	 102 	 Ey 	 1 	 -4.316711e-08 	 -4.387025e-12
6 	 103 	 Ey 	 1 	 8.445869e-08 	 -4.075846e-12
6 	 104 	 Ey 	 1 	 9.308082e-09 	 -2.530985e-12
6 	 105 	 Ey 	 1 	 1.851750e-09 	 -2.300892e-12
6 	 106 	 Ey 	 1 	 5.650604e-10 	 -1.931851e-12
6 	 107 	 Ey 	 1 	 2.211596e-10 	 -1.804078e-12
6 	 108 	 Ey 	 1 	 9.929605e-11 	 -1.582675e-12
6 	 109 	 Ey 	 1 	 4.920240e-11 	 -1.165521e-12
6 	 110 	 Ey 	 1 	 2.713999e-11 	 -7.013970e-13
6 	 111 	 Ey 	 1 	 1.665906e-11 	 -3.699884e-13
6 	 112 	 Ey 	 1 	 1.109271e-11 	 -1.687832e-13
6 	 113 	 Ey 	 1 	 -2.614348e-10 	 1.960291e-12
6 	 114 	 Ey 	 1 	 -5.473317e-10 	 3.005152e-12
6 	 115 	 Ey 	 1 	 -1.295046e-09 	 4.431766e-12
6 	 116 	 Ey 	 1 	 -3.416210e-09 	 5.771020e-12
6 	 117 	 Ey 	 1 	 -8.243485e-09 	 5.149060e-12
6 	 118 	 Ey 	 1 	 -4.651812e-09 	 1.583603e-12
6 	 119 	 Ey 	 1 	 9.323875e-09 	 -2.263052e-12
6 	 120 	 Ey 	 1 	 5.849820e-09 	 -3.629632e-12
6 	 121 	 Ey 	 1 	 2.259076e-09 	 -1.555125e-12
6 	 122 	 Ey 	 1 	 9.427532e-10 	 6.205385e-13
6 	 123 	 Ey 	 1 	 4.497486e-10 	 1.115242e-12
6 	 124 	 Ey 	 1 	 2.335613e-10 	 5.431408e-13
6 	 125 	 Ey 	 1 	 1.268335e-10 	 -1.751218e-13
6 	 126 	 Ey 	 1 	 7.217551e-11 	 -5.620640e-13
6 	 127 	 Ey 	 1 	 4.376694e-11 	 -6.263987e-13
6 	 128 	 Ey 	 1 	 2.826430e-11 	 -5.490743e-13
6 	 129 	 Ey 	 1 	 -2.843952e-10 	 3.596130e-12
6 	 130 	 Ey 	 1 	 -5.178134e-10 	 4.954702e-12
6 	 131 	 Ey 	 1 	 -9.718866e-10 	 6.594609e-12
6 	 132 	 Ey 	 1 	 -1.736015e-09 	 7.789722e-12
6 	 133 	 Ey 	 1 	 -2.291463e-09 	 6.960464e-12
6 	 134 	 Ey 	 1 	 -7.111271e-10 	 3.033046e-12
6 	 135 	 Ey 	 1 	 1.831447e-09 	 -1.539265e-12
6 	 136 	 Ey 	 1 	 2.209811e-09 	 -2.725457e-12
6 	 137 	 Ey 	 1 	 1.442916e-09 	 -2.528680e-13
6 	 138 	 Ey 	 1 	 8.347035e-10 	 2.394384e-12
6 	 139 	 Ey 	 1 	 4.840900e-10 	 2.974141e-12
6 	 140 	 Ey 	 1 	 2.835618e-10 	 1.883406e-12
6 	 141 	 Ey 	 1 	 1.662451e-10 	 4.613182e-13
6 	 142 	 Ey 	 1 	 9.923506e-11 	 -4.880339e-13
6 	 143 	 Ey 	 1 	 6.181842e-11 	 -8.497773e-13
6 	 144 	 Ey 	 1 	 4.043462e-11 	 -8.762078e-13
6 	 145 	 Ey 	 1 	 -2.460490e-10 	 4.457032e-12
6 	 146 	 Ey 	 1 	 -3.864771e-10 	 5.725858e-12
6 	 147 	 Ey 	 1 	 -5.870948e-10 	 7.042556e-12
6 	 148 	 Ey 	 1 	 -7.876298e-10 	 7.820894e-12
6 	 149 	 Ey 	 1 	 -7.530720e-10 	 6.825497e-12
6 	 150 	 Ey 	 1 	 -1.716844e-10 	 3.572267e-12
6 	 151 	 Ey 	 1 	 5.387304e-10 	 3.335627e-14
6 	 152 	 Ey 	 1 	 8.666490e-10 	 -7.468886e-13
6 	 153 	 Ey 	 1 	 7.885317e-10 	 1.412598e-12
6 	 154 	 Ey 	 1 	 5.928076e-10 	 3.712001e-12
6 	 155 	 Ey 	 1 	 4.108869e-10 	 3.982868e-12
6 	 156 	 Ey 	 1 	 2.708483e-10 	 2.590756e-12
6 	 157 	 Ey 	 1 	 1.721882e-10 	 7.570850e-13
6 	 158 	 Ey 	 1 	 1.088639e-10 	 -5.205887e-13
6 	 159 	 Ey 	 1 	 7.060483e-11 	 -1.056655e-12
6 	 160 	 Ey 	 1 	 4.749017e-11 	 -1.166008e-12
6 	 161 	 Ey 	 1 	 -1.888390e-10 	 4.740035e-12
6 	 162 	 Ey 	 1 	 -2.594759e-10 	 5.697929e-12
6 	 163 	 Ey 	 1 	 -3.322885e-10 	 6.601969e-12
6 	 164 	 Ey 	 1 	 -3.654445e-10 	 6.861097e-12
6 	 165 	 Ey 	 1 	 -2.887310e-10 	 6.012513e-12
6 	 166 	 Ey 	 1 	 -4.871250e-11 	 3.729948e-12
6 	 167 	 Ey 	 1 	 2.059064e-10 	 1.549080e-12
6 	 168 	 Ey 	 1 	 3.831873e-10 	 1.241985e-12
6 	 169 	 Ey 	 1 	 4.296748e-10 	 2.932502e-12
6 	 170 	 Ey 	 1 	 3.905388e-10 	 4.589323e-12
6 	 171 	 Ey 	 1 	 3.127086e-10 	 4.530664e-12
6 	 172 	 Ey 	 1 	 2.287402e-10 	 2.915128e-12
6 	 173 	 Ey 	 1 	 1.569146e-10 	 7.993150e-13
6 	 174 	 Ey 	 1 	 1.051268e-10 	 -6.647016e-13
6 	 175 	 Ey 	 1 	 7.130412e-11 	 -1.277773e-12
6 	 176 	 Ey 	 1 	 4.964678e-11 	 -1.421315e-12
6 	 177 	 Ey 	 1 	 -1.366026e-10 	 4.581551e-12
6 	 178 	 Ey 	 1 	 -1.675397e-10 	 5.257036e-12
6 	 179 	 Ey 	 1 	 -1.877319e-10 	 5.734078e-12
6 	 180 	 Ey 	 1 	 -1.789140e-10 	 5.779393e-12
6 	 181 	 Ey 	 1 	 -1.241682e-10 	 5.136733e-12
6 	 182 	 Ey 	 1 	 -1.299635e-11 	 3.798766e-12
6 	 183 	 Ey 	 1 	 9.429395e-11 	 2.668609e-12
6 	 184 	 Ey 	 1 	 1.893761e-10 	 2.737010e-12
6 	 185 	 Ey 	 1 	 2.433297e-10 	 3.930162e-12
6 	 186 	 Ey 	 1 	 2.526498e-10 	 4.914228e-12
6 	 187 	 Ey 	 1 	 2.254144e-10 	 4.559925e-12
6 	 188 	 Ey 	 1 	 1.793302e-10 	 2.773568e-12
6 	 189 	 Ey 	 1 	 1.314651e-10 	 5.596398e-13
6 	 190 	 Ey 	 1 	 9.309822e-11 	 -9.287447e-13
6 	 191 	 Ey 	 1 	 6.617874e-11 	 -1.502156e-12
6 	 192 	 Ey 	 1 	 4.789543e-11 	 -1.610446e-12
6 	 193 	 Ey 	 1 	 -9.666173e-11 	 4.248777e-12
6 	 194 	 Ey 	 1 	 -1.081464e-10 	 4.656745e-12
6 	 195 	 Ey 	 1 	 -1.093978e-10 	 4.867153e-12
6 	 196 	 Ey 	 1 	 -9.386952e-11 	 4.755595e-12
6 	 197 	 Ey 	 1 	 -5.911648e-11 	 4.376589e-12
6 	 198 	 Ey 	 1 	 -1.822093e-12 	 3.769457e-12
6 	 199 	 Ey 	 1 	 4.928640e-11 	 3.326788e-12
6 	 200 	 Ey 	 1 	 1.019445e-10 	 3.420950e-12
6 	 201 	 Ey 	 1 	 1.414232e-10 	 3.898061e-12
6 	 202 	 Ey 	 1 	 1.592124e-10 	 4.032660e-12
6 	 203 	 Ey 	 1 	 1.529910e-10 	 3.322769e-12
6 	 204 	 Ey 	 1 	 1.303552e-10 	 1.749987e-12
6 	 205 	 Ey 	 1 	 1.021214e-10 	 -8.432836e-14
6 	 206 	 Ey 	 1 	 7.691579e-11 	 -1.227954e-12
6 	 207 	 Ey 	 1 	 5.763377e-11 	 -1.682620e-12
6 	 208 	 Ey 	 1 	 4.355707e-11 	 -1.731424e-12
6 	 209 	 Ey 	 1 	 -6.848891e-11 	 3.819478e-12
6 	 210 	 Ey 	 1 	 -7.146501e-11 	 4.073287e-12
6 	 211 	 Ey 	 1 	 -6.730220e-11 	 4.124650e-12
6 	 212 	 Ey 	 1 	 -5.395352e-11 	 3.997177e-12
6 	 213 	 Ey 	 1 	 -3.176605e-11 	 3.755327e-12
6 	 214 	 Ey 	 1 	 1.305836e-12 	 3.451618e-12
6 	 215 	 Ey 	 1 	 2.875104e-11 	 3.246890e-12
6 	 216 	 Ey 	 1 	 5.898082e-11 	 3.105418e-12
6 	 217 	 Ey 	 1 	 8.347475e-11 	 2.882010e-12
6 	 218 	 Ey 	 1 	 9.733876e-11 	 2.366430e-12
6 	 219 	 Ey 	 1 	 9.828763e-11 	 1.516568e-12
6 	 220 	 Ey 	 1 	 8.907000e-11 	 3.723435e-13
6 	 221 	 Ey 	 1 	 7.492405e-11 	 -7.605993e-13
6 	 222 	 Ey 	 1 	 6.045261e-11 	 -1.492231e-12
6 	 223 	 Ey 	 1 	 4.796345e-11 	 -1.773837e-12
6 	 224 	 Ey 	 1 	 3.795139e-11 	 -1.787550e-12
6 	 225 	 Ey 	 1 	 -4.921087e-11 	 3.409735e-12
6 	 226 	 Ey 	 1 	 -4.882916e-11 	 3.551978e-12
6 	 227 	 Ey 	 1 	 -4.388924e-11 	 3.541922e-12
6 	 228 	 Ey 	 1 	 -3.380595e-11 	 3.399902e-12
6 	 229 	 Ey 	 1 	 -1.910773e-11 	 3.179223e-12
6 	 230 	 Ey 	 1 	 1.762193e-12 	 2.930959e-12
6 	 231 	 Ey 	 1 	 1.802361e-11 	 2.654080e-12
6 	 232 	 Ey 	 1 	 3.633547e-11 	 2.282395e-12
6 	 233 	 Ey 	 1 	 5.136587e-11 	 1.760878e-12
6 	 234 	 Ey 	 1 	 6.083957e-11 	 1.082076e-12
6 	 235 	 Ey 	 1 	 6.364978e-11 	 2.979861e-13
6 	 236 	 Ey 	 1 	 6.072522e-11 	 -5.064912e-13
6 	 237 	 Ey 	 1 	 5.428359e-11 	 -1.205378e-12
6 	 238 	 Ey 	 1 	 4.650769e-11 	 -1.629705e-12
6 	 239 	 Ey 	 1 	 3.888923e-11 	 -1.800408e-12
6 	 240 	 Ey 	 1 	 3.214099e-11 	 -1.811507e-12
6 	 241 	 Ey 	 1 	 -3.600491e-11 	 3.046257e-12
6 	 242 	 Ey 	 1 	 -3.445715e-11 	 3.096770e-12
6 	 243 	 Ey 	 1 	 -3.002657e-11 	 3.040514e-12
6 	 244 	 Ey 	 1 	 -2.257117e-11 	 2.885711e-12
6 	 245 	 Ey 	 1 	 -1.249302e-11 	 2.651127e-12
6 	 246 	 Ey 	 1 	 1.471886e-12 	 2.362127e-12
6 	 247 	 Ey 	 1 	 1.176128e-11 	 1.995927e-12
6 	 248 	 Ey 	 1 	 2.352075e-11 	 1.535550e-12
6 	 249 	 Ey 	 1 	 3.327097e-11 	 9.606684e-13
6 	 250 	 Ey 	 1 	 3.989468e-11 	 3.129696e-13
6 	 251 	 Ey 	 1 	 4.286973e-11 	 -3.413433e-13
6 	 252 	 Ey 	 1 	 4.251541e-11 	 -9.172375e-13
6 	 253 	 Ey 	 1 	 3.977188e-11 	 -1.362284e-12
6 	 254 	 Ey 	 1 	 3.569576e-11 	 -1.643154e-12
6 	 255 	 Ey 	 1 	 3.116949e-11 	 -1.786130e-12
6 	 256 	 Ey 	 1 	 2.676226e-11 	 -1.807870e-12
6 	 1 	 Ey 	 2 	 1.723572e-10 	 -1.839553e-11
6 	 2 	 Ey 	 2 	 2.243696e-10 	 -2.126542e-11
6 	 3 	 Ey 	 2 	 2.705249e-10 	 -2.275550e-11
6 	 4 	 Ey 	 2 	 2.795045e-10 	 -2.145114e-11
6 	 5 	 Ey 	 2 	 2.098297e-10 	 -1.627420e-11
6 	 6 	 Ey 	 2 	 3.711016e-11 	 -7.846036e-12
6 	 7 	 Ey 	 2 	 -1.340320e-10 	 9.607204e-13
6 	 8 	 Ey 	 2 	 -2.595402e-10 	 6.856970e-12
6 	 9 	 Ey 	 2 	 -2.944037e-10 	 8.656991e-12
6 	 10 	 Ey 	 2 	 -2.672042e-10 	 7.756922e-12
6 	 11 	 Ey 	 2 	 -2.161381e-10 	 6.267647e-12
6 	 12 	 Ey 	 2 	 -1.643305e-10 	 5.318624e-12
6 	 13 	 Ey 	 2 	 -1.210310e-10 	 4.980293e-12
6 	 14 	 Ey 	 2 	 -8.802299e-11 	 4.842146e-12
6 	 15 	 Ey 	 2 	 -6.404992e-11 	 4.612074e-12
6 	 16 	 Ey 	 2 	 -4.701771e-11 	 4.229502e-12
6 	 17 	 Ey 	 2 	 2.237262e-10 	 -2.144019e-11
6 	 18 	 Ey 	 2 	 3.265967e-10 	 -2.622091e-11
6 	 19 	 Ey 	 2 	 4.518997e-10 	 -2.990562e-11
6 	 20 	 Ey 	 2 	 5.423726e-10 	 -2.993410e-11
6 	 21 	 Ey 	 2 	 4.651184e-10 	 -2.345566e-11
6 	 22 	 Ey 	 2 	 9.596306e-11 	 -1.056158e-11
6 	 23 	 Ey 	 2 	 -3.107109e-10 	 3.096141e-12
6 	 24 	 Ey 	 2 	 -5.443784e-10 	 1.047442e-11
6 	 25 	 Ey 	 2 	 -5.387151e-10 	 9.789902e-12
6 	 26 	 Ey 	 2 	 -4.284638e-10 	 5.415113e-12
6 	 27 	 Ey 	 2 	 -3.097766e-10 	 2.068893e-12
6 	 28 	 Ey 	 2 	 -2.144334e-10 	 1.265586e-12
6 	 29 	 Ey 	 2 	 -1.457010e-10 	 2.069961e-12
6 	 30 	 Ey 	 2 	 -9.887936e-11 	 3.043385e-12
6 	 31 	 Ey 	 2 	 -6.793596e-11 	 3.512989e-12
6 	 32 	 Ey 	 2 	 -4.761693e-11 	 3.505377e-12
6 	 33 	 Ey 	 2 	 2.687296e-10 	 -2.325332e-11
6 	 34 	 Ey 	 2 	 4.507105e-10 	 -3.020008e-11
6 	 35 	 Ey 	 2 	 7.504354e-10 	 -3.704259e-11
6 	 36 	 Ey 	 2 	 1.132075e-09 	 -3.999847e-11
6 	 37 	 Ey 	 2 	 1.223563e-09 	 -3.276662e-11
6 	 38 	 Ey 	 2 	 3.126695e-10 	 -1.355290e-11
6 	 39 	 Ey 	 2 	 -8.910109e-10 	 7.366885e-12
6 	 40 	 Ey 	 2 	 -1.290336e-09 	 1.570624e-11
6 	 41 	 Ey 	 2 	 -1.016174e-09 	 8.747407e-12
6 	 42 	 Ey 	 2 	 -6.701480e-10 	 -2.206385e-12
6 	 43 	 Ey 	 2 	 -4.230891e-10 	 -7.668277e-12
6 	 44 	 Ey 	 2 	 -2.642012e-10 	 -6.747553e-12
6 	 45 	 Ey 	 2 	 -1.642947e-10 	 -2.917101e-12
6 	 46 	 Ey 	 2 	 -1.031945e-10 	 3.308942e-13
6 	 47 	 Ey 	 2 	 -6.659837e-11 	 1.976174e-12
6 	 48 	 Ey 	 2 	 -4.447291e-11 	 2.524030e-12
6 	 49 	 Ey 	 2 	 2.759740e-10 	 -2.240664e-11
6 	 50 	 Ey 	 2 	 5.393441e-10 	 -3.066103e-11
6 	 51 	 Ey 	 2 	 1.130983e-09 	 -4.015721e-11
6 	 52 	 Ey 	 2 	 2.392970e-09 	 -4.640661e-11
6 	 53 	 Ey 	 2 	 3.960474e-09 	 -3.915166e-11
6 	 54 	 Ey 	 2 	 1.465514e-09 	 -1.487059e-11
6 	 55 	 Ey 	 2 	 -3.531464e-09 	 1.102024e-11
6 	 56 	 Ey 	 2 	 -3.412967e-09 	 1.919584e-11
6 	 57 	 Ey 	 2 	 -1.816404e-09 	 3.744088e-12
6 	 58 	 Ey 	 2 	 -9.258778e-10 	 -1.474044e-11
6 	 59 	 Ey 	 2 	 -5.038734e-10 	 -2.120025e-11
6 	 60 	 Ey 	 2 	 -2.856376e-10 	 -1.690303e-11
6 	 61 	 Ey 	 2 	 -1.630774e-10 	 -8.683766e-12
6 	 62 	 Ey 	 2 	 -9.463751e-11 	 -2.617873e-12
6 	 63 	 Ey 	 2 	 -5.732323e-11 	 2.874442e-13
6 	 64 	 Ey 	 2 	 -3.648276e-11 	 1.400253e-12
6 	 65 	 Ey 	 2 	 2.039227e-10 	 -1.778889e-11
6 	 66 	 Ey 	 2 	 4.585475e-10 	 -2.505231e-11
6 	 67 	 Ey 	 2 	 1.218949e-09 	 -3.387458e-11
6 	 68 	 Ey 	 2 	 3.959945e-09 	 -3.960689e-11
6 	 69 	 Ey 	 2 	 1.452984e-08 	 -2.861278e-11
6 	 70 	 Ey 	 2 	 1.410707e-08 	 -5.390595e-12
6 	 71 	 Ey 	 2 	 -2.326091e-08 	 -2.997791e-13
6 	 72 	 Ey 	 2 	 -8.246462e-09 	 1.334441e-11
6 	 73 	 Ey 	 2 	 -2.379424e-09 	 -1.287933e-12
6 	 74 	 Ey 	 2 	 -8.956379e-10 	 -2.001616e-11
6 	 75 	 Ey 	 2 	 -4.264327e-10 	 -2.575489e-11
6 	 76 	 Ey 	 2 	 -2.265729e-10 	 -2.037663e-11
6 	 77 	 Ey 	 2 	 -1.225080e-10 	 -1.116265e-11
6 	 78 	 Ey 	 2 	 -6.704425e-11 	 -4.420315e-12
6 	 79 	 Ey 	 2 	 -3.844152e-11 	 -1.092739e-12
6 	 80 	 Ey 	 2 	 -2.334239e-11 	 3.146176e-13
6 	 81 	 Ey 	 2 	 2.431262e-11 	 -9.673101e-12
6 	 82 	 Ey 	 2 	 8.483751e-11 	 -1.340187e-11
6 	 83 	 Ey 	 2 	 3.206120e-10 	 -1.764545e-11
6 	 84 	 Ey 	 2 	 1.589972e-09 	 -1.977355e-11
6 	 85 	 Ey 	 2 	 1.540573e-08 	 -9.562858e-12
6 	 86 	 Ey 	 2 	 3.337722e-06 	 5.213580e-10
6 	 87 	 Ey 	 2 	 -1.031945e-07 	 -4.376692e-11
6 	 88 	 Ey 	 2 	 -5.426092e-09 	 2.417251e-12
6 	 89 	 Ey 	 2 	 -9.792427e-10 	 -3.762656e-12
6 	 90 	 Ey 	 2 	 -3.406553e-10 	 -1.351524e-11
6 	 91 	 Ey 	 2 	 -1.736792e-10 	 -1.701647e-11
6 	 92 	 Ey 	 2 	 -1.019480e-10 	 -1.421272e-11
6 	 93 	 Ey 	 2 	 -6.047518e-11 	 -8.823021e-12
6 	 94 	 Ey 	 2 	 -3.603731e-11 	 -4.403396e-12
6 	 95 	 Ey 	 2 	 -2.248388e-11 	 -1.863904e-12
6 	 96 	 Ey 	 2 	 -1.495989e-11 	 -5.836349e-13
6 	 97 	 Ey 	 2 	 -1.439699e-10 	 1.174786e-13
6 	 98 	 Ey 	 2 	 -3.275625e-10 	 9.386035e-13
6 	 99 	 Ey 	 2 	 -9.200796e-10 	 2.535016e-12
6 	 100 	 Ey 	 2 	 -3.573328e-09 	 3.484918e-12
6 	 101 	 Ey 	 2 	 -2.329942e-08 	 -6.809450e-12
6 	 102 	 Ey 	 2 	 -4.315967e-08 	 -3.885669e-11
6 	 103 	 Ey 	 2 	 8.444896e-08 	 2.943385e-11
6 	 104 	 Ey 	 2 	 9.307842e-09 	 -3.145820e-12
6 	 105 	 Ey 	 2 	 1.852740e-09 	 -5.613095e-12
6 	 106 	 Ey 	 2 	 5.667850e-10 	 -4.763686e-12
6 	 107 	 Ey 	 2 	 2.232983e-10 	 -5.071874e-12
6 	 108 	 Ey 	 2 	 1.012907e-10 	 -5.170596e-12
6 	 109 	 Ey 	 2 	 5.069088e-11 	 -4.427201e-12
6 	 110 	 Ey 	 2 	 2.807914e-11 	 -3.201531e-12
6 	 111 	 Ey 	 2 	 1.721201e-11 	 -2.052366e-12
6 	 112 	 Ey 	 2 	 1.141227e-11 	 -1.208668e-12
6 	 113 	 Ey 	 2 	 -2.616186e-10 	 9.023804e-12
6 	 114 	 Ey 	 2 	 -5.474046e-10 	 1.337250e-11
6 	 115 	 Ey 	 2 	 -1.294971e-09 	 1.905938e-11
6 	 116 	 Ey 	 2 	 -3.416108e-09 	 2.329897e-11
6 	 117 	 Ey 	 2 	 -8.243084e-09 	 1.790238e-11
6 	 118 	 Ey 	 2 	 -4.651913e-09 	 4.338783e-12
6 	 119 	 Ey 	 2 	 9.322020e-09 	 -5.602341e-12
6 	 120 	 Ey 	 2 	 5.847769e-09 	 -1.359069e-11
6 	 121 	 Ey 	 2 	 2.256559e-09 	 -7.168167e-12
6 	 122 	 Ey 	 2 	 9.402713e-10 	 1.453298e-12
6 	 123 	 Ey 	 2 	 4.480841e-10 	 3.889029e-12
6 	 124 	 Ey 	 2 	 2.330744e-10 	 2.077139e-12
6 	 125 	 Ey 	 2 	 1.273484e-10 	 -4.926935e-13
6 	 126 	 Ey 	 2 	 7.317098e-11 	 -1.823734e-12
6 	 127 	 Ey 	 2 	 4.482880e-11 	 -1.972597e-12
6 	 128 	 Ey 	 2 	 2.921313e-11 	 -1.634920e-12
6 	 129 	 Ey 	 2 	 -2.863445e-10 	 1.533293e-11
6 	 130 	 Ey 	 2 	 -5.197897e-10 	 2.123497e-11
6 	 131 	 Ey 	 2 	 -9.738514e-10 	 2.802698e-11
6 	 132 	 Ey 	 2 	 -1.738014e-09 	 3.244387e-11
6 	 133 	 Ey 	 2 	 -2.293754e-09 	 2.751071e-11
6 	 134 	 Ey 	 2 	 -7.135961e-10 	 1.021130e-11
6 	 135 	 Ey 	 2 	 1.828619e-09 	 -8.975669e-12
6 	 136 	 Ey 	 2 	 2.205946e-09 	 -1.539882e-11
6 	 137 	 Ey 	 2 	 1.437757e-09 	 -6.098425e-12
6 	 138 	 Ey 	 2 	 8.292133e-10 	 5.156030e-12
6 	 139 	 Ey 	 2 	 4.797576e-10 	 8.885378e-12
6 	 140 	 Ey 	 2 	 2.813004e-10 	 6.404680e-12
6 	 141 	 Ey 	 2 	 1.660365e-10 	 2.094860e-12
6 	 142 	 Ey 	 2 	 1.002726e-10 	 -7.860045e-13
6 	 143 	 Ey 	 2 	 6.330013e-11 	 -1.845612e-12
6 	 144 	 Ey 	 2 	 4.193581e-11 	 -1.928488e-12
6 	 145 	 Ey 	 2 	 -2.493517e-10 	 1.859251e-11
6 	 146 	 Ey 	 2 	 -3.898541e-10 	 2.438372e-11
6 	 147 	 Ey 	 2 	 -5.904204e-10 	 3.013002e-11
6 	 148 	 Ey 	 2 	 -7.910053e-10 	 3.278108e-11
6 	 149 	 Ey 	 2 	 -7.567159e-10 	 2.703639e-11
6 	 150 	 Ey 	 2 	 -1.755993e-10 	 1.126792e-11
6 	 151 	 Ey 	 2 	 5.343115e-10 	 -5.670850e-12
6 	 152 	 Ey 	 2 	 8.608728e-10 	 -1.115131e-11
6 	 153 	 Ey 	 2 	 7.812409e-10 	 -3.116913e-12
6 	 154 	 Ey 	 2 	 5.851787e-10 	 7.180651e-12
6 	 155 	 Ey 	 2 	 4.047501e-10 	 1.091383e-11
6 	 156 	 Ey 	 2 	 2.674038e-10 	 8.314677e-12
6 	 157 	 Ey 	 2 	 1.715186e-10 	 3.383383e-12
6 	 158 	 Ey 	 2 	 1.099898e-10 	 -2.207261e-13
6 	 159 	 Ey 	 2 	 7.245838e-11 	 -1.795624e-12
6 	 160 	 Ey 	 2 	 4.945400e-11 	 -2.155043e-12
6 	 161 	 Ey 	 2 	 -1.930698e-10 	 1.931201e-11
6 	 162 	 Ey 	 2 	 -2.637338e-10 	 2.415386e-11
6 	 163 	 Ey 	 2 	 -3.364780e-10 	 2.829766e-11
6 	 164 	 Ey 	 2 	 -3.695731e-10 	 2.917346e-11
6 	 165 	 Ey 	 2 	 -2.931849e-10 	 2.341019e-11
6 	 166 	 Ey 	 2 	 -5.365173e-11 	 1.072093e-11
6 	 167 	 Ey 	 2 	 2.000938e-10 	 -2.197816e-12
6 	 168 	 Ey 	 2 	 3.758312e-10 	 -6.451784e-12
6 	 169 	 Ey 	 2 	 4.207857e-10 	 -2.828105e-13
6 	 170 	 Ey 	 2 	 3.814553e-10 	 8.077614e-12
6 	 171 	 Ey 	 2 	 3.053481e-10 	 1.127082e-11
6 	 172 	 Ey 	 2 	 2.245281e-10 	 8.703275e-12
6 	 173 	 Ey 	 2 	 1.560411e-10 	 3.697376e-12
6 	 174 	 Ey 	 2 	 1.064167e-10 	 -1.149423e-13
6 	 175 	 Ey 	 2 	 7.347627e-11 	 -1.884229e-12
6 	 176 	 Ey 	 2 	 5.197634e-11 	 -2.368109e-12
6 	 177 	 Ey 	 2 	 -1.413401e-10 	 1.827656e-11
6 	 178 	 Ey 	 2 	 -1.723031e-10 	 2.199210e-11
6 	 179 	 Ey 	 2 	 -1.923110e-10 	 2.470627e-11
6 	 180 	 Ey 	 2 	 -1.834318e-10 	 2.455356e-11
6 	 181 	 Ey 	 2 	 -1.291053e-10 	 1.937989e-11
6 	 182 	 Ey 	 2 	 -1.872334e-11 	 9.543704e-12
6 	 183 	 Ey 	 2 	 8.737667e-11 	 -1.058352e-13
6 	 184 	 Ey 	 2 	 1.808324e-10 	 -3.410390e-12
6 	 185 	 Ey 	 2 	 2.335075e-10 	 1.101060e-12
6 	 186 	 Ey 	 2 	 2.429739e-10 	 7.500012e-12
6 	 187 	 Ey 	 2 	 2.176917e-10 	 9.951757e-12
6 	 188 	 Ey 	 2 	 1.750251e-10 	 7.570142e-12
6 	 189 	 Ey 	 2 	 1.307452e-10 	 2.966526e-12
6 	 190 	 Ey 	 2 	 9.464278e-11 	 -5.504741e-13
6 	 191 	 Ey 	 2 	 6.861787e-11 	 -2.173634e-12
6 	 192 	 Ey 	 2 	 5.049532e-11 	 -2.608572e-12
6 	 193 	 Ey 	 2 	 -1.016135e-10 	 1.622745e-11
6 	 194 	 Ey 	 2 	 -1.131042e-10 	 1.884971e-11
6 	 195 	 Ey 	 2 	 -1.141674e-10 	 2.043274e-11
6 	 196 	 Ey 	 2 	 -9.856482e-11 	 1.969942e-11
6 	 197 	 Ey 	 2 	 -6.429679e-11 	 1.539282e-11
6 	 198 	 Ey 	 2 	 -8.016192e-12 	 8.056185e-12
6 	 199 	 Ey 	 2 	 4.177519e-11 	 9.434595e-13
6 	 200 	 Ey 	 2 	 9.314736e-11 	 -2.034081e-12
6 	 201 	 Ey 	 2 	 1.322081e-10 	 1.655639e-13
6 	 202 	 Ey 	 2 	 1.508934e-10 	 3.945118e-12
6 	 203 	 Ey 	 2 	 1.467852e-10 	 5.475792e-12
6 	 204 	 Ey 	 2 	 1.272198e-10 	 3.903148e-12
6 	 205 	 Ey 	 2 	 1.020602e-10 	 8.045914e-13
6 	 206 	 Ey 	 2 	 7.878745e-11 	 -1.587189e-12
6 	 207 	 Ey 	 2 	 6.027195e-11 	 -2.662979e-12
6 	 208 	 Ey 	 2 	 4.631910e-11 	 -2.879189e-12
6 	 209 	 Ey 	 2 	 -7.343450e-11 	 1.372566e-11
6 	 210 	 Ey 	 2 	 -7.643008e-11 	 1.540041e-11
6 	 211 	 Ey 	 2 	 -7.214568e-11 	 1.609382e-11
6 	 212 	 Ey 	 2 	 -5.877063e-11 	 1.501666e-11
6 	 213 	 Ey 	 2 	 -3.696857e-11 	 1.159867e-11
6 	 214 	 Ey 	 2 	 -4.711653e-12 	 6.381732e-12
6 	 215 	 Ey 	 2 	 2.180870e-11 	 1.261880e-12
6 	 216 	 Ey 	 2 	 5.151282e-11 	 -1.664273e-12
6 	 217 	 Ey 	 2 	 7.646066e-11 	 -1.790048e-12
6 	 218 	 Ey 	 2 	 9.174896e-11 	 -6.104885e-13
6 	 219 	 Ey 	 2 	 9.470110e-11 	 1.492493e-14
6 	 220 	 Ey 	 2 	 8.779037e-11 	 -5.743706e-13
6 	 221 	 Ey 	 2 	 7.574533e-11 	 -1.818738e-12
6 	 222 	 Ey 	 2 	 6.261627e-11 	 -2.805079e-12
6 	 223 	 Ey 	 2 	 5.070063e-11 	 -3.193878e-12
6 	 224 	 Ey 	 2 	 4.077454e-11 	 -3.126978e-12
6 	 225 	 Ey 	 2 	 -5.398373e-11 	 1.119627e-11
6 	 226 	 Ey 	 2 	 -5.363924e-11 	 1.214206e-11
6 	 227 	 Ey 	 2 	 -4.863814e-11 	 1.224174e-11
6 	 228 	 Ey 	 2 	 -3.852233e-11 	 1.106340e-11
6 	 229 	 Ey 	 2 	 -2.399477e-11 	 8.420085e-12
6 	 230 	 Ey 	 2 	 -3.467910e-12 	 4.731277e-12
6 	 231 	 Ey 	 2 	 1.249444e-11 	 1.023254e-12
6 	 232 	 Ey 	 2 	 3.092629e-11 	 -1.645859e-12
6 	 233 	 Ey 	 2 	 4.676786e-11 	 -2.873194e-12
6 	 234 	 Ey 	 2 	 5.763614e-11 	 -3.105376e-12
6 	 235 	 Ey 	 2 	 6.209296e-11 	 -3.087113e-12
6 	 236 	 Ey 	 2 	 6.080754e-11 	 -3.232112e-12
6 	 237 	 Ey 	 2 	 5.572690e-11 	 -3.492346e-12
6 	 238 	 Ey 	 2 	 4.884389e-11 	 -3.640390e-12
6 	 239 	 Ey 	 2 	 4.163397e-11 	 -3.558244e-12
6 	 240 	 Ey 	 2 	 3.494917e-11 	 -3.279939e-12
6 	 241 	 Ey 	 2 	 -4.048414e-11 	 8.909014e-12
6 	 242 	 Ey 	 2 	 -3.896514e-11 	 9.360530e-12
6 	 243 	 Ey 	 2 	 -3.447222e-11 	 9.136771e-12
6 	 244 	 Ey 	 2 	 -2.691809e-11 	 8.023104e-12
6 	 245 	 Ey 	 2 	 -1.678127e-11 	 5.992571e-12
6 	 246 	 Ey 	 2 	 -2.766027e-12 	 3.330942e-12
6 	 247 	 Ey 	 2 	 7.692136e-12 	 6.000251e-13
6 	 248 	 Ey 	 2 	 1.991848e-11 	 -1.635872e-12
6 	 249 	 Ey 	 2 	 3.052788e-11 	 -3.082463e-12
6 	 250 	 Ey 	 2 	 3.832154e-11 	 -3.815090e-12
6 	 251 	 Ey 	 2 	 4.256552e-11 	 -4.104053e-12
6 	 252 	 Ey 	 2 	 4.338793e-11 	 -4.179623e-12
6 	 253 	 Ey 	 2 	 4.157468e-11 	 -4.130750e-12
6 	 254 	 Ey 	 2 	 3.810881e-11 	 -3.963432e-12
6 	 255 	 Ey 	 2 	 3.387114e-11 	 -3.678355e-12
6 	 256 	 Ey 	 2 	 2.950677e-11 	 -3.304578e-12
