iTx 	 iRx    chrec  ifreq 	 emf_real 	 emf_imag
5 	 1 	 Ex 	 1 	 -3.786907e-10 	 8.091004e-11
5 	 2 	 Ex 	 1 	 -4.920561e-10 	 8.196623e-11
5 	 3 	 Ex 	 1 	 -3.454504e-10 	 7.828353e-11
5 	 4 	 Ex 	 1 	 -2.129071e-10 	 7.034778e-11
5 	 5 	 Ex 	 1 	 -9.357911e-11 	 6.030157e-11
5 	 6 	 Ex 	 1 	 -1.765886e-11 	 5.013970e-11
5 	 7 	 Ex 	 1 	 2.068244e-11 	 4.146819e-11
5 	 8 	 Ex 	 1 	 3.643211e-11 	 3.466085e-11
5 	 9 	 Ex 	 1 	 4.057115e-11 	 2.944152e-11
5 	 10 	 Ex 	 1 	 3.889032e-11 	 2.521723e-11
5 	 11 	 Ex 	 1 	 3.443220e-11 	 2.152977e-11
5 	 12 	 Ex 	 1 	 2.901823e-11 	 1.811919e-11
5 	 13 	 Ex 	 1 	 2.365667e-11 	 1.495748e-11
5 	 14 	 Ex 	 1 	 1.884343e-11 	 1.220885e-11
5 	 15 	 Ex 	 1 	 1.477971e-11 	 9.951593e-12
5 	 16 	 Ex 	 1 	 1.154350e-11 	 7.958503e-12
5 	 17 	 Ex 	 1 	 -6.448093e-10 	 1.094367e-10
5 	 18 	 Ex 	 1 	 -8.662819e-10 	 1.119176e-10
5 	 19 	 Ex 	 1 	 -5.505096e-10 	 1.056832e-10
5 	 20 	 Ex 	 1 	 -2.389438e-10 	 9.200730e-11
5 	 21 	 Ex 	 1 	 -2.528667e-11 	 7.515481e-11
5 	 22 	 Ex 	 1 	 6.658605e-11 	 5.939992e-11
5 	 23 	 Ex 	 1 	 8.985334e-11 	 4.711602e-11
5 	 24 	 Ex 	 1 	 8.721780e-11 	 3.863311e-11
5 	 25 	 Ex 	 1 	 7.729536e-11 	 3.278196e-11
5 	 26 	 Ex 	 1 	 6.548376e-11 	 2.818344e-11
5 	 27 	 Ex 	 1 	 5.357462e-11 	 2.406535e-11
5 	 28 	 Ex 	 1 	 4.268694e-11 	 2.017579e-11
5 	 29 	 Ex 	 1 	 3.327898e-11 	 1.655839e-11
5 	 30 	 Ex 	 1 	 2.553407e-11 	 1.336011e-11
5 	 31 	 Ex 	 1 	 1.945572e-11 	 1.066020e-11
5 	 32 	 Ex 	 1 	 1.483514e-11 	 8.432093e-12
5 	 33 	 Ex 	 1 	 -1.237025e-09 	 1.543309e-10
5 	 34 	 Ex 	 1 	 -1.820848e-09 	 1.606502e-10
5 	 35 	 Ex 	 1 	 -9.206259e-10 	 1.485595e-10
5 	 36 	 Ex 	 1 	 -1.137698e-10 	 1.230023e-10
5 	 37 	 Ex 	 1 	 2.158540e-10 	 9.391194e-11
5 	 38 	 Ex 	 1 	 2.524520e-10 	 6.903688e-11
5 	 39 	 Ex 	 1 	 2.057696e-10 	 5.180538e-11
5 	 40 	 Ex 	 1 	 1.574709e-10 	 4.157661e-11
5 	 41 	 Ex 	 1 	 1.224911e-10 	 3.564576e-11
5 	 42 	 Ex 	 1 	 9.606760e-11 	 3.103635e-11
5 	 43 	 Ex 	 1 	 7.474308e-11 	 2.667144e-11
5 	 44 	 Ex 	 1 	 5.747441e-11 	 2.241862e-11
5 	 45 	 Ex 	 1 	 4.340765e-11 	 1.828283e-11
5 	 46 	 Ex 	 1 	 3.226273e-11 	 1.449611e-11
5 	 47 	 Ex 	 1 	 2.394812e-11 	 1.128904e-11
5 	 48 	 Ex 	 1 	 1.789568e-11 	 8.824277e-12
5 	 49 	 Ex 	 1 	 -2.622764e-09 	 2.326590e-10
5 	 50 	 Ex 	 1 	 -5.151108e-09 	 2.506749e-10
5 	 51 	 Ex 	 1 	 -1.285496e-09 	 2.203065e-10
5 	 52 	 Ex 	 1 	 7.754574e-10 	 1.672566e-10
5 	 53 	 Ex 	 1 	 8.820657e-10 	 1.161915e-10
5 	 54 	 Ex 	 1 	 5.969025e-10 	 7.801147e-11
5 	 55 	 Ex 	 1 	 3.695769e-10 	 5.456963e-11
5 	 56 	 Ex 	 1 	 2.384280e-10 	 4.277282e-11
5 	 57 	 Ex 	 1 	 1.685506e-10 	 3.743631e-11
5 	 58 	 Ex 	 1 	 1.257413e-10 	 3.339744e-11
5 	 59 	 Ex 	 1 	 9.527441e-11 	 2.921243e-11
5 	 60 	 Ex 	 1 	 7.216510e-11 	 2.489978e-11
5 	 61 	 Ex 	 1 	 5.340358e-11 	 2.017823e-11
5 	 62 	 Ex 	 1 	 3.854368e-11 	 1.553703e-11
5 	 63 	 Ex 	 1 	 2.789309e-11 	 1.180348e-11
5 	 64 	 Ex 	 1 	 2.047078e-11 	 9.161194e-12
5 	 65 	 Ex 	 1 	 -1.831575e-09 	 3.940022e-10
5 	 66 	 Ex 	 1 	 -2.667589e-08 	 4.727194e-10
5 	 67 	 Ex 	 1 	 4.099989e-09 	 3.480209e-10
5 	 68 	 Ex 	 1 	 4.456011e-09 	 2.227602e-10
5 	 69 	 Ex 	 1 	 2.210371e-09 	 1.384720e-10
5 	 70 	 Ex 	 1 	 1.068932e-09 	 8.507520e-11
5 	 71 	 Ex 	 1 	 5.452605e-10 	 5.548716e-11
5 	 72 	 Ex 	 1 	 3.092961e-10 	 4.227609e-11
5 	 73 	 Ex 	 1 	 2.032747e-10 	 3.787102e-11
5 	 74 	 Ex 	 1 	 1.475852e-10 	 3.485920e-11
5 	 75 	 Ex 	 1 	 1.113821e-10 	 3.132496e-11
5 	 76 	 Ex 	 1 	 8.463398e-11 	 2.728092e-11
5 	 77 	 Ex 	 1 	 6.206807e-11 	 2.204425e-11
5 	 78 	 Ex 	 1 	 4.368870e-11 	 1.647964e-11
5 	 79 	 Ex 	 1 	 3.092421e-11 	 1.218567e-11
5 	 80 	 Ex 	 1 	 2.236862e-11 	 9.378805e-12
5 	 81 	 Ex 	 1 	 1.486425e-07 	 7.132222e-10
5 	 82 	 Ex 	 1 	 -9.554736e-07 	 2.024131e-09
5 	 83 	 Ex 	 1 	 6.170485e-08 	 5.208707e-10
5 	 84 	 Ex 	 1 	 1.093122e-08 	 2.647798e-10
5 	 85 	 Ex 	 1 	 3.503016e-09 	 1.516294e-10
5 	 86 	 Ex 	 1 	 1.421364e-09 	 8.808178e-11
5 	 87 	 Ex 	 1 	 6.578144e-10 	 5.483961e-11
5 	 88 	 Ex 	 1 	 3.488851e-10 	 4.098165e-11
5 	 89 	 Ex 	 1 	 2.202880e-10 	 3.736286e-11
5 	 90 	 Ex 	 1 	 1.586350e-10 	 3.540693e-11
5 	 91 	 Ex 	 1 	 1.208334e-10 	 3.269559e-11
5 	 92 	 Ex 	 1 	 9.291930e-11 	 2.900106e-11
5 	 93 	 Ex 	 1 	 6.823585e-11 	 2.341371e-11
5 	 94 	 Ex 	 1 	 4.748301e-11 	 1.717276e-11
5 	 95 	 Ex 	 1 	 3.319132e-11 	 1.247101e-11
5 	 96 	 Ex 	 1 	 2.381775e-11 	 9.498071e-12
5 	 97 	 Ex 	 1 	 3.193998e-08 	 5.614321e-10
5 	 98 	 Ex 	 1 	 -1.149241e-07 	 8.418260e-10
5 	 99 	 Ex 	 1 	 2.651330e-08 	 4.510529e-10
5 	 100 	 Ex 	 1 	 8.259609e-09 	 2.511682e-10
5 	 101 	 Ex 	 1 	 3.036855e-09 	 1.464984e-10
5 	 102 	 Ex 	 1 	 1.292721e-09 	 8.516184e-11
5 	 103 	 Ex 	 1 	 6.087948e-10 	 5.274700e-11
5 	 104 	 Ex 	 1 	 3.247117e-10 	 3.943968e-11
5 	 105 	 Ex 	 1 	 2.066019e-10 	 3.652417e-11
5 	 106 	 Ex 	 1 	 1.514501e-10 	 3.530949e-11
5 	 107 	 Ex 	 1 	 1.179563e-10 	 3.319266e-11
5 	 108 	 Ex 	 1 	 9.239718e-11 	 2.979914e-11
5 	 109 	 Ex 	 1 	 6.841674e-11 	 2.409003e-11
5 	 110 	 Ex 	 1 	 4.750206e-11 	 1.752723e-11
5 	 111 	 Ex 	 1 	 3.299490e-11 	 1.259314e-11
5 	 112 	 Ex 	 1 	 2.354385e-11 	 9.523603e-12
5 	 113 	 Ex 	 1 	 -3.576980e-09 	 3.071432e-10
5 	 114 	 Ex 	 1 	 -1.132749e-08 	 3.452936e-10
5 	 115 	 Ex 	 1 	 -3.215838e-10 	 2.841385e-10
5 	 116 	 Ex 	 1 	 2.302583e-09 	 1.979870e-10
5 	 117 	 Ex 	 1 	 1.551881e-09 	 1.260443e-10
5 	 118 	 Ex 	 1 	 8.424270e-10 	 7.681750e-11
5 	 119 	 Ex 	 1 	 4.496916e-10 	 4.914541e-11
5 	 120 	 Ex 	 1 	 2.597797e-10 	 3.773340e-11
5 	 121 	 Ex 	 1 	 1.754464e-10 	 3.557598e-11
5 	 122 	 Ex 	 1 	 1.345489e-10 	 3.479812e-11
5 	 123 	 Ex 	 1 	 1.083753e-10 	 3.297900e-11
5 	 124 	 Ex 	 1 	 8.690721e-11 	 2.973390e-11
5 	 125 	 Ex 	 1 	 6.524916e-11 	 2.406297e-11
5 	 126 	 Ex 	 1 	 4.559146e-11 	 1.752402e-11
5 	 127 	 Ex 	 1 	 3.174725e-11 	 1.257001e-11
5 	 128 	 Ex 	 1 	 2.270494e-11 	 9.425257e-12
5 	 129 	 Ex 	 1 	 -1.866395e-09 	 1.930142e-10
5 	 130 	 Ex 	 1 	 -3.046541e-09 	 2.050066e-10
5 	 131 	 Ex 	 1 	 -1.168372e-09 	 1.860668e-10
5 	 132 	 Ex 	 1 	 2.235138e-10 	 1.460191e-10
5 	 133 	 Ex 	 1 	 5.188679e-10 	 1.011598e-10
5 	 134 	 Ex 	 1 	 4.092059e-10 	 6.589396e-11
5 	 135 	 Ex 	 1 	 2.682538e-10 	 4.467387e-11
5 	 136 	 Ex 	 1 	 1.788820e-10 	 3.586955e-11
5 	 137 	 Ex 	 1 	 1.346769e-10 	 3.449284e-11
5 	 138 	 Ex 	 1 	 1.109565e-10 	 3.392041e-11
5 	 139 	 Ex 	 1 	 9.344366e-11 	 3.217627e-11
5 	 140 	 Ex 	 1 	 7.707032e-11 	 2.897750e-11
5 	 141 	 Ex 	 1 	 5.887103e-11 	 2.344424e-11
5 	 142 	 Ex 	 1 	 4.158153e-11 	 1.713970e-11
5 	 143 	 Ex 	 1 	 2.917629e-11 	 1.236217e-11
5 	 144 	 Ex 	 1 	 2.100671e-11 	 9.241215e-12
5 	 145 	 Ex 	 1 	 -9.119479e-10 	 1.322482e-10
5 	 146 	 Ex 	 1 	 -1.257425e-09 	 1.372120e-10
5 	 147 	 Ex 	 1 	 -7.217672e-10 	 1.283985e-10
5 	 148 	 Ex 	 1 	 -1.939331e-10 	 1.066596e-10
5 	 149 	 Ex 	 1 	 8.138833e-11 	 7.880233e-11
5 	 150 	 Ex 	 1 	 1.450978e-10 	 5.498936e-11
5 	 151 	 Ex 	 1 	 1.307246e-10 	 3.998277e-11
5 	 152 	 Ex 	 1 	 1.083381e-10 	 3.393110e-11
5 	 153 	 Ex 	 1 	 9.535631e-11 	 3.329012e-11
5 	 154 	 Ex 	 1 	 8.605807e-11 	 3.269010e-11
5 	 155 	 Ex 	 1 	 7.616525e-11 	 3.081246e-11
5 	 156 	 Ex 	 1 	 6.466505e-11 	 2.758328e-11
5 	 157 	 Ex 	 1 	 5.031178e-11 	 2.228735e-11
5 	 158 	 Ex 	 1 	 3.602616e-11 	 1.641175e-11
5 	 159 	 Ex 	 1 	 2.557843e-11 	 1.196553e-11
5 	 160 	 Ex 	 1 	 1.862213e-11 	 8.952388e-12
5 	 161 	 Ex 	 1 	 -5.073333e-10 	 9.494605e-11
5 	 162 	 Ex 	 1 	 -6.607774e-10 	 9.690169e-11
5 	 163 	 Ex 	 1 	 -4.464299e-10 	 9.156912e-11
5 	 164 	 Ex 	 1 	 -2.312153e-10 	 7.837855e-11
5 	 165 	 Ex 	 1 	 -6.405054e-11 	 6.090388e-11
5 	 166 	 Ex 	 1 	 1.838849e-11 	 4.553056e-11
5 	 167 	 Ex 	 1 	 4.802309e-11 	 3.563723e-11
5 	 168 	 Ex 	 1 	 5.866931e-11 	 3.198119e-11
5 	 169 	 Ex 	 1 	 6.391945e-11 	 3.189632e-11
5 	 170 	 Ex 	 1 	 6.361405e-11 	 3.105944e-11
5 	 171 	 Ex 	 1 	 5.883137e-11 	 2.887356e-11
5 	 172 	 Ex 	 1 	 5.114988e-11 	 2.557902e-11
5 	 173 	 Ex 	 1 	 4.051475e-11 	 2.063072e-11
5 	 174 	 Ex 	 1 	 2.953337e-11 	 1.533304e-11
5 	 175 	 Ex 	 1 	 2.132426e-11 	 1.139378e-11
5 	 176 	 Ex 	 1 	 1.576251e-11 	 8.611025e-12
5 	 177 	 Ex 	 1 	 -3.169365e-10 	 7.008764e-11
5 	 178 	 Ex 	 1 	 -4.051060e-10 	 7.055124e-11
5 	 179 	 Ex 	 1 	 -2.975389e-10 	 6.667640e-11
5 	 180 	 Ex 	 1 	 -1.994492e-10 	 5.824544e-11
5 	 181 	 Ex 	 1 	 -1.012533e-10 	 4.737656e-11
5 	 182 	 Ex 	 1 	 -3.388926e-11 	 3.782330e-11
5 	 183 	 Ex 	 1 	 4.748536e-12 	 3.188994e-11
5 	 184 	 Ex 	 1 	 2.776862e-11 	 3.007811e-11
5 	 185 	 Ex 	 1 	 4.102994e-11 	 3.015597e-11
5 	 186 	 Ex 	 1 	 4.480746e-11 	 2.884564e-11
5 	 187 	 Ex 	 1 	 4.267933e-11 	 2.627018e-11
5 	 188 	 Ex 	 1 	 3.761075e-11 	 2.294577e-11
5 	 189 	 Ex 	 1 	 3.030703e-11 	 1.854803e-11
5 	 190 	 Ex 	 1 	 2.269476e-11 	 1.402057e-11
5 	 191 	 Ex 	 1 	 1.681330e-11 	 1.066206e-11
5 	 192 	 Ex 	 1 	 1.268061e-11 	 8.201451e-12
5 	 193 	 Ex 	 1 	 -2.156065e-10 	 5.277004e-11
5 	 194 	 Ex 	 1 	 -2.739176e-10 	 5.250031e-11
5 	 195 	 Ex 	 1 	 -2.101787e-10 	 4.960307e-11
5 	 196 	 Ex 	 1 	 -1.608292e-10 	 4.419595e-11
5 	 197 	 Ex 	 1 	 -1.019180e-10 	 3.757810e-11
5 	 198 	 Ex 	 1 	 -5.216117e-11 	 3.196639e-11
5 	 199 	 Ex 	 1 	 -1.653901e-11 	 2.862759e-11
5 	 200 	 Ex 	 1 	 8.282671e-12 	 2.775197e-11
5 	 201 	 Ex 	 1 	 2.340178e-11 	 2.757409e-11
5 	 202 	 Ex 	 1 	 2.877896e-11 	 2.589678e-11
5 	 203 	 Ex 	 1 	 2.831835e-11 	 2.314976e-11
5 	 204 	 Ex 	 1 	 2.522705e-11 	 1.997031e-11
5 	 205 	 Ex 	 1 	 2.077926e-11 	 1.627416e-11
5 	 206 	 Ex 	 1 	 1.620035e-11 	 1.261615e-11
5 	 207 	 Ex 	 1 	 1.243962e-11 	 9.826875e-12
5 	 208 	 Ex 	 1 	 9.611922e-12 	 7.739666e-12
5 	 209 	 Ex 	 1 	 -1.554093e-10 	 4.046752e-11
5 	 210 	 Ex 	 1 	 -1.968041e-10 	 3.998196e-11
5 	 211 	 Ex 	 1 	 -1.537674e-10 	 3.789337e-11
5 	 212 	 Ex 	 1 	 -1.266205e-10 	 3.446989e-11
5 	 213 	 Ex 	 1 	 -9.067213e-11 	 3.054993e-11
5 	 214 	 Ex 	 1 	 -5.578443e-11 	 2.730884e-11
5 	 215 	 Ex 	 1 	 -2.710575e-11 	 2.538831e-11
5 	 216 	 Ex 	 1 	 -5.459213e-12 	 2.471037e-11
5 	 217 	 Ex 	 1 	 8.521528e-12 	 2.409825e-11
5 	 218 	 Ex 	 1 	 1.490882e-11 	 2.241950e-11
5 	 219 	 Ex 	 1 	 1.625786e-11 	 1.990371e-11
5 	 220 	 Ex 	 1 	 1.514535e-11 	 1.709727e-11
5 	 221 	 Ex 	 1 	 1.297120e-11 	 1.414054e-11
5 	 222 	 Ex 	 1 	 1.059463e-11 	 1.130695e-11
5 	 223 	 Ex 	 1 	 8.490037e-12 	 8.951696e-12
5 	 224 	 Ex 	 1 	 6.746407e-12 	 7.180148e-12
5 	 225 	 Ex 	 1 	 -1.166205e-10 	 3.159243e-11
5 	 226 	 Ex 	 1 	 -1.473413e-10 	 3.113745e-11
5 	 227 	 Ex 	 1 	 -1.156302e-10 	 2.975167e-11
5 	 228 	 Ex 	 1 	 -9.953925e-11 	 2.762419e-11
5 	 229 	 Ex 	 1 	 -7.707826e-11 	 2.528734e-11
5 	 230 	 Ex 	 1 	 -5.330008e-11 	 2.333172e-11
5 	 231 	 Ex 	 1 	 -3.193625e-11 	 2.204594e-11
5 	 232 	 Ex 	 1 	 -1.481955e-11 	 2.129197e-11
5 	 233 	 Ex 	 1 	 -2.896423e-12 	 2.042730e-11
5 	 234 	 Ex 	 1 	 3.837538e-12 	 1.894866e-11
5 	 235 	 Ex 	 1 	 6.710365e-12 	 1.687906e-11
5 	 236 	 Ex 	 1 	 7.352277e-12 	 1.455229e-11
5 	 237 	 Ex 	 1 	 6.876170e-12 	 1.225150e-11
5 	 238 	 Ex 	 1 	 5.988402e-12 	 1.006796e-11
5 	 239 	 Ex 	 1 	 5.053040e-12 	 8.109637e-12
5 	 240 	 Ex 	 1 	 4.173760e-12 	 6.551972e-12
5 	 241 	 Ex 	 1 	 -9.026990e-11 	 2.512024e-11
5 	 242 	 Ex 	 1 	 -1.139547e-10 	 2.476352e-11
5 	 243 	 Ex 	 1 	 -8.935518e-11 	 2.388176e-11
5 	 244 	 Ex 	 1 	 -7.927476e-11 	 2.253497e-11
5 	 245 	 Ex 	 1 	 -6.481526e-11 	 2.108158e-11
5 	 246 	 Ex 	 1 	 -4.867407e-11 	 1.977155e-11
5 	 247 	 Ex 	 1 	 -3.329249e-11 	 1.877371e-11
5 	 248 	 Ex 	 1 	 -2.027062e-11 	 1.797581e-11
5 	 249 	 Ex 	 1 	 -1.049620e-11 	 1.710067e-11
5 	 250 	 Ex 	 1 	 -4.081764e-12 	 1.587552e-11
5 	 251 	 Ex 	 1 	 -4.067823e-13 	 1.423330e-11
5 	 252 	 Ex 	 1 	 1.408178e-12 	 1.237052e-11
5 	 253 	 Ex 	 1 	 2.123552e-12 	 1.054570e-11
5 	 254 	 Ex 	 1 	 2.251067e-12 	 8.866424e-12
5 	 255 	 Ex 	 1 	 2.126753e-12 	 7.316981e-12
5 	 256 	 Ex 	 1 	 1.925996e-12 	 5.898756e-12
5 	 1 	 Ex 	 2 	 -4.984755e-10 	 1.792625e-10
5 	 2 	 Ex 	 2 	 -6.128499e-10 	 1.829393e-10
5 	 3 	 Ex 	 2 	 -4.612204e-10 	 1.715857e-10
5 	 4 	 Ex 	 2 	 -3.181720e-10 	 1.472975e-10
5 	 5 	 Ex 	 2 	 -1.848936e-10 	 1.168225e-10
5 	 6 	 Ex 	 2 	 -9.418209e-11 	 8.688331e-11
5 	 7 	 Ex 	 2 	 -4.240193e-11 	 6.190999e-11
5 	 8 	 Ex 	 2 	 -1.543975e-11 	 4.323007e-11
5 	 9 	 Ex 	 2 	 -2.133342e-12 	 3.000474e-11
5 	 10 	 Ex 	 2 	 3.975608e-12 	 2.062739e-11
5 	 11 	 Ex 	 2 	 6.399848e-12 	 1.379835e-11
5 	 12 	 Ex 	 2 	 7.084406e-12 	 8.755427e-12
5 	 13 	 Ex 	 2 	 7.050441e-12 	 5.061103e-12
5 	 14 	 Ex 	 2 	 6.777831e-12 	 2.435144e-12
5 	 15 	 Ex 	 2 	 6.452452e-12 	 6.609568e-13
5 	 16 	 Ex 	 2 	 6.122870e-12 	 -4.597601e-13
5 	 17 	 Ex 	 2 	 -7.948436e-10 	 2.779332e-10
5 	 18 	 Ex 	 2 	 -1.018479e-09 	 2.869966e-10
5 	 19 	 Ex 	 2 	 -6.958982e-10 	 2.662016e-10
5 	 20 	 Ex 	 2 	 -3.690912e-10 	 2.213763e-10
5 	 21 	 Ex 	 2 	 -1.350924e-10 	 1.674801e-10
5 	 22 	 Ex 	 2 	 -2.255808e-11 	 1.179491e-10
5 	 23 	 Ex 	 2 	 1.818948e-11 	 7.987041e-11
5 	 24 	 Ex 	 2 	 2.874019e-11 	 5.395569e-11
5 	 25 	 Ex 	 2 	 2.875794e-11 	 3.717883e-11
5 	 26 	 Ex 	 2 	 2.527050e-11 	 2.584856e-11
5 	 27 	 Ex 	 2 	 2.094134e-11 	 1.764136e-11
5 	 28 	 Ex 	 2 	 1.698380e-11 	 1.150638e-11
5 	 29 	 Ex 	 2 	 1.381884e-11 	 6.913632e-12
5 	 30 	 Ex 	 2 	 1.146563e-11 	 3.580638e-12
5 	 31 	 Ex 	 2 	 9.769827e-12 	 1.312341e-12
5 	 32 	 Ex 	 2 	 8.529791e-12 	 -1.179720e-13
5 	 33 	 Ex 	 2 	 -1.422879e-09 	 4.421526e-10
5 	 34 	 Ex 	 2 	 -2.011107e-09 	 4.652885e-10
5 	 35 	 Ex 	 2 	 -1.101808e-09 	 4.221366e-10
5 	 36 	 Ex 	 2 	 -2.727298e-10 	 3.333467e-10
5 	 37 	 Ex 	 2 	 8.671180e-11 	 2.354462e-10
5 	 38 	 Ex 	 2 	 1.522224e-10 	 1.536635e-10
5 	 39 	 Ex 	 2 	 1.278385e-10 	 9.700666e-11
5 	 40 	 Ex 	 2 	 9.432190e-11 	 6.267116e-11
5 	 41 	 Ex 	 2 	 6.909506e-11 	 4.303117e-11
5 	 42 	 Ex 	 2 	 5.084624e-11 	 3.054908e-11
5 	 43 	 Ex 	 2 	 3.740835e-11 	 2.147158e-11
5 	 44 	 Ex 	 2 	 2.771355e-11 	 1.450756e-11
5 	 45 	 Ex 	 2 	 2.085910e-11 	 9.017164e-12
5 	 46 	 Ex 	 2 	 1.614108e-11 	 4.846483e-12
5 	 47 	 Ex 	 2 	 1.296385e-11 	 1.996475e-12
5 	 48 	 Ex 	 2 	 1.078770e-11 	 2.295578e-13
5 	 49 	 Ex 	 2 	 -2.849376e-09 	 7.412461e-10
5 	 50 	 Ex 	 2 	 -5.385945e-09 	 8.089786e-10
5 	 51 	 Ex 	 2 	 -1.508034e-09 	 6.939103e-10
5 	 52 	 Ex 	 2 	 5.849514e-10 	 4.990668e-10
5 	 53 	 Ex 	 2 	 7.345330e-10 	 3.201581e-10
5 	 54 	 Ex 	 2 	 4.884727e-10 	 1.901381e-10
5 	 55 	 Ex 	 2 	 2.887477e-10 	 1.099488e-10
5 	 56 	 Ex 	 2 	 1.734581e-10 	 6.686363e-11
5 	 57 	 Ex 	 2 	 1.120162e-10 	 4.585369e-11
5 	 58 	 Ex 	 2 	 7.635721e-11 	 3.376673e-11
5 	 59 	 Ex 	 2 	 5.342811e-11 	 2.494825e-11
5 	 60 	 Ex 	 2 	 3.807312e-11 	 1.782053e-11
5 	 61 	 Ex 	 2 	 2.750912e-11 	 1.150021e-11
5 	 62 	 Ex 	 2 	 2.036355e-11 	 6.261135e-12
5 	 63 	 Ex 	 2 	 1.573584e-11 	 2.703822e-12
5 	 64 	 Ex 	 2 	 1.269704e-11 	 5.743489e-13
5 	 65 	 Ex 	 2 	 -2.101618e-09 	 1.375911e-09
5 	 66 	 Ex 	 2 	 -2.695873e-08 	 1.679921e-09
5 	 67 	 Ex 	 2 	 3.834476e-09 	 1.194042e-09
5 	 68 	 Ex 	 2 	 4.236574e-09 	 7.139832e-10
5 	 69 	 Ex 	 2 	 2.048165e-09 	 4.078206e-10
5 	 70 	 Ex 	 2 	 9.555283e-10 	 2.208550e-10
5 	 71 	 Ex 	 2 	 4.642038e-10 	 1.170243e-10
5 	 72 	 Ex 	 2 	 2.450022e-10 	 6.612071e-11
5 	 73 	 Ex 	 2 	 1.457796e-10 	 4.491185e-11
5 	 74 	 Ex 	 2 	 9.553964e-11 	 3.479661e-11
5 	 75 	 Ex 	 2 	 6.576459e-11 	 2.757581e-11
5 	 76 	 Ex 	 2 	 4.638004e-11 	 2.110059e-11
5 	 77 	 Ex 	 2 	 3.287326e-11 	 1.414815e-11
5 	 78 	 Ex 	 2 	 2.362995e-11 	 7.720293e-12
5 	 79 	 Ex 	 2 	 1.778798e-11 	 3.400158e-12
5 	 80 	 Ex 	 2 	 1.407254e-11 	 9.095537e-13
5 	 81 	 Ex 	 2 	 1.483209e-07 	 2.684451e-09
5 	 82 	 Ex 	 2 	 -9.556937e-07 	 7.652857e-09
5 	 83 	 Ex 	 2 	 6.140357e-08 	 1.893544e-09
5 	 84 	 Ex 	 2 	 1.069511e-08 	 8.804070e-10
5 	 85 	 Ex 	 2 	 3.333884e-09 	 4.614959e-10
5 	 86 	 Ex 	 2 	 1.306768e-09 	 2.362418e-10
5 	 87 	 Ex 	 2 	 5.781964e-10 	 1.181683e-10
5 	 88 	 Ex 	 2 	 2.864186e-10 	 6.284506e-11
5 	 89 	 Ex 	 2 	 1.633698e-10 	 4.199487e-11
5 	 90 	 Ex 	 2 	 1.055255e-10 	 3.411439e-11
5 	 91 	 Ex 	 2 	 7.285456e-11 	 2.888199e-11
5 	 92 	 Ex 	 2 	 5.168659e-11 	 2.339814e-11
5 	 93 	 Ex 	 2 	 3.657422e-11 	 1.619534e-11
5 	 94 	 Ex 	 2 	 2.600419e-11 	 8.924305e-12
5 	 95 	 Ex 	 2 	 1.934316e-11 	 4.005844e-12
5 	 96 	 Ex 	 2 	 1.515955e-11 	 1.219477e-12
5 	 97 	 Ex 	 2 	 3.164339e-08 	 2.049096e-09
5 	 98 	 Ex 	 2 	 -1.152274e-07 	 3.128935e-09
5 	 99 	 Ex 	 2 	 2.622469e-08 	 1.606838e-09
5 	 100 	 Ex 	 2 	 8.028762e-09 	 8.275732e-10
5 	 101 	 Ex 	 2 	 2.871758e-09 	 4.443289e-10
5 	 102 	 Ex 	 2 	 1.181629e-09 	 2.283103e-10
5 	 103 	 Ex 	 2 	 5.322400e-10 	 1.131001e-10
5 	 104 	 Ex 	 2 	 2.646187e-10 	 5.892071e-11
5 	 105 	 Ex 	 2 	 1.510540e-10 	 3.915058e-11
5 	 106 	 Ex 	 2 	 9.853809e-11 	 3.280614e-11
5 	 107 	 Ex 	 2 	 6.917985e-11 	 2.900029e-11
5 	 108 	 Ex 	 2 	 4.983307e-11 	 2.434240e-11
5 	 109 	 Ex 	 2 	 3.553850e-11 	 1.723635e-11
5 	 110 	 Ex 	 2 	 2.527896e-11 	 9.653329e-12
5 	 111 	 Ex 	 2 	 1.877162e-11 	 4.439539e-12
5 	 112 	 Ex 	 2 	 1.470051e-11 	 1.479388e-12
5 	 113 	 Ex 	 2 	 -3.829350e-09 	 1.030248e-09
5 	 114 	 Ex 	 2 	 -1.159177e-08 	 1.176510e-09
5 	 115 	 Ex 	 2 	 -5.709452e-10 	 9.411144e-10
5 	 116 	 Ex 	 2 	 2.095446e-09 	 6.209840e-10
5 	 117 	 Ex 	 2 	 1.400893e-09 	 3.685622e-10
5 	 118 	 Ex 	 2 	 7.394611e-10 	 1.997870e-10
5 	 119 	 Ex 	 2 	 3.778474e-10 	 1.025610e-10
5 	 120 	 Ex 	 2 	 2.025475e-10 	 5.484201e-11
5 	 121 	 Ex 	 2 	 1.218063e-10 	 3.706246e-11
5 	 122 	 Ex 	 2 	 8.283702e-11 	 3.154020e-11
5 	 123 	 Ex 	 2 	 6.018935e-11 	 2.837997e-11
5 	 124 	 Ex 	 2 	 4.451850e-11 	 2.419605e-11
5 	 125 	 Ex 	 2 	 3.235869e-11 	 1.736304e-11
5 	 126 	 Ex 	 2 	 2.334641e-11 	 9.880851e-12
5 	 127 	 Ex 	 2 	 1.753483e-11 	 4.661219e-12
5 	 128 	 Ex 	 2 	 1.386166e-11 	 1.665703e-12
5 	 129 	 Ex 	 2 	 -2.076447e-09 	 5.857957e-10
5 	 130 	 Ex 	 2 	 -3.264288e-09 	 6.297800e-10
5 	 131 	 Ex 	 2 	 -1.375565e-09 	 5.614575e-10
5 	 132 	 Ex 	 2 	 4.791677e-11 	 4.240259e-10
5 	 133 	 Ex 	 2 	 3.878426e-10 	 2.773032e-10
5 	 134 	 Ex 	 2 	 3.174934e-10 	 1.619800e-10
5 	 135 	 Ex 	 2 	 2.023922e-10 	 8.887660e-11
5 	 136 	 Ex 	 2 	 1.249712e-10 	 5.066844e-11
5 	 137 	 Ex 	 2 	 8.335405e-11 	 3.561990e-11
5 	 138 	 Ex 	 2 	 6.122588e-11 	 3.046450e-11
5 	 139 	 Ex 	 2 	 4.700084e-11 	 2.731316e-11
5 	 140 	 Ex 	 2 	 3.613183e-11 	 2.325735e-11
5 	 141 	 Ex 	 2 	 2.702905e-11 	 1.676293e-11
5 	 142 	 Ex 	 2 	 1.999482e-11 	 9.660823e-12
5 	 143 	 Ex 	 2 	 1.535846e-11 	 4.664854e-12
5 	 144 	 Ex 	 2 	 1.237698e-11 	 1.762113e-12
5 	 145 	 Ex 	 2 	 -1.082587e-09 	 3.580297e-10
5 	 146 	 Ex 	 2 	 -1.432527e-09 	 3.752744e-10
5 	 147 	 Ex 	 2 	 -8.886568e-10 	 3.468330e-10
5 	 148 	 Ex 	 2 	 -3.371159e-10 	 2.801469e-10
5 	 149 	 Ex 	 2 	 -2.796318e-11 	 1.975345e-10
5 	 150 	 Ex 	 2 	 6.595201e-11 	 1.248406e-10
5 	 151 	 Ex 	 2 	 7.150722e-11 	 7.453116e-11
5 	 152 	 Ex 	 2 	 5.799672e-11 	 4.646593e-11
5 	 153 	 Ex 	 2 	 4.665224e-11 	 3.449097e-11
5 	 154 	 Ex 	 2 	 3.893150e-11 	 2.944144e-11
5 	 155 	 Ex 	 2 	 3.242858e-11 	 2.585576e-11
5 	 156 	 Ex 	 2 	 2.629398e-11 	 2.166228e-11
5 	 157 	 Ex 	 2 	 2.047615e-11 	 1.554733e-11
5 	 158 	 Ex 	 2 	 1.572648e-11 	 9.040289e-12
5 	 159 	 Ex 	 2 	 1.251581e-11 	 4.456669e-12
5 	 160 	 Ex 	 2 	 1.040383e-11 	 1.760422e-12
5 	 161 	 Ex 	 2 	 -6.432140e-10 	 2.255546e-10
5 	 162 	 Ex 	 2 	 -7.987083e-10 	 2.320329e-10
5 	 163 	 Ex 	 2 	 -5.775140e-10 	 2.167248e-10
5 	 164 	 Ex 	 2 	 -3.446023e-10 	 1.815764e-10
5 	 165 	 Ex 	 2 	 -1.527663e-10 	 1.360700e-10
5 	 166 	 Ex 	 2 	 -4.845776e-11 	 9.310517e-11
5 	 167 	 Ex 	 2 	 -4.578734e-12 	 6.114575e-11
5 	 168 	 Ex 	 2 	 1.190131e-11 	 4.228943e-11
5 	 169 	 Ex 	 2 	 1.801501e-11 	 3.332054e-11
5 	 170 	 Ex 	 2 	 1.966051e-11 	 2.817242e-11
5 	 171 	 Ex 	 2 	 1.872790e-11 	 2.387460e-11
5 	 172 	 Ex 	 2 	 1.642539e-11 	 1.939544e-11
5 	 173 	 Ex 	 2 	 1.358162e-11 	 1.374812e-11
5 	 174 	 Ex 	 2 	 1.106920e-11 	 8.052353e-12
5 	 175 	 Ex 	 2 	 9.325735e-12 	 4.053020e-12
5 	 176 	 Ex 	 2 	 8.141178e-12 	 1.662586e-12
5 	 177 	 Ex 	 2 	 -4.233326e-10 	 1.433595e-10
5 	 178 	 Ex 	 2 	 -5.118936e-10 	 1.448591e-10
5 	 179 	 Ex 	 2 	 -3.984495e-10 	 1.351250e-10
5 	 180 	 Ex 	 2 	 -2.873683e-10 	 1.156904e-10
5 	 181 	 Ex 	 2 	 -1.719957e-10 	 9.144903e-11
5 	 182 	 Ex 	 2 	 -8.971153e-11 	 6.781641e-11
5 	 183 	 Ex 	 2 	 -4.170481e-11 	 4.929851e-11
5 	 184 	 Ex 	 2 	 -1.541033e-11 	 3.788855e-11
5 	 185 	 Ex 	 2 	 -1.608964e-12 	 3.147841e-11
5 	 186 	 Ex 	 2 	 4.757146e-12 	 2.616976e-11
5 	 187 	 Ex 	 2 	 7.112558e-12 	 2.116840e-11
5 	 188 	 Ex 	 2 	 7.506843e-12 	 1.644667e-11
5 	 189 	 Ex 	 2 	 7.060174e-12 	 1.143567e-11
5 	 190 	 Ex 	 2 	 6.500913e-12 	 6.775717e-12
5 	 191 	 Ex 	 2 	 6.099313e-12 	 3.500700e-12
5 	 192 	 Ex 	 2 	 5.792194e-12 	 1.486075e-12
5 	 193 	 Ex 	 2 	 -2.977720e-10 	 9.104432e-11
5 	 194 	 Ex 	 2 	 -3.555278e-10 	 9.050865e-11
5 	 195 	 Ex 	 2 	 -2.869509e-10 	 8.407467e-11
5 	 196 	 Ex 	 2 	 -2.284290e-10 	 7.311816e-11
5 	 197 	 Ex 	 2 	 -1.581810e-10 	 6.056029e-11
5 	 198 	 Ex 	 2 	 -9.878887e-11 	 4.847908e-11
5 	 199 	 Ex 	 2 	 -5.736115e-11 	 3.874995e-11
5 	 200 	 Ex 	 2 	 -3.063698e-11 	 3.241448e-11
5 	 201 	 Ex 	 2 	 -1.470499e-11 	 2.786859e-11
5 	 202 	 Ex 	 2 	 -6.288604e-12 	 2.286037e-11
5 	 203 	 Ex 	 2 	 -2.025332e-12 	 1.776870e-11
5 	 204 	 Ex 	 2 	 2.105992e-13 	 1.317140e-11
5 	 205 	 Ex 	 2 	 1.525470e-12 	 8.970568e-12
5 	 206 	 Ex 	 2 	 2.451795e-12 	 5.417787e-12
5 	 207 	 Ex 	 2 	 3.115856e-12 	 2.887747e-12
5 	 208 	 Ex 	 2 	 3.540964e-12 	 1.262408e-12
5 	 209 	 Ex 	 2 	 -2.182525e-10 	 5.754120e-11
5 	 210 	 Ex 	 2 	 -2.587559e-10 	 5.653996e-11
5 	 211 	 Ex 	 2 	 -2.120279e-10 	 5.254843e-11
5 	 212 	 Ex 	 2 	 -1.787245e-10 	 4.648243e-11
5 	 213 	 Ex 	 2 	 -1.356407e-10 	 4.001330e-11
5 	 214 	 Ex 	 2 	 -9.469548e-11 	 3.403701e-11
5 	 215 	 Ex 	 2 	 -6.227988e-11 	 2.917448e-11
5 	 216 	 Ex 	 2 	 -3.898768e-11 	 2.561736e-11
5 	 217 	 Ex 	 2 	 -2.360264e-11 	 2.235118e-11
5 	 218 	 Ex 	 2 	 -1.428064e-11 	 1.835857e-11
5 	 219 	 Ex 	 2 	 -8.702634e-12 	 1.408386e-11
5 	 220 	 Ex 	 2 	 -5.155103e-12 	 1.018076e-11
5 	 221 	 Ex 	 2 	 -2.671487e-12 	 6.854830e-12
5 	 222 	 Ex 	 2 	 -8.097237e-13 	 4.209336e-12
5 	 223 	 Ex 	 2 	 5.625421e-13 	 2.299125e-12
5 	 224 	 Ex 	 2 	 1.519781e-12 	 1.021566e-12
5 	 225 	 Ex 	 2 	 -1.643074e-10 	 3.603619e-11
5 	 226 	 Ex 	 2 	 -1.941919e-10 	 3.519447e-11
5 	 227 	 Ex 	 2 	 -1.598661e-10 	 3.291402e-11
5 	 228 	 Ex 	 2 	 -1.397972e-10 	 2.965878e-11
5 	 229 	 Ex 	 2 	 -1.128984e-10 	 2.632124e-11
5 	 230 	 Ex 	 2 	 -8.527568e-11 	 2.333249e-11
5 	 231 	 Ex 	 2 	 -6.125012e-11 	 2.084615e-11
5 	 232 	 Ex 	 2 	 -4.242099e-11 	 1.872885e-11
5 	 233 	 Ex 	 2 	 -2.877853e-11 	 1.645639e-11
5 	 234 	 Ex 	 2 	 -1.946829e-11 	 1.364475e-11
5 	 235 	 Ex 	 2 	 -1.320762e-11 	 1.055236e-11
5 	 236 	 Ex 	 2 	 -8.863034e-12 	 7.634614e-12
5 	 237 	 Ex 	 2 	 -5.693522e-12 	 5.151344e-12
5 	 238 	 Ex 	 2 	 -3.303906e-12 	 3.196327e-12
5 	 239 	 Ex 	 2 	 -1.512563e-12 	 1.764736e-12
5 	 240 	 Ex 	 2 	 -2.081119e-13 	 7.793055e-13
5 	 241 	 Ex 	 2 	 -1.261707e-10 	 2.217135e-11
5 	 242 	 Ex 	 2 	 -1.492039e-10 	 2.159560e-11
5 	 243 	 Ex 	 2 	 -1.228405e-10 	 2.037268e-11
5 	 244 	 Ex 	 2 	 -1.102231e-10 	 1.867365e-11
5 	 245 	 Ex 	 2 	 -9.296165e-11 	 1.696474e-11
5 	 246 	 Ex 	 2 	 -7.429180e-11 	 1.544741e-11
5 	 247 	 Ex 	 2 	 -5.689630e-11 	 1.412788e-11
5 	 248 	 Ex 	 2 	 -4.224283e-11 	 1.285145e-11
5 	 249 	 Ex 	 2 	 -3.075626e-11 	 1.136170e-11
5 	 250 	 Ex 	 2 	 -2.218406e-11 	 9.522599e-12
5 	 251 	 Ex 	 2 	 -1.591166e-11 	 7.471983e-12
5 	 252 	 Ex 	 2 	 -1.128902e-11 	 5.472713e-12
5 	 253 	 Ex 	 2 	 -7.813485e-12 	 3.726762e-12
5 	 254 	 Ex 	 2 	 -5.162452e-12 	 2.326610e-12
5 	 255 	 Ex 	 2 	 -3.144868e-12 	 1.279384e-12
5 	 256 	 Ex 	 2 	 -1.632876e-12 	 5.418365e-13
5 	 1 	 Ey 	 1 	 1.931654e-10 	 6.823504e-12
5 	 2 	 Ey 	 1 	 8.740179e-12 	 8.271696e-12
5 	 3 	 Ey 	 1 	 -2.011935e-10 	 9.562437e-12
5 	 4 	 Ey 	 1 	 -2.943406e-10 	 1.018001e-11
5 	 5 	 Ey 	 1 	 -2.953795e-10 	 9.603636e-12
5 	 6 	 Ey 	 1 	 -2.502133e-10 	 7.881301e-12
5 	 7 	 Ey 	 1 	 -1.959810e-10 	 5.492745e-12
5 	 8 	 Ey 	 1 	 -1.486162e-10 	 3.358752e-12
5 	 9 	 Ey 	 1 	 -1.112244e-10 	 1.866042e-12
5 	 10 	 Ey 	 1 	 -8.265547e-11 	 1.159191e-12
5 	 11 	 Ey 	 1 	 -6.123612e-11 	 1.007128e-12
5 	 12 	 Ey 	 1 	 -4.541430e-11 	 1.118272e-12
5 	 13 	 Ey 	 1 	 -3.387202e-11 	 1.270457e-12
5 	 14 	 Ey 	 1 	 -2.554064e-11 	 1.351977e-12
5 	 15 	 Ey 	 1 	 -1.955395e-11 	 1.330502e-12
5 	 16 	 Ey 	 1 	 -1.522500e-11 	 1.229811e-12
5 	 17 	 Ey 	 1 	 4.147656e-10 	 8.021900e-12
5 	 18 	 Ey 	 1 	 -1.163545e-11 	 1.021412e-11
5 	 19 	 Ey 	 1 	 -4.593781e-10 	 1.246232e-11
5 	 20 	 Ey 	 1 	 -5.798340e-10 	 1.384845e-11
5 	 21 	 Ey 	 1 	 -4.961531e-10 	 1.329539e-11
5 	 22 	 Ey 	 1 	 -3.629823e-10 	 1.058776e-11
5 	 23 	 Ey 	 1 	 -2.530655e-10 	 6.775470e-12
5 	 24 	 Ey 	 1 	 -1.767117e-10 	 3.273603e-12
5 	 25 	 Ey 	 1 	 -1.249021e-10 	 1.074577e-12
5 	 26 	 Ey 	 1 	 -8.889827e-11 	 2.313319e-13
5 	 27 	 Ey 	 1 	 -6.354032e-11 	 2.375860e-13
5 	 28 	 Ey 	 1 	 -4.561575e-11 	 6.147228e-13
5 	 29 	 Ey 	 1 	 -3.299596e-11 	 1.017313e-12
5 	 30 	 Ey 	 1 	 -2.423015e-11 	 1.240238e-12
5 	 31 	 Ey 	 1 	 -1.818728e-11 	 1.266650e-12
5 	 32 	 Ey 	 1 	 -1.397068e-11 	 1.162603e-12
5 	 33 	 Ey 	 1 	 1.092230e-09 	 8.834022e-12
5 	 34 	 Ey 	 1 	 -1.119381e-10 	 1.179535e-11
5 	 35 	 Ey 	 1 	 -1.233327e-09 	 1.531372e-11
5 	 36 	 Ey 	 1 	 -1.229384e-09 	 1.817121e-11
5 	 37 	 Ey 	 1 	 -8.273221e-10 	 1.797762e-11
5 	 38 	 Ey 	 1 	 -4.944309e-10 	 1.410533e-11
5 	 39 	 Ey 	 1 	 -2.975201e-10 	 8.336697e-12
5 	 40 	 Ey 	 1 	 -1.898149e-10 	 3.130456e-12
5 	 41 	 Ey 	 1 	 -1.277183e-10 	 1.358046e-14
5 	 42 	 Ey 	 1 	 -8.823675e-11 	 -1.016289e-12
5 	 43 	 Ey 	 1 	 -6.162641e-11 	 -8.320397e-13
5 	 44 	 Ey 	 1 	 -4.307671e-11 	 -8.670691e-14
5 	 45 	 Ey 	 1 	 -3.011568e-11 	 6.995966e-13
5 	 46 	 Ey 	 1 	 -2.143629e-11 	 1.126811e-12
5 	 47 	 Ey 	 1 	 -1.576596e-11 	 1.208300e-12
5 	 48 	 Ey 	 1 	 -1.197220e-11 	 1.101539e-12
5 	 49 	 Ey 	 1 	 3.926231e-09 	 8.922226e-12
5 	 50 	 Ey 	 1 	 -7.111586e-10 	 1.181270e-11
5 	 51 	 Ey 	 1 	 -4.105064e-09 	 1.619711e-11
5 	 52 	 Ey 	 1 	 -2.669237e-09 	 2.060212e-11
5 	 53 	 Ey 	 1 	 -1.260771e-09 	 2.108534e-11
5 	 54 	 Ey 	 1 	 -5.824273e-10 	 1.651781e-11
5 	 55 	 Ey 	 1 	 -2.943618e-10 	 9.577833e-12
5 	 56 	 Ey 	 1 	 -1.708850e-10 	 3.151700e-12
5 	 57 	 Ey 	 1 	 -1.117011e-10 	 -7.961176e-13
5 	 58 	 Ey 	 1 	 -7.733001e-11 	 -2.176390e-12
5 	 59 	 Ey 	 1 	 -5.422845e-11 	 -1.966151e-12
5 	 60 	 Ey 	 1 	 -3.737934e-11 	 -8.787323e-13
5 	 61 	 Ey 	 1 	 -2.516719e-11 	 3.388738e-13
5 	 62 	 Ey 	 1 	 -1.723193e-11 	 9.902588e-13
5 	 63 	 Ey 	 1 	 -1.239092e-11 	 1.109267e-12
5 	 64 	 Ey 	 1 	 -9.319872e-12 	 9.955232e-13
5 	 65 	 Ey 	 1 	 2.231568e-08 	 8.689776e-12
5 	 66 	 Ey 	 1 	 -7.913948e-09 	 8.690644e-12
5 	 67 	 Ey 	 1 	 -1.660680e-08 	 1.213871e-11
5 	 68 	 Ey 	 1 	 -4.651922e-09 	 1.723604e-11
5 	 69 	 Ey 	 1 	 -1.393182e-09 	 1.816260e-11
5 	 70 	 Ey 	 1 	 -4.937093e-10 	 1.445690e-11
5 	 71 	 Ey 	 1 	 -2.102694e-10 	 8.693706e-12
5 	 72 	 Ey 	 1 	 -1.118379e-10 	 3.141821e-12
5 	 73 	 Ey 	 1 	 -7.305361e-11 	 -6.251266e-13
5 	 74 	 Ey 	 1 	 -5.281693e-11 	 -2.216699e-12
5 	 75 	 Ey 	 1 	 -3.846458e-11 	 -2.168246e-12
5 	 76 	 Ey 	 1 	 -2.678941e-11 	 -1.118777e-12
5 	 77 	 Ey 	 1 	 -1.765454e-11 	 1.124820e-13
5 	 78 	 Ey 	 1 	 -1.171163e-11 	 7.906091e-13
5 	 79 	 Ey 	 1 	 -8.256799e-12 	 9.277052e-13
5 	 80 	 Ey 	 1 	 -6.170025e-12 	 8.324521e-13
5 	 81 	 Ey 	 1 	 6.273269e-08 	 6.607900e-12
5 	 82 	 Ey 	 1 	 -5.390157e-06 	 1.420410e-10
5 	 83 	 Ey 	 1 	 -2.360997e-08 	 5.300880e-12
5 	 84 	 Ey 	 1 	 -2.525176e-09 	 8.796955e-12
5 	 85 	 Ey 	 1 	 -6.441367e-10 	 9.425908e-12
5 	 86 	 Ey 	 1 	 -2.464223e-10 	 7.870658e-12
5 	 87 	 Ey 	 1 	 -1.248533e-10 	 5.102363e-12
5 	 88 	 Ey 	 1 	 -8.024727e-11 	 2.170742e-12
5 	 89 	 Ey 	 1 	 -6.109627e-11 	 -1.009353e-13
5 	 90 	 Ey 	 1 	 -4.987371e-11 	 -1.231311e-12
5 	 91 	 Ey 	 1 	 -4.061241e-11 	 -1.318538e-12
5 	 92 	 Ey 	 1 	 -3.208766e-11 	 -6.964279e-13
5 	 93 	 Ey 	 1 	 -2.482239e-11 	 9.372231e-14
5 	 94 	 Ey 	 1 	 -1.948759e-11 	 5.651109e-13
5 	 95 	 Ey 	 1 	 -1.586703e-11 	 6.726714e-13
5 	 96 	 Ey 	 1 	 -1.333784e-11 	 6.049893e-13
5 	 97 	 Ey 	 1 	 -6.582403e-08 	 -3.755458e-12
5 	 98 	 Ey 	 1 	 -5.661997e-08 	 9.165525e-12
5 	 99 	 Ey 	 1 	 2.978283e-08 	 1.997124e-12
5 	 100 	 Ey 	 1 	 4.241949e-09 	 -4.080104e-13
5 	 101 	 Ey 	 1 	 1.016182e-09 	 -7.085826e-13
5 	 102 	 Ey 	 1 	 3.298946e-10 	 -1.354759e-13
5 	 103 	 Ey 	 1 	 1.310097e-10 	 3.163097e-13
5 	 104 	 Ey 	 1 	 5.980542e-11 	 3.373116e-13
5 	 105 	 Ey 	 1 	 2.899805e-11 	 1.611441e-14
5 	 106 	 Ey 	 1 	 1.363157e-11 	 -2.902070e-13
5 	 107 	 Ey 	 1 	 5.854767e-12 	 -3.427377e-13
5 	 108 	 Ey 	 1 	 2.275778e-12 	 -1.289549e-13
5 	 109 	 Ey 	 1 	 8.310561e-13 	 1.769401e-13
5 	 110 	 Ey 	 1 	 2.476138e-13 	 3.700672e-13
5 	 111 	 Ey 	 1 	 -7.171610e-14 	 4.089718e-13
5 	 112 	 Ey 	 1 	 -2.899328e-13 	 3.564345e-13
5 	 113 	 Ey 	 1 	 -9.685205e-09 	 -4.696703e-12
5 	 114 	 Ey 	 1 	 2.576589e-09 	 -4.593023e-12
5 	 115 	 Ey 	 1 	 8.839139e-09 	 -5.997510e-12
5 	 116 	 Ey 	 1 	 3.859056e-09 	 -8.534206e-12
5 	 117 	 Ey 	 1 	 1.428210e-09 	 -8.801260e-12
5 	 118 	 Ey 	 1 	 5.673760e-10 	 -6.668427e-12
5 	 119 	 Ey 	 1 	 2.541259e-10 	 -3.744387e-12
5 	 120 	 Ey 	 1 	 1.300289e-10 	 -1.393947e-12
5 	 121 	 Ey 	 1 	 7.456315e-11 	 -9.510565e-14
5 	 122 	 Ey 	 1 	 4.578720e-11 	 3.791527e-13
5 	 123 	 Ey 	 1 	 2.909442e-11 	 4.421363e-13
5 	 124 	 Ey 	 1 	 1.882947e-11 	 3.725556e-13
5 	 125 	 Ey 	 1 	 1.239470e-11 	 2.840342e-13
5 	 126 	 Ey 	 1 	 8.414061e-12 	 2.200153e-13
5 	 127 	 Ey 	 1 	 5.926627e-12 	 1.667458e-13
5 	 128 	 Ey 	 1 	 4.304904e-12 	 1.138058e-13
5 	 129 	 Ey 	 1 	 -2.135967e-09 	 -6.065432e-12
5 	 130 	 Ey 	 1 	 3.149667e-10 	 -7.886873e-12
5 	 131 	 Ey 	 1 	 2.309120e-09 	 -1.060408e-11
5 	 132 	 Ey 	 1 	 1.868776e-09 	 -1.314180e-11
5 	 133 	 Ey 	 1 	 1.032748e-09 	 -1.316347e-11
5 	 134 	 Ey 	 1 	 5.226714e-10 	 -1.013872e-11
5 	 135 	 Ey 	 1 	 2.733735e-10 	 -5.921982e-12
5 	 136 	 Ey 	 1 	 1.560092e-10 	 -2.295650e-12
5 	 137 	 Ey 	 1 	 9.765350e-11 	 4.486386e-14
5 	 138 	 Ey 	 1 	 6.486526e-11 	 1.061383e-12
5 	 139 	 Ey 	 1 	 4.414415e-11 	 1.179396e-12
5 	 140 	 Ey 	 1 	 3.009586e-11 	 8.596070e-13
5 	 141 	 Ey 	 1 	 2.045683e-11 	 4.270957e-13
5 	 142 	 Ey 	 1 	 1.412426e-11 	 1.250254e-13
5 	 143 	 Ey 	 1 	 1.006970e-11 	 -3.281149e-14
5 	 144 	 Ey 	 1 	 7.409386e-12 	 -9.964538e-14
5 	 145 	 Ey 	 1 	 -7.063053e-10 	 -6.748510e-12
5 	 146 	 Ey 	 1 	 3.150822e-11 	 -8.955716e-12
5 	 147 	 Ey 	 1 	 7.412829e-10 	 -1.176215e-11
5 	 148 	 Ey 	 1 	 8.246477e-10 	 -1.395448e-11
5 	 149 	 Ey 	 1 	 6.056740e-10 	 -1.373257e-11
5 	 150 	 Ey 	 1 	 3.821808e-10 	 -1.053993e-11
5 	 151 	 Ey 	 1 	 2.358194e-10 	 -6.095977e-12
5 	 152 	 Ey 	 1 	 1.522546e-10 	 -1.967221e-12
5 	 153 	 Ey 	 1 	 1.045761e-10 	 8.118901e-13
5 	 154 	 Ey 	 1 	 7.460383e-11 	 2.037245e-12
5 	 155 	 Ey 	 1 	 5.358954e-11 	 2.070965e-12
5 	 156 	 Ey 	 1 	 3.795961e-11 	 1.428583e-12
5 	 157 	 Ey 	 1 	 2.646590e-11 	 6.259877e-13
5 	 158 	 Ey 	 1 	 1.858454e-11 	 7.618780e-14
5 	 159 	 Ey 	 1 	 1.342451e-11 	 -1.866612e-13
5 	 160 	 Ey 	 1 	 9.999220e-12 	 -2.773177e-13
5 	 161 	 Ey 	 1 	 -3.051750e-10 	 -6.452878e-12
5 	 162 	 Ey 	 1 	 -2.029611e-11 	 -8.373163e-12
5 	 163 	 Ey 	 1 	 2.812110e-10 	 -1.064245e-11
5 	 164 	 Ey 	 1 	 3.813277e-10 	 -1.220082e-11
5 	 165 	 Ey 	 1 	 3.417758e-10 	 -1.162437e-11
5 	 166 	 Ey 	 1 	 2.583687e-10 	 -8.619635e-12
5 	 167 	 Ey 	 1 	 1.855220e-10 	 -4.390297e-12
5 	 168 	 Ey 	 1 	 1.351198e-10 	 -3.956998e-13
5 	 169 	 Ey 	 1 	 1.016815e-10 	 2.348369e-12
5 	 170 	 Ey 	 1 	 7.753000e-11 	 3.435308e-12
5 	 171 	 Ey 	 1 	 5.833728e-11 	 3.172884e-12
5 	 172 	 Ey 	 1 	 4.262359e-11 	 2.094351e-12
5 	 173 	 Ey 	 1 	 3.031998e-11 	 8.620182e-13
5 	 174 	 Ey 	 1 	 2.161680e-11 	 5.691916e-14
5 	 175 	 Ey 	 1 	 1.584021e-11 	 -3.046103e-13
5 	 176 	 Ey 	 1 	 1.196481e-11 	 -4.134452e-13
5 	 177 	 Ey 	 1 	 -1.558125e-10 	 -5.489486e-12
5 	 178 	 Ey 	 1 	 -2.422330e-11 	 -6.777068e-12
5 	 179 	 Ey 	 1 	 1.258232e-10 	 -8.136975e-12
5 	 180 	 Ey 	 1 	 1.976099e-10 	 -8.807112e-12
5 	 181 	 Ey 	 1 	 2.051808e-10 	 -7.768582e-12
5 	 182 	 Ey 	 1 	 1.789714e-10 	 -4.913231e-12
5 	 183 	 Ey 	 1 	 1.459160e-10 	 -1.150907e-12
5 	 184 	 Ey 	 1 	 1.175476e-10 	 2.354974e-12
5 	 185 	 Ey 	 1 	 9.493104e-11 	 4.447754e-12
5 	 186 	 Ey 	 1 	 7.579255e-11 	 4.915605e-12
5 	 187 	 Ey 	 1 	 5.885519e-11 	 4.133973e-12
5 	 188 	 Ey 	 1 	 4.400528e-11 	 2.606584e-12
5 	 189 	 Ey 	 1 	 3.187010e-11 	 1.021156e-12
5 	 190 	 Ey 	 1 	 2.313725e-11 	 2.673347e-14
5 	 191 	 Ey 	 1 	 1.727268e-11 	 -3.830175e-13
5 	 192 	 Ey 	 1 	 1.326919e-11 	 -5.055347e-13
5 	 193 	 Ey 	 1 	 -8.759378e-11 	 -4.171972e-12
5 	 194 	 Ey 	 1 	 -1.720881e-11 	 -4.764028e-12
5 	 195 	 Ey 	 1 	 6.862333e-11 	 -5.160305e-12
5 	 196 	 Ey 	 1 	 1.196039e-10 	 -4.867106e-12
5 	 197 	 Ey 	 1 	 1.387042e-10 	 -3.291380e-12
5 	 198 	 Ey 	 1 	 1.347113e-10 	 -5.388821e-13
5 	 199 	 Ey 	 1 	 1.204380e-10 	 2.648548e-12
5 	 200 	 Ey 	 1 	 1.034080e-10 	 5.092130e-12
5 	 201 	 Ey 	 1 	 8.599658e-11 	 5.958829e-12
5 	 202 	 Ey 	 1 	 6.941626e-11 	 5.405736e-12
5 	 203 	 Ey 	 1 	 5.453648e-11 	 4.121984e-12
5 	 204 	 Ey 	 1 	 4.159917e-11 	 2.478327e-12
5 	 205 	 Ey 	 1 	 3.101525e-11 	 9.338952e-13
5 	 206 	 Ey 	 1 	 2.322449e-11 	 -1.431197e-14
5 	 207 	 Ey 	 1 	 1.779486e-11 	 -4.174794e-13
5 	 208 	 Ey 	 1 	 1.394824e-11 	 -5.456262e-13
5 	 209 	 Ey 	 1 	 -5.210506e-11 	 -2.856682e-12
5 	 210 	 Ey 	 1 	 -1.008905e-11 	 -2.870252e-12
5 	 211 	 Ey 	 1 	 4.394437e-11 	 -2.559984e-12
5 	 212 	 Ey 	 1 	 8.048841e-11 	 -1.642703e-12
5 	 213 	 Ey 	 1 	 1.002524e-10 	 1.126793e-13
5 	 214 	 Ey 	 1 	 1.046310e-10 	 2.450857e-12
5 	 215 	 Ey 	 1 	 9.908564e-11 	 4.730681e-12
5 	 216 	 Ey 	 1 	 8.806056e-11 	 6.071740e-12
5 	 217 	 Ey 	 1 	 7.422298e-11 	 5.945409e-12
5 	 218 	 Ey 	 1 	 6.015734e-11 	 4.796635e-12
5 	 219 	 Ey 	 1 	 4.765001e-11 	 3.343696e-12
5 	 220 	 Ey 	 1 	 3.716155e-11 	 1.914294e-12
5 	 221 	 Ey 	 1 	 2.874680e-11 	 7.201714e-13
5 	 222 	 Ey 	 1 	 2.234922e-11 	 -3.267316e-14
5 	 223 	 Ey 	 1 	 1.761878e-11 	 -4.084117e-13
5 	 224 	 Ey 	 1 	 1.410106e-11 	 -5.397651e-13
5 	 225 	 Ey 	 1 	 -3.236005e-11 	 -1.740499e-12
5 	 226 	 Ey 	 1 	 -5.504850e-12 	 -1.427054e-12
5 	 227 	 Ey 	 1 	 3.019480e-11 	 -8.223396e-13
5 	 228 	 Ey 	 1 	 5.591332e-11 	 2.225017e-13
5 	 229 	 Ey 	 1 	 7.236279e-11 	 1.731466e-12
5 	 230 	 Ey 	 1 	 7.897762e-11 	 3.422416e-12
5 	 231 	 Ey 	 1 	 7.773825e-11 	 4.820400e-12
5 	 232 	 Ey 	 1 	 7.112744e-11 	 5.415313e-12
5 	 233 	 Ey 	 1 	 6.140844e-11 	 4.990994e-12
5 	 234 	 Ey 	 1 	 5.084023e-11 	 3.907178e-12
5 	 235 	 Ey 	 1 	 4.110532e-11 	 2.637006e-12
5 	 236 	 Ey 	 1 	 3.288277e-11 	 1.469591e-12
5 	 237 	 Ey 	 1 	 2.622559e-11 	 5.734643e-13
5 	 238 	 Ey 	 1 	 2.100702e-11 	 -2.630262e-14
5 	 239 	 Ey 	 1 	 1.696828e-11 	 -3.663113e-13
5 	 240 	 Ey 	 1 	 1.383701e-11 	 -5.125879e-13
5 	 241 	 Ey 	 1 	 -2.096679e-11 	 -9.107441e-13
5 	 242 	 Ey 	 1 	 -3.114314e-12 	 -5.101116e-13
5 	 243 	 Ey 	 1 	 2.116738e-11 	 1.290730e-13
5 	 244 	 Ey 	 1 	 3.915711e-11 	 1.038256e-12
5 	 245 	 Ey 	 1 	 5.177683e-11 	 2.123592e-12
5 	 246 	 Ey 	 1 	 5.818918e-11 	 3.227152e-12
5 	 247 	 Ey 	 1 	 5.901621e-11 	 4.026096e-12
5 	 248 	 Ey 	 1 	 5.558250e-11 	 4.255874e-12
5 	 249 	 Ey 	 1 	 4.944934e-11 	 3.865689e-12
5 	 250 	 Ey 	 1 	 4.222904e-11 	 3.022089e-12
5 	 251 	 Ey 	 1 	 3.515081e-11 	 2.048694e-12
5 	 252 	 Ey 	 1 	 2.889352e-11 	 1.156848e-12
5 	 253 	 Ey 	 1 	 2.364891e-11 	 4.541471e-13
5 	 254 	 Ey 	 1 	 1.939356e-11 	 -4.553053e-14
5 	 255 	 Ey 	 1 	 1.597400e-11 	 -3.298043e-13
5 	 256 	 Ey 	 1 	 1.324798e-11 	 -4.936505e-13
5 	 1 	 Ey 	 2 	 1.817681e-10 	 1.241505e-11
5 	 2 	 Ey 	 2 	 -5.321435e-12 	 1.561494e-11
5 	 3 	 Ey 	 2 	 -2.175364e-10 	 1.869151e-11
5 	 4 	 Ey 	 2 	 -3.117621e-10 	 2.050075e-11
5 	 5 	 Ey 	 2 	 -3.118992e-10 	 1.984266e-11
5 	 6 	 Ey 	 2 	 -2.638134e-10 	 1.650056e-11
5 	 7 	 Ey 	 2 	 -2.055759e-10 	 1.160347e-11
5 	 8 	 Ey 	 2 	 -1.543961e-10 	 6.811263e-12
5 	 9 	 Ey 	 2 	 -1.142317e-10 	 3.278803e-12
5 	 10 	 Ey 	 2 	 -8.415958e-11 	 1.257331e-12
5 	 11 	 Ey 	 2 	 -6.216820e-11 	 3.550445e-13
5 	 12 	 Ey 	 2 	 -4.628234e-11 	 7.452100e-14
5 	 13 	 Ey 	 2 	 -3.484368e-11 	 5.156831e-14
5 	 14 	 Ey 	 2 	 -2.657083e-11 	 7.968035e-14
5 	 15 	 Ey 	 2 	 -2.052854e-11 	 8.040804e-14
5 	 16 	 Ey 	 2 	 -1.606002e-11 	 4.955832e-14
5 	 17 	 Ey 	 2 	 4.015725e-10 	 1.529456e-11
5 	 18 	 Ey 	 2 	 -2.870038e-11 	 2.037693e-11
5 	 19 	 Ey 	 2 	 -4.801944e-10 	 2.607808e-11
5 	 20 	 Ey 	 2 	 -6.028960e-10 	 3.037530e-11
5 	 21 	 Ey 	 2 	 -5.182754e-10 	 3.031450e-11
5 	 22 	 Ey 	 2 	 -3.806902e-10 	 2.500567e-11
5 	 23 	 Ey 	 2 	 -2.645035e-10 	 1.670158e-11
5 	 24 	 Ey 	 2 	 -1.822883e-10 	 8.682088e-12
5 	 25 	 Ey 	 2 	 -1.265798e-10 	 3.115698e-12
5 	 26 	 Ey 	 2 	 -8.880570e-11 	 2.580987e-13
5 	 27 	 Ey 	 2 	 -6.309220e-11 	 -7.710902e-13
5 	 28 	 Ey 	 2 	 -4.550775e-11 	 -8.570663e-13
5 	 29 	 Ey 	 2 	 -3.338787e-11 	 -6.049356e-13
5 	 30 	 Ey 	 2 	 -2.494066e-11 	 -3.683467e-13
5 	 31 	 Ey 	 2 	 -1.895500e-11 	 -2.519169e-13
5 	 32 	 Ey 	 2 	 -1.462800e-11 	 -2.215703e-13
5 	 33 	 Ey 	 2 	 1.078048e-09 	 1.761936e-11
5 	 34 	 Ey 	 2 	 -1.312079e-10 	 2.441617e-11
5 	 35 	 Ey 	 2 	 -1.258204e-09 	 3.366782e-11
5 	 36 	 Ey 	 2 	 -1.258481e-09 	 4.261192e-11
5 	 37 	 Ey 	 2 	 -8.557884e-10 	 4.437984e-11
5 	 38 	 Ey 	 2 	 -5.168007e-10 	 3.654894e-11
5 	 39 	 Ey 	 2 	 -3.109277e-10 	 2.350239e-11
5 	 40 	 Ey 	 2 	 -1.948918e-10 	 1.096963e-11
5 	 41 	 Ey 	 2 	 -1.275042e-10 	 2.522185e-12
5 	 42 	 Ey 	 2 	 -8.593282e-11 	 -1.530338e-12
5 	 43 	 Ey 	 2 	 -5.922903e-11 	 -2.719441e-12
5 	 44 	 Ey 	 2 	 -4.161102e-11 	 -2.400840e-12
5 	 45 	 Ey 	 2 	 -2.979817e-11 	 -1.583679e-12
5 	 46 	 Ey 	 2 	 -2.181797e-11 	 -9.547251e-13
5 	 47 	 Ey 	 2 	 -1.633083e-11 	 -6.506161e-13
5 	 48 	 Ey 	 2 	 -1.245019e-11 	 -5.314780e-13
5 	 49 	 Ey 	 2 	 3.912477e-09 	 1.897837e-11
5 	 50 	 Ey 	 2 	 -7.301941e-10 	 2.427328e-11
5 	 51 	 Ey 	 2 	 -4.130815e-09 	 3.536881e-11
5 	 52 	 Ey 	 2 	 -2.700875e-09 	 5.008145e-11
5 	 53 	 Ey 	 2 	 -1.292450e-09 	 5.489477e-11
5 	 54 	 Ey 	 2 	 -6.071585e-10 	 4.544045e-11
5 	 55 	 Ey 	 2 	 -3.088252e-10 	 2.896509e-11
5 	 56 	 Ey 	 2 	 -1.755618e-10 	 1.288475e-11
5 	 57 	 Ey 	 2 	 -1.099540e-10 	 1.664235e-12
5 	 58 	 Ey 	 2 	 -7.296012e-11 	 -3.855948e-12
5 	 59 	 Ey 	 2 	 -4.981208e-11 	 -5.313512e-12
5 	 60 	 Ey 	 2 	 -3.445030e-11 	 -4.451206e-12
5 	 61 	 Ey 	 2 	 -2.409904e-11 	 -2.829334e-12
5 	 62 	 Ey 	 2 	 -1.726717e-11 	 -1.671480e-12
5 	 63 	 Ey 	 2 	 -1.272800e-11 	 -1.130400e-12
5 	 64 	 Ey 	 2 	 -9.590265e-12 	 -8.953890e-13
5 	 65 	 Ey 	 2 	 2.230265e-08 	 2.450813e-11
5 	 66 	 Ey 	 2 	 -7.928494e-09 	 1.271915e-11
5 	 67 	 Ey 	 2 	 -1.662639e-08 	 2.011461e-11
5 	 68 	 Ey 	 2 	 -4.678001e-09 	 4.050840e-11
5 	 69 	 Ey 	 2 	 -1.419752e-09 	 4.729089e-11
5 	 70 	 Ey 	 2 	 -5.148762e-10 	 3.992857e-11
5 	 71 	 Ey 	 2 	 -2.231652e-10 	 2.595655e-11
5 	 72 	 Ey 	 2 	 -1.164336e-10 	 1.172523e-11
5 	 73 	 Ey 	 2 	 -7.162931e-11 	 9.462848e-13
5 	 74 	 Ey 	 2 	 -4.850854e-11 	 -4.888531e-12
5 	 75 	 Ey 	 2 	 -3.383404e-11 	 -6.535502e-12
5 	 76 	 Ey 	 2 	 -2.352551e-11 	 -5.585186e-12
5 	 77 	 Ey 	 2 	 -1.626421e-11 	 -3.733108e-12
5 	 78 	 Ey 	 2 	 -1.145061e-11 	 -2.357640e-12
5 	 79 	 Ey 	 2 	 -8.314533e-12 	 -1.657072e-12
5 	 80 	 Ey 	 2 	 -6.181835e-12 	 -1.304781e-12
5 	 81 	 Ey 	 2 	 6.271970e-08 	 2.987494e-11
5 	 82 	 Ey 	 2 	 -5.389505e-06 	 -7.579948e-10
5 	 83 	 Ey 	 2 	 -2.361928e-08 	 -2.176022e-12
5 	 84 	 Ey 	 2 	 -2.539761e-09 	 1.570342e-11
5 	 85 	 Ey 	 2 	 -6.592974e-10 	 1.996734e-11
5 	 86 	 Ey 	 2 	 -2.592152e-10 	 1.773232e-11
5 	 87 	 Ey 	 2 	 -1.334958e-10 	 1.189154e-11
5 	 88 	 Ey 	 2 	 -8.421406e-11 	 5.010849e-12
5 	 89 	 Ey 	 2 	 -6.115768e-11 	 -9.948557e-13
5 	 90 	 Ey 	 2 	 -4.764694e-11 	 -4.735864e-12
5 	 91 	 Ey 	 2 	 -3.777263e-11 	 -5.944966e-12
5 	 92 	 Ey 	 2 	 -2.988224e-11 	 -5.344661e-12
5 	 93 	 Ey 	 2 	 -2.368026e-11 	 -4.020540e-12
5 	 94 	 Ey 	 2 	 -1.903970e-11 	 -2.889571e-12
5 	 95 	 Ey 	 2 	 -1.562111e-11 	 -2.179070e-12
5 	 96 	 Ey 	 2 	 -1.304807e-11 	 -1.737667e-12
5 	 97 	 Ey 	 2 	 -6.581623e-08 	 -3.921113e-11
5 	 98 	 Ey 	 2 	 -5.661298e-08 	 1.299361e-11
5 	 99 	 Ey 	 2 	 2.977789e-08 	 4.443844e-12
5 	 100 	 Ey 	 2 	 4.239755e-09 	 -1.128914e-11
5 	 101 	 Ey 	 2 	 1.013642e-09 	 -1.304876e-11
5 	 102 	 Ey 	 2 	 3.266800e-10 	 -1.012102e-11
5 	 103 	 Ey 	 2 	 1.276970e-10 	 -6.774121e-12
5 	 104 	 Ey 	 2 	 5.726437e-11 	 -4.950980e-12
5 	 105 	 Ey 	 2 	 2.777260e-11 	 -4.728241e-12
5 	 106 	 Ey 	 2 	 1.364703e-11 	 -5.150071e-12
5 	 107 	 Ey 	 2 	 6.573799e-12 	 -5.254204e-12
5 	 108 	 Ey 	 2 	 3.114231e-12 	 -4.796543e-12
5 	 109 	 Ey 	 2 	 1.494377e-12 	 -4.015801e-12
5 	 110 	 Ey 	 2 	 7.686892e-13 	 -3.232723e-12
5 	 111 	 Ey 	 2 	 4.465313e-13 	 -2.598456e-12
5 	 112 	 Ey 	 2 	 2.994481e-13 	 -2.109893e-12
5 	 113 	 Ey 	 2 	 -9.679010e-09 	 -2.499289e-11
5 	 114 	 Ey 	 2 	 2.582676e-09 	 -2.167098e-11
5 	 115 	 Ey 	 2 	 8.846222e-09 	 -2.569466e-11
5 	 116 	 Ey 	 2 	 3.867902e-09 	 -3.700155e-11
5 	 117 	 Ey 	 2 	 1.436229e-09 	 -3.969096e-11
5 	 118 	 Ey 	 2 	 5.723044e-10 	 -3.281249e-11
5 	 119 	 Ey 	 2 	 2.555748e-10 	 -2.275433e-11
5 	 120 	 Ey 	 2 	 1.290519e-10 	 -1.422293e-11
5 	 121 	 Ey 	 2 	 7.266077e-11 	 -8.839612e-12
5 	 122 	 Ey 	 2 	 4.408941e-11 	 -6.190414e-12
5 	 123 	 Ey 	 2 	 2.803682e-11 	 -5.026735e-12
5 	 124 	 Ey 	 2 	 1.844559e-11 	 -4.440588e-12
5 	 125 	 Ey 	 2 	 1.255161e-11 	 -3.983030e-12
5 	 126 	 Ey 	 2 	 8.928754e-12 	 -3.470295e-12
5 	 127 	 Ey 	 2 	 6.658484e-12 	 -2.926160e-12
5 	 128 	 Ey 	 2 	 5.161455e-12 	 -2.420587e-12
5 	 129 	 Ey 	 2 	 -2.126868e-09 	 -2.509349e-11
5 	 130 	 Ey 	 2 	 3.262865e-10 	 -3.103771e-11
5 	 131 	 Ey 	 2 	 2.323259e-09 	 -4.044125e-11
5 	 132 	 Ey 	 2 	 1.884912e-09 	 -5.068946e-11
5 	 133 	 Ey 	 2 	 1.047567e-09 	 -5.270513e-11
5 	 134 	 Ey 	 2 	 5.328294e-10 	 -4.434418e-11
5 	 135 	 Ey 	 2 	 2.778892e-10 	 -3.159216e-11
5 	 136 	 Ey 	 2 	 1.559686e-10 	 -1.981442e-11
5 	 137 	 Ey 	 2 	 9.507418e-11 	 -1.148867e-11
5 	 138 	 Ey 	 2 	 6.166774e-11 	 -6.841702e-12
5 	 139 	 Ey 	 2 	 4.151915e-11 	 -4.760044e-12
5 	 140 	 Ey 	 2 	 2.858630e-11 	 -4.055473e-12
5 	 141 	 Ey 	 2 	 2.008950e-11 	 -3.839121e-12
5 	 142 	 Ey 	 2 	 1.456289e-11 	 -3.557688e-12
5 	 143 	 Ey 	 2 	 1.094321e-11 	 -3.118570e-12
5 	 144 	 Ey 	 2 	 8.480818e-12 	 -2.628017e-12
5 	 145 	 Ey 	 2 	 -6.953603e-10 	 -2.492003e-11
5 	 146 	 Ey 	 2 	 4.530127e-11 	 -3.232279e-11
5 	 147 	 Ey 	 2 	 7.582961e-10 	 -4.199521e-11
5 	 148 	 Ey 	 2 	 8.436266e-10 	 -5.082056e-11
5 	 149 	 Ey 	 2 	 6.230253e-10 	 -5.234349e-11
5 	 150 	 Ey 	 2 	 3.942360e-10 	 -4.480915e-11
5 	 151 	 Ey 	 2 	 2.412892e-10 	 -3.275866e-11
5 	 152 	 Ey 	 2 	 1.520154e-10 	 -2.082008e-11
5 	 153 	 Ey 	 2 	 1.008163e-10 	 -1.172390e-11
5 	 154 	 Ey 	 2 	 6.970450e-11 	 -6.324461e-12
5 	 155 	 Ey 	 2 	 4.931197e-11 	 -3.934260e-12
5 	 156 	 Ey 	 2 	 3.527839e-11 	 -3.361484e-12
5 	 157 	 Ey 	 2 	 2.552416e-11 	 -3.471994e-12
5 	 158 	 Ey 	 2 	 1.888616e-11 	 -3.461071e-12
5 	 159 	 Ey 	 2 	 1.437758e-11 	 -3.161936e-12
5 	 160 	 Ey 	 2 	 1.122632e-11 	 -2.720415e-12
5 	 161 	 Ey 	 2 	 -2.940158e-10 	 -2.223495e-11
5 	 162 	 Ey 	 2 	 -6.506128e-12 	 -2.823246e-11
5 	 163 	 Ey 	 2 	 2.978187e-10 	 -3.554653e-11
5 	 164 	 Ey 	 2 	 3.994239e-10 	 -4.183261e-11
5 	 165 	 Ey 	 2 	 3.579338e-10 	 -4.284553e-11
5 	 166 	 Ey 	 2 	 2.691630e-10 	 -3.722069e-11
5 	 167 	 Ey 	 2 	 1.896136e-10 	 -2.768951e-11
5 	 168 	 Ey 	 2 	 1.331610e-10 	 -1.755472e-11
5 	 169 	 Ey 	 2 	 9.583705e-11 	 -9.333605e-12
5 	 170 	 Ey 	 2 	 7.046475e-11 	 -4.346357e-12
5 	 171 	 Ey 	 2 	 5.220826e-11 	 -2.350879e-12
5 	 172 	 Ey 	 2 	 3.870138e-11 	 -2.273652e-12
5 	 173 	 Ey 	 2 	 2.879564e-11 	 -2.878414e-12
5 	 174 	 Ey 	 2 	 2.176804e-11 	 -3.203698e-12
5 	 175 	 Ey 	 2 	 1.683213e-11 	 -3.073067e-12
5 	 176 	 Ey 	 2 	 1.329043e-11 	 -2.704255e-12
5 	 177 	 Ey 	 2 	 -1.457125e-10 	 -1.782397e-11
5 	 178 	 Ey 	 2 	 -1.225443e-11 	 -2.135885e-11
5 	 179 	 Ey 	 2 	 1.396107e-10 	 -2.525318e-11
5 	 180 	 Ey 	 2 	 2.119426e-10 	 -2.826926e-11
5 	 181 	 Ey 	 2 	 2.170994e-10 	 -2.832292e-11
5 	 182 	 Ey 	 2 	 1.855962e-10 	 -2.448434e-11
5 	 183 	 Ey 	 2 	 1.461924e-10 	 -1.795673e-11
5 	 184 	 Ey 	 2 	 1.122250e-10 	 -1.075250e-11
5 	 185 	 Ey 	 2 	 8.631641e-11 	 -4.882257e-12
5 	 186 	 Ey 	 2 	 6.663278e-11 	 -1.541335e-12
5 	 187 	 Ey 	 2 	 5.125312e-11 	 -5.965192e-13
5 	 188 	 Ey 	 2 	 3.920412e-11 	 -1.216050e-12
5 	 189 	 Ey 	 2 	 2.998879e-11 	 -2.302800e-12
5 	 190 	 Ey 	 2 	 2.320732e-11 	 -2.899252e-12
5 	 191 	 Ey 	 2 	 1.828073e-11 	 -2.899894e-12
5 	 192 	 Ey 	 2 	 1.464122e-11 	 -2.600627e-12
5 	 193 	 Ey 	 2 	 -7.932000e-11 	 -1.299018e-11
5 	 194 	 Ey 	 2 	 -8.052556e-12 	 -1.414721e-11
5 	 195 	 Ey 	 2 	 7.834289e-11 	 -1.487602e-11
5 	 196 	 Ey 	 2 	 1.286277e-10 	 -1.469198e-11
5 	 197 	 Ey 	 2 	 1.446747e-10 	 -1.323034e-11
5 	 198 	 Ey 	 2 	 1.355750e-10 	 -1.037243e-11
5 	 199 	 Ey 	 2 	 1.157505e-10 	 -6.522567e-12
5 	 200 	 Ey 	 2 	 9.449613e-11 	 -2.796686e-12
5 	 201 	 Ey 	 2 	 7.557582e-11 	 -4.524959e-13
5 	 202 	 Ey 	 2 	 5.989165e-11 	 3.124738e-13
5 	 203 	 Ey 	 2 	 4.723346e-11 	 -2.623877e-14
5 	 204 	 Ey 	 2 	 3.716958e-11 	 -1.033825e-12
5 	 205 	 Ey 	 2 	 2.933171e-11 	 -2.111332e-12
5 	 206 	 Ey 	 2 	 2.335192e-11 	 -2.666159e-12
5 	 207 	 Ey 	 2 	 1.880786e-11 	 -2.685912e-12
5 	 208 	 Ey 	 2 	 1.531987e-11 	 -2.432658e-12
5 	 209 	 Ey 	 2 	 -4.587723e-11 	 -8.798079e-12
5 	 210 	 Ey 	 2 	 -3.827394e-12 	 -8.389824e-12
5 	 211 	 Ey 	 2 	 4.968213e-11 	 -7.265576e-12
5 	 212 	 Ey 	 2 	 8.459947e-11 	 -5.370458e-12
5 	 213 	 Ey 	 2 	 1.011781e-10 	 -3.075684e-12
5 	 214 	 Ey 	 2 	 1.012616e-10 	 -8.095102e-13
5 	 215 	 Ey 	 2 	 9.162836e-11 	 1.118034e-12
5 	 216 	 Ey 	 2 	 7.817384e-11 	 2.160023e-12
5 	 217 	 Ey 	 2 	 6.436118e-11 	 1.902234e-12
5 	 218 	 Ey 	 2 	 5.207760e-11 	 8.432688e-13
5 	 219 	 Ey 	 2 	 4.197927e-11 	 -3.258808e-13
5 	 220 	 Ey 	 2 	 3.393612e-11 	 -1.361542e-12
5 	 221 	 Ey 	 2 	 2.760133e-11 	 -2.115741e-12
5 	 222 	 Ey 	 2 	 2.259794e-11 	 -2.454493e-12
5 	 223 	 Ey 	 2 	 1.861541e-11 	 -2.435493e-12
5 	 224 	 Ey 	 2 	 1.543184e-11 	 -2.217423e-12
5 	 225 	 Ey 	 2 	 -2.794647e-11 	 -5.715664e-12
5 	 226 	 Ey 	 2 	 -1.594484e-12 	 -4.636164e-12
5 	 227 	 Ey 	 2 	 3.304146e-11 	 -2.967905e-12
5 	 228 	 Ey 	 2 	 5.690801e-11 	 -8.560789e-13
5 	 229 	 Ey 	 2 	 7.065844e-11 	 1.250010e-12
5 	 230 	 Ey 	 2 	 7.420098e-11 	 2.875997e-12
5 	 231 	 Ey 	 2 	 7.038728e-11 	 3.719561e-12
5 	 232 	 Ey 	 2 	 6.258919e-11 	 3.569962e-12
5 	 233 	 Ey 	 2 	 5.340652e-11 	 2.478658e-12
5 	 234 	 Ey 	 2 	 4.456233e-11 	 9.714055e-13
5 	 235 	 Ey 	 2 	 3.691288e-11 	 -3.820040e-13
5 	 236 	 Ey 	 2 	 3.061729e-11 	 -1.356440e-12
5 	 237 	 Ey 	 2 	 2.551233e-11 	 -1.936678e-12
5 	 238 	 Ey 	 2 	 2.135243e-11 	 -2.169201e-12
5 	 239 	 Ey 	 2 	 1.793105e-11 	 -2.146457e-12
5 	 240 	 Ey 	 2 	 1.510919e-11 	 -1.973481e-12
5 	 241 	 Ey 	 2 	 -1.794029e-11 	 -3.686894e-12
5 	 242 	 Ey 	 2 	 -8.007005e-13 	 -2.508259e-12
5 	 243 	 Ey 	 2 	 2.234193e-11 	 -9.676838e-13
5 	 244 	 Ey 	 2 	 3.871074e-11 	 7.555265e-13
5 	 245 	 Ey 	 2 	 4.931945e-11 	 2.322617e-12
5 	 246 	 Ey 	 2 	 5.371735e-11 	 3.382585e-12
5 	 247 	 Ey 	 2 	 5.303807e-11 	 3.717836e-12
5 	 248 	 Ey 	 2 	 4.907155e-11 	 3.272401e-12
5 	 249 	 Ey 	 2 	 4.350001e-11 	 2.206186e-12
5 	 250 	 Ey 	 2 	 3.758959e-11 	 8.975131e-13
5 	 251 	 Ey 	 2 	 3.209109e-11 	 -2.784375e-13
5 	 252 	 Ey 	 2 	 2.730266e-11 	 -1.127813e-12
5 	 253 	 Ey 	 2 	 2.324269e-11 	 -1.630126e-12
5 	 254 	 Ey 	 2 	 1.981706e-11 	 -1.842665e-12
5 	 255 	 Ey 	 2 	 1.692042e-11 	 -1.849073e-12
5 	 256 	 Ey 	 2 	 1.447127e-11 	 -1.727934e-12
