iTx 	 iRx    chrec  ifreq 	 emf_real 	 emf_imag
7 	 1 	 Ex 	 1 	 3.029511e-11 	 2.051299e-11
7 	 2 	 Ex 	 1 	 3.500914e-11 	 2.422035e-11
7 	 3 	 Ex 	 1 	 3.833150e-11 	 2.878276e-11
7 	 4 	 Ex 	 1 	 3.772460e-11 	 3.430286e-11
7 	 5 	 Ex 	 1 	 2.849907e-11 	 4.125844e-11
7 	 6 	 Ex 	 1 	 1.788040e-12 	 5.007072e-11
7 	 7 	 Ex 	 1 	 -5.705962e-11 	 6.084772e-11
7 	 8 	 Ex 	 1 	 -1.625039e-10 	 7.255389e-11
7 	 9 	 Ex 	 1 	 -3.067125e-10 	 8.294846e-11
7 	 10 	 Ex 	 1 	 -4.339618e-10 	 8.979183e-11
7 	 11 	 Ex 	 1 	 -4.326695e-10 	 9.161472e-11
7 	 12 	 Ex 	 1 	 -3.630767e-10 	 8.862903e-11
7 	 13 	 Ex 	 1 	 -2.090685e-10 	 8.174493e-11
7 	 14 	 Ex 	 1 	 -7.464693e-11 	 7.281403e-11
7 	 15 	 Ex 	 1 	 9.408543e-12 	 6.324810e-11
7 	 16 	 Ex 	 1 	 4.936719e-11 	 5.401033e-11
7 	 17 	 Ex 	 1 	 4.673538e-11 	 2.270254e-11
7 	 18 	 Ex 	 1 	 5.819416e-11 	 2.697876e-11
7 	 19 	 Ex 	 1 	 7.077445e-11 	 3.190400e-11
7 	 20 	 Ex 	 1 	 8.310876e-11 	 3.792245e-11
7 	 21 	 Ex 	 1 	 9.169709e-11 	 4.613641e-11
7 	 22 	 Ex 	 1 	 8.515284e-11 	 5.799182e-11
7 	 23 	 Ex 	 1 	 3.242861e-11 	 7.408170e-11
7 	 24 	 Ex 	 1 	 -1.227205e-10 	 9.292598e-11
7 	 25 	 Ex 	 1 	 -4.175531e-10 	 1.104076e-10
7 	 26 	 Ex 	 1 	 -7.422982e-10 	 1.216654e-10
7 	 27 	 Ex 	 1 	 -7.788404e-10 	 1.240106e-10
7 	 28 	 Ex 	 1 	 -5.666280e-10 	 1.179880e-10
7 	 29 	 Ex 	 1 	 -2.197218e-10 	 1.059400e-10
7 	 30 	 Ex 	 1 	 1.421733e-11 	 9.123861e-11
7 	 31 	 Ex 	 1 	 1.157303e-10 	 7.671871e-11
7 	 32 	 Ex 	 1 	 1.386319e-10 	 6.368676e-11
7 	 33 	 Ex 	 1 	 6.412368e-11 	 2.471960e-11
7 	 34 	 Ex 	 1 	 8.395425e-11 	 2.957012e-11
7 	 35 	 Ex 	 1 	 1.092571e-10 	 3.480085e-11
7 	 36 	 Ex 	 1 	 1.420379e-10 	 4.093207e-11
7 	 37 	 Ex 	 1 	 1.865169e-10 	 5.004154e-11
7 	 38 	 Ex 	 1 	 2.411398e-10 	 6.526281e-11
7 	 39 	 Ex 	 1 	 2.660596e-10 	 8.896303e-11
7 	 40 	 Ex 	 1 	 1.165681e-10 	 1.201122e-10
7 	 41 	 Ex 	 1 	 -4.759420e-10 	 1.510122e-10
7 	 42 	 Ex 	 1 	 -1.450044e-09 	 1.711834e-10
7 	 43 	 Ex 	 1 	 -1.667406e-09 	 1.746243e-10
7 	 44 	 Ex 	 1 	 -9.044743e-10 	 1.618021e-10
7 	 45 	 Ex 	 1 	 -5.952599e-11 	 1.389822e-10
7 	 46 	 Ex 	 1 	 2.872534e-10 	 1.140450e-10
7 	 47 	 Ex 	 1 	 3.354575e-10 	 9.203024e-11
7 	 48 	 Ex 	 1 	 2.855828e-10 	 7.397528e-11
7 	 49 	 Ex 	 1 	 8.017575e-11 	 2.649938e-11
7 	 50 	 Ex 	 1 	 1.085749e-10 	 3.187865e-11
7 	 51 	 Ex 	 1 	 1.478186e-10 	 3.723552e-11
7 	 52 	 Ex 	 1 	 2.058973e-10 	 4.286244e-11
7 	 53 	 Ex 	 1 	 3.055785e-10 	 5.202418e-11
7 	 54 	 Ex 	 1 	 4.861737e-10 	 7.081236e-11
7 	 55 	 Ex 	 1 	 7.677751e-10 	 1.046535e-10
7 	 56 	 Ex 	 1 	 9.817497e-10 	 1.551260e-10
7 	 57 	 Ex 	 1 	 1.723982e-10 	 2.120465e-10
7 	 58 	 Ex 	 1 	 -3.293966e-09 	 2.561217e-10
7 	 59 	 Ex 	 1 	 -4.684400e-09 	 2.644593e-10
7 	 60 	 Ex 	 1 	 -1.060541e-09 	 2.315112e-10
7 	 61 	 Ex 	 1 	 8.647232e-10 	 1.839731e-10
7 	 62 	 Ex 	 1 	 9.770522e-10 	 1.408853e-10
7 	 63 	 Ex 	 1 	 7.210673e-10 	 1.079146e-10
7 	 64 	 Ex 	 1 	 4.917644e-10 	 8.381715e-11
7 	 65 	 Ex 	 1 	 9.222287e-11 	 2.791244e-11
7 	 66 	 Ex 	 1 	 1.270366e-10 	 3.353933e-11
7 	 67 	 Ex 	 1 	 1.773639e-10 	 3.878537e-11
7 	 68 	 Ex 	 1 	 2.583934e-10 	 4.354165e-11
7 	 69 	 Ex 	 1 	 4.195514e-10 	 5.238577e-11
7 	 70 	 Ex 	 1 	 7.747049e-10 	 7.448975e-11
7 	 71 	 Ex 	 1 	 1.552100e-09 	 1.188653e-10
7 	 72 	 Ex 	 1 	 3.169379e-09 	 1.935672e-10
7 	 73 	 Ex 	 1 	 5.485655e-09 	 2.969381e-10
7 	 74 	 Ex 	 1 	 -5.542986e-09 	 4.328912e-10
7 	 75 	 Ex 	 1 	 -2.215725e-08 	 4.833745e-10
7 	 76 	 Ex 	 1 	 4.707124e-09 	 3.471143e-10
7 	 77 	 Ex 	 1 	 4.228957e-09 	 2.377104e-10
7 	 78 	 Ex 	 1 	 2.246367e-09 	 1.672601e-10
7 	 79 	 Ex 	 1 	 1.223728e-09 	 1.217788e-10
7 	 80 	 Ex 	 1 	 7.119234e-10 	 9.179178e-11
7 	 81 	 Ex 	 1 	 9.860285e-11 	 2.877509e-11
7 	 82 	 Ex 	 1 	 1.361953e-10 	 3.446594e-11
7 	 83 	 Ex 	 1 	 1.913958e-10 	 3.942237e-11
7 	 84 	 Ex 	 1 	 2.846041e-10 	 4.337285e-11
7 	 85 	 Ex 	 1 	 4.845591e-10 	 5.178102e-11
7 	 86 	 Ex 	 1 	 9.648001e-10 	 7.570393e-11
7 	 87 	 Ex 	 1 	 2.179502e-09 	 1.266148e-10
7 	 88 	 Ex 	 1 	 5.706634e-09 	 2.185751e-10
7 	 89 	 Ex 	 1 	 2.099803e-08 	 3.706666e-10
7 	 90 	 Ex 	 1 	 2.254321e-07 	 7.750811e-10
7 	 91 	 Ex 	 1 	 -8.180986e-08 	 1.717645e-09
7 	 92 	 Ex 	 1 	 4.722885e-08 	 4.798771e-10
7 	 93 	 Ex 	 1 	 9.443155e-09 	 2.765729e-10
7 	 94 	 Ex 	 1 	 3.374785e-09 	 1.832229e-10
7 	 95 	 Ex 	 1 	 1.570480e-09 	 1.293811e-10
7 	 96 	 Ex 	 1 	 8.450703e-10 	 9.588870e-11
7 	 97 	 Ex 	 1 	 9.718269e-11 	 2.913855e-11
7 	 98 	 Ex 	 1 	 1.327910e-10 	 3.464988e-11
7 	 99 	 Ex 	 1 	 1.842120e-10 	 3.920629e-11
7 	 100 	 Ex 	 1 	 2.707944e-10 	 4.254691e-11
7 	 101 	 Ex 	 1 	 4.570655e-10 	 5.031505e-11
7 	 102 	 Ex 	 1 	 8.986442e-10 	 7.356026e-11
7 	 103 	 Ex 	 1 	 1.970927e-09 	 1.234345e-10
7 	 104 	 Ex 	 1 	 4.782949e-09 	 2.120889e-10
7 	 105 	 Ex 	 1 	 1.378803e-08 	 3.482409e-10
7 	 106 	 Ex 	 1 	 2.818392e-08 	 6.251321e-10
7 	 107 	 Ex 	 1 	 -8.307895e-08 	 8.433252e-10
7 	 108 	 Ex 	 1 	 2.326354e-08 	 4.323924e-10
7 	 109 	 Ex 	 1 	 7.414827e-09 	 2.667309e-10
7 	 110 	 Ex 	 1 	 3.012997e-09 	 1.798800e-10
7 	 111 	 Ex 	 1 	 1.475913e-09 	 1.278606e-10
7 	 112 	 Ex 	 1 	 8.143199e-10 	 9.501428e-11
7 	 113 	 Ex 	 1 	 9.021388e-11 	 2.898972e-11
7 	 114 	 Ex 	 1 	 1.205578e-10 	 3.424880e-11
7 	 115 	 Ex 	 1 	 1.620199e-10 	 3.844052e-11
7 	 116 	 Ex 	 1 	 2.274428e-10 	 4.136097e-11
7 	 117 	 Ex 	 1 	 3.591613e-10 	 4.801591e-11
7 	 118 	 Ex 	 1 	 6.412335e-10 	 6.821706e-11
7 	 119 	 Ex 	 1 	 1.194637e-09 	 1.105142e-10
7 	 120 	 Ex 	 1 	 2.044867e-09 	 1.801798e-10
7 	 121 	 Ex 	 1 	 1.984883e-09 	 2.646377e-10
7 	 122 	 Ex 	 1 	 -5.278456e-09 	 3.421585e-10
7 	 123 	 Ex 	 1 	 -1.025995e-08 	 3.615914e-10
7 	 124 	 Ex 	 1 	 1.645938e-10 	 2.960094e-10
7 	 125 	 Ex 	 1 	 2.323037e-09 	 2.203358e-10
7 	 126 	 Ex 	 1 	 1.666173e-09 	 1.598605e-10
7 	 127 	 Ex 	 1 	 1.030563e-09 	 1.178315e-10
7 	 128 	 Ex 	 1 	 6.394479e-10 	 8.941512e-11
7 	 129 	 Ex 	 1 	 7.901772e-11 	 2.841105e-11
7 	 130 	 Ex 	 1 	 1.023066e-10 	 3.335703e-11
7 	 131 	 Ex 	 1 	 1.309977e-10 	 3.723100e-11
7 	 132 	 Ex 	 1 	 1.701718e-10 	 3.979534e-11
7 	 133 	 Ex 	 1 	 2.389040e-10 	 4.516053e-11
7 	 134 	 Ex 	 1 	 3.617668e-10 	 6.113295e-11
7 	 135 	 Ex 	 1 	 5.201062e-10 	 9.336548e-11
7 	 136 	 Ex 	 1 	 5.122832e-10 	 1.428125e-10
7 	 137 	 Ex 	 1 	 -3.130912e-10 	 1.929693e-10
7 	 138 	 Ex 	 1 	 -2.343231e-09 	 2.216214e-10
7 	 139 	 Ex 	 1 	 -2.968816e-09 	 2.252824e-10
7 	 140 	 Ex 	 1 	 -1.145469e-09 	 2.064457e-10
7 	 141 	 Ex 	 1 	 3.149291e-10 	 1.715756e-10
7 	 142 	 Ex 	 1 	 6.519849e-10 	 1.335941e-10
7 	 143 	 Ex 	 1 	 5.689595e-10 	 1.030859e-10
7 	 144 	 Ex 	 1 	 4.219621e-10 	 8.065745e-11
7 	 145 	 Ex 	 1 	 6.563024e-11 	 2.737406e-11
7 	 146 	 Ex 	 1 	 8.184279e-11 	 3.197826e-11
7 	 147 	 Ex 	 1 	 9.880450e-11 	 3.564225e-11
7 	 148 	 Ex 	 1 	 1.159231e-10 	 3.795509e-11
7 	 149 	 Ex 	 1 	 1.378470e-10 	 4.193555e-11
7 	 150 	 Ex 	 1 	 1.637585e-10 	 5.361013e-11
7 	 151 	 Ex 	 1 	 1.532444e-10 	 7.668879e-11
7 	 152 	 Ex 	 1 	 -1.216488e-11 	 1.104754e-10
7 	 153 	 Ex 	 1 	 -4.931641e-10 	 1.422631e-10
7 	 154 	 Ex 	 1 	 -1.148463e-09 	 1.575550e-10
7 	 155 	 Ex 	 1 	 -1.272307e-09 	 1.591873e-10
7 	 156 	 Ex 	 1 	 -7.879656e-10 	 1.512896e-10
7 	 157 	 Ex 	 1 	 -1.543250e-10 	 1.324897e-10
7 	 158 	 Ex 	 1 	 1.732154e-10 	 1.084116e-10
7 	 159 	 Ex 	 1 	 2.576194e-10 	 8.729448e-11
7 	 160 	 Ex 	 1 	 2.398039e-10 	 7.047805e-11
7 	 161 	 Ex 	 1 	 5.174522e-11 	 2.585706e-11
7 	 162 	 Ex 	 1 	 6.204418e-11 	 3.008165e-11
7 	 163 	 Ex 	 1 	 7.043014e-11 	 3.366994e-11
7 	 164 	 Ex 	 1 	 7.337931e-11 	 3.587242e-11
7 	 165 	 Ex 	 1 	 6.914512e-11 	 3.861043e-11
7 	 166 	 Ex 	 1 	 5.201206e-11 	 4.663456e-11
7 	 167 	 Ex 	 1 	 -5.334534e-12 	 6.232651e-11
7 	 168 	 Ex 	 1 	 -1.518631e-10 	 8.498045e-11
7 	 169 	 Ex 	 1 	 -4.051932e-10 	 1.062001e-10
7 	 170 	 Ex 	 1 	 -6.563831e-10 	 1.164949e-10
7 	 171 	 Ex 	 1 	 -6.767770e-10 	 1.181092e-10
7 	 172 	 Ex 	 1 	 -5.085149e-10 	 1.140349e-10
7 	 173 	 Ex 	 1 	 -2.210359e-10 	 1.026051e-10
7 	 174 	 Ex 	 1 	 -1.279676e-11 	 8.696237e-11
7 	 175 	 Ex 	 1 	 8.628082e-11 	 7.253605e-11
7 	 176 	 Ex 	 1 	 1.153446e-10 	 6.033422e-11
7 	 177 	 Ex 	 1 	 3.837470e-11 	 2.380745e-11
7 	 178 	 Ex 	 1 	 4.420690e-11 	 2.767852e-11
7 	 179 	 Ex 	 1 	 4.716087e-11 	 3.121573e-11
7 	 180 	 Ex 	 1 	 4.281005e-11 	 3.341845e-11
7 	 181 	 Ex 	 1 	 2.722843e-11 	 3.536280e-11
7 	 182 	 Ex 	 1 	 -3.949338e-12 	 4.052198e-11
7 	 183 	 Ex 	 1 	 -6.445344e-11 	 5.072878e-11
7 	 184 	 Ex 	 1 	 -1.714815e-10 	 6.562756e-11
7 	 185 	 Ex 	 1 	 -3.106842e-10 	 7.993896e-11
7 	 186 	 Ex 	 1 	 -4.193527e-10 	 8.750534e-11
7 	 187 	 Ex 	 1 	 -4.122433e-10 	 8.928835e-11
7 	 188 	 Ex 	 1 	 -3.435802e-10 	 8.696054e-11
7 	 189 	 Ex 	 1 	 -2.016302e-10 	 7.967726e-11
7 	 190 	 Ex 	 1 	 -7.724901e-11 	 6.947541e-11
7 	 191 	 Ex 	 1 	 8.705041e-13 	 5.966787e-11
7 	 192 	 Ex 	 1 	 3.939792e-11 	 5.095866e-11
7 	 193 	 Ex 	 1 	 2.606861e-11 	 2.136111e-11
7 	 194 	 Ex 	 1 	 2.850036e-11 	 2.486792e-11
7 	 195 	 Ex 	 1 	 2.779622e-11 	 2.809779e-11
7 	 196 	 Ex 	 1 	 2.006833e-11 	 3.030656e-11
7 	 197 	 Ex 	 1 	 1.379258e-12 	 3.195527e-11
7 	 198 	 Ex 	 1 	 -3.090776e-11 	 3.534410e-11
7 	 199 	 Ex 	 1 	 -8.220231e-11 	 4.187677e-11
7 	 200 	 Ex 	 1 	 -1.559347e-10 	 5.128625e-11
7 	 201 	 Ex 	 1 	 -2.351389e-10 	 6.064931e-11
7 	 202 	 Ex 	 1 	 -2.866984e-10 	 6.627789e-11
7 	 203 	 Ex 	 1 	 -2.737362e-10 	 6.800582e-11
7 	 204 	 Ex 	 1 	 -2.440424e-10 	 6.663476e-11
7 	 205 	 Ex 	 1 	 -1.693970e-10 	 6.199328e-11
7 	 206 	 Ex 	 1 	 -9.478595e-11 	 5.546065e-11
7 	 207 	 Ex 	 1 	 -3.879054e-11 	 4.880763e-11
7 	 208 	 Ex 	 1 	 -3.730390e-12 	 4.257513e-11
7 	 209 	 Ex 	 1 	 1.528160e-11 	 1.881199e-11
7 	 210 	 Ex 	 1 	 1.502502e-11 	 2.180565e-11
7 	 211 	 Ex 	 1 	 1.159277e-11 	 2.453924e-11
7 	 212 	 Ex 	 1 	 2.227677e-12 	 2.651732e-11
7 	 213 	 Ex 	 1 	 -1.570101e-11 	 2.817476e-11
7 	 214 	 Ex 	 1 	 -4.370066e-11 	 3.071586e-11
7 	 215 	 Ex 	 1 	 -8.292098e-11 	 3.503429e-11
7 	 216 	 Ex 	 1 	 -1.313412e-10 	 4.090139e-11
7 	 217 	 Ex 	 1 	 -1.771305e-10 	 4.672820e-11
7 	 218 	 Ex 	 1 	 -2.044193e-10 	 5.072712e-11
7 	 219 	 Ex 	 1 	 -1.927378e-10 	 5.223366e-11
7 	 220 	 Ex 	 1 	 -1.802519e-10 	 5.143737e-11
7 	 221 	 Ex 	 1 	 -1.389098e-10 	 4.857394e-11
7 	 222 	 Ex 	 1 	 -9.350961e-11 	 4.438568e-11
7 	 223 	 Ex 	 1 	 -5.473627e-11 	 3.980398e-11
7 	 224 	 Ex 	 1 	 -2.647581e-11 	 3.530993e-11
7 	 225 	 Ex 	 1 	 6.417608e-12 	 1.645096e-11
7 	 226 	 Ex 	 1 	 4.173332e-12 	 1.880127e-11
7 	 227 	 Ex 	 1 	 -1.004029e-12 	 2.087979e-11
7 	 228 	 Ex 	 1 	 -1.067889e-11 	 2.261096e-11
7 	 229 	 Ex 	 1 	 -2.628317e-11 	 2.428652e-11
7 	 230 	 Ex 	 1 	 -4.840505e-11 	 2.645252e-11
7 	 231 	 Ex 	 1 	 -7.653447e-11 	 2.946255e-11
7 	 232 	 Ex 	 1 	 -1.076731e-10 	 3.313879e-11
7 	 233 	 Ex 	 1 	 -1.349203e-10 	 3.675588e-11
7 	 234 	 Ex 	 1 	 -1.509101e-10 	 3.938039e-11
7 	 235 	 Ex 	 1 	 -1.417600e-10 	 4.052000e-11
7 	 236 	 Ex 	 1 	 -1.373472e-10 	 4.015316e-11
7 	 237 	 Ex 	 1 	 -1.132325e-10 	 3.839871e-11
7 	 238 	 Ex 	 1 	 -8.502857e-11 	 3.570529e-11
7 	 239 	 Ex 	 1 	 -5.856684e-11 	 3.252528e-11
7 	 240 	 Ex 	 1 	 -3.705568e-11 	 2.919789e-11
7 	 241 	 Ex 	 1 	 -5.595020e-13 	 1.417623e-11
7 	 242 	 Ex 	 1 	 -3.970966e-12 	 1.595817e-11
7 	 243 	 Ex 	 1 	 -9.795094e-12 	 1.756174e-11
7 	 244 	 Ex 	 1 	 -1.877722e-11 	 1.911995e-11
7 	 245 	 Ex 	 1 	 -3.158970e-11 	 2.073071e-11
7 	 246 	 Ex 	 1 	 -4.833896e-11 	 2.252149e-11
7 	 247 	 Ex 	 1 	 -6.807415e-11 	 2.462693e-11
7 	 248 	 Ex 	 1 	 -8.833332e-11 	 2.697060e-11
7 	 249 	 Ex 	 1 	 -1.052580e-10 	 2.919453e-11
7 	 250 	 Ex 	 1 	 -1.152738e-10 	 3.086987e-11
7 	 251 	 Ex 	 1 	 -1.081142e-10 	 3.165686e-11
7 	 252 	 Ex 	 1 	 -1.076221e-10 	 3.150386e-11
7 	 253 	 Ex 	 1 	 -9.291961e-11 	 3.045177e-11
7 	 254 	 Ex 	 1 	 -7.486462e-11 	 2.872718e-11
7 	 255 	 Ex 	 1 	 -5.669934e-11 	 2.657396e-11
7 	 256 	 Ex 	 1 	 -4.068266e-11 	 2.417437e-11
7 	 1 	 Ex 	 2 	 5.117144e-12 	 9.975723e-12
7 	 2 	 Ex 	 2 	 2.905201e-12 	 1.591594e-11
7 	 3 	 Ex 	 2 	 -2.045427e-12 	 2.421528e-11
7 	 4 	 Ex 	 2 	 -1.251602e-11 	 3.591328e-11
7 	 5 	 Ex 	 2 	 -3.377261e-11 	 5.249351e-11
7 	 6 	 Ex 	 2 	 -7.524032e-11 	 7.531682e-11
7 	 7 	 Ex 	 2 	 -1.513150e-10 	 1.042764e-10
7 	 8 	 Ex 	 2 	 -2.747010e-10 	 1.363463e-10
7 	 9 	 Ex 	 2 	 -4.343660e-10 	 1.653881e-10
7 	 10 	 Ex 	 2 	 -5.715005e-10 	 1.845692e-10
7 	 11 	 Ex 	 2 	 -5.730139e-10 	 1.894756e-10
7 	 12 	 Ex 	 2 	 -4.993712e-10 	 1.804341e-10
7 	 13 	 Ex 	 2 	 -3.358182e-10 	 1.603193e-10
7 	 14 	 Ex 	 2 	 -1.883175e-10 	 1.344526e-10
7 	 15 	 Ex 	 2 	 -8.961033e-11 	 1.076353e-10
7 	 16 	 Ex 	 2 	 -3.484424e-11 	 8.302194e-11
7 	 17 	 Ex 	 2 	 1.754219e-11 	 1.340253e-11
7 	 18 	 Ex 	 2 	 2.113114e-11 	 2.077637e-11
7 	 19 	 Ex 	 2 	 2.470930e-11 	 3.103888e-11
7 	 20 	 Ex 	 2 	 2.641441e-11 	 4.579126e-11
7 	 21 	 Ex 	 2 	 2.140841e-11 	 6.801987e-11
7 	 22 	 Ex 	 2 	 -3.373201e-12 	 1.014540e-10
7 	 23 	 Ex 	 2 	 -7.938417e-11 	 1.478538e-10
7 	 24 	 Ex 	 2 	 -2.604510e-10 	 2.031667e-10
7 	 25 	 Ex 	 2 	 -5.780376e-10 	 2.553991e-10
7 	 26 	 Ex 	 2 	 -9.166199e-10 	 2.897553e-10
7 	 27 	 Ex 	 2 	 -9.561725e-10 	 2.969510e-10
7 	 28 	 Ex 	 2 	 -7.371776e-10 	 2.778509e-10
7 	 29 	 Ex 	 2 	 -3.760220e-10 	 2.397311e-10
7 	 30 	 Ex 	 2 	 -1.234893e-10 	 1.940801e-10
7 	 31 	 Ex 	 2 	 -2.204859e-12 	 1.500996e-10
7 	 32 	 Ex 	 2 	 3.971170e-11 	 1.124008e-10
7 	 33 	 Ex 	 2 	 3.110110e-11 	 1.671398e-11
7 	 34 	 Ex 	 2 	 4.218695e-11 	 2.537428e-11
7 	 35 	 Ex 	 2 	 5.802300e-11 	 3.722246e-11
7 	 36 	 Ex 	 2 	 8.022453e-11 	 5.435854e-11
7 	 37 	 Ex 	 2 	 1.105624e-10 	 8.219758e-11
7 	 38 	 Ex 	 2 	 1.437125e-10 	 1.292464e-10
7 	 39 	 Ex 	 2 	 1.377902e-10 	 2.023802e-10
7 	 40 	 Ex 	 2 	 -4.921736e-11 	 2.990321e-10
7 	 41 	 Ex 	 2 	 -6.754929e-10 	 3.971728e-10
7 	 42 	 Ex 	 2 	 -1.668529e-09 	 4.638605e-10
7 	 43 	 Ex 	 2 	 -1.888572e-09 	 4.757074e-10
7 	 44 	 Ex 	 2 	 -1.114660e-09 	 4.326950e-10
7 	 45 	 Ex 	 2 	 -2.484134e-10 	 3.561487e-10
7 	 46 	 Ex 	 2 	 1.246054e-10 	 2.737153e-10
7 	 47 	 Ex 	 2 	 1.987594e-10 	 2.022186e-10
7 	 48 	 Ex 	 2 	 1.725641e-10 	 1.460669e-10
7 	 49 	 Ex 	 2 	 4.373848e-11 	 1.951678e-11
7 	 50 	 Ex 	 2 	 6.260976e-11 	 2.907480e-11
7 	 51 	 Ex 	 2 	 9.225017e-11 	 4.172142e-11
7 	 52 	 Ex 	 2 	 1.407542e-10 	 5.979262e-11
7 	 53 	 Ex 	 2 	 2.270562e-10 	 9.208048e-11
7 	 54 	 Ex 	 2 	 3.835226e-10 	 1.546822e-10
7 	 55 	 Ex 	 2 	 6.259203e-10 	 2.646465e-10
7 	 56 	 Ex 	 2 	 7.873911e-10 	 4.299267e-10
7 	 57 	 Ex 	 2 	 -7.104539e-11 	 6.221649e-10
7 	 58 	 Ex 	 2 	 -3.562779e-09 	 7.786165e-10
7 	 59 	 Ex 	 2 	 -4.955110e-09 	 8.099696e-10
7 	 60 	 Ex 	 2 	 -1.314504e-09 	 6.922548e-10
7 	 61 	 Ex 	 2 	 6.419156e-10 	 5.230213e-10
7 	 62 	 Ex 	 2 	 7.905916e-10 	 3.725531e-10
7 	 63 	 Ex 	 2 	 5.677435e-10 	 2.599909e-10
7 	 64 	 Ex 	 2 	 3.666784e-10 	 1.805837e-10
7 	 65 	 Ex 	 2 	 5.305378e-11 	 2.145490e-11
7 	 66 	 Ex 	 2 	 7.788833e-11 	 3.130399e-11
7 	 67 	 Ex 	 2 	 1.187646e-10 	 4.374994e-11
7 	 68 	 Ex 	 2 	 1.916758e-10 	 6.130210e-11
7 	 69 	 Ex 	 2 	 3.407448e-10 	 9.655610e-11
7 	 70 	 Ex 	 2 	 6.696383e-10 	 1.738686e-10
7 	 71 	 Ex 	 2 	 1.400415e-09 	 3.238234e-10
7 	 72 	 Ex 	 2 	 2.950342e-09 	 5.797025e-10
7 	 73 	 Ex 	 2 	 5.200497e-09 	 9.529324e-10
7 	 74 	 Ex 	 2 	 -5.864048e-09 	 1.464636e-09
7 	 75 	 Ex 	 2 	 -2.248071e-08 	 1.645361e-09
7 	 76 	 Ex 	 2 	 4.409415e-09 	 1.146546e-09
7 	 77 	 Ex 	 2 	 3.975698e-09 	 7.316814e-10
7 	 78 	 Ex 	 2 	 2.040758e-09 	 4.737845e-10
7 	 79 	 Ex 	 2 	 1.057945e-09 	 3.124717e-10
7 	 80 	 Ex 	 2 	 5.781291e-10 	 2.097241e-10
7 	 81 	 Ex 	 2 	 5.772759e-11 	 2.240961e-11
7 	 82 	 Ex 	 2 	 8.521012e-11 	 3.199445e-11
7 	 83 	 Ex 	 2 	 1.313640e-10 	 4.358780e-11
7 	 84 	 Ex 	 2 	 2.176999e-10 	 6.007139e-11
7 	 85 	 Ex 	 2 	 4.065807e-10 	 9.668041e-11
7 	 86 	 Ex 	 2 	 8.595569e-10 	 1.827189e-10
7 	 87 	 Ex 	 2 	 2.023320e-09 	 3.582880e-10
7 	 88 	 Ex 	 2 	 5.473930e-09 	 6.806832e-10
7 	 89 	 Ex 	 2 	 2.068645e-08 	 1.259720e-09
7 	 90 	 Ex 	 2 	 2.250558e-07 	 3.120967e-09
7 	 91 	 Ex 	 2 	 -8.218404e-08 	 6.494220e-09
7 	 92 	 Ex 	 2 	 4.689885e-08 	 1.723597e-09
7 	 93 	 Ex 	 2 	 9.171634e-09 	 8.878608e-10
7 	 94 	 Ex 	 2 	 3.158859e-09 	 5.367763e-10
7 	 95 	 Ex 	 2 	 1.398612e-09 	 3.426674e-10
7 	 96 	 Ex 	 2 	 7.072170e-10 	 2.258987e-10
7 	 97 	 Ex 	 2 	 5.566400e-11 	 2.255859e-11
7 	 98 	 Ex 	 2 	 8.136458e-11 	 3.163436e-11
7 	 99 	 Ex 	 2 	 1.243028e-10 	 4.231354e-11
7 	 100 	 Ex 	 2 	 2.049079e-10 	 5.767163e-11
7 	 101 	 Ex 	 2 	 3.810715e-10 	 9.320148e-11
7 	 102 	 Ex 	 2 	 7.960405e-10 	 1.776481e-10
7 	 103 	 Ex 	 2 	 1.817589e-09 	 3.488581e-10
7 	 104 	 Ex 	 2 	 4.553018e-09 	 6.556411e-10
7 	 105 	 Ex 	 2 	 1.348045e-08 	 1.161126e-09
7 	 106 	 Ex 	 2 	 2.782880e-08 	 2.265896e-09
7 	 107 	 Ex 	 2 	 -8.343522e-08 	 2.995265e-09
7 	 108 	 Ex 	 2 	 2.293953e-08 	 1.501314e-09
7 	 109 	 Ex 	 2 	 7.145348e-09 	 8.453767e-10
7 	 110 	 Ex 	 2 	 2.798745e-09 	 5.240763e-10
7 	 111 	 Ex 	 2 	 1.305565e-09 	 3.380924e-10
7 	 112 	 Ex 	 2 	 6.776643e-10 	 2.241261e-10
7 	 113 	 Ex 	 2 	 4.909912e-11 	 2.217756e-11
7 	 114 	 Ex 	 2 	 6.994447e-11 	 3.074961e-11
7 	 115 	 Ex 	 2 	 1.035065e-10 	 4.070006e-11
7 	 116 	 Ex 	 2 	 1.636157e-10 	 5.481369e-11
7 	 117 	 Ex 	 2 	 2.863995e-10 	 8.667107e-11
7 	 118 	 Ex 	 2 	 5.442804e-10 	 1.599527e-10
7 	 119 	 Ex 	 2 	 1.051307e-09 	 3.011160e-10
7 	 120 	 Ex 	 2 	 1.832418e-09 	 5.308005e-10
7 	 121 	 Ex 	 2 	 1.705525e-09 	 8.186457e-10
7 	 122 	 Ex 	 2 	 -5.589914e-09 	 1.098074e-09
7 	 123 	 Ex 	 2 	 -1.057309e-08 	 1.168468e-09
7 	 124 	 Ex 	 2 	 -1.270814e-10 	 9.313273e-10
7 	 125 	 Ex 	 2 	 2.073447e-09 	 6.585971e-10
7 	 126 	 Ex 	 2 	 1.464889e-09 	 4.470653e-10
7 	 127 	 Ex 	 2 	 8.690585e-10 	 3.017943e-10
7 	 128 	 Ex 	 2 	 5.090430e-10 	 2.053602e-10
7 	 129 	 Ex 	 2 	 3.922558e-11 	 2.145115e-11
7 	 130 	 Ex 	 2 	 5.355342e-11 	 2.960228e-11
7 	 131 	 Ex 	 2 	 7.490210e-11 	 3.897586e-11
7 	 132 	 Ex 	 2 	 1.093184e-10 	 5.164528e-11
7 	 133 	 Ex 	 2 	 1.704816e-10 	 7.810762e-11
7 	 134 	 Ex 	 2 	 2.727590e-10 	 1.354248e-10
7 	 135 	 Ex 	 2 	 3.917137e-10 	 2.382285e-10
7 	 136 	 Ex 	 2 	 3.256176e-10 	 3.888913e-10
7 	 137 	 Ex 	 2 	 -5.547167e-10 	 5.414221e-10
7 	 138 	 Ex 	 2 	 -2.609417e-09 	 6.330191e-10
7 	 139 	 Ex 	 2 	 -3.236195e-09 	 6.456991e-10
7 	 140 	 Ex 	 2 	 -1.398282e-09 	 5.833049e-10
7 	 141 	 Ex 	 2 	 9.437015e-11 	 4.708404e-10
7 	 142 	 Ex 	 2 	 4.709856e-10 	 3.485104e-10
7 	 143 	 Ex 	 2 	 4.217221e-10 	 2.487520e-10
7 	 144 	 Ex 	 2 	 3.017952e-10 	 1.755627e-10
7 	 145 	 Ex 	 2 	 2.799360e-11 	 2.041383e-11
7 	 146 	 Ex 	 2 	 3.586961e-11 	 2.819026e-11
7 	 147 	 Ex 	 2 	 4.594143e-11 	 3.705515e-11
7 	 148 	 Ex 	 2 	 5.873102e-11 	 4.814198e-11
7 	 149 	 Ex 	 2 	 7.457722e-11 	 6.865645e-11
7 	 150 	 Ex 	 2 	 8.402411e-11 	 1.098371e-10
7 	 151 	 Ex 	 2 	 4.183290e-11 	 1.785694e-10
7 	 152 	 Ex 	 2 	 -1.702571e-10 	 2.710905e-10
7 	 153 	 Ex 	 2 	 -6.952850e-10 	 3.549717e-10
7 	 154 	 Ex 	 2 	 -1.370496e-09 	 3.959666e-10
7 	 155 	 Ex 	 2 	 -1.495995e-09 	 4.011989e-10
7 	 156 	 Ex 	 2 	 -1.001297e-09 	 3.797391e-10
7 	 157 	 Ex 	 2 	 -3.429936e-10 	 3.274430e-10
7 	 158 	 Ex 	 2 	 1.588773e-11 	 2.578372e-10
7 	 159 	 Ex 	 2 	 1.276391e-10 	 1.935253e-10
7 	 160 	 Ex 	 2 	 1.324207e-10 	 1.417855e-10
7 	 161 	 Ex 	 2 	 1.703999e-11 	 1.896936e-11
7 	 162 	 Ex 	 2 	 1.967932e-11 	 2.631951e-11
7 	 163 	 Ex 	 2 	 2.150062e-11 	 3.466650e-11
7 	 164 	 Ex 	 2 	 2.034072e-11 	 4.418930e-11
7 	 165 	 Ex 	 2 	 1.141272e-11 	 5.911559e-11
7 	 166 	 Ex 	 2 	 -1.820042e-11 	 8.649472e-11
7 	 167 	 Ex 	 2 	 -9.968405e-11 	 1.292111e-10
7 	 168 	 Ex 	 2 	 -2.819986e-10 	 1.831907e-10
7 	 169 	 Ex 	 2 	 -5.696497e-10 	 2.303988e-10
7 	 170 	 Ex 	 2 	 -8.371323e-10 	 2.538725e-10
7 	 171 	 Ex 	 2 	 -8.597545e-10 	 2.590720e-10
7 	 172 	 Ex 	 2 	 -6.842416e-10 	 2.510205e-10
7 	 173 	 Ex 	 2 	 -3.782317e-10 	 2.243626e-10
7 	 174 	 Ex 	 2 	 -1.459647e-10 	 1.843962e-10
7 	 175 	 Ex 	 2 	 -2.546647e-11 	 1.441564e-10
7 	 176 	 Ex 	 2 	 2.186127e-11 	 1.092240e-10
7 	 177 	 Ex 	 2 	 7.340607e-12 	 1.696836e-11
7 	 178 	 Ex 	 2 	 6.251162e-12 	 2.366062e-11
7 	 179 	 Ex 	 2 	 2.957323e-12 	 3.129128e-11
7 	 180 	 Ex 	 2 	 -5.487400e-12 	 3.934812e-11
7 	 181 	 Ex 	 2 	 -2.484542e-11 	 4.963508e-11
7 	 182 	 Ex 	 2 	 -6.504654e-11 	 6.633918e-11
7 	 183 	 Ex 	 2 	 -1.431460e-10 	 9.087160e-11
7 	 184 	 Ex 	 2 	 -2.763673e-10 	 1.204293e-10
7 	 185 	 Ex 	 2 	 -4.411608e-10 	 1.467588e-10
7 	 186 	 Ex 	 2 	 -5.629577e-10 	 1.621803e-10
7 	 187 	 Ex 	 2 	 -5.584478e-10 	 1.677139e-10
7 	 188 	 Ex 	 2 	 -4.847969e-10 	 1.648956e-10
7 	 189 	 Ex 	 2 	 -3.294872e-10 	 1.507495e-10
7 	 190 	 Ex 	 2 	 -1.875093e-10 	 1.279654e-10
7 	 191 	 Ex 	 2 	 -9.307619e-11 	 1.034178e-10
7 	 192 	 Ex 	 2 	 -4.012960e-11 	 8.066479e-11
7 	 193 	 Ex 	 2 	 -7.324013e-13 	 1.435538e-11
7 	 194 	 Ex 	 2 	 -4.353840e-12 	 1.999853e-11
7 	 195 	 Ex 	 2 	 -1.069639e-11 	 2.640690e-11
7 	 196 	 Ex 	 2 	 -2.253711e-11 	 3.287545e-11
7 	 197 	 Ex 	 2 	 -4.477766e-11 	 3.975374e-11
7 	 198 	 Ex 	 2 	 -8.379600e-11 	 4.920671e-11
7 	 199 	 Ex 	 2 	 -1.475428e-10 	 6.215881e-11
7 	 200 	 Ex 	 2 	 -2.393298e-10 	 7.729853e-11
7 	 201 	 Ex 	 2 	 -3.363988e-10 	 9.167023e-11
7 	 202 	 Ex 	 2 	 -3.981805e-10 	 1.020360e-10
7 	 203 	 Ex 	 2 	 -3.879244e-10 	 1.069197e-10
7 	 204 	 Ex 	 2 	 -3.549153e-10 	 1.060635e-10
7 	 205 	 Ex 	 2 	 -2.711476e-10 	 9.851190e-11
7 	 206 	 Ex 	 2 	 -1.842908e-10 	 8.592731e-11
7 	 207 	 Ex 	 2 	 -1.161810e-10 	 7.144420e-11
7 	 208 	 Ex 	 2 	 -6.990881e-11 	 5.713619e-11
7 	 209 	 Ex 	 2 	 -7.102018e-12 	 1.131613e-11
7 	 210 	 Ex 	 2 	 -1.239255e-11 	 1.561801e-11
7 	 211 	 Ex 	 2 	 -2.057104e-11 	 2.037885e-11
7 	 212 	 Ex 	 2 	 -3.380284e-11 	 2.504978e-11
7 	 213 	 Ex 	 2 	 -5.537566e-11 	 2.954836e-11
7 	 214 	 Ex 	 2 	 -8.882448e-11 	 3.475238e-11
7 	 215 	 Ex 	 2 	 -1.368770e-10 	 4.126204e-11
7 	 216 	 Ex 	 2 	 -1.971602e-10 	 4.877111e-11
7 	 217 	 Ex 	 2 	 -2.545724e-10 	 5.642695e-11
7 	 218 	 Ex 	 2 	 -2.893839e-10 	 6.282155e-11
7 	 219 	 Ex 	 2 	 -2.802177e-10 	 6.633268e-11
7 	 220 	 Ex 	 2 	 -2.657114e-10 	 6.628401e-11
7 	 221 	 Ex 	 2 	 -2.184423e-10 	 6.239977e-11
7 	 222 	 Ex 	 2 	 -1.647890e-10 	 5.565227e-11
7 	 223 	 Ex 	 2 	 -1.171861e-10 	 4.736779e-11
7 	 224 	 Ex 	 2 	 -8.033094e-11 	 3.867718e-11
7 	 225 	 Ex 	 2 	 -1.177944e-11 	 8.216301e-12
7 	 226 	 Ex 	 2 	 -1.797162e-11 	 1.119073e-11
7 	 227 	 Ex 	 2 	 -2.689869e-11 	 1.436786e-11
7 	 228 	 Ex 	 2 	 -4.000979e-11 	 1.740719e-11
7 	 229 	 Ex 	 2 	 -5.913896e-11 	 2.019117e-11
7 	 230 	 Ex 	 2 	 -8.584543e-11 	 2.302580e-11
7 	 231 	 Ex 	 2 	 -1.202961e-10 	 2.625289e-11
7 	 232 	 Ex 	 2 	 -1.591119e-10 	 2.994473e-11
7 	 233 	 Ex 	 2 	 -1.937412e-10 	 3.389134e-11
7 	 234 	 Ex 	 2 	 -2.148842e-10 	 3.744942e-11
7 	 235 	 Ex 	 2 	 -2.077685e-10 	 3.961207e-11
7 	 236 	 Ex 	 2 	 -2.022654e-10 	 3.988485e-11
7 	 237 	 Ex 	 2 	 -1.744092e-10 	 3.802262e-11
7 	 238 	 Ex 	 2 	 -1.406910e-10 	 3.448764e-11
7 	 239 	 Ex 	 2 	 -1.079101e-10 	 2.987391e-11
7 	 240 	 Ex 	 2 	 -7.991802e-11 	 2.477724e-11
7 	 241 	 Ex 	 2 	 -1.486815e-11 	 5.394788e-12
7 	 242 	 Ex 	 2 	 -2.128402e-11 	 7.271499e-12
7 	 243 	 Ex 	 2 	 -3.003248e-11 	 9.202827e-12
7 	 244 	 Ex 	 2 	 -4.196329e-11 	 1.099616e-11
7 	 245 	 Ex 	 2 	 -5.794067e-11 	 1.256826e-11
7 	 246 	 Ex 	 2 	 -7.838843e-11 	 1.402794e-11
7 	 247 	 Ex 	 2 	 -1.025852e-10 	 1.556697e-11
7 	 248 	 Ex 	 2 	 -1.278315e-10 	 1.731647e-11
7 	 249 	 Ex 	 2 	 -1.494278e-10 	 1.924999e-11
7 	 250 	 Ex 	 2 	 -1.628302e-10 	 2.107979e-11
7 	 251 	 Ex 	 2 	 -1.571603e-10 	 2.228221e-11
7 	 252 	 Ex 	 2 	 -1.561253e-10 	 2.260120e-11
7 	 253 	 Ex 	 2 	 -1.390926e-10 	 2.178014e-11
7 	 254 	 Ex 	 2 	 -1.173913e-10 	 2.000138e-11
7 	 255 	 Ex 	 2 	 -9.482498e-11 	 1.752953e-11
7 	 256 	 Ex 	 2 	 -7.407321e-11 	 1.467203e-11
7 	 1 	 Ey 	 1 	 6.029353e-11 	 -9.330002e-13
7 	 2 	 Ey 	 1 	 7.943630e-11 	 -1.568928e-12
7 	 3 	 Ey 	 1 	 1.053222e-10 	 -2.635478e-12
7 	 4 	 Ey 	 1 	 1.398744e-10 	 -4.371599e-12
7 	 5 	 Ey 	 1 	 1.849598e-10 	 -6.876200e-12
7 	 6 	 Ey 	 1 	 2.404148e-10 	 -9.670947e-12
7 	 7 	 Ey 	 1 	 2.977245e-10 	 -1.206071e-11
7 	 8 	 Ey 	 1 	 3.295828e-10 	 -1.319803e-11
7 	 9 	 Ey 	 1 	 2.871295e-10 	 -1.279656e-11
7 	 10 	 Ey 	 1 	 1.329707e-10 	 -1.141916e-11
7 	 11 	 Ey 	 1 	 -8.203407e-11 	 -9.802111e-12
7 	 12 	 Ey 	 1 	 -2.943284e-10 	 -8.178519e-12
7 	 13 	 Ey 	 1 	 -3.830657e-10 	 -6.637217e-12
7 	 14 	 Ey 	 1 	 -3.714374e-10 	 -5.179711e-12
7 	 15 	 Ey 	 1 	 -3.099592e-10 	 -3.958968e-12
7 	 16 	 Ey 	 1 	 -2.392497e-10 	 -2.974121e-12
7 	 17 	 Ey 	 1 	 6.088674e-11 	 -6.008563e-13
7 	 18 	 Ey 	 1 	 8.272881e-11 	 -1.198183e-12
7 	 19 	 Ey 	 1 	 1.140597e-10 	 -2.384523e-12
7 	 20 	 Ey 	 1 	 1.593578e-10 	 -4.638124e-12
7 	 21 	 Ey 	 1 	 2.259624e-10 	 -8.285293e-12
7 	 22 	 Ey 	 1 	 3.241648e-10 	 -1.265612e-11
7 	 23 	 Ey 	 1 	 4.578350e-10 	 -1.645989e-11
7 	 24 	 Ey 	 1 	 5.919680e-10 	 -1.800547e-11
7 	 25 	 Ey 	 1 	 6.037027e-10 	 -1.670663e-11
7 	 26 	 Ey 	 1 	 3.254794e-10 	 -1.419303e-11
7 	 27 	 Ey 	 1 	 -1.676551e-10 	 -1.189694e-11
7 	 28 	 Ey 	 1 	 -6.126825e-10 	 -9.891171e-12
7 	 29 	 Ey 	 1 	 -7.156534e-10 	 -7.847378e-12
7 	 30 	 Ey 	 1 	 -6.069575e-10 	 -5.859305e-12
7 	 31 	 Ey 	 1 	 -4.465870e-10 	 -4.311974e-12
7 	 32 	 Ey 	 1 	 -3.100279e-10 	 -3.160177e-12
7 	 33 	 Ey 	 1 	 5.661939e-11 	 -3.077326e-13
7 	 34 	 Ey 	 1 	 7.879292e-11 	 -8.302453e-13
7 	 35 	 Ey 	 1 	 1.122230e-10 	 -2.044302e-12
7 	 36 	 Ey 	 1 	 1.640656e-10 	 -4.766236e-12
7 	 37 	 Ey 	 1 	 2.496867e-10 	 -9.632645e-12
7 	 38 	 Ey 	 1 	 4.022415e-10 	 -1.601685e-11
7 	 39 	 Ey 	 1 	 6.745544e-10 	 -2.171078e-11
7 	 40 	 Ey 	 1 	 1.088387e-09 	 -2.346827e-11
7 	 41 	 Ey 	 1 	 1.416721e-09 	 -2.029563e-11
7 	 42 	 Ey 	 1 	 9.527011e-10 	 -1.609411e-11
7 	 43 	 Ey 	 1 	 -4.280002e-10 	 -1.392908e-11
7 	 44 	 Ey 	 1 	 -1.485404e-09 	 -1.194676e-11
7 	 45 	 Ey 	 1 	 -1.416947e-09 	 -9.073685e-12
7 	 46 	 Ey 	 1 	 -9.766545e-10 	 -6.269666e-12
7 	 47 	 Ey 	 1 	 -6.068370e-10 	 -4.388896e-12
7 	 48 	 Ey 	 1 	 -3.710964e-10 	 -3.121226e-12
7 	 49 	 Ey 	 1 	 4.664354e-11 	 -1.529621e-13
7 	 50 	 Ey 	 1 	 6.555597e-11 	 -6.055362e-13
7 	 51 	 Ey 	 1 	 9.483209e-11 	 -1.797124e-12
7 	 52 	 Ey 	 1 	 1.427372e-10 	 -4.693442e-12
7 	 53 	 Ey 	 1 	 2.315210e-10 	 -1.032786e-11
7 	 54 	 Ey 	 1 	 4.241821e-10 	 -1.790681e-11
7 	 55 	 Ey 	 1 	 8.747132e-10 	 -2.454202e-11
7 	 56 	 Ey 	 1 	 1.893801e-09 	 -2.602809e-11
7 	 57 	 Ey 	 1 	 3.636747e-09 	 -2.078302e-11
7 	 58 	 Ey 	 1 	 3.677406e-09 	 -1.567907e-11
7 	 59 	 Ey 	 1 	 -1.633628e-09 	 -1.489493e-11
7 	 60 	 Ey 	 1 	 -4.370781e-09 	 -1.381001e-11
7 	 61 	 Ey 	 1 	 -2.798435e-09 	 -1.007418e-11
7 	 62 	 Ey 	 1 	 -1.413541e-09 	 -6.283353e-12
7 	 63 	 Ey 	 1 	 -7.135153e-10 	 -4.032458e-12
7 	 64 	 Ey 	 1 	 -3.808521e-10 	 -2.738220e-12
7 	 65 	 Ey 	 1 	 3.148190e-11 	 -1.600759e-13
7 	 66 	 Ey 	 1 	 4.345508e-11 	 -5.948585e-13
7 	 67 	 Ey 	 1 	 6.172969e-11 	 -1.712722e-12
7 	 68 	 Ey 	 1 	 9.253404e-11 	 -4.367079e-12
7 	 69 	 Ey 	 1 	 1.570253e-10 	 -9.274508e-12
7 	 70 	 Ey 	 1 	 3.245107e-10 	 -1.562633e-11
7 	 71 	 Ey 	 1 	 8.171107e-10 	 -2.100344e-11
7 	 72 	 Ey 	 1 	 2.439713e-09 	 -2.182604e-11
7 	 73 	 Ey 	 1 	 8.486628e-09 	 -1.738663e-11
7 	 74 	 Ey 	 1 	 2.343642e-08 	 -1.614574e-11
7 	 75 	 Ey 	 1 	 -1.427535e-08 	 -1.091139e-11
7 	 76 	 Ey 	 1 	 -1.495078e-08 	 -1.103408e-11
7 	 77 	 Ey 	 1 	 -4.351597e-09 	 -8.718358e-12
7 	 78 	 Ey 	 1 	 -1.471812e-09 	 -5.068598e-12
7 	 79 	 Ey 	 1 	 -6.044398e-10 	 -3.037004e-12
7 	 80 	 Ey 	 1 	 -2.873157e-10 	 -2.015793e-12
7 	 81 	 Ey 	 1 	 2.190842e-11 	 -2.780745e-13
7 	 82 	 Ey 	 1 	 2.716568e-11 	 -6.558622e-13
7 	 83 	 Ey 	 1 	 3.384727e-11 	 -1.515181e-12
7 	 84 	 Ey 	 1 	 4.375277e-11 	 -3.284500e-12
7 	 85 	 Ey 	 1 	 6.454148e-11 	 -6.117683e-12
7 	 86 	 Ey 	 1 	 1.213649e-10 	 -9.452258e-12
7 	 87 	 Ey 	 1 	 2.999427e-10 	 -1.221607e-11
7 	 88 	 Ey 	 1 	 9.959960e-10 	 -1.279352e-11
7 	 89 	 Ey 	 1 	 5.512215e-09 	 -1.118282e-11
7 	 90 	 Ey 	 1 	 1.032622e-07 	 -2.958785e-11
7 	 91 	 Ey 	 1 	 -3.337988e-06 	 9.425962e-10
7 	 92 	 Ey 	 1 	 -1.557141e-08 	 -4.078439e-12
7 	 93 	 Ey 	 1 	 -1.748963e-09 	 -4.314074e-12
7 	 94 	 Ey 	 1 	 -4.286274e-10 	 -2.445484e-12
7 	 95 	 Ey 	 1 	 -1.496019e-10 	 -1.401287e-12
7 	 96 	 Ey 	 1 	 -6.186311e-11 	 -9.256879e-13
7 	 97 	 Ey 	 1 	 -4.644063e-12 	 -4.242767e-13
7 	 98 	 Ey 	 1 	 -1.016198e-11 	 -6.498899e-13
7 	 99 	 Ey 	 1 	 -2.080776e-11 	 -1.012741e-12
7 	 100 	 Ey 	 1 	 -4.173536e-11 	 -1.505817e-12
7 	 101 	 Ey 	 1 	 -8.671762e-11 	 -1.907772e-12
7 	 102 	 Ey 	 1 	 -2.008648e-10 	 -2.060077e-12
7 	 103 	 Ey 	 1 	 -5.491531e-10 	 -2.158377e-12
7 	 104 	 Ey 	 1 	 -1.885434e-09 	 -2.642296e-12
7 	 105 	 Ey 	 1 	 -9.421826e-09 	 -2.842084e-12
7 	 106 	 Ey 	 1 	 -8.454385e-08 	 1.446474e-11
7 	 107 	 Ey 	 1 	 4.323051e-08 	 -4.856965e-12
7 	 108 	 Ey 	 1 	 2.347524e-08 	 -2.893001e-12
7 	 109 	 Ey 	 1 	 3.717751e-09 	 8.891308e-13
7 	 110 	 Ey 	 1 	 9.977845e-10 	 7.022259e-13
7 	 111 	 Ey 	 1 	 3.648369e-10 	 3.722319e-13
7 	 112 	 Ey 	 1 	 1.628069e-10 	 2.626625e-13
7 	 113 	 Ey 	 1 	 -2.224805e-11 	 -5.958325e-13
7 	 114 	 Ey 	 1 	 -3.475374e-11 	 -6.062522e-13
7 	 115 	 Ey 	 1 	 -5.618626e-11 	 -3.899674e-13
7 	 116 	 Ey 	 1 	 -9.548430e-11 	 2.790502e-13
7 	 117 	 Ey 	 1 	 -1.766572e-10 	 1.879074e-12
7 	 118 	 Ey 	 1 	 -3.695325e-10 	 4.212828e-12
7 	 119 	 Ey 	 1 	 -8.776525e-10 	 6.254087e-12
7 	 120 	 Ey 	 1 	 -2.299708e-09 	 5.997012e-12
7 	 121 	 Ey 	 1 	 -6.034815e-09 	 3.224083e-12
7 	 122 	 Ey 	 1 	 -9.457028e-09 	 2.627435e-12
7 	 123 	 Ey 	 1 	 4.798888e-09 	 3.540220e-12
7 	 124 	 Ey 	 1 	 8.596624e-09 	 5.381937e-12
7 	 125 	 Ey 	 1 	 3.740540e-09 	 5.031696e-12
7 	 126 	 Ey 	 1 	 1.501111e-09 	 3.161199e-12
7 	 127 	 Ey 	 1 	 6.647130e-10 	 1.928230e-12
7 	 128 	 Ey 	 1 	 3.286701e-10 	 1.259853e-12
7 	 129 	 Ey 	 1 	 -3.523502e-11 	 -8.376616e-13
7 	 130 	 Ey 	 1 	 -5.158456e-11 	 -6.830229e-13
7 	 131 	 Ey 	 1 	 -7.771243e-11 	 -5.680562e-14
7 	 132 	 Ey 	 1 	 -1.221582e-10 	 1.434676e-12
7 	 133 	 Ey 	 1 	 -2.057513e-10 	 4.303330e-12
7 	 134 	 Ey 	 1 	 -3.791140e-10 	 8.123352e-12
7 	 135 	 Ey 	 1 	 -7.472721e-10 	 1.144055e-11
7 	 136 	 Ey 	 1 	 -1.456651e-09 	 1.187253e-11
7 	 137 	 Ey 	 1 	 -2.344197e-09 	 8.646204e-12
7 	 138 	 Ey 	 1 	 -1.911733e-09 	 6.301348e-12
7 	 139 	 Ey 	 1 	 8.735322e-10 	 7.329927e-12
7 	 140 	 Ey 	 1 	 2.644078e-09 	 8.061852e-12
7 	 141 	 Ey 	 1 	 2.084635e-09 	 6.349901e-12
7 	 142 	 Ey 	 1 	 1.220339e-09 	 4.196954e-12
7 	 143 	 Ey 	 1 	 6.751925e-10 	 2.708729e-12
7 	 144 	 Ey 	 1 	 3.822409e-10 	 1.919708e-12
7 	 145 	 Ey 	 1 	 -4.407468e-11 	 -1.219654e-12
7 	 146 	 Ey 	 1 	 -6.155514e-11 	 -1.015910e-12
7 	 147 	 Ey 	 1 	 -8.741254e-11 	 -1.961852e-13
7 	 148 	 Ey 	 1 	 -1.273346e-10 	 1.647487e-12
7 	 149 	 Ey 	 1 	 -1.936639e-10 	 5.029515e-12
7 	 150 	 Ey 	 1 	 -3.104825e-10 	 9.509306e-12
7 	 151 	 Ey 	 1 	 -5.079790e-10 	 1.343768e-11
7 	 152 	 Ey 	 1 	 -7.764052e-10 	 1.455129e-11
7 	 153 	 Ey 	 1 	 -9.283112e-10 	 1.190394e-11
7 	 154 	 Ey 	 1 	 -5.557841e-10 	 9.220753e-12
7 	 155 	 Ey 	 1 	 3.165979e-10 	 8.611351e-12
7 	 156 	 Ey 	 1 	 1.033157e-09 	 8.032007e-12
7 	 157 	 Ey 	 1 	 1.082067e-09 	 6.080950e-12
7 	 158 	 Ey 	 1 	 8.190921e-10 	 4.064357e-12
7 	 159 	 Ey 	 1 	 5.481975e-10 	 2.836037e-12
7 	 160 	 Ey 	 1 	 3.545093e-10 	 2.125200e-12
7 	 161 	 Ey 	 1 	 -4.915841e-11 	 -1.750490e-12
7 	 162 	 Ey 	 1 	 -6.603032e-11 	 -1.688885e-12
7 	 163 	 Ey 	 1 	 -8.903403e-11 	 -1.004634e-12
7 	 164 	 Ey 	 1 	 -1.207202e-10 	 8.383967e-13
7 	 165 	 Ey 	 1 	 -1.664171e-10 	 4.186510e-12
7 	 166 	 Ey 	 1 	 -2.340501e-10 	 8.724491e-12
7 	 167 	 Ey 	 1 	 -3.252971e-10 	 1.270530e-11
7 	 168 	 Ey 	 1 	 -4.114169e-10 	 1.427569e-11
7 	 169 	 Ey 	 1 	 -4.027454e-10 	 1.259745e-11
7 	 170 	 Ey 	 1 	 -1.893948e-10 	 1.012683e-11
7 	 171 	 Ey 	 1 	 1.670539e-10 	 8.579252e-12
7 	 172 	 Ey 	 1 	 4.961345e-10 	 7.082585e-12
7 	 173 	 Ey 	 1 	 5.930115e-10 	 5.001234e-12
7 	 174 	 Ey 	 1 	 5.263656e-10 	 3.418157e-12
7 	 175 	 Ey 	 1 	 4.057347e-10 	 2.537484e-12
7 	 176 	 Ey 	 1 	 2.936904e-10 	 2.055727e-12
7 	 177 	 Ey 	 1 	 -5.119889e-11 	 -2.332948e-12
7 	 178 	 Ey 	 1 	 -6.679456e-11 	 -2.578368e-12
7 	 179 	 Ey 	 1 	 -8.674678e-11 	 -2.368614e-12
7 	 180 	 Ey 	 1 	 -1.114500e-10 	 -9.961635e-13
7 	 181 	 Ey 	 1 	 -1.420242e-10 	 1.923866e-12
7 	 182 	 Ey 	 1 	 -1.795188e-10 	 5.934888e-12
7 	 183 	 Ey 	 1 	 -2.187343e-10 	 9.878169e-12
7 	 184 	 Ey 	 1 	 -2.386532e-10 	 1.194538e-11
7 	 185 	 Ey 	 1 	 -1.995510e-10 	 1.120487e-11
7 	 186 	 Ey 	 1 	 -7.205853e-11 	 9.233921e-12
7 	 187 	 Ey 	 1 	 1.033194e-10 	 7.620140e-12
7 	 188 	 Ey 	 1 	 2.747069e-10 	 5.751584e-12
7 	 189 	 Ey 	 1 	 3.492361e-10 	 3.837819e-12
7 	 190 	 Ey 	 1 	 3.413095e-10 	 2.604220e-12
7 	 191 	 Ey 	 1 	 2.904925e-10 	 2.096059e-12
7 	 192 	 Ey 	 1 	 2.298450e-10 	 1.854013e-12
7 	 193 	 Ey 	 1 	 -5.078951e-11 	 -2.785709e-12
7 	 194 	 Ey 	 1 	 -6.485548e-11 	 -3.343446e-12
7 	 195 	 Ey 	 1 	 -8.231509e-11 	 -3.670539e-12
7 	 196 	 Ey 	 1 	 -1.028143e-10 	 -3.134188e-12
7 	 197 	 Ey 	 1 	 -1.250865e-10 	 -1.105444e-12
7 	 198 	 Ey 	 1 	 -1.471018e-10 	 2.243909e-12
7 	 199 	 Ey 	 1 	 -1.632033e-10 	 5.812237e-12
7 	 200 	 Ey 	 1 	 -1.597195e-10 	 8.197886e-12
7 	 201 	 Ey 	 1 	 -1.184231e-10 	 8.331647e-12
7 	 202 	 Ey 	 1 	 -3.512921e-11 	 7.143442e-12
7 	 203 	 Ey 	 1 	 6.363889e-11 	 5.812963e-12
7 	 204 	 Ey 	 1 	 1.626390e-10 	 4.266674e-12
7 	 205 	 Ey 	 1 	 2.153992e-10 	 2.771049e-12
7 	 206 	 Ey 	 1 	 2.248990e-10 	 1.939845e-12
7 	 207 	 Ey 	 1 	 2.059071e-10 	 1.685624e-12
7 	 208 	 Ey 	 1 	 1.748156e-10 	 1.619405e-12
7 	 209 	 Ey 	 1 	 -4.834590e-11 	 -2.983891e-12
7 	 210 	 Ey 	 1 	 -6.046861e-11 	 -3.649714e-12
7 	 211 	 Ey 	 1 	 -7.510353e-11 	 -4.216064e-12
7 	 212 	 Ey 	 1 	 -9.163436e-11 	 -4.211631e-12
7 	 213 	 Ey 	 1 	 -1.080339e-10 	 -3.074577e-12
7 	 214 	 Ey 	 1 	 -1.211949e-10 	 -7.033980e-13
7 	 215 	 Ey 	 1 	 -1.261807e-10 	 2.105644e-12
7 	 216 	 Ey 	 1 	 -1.148766e-10 	 4.297529e-12
7 	 217 	 Ey 	 1 	 -7.987105e-11 	 5.057735e-12
7 	 218 	 Ey 	 1 	 -2.391582e-11 	 4.697725e-12
7 	 219 	 Ey 	 1 	 3.614163e-11 	 3.873512e-12
7 	 220 	 Ey 	 1 	 9.760816e-11 	 2.905102e-12
7 	 221 	 Ey 	 1 	 1.353020e-10 	 2.003838e-12
7 	 222 	 Ey 	 1 	 1.496274e-10 	 1.544896e-12
7 	 223 	 Ey 	 1 	 1.455617e-10 	 1.413158e-12
7 	 224 	 Ey 	 1 	 1.310486e-10 	 1.392059e-12
7 	 225 	 Ey 	 1 	 -4.434914e-11 	 -2.894640e-12
7 	 226 	 Ey 	 1 	 -5.414065e-11 	 -3.485468e-12
7 	 227 	 Ey 	 1 	 -6.547310e-11 	 -4.021004e-12
7 	 228 	 Ey 	 1 	 -7.747522e-11 	 -4.152733e-12
7 	 229 	 Ey 	 1 	 -8.830349e-11 	 -3.490044e-12
7 	 230 	 Ey 	 1 	 -9.522873e-11 	 -2.007418e-12
7 	 231 	 Ey 	 1 	 -9.465843e-11 	 -1.051653e-13
7 	 232 	 Ey 	 1 	 -8.234757e-11 	 1.558864e-12
7 	 233 	 Ey 	 1 	 -5.603049e-11 	 2.479694e-12
7 	 234 	 Ey 	 1 	 -1.866419e-11 	 2.650588e-12
7 	 235 	 Ey 	 1 	 1.960745e-11 	 2.373484e-12
7 	 236 	 Ey 	 1 	 5.981249e-11 	 1.910810e-12
7 	 237 	 Ey 	 1 	 8.680682e-11 	 1.491044e-12
7 	 238 	 Ey 	 1 	 1.008223e-10 	 1.260281e-12
7 	 239 	 Ey 	 1 	 1.032222e-10 	 1.171819e-12
7 	 240 	 Ey 	 1 	 9.767660e-11 	 1.153181e-12
7 	 241 	 Ey 	 1 	 -3.941204e-11 	 -2.567652e-12
7 	 242 	 Ey 	 1 	 -4.689319e-11 	 -3.061288e-12
7 	 243 	 Ey 	 1 	 -5.505710e-11 	 -3.452145e-12
7 	 244 	 Ey 	 1 	 -6.306054e-11 	 -3.568380e-12
7 	 245 	 Ey 	 1 	 -6.948946e-11 	 -3.187194e-12
7 	 246 	 Ey 	 1 	 -7.233990e-11 	 -2.279922e-12
7 	 247 	 Ey 	 1 	 -6.938886e-11 	 -1.067507e-12
7 	 248 	 Ey 	 1 	 -5.867001e-11 	 8.025668e-14
7 	 249 	 Ey 	 1 	 -3.970555e-11 	 8.874343e-13
7 	 250 	 Ey 	 1 	 -1.456239e-11 	 1.265779e-12
7 	 251 	 Ey 	 1 	 1.058722e-11 	 1.328409e-12
7 	 252 	 Ey 	 1 	 3.784110e-11 	 1.208078e-12
7 	 253 	 Ey 	 1 	 5.726082e-11 	 1.068165e-12
7 	 254 	 Ey 	 1 	 6.919927e-11 	 9.729322e-13
7 	 255 	 Ey 	 1 	 7.385927e-11 	 9.344237e-13
7 	 256 	 Ey 	 1 	 7.285408e-11 	 9.288421e-13
7 	 1 	 Ey 	 2 	 6.117232e-11 	 3.255572e-12
7 	 2 	 Ey 	 2 	 8.180920e-11 	 2.637830e-12
7 	 3 	 Ey 	 2 	 1.100563e-10 	 1.111652e-12
7 	 4 	 Ey 	 2 	 1.481868e-10 	 -1.790491e-12
7 	 5 	 Ey 	 2 	 1.980967e-10 	 -6.238489e-12
7 	 6 	 Ey 	 2 	 2.588767e-10 	 -1.159964e-11
7 	 7 	 Ey 	 2 	 3.206355e-10 	 -1.641564e-11
7 	 8 	 Ey 	 2 	 3.544467e-10 	 -1.919137e-11
7 	 9 	 Ey 	 2 	 3.108064e-10 	 -1.979974e-11
7 	 10 	 Ey 	 2 	 1.530954e-10 	 -1.963119e-11
7 	 11 	 Ey 	 2 	 -6.634650e-11 	 -1.975429e-11
7 	 12 	 Ey 	 2 	 -2.829044e-10 	 -1.964186e-11
7 	 13 	 Ey 	 2 	 -3.751768e-10 	 -1.848336e-11
7 	 14 	 Ey 	 2 	 -3.661142e-10 	 -1.628356e-11
7 	 15 	 Ey 	 2 	 -3.063319e-10 	 -1.360908e-11
7 	 16 	 Ey 	 2 	 -2.366934e-10 	 -1.096296e-11
7 	 17 	 Ey 	 2 	 6.131024e-11 	 3.779734e-12
7 	 18 	 Ey 	 2 	 8.464320e-11 	 3.051898e-12
7 	 19 	 Ey 	 2 	 1.186017e-10 	 1.033623e-12
7 	 20 	 Ey 	 2 	 1.684074e-10 	 -3.204665e-12
7 	 21 	 Ey 	 2 	 2.417497e-10 	 -1.023072e-11
7 	 22 	 Ey 	 2 	 3.479786e-10 	 -1.902283e-11
7 	 23 	 Ey 	 2 	 4.885970e-10 	 -2.659587e-11
7 	 24 	 Ey 	 2 	 6.256142e-10 	 -2.954150e-11
7 	 25 	 Ey 	 2 	 6.347430e-10 	 -2.771023e-11
7 	 26 	 Ey 	 2 	 3.504286e-10 	 -2.569764e-11
7 	 27 	 Ey 	 2 	 -1.494480e-10 	 -2.631204e-11
7 	 28 	 Ey 	 2 	 -6.004264e-10 	 -2.692397e-11
7 	 29 	 Ey 	 2 	 -7.080473e-10 	 -2.485331e-11
7 	 30 	 Ey 	 2 	 -6.024372e-10 	 -2.076462e-11
7 	 31 	 Ey 	 2 	 -4.437060e-10 	 -1.641194e-11
7 	 32 	 Ey 	 2 	 -3.080472e-10 	 -1.258210e-11
7 	 33 	 Ey 	 2 	 5.662138e-11 	 4.109416e-12
7 	 34 	 Ey 	 2 	 8.017990e-11 	 3.241018e-12
7 	 35 	 Ey 	 2 	 1.162690e-10 	 6.741684e-13
7 	 36 	 Ey 	 2 	 1.732988e-10 	 -5.178101e-12
7 	 37 	 Ey 	 2 	 2.675896e-10 	 -1.561464e-11
7 	 38 	 Ey 	 2 	 4.312294e-10 	 -2.913903e-11
7 	 39 	 Ey 	 2 	 7.135353e-10 	 -4.042950e-11
7 	 40 	 Ey 	 2 	 1.131296e-09 	 -4.227452e-11
7 	 41 	 Ey 	 2 	 1.454811e-09 	 -3.414299e-11
7 	 42 	 Ey 	 2 	 9.813929e-10 	 -2.897276e-11
7 	 43 	 Ey 	 2 	 -4.080900e-10 	 -3.358265e-11
7 	 44 	 Ey 	 2 	 -1.473059e-09 	 -3.735118e-11
7 	 45 	 Ey 	 2 	 -1.410562e-09 	 -3.315802e-11
7 	 46 	 Ey 	 2 	 -9.737319e-10 	 -2.530192e-11
7 	 47 	 Ey 	 2 	 -6.052632e-10 	 -1.842794e-11
7 	 48 	 Ey 	 2 	 -3.700112e-10 	 -1.328254e-11
7 	 49 	 Ey 	 2 	 4.641548e-11 	 4.225174e-12
7 	 50 	 Ey 	 2 	 6.656327e-11 	 3.180217e-12
7 	 51 	 Ey 	 2 	 9.835939e-11 	 9.322844e-14
7 	 52 	 Ey 	 2 	 1.515410e-10 	 -7.115372e-12
7 	 53 	 Ey 	 2 	 2.498211e-10 	 -2.023786e-11
7 	 54 	 Ey 	 2 	 4.549152e-10 	 -3.718609e-11
7 	 55 	 Ey 	 2 	 9.167718e-10 	 -5.073989e-11
7 	 56 	 Ey 	 2 	 1.940207e-09 	 -4.950311e-11
7 	 57 	 Ey 	 2 	 3.676653e-09 	 -3.154744e-11
7 	 58 	 Ey 	 2 	 3.706157e-09 	 -2.348232e-11
7 	 59 	 Ey 	 2 	 -1.613756e-09 	 -3.939668e-11
7 	 60 	 Ey 	 2 	 -4.358883e-09 	 -4.982393e-11
7 	 61 	 Ey 	 2 	 -2.793635e-09 	 -4.102816e-11
7 	 62 	 Ey 	 2 	 -1.412436e-09 	 -2.764179e-11
7 	 63 	 Ey 	 2 	 -7.133515e-10 	 -1.823078e-11
7 	 64 	 Ey 	 2 	 -3.807507e-10 	 -1.227757e-11
7 	 65 	 Ey 	 2 	 3.129956e-11 	 4.248157e-12
7 	 66 	 Ey 	 2 	 4.444466e-11 	 3.145731e-12
7 	 67 	 Ey 	 2 	 6.502618e-11 	 -5.910090e-15
7 	 68 	 Ey 	 2 	 1.005058e-10 	 -6.993260e-12
7 	 69 	 Ey 	 2 	 1.730196e-10 	 -1.892857e-11
7 	 70 	 Ey 	 2 	 3.506212e-10 	 -3.359405e-11
7 	 71 	 Ey 	 2 	 8.522153e-10 	 -4.454893e-11
7 	 72 	 Ey 	 2 	 2.478072e-09 	 -4.071408e-11
7 	 73 	 Ey 	 2 	 8.519319e-09 	 -1.865053e-11
7 	 74 	 Ey 	 2 	 2.345925e-08 	 -4.180976e-12
7 	 75 	 Ey 	 2 	 -1.425783e-08 	 -4.204878e-11
7 	 76 	 Ey 	 2 	 -1.494025e-08 	 -5.318393e-11
7 	 77 	 Ey 	 2 	 -4.348196e-09 	 -3.812240e-11
7 	 78 	 Ey 	 2 	 -1.471898e-09 	 -2.312827e-11
7 	 79 	 Ey 	 2 	 -6.052356e-10 	 -1.407802e-11
7 	 80 	 Ey 	 2 	 -2.879879e-10 	 -8.913280e-12
7 	 81 	 Ey 	 2 	 2.199544e-11 	 4.405823e-12
7 	 82 	 Ey 	 2 	 2.834446e-11 	 3.666022e-12
7 	 83 	 Ey 	 2 	 3.695871e-11 	 1.533919e-12
7 	 84 	 Ey 	 2 	 5.019487e-11 	 -2.727057e-12
7 	 85 	 Ey 	 2 	 7.594121e-11 	 -9.132976e-12
7 	 86 	 Ey 	 2 	 1.384066e-10 	 -1.627297e-11
7 	 87 	 Ey 	 2 	 3.217123e-10 	 -2.124193e-11
7 	 88 	 Ey 	 2 	 1.019381e-09 	 -1.970128e-11
7 	 89 	 Ey 	 2 	 5.532612e-09 	 -9.407968e-12
7 	 90 	 Ey 	 2 	 1.032715e-07 	 3.819904e-11
7 	 91 	 Ey 	 2 	 -3.337768e-06 	 -5.439411e-10
7 	 92 	 Ey 	 2 	 -1.556462e-08 	 -2.722600e-11
7 	 93 	 Ey 	 2 	 -1.747217e-09 	 -1.596899e-11
7 	 94 	 Ey 	 2 	 -4.292084e-10 	 -9.551211e-12
7 	 95 	 Ey 	 2 	 -1.507733e-10 	 -5.619659e-12
7 	 96 	 Ey 	 2 	 -6.298576e-11 	 -3.285633e-12
7 	 97 	 Ey 	 2 	 -4.212945e-12 	 4.743937e-12
7 	 98 	 Ey 	 2 	 -8.811169e-12 	 4.808835e-12
7 	 99 	 Ey 	 2 	 -1.817747e-11 	 4.583077e-12
7 	 100 	 Ey 	 2 	 -3.749730e-11 	 4.379025e-12
7 	 101 	 Ey 	 2 	 -8.090619e-11 	 4.901194e-12
7 	 102 	 Ey 	 2 	 -1.938995e-10 	 6.416748e-12
7 	 103 	 Ey 	 2 	 -5.416652e-10 	 7.636445e-12
7 	 104 	 Ey 	 2 	 -1.877851e-09 	 4.676336e-12
7 	 105 	 Ey 	 2 	 -9.414023e-09 	 -6.437349e-12
7 	 106 	 Ey 	 2 	 -8.453270e-08 	 -3.707728e-11
7 	 107 	 Ey 	 2 	 4.323161e-08 	 4.748679e-11
7 	 108 	 Ey 	 2 	 2.347554e-08 	 2.677521e-11
7 	 109 	 Ey 	 2 	 3.717633e-09 	 1.362714e-11
7 	 110 	 Ey 	 2 	 9.969328e-10 	 7.543851e-12
7 	 111 	 Ey 	 2 	 3.636382e-10 	 4.620636e-12
7 	 112 	 Ey 	 2 	 1.614718e-10 	 3.339755e-12
7 	 113 	 Ey 	 2 	 -2.144174e-11 	 5.109547e-12
7 	 114 	 Ey 	 2 	 -3.330027e-11 	 6.114827e-12
7 	 115 	 Ey 	 2 	 -5.421075e-11 	 7.864778e-12
7 	 116 	 Ey 	 2 	 -9.356242e-11 	 1.133833e-11
7 	 117 	 Ey 	 2 	 -1.760505e-10 	 1.752427e-11
7 	 118 	 Ey 	 2 	 -3.714965e-10 	 2.574715e-11
7 	 119 	 Ey 	 2 	 -8.825322e-10 	 3.197471e-11
7 	 120 	 Ey 	 2 	 -2.305873e-09 	 2.818808e-11
7 	 121 	 Ey 	 2 	 -6.039252e-09 	 1.231348e-11
7 	 122 	 Ey 	 2 	 -9.459255e-09 	 6.054542e-12
7 	 123 	 Ey 	 2 	 4.796547e-09 	 2.819112e-11
7 	 124 	 Ey 	 2 	 8.594284e-09 	 3.988732e-11
7 	 125 	 Ey 	 2 	 3.739076e-09 	 3.139313e-11
7 	 126 	 Ey 	 2 	 1.500149e-09 	 2.032072e-11
7 	 127 	 Ey 	 2 	 6.635932e-10 	 1.332737e-11
7 	 128 	 Ey 	 2 	 3.272723e-10 	 9.379789e-12
7 	 129 	 Ey 	 2 	 -3.399508e-11 	 5.169141e-12
7 	 130 	 Ey 	 2 	 -4.995507e-11 	 6.877454e-12
7 	 131 	 Ey 	 2 	 -7.622580e-11 	 1.000309e-11
7 	 132 	 Ey 	 2 	 -1.220445e-10 	 1.576465e-11
7 	 133 	 Ey 	 2 	 -2.090479e-10 	 2.508028e-11
7 	 134 	 Ey 	 2 	 -3.875803e-10 	 3.667911e-11
7 	 135 	 Ey 	 2 	 -7.610258e-10 	 4.573125e-11
7 	 136 	 Ey 	 2 	 -1.472874e-09 	 4.403565e-11
7 	 137 	 Ey 	 2 	 -2.358118e-09 	 3.058243e-11
7 	 138 	 Ey 	 2 	 -1.921435e-09 	 2.444006e-11
7 	 139 	 Ey 	 2 	 8.668734e-10 	 3.479479e-11
7 	 140 	 Ey 	 2 	 2.639910e-09 	 4.233315e-11
7 	 141 	 Ey 	 2 	 2.082833e-09 	 3.628167e-11
7 	 142 	 Ey 	 2 	 1.219519e-09 	 2.618254e-11
7 	 143 	 Ey 	 2 	 6.743029e-10 	 1.861523e-11
7 	 144 	 Ey 	 2 	 3.808666e-10 	 1.370182e-11
7 	 145 	 Ey 	 2 	 -4.226573e-11 	 4.650704e-12
7 	 146 	 Ey 	 2 	 -5.949273e-11 	 6.584231e-12
7 	 147 	 Ey 	 2 	 -8.591475e-11 	 1.019054e-11
7 	 148 	 Ey 	 2 	 -1.280525e-10 	 1.665131e-11
7 	 149 	 Ey 	 2 	 -1.990533e-10 	 2.660101e-11
7 	 150 	 Ey 	 2 	 -3.225577e-10 	 3.851335e-11
7 	 151 	 Ey 	 2 	 -5.266845e-10 	 4.799534e-11
7 	 152 	 Ey 	 2 	 -7.983449e-10 	 4.858260e-11
7 	 153 	 Ey 	 2 	 -9.477861e-10 	 3.918622e-11
7 	 154 	 Ey 	 2 	 -5.699722e-10 	 3.307692e-11
7 	 155 	 Ey 	 2 	 3.072595e-10 	 3.682518e-11
7 	 156 	 Ey 	 2 	 1.028019e-09 	 3.972353e-11
7 	 157 	 Ey 	 2 	 1.080256e-09 	 3.481954e-11
7 	 158 	 Ey 	 2 	 8.186705e-10 	 2.708973e-11
7 	 159 	 Ey 	 2 	 5.475821e-10 	 2.075494e-11
7 	 160 	 Ey 	 2 	 3.532266e-10 	 1.606111e-11
7 	 161 	 Ey 	 2 	 -4.661393e-11 	 3.456607e-12
7 	 162 	 Ey 	 2 	 -6.314946e-11 	 5.040369e-12
7 	 163 	 Ey 	 2 	 -8.673399e-11 	 8.156555e-12
7 	 164 	 Ey 	 2 	 -1.209340e-10 	 1.387472e-11
7 	 165 	 Ey 	 2 	 -1.717973e-10 	 2.257326e-11
7 	 166 	 Ey 	 2 	 -2.467512e-10 	 3.273443e-11
7 	 167 	 Ey 	 2 	 -3.451189e-10 	 4.094026e-11
7 	 168 	 Ey 	 2 	 -4.349280e-10 	 4.282017e-11
7 	 169 	 Ey 	 2 	 -4.241601e-10 	 3.763089e-11
7 	 170 	 Ey 	 2 	 -2.053670e-10 	 3.342759e-11
7 	 171 	 Ey 	 2 	 1.566711e-10 	 3.450377e-11
7 	 172 	 Ey 	 2 	 4.907788e-10 	 3.504733e-11
7 	 173 	 Ey 	 2 	 5.915360e-10 	 3.111836e-11
7 	 174 	 Ey 	 2 	 5.263217e-10 	 2.559191e-11
7 	 175 	 Ey 	 2 	 4.053712e-10 	 2.074330e-11
7 	 176 	 Ey 	 2 	 2.924839e-10 	 1.676926e-11
7 	 177 	 Ey 	 2 	 -4.786338e-11 	 1.741037e-12
7 	 178 	 Ey 	 2 	 -6.280421e-11 	 2.468691e-12
7 	 179 	 Ey 	 2 	 -8.287325e-11 	 4.180088e-12
7 	 180 	 Ey 	 2 	 -1.096499e-10 	 7.797929e-12
7 	 181 	 Ey 	 2 	 -1.451208e-10 	 1.379622e-11
7 	 182 	 Ey 	 2 	 -1.897356e-10 	 2.101530e-11
7 	 183 	 Ey 	 2 	 -2.362270e-10 	 2.717964e-11
7 	 184 	 Ey 	 2 	 -2.603094e-10 	 2.980914e-11
7 	 185 	 Ey 	 2 	 -2.197962e-10 	 2.855792e-11
7 	 186 	 Ey 	 2 	 -8.739976e-11 	 2.763928e-11
7 	 187 	 Ey 	 2 	 9.323720e-11 	 2.905733e-11
7 	 188 	 Ey 	 2 	 2.697031e-10 	 2.940133e-11
7 	 189 	 Ey 	 2 	 3.480908e-10 	 2.667869e-11
7 	 190 	 Ey 	 2 	 3.414865e-10 	 2.287005e-11
7 	 191 	 Ey 	 2 	 2.901953e-10 	 1.936654e-11
7 	 192 	 Ey 	 2 	 2.285992e-10 	 1.624298e-11
7 	 193 	 Ey 	 2 	 -4.682988e-11 	 -9.898182e-14
7 	 194 	 Ey 	 2 	 -5.990204e-11 	 -3.872526e-13
7 	 195 	 Ey 	 2 	 -7.684493e-11 	 -4.363801e-13
7 	 196 	 Ey 	 2 	 -9.836611e-11 	 3.916511e-13
7 	 197 	 Ey 	 2 	 -1.244191e-10 	 2.878949e-12
7 	 198 	 Ey 	 2 	 -1.527033e-10 	 6.809074e-12
7 	 199 	 Ey 	 2 	 -1.756590e-10 	 1.100421e-11
7 	 200 	 Ey 	 2 	 -1.766307e-10 	 1.433406e-11
7 	 201 	 Ey 	 2 	 -1.349061e-10 	 1.657046e-11
7 	 202 	 Ey 	 2 	 -4.792694e-11 	 1.882077e-11
7 	 203 	 Ey 	 2 	 5.511129e-11 	 2.132457e-11
7 	 204 	 Ey 	 2 	 1.583050e-10 	 2.243429e-11
7 	 205 	 Ey 	 2 	 2.142294e-10 	 2.137324e-11
7 	 206 	 Ey 	 2 	 2.247582e-10 	 1.932259e-11
7 	 207 	 Ey 	 2 	 2.052997e-10 	 1.709522e-11
7 	 208 	 Ey 	 2 	 1.733468e-10 	 1.485079e-11
7 	 209 	 Ey 	 2 	 -4.412939e-11 	 -1.606177e-12
7 	 210 	 Ey 	 2 	 -5.515174e-11 	 -2.608050e-12
7 	 211 	 Ey 	 2 	 -6.900555e-11 	 -3.810381e-12
7 	 212 	 Ey 	 2 	 -8.584968e-11 	 -4.783358e-12
7 	 213 	 Ey 	 2 	 -1.047158e-10 	 -4.728989e-12
7 	 214 	 Ey 	 2 	 -1.225316e-10 	 -3.215013e-12
7 	 215 	 Ey 	 2 	 -1.329630e-10 	 -5.022468e-13
7 	 216 	 Ey 	 2 	 -1.255532e-10 	 2.977232e-12
7 	 217 	 Ey 	 2 	 -9.114585e-11 	 6.818420e-12
7 	 218 	 Ey 	 2 	 -3.320760e-11 	 1.054205e-11
7 	 219 	 Ey 	 2 	 2.968804e-11 	 1.361441e-11
7 	 220 	 Ey 	 2 	 9.397672e-11 	 1.545964e-11
7 	 221 	 Ey 	 2 	 1.337342e-10 	 1.593899e-11
7 	 222 	 Ey 	 2 	 1.487699e-10 	 1.544154e-11
7 	 223 	 Ey 	 2 	 1.444111e-10 	 1.435675e-11
7 	 224 	 Ey 	 2 	 1.292825e-10 	 1.293974e-11
7 	 225 	 Ey 	 2 	 -4.028376e-11 	 -2.528372e-12
7 	 226 	 Ey 	 2 	 -4.912147e-11 	 -3.779243e-12
7 	 227 	 Ey 	 2 	 -5.973941e-11 	 -5.294811e-12
7 	 228 	 Ey 	 2 	 -7.185895e-11 	 -6.735589e-12
7 	 229 	 Ey 	 2 	 -8.424862e-11 	 -7.502511e-12
7 	 230 	 Ey 	 2 	 -9.421019e-11 	 -7.084876e-12
7 	 231 	 Ey 	 2 	 -9.728988e-11 	 -5.343361e-12
7 	 232 	 Ey 	 2 	 -8.787443e-11 	 -2.423332e-12
7 	 233 	 Ey 	 2 	 -6.263887e-11 	 1.236723e-12
7 	 234 	 Ey 	 2 	 -2.468420e-11 	 4.935494e-12
7 	 235 	 Ey 	 2 	 1.500584e-11 	 8.049886e-12
7 	 236 	 Ey 	 2 	 5.675293e-11 	 1.025649e-11
7 	 237 	 Ey 	 2 	 8.488531e-11 	 1.150245e-11
7 	 238 	 Ey 	 2 	 9.932746e-11 	 1.188918e-11
7 	 239 	 Ey 	 2 	 1.015956e-10 	 1.159576e-11
7 	 240 	 Ey 	 2 	 9.567121e-11 	 1.084328e-11
7 	 241 	 Ey 	 2 	 -3.581837e-11 	 -2.878138e-12
7 	 242 	 Ey 	 2 	 -4.255300e-11 	 -4.058432e-12
7 	 243 	 Ey 	 2 	 -5.019496e-11 	 -5.425158e-12
7 	 244 	 Ey 	 2 	 -5.827051e-11 	 -6.712777e-12
7 	 245 	 Ey 	 2 	 -6.565795e-11 	 -7.514729e-12
7 	 246 	 Ey 	 2 	 -7.039028e-11 	 -7.437770e-12
7 	 247 	 Ey 	 2 	 -6.975141e-11 	 -6.282235e-12
7 	 248 	 Ey 	 2 	 -6.102179e-11 	 -4.097931e-12
7 	 249 	 Ey 	 2 	 -4.316511e-11 	 -1.211399e-12
7 	 250 	 Ey 	 2 	 -1.818190e-11 	 1.852285e-12
7 	 251 	 Ey 	 2 	 7.422149e-12 	 4.602048e-12
7 	 252 	 Ey 	 2 	 3.532016e-11 	 6.750741e-12
7 	 253 	 Ey 	 2 	 5.525501e-11 	 8.196944e-12
7 	 254 	 Ey 	 2 	 6.739544e-11 	 8.950866e-12
7 	 255 	 Ey 	 2 	 7.198102e-11 	 9.102769e-12
7 	 256 	 Ey 	 2 	 7.075787e-11 	 8.805397e-12
