iTx 	 iRx    ichrec  ifreq 	 sig_misfit   x       y      z
5 	 1 	 Ex 	 1 	 8.944288e-01 	 -1.800000e+03 	 -1.800000e+03 	 2.000000e+00
5 	 2 	 Ex 	 1 	 2.985147e-01 	 -1.560000e+03 	 -1.800000e+03 	 2.000000e+00
5 	 3 	 Ex 	 1 	 1.233525e+00 	 -1.320000e+03 	 -1.800000e+03 	 2.000000e+00
5 	 4 	 Ex 	 1 	 9.905630e-01 	 -1.080000e+03 	 -1.800000e+03 	 2.000000e+00
5 	 5 	 Ex 	 1 	 3.745659e-01 	 -8.400000e+02 	 -1.800000e+03 	 2.000000e+00
5 	 6 	 Ex 	 1 	 2.019848e+00 	 -6.000000e+02 	 -1.800000e+03 	 2.000000e+00
5 	 7 	 Ex 	 1 	 1.848294e+00 	 -3.600000e+02 	 -1.800000e+03 	 2.000000e+00
5 	 8 	 Ex 	 1 	 5.449857e-01 	 -1.200000e+02 	 -1.800000e+03 	 2.000000e+00
5 	 9 	 Ex 	 1 	 1.924313e+00 	 1.200000e+02 	 -1.800000e+03 	 2.000000e+00
5 	 10 	 Ex 	 1 	 8.753765e-01 	 3.600000e+02 	 -1.800000e+03 	 2.000000e+00
5 	 11 	 Ex 	 1 	 1.227280e+00 	 6.000000e+02 	 -1.800000e+03 	 2.000000e+00
5 	 12 	 Ex 	 1 	 1.295003e+00 	 8.400000e+02 	 -1.800000e+03 	 2.000000e+00
5 	 13 	 Ex 	 1 	 1.234713e+00 	 1.080000e+03 	 -1.800000e+03 	 2.000000e+00
5 	 14 	 Ex 	 1 	 1.722532e+00 	 1.320000e+03 	 -1.800000e+03 	 2.000000e+00
5 	 15 	 Ex 	 1 	 2.002571e+00 	 1.560000e+03 	 -1.800000e+03 	 2.000000e+00
5 	 16 	 Ex 	 1 	 3.775035e-01 	 1.800000e+03 	 -1.800000e+03 	 2.000000e+00
5 	 17 	 Ex 	 1 	 9.116245e-02 	 -1.800000e+03 	 -1.560000e+03 	 2.000000e+00
5 	 18 	 Ex 	 1 	 8.363699e-01 	 -1.560000e+03 	 -1.560000e+03 	 2.000000e+00
5 	 19 	 Ex 	 1 	 6.315342e-02 	 -1.320000e+03 	 -1.560000e+03 	 2.000000e+00
5 	 20 	 Ex 	 1 	 9.757330e-01 	 -1.080000e+03 	 -1.560000e+03 	 2.000000e+00
5 	 21 	 Ex 	 1 	 5.574752e-01 	 -8.400000e+02 	 -1.560000e+03 	 2.000000e+00
5 	 22 	 Ex 	 1 	 4.560809e-01 	 -6.000000e+02 	 -1.560000e+03 	 2.000000e+00
5 	 23 	 Ex 	 1 	 2.034675e+00 	 -3.600000e+02 	 -1.560000e+03 	 2.000000e+00
5 	 24 	 Ex 	 1 	 1.870105e+00 	 -1.200000e+02 	 -1.560000e+03 	 2.000000e+00
5 	 25 	 Ex 	 1 	 8.828875e-01 	 1.200000e+02 	 -1.560000e+03 	 2.000000e+00
5 	 26 	 Ex 	 1 	 2.541546e-01 	 3.600000e+02 	 -1.560000e+03 	 2.000000e+00
5 	 27 	 Ex 	 1 	 5.658579e-01 	 6.000000e+02 	 -1.560000e+03 	 2.000000e+00
5 	 28 	 Ex 	 1 	 1.208254e+00 	 8.400000e+02 	 -1.560000e+03 	 2.000000e+00
5 	 29 	 Ex 	 1 	 1.858364e+00 	 1.080000e+03 	 -1.560000e+03 	 2.000000e+00
5 	 30 	 Ex 	 1 	 1.320064e+00 	 1.320000e+03 	 -1.560000e+03 	 2.000000e+00
5 	 31 	 Ex 	 1 	 1.215807e+00 	 1.560000e+03 	 -1.560000e+03 	 2.000000e+00
5 	 32 	 Ex 	 1 	 1.144846e+00 	 1.800000e+03 	 -1.560000e+03 	 2.000000e+00
5 	 33 	 Ex 	 1 	 7.079387e-01 	 -1.800000e+03 	 -1.320000e+03 	 2.000000e+00
5 	 34 	 Ex 	 1 	 1.790773e-01 	 -1.560000e+03 	 -1.320000e+03 	 2.000000e+00
5 	 35 	 Ex 	 1 	 2.047977e-01 	 -1.320000e+03 	 -1.320000e+03 	 2.000000e+00
5 	 36 	 Ex 	 1 	 8.623100e-01 	 -1.080000e+03 	 -1.320000e+03 	 2.000000e+00
5 	 37 	 Ex 	 1 	 1.467349e-01 	 -8.400000e+02 	 -1.320000e+03 	 2.000000e+00
5 	 38 	 Ex 	 1 	 4.673511e-01 	 -6.000000e+02 	 -1.320000e+03 	 2.000000e+00
5 	 39 	 Ex 	 1 	 5.245996e-01 	 -3.600000e+02 	 -1.320000e+03 	 2.000000e+00
5 	 40 	 Ex 	 1 	 1.128212e+00 	 -1.200000e+02 	 -1.320000e+03 	 2.000000e+00
5 	 41 	 Ex 	 1 	 9.554048e-01 	 1.200000e+02 	 -1.320000e+03 	 2.000000e+00
5 	 42 	 Ex 	 1 	 1.522057e+00 	 3.600000e+02 	 -1.320000e+03 	 2.000000e+00
5 	 43 	 Ex 	 1 	 1.507606e+00 	 6.000000e+02 	 -1.320000e+03 	 2.000000e+00
5 	 44 	 Ex 	 1 	 8.266584e-01 	 8.400000e+02 	 -1.320000e+03 	 2.000000e+00
5 	 45 	 Ex 	 1 	 2.531150e-01 	 1.080000e+03 	 -1.320000e+03 	 2.000000e+00
5 	 46 	 Ex 	 1 	 1.241995e+00 	 1.320000e+03 	 -1.320000e+03 	 2.000000e+00
5 	 47 	 Ex 	 1 	 9.209768e-01 	 1.560000e+03 	 -1.320000e+03 	 2.000000e+00
5 	 48 	 Ex 	 1 	 3.937580e-01 	 1.800000e+03 	 -1.320000e+03 	 2.000000e+00
5 	 49 	 Ex 	 1 	 0.000000e+00 	 -1.800000e+03 	 -1.080000e+03 	 2.000000e+00
5 	 50 	 Ex 	 1 	 0.000000e+00 	 -1.560000e+03 	 -1.080000e+03 	 2.000000e+00
5 	 51 	 Ex 	 1 	 3.685863e-01 	 -1.320000e+03 	 -1.080000e+03 	 2.000000e+00
5 	 52 	 Ex 	 1 	 1.106466e+00 	 -1.080000e+03 	 -1.080000e+03 	 2.000000e+00
5 	 53 	 Ex 	 1 	 2.256616e+00 	 -8.400000e+02 	 -1.080000e+03 	 2.000000e+00
5 	 54 	 Ex 	 1 	 1.154902e+00 	 -6.000000e+02 	 -1.080000e+03 	 2.000000e+00
5 	 55 	 Ex 	 1 	 7.127068e-01 	 -3.600000e+02 	 -1.080000e+03 	 2.000000e+00
5 	 56 	 Ex 	 1 	 1.793840e+00 	 -1.200000e+02 	 -1.080000e+03 	 2.000000e+00
5 	 57 	 Ex 	 1 	 1.180986e+00 	 1.200000e+02 	 -1.080000e+03 	 2.000000e+00
5 	 58 	 Ex 	 1 	 5.301663e-01 	 3.600000e+02 	 -1.080000e+03 	 2.000000e+00
5 	 59 	 Ex 	 1 	 1.308963e+00 	 6.000000e+02 	 -1.080000e+03 	 2.000000e+00
5 	 60 	 Ex 	 1 	 1.234324e+00 	 8.400000e+02 	 -1.080000e+03 	 2.000000e+00
5 	 61 	 Ex 	 1 	 6.647831e-01 	 1.080000e+03 	 -1.080000e+03 	 2.000000e+00
5 	 62 	 Ex 	 1 	 1.163727e+00 	 1.320000e+03 	 -1.080000e+03 	 2.000000e+00
5 	 63 	 Ex 	 1 	 2.853647e-02 	 1.560000e+03 	 -1.080000e+03 	 2.000000e+00
5 	 64 	 Ex 	 1 	 1.040719e+00 	 1.800000e+03 	 -1.080000e+03 	 2.000000e+00
5 	 65 	 Ex 	 1 	 0.000000e+00 	 -1.800000e+03 	 -8.400000e+02 	 2.000000e+00
5 	 66 	 Ex 	 1 	 0.000000e+00 	 -1.560000e+03 	 -8.400000e+02 	 2.000000e+00
5 	 67 	 Ex 	 1 	 0.000000e+00 	 -1.320000e+03 	 -8.400000e+02 	 2.000000e+00
5 	 68 	 Ex 	 1 	 9.422516e-01 	 -1.080000e+03 	 -8.400000e+02 	 2.000000e+00
5 	 69 	 Ex 	 1 	 2.201530e+00 	 -8.400000e+02 	 -8.400000e+02 	 2.000000e+00
5 	 70 	 Ex 	 1 	 6.873476e-01 	 -6.000000e+02 	 -8.400000e+02 	 2.000000e+00
5 	 71 	 Ex 	 1 	 2.655818e+00 	 -3.600000e+02 	 -8.400000e+02 	 2.000000e+00
5 	 72 	 Ex 	 1 	 2.750182e+00 	 -1.200000e+02 	 -8.400000e+02 	 2.000000e+00
5 	 73 	 Ex 	 1 	 2.074995e+00 	 1.200000e+02 	 -8.400000e+02 	 2.000000e+00
5 	 74 	 Ex 	 1 	 9.483318e-01 	 3.600000e+02 	 -8.400000e+02 	 2.000000e+00
5 	 75 	 Ex 	 1 	 9.927227e-01 	 6.000000e+02 	 -8.400000e+02 	 2.000000e+00
5 	 76 	 Ex 	 1 	 8.904464e-01 	 8.400000e+02 	 -8.400000e+02 	 2.000000e+00
5 	 77 	 Ex 	 1 	 9.212675e-01 	 1.080000e+03 	 -8.400000e+02 	 2.000000e+00
5 	 78 	 Ex 	 1 	 3.338761e-01 	 1.320000e+03 	 -8.400000e+02 	 2.000000e+00
5 	 79 	 Ex 	 1 	 8.716883e-01 	 1.560000e+03 	 -8.400000e+02 	 2.000000e+00
5 	 80 	 Ex 	 1 	 2.127407e+00 	 1.800000e+03 	 -8.400000e+02 	 2.000000e+00
5 	 81 	 Ex 	 1 	 0.000000e+00 	 -1.800000e+03 	 -6.000000e+02 	 2.000000e+00
5 	 82 	 Ex 	 1 	 0.000000e+00 	 -1.560000e+03 	 -6.000000e+02 	 2.000000e+00
5 	 83 	 Ex 	 1 	 0.000000e+00 	 -1.320000e+03 	 -6.000000e+02 	 2.000000e+00
5 	 84 	 Ex 	 1 	 0.000000e+00 	 -1.080000e+03 	 -6.000000e+02 	 2.000000e+00
5 	 85 	 Ex 	 1 	 2.234804e+00 	 -8.400000e+02 	 -6.000000e+02 	 2.000000e+00
5 	 86 	 Ex 	 1 	 2.215503e+00 	 -6.000000e+02 	 -6.000000e+02 	 2.000000e+00
5 	 87 	 Ex 	 1 	 1.967171e+00 	 -3.600000e+02 	 -6.000000e+02 	 2.000000e+00
5 	 88 	 Ex 	 1 	 4.240524e+00 	 -1.200000e+02 	 -6.000000e+02 	 2.000000e+00
5 	 89 	 Ex 	 1 	 1.948641e+00 	 1.200000e+02 	 -6.000000e+02 	 2.000000e+00
5 	 90 	 Ex 	 1 	 1.073326e+00 	 3.600000e+02 	 -6.000000e+02 	 2.000000e+00
5 	 91 	 Ex 	 1 	 1.946610e+00 	 6.000000e+02 	 -6.000000e+02 	 2.000000e+00
5 	 92 	 Ex 	 1 	 2.314393e-01 	 8.400000e+02 	 -6.000000e+02 	 2.000000e+00
5 	 93 	 Ex 	 1 	 7.162476e-01 	 1.080000e+03 	 -6.000000e+02 	 2.000000e+00
5 	 94 	 Ex 	 1 	 6.157874e-01 	 1.320000e+03 	 -6.000000e+02 	 2.000000e+00
5 	 95 	 Ex 	 1 	 7.729357e-01 	 1.560000e+03 	 -6.000000e+02 	 2.000000e+00
5 	 96 	 Ex 	 1 	 1.218891e+00 	 1.800000e+03 	 -6.000000e+02 	 2.000000e+00
5 	 97 	 Ex 	 1 	 0.000000e+00 	 -1.800000e+03 	 -3.600000e+02 	 2.000000e+00
5 	 98 	 Ex 	 1 	 0.000000e+00 	 -1.560000e+03 	 -3.600000e+02 	 2.000000e+00
5 	 99 	 Ex 	 1 	 0.000000e+00 	 -1.320000e+03 	 -3.600000e+02 	 2.000000e+00
5 	 100 	 Ex 	 1 	 0.000000e+00 	 -1.080000e+03 	 -3.600000e+02 	 2.000000e+00
5 	 101 	 Ex 	 1 	 2.645512e+00 	 -8.400000e+02 	 -3.600000e+02 	 2.000000e+00
5 	 102 	 Ex 	 1 	 3.576568e+00 	 -6.000000e+02 	 -3.600000e+02 	 2.000000e+00
5 	 103 	 Ex 	 1 	 1.595971e+00 	 -3.600000e+02 	 -3.600000e+02 	 2.000000e+00
5 	 104 	 Ex 	 1 	 4.272877e+00 	 -1.200000e+02 	 -3.600000e+02 	 2.000000e+00
5 	 105 	 Ex 	 1 	 1.655793e+00 	 1.200000e+02 	 -3.600000e+02 	 2.000000e+00
5 	 106 	 Ex 	 1 	 1.532812e+00 	 3.600000e+02 	 -3.600000e+02 	 2.000000e+00
5 	 107 	 Ex 	 1 	 3.778359e-01 	 6.000000e+02 	 -3.600000e+02 	 2.000000e+00
5 	 108 	 Ex 	 1 	 3.260628e-01 	 8.400000e+02 	 -3.600000e+02 	 2.000000e+00
5 	 109 	 Ex 	 1 	 7.453191e-01 	 1.080000e+03 	 -3.600000e+02 	 2.000000e+00
5 	 110 	 Ex 	 1 	 9.535251e-01 	 1.320000e+03 	 -3.600000e+02 	 2.000000e+00
5 	 111 	 Ex 	 1 	 1.271996e+00 	 1.560000e+03 	 -3.600000e+02 	 2.000000e+00
5 	 112 	 Ex 	 1 	 9.995483e-01 	 1.800000e+03 	 -3.600000e+02 	 2.000000e+00
5 	 113 	 Ex 	 1 	 0.000000e+00 	 -1.800000e+03 	 -1.200000e+02 	 2.000000e+00
5 	 114 	 Ex 	 1 	 0.000000e+00 	 -1.560000e+03 	 -1.200000e+02 	 2.000000e+00
5 	 115 	 Ex 	 1 	 0.000000e+00 	 -1.320000e+03 	 -1.200000e+02 	 2.000000e+00
5 	 116 	 Ex 	 1 	 1.595100e+00 	 -1.080000e+03 	 -1.200000e+02 	 2.000000e+00
5 	 117 	 Ex 	 1 	 2.149973e+00 	 -8.400000e+02 	 -1.200000e+02 	 2.000000e+00
5 	 118 	 Ex 	 1 	 2.397264e+00 	 -6.000000e+02 	 -1.200000e+02 	 2.000000e+00
5 	 119 	 Ex 	 1 	 1.333297e+00 	 -3.600000e+02 	 -1.200000e+02 	 2.000000e+00
5 	 120 	 Ex 	 1 	 4.283838e+00 	 -1.200000e+02 	 -1.200000e+02 	 2.000000e+00
5 	 121 	 Ex 	 1 	 1.434478e+00 	 1.200000e+02 	 -1.200000e+02 	 2.000000e+00
5 	 122 	 Ex 	 1 	 1.516792e+00 	 3.600000e+02 	 -1.200000e+02 	 2.000000e+00
5 	 123 	 Ex 	 1 	 6.579384e-01 	 6.000000e+02 	 -1.200000e+02 	 2.000000e+00
5 	 124 	 Ex 	 1 	 1.304368e+00 	 8.400000e+02 	 -1.200000e+02 	 2.000000e+00
5 	 125 	 Ex 	 1 	 1.153956e+00 	 1.080000e+03 	 -1.200000e+02 	 2.000000e+00
5 	 126 	 Ex 	 1 	 1.327055e+00 	 1.320000e+03 	 -1.200000e+02 	 2.000000e+00
5 	 127 	 Ex 	 1 	 7.149466e-01 	 1.560000e+03 	 -1.200000e+02 	 2.000000e+00
5 	 128 	 Ex 	 1 	 1.628053e+00 	 1.800000e+03 	 -1.200000e+02 	 2.000000e+00
5 	 129 	 Ex 	 1 	 1.898768e+00 	 -1.800000e+03 	 1.200000e+02 	 2.000000e+00
5 	 130 	 Ex 	 1 	 1.305681e+00 	 -1.560000e+03 	 1.200000e+02 	 2.000000e+00
5 	 131 	 Ex 	 1 	 2.068155e+00 	 -1.320000e+03 	 1.200000e+02 	 2.000000e+00
5 	 132 	 Ex 	 1 	 1.127767e+00 	 -1.080000e+03 	 1.200000e+02 	 2.000000e+00
5 	 133 	 Ex 	 1 	 2.960702e+00 	 -8.400000e+02 	 1.200000e+02 	 2.000000e+00
5 	 134 	 Ex 	 1 	 3.693878e+00 	 -6.000000e+02 	 1.200000e+02 	 2.000000e+00
5 	 135 	 Ex 	 1 	 1.636169e+00 	 -3.600000e+02 	 1.200000e+02 	 2.000000e+00
5 	 136 	 Ex 	 1 	 3.611385e+00 	 -1.200000e+02 	 1.200000e+02 	 2.000000e+00
5 	 137 	 Ex 	 1 	 1.455035e+00 	 1.200000e+02 	 1.200000e+02 	 2.000000e+00
5 	 138 	 Ex 	 1 	 9.419038e-01 	 3.600000e+02 	 1.200000e+02 	 2.000000e+00
5 	 139 	 Ex 	 1 	 1.771209e+00 	 6.000000e+02 	 1.200000e+02 	 2.000000e+00
5 	 140 	 Ex 	 1 	 1.476918e+00 	 8.400000e+02 	 1.200000e+02 	 2.000000e+00
5 	 141 	 Ex 	 1 	 9.044541e-01 	 1.080000e+03 	 1.200000e+02 	 2.000000e+00
5 	 142 	 Ex 	 1 	 9.103557e-01 	 1.320000e+03 	 1.200000e+02 	 2.000000e+00
5 	 143 	 Ex 	 1 	 4.676835e-01 	 1.560000e+03 	 1.200000e+02 	 2.000000e+00
5 	 144 	 Ex 	 1 	 2.837109e-01 	 1.800000e+03 	 1.200000e+02 	 2.000000e+00
5 	 145 	 Ex 	 1 	 1.065914e+00 	 -1.800000e+03 	 3.600000e+02 	 2.000000e+00
5 	 146 	 Ex 	 1 	 1.513326e+00 	 -1.560000e+03 	 3.600000e+02 	 2.000000e+00
5 	 147 	 Ex 	 1 	 2.922685e-01 	 -1.320000e+03 	 3.600000e+02 	 2.000000e+00
5 	 148 	 Ex 	 1 	 1.200239e+00 	 -1.080000e+03 	 3.600000e+02 	 2.000000e+00
5 	 149 	 Ex 	 1 	 4.934229e-01 	 -8.400000e+02 	 3.600000e+02 	 2.000000e+00
5 	 150 	 Ex 	 1 	 2.683006e+00 	 -6.000000e+02 	 3.600000e+02 	 2.000000e+00
5 	 151 	 Ex 	 1 	 2.753009e-01 	 -3.600000e+02 	 3.600000e+02 	 2.000000e+00
5 	 152 	 Ex 	 1 	 1.969746e+00 	 -1.200000e+02 	 3.600000e+02 	 2.000000e+00
5 	 153 	 Ex 	 1 	 3.694383e-01 	 1.200000e+02 	 3.600000e+02 	 2.000000e+00
5 	 154 	 Ex 	 1 	 9.044774e-01 	 3.600000e+02 	 3.600000e+02 	 2.000000e+00
5 	 155 	 Ex 	 1 	 1.655194e+00 	 6.000000e+02 	 3.600000e+02 	 2.000000e+00
5 	 156 	 Ex 	 1 	 2.338661e+00 	 8.400000e+02 	 3.600000e+02 	 2.000000e+00
5 	 157 	 Ex 	 1 	 8.346003e-01 	 1.080000e+03 	 3.600000e+02 	 2.000000e+00
5 	 158 	 Ex 	 1 	 5.866896e-01 	 1.320000e+03 	 3.600000e+02 	 2.000000e+00
5 	 159 	 Ex 	 1 	 1.903637e+00 	 1.560000e+03 	 3.600000e+02 	 2.000000e+00
5 	 160 	 Ex 	 1 	 1.692962e+00 	 1.800000e+03 	 3.600000e+02 	 2.000000e+00
5 	 161 	 Ex 	 1 	 6.645887e-01 	 -1.800000e+03 	 6.000000e+02 	 2.000000e+00
5 	 162 	 Ex 	 1 	 1.399665e+00 	 -1.560000e+03 	 6.000000e+02 	 2.000000e+00
5 	 163 	 Ex 	 1 	 4.733719e-01 	 -1.320000e+03 	 6.000000e+02 	 2.000000e+00
5 	 164 	 Ex 	 1 	 1.572124e+00 	 -1.080000e+03 	 6.000000e+02 	 2.000000e+00
5 	 165 	 Ex 	 1 	 1.115929e+00 	 -8.400000e+02 	 6.000000e+02 	 2.000000e+00
5 	 166 	 Ex 	 1 	 1.554983e+00 	 -6.000000e+02 	 6.000000e+02 	 2.000000e+00
5 	 167 	 Ex 	 1 	 6.005081e-01 	 -3.600000e+02 	 6.000000e+02 	 2.000000e+00
5 	 168 	 Ex 	 1 	 7.339899e-01 	 -1.200000e+02 	 6.000000e+02 	 2.000000e+00
5 	 169 	 Ex 	 1 	 5.101253e-01 	 1.200000e+02 	 6.000000e+02 	 2.000000e+00
5 	 170 	 Ex 	 1 	 6.385574e-01 	 3.600000e+02 	 6.000000e+02 	 2.000000e+00
5 	 171 	 Ex 	 1 	 5.488902e-01 	 6.000000e+02 	 6.000000e+02 	 2.000000e+00
5 	 172 	 Ex 	 1 	 1.055570e+00 	 8.400000e+02 	 6.000000e+02 	 2.000000e+00
5 	 173 	 Ex 	 1 	 1.322235e+00 	 1.080000e+03 	 6.000000e+02 	 2.000000e+00
5 	 174 	 Ex 	 1 	 6.879579e-01 	 1.320000e+03 	 6.000000e+02 	 2.000000e+00
5 	 175 	 Ex 	 1 	 3.594569e-01 	 1.560000e+03 	 6.000000e+02 	 2.000000e+00
5 	 176 	 Ex 	 1 	 1.643724e+00 	 1.800000e+03 	 6.000000e+02 	 2.000000e+00
5 	 177 	 Ex 	 1 	 1.743678e+00 	 -1.800000e+03 	 8.400000e+02 	 2.000000e+00
5 	 178 	 Ex 	 1 	 1.505489e+00 	 -1.560000e+03 	 8.400000e+02 	 2.000000e+00
5 	 179 	 Ex 	 1 	 4.637861e-01 	 -1.320000e+03 	 8.400000e+02 	 2.000000e+00
5 	 180 	 Ex 	 1 	 1.283606e+00 	 -1.080000e+03 	 8.400000e+02 	 2.000000e+00
5 	 181 	 Ex 	 1 	 1.921168e+00 	 -8.400000e+02 	 8.400000e+02 	 2.000000e+00
5 	 182 	 Ex 	 1 	 1.532019e+00 	 -6.000000e+02 	 8.400000e+02 	 2.000000e+00
5 	 183 	 Ex 	 1 	 7.038246e-01 	 -3.600000e+02 	 8.400000e+02 	 2.000000e+00
5 	 184 	 Ex 	 1 	 8.507825e-01 	 -1.200000e+02 	 8.400000e+02 	 2.000000e+00
5 	 185 	 Ex 	 1 	 6.002769e-01 	 1.200000e+02 	 8.400000e+02 	 2.000000e+00
5 	 186 	 Ex 	 1 	 1.677542e+00 	 3.600000e+02 	 8.400000e+02 	 2.000000e+00
5 	 187 	 Ex 	 1 	 1.504532e+00 	 6.000000e+02 	 8.400000e+02 	 2.000000e+00
5 	 188 	 Ex 	 1 	 1.112950e+00 	 8.400000e+02 	 8.400000e+02 	 2.000000e+00
5 	 189 	 Ex 	 1 	 1.206036e+00 	 1.080000e+03 	 8.400000e+02 	 2.000000e+00
5 	 190 	 Ex 	 1 	 5.369608e-01 	 1.320000e+03 	 8.400000e+02 	 2.000000e+00
5 	 191 	 Ex 	 1 	 5.618086e-01 	 1.560000e+03 	 8.400000e+02 	 2.000000e+00
5 	 192 	 Ex 	 1 	 4.664511e-01 	 1.800000e+03 	 8.400000e+02 	 2.000000e+00
5 	 193 	 Ex 	 1 	 1.560422e-01 	 -1.800000e+03 	 1.080000e+03 	 2.000000e+00
5 	 194 	 Ex 	 1 	 1.047644e+00 	 -1.560000e+03 	 1.080000e+03 	 2.000000e+00
5 	 195 	 Ex 	 1 	 6.114269e-01 	 -1.320000e+03 	 1.080000e+03 	 2.000000e+00
5 	 196 	 Ex 	 1 	 1.084197e+00 	 -1.080000e+03 	 1.080000e+03 	 2.000000e+00
5 	 197 	 Ex 	 1 	 8.003840e-01 	 -8.400000e+02 	 1.080000e+03 	 2.000000e+00
5 	 198 	 Ex 	 1 	 1.276386e+00 	 -6.000000e+02 	 1.080000e+03 	 2.000000e+00
5 	 199 	 Ex 	 1 	 1.000294e+00 	 -3.600000e+02 	 1.080000e+03 	 2.000000e+00
5 	 200 	 Ex 	 1 	 2.198220e+00 	 -1.200000e+02 	 1.080000e+03 	 2.000000e+00
5 	 201 	 Ex 	 1 	 1.453353e+00 	 1.200000e+02 	 1.080000e+03 	 2.000000e+00
5 	 202 	 Ex 	 1 	 1.875713e+00 	 3.600000e+02 	 1.080000e+03 	 2.000000e+00
5 	 203 	 Ex 	 1 	 1.244984e+00 	 6.000000e+02 	 1.080000e+03 	 2.000000e+00
5 	 204 	 Ex 	 1 	 1.887987e-01 	 8.400000e+02 	 1.080000e+03 	 2.000000e+00
5 	 205 	 Ex 	 1 	 1.656058e+00 	 1.080000e+03 	 1.080000e+03 	 2.000000e+00
5 	 206 	 Ex 	 1 	 2.000092e+00 	 1.320000e+03 	 1.080000e+03 	 2.000000e+00
5 	 207 	 Ex 	 1 	 7.120671e-01 	 1.560000e+03 	 1.080000e+03 	 2.000000e+00
5 	 208 	 Ex 	 1 	 1.008109e+00 	 1.800000e+03 	 1.080000e+03 	 2.000000e+00
5 	 209 	 Ex 	 1 	 4.988802e-01 	 -1.800000e+03 	 1.320000e+03 	 2.000000e+00
5 	 210 	 Ex 	 1 	 1.528782e+00 	 -1.560000e+03 	 1.320000e+03 	 2.000000e+00
5 	 211 	 Ex 	 1 	 7.729734e-01 	 -1.320000e+03 	 1.320000e+03 	 2.000000e+00
5 	 212 	 Ex 	 1 	 1.958301e+00 	 -1.080000e+03 	 1.320000e+03 	 2.000000e+00
5 	 213 	 Ex 	 1 	 1.296787e+00 	 -8.400000e+02 	 1.320000e+03 	 2.000000e+00
5 	 214 	 Ex 	 1 	 7.319873e-01 	 -6.000000e+02 	 1.320000e+03 	 2.000000e+00
5 	 215 	 Ex 	 1 	 1.050155e+00 	 -3.600000e+02 	 1.320000e+03 	 2.000000e+00
5 	 216 	 Ex 	 1 	 1.209910e+00 	 -1.200000e+02 	 1.320000e+03 	 2.000000e+00
5 	 217 	 Ex 	 1 	 4.328073e-01 	 1.200000e+02 	 1.320000e+03 	 2.000000e+00
5 	 218 	 Ex 	 1 	 1.112514e-01 	 3.600000e+02 	 1.320000e+03 	 2.000000e+00
5 	 219 	 Ex 	 1 	 1.493143e+00 	 6.000000e+02 	 1.320000e+03 	 2.000000e+00
5 	 220 	 Ex 	 1 	 1.215740e+00 	 8.400000e+02 	 1.320000e+03 	 2.000000e+00
5 	 221 	 Ex 	 1 	 6.959761e-01 	 1.080000e+03 	 1.320000e+03 	 2.000000e+00
5 	 222 	 Ex 	 1 	 6.697931e-01 	 1.320000e+03 	 1.320000e+03 	 2.000000e+00
5 	 223 	 Ex 	 1 	 1.121497e+00 	 1.560000e+03 	 1.320000e+03 	 2.000000e+00
5 	 224 	 Ex 	 1 	 6.976669e-01 	 1.800000e+03 	 1.320000e+03 	 2.000000e+00
5 	 225 	 Ex 	 1 	 3.781869e-01 	 -1.800000e+03 	 1.560000e+03 	 2.000000e+00
5 	 226 	 Ex 	 1 	 4.351719e-01 	 -1.560000e+03 	 1.560000e+03 	 2.000000e+00
5 	 227 	 Ex 	 1 	 5.316356e-01 	 -1.320000e+03 	 1.560000e+03 	 2.000000e+00
5 	 228 	 Ex 	 1 	 6.357725e-02 	 -1.080000e+03 	 1.560000e+03 	 2.000000e+00
5 	 229 	 Ex 	 1 	 1.562711e+00 	 -8.400000e+02 	 1.560000e+03 	 2.000000e+00
5 	 230 	 Ex 	 1 	 1.232156e+00 	 -6.000000e+02 	 1.560000e+03 	 2.000000e+00
5 	 231 	 Ex 	 1 	 2.420051e-01 	 -3.600000e+02 	 1.560000e+03 	 2.000000e+00
5 	 232 	 Ex 	 1 	 9.131804e-01 	 -1.200000e+02 	 1.560000e+03 	 2.000000e+00
5 	 233 	 Ex 	 1 	 1.394219e+00 	 1.200000e+02 	 1.560000e+03 	 2.000000e+00
5 	 234 	 Ex 	 1 	 6.879447e-01 	 3.600000e+02 	 1.560000e+03 	 2.000000e+00
5 	 235 	 Ex 	 1 	 1.600743e+00 	 6.000000e+02 	 1.560000e+03 	 2.000000e+00
5 	 236 	 Ex 	 1 	 1.148982e+00 	 8.400000e+02 	 1.560000e+03 	 2.000000e+00
5 	 237 	 Ex 	 1 	 1.414398e+00 	 1.080000e+03 	 1.560000e+03 	 2.000000e+00
5 	 238 	 Ex 	 1 	 1.298442e+00 	 1.320000e+03 	 1.560000e+03 	 2.000000e+00
5 	 239 	 Ex 	 1 	 5.833296e-01 	 1.560000e+03 	 1.560000e+03 	 2.000000e+00
5 	 240 	 Ex 	 1 	 8.540901e-01 	 1.800000e+03 	 1.560000e+03 	 2.000000e+00
5 	 241 	 Ex 	 1 	 2.857359e-01 	 -1.800000e+03 	 1.800000e+03 	 2.000000e+00
5 	 242 	 Ex 	 1 	 1.088611e+00 	 -1.560000e+03 	 1.800000e+03 	 2.000000e+00
5 	 243 	 Ex 	 1 	 1.599771e+00 	 -1.320000e+03 	 1.800000e+03 	 2.000000e+00
5 	 244 	 Ex 	 1 	 1.977357e+00 	 -1.080000e+03 	 1.800000e+03 	 2.000000e+00
5 	 245 	 Ex 	 1 	 8.157448e-01 	 -8.400000e+02 	 1.800000e+03 	 2.000000e+00
5 	 246 	 Ex 	 1 	 3.173957e-01 	 -6.000000e+02 	 1.800000e+03 	 2.000000e+00
5 	 247 	 Ex 	 1 	 5.644078e-01 	 -3.600000e+02 	 1.800000e+03 	 2.000000e+00
5 	 248 	 Ex 	 1 	 1.591236e+00 	 -1.200000e+02 	 1.800000e+03 	 2.000000e+00
5 	 249 	 Ex 	 1 	 6.082887e-01 	 1.200000e+02 	 1.800000e+03 	 2.000000e+00
5 	 250 	 Ex 	 1 	 1.250483e+00 	 3.600000e+02 	 1.800000e+03 	 2.000000e+00
5 	 251 	 Ex 	 1 	 2.778734e-01 	 6.000000e+02 	 1.800000e+03 	 2.000000e+00
5 	 252 	 Ex 	 1 	 6.533082e-01 	 8.400000e+02 	 1.800000e+03 	 2.000000e+00
5 	 253 	 Ex 	 1 	 1.870897e+00 	 1.080000e+03 	 1.800000e+03 	 2.000000e+00
5 	 254 	 Ex 	 1 	 2.327913e+00 	 1.320000e+03 	 1.800000e+03 	 2.000000e+00
5 	 255 	 Ex 	 1 	 2.992233e-01 	 1.560000e+03 	 1.800000e+03 	 2.000000e+00
5 	 256 	 Ex 	 1 	 1.058207e+00 	 1.800000e+03 	 1.800000e+03 	 2.000000e+00
5 	 1 	 Ex 	 2 	 1.539364e+00 	 -1.800000e+03 	 -1.800000e+03 	 2.000000e+00
5 	 2 	 Ex 	 2 	 1.049345e+00 	 -1.560000e+03 	 -1.800000e+03 	 2.000000e+00
5 	 3 	 Ex 	 2 	 1.021941e+00 	 -1.320000e+03 	 -1.800000e+03 	 2.000000e+00
5 	 4 	 Ex 	 2 	 1.455320e+00 	 -1.080000e+03 	 -1.800000e+03 	 2.000000e+00
5 	 5 	 Ex 	 2 	 2.067179e+00 	 -8.400000e+02 	 -1.800000e+03 	 2.000000e+00
5 	 6 	 Ex 	 2 	 8.391303e-01 	 -6.000000e+02 	 -1.800000e+03 	 2.000000e+00
5 	 7 	 Ex 	 2 	 5.242388e-01 	 -3.600000e+02 	 -1.800000e+03 	 2.000000e+00
5 	 8 	 Ex 	 2 	 3.897102e-01 	 -1.200000e+02 	 -1.800000e+03 	 2.000000e+00
5 	 9 	 Ex 	 2 	 1.187992e+00 	 1.200000e+02 	 -1.800000e+03 	 2.000000e+00
5 	 10 	 Ex 	 2 	 1.107480e+00 	 3.600000e+02 	 -1.800000e+03 	 2.000000e+00
5 	 11 	 Ex 	 2 	 5.950797e-01 	 6.000000e+02 	 -1.800000e+03 	 2.000000e+00
5 	 12 	 Ex 	 2 	 6.848178e-01 	 8.400000e+02 	 -1.800000e+03 	 2.000000e+00
5 	 13 	 Ex 	 2 	 4.054827e-01 	 1.080000e+03 	 -1.800000e+03 	 2.000000e+00
5 	 14 	 Ex 	 2 	 9.998797e-01 	 1.320000e+03 	 -1.800000e+03 	 2.000000e+00
5 	 15 	 Ex 	 2 	 1.469224e+00 	 1.560000e+03 	 -1.800000e+03 	 2.000000e+00
5 	 16 	 Ex 	 2 	 2.194970e+00 	 1.800000e+03 	 -1.800000e+03 	 2.000000e+00
5 	 17 	 Ex 	 2 	 8.639491e-01 	 -1.800000e+03 	 -1.560000e+03 	 2.000000e+00
5 	 18 	 Ex 	 2 	 8.601812e-01 	 -1.560000e+03 	 -1.560000e+03 	 2.000000e+00
5 	 19 	 Ex 	 2 	 9.407409e-01 	 -1.320000e+03 	 -1.560000e+03 	 2.000000e+00
5 	 20 	 Ex 	 2 	 1.452939e+00 	 -1.080000e+03 	 -1.560000e+03 	 2.000000e+00
5 	 21 	 Ex 	 2 	 7.169571e-01 	 -8.400000e+02 	 -1.560000e+03 	 2.000000e+00
5 	 22 	 Ex 	 2 	 7.335021e-01 	 -6.000000e+02 	 -1.560000e+03 	 2.000000e+00
5 	 23 	 Ex 	 2 	 4.969144e-01 	 -3.600000e+02 	 -1.560000e+03 	 2.000000e+00
5 	 24 	 Ex 	 2 	 7.051250e-01 	 -1.200000e+02 	 -1.560000e+03 	 2.000000e+00
5 	 25 	 Ex 	 2 	 4.356985e-01 	 1.200000e+02 	 -1.560000e+03 	 2.000000e+00
5 	 26 	 Ex 	 2 	 6.997719e-01 	 3.600000e+02 	 -1.560000e+03 	 2.000000e+00
5 	 27 	 Ex 	 2 	 2.042647e+00 	 6.000000e+02 	 -1.560000e+03 	 2.000000e+00
5 	 28 	 Ex 	 2 	 2.101578e+00 	 8.400000e+02 	 -1.560000e+03 	 2.000000e+00
5 	 29 	 Ex 	 2 	 4.803615e-01 	 1.080000e+03 	 -1.560000e+03 	 2.000000e+00
5 	 30 	 Ex 	 2 	 3.602293e-01 	 1.320000e+03 	 -1.560000e+03 	 2.000000e+00
5 	 31 	 Ex 	 2 	 2.167583e+00 	 1.560000e+03 	 -1.560000e+03 	 2.000000e+00
5 	 32 	 Ex 	 2 	 1.303819e+00 	 1.800000e+03 	 -1.560000e+03 	 2.000000e+00
5 	 33 	 Ex 	 2 	 1.379493e-01 	 -1.800000e+03 	 -1.320000e+03 	 2.000000e+00
5 	 34 	 Ex 	 2 	 7.591456e-01 	 -1.560000e+03 	 -1.320000e+03 	 2.000000e+00
5 	 35 	 Ex 	 2 	 2.705038e-01 	 -1.320000e+03 	 -1.320000e+03 	 2.000000e+00
5 	 36 	 Ex 	 2 	 5.529439e-01 	 -1.080000e+03 	 -1.320000e+03 	 2.000000e+00
5 	 37 	 Ex 	 2 	 1.130293e+00 	 -8.400000e+02 	 -1.320000e+03 	 2.000000e+00
5 	 38 	 Ex 	 2 	 3.754570e-01 	 -6.000000e+02 	 -1.320000e+03 	 2.000000e+00
5 	 39 	 Ex 	 2 	 4.907441e-01 	 -3.600000e+02 	 -1.320000e+03 	 2.000000e+00
5 	 40 	 Ex 	 2 	 1.911183e+00 	 -1.200000e+02 	 -1.320000e+03 	 2.000000e+00
5 	 41 	 Ex 	 2 	 8.972940e-01 	 1.200000e+02 	 -1.320000e+03 	 2.000000e+00
5 	 42 	 Ex 	 2 	 5.333933e-01 	 3.600000e+02 	 -1.320000e+03 	 2.000000e+00
5 	 43 	 Ex 	 2 	 9.991238e-01 	 6.000000e+02 	 -1.320000e+03 	 2.000000e+00
5 	 44 	 Ex 	 2 	 4.184712e-01 	 8.400000e+02 	 -1.320000e+03 	 2.000000e+00
5 	 45 	 Ex 	 2 	 1.430173e+00 	 1.080000e+03 	 -1.320000e+03 	 2.000000e+00
5 	 46 	 Ex 	 2 	 5.445196e-01 	 1.320000e+03 	 -1.320000e+03 	 2.000000e+00
5 	 47 	 Ex 	 2 	 9.576953e-01 	 1.560000e+03 	 -1.320000e+03 	 2.000000e+00
5 	 48 	 Ex 	 2 	 1.061282e+00 	 1.800000e+03 	 -1.320000e+03 	 2.000000e+00
5 	 49 	 Ex 	 2 	 0.000000e+00 	 -1.800000e+03 	 -1.080000e+03 	 2.000000e+00
5 	 50 	 Ex 	 2 	 0.000000e+00 	 -1.560000e+03 	 -1.080000e+03 	 2.000000e+00
5 	 51 	 Ex 	 2 	 3.470646e-01 	 -1.320000e+03 	 -1.080000e+03 	 2.000000e+00
5 	 52 	 Ex 	 2 	 1.187810e+00 	 -1.080000e+03 	 -1.080000e+03 	 2.000000e+00
5 	 53 	 Ex 	 2 	 5.705486e-01 	 -8.400000e+02 	 -1.080000e+03 	 2.000000e+00
5 	 54 	 Ex 	 2 	 6.089569e-01 	 -6.000000e+02 	 -1.080000e+03 	 2.000000e+00
5 	 55 	 Ex 	 2 	 1.751719e+00 	 -3.600000e+02 	 -1.080000e+03 	 2.000000e+00
5 	 56 	 Ex 	 2 	 2.852369e+00 	 -1.200000e+02 	 -1.080000e+03 	 2.000000e+00
5 	 57 	 Ex 	 2 	 1.650021e+00 	 1.200000e+02 	 -1.080000e+03 	 2.000000e+00
5 	 58 	 Ex 	 2 	 1.553017e+00 	 3.600000e+02 	 -1.080000e+03 	 2.000000e+00
5 	 59 	 Ex 	 2 	 2.762561e-01 	 6.000000e+02 	 -1.080000e+03 	 2.000000e+00
5 	 60 	 Ex 	 2 	 1.786421e+00 	 8.400000e+02 	 -1.080000e+03 	 2.000000e+00
5 	 61 	 Ex 	 2 	 2.178963e+00 	 1.080000e+03 	 -1.080000e+03 	 2.000000e+00
5 	 62 	 Ex 	 2 	 1.572359e+00 	 1.320000e+03 	 -1.080000e+03 	 2.000000e+00
5 	 63 	 Ex 	 2 	 8.652768e-01 	 1.560000e+03 	 -1.080000e+03 	 2.000000e+00
5 	 64 	 Ex 	 2 	 1.319123e+00 	 1.800000e+03 	 -1.080000e+03 	 2.000000e+00
5 	 65 	 Ex 	 2 	 0.000000e+00 	 -1.800000e+03 	 -8.400000e+02 	 2.000000e+00
5 	 66 	 Ex 	 2 	 0.000000e+00 	 -1.560000e+03 	 -8.400000e+02 	 2.000000e+00
5 	 67 	 Ex 	 2 	 0.000000e+00 	 -1.320000e+03 	 -8.400000e+02 	 2.000000e+00
5 	 68 	 Ex 	 2 	 1.125162e+00 	 -1.080000e+03 	 -8.400000e+02 	 2.000000e+00
5 	 69 	 Ex 	 2 	 2.543741e+00 	 -8.400000e+02 	 -8.400000e+02 	 2.000000e+00
5 	 70 	 Ex 	 2 	 1.301848e+00 	 -6.000000e+02 	 -8.400000e+02 	 2.000000e+00
5 	 71 	 Ex 	 2 	 2.920064e+00 	 -3.600000e+02 	 -8.400000e+02 	 2.000000e+00
5 	 72 	 Ex 	 2 	 3.764510e+00 	 -1.200000e+02 	 -8.400000e+02 	 2.000000e+00
5 	 73 	 Ex 	 2 	 2.344701e+00 	 1.200000e+02 	 -8.400000e+02 	 2.000000e+00
5 	 74 	 Ex 	 2 	 9.854087e-01 	 3.600000e+02 	 -8.400000e+02 	 2.000000e+00
5 	 75 	 Ex 	 2 	 8.209443e-01 	 6.000000e+02 	 -8.400000e+02 	 2.000000e+00
5 	 76 	 Ex 	 2 	 1.241973e+00 	 8.400000e+02 	 -8.400000e+02 	 2.000000e+00
5 	 77 	 Ex 	 2 	 8.018826e-01 	 1.080000e+03 	 -8.400000e+02 	 2.000000e+00
5 	 78 	 Ex 	 2 	 1.779673e+00 	 1.320000e+03 	 -8.400000e+02 	 2.000000e+00
5 	 79 	 Ex 	 2 	 1.161206e+00 	 1.560000e+03 	 -8.400000e+02 	 2.000000e+00
5 	 80 	 Ex 	 2 	 4.362498e-01 	 1.800000e+03 	 -8.400000e+02 	 2.000000e+00
5 	 81 	 Ex 	 2 	 0.000000e+00 	 -1.800000e+03 	 -6.000000e+02 	 2.000000e+00
5 	 82 	 Ex 	 2 	 0.000000e+00 	 -1.560000e+03 	 -6.000000e+02 	 2.000000e+00
5 	 83 	 Ex 	 2 	 0.000000e+00 	 -1.320000e+03 	 -6.000000e+02 	 2.000000e+00
5 	 84 	 Ex 	 2 	 0.000000e+00 	 -1.080000e+03 	 -6.000000e+02 	 2.000000e+00
5 	 85 	 Ex 	 2 	 1.108892e+00 	 -8.400000e+02 	 -6.000000e+02 	 2.000000e+00
5 	 86 	 Ex 	 2 	 3.143949e+00 	 -6.000000e+02 	 -6.000000e+02 	 2.000000e+00
5 	 87 	 Ex 	 2 	 8.363312e-01 	 -3.600000e+02 	 -6.000000e+02 	 2.000000e+00
5 	 88 	 Ex 	 2 	 3.490519e+00 	 -1.200000e+02 	 -6.000000e+02 	 2.000000e+00
5 	 89 	 Ex 	 2 	 2.120304e+00 	 1.200000e+02 	 -6.000000e+02 	 2.000000e+00
5 	 90 	 Ex 	 2 	 8.460422e-01 	 3.600000e+02 	 -6.000000e+02 	 2.000000e+00
5 	 91 	 Ex 	 2 	 1.403967e+00 	 6.000000e+02 	 -6.000000e+02 	 2.000000e+00
5 	 92 	 Ex 	 2 	 1.426462e+00 	 8.400000e+02 	 -6.000000e+02 	 2.000000e+00
5 	 93 	 Ex 	 2 	 1.185408e+00 	 1.080000e+03 	 -6.000000e+02 	 2.000000e+00
5 	 94 	 Ex 	 2 	 1.061702e+00 	 1.320000e+03 	 -6.000000e+02 	 2.000000e+00
5 	 95 	 Ex 	 2 	 3.172273e-01 	 1.560000e+03 	 -6.000000e+02 	 2.000000e+00
5 	 96 	 Ex 	 2 	 5.682516e-01 	 1.800000e+03 	 -6.000000e+02 	 2.000000e+00
5 	 97 	 Ex 	 2 	 0.000000e+00 	 -1.800000e+03 	 -3.600000e+02 	 2.000000e+00
5 	 98 	 Ex 	 2 	 0.000000e+00 	 -1.560000e+03 	 -3.600000e+02 	 2.000000e+00
5 	 99 	 Ex 	 2 	 0.000000e+00 	 -1.320000e+03 	 -3.600000e+02 	 2.000000e+00
5 	 100 	 Ex 	 2 	 0.000000e+00 	 -1.080000e+03 	 -3.600000e+02 	 2.000000e+00
5 	 101 	 Ex 	 2 	 3.786712e-01 	 -8.400000e+02 	 -3.600000e+02 	 2.000000e+00
5 	 102 	 Ex 	 2 	 3.581364e+00 	 -6.000000e+02 	 -3.600000e+02 	 2.000000e+00
5 	 103 	 Ex 	 2 	 8.954774e-01 	 -3.600000e+02 	 -3.600000e+02 	 2.000000e+00
5 	 104 	 Ex 	 2 	 4.253992e+00 	 -1.200000e+02 	 -3.600000e+02 	 2.000000e+00
5 	 105 	 Ex 	 2 	 3.306908e+00 	 1.200000e+02 	 -3.600000e+02 	 2.000000e+00
5 	 106 	 Ex 	 2 	 1.654440e+00 	 3.600000e+02 	 -3.600000e+02 	 2.000000e+00
5 	 107 	 Ex 	 2 	 1.258386e+00 	 6.000000e+02 	 -3.600000e+02 	 2.000000e+00
5 	 108 	 Ex 	 2 	 1.122281e+00 	 8.400000e+02 	 -3.600000e+02 	 2.000000e+00
5 	 109 	 Ex 	 2 	 9.057330e-01 	 1.080000e+03 	 -3.600000e+02 	 2.000000e+00
5 	 110 	 Ex 	 2 	 1.776787e+00 	 1.320000e+03 	 -3.600000e+02 	 2.000000e+00
5 	 111 	 Ex 	 2 	 2.732907e+00 	 1.560000e+03 	 -3.600000e+02 	 2.000000e+00
5 	 112 	 Ex 	 2 	 1.354692e+00 	 1.800000e+03 	 -3.600000e+02 	 2.000000e+00
5 	 113 	 Ex 	 2 	 0.000000e+00 	 -1.800000e+03 	 -1.200000e+02 	 2.000000e+00
5 	 114 	 Ex 	 2 	 0.000000e+00 	 -1.560000e+03 	 -1.200000e+02 	 2.000000e+00
5 	 115 	 Ex 	 2 	 0.000000e+00 	 -1.320000e+03 	 -1.200000e+02 	 2.000000e+00
5 	 116 	 Ex 	 2 	 1.890444e+00 	 -1.080000e+03 	 -1.200000e+02 	 2.000000e+00
5 	 117 	 Ex 	 2 	 2.425553e+00 	 -8.400000e+02 	 -1.200000e+02 	 2.000000e+00
5 	 118 	 Ex 	 2 	 3.337612e+00 	 -6.000000e+02 	 -1.200000e+02 	 2.000000e+00
5 	 119 	 Ex 	 2 	 1.067735e+00 	 -3.600000e+02 	 -1.200000e+02 	 2.000000e+00
5 	 120 	 Ex 	 2 	 4.892811e+00 	 -1.200000e+02 	 -1.200000e+02 	 2.000000e+00
5 	 121 	 Ex 	 2 	 3.217504e+00 	 1.200000e+02 	 -1.200000e+02 	 2.000000e+00
5 	 122 	 Ex 	 2 	 1.566002e+00 	 3.600000e+02 	 -1.200000e+02 	 2.000000e+00
5 	 123 	 Ex 	 2 	 9.681070e-01 	 6.000000e+02 	 -1.200000e+02 	 2.000000e+00
5 	 124 	 Ex 	 2 	 7.373769e-01 	 8.400000e+02 	 -1.200000e+02 	 2.000000e+00
5 	 125 	 Ex 	 2 	 1.065271e+00 	 1.080000e+03 	 -1.200000e+02 	 2.000000e+00
5 	 126 	 Ex 	 2 	 9.583603e-01 	 1.320000e+03 	 -1.200000e+02 	 2.000000e+00
5 	 127 	 Ex 	 2 	 2.196067e+00 	 1.560000e+03 	 -1.200000e+02 	 2.000000e+00
5 	 128 	 Ex 	 2 	 1.816856e+00 	 1.800000e+03 	 -1.200000e+02 	 2.000000e+00
5 	 129 	 Ex 	 2 	 8.553801e-01 	 -1.800000e+03 	 1.200000e+02 	 2.000000e+00
5 	 130 	 Ex 	 2 	 6.895747e-01 	 -1.560000e+03 	 1.200000e+02 	 2.000000e+00
5 	 131 	 Ex 	 2 	 1.355965e+00 	 -1.320000e+03 	 1.200000e+02 	 2.000000e+00
5 	 132 	 Ex 	 2 	 3.193809e+00 	 -1.080000e+03 	 1.200000e+02 	 2.000000e+00
5 	 133 	 Ex 	 2 	 3.314996e+00 	 -8.400000e+02 	 1.200000e+02 	 2.000000e+00
5 	 134 	 Ex 	 2 	 2.242778e+00 	 -6.000000e+02 	 1.200000e+02 	 2.000000e+00
5 	 135 	 Ex 	 2 	 4.800072e-01 	 -3.600000e+02 	 1.200000e+02 	 2.000000e+00
5 	 136 	 Ex 	 2 	 3.981047e+00 	 -1.200000e+02 	 1.200000e+02 	 2.000000e+00
5 	 137 	 Ex 	 2 	 1.300493e+00 	 1.200000e+02 	 1.200000e+02 	 2.000000e+00
5 	 138 	 Ex 	 2 	 2.148541e-01 	 3.600000e+02 	 1.200000e+02 	 2.000000e+00
5 	 139 	 Ex 	 2 	 1.371973e+00 	 6.000000e+02 	 1.200000e+02 	 2.000000e+00
5 	 140 	 Ex 	 2 	 1.236875e+00 	 8.400000e+02 	 1.200000e+02 	 2.000000e+00
5 	 141 	 Ex 	 2 	 1.209713e+00 	 1.080000e+03 	 1.200000e+02 	 2.000000e+00
5 	 142 	 Ex 	 2 	 1.096413e+00 	 1.320000e+03 	 1.200000e+02 	 2.000000e+00
5 	 143 	 Ex 	 2 	 1.486692e+00 	 1.560000e+03 	 1.200000e+02 	 2.000000e+00
5 	 144 	 Ex 	 2 	 1.861959e+00 	 1.800000e+03 	 1.200000e+02 	 2.000000e+00
5 	 145 	 Ex 	 2 	 5.460486e-01 	 -1.800000e+03 	 3.600000e+02 	 2.000000e+00
5 	 146 	 Ex 	 2 	 4.435406e-01 	 -1.560000e+03 	 3.600000e+02 	 2.000000e+00
5 	 147 	 Ex 	 2 	 1.461708e+00 	 -1.320000e+03 	 3.600000e+02 	 2.000000e+00
5 	 148 	 Ex 	 2 	 2.122578e+00 	 -1.080000e+03 	 3.600000e+02 	 2.000000e+00
5 	 149 	 Ex 	 2 	 7.267444e-01 	 -8.400000e+02 	 3.600000e+02 	 2.000000e+00
5 	 150 	 Ex 	 2 	 2.168899e+00 	 -6.000000e+02 	 3.600000e+02 	 2.000000e+00
5 	 151 	 Ex 	 2 	 1.450661e+00 	 -3.600000e+02 	 3.600000e+02 	 2.000000e+00
5 	 152 	 Ex 	 2 	 3.973689e+00 	 -1.200000e+02 	 3.600000e+02 	 2.000000e+00
5 	 153 	 Ex 	 2 	 1.990428e+00 	 1.200000e+02 	 3.600000e+02 	 2.000000e+00
5 	 154 	 Ex 	 2 	 7.287424e-01 	 3.600000e+02 	 3.600000e+02 	 2.000000e+00
5 	 155 	 Ex 	 2 	 1.026947e+00 	 6.000000e+02 	 3.600000e+02 	 2.000000e+00
5 	 156 	 Ex 	 2 	 1.186780e+00 	 8.400000e+02 	 3.600000e+02 	 2.000000e+00
5 	 157 	 Ex 	 2 	 6.586805e-01 	 1.080000e+03 	 3.600000e+02 	 2.000000e+00
5 	 158 	 Ex 	 2 	 7.270424e-01 	 1.320000e+03 	 3.600000e+02 	 2.000000e+00
5 	 159 	 Ex 	 2 	 1.274058e+00 	 1.560000e+03 	 3.600000e+02 	 2.000000e+00
5 	 160 	 Ex 	 2 	 5.604450e-01 	 1.800000e+03 	 3.600000e+02 	 2.000000e+00
5 	 161 	 Ex 	 2 	 6.500390e-01 	 -1.800000e+03 	 6.000000e+02 	 2.000000e+00
5 	 162 	 Ex 	 2 	 8.772368e-01 	 -1.560000e+03 	 6.000000e+02 	 2.000000e+00
5 	 163 	 Ex 	 2 	 4.791366e-01 	 -1.320000e+03 	 6.000000e+02 	 2.000000e+00
5 	 164 	 Ex 	 2 	 1.444510e+00 	 -1.080000e+03 	 6.000000e+02 	 2.000000e+00
5 	 165 	 Ex 	 2 	 1.571318e+00 	 -8.400000e+02 	 6.000000e+02 	 2.000000e+00
5 	 166 	 Ex 	 2 	 5.388962e-01 	 -6.000000e+02 	 6.000000e+02 	 2.000000e+00
5 	 167 	 Ex 	 2 	 1.743483e+00 	 -3.600000e+02 	 6.000000e+02 	 2.000000e+00
5 	 168 	 Ex 	 2 	 1.363833e+00 	 -1.200000e+02 	 6.000000e+02 	 2.000000e+00
5 	 169 	 Ex 	 2 	 9.954885e-01 	 1.200000e+02 	 6.000000e+02 	 2.000000e+00
5 	 170 	 Ex 	 2 	 2.890125e-01 	 3.600000e+02 	 6.000000e+02 	 2.000000e+00
5 	 171 	 Ex 	 2 	 1.637338e+00 	 6.000000e+02 	 6.000000e+02 	 2.000000e+00
5 	 172 	 Ex 	 2 	 2.249098e-01 	 8.400000e+02 	 6.000000e+02 	 2.000000e+00
5 	 173 	 Ex 	 2 	 8.182452e-01 	 1.080000e+03 	 6.000000e+02 	 2.000000e+00
5 	 174 	 Ex 	 2 	 1.358553e+00 	 1.320000e+03 	 6.000000e+02 	 2.000000e+00
5 	 175 	 Ex 	 2 	 9.407123e-01 	 1.560000e+03 	 6.000000e+02 	 2.000000e+00
5 	 176 	 Ex 	 2 	 8.641254e-01 	 1.800000e+03 	 6.000000e+02 	 2.000000e+00
5 	 177 	 Ex 	 2 	 1.057406e+00 	 -1.800000e+03 	 8.400000e+02 	 2.000000e+00
5 	 178 	 Ex 	 2 	 8.500398e-01 	 -1.560000e+03 	 8.400000e+02 	 2.000000e+00
5 	 179 	 Ex 	 2 	 2.332472e+00 	 -1.320000e+03 	 8.400000e+02 	 2.000000e+00
5 	 180 	 Ex 	 2 	 6.671194e-01 	 -1.080000e+03 	 8.400000e+02 	 2.000000e+00
5 	 181 	 Ex 	 2 	 1.054755e+00 	 -8.400000e+02 	 8.400000e+02 	 2.000000e+00
5 	 182 	 Ex 	 2 	 1.145956e+00 	 -6.000000e+02 	 8.400000e+02 	 2.000000e+00
5 	 183 	 Ex 	 2 	 1.258618e+00 	 -3.600000e+02 	 8.400000e+02 	 2.000000e+00
5 	 184 	 Ex 	 2 	 1.302940e+00 	 -1.200000e+02 	 8.400000e+02 	 2.000000e+00
5 	 185 	 Ex 	 2 	 9.496452e-01 	 1.200000e+02 	 8.400000e+02 	 2.000000e+00
5 	 186 	 Ex 	 2 	 1.488091e+00 	 3.600000e+02 	 8.400000e+02 	 2.000000e+00
5 	 187 	 Ex 	 2 	 1.070588e+00 	 6.000000e+02 	 8.400000e+02 	 2.000000e+00
5 	 188 	 Ex 	 2 	 1.246149e+00 	 8.400000e+02 	 8.400000e+02 	 2.000000e+00
5 	 189 	 Ex 	 2 	 1.475368e+00 	 1.080000e+03 	 8.400000e+02 	 2.000000e+00
5 	 190 	 Ex 	 2 	 8.261085e-01 	 1.320000e+03 	 8.400000e+02 	 2.000000e+00
5 	 191 	 Ex 	 2 	 2.262622e-01 	 1.560000e+03 	 8.400000e+02 	 2.000000e+00
5 	 192 	 Ex 	 2 	 6.657109e-01 	 1.800000e+03 	 8.400000e+02 	 2.000000e+00
5 	 193 	 Ex 	 2 	 4.577510e-01 	 -1.800000e+03 	 1.080000e+03 	 2.000000e+00
5 	 194 	 Ex 	 2 	 1.049798e+00 	 -1.560000e+03 	 1.080000e+03 	 2.000000e+00
5 	 195 	 Ex 	 2 	 1.629841e+00 	 -1.320000e+03 	 1.080000e+03 	 2.000000e+00
5 	 196 	 Ex 	 2 	 3.383811e-01 	 -1.080000e+03 	 1.080000e+03 	 2.000000e+00
5 	 197 	 Ex 	 2 	 5.346112e-01 	 -8.400000e+02 	 1.080000e+03 	 2.000000e+00
5 	 198 	 Ex 	 2 	 4.873030e-01 	 -6.000000e+02 	 1.080000e+03 	 2.000000e+00
5 	 199 	 Ex 	 2 	 1.792144e+00 	 -3.600000e+02 	 1.080000e+03 	 2.000000e+00
5 	 200 	 Ex 	 2 	 1.548337e+00 	 -1.200000e+02 	 1.080000e+03 	 2.000000e+00
5 	 201 	 Ex 	 2 	 5.913532e-01 	 1.200000e+02 	 1.080000e+03 	 2.000000e+00
5 	 202 	 Ex 	 2 	 1.481603e+00 	 3.600000e+02 	 1.080000e+03 	 2.000000e+00
5 	 203 	 Ex 	 2 	 4.221442e-01 	 6.000000e+02 	 1.080000e+03 	 2.000000e+00
5 	 204 	 Ex 	 2 	 9.915615e-01 	 8.400000e+02 	 1.080000e+03 	 2.000000e+00
5 	 205 	 Ex 	 2 	 1.245113e+00 	 1.080000e+03 	 1.080000e+03 	 2.000000e+00
5 	 206 	 Ex 	 2 	 1.412012e+00 	 1.320000e+03 	 1.080000e+03 	 2.000000e+00
5 	 207 	 Ex 	 2 	 1.351690e+00 	 1.560000e+03 	 1.080000e+03 	 2.000000e+00
5 	 208 	 Ex 	 2 	 2.864859e-01 	 1.800000e+03 	 1.080000e+03 	 2.000000e+00
5 	 209 	 Ex 	 2 	 1.070249e+00 	 -1.800000e+03 	 1.320000e+03 	 2.000000e+00
5 	 210 	 Ex 	 2 	 8.610650e-01 	 -1.560000e+03 	 1.320000e+03 	 2.000000e+00
5 	 211 	 Ex 	 2 	 1.322883e+00 	 -1.320000e+03 	 1.320000e+03 	 2.000000e+00
5 	 212 	 Ex 	 2 	 9.293718e-01 	 -1.080000e+03 	 1.320000e+03 	 2.000000e+00
5 	 213 	 Ex 	 2 	 9.222407e-01 	 -8.400000e+02 	 1.320000e+03 	 2.000000e+00
5 	 214 	 Ex 	 2 	 3.308566e-01 	 -6.000000e+02 	 1.320000e+03 	 2.000000e+00
5 	 215 	 Ex 	 2 	 1.037589e+00 	 -3.600000e+02 	 1.320000e+03 	 2.000000e+00
5 	 216 	 Ex 	 2 	 1.009444e+00 	 -1.200000e+02 	 1.320000e+03 	 2.000000e+00
5 	 217 	 Ex 	 2 	 1.178479e+00 	 1.200000e+02 	 1.320000e+03 	 2.000000e+00
5 	 218 	 Ex 	 2 	 1.737795e+00 	 3.600000e+02 	 1.320000e+03 	 2.000000e+00
5 	 219 	 Ex 	 2 	 2.072978e+00 	 6.000000e+02 	 1.320000e+03 	 2.000000e+00
5 	 220 	 Ex 	 2 	 1.123779e+00 	 8.400000e+02 	 1.320000e+03 	 2.000000e+00
5 	 221 	 Ex 	 2 	 7.564805e-01 	 1.080000e+03 	 1.320000e+03 	 2.000000e+00
5 	 222 	 Ex 	 2 	 4.878767e-01 	 1.320000e+03 	 1.320000e+03 	 2.000000e+00
5 	 223 	 Ex 	 2 	 5.137924e-01 	 1.560000e+03 	 1.320000e+03 	 2.000000e+00
5 	 224 	 Ex 	 2 	 8.326685e-01 	 1.800000e+03 	 1.320000e+03 	 2.000000e+00
5 	 225 	 Ex 	 2 	 5.381919e-01 	 -1.800000e+03 	 1.560000e+03 	 2.000000e+00
5 	 226 	 Ex 	 2 	 7.327802e-01 	 -1.560000e+03 	 1.560000e+03 	 2.000000e+00
5 	 227 	 Ex 	 2 	 7.384300e-01 	 -1.320000e+03 	 1.560000e+03 	 2.000000e+00
5 	 228 	 Ex 	 2 	 9.719642e-01 	 -1.080000e+03 	 1.560000e+03 	 2.000000e+00
5 	 229 	 Ex 	 2 	 1.115933e+00 	 -8.400000e+02 	 1.560000e+03 	 2.000000e+00
5 	 230 	 Ex 	 2 	 8.040643e-01 	 -6.000000e+02 	 1.560000e+03 	 2.000000e+00
5 	 231 	 Ex 	 2 	 1.334037e+00 	 -3.600000e+02 	 1.560000e+03 	 2.000000e+00
5 	 232 	 Ex 	 2 	 1.185670e+00 	 -1.200000e+02 	 1.560000e+03 	 2.000000e+00
5 	 233 	 Ex 	 2 	 1.211098e+00 	 1.200000e+02 	 1.560000e+03 	 2.000000e+00
5 	 234 	 Ex 	 2 	 1.123662e+00 	 3.600000e+02 	 1.560000e+03 	 2.000000e+00
5 	 235 	 Ex 	 2 	 1.141355e+00 	 6.000000e+02 	 1.560000e+03 	 2.000000e+00
5 	 236 	 Ex 	 2 	 1.232498e+00 	 8.400000e+02 	 1.560000e+03 	 2.000000e+00
5 	 237 	 Ex 	 2 	 5.942736e-01 	 1.080000e+03 	 1.560000e+03 	 2.000000e+00
5 	 238 	 Ex 	 2 	 1.159464e+00 	 1.320000e+03 	 1.560000e+03 	 2.000000e+00
5 	 239 	 Ex 	 2 	 1.500150e+00 	 1.560000e+03 	 1.560000e+03 	 2.000000e+00
5 	 240 	 Ex 	 2 	 9.859163e-01 	 1.800000e+03 	 1.560000e+03 	 2.000000e+00
5 	 241 	 Ex 	 2 	 1.601370e+00 	 -1.800000e+03 	 1.800000e+03 	 2.000000e+00
5 	 242 	 Ex 	 2 	 1.029487e+00 	 -1.560000e+03 	 1.800000e+03 	 2.000000e+00
5 	 243 	 Ex 	 2 	 1.400609e-01 	 -1.320000e+03 	 1.800000e+03 	 2.000000e+00
5 	 244 	 Ex 	 2 	 7.924666e-01 	 -1.080000e+03 	 1.800000e+03 	 2.000000e+00
5 	 245 	 Ex 	 2 	 1.168539e+00 	 -8.400000e+02 	 1.800000e+03 	 2.000000e+00
5 	 246 	 Ex 	 2 	 9.857337e-01 	 -6.000000e+02 	 1.800000e+03 	 2.000000e+00
5 	 247 	 Ex 	 2 	 1.055491e+00 	 -3.600000e+02 	 1.800000e+03 	 2.000000e+00
5 	 248 	 Ex 	 2 	 4.354999e-01 	 -1.200000e+02 	 1.800000e+03 	 2.000000e+00
5 	 249 	 Ex 	 2 	 1.186797e-01 	 1.200000e+02 	 1.800000e+03 	 2.000000e+00
5 	 250 	 Ex 	 2 	 1.229368e+00 	 3.600000e+02 	 1.800000e+03 	 2.000000e+00
5 	 251 	 Ex 	 2 	 1.597310e+00 	 6.000000e+02 	 1.800000e+03 	 2.000000e+00
5 	 252 	 Ex 	 2 	 4.810148e-01 	 8.400000e+02 	 1.800000e+03 	 2.000000e+00
5 	 253 	 Ex 	 2 	 1.212719e+00 	 1.080000e+03 	 1.800000e+03 	 2.000000e+00
5 	 254 	 Ex 	 2 	 1.115980e+00 	 1.320000e+03 	 1.800000e+03 	 2.000000e+00
5 	 255 	 Ex 	 2 	 1.296708e+00 	 1.560000e+03 	 1.800000e+03 	 2.000000e+00
5 	 256 	 Ex 	 2 	 5.426887e-01 	 1.800000e+03 	 1.800000e+03 	 2.000000e+00
5 	 1 	 Ey 	 1 	 3.447950e-01 	 -1.800000e+03 	 -1.800000e+03 	 2.000000e+00
5 	 2 	 Ey 	 1 	 1.378094e+00 	 -1.560000e+03 	 -1.800000e+03 	 2.000000e+00
5 	 3 	 Ey 	 1 	 1.179581e+00 	 -1.320000e+03 	 -1.800000e+03 	 2.000000e+00
5 	 4 	 Ey 	 1 	 1.068881e+00 	 -1.080000e+03 	 -1.800000e+03 	 2.000000e+00
5 	 5 	 Ey 	 1 	 1.463570e+00 	 -8.400000e+02 	 -1.800000e+03 	 2.000000e+00
5 	 6 	 Ey 	 1 	 5.100574e-01 	 -6.000000e+02 	 -1.800000e+03 	 2.000000e+00
5 	 7 	 Ey 	 1 	 1.102031e+00 	 -3.600000e+02 	 -1.800000e+03 	 2.000000e+00
5 	 8 	 Ey 	 1 	 5.625792e-01 	 -1.200000e+02 	 -1.800000e+03 	 2.000000e+00
5 	 9 	 Ey 	 1 	 3.496551e-01 	 1.200000e+02 	 -1.800000e+03 	 2.000000e+00
5 	 10 	 Ey 	 1 	 3.558910e-01 	 3.600000e+02 	 -1.800000e+03 	 2.000000e+00
5 	 11 	 Ey 	 1 	 7.544464e-01 	 6.000000e+02 	 -1.800000e+03 	 2.000000e+00
5 	 12 	 Ey 	 1 	 1.068963e+00 	 8.400000e+02 	 -1.800000e+03 	 2.000000e+00
5 	 13 	 Ey 	 1 	 1.254021e+00 	 1.080000e+03 	 -1.800000e+03 	 2.000000e+00
5 	 14 	 Ey 	 1 	 7.631919e-01 	 1.320000e+03 	 -1.800000e+03 	 2.000000e+00
5 	 15 	 Ey 	 1 	 1.094094e+00 	 1.560000e+03 	 -1.800000e+03 	 2.000000e+00
5 	 16 	 Ey 	 1 	 9.122398e-01 	 1.800000e+03 	 -1.800000e+03 	 2.000000e+00
5 	 17 	 Ey 	 1 	 7.205362e-01 	 -1.800000e+03 	 -1.560000e+03 	 2.000000e+00
5 	 18 	 Ey 	 1 	 6.222424e-01 	 -1.560000e+03 	 -1.560000e+03 	 2.000000e+00
5 	 19 	 Ey 	 1 	 6.430094e-01 	 -1.320000e+03 	 -1.560000e+03 	 2.000000e+00
5 	 20 	 Ey 	 1 	 4.476637e-01 	 -1.080000e+03 	 -1.560000e+03 	 2.000000e+00
5 	 21 	 Ey 	 1 	 1.630364e+00 	 -8.400000e+02 	 -1.560000e+03 	 2.000000e+00
5 	 22 	 Ey 	 1 	 9.083614e-01 	 -6.000000e+02 	 -1.560000e+03 	 2.000000e+00
5 	 23 	 Ey 	 1 	 7.329422e-01 	 -3.600000e+02 	 -1.560000e+03 	 2.000000e+00
5 	 24 	 Ey 	 1 	 7.620293e-01 	 -1.200000e+02 	 -1.560000e+03 	 2.000000e+00
5 	 25 	 Ey 	 1 	 6.881297e-01 	 1.200000e+02 	 -1.560000e+03 	 2.000000e+00
5 	 26 	 Ey 	 1 	 1.299198e+00 	 3.600000e+02 	 -1.560000e+03 	 2.000000e+00
5 	 27 	 Ey 	 1 	 6.830177e-01 	 6.000000e+02 	 -1.560000e+03 	 2.000000e+00
5 	 28 	 Ey 	 1 	 4.712425e-01 	 8.400000e+02 	 -1.560000e+03 	 2.000000e+00
5 	 29 	 Ey 	 1 	 6.620635e-01 	 1.080000e+03 	 -1.560000e+03 	 2.000000e+00
5 	 30 	 Ey 	 1 	 1.113978e+00 	 1.320000e+03 	 -1.560000e+03 	 2.000000e+00
5 	 31 	 Ey 	 1 	 3.385912e-01 	 1.560000e+03 	 -1.560000e+03 	 2.000000e+00
5 	 32 	 Ey 	 1 	 1.271559e+00 	 1.800000e+03 	 -1.560000e+03 	 2.000000e+00
5 	 33 	 Ey 	 1 	 1.410280e+00 	 -1.800000e+03 	 -1.320000e+03 	 2.000000e+00
5 	 34 	 Ey 	 1 	 8.832555e-01 	 -1.560000e+03 	 -1.320000e+03 	 2.000000e+00
5 	 35 	 Ey 	 1 	 4.857197e-01 	 -1.320000e+03 	 -1.320000e+03 	 2.000000e+00
5 	 36 	 Ey 	 1 	 1.055974e+00 	 -1.080000e+03 	 -1.320000e+03 	 2.000000e+00
5 	 37 	 Ey 	 1 	 8.323168e-01 	 -8.400000e+02 	 -1.320000e+03 	 2.000000e+00
5 	 38 	 Ey 	 1 	 1.778281e+00 	 -6.000000e+02 	 -1.320000e+03 	 2.000000e+00
5 	 39 	 Ey 	 1 	 9.321666e-01 	 -3.600000e+02 	 -1.320000e+03 	 2.000000e+00
5 	 40 	 Ey 	 1 	 6.969741e-01 	 -1.200000e+02 	 -1.320000e+03 	 2.000000e+00
5 	 41 	 Ey 	 1 	 7.444831e-01 	 1.200000e+02 	 -1.320000e+03 	 2.000000e+00
5 	 42 	 Ey 	 1 	 1.074811e+00 	 3.600000e+02 	 -1.320000e+03 	 2.000000e+00
5 	 43 	 Ey 	 1 	 1.498267e+00 	 6.000000e+02 	 -1.320000e+03 	 2.000000e+00
5 	 44 	 Ey 	 1 	 9.789779e-01 	 8.400000e+02 	 -1.320000e+03 	 2.000000e+00
5 	 45 	 Ey 	 1 	 1.751017e+00 	 1.080000e+03 	 -1.320000e+03 	 2.000000e+00
5 	 46 	 Ey 	 1 	 5.007564e-01 	 1.320000e+03 	 -1.320000e+03 	 2.000000e+00
5 	 47 	 Ey 	 1 	 1.156566e+00 	 1.560000e+03 	 -1.320000e+03 	 2.000000e+00
5 	 48 	 Ey 	 1 	 5.134431e-01 	 1.800000e+03 	 -1.320000e+03 	 2.000000e+00
5 	 49 	 Ey 	 1 	 0.000000e+00 	 -1.800000e+03 	 -1.080000e+03 	 2.000000e+00
5 	 50 	 Ey 	 1 	 0.000000e+00 	 -1.560000e+03 	 -1.080000e+03 	 2.000000e+00
5 	 51 	 Ey 	 1 	 7.719750e-01 	 -1.320000e+03 	 -1.080000e+03 	 2.000000e+00
5 	 52 	 Ey 	 1 	 8.659611e-01 	 -1.080000e+03 	 -1.080000e+03 	 2.000000e+00
5 	 53 	 Ey 	 1 	 4.367199e-01 	 -8.400000e+02 	 -1.080000e+03 	 2.000000e+00
5 	 54 	 Ey 	 1 	 1.640172e+00 	 -6.000000e+02 	 -1.080000e+03 	 2.000000e+00
5 	 55 	 Ey 	 1 	 2.060438e+00 	 -3.600000e+02 	 -1.080000e+03 	 2.000000e+00
5 	 56 	 Ey 	 1 	 1.035845e+00 	 -1.200000e+02 	 -1.080000e+03 	 2.000000e+00
5 	 57 	 Ey 	 1 	 5.443624e-01 	 1.200000e+02 	 -1.080000e+03 	 2.000000e+00
5 	 58 	 Ey 	 1 	 2.795387e-01 	 3.600000e+02 	 -1.080000e+03 	 2.000000e+00
5 	 59 	 Ey 	 1 	 4.072252e-01 	 6.000000e+02 	 -1.080000e+03 	 2.000000e+00
5 	 60 	 Ey 	 1 	 4.747931e-01 	 8.400000e+02 	 -1.080000e+03 	 2.000000e+00
5 	 61 	 Ey 	 1 	 9.239739e-01 	 1.080000e+03 	 -1.080000e+03 	 2.000000e+00
5 	 62 	 Ey 	 1 	 1.646094e+00 	 1.320000e+03 	 -1.080000e+03 	 2.000000e+00
5 	 63 	 Ey 	 1 	 2.202650e+00 	 1.560000e+03 	 -1.080000e+03 	 2.000000e+00
5 	 64 	 Ey 	 1 	 1.635445e+00 	 1.800000e+03 	 -1.080000e+03 	 2.000000e+00
5 	 65 	 Ey 	 1 	 0.000000e+00 	 -1.800000e+03 	 -8.400000e+02 	 2.000000e+00
5 	 66 	 Ey 	 1 	 0.000000e+00 	 -1.560000e+03 	 -8.400000e+02 	 2.000000e+00
5 	 67 	 Ey 	 1 	 0.000000e+00 	 -1.320000e+03 	 -8.400000e+02 	 2.000000e+00
5 	 68 	 Ey 	 1 	 1.525975e+00 	 -1.080000e+03 	 -8.400000e+02 	 2.000000e+00
5 	 69 	 Ey 	 1 	 1.905353e+00 	 -8.400000e+02 	 -8.400000e+02 	 2.000000e+00
5 	 70 	 Ey 	 1 	 9.604961e-01 	 -6.000000e+02 	 -8.400000e+02 	 2.000000e+00
5 	 71 	 Ey 	 1 	 1.846042e+00 	 -3.600000e+02 	 -8.400000e+02 	 2.000000e+00
5 	 72 	 Ey 	 1 	 1.166362e+00 	 -1.200000e+02 	 -8.400000e+02 	 2.000000e+00
5 	 73 	 Ey 	 1 	 7.621887e-01 	 1.200000e+02 	 -8.400000e+02 	 2.000000e+00
5 	 74 	 Ey 	 1 	 3.239855e-01 	 3.600000e+02 	 -8.400000e+02 	 2.000000e+00
5 	 75 	 Ey 	 1 	 1.356200e+00 	 6.000000e+02 	 -8.400000e+02 	 2.000000e+00
5 	 76 	 Ey 	 1 	 1.601022e+00 	 8.400000e+02 	 -8.400000e+02 	 2.000000e+00
5 	 77 	 Ey 	 1 	 1.642573e+00 	 1.080000e+03 	 -8.400000e+02 	 2.000000e+00
5 	 78 	 Ey 	 1 	 1.218625e+00 	 1.320000e+03 	 -8.400000e+02 	 2.000000e+00
5 	 79 	 Ey 	 1 	 1.149885e+00 	 1.560000e+03 	 -8.400000e+02 	 2.000000e+00
5 	 80 	 Ey 	 1 	 7.886394e-01 	 1.800000e+03 	 -8.400000e+02 	 2.000000e+00
5 	 81 	 Ey 	 1 	 0.000000e+00 	 -1.800000e+03 	 -6.000000e+02 	 2.000000e+00
5 	 82 	 Ey 	 1 	 0.000000e+00 	 -1.560000e+03 	 -6.000000e+02 	 2.000000e+00
5 	 83 	 Ey 	 1 	 0.000000e+00 	 -1.320000e+03 	 -6.000000e+02 	 2.000000e+00
5 	 84 	 Ey 	 1 	 0.000000e+00 	 -1.080000e+03 	 -6.000000e+02 	 2.000000e+00
5 	 85 	 Ey 	 1 	 1.876307e+00 	 -8.400000e+02 	 -6.000000e+02 	 2.000000e+00
5 	 86 	 Ey 	 1 	 9.689234e-01 	 -6.000000e+02 	 -6.000000e+02 	 2.000000e+00
5 	 87 	 Ey 	 1 	 1.984979e-01 	 -3.600000e+02 	 -6.000000e+02 	 2.000000e+00
5 	 88 	 Ey 	 1 	 8.658004e-01 	 -1.200000e+02 	 -6.000000e+02 	 2.000000e+00
5 	 89 	 Ey 	 1 	 4.468279e-01 	 1.200000e+02 	 -6.000000e+02 	 2.000000e+00
5 	 90 	 Ey 	 1 	 7.457105e-01 	 3.600000e+02 	 -6.000000e+02 	 2.000000e+00
5 	 91 	 Ey 	 1 	 5.466223e-01 	 6.000000e+02 	 -6.000000e+02 	 2.000000e+00
5 	 92 	 Ey 	 1 	 7.533508e-01 	 8.400000e+02 	 -6.000000e+02 	 2.000000e+00
5 	 93 	 Ey 	 1 	 8.809808e-01 	 1.080000e+03 	 -6.000000e+02 	 2.000000e+00
5 	 94 	 Ey 	 1 	 5.108135e-01 	 1.320000e+03 	 -6.000000e+02 	 2.000000e+00
5 	 95 	 Ey 	 1 	 1.024394e+00 	 1.560000e+03 	 -6.000000e+02 	 2.000000e+00
5 	 96 	 Ey 	 1 	 5.882576e-01 	 1.800000e+03 	 -6.000000e+02 	 2.000000e+00
5 	 97 	 Ey 	 1 	 0.000000e+00 	 -1.800000e+03 	 -3.600000e+02 	 2.000000e+00
5 	 98 	 Ey 	 1 	 0.000000e+00 	 -1.560000e+03 	 -3.600000e+02 	 2.000000e+00
5 	 99 	 Ey 	 1 	 0.000000e+00 	 -1.320000e+03 	 -3.600000e+02 	 2.000000e+00
5 	 100 	 Ey 	 1 	 0.000000e+00 	 -1.080000e+03 	 -3.600000e+02 	 2.000000e+00
5 	 101 	 Ey 	 1 	 4.511039e-01 	 -8.400000e+02 	 -3.600000e+02 	 2.000000e+00
5 	 102 	 Ey 	 1 	 6.563838e-01 	 -6.000000e+02 	 -3.600000e+02 	 2.000000e+00
5 	 103 	 Ey 	 1 	 8.299344e-01 	 -3.600000e+02 	 -3.600000e+02 	 2.000000e+00
5 	 104 	 Ey 	 1 	 7.745552e-01 	 -1.200000e+02 	 -3.600000e+02 	 2.000000e+00
5 	 105 	 Ey 	 1 	 6.112940e-01 	 1.200000e+02 	 -3.600000e+02 	 2.000000e+00
5 	 106 	 Ey 	 1 	 6.497626e-01 	 3.600000e+02 	 -3.600000e+02 	 2.000000e+00
5 	 107 	 Ey 	 1 	 6.981660e-01 	 6.000000e+02 	 -3.600000e+02 	 2.000000e+00
5 	 108 	 Ey 	 1 	 1.108131e+00 	 8.400000e+02 	 -3.600000e+02 	 2.000000e+00
5 	 109 	 Ey 	 1 	 1.865465e+00 	 1.080000e+03 	 -3.600000e+02 	 2.000000e+00
5 	 110 	 Ey 	 1 	 1.043747e+00 	 1.320000e+03 	 -3.600000e+02 	 2.000000e+00
5 	 111 	 Ey 	 1 	 6.632823e-01 	 1.560000e+03 	 -3.600000e+02 	 2.000000e+00
5 	 112 	 Ey 	 1 	 7.486632e-01 	 1.800000e+03 	 -3.600000e+02 	 2.000000e+00
5 	 113 	 Ey 	 1 	 0.000000e+00 	 -1.800000e+03 	 -1.200000e+02 	 2.000000e+00
5 	 114 	 Ey 	 1 	 0.000000e+00 	 -1.560000e+03 	 -1.200000e+02 	 2.000000e+00
5 	 115 	 Ey 	 1 	 0.000000e+00 	 -1.320000e+03 	 -1.200000e+02 	 2.000000e+00
5 	 116 	 Ey 	 1 	 4.676007e-01 	 -1.080000e+03 	 -1.200000e+02 	 2.000000e+00
5 	 117 	 Ey 	 1 	 8.144802e-01 	 -8.400000e+02 	 -1.200000e+02 	 2.000000e+00
5 	 118 	 Ey 	 1 	 1.123504e+00 	 -6.000000e+02 	 -1.200000e+02 	 2.000000e+00
5 	 119 	 Ey 	 1 	 6.588804e-01 	 -3.600000e+02 	 -1.200000e+02 	 2.000000e+00
5 	 120 	 Ey 	 1 	 2.091960e+00 	 -1.200000e+02 	 -1.200000e+02 	 2.000000e+00
5 	 121 	 Ey 	 1 	 9.002927e-01 	 1.200000e+02 	 -1.200000e+02 	 2.000000e+00
5 	 122 	 Ey 	 1 	 1.779872e+00 	 3.600000e+02 	 -1.200000e+02 	 2.000000e+00
5 	 123 	 Ey 	 1 	 2.435821e+00 	 6.000000e+02 	 -1.200000e+02 	 2.000000e+00
5 	 124 	 Ey 	 1 	 1.525023e+00 	 8.400000e+02 	 -1.200000e+02 	 2.000000e+00
5 	 125 	 Ey 	 1 	 1.512444e+00 	 1.080000e+03 	 -1.200000e+02 	 2.000000e+00
5 	 126 	 Ey 	 1 	 2.009862e+00 	 1.320000e+03 	 -1.200000e+02 	 2.000000e+00
5 	 127 	 Ey 	 1 	 1.181557e+00 	 1.560000e+03 	 -1.200000e+02 	 2.000000e+00
5 	 128 	 Ey 	 1 	 2.533818e-01 	 1.800000e+03 	 -1.200000e+02 	 2.000000e+00
5 	 129 	 Ey 	 1 	 2.354077e+00 	 -1.800000e+03 	 1.200000e+02 	 2.000000e+00
5 	 130 	 Ey 	 1 	 1.298014e+00 	 -1.560000e+03 	 1.200000e+02 	 2.000000e+00
5 	 131 	 Ey 	 1 	 5.406106e-01 	 -1.320000e+03 	 1.200000e+02 	 2.000000e+00
5 	 132 	 Ey 	 1 	 1.393724e+00 	 -1.080000e+03 	 1.200000e+02 	 2.000000e+00
5 	 133 	 Ey 	 1 	 8.113112e-01 	 -8.400000e+02 	 1.200000e+02 	 2.000000e+00
5 	 134 	 Ey 	 1 	 1.195760e+00 	 -6.000000e+02 	 1.200000e+02 	 2.000000e+00
5 	 135 	 Ey 	 1 	 3.069087e+00 	 -3.600000e+02 	 1.200000e+02 	 2.000000e+00
5 	 136 	 Ey 	 1 	 2.642351e+00 	 -1.200000e+02 	 1.200000e+02 	 2.000000e+00
5 	 137 	 Ey 	 1 	 2.558472e-01 	 1.200000e+02 	 1.200000e+02 	 2.000000e+00
5 	 138 	 Ey 	 1 	 8.234077e-01 	 3.600000e+02 	 1.200000e+02 	 2.000000e+00
5 	 139 	 Ey 	 1 	 7.078678e-01 	 6.000000e+02 	 1.200000e+02 	 2.000000e+00
5 	 140 	 Ey 	 1 	 6.972115e-01 	 8.400000e+02 	 1.200000e+02 	 2.000000e+00
5 	 141 	 Ey 	 1 	 9.297287e-01 	 1.080000e+03 	 1.200000e+02 	 2.000000e+00
5 	 142 	 Ey 	 1 	 8.999657e-01 	 1.320000e+03 	 1.200000e+02 	 2.000000e+00
5 	 143 	 Ey 	 1 	 1.040884e+00 	 1.560000e+03 	 1.200000e+02 	 2.000000e+00
5 	 144 	 Ey 	 1 	 4.909135e-01 	 1.800000e+03 	 1.200000e+02 	 2.000000e+00
5 	 145 	 Ey 	 1 	 1.124894e+00 	 -1.800000e+03 	 3.600000e+02 	 2.000000e+00
5 	 146 	 Ey 	 1 	 8.260235e-01 	 -1.560000e+03 	 3.600000e+02 	 2.000000e+00
5 	 147 	 Ey 	 1 	 1.376502e+00 	 -1.320000e+03 	 3.600000e+02 	 2.000000e+00
5 	 148 	 Ey 	 1 	 6.078368e-01 	 -1.080000e+03 	 3.600000e+02 	 2.000000e+00
5 	 149 	 Ey 	 1 	 3.429335e+00 	 -8.400000e+02 	 3.600000e+02 	 2.000000e+00
5 	 150 	 Ey 	 1 	 1.255641e+00 	 -6.000000e+02 	 3.600000e+02 	 2.000000e+00
5 	 151 	 Ey 	 1 	 1.835876e+00 	 -3.600000e+02 	 3.600000e+02 	 2.000000e+00
5 	 152 	 Ey 	 1 	 3.476218e+00 	 -1.200000e+02 	 3.600000e+02 	 2.000000e+00
5 	 153 	 Ey 	 1 	 1.128369e+00 	 1.200000e+02 	 3.600000e+02 	 2.000000e+00
5 	 154 	 Ey 	 1 	 5.245450e-01 	 3.600000e+02 	 3.600000e+02 	 2.000000e+00
5 	 155 	 Ey 	 1 	 7.670373e-01 	 6.000000e+02 	 3.600000e+02 	 2.000000e+00
5 	 156 	 Ey 	 1 	 1.624679e+00 	 8.400000e+02 	 3.600000e+02 	 2.000000e+00
5 	 157 	 Ey 	 1 	 1.160900e+00 	 1.080000e+03 	 3.600000e+02 	 2.000000e+00
5 	 158 	 Ey 	 1 	 9.168171e-01 	 1.320000e+03 	 3.600000e+02 	 2.000000e+00
5 	 159 	 Ey 	 1 	 1.543097e+00 	 1.560000e+03 	 3.600000e+02 	 2.000000e+00
5 	 160 	 Ey 	 1 	 2.560959e+00 	 1.800000e+03 	 3.600000e+02 	 2.000000e+00
5 	 161 	 Ey 	 1 	 2.070461e+00 	 -1.800000e+03 	 6.000000e+02 	 2.000000e+00
5 	 162 	 Ey 	 1 	 7.009998e-01 	 -1.560000e+03 	 6.000000e+02 	 2.000000e+00
5 	 163 	 Ey 	 1 	 6.271553e-01 	 -1.320000e+03 	 6.000000e+02 	 2.000000e+00
5 	 164 	 Ey 	 1 	 4.720738e-01 	 -1.080000e+03 	 6.000000e+02 	 2.000000e+00
5 	 165 	 Ey 	 1 	 2.282903e+00 	 -8.400000e+02 	 6.000000e+02 	 2.000000e+00
5 	 166 	 Ey 	 1 	 1.528746e+00 	 -6.000000e+02 	 6.000000e+02 	 2.000000e+00
5 	 167 	 Ey 	 1 	 2.429452e+00 	 -3.600000e+02 	 6.000000e+02 	 2.000000e+00
5 	 168 	 Ey 	 1 	 6.489938e-01 	 -1.200000e+02 	 6.000000e+02 	 2.000000e+00
5 	 169 	 Ey 	 1 	 2.007461e+00 	 1.200000e+02 	 6.000000e+02 	 2.000000e+00
5 	 170 	 Ey 	 1 	 1.080813e+00 	 3.600000e+02 	 6.000000e+02 	 2.000000e+00
5 	 171 	 Ey 	 1 	 6.352445e-01 	 6.000000e+02 	 6.000000e+02 	 2.000000e+00
5 	 172 	 Ey 	 1 	 8.626989e-01 	 8.400000e+02 	 6.000000e+02 	 2.000000e+00
5 	 173 	 Ey 	 1 	 1.842825e+00 	 1.080000e+03 	 6.000000e+02 	 2.000000e+00
5 	 174 	 Ey 	 1 	 3.598119e-01 	 1.320000e+03 	 6.000000e+02 	 2.000000e+00
5 	 175 	 Ey 	 1 	 3.315571e-01 	 1.560000e+03 	 6.000000e+02 	 2.000000e+00
5 	 176 	 Ey 	 1 	 1.545799e+00 	 1.800000e+03 	 6.000000e+02 	 2.000000e+00
5 	 177 	 Ey 	 1 	 7.871132e-01 	 -1.800000e+03 	 8.400000e+02 	 2.000000e+00
5 	 178 	 Ey 	 1 	 1.342118e+00 	 -1.560000e+03 	 8.400000e+02 	 2.000000e+00
5 	 179 	 Ey 	 1 	 6.394153e-01 	 -1.320000e+03 	 8.400000e+02 	 2.000000e+00
5 	 180 	 Ey 	 1 	 8.007936e-01 	 -1.080000e+03 	 8.400000e+02 	 2.000000e+00
5 	 181 	 Ey 	 1 	 2.506067e-01 	 -8.400000e+02 	 8.400000e+02 	 2.000000e+00
5 	 182 	 Ey 	 1 	 6.791639e-01 	 -6.000000e+02 	 8.400000e+02 	 2.000000e+00
5 	 183 	 Ey 	 1 	 1.459204e+00 	 -3.600000e+02 	 8.400000e+02 	 2.000000e+00
5 	 184 	 Ey 	 1 	 4.033122e-01 	 -1.200000e+02 	 8.400000e+02 	 2.000000e+00
5 	 185 	 Ey 	 1 	 1.788863e+00 	 1.200000e+02 	 8.400000e+02 	 2.000000e+00
5 	 186 	 Ey 	 1 	 1.633344e+00 	 3.600000e+02 	 8.400000e+02 	 2.000000e+00
5 	 187 	 Ey 	 1 	 6.946714e-01 	 6.000000e+02 	 8.400000e+02 	 2.000000e+00
5 	 188 	 Ey 	 1 	 9.594457e-01 	 8.400000e+02 	 8.400000e+02 	 2.000000e+00
5 	 189 	 Ey 	 1 	 1.160600e+00 	 1.080000e+03 	 8.400000e+02 	 2.000000e+00
5 	 190 	 Ey 	 1 	 7.694677e-01 	 1.320000e+03 	 8.400000e+02 	 2.000000e+00
5 	 191 	 Ey 	 1 	 1.083642e+00 	 1.560000e+03 	 8.400000e+02 	 2.000000e+00
5 	 192 	 Ey 	 1 	 1.652601e+00 	 1.800000e+03 	 8.400000e+02 	 2.000000e+00
5 	 193 	 Ey 	 1 	 8.335648e-01 	 -1.800000e+03 	 1.080000e+03 	 2.000000e+00
5 	 194 	 Ey 	 1 	 1.654975e+00 	 -1.560000e+03 	 1.080000e+03 	 2.000000e+00
5 	 195 	 Ey 	 1 	 1.093735e+00 	 -1.320000e+03 	 1.080000e+03 	 2.000000e+00
5 	 196 	 Ey 	 1 	 7.231257e-01 	 -1.080000e+03 	 1.080000e+03 	 2.000000e+00
5 	 197 	 Ey 	 1 	 3.040372e-01 	 -8.400000e+02 	 1.080000e+03 	 2.000000e+00
5 	 198 	 Ey 	 1 	 5.270056e-01 	 -6.000000e+02 	 1.080000e+03 	 2.000000e+00
5 	 199 	 Ey 	 1 	 7.942708e-01 	 -3.600000e+02 	 1.080000e+03 	 2.000000e+00
5 	 200 	 Ey 	 1 	 1.599123e+00 	 -1.200000e+02 	 1.080000e+03 	 2.000000e+00
5 	 201 	 Ey 	 1 	 6.904544e-01 	 1.200000e+02 	 1.080000e+03 	 2.000000e+00
5 	 202 	 Ey 	 1 	 1.550151e+00 	 3.600000e+02 	 1.080000e+03 	 2.000000e+00
5 	 203 	 Ey 	 1 	 9.403728e-02 	 6.000000e+02 	 1.080000e+03 	 2.000000e+00
5 	 204 	 Ey 	 1 	 4.212056e-01 	 8.400000e+02 	 1.080000e+03 	 2.000000e+00
5 	 205 	 Ey 	 1 	 1.859883e+00 	 1.080000e+03 	 1.080000e+03 	 2.000000e+00
5 	 206 	 Ey 	 1 	 1.652975e-01 	 1.320000e+03 	 1.080000e+03 	 2.000000e+00
5 	 207 	 Ey 	 1 	 1.925811e+00 	 1.560000e+03 	 1.080000e+03 	 2.000000e+00
5 	 208 	 Ey 	 1 	 1.183435e+00 	 1.800000e+03 	 1.080000e+03 	 2.000000e+00
5 	 209 	 Ey 	 1 	 1.062746e+00 	 -1.800000e+03 	 1.320000e+03 	 2.000000e+00
5 	 210 	 Ey 	 1 	 8.342669e-01 	 -1.560000e+03 	 1.320000e+03 	 2.000000e+00
5 	 211 	 Ey 	 1 	 1.618941e+00 	 -1.320000e+03 	 1.320000e+03 	 2.000000e+00
5 	 212 	 Ey 	 1 	 1.471186e+00 	 -1.080000e+03 	 1.320000e+03 	 2.000000e+00
5 	 213 	 Ey 	 1 	 5.861083e-01 	 -8.400000e+02 	 1.320000e+03 	 2.000000e+00
5 	 214 	 Ey 	 1 	 5.921422e-01 	 -6.000000e+02 	 1.320000e+03 	 2.000000e+00
5 	 215 	 Ey 	 1 	 1.096111e+00 	 -3.600000e+02 	 1.320000e+03 	 2.000000e+00
5 	 216 	 Ey 	 1 	 5.867400e-01 	 -1.200000e+02 	 1.320000e+03 	 2.000000e+00
5 	 217 	 Ey 	 1 	 2.230873e+00 	 1.200000e+02 	 1.320000e+03 	 2.000000e+00
5 	 218 	 Ey 	 1 	 8.768731e-01 	 3.600000e+02 	 1.320000e+03 	 2.000000e+00
5 	 219 	 Ey 	 1 	 1.446167e+00 	 6.000000e+02 	 1.320000e+03 	 2.000000e+00
5 	 220 	 Ey 	 1 	 5.330058e-01 	 8.400000e+02 	 1.320000e+03 	 2.000000e+00
5 	 221 	 Ey 	 1 	 2.088512e+00 	 1.080000e+03 	 1.320000e+03 	 2.000000e+00
5 	 222 	 Ey 	 1 	 1.484710e+00 	 1.320000e+03 	 1.320000e+03 	 2.000000e+00
5 	 223 	 Ey 	 1 	 1.068849e+00 	 1.560000e+03 	 1.320000e+03 	 2.000000e+00
5 	 224 	 Ey 	 1 	 1.464262e+00 	 1.800000e+03 	 1.320000e+03 	 2.000000e+00
5 	 225 	 Ey 	 1 	 5.602748e-01 	 -1.800000e+03 	 1.560000e+03 	 2.000000e+00
5 	 226 	 Ey 	 1 	 9.439112e-01 	 -1.560000e+03 	 1.560000e+03 	 2.000000e+00
5 	 227 	 Ey 	 1 	 1.413548e+00 	 -1.320000e+03 	 1.560000e+03 	 2.000000e+00
5 	 228 	 Ey 	 1 	 9.856731e-01 	 -1.080000e+03 	 1.560000e+03 	 2.000000e+00
5 	 229 	 Ey 	 1 	 6.254809e-01 	 -8.400000e+02 	 1.560000e+03 	 2.000000e+00
5 	 230 	 Ey 	 1 	 1.302711e+00 	 -6.000000e+02 	 1.560000e+03 	 2.000000e+00
5 	 231 	 Ey 	 1 	 7.463839e-01 	 -3.600000e+02 	 1.560000e+03 	 2.000000e+00
5 	 232 	 Ey 	 1 	 2.684913e+00 	 -1.200000e+02 	 1.560000e+03 	 2.000000e+00
5 	 233 	 Ey 	 1 	 1.367309e+00 	 1.200000e+02 	 1.560000e+03 	 2.000000e+00
5 	 234 	 Ey 	 1 	 1.302467e+00 	 3.600000e+02 	 1.560000e+03 	 2.000000e+00
5 	 235 	 Ey 	 1 	 6.222205e-01 	 6.000000e+02 	 1.560000e+03 	 2.000000e+00
5 	 236 	 Ey 	 1 	 6.119996e-01 	 8.400000e+02 	 1.560000e+03 	 2.000000e+00
5 	 237 	 Ey 	 1 	 1.048926e+00 	 1.080000e+03 	 1.560000e+03 	 2.000000e+00
5 	 238 	 Ey 	 1 	 1.705195e+00 	 1.320000e+03 	 1.560000e+03 	 2.000000e+00
5 	 239 	 Ey 	 1 	 2.731095e-01 	 1.560000e+03 	 1.560000e+03 	 2.000000e+00
5 	 240 	 Ey 	 1 	 1.130461e+00 	 1.800000e+03 	 1.560000e+03 	 2.000000e+00
5 	 241 	 Ey 	 1 	 6.963070e-01 	 -1.800000e+03 	 1.800000e+03 	 2.000000e+00
5 	 242 	 Ey 	 1 	 7.850965e-01 	 -1.560000e+03 	 1.800000e+03 	 2.000000e+00
5 	 243 	 Ey 	 1 	 1.718136e+00 	 -1.320000e+03 	 1.800000e+03 	 2.000000e+00
5 	 244 	 Ey 	 1 	 1.379028e+00 	 -1.080000e+03 	 1.800000e+03 	 2.000000e+00
5 	 245 	 Ey 	 1 	 4.020202e-01 	 -8.400000e+02 	 1.800000e+03 	 2.000000e+00
5 	 246 	 Ey 	 1 	 3.575965e-01 	 -6.000000e+02 	 1.800000e+03 	 2.000000e+00
5 	 247 	 Ey 	 1 	 7.067512e-01 	 -3.600000e+02 	 1.800000e+03 	 2.000000e+00
5 	 248 	 Ey 	 1 	 8.624895e-01 	 -1.200000e+02 	 1.800000e+03 	 2.000000e+00
5 	 249 	 Ey 	 1 	 2.414236e+00 	 1.200000e+02 	 1.800000e+03 	 2.000000e+00
5 	 250 	 Ey 	 1 	 6.610953e-01 	 3.600000e+02 	 1.800000e+03 	 2.000000e+00
5 	 251 	 Ey 	 1 	 1.734149e-01 	 6.000000e+02 	 1.800000e+03 	 2.000000e+00
5 	 252 	 Ey 	 1 	 9.864616e-01 	 8.400000e+02 	 1.800000e+03 	 2.000000e+00
5 	 253 	 Ey 	 1 	 1.674335e+00 	 1.080000e+03 	 1.800000e+03 	 2.000000e+00
5 	 254 	 Ey 	 1 	 1.345095e+00 	 1.320000e+03 	 1.800000e+03 	 2.000000e+00
5 	 255 	 Ey 	 1 	 7.374542e-01 	 1.560000e+03 	 1.800000e+03 	 2.000000e+00
5 	 256 	 Ey 	 1 	 5.872333e-01 	 1.800000e+03 	 1.800000e+03 	 2.000000e+00
5 	 1 	 Ey 	 2 	 1.723781e+00 	 -1.800000e+03 	 -1.800000e+03 	 2.000000e+00
5 	 2 	 Ey 	 2 	 6.370449e-01 	 -1.560000e+03 	 -1.800000e+03 	 2.000000e+00
5 	 3 	 Ey 	 2 	 5.303941e-01 	 -1.320000e+03 	 -1.800000e+03 	 2.000000e+00
5 	 4 	 Ey 	 2 	 4.694245e-01 	 -1.080000e+03 	 -1.800000e+03 	 2.000000e+00
5 	 5 	 Ey 	 2 	 5.992727e-01 	 -8.400000e+02 	 -1.800000e+03 	 2.000000e+00
5 	 6 	 Ey 	 2 	 1.055405e+00 	 -6.000000e+02 	 -1.800000e+03 	 2.000000e+00
5 	 7 	 Ey 	 2 	 1.320407e+00 	 -3.600000e+02 	 -1.800000e+03 	 2.000000e+00
5 	 8 	 Ey 	 2 	 1.239175e+00 	 -1.200000e+02 	 -1.800000e+03 	 2.000000e+00
5 	 9 	 Ey 	 2 	 1.227097e+00 	 1.200000e+02 	 -1.800000e+03 	 2.000000e+00
5 	 10 	 Ey 	 2 	 6.710474e-01 	 3.600000e+02 	 -1.800000e+03 	 2.000000e+00
5 	 11 	 Ey 	 2 	 5.366281e-01 	 6.000000e+02 	 -1.800000e+03 	 2.000000e+00
5 	 12 	 Ey 	 2 	 1.632158e+00 	 8.400000e+02 	 -1.800000e+03 	 2.000000e+00
5 	 13 	 Ey 	 2 	 9.690719e-01 	 1.080000e+03 	 -1.800000e+03 	 2.000000e+00
5 	 14 	 Ey 	 2 	 7.542297e-01 	 1.320000e+03 	 -1.800000e+03 	 2.000000e+00
5 	 15 	 Ey 	 2 	 4.907005e-01 	 1.560000e+03 	 -1.800000e+03 	 2.000000e+00
5 	 16 	 Ey 	 2 	 4.372511e-01 	 1.800000e+03 	 -1.800000e+03 	 2.000000e+00
5 	 17 	 Ey 	 2 	 3.600494e-01 	 -1.800000e+03 	 -1.560000e+03 	 2.000000e+00
5 	 18 	 Ey 	 2 	 1.391847e+00 	 -1.560000e+03 	 -1.560000e+03 	 2.000000e+00
5 	 19 	 Ey 	 2 	 1.021058e+00 	 -1.320000e+03 	 -1.560000e+03 	 2.000000e+00
5 	 20 	 Ey 	 2 	 5.511988e-01 	 -1.080000e+03 	 -1.560000e+03 	 2.000000e+00
5 	 21 	 Ey 	 2 	 5.122624e-01 	 -8.400000e+02 	 -1.560000e+03 	 2.000000e+00
5 	 22 	 Ey 	 2 	 1.570757e+00 	 -6.000000e+02 	 -1.560000e+03 	 2.000000e+00
5 	 23 	 Ey 	 2 	 7.275784e-01 	 -3.600000e+02 	 -1.560000e+03 	 2.000000e+00
5 	 24 	 Ey 	 2 	 4.846450e-01 	 -1.200000e+02 	 -1.560000e+03 	 2.000000e+00
5 	 25 	 Ey 	 2 	 1.274492e+00 	 1.200000e+02 	 -1.560000e+03 	 2.000000e+00
5 	 26 	 Ey 	 2 	 5.251438e-01 	 3.600000e+02 	 -1.560000e+03 	 2.000000e+00
5 	 27 	 Ey 	 2 	 1.953848e+00 	 6.000000e+02 	 -1.560000e+03 	 2.000000e+00
5 	 28 	 Ey 	 2 	 1.076759e+00 	 8.400000e+02 	 -1.560000e+03 	 2.000000e+00
5 	 29 	 Ey 	 2 	 6.642045e-01 	 1.080000e+03 	 -1.560000e+03 	 2.000000e+00
5 	 30 	 Ey 	 2 	 9.058513e-01 	 1.320000e+03 	 -1.560000e+03 	 2.000000e+00
5 	 31 	 Ey 	 2 	 1.821351e+00 	 1.560000e+03 	 -1.560000e+03 	 2.000000e+00
5 	 32 	 Ey 	 2 	 3.446920e-01 	 1.800000e+03 	 -1.560000e+03 	 2.000000e+00
5 	 33 	 Ey 	 2 	 1.075495e+00 	 -1.800000e+03 	 -1.320000e+03 	 2.000000e+00
5 	 34 	 Ey 	 2 	 1.681036e+00 	 -1.560000e+03 	 -1.320000e+03 	 2.000000e+00
5 	 35 	 Ey 	 2 	 5.803245e-01 	 -1.320000e+03 	 -1.320000e+03 	 2.000000e+00
5 	 36 	 Ey 	 2 	 9.335563e-01 	 -1.080000e+03 	 -1.320000e+03 	 2.000000e+00
5 	 37 	 Ey 	 2 	 1.328917e+00 	 -8.400000e+02 	 -1.320000e+03 	 2.000000e+00
5 	 38 	 Ey 	 2 	 1.214218e+00 	 -6.000000e+02 	 -1.320000e+03 	 2.000000e+00
5 	 39 	 Ey 	 2 	 8.595170e-01 	 -3.600000e+02 	 -1.320000e+03 	 2.000000e+00
5 	 40 	 Ey 	 2 	 1.843549e+00 	 -1.200000e+02 	 -1.320000e+03 	 2.000000e+00
5 	 41 	 Ey 	 2 	 9.922641e-01 	 1.200000e+02 	 -1.320000e+03 	 2.000000e+00
5 	 42 	 Ey 	 2 	 1.417987e+00 	 3.600000e+02 	 -1.320000e+03 	 2.000000e+00
5 	 43 	 Ey 	 2 	 1.396829e+00 	 6.000000e+02 	 -1.320000e+03 	 2.000000e+00
5 	 44 	 Ey 	 2 	 1.880531e+00 	 8.400000e+02 	 -1.320000e+03 	 2.000000e+00
5 	 45 	 Ey 	 2 	 5.625322e-01 	 1.080000e+03 	 -1.320000e+03 	 2.000000e+00
5 	 46 	 Ey 	 2 	 8.478812e-01 	 1.320000e+03 	 -1.320000e+03 	 2.000000e+00
5 	 47 	 Ey 	 2 	 1.610767e+00 	 1.560000e+03 	 -1.320000e+03 	 2.000000e+00
5 	 48 	 Ey 	 2 	 1.165284e+00 	 1.800000e+03 	 -1.320000e+03 	 2.000000e+00
5 	 49 	 Ey 	 2 	 0.000000e+00 	 -1.800000e+03 	 -1.080000e+03 	 2.000000e+00
5 	 50 	 Ey 	 2 	 0.000000e+00 	 -1.560000e+03 	 -1.080000e+03 	 2.000000e+00
5 	 51 	 Ey 	 2 	 8.554264e-01 	 -1.320000e+03 	 -1.080000e+03 	 2.000000e+00
5 	 52 	 Ey 	 2 	 2.139947e+00 	 -1.080000e+03 	 -1.080000e+03 	 2.000000e+00
5 	 53 	 Ey 	 2 	 1.718529e+00 	 -8.400000e+02 	 -1.080000e+03 	 2.000000e+00
5 	 54 	 Ey 	 2 	 1.880647e+00 	 -6.000000e+02 	 -1.080000e+03 	 2.000000e+00
5 	 55 	 Ey 	 2 	 2.154992e+00 	 -3.600000e+02 	 -1.080000e+03 	 2.000000e+00
5 	 56 	 Ey 	 2 	 1.462251e+00 	 -1.200000e+02 	 -1.080000e+03 	 2.000000e+00
5 	 57 	 Ey 	 2 	 1.379925e+00 	 1.200000e+02 	 -1.080000e+03 	 2.000000e+00
5 	 58 	 Ey 	 2 	 1.540577e+00 	 3.600000e+02 	 -1.080000e+03 	 2.000000e+00
5 	 59 	 Ey 	 2 	 5.679454e-01 	 6.000000e+02 	 -1.080000e+03 	 2.000000e+00
5 	 60 	 Ey 	 2 	 6.102192e-01 	 8.400000e+02 	 -1.080000e+03 	 2.000000e+00
5 	 61 	 Ey 	 2 	 1.429012e+00 	 1.080000e+03 	 -1.080000e+03 	 2.000000e+00
5 	 62 	 Ey 	 2 	 1.096851e+00 	 1.320000e+03 	 -1.080000e+03 	 2.000000e+00
5 	 63 	 Ey 	 2 	 2.718332e-01 	 1.560000e+03 	 -1.080000e+03 	 2.000000e+00
5 	 64 	 Ey 	 2 	 1.064858e+00 	 1.800000e+03 	 -1.080000e+03 	 2.000000e+00
5 	 65 	 Ey 	 2 	 0.000000e+00 	 -1.800000e+03 	 -8.400000e+02 	 2.000000e+00
5 	 66 	 Ey 	 2 	 0.000000e+00 	 -1.560000e+03 	 -8.400000e+02 	 2.000000e+00
5 	 67 	 Ey 	 2 	 0.000000e+00 	 -1.320000e+03 	 -8.400000e+02 	 2.000000e+00
5 	 68 	 Ey 	 2 	 1.108660e+00 	 -1.080000e+03 	 -8.400000e+02 	 2.000000e+00
5 	 69 	 Ey 	 2 	 1.127619e+00 	 -8.400000e+02 	 -8.400000e+02 	 2.000000e+00
5 	 70 	 Ey 	 2 	 1.047404e+00 	 -6.000000e+02 	 -8.400000e+02 	 2.000000e+00
5 	 71 	 Ey 	 2 	 3.012073e+00 	 -3.600000e+02 	 -8.400000e+02 	 2.000000e+00
5 	 72 	 Ey 	 2 	 2.274817e+00 	 -1.200000e+02 	 -8.400000e+02 	 2.000000e+00
5 	 73 	 Ey 	 2 	 1.364240e+00 	 1.200000e+02 	 -8.400000e+02 	 2.000000e+00
5 	 74 	 Ey 	 2 	 4.345025e-01 	 3.600000e+02 	 -8.400000e+02 	 2.000000e+00
5 	 75 	 Ey 	 2 	 1.828760e+00 	 6.000000e+02 	 -8.400000e+02 	 2.000000e+00
5 	 76 	 Ey 	 2 	 2.142627e+00 	 8.400000e+02 	 -8.400000e+02 	 2.000000e+00
5 	 77 	 Ey 	 2 	 1.615544e+00 	 1.080000e+03 	 -8.400000e+02 	 2.000000e+00
5 	 78 	 Ey 	 2 	 5.891496e-01 	 1.320000e+03 	 -8.400000e+02 	 2.000000e+00
5 	 79 	 Ey 	 2 	 1.628217e+00 	 1.560000e+03 	 -8.400000e+02 	 2.000000e+00
5 	 80 	 Ey 	 2 	 2.604062e+00 	 1.800000e+03 	 -8.400000e+02 	 2.000000e+00
5 	 81 	 Ey 	 2 	 0.000000e+00 	 -1.800000e+03 	 -6.000000e+02 	 2.000000e+00
5 	 82 	 Ey 	 2 	 0.000000e+00 	 -1.560000e+03 	 -6.000000e+02 	 2.000000e+00
5 	 83 	 Ey 	 2 	 0.000000e+00 	 -1.320000e+03 	 -6.000000e+02 	 2.000000e+00
5 	 84 	 Ey 	 2 	 0.000000e+00 	 -1.080000e+03 	 -6.000000e+02 	 2.000000e+00
5 	 85 	 Ey 	 2 	 2.448926e+00 	 -8.400000e+02 	 -6.000000e+02 	 2.000000e+00
5 	 86 	 Ey 	 2 	 1.195258e+00 	 -6.000000e+02 	 -6.000000e+02 	 2.000000e+00
5 	 87 	 Ey 	 2 	 4.746891e-01 	 -3.600000e+02 	 -6.000000e+02 	 2.000000e+00
5 	 88 	 Ey 	 2 	 1.111210e+00 	 -1.200000e+02 	 -6.000000e+02 	 2.000000e+00
5 	 89 	 Ey 	 2 	 1.491379e+00 	 1.200000e+02 	 -6.000000e+02 	 2.000000e+00
5 	 90 	 Ey 	 2 	 8.079714e-01 	 3.600000e+02 	 -6.000000e+02 	 2.000000e+00
5 	 91 	 Ey 	 2 	 9.599900e-01 	 6.000000e+02 	 -6.000000e+02 	 2.000000e+00
5 	 92 	 Ey 	 2 	 9.137685e-01 	 8.400000e+02 	 -6.000000e+02 	 2.000000e+00
5 	 93 	 Ey 	 2 	 1.012896e+00 	 1.080000e+03 	 -6.000000e+02 	 2.000000e+00
5 	 94 	 Ey 	 2 	 2.326898e-01 	 1.320000e+03 	 -6.000000e+02 	 2.000000e+00
5 	 95 	 Ey 	 2 	 1.265917e+00 	 1.560000e+03 	 -6.000000e+02 	 2.000000e+00
5 	 96 	 Ey 	 2 	 1.503352e+00 	 1.800000e+03 	 -6.000000e+02 	 2.000000e+00
5 	 97 	 Ey 	 2 	 0.000000e+00 	 -1.800000e+03 	 -3.600000e+02 	 2.000000e+00
5 	 98 	 Ey 	 2 	 0.000000e+00 	 -1.560000e+03 	 -3.600000e+02 	 2.000000e+00
5 	 99 	 Ey 	 2 	 0.000000e+00 	 -1.320000e+03 	 -3.600000e+02 	 2.000000e+00
5 	 100 	 Ey 	 2 	 0.000000e+00 	 -1.080000e+03 	 -3.600000e+02 	 2.000000e+00
5 	 101 	 Ey 	 2 	 4.250174e-01 	 -8.400000e+02 	 -3.600000e+02 	 2.000000e+00
5 	 102 	 Ey 	 2 	 9.919556e-01 	 -6.000000e+02 	 -3.600000e+02 	 2.000000e+00
5 	 103 	 Ey 	 2 	 1.394534e-01 	 -3.600000e+02 	 -3.600000e+02 	 2.000000e+00
5 	 104 	 Ey 	 2 	 9.253477e-01 	 -1.200000e+02 	 -3.600000e+02 	 2.000000e+00
5 	 105 	 Ey 	 2 	 1.301791e+00 	 1.200000e+02 	 -3.600000e+02 	 2.000000e+00
5 	 106 	 Ey 	 2 	 4.569983e-01 	 3.600000e+02 	 -3.600000e+02 	 2.000000e+00
5 	 107 	 Ey 	 2 	 1.927893e+00 	 6.000000e+02 	 -3.600000e+02 	 2.000000e+00
5 	 108 	 Ey 	 2 	 6.516612e-01 	 8.400000e+02 	 -3.600000e+02 	 2.000000e+00
5 	 109 	 Ey 	 2 	 6.908074e-01 	 1.080000e+03 	 -3.600000e+02 	 2.000000e+00
5 	 110 	 Ey 	 2 	 1.418086e+00 	 1.320000e+03 	 -3.600000e+02 	 2.000000e+00
5 	 111 	 Ey 	 2 	 1.860061e+00 	 1.560000e+03 	 -3.600000e+02 	 2.000000e+00
5 	 112 	 Ey 	 2 	 2.372426e+00 	 1.800000e+03 	 -3.600000e+02 	 2.000000e+00
5 	 113 	 Ey 	 2 	 0.000000e+00 	 -1.800000e+03 	 -1.200000e+02 	 2.000000e+00
5 	 114 	 Ey 	 2 	 0.000000e+00 	 -1.560000e+03 	 -1.200000e+02 	 2.000000e+00
5 	 115 	 Ey 	 2 	 0.000000e+00 	 -1.320000e+03 	 -1.200000e+02 	 2.000000e+00
5 	 116 	 Ey 	 2 	 3.453764e-01 	 -1.080000e+03 	 -1.200000e+02 	 2.000000e+00
5 	 117 	 Ey 	 2 	 1.261487e+00 	 -8.400000e+02 	 -1.200000e+02 	 2.000000e+00
5 	 118 	 Ey 	 2 	 4.883127e-01 	 -6.000000e+02 	 -1.200000e+02 	 2.000000e+00
5 	 119 	 Ey 	 2 	 2.974892e+00 	 -3.600000e+02 	 -1.200000e+02 	 2.000000e+00
5 	 120 	 Ey 	 2 	 2.168887e+00 	 -1.200000e+02 	 -1.200000e+02 	 2.000000e+00
5 	 121 	 Ey 	 2 	 6.235222e-01 	 1.200000e+02 	 -1.200000e+02 	 2.000000e+00
5 	 122 	 Ey 	 2 	 7.455222e-01 	 3.600000e+02 	 -1.200000e+02 	 2.000000e+00
5 	 123 	 Ey 	 2 	 2.445669e+00 	 6.000000e+02 	 -1.200000e+02 	 2.000000e+00
5 	 124 	 Ey 	 2 	 1.884883e+00 	 8.400000e+02 	 -1.200000e+02 	 2.000000e+00
5 	 125 	 Ey 	 2 	 7.071385e-01 	 1.080000e+03 	 -1.200000e+02 	 2.000000e+00
5 	 126 	 Ey 	 2 	 2.255900e+00 	 1.320000e+03 	 -1.200000e+02 	 2.000000e+00
5 	 127 	 Ey 	 2 	 2.282339e+00 	 1.560000e+03 	 -1.200000e+02 	 2.000000e+00
5 	 128 	 Ey 	 2 	 1.470747e+00 	 1.800000e+03 	 -1.200000e+02 	 2.000000e+00
5 	 129 	 Ey 	 2 	 1.300555e+00 	 -1.800000e+03 	 1.200000e+02 	 2.000000e+00
5 	 130 	 Ey 	 2 	 7.336851e-01 	 -1.560000e+03 	 1.200000e+02 	 2.000000e+00
5 	 131 	 Ey 	 2 	 8.902553e-01 	 -1.320000e+03 	 1.200000e+02 	 2.000000e+00
5 	 132 	 Ey 	 2 	 5.039562e-01 	 -1.080000e+03 	 1.200000e+02 	 2.000000e+00
5 	 133 	 Ey 	 2 	 1.472232e+00 	 -8.400000e+02 	 1.200000e+02 	 2.000000e+00
5 	 134 	 Ey 	 2 	 8.060769e-01 	 -6.000000e+02 	 1.200000e+02 	 2.000000e+00
5 	 135 	 Ey 	 2 	 1.707847e+00 	 -3.600000e+02 	 1.200000e+02 	 2.000000e+00
5 	 136 	 Ey 	 2 	 1.669975e+00 	 -1.200000e+02 	 1.200000e+02 	 2.000000e+00
5 	 137 	 Ey 	 2 	 2.296600e+00 	 1.200000e+02 	 1.200000e+02 	 2.000000e+00
5 	 138 	 Ey 	 2 	 2.066494e+00 	 3.600000e+02 	 1.200000e+02 	 2.000000e+00
5 	 139 	 Ey 	 2 	 5.479112e-01 	 6.000000e+02 	 1.200000e+02 	 2.000000e+00
5 	 140 	 Ey 	 2 	 1.152775e+00 	 8.400000e+02 	 1.200000e+02 	 2.000000e+00
5 	 141 	 Ey 	 2 	 1.336730e+00 	 1.080000e+03 	 1.200000e+02 	 2.000000e+00
5 	 142 	 Ey 	 2 	 2.483082e+00 	 1.320000e+03 	 1.200000e+02 	 2.000000e+00
5 	 143 	 Ey 	 2 	 8.469328e-01 	 1.560000e+03 	 1.200000e+02 	 2.000000e+00
5 	 144 	 Ey 	 2 	 2.514370e+00 	 1.800000e+03 	 1.200000e+02 	 2.000000e+00
5 	 145 	 Ey 	 2 	 1.427805e+00 	 -1.800000e+03 	 3.600000e+02 	 2.000000e+00
5 	 146 	 Ey 	 2 	 2.059036e+00 	 -1.560000e+03 	 3.600000e+02 	 2.000000e+00
5 	 147 	 Ey 	 2 	 1.410042e+00 	 -1.320000e+03 	 3.600000e+02 	 2.000000e+00
5 	 148 	 Ey 	 2 	 1.301084e+00 	 -1.080000e+03 	 3.600000e+02 	 2.000000e+00
5 	 149 	 Ey 	 2 	 1.507279e+00 	 -8.400000e+02 	 3.600000e+02 	 2.000000e+00
5 	 150 	 Ey 	 2 	 6.887006e-01 	 -6.000000e+02 	 3.600000e+02 	 2.000000e+00
5 	 151 	 Ey 	 2 	 2.861168e+00 	 -3.600000e+02 	 3.600000e+02 	 2.000000e+00
5 	 152 	 Ey 	 2 	 3.252139e+00 	 -1.200000e+02 	 3.600000e+02 	 2.000000e+00
5 	 153 	 Ey 	 2 	 2.005877e+00 	 1.200000e+02 	 3.600000e+02 	 2.000000e+00
5 	 154 	 Ey 	 2 	 1.177722e+00 	 3.600000e+02 	 3.600000e+02 	 2.000000e+00
5 	 155 	 Ey 	 2 	 3.814813e-01 	 6.000000e+02 	 3.600000e+02 	 2.000000e+00
5 	 156 	 Ey 	 2 	 2.355608e+00 	 8.400000e+02 	 3.600000e+02 	 2.000000e+00
5 	 157 	 Ey 	 2 	 2.316226e+00 	 1.080000e+03 	 3.600000e+02 	 2.000000e+00
5 	 158 	 Ey 	 2 	 1.853597e+00 	 1.320000e+03 	 3.600000e+02 	 2.000000e+00
5 	 159 	 Ey 	 2 	 2.388586e+00 	 1.560000e+03 	 3.600000e+02 	 2.000000e+00
5 	 160 	 Ey 	 2 	 1.558236e+00 	 1.800000e+03 	 3.600000e+02 	 2.000000e+00
5 	 161 	 Ey 	 2 	 1.439117e+00 	 -1.800000e+03 	 6.000000e+02 	 2.000000e+00
5 	 162 	 Ey 	 2 	 2.188503e-01 	 -1.560000e+03 	 6.000000e+02 	 2.000000e+00
5 	 163 	 Ey 	 2 	 9.723167e-01 	 -1.320000e+03 	 6.000000e+02 	 2.000000e+00
5 	 164 	 Ey 	 2 	 2.625375e-01 	 -1.080000e+03 	 6.000000e+02 	 2.000000e+00
5 	 165 	 Ey 	 2 	 1.099481e+00 	 -8.400000e+02 	 6.000000e+02 	 2.000000e+00
5 	 166 	 Ey 	 2 	 1.491754e+00 	 -6.000000e+02 	 6.000000e+02 	 2.000000e+00
5 	 167 	 Ey 	 2 	 1.866122e+00 	 -3.600000e+02 	 6.000000e+02 	 2.000000e+00
5 	 168 	 Ey 	 2 	 1.025160e+00 	 -1.200000e+02 	 6.000000e+02 	 2.000000e+00
5 	 169 	 Ey 	 2 	 1.729028e+00 	 1.200000e+02 	 6.000000e+02 	 2.000000e+00
5 	 170 	 Ey 	 2 	 2.054594e+00 	 3.600000e+02 	 6.000000e+02 	 2.000000e+00
5 	 171 	 Ey 	 2 	 3.886727e-01 	 6.000000e+02 	 6.000000e+02 	 2.000000e+00
5 	 172 	 Ey 	 2 	 7.287301e-01 	 8.400000e+02 	 6.000000e+02 	 2.000000e+00
5 	 173 	 Ey 	 2 	 1.841295e+00 	 1.080000e+03 	 6.000000e+02 	 2.000000e+00
5 	 174 	 Ey 	 2 	 2.121987e+00 	 1.320000e+03 	 6.000000e+02 	 2.000000e+00
5 	 175 	 Ey 	 2 	 1.362257e+00 	 1.560000e+03 	 6.000000e+02 	 2.000000e+00
5 	 176 	 Ey 	 2 	 2.061576e+00 	 1.800000e+03 	 6.000000e+02 	 2.000000e+00
5 	 177 	 Ey 	 2 	 1.266634e+00 	 -1.800000e+03 	 8.400000e+02 	 2.000000e+00
5 	 178 	 Ey 	 2 	 8.760323e-01 	 -1.560000e+03 	 8.400000e+02 	 2.000000e+00
5 	 179 	 Ey 	 2 	 1.423012e+00 	 -1.320000e+03 	 8.400000e+02 	 2.000000e+00
5 	 180 	 Ey 	 2 	 1.737592e+00 	 -1.080000e+03 	 8.400000e+02 	 2.000000e+00
5 	 181 	 Ey 	 2 	 1.232551e+00 	 -8.400000e+02 	 8.400000e+02 	 2.000000e+00
5 	 182 	 Ey 	 2 	 7.014050e-01 	 -6.000000e+02 	 8.400000e+02 	 2.000000e+00
5 	 183 	 Ey 	 2 	 1.562344e+00 	 -3.600000e+02 	 8.400000e+02 	 2.000000e+00
5 	 184 	 Ey 	 2 	 2.013012e+00 	 -1.200000e+02 	 8.400000e+02 	 2.000000e+00
5 	 185 	 Ey 	 2 	 1.618585e+00 	 1.200000e+02 	 8.400000e+02 	 2.000000e+00
5 	 186 	 Ey 	 2 	 1.233705e+00 	 3.600000e+02 	 8.400000e+02 	 2.000000e+00
5 	 187 	 Ey 	 2 	 2.009757e+00 	 6.000000e+02 	 8.400000e+02 	 2.000000e+00
5 	 188 	 Ey 	 2 	 1.293586e+00 	 8.400000e+02 	 8.400000e+02 	 2.000000e+00
5 	 189 	 Ey 	 2 	 1.358636e+00 	 1.080000e+03 	 8.400000e+02 	 2.000000e+00
5 	 190 	 Ey 	 2 	 2.868359e+00 	 1.320000e+03 	 8.400000e+02 	 2.000000e+00
5 	 191 	 Ey 	 2 	 1.502037e+00 	 1.560000e+03 	 8.400000e+02 	 2.000000e+00
5 	 192 	 Ey 	 2 	 2.289306e-01 	 1.800000e+03 	 8.400000e+02 	 2.000000e+00
5 	 193 	 Ey 	 2 	 7.846706e-01 	 -1.800000e+03 	 1.080000e+03 	 2.000000e+00
5 	 194 	 Ey 	 2 	 1.514973e+00 	 -1.560000e+03 	 1.080000e+03 	 2.000000e+00
5 	 195 	 Ey 	 2 	 1.225761e+00 	 -1.320000e+03 	 1.080000e+03 	 2.000000e+00
5 	 196 	 Ey 	 2 	 1.056589e+00 	 -1.080000e+03 	 1.080000e+03 	 2.000000e+00
5 	 197 	 Ey 	 2 	 2.344416e-01 	 -8.400000e+02 	 1.080000e+03 	 2.000000e+00
5 	 198 	 Ey 	 2 	 1.531395e+00 	 -6.000000e+02 	 1.080000e+03 	 2.000000e+00
5 	 199 	 Ey 	 2 	 1.089929e+00 	 -3.600000e+02 	 1.080000e+03 	 2.000000e+00
5 	 200 	 Ey 	 2 	 1.318988e+00 	 -1.200000e+02 	 1.080000e+03 	 2.000000e+00
5 	 201 	 Ey 	 2 	 1.573734e+00 	 1.200000e+02 	 1.080000e+03 	 2.000000e+00
5 	 202 	 Ey 	 2 	 1.292592e+00 	 3.600000e+02 	 1.080000e+03 	 2.000000e+00
5 	 203 	 Ey 	 2 	 1.828265e+00 	 6.000000e+02 	 1.080000e+03 	 2.000000e+00
5 	 204 	 Ey 	 2 	 4.018243e-01 	 8.400000e+02 	 1.080000e+03 	 2.000000e+00
5 	 205 	 Ey 	 2 	 1.155839e+00 	 1.080000e+03 	 1.080000e+03 	 2.000000e+00
5 	 206 	 Ey 	 2 	 1.524966e+00 	 1.320000e+03 	 1.080000e+03 	 2.000000e+00
5 	 207 	 Ey 	 2 	 9.696242e-01 	 1.560000e+03 	 1.080000e+03 	 2.000000e+00
5 	 208 	 Ey 	 2 	 5.148957e-01 	 1.800000e+03 	 1.080000e+03 	 2.000000e+00
5 	 209 	 Ey 	 2 	 9.975438e-01 	 -1.800000e+03 	 1.320000e+03 	 2.000000e+00
5 	 210 	 Ey 	 2 	 1.012459e+00 	 -1.560000e+03 	 1.320000e+03 	 2.000000e+00
5 	 211 	 Ey 	 2 	 7.263396e-01 	 -1.320000e+03 	 1.320000e+03 	 2.000000e+00
5 	 212 	 Ey 	 2 	 1.915278e+00 	 -1.080000e+03 	 1.320000e+03 	 2.000000e+00
5 	 213 	 Ey 	 2 	 1.141227e+00 	 -8.400000e+02 	 1.320000e+03 	 2.000000e+00
5 	 214 	 Ey 	 2 	 6.539394e-01 	 -6.000000e+02 	 1.320000e+03 	 2.000000e+00
5 	 215 	 Ey 	 2 	 1.854457e+00 	 -3.600000e+02 	 1.320000e+03 	 2.000000e+00
5 	 216 	 Ey 	 2 	 2.002215e+00 	 -1.200000e+02 	 1.320000e+03 	 2.000000e+00
5 	 217 	 Ey 	 2 	 2.361258e-01 	 1.200000e+02 	 1.320000e+03 	 2.000000e+00
5 	 218 	 Ey 	 2 	 1.468506e+00 	 3.600000e+02 	 1.320000e+03 	 2.000000e+00
5 	 219 	 Ey 	 2 	 1.703181e+00 	 6.000000e+02 	 1.320000e+03 	 2.000000e+00
5 	 220 	 Ey 	 2 	 1.295241e+00 	 8.400000e+02 	 1.320000e+03 	 2.000000e+00
5 	 221 	 Ey 	 2 	 5.949097e-01 	 1.080000e+03 	 1.320000e+03 	 2.000000e+00
5 	 222 	 Ey 	 2 	 6.710884e-01 	 1.320000e+03 	 1.320000e+03 	 2.000000e+00
5 	 223 	 Ey 	 2 	 2.028404e+00 	 1.560000e+03 	 1.320000e+03 	 2.000000e+00
5 	 224 	 Ey 	 2 	 1.341951e+00 	 1.800000e+03 	 1.320000e+03 	 2.000000e+00
5 	 225 	 Ey 	 2 	 5.520655e-01 	 -1.800000e+03 	 1.560000e+03 	 2.000000e+00
5 	 226 	 Ey 	 2 	 8.309516e-01 	 -1.560000e+03 	 1.560000e+03 	 2.000000e+00
5 	 227 	 Ey 	 2 	 1.857345e+00 	 -1.320000e+03 	 1.560000e+03 	 2.000000e+00
5 	 228 	 Ey 	 2 	 2.410614e+00 	 -1.080000e+03 	 1.560000e+03 	 2.000000e+00
5 	 229 	 Ey 	 2 	 1.655823e+00 	 -8.400000e+02 	 1.560000e+03 	 2.000000e+00
5 	 230 	 Ey 	 2 	 1.927904e+00 	 -6.000000e+02 	 1.560000e+03 	 2.000000e+00
5 	 231 	 Ey 	 2 	 1.719017e+00 	 -3.600000e+02 	 1.560000e+03 	 2.000000e+00
5 	 232 	 Ey 	 2 	 2.011410e+00 	 -1.200000e+02 	 1.560000e+03 	 2.000000e+00
5 	 233 	 Ey 	 2 	 1.287881e+00 	 1.200000e+02 	 1.560000e+03 	 2.000000e+00
5 	 234 	 Ey 	 2 	 1.427767e+00 	 3.600000e+02 	 1.560000e+03 	 2.000000e+00
5 	 235 	 Ey 	 2 	 8.855475e-01 	 6.000000e+02 	 1.560000e+03 	 2.000000e+00
5 	 236 	 Ey 	 2 	 4.486863e-01 	 8.400000e+02 	 1.560000e+03 	 2.000000e+00
5 	 237 	 Ey 	 2 	 2.107769e+00 	 1.080000e+03 	 1.560000e+03 	 2.000000e+00
5 	 238 	 Ey 	 2 	 1.235887e+00 	 1.320000e+03 	 1.560000e+03 	 2.000000e+00
5 	 239 	 Ey 	 2 	 4.787929e-01 	 1.560000e+03 	 1.560000e+03 	 2.000000e+00
5 	 240 	 Ey 	 2 	 3.143120e-01 	 1.800000e+03 	 1.560000e+03 	 2.000000e+00
5 	 241 	 Ey 	 2 	 7.736838e-01 	 -1.800000e+03 	 1.800000e+03 	 2.000000e+00
5 	 242 	 Ey 	 2 	 4.026900e-01 	 -1.560000e+03 	 1.800000e+03 	 2.000000e+00
5 	 243 	 Ey 	 2 	 5.907117e-01 	 -1.320000e+03 	 1.800000e+03 	 2.000000e+00
5 	 244 	 Ey 	 2 	 2.961220e-01 	 -1.080000e+03 	 1.800000e+03 	 2.000000e+00
5 	 245 	 Ey 	 2 	 2.896698e-01 	 -8.400000e+02 	 1.800000e+03 	 2.000000e+00
5 	 246 	 Ey 	 2 	 1.729852e-01 	 -6.000000e+02 	 1.800000e+03 	 2.000000e+00
5 	 247 	 Ey 	 2 	 2.049766e+00 	 -3.600000e+02 	 1.800000e+03 	 2.000000e+00
5 	 248 	 Ey 	 2 	 4.961014e-01 	 -1.200000e+02 	 1.800000e+03 	 2.000000e+00
5 	 249 	 Ey 	 2 	 1.318744e+00 	 1.200000e+02 	 1.800000e+03 	 2.000000e+00
5 	 250 	 Ey 	 2 	 6.170751e-01 	 3.600000e+02 	 1.800000e+03 	 2.000000e+00
5 	 251 	 Ey 	 2 	 7.903333e-01 	 6.000000e+02 	 1.800000e+03 	 2.000000e+00
5 	 252 	 Ey 	 2 	 1.576412e+00 	 8.400000e+02 	 1.800000e+03 	 2.000000e+00
5 	 253 	 Ey 	 2 	 5.287928e-01 	 1.080000e+03 	 1.800000e+03 	 2.000000e+00
5 	 254 	 Ey 	 2 	 1.573118e+00 	 1.320000e+03 	 1.800000e+03 	 2.000000e+00
5 	 255 	 Ey 	 2 	 9.609620e-01 	 1.560000e+03 	 1.800000e+03 	 2.000000e+00
5 	 256 	 Ey 	 2 	 7.832757e-01 	 1.800000e+03 	 1.800000e+03 	 2.000000e+00
