iTx 	 iRx    ichrec  ifreq 	 sig_misfit   x       y      z
13 	 1 	 Ex 	 1 	 6.842410e-01 	 -1.800000e+03 	 -1.800000e+03 	 2.000000e+00
13 	 2 	 Ex 	 1 	 1.061623e+00 	 -1.560000e+03 	 -1.800000e+03 	 2.000000e+00
13 	 3 	 Ex 	 1 	 2.175978e+00 	 -1.320000e+03 	 -1.800000e+03 	 2.000000e+00
13 	 4 	 Ex 	 1 	 1.567343e+00 	 -1.080000e+03 	 -1.800000e+03 	 2.000000e+00
13 	 5 	 Ex 	 1 	 1.390499e+00 	 -8.400000e+02 	 -1.800000e+03 	 2.000000e+00
13 	 6 	 Ex 	 1 	 1.234610e+00 	 -6.000000e+02 	 -1.800000e+03 	 2.000000e+00
13 	 7 	 Ex 	 1 	 1.238964e+00 	 -3.600000e+02 	 -1.800000e+03 	 2.000000e+00
13 	 8 	 Ex 	 1 	 7.592268e-01 	 -1.200000e+02 	 -1.800000e+03 	 2.000000e+00
13 	 9 	 Ex 	 1 	 1.656058e+00 	 1.200000e+02 	 -1.800000e+03 	 2.000000e+00
13 	 10 	 Ex 	 1 	 5.870264e-01 	 3.600000e+02 	 -1.800000e+03 	 2.000000e+00
13 	 11 	 Ex 	 1 	 1.747478e-01 	 6.000000e+02 	 -1.800000e+03 	 2.000000e+00
13 	 12 	 Ex 	 1 	 6.008848e-01 	 8.400000e+02 	 -1.800000e+03 	 2.000000e+00
13 	 13 	 Ex 	 1 	 1.719581e+00 	 1.080000e+03 	 -1.800000e+03 	 2.000000e+00
13 	 14 	 Ex 	 1 	 1.497217e+00 	 1.320000e+03 	 -1.800000e+03 	 2.000000e+00
13 	 15 	 Ex 	 1 	 1.828177e+00 	 1.560000e+03 	 -1.800000e+03 	 2.000000e+00
13 	 16 	 Ex 	 1 	 6.896768e-01 	 1.800000e+03 	 -1.800000e+03 	 2.000000e+00
13 	 17 	 Ex 	 1 	 8.487606e-01 	 -1.800000e+03 	 -1.560000e+03 	 2.000000e+00
13 	 18 	 Ex 	 1 	 1.551399e+00 	 -1.560000e+03 	 -1.560000e+03 	 2.000000e+00
13 	 19 	 Ex 	 1 	 1.351373e+00 	 -1.320000e+03 	 -1.560000e+03 	 2.000000e+00
13 	 20 	 Ex 	 1 	 6.730883e-01 	 -1.080000e+03 	 -1.560000e+03 	 2.000000e+00
13 	 21 	 Ex 	 1 	 1.975747e+00 	 -8.400000e+02 	 -1.560000e+03 	 2.000000e+00
13 	 22 	 Ex 	 1 	 1.441395e+00 	 -6.000000e+02 	 -1.560000e+03 	 2.000000e+00
13 	 23 	 Ex 	 1 	 2.295702e+00 	 -3.600000e+02 	 -1.560000e+03 	 2.000000e+00
13 	 24 	 Ex 	 1 	 1.462889e+00 	 -1.200000e+02 	 -1.560000e+03 	 2.000000e+00
13 	 25 	 Ex 	 1 	 9.107950e-01 	 1.200000e+02 	 -1.560000e+03 	 2.000000e+00
13 	 26 	 Ex 	 1 	 1.102171e+00 	 3.600000e+02 	 -1.560000e+03 	 2.000000e+00
13 	 27 	 Ex 	 1 	 9.084058e-01 	 6.000000e+02 	 -1.560000e+03 	 2.000000e+00
13 	 28 	 Ex 	 1 	 8.963688e-01 	 8.400000e+02 	 -1.560000e+03 	 2.000000e+00
13 	 29 	 Ex 	 1 	 7.374412e-01 	 1.080000e+03 	 -1.560000e+03 	 2.000000e+00
13 	 30 	 Ex 	 1 	 5.044335e-01 	 1.320000e+03 	 -1.560000e+03 	 2.000000e+00
13 	 31 	 Ex 	 1 	 1.361418e+00 	 1.560000e+03 	 -1.560000e+03 	 2.000000e+00
13 	 32 	 Ex 	 1 	 3.669185e-01 	 1.800000e+03 	 -1.560000e+03 	 2.000000e+00
13 	 33 	 Ex 	 1 	 9.586726e-01 	 -1.800000e+03 	 -1.320000e+03 	 2.000000e+00
13 	 34 	 Ex 	 1 	 6.398030e-01 	 -1.560000e+03 	 -1.320000e+03 	 2.000000e+00
13 	 35 	 Ex 	 1 	 1.329819e+00 	 -1.320000e+03 	 -1.320000e+03 	 2.000000e+00
13 	 36 	 Ex 	 1 	 7.646561e-01 	 -1.080000e+03 	 -1.320000e+03 	 2.000000e+00
13 	 37 	 Ex 	 1 	 1.135726e+00 	 -8.400000e+02 	 -1.320000e+03 	 2.000000e+00
13 	 38 	 Ex 	 1 	 1.418580e+00 	 -6.000000e+02 	 -1.320000e+03 	 2.000000e+00
13 	 39 	 Ex 	 1 	 1.202081e+00 	 -3.600000e+02 	 -1.320000e+03 	 2.000000e+00
13 	 40 	 Ex 	 1 	 2.728706e-01 	 -1.200000e+02 	 -1.320000e+03 	 2.000000e+00
13 	 41 	 Ex 	 1 	 1.061258e+00 	 1.200000e+02 	 -1.320000e+03 	 2.000000e+00
13 	 42 	 Ex 	 1 	 1.251042e+00 	 3.600000e+02 	 -1.320000e+03 	 2.000000e+00
13 	 43 	 Ex 	 1 	 1.232611e+00 	 6.000000e+02 	 -1.320000e+03 	 2.000000e+00
13 	 44 	 Ex 	 1 	 1.586876e+00 	 8.400000e+02 	 -1.320000e+03 	 2.000000e+00
13 	 45 	 Ex 	 1 	 1.235752e+00 	 1.080000e+03 	 -1.320000e+03 	 2.000000e+00
13 	 46 	 Ex 	 1 	 3.166440e-01 	 1.320000e+03 	 -1.320000e+03 	 2.000000e+00
13 	 47 	 Ex 	 1 	 1.711634e+00 	 1.560000e+03 	 -1.320000e+03 	 2.000000e+00
13 	 48 	 Ex 	 1 	 1.312850e+00 	 1.800000e+03 	 -1.320000e+03 	 2.000000e+00
13 	 49 	 Ex 	 1 	 5.916444e-01 	 -1.800000e+03 	 -1.080000e+03 	 2.000000e+00
13 	 50 	 Ex 	 1 	 1.190703e+00 	 -1.560000e+03 	 -1.080000e+03 	 2.000000e+00
13 	 51 	 Ex 	 1 	 2.219685e+00 	 -1.320000e+03 	 -1.080000e+03 	 2.000000e+00
13 	 52 	 Ex 	 1 	 1.007958e+00 	 -1.080000e+03 	 -1.080000e+03 	 2.000000e+00
13 	 53 	 Ex 	 1 	 1.617179e+00 	 -8.400000e+02 	 -1.080000e+03 	 2.000000e+00
13 	 54 	 Ex 	 1 	 6.079848e-01 	 -6.000000e+02 	 -1.080000e+03 	 2.000000e+00
13 	 55 	 Ex 	 1 	 3.593171e-01 	 -3.600000e+02 	 -1.080000e+03 	 2.000000e+00
13 	 56 	 Ex 	 1 	 3.657059e-01 	 -1.200000e+02 	 -1.080000e+03 	 2.000000e+00
13 	 57 	 Ex 	 1 	 2.531231e+00 	 1.200000e+02 	 -1.080000e+03 	 2.000000e+00
13 	 58 	 Ex 	 1 	 3.323987e+00 	 3.600000e+02 	 -1.080000e+03 	 2.000000e+00
13 	 59 	 Ex 	 1 	 1.279229e+00 	 6.000000e+02 	 -1.080000e+03 	 2.000000e+00
13 	 60 	 Ex 	 1 	 1.104485e+00 	 8.400000e+02 	 -1.080000e+03 	 2.000000e+00
13 	 61 	 Ex 	 1 	 1.524433e+00 	 1.080000e+03 	 -1.080000e+03 	 2.000000e+00
13 	 62 	 Ex 	 1 	 1.800230e+00 	 1.320000e+03 	 -1.080000e+03 	 2.000000e+00
13 	 63 	 Ex 	 1 	 1.008706e+00 	 1.560000e+03 	 -1.080000e+03 	 2.000000e+00
13 	 64 	 Ex 	 1 	 5.035999e-01 	 1.800000e+03 	 -1.080000e+03 	 2.000000e+00
13 	 65 	 Ex 	 1 	 7.381769e-01 	 -1.800000e+03 	 -8.400000e+02 	 2.000000e+00
13 	 66 	 Ex 	 1 	 1.737695e+00 	 -1.560000e+03 	 -8.400000e+02 	 2.000000e+00
13 	 67 	 Ex 	 1 	 5.653969e-01 	 -1.320000e+03 	 -8.400000e+02 	 2.000000e+00
13 	 68 	 Ex 	 1 	 1.787195e+00 	 -1.080000e+03 	 -8.400000e+02 	 2.000000e+00
13 	 69 	 Ex 	 1 	 1.970973e+00 	 -8.400000e+02 	 -8.400000e+02 	 2.000000e+00
13 	 70 	 Ex 	 1 	 1.581313e+00 	 -6.000000e+02 	 -8.400000e+02 	 2.000000e+00
13 	 71 	 Ex 	 1 	 4.288389e-01 	 -3.600000e+02 	 -8.400000e+02 	 2.000000e+00
13 	 72 	 Ex 	 1 	 9.027921e-01 	 -1.200000e+02 	 -8.400000e+02 	 2.000000e+00
13 	 73 	 Ex 	 1 	 1.119720e+00 	 1.200000e+02 	 -8.400000e+02 	 2.000000e+00
13 	 74 	 Ex 	 1 	 1.863148e+00 	 3.600000e+02 	 -8.400000e+02 	 2.000000e+00
13 	 75 	 Ex 	 1 	 9.269429e-01 	 6.000000e+02 	 -8.400000e+02 	 2.000000e+00
13 	 76 	 Ex 	 1 	 4.301665e-01 	 8.400000e+02 	 -8.400000e+02 	 2.000000e+00
13 	 77 	 Ex 	 1 	 1.713531e+00 	 1.080000e+03 	 -8.400000e+02 	 2.000000e+00
13 	 78 	 Ex 	 1 	 1.494277e+00 	 1.320000e+03 	 -8.400000e+02 	 2.000000e+00
13 	 79 	 Ex 	 1 	 1.259087e+00 	 1.560000e+03 	 -8.400000e+02 	 2.000000e+00
13 	 80 	 Ex 	 1 	 1.416729e+00 	 1.800000e+03 	 -8.400000e+02 	 2.000000e+00
13 	 81 	 Ex 	 1 	 8.139631e-01 	 -1.800000e+03 	 -6.000000e+02 	 2.000000e+00
13 	 82 	 Ex 	 1 	 1.441974e+00 	 -1.560000e+03 	 -6.000000e+02 	 2.000000e+00
13 	 83 	 Ex 	 1 	 5.068970e-01 	 -1.320000e+03 	 -6.000000e+02 	 2.000000e+00
13 	 84 	 Ex 	 1 	 1.431702e+00 	 -1.080000e+03 	 -6.000000e+02 	 2.000000e+00
13 	 85 	 Ex 	 1 	 7.332533e-01 	 -8.400000e+02 	 -6.000000e+02 	 2.000000e+00
13 	 86 	 Ex 	 1 	 1.244102e+00 	 -6.000000e+02 	 -6.000000e+02 	 2.000000e+00
13 	 87 	 Ex 	 1 	 1.580603e+00 	 -3.600000e+02 	 -6.000000e+02 	 2.000000e+00
13 	 88 	 Ex 	 1 	 1.284270e+00 	 -1.200000e+02 	 -6.000000e+02 	 2.000000e+00
13 	 89 	 Ex 	 1 	 2.025072e+00 	 1.200000e+02 	 -6.000000e+02 	 2.000000e+00
13 	 90 	 Ex 	 1 	 1.797223e+00 	 3.600000e+02 	 -6.000000e+02 	 2.000000e+00
13 	 91 	 Ex 	 1 	 5.304715e-01 	 6.000000e+02 	 -6.000000e+02 	 2.000000e+00
13 	 92 	 Ex 	 1 	 9.393575e-01 	 8.400000e+02 	 -6.000000e+02 	 2.000000e+00
13 	 93 	 Ex 	 1 	 1.408542e+00 	 1.080000e+03 	 -6.000000e+02 	 2.000000e+00
13 	 94 	 Ex 	 1 	 3.200323e-01 	 1.320000e+03 	 -6.000000e+02 	 2.000000e+00
13 	 95 	 Ex 	 1 	 7.951801e-01 	 1.560000e+03 	 -6.000000e+02 	 2.000000e+00
13 	 96 	 Ex 	 1 	 6.797763e-01 	 1.800000e+03 	 -6.000000e+02 	 2.000000e+00
13 	 97 	 Ex 	 1 	 9.527808e-01 	 -1.800000e+03 	 -3.600000e+02 	 2.000000e+00
13 	 98 	 Ex 	 1 	 9.916978e-01 	 -1.560000e+03 	 -3.600000e+02 	 2.000000e+00
13 	 99 	 Ex 	 1 	 1.260287e-01 	 -1.320000e+03 	 -3.600000e+02 	 2.000000e+00
13 	 100 	 Ex 	 1 	 5.629799e-01 	 -1.080000e+03 	 -3.600000e+02 	 2.000000e+00
13 	 101 	 Ex 	 1 	 5.884459e-01 	 -8.400000e+02 	 -3.600000e+02 	 2.000000e+00
13 	 102 	 Ex 	 1 	 1.081805e+00 	 -6.000000e+02 	 -3.600000e+02 	 2.000000e+00
13 	 103 	 Ex 	 1 	 7.926953e-01 	 -3.600000e+02 	 -3.600000e+02 	 2.000000e+00
13 	 104 	 Ex 	 1 	 1.306630e+00 	 -1.200000e+02 	 -3.600000e+02 	 2.000000e+00
13 	 105 	 Ex 	 1 	 1.757664e-01 	 1.200000e+02 	 -3.600000e+02 	 2.000000e+00
13 	 106 	 Ex 	 1 	 1.473946e+00 	 3.600000e+02 	 -3.600000e+02 	 2.000000e+00
13 	 107 	 Ex 	 1 	 1.446560e+00 	 6.000000e+02 	 -3.600000e+02 	 2.000000e+00
13 	 108 	 Ex 	 1 	 1.807287e+00 	 8.400000e+02 	 -3.600000e+02 	 2.000000e+00
13 	 109 	 Ex 	 1 	 8.143356e-01 	 1.080000e+03 	 -3.600000e+02 	 2.000000e+00
13 	 110 	 Ex 	 1 	 2.103746e+00 	 1.320000e+03 	 -3.600000e+02 	 2.000000e+00
13 	 111 	 Ex 	 1 	 6.203393e-01 	 1.560000e+03 	 -3.600000e+02 	 2.000000e+00
13 	 112 	 Ex 	 1 	 1.550341e+00 	 1.800000e+03 	 -3.600000e+02 	 2.000000e+00
13 	 113 	 Ex 	 1 	 1.897475e+00 	 -1.800000e+03 	 -1.200000e+02 	 2.000000e+00
13 	 114 	 Ex 	 1 	 1.524372e+00 	 -1.560000e+03 	 -1.200000e+02 	 2.000000e+00
13 	 115 	 Ex 	 1 	 7.680423e-01 	 -1.320000e+03 	 -1.200000e+02 	 2.000000e+00
13 	 116 	 Ex 	 1 	 1.656550e+00 	 -1.080000e+03 	 -1.200000e+02 	 2.000000e+00
13 	 117 	 Ex 	 1 	 1.280804e+00 	 -8.400000e+02 	 -1.200000e+02 	 2.000000e+00
13 	 118 	 Ex 	 1 	 2.819827e+00 	 -6.000000e+02 	 -1.200000e+02 	 2.000000e+00
13 	 119 	 Ex 	 1 	 1.254484e+00 	 -3.600000e+02 	 -1.200000e+02 	 2.000000e+00
13 	 120 	 Ex 	 1 	 7.358269e-01 	 -1.200000e+02 	 -1.200000e+02 	 2.000000e+00
13 	 121 	 Ex 	 1 	 8.136354e-01 	 1.200000e+02 	 -1.200000e+02 	 2.000000e+00
13 	 122 	 Ex 	 1 	 5.532799e-01 	 3.600000e+02 	 -1.200000e+02 	 2.000000e+00
13 	 123 	 Ex 	 1 	 1.969364e+00 	 6.000000e+02 	 -1.200000e+02 	 2.000000e+00
13 	 124 	 Ex 	 1 	 1.657519e+00 	 8.400000e+02 	 -1.200000e+02 	 2.000000e+00
13 	 125 	 Ex 	 1 	 1.425044e+00 	 1.080000e+03 	 -1.200000e+02 	 2.000000e+00
13 	 126 	 Ex 	 1 	 3.820972e-01 	 1.320000e+03 	 -1.200000e+02 	 2.000000e+00
13 	 127 	 Ex 	 1 	 9.198783e-01 	 1.560000e+03 	 -1.200000e+02 	 2.000000e+00
13 	 128 	 Ex 	 1 	 9.616426e-01 	 1.800000e+03 	 -1.200000e+02 	 2.000000e+00
13 	 129 	 Ex 	 1 	 9.166396e-01 	 -1.800000e+03 	 1.200000e+02 	 2.000000e+00
13 	 130 	 Ex 	 1 	 1.355224e+00 	 -1.560000e+03 	 1.200000e+02 	 2.000000e+00
13 	 131 	 Ex 	 1 	 3.029162e-01 	 -1.320000e+03 	 1.200000e+02 	 2.000000e+00
13 	 132 	 Ex 	 1 	 1.246161e+00 	 -1.080000e+03 	 1.200000e+02 	 2.000000e+00
13 	 133 	 Ex 	 1 	 5.890325e-01 	 -8.400000e+02 	 1.200000e+02 	 2.000000e+00
13 	 134 	 Ex 	 1 	 1.612248e+00 	 -6.000000e+02 	 1.200000e+02 	 2.000000e+00
13 	 135 	 Ex 	 1 	 8.134450e-01 	 -3.600000e+02 	 1.200000e+02 	 2.000000e+00
13 	 136 	 Ex 	 1 	 1.326314e+00 	 -1.200000e+02 	 1.200000e+02 	 2.000000e+00
13 	 137 	 Ex 	 1 	 7.343204e-01 	 1.200000e+02 	 1.200000e+02 	 2.000000e+00
13 	 138 	 Ex 	 1 	 3.369706e-01 	 3.600000e+02 	 1.200000e+02 	 2.000000e+00
13 	 139 	 Ex 	 1 	 1.194155e+00 	 6.000000e+02 	 1.200000e+02 	 2.000000e+00
13 	 140 	 Ex 	 1 	 2.481288e+00 	 8.400000e+02 	 1.200000e+02 	 2.000000e+00
13 	 141 	 Ex 	 1 	 9.565430e-01 	 1.080000e+03 	 1.200000e+02 	 2.000000e+00
13 	 142 	 Ex 	 1 	 6.725431e-01 	 1.320000e+03 	 1.200000e+02 	 2.000000e+00
13 	 143 	 Ex 	 1 	 1.558902e+00 	 1.560000e+03 	 1.200000e+02 	 2.000000e+00
13 	 144 	 Ex 	 1 	 1.620996e+00 	 1.800000e+03 	 1.200000e+02 	 2.000000e+00
13 	 145 	 Ex 	 1 	 4.228857e-01 	 -1.800000e+03 	 3.600000e+02 	 2.000000e+00
13 	 146 	 Ex 	 1 	 1.493860e+00 	 -1.560000e+03 	 3.600000e+02 	 2.000000e+00
13 	 147 	 Ex 	 1 	 2.787824e-01 	 -1.320000e+03 	 3.600000e+02 	 2.000000e+00
13 	 148 	 Ex 	 1 	 1.567563e+00 	 -1.080000e+03 	 3.600000e+02 	 2.000000e+00
13 	 149 	 Ex 	 1 	 1.301929e+00 	 -8.400000e+02 	 3.600000e+02 	 2.000000e+00
13 	 150 	 Ex 	 1 	 1.506236e+00 	 -6.000000e+02 	 3.600000e+02 	 2.000000e+00
13 	 151 	 Ex 	 1 	 5.793352e-01 	 -3.600000e+02 	 3.600000e+02 	 2.000000e+00
13 	 152 	 Ex 	 1 	 6.705574e-01 	 -1.200000e+02 	 3.600000e+02 	 2.000000e+00
13 	 153 	 Ex 	 1 	 4.848962e-01 	 1.200000e+02 	 3.600000e+02 	 2.000000e+00
13 	 154 	 Ex 	 1 	 5.014767e-01 	 3.600000e+02 	 3.600000e+02 	 2.000000e+00
13 	 155 	 Ex 	 1 	 8.954724e-01 	 6.000000e+02 	 3.600000e+02 	 2.000000e+00
13 	 156 	 Ex 	 1 	 1.139889e+00 	 8.400000e+02 	 3.600000e+02 	 2.000000e+00
13 	 157 	 Ex 	 1 	 1.178833e+00 	 1.080000e+03 	 3.600000e+02 	 2.000000e+00
13 	 158 	 Ex 	 1 	 8.270844e-01 	 1.320000e+03 	 3.600000e+02 	 2.000000e+00
13 	 159 	 Ex 	 1 	 1.098079e+00 	 1.560000e+03 	 3.600000e+02 	 2.000000e+00
13 	 160 	 Ex 	 1 	 2.062218e+00 	 1.800000e+03 	 3.600000e+02 	 2.000000e+00
13 	 161 	 Ex 	 1 	 1.337964e+00 	 -1.800000e+03 	 6.000000e+02 	 2.000000e+00
13 	 162 	 Ex 	 1 	 1.400793e+00 	 -1.560000e+03 	 6.000000e+02 	 2.000000e+00
13 	 163 	 Ex 	 1 	 5.723462e-01 	 -1.320000e+03 	 6.000000e+02 	 2.000000e+00
13 	 164 	 Ex 	 1 	 1.517098e+00 	 -1.080000e+03 	 6.000000e+02 	 2.000000e+00
13 	 165 	 Ex 	 1 	 2.620863e+00 	 -8.400000e+02 	 6.000000e+02 	 2.000000e+00
13 	 166 	 Ex 	 1 	 2.093212e+00 	 -6.000000e+02 	 6.000000e+02 	 2.000000e+00
13 	 167 	 Ex 	 1 	 6.271721e-01 	 -3.600000e+02 	 6.000000e+02 	 2.000000e+00
13 	 168 	 Ex 	 1 	 1.470089e+00 	 -1.200000e+02 	 6.000000e+02 	 2.000000e+00
13 	 169 	 Ex 	 1 	 5.441989e-01 	 1.200000e+02 	 6.000000e+02 	 2.000000e+00
13 	 170 	 Ex 	 1 	 8.402522e-01 	 3.600000e+02 	 6.000000e+02 	 2.000000e+00
13 	 171 	 Ex 	 1 	 1.124745e+00 	 6.000000e+02 	 6.000000e+02 	 2.000000e+00
13 	 172 	 Ex 	 1 	 1.033934e+00 	 8.400000e+02 	 6.000000e+02 	 2.000000e+00
13 	 173 	 Ex 	 1 	 1.187175e+00 	 1.080000e+03 	 6.000000e+02 	 2.000000e+00
13 	 174 	 Ex 	 1 	 1.220792e+00 	 1.320000e+03 	 6.000000e+02 	 2.000000e+00
13 	 175 	 Ex 	 1 	 5.956594e-01 	 1.560000e+03 	 6.000000e+02 	 2.000000e+00
13 	 176 	 Ex 	 1 	 4.369513e-01 	 1.800000e+03 	 6.000000e+02 	 2.000000e+00
13 	 177 	 Ex 	 1 	 1.882766e-01 	 -1.800000e+03 	 8.400000e+02 	 2.000000e+00
13 	 178 	 Ex 	 1 	 1.013726e+00 	 -1.560000e+03 	 8.400000e+02 	 2.000000e+00
13 	 179 	 Ex 	 1 	 6.534961e-01 	 -1.320000e+03 	 8.400000e+02 	 2.000000e+00
13 	 180 	 Ex 	 1 	 7.352906e-01 	 -1.080000e+03 	 8.400000e+02 	 2.000000e+00
13 	 181 	 Ex 	 1 	 8.253973e-01 	 -8.400000e+02 	 8.400000e+02 	 2.000000e+00
13 	 182 	 Ex 	 1 	 5.715141e-01 	 -6.000000e+02 	 8.400000e+02 	 2.000000e+00
13 	 183 	 Ex 	 1 	 1.449638e+00 	 -3.600000e+02 	 8.400000e+02 	 2.000000e+00
13 	 184 	 Ex 	 1 	 1.230506e+00 	 -1.200000e+02 	 8.400000e+02 	 2.000000e+00
13 	 185 	 Ex 	 1 	 1.847154e+00 	 1.200000e+02 	 8.400000e+02 	 2.000000e+00
13 	 186 	 Ex 	 1 	 6.990219e-01 	 3.600000e+02 	 8.400000e+02 	 2.000000e+00
13 	 187 	 Ex 	 1 	 2.253034e-01 	 6.000000e+02 	 8.400000e+02 	 2.000000e+00
13 	 188 	 Ex 	 1 	 5.768549e-01 	 8.400000e+02 	 8.400000e+02 	 2.000000e+00
13 	 189 	 Ex 	 1 	 1.003390e+00 	 1.080000e+03 	 8.400000e+02 	 2.000000e+00
13 	 190 	 Ex 	 1 	 1.606482e+00 	 1.320000e+03 	 8.400000e+02 	 2.000000e+00
13 	 191 	 Ex 	 1 	 1.419191e+00 	 1.560000e+03 	 8.400000e+02 	 2.000000e+00
13 	 192 	 Ex 	 1 	 5.452033e-01 	 1.800000e+03 	 8.400000e+02 	 2.000000e+00
13 	 193 	 Ex 	 1 	 0.000000e+00 	 -1.800000e+03 	 1.080000e+03 	 2.000000e+00
13 	 194 	 Ex 	 1 	 0.000000e+00 	 -1.560000e+03 	 1.080000e+03 	 2.000000e+00
13 	 195 	 Ex 	 1 	 0.000000e+00 	 -1.320000e+03 	 1.080000e+03 	 2.000000e+00
13 	 196 	 Ex 	 1 	 3.853596e-01 	 -1.080000e+03 	 1.080000e+03 	 2.000000e+00
13 	 197 	 Ex 	 1 	 1.403917e+00 	 -8.400000e+02 	 1.080000e+03 	 2.000000e+00
13 	 198 	 Ex 	 1 	 6.494480e-01 	 -6.000000e+02 	 1.080000e+03 	 2.000000e+00
13 	 199 	 Ex 	 1 	 1.401054e+00 	 -3.600000e+02 	 1.080000e+03 	 2.000000e+00
13 	 200 	 Ex 	 1 	 2.571305e+00 	 -1.200000e+02 	 1.080000e+03 	 2.000000e+00
13 	 201 	 Ex 	 1 	 1.263889e+00 	 1.200000e+02 	 1.080000e+03 	 2.000000e+00
13 	 202 	 Ex 	 1 	 1.389152e+00 	 3.600000e+02 	 1.080000e+03 	 2.000000e+00
13 	 203 	 Ex 	 1 	 1.416377e+00 	 6.000000e+02 	 1.080000e+03 	 2.000000e+00
13 	 204 	 Ex 	 1 	 1.034910e+00 	 8.400000e+02 	 1.080000e+03 	 2.000000e+00
13 	 205 	 Ex 	 1 	 1.174520e+00 	 1.080000e+03 	 1.080000e+03 	 2.000000e+00
13 	 206 	 Ex 	 1 	 1.860432e+00 	 1.320000e+03 	 1.080000e+03 	 2.000000e+00
13 	 207 	 Ex 	 1 	 9.504099e-01 	 1.560000e+03 	 1.080000e+03 	 2.000000e+00
13 	 208 	 Ex 	 1 	 1.098902e+00 	 1.800000e+03 	 1.080000e+03 	 2.000000e+00
13 	 209 	 Ex 	 1 	 0.000000e+00 	 -1.800000e+03 	 1.320000e+03 	 2.000000e+00
13 	 210 	 Ex 	 1 	 0.000000e+00 	 -1.560000e+03 	 1.320000e+03 	 2.000000e+00
13 	 211 	 Ex 	 1 	 0.000000e+00 	 -1.320000e+03 	 1.320000e+03 	 2.000000e+00
13 	 212 	 Ex 	 1 	 0.000000e+00 	 -1.080000e+03 	 1.320000e+03 	 2.000000e+00
13 	 213 	 Ex 	 1 	 4.391136e-01 	 -8.400000e+02 	 1.320000e+03 	 2.000000e+00
13 	 214 	 Ex 	 1 	 6.612111e-01 	 -6.000000e+02 	 1.320000e+03 	 2.000000e+00
13 	 215 	 Ex 	 1 	 1.321962e+00 	 -3.600000e+02 	 1.320000e+03 	 2.000000e+00
13 	 216 	 Ex 	 1 	 7.693771e-01 	 -1.200000e+02 	 1.320000e+03 	 2.000000e+00
13 	 217 	 Ex 	 1 	 9.231331e-01 	 1.200000e+02 	 1.320000e+03 	 2.000000e+00
13 	 218 	 Ex 	 1 	 8.302866e-01 	 3.600000e+02 	 1.320000e+03 	 2.000000e+00
13 	 219 	 Ex 	 1 	 3.693000e-01 	 6.000000e+02 	 1.320000e+03 	 2.000000e+00
13 	 220 	 Ex 	 1 	 1.211576e+00 	 8.400000e+02 	 1.320000e+03 	 2.000000e+00
13 	 221 	 Ex 	 1 	 1.521665e+00 	 1.080000e+03 	 1.320000e+03 	 2.000000e+00
13 	 222 	 Ex 	 1 	 8.105618e-01 	 1.320000e+03 	 1.320000e+03 	 2.000000e+00
13 	 223 	 Ex 	 1 	 8.211689e-01 	 1.560000e+03 	 1.320000e+03 	 2.000000e+00
13 	 224 	 Ex 	 1 	 1.686314e+00 	 1.800000e+03 	 1.320000e+03 	 2.000000e+00
13 	 225 	 Ex 	 1 	 0.000000e+00 	 -1.800000e+03 	 1.560000e+03 	 2.000000e+00
13 	 226 	 Ex 	 1 	 0.000000e+00 	 -1.560000e+03 	 1.560000e+03 	 2.000000e+00
13 	 227 	 Ex 	 1 	 0.000000e+00 	 -1.320000e+03 	 1.560000e+03 	 2.000000e+00
13 	 228 	 Ex 	 1 	 0.000000e+00 	 -1.080000e+03 	 1.560000e+03 	 2.000000e+00
13 	 229 	 Ex 	 1 	 6.996056e-01 	 -8.400000e+02 	 1.560000e+03 	 2.000000e+00
13 	 230 	 Ex 	 1 	 9.667235e-01 	 -6.000000e+02 	 1.560000e+03 	 2.000000e+00
13 	 231 	 Ex 	 1 	 6.395610e-01 	 -3.600000e+02 	 1.560000e+03 	 2.000000e+00
13 	 232 	 Ex 	 1 	 6.378751e-01 	 -1.200000e+02 	 1.560000e+03 	 2.000000e+00
13 	 233 	 Ex 	 1 	 1.023336e+00 	 1.200000e+02 	 1.560000e+03 	 2.000000e+00
13 	 234 	 Ex 	 1 	 5.809326e-01 	 3.600000e+02 	 1.560000e+03 	 2.000000e+00
13 	 235 	 Ex 	 1 	 3.529256e-01 	 6.000000e+02 	 1.560000e+03 	 2.000000e+00
13 	 236 	 Ex 	 1 	 6.626503e-01 	 8.400000e+02 	 1.560000e+03 	 2.000000e+00
13 	 237 	 Ex 	 1 	 1.259754e+00 	 1.080000e+03 	 1.560000e+03 	 2.000000e+00
13 	 238 	 Ex 	 1 	 1.551620e+00 	 1.320000e+03 	 1.560000e+03 	 2.000000e+00
13 	 239 	 Ex 	 1 	 4.220599e-01 	 1.560000e+03 	 1.560000e+03 	 2.000000e+00
13 	 240 	 Ex 	 1 	 2.509332e-01 	 1.800000e+03 	 1.560000e+03 	 2.000000e+00
13 	 241 	 Ex 	 1 	 0.000000e+00 	 -1.800000e+03 	 1.800000e+03 	 2.000000e+00
13 	 242 	 Ex 	 1 	 0.000000e+00 	 -1.560000e+03 	 1.800000e+03 	 2.000000e+00
13 	 243 	 Ex 	 1 	 0.000000e+00 	 -1.320000e+03 	 1.800000e+03 	 2.000000e+00
13 	 244 	 Ex 	 1 	 0.000000e+00 	 -1.080000e+03 	 1.800000e+03 	 2.000000e+00
13 	 245 	 Ex 	 1 	 6.178602e-01 	 -8.400000e+02 	 1.800000e+03 	 2.000000e+00
13 	 246 	 Ex 	 1 	 9.270351e-01 	 -6.000000e+02 	 1.800000e+03 	 2.000000e+00
13 	 247 	 Ex 	 1 	 2.456710e+00 	 -3.600000e+02 	 1.800000e+03 	 2.000000e+00
13 	 248 	 Ex 	 1 	 6.657908e-01 	 -1.200000e+02 	 1.800000e+03 	 2.000000e+00
13 	 249 	 Ex 	 1 	 1.049131e+00 	 1.200000e+02 	 1.800000e+03 	 2.000000e+00
13 	 250 	 Ex 	 1 	 3.564714e-01 	 3.600000e+02 	 1.800000e+03 	 2.000000e+00
13 	 251 	 Ex 	 1 	 1.278575e+00 	 6.000000e+02 	 1.800000e+03 	 2.000000e+00
13 	 252 	 Ex 	 1 	 2.110716e+00 	 8.400000e+02 	 1.800000e+03 	 2.000000e+00
13 	 253 	 Ex 	 1 	 1.977610e+00 	 1.080000e+03 	 1.800000e+03 	 2.000000e+00
13 	 254 	 Ex 	 1 	 1.286544e+00 	 1.320000e+03 	 1.800000e+03 	 2.000000e+00
13 	 255 	 Ex 	 1 	 6.248937e-01 	 1.560000e+03 	 1.800000e+03 	 2.000000e+00
13 	 256 	 Ex 	 1 	 1.802284e+00 	 1.800000e+03 	 1.800000e+03 	 2.000000e+00
13 	 1 	 Ex 	 2 	 6.212589e-01 	 -1.800000e+03 	 -1.800000e+03 	 2.000000e+00
13 	 2 	 Ex 	 2 	 2.020066e-01 	 -1.560000e+03 	 -1.800000e+03 	 2.000000e+00
13 	 3 	 Ex 	 2 	 4.085434e-01 	 -1.320000e+03 	 -1.800000e+03 	 2.000000e+00
13 	 4 	 Ex 	 2 	 2.477930e+00 	 -1.080000e+03 	 -1.800000e+03 	 2.000000e+00
13 	 5 	 Ex 	 2 	 1.093360e+00 	 -8.400000e+02 	 -1.800000e+03 	 2.000000e+00
13 	 6 	 Ex 	 2 	 1.275719e-01 	 -6.000000e+02 	 -1.800000e+03 	 2.000000e+00
13 	 7 	 Ex 	 2 	 5.715441e-01 	 -3.600000e+02 	 -1.800000e+03 	 2.000000e+00
13 	 8 	 Ex 	 2 	 1.276756e+00 	 -1.200000e+02 	 -1.800000e+03 	 2.000000e+00
13 	 9 	 Ex 	 2 	 1.427609e+00 	 1.200000e+02 	 -1.800000e+03 	 2.000000e+00
13 	 10 	 Ex 	 2 	 4.314444e-01 	 3.600000e+02 	 -1.800000e+03 	 2.000000e+00
13 	 11 	 Ex 	 2 	 5.930250e-01 	 6.000000e+02 	 -1.800000e+03 	 2.000000e+00
13 	 12 	 Ex 	 2 	 8.095233e-01 	 8.400000e+02 	 -1.800000e+03 	 2.000000e+00
13 	 13 	 Ex 	 2 	 5.483426e-01 	 1.080000e+03 	 -1.800000e+03 	 2.000000e+00
13 	 14 	 Ex 	 2 	 1.271453e+00 	 1.320000e+03 	 -1.800000e+03 	 2.000000e+00
13 	 15 	 Ex 	 2 	 1.482022e+00 	 1.560000e+03 	 -1.800000e+03 	 2.000000e+00
13 	 16 	 Ex 	 2 	 1.202649e+00 	 1.800000e+03 	 -1.800000e+03 	 2.000000e+00
13 	 17 	 Ex 	 2 	 3.678738e-01 	 -1.800000e+03 	 -1.560000e+03 	 2.000000e+00
13 	 18 	 Ex 	 2 	 1.749427e+00 	 -1.560000e+03 	 -1.560000e+03 	 2.000000e+00
13 	 19 	 Ex 	 2 	 5.093939e-01 	 -1.320000e+03 	 -1.560000e+03 	 2.000000e+00
13 	 20 	 Ex 	 2 	 1.496695e+00 	 -1.080000e+03 	 -1.560000e+03 	 2.000000e+00
13 	 21 	 Ex 	 2 	 7.258588e-01 	 -8.400000e+02 	 -1.560000e+03 	 2.000000e+00
13 	 22 	 Ex 	 2 	 6.329335e-01 	 -6.000000e+02 	 -1.560000e+03 	 2.000000e+00
13 	 23 	 Ex 	 2 	 1.089006e+00 	 -3.600000e+02 	 -1.560000e+03 	 2.000000e+00
13 	 24 	 Ex 	 2 	 1.636587e-01 	 -1.200000e+02 	 -1.560000e+03 	 2.000000e+00
13 	 25 	 Ex 	 2 	 4.612111e-01 	 1.200000e+02 	 -1.560000e+03 	 2.000000e+00
13 	 26 	 Ex 	 2 	 1.325357e+00 	 3.600000e+02 	 -1.560000e+03 	 2.000000e+00
13 	 27 	 Ex 	 2 	 5.962260e-01 	 6.000000e+02 	 -1.560000e+03 	 2.000000e+00
13 	 28 	 Ex 	 2 	 1.746953e+00 	 8.400000e+02 	 -1.560000e+03 	 2.000000e+00
13 	 29 	 Ex 	 2 	 1.169569e+00 	 1.080000e+03 	 -1.560000e+03 	 2.000000e+00
13 	 30 	 Ex 	 2 	 1.669192e+00 	 1.320000e+03 	 -1.560000e+03 	 2.000000e+00
13 	 31 	 Ex 	 2 	 7.567272e-01 	 1.560000e+03 	 -1.560000e+03 	 2.000000e+00
13 	 32 	 Ex 	 2 	 8.570741e-01 	 1.800000e+03 	 -1.560000e+03 	 2.000000e+00
13 	 33 	 Ex 	 2 	 1.799101e-01 	 -1.800000e+03 	 -1.320000e+03 	 2.000000e+00
13 	 34 	 Ex 	 2 	 6.282604e-01 	 -1.560000e+03 	 -1.320000e+03 	 2.000000e+00
13 	 35 	 Ex 	 2 	 1.143639e+00 	 -1.320000e+03 	 -1.320000e+03 	 2.000000e+00
13 	 36 	 Ex 	 2 	 1.245268e+00 	 -1.080000e+03 	 -1.320000e+03 	 2.000000e+00
13 	 37 	 Ex 	 2 	 7.428986e-01 	 -8.400000e+02 	 -1.320000e+03 	 2.000000e+00
13 	 38 	 Ex 	 2 	 9.602876e-01 	 -6.000000e+02 	 -1.320000e+03 	 2.000000e+00
13 	 39 	 Ex 	 2 	 2.937975e+00 	 -3.600000e+02 	 -1.320000e+03 	 2.000000e+00
13 	 40 	 Ex 	 2 	 2.605184e-01 	 -1.200000e+02 	 -1.320000e+03 	 2.000000e+00
13 	 41 	 Ex 	 2 	 1.087365e-01 	 1.200000e+02 	 -1.320000e+03 	 2.000000e+00
13 	 42 	 Ex 	 2 	 6.056675e-01 	 3.600000e+02 	 -1.320000e+03 	 2.000000e+00
13 	 43 	 Ex 	 2 	 1.760319e+00 	 6.000000e+02 	 -1.320000e+03 	 2.000000e+00
13 	 44 	 Ex 	 2 	 4.754882e-01 	 8.400000e+02 	 -1.320000e+03 	 2.000000e+00
13 	 45 	 Ex 	 2 	 1.009307e+00 	 1.080000e+03 	 -1.320000e+03 	 2.000000e+00
13 	 46 	 Ex 	 2 	 4.839613e-01 	 1.320000e+03 	 -1.320000e+03 	 2.000000e+00
13 	 47 	 Ex 	 2 	 7.757661e-01 	 1.560000e+03 	 -1.320000e+03 	 2.000000e+00
13 	 48 	 Ex 	 2 	 8.472783e-01 	 1.800000e+03 	 -1.320000e+03 	 2.000000e+00
13 	 49 	 Ex 	 2 	 2.029410e+00 	 -1.800000e+03 	 -1.080000e+03 	 2.000000e+00
13 	 50 	 Ex 	 2 	 9.856705e-01 	 -1.560000e+03 	 -1.080000e+03 	 2.000000e+00
13 	 51 	 Ex 	 2 	 1.710042e+00 	 -1.320000e+03 	 -1.080000e+03 	 2.000000e+00
13 	 52 	 Ex 	 2 	 5.328742e-01 	 -1.080000e+03 	 -1.080000e+03 	 2.000000e+00
13 	 53 	 Ex 	 2 	 1.309657e+00 	 -8.400000e+02 	 -1.080000e+03 	 2.000000e+00
13 	 54 	 Ex 	 2 	 3.431508e-01 	 -6.000000e+02 	 -1.080000e+03 	 2.000000e+00
13 	 55 	 Ex 	 2 	 7.519351e-01 	 -3.600000e+02 	 -1.080000e+03 	 2.000000e+00
13 	 56 	 Ex 	 2 	 3.792039e-01 	 -1.200000e+02 	 -1.080000e+03 	 2.000000e+00
13 	 57 	 Ex 	 2 	 1.338903e+00 	 1.200000e+02 	 -1.080000e+03 	 2.000000e+00
13 	 58 	 Ex 	 2 	 1.583971e+00 	 3.600000e+02 	 -1.080000e+03 	 2.000000e+00
13 	 59 	 Ex 	 2 	 4.421580e-01 	 6.000000e+02 	 -1.080000e+03 	 2.000000e+00
13 	 60 	 Ex 	 2 	 1.581624e+00 	 8.400000e+02 	 -1.080000e+03 	 2.000000e+00
13 	 61 	 Ex 	 2 	 1.161389e+00 	 1.080000e+03 	 -1.080000e+03 	 2.000000e+00
13 	 62 	 Ex 	 2 	 1.620055e+00 	 1.320000e+03 	 -1.080000e+03 	 2.000000e+00
13 	 63 	 Ex 	 2 	 1.727279e-01 	 1.560000e+03 	 -1.080000e+03 	 2.000000e+00
13 	 64 	 Ex 	 2 	 1.341201e+00 	 1.800000e+03 	 -1.080000e+03 	 2.000000e+00
13 	 65 	 Ex 	 2 	 5.174671e-01 	 -1.800000e+03 	 -8.400000e+02 	 2.000000e+00
13 	 66 	 Ex 	 2 	 8.487239e-01 	 -1.560000e+03 	 -8.400000e+02 	 2.000000e+00
13 	 67 	 Ex 	 2 	 1.976631e+00 	 -1.320000e+03 	 -8.400000e+02 	 2.000000e+00
13 	 68 	 Ex 	 2 	 4.369023e-01 	 -1.080000e+03 	 -8.400000e+02 	 2.000000e+00
13 	 69 	 Ex 	 2 	 6.446392e-01 	 -8.400000e+02 	 -8.400000e+02 	 2.000000e+00
13 	 70 	 Ex 	 2 	 2.244165e+00 	 -6.000000e+02 	 -8.400000e+02 	 2.000000e+00
13 	 71 	 Ex 	 2 	 7.568072e-01 	 -3.600000e+02 	 -8.400000e+02 	 2.000000e+00
13 	 72 	 Ex 	 2 	 1.854021e+00 	 -1.200000e+02 	 -8.400000e+02 	 2.000000e+00
13 	 73 	 Ex 	 2 	 1.809592e+00 	 1.200000e+02 	 -8.400000e+02 	 2.000000e+00
13 	 74 	 Ex 	 2 	 1.959351e+00 	 3.600000e+02 	 -8.400000e+02 	 2.000000e+00
13 	 75 	 Ex 	 2 	 6.178672e-01 	 6.000000e+02 	 -8.400000e+02 	 2.000000e+00
13 	 76 	 Ex 	 2 	 1.965561e+00 	 8.400000e+02 	 -8.400000e+02 	 2.000000e+00
13 	 77 	 Ex 	 2 	 9.339110e-01 	 1.080000e+03 	 -8.400000e+02 	 2.000000e+00
13 	 78 	 Ex 	 2 	 8.194085e-01 	 1.320000e+03 	 -8.400000e+02 	 2.000000e+00
13 	 79 	 Ex 	 2 	 1.377507e+00 	 1.560000e+03 	 -8.400000e+02 	 2.000000e+00
13 	 80 	 Ex 	 2 	 1.422550e+00 	 1.800000e+03 	 -8.400000e+02 	 2.000000e+00
13 	 81 	 Ex 	 2 	 1.291168e+00 	 -1.800000e+03 	 -6.000000e+02 	 2.000000e+00
13 	 82 	 Ex 	 2 	 1.210185e+00 	 -1.560000e+03 	 -6.000000e+02 	 2.000000e+00
13 	 83 	 Ex 	 2 	 1.204905e+00 	 -1.320000e+03 	 -6.000000e+02 	 2.000000e+00
13 	 84 	 Ex 	 2 	 4.468189e-01 	 -1.080000e+03 	 -6.000000e+02 	 2.000000e+00
13 	 85 	 Ex 	 2 	 1.121495e+00 	 -8.400000e+02 	 -6.000000e+02 	 2.000000e+00
13 	 86 	 Ex 	 2 	 7.791690e-01 	 -6.000000e+02 	 -6.000000e+02 	 2.000000e+00
13 	 87 	 Ex 	 2 	 1.518917e+00 	 -3.600000e+02 	 -6.000000e+02 	 2.000000e+00
13 	 88 	 Ex 	 2 	 7.641222e-01 	 -1.200000e+02 	 -6.000000e+02 	 2.000000e+00
13 	 89 	 Ex 	 2 	 2.870621e-01 	 1.200000e+02 	 -6.000000e+02 	 2.000000e+00
13 	 90 	 Ex 	 2 	 7.242523e-01 	 3.600000e+02 	 -6.000000e+02 	 2.000000e+00
13 	 91 	 Ex 	 2 	 6.991358e-01 	 6.000000e+02 	 -6.000000e+02 	 2.000000e+00
13 	 92 	 Ex 	 2 	 9.269276e-01 	 8.400000e+02 	 -6.000000e+02 	 2.000000e+00
13 	 93 	 Ex 	 2 	 1.000113e+00 	 1.080000e+03 	 -6.000000e+02 	 2.000000e+00
13 	 94 	 Ex 	 2 	 7.874365e-01 	 1.320000e+03 	 -6.000000e+02 	 2.000000e+00
13 	 95 	 Ex 	 2 	 4.447713e-01 	 1.560000e+03 	 -6.000000e+02 	 2.000000e+00
13 	 96 	 Ex 	 2 	 1.034714e+00 	 1.800000e+03 	 -6.000000e+02 	 2.000000e+00
13 	 97 	 Ex 	 2 	 1.399890e+00 	 -1.800000e+03 	 -3.600000e+02 	 2.000000e+00
13 	 98 	 Ex 	 2 	 2.938888e-01 	 -1.560000e+03 	 -3.600000e+02 	 2.000000e+00
13 	 99 	 Ex 	 2 	 6.999362e-01 	 -1.320000e+03 	 -3.600000e+02 	 2.000000e+00
13 	 100 	 Ex 	 2 	 1.223520e+00 	 -1.080000e+03 	 -3.600000e+02 	 2.000000e+00
13 	 101 	 Ex 	 2 	 4.041251e-01 	 -8.400000e+02 	 -3.600000e+02 	 2.000000e+00
13 	 102 	 Ex 	 2 	 1.317695e+00 	 -6.000000e+02 	 -3.600000e+02 	 2.000000e+00
13 	 103 	 Ex 	 2 	 1.047702e+00 	 -3.600000e+02 	 -3.600000e+02 	 2.000000e+00
13 	 104 	 Ex 	 2 	 1.334974e+00 	 -1.200000e+02 	 -3.600000e+02 	 2.000000e+00
13 	 105 	 Ex 	 2 	 4.316420e-01 	 1.200000e+02 	 -3.600000e+02 	 2.000000e+00
13 	 106 	 Ex 	 2 	 7.803646e-01 	 3.600000e+02 	 -3.600000e+02 	 2.000000e+00
13 	 107 	 Ex 	 2 	 2.046929e+00 	 6.000000e+02 	 -3.600000e+02 	 2.000000e+00
13 	 108 	 Ex 	 2 	 1.118051e+00 	 8.400000e+02 	 -3.600000e+02 	 2.000000e+00
13 	 109 	 Ex 	 2 	 2.615144e+00 	 1.080000e+03 	 -3.600000e+02 	 2.000000e+00
13 	 110 	 Ex 	 2 	 1.211389e-01 	 1.320000e+03 	 -3.600000e+02 	 2.000000e+00
13 	 111 	 Ex 	 2 	 3.703442e-01 	 1.560000e+03 	 -3.600000e+02 	 2.000000e+00
13 	 112 	 Ex 	 2 	 1.646998e+00 	 1.800000e+03 	 -3.600000e+02 	 2.000000e+00
13 	 113 	 Ex 	 2 	 7.606201e-01 	 -1.800000e+03 	 -1.200000e+02 	 2.000000e+00
13 	 114 	 Ex 	 2 	 4.508535e-01 	 -1.560000e+03 	 -1.200000e+02 	 2.000000e+00
13 	 115 	 Ex 	 2 	 3.100019e+00 	 -1.320000e+03 	 -1.200000e+02 	 2.000000e+00
13 	 116 	 Ex 	 2 	 2.614643e-01 	 -1.080000e+03 	 -1.200000e+02 	 2.000000e+00
13 	 117 	 Ex 	 2 	 1.748307e+00 	 -8.400000e+02 	 -1.200000e+02 	 2.000000e+00
13 	 118 	 Ex 	 2 	 1.717140e+00 	 -6.000000e+02 	 -1.200000e+02 	 2.000000e+00
13 	 119 	 Ex 	 2 	 1.134909e+00 	 -3.600000e+02 	 -1.200000e+02 	 2.000000e+00
13 	 120 	 Ex 	 2 	 1.112842e+00 	 -1.200000e+02 	 -1.200000e+02 	 2.000000e+00
13 	 121 	 Ex 	 2 	 1.536480e+00 	 1.200000e+02 	 -1.200000e+02 	 2.000000e+00
13 	 122 	 Ex 	 2 	 5.373766e-01 	 3.600000e+02 	 -1.200000e+02 	 2.000000e+00
13 	 123 	 Ex 	 2 	 1.781501e+00 	 6.000000e+02 	 -1.200000e+02 	 2.000000e+00
13 	 124 	 Ex 	 2 	 2.968821e-01 	 8.400000e+02 	 -1.200000e+02 	 2.000000e+00
13 	 125 	 Ex 	 2 	 7.442028e-01 	 1.080000e+03 	 -1.200000e+02 	 2.000000e+00
13 	 126 	 Ex 	 2 	 1.229285e+00 	 1.320000e+03 	 -1.200000e+02 	 2.000000e+00
13 	 127 	 Ex 	 2 	 8.548048e-01 	 1.560000e+03 	 -1.200000e+02 	 2.000000e+00
13 	 128 	 Ex 	 2 	 6.360747e-01 	 1.800000e+03 	 -1.200000e+02 	 2.000000e+00
13 	 129 	 Ex 	 2 	 4.774953e-01 	 -1.800000e+03 	 1.200000e+02 	 2.000000e+00
13 	 130 	 Ex 	 2 	 7.734488e-01 	 -1.560000e+03 	 1.200000e+02 	 2.000000e+00
13 	 131 	 Ex 	 2 	 2.015128e+00 	 -1.320000e+03 	 1.200000e+02 	 2.000000e+00
13 	 132 	 Ex 	 2 	 2.465518e+00 	 -1.080000e+03 	 1.200000e+02 	 2.000000e+00
13 	 133 	 Ex 	 2 	 9.352196e-01 	 -8.400000e+02 	 1.200000e+02 	 2.000000e+00
13 	 134 	 Ex 	 2 	 3.396138e-01 	 -6.000000e+02 	 1.200000e+02 	 2.000000e+00
13 	 135 	 Ex 	 2 	 1.619586e+00 	 -3.600000e+02 	 1.200000e+02 	 2.000000e+00
13 	 136 	 Ex 	 2 	 1.247958e+00 	 -1.200000e+02 	 1.200000e+02 	 2.000000e+00
13 	 137 	 Ex 	 2 	 1.277415e+00 	 1.200000e+02 	 1.200000e+02 	 2.000000e+00
13 	 138 	 Ex 	 2 	 2.860847e-01 	 3.600000e+02 	 1.200000e+02 	 2.000000e+00
13 	 139 	 Ex 	 2 	 1.194965e+00 	 6.000000e+02 	 1.200000e+02 	 2.000000e+00
13 	 140 	 Ex 	 2 	 1.275868e+00 	 8.400000e+02 	 1.200000e+02 	 2.000000e+00
13 	 141 	 Ex 	 2 	 7.507814e-01 	 1.080000e+03 	 1.200000e+02 	 2.000000e+00
13 	 142 	 Ex 	 2 	 4.302664e-01 	 1.320000e+03 	 1.200000e+02 	 2.000000e+00
13 	 143 	 Ex 	 2 	 1.012854e+00 	 1.560000e+03 	 1.200000e+02 	 2.000000e+00
13 	 144 	 Ex 	 2 	 1.386962e+00 	 1.800000e+03 	 1.200000e+02 	 2.000000e+00
13 	 145 	 Ex 	 2 	 8.472800e-01 	 -1.800000e+03 	 3.600000e+02 	 2.000000e+00
13 	 146 	 Ex 	 2 	 1.089754e+00 	 -1.560000e+03 	 3.600000e+02 	 2.000000e+00
13 	 147 	 Ex 	 2 	 1.089011e+00 	 -1.320000e+03 	 3.600000e+02 	 2.000000e+00
13 	 148 	 Ex 	 2 	 9.476037e-01 	 -1.080000e+03 	 3.600000e+02 	 2.000000e+00
13 	 149 	 Ex 	 2 	 1.209141e+00 	 -8.400000e+02 	 3.600000e+02 	 2.000000e+00
13 	 150 	 Ex 	 2 	 1.519255e+00 	 -6.000000e+02 	 3.600000e+02 	 2.000000e+00
13 	 151 	 Ex 	 2 	 5.857844e-01 	 -3.600000e+02 	 3.600000e+02 	 2.000000e+00
13 	 152 	 Ex 	 2 	 1.530705e+00 	 -1.200000e+02 	 3.600000e+02 	 2.000000e+00
13 	 153 	 Ex 	 2 	 4.128070e-01 	 1.200000e+02 	 3.600000e+02 	 2.000000e+00
13 	 154 	 Ex 	 2 	 1.383829e+00 	 3.600000e+02 	 3.600000e+02 	 2.000000e+00
13 	 155 	 Ex 	 2 	 8.128178e-01 	 6.000000e+02 	 3.600000e+02 	 2.000000e+00
13 	 156 	 Ex 	 2 	 9.576970e-01 	 8.400000e+02 	 3.600000e+02 	 2.000000e+00
13 	 157 	 Ex 	 2 	 1.632687e+00 	 1.080000e+03 	 3.600000e+02 	 2.000000e+00
13 	 158 	 Ex 	 2 	 1.313575e+00 	 1.320000e+03 	 3.600000e+02 	 2.000000e+00
13 	 159 	 Ex 	 2 	 8.017315e-01 	 1.560000e+03 	 3.600000e+02 	 2.000000e+00
13 	 160 	 Ex 	 2 	 1.934887e+00 	 1.800000e+03 	 3.600000e+02 	 2.000000e+00
13 	 161 	 Ex 	 2 	 7.757738e-01 	 -1.800000e+03 	 6.000000e+02 	 2.000000e+00
13 	 162 	 Ex 	 2 	 1.667898e+00 	 -1.560000e+03 	 6.000000e+02 	 2.000000e+00
13 	 163 	 Ex 	 2 	 1.026169e+00 	 -1.320000e+03 	 6.000000e+02 	 2.000000e+00
13 	 164 	 Ex 	 2 	 6.811517e-01 	 -1.080000e+03 	 6.000000e+02 	 2.000000e+00
13 	 165 	 Ex 	 2 	 8.270332e-01 	 -8.400000e+02 	 6.000000e+02 	 2.000000e+00
13 	 166 	 Ex 	 2 	 2.322096e+00 	 -6.000000e+02 	 6.000000e+02 	 2.000000e+00
13 	 167 	 Ex 	 2 	 2.550755e+00 	 -3.600000e+02 	 6.000000e+02 	 2.000000e+00
13 	 168 	 Ex 	 2 	 1.717143e+00 	 -1.200000e+02 	 6.000000e+02 	 2.000000e+00
13 	 169 	 Ex 	 2 	 7.638560e-01 	 1.200000e+02 	 6.000000e+02 	 2.000000e+00
13 	 170 	 Ex 	 2 	 1.264362e+00 	 3.600000e+02 	 6.000000e+02 	 2.000000e+00
13 	 171 	 Ex 	 2 	 9.609426e-01 	 6.000000e+02 	 6.000000e+02 	 2.000000e+00
13 	 172 	 Ex 	 2 	 8.537719e-01 	 8.400000e+02 	 6.000000e+02 	 2.000000e+00
13 	 173 	 Ex 	 2 	 1.773425e+00 	 1.080000e+03 	 6.000000e+02 	 2.000000e+00
13 	 174 	 Ex 	 2 	 1.208359e+00 	 1.320000e+03 	 6.000000e+02 	 2.000000e+00
13 	 175 	 Ex 	 2 	 1.160193e+00 	 1.560000e+03 	 6.000000e+02 	 2.000000e+00
13 	 176 	 Ex 	 2 	 8.694615e-01 	 1.800000e+03 	 6.000000e+02 	 2.000000e+00
13 	 177 	 Ex 	 2 	 1.785471e+00 	 -1.800000e+03 	 8.400000e+02 	 2.000000e+00
13 	 178 	 Ex 	 2 	 9.209729e-01 	 -1.560000e+03 	 8.400000e+02 	 2.000000e+00
13 	 179 	 Ex 	 2 	 4.013790e-01 	 -1.320000e+03 	 8.400000e+02 	 2.000000e+00
13 	 180 	 Ex 	 2 	 3.912399e-01 	 -1.080000e+03 	 8.400000e+02 	 2.000000e+00
13 	 181 	 Ex 	 2 	 4.890598e-01 	 -8.400000e+02 	 8.400000e+02 	 2.000000e+00
13 	 182 	 Ex 	 2 	 4.619599e-01 	 -6.000000e+02 	 8.400000e+02 	 2.000000e+00
13 	 183 	 Ex 	 2 	 5.983130e-01 	 -3.600000e+02 	 8.400000e+02 	 2.000000e+00
13 	 184 	 Ex 	 2 	 9.784404e-01 	 -1.200000e+02 	 8.400000e+02 	 2.000000e+00
13 	 185 	 Ex 	 2 	 5.449756e-01 	 1.200000e+02 	 8.400000e+02 	 2.000000e+00
13 	 186 	 Ex 	 2 	 1.849970e+00 	 3.600000e+02 	 8.400000e+02 	 2.000000e+00
13 	 187 	 Ex 	 2 	 1.213309e+00 	 6.000000e+02 	 8.400000e+02 	 2.000000e+00
13 	 188 	 Ex 	 2 	 2.066471e+00 	 8.400000e+02 	 8.400000e+02 	 2.000000e+00
13 	 189 	 Ex 	 2 	 1.455171e+00 	 1.080000e+03 	 8.400000e+02 	 2.000000e+00
13 	 190 	 Ex 	 2 	 1.423747e+00 	 1.320000e+03 	 8.400000e+02 	 2.000000e+00
13 	 191 	 Ex 	 2 	 1.290090e+00 	 1.560000e+03 	 8.400000e+02 	 2.000000e+00
13 	 192 	 Ex 	 2 	 2.106906e+00 	 1.800000e+03 	 8.400000e+02 	 2.000000e+00
13 	 193 	 Ex 	 2 	 0.000000e+00 	 -1.800000e+03 	 1.080000e+03 	 2.000000e+00
13 	 194 	 Ex 	 2 	 0.000000e+00 	 -1.560000e+03 	 1.080000e+03 	 2.000000e+00
13 	 195 	 Ex 	 2 	 0.000000e+00 	 -1.320000e+03 	 1.080000e+03 	 2.000000e+00
13 	 196 	 Ex 	 2 	 1.245462e+00 	 -1.080000e+03 	 1.080000e+03 	 2.000000e+00
13 	 197 	 Ex 	 2 	 1.291357e+00 	 -8.400000e+02 	 1.080000e+03 	 2.000000e+00
13 	 198 	 Ex 	 2 	 4.911602e-01 	 -6.000000e+02 	 1.080000e+03 	 2.000000e+00
13 	 199 	 Ex 	 2 	 1.324007e+00 	 -3.600000e+02 	 1.080000e+03 	 2.000000e+00
13 	 200 	 Ex 	 2 	 7.172896e-01 	 -1.200000e+02 	 1.080000e+03 	 2.000000e+00
13 	 201 	 Ex 	 2 	 2.524007e-01 	 1.200000e+02 	 1.080000e+03 	 2.000000e+00
13 	 202 	 Ex 	 2 	 1.288993e+00 	 3.600000e+02 	 1.080000e+03 	 2.000000e+00
13 	 203 	 Ex 	 2 	 6.700299e-01 	 6.000000e+02 	 1.080000e+03 	 2.000000e+00
13 	 204 	 Ex 	 2 	 1.039622e+00 	 8.400000e+02 	 1.080000e+03 	 2.000000e+00
13 	 205 	 Ex 	 2 	 4.020336e-01 	 1.080000e+03 	 1.080000e+03 	 2.000000e+00
13 	 206 	 Ex 	 2 	 5.323203e-01 	 1.320000e+03 	 1.080000e+03 	 2.000000e+00
13 	 207 	 Ex 	 2 	 1.492829e+00 	 1.560000e+03 	 1.080000e+03 	 2.000000e+00
13 	 208 	 Ex 	 2 	 1.419405e+00 	 1.800000e+03 	 1.080000e+03 	 2.000000e+00
13 	 209 	 Ex 	 2 	 0.000000e+00 	 -1.800000e+03 	 1.320000e+03 	 2.000000e+00
13 	 210 	 Ex 	 2 	 0.000000e+00 	 -1.560000e+03 	 1.320000e+03 	 2.000000e+00
13 	 211 	 Ex 	 2 	 0.000000e+00 	 -1.320000e+03 	 1.320000e+03 	 2.000000e+00
13 	 212 	 Ex 	 2 	 0.000000e+00 	 -1.080000e+03 	 1.320000e+03 	 2.000000e+00
13 	 213 	 Ex 	 2 	 7.672687e-01 	 -8.400000e+02 	 1.320000e+03 	 2.000000e+00
13 	 214 	 Ex 	 2 	 5.217665e-01 	 -6.000000e+02 	 1.320000e+03 	 2.000000e+00
13 	 215 	 Ex 	 2 	 1.183731e+00 	 -3.600000e+02 	 1.320000e+03 	 2.000000e+00
13 	 216 	 Ex 	 2 	 1.297933e+00 	 -1.200000e+02 	 1.320000e+03 	 2.000000e+00
13 	 217 	 Ex 	 2 	 4.163477e-01 	 1.200000e+02 	 1.320000e+03 	 2.000000e+00
13 	 218 	 Ex 	 2 	 1.421996e+00 	 3.600000e+02 	 1.320000e+03 	 2.000000e+00
13 	 219 	 Ex 	 2 	 7.602617e-01 	 6.000000e+02 	 1.320000e+03 	 2.000000e+00
13 	 220 	 Ex 	 2 	 4.621060e-01 	 8.400000e+02 	 1.320000e+03 	 2.000000e+00
13 	 221 	 Ex 	 2 	 2.793106e-01 	 1.080000e+03 	 1.320000e+03 	 2.000000e+00
13 	 222 	 Ex 	 2 	 5.875524e-01 	 1.320000e+03 	 1.320000e+03 	 2.000000e+00
13 	 223 	 Ex 	 2 	 4.805260e-01 	 1.560000e+03 	 1.320000e+03 	 2.000000e+00
13 	 224 	 Ex 	 2 	 1.769314e-01 	 1.800000e+03 	 1.320000e+03 	 2.000000e+00
13 	 225 	 Ex 	 2 	 0.000000e+00 	 -1.800000e+03 	 1.560000e+03 	 2.000000e+00
13 	 226 	 Ex 	 2 	 0.000000e+00 	 -1.560000e+03 	 1.560000e+03 	 2.000000e+00
13 	 227 	 Ex 	 2 	 0.000000e+00 	 -1.320000e+03 	 1.560000e+03 	 2.000000e+00
13 	 228 	 Ex 	 2 	 0.000000e+00 	 -1.080000e+03 	 1.560000e+03 	 2.000000e+00
13 	 229 	 Ex 	 2 	 8.575329e-01 	 -8.400000e+02 	 1.560000e+03 	 2.000000e+00
13 	 230 	 Ex 	 2 	 1.425498e+00 	 -6.000000e+02 	 1.560000e+03 	 2.000000e+00
13 	 231 	 Ex 	 2 	 1.519850e+00 	 -3.600000e+02 	 1.560000e+03 	 2.000000e+00
13 	 232 	 Ex 	 2 	 1.048612e+00 	 -1.200000e+02 	 1.560000e+03 	 2.000000e+00
13 	 233 	 Ex 	 2 	 1.337783e+00 	 1.200000e+02 	 1.560000e+03 	 2.000000e+00
13 	 234 	 Ex 	 2 	 5.250295e-01 	 3.600000e+02 	 1.560000e+03 	 2.000000e+00
13 	 235 	 Ex 	 2 	 1.223123e+00 	 6.000000e+02 	 1.560000e+03 	 2.000000e+00
13 	 236 	 Ex 	 2 	 1.225992e+00 	 8.400000e+02 	 1.560000e+03 	 2.000000e+00
13 	 237 	 Ex 	 2 	 7.405618e-01 	 1.080000e+03 	 1.560000e+03 	 2.000000e+00
13 	 238 	 Ex 	 2 	 6.863306e-01 	 1.320000e+03 	 1.560000e+03 	 2.000000e+00
13 	 239 	 Ex 	 2 	 1.095847e+00 	 1.560000e+03 	 1.560000e+03 	 2.000000e+00
13 	 240 	 Ex 	 2 	 8.342859e-01 	 1.800000e+03 	 1.560000e+03 	 2.000000e+00
13 	 241 	 Ex 	 2 	 0.000000e+00 	 -1.800000e+03 	 1.800000e+03 	 2.000000e+00
13 	 242 	 Ex 	 2 	 0.000000e+00 	 -1.560000e+03 	 1.800000e+03 	 2.000000e+00
13 	 243 	 Ex 	 2 	 0.000000e+00 	 -1.320000e+03 	 1.800000e+03 	 2.000000e+00
13 	 244 	 Ex 	 2 	 0.000000e+00 	 -1.080000e+03 	 1.800000e+03 	 2.000000e+00
13 	 245 	 Ex 	 2 	 1.126207e+00 	 -8.400000e+02 	 1.800000e+03 	 2.000000e+00
13 	 246 	 Ex 	 2 	 5.781467e-01 	 -6.000000e+02 	 1.800000e+03 	 2.000000e+00
13 	 247 	 Ex 	 2 	 1.155640e+00 	 -3.600000e+02 	 1.800000e+03 	 2.000000e+00
13 	 248 	 Ex 	 2 	 1.855749e+00 	 -1.200000e+02 	 1.800000e+03 	 2.000000e+00
13 	 249 	 Ex 	 2 	 1.261667e+00 	 1.200000e+02 	 1.800000e+03 	 2.000000e+00
13 	 250 	 Ex 	 2 	 7.195377e-01 	 3.600000e+02 	 1.800000e+03 	 2.000000e+00
13 	 251 	 Ex 	 2 	 7.215487e-01 	 6.000000e+02 	 1.800000e+03 	 2.000000e+00
13 	 252 	 Ex 	 2 	 1.956937e+00 	 8.400000e+02 	 1.800000e+03 	 2.000000e+00
13 	 253 	 Ex 	 2 	 4.008501e-01 	 1.080000e+03 	 1.800000e+03 	 2.000000e+00
13 	 254 	 Ex 	 2 	 6.797730e-01 	 1.320000e+03 	 1.800000e+03 	 2.000000e+00
13 	 255 	 Ex 	 2 	 1.291911e-01 	 1.560000e+03 	 1.800000e+03 	 2.000000e+00
13 	 256 	 Ex 	 2 	 1.551196e+00 	 1.800000e+03 	 1.800000e+03 	 2.000000e+00
13 	 1 	 Ey 	 1 	 8.386977e-01 	 -1.800000e+03 	 -1.800000e+03 	 2.000000e+00
13 	 2 	 Ey 	 1 	 1.009727e+00 	 -1.560000e+03 	 -1.800000e+03 	 2.000000e+00
13 	 3 	 Ey 	 1 	 1.588003e+00 	 -1.320000e+03 	 -1.800000e+03 	 2.000000e+00
13 	 4 	 Ey 	 1 	 6.674889e-01 	 -1.080000e+03 	 -1.800000e+03 	 2.000000e+00
13 	 5 	 Ey 	 1 	 6.762850e-01 	 -8.400000e+02 	 -1.800000e+03 	 2.000000e+00
13 	 6 	 Ey 	 1 	 6.655892e-01 	 -6.000000e+02 	 -1.800000e+03 	 2.000000e+00
13 	 7 	 Ey 	 1 	 1.230845e+00 	 -3.600000e+02 	 -1.800000e+03 	 2.000000e+00
13 	 8 	 Ey 	 1 	 1.590354e+00 	 -1.200000e+02 	 -1.800000e+03 	 2.000000e+00
13 	 9 	 Ey 	 1 	 2.375963e+00 	 1.200000e+02 	 -1.800000e+03 	 2.000000e+00
13 	 10 	 Ey 	 1 	 6.278815e-01 	 3.600000e+02 	 -1.800000e+03 	 2.000000e+00
13 	 11 	 Ey 	 1 	 5.942503e-01 	 6.000000e+02 	 -1.800000e+03 	 2.000000e+00
13 	 12 	 Ey 	 1 	 4.883445e-01 	 8.400000e+02 	 -1.800000e+03 	 2.000000e+00
13 	 13 	 Ey 	 1 	 1.756324e+00 	 1.080000e+03 	 -1.800000e+03 	 2.000000e+00
13 	 14 	 Ey 	 1 	 1.326106e+00 	 1.320000e+03 	 -1.800000e+03 	 2.000000e+00
13 	 15 	 Ey 	 1 	 6.855558e-01 	 1.560000e+03 	 -1.800000e+03 	 2.000000e+00
13 	 16 	 Ey 	 1 	 8.747596e-01 	 1.800000e+03 	 -1.800000e+03 	 2.000000e+00
13 	 17 	 Ey 	 1 	 3.068816e-01 	 -1.800000e+03 	 -1.560000e+03 	 2.000000e+00
13 	 18 	 Ey 	 1 	 3.264232e-01 	 -1.560000e+03 	 -1.560000e+03 	 2.000000e+00
13 	 19 	 Ey 	 1 	 1.875629e+00 	 -1.320000e+03 	 -1.560000e+03 	 2.000000e+00
13 	 20 	 Ey 	 1 	 5.401181e-01 	 -1.080000e+03 	 -1.560000e+03 	 2.000000e+00
13 	 21 	 Ey 	 1 	 5.405669e-01 	 -8.400000e+02 	 -1.560000e+03 	 2.000000e+00
13 	 22 	 Ey 	 1 	 4.008690e-01 	 -6.000000e+02 	 -1.560000e+03 	 2.000000e+00
13 	 23 	 Ey 	 1 	 1.838851e+00 	 -3.600000e+02 	 -1.560000e+03 	 2.000000e+00
13 	 24 	 Ey 	 1 	 2.856901e-01 	 -1.200000e+02 	 -1.560000e+03 	 2.000000e+00
13 	 25 	 Ey 	 1 	 1.394310e+00 	 1.200000e+02 	 -1.560000e+03 	 2.000000e+00
13 	 26 	 Ey 	 1 	 1.544873e+00 	 3.600000e+02 	 -1.560000e+03 	 2.000000e+00
13 	 27 	 Ey 	 1 	 1.457082e+00 	 6.000000e+02 	 -1.560000e+03 	 2.000000e+00
13 	 28 	 Ey 	 1 	 4.959307e-01 	 8.400000e+02 	 -1.560000e+03 	 2.000000e+00
13 	 29 	 Ey 	 1 	 1.892237e+00 	 1.080000e+03 	 -1.560000e+03 	 2.000000e+00
13 	 30 	 Ey 	 1 	 1.484868e+00 	 1.320000e+03 	 -1.560000e+03 	 2.000000e+00
13 	 31 	 Ey 	 1 	 1.359326e+00 	 1.560000e+03 	 -1.560000e+03 	 2.000000e+00
13 	 32 	 Ey 	 1 	 1.189973e+00 	 1.800000e+03 	 -1.560000e+03 	 2.000000e+00
13 	 33 	 Ey 	 1 	 9.165804e-01 	 -1.800000e+03 	 -1.320000e+03 	 2.000000e+00
13 	 34 	 Ey 	 1 	 1.194957e+00 	 -1.560000e+03 	 -1.320000e+03 	 2.000000e+00
13 	 35 	 Ey 	 1 	 9.024054e-01 	 -1.320000e+03 	 -1.320000e+03 	 2.000000e+00
13 	 36 	 Ey 	 1 	 1.467489e+00 	 -1.080000e+03 	 -1.320000e+03 	 2.000000e+00
13 	 37 	 Ey 	 1 	 3.861038e-01 	 -8.400000e+02 	 -1.320000e+03 	 2.000000e+00
13 	 38 	 Ey 	 1 	 2.774189e-01 	 -6.000000e+02 	 -1.320000e+03 	 2.000000e+00
13 	 39 	 Ey 	 1 	 8.052393e-01 	 -3.600000e+02 	 -1.320000e+03 	 2.000000e+00
13 	 40 	 Ey 	 1 	 1.901117e+00 	 -1.200000e+02 	 -1.320000e+03 	 2.000000e+00
13 	 41 	 Ey 	 1 	 1.666210e+00 	 1.200000e+02 	 -1.320000e+03 	 2.000000e+00
13 	 42 	 Ey 	 1 	 1.449570e+00 	 3.600000e+02 	 -1.320000e+03 	 2.000000e+00
13 	 43 	 Ey 	 1 	 1.443710e+00 	 6.000000e+02 	 -1.320000e+03 	 2.000000e+00
13 	 44 	 Ey 	 1 	 7.093447e-01 	 8.400000e+02 	 -1.320000e+03 	 2.000000e+00
13 	 45 	 Ey 	 1 	 2.488128e-01 	 1.080000e+03 	 -1.320000e+03 	 2.000000e+00
13 	 46 	 Ey 	 1 	 5.909936e-01 	 1.320000e+03 	 -1.320000e+03 	 2.000000e+00
13 	 47 	 Ey 	 1 	 7.738580e-01 	 1.560000e+03 	 -1.320000e+03 	 2.000000e+00
13 	 48 	 Ey 	 1 	 8.060080e-01 	 1.800000e+03 	 -1.320000e+03 	 2.000000e+00
13 	 49 	 Ey 	 1 	 1.176643e+00 	 -1.800000e+03 	 -1.080000e+03 	 2.000000e+00
13 	 50 	 Ey 	 1 	 7.119879e-01 	 -1.560000e+03 	 -1.080000e+03 	 2.000000e+00
13 	 51 	 Ey 	 1 	 2.264854e+00 	 -1.320000e+03 	 -1.080000e+03 	 2.000000e+00
13 	 52 	 Ey 	 1 	 7.817542e-01 	 -1.080000e+03 	 -1.080000e+03 	 2.000000e+00
13 	 53 	 Ey 	 1 	 1.306275e+00 	 -8.400000e+02 	 -1.080000e+03 	 2.000000e+00
13 	 54 	 Ey 	 1 	 1.056723e+00 	 -6.000000e+02 	 -1.080000e+03 	 2.000000e+00
13 	 55 	 Ey 	 1 	 9.724497e-01 	 -3.600000e+02 	 -1.080000e+03 	 2.000000e+00
13 	 56 	 Ey 	 1 	 1.052288e+00 	 -1.200000e+02 	 -1.080000e+03 	 2.000000e+00
13 	 57 	 Ey 	 1 	 5.769569e-01 	 1.200000e+02 	 -1.080000e+03 	 2.000000e+00
13 	 58 	 Ey 	 1 	 3.936489e-01 	 3.600000e+02 	 -1.080000e+03 	 2.000000e+00
13 	 59 	 Ey 	 1 	 1.639994e+00 	 6.000000e+02 	 -1.080000e+03 	 2.000000e+00
13 	 60 	 Ey 	 1 	 1.851322e+00 	 8.400000e+02 	 -1.080000e+03 	 2.000000e+00
13 	 61 	 Ey 	 1 	 1.511691e+00 	 1.080000e+03 	 -1.080000e+03 	 2.000000e+00
13 	 62 	 Ey 	 1 	 9.200896e-01 	 1.320000e+03 	 -1.080000e+03 	 2.000000e+00
13 	 63 	 Ey 	 1 	 2.450383e-01 	 1.560000e+03 	 -1.080000e+03 	 2.000000e+00
13 	 64 	 Ey 	 1 	 8.472679e-01 	 1.800000e+03 	 -1.080000e+03 	 2.000000e+00
13 	 65 	 Ey 	 1 	 1.265345e+00 	 -1.800000e+03 	 -8.400000e+02 	 2.000000e+00
13 	 66 	 Ey 	 1 	 2.092819e+00 	 -1.560000e+03 	 -8.400000e+02 	 2.000000e+00
13 	 67 	 Ey 	 1 	 1.388533e+00 	 -1.320000e+03 	 -8.400000e+02 	 2.000000e+00
13 	 68 	 Ey 	 1 	 1.484254e+00 	 -1.080000e+03 	 -8.400000e+02 	 2.000000e+00
13 	 69 	 Ey 	 1 	 1.513344e+00 	 -8.400000e+02 	 -8.400000e+02 	 2.000000e+00
13 	 70 	 Ey 	 1 	 1.651908e+00 	 -6.000000e+02 	 -8.400000e+02 	 2.000000e+00
13 	 71 	 Ey 	 1 	 1.774970e+00 	 -3.600000e+02 	 -8.400000e+02 	 2.000000e+00
13 	 72 	 Ey 	 1 	 9.893564e-01 	 -1.200000e+02 	 -8.400000e+02 	 2.000000e+00
13 	 73 	 Ey 	 1 	 1.212876e+00 	 1.200000e+02 	 -8.400000e+02 	 2.000000e+00
13 	 74 	 Ey 	 1 	 1.948952e+00 	 3.600000e+02 	 -8.400000e+02 	 2.000000e+00
13 	 75 	 Ey 	 1 	 1.193892e+00 	 6.000000e+02 	 -8.400000e+02 	 2.000000e+00
13 	 76 	 Ey 	 1 	 1.179419e-01 	 8.400000e+02 	 -8.400000e+02 	 2.000000e+00
13 	 77 	 Ey 	 1 	 9.782681e-01 	 1.080000e+03 	 -8.400000e+02 	 2.000000e+00
13 	 78 	 Ey 	 1 	 5.511068e-01 	 1.320000e+03 	 -8.400000e+02 	 2.000000e+00
13 	 79 	 Ey 	 1 	 1.095500e+00 	 1.560000e+03 	 -8.400000e+02 	 2.000000e+00
13 	 80 	 Ey 	 1 	 6.011548e-01 	 1.800000e+03 	 -8.400000e+02 	 2.000000e+00
13 	 81 	 Ey 	 1 	 1.147863e+00 	 -1.800000e+03 	 -6.000000e+02 	 2.000000e+00
13 	 82 	 Ey 	 1 	 1.204820e+00 	 -1.560000e+03 	 -6.000000e+02 	 2.000000e+00
13 	 83 	 Ey 	 1 	 9.718839e-01 	 -1.320000e+03 	 -6.000000e+02 	 2.000000e+00
13 	 84 	 Ey 	 1 	 1.167590e+00 	 -1.080000e+03 	 -6.000000e+02 	 2.000000e+00
13 	 85 	 Ey 	 1 	 3.422472e-01 	 -8.400000e+02 	 -6.000000e+02 	 2.000000e+00
13 	 86 	 Ey 	 1 	 1.377578e+00 	 -6.000000e+02 	 -6.000000e+02 	 2.000000e+00
13 	 87 	 Ey 	 1 	 5.102934e-01 	 -3.600000e+02 	 -6.000000e+02 	 2.000000e+00
13 	 88 	 Ey 	 1 	 8.261372e-01 	 -1.200000e+02 	 -6.000000e+02 	 2.000000e+00
13 	 89 	 Ey 	 1 	 8.205216e-01 	 1.200000e+02 	 -6.000000e+02 	 2.000000e+00
13 	 90 	 Ey 	 1 	 6.412275e-01 	 3.600000e+02 	 -6.000000e+02 	 2.000000e+00
13 	 91 	 Ey 	 1 	 1.069338e+00 	 6.000000e+02 	 -6.000000e+02 	 2.000000e+00
13 	 92 	 Ey 	 1 	 9.665565e-01 	 8.400000e+02 	 -6.000000e+02 	 2.000000e+00
13 	 93 	 Ey 	 1 	 1.682317e+00 	 1.080000e+03 	 -6.000000e+02 	 2.000000e+00
13 	 94 	 Ey 	 1 	 2.531866e+00 	 1.320000e+03 	 -6.000000e+02 	 2.000000e+00
13 	 95 	 Ey 	 1 	 8.291106e-01 	 1.560000e+03 	 -6.000000e+02 	 2.000000e+00
13 	 96 	 Ey 	 1 	 6.533048e-01 	 1.800000e+03 	 -6.000000e+02 	 2.000000e+00
13 	 97 	 Ey 	 1 	 1.264962e+00 	 -1.800000e+03 	 -3.600000e+02 	 2.000000e+00
13 	 98 	 Ey 	 1 	 7.765663e-01 	 -1.560000e+03 	 -3.600000e+02 	 2.000000e+00
13 	 99 	 Ey 	 1 	 2.121544e+00 	 -1.320000e+03 	 -3.600000e+02 	 2.000000e+00
13 	 100 	 Ey 	 1 	 1.589592e+00 	 -1.080000e+03 	 -3.600000e+02 	 2.000000e+00
13 	 101 	 Ey 	 1 	 1.232617e+00 	 -8.400000e+02 	 -3.600000e+02 	 2.000000e+00
13 	 102 	 Ey 	 1 	 1.713976e+00 	 -6.000000e+02 	 -3.600000e+02 	 2.000000e+00
13 	 103 	 Ey 	 1 	 1.004081e+00 	 -3.600000e+02 	 -3.600000e+02 	 2.000000e+00
13 	 104 	 Ey 	 1 	 1.409037e+00 	 -1.200000e+02 	 -3.600000e+02 	 2.000000e+00
13 	 105 	 Ey 	 1 	 2.652515e+00 	 1.200000e+02 	 -3.600000e+02 	 2.000000e+00
13 	 106 	 Ey 	 1 	 1.848338e+00 	 3.600000e+02 	 -3.600000e+02 	 2.000000e+00
13 	 107 	 Ey 	 1 	 1.670017e+00 	 6.000000e+02 	 -3.600000e+02 	 2.000000e+00
13 	 108 	 Ey 	 1 	 1.066839e+00 	 8.400000e+02 	 -3.600000e+02 	 2.000000e+00
13 	 109 	 Ey 	 1 	 7.086431e-01 	 1.080000e+03 	 -3.600000e+02 	 2.000000e+00
13 	 110 	 Ey 	 1 	 7.596836e-01 	 1.320000e+03 	 -3.600000e+02 	 2.000000e+00
13 	 111 	 Ey 	 1 	 1.676772e+00 	 1.560000e+03 	 -3.600000e+02 	 2.000000e+00
13 	 112 	 Ey 	 1 	 1.987090e+00 	 1.800000e+03 	 -3.600000e+02 	 2.000000e+00
13 	 113 	 Ey 	 1 	 1.131934e-01 	 -1.800000e+03 	 -1.200000e+02 	 2.000000e+00
13 	 114 	 Ey 	 1 	 1.245585e+00 	 -1.560000e+03 	 -1.200000e+02 	 2.000000e+00
13 	 115 	 Ey 	 1 	 1.509701e+00 	 -1.320000e+03 	 -1.200000e+02 	 2.000000e+00
13 	 116 	 Ey 	 1 	 7.672982e-01 	 -1.080000e+03 	 -1.200000e+02 	 2.000000e+00
13 	 117 	 Ey 	 1 	 2.712040e+00 	 -8.400000e+02 	 -1.200000e+02 	 2.000000e+00
13 	 118 	 Ey 	 1 	 1.885355e+00 	 -6.000000e+02 	 -1.200000e+02 	 2.000000e+00
13 	 119 	 Ey 	 1 	 5.883648e-01 	 -3.600000e+02 	 -1.200000e+02 	 2.000000e+00
13 	 120 	 Ey 	 1 	 3.171714e-01 	 -1.200000e+02 	 -1.200000e+02 	 2.000000e+00
13 	 121 	 Ey 	 1 	 8.936696e-01 	 1.200000e+02 	 -1.200000e+02 	 2.000000e+00
13 	 122 	 Ey 	 1 	 1.581753e+00 	 3.600000e+02 	 -1.200000e+02 	 2.000000e+00
13 	 123 	 Ey 	 1 	 2.300721e+00 	 6.000000e+02 	 -1.200000e+02 	 2.000000e+00
13 	 124 	 Ey 	 1 	 1.500117e+00 	 8.400000e+02 	 -1.200000e+02 	 2.000000e+00
13 	 125 	 Ey 	 1 	 1.073700e+00 	 1.080000e+03 	 -1.200000e+02 	 2.000000e+00
13 	 126 	 Ey 	 1 	 7.417746e-01 	 1.320000e+03 	 -1.200000e+02 	 2.000000e+00
13 	 127 	 Ey 	 1 	 1.989121e+00 	 1.560000e+03 	 -1.200000e+02 	 2.000000e+00
13 	 128 	 Ey 	 1 	 8.564865e-01 	 1.800000e+03 	 -1.200000e+02 	 2.000000e+00
13 	 129 	 Ey 	 1 	 1.470106e+00 	 -1.800000e+03 	 1.200000e+02 	 2.000000e+00
13 	 130 	 Ey 	 1 	 8.185254e-01 	 -1.560000e+03 	 1.200000e+02 	 2.000000e+00
13 	 131 	 Ey 	 1 	 2.385019e+00 	 -1.320000e+03 	 1.200000e+02 	 2.000000e+00
13 	 132 	 Ey 	 1 	 1.041720e+00 	 -1.080000e+03 	 1.200000e+02 	 2.000000e+00
13 	 133 	 Ey 	 1 	 1.161131e+00 	 -8.400000e+02 	 1.200000e+02 	 2.000000e+00
13 	 134 	 Ey 	 1 	 1.084241e+00 	 -6.000000e+02 	 1.200000e+02 	 2.000000e+00
13 	 135 	 Ey 	 1 	 7.620510e-02 	 -3.600000e+02 	 1.200000e+02 	 2.000000e+00
13 	 136 	 Ey 	 1 	 5.176121e-01 	 -1.200000e+02 	 1.200000e+02 	 2.000000e+00
13 	 137 	 Ey 	 1 	 1.882668e+00 	 1.200000e+02 	 1.200000e+02 	 2.000000e+00
13 	 138 	 Ey 	 1 	 1.313815e+00 	 3.600000e+02 	 1.200000e+02 	 2.000000e+00
13 	 139 	 Ey 	 1 	 3.062177e-01 	 6.000000e+02 	 1.200000e+02 	 2.000000e+00
13 	 140 	 Ey 	 1 	 8.074366e-01 	 8.400000e+02 	 1.200000e+02 	 2.000000e+00
13 	 141 	 Ey 	 1 	 1.407081e+00 	 1.080000e+03 	 1.200000e+02 	 2.000000e+00
13 	 142 	 Ey 	 1 	 1.543241e+00 	 1.320000e+03 	 1.200000e+02 	 2.000000e+00
13 	 143 	 Ey 	 1 	 1.718017e+00 	 1.560000e+03 	 1.200000e+02 	 2.000000e+00
13 	 144 	 Ey 	 1 	 8.231673e-01 	 1.800000e+03 	 1.200000e+02 	 2.000000e+00
13 	 145 	 Ey 	 1 	 1.127360e+00 	 -1.800000e+03 	 3.600000e+02 	 2.000000e+00
13 	 146 	 Ey 	 1 	 6.592387e-01 	 -1.560000e+03 	 3.600000e+02 	 2.000000e+00
13 	 147 	 Ey 	 1 	 1.849068e+00 	 -1.320000e+03 	 3.600000e+02 	 2.000000e+00
13 	 148 	 Ey 	 1 	 1.426467e+00 	 -1.080000e+03 	 3.600000e+02 	 2.000000e+00
13 	 149 	 Ey 	 1 	 5.568449e-01 	 -8.400000e+02 	 3.600000e+02 	 2.000000e+00
13 	 150 	 Ey 	 1 	 1.015575e+00 	 -6.000000e+02 	 3.600000e+02 	 2.000000e+00
13 	 151 	 Ey 	 1 	 1.644599e+00 	 -3.600000e+02 	 3.600000e+02 	 2.000000e+00
13 	 152 	 Ey 	 1 	 1.719109e+00 	 -1.200000e+02 	 3.600000e+02 	 2.000000e+00
13 	 153 	 Ey 	 1 	 1.094796e+00 	 1.200000e+02 	 3.600000e+02 	 2.000000e+00
13 	 154 	 Ey 	 1 	 1.476369e+00 	 3.600000e+02 	 3.600000e+02 	 2.000000e+00
13 	 155 	 Ey 	 1 	 1.264796e+00 	 6.000000e+02 	 3.600000e+02 	 2.000000e+00
13 	 156 	 Ey 	 1 	 1.574773e+00 	 8.400000e+02 	 3.600000e+02 	 2.000000e+00
13 	 157 	 Ey 	 1 	 9.203591e-01 	 1.080000e+03 	 3.600000e+02 	 2.000000e+00
13 	 158 	 Ey 	 1 	 1.501458e+00 	 1.320000e+03 	 3.600000e+02 	 2.000000e+00
13 	 159 	 Ey 	 1 	 1.811915e+00 	 1.560000e+03 	 3.600000e+02 	 2.000000e+00
13 	 160 	 Ey 	 1 	 1.115749e+00 	 1.800000e+03 	 3.600000e+02 	 2.000000e+00
13 	 161 	 Ey 	 1 	 1.245121e+00 	 -1.800000e+03 	 6.000000e+02 	 2.000000e+00
13 	 162 	 Ey 	 1 	 7.129636e-01 	 -1.560000e+03 	 6.000000e+02 	 2.000000e+00
13 	 163 	 Ey 	 1 	 5.242741e-01 	 -1.320000e+03 	 6.000000e+02 	 2.000000e+00
13 	 164 	 Ey 	 1 	 1.320243e+00 	 -1.080000e+03 	 6.000000e+02 	 2.000000e+00
13 	 165 	 Ey 	 1 	 1.564405e+00 	 -8.400000e+02 	 6.000000e+02 	 2.000000e+00
13 	 166 	 Ey 	 1 	 6.575971e-01 	 -6.000000e+02 	 6.000000e+02 	 2.000000e+00
13 	 167 	 Ey 	 1 	 1.865016e+00 	 -3.600000e+02 	 6.000000e+02 	 2.000000e+00
13 	 168 	 Ey 	 1 	 1.446263e+00 	 -1.200000e+02 	 6.000000e+02 	 2.000000e+00
13 	 169 	 Ey 	 1 	 1.027988e+00 	 1.200000e+02 	 6.000000e+02 	 2.000000e+00
13 	 170 	 Ey 	 1 	 1.499768e+00 	 3.600000e+02 	 6.000000e+02 	 2.000000e+00
13 	 171 	 Ey 	 1 	 2.441589e-01 	 6.000000e+02 	 6.000000e+02 	 2.000000e+00
13 	 172 	 Ey 	 1 	 1.725040e-01 	 8.400000e+02 	 6.000000e+02 	 2.000000e+00
13 	 173 	 Ey 	 1 	 3.004507e-01 	 1.080000e+03 	 6.000000e+02 	 2.000000e+00
13 	 174 	 Ey 	 1 	 1.054769e+00 	 1.320000e+03 	 6.000000e+02 	 2.000000e+00
13 	 175 	 Ey 	 1 	 6.501478e-01 	 1.560000e+03 	 6.000000e+02 	 2.000000e+00
13 	 176 	 Ey 	 1 	 1.615762e+00 	 1.800000e+03 	 6.000000e+02 	 2.000000e+00
13 	 177 	 Ey 	 1 	 1.544076e+00 	 -1.800000e+03 	 8.400000e+02 	 2.000000e+00
13 	 178 	 Ey 	 1 	 7.198901e-01 	 -1.560000e+03 	 8.400000e+02 	 2.000000e+00
13 	 179 	 Ey 	 1 	 9.293578e-01 	 -1.320000e+03 	 8.400000e+02 	 2.000000e+00
13 	 180 	 Ey 	 1 	 1.686413e+00 	 -1.080000e+03 	 8.400000e+02 	 2.000000e+00
13 	 181 	 Ey 	 1 	 8.496875e-01 	 -8.400000e+02 	 8.400000e+02 	 2.000000e+00
13 	 182 	 Ey 	 1 	 1.535953e+00 	 -6.000000e+02 	 8.400000e+02 	 2.000000e+00
13 	 183 	 Ey 	 1 	 5.605856e-01 	 -3.600000e+02 	 8.400000e+02 	 2.000000e+00
13 	 184 	 Ey 	 1 	 1.252384e+00 	 -1.200000e+02 	 8.400000e+02 	 2.000000e+00
13 	 185 	 Ey 	 1 	 6.413708e-01 	 1.200000e+02 	 8.400000e+02 	 2.000000e+00
13 	 186 	 Ey 	 1 	 1.182214e+00 	 3.600000e+02 	 8.400000e+02 	 2.000000e+00
13 	 187 	 Ey 	 1 	 3.440903e-01 	 6.000000e+02 	 8.400000e+02 	 2.000000e+00
13 	 188 	 Ey 	 1 	 1.183858e+00 	 8.400000e+02 	 8.400000e+02 	 2.000000e+00
13 	 189 	 Ey 	 1 	 1.970152e+00 	 1.080000e+03 	 8.400000e+02 	 2.000000e+00
13 	 190 	 Ey 	 1 	 7.140641e-01 	 1.320000e+03 	 8.400000e+02 	 2.000000e+00
13 	 191 	 Ey 	 1 	 3.475797e-01 	 1.560000e+03 	 8.400000e+02 	 2.000000e+00
13 	 192 	 Ey 	 1 	 5.467802e-01 	 1.800000e+03 	 8.400000e+02 	 2.000000e+00
13 	 193 	 Ey 	 1 	 0.000000e+00 	 -1.800000e+03 	 1.080000e+03 	 2.000000e+00
13 	 194 	 Ey 	 1 	 0.000000e+00 	 -1.560000e+03 	 1.080000e+03 	 2.000000e+00
13 	 195 	 Ey 	 1 	 0.000000e+00 	 -1.320000e+03 	 1.080000e+03 	 2.000000e+00
13 	 196 	 Ey 	 1 	 1.501707e+00 	 -1.080000e+03 	 1.080000e+03 	 2.000000e+00
13 	 197 	 Ey 	 1 	 1.317603e+00 	 -8.400000e+02 	 1.080000e+03 	 2.000000e+00
13 	 198 	 Ey 	 1 	 1.016854e+00 	 -6.000000e+02 	 1.080000e+03 	 2.000000e+00
13 	 199 	 Ey 	 1 	 8.636503e-01 	 -3.600000e+02 	 1.080000e+03 	 2.000000e+00
13 	 200 	 Ey 	 1 	 5.822634e-01 	 -1.200000e+02 	 1.080000e+03 	 2.000000e+00
13 	 201 	 Ey 	 1 	 4.558977e-01 	 1.200000e+02 	 1.080000e+03 	 2.000000e+00
13 	 202 	 Ey 	 1 	 1.677091e+00 	 3.600000e+02 	 1.080000e+03 	 2.000000e+00
13 	 203 	 Ey 	 1 	 1.340036e+00 	 6.000000e+02 	 1.080000e+03 	 2.000000e+00
13 	 204 	 Ey 	 1 	 9.205845e-01 	 8.400000e+02 	 1.080000e+03 	 2.000000e+00
13 	 205 	 Ey 	 1 	 7.431444e-01 	 1.080000e+03 	 1.080000e+03 	 2.000000e+00
13 	 206 	 Ey 	 1 	 2.318395e+00 	 1.320000e+03 	 1.080000e+03 	 2.000000e+00
13 	 207 	 Ey 	 1 	 1.649241e+00 	 1.560000e+03 	 1.080000e+03 	 2.000000e+00
13 	 208 	 Ey 	 1 	 8.552790e-01 	 1.800000e+03 	 1.080000e+03 	 2.000000e+00
13 	 209 	 Ey 	 1 	 0.000000e+00 	 -1.800000e+03 	 1.320000e+03 	 2.000000e+00
13 	 210 	 Ey 	 1 	 0.000000e+00 	 -1.560000e+03 	 1.320000e+03 	 2.000000e+00
13 	 211 	 Ey 	 1 	 0.000000e+00 	 -1.320000e+03 	 1.320000e+03 	 2.000000e+00
13 	 212 	 Ey 	 1 	 0.000000e+00 	 -1.080000e+03 	 1.320000e+03 	 2.000000e+00
13 	 213 	 Ey 	 1 	 5.638627e-01 	 -8.400000e+02 	 1.320000e+03 	 2.000000e+00
13 	 214 	 Ey 	 1 	 5.930712e-01 	 -6.000000e+02 	 1.320000e+03 	 2.000000e+00
13 	 215 	 Ey 	 1 	 1.025208e+00 	 -3.600000e+02 	 1.320000e+03 	 2.000000e+00
13 	 216 	 Ey 	 1 	 2.833059e-01 	 -1.200000e+02 	 1.320000e+03 	 2.000000e+00
13 	 217 	 Ey 	 1 	 9.839318e-01 	 1.200000e+02 	 1.320000e+03 	 2.000000e+00
13 	 218 	 Ey 	 1 	 9.464071e-01 	 3.600000e+02 	 1.320000e+03 	 2.000000e+00
13 	 219 	 Ey 	 1 	 1.359849e+00 	 6.000000e+02 	 1.320000e+03 	 2.000000e+00
13 	 220 	 Ey 	 1 	 2.794349e-01 	 8.400000e+02 	 1.320000e+03 	 2.000000e+00
13 	 221 	 Ey 	 1 	 2.636232e+00 	 1.080000e+03 	 1.320000e+03 	 2.000000e+00
13 	 222 	 Ey 	 1 	 7.541126e-01 	 1.320000e+03 	 1.320000e+03 	 2.000000e+00
13 	 223 	 Ey 	 1 	 8.209681e-01 	 1.560000e+03 	 1.320000e+03 	 2.000000e+00
13 	 224 	 Ey 	 1 	 6.730470e-01 	 1.800000e+03 	 1.320000e+03 	 2.000000e+00
13 	 225 	 Ey 	 1 	 0.000000e+00 	 -1.800000e+03 	 1.560000e+03 	 2.000000e+00
13 	 226 	 Ey 	 1 	 0.000000e+00 	 -1.560000e+03 	 1.560000e+03 	 2.000000e+00
13 	 227 	 Ey 	 1 	 0.000000e+00 	 -1.320000e+03 	 1.560000e+03 	 2.000000e+00
13 	 228 	 Ey 	 1 	 0.000000e+00 	 -1.080000e+03 	 1.560000e+03 	 2.000000e+00
13 	 229 	 Ey 	 1 	 7.872519e-01 	 -8.400000e+02 	 1.560000e+03 	 2.000000e+00
13 	 230 	 Ey 	 1 	 1.127886e+00 	 -6.000000e+02 	 1.560000e+03 	 2.000000e+00
13 	 231 	 Ey 	 1 	 8.573606e-01 	 -3.600000e+02 	 1.560000e+03 	 2.000000e+00
13 	 232 	 Ey 	 1 	 9.312900e-01 	 -1.200000e+02 	 1.560000e+03 	 2.000000e+00
13 	 233 	 Ey 	 1 	 1.038731e+00 	 1.200000e+02 	 1.560000e+03 	 2.000000e+00
13 	 234 	 Ey 	 1 	 1.064160e+00 	 3.600000e+02 	 1.560000e+03 	 2.000000e+00
13 	 235 	 Ey 	 1 	 4.012545e-01 	 6.000000e+02 	 1.560000e+03 	 2.000000e+00
13 	 236 	 Ey 	 1 	 1.465428e+00 	 8.400000e+02 	 1.560000e+03 	 2.000000e+00
13 	 237 	 Ey 	 1 	 1.904601e+00 	 1.080000e+03 	 1.560000e+03 	 2.000000e+00
13 	 238 	 Ey 	 1 	 1.569920e+00 	 1.320000e+03 	 1.560000e+03 	 2.000000e+00
13 	 239 	 Ey 	 1 	 1.275498e+00 	 1.560000e+03 	 1.560000e+03 	 2.000000e+00
13 	 240 	 Ey 	 1 	 6.612688e-01 	 1.800000e+03 	 1.560000e+03 	 2.000000e+00
13 	 241 	 Ey 	 1 	 0.000000e+00 	 -1.800000e+03 	 1.800000e+03 	 2.000000e+00
13 	 242 	 Ey 	 1 	 0.000000e+00 	 -1.560000e+03 	 1.800000e+03 	 2.000000e+00
13 	 243 	 Ey 	 1 	 0.000000e+00 	 -1.320000e+03 	 1.800000e+03 	 2.000000e+00
13 	 244 	 Ey 	 1 	 0.000000e+00 	 -1.080000e+03 	 1.800000e+03 	 2.000000e+00
13 	 245 	 Ey 	 1 	 8.715822e-01 	 -8.400000e+02 	 1.800000e+03 	 2.000000e+00
13 	 246 	 Ey 	 1 	 2.315300e+00 	 -6.000000e+02 	 1.800000e+03 	 2.000000e+00
13 	 247 	 Ey 	 1 	 1.080915e+00 	 -3.600000e+02 	 1.800000e+03 	 2.000000e+00
13 	 248 	 Ey 	 1 	 6.439005e-01 	 -1.200000e+02 	 1.800000e+03 	 2.000000e+00
13 	 249 	 Ey 	 1 	 1.481464e+00 	 1.200000e+02 	 1.800000e+03 	 2.000000e+00
13 	 250 	 Ey 	 1 	 2.482040e+00 	 3.600000e+02 	 1.800000e+03 	 2.000000e+00
13 	 251 	 Ey 	 1 	 5.653173e-01 	 6.000000e+02 	 1.800000e+03 	 2.000000e+00
13 	 252 	 Ey 	 1 	 2.895544e-01 	 8.400000e+02 	 1.800000e+03 	 2.000000e+00
13 	 253 	 Ey 	 1 	 5.689855e-01 	 1.080000e+03 	 1.800000e+03 	 2.000000e+00
13 	 254 	 Ey 	 1 	 1.880085e+00 	 1.320000e+03 	 1.800000e+03 	 2.000000e+00
13 	 255 	 Ey 	 1 	 8.625576e-01 	 1.560000e+03 	 1.800000e+03 	 2.000000e+00
13 	 256 	 Ey 	 1 	 8.632237e-01 	 1.800000e+03 	 1.800000e+03 	 2.000000e+00
13 	 1 	 Ey 	 2 	 8.593808e-01 	 -1.800000e+03 	 -1.800000e+03 	 2.000000e+00
13 	 2 	 Ey 	 2 	 8.433012e-01 	 -1.560000e+03 	 -1.800000e+03 	 2.000000e+00
13 	 3 	 Ey 	 2 	 1.298270e+00 	 -1.320000e+03 	 -1.800000e+03 	 2.000000e+00
13 	 4 	 Ey 	 2 	 1.901975e+00 	 -1.080000e+03 	 -1.800000e+03 	 2.000000e+00
13 	 5 	 Ey 	 2 	 1.261192e+00 	 -8.400000e+02 	 -1.800000e+03 	 2.000000e+00
13 	 6 	 Ey 	 2 	 1.513531e+00 	 -6.000000e+02 	 -1.800000e+03 	 2.000000e+00
13 	 7 	 Ey 	 2 	 8.198226e-01 	 -3.600000e+02 	 -1.800000e+03 	 2.000000e+00
13 	 8 	 Ey 	 2 	 7.629227e-01 	 -1.200000e+02 	 -1.800000e+03 	 2.000000e+00
13 	 9 	 Ey 	 2 	 1.217575e+00 	 1.200000e+02 	 -1.800000e+03 	 2.000000e+00
13 	 10 	 Ey 	 2 	 1.584907e+00 	 3.600000e+02 	 -1.800000e+03 	 2.000000e+00
13 	 11 	 Ey 	 2 	 5.798529e-01 	 6.000000e+02 	 -1.800000e+03 	 2.000000e+00
13 	 12 	 Ey 	 2 	 5.820692e-01 	 8.400000e+02 	 -1.800000e+03 	 2.000000e+00
13 	 13 	 Ey 	 2 	 5.528326e-01 	 1.080000e+03 	 -1.800000e+03 	 2.000000e+00
13 	 14 	 Ey 	 2 	 2.094240e-01 	 1.320000e+03 	 -1.800000e+03 	 2.000000e+00
13 	 15 	 Ey 	 2 	 1.091165e+00 	 1.560000e+03 	 -1.800000e+03 	 2.000000e+00
13 	 16 	 Ey 	 2 	 1.281156e+00 	 1.800000e+03 	 -1.800000e+03 	 2.000000e+00
13 	 17 	 Ey 	 2 	 5.455889e-01 	 -1.800000e+03 	 -1.560000e+03 	 2.000000e+00
13 	 18 	 Ey 	 2 	 8.295716e-01 	 -1.560000e+03 	 -1.560000e+03 	 2.000000e+00
13 	 19 	 Ey 	 2 	 1.537718e+00 	 -1.320000e+03 	 -1.560000e+03 	 2.000000e+00
13 	 20 	 Ey 	 2 	 5.618706e-01 	 -1.080000e+03 	 -1.560000e+03 	 2.000000e+00
13 	 21 	 Ey 	 2 	 4.992093e-01 	 -8.400000e+02 	 -1.560000e+03 	 2.000000e+00
13 	 22 	 Ey 	 2 	 1.344968e+00 	 -6.000000e+02 	 -1.560000e+03 	 2.000000e+00
13 	 23 	 Ey 	 2 	 2.609938e-01 	 -3.600000e+02 	 -1.560000e+03 	 2.000000e+00
13 	 24 	 Ey 	 2 	 2.699337e+00 	 -1.200000e+02 	 -1.560000e+03 	 2.000000e+00
13 	 25 	 Ey 	 2 	 2.002160e+00 	 1.200000e+02 	 -1.560000e+03 	 2.000000e+00
13 	 26 	 Ey 	 2 	 9.311769e-01 	 3.600000e+02 	 -1.560000e+03 	 2.000000e+00
13 	 27 	 Ey 	 2 	 6.606073e-01 	 6.000000e+02 	 -1.560000e+03 	 2.000000e+00
13 	 28 	 Ey 	 2 	 1.184288e+00 	 8.400000e+02 	 -1.560000e+03 	 2.000000e+00
13 	 29 	 Ey 	 2 	 4.774701e-01 	 1.080000e+03 	 -1.560000e+03 	 2.000000e+00
13 	 30 	 Ey 	 2 	 7.470858e-01 	 1.320000e+03 	 -1.560000e+03 	 2.000000e+00
13 	 31 	 Ey 	 2 	 1.342150e+00 	 1.560000e+03 	 -1.560000e+03 	 2.000000e+00
13 	 32 	 Ey 	 2 	 6.626557e-01 	 1.800000e+03 	 -1.560000e+03 	 2.000000e+00
13 	 33 	 Ey 	 2 	 6.092290e-01 	 -1.800000e+03 	 -1.320000e+03 	 2.000000e+00
13 	 34 	 Ey 	 2 	 9.432027e-01 	 -1.560000e+03 	 -1.320000e+03 	 2.000000e+00
13 	 35 	 Ey 	 2 	 1.528271e+00 	 -1.320000e+03 	 -1.320000e+03 	 2.000000e+00
13 	 36 	 Ey 	 2 	 1.158134e+00 	 -1.080000e+03 	 -1.320000e+03 	 2.000000e+00
13 	 37 	 Ey 	 2 	 1.363382e+00 	 -8.400000e+02 	 -1.320000e+03 	 2.000000e+00
13 	 38 	 Ey 	 2 	 1.463360e+00 	 -6.000000e+02 	 -1.320000e+03 	 2.000000e+00
13 	 39 	 Ey 	 2 	 2.286161e+00 	 -3.600000e+02 	 -1.320000e+03 	 2.000000e+00
13 	 40 	 Ey 	 2 	 1.874852e+00 	 -1.200000e+02 	 -1.320000e+03 	 2.000000e+00
13 	 41 	 Ey 	 2 	 1.399433e+00 	 1.200000e+02 	 -1.320000e+03 	 2.000000e+00
13 	 42 	 Ey 	 2 	 5.360540e-01 	 3.600000e+02 	 -1.320000e+03 	 2.000000e+00
13 	 43 	 Ey 	 2 	 8.519791e-01 	 6.000000e+02 	 -1.320000e+03 	 2.000000e+00
13 	 44 	 Ey 	 2 	 1.429154e+00 	 8.400000e+02 	 -1.320000e+03 	 2.000000e+00
13 	 45 	 Ey 	 2 	 1.047096e+00 	 1.080000e+03 	 -1.320000e+03 	 2.000000e+00
13 	 46 	 Ey 	 2 	 5.034600e-01 	 1.320000e+03 	 -1.320000e+03 	 2.000000e+00
13 	 47 	 Ey 	 2 	 1.194649e+00 	 1.560000e+03 	 -1.320000e+03 	 2.000000e+00
13 	 48 	 Ey 	 2 	 3.953359e-01 	 1.800000e+03 	 -1.320000e+03 	 2.000000e+00
13 	 49 	 Ey 	 2 	 7.154526e-01 	 -1.800000e+03 	 -1.080000e+03 	 2.000000e+00
13 	 50 	 Ey 	 2 	 6.303330e-01 	 -1.560000e+03 	 -1.080000e+03 	 2.000000e+00
13 	 51 	 Ey 	 2 	 1.216981e+00 	 -1.320000e+03 	 -1.080000e+03 	 2.000000e+00
13 	 52 	 Ey 	 2 	 7.317486e-02 	 -1.080000e+03 	 -1.080000e+03 	 2.000000e+00
13 	 53 	 Ey 	 2 	 9.902729e-01 	 -8.400000e+02 	 -1.080000e+03 	 2.000000e+00
13 	 54 	 Ey 	 2 	 6.256654e-01 	 -6.000000e+02 	 -1.080000e+03 	 2.000000e+00
13 	 55 	 Ey 	 2 	 3.699558e-01 	 -3.600000e+02 	 -1.080000e+03 	 2.000000e+00
13 	 56 	 Ey 	 2 	 1.434828e+00 	 -1.200000e+02 	 -1.080000e+03 	 2.000000e+00
13 	 57 	 Ey 	 2 	 1.587291e+00 	 1.200000e+02 	 -1.080000e+03 	 2.000000e+00
13 	 58 	 Ey 	 2 	 8.596092e-01 	 3.600000e+02 	 -1.080000e+03 	 2.000000e+00
13 	 59 	 Ey 	 2 	 1.103128e+00 	 6.000000e+02 	 -1.080000e+03 	 2.000000e+00
13 	 60 	 Ey 	 2 	 1.246072e+00 	 8.400000e+02 	 -1.080000e+03 	 2.000000e+00
13 	 61 	 Ey 	 2 	 1.016636e+00 	 1.080000e+03 	 -1.080000e+03 	 2.000000e+00
13 	 62 	 Ey 	 2 	 9.349707e-01 	 1.320000e+03 	 -1.080000e+03 	 2.000000e+00
13 	 63 	 Ey 	 2 	 6.953806e-01 	 1.560000e+03 	 -1.080000e+03 	 2.000000e+00
13 	 64 	 Ey 	 2 	 2.558504e+00 	 1.800000e+03 	 -1.080000e+03 	 2.000000e+00
13 	 65 	 Ey 	 2 	 6.499521e-01 	 -1.800000e+03 	 -8.400000e+02 	 2.000000e+00
13 	 66 	 Ey 	 2 	 5.530667e-01 	 -1.560000e+03 	 -8.400000e+02 	 2.000000e+00
13 	 67 	 Ey 	 2 	 6.901836e-01 	 -1.320000e+03 	 -8.400000e+02 	 2.000000e+00
13 	 68 	 Ey 	 2 	 1.553672e+00 	 -1.080000e+03 	 -8.400000e+02 	 2.000000e+00
13 	 69 	 Ey 	 2 	 1.689751e+00 	 -8.400000e+02 	 -8.400000e+02 	 2.000000e+00
13 	 70 	 Ey 	 2 	 2.094066e-01 	 -6.000000e+02 	 -8.400000e+02 	 2.000000e+00
13 	 71 	 Ey 	 2 	 1.370369e+00 	 -3.600000e+02 	 -8.400000e+02 	 2.000000e+00
13 	 72 	 Ey 	 2 	 2.675033e+00 	 -1.200000e+02 	 -8.400000e+02 	 2.000000e+00
13 	 73 	 Ey 	 2 	 2.845574e+00 	 1.200000e+02 	 -8.400000e+02 	 2.000000e+00
13 	 74 	 Ey 	 2 	 1.403919e+00 	 3.600000e+02 	 -8.400000e+02 	 2.000000e+00
13 	 75 	 Ey 	 2 	 1.204890e+00 	 6.000000e+02 	 -8.400000e+02 	 2.000000e+00
13 	 76 	 Ey 	 2 	 3.054662e-01 	 8.400000e+02 	 -8.400000e+02 	 2.000000e+00
13 	 77 	 Ey 	 2 	 1.625252e+00 	 1.080000e+03 	 -8.400000e+02 	 2.000000e+00
13 	 78 	 Ey 	 2 	 1.958101e+00 	 1.320000e+03 	 -8.400000e+02 	 2.000000e+00
13 	 79 	 Ey 	 2 	 2.229796e+00 	 1.560000e+03 	 -8.400000e+02 	 2.000000e+00
13 	 80 	 Ey 	 2 	 5.647796e-01 	 1.800000e+03 	 -8.400000e+02 	 2.000000e+00
13 	 81 	 Ey 	 2 	 1.037342e+00 	 -1.800000e+03 	 -6.000000e+02 	 2.000000e+00
13 	 82 	 Ey 	 2 	 5.200992e-01 	 -1.560000e+03 	 -6.000000e+02 	 2.000000e+00
13 	 83 	 Ey 	 2 	 1.294171e+00 	 -1.320000e+03 	 -6.000000e+02 	 2.000000e+00
13 	 84 	 Ey 	 2 	 1.917041e+00 	 -1.080000e+03 	 -6.000000e+02 	 2.000000e+00
13 	 85 	 Ey 	 2 	 7.775686e-01 	 -8.400000e+02 	 -6.000000e+02 	 2.000000e+00
13 	 86 	 Ey 	 2 	 1.056338e+00 	 -6.000000e+02 	 -6.000000e+02 	 2.000000e+00
13 	 87 	 Ey 	 2 	 8.103184e-01 	 -3.600000e+02 	 -6.000000e+02 	 2.000000e+00
13 	 88 	 Ey 	 2 	 1.176867e+00 	 -1.200000e+02 	 -6.000000e+02 	 2.000000e+00
13 	 89 	 Ey 	 2 	 1.381348e+00 	 1.200000e+02 	 -6.000000e+02 	 2.000000e+00
13 	 90 	 Ey 	 2 	 1.531441e+00 	 3.600000e+02 	 -6.000000e+02 	 2.000000e+00
13 	 91 	 Ey 	 2 	 5.094090e-01 	 6.000000e+02 	 -6.000000e+02 	 2.000000e+00
13 	 92 	 Ey 	 2 	 1.974266e+00 	 8.400000e+02 	 -6.000000e+02 	 2.000000e+00
13 	 93 	 Ey 	 2 	 1.350562e+00 	 1.080000e+03 	 -6.000000e+02 	 2.000000e+00
13 	 94 	 Ey 	 2 	 3.318959e+00 	 1.320000e+03 	 -6.000000e+02 	 2.000000e+00
13 	 95 	 Ey 	 2 	 2.889283e-01 	 1.560000e+03 	 -6.000000e+02 	 2.000000e+00
13 	 96 	 Ey 	 2 	 7.039076e-01 	 1.800000e+03 	 -6.000000e+02 	 2.000000e+00
13 	 97 	 Ey 	 2 	 5.098921e-01 	 -1.800000e+03 	 -3.600000e+02 	 2.000000e+00
13 	 98 	 Ey 	 2 	 1.101739e+00 	 -1.560000e+03 	 -3.600000e+02 	 2.000000e+00
13 	 99 	 Ey 	 2 	 8.219898e-01 	 -1.320000e+03 	 -3.600000e+02 	 2.000000e+00
13 	 100 	 Ey 	 2 	 5.329170e-01 	 -1.080000e+03 	 -3.600000e+02 	 2.000000e+00
13 	 101 	 Ey 	 2 	 3.377225e-01 	 -8.400000e+02 	 -3.600000e+02 	 2.000000e+00
13 	 102 	 Ey 	 2 	 1.544457e+00 	 -6.000000e+02 	 -3.600000e+02 	 2.000000e+00
13 	 103 	 Ey 	 2 	 3.993908e-01 	 -3.600000e+02 	 -3.600000e+02 	 2.000000e+00
13 	 104 	 Ey 	 2 	 1.758729e+00 	 -1.200000e+02 	 -3.600000e+02 	 2.000000e+00
13 	 105 	 Ey 	 2 	 7.577568e-01 	 1.200000e+02 	 -3.600000e+02 	 2.000000e+00
13 	 106 	 Ey 	 2 	 2.690698e+00 	 3.600000e+02 	 -3.600000e+02 	 2.000000e+00
13 	 107 	 Ey 	 2 	 1.374899e+00 	 6.000000e+02 	 -3.600000e+02 	 2.000000e+00
13 	 108 	 Ey 	 2 	 1.235762e+00 	 8.400000e+02 	 -3.600000e+02 	 2.000000e+00
13 	 109 	 Ey 	 2 	 1.392927e+00 	 1.080000e+03 	 -3.600000e+02 	 2.000000e+00
13 	 110 	 Ey 	 2 	 1.792526e+00 	 1.320000e+03 	 -3.600000e+02 	 2.000000e+00
13 	 111 	 Ey 	 2 	 2.392094e+00 	 1.560000e+03 	 -3.600000e+02 	 2.000000e+00
13 	 112 	 Ey 	 2 	 8.684314e-01 	 1.800000e+03 	 -3.600000e+02 	 2.000000e+00
13 	 113 	 Ey 	 2 	 8.627993e-01 	 -1.800000e+03 	 -1.200000e+02 	 2.000000e+00
13 	 114 	 Ey 	 2 	 7.871504e-01 	 -1.560000e+03 	 -1.200000e+02 	 2.000000e+00
13 	 115 	 Ey 	 2 	 7.276382e-01 	 -1.320000e+03 	 -1.200000e+02 	 2.000000e+00
13 	 116 	 Ey 	 2 	 1.701327e+00 	 -1.080000e+03 	 -1.200000e+02 	 2.000000e+00
13 	 117 	 Ey 	 2 	 1.880540e+00 	 -8.400000e+02 	 -1.200000e+02 	 2.000000e+00
13 	 118 	 Ey 	 2 	 5.471892e-02 	 -6.000000e+02 	 -1.200000e+02 	 2.000000e+00
13 	 119 	 Ey 	 2 	 1.905475e-01 	 -3.600000e+02 	 -1.200000e+02 	 2.000000e+00
13 	 120 	 Ey 	 2 	 2.208028e+00 	 -1.200000e+02 	 -1.200000e+02 	 2.000000e+00
13 	 121 	 Ey 	 2 	 1.669803e+00 	 1.200000e+02 	 -1.200000e+02 	 2.000000e+00
13 	 122 	 Ey 	 2 	 2.159031e+00 	 3.600000e+02 	 -1.200000e+02 	 2.000000e+00
13 	 123 	 Ey 	 2 	 1.551835e+00 	 6.000000e+02 	 -1.200000e+02 	 2.000000e+00
13 	 124 	 Ey 	 2 	 2.755698e+00 	 8.400000e+02 	 -1.200000e+02 	 2.000000e+00
13 	 125 	 Ey 	 2 	 1.491595e+00 	 1.080000e+03 	 -1.200000e+02 	 2.000000e+00
13 	 126 	 Ey 	 2 	 1.907185e+00 	 1.320000e+03 	 -1.200000e+02 	 2.000000e+00
13 	 127 	 Ey 	 2 	 2.184308e+00 	 1.560000e+03 	 -1.200000e+02 	 2.000000e+00
13 	 128 	 Ey 	 2 	 7.146420e-01 	 1.800000e+03 	 -1.200000e+02 	 2.000000e+00
13 	 129 	 Ey 	 2 	 9.873215e-01 	 -1.800000e+03 	 1.200000e+02 	 2.000000e+00
13 	 130 	 Ey 	 2 	 9.246197e-01 	 -1.560000e+03 	 1.200000e+02 	 2.000000e+00
13 	 131 	 Ey 	 2 	 9.863846e-01 	 -1.320000e+03 	 1.200000e+02 	 2.000000e+00
13 	 132 	 Ey 	 2 	 3.754630e-01 	 -1.080000e+03 	 1.200000e+02 	 2.000000e+00
13 	 133 	 Ey 	 2 	 6.049827e-01 	 -8.400000e+02 	 1.200000e+02 	 2.000000e+00
13 	 134 	 Ey 	 2 	 1.152025e+00 	 -6.000000e+02 	 1.200000e+02 	 2.000000e+00
13 	 135 	 Ey 	 2 	 2.835930e+00 	 -3.600000e+02 	 1.200000e+02 	 2.000000e+00
13 	 136 	 Ey 	 2 	 2.854875e+00 	 -1.200000e+02 	 1.200000e+02 	 2.000000e+00
13 	 137 	 Ey 	 2 	 9.252297e-01 	 1.200000e+02 	 1.200000e+02 	 2.000000e+00
13 	 138 	 Ey 	 2 	 1.687806e+00 	 3.600000e+02 	 1.200000e+02 	 2.000000e+00
13 	 139 	 Ey 	 2 	 2.300799e+00 	 6.000000e+02 	 1.200000e+02 	 2.000000e+00
13 	 140 	 Ey 	 2 	 1.454658e+00 	 8.400000e+02 	 1.200000e+02 	 2.000000e+00
13 	 141 	 Ey 	 2 	 1.873370e+00 	 1.080000e+03 	 1.200000e+02 	 2.000000e+00
13 	 142 	 Ey 	 2 	 3.176126e+00 	 1.320000e+03 	 1.200000e+02 	 2.000000e+00
13 	 143 	 Ey 	 2 	 1.803981e+00 	 1.560000e+03 	 1.200000e+02 	 2.000000e+00
13 	 144 	 Ey 	 2 	 2.570424e+00 	 1.800000e+03 	 1.200000e+02 	 2.000000e+00
13 	 145 	 Ey 	 2 	 4.717900e-01 	 -1.800000e+03 	 3.600000e+02 	 2.000000e+00
13 	 146 	 Ey 	 2 	 9.747004e-01 	 -1.560000e+03 	 3.600000e+02 	 2.000000e+00
13 	 147 	 Ey 	 2 	 7.891331e-01 	 -1.320000e+03 	 3.600000e+02 	 2.000000e+00
13 	 148 	 Ey 	 2 	 2.383006e+00 	 -1.080000e+03 	 3.600000e+02 	 2.000000e+00
13 	 149 	 Ey 	 2 	 1.844273e+00 	 -8.400000e+02 	 3.600000e+02 	 2.000000e+00
13 	 150 	 Ey 	 2 	 1.280758e+00 	 -6.000000e+02 	 3.600000e+02 	 2.000000e+00
13 	 151 	 Ey 	 2 	 7.896085e-01 	 -3.600000e+02 	 3.600000e+02 	 2.000000e+00
13 	 152 	 Ey 	 2 	 2.328948e+00 	 -1.200000e+02 	 3.600000e+02 	 2.000000e+00
13 	 153 	 Ey 	 2 	 2.222102e+00 	 1.200000e+02 	 3.600000e+02 	 2.000000e+00
13 	 154 	 Ey 	 2 	 1.495429e+00 	 3.600000e+02 	 3.600000e+02 	 2.000000e+00
13 	 155 	 Ey 	 2 	 1.391894e+00 	 6.000000e+02 	 3.600000e+02 	 2.000000e+00
13 	 156 	 Ey 	 2 	 2.088308e+00 	 8.400000e+02 	 3.600000e+02 	 2.000000e+00
13 	 157 	 Ey 	 2 	 1.177307e+00 	 1.080000e+03 	 3.600000e+02 	 2.000000e+00
13 	 158 	 Ey 	 2 	 3.087295e+00 	 1.320000e+03 	 3.600000e+02 	 2.000000e+00
13 	 159 	 Ey 	 2 	 1.250377e+00 	 1.560000e+03 	 3.600000e+02 	 2.000000e+00
13 	 160 	 Ey 	 2 	 1.869777e+00 	 1.800000e+03 	 3.600000e+02 	 2.000000e+00
13 	 161 	 Ey 	 2 	 1.328029e+00 	 -1.800000e+03 	 6.000000e+02 	 2.000000e+00
13 	 162 	 Ey 	 2 	 1.037363e+00 	 -1.560000e+03 	 6.000000e+02 	 2.000000e+00
13 	 163 	 Ey 	 2 	 1.194760e+00 	 -1.320000e+03 	 6.000000e+02 	 2.000000e+00
13 	 164 	 Ey 	 2 	 1.871365e+00 	 -1.080000e+03 	 6.000000e+02 	 2.000000e+00
13 	 165 	 Ey 	 2 	 1.170461e+00 	 -8.400000e+02 	 6.000000e+02 	 2.000000e+00
13 	 166 	 Ey 	 2 	 1.083743e+00 	 -6.000000e+02 	 6.000000e+02 	 2.000000e+00
13 	 167 	 Ey 	 2 	 1.834186e+00 	 -3.600000e+02 	 6.000000e+02 	 2.000000e+00
13 	 168 	 Ey 	 2 	 2.864162e+00 	 -1.200000e+02 	 6.000000e+02 	 2.000000e+00
13 	 169 	 Ey 	 2 	 1.206248e+00 	 1.200000e+02 	 6.000000e+02 	 2.000000e+00
13 	 170 	 Ey 	 2 	 1.702254e+00 	 3.600000e+02 	 6.000000e+02 	 2.000000e+00
13 	 171 	 Ey 	 2 	 1.701645e-01 	 6.000000e+02 	 6.000000e+02 	 2.000000e+00
13 	 172 	 Ey 	 2 	 1.309996e+00 	 8.400000e+02 	 6.000000e+02 	 2.000000e+00
13 	 173 	 Ey 	 2 	 2.539638e+00 	 1.080000e+03 	 6.000000e+02 	 2.000000e+00
13 	 174 	 Ey 	 2 	 1.500576e+00 	 1.320000e+03 	 6.000000e+02 	 2.000000e+00
13 	 175 	 Ey 	 2 	 1.700598e+00 	 1.560000e+03 	 6.000000e+02 	 2.000000e+00
13 	 176 	 Ey 	 2 	 1.161137e+00 	 1.800000e+03 	 6.000000e+02 	 2.000000e+00
13 	 177 	 Ey 	 2 	 1.281674e+00 	 -1.800000e+03 	 8.400000e+02 	 2.000000e+00
13 	 178 	 Ey 	 2 	 5.162694e-01 	 -1.560000e+03 	 8.400000e+02 	 2.000000e+00
13 	 179 	 Ey 	 2 	 1.490542e+00 	 -1.320000e+03 	 8.400000e+02 	 2.000000e+00
13 	 180 	 Ey 	 2 	 1.153608e+00 	 -1.080000e+03 	 8.400000e+02 	 2.000000e+00
13 	 181 	 Ey 	 2 	 1.115316e+00 	 -8.400000e+02 	 8.400000e+02 	 2.000000e+00
13 	 182 	 Ey 	 2 	 5.028368e-01 	 -6.000000e+02 	 8.400000e+02 	 2.000000e+00
13 	 183 	 Ey 	 2 	 1.323620e+00 	 -3.600000e+02 	 8.400000e+02 	 2.000000e+00
13 	 184 	 Ey 	 2 	 1.695411e+00 	 -1.200000e+02 	 8.400000e+02 	 2.000000e+00
13 	 185 	 Ey 	 2 	 1.259451e+00 	 1.200000e+02 	 8.400000e+02 	 2.000000e+00
13 	 186 	 Ey 	 2 	 1.701818e+00 	 3.600000e+02 	 8.400000e+02 	 2.000000e+00
13 	 187 	 Ey 	 2 	 9.484481e-01 	 6.000000e+02 	 8.400000e+02 	 2.000000e+00
13 	 188 	 Ey 	 2 	 1.626498e+00 	 8.400000e+02 	 8.400000e+02 	 2.000000e+00
13 	 189 	 Ey 	 2 	 2.192948e+00 	 1.080000e+03 	 8.400000e+02 	 2.000000e+00
13 	 190 	 Ey 	 2 	 1.182693e+00 	 1.320000e+03 	 8.400000e+02 	 2.000000e+00
13 	 191 	 Ey 	 2 	 1.930359e+00 	 1.560000e+03 	 8.400000e+02 	 2.000000e+00
13 	 192 	 Ey 	 2 	 1.049929e+00 	 1.800000e+03 	 8.400000e+02 	 2.000000e+00
13 	 193 	 Ey 	 2 	 0.000000e+00 	 -1.800000e+03 	 1.080000e+03 	 2.000000e+00
13 	 194 	 Ey 	 2 	 0.000000e+00 	 -1.560000e+03 	 1.080000e+03 	 2.000000e+00
13 	 195 	 Ey 	 2 	 0.000000e+00 	 -1.320000e+03 	 1.080000e+03 	 2.000000e+00
13 	 196 	 Ey 	 2 	 1.931222e+00 	 -1.080000e+03 	 1.080000e+03 	 2.000000e+00
13 	 197 	 Ey 	 2 	 1.104082e+00 	 -8.400000e+02 	 1.080000e+03 	 2.000000e+00
13 	 198 	 Ey 	 2 	 6.934893e-01 	 -6.000000e+02 	 1.080000e+03 	 2.000000e+00
13 	 199 	 Ey 	 2 	 1.256141e+00 	 -3.600000e+02 	 1.080000e+03 	 2.000000e+00
13 	 200 	 Ey 	 2 	 1.187057e+00 	 -1.200000e+02 	 1.080000e+03 	 2.000000e+00
13 	 201 	 Ey 	 2 	 1.182791e+00 	 1.200000e+02 	 1.080000e+03 	 2.000000e+00
13 	 202 	 Ey 	 2 	 6.368765e-01 	 3.600000e+02 	 1.080000e+03 	 2.000000e+00
13 	 203 	 Ey 	 2 	 1.393508e+00 	 6.000000e+02 	 1.080000e+03 	 2.000000e+00
13 	 204 	 Ey 	 2 	 3.937897e-01 	 8.400000e+02 	 1.080000e+03 	 2.000000e+00
13 	 205 	 Ey 	 2 	 6.113818e-01 	 1.080000e+03 	 1.080000e+03 	 2.000000e+00
13 	 206 	 Ey 	 2 	 4.079258e-01 	 1.320000e+03 	 1.080000e+03 	 2.000000e+00
13 	 207 	 Ey 	 2 	 8.989998e-01 	 1.560000e+03 	 1.080000e+03 	 2.000000e+00
13 	 208 	 Ey 	 2 	 8.148834e-01 	 1.800000e+03 	 1.080000e+03 	 2.000000e+00
13 	 209 	 Ey 	 2 	 0.000000e+00 	 -1.800000e+03 	 1.320000e+03 	 2.000000e+00
13 	 210 	 Ey 	 2 	 0.000000e+00 	 -1.560000e+03 	 1.320000e+03 	 2.000000e+00
13 	 211 	 Ey 	 2 	 0.000000e+00 	 -1.320000e+03 	 1.320000e+03 	 2.000000e+00
13 	 212 	 Ey 	 2 	 0.000000e+00 	 -1.080000e+03 	 1.320000e+03 	 2.000000e+00
13 	 213 	 Ey 	 2 	 7.313002e-01 	 -8.400000e+02 	 1.320000e+03 	 2.000000e+00
13 	 214 	 Ey 	 2 	 7.614181e-01 	 -6.000000e+02 	 1.320000e+03 	 2.000000e+00
13 	 215 	 Ey 	 2 	 1.332504e+00 	 -3.600000e+02 	 1.320000e+03 	 2.000000e+00
13 	 216 	 Ey 	 2 	 2.421761e+00 	 -1.200000e+02 	 1.320000e+03 	 2.000000e+00
13 	 217 	 Ey 	 2 	 1.098717e+00 	 1.200000e+02 	 1.320000e+03 	 2.000000e+00
13 	 218 	 Ey 	 2 	 1.281783e+00 	 3.600000e+02 	 1.320000e+03 	 2.000000e+00
13 	 219 	 Ey 	 2 	 1.176653e+00 	 6.000000e+02 	 1.320000e+03 	 2.000000e+00
13 	 220 	 Ey 	 2 	 1.046609e+00 	 8.400000e+02 	 1.320000e+03 	 2.000000e+00
13 	 221 	 Ey 	 2 	 2.865937e-01 	 1.080000e+03 	 1.320000e+03 	 2.000000e+00
13 	 222 	 Ey 	 2 	 5.904334e-01 	 1.320000e+03 	 1.320000e+03 	 2.000000e+00
13 	 223 	 Ey 	 2 	 3.726115e-01 	 1.560000e+03 	 1.320000e+03 	 2.000000e+00
13 	 224 	 Ey 	 2 	 3.266054e-01 	 1.800000e+03 	 1.320000e+03 	 2.000000e+00
13 	 225 	 Ey 	 2 	 0.000000e+00 	 -1.800000e+03 	 1.560000e+03 	 2.000000e+00
13 	 226 	 Ey 	 2 	 0.000000e+00 	 -1.560000e+03 	 1.560000e+03 	 2.000000e+00
13 	 227 	 Ey 	 2 	 0.000000e+00 	 -1.320000e+03 	 1.560000e+03 	 2.000000e+00
13 	 228 	 Ey 	 2 	 0.000000e+00 	 -1.080000e+03 	 1.560000e+03 	 2.000000e+00
13 	 229 	 Ey 	 2 	 1.679126e+00 	 -8.400000e+02 	 1.560000e+03 	 2.000000e+00
13 	 230 	 Ey 	 2 	 6.871006e-01 	 -6.000000e+02 	 1.560000e+03 	 2.000000e+00
13 	 231 	 Ey 	 2 	 1.067381e+00 	 -3.600000e+02 	 1.560000e+03 	 2.000000e+00
13 	 232 	 Ey 	 2 	 7.284767e-01 	 -1.200000e+02 	 1.560000e+03 	 2.000000e+00
13 	 233 	 Ey 	 2 	 7.654223e-01 	 1.200000e+02 	 1.560000e+03 	 2.000000e+00
13 	 234 	 Ey 	 2 	 8.520941e-01 	 3.600000e+02 	 1.560000e+03 	 2.000000e+00
13 	 235 	 Ey 	 2 	 3.799016e-01 	 6.000000e+02 	 1.560000e+03 	 2.000000e+00
13 	 236 	 Ey 	 2 	 2.610869e-01 	 8.400000e+02 	 1.560000e+03 	 2.000000e+00
13 	 237 	 Ey 	 2 	 3.356856e-01 	 1.080000e+03 	 1.560000e+03 	 2.000000e+00
13 	 238 	 Ey 	 2 	 6.743731e-01 	 1.320000e+03 	 1.560000e+03 	 2.000000e+00
13 	 239 	 Ey 	 2 	 1.070566e+00 	 1.560000e+03 	 1.560000e+03 	 2.000000e+00
13 	 240 	 Ey 	 2 	 7.555572e-01 	 1.800000e+03 	 1.560000e+03 	 2.000000e+00
13 	 241 	 Ey 	 2 	 0.000000e+00 	 -1.800000e+03 	 1.800000e+03 	 2.000000e+00
13 	 242 	 Ey 	 2 	 0.000000e+00 	 -1.560000e+03 	 1.800000e+03 	 2.000000e+00
13 	 243 	 Ey 	 2 	 0.000000e+00 	 -1.320000e+03 	 1.800000e+03 	 2.000000e+00
13 	 244 	 Ey 	 2 	 0.000000e+00 	 -1.080000e+03 	 1.800000e+03 	 2.000000e+00
13 	 245 	 Ey 	 2 	 2.607103e+00 	 -8.400000e+02 	 1.800000e+03 	 2.000000e+00
13 	 246 	 Ey 	 2 	 1.481802e+00 	 -6.000000e+02 	 1.800000e+03 	 2.000000e+00
13 	 247 	 Ey 	 2 	 9.150453e-01 	 -3.600000e+02 	 1.800000e+03 	 2.000000e+00
13 	 248 	 Ey 	 2 	 9.195042e-01 	 -1.200000e+02 	 1.800000e+03 	 2.000000e+00
13 	 249 	 Ey 	 2 	 6.946453e-01 	 1.200000e+02 	 1.800000e+03 	 2.000000e+00
13 	 250 	 Ey 	 2 	 1.701417e+00 	 3.600000e+02 	 1.800000e+03 	 2.000000e+00
13 	 251 	 Ey 	 2 	 1.411383e+00 	 6.000000e+02 	 1.800000e+03 	 2.000000e+00
13 	 252 	 Ey 	 2 	 8.578678e-01 	 8.400000e+02 	 1.800000e+03 	 2.000000e+00
13 	 253 	 Ey 	 2 	 6.906854e-01 	 1.080000e+03 	 1.800000e+03 	 2.000000e+00
13 	 254 	 Ey 	 2 	 1.493019e+00 	 1.320000e+03 	 1.800000e+03 	 2.000000e+00
13 	 255 	 Ey 	 2 	 1.234028e+00 	 1.560000e+03 	 1.800000e+03 	 2.000000e+00
13 	 256 	 Ey 	 2 	 9.009707e-01 	 1.800000e+03 	 1.800000e+03 	 2.000000e+00
