iTx 	 iRx    ichrec  ifreq 	 sig_misfit   x       y      z
2 	 1 	 Ex 	 1 	 3.793732e-01 	 -1.800000e+03 	 -1.800000e+03 	 2.000000e+00
2 	 2 	 Ex 	 1 	 4.971221e-01 	 -1.560000e+03 	 -1.800000e+03 	 2.000000e+00
2 	 3 	 Ex 	 1 	 1.584863e+00 	 -1.320000e+03 	 -1.800000e+03 	 2.000000e+00
2 	 4 	 Ex 	 1 	 0.000000e+00 	 -1.080000e+03 	 -1.800000e+03 	 2.000000e+00
2 	 5 	 Ex 	 1 	 0.000000e+00 	 -8.400000e+02 	 -1.800000e+03 	 2.000000e+00
2 	 6 	 Ex 	 1 	 0.000000e+00 	 -6.000000e+02 	 -1.800000e+03 	 2.000000e+00
2 	 7 	 Ex 	 1 	 0.000000e+00 	 -3.600000e+02 	 -1.800000e+03 	 2.000000e+00
2 	 8 	 Ex 	 1 	 0.000000e+00 	 -1.200000e+02 	 -1.800000e+03 	 2.000000e+00
2 	 9 	 Ex 	 1 	 9.598045e-01 	 1.200000e+02 	 -1.800000e+03 	 2.000000e+00
2 	 10 	 Ex 	 1 	 7.400417e-01 	 3.600000e+02 	 -1.800000e+03 	 2.000000e+00
2 	 11 	 Ex 	 1 	 1.732873e+00 	 6.000000e+02 	 -1.800000e+03 	 2.000000e+00
2 	 12 	 Ex 	 1 	 1.348069e+00 	 8.400000e+02 	 -1.800000e+03 	 2.000000e+00
2 	 13 	 Ex 	 1 	 7.455317e-01 	 1.080000e+03 	 -1.800000e+03 	 2.000000e+00
2 	 14 	 Ex 	 1 	 2.530647e+00 	 1.320000e+03 	 -1.800000e+03 	 2.000000e+00
2 	 15 	 Ex 	 1 	 5.841938e-01 	 1.560000e+03 	 -1.800000e+03 	 2.000000e+00
2 	 16 	 Ex 	 1 	 6.494262e-01 	 1.800000e+03 	 -1.800000e+03 	 2.000000e+00
2 	 17 	 Ex 	 1 	 9.010354e-01 	 -1.800000e+03 	 -1.560000e+03 	 2.000000e+00
2 	 18 	 Ex 	 1 	 1.508050e+00 	 -1.560000e+03 	 -1.560000e+03 	 2.000000e+00
2 	 19 	 Ex 	 1 	 2.306836e+00 	 -1.320000e+03 	 -1.560000e+03 	 2.000000e+00
2 	 20 	 Ex 	 1 	 0.000000e+00 	 -1.080000e+03 	 -1.560000e+03 	 2.000000e+00
2 	 21 	 Ex 	 1 	 0.000000e+00 	 -8.400000e+02 	 -1.560000e+03 	 2.000000e+00
2 	 22 	 Ex 	 1 	 0.000000e+00 	 -6.000000e+02 	 -1.560000e+03 	 2.000000e+00
2 	 23 	 Ex 	 1 	 0.000000e+00 	 -3.600000e+02 	 -1.560000e+03 	 2.000000e+00
2 	 24 	 Ex 	 1 	 0.000000e+00 	 -1.200000e+02 	 -1.560000e+03 	 2.000000e+00
2 	 25 	 Ex 	 1 	 8.349671e-01 	 1.200000e+02 	 -1.560000e+03 	 2.000000e+00
2 	 26 	 Ex 	 1 	 1.056918e+00 	 3.600000e+02 	 -1.560000e+03 	 2.000000e+00
2 	 27 	 Ex 	 1 	 5.450423e-01 	 6.000000e+02 	 -1.560000e+03 	 2.000000e+00
2 	 28 	 Ex 	 1 	 9.335105e-01 	 8.400000e+02 	 -1.560000e+03 	 2.000000e+00
2 	 29 	 Ex 	 1 	 8.418357e-01 	 1.080000e+03 	 -1.560000e+03 	 2.000000e+00
2 	 30 	 Ex 	 1 	 8.856063e-01 	 1.320000e+03 	 -1.560000e+03 	 2.000000e+00
2 	 31 	 Ex 	 1 	 3.879745e-01 	 1.560000e+03 	 -1.560000e+03 	 2.000000e+00
2 	 32 	 Ex 	 1 	 8.197579e-01 	 1.800000e+03 	 -1.560000e+03 	 2.000000e+00
2 	 33 	 Ex 	 1 	 1.878142e+00 	 -1.800000e+03 	 -1.320000e+03 	 2.000000e+00
2 	 34 	 Ex 	 1 	 1.689830e+00 	 -1.560000e+03 	 -1.320000e+03 	 2.000000e+00
2 	 35 	 Ex 	 1 	 1.195648e+00 	 -1.320000e+03 	 -1.320000e+03 	 2.000000e+00
2 	 36 	 Ex 	 1 	 1.217145e+00 	 -1.080000e+03 	 -1.320000e+03 	 2.000000e+00
2 	 37 	 Ex 	 1 	 0.000000e+00 	 -8.400000e+02 	 -1.320000e+03 	 2.000000e+00
2 	 38 	 Ex 	 1 	 0.000000e+00 	 -6.000000e+02 	 -1.320000e+03 	 2.000000e+00
2 	 39 	 Ex 	 1 	 0.000000e+00 	 -3.600000e+02 	 -1.320000e+03 	 2.000000e+00
2 	 40 	 Ex 	 1 	 0.000000e+00 	 -1.200000e+02 	 -1.320000e+03 	 2.000000e+00
2 	 41 	 Ex 	 1 	 9.742556e-01 	 1.200000e+02 	 -1.320000e+03 	 2.000000e+00
2 	 42 	 Ex 	 1 	 9.278370e-01 	 3.600000e+02 	 -1.320000e+03 	 2.000000e+00
2 	 43 	 Ex 	 1 	 1.491840e+00 	 6.000000e+02 	 -1.320000e+03 	 2.000000e+00
2 	 44 	 Ex 	 1 	 1.744033e+00 	 8.400000e+02 	 -1.320000e+03 	 2.000000e+00
2 	 45 	 Ex 	 1 	 3.473313e-01 	 1.080000e+03 	 -1.320000e+03 	 2.000000e+00
2 	 46 	 Ex 	 1 	 1.790302e+00 	 1.320000e+03 	 -1.320000e+03 	 2.000000e+00
2 	 47 	 Ex 	 1 	 8.024237e-01 	 1.560000e+03 	 -1.320000e+03 	 2.000000e+00
2 	 48 	 Ex 	 1 	 1.709502e-01 	 1.800000e+03 	 -1.320000e+03 	 2.000000e+00
2 	 49 	 Ex 	 1 	 1.179591e-01 	 -1.800000e+03 	 -1.080000e+03 	 2.000000e+00
2 	 50 	 Ex 	 1 	 1.252188e+00 	 -1.560000e+03 	 -1.080000e+03 	 2.000000e+00
2 	 51 	 Ex 	 1 	 1.662267e-01 	 -1.320000e+03 	 -1.080000e+03 	 2.000000e+00
2 	 52 	 Ex 	 1 	 1.721629e+00 	 -1.080000e+03 	 -1.080000e+03 	 2.000000e+00
2 	 53 	 Ex 	 1 	 1.558723e+00 	 -8.400000e+02 	 -1.080000e+03 	 2.000000e+00
2 	 54 	 Ex 	 1 	 0.000000e+00 	 -6.000000e+02 	 -1.080000e+03 	 2.000000e+00
2 	 55 	 Ex 	 1 	 0.000000e+00 	 -3.600000e+02 	 -1.080000e+03 	 2.000000e+00
2 	 56 	 Ex 	 1 	 3.338416e-01 	 -1.200000e+02 	 -1.080000e+03 	 2.000000e+00
2 	 57 	 Ex 	 1 	 1.238649e+00 	 1.200000e+02 	 -1.080000e+03 	 2.000000e+00
2 	 58 	 Ex 	 1 	 1.766372e+00 	 3.600000e+02 	 -1.080000e+03 	 2.000000e+00
2 	 59 	 Ex 	 1 	 1.415623e+00 	 6.000000e+02 	 -1.080000e+03 	 2.000000e+00
2 	 60 	 Ex 	 1 	 7.494022e-01 	 8.400000e+02 	 -1.080000e+03 	 2.000000e+00
2 	 61 	 Ex 	 1 	 8.674657e-02 	 1.080000e+03 	 -1.080000e+03 	 2.000000e+00
2 	 62 	 Ex 	 1 	 1.274600e+00 	 1.320000e+03 	 -1.080000e+03 	 2.000000e+00
2 	 63 	 Ex 	 1 	 6.968270e-01 	 1.560000e+03 	 -1.080000e+03 	 2.000000e+00
2 	 64 	 Ex 	 1 	 5.880731e-01 	 1.800000e+03 	 -1.080000e+03 	 2.000000e+00
2 	 65 	 Ex 	 1 	 5.469313e-01 	 -1.800000e+03 	 -8.400000e+02 	 2.000000e+00
2 	 66 	 Ex 	 1 	 2.542624e-02 	 -1.560000e+03 	 -8.400000e+02 	 2.000000e+00
2 	 67 	 Ex 	 1 	 9.684343e-01 	 -1.320000e+03 	 -8.400000e+02 	 2.000000e+00
2 	 68 	 Ex 	 1 	 1.321066e+00 	 -1.080000e+03 	 -8.400000e+02 	 2.000000e+00
2 	 69 	 Ex 	 1 	 7.743772e-01 	 -8.400000e+02 	 -8.400000e+02 	 2.000000e+00
2 	 70 	 Ex 	 1 	 1.380839e+00 	 -6.000000e+02 	 -8.400000e+02 	 2.000000e+00
2 	 71 	 Ex 	 1 	 5.096663e-01 	 -3.600000e+02 	 -8.400000e+02 	 2.000000e+00
2 	 72 	 Ex 	 1 	 1.775938e-01 	 -1.200000e+02 	 -8.400000e+02 	 2.000000e+00
2 	 73 	 Ex 	 1 	 1.264918e+00 	 1.200000e+02 	 -8.400000e+02 	 2.000000e+00
2 	 74 	 Ex 	 1 	 1.565384e+00 	 3.600000e+02 	 -8.400000e+02 	 2.000000e+00
2 	 75 	 Ex 	 1 	 3.342353e-01 	 6.000000e+02 	 -8.400000e+02 	 2.000000e+00
2 	 76 	 Ex 	 1 	 1.315284e+00 	 8.400000e+02 	 -8.400000e+02 	 2.000000e+00
2 	 77 	 Ex 	 1 	 4.843631e-01 	 1.080000e+03 	 -8.400000e+02 	 2.000000e+00
2 	 78 	 Ex 	 1 	 1.076559e+00 	 1.320000e+03 	 -8.400000e+02 	 2.000000e+00
2 	 79 	 Ex 	 1 	 7.712607e-01 	 1.560000e+03 	 -8.400000e+02 	 2.000000e+00
2 	 80 	 Ex 	 1 	 6.266968e-01 	 1.800000e+03 	 -8.400000e+02 	 2.000000e+00
2 	 81 	 Ex 	 1 	 1.750964e+00 	 -1.800000e+03 	 -6.000000e+02 	 2.000000e+00
2 	 82 	 Ex 	 1 	 1.192027e+00 	 -1.560000e+03 	 -6.000000e+02 	 2.000000e+00
2 	 83 	 Ex 	 1 	 3.495855e-01 	 -1.320000e+03 	 -6.000000e+02 	 2.000000e+00
2 	 84 	 Ex 	 1 	 1.366201e+00 	 -1.080000e+03 	 -6.000000e+02 	 2.000000e+00
2 	 85 	 Ex 	 1 	 8.768989e-01 	 -8.400000e+02 	 -6.000000e+02 	 2.000000e+00
2 	 86 	 Ex 	 1 	 1.158529e+00 	 -6.000000e+02 	 -6.000000e+02 	 2.000000e+00
2 	 87 	 Ex 	 1 	 9.108347e-01 	 -3.600000e+02 	 -6.000000e+02 	 2.000000e+00
2 	 88 	 Ex 	 1 	 4.384143e-01 	 -1.200000e+02 	 -6.000000e+02 	 2.000000e+00
2 	 89 	 Ex 	 1 	 8.294380e-01 	 1.200000e+02 	 -6.000000e+02 	 2.000000e+00
2 	 90 	 Ex 	 1 	 1.070093e+00 	 3.600000e+02 	 -6.000000e+02 	 2.000000e+00
2 	 91 	 Ex 	 1 	 1.700340e+00 	 6.000000e+02 	 -6.000000e+02 	 2.000000e+00
2 	 92 	 Ex 	 1 	 5.659700e-01 	 8.400000e+02 	 -6.000000e+02 	 2.000000e+00
2 	 93 	 Ex 	 1 	 1.668213e+00 	 1.080000e+03 	 -6.000000e+02 	 2.000000e+00
2 	 94 	 Ex 	 1 	 5.810647e-01 	 1.320000e+03 	 -6.000000e+02 	 2.000000e+00
2 	 95 	 Ex 	 1 	 1.195829e+00 	 1.560000e+03 	 -6.000000e+02 	 2.000000e+00
2 	 96 	 Ex 	 1 	 2.017220e+00 	 1.800000e+03 	 -6.000000e+02 	 2.000000e+00
2 	 97 	 Ex 	 1 	 1.243993e+00 	 -1.800000e+03 	 -3.600000e+02 	 2.000000e+00
2 	 98 	 Ex 	 1 	 2.184471e+00 	 -1.560000e+03 	 -3.600000e+02 	 2.000000e+00
2 	 99 	 Ex 	 1 	 1.156692e-01 	 -1.320000e+03 	 -3.600000e+02 	 2.000000e+00
2 	 100 	 Ex 	 1 	 1.284195e+00 	 -1.080000e+03 	 -3.600000e+02 	 2.000000e+00
2 	 101 	 Ex 	 1 	 2.267565e+00 	 -8.400000e+02 	 -3.600000e+02 	 2.000000e+00
2 	 102 	 Ex 	 1 	 6.150113e-01 	 -6.000000e+02 	 -3.600000e+02 	 2.000000e+00
2 	 103 	 Ex 	 1 	 4.422655e-01 	 -3.600000e+02 	 -3.600000e+02 	 2.000000e+00
2 	 104 	 Ex 	 1 	 4.717180e-01 	 -1.200000e+02 	 -3.600000e+02 	 2.000000e+00
2 	 105 	 Ex 	 1 	 1.663854e+00 	 1.200000e+02 	 -3.600000e+02 	 2.000000e+00
2 	 106 	 Ex 	 1 	 2.595733e+00 	 3.600000e+02 	 -3.600000e+02 	 2.000000e+00
2 	 107 	 Ex 	 1 	 3.895881e-01 	 6.000000e+02 	 -3.600000e+02 	 2.000000e+00
2 	 108 	 Ex 	 1 	 5.051851e-01 	 8.400000e+02 	 -3.600000e+02 	 2.000000e+00
2 	 109 	 Ex 	 1 	 1.400210e+00 	 1.080000e+03 	 -3.600000e+02 	 2.000000e+00
2 	 110 	 Ex 	 1 	 1.379054e-01 	 1.320000e+03 	 -3.600000e+02 	 2.000000e+00
2 	 111 	 Ex 	 1 	 6.240249e-01 	 1.560000e+03 	 -3.600000e+02 	 2.000000e+00
2 	 112 	 Ex 	 1 	 9.322624e-01 	 1.800000e+03 	 -3.600000e+02 	 2.000000e+00
2 	 113 	 Ex 	 1 	 1.192597e+00 	 -1.800000e+03 	 -1.200000e+02 	 2.000000e+00
2 	 114 	 Ex 	 1 	 6.023228e-01 	 -1.560000e+03 	 -1.200000e+02 	 2.000000e+00
2 	 115 	 Ex 	 1 	 6.036020e-01 	 -1.320000e+03 	 -1.200000e+02 	 2.000000e+00
2 	 116 	 Ex 	 1 	 1.275297e+00 	 -1.080000e+03 	 -1.200000e+02 	 2.000000e+00
2 	 117 	 Ex 	 1 	 1.314115e+00 	 -8.400000e+02 	 -1.200000e+02 	 2.000000e+00
2 	 118 	 Ex 	 1 	 8.022922e-01 	 -6.000000e+02 	 -1.200000e+02 	 2.000000e+00
2 	 119 	 Ex 	 1 	 9.313896e-01 	 -3.600000e+02 	 -1.200000e+02 	 2.000000e+00
2 	 120 	 Ex 	 1 	 1.150858e+00 	 -1.200000e+02 	 -1.200000e+02 	 2.000000e+00
2 	 121 	 Ex 	 1 	 3.627639e-01 	 1.200000e+02 	 -1.200000e+02 	 2.000000e+00
2 	 122 	 Ex 	 1 	 1.074582e+00 	 3.600000e+02 	 -1.200000e+02 	 2.000000e+00
2 	 123 	 Ex 	 1 	 2.337041e-01 	 6.000000e+02 	 -1.200000e+02 	 2.000000e+00
2 	 124 	 Ex 	 1 	 1.454298e+00 	 8.400000e+02 	 -1.200000e+02 	 2.000000e+00
2 	 125 	 Ex 	 1 	 2.579556e-01 	 1.080000e+03 	 -1.200000e+02 	 2.000000e+00
2 	 126 	 Ex 	 1 	 2.405071e+00 	 1.320000e+03 	 -1.200000e+02 	 2.000000e+00
2 	 127 	 Ex 	 1 	 7.624531e-01 	 1.560000e+03 	 -1.200000e+02 	 2.000000e+00
2 	 128 	 Ex 	 1 	 1.496438e+00 	 1.800000e+03 	 -1.200000e+02 	 2.000000e+00
2 	 129 	 Ex 	 1 	 1.763153e+00 	 -1.800000e+03 	 1.200000e+02 	 2.000000e+00
2 	 130 	 Ex 	 1 	 1.428334e+00 	 -1.560000e+03 	 1.200000e+02 	 2.000000e+00
2 	 131 	 Ex 	 1 	 6.786158e-01 	 -1.320000e+03 	 1.200000e+02 	 2.000000e+00
2 	 132 	 Ex 	 1 	 2.014904e+00 	 -1.080000e+03 	 1.200000e+02 	 2.000000e+00
2 	 133 	 Ex 	 1 	 8.861051e-01 	 -8.400000e+02 	 1.200000e+02 	 2.000000e+00
2 	 134 	 Ex 	 1 	 2.509154e+00 	 -6.000000e+02 	 1.200000e+02 	 2.000000e+00
2 	 135 	 Ex 	 1 	 1.643633e+00 	 -3.600000e+02 	 1.200000e+02 	 2.000000e+00
2 	 136 	 Ex 	 1 	 1.021988e+00 	 -1.200000e+02 	 1.200000e+02 	 2.000000e+00
2 	 137 	 Ex 	 1 	 7.080728e-01 	 1.200000e+02 	 1.200000e+02 	 2.000000e+00
2 	 138 	 Ex 	 1 	 6.539658e-01 	 3.600000e+02 	 1.200000e+02 	 2.000000e+00
2 	 139 	 Ex 	 1 	 1.770971e+00 	 6.000000e+02 	 1.200000e+02 	 2.000000e+00
2 	 140 	 Ex 	 1 	 1.405453e+00 	 8.400000e+02 	 1.200000e+02 	 2.000000e+00
2 	 141 	 Ex 	 1 	 2.055886e+00 	 1.080000e+03 	 1.200000e+02 	 2.000000e+00
2 	 142 	 Ex 	 1 	 5.029579e-01 	 1.320000e+03 	 1.200000e+02 	 2.000000e+00
2 	 143 	 Ex 	 1 	 1.187113e+00 	 1.560000e+03 	 1.200000e+02 	 2.000000e+00
2 	 144 	 Ex 	 1 	 1.425003e+00 	 1.800000e+03 	 1.200000e+02 	 2.000000e+00
2 	 145 	 Ex 	 1 	 1.090885e+00 	 -1.800000e+03 	 3.600000e+02 	 2.000000e+00
2 	 146 	 Ex 	 1 	 1.311478e+00 	 -1.560000e+03 	 3.600000e+02 	 2.000000e+00
2 	 147 	 Ex 	 1 	 9.677030e-01 	 -1.320000e+03 	 3.600000e+02 	 2.000000e+00
2 	 148 	 Ex 	 1 	 1.043222e+00 	 -1.080000e+03 	 3.600000e+02 	 2.000000e+00
2 	 149 	 Ex 	 1 	 1.094009e+00 	 -8.400000e+02 	 3.600000e+02 	 2.000000e+00
2 	 150 	 Ex 	 1 	 7.192071e-01 	 -6.000000e+02 	 3.600000e+02 	 2.000000e+00
2 	 151 	 Ex 	 1 	 1.283350e+00 	 -3.600000e+02 	 3.600000e+02 	 2.000000e+00
2 	 152 	 Ex 	 1 	 1.625902e+00 	 -1.200000e+02 	 3.600000e+02 	 2.000000e+00
2 	 153 	 Ex 	 1 	 5.527189e-01 	 1.200000e+02 	 3.600000e+02 	 2.000000e+00
2 	 154 	 Ex 	 1 	 7.668709e-01 	 3.600000e+02 	 3.600000e+02 	 2.000000e+00
2 	 155 	 Ex 	 1 	 1.265064e+00 	 6.000000e+02 	 3.600000e+02 	 2.000000e+00
2 	 156 	 Ex 	 1 	 2.213691e+00 	 8.400000e+02 	 3.600000e+02 	 2.000000e+00
2 	 157 	 Ex 	 1 	 1.197079e+00 	 1.080000e+03 	 3.600000e+02 	 2.000000e+00
2 	 158 	 Ex 	 1 	 1.198974e+00 	 1.320000e+03 	 3.600000e+02 	 2.000000e+00
2 	 159 	 Ex 	 1 	 9.338247e-01 	 1.560000e+03 	 3.600000e+02 	 2.000000e+00
2 	 160 	 Ex 	 1 	 6.136515e-01 	 1.800000e+03 	 3.600000e+02 	 2.000000e+00
2 	 161 	 Ex 	 1 	 5.641134e-01 	 -1.800000e+03 	 6.000000e+02 	 2.000000e+00
2 	 162 	 Ex 	 1 	 1.450282e+00 	 -1.560000e+03 	 6.000000e+02 	 2.000000e+00
2 	 163 	 Ex 	 1 	 5.387216e-01 	 -1.320000e+03 	 6.000000e+02 	 2.000000e+00
2 	 164 	 Ex 	 1 	 1.421921e+00 	 -1.080000e+03 	 6.000000e+02 	 2.000000e+00
2 	 165 	 Ex 	 1 	 6.691341e-01 	 -8.400000e+02 	 6.000000e+02 	 2.000000e+00
2 	 166 	 Ex 	 1 	 1.514671e+00 	 -6.000000e+02 	 6.000000e+02 	 2.000000e+00
2 	 167 	 Ex 	 1 	 9.424194e-01 	 -3.600000e+02 	 6.000000e+02 	 2.000000e+00
2 	 168 	 Ex 	 1 	 9.110282e-01 	 -1.200000e+02 	 6.000000e+02 	 2.000000e+00
2 	 169 	 Ex 	 1 	 6.547009e-01 	 1.200000e+02 	 6.000000e+02 	 2.000000e+00
2 	 170 	 Ex 	 1 	 4.725103e-01 	 3.600000e+02 	 6.000000e+02 	 2.000000e+00
2 	 171 	 Ex 	 1 	 1.021282e+00 	 6.000000e+02 	 6.000000e+02 	 2.000000e+00
2 	 172 	 Ex 	 1 	 1.344362e+00 	 8.400000e+02 	 6.000000e+02 	 2.000000e+00
2 	 173 	 Ex 	 1 	 1.640704e+00 	 1.080000e+03 	 6.000000e+02 	 2.000000e+00
2 	 174 	 Ex 	 1 	 4.374043e-01 	 1.320000e+03 	 6.000000e+02 	 2.000000e+00
2 	 175 	 Ex 	 1 	 3.520145e-01 	 1.560000e+03 	 6.000000e+02 	 2.000000e+00
2 	 176 	 Ex 	 1 	 7.070162e-01 	 1.800000e+03 	 6.000000e+02 	 2.000000e+00
2 	 177 	 Ex 	 1 	 1.818529e+00 	 -1.800000e+03 	 8.400000e+02 	 2.000000e+00
2 	 178 	 Ex 	 1 	 1.560626e+00 	 -1.560000e+03 	 8.400000e+02 	 2.000000e+00
2 	 179 	 Ex 	 1 	 4.482911e-01 	 -1.320000e+03 	 8.400000e+02 	 2.000000e+00
2 	 180 	 Ex 	 1 	 1.350516e+00 	 -1.080000e+03 	 8.400000e+02 	 2.000000e+00
2 	 181 	 Ex 	 1 	 1.442922e+00 	 -8.400000e+02 	 8.400000e+02 	 2.000000e+00
2 	 182 	 Ex 	 1 	 1.847273e+00 	 -6.000000e+02 	 8.400000e+02 	 2.000000e+00
2 	 183 	 Ex 	 1 	 9.023576e-01 	 -3.600000e+02 	 8.400000e+02 	 2.000000e+00
2 	 184 	 Ex 	 1 	 1.342521e+00 	 -1.200000e+02 	 8.400000e+02 	 2.000000e+00
2 	 185 	 Ex 	 1 	 4.387298e-01 	 1.200000e+02 	 8.400000e+02 	 2.000000e+00
2 	 186 	 Ex 	 1 	 9.241834e-01 	 3.600000e+02 	 8.400000e+02 	 2.000000e+00
2 	 187 	 Ex 	 1 	 1.173634e+00 	 6.000000e+02 	 8.400000e+02 	 2.000000e+00
2 	 188 	 Ex 	 1 	 9.045476e-01 	 8.400000e+02 	 8.400000e+02 	 2.000000e+00
2 	 189 	 Ex 	 1 	 2.087622e+00 	 1.080000e+03 	 8.400000e+02 	 2.000000e+00
2 	 190 	 Ex 	 1 	 6.547992e-01 	 1.320000e+03 	 8.400000e+02 	 2.000000e+00
2 	 191 	 Ex 	 1 	 9.227494e-01 	 1.560000e+03 	 8.400000e+02 	 2.000000e+00
2 	 192 	 Ex 	 1 	 8.828138e-01 	 1.800000e+03 	 8.400000e+02 	 2.000000e+00
2 	 193 	 Ex 	 1 	 3.247993e-01 	 -1.800000e+03 	 1.080000e+03 	 2.000000e+00
2 	 194 	 Ex 	 1 	 7.428422e-01 	 -1.560000e+03 	 1.080000e+03 	 2.000000e+00
2 	 195 	 Ex 	 1 	 2.517130e-01 	 -1.320000e+03 	 1.080000e+03 	 2.000000e+00
2 	 196 	 Ex 	 1 	 1.749282e+00 	 -1.080000e+03 	 1.080000e+03 	 2.000000e+00
2 	 197 	 Ex 	 1 	 1.123224e+00 	 -8.400000e+02 	 1.080000e+03 	 2.000000e+00
2 	 198 	 Ex 	 1 	 1.067497e+00 	 -6.000000e+02 	 1.080000e+03 	 2.000000e+00
2 	 199 	 Ex 	 1 	 1.144362e+00 	 -3.600000e+02 	 1.080000e+03 	 2.000000e+00
2 	 200 	 Ex 	 1 	 1.370718e+00 	 -1.200000e+02 	 1.080000e+03 	 2.000000e+00
2 	 201 	 Ex 	 1 	 1.850260e+00 	 1.200000e+02 	 1.080000e+03 	 2.000000e+00
2 	 202 	 Ex 	 1 	 1.035351e+00 	 3.600000e+02 	 1.080000e+03 	 2.000000e+00
2 	 203 	 Ex 	 1 	 4.061402e-01 	 6.000000e+02 	 1.080000e+03 	 2.000000e+00
2 	 204 	 Ex 	 1 	 3.116052e-01 	 8.400000e+02 	 1.080000e+03 	 2.000000e+00
2 	 205 	 Ex 	 1 	 1.851837e+00 	 1.080000e+03 	 1.080000e+03 	 2.000000e+00
2 	 206 	 Ex 	 1 	 2.249871e+00 	 1.320000e+03 	 1.080000e+03 	 2.000000e+00
2 	 207 	 Ex 	 1 	 2.502057e-01 	 1.560000e+03 	 1.080000e+03 	 2.000000e+00
2 	 208 	 Ex 	 1 	 8.779368e-01 	 1.800000e+03 	 1.080000e+03 	 2.000000e+00
2 	 209 	 Ex 	 1 	 6.919574e-01 	 -1.800000e+03 	 1.320000e+03 	 2.000000e+00
2 	 210 	 Ex 	 1 	 1.966908e+00 	 -1.560000e+03 	 1.320000e+03 	 2.000000e+00
2 	 211 	 Ex 	 1 	 9.652381e-01 	 -1.320000e+03 	 1.320000e+03 	 2.000000e+00
2 	 212 	 Ex 	 1 	 2.044979e+00 	 -1.080000e+03 	 1.320000e+03 	 2.000000e+00
2 	 213 	 Ex 	 1 	 1.788520e+00 	 -8.400000e+02 	 1.320000e+03 	 2.000000e+00
2 	 214 	 Ex 	 1 	 8.747085e-01 	 -6.000000e+02 	 1.320000e+03 	 2.000000e+00
2 	 215 	 Ex 	 1 	 8.938340e-01 	 -3.600000e+02 	 1.320000e+03 	 2.000000e+00
2 	 216 	 Ex 	 1 	 1.051896e+00 	 -1.200000e+02 	 1.320000e+03 	 2.000000e+00
2 	 217 	 Ex 	 1 	 5.699336e-01 	 1.200000e+02 	 1.320000e+03 	 2.000000e+00
2 	 218 	 Ex 	 1 	 3.207745e-01 	 3.600000e+02 	 1.320000e+03 	 2.000000e+00
2 	 219 	 Ex 	 1 	 1.448264e+00 	 6.000000e+02 	 1.320000e+03 	 2.000000e+00
2 	 220 	 Ex 	 1 	 8.940783e-01 	 8.400000e+02 	 1.320000e+03 	 2.000000e+00
2 	 221 	 Ex 	 1 	 1.013302e+00 	 1.080000e+03 	 1.320000e+03 	 2.000000e+00
2 	 222 	 Ex 	 1 	 2.721705e-01 	 1.320000e+03 	 1.320000e+03 	 2.000000e+00
2 	 223 	 Ex 	 1 	 1.296716e+00 	 1.560000e+03 	 1.320000e+03 	 2.000000e+00
2 	 224 	 Ex 	 1 	 5.294648e-01 	 1.800000e+03 	 1.320000e+03 	 2.000000e+00
2 	 225 	 Ex 	 1 	 2.686630e-01 	 -1.800000e+03 	 1.560000e+03 	 2.000000e+00
2 	 226 	 Ex 	 1 	 8.994419e-01 	 -1.560000e+03 	 1.560000e+03 	 2.000000e+00
2 	 227 	 Ex 	 1 	 6.190462e-01 	 -1.320000e+03 	 1.560000e+03 	 2.000000e+00
2 	 228 	 Ex 	 1 	 1.174580e-01 	 -1.080000e+03 	 1.560000e+03 	 2.000000e+00
2 	 229 	 Ex 	 1 	 1.118766e+00 	 -8.400000e+02 	 1.560000e+03 	 2.000000e+00
2 	 230 	 Ex 	 1 	 1.300925e+00 	 -6.000000e+02 	 1.560000e+03 	 2.000000e+00
2 	 231 	 Ex 	 1 	 1.433334e-01 	 -3.600000e+02 	 1.560000e+03 	 2.000000e+00
2 	 232 	 Ex 	 1 	 1.041828e+00 	 -1.200000e+02 	 1.560000e+03 	 2.000000e+00
2 	 233 	 Ex 	 1 	 1.854006e+00 	 1.200000e+02 	 1.560000e+03 	 2.000000e+00
2 	 234 	 Ex 	 1 	 4.573745e-01 	 3.600000e+02 	 1.560000e+03 	 2.000000e+00
2 	 235 	 Ex 	 1 	 1.389460e+00 	 6.000000e+02 	 1.560000e+03 	 2.000000e+00
2 	 236 	 Ex 	 1 	 9.765073e-01 	 8.400000e+02 	 1.560000e+03 	 2.000000e+00
2 	 237 	 Ex 	 1 	 9.756312e-01 	 1.080000e+03 	 1.560000e+03 	 2.000000e+00
2 	 238 	 Ex 	 1 	 7.093083e-01 	 1.320000e+03 	 1.560000e+03 	 2.000000e+00
2 	 239 	 Ex 	 1 	 8.113391e-01 	 1.560000e+03 	 1.560000e+03 	 2.000000e+00
2 	 240 	 Ex 	 1 	 6.358660e-01 	 1.800000e+03 	 1.560000e+03 	 2.000000e+00
2 	 241 	 Ex 	 1 	 4.106269e-01 	 -1.800000e+03 	 1.800000e+03 	 2.000000e+00
2 	 242 	 Ex 	 1 	 1.184213e+00 	 -1.560000e+03 	 1.800000e+03 	 2.000000e+00
2 	 243 	 Ex 	 1 	 1.680620e+00 	 -1.320000e+03 	 1.800000e+03 	 2.000000e+00
2 	 244 	 Ex 	 1 	 1.974048e+00 	 -1.080000e+03 	 1.800000e+03 	 2.000000e+00
2 	 245 	 Ex 	 1 	 6.787861e-01 	 -8.400000e+02 	 1.800000e+03 	 2.000000e+00
2 	 246 	 Ex 	 1 	 3.582067e-01 	 -6.000000e+02 	 1.800000e+03 	 2.000000e+00
2 	 247 	 Ex 	 1 	 4.163909e-01 	 -3.600000e+02 	 1.800000e+03 	 2.000000e+00
2 	 248 	 Ex 	 1 	 1.935820e+00 	 -1.200000e+02 	 1.800000e+03 	 2.000000e+00
2 	 249 	 Ex 	 1 	 1.426523e-01 	 1.200000e+02 	 1.800000e+03 	 2.000000e+00
2 	 250 	 Ex 	 1 	 9.188658e-01 	 3.600000e+02 	 1.800000e+03 	 2.000000e+00
2 	 251 	 Ex 	 1 	 2.407292e-01 	 6.000000e+02 	 1.800000e+03 	 2.000000e+00
2 	 252 	 Ex 	 1 	 6.444361e-01 	 8.400000e+02 	 1.800000e+03 	 2.000000e+00
2 	 253 	 Ex 	 1 	 2.013476e+00 	 1.080000e+03 	 1.800000e+03 	 2.000000e+00
2 	 254 	 Ex 	 1 	 1.894294e+00 	 1.320000e+03 	 1.800000e+03 	 2.000000e+00
2 	 255 	 Ex 	 1 	 1.469847e+00 	 1.560000e+03 	 1.800000e+03 	 2.000000e+00
2 	 256 	 Ex 	 1 	 6.847919e-01 	 1.800000e+03 	 1.800000e+03 	 2.000000e+00
2 	 1 	 Ex 	 2 	 2.000355e+00 	 -1.800000e+03 	 -1.800000e+03 	 2.000000e+00
2 	 2 	 Ex 	 2 	 1.348182e+00 	 -1.560000e+03 	 -1.800000e+03 	 2.000000e+00
2 	 3 	 Ex 	 2 	 1.465041e+00 	 -1.320000e+03 	 -1.800000e+03 	 2.000000e+00
2 	 4 	 Ex 	 2 	 0.000000e+00 	 -1.080000e+03 	 -1.800000e+03 	 2.000000e+00
2 	 5 	 Ex 	 2 	 0.000000e+00 	 -8.400000e+02 	 -1.800000e+03 	 2.000000e+00
2 	 6 	 Ex 	 2 	 0.000000e+00 	 -6.000000e+02 	 -1.800000e+03 	 2.000000e+00
2 	 7 	 Ex 	 2 	 0.000000e+00 	 -3.600000e+02 	 -1.800000e+03 	 2.000000e+00
2 	 8 	 Ex 	 2 	 0.000000e+00 	 -1.200000e+02 	 -1.800000e+03 	 2.000000e+00
2 	 9 	 Ex 	 2 	 1.773811e+00 	 1.200000e+02 	 -1.800000e+03 	 2.000000e+00
2 	 10 	 Ex 	 2 	 1.688788e+00 	 3.600000e+02 	 -1.800000e+03 	 2.000000e+00
2 	 11 	 Ex 	 2 	 1.342749e+00 	 6.000000e+02 	 -1.800000e+03 	 2.000000e+00
2 	 12 	 Ex 	 2 	 1.059620e+00 	 8.400000e+02 	 -1.800000e+03 	 2.000000e+00
2 	 13 	 Ex 	 2 	 9.351882e-01 	 1.080000e+03 	 -1.800000e+03 	 2.000000e+00
2 	 14 	 Ex 	 2 	 2.491874e+00 	 1.320000e+03 	 -1.800000e+03 	 2.000000e+00
2 	 15 	 Ex 	 2 	 6.825621e-01 	 1.560000e+03 	 -1.800000e+03 	 2.000000e+00
2 	 16 	 Ex 	 2 	 2.133981e-01 	 1.800000e+03 	 -1.800000e+03 	 2.000000e+00
2 	 17 	 Ex 	 2 	 2.707656e-01 	 -1.800000e+03 	 -1.560000e+03 	 2.000000e+00
2 	 18 	 Ex 	 2 	 4.300030e-01 	 -1.560000e+03 	 -1.560000e+03 	 2.000000e+00
2 	 19 	 Ex 	 2 	 3.171261e-01 	 -1.320000e+03 	 -1.560000e+03 	 2.000000e+00
2 	 20 	 Ex 	 2 	 0.000000e+00 	 -1.080000e+03 	 -1.560000e+03 	 2.000000e+00
2 	 21 	 Ex 	 2 	 0.000000e+00 	 -8.400000e+02 	 -1.560000e+03 	 2.000000e+00
2 	 22 	 Ex 	 2 	 0.000000e+00 	 -6.000000e+02 	 -1.560000e+03 	 2.000000e+00
2 	 23 	 Ex 	 2 	 0.000000e+00 	 -3.600000e+02 	 -1.560000e+03 	 2.000000e+00
2 	 24 	 Ex 	 2 	 0.000000e+00 	 -1.200000e+02 	 -1.560000e+03 	 2.000000e+00
2 	 25 	 Ex 	 2 	 1.152493e-01 	 1.200000e+02 	 -1.560000e+03 	 2.000000e+00
2 	 26 	 Ex 	 2 	 1.321127e+00 	 3.600000e+02 	 -1.560000e+03 	 2.000000e+00
2 	 27 	 Ex 	 2 	 1.511699e+00 	 6.000000e+02 	 -1.560000e+03 	 2.000000e+00
2 	 28 	 Ex 	 2 	 8.924714e-01 	 8.400000e+02 	 -1.560000e+03 	 2.000000e+00
2 	 29 	 Ex 	 2 	 1.361621e+00 	 1.080000e+03 	 -1.560000e+03 	 2.000000e+00
2 	 30 	 Ex 	 2 	 1.692869e+00 	 1.320000e+03 	 -1.560000e+03 	 2.000000e+00
2 	 31 	 Ex 	 2 	 6.195137e-01 	 1.560000e+03 	 -1.560000e+03 	 2.000000e+00
2 	 32 	 Ex 	 2 	 1.428122e-01 	 1.800000e+03 	 -1.560000e+03 	 2.000000e+00
2 	 33 	 Ex 	 2 	 6.746221e-02 	 -1.800000e+03 	 -1.320000e+03 	 2.000000e+00
2 	 34 	 Ex 	 2 	 7.463768e-01 	 -1.560000e+03 	 -1.320000e+03 	 2.000000e+00
2 	 35 	 Ex 	 2 	 6.520042e-01 	 -1.320000e+03 	 -1.320000e+03 	 2.000000e+00
2 	 36 	 Ex 	 2 	 1.727467e+00 	 -1.080000e+03 	 -1.320000e+03 	 2.000000e+00
2 	 37 	 Ex 	 2 	 0.000000e+00 	 -8.400000e+02 	 -1.320000e+03 	 2.000000e+00
2 	 38 	 Ex 	 2 	 0.000000e+00 	 -6.000000e+02 	 -1.320000e+03 	 2.000000e+00
2 	 39 	 Ex 	 2 	 0.000000e+00 	 -3.600000e+02 	 -1.320000e+03 	 2.000000e+00
2 	 40 	 Ex 	 2 	 0.000000e+00 	 -1.200000e+02 	 -1.320000e+03 	 2.000000e+00
2 	 41 	 Ex 	 2 	 2.265421e+00 	 1.200000e+02 	 -1.320000e+03 	 2.000000e+00
2 	 42 	 Ex 	 2 	 1.403640e+00 	 3.600000e+02 	 -1.320000e+03 	 2.000000e+00
2 	 43 	 Ex 	 2 	 8.425644e-01 	 6.000000e+02 	 -1.320000e+03 	 2.000000e+00
2 	 44 	 Ex 	 2 	 7.056580e-01 	 8.400000e+02 	 -1.320000e+03 	 2.000000e+00
2 	 45 	 Ex 	 2 	 2.914379e+00 	 1.080000e+03 	 -1.320000e+03 	 2.000000e+00
2 	 46 	 Ex 	 2 	 1.078714e+00 	 1.320000e+03 	 -1.320000e+03 	 2.000000e+00
2 	 47 	 Ex 	 2 	 3.830967e-01 	 1.560000e+03 	 -1.320000e+03 	 2.000000e+00
2 	 48 	 Ex 	 2 	 1.189425e+00 	 1.800000e+03 	 -1.320000e+03 	 2.000000e+00
2 	 49 	 Ex 	 2 	 3.905037e-01 	 -1.800000e+03 	 -1.080000e+03 	 2.000000e+00
2 	 50 	 Ex 	 2 	 1.327956e-01 	 -1.560000e+03 	 -1.080000e+03 	 2.000000e+00
2 	 51 	 Ex 	 2 	 1.235137e+00 	 -1.320000e+03 	 -1.080000e+03 	 2.000000e+00
2 	 52 	 Ex 	 2 	 1.563808e+00 	 -1.080000e+03 	 -1.080000e+03 	 2.000000e+00
2 	 53 	 Ex 	 2 	 9.720524e-01 	 -8.400000e+02 	 -1.080000e+03 	 2.000000e+00
2 	 54 	 Ex 	 2 	 0.000000e+00 	 -6.000000e+02 	 -1.080000e+03 	 2.000000e+00
2 	 55 	 Ex 	 2 	 0.000000e+00 	 -3.600000e+02 	 -1.080000e+03 	 2.000000e+00
2 	 56 	 Ex 	 2 	 2.647301e+00 	 -1.200000e+02 	 -1.080000e+03 	 2.000000e+00
2 	 57 	 Ex 	 2 	 7.639582e-01 	 1.200000e+02 	 -1.080000e+03 	 2.000000e+00
2 	 58 	 Ex 	 2 	 4.348914e-02 	 3.600000e+02 	 -1.080000e+03 	 2.000000e+00
2 	 59 	 Ex 	 2 	 6.366919e-01 	 6.000000e+02 	 -1.080000e+03 	 2.000000e+00
2 	 60 	 Ex 	 2 	 3.508943e-01 	 8.400000e+02 	 -1.080000e+03 	 2.000000e+00
2 	 61 	 Ex 	 2 	 9.871982e-01 	 1.080000e+03 	 -1.080000e+03 	 2.000000e+00
2 	 62 	 Ex 	 2 	 3.905946e-01 	 1.320000e+03 	 -1.080000e+03 	 2.000000e+00
2 	 63 	 Ex 	 2 	 1.242115e+00 	 1.560000e+03 	 -1.080000e+03 	 2.000000e+00
2 	 64 	 Ex 	 2 	 8.592623e-01 	 1.800000e+03 	 -1.080000e+03 	 2.000000e+00
2 	 65 	 Ex 	 2 	 2.194848e-01 	 -1.800000e+03 	 -8.400000e+02 	 2.000000e+00
2 	 66 	 Ex 	 2 	 1.686218e+00 	 -1.560000e+03 	 -8.400000e+02 	 2.000000e+00
2 	 67 	 Ex 	 2 	 9.328015e-01 	 -1.320000e+03 	 -8.400000e+02 	 2.000000e+00
2 	 68 	 Ex 	 2 	 5.137894e-01 	 -1.080000e+03 	 -8.400000e+02 	 2.000000e+00
2 	 69 	 Ex 	 2 	 5.593336e-01 	 -8.400000e+02 	 -8.400000e+02 	 2.000000e+00
2 	 70 	 Ex 	 2 	 1.817985e+00 	 -6.000000e+02 	 -8.400000e+02 	 2.000000e+00
2 	 71 	 Ex 	 2 	 8.595155e-01 	 -3.600000e+02 	 -8.400000e+02 	 2.000000e+00
2 	 72 	 Ex 	 2 	 1.731588e+00 	 -1.200000e+02 	 -8.400000e+02 	 2.000000e+00
2 	 73 	 Ex 	 2 	 5.304072e-01 	 1.200000e+02 	 -8.400000e+02 	 2.000000e+00
2 	 74 	 Ex 	 2 	 1.290674e+00 	 3.600000e+02 	 -8.400000e+02 	 2.000000e+00
2 	 75 	 Ex 	 2 	 1.566012e+00 	 6.000000e+02 	 -8.400000e+02 	 2.000000e+00
2 	 76 	 Ex 	 2 	 1.092695e+00 	 8.400000e+02 	 -8.400000e+02 	 2.000000e+00
2 	 77 	 Ex 	 2 	 3.357988e-01 	 1.080000e+03 	 -8.400000e+02 	 2.000000e+00
2 	 78 	 Ex 	 2 	 4.256622e-01 	 1.320000e+03 	 -8.400000e+02 	 2.000000e+00
2 	 79 	 Ex 	 2 	 7.171845e-01 	 1.560000e+03 	 -8.400000e+02 	 2.000000e+00
2 	 80 	 Ex 	 2 	 1.563862e+00 	 1.800000e+03 	 -8.400000e+02 	 2.000000e+00
2 	 81 	 Ex 	 2 	 1.147589e+00 	 -1.800000e+03 	 -6.000000e+02 	 2.000000e+00
2 	 82 	 Ex 	 2 	 3.369922e-01 	 -1.560000e+03 	 -6.000000e+02 	 2.000000e+00
2 	 83 	 Ex 	 2 	 1.321388e+00 	 -1.320000e+03 	 -6.000000e+02 	 2.000000e+00
2 	 84 	 Ex 	 2 	 9.182353e-01 	 -1.080000e+03 	 -6.000000e+02 	 2.000000e+00
2 	 85 	 Ex 	 2 	 1.039846e+00 	 -8.400000e+02 	 -6.000000e+02 	 2.000000e+00
2 	 86 	 Ex 	 2 	 2.321641e-01 	 -6.000000e+02 	 -6.000000e+02 	 2.000000e+00
2 	 87 	 Ex 	 2 	 8.677033e-01 	 -3.600000e+02 	 -6.000000e+02 	 2.000000e+00
2 	 88 	 Ex 	 2 	 4.358110e-01 	 -1.200000e+02 	 -6.000000e+02 	 2.000000e+00
2 	 89 	 Ex 	 2 	 8.456637e-01 	 1.200000e+02 	 -6.000000e+02 	 2.000000e+00
2 	 90 	 Ex 	 2 	 8.170823e-01 	 3.600000e+02 	 -6.000000e+02 	 2.000000e+00
2 	 91 	 Ex 	 2 	 9.784967e-01 	 6.000000e+02 	 -6.000000e+02 	 2.000000e+00
2 	 92 	 Ex 	 2 	 9.762296e-01 	 8.400000e+02 	 -6.000000e+02 	 2.000000e+00
2 	 93 	 Ex 	 2 	 1.080346e+00 	 1.080000e+03 	 -6.000000e+02 	 2.000000e+00
2 	 94 	 Ex 	 2 	 1.300966e+00 	 1.320000e+03 	 -6.000000e+02 	 2.000000e+00
2 	 95 	 Ex 	 2 	 4.935915e-01 	 1.560000e+03 	 -6.000000e+02 	 2.000000e+00
2 	 96 	 Ex 	 2 	 8.490478e-02 	 1.800000e+03 	 -6.000000e+02 	 2.000000e+00
2 	 97 	 Ex 	 2 	 1.101320e+00 	 -1.800000e+03 	 -3.600000e+02 	 2.000000e+00
2 	 98 	 Ex 	 2 	 1.982149e+00 	 -1.560000e+03 	 -3.600000e+02 	 2.000000e+00
2 	 99 	 Ex 	 2 	 1.220039e+00 	 -1.320000e+03 	 -3.600000e+02 	 2.000000e+00
2 	 100 	 Ex 	 2 	 1.033043e+00 	 -1.080000e+03 	 -3.600000e+02 	 2.000000e+00
2 	 101 	 Ex 	 2 	 8.123260e-01 	 -8.400000e+02 	 -3.600000e+02 	 2.000000e+00
2 	 102 	 Ex 	 2 	 7.990024e-01 	 -6.000000e+02 	 -3.600000e+02 	 2.000000e+00
2 	 103 	 Ex 	 2 	 1.065435e+00 	 -3.600000e+02 	 -3.600000e+02 	 2.000000e+00
2 	 104 	 Ex 	 2 	 2.350159e+00 	 -1.200000e+02 	 -3.600000e+02 	 2.000000e+00
2 	 105 	 Ex 	 2 	 6.607413e-02 	 1.200000e+02 	 -3.600000e+02 	 2.000000e+00
2 	 106 	 Ex 	 2 	 1.871356e+00 	 3.600000e+02 	 -3.600000e+02 	 2.000000e+00
2 	 107 	 Ex 	 2 	 1.530118e+00 	 6.000000e+02 	 -3.600000e+02 	 2.000000e+00
2 	 108 	 Ex 	 2 	 1.120137e+00 	 8.400000e+02 	 -3.600000e+02 	 2.000000e+00
2 	 109 	 Ex 	 2 	 4.685770e-01 	 1.080000e+03 	 -3.600000e+02 	 2.000000e+00
2 	 110 	 Ex 	 2 	 1.086461e+00 	 1.320000e+03 	 -3.600000e+02 	 2.000000e+00
2 	 111 	 Ex 	 2 	 1.311781e+00 	 1.560000e+03 	 -3.600000e+02 	 2.000000e+00
2 	 112 	 Ex 	 2 	 1.098254e+00 	 1.800000e+03 	 -3.600000e+02 	 2.000000e+00
2 	 113 	 Ex 	 2 	 8.542820e-01 	 -1.800000e+03 	 -1.200000e+02 	 2.000000e+00
2 	 114 	 Ex 	 2 	 1.104773e+00 	 -1.560000e+03 	 -1.200000e+02 	 2.000000e+00
2 	 115 	 Ex 	 2 	 5.960358e-01 	 -1.320000e+03 	 -1.200000e+02 	 2.000000e+00
2 	 116 	 Ex 	 2 	 7.317675e-01 	 -1.080000e+03 	 -1.200000e+02 	 2.000000e+00
2 	 117 	 Ex 	 2 	 6.223109e-01 	 -8.400000e+02 	 -1.200000e+02 	 2.000000e+00
2 	 118 	 Ex 	 2 	 4.775204e-01 	 -6.000000e+02 	 -1.200000e+02 	 2.000000e+00
2 	 119 	 Ex 	 2 	 2.453526e-01 	 -3.600000e+02 	 -1.200000e+02 	 2.000000e+00
2 	 120 	 Ex 	 2 	 4.802864e-01 	 -1.200000e+02 	 -1.200000e+02 	 2.000000e+00
2 	 121 	 Ex 	 2 	 1.405684e+00 	 1.200000e+02 	 -1.200000e+02 	 2.000000e+00
2 	 122 	 Ex 	 2 	 1.846558e-01 	 3.600000e+02 	 -1.200000e+02 	 2.000000e+00
2 	 123 	 Ex 	 2 	 7.334242e-01 	 6.000000e+02 	 -1.200000e+02 	 2.000000e+00
2 	 124 	 Ex 	 2 	 1.648211e+00 	 8.400000e+02 	 -1.200000e+02 	 2.000000e+00
2 	 125 	 Ex 	 2 	 8.808718e-01 	 1.080000e+03 	 -1.200000e+02 	 2.000000e+00
2 	 126 	 Ex 	 2 	 2.447771e+00 	 1.320000e+03 	 -1.200000e+02 	 2.000000e+00
2 	 127 	 Ex 	 2 	 1.391317e+00 	 1.560000e+03 	 -1.200000e+02 	 2.000000e+00
2 	 128 	 Ex 	 2 	 6.334136e-01 	 1.800000e+03 	 -1.200000e+02 	 2.000000e+00
2 	 129 	 Ex 	 2 	 1.264403e+00 	 -1.800000e+03 	 1.200000e+02 	 2.000000e+00
2 	 130 	 Ex 	 2 	 6.535661e-01 	 -1.560000e+03 	 1.200000e+02 	 2.000000e+00
2 	 131 	 Ex 	 2 	 6.749043e-01 	 -1.320000e+03 	 1.200000e+02 	 2.000000e+00
2 	 132 	 Ex 	 2 	 2.854001e+00 	 -1.080000e+03 	 1.200000e+02 	 2.000000e+00
2 	 133 	 Ex 	 2 	 5.342888e-01 	 -8.400000e+02 	 1.200000e+02 	 2.000000e+00
2 	 134 	 Ex 	 2 	 1.271785e+00 	 -6.000000e+02 	 1.200000e+02 	 2.000000e+00
2 	 135 	 Ex 	 2 	 1.288711e+00 	 -3.600000e+02 	 1.200000e+02 	 2.000000e+00
2 	 136 	 Ex 	 2 	 9.101464e-01 	 -1.200000e+02 	 1.200000e+02 	 2.000000e+00
2 	 137 	 Ex 	 2 	 1.080530e+00 	 1.200000e+02 	 1.200000e+02 	 2.000000e+00
2 	 138 	 Ex 	 2 	 1.736121e+00 	 3.600000e+02 	 1.200000e+02 	 2.000000e+00
2 	 139 	 Ex 	 2 	 5.168551e-01 	 6.000000e+02 	 1.200000e+02 	 2.000000e+00
2 	 140 	 Ex 	 2 	 1.868550e+00 	 8.400000e+02 	 1.200000e+02 	 2.000000e+00
2 	 141 	 Ex 	 2 	 9.293312e-01 	 1.080000e+03 	 1.200000e+02 	 2.000000e+00
2 	 142 	 Ex 	 2 	 5.740620e-01 	 1.320000e+03 	 1.200000e+02 	 2.000000e+00
2 	 143 	 Ex 	 2 	 1.419088e+00 	 1.560000e+03 	 1.200000e+02 	 2.000000e+00
2 	 144 	 Ex 	 2 	 1.363118e+00 	 1.800000e+03 	 1.200000e+02 	 2.000000e+00
2 	 145 	 Ex 	 2 	 6.784972e-01 	 -1.800000e+03 	 3.600000e+02 	 2.000000e+00
2 	 146 	 Ex 	 2 	 5.290509e-01 	 -1.560000e+03 	 3.600000e+02 	 2.000000e+00
2 	 147 	 Ex 	 2 	 7.649105e-01 	 -1.320000e+03 	 3.600000e+02 	 2.000000e+00
2 	 148 	 Ex 	 2 	 1.823012e+00 	 -1.080000e+03 	 3.600000e+02 	 2.000000e+00
2 	 149 	 Ex 	 2 	 1.755509e+00 	 -8.400000e+02 	 3.600000e+02 	 2.000000e+00
2 	 150 	 Ex 	 2 	 4.847606e-01 	 -6.000000e+02 	 3.600000e+02 	 2.000000e+00
2 	 151 	 Ex 	 2 	 4.872926e-01 	 -3.600000e+02 	 3.600000e+02 	 2.000000e+00
2 	 152 	 Ex 	 2 	 2.416804e+00 	 -1.200000e+02 	 3.600000e+02 	 2.000000e+00
2 	 153 	 Ex 	 2 	 1.128404e+00 	 1.200000e+02 	 3.600000e+02 	 2.000000e+00
2 	 154 	 Ex 	 2 	 1.820120e+00 	 3.600000e+02 	 3.600000e+02 	 2.000000e+00
2 	 155 	 Ex 	 2 	 1.505959e+00 	 6.000000e+02 	 3.600000e+02 	 2.000000e+00
2 	 156 	 Ex 	 2 	 1.507214e+00 	 8.400000e+02 	 3.600000e+02 	 2.000000e+00
2 	 157 	 Ex 	 2 	 2.122468e+00 	 1.080000e+03 	 3.600000e+02 	 2.000000e+00
2 	 158 	 Ex 	 2 	 1.357758e+00 	 1.320000e+03 	 3.600000e+02 	 2.000000e+00
2 	 159 	 Ex 	 2 	 4.570663e-01 	 1.560000e+03 	 3.600000e+02 	 2.000000e+00
2 	 160 	 Ex 	 2 	 1.564226e+00 	 1.800000e+03 	 3.600000e+02 	 2.000000e+00
2 	 161 	 Ex 	 2 	 8.394218e-01 	 -1.800000e+03 	 6.000000e+02 	 2.000000e+00
2 	 162 	 Ex 	 2 	 1.178254e+00 	 -1.560000e+03 	 6.000000e+02 	 2.000000e+00
2 	 163 	 Ex 	 2 	 3.874096e-01 	 -1.320000e+03 	 6.000000e+02 	 2.000000e+00
2 	 164 	 Ex 	 2 	 1.115068e+00 	 -1.080000e+03 	 6.000000e+02 	 2.000000e+00
2 	 165 	 Ex 	 2 	 8.491871e-01 	 -8.400000e+02 	 6.000000e+02 	 2.000000e+00
2 	 166 	 Ex 	 2 	 5.422910e-01 	 -6.000000e+02 	 6.000000e+02 	 2.000000e+00
2 	 167 	 Ex 	 2 	 1.337655e+00 	 -3.600000e+02 	 6.000000e+02 	 2.000000e+00
2 	 168 	 Ex 	 2 	 1.190682e+00 	 -1.200000e+02 	 6.000000e+02 	 2.000000e+00
2 	 169 	 Ex 	 2 	 1.325918e+00 	 1.200000e+02 	 6.000000e+02 	 2.000000e+00
2 	 170 	 Ex 	 2 	 9.237323e-01 	 3.600000e+02 	 6.000000e+02 	 2.000000e+00
2 	 171 	 Ex 	 2 	 2.212524e+00 	 6.000000e+02 	 6.000000e+02 	 2.000000e+00
2 	 172 	 Ex 	 2 	 1.247057e+00 	 8.400000e+02 	 6.000000e+02 	 2.000000e+00
2 	 173 	 Ex 	 2 	 7.882215e-01 	 1.080000e+03 	 6.000000e+02 	 2.000000e+00
2 	 174 	 Ex 	 2 	 9.390517e-01 	 1.320000e+03 	 6.000000e+02 	 2.000000e+00
2 	 175 	 Ex 	 2 	 1.897330e+00 	 1.560000e+03 	 6.000000e+02 	 2.000000e+00
2 	 176 	 Ex 	 2 	 1.035443e+00 	 1.800000e+03 	 6.000000e+02 	 2.000000e+00
2 	 177 	 Ex 	 2 	 1.251445e+00 	 -1.800000e+03 	 8.400000e+02 	 2.000000e+00
2 	 178 	 Ex 	 2 	 8.334733e-01 	 -1.560000e+03 	 8.400000e+02 	 2.000000e+00
2 	 179 	 Ex 	 2 	 2.162918e+00 	 -1.320000e+03 	 8.400000e+02 	 2.000000e+00
2 	 180 	 Ex 	 2 	 7.091852e-01 	 -1.080000e+03 	 8.400000e+02 	 2.000000e+00
2 	 181 	 Ex 	 2 	 6.649786e-01 	 -8.400000e+02 	 8.400000e+02 	 2.000000e+00
2 	 182 	 Ex 	 2 	 4.832868e-01 	 -6.000000e+02 	 8.400000e+02 	 2.000000e+00
2 	 183 	 Ex 	 2 	 1.185248e+00 	 -3.600000e+02 	 8.400000e+02 	 2.000000e+00
2 	 184 	 Ex 	 2 	 1.920437e+00 	 -1.200000e+02 	 8.400000e+02 	 2.000000e+00
2 	 185 	 Ex 	 2 	 8.733488e-01 	 1.200000e+02 	 8.400000e+02 	 2.000000e+00
2 	 186 	 Ex 	 2 	 1.385813e+00 	 3.600000e+02 	 8.400000e+02 	 2.000000e+00
2 	 187 	 Ex 	 2 	 1.102086e+00 	 6.000000e+02 	 8.400000e+02 	 2.000000e+00
2 	 188 	 Ex 	 2 	 9.521026e-01 	 8.400000e+02 	 8.400000e+02 	 2.000000e+00
2 	 189 	 Ex 	 2 	 1.108333e+00 	 1.080000e+03 	 8.400000e+02 	 2.000000e+00
2 	 190 	 Ex 	 2 	 3.856463e-01 	 1.320000e+03 	 8.400000e+02 	 2.000000e+00
2 	 191 	 Ex 	 2 	 7.248901e-01 	 1.560000e+03 	 8.400000e+02 	 2.000000e+00
2 	 192 	 Ex 	 2 	 1.336572e+00 	 1.800000e+03 	 8.400000e+02 	 2.000000e+00
2 	 193 	 Ex 	 2 	 5.396374e-01 	 -1.800000e+03 	 1.080000e+03 	 2.000000e+00
2 	 194 	 Ex 	 2 	 1.191329e+00 	 -1.560000e+03 	 1.080000e+03 	 2.000000e+00
2 	 195 	 Ex 	 2 	 1.446292e+00 	 -1.320000e+03 	 1.080000e+03 	 2.000000e+00
2 	 196 	 Ex 	 2 	 3.297829e-01 	 -1.080000e+03 	 1.080000e+03 	 2.000000e+00
2 	 197 	 Ex 	 2 	 4.427533e-01 	 -8.400000e+02 	 1.080000e+03 	 2.000000e+00
2 	 198 	 Ex 	 2 	 1.477104e-01 	 -6.000000e+02 	 1.080000e+03 	 2.000000e+00
2 	 199 	 Ex 	 2 	 1.483328e+00 	 -3.600000e+02 	 1.080000e+03 	 2.000000e+00
2 	 200 	 Ex 	 2 	 8.918106e-01 	 -1.200000e+02 	 1.080000e+03 	 2.000000e+00
2 	 201 	 Ex 	 2 	 4.346255e-01 	 1.200000e+02 	 1.080000e+03 	 2.000000e+00
2 	 202 	 Ex 	 2 	 1.027578e+00 	 3.600000e+02 	 1.080000e+03 	 2.000000e+00
2 	 203 	 Ex 	 2 	 2.412470e-01 	 6.000000e+02 	 1.080000e+03 	 2.000000e+00
2 	 204 	 Ex 	 2 	 9.889367e-01 	 8.400000e+02 	 1.080000e+03 	 2.000000e+00
2 	 205 	 Ex 	 2 	 5.707561e-01 	 1.080000e+03 	 1.080000e+03 	 2.000000e+00
2 	 206 	 Ex 	 2 	 1.956679e+00 	 1.320000e+03 	 1.080000e+03 	 2.000000e+00
2 	 207 	 Ex 	 2 	 1.587589e+00 	 1.560000e+03 	 1.080000e+03 	 2.000000e+00
2 	 208 	 Ex 	 2 	 8.677440e-01 	 1.800000e+03 	 1.080000e+03 	 2.000000e+00
2 	 209 	 Ex 	 2 	 1.100037e+00 	 -1.800000e+03 	 1.320000e+03 	 2.000000e+00
2 	 210 	 Ex 	 2 	 7.843948e-01 	 -1.560000e+03 	 1.320000e+03 	 2.000000e+00
2 	 211 	 Ex 	 2 	 1.233751e+00 	 -1.320000e+03 	 1.320000e+03 	 2.000000e+00
2 	 212 	 Ex 	 2 	 8.721176e-01 	 -1.080000e+03 	 1.320000e+03 	 2.000000e+00
2 	 213 	 Ex 	 2 	 8.108251e-01 	 -8.400000e+02 	 1.320000e+03 	 2.000000e+00
2 	 214 	 Ex 	 2 	 4.750875e-01 	 -6.000000e+02 	 1.320000e+03 	 2.000000e+00
2 	 215 	 Ex 	 2 	 6.146836e-01 	 -3.600000e+02 	 1.320000e+03 	 2.000000e+00
2 	 216 	 Ex 	 2 	 6.277929e-01 	 -1.200000e+02 	 1.320000e+03 	 2.000000e+00
2 	 217 	 Ex 	 2 	 7.954619e-01 	 1.200000e+02 	 1.320000e+03 	 2.000000e+00
2 	 218 	 Ex 	 2 	 1.368455e+00 	 3.600000e+02 	 1.320000e+03 	 2.000000e+00
2 	 219 	 Ex 	 2 	 2.096607e+00 	 6.000000e+02 	 1.320000e+03 	 2.000000e+00
2 	 220 	 Ex 	 2 	 1.044158e+00 	 8.400000e+02 	 1.320000e+03 	 2.000000e+00
2 	 221 	 Ex 	 2 	 6.549030e-01 	 1.080000e+03 	 1.320000e+03 	 2.000000e+00
2 	 222 	 Ex 	 2 	 7.810604e-01 	 1.320000e+03 	 1.320000e+03 	 2.000000e+00
2 	 223 	 Ex 	 2 	 8.490876e-01 	 1.560000e+03 	 1.320000e+03 	 2.000000e+00
2 	 224 	 Ex 	 2 	 1.230323e+00 	 1.800000e+03 	 1.320000e+03 	 2.000000e+00
2 	 225 	 Ex 	 2 	 4.594491e-01 	 -1.800000e+03 	 1.560000e+03 	 2.000000e+00
2 	 226 	 Ex 	 2 	 9.346790e-01 	 -1.560000e+03 	 1.560000e+03 	 2.000000e+00
2 	 227 	 Ex 	 2 	 8.983920e-01 	 -1.320000e+03 	 1.560000e+03 	 2.000000e+00
2 	 228 	 Ex 	 2 	 1.004183e+00 	 -1.080000e+03 	 1.560000e+03 	 2.000000e+00
2 	 229 	 Ex 	 2 	 1.594710e+00 	 -8.400000e+02 	 1.560000e+03 	 2.000000e+00
2 	 230 	 Ex 	 2 	 1.003625e+00 	 -6.000000e+02 	 1.560000e+03 	 2.000000e+00
2 	 231 	 Ex 	 2 	 1.457919e+00 	 -3.600000e+02 	 1.560000e+03 	 2.000000e+00
2 	 232 	 Ex 	 2 	 1.305515e+00 	 -1.200000e+02 	 1.560000e+03 	 2.000000e+00
2 	 233 	 Ex 	 2 	 1.142281e+00 	 1.200000e+02 	 1.560000e+03 	 2.000000e+00
2 	 234 	 Ex 	 2 	 1.107703e+00 	 3.600000e+02 	 1.560000e+03 	 2.000000e+00
2 	 235 	 Ex 	 2 	 1.110658e+00 	 6.000000e+02 	 1.560000e+03 	 2.000000e+00
2 	 236 	 Ex 	 2 	 1.280725e+00 	 8.400000e+02 	 1.560000e+03 	 2.000000e+00
2 	 237 	 Ex 	 2 	 8.066401e-01 	 1.080000e+03 	 1.560000e+03 	 2.000000e+00
2 	 238 	 Ex 	 2 	 1.064489e+00 	 1.320000e+03 	 1.560000e+03 	 2.000000e+00
2 	 239 	 Ex 	 2 	 1.448633e+00 	 1.560000e+03 	 1.560000e+03 	 2.000000e+00
2 	 240 	 Ex 	 2 	 1.233633e+00 	 1.800000e+03 	 1.560000e+03 	 2.000000e+00
2 	 241 	 Ex 	 2 	 1.547972e+00 	 -1.800000e+03 	 1.800000e+03 	 2.000000e+00
2 	 242 	 Ex 	 2 	 1.085782e+00 	 -1.560000e+03 	 1.800000e+03 	 2.000000e+00
2 	 243 	 Ex 	 2 	 7.534672e-02 	 -1.320000e+03 	 1.800000e+03 	 2.000000e+00
2 	 244 	 Ex 	 2 	 6.727161e-01 	 -1.080000e+03 	 1.800000e+03 	 2.000000e+00
2 	 245 	 Ex 	 2 	 8.420284e-01 	 -8.400000e+02 	 1.800000e+03 	 2.000000e+00
2 	 246 	 Ex 	 2 	 1.274323e+00 	 -6.000000e+02 	 1.800000e+03 	 2.000000e+00
2 	 247 	 Ex 	 2 	 1.294287e+00 	 -3.600000e+02 	 1.800000e+03 	 2.000000e+00
2 	 248 	 Ex 	 2 	 3.834468e-01 	 -1.200000e+02 	 1.800000e+03 	 2.000000e+00
2 	 249 	 Ex 	 2 	 1.985392e-01 	 1.200000e+02 	 1.800000e+03 	 2.000000e+00
2 	 250 	 Ex 	 2 	 1.332482e+00 	 3.600000e+02 	 1.800000e+03 	 2.000000e+00
2 	 251 	 Ex 	 2 	 1.533922e+00 	 6.000000e+02 	 1.800000e+03 	 2.000000e+00
2 	 252 	 Ex 	 2 	 5.499511e-01 	 8.400000e+02 	 1.800000e+03 	 2.000000e+00
2 	 253 	 Ex 	 2 	 1.234173e+00 	 1.080000e+03 	 1.800000e+03 	 2.000000e+00
2 	 254 	 Ex 	 2 	 1.197239e+00 	 1.320000e+03 	 1.800000e+03 	 2.000000e+00
2 	 255 	 Ex 	 2 	 1.155802e+00 	 1.560000e+03 	 1.800000e+03 	 2.000000e+00
2 	 256 	 Ex 	 2 	 6.682664e-01 	 1.800000e+03 	 1.800000e+03 	 2.000000e+00
2 	 1 	 Ey 	 1 	 1.167487e-01 	 -1.800000e+03 	 -1.800000e+03 	 2.000000e+00
2 	 2 	 Ey 	 1 	 2.178240e+00 	 -1.560000e+03 	 -1.800000e+03 	 2.000000e+00
2 	 3 	 Ey 	 1 	 7.415733e-01 	 -1.320000e+03 	 -1.800000e+03 	 2.000000e+00
2 	 4 	 Ey 	 1 	 0.000000e+00 	 -1.080000e+03 	 -1.800000e+03 	 2.000000e+00
2 	 5 	 Ey 	 1 	 0.000000e+00 	 -8.400000e+02 	 -1.800000e+03 	 2.000000e+00
2 	 6 	 Ey 	 1 	 0.000000e+00 	 -6.000000e+02 	 -1.800000e+03 	 2.000000e+00
2 	 7 	 Ey 	 1 	 0.000000e+00 	 -3.600000e+02 	 -1.800000e+03 	 2.000000e+00
2 	 8 	 Ey 	 1 	 0.000000e+00 	 -1.200000e+02 	 -1.800000e+03 	 2.000000e+00
2 	 9 	 Ey 	 1 	 1.147656e+00 	 1.200000e+02 	 -1.800000e+03 	 2.000000e+00
2 	 10 	 Ey 	 1 	 1.501289e+00 	 3.600000e+02 	 -1.800000e+03 	 2.000000e+00
2 	 11 	 Ey 	 1 	 5.462002e-01 	 6.000000e+02 	 -1.800000e+03 	 2.000000e+00
2 	 12 	 Ey 	 1 	 1.176156e+00 	 8.400000e+02 	 -1.800000e+03 	 2.000000e+00
2 	 13 	 Ey 	 1 	 6.765010e-01 	 1.080000e+03 	 -1.800000e+03 	 2.000000e+00
2 	 14 	 Ey 	 1 	 6.720583e-01 	 1.320000e+03 	 -1.800000e+03 	 2.000000e+00
2 	 15 	 Ey 	 1 	 2.948854e-01 	 1.560000e+03 	 -1.800000e+03 	 2.000000e+00
2 	 16 	 Ey 	 1 	 9.041426e-01 	 1.800000e+03 	 -1.800000e+03 	 2.000000e+00
2 	 17 	 Ey 	 1 	 6.904330e-01 	 -1.800000e+03 	 -1.560000e+03 	 2.000000e+00
2 	 18 	 Ey 	 1 	 1.026045e+00 	 -1.560000e+03 	 -1.560000e+03 	 2.000000e+00
2 	 19 	 Ey 	 1 	 1.388452e+00 	 -1.320000e+03 	 -1.560000e+03 	 2.000000e+00
2 	 20 	 Ey 	 1 	 0.000000e+00 	 -1.080000e+03 	 -1.560000e+03 	 2.000000e+00
2 	 21 	 Ey 	 1 	 0.000000e+00 	 -8.400000e+02 	 -1.560000e+03 	 2.000000e+00
2 	 22 	 Ey 	 1 	 0.000000e+00 	 -6.000000e+02 	 -1.560000e+03 	 2.000000e+00
2 	 23 	 Ey 	 1 	 0.000000e+00 	 -3.600000e+02 	 -1.560000e+03 	 2.000000e+00
2 	 24 	 Ey 	 1 	 0.000000e+00 	 -1.200000e+02 	 -1.560000e+03 	 2.000000e+00
2 	 25 	 Ey 	 1 	 1.333387e+00 	 1.200000e+02 	 -1.560000e+03 	 2.000000e+00
2 	 26 	 Ey 	 1 	 1.391773e+00 	 3.600000e+02 	 -1.560000e+03 	 2.000000e+00
2 	 27 	 Ey 	 1 	 7.768680e-01 	 6.000000e+02 	 -1.560000e+03 	 2.000000e+00
2 	 28 	 Ey 	 1 	 7.099106e-01 	 8.400000e+02 	 -1.560000e+03 	 2.000000e+00
2 	 29 	 Ey 	 1 	 5.257235e-01 	 1.080000e+03 	 -1.560000e+03 	 2.000000e+00
2 	 30 	 Ey 	 1 	 6.025268e-01 	 1.320000e+03 	 -1.560000e+03 	 2.000000e+00
2 	 31 	 Ey 	 1 	 2.425330e+00 	 1.560000e+03 	 -1.560000e+03 	 2.000000e+00
2 	 32 	 Ey 	 1 	 1.062587e+00 	 1.800000e+03 	 -1.560000e+03 	 2.000000e+00
2 	 33 	 Ey 	 1 	 4.300183e-01 	 -1.800000e+03 	 -1.320000e+03 	 2.000000e+00
2 	 34 	 Ey 	 1 	 7.252575e-01 	 -1.560000e+03 	 -1.320000e+03 	 2.000000e+00
2 	 35 	 Ey 	 1 	 6.618518e-01 	 -1.320000e+03 	 -1.320000e+03 	 2.000000e+00
2 	 36 	 Ey 	 1 	 1.208052e+00 	 -1.080000e+03 	 -1.320000e+03 	 2.000000e+00
2 	 37 	 Ey 	 1 	 0.000000e+00 	 -8.400000e+02 	 -1.320000e+03 	 2.000000e+00
2 	 38 	 Ey 	 1 	 0.000000e+00 	 -6.000000e+02 	 -1.320000e+03 	 2.000000e+00
2 	 39 	 Ey 	 1 	 0.000000e+00 	 -3.600000e+02 	 -1.320000e+03 	 2.000000e+00
2 	 40 	 Ey 	 1 	 0.000000e+00 	 -1.200000e+02 	 -1.320000e+03 	 2.000000e+00
2 	 41 	 Ey 	 1 	 7.060001e-01 	 1.200000e+02 	 -1.320000e+03 	 2.000000e+00
2 	 42 	 Ey 	 1 	 4.811401e-01 	 3.600000e+02 	 -1.320000e+03 	 2.000000e+00
2 	 43 	 Ey 	 1 	 6.595518e-01 	 6.000000e+02 	 -1.320000e+03 	 2.000000e+00
2 	 44 	 Ey 	 1 	 8.617250e-01 	 8.400000e+02 	 -1.320000e+03 	 2.000000e+00
2 	 45 	 Ey 	 1 	 1.335409e+00 	 1.080000e+03 	 -1.320000e+03 	 2.000000e+00
2 	 46 	 Ey 	 1 	 1.414078e+00 	 1.320000e+03 	 -1.320000e+03 	 2.000000e+00
2 	 47 	 Ey 	 1 	 1.069716e+00 	 1.560000e+03 	 -1.320000e+03 	 2.000000e+00
2 	 48 	 Ey 	 1 	 7.457873e-01 	 1.800000e+03 	 -1.320000e+03 	 2.000000e+00
2 	 49 	 Ey 	 1 	 1.018043e+00 	 -1.800000e+03 	 -1.080000e+03 	 2.000000e+00
2 	 50 	 Ey 	 1 	 1.473307e+00 	 -1.560000e+03 	 -1.080000e+03 	 2.000000e+00
2 	 51 	 Ey 	 1 	 8.462859e-01 	 -1.320000e+03 	 -1.080000e+03 	 2.000000e+00
2 	 52 	 Ey 	 1 	 1.312626e+00 	 -1.080000e+03 	 -1.080000e+03 	 2.000000e+00
2 	 53 	 Ey 	 1 	 8.992437e-01 	 -8.400000e+02 	 -1.080000e+03 	 2.000000e+00
2 	 54 	 Ey 	 1 	 0.000000e+00 	 -6.000000e+02 	 -1.080000e+03 	 2.000000e+00
2 	 55 	 Ey 	 1 	 0.000000e+00 	 -3.600000e+02 	 -1.080000e+03 	 2.000000e+00
2 	 56 	 Ey 	 1 	 8.855430e-01 	 -1.200000e+02 	 -1.080000e+03 	 2.000000e+00
2 	 57 	 Ey 	 1 	 4.208967e-01 	 1.200000e+02 	 -1.080000e+03 	 2.000000e+00
2 	 58 	 Ey 	 1 	 1.207848e+00 	 3.600000e+02 	 -1.080000e+03 	 2.000000e+00
2 	 59 	 Ey 	 1 	 8.672202e-01 	 6.000000e+02 	 -1.080000e+03 	 2.000000e+00
2 	 60 	 Ey 	 1 	 7.835742e-01 	 8.400000e+02 	 -1.080000e+03 	 2.000000e+00
2 	 61 	 Ey 	 1 	 7.595487e-01 	 1.080000e+03 	 -1.080000e+03 	 2.000000e+00
2 	 62 	 Ey 	 1 	 4.506265e-01 	 1.320000e+03 	 -1.080000e+03 	 2.000000e+00
2 	 63 	 Ey 	 1 	 5.755323e-01 	 1.560000e+03 	 -1.080000e+03 	 2.000000e+00
2 	 64 	 Ey 	 1 	 7.817001e-01 	 1.800000e+03 	 -1.080000e+03 	 2.000000e+00
2 	 65 	 Ey 	 1 	 1.826098e+00 	 -1.800000e+03 	 -8.400000e+02 	 2.000000e+00
2 	 66 	 Ey 	 1 	 3.891011e-01 	 -1.560000e+03 	 -8.400000e+02 	 2.000000e+00
2 	 67 	 Ey 	 1 	 2.060352e+00 	 -1.320000e+03 	 -8.400000e+02 	 2.000000e+00
2 	 68 	 Ey 	 1 	 7.247205e-01 	 -1.080000e+03 	 -8.400000e+02 	 2.000000e+00
2 	 69 	 Ey 	 1 	 2.099336e+00 	 -8.400000e+02 	 -8.400000e+02 	 2.000000e+00
2 	 70 	 Ey 	 1 	 1.506664e+00 	 -6.000000e+02 	 -8.400000e+02 	 2.000000e+00
2 	 71 	 Ey 	 1 	 7.481349e-01 	 -3.600000e+02 	 -8.400000e+02 	 2.000000e+00
2 	 72 	 Ey 	 1 	 3.113734e-01 	 -1.200000e+02 	 -8.400000e+02 	 2.000000e+00
2 	 73 	 Ey 	 1 	 1.227273e-01 	 1.200000e+02 	 -8.400000e+02 	 2.000000e+00
2 	 74 	 Ey 	 1 	 6.711094e-01 	 3.600000e+02 	 -8.400000e+02 	 2.000000e+00
2 	 75 	 Ey 	 1 	 9.333355e-01 	 6.000000e+02 	 -8.400000e+02 	 2.000000e+00
2 	 76 	 Ey 	 1 	 8.392029e-01 	 8.400000e+02 	 -8.400000e+02 	 2.000000e+00
2 	 77 	 Ey 	 1 	 2.156572e+00 	 1.080000e+03 	 -8.400000e+02 	 2.000000e+00
2 	 78 	 Ey 	 1 	 1.712475e+00 	 1.320000e+03 	 -8.400000e+02 	 2.000000e+00
2 	 79 	 Ey 	 1 	 1.523353e+00 	 1.560000e+03 	 -8.400000e+02 	 2.000000e+00
2 	 80 	 Ey 	 1 	 7.711089e-01 	 1.800000e+03 	 -8.400000e+02 	 2.000000e+00
2 	 81 	 Ey 	 1 	 1.495557e+00 	 -1.800000e+03 	 -6.000000e+02 	 2.000000e+00
2 	 82 	 Ey 	 1 	 5.111693e-01 	 -1.560000e+03 	 -6.000000e+02 	 2.000000e+00
2 	 83 	 Ey 	 1 	 4.657167e-01 	 -1.320000e+03 	 -6.000000e+02 	 2.000000e+00
2 	 84 	 Ey 	 1 	 8.324033e-01 	 -1.080000e+03 	 -6.000000e+02 	 2.000000e+00
2 	 85 	 Ey 	 1 	 7.190329e-01 	 -8.400000e+02 	 -6.000000e+02 	 2.000000e+00
2 	 86 	 Ey 	 1 	 1.598841e+00 	 -6.000000e+02 	 -6.000000e+02 	 2.000000e+00
2 	 87 	 Ey 	 1 	 1.957263e+00 	 -3.600000e+02 	 -6.000000e+02 	 2.000000e+00
2 	 88 	 Ey 	 1 	 8.514779e-01 	 -1.200000e+02 	 -6.000000e+02 	 2.000000e+00
2 	 89 	 Ey 	 1 	 1.706182e+00 	 1.200000e+02 	 -6.000000e+02 	 2.000000e+00
2 	 90 	 Ey 	 1 	 4.818016e-01 	 3.600000e+02 	 -6.000000e+02 	 2.000000e+00
2 	 91 	 Ey 	 1 	 1.107387e+00 	 6.000000e+02 	 -6.000000e+02 	 2.000000e+00
2 	 92 	 Ey 	 1 	 1.163353e+00 	 8.400000e+02 	 -6.000000e+02 	 2.000000e+00
2 	 93 	 Ey 	 1 	 8.184374e-01 	 1.080000e+03 	 -6.000000e+02 	 2.000000e+00
2 	 94 	 Ey 	 1 	 1.461060e-01 	 1.320000e+03 	 -6.000000e+02 	 2.000000e+00
2 	 95 	 Ey 	 1 	 8.993160e-01 	 1.560000e+03 	 -6.000000e+02 	 2.000000e+00
2 	 96 	 Ey 	 1 	 5.153513e-01 	 1.800000e+03 	 -6.000000e+02 	 2.000000e+00
2 	 97 	 Ey 	 1 	 1.141922e+00 	 -1.800000e+03 	 -3.600000e+02 	 2.000000e+00
2 	 98 	 Ey 	 1 	 1.634705e+00 	 -1.560000e+03 	 -3.600000e+02 	 2.000000e+00
2 	 99 	 Ey 	 1 	 1.948109e-01 	 -1.320000e+03 	 -3.600000e+02 	 2.000000e+00
2 	 100 	 Ey 	 1 	 9.019434e-01 	 -1.080000e+03 	 -3.600000e+02 	 2.000000e+00
2 	 101 	 Ey 	 1 	 1.170780e+00 	 -8.400000e+02 	 -3.600000e+02 	 2.000000e+00
2 	 102 	 Ey 	 1 	 1.539509e+00 	 -6.000000e+02 	 -3.600000e+02 	 2.000000e+00
2 	 103 	 Ey 	 1 	 1.478704e+00 	 -3.600000e+02 	 -3.600000e+02 	 2.000000e+00
2 	 104 	 Ey 	 1 	 5.179028e-01 	 -1.200000e+02 	 -3.600000e+02 	 2.000000e+00
2 	 105 	 Ey 	 1 	 1.212003e+00 	 1.200000e+02 	 -3.600000e+02 	 2.000000e+00
2 	 106 	 Ey 	 1 	 9.952309e-01 	 3.600000e+02 	 -3.600000e+02 	 2.000000e+00
2 	 107 	 Ey 	 1 	 9.747544e-01 	 6.000000e+02 	 -3.600000e+02 	 2.000000e+00
2 	 108 	 Ey 	 1 	 6.863815e-01 	 8.400000e+02 	 -3.600000e+02 	 2.000000e+00
2 	 109 	 Ey 	 1 	 6.781991e-01 	 1.080000e+03 	 -3.600000e+02 	 2.000000e+00
2 	 110 	 Ey 	 1 	 6.214112e-01 	 1.320000e+03 	 -3.600000e+02 	 2.000000e+00
2 	 111 	 Ey 	 1 	 1.144760e+00 	 1.560000e+03 	 -3.600000e+02 	 2.000000e+00
2 	 112 	 Ey 	 1 	 1.965875e+00 	 1.800000e+03 	 -3.600000e+02 	 2.000000e+00
2 	 113 	 Ey 	 1 	 2.552518e-01 	 -1.800000e+03 	 -1.200000e+02 	 2.000000e+00
2 	 114 	 Ey 	 1 	 1.432970e+00 	 -1.560000e+03 	 -1.200000e+02 	 2.000000e+00
2 	 115 	 Ey 	 1 	 3.696984e-01 	 -1.320000e+03 	 -1.200000e+02 	 2.000000e+00
2 	 116 	 Ey 	 1 	 1.266222e+00 	 -1.080000e+03 	 -1.200000e+02 	 2.000000e+00
2 	 117 	 Ey 	 1 	 1.374356e+00 	 -8.400000e+02 	 -1.200000e+02 	 2.000000e+00
2 	 118 	 Ey 	 1 	 9.987707e-01 	 -6.000000e+02 	 -1.200000e+02 	 2.000000e+00
2 	 119 	 Ey 	 1 	 3.334777e+00 	 -3.600000e+02 	 -1.200000e+02 	 2.000000e+00
2 	 120 	 Ey 	 1 	 3.768151e-01 	 -1.200000e+02 	 -1.200000e+02 	 2.000000e+00
2 	 121 	 Ey 	 1 	 1.605195e+00 	 1.200000e+02 	 -1.200000e+02 	 2.000000e+00
2 	 122 	 Ey 	 1 	 1.979623e+00 	 3.600000e+02 	 -1.200000e+02 	 2.000000e+00
2 	 123 	 Ey 	 1 	 2.683912e+00 	 6.000000e+02 	 -1.200000e+02 	 2.000000e+00
2 	 124 	 Ey 	 1 	 1.334743e+00 	 8.400000e+02 	 -1.200000e+02 	 2.000000e+00
2 	 125 	 Ey 	 1 	 1.374097e+00 	 1.080000e+03 	 -1.200000e+02 	 2.000000e+00
2 	 126 	 Ey 	 1 	 1.604786e+00 	 1.320000e+03 	 -1.200000e+02 	 2.000000e+00
2 	 127 	 Ey 	 1 	 1.071486e+00 	 1.560000e+03 	 -1.200000e+02 	 2.000000e+00
2 	 128 	 Ey 	 1 	 4.087521e-01 	 1.800000e+03 	 -1.200000e+02 	 2.000000e+00
2 	 129 	 Ey 	 1 	 2.096074e+00 	 -1.800000e+03 	 1.200000e+02 	 2.000000e+00
2 	 130 	 Ey 	 1 	 1.085102e+00 	 -1.560000e+03 	 1.200000e+02 	 2.000000e+00
2 	 131 	 Ey 	 1 	 9.720092e-01 	 -1.320000e+03 	 1.200000e+02 	 2.000000e+00
2 	 132 	 Ey 	 1 	 1.557755e+00 	 -1.080000e+03 	 1.200000e+02 	 2.000000e+00
2 	 133 	 Ey 	 1 	 3.443188e-01 	 -8.400000e+02 	 1.200000e+02 	 2.000000e+00
2 	 134 	 Ey 	 1 	 1.465590e+00 	 -6.000000e+02 	 1.200000e+02 	 2.000000e+00
2 	 135 	 Ey 	 1 	 2.554365e+00 	 -3.600000e+02 	 1.200000e+02 	 2.000000e+00
2 	 136 	 Ey 	 1 	 2.786342e+00 	 -1.200000e+02 	 1.200000e+02 	 2.000000e+00
2 	 137 	 Ey 	 1 	 1.338265e+00 	 1.200000e+02 	 1.200000e+02 	 2.000000e+00
2 	 138 	 Ey 	 1 	 1.266600e+00 	 3.600000e+02 	 1.200000e+02 	 2.000000e+00
2 	 139 	 Ey 	 1 	 8.068493e-01 	 6.000000e+02 	 1.200000e+02 	 2.000000e+00
2 	 140 	 Ey 	 1 	 5.630779e-01 	 8.400000e+02 	 1.200000e+02 	 2.000000e+00
2 	 141 	 Ey 	 1 	 1.253012e+00 	 1.080000e+03 	 1.200000e+02 	 2.000000e+00
2 	 142 	 Ey 	 1 	 7.187943e-01 	 1.320000e+03 	 1.200000e+02 	 2.000000e+00
2 	 143 	 Ey 	 1 	 9.191827e-01 	 1.560000e+03 	 1.200000e+02 	 2.000000e+00
2 	 144 	 Ey 	 1 	 3.028517e-01 	 1.800000e+03 	 1.200000e+02 	 2.000000e+00
2 	 145 	 Ey 	 1 	 9.648812e-01 	 -1.800000e+03 	 3.600000e+02 	 2.000000e+00
2 	 146 	 Ey 	 1 	 2.012780e-01 	 -1.560000e+03 	 3.600000e+02 	 2.000000e+00
2 	 147 	 Ey 	 1 	 1.255520e+00 	 -1.320000e+03 	 3.600000e+02 	 2.000000e+00
2 	 148 	 Ey 	 1 	 3.858032e-01 	 -1.080000e+03 	 3.600000e+02 	 2.000000e+00
2 	 149 	 Ey 	 1 	 2.090485e+00 	 -8.400000e+02 	 3.600000e+02 	 2.000000e+00
2 	 150 	 Ey 	 1 	 1.408383e+00 	 -6.000000e+02 	 3.600000e+02 	 2.000000e+00
2 	 151 	 Ey 	 1 	 2.005414e+00 	 -3.600000e+02 	 3.600000e+02 	 2.000000e+00
2 	 152 	 Ey 	 1 	 7.299439e-01 	 -1.200000e+02 	 3.600000e+02 	 2.000000e+00
2 	 153 	 Ey 	 1 	 3.891976e-01 	 1.200000e+02 	 3.600000e+02 	 2.000000e+00
2 	 154 	 Ey 	 1 	 3.686469e-01 	 3.600000e+02 	 3.600000e+02 	 2.000000e+00
2 	 155 	 Ey 	 1 	 6.866456e-01 	 6.000000e+02 	 3.600000e+02 	 2.000000e+00
2 	 156 	 Ey 	 1 	 1.682510e+00 	 8.400000e+02 	 3.600000e+02 	 2.000000e+00
2 	 157 	 Ey 	 1 	 6.128085e-01 	 1.080000e+03 	 3.600000e+02 	 2.000000e+00
2 	 158 	 Ey 	 1 	 3.159140e-01 	 1.320000e+03 	 3.600000e+02 	 2.000000e+00
2 	 159 	 Ey 	 1 	 1.482882e+00 	 1.560000e+03 	 3.600000e+02 	 2.000000e+00
2 	 160 	 Ey 	 1 	 2.073661e+00 	 1.800000e+03 	 3.600000e+02 	 2.000000e+00
2 	 161 	 Ey 	 1 	 1.738430e+00 	 -1.800000e+03 	 6.000000e+02 	 2.000000e+00
2 	 162 	 Ey 	 1 	 1.254541e+00 	 -1.560000e+03 	 6.000000e+02 	 2.000000e+00
2 	 163 	 Ey 	 1 	 5.862972e-01 	 -1.320000e+03 	 6.000000e+02 	 2.000000e+00
2 	 164 	 Ey 	 1 	 1.170245e+00 	 -1.080000e+03 	 6.000000e+02 	 2.000000e+00
2 	 165 	 Ey 	 1 	 1.691185e+00 	 -8.400000e+02 	 6.000000e+02 	 2.000000e+00
2 	 166 	 Ey 	 1 	 1.469403e+00 	 -6.000000e+02 	 6.000000e+02 	 2.000000e+00
2 	 167 	 Ey 	 1 	 7.182885e-01 	 -3.600000e+02 	 6.000000e+02 	 2.000000e+00
2 	 168 	 Ey 	 1 	 7.797008e-01 	 -1.200000e+02 	 6.000000e+02 	 2.000000e+00
2 	 169 	 Ey 	 1 	 2.131367e+00 	 1.200000e+02 	 6.000000e+02 	 2.000000e+00
2 	 170 	 Ey 	 1 	 1.010694e+00 	 3.600000e+02 	 6.000000e+02 	 2.000000e+00
2 	 171 	 Ey 	 1 	 8.705410e-01 	 6.000000e+02 	 6.000000e+02 	 2.000000e+00
2 	 172 	 Ey 	 1 	 9.217887e-01 	 8.400000e+02 	 6.000000e+02 	 2.000000e+00
2 	 173 	 Ey 	 1 	 1.668743e+00 	 1.080000e+03 	 6.000000e+02 	 2.000000e+00
2 	 174 	 Ey 	 1 	 9.950873e-01 	 1.320000e+03 	 6.000000e+02 	 2.000000e+00
2 	 175 	 Ey 	 1 	 4.202950e-01 	 1.560000e+03 	 6.000000e+02 	 2.000000e+00
2 	 176 	 Ey 	 1 	 1.296045e+00 	 1.800000e+03 	 6.000000e+02 	 2.000000e+00
2 	 177 	 Ey 	 1 	 1.425671e+00 	 -1.800000e+03 	 8.400000e+02 	 2.000000e+00
2 	 178 	 Ey 	 1 	 1.118140e+00 	 -1.560000e+03 	 8.400000e+02 	 2.000000e+00
2 	 179 	 Ey 	 1 	 1.151572e+00 	 -1.320000e+03 	 8.400000e+02 	 2.000000e+00
2 	 180 	 Ey 	 1 	 6.410553e-01 	 -1.080000e+03 	 8.400000e+02 	 2.000000e+00
2 	 181 	 Ey 	 1 	 6.823508e-01 	 -8.400000e+02 	 8.400000e+02 	 2.000000e+00
2 	 182 	 Ey 	 1 	 1.588179e+00 	 -6.000000e+02 	 8.400000e+02 	 2.000000e+00
2 	 183 	 Ey 	 1 	 1.797011e+00 	 -3.600000e+02 	 8.400000e+02 	 2.000000e+00
2 	 184 	 Ey 	 1 	 5.429234e-01 	 -1.200000e+02 	 8.400000e+02 	 2.000000e+00
2 	 185 	 Ey 	 1 	 1.543042e+00 	 1.200000e+02 	 8.400000e+02 	 2.000000e+00
2 	 186 	 Ey 	 1 	 1.215386e+00 	 3.600000e+02 	 8.400000e+02 	 2.000000e+00
2 	 187 	 Ey 	 1 	 1.620904e+00 	 6.000000e+02 	 8.400000e+02 	 2.000000e+00
2 	 188 	 Ey 	 1 	 1.617478e+00 	 8.400000e+02 	 8.400000e+02 	 2.000000e+00
2 	 189 	 Ey 	 1 	 5.304676e-01 	 1.080000e+03 	 8.400000e+02 	 2.000000e+00
2 	 190 	 Ey 	 1 	 1.240854e-01 	 1.320000e+03 	 8.400000e+02 	 2.000000e+00
2 	 191 	 Ey 	 1 	 5.424726e-02 	 1.560000e+03 	 8.400000e+02 	 2.000000e+00
2 	 192 	 Ey 	 1 	 5.305589e-01 	 1.800000e+03 	 8.400000e+02 	 2.000000e+00
2 	 193 	 Ey 	 1 	 4.490084e-01 	 -1.800000e+03 	 1.080000e+03 	 2.000000e+00
2 	 194 	 Ey 	 1 	 1.114534e+00 	 -1.560000e+03 	 1.080000e+03 	 2.000000e+00
2 	 195 	 Ey 	 1 	 1.544468e+00 	 -1.320000e+03 	 1.080000e+03 	 2.000000e+00
2 	 196 	 Ey 	 1 	 8.391540e-01 	 -1.080000e+03 	 1.080000e+03 	 2.000000e+00
2 	 197 	 Ey 	 1 	 5.435459e-01 	 -8.400000e+02 	 1.080000e+03 	 2.000000e+00
2 	 198 	 Ey 	 1 	 5.727092e-01 	 -6.000000e+02 	 1.080000e+03 	 2.000000e+00
2 	 199 	 Ey 	 1 	 1.131919e+00 	 -3.600000e+02 	 1.080000e+03 	 2.000000e+00
2 	 200 	 Ey 	 1 	 1.508442e+00 	 -1.200000e+02 	 1.080000e+03 	 2.000000e+00
2 	 201 	 Ey 	 1 	 4.817952e-01 	 1.200000e+02 	 1.080000e+03 	 2.000000e+00
2 	 202 	 Ey 	 1 	 8.850558e-01 	 3.600000e+02 	 1.080000e+03 	 2.000000e+00
2 	 203 	 Ey 	 1 	 1.176226e+00 	 6.000000e+02 	 1.080000e+03 	 2.000000e+00
2 	 204 	 Ey 	 1 	 1.137618e+00 	 8.400000e+02 	 1.080000e+03 	 2.000000e+00
2 	 205 	 Ey 	 1 	 2.099747e-01 	 1.080000e+03 	 1.080000e+03 	 2.000000e+00
2 	 206 	 Ey 	 1 	 1.461304e+00 	 1.320000e+03 	 1.080000e+03 	 2.000000e+00
2 	 207 	 Ey 	 1 	 8.655344e-01 	 1.560000e+03 	 1.080000e+03 	 2.000000e+00
2 	 208 	 Ey 	 1 	 8.469831e-01 	 1.800000e+03 	 1.080000e+03 	 2.000000e+00
2 	 209 	 Ey 	 1 	 5.036653e-01 	 -1.800000e+03 	 1.320000e+03 	 2.000000e+00
2 	 210 	 Ey 	 1 	 3.120019e-01 	 -1.560000e+03 	 1.320000e+03 	 2.000000e+00
2 	 211 	 Ey 	 1 	 1.340215e+00 	 -1.320000e+03 	 1.320000e+03 	 2.000000e+00
2 	 212 	 Ey 	 1 	 1.449594e+00 	 -1.080000e+03 	 1.320000e+03 	 2.000000e+00
2 	 213 	 Ey 	 1 	 5.336523e-01 	 -8.400000e+02 	 1.320000e+03 	 2.000000e+00
2 	 214 	 Ey 	 1 	 2.912387e-01 	 -6.000000e+02 	 1.320000e+03 	 2.000000e+00
2 	 215 	 Ey 	 1 	 6.393884e-01 	 -3.600000e+02 	 1.320000e+03 	 2.000000e+00
2 	 216 	 Ey 	 1 	 2.982084e-01 	 -1.200000e+02 	 1.320000e+03 	 2.000000e+00
2 	 217 	 Ey 	 1 	 2.083416e+00 	 1.200000e+02 	 1.320000e+03 	 2.000000e+00
2 	 218 	 Ey 	 1 	 1.076627e+00 	 3.600000e+02 	 1.320000e+03 	 2.000000e+00
2 	 219 	 Ey 	 1 	 5.234224e-01 	 6.000000e+02 	 1.320000e+03 	 2.000000e+00
2 	 220 	 Ey 	 1 	 1.875029e+00 	 8.400000e+02 	 1.320000e+03 	 2.000000e+00
2 	 221 	 Ey 	 1 	 9.059799e-01 	 1.080000e+03 	 1.320000e+03 	 2.000000e+00
2 	 222 	 Ey 	 1 	 5.922811e-01 	 1.320000e+03 	 1.320000e+03 	 2.000000e+00
2 	 223 	 Ey 	 1 	 1.122952e+00 	 1.560000e+03 	 1.320000e+03 	 2.000000e+00
2 	 224 	 Ey 	 1 	 9.404733e-01 	 1.800000e+03 	 1.320000e+03 	 2.000000e+00
2 	 225 	 Ey 	 1 	 2.411647e-01 	 -1.800000e+03 	 1.560000e+03 	 2.000000e+00
2 	 226 	 Ey 	 1 	 1.052390e+00 	 -1.560000e+03 	 1.560000e+03 	 2.000000e+00
2 	 227 	 Ey 	 1 	 1.173989e+00 	 -1.320000e+03 	 1.560000e+03 	 2.000000e+00
2 	 228 	 Ey 	 1 	 9.170749e-01 	 -1.080000e+03 	 1.560000e+03 	 2.000000e+00
2 	 229 	 Ey 	 1 	 5.430812e-01 	 -8.400000e+02 	 1.560000e+03 	 2.000000e+00
2 	 230 	 Ey 	 1 	 1.720119e+00 	 -6.000000e+02 	 1.560000e+03 	 2.000000e+00
2 	 231 	 Ey 	 1 	 5.078601e-01 	 -3.600000e+02 	 1.560000e+03 	 2.000000e+00
2 	 232 	 Ey 	 1 	 1.998368e+00 	 -1.200000e+02 	 1.560000e+03 	 2.000000e+00
2 	 233 	 Ey 	 1 	 1.063286e+00 	 1.200000e+02 	 1.560000e+03 	 2.000000e+00
2 	 234 	 Ey 	 1 	 1.977935e+00 	 3.600000e+02 	 1.560000e+03 	 2.000000e+00
2 	 235 	 Ey 	 1 	 5.368449e-01 	 6.000000e+02 	 1.560000e+03 	 2.000000e+00
2 	 236 	 Ey 	 1 	 9.910045e-01 	 8.400000e+02 	 1.560000e+03 	 2.000000e+00
2 	 237 	 Ey 	 1 	 1.054427e+00 	 1.080000e+03 	 1.560000e+03 	 2.000000e+00
2 	 238 	 Ey 	 1 	 8.370830e-01 	 1.320000e+03 	 1.560000e+03 	 2.000000e+00
2 	 239 	 Ey 	 1 	 9.473668e-01 	 1.560000e+03 	 1.560000e+03 	 2.000000e+00
2 	 240 	 Ey 	 1 	 1.257018e+00 	 1.800000e+03 	 1.560000e+03 	 2.000000e+00
2 	 241 	 Ey 	 1 	 6.621122e-01 	 -1.800000e+03 	 1.800000e+03 	 2.000000e+00
2 	 242 	 Ey 	 1 	 6.380190e-01 	 -1.560000e+03 	 1.800000e+03 	 2.000000e+00
2 	 243 	 Ey 	 1 	 1.635429e+00 	 -1.320000e+03 	 1.800000e+03 	 2.000000e+00
2 	 244 	 Ey 	 1 	 1.345766e+00 	 -1.080000e+03 	 1.800000e+03 	 2.000000e+00
2 	 245 	 Ey 	 1 	 5.252337e-01 	 -8.400000e+02 	 1.800000e+03 	 2.000000e+00
2 	 246 	 Ey 	 1 	 1.680640e-01 	 -6.000000e+02 	 1.800000e+03 	 2.000000e+00
2 	 247 	 Ey 	 1 	 5.671175e-01 	 -3.600000e+02 	 1.800000e+03 	 2.000000e+00
2 	 248 	 Ey 	 1 	 8.746794e-01 	 -1.200000e+02 	 1.800000e+03 	 2.000000e+00
2 	 249 	 Ey 	 1 	 2.261609e+00 	 1.200000e+02 	 1.800000e+03 	 2.000000e+00
2 	 250 	 Ey 	 1 	 8.485824e-01 	 3.600000e+02 	 1.800000e+03 	 2.000000e+00
2 	 251 	 Ey 	 1 	 5.985805e-01 	 6.000000e+02 	 1.800000e+03 	 2.000000e+00
2 	 252 	 Ey 	 1 	 1.085857e+00 	 8.400000e+02 	 1.800000e+03 	 2.000000e+00
2 	 253 	 Ey 	 1 	 1.658033e+00 	 1.080000e+03 	 1.800000e+03 	 2.000000e+00
2 	 254 	 Ey 	 1 	 1.609053e+00 	 1.320000e+03 	 1.800000e+03 	 2.000000e+00
2 	 255 	 Ey 	 1 	 9.693325e-01 	 1.560000e+03 	 1.800000e+03 	 2.000000e+00
2 	 256 	 Ey 	 1 	 7.969804e-01 	 1.800000e+03 	 1.800000e+03 	 2.000000e+00
2 	 1 	 Ey 	 2 	 1.480616e+00 	 -1.800000e+03 	 -1.800000e+03 	 2.000000e+00
2 	 2 	 Ey 	 2 	 1.891562e+00 	 -1.560000e+03 	 -1.800000e+03 	 2.000000e+00
2 	 3 	 Ey 	 2 	 5.559869e-01 	 -1.320000e+03 	 -1.800000e+03 	 2.000000e+00
2 	 4 	 Ey 	 2 	 0.000000e+00 	 -1.080000e+03 	 -1.800000e+03 	 2.000000e+00
2 	 5 	 Ey 	 2 	 0.000000e+00 	 -8.400000e+02 	 -1.800000e+03 	 2.000000e+00
2 	 6 	 Ey 	 2 	 0.000000e+00 	 -6.000000e+02 	 -1.800000e+03 	 2.000000e+00
2 	 7 	 Ey 	 2 	 0.000000e+00 	 -3.600000e+02 	 -1.800000e+03 	 2.000000e+00
2 	 8 	 Ey 	 2 	 0.000000e+00 	 -1.200000e+02 	 -1.800000e+03 	 2.000000e+00
2 	 9 	 Ey 	 2 	 3.201208e-01 	 1.200000e+02 	 -1.800000e+03 	 2.000000e+00
2 	 10 	 Ey 	 2 	 2.191665e-01 	 3.600000e+02 	 -1.800000e+03 	 2.000000e+00
2 	 11 	 Ey 	 2 	 9.891589e-01 	 6.000000e+02 	 -1.800000e+03 	 2.000000e+00
2 	 12 	 Ey 	 2 	 1.367062e+00 	 8.400000e+02 	 -1.800000e+03 	 2.000000e+00
2 	 13 	 Ey 	 2 	 1.358271e+00 	 1.080000e+03 	 -1.800000e+03 	 2.000000e+00
2 	 14 	 Ey 	 2 	 8.489158e-01 	 1.320000e+03 	 -1.800000e+03 	 2.000000e+00
2 	 15 	 Ey 	 2 	 4.388280e-01 	 1.560000e+03 	 -1.800000e+03 	 2.000000e+00
2 	 16 	 Ey 	 2 	 4.671341e-01 	 1.800000e+03 	 -1.800000e+03 	 2.000000e+00
2 	 17 	 Ey 	 2 	 1.217373e+00 	 -1.800000e+03 	 -1.560000e+03 	 2.000000e+00
2 	 18 	 Ey 	 2 	 1.152664e+00 	 -1.560000e+03 	 -1.560000e+03 	 2.000000e+00
2 	 19 	 Ey 	 2 	 2.452084e-01 	 -1.320000e+03 	 -1.560000e+03 	 2.000000e+00
2 	 20 	 Ey 	 2 	 0.000000e+00 	 -1.080000e+03 	 -1.560000e+03 	 2.000000e+00
2 	 21 	 Ey 	 2 	 0.000000e+00 	 -8.400000e+02 	 -1.560000e+03 	 2.000000e+00
2 	 22 	 Ey 	 2 	 0.000000e+00 	 -6.000000e+02 	 -1.560000e+03 	 2.000000e+00
2 	 23 	 Ey 	 2 	 0.000000e+00 	 -3.600000e+02 	 -1.560000e+03 	 2.000000e+00
2 	 24 	 Ey 	 2 	 0.000000e+00 	 -1.200000e+02 	 -1.560000e+03 	 2.000000e+00
2 	 25 	 Ey 	 2 	 6.033362e-01 	 1.200000e+02 	 -1.560000e+03 	 2.000000e+00
2 	 26 	 Ey 	 2 	 1.040952e+00 	 3.600000e+02 	 -1.560000e+03 	 2.000000e+00
2 	 27 	 Ey 	 2 	 2.217588e-01 	 6.000000e+02 	 -1.560000e+03 	 2.000000e+00
2 	 28 	 Ey 	 2 	 1.251687e+00 	 8.400000e+02 	 -1.560000e+03 	 2.000000e+00
2 	 29 	 Ey 	 2 	 1.192575e+00 	 1.080000e+03 	 -1.560000e+03 	 2.000000e+00
2 	 30 	 Ey 	 2 	 2.437265e-01 	 1.320000e+03 	 -1.560000e+03 	 2.000000e+00
2 	 31 	 Ey 	 2 	 1.031443e+00 	 1.560000e+03 	 -1.560000e+03 	 2.000000e+00
2 	 32 	 Ey 	 2 	 1.346396e+00 	 1.800000e+03 	 -1.560000e+03 	 2.000000e+00
2 	 33 	 Ey 	 2 	 3.856561e-01 	 -1.800000e+03 	 -1.320000e+03 	 2.000000e+00
2 	 34 	 Ey 	 2 	 2.858550e-01 	 -1.560000e+03 	 -1.320000e+03 	 2.000000e+00
2 	 35 	 Ey 	 2 	 1.008207e+00 	 -1.320000e+03 	 -1.320000e+03 	 2.000000e+00
2 	 36 	 Ey 	 2 	 7.365918e-01 	 -1.080000e+03 	 -1.320000e+03 	 2.000000e+00
2 	 37 	 Ey 	 2 	 0.000000e+00 	 -8.400000e+02 	 -1.320000e+03 	 2.000000e+00
2 	 38 	 Ey 	 2 	 0.000000e+00 	 -6.000000e+02 	 -1.320000e+03 	 2.000000e+00
2 	 39 	 Ey 	 2 	 0.000000e+00 	 -3.600000e+02 	 -1.320000e+03 	 2.000000e+00
2 	 40 	 Ey 	 2 	 0.000000e+00 	 -1.200000e+02 	 -1.320000e+03 	 2.000000e+00
2 	 41 	 Ey 	 2 	 6.437683e-01 	 1.200000e+02 	 -1.320000e+03 	 2.000000e+00
2 	 42 	 Ey 	 2 	 7.308102e-01 	 3.600000e+02 	 -1.320000e+03 	 2.000000e+00
2 	 43 	 Ey 	 2 	 9.878987e-01 	 6.000000e+02 	 -1.320000e+03 	 2.000000e+00
2 	 44 	 Ey 	 2 	 9.750963e-01 	 8.400000e+02 	 -1.320000e+03 	 2.000000e+00
2 	 45 	 Ey 	 2 	 1.130890e+00 	 1.080000e+03 	 -1.320000e+03 	 2.000000e+00
2 	 46 	 Ey 	 2 	 5.420779e-01 	 1.320000e+03 	 -1.320000e+03 	 2.000000e+00
2 	 47 	 Ey 	 2 	 9.696267e-01 	 1.560000e+03 	 -1.320000e+03 	 2.000000e+00
2 	 48 	 Ey 	 2 	 1.436958e+00 	 1.800000e+03 	 -1.320000e+03 	 2.000000e+00
2 	 49 	 Ey 	 2 	 1.188234e+00 	 -1.800000e+03 	 -1.080000e+03 	 2.000000e+00
2 	 50 	 Ey 	 2 	 6.203386e-01 	 -1.560000e+03 	 -1.080000e+03 	 2.000000e+00
2 	 51 	 Ey 	 2 	 1.345381e+00 	 -1.320000e+03 	 -1.080000e+03 	 2.000000e+00
2 	 52 	 Ey 	 2 	 1.167007e+00 	 -1.080000e+03 	 -1.080000e+03 	 2.000000e+00
2 	 53 	 Ey 	 2 	 1.524264e+00 	 -8.400000e+02 	 -1.080000e+03 	 2.000000e+00
2 	 54 	 Ey 	 2 	 0.000000e+00 	 -6.000000e+02 	 -1.080000e+03 	 2.000000e+00
2 	 55 	 Ey 	 2 	 0.000000e+00 	 -3.600000e+02 	 -1.080000e+03 	 2.000000e+00
2 	 56 	 Ey 	 2 	 1.274762e+00 	 -1.200000e+02 	 -1.080000e+03 	 2.000000e+00
2 	 57 	 Ey 	 2 	 7.016150e-01 	 1.200000e+02 	 -1.080000e+03 	 2.000000e+00
2 	 58 	 Ey 	 2 	 1.417367e+00 	 3.600000e+02 	 -1.080000e+03 	 2.000000e+00
2 	 59 	 Ey 	 2 	 3.899044e-01 	 6.000000e+02 	 -1.080000e+03 	 2.000000e+00
2 	 60 	 Ey 	 2 	 1.615532e+00 	 8.400000e+02 	 -1.080000e+03 	 2.000000e+00
2 	 61 	 Ey 	 2 	 1.051865e+00 	 1.080000e+03 	 -1.080000e+03 	 2.000000e+00
2 	 62 	 Ey 	 2 	 1.137133e+00 	 1.320000e+03 	 -1.080000e+03 	 2.000000e+00
2 	 63 	 Ey 	 2 	 9.713105e-01 	 1.560000e+03 	 -1.080000e+03 	 2.000000e+00
2 	 64 	 Ey 	 2 	 1.034615e+00 	 1.800000e+03 	 -1.080000e+03 	 2.000000e+00
2 	 65 	 Ey 	 2 	 7.242548e-01 	 -1.800000e+03 	 -8.400000e+02 	 2.000000e+00
2 	 66 	 Ey 	 2 	 1.465589e+00 	 -1.560000e+03 	 -8.400000e+02 	 2.000000e+00
2 	 67 	 Ey 	 2 	 1.343251e+00 	 -1.320000e+03 	 -8.400000e+02 	 2.000000e+00
2 	 68 	 Ey 	 2 	 1.243122e+00 	 -1.080000e+03 	 -8.400000e+02 	 2.000000e+00
2 	 69 	 Ey 	 2 	 6.584879e-01 	 -8.400000e+02 	 -8.400000e+02 	 2.000000e+00
2 	 70 	 Ey 	 2 	 1.202542e+00 	 -6.000000e+02 	 -8.400000e+02 	 2.000000e+00
2 	 71 	 Ey 	 2 	 7.855673e-01 	 -3.600000e+02 	 -8.400000e+02 	 2.000000e+00
2 	 72 	 Ey 	 2 	 1.217401e+00 	 -1.200000e+02 	 -8.400000e+02 	 2.000000e+00
2 	 73 	 Ey 	 2 	 2.823008e-01 	 1.200000e+02 	 -8.400000e+02 	 2.000000e+00
2 	 74 	 Ey 	 2 	 1.583467e+00 	 3.600000e+02 	 -8.400000e+02 	 2.000000e+00
2 	 75 	 Ey 	 2 	 7.977113e-01 	 6.000000e+02 	 -8.400000e+02 	 2.000000e+00
2 	 76 	 Ey 	 2 	 6.156066e-01 	 8.400000e+02 	 -8.400000e+02 	 2.000000e+00
2 	 77 	 Ey 	 2 	 5.057164e-01 	 1.080000e+03 	 -8.400000e+02 	 2.000000e+00
2 	 78 	 Ey 	 2 	 8.273073e-01 	 1.320000e+03 	 -8.400000e+02 	 2.000000e+00
2 	 79 	 Ey 	 2 	 9.445052e-01 	 1.560000e+03 	 -8.400000e+02 	 2.000000e+00
2 	 80 	 Ey 	 2 	 5.197916e-01 	 1.800000e+03 	 -8.400000e+02 	 2.000000e+00
2 	 81 	 Ey 	 2 	 1.288537e+00 	 -1.800000e+03 	 -6.000000e+02 	 2.000000e+00
2 	 82 	 Ey 	 2 	 1.457192e+00 	 -1.560000e+03 	 -6.000000e+02 	 2.000000e+00
2 	 83 	 Ey 	 2 	 1.501508e+00 	 -1.320000e+03 	 -6.000000e+02 	 2.000000e+00
2 	 84 	 Ey 	 2 	 1.136079e+00 	 -1.080000e+03 	 -6.000000e+02 	 2.000000e+00
2 	 85 	 Ey 	 2 	 8.777096e-01 	 -8.400000e+02 	 -6.000000e+02 	 2.000000e+00
2 	 86 	 Ey 	 2 	 1.837127e+00 	 -6.000000e+02 	 -6.000000e+02 	 2.000000e+00
2 	 87 	 Ey 	 2 	 1.544879e+00 	 -3.600000e+02 	 -6.000000e+02 	 2.000000e+00
2 	 88 	 Ey 	 2 	 6.089933e-01 	 -1.200000e+02 	 -6.000000e+02 	 2.000000e+00
2 	 89 	 Ey 	 2 	 1.186941e+00 	 1.200000e+02 	 -6.000000e+02 	 2.000000e+00
2 	 90 	 Ey 	 2 	 2.140284e+00 	 3.600000e+02 	 -6.000000e+02 	 2.000000e+00
2 	 91 	 Ey 	 2 	 2.362947e+00 	 6.000000e+02 	 -6.000000e+02 	 2.000000e+00
2 	 92 	 Ey 	 2 	 1.051715e+00 	 8.400000e+02 	 -6.000000e+02 	 2.000000e+00
2 	 93 	 Ey 	 2 	 1.295210e+00 	 1.080000e+03 	 -6.000000e+02 	 2.000000e+00
2 	 94 	 Ey 	 2 	 4.660050e-01 	 1.320000e+03 	 -6.000000e+02 	 2.000000e+00
2 	 95 	 Ey 	 2 	 1.228089e+00 	 1.560000e+03 	 -6.000000e+02 	 2.000000e+00
2 	 96 	 Ey 	 2 	 6.326389e-01 	 1.800000e+03 	 -6.000000e+02 	 2.000000e+00
2 	 97 	 Ey 	 2 	 1.037374e+00 	 -1.800000e+03 	 -3.600000e+02 	 2.000000e+00
2 	 98 	 Ey 	 2 	 1.110612e+00 	 -1.560000e+03 	 -3.600000e+02 	 2.000000e+00
2 	 99 	 Ey 	 2 	 9.792594e-01 	 -1.320000e+03 	 -3.600000e+02 	 2.000000e+00
2 	 100 	 Ey 	 2 	 2.031381e+00 	 -1.080000e+03 	 -3.600000e+02 	 2.000000e+00
2 	 101 	 Ey 	 2 	 1.043308e+00 	 -8.400000e+02 	 -3.600000e+02 	 2.000000e+00
2 	 102 	 Ey 	 2 	 2.569206e+00 	 -6.000000e+02 	 -3.600000e+02 	 2.000000e+00
2 	 103 	 Ey 	 2 	 5.997025e-01 	 -3.600000e+02 	 -3.600000e+02 	 2.000000e+00
2 	 104 	 Ey 	 2 	 1.202306e+00 	 -1.200000e+02 	 -3.600000e+02 	 2.000000e+00
2 	 105 	 Ey 	 2 	 1.814403e-01 	 1.200000e+02 	 -3.600000e+02 	 2.000000e+00
2 	 106 	 Ey 	 2 	 6.441738e-01 	 3.600000e+02 	 -3.600000e+02 	 2.000000e+00
2 	 107 	 Ey 	 2 	 1.292607e+00 	 6.000000e+02 	 -3.600000e+02 	 2.000000e+00
2 	 108 	 Ey 	 2 	 1.733062e+00 	 8.400000e+02 	 -3.600000e+02 	 2.000000e+00
2 	 109 	 Ey 	 2 	 2.825283e-01 	 1.080000e+03 	 -3.600000e+02 	 2.000000e+00
2 	 110 	 Ey 	 2 	 2.025401e+00 	 1.320000e+03 	 -3.600000e+02 	 2.000000e+00
2 	 111 	 Ey 	 2 	 4.968230e-01 	 1.560000e+03 	 -3.600000e+02 	 2.000000e+00
2 	 112 	 Ey 	 2 	 7.292784e-01 	 1.800000e+03 	 -3.600000e+02 	 2.000000e+00
2 	 113 	 Ey 	 2 	 2.084987e+00 	 -1.800000e+03 	 -1.200000e+02 	 2.000000e+00
2 	 114 	 Ey 	 2 	 1.489034e+00 	 -1.560000e+03 	 -1.200000e+02 	 2.000000e+00
2 	 115 	 Ey 	 2 	 1.977084e+00 	 -1.320000e+03 	 -1.200000e+02 	 2.000000e+00
2 	 116 	 Ey 	 2 	 1.256490e+00 	 -1.080000e+03 	 -1.200000e+02 	 2.000000e+00
2 	 117 	 Ey 	 2 	 5.286379e-01 	 -8.400000e+02 	 -1.200000e+02 	 2.000000e+00
2 	 118 	 Ey 	 2 	 1.786474e+00 	 -6.000000e+02 	 -1.200000e+02 	 2.000000e+00
2 	 119 	 Ey 	 2 	 7.662142e-01 	 -3.600000e+02 	 -1.200000e+02 	 2.000000e+00
2 	 120 	 Ey 	 2 	 1.253459e+00 	 -1.200000e+02 	 -1.200000e+02 	 2.000000e+00
2 	 121 	 Ey 	 2 	 1.594061e+00 	 1.200000e+02 	 -1.200000e+02 	 2.000000e+00
2 	 122 	 Ey 	 2 	 7.384170e-01 	 3.600000e+02 	 -1.200000e+02 	 2.000000e+00
2 	 123 	 Ey 	 2 	 2.691603e+00 	 6.000000e+02 	 -1.200000e+02 	 2.000000e+00
2 	 124 	 Ey 	 2 	 1.767227e+00 	 8.400000e+02 	 -1.200000e+02 	 2.000000e+00
2 	 125 	 Ey 	 2 	 7.366060e-01 	 1.080000e+03 	 -1.200000e+02 	 2.000000e+00
2 	 126 	 Ey 	 2 	 1.891960e+00 	 1.320000e+03 	 -1.200000e+02 	 2.000000e+00
2 	 127 	 Ey 	 2 	 2.025450e+00 	 1.560000e+03 	 -1.200000e+02 	 2.000000e+00
2 	 128 	 Ey 	 2 	 1.180017e+00 	 1.800000e+03 	 -1.200000e+02 	 2.000000e+00
2 	 129 	 Ey 	 2 	 2.710956e-01 	 -1.800000e+03 	 1.200000e+02 	 2.000000e+00
2 	 130 	 Ey 	 2 	 8.553712e-01 	 -1.560000e+03 	 1.200000e+02 	 2.000000e+00
2 	 131 	 Ey 	 2 	 9.847097e-01 	 -1.320000e+03 	 1.200000e+02 	 2.000000e+00
2 	 132 	 Ey 	 2 	 2.688105e-01 	 -1.080000e+03 	 1.200000e+02 	 2.000000e+00
2 	 133 	 Ey 	 2 	 5.620244e-01 	 -8.400000e+02 	 1.200000e+02 	 2.000000e+00
2 	 134 	 Ey 	 2 	 1.035332e+00 	 -6.000000e+02 	 1.200000e+02 	 2.000000e+00
2 	 135 	 Ey 	 2 	 1.522099e+00 	 -3.600000e+02 	 1.200000e+02 	 2.000000e+00
2 	 136 	 Ey 	 2 	 1.331692e+00 	 -1.200000e+02 	 1.200000e+02 	 2.000000e+00
2 	 137 	 Ey 	 2 	 1.301983e+00 	 1.200000e+02 	 1.200000e+02 	 2.000000e+00
2 	 138 	 Ey 	 2 	 1.338141e+00 	 3.600000e+02 	 1.200000e+02 	 2.000000e+00
2 	 139 	 Ey 	 2 	 5.387682e-01 	 6.000000e+02 	 1.200000e+02 	 2.000000e+00
2 	 140 	 Ey 	 2 	 7.364807e-01 	 8.400000e+02 	 1.200000e+02 	 2.000000e+00
2 	 141 	 Ey 	 2 	 1.242811e+00 	 1.080000e+03 	 1.200000e+02 	 2.000000e+00
2 	 142 	 Ey 	 2 	 1.986030e+00 	 1.320000e+03 	 1.200000e+02 	 2.000000e+00
2 	 143 	 Ey 	 2 	 1.626396e-01 	 1.560000e+03 	 1.200000e+02 	 2.000000e+00
2 	 144 	 Ey 	 2 	 1.905119e+00 	 1.800000e+03 	 1.200000e+02 	 2.000000e+00
2 	 145 	 Ey 	 2 	 1.565367e+00 	 -1.800000e+03 	 3.600000e+02 	 2.000000e+00
2 	 146 	 Ey 	 2 	 1.615565e+00 	 -1.560000e+03 	 3.600000e+02 	 2.000000e+00
2 	 147 	 Ey 	 2 	 1.373788e+00 	 -1.320000e+03 	 3.600000e+02 	 2.000000e+00
2 	 148 	 Ey 	 2 	 1.574106e+00 	 -1.080000e+03 	 3.600000e+02 	 2.000000e+00
2 	 149 	 Ey 	 2 	 7.196462e-01 	 -8.400000e+02 	 3.600000e+02 	 2.000000e+00
2 	 150 	 Ey 	 2 	 9.450729e-01 	 -6.000000e+02 	 3.600000e+02 	 2.000000e+00
2 	 151 	 Ey 	 2 	 4.049589e-01 	 -3.600000e+02 	 3.600000e+02 	 2.000000e+00
2 	 152 	 Ey 	 2 	 1.244149e+00 	 -1.200000e+02 	 3.600000e+02 	 2.000000e+00
2 	 153 	 Ey 	 2 	 7.585999e-01 	 1.200000e+02 	 3.600000e+02 	 2.000000e+00
2 	 154 	 Ey 	 2 	 1.918712e+00 	 3.600000e+02 	 3.600000e+02 	 2.000000e+00
2 	 155 	 Ey 	 2 	 9.746493e-01 	 6.000000e+02 	 3.600000e+02 	 2.000000e+00
2 	 156 	 Ey 	 2 	 1.688890e+00 	 8.400000e+02 	 3.600000e+02 	 2.000000e+00
2 	 157 	 Ey 	 2 	 1.232144e+00 	 1.080000e+03 	 3.600000e+02 	 2.000000e+00
2 	 158 	 Ey 	 2 	 7.926596e-01 	 1.320000e+03 	 3.600000e+02 	 2.000000e+00
2 	 159 	 Ey 	 2 	 1.354966e+00 	 1.560000e+03 	 3.600000e+02 	 2.000000e+00
2 	 160 	 Ey 	 2 	 8.085902e-01 	 1.800000e+03 	 3.600000e+02 	 2.000000e+00
2 	 161 	 Ey 	 2 	 2.237524e+00 	 -1.800000e+03 	 6.000000e+02 	 2.000000e+00
2 	 162 	 Ey 	 2 	 6.020620e-01 	 -1.560000e+03 	 6.000000e+02 	 2.000000e+00
2 	 163 	 Ey 	 2 	 9.988790e-01 	 -1.320000e+03 	 6.000000e+02 	 2.000000e+00
2 	 164 	 Ey 	 2 	 2.225779e-01 	 -1.080000e+03 	 6.000000e+02 	 2.000000e+00
2 	 165 	 Ey 	 2 	 7.931271e-01 	 -8.400000e+02 	 6.000000e+02 	 2.000000e+00
2 	 166 	 Ey 	 2 	 7.583610e-01 	 -6.000000e+02 	 6.000000e+02 	 2.000000e+00
2 	 167 	 Ey 	 2 	 1.713242e+00 	 -3.600000e+02 	 6.000000e+02 	 2.000000e+00
2 	 168 	 Ey 	 2 	 7.068572e-01 	 -1.200000e+02 	 6.000000e+02 	 2.000000e+00
2 	 169 	 Ey 	 2 	 1.932232e+00 	 1.200000e+02 	 6.000000e+02 	 2.000000e+00
2 	 170 	 Ey 	 2 	 1.506212e+00 	 3.600000e+02 	 6.000000e+02 	 2.000000e+00
2 	 171 	 Ey 	 2 	 1.525448e+00 	 6.000000e+02 	 6.000000e+02 	 2.000000e+00
2 	 172 	 Ey 	 2 	 5.571463e-01 	 8.400000e+02 	 6.000000e+02 	 2.000000e+00
2 	 173 	 Ey 	 2 	 9.337248e-01 	 1.080000e+03 	 6.000000e+02 	 2.000000e+00
2 	 174 	 Ey 	 2 	 1.321280e+00 	 1.320000e+03 	 6.000000e+02 	 2.000000e+00
2 	 175 	 Ey 	 2 	 7.837215e-01 	 1.560000e+03 	 6.000000e+02 	 2.000000e+00
2 	 176 	 Ey 	 2 	 1.293851e+00 	 1.800000e+03 	 6.000000e+02 	 2.000000e+00
2 	 177 	 Ey 	 2 	 1.625069e+00 	 -1.800000e+03 	 8.400000e+02 	 2.000000e+00
2 	 178 	 Ey 	 2 	 4.042948e-01 	 -1.560000e+03 	 8.400000e+02 	 2.000000e+00
2 	 179 	 Ey 	 2 	 8.908786e-01 	 -1.320000e+03 	 8.400000e+02 	 2.000000e+00
2 	 180 	 Ey 	 2 	 1.053741e+00 	 -1.080000e+03 	 8.400000e+02 	 2.000000e+00
2 	 181 	 Ey 	 2 	 7.472796e-01 	 -8.400000e+02 	 8.400000e+02 	 2.000000e+00
2 	 182 	 Ey 	 2 	 1.050861e+00 	 -6.000000e+02 	 8.400000e+02 	 2.000000e+00
2 	 183 	 Ey 	 2 	 1.216653e+00 	 -3.600000e+02 	 8.400000e+02 	 2.000000e+00
2 	 184 	 Ey 	 2 	 9.940249e-01 	 -1.200000e+02 	 8.400000e+02 	 2.000000e+00
2 	 185 	 Ey 	 2 	 1.948444e+00 	 1.200000e+02 	 8.400000e+02 	 2.000000e+00
2 	 186 	 Ey 	 2 	 2.600655e-01 	 3.600000e+02 	 8.400000e+02 	 2.000000e+00
2 	 187 	 Ey 	 2 	 1.213957e+00 	 6.000000e+02 	 8.400000e+02 	 2.000000e+00
2 	 188 	 Ey 	 2 	 1.225638e+00 	 8.400000e+02 	 8.400000e+02 	 2.000000e+00
2 	 189 	 Ey 	 2 	 7.143200e-01 	 1.080000e+03 	 8.400000e+02 	 2.000000e+00
2 	 190 	 Ey 	 2 	 1.973783e+00 	 1.320000e+03 	 8.400000e+02 	 2.000000e+00
2 	 191 	 Ey 	 2 	 6.371030e-01 	 1.560000e+03 	 8.400000e+02 	 2.000000e+00
2 	 192 	 Ey 	 2 	 1.074527e+00 	 1.800000e+03 	 8.400000e+02 	 2.000000e+00
2 	 193 	 Ey 	 2 	 1.269788e+00 	 -1.800000e+03 	 1.080000e+03 	 2.000000e+00
2 	 194 	 Ey 	 2 	 8.173016e-01 	 -1.560000e+03 	 1.080000e+03 	 2.000000e+00
2 	 195 	 Ey 	 2 	 6.882741e-01 	 -1.320000e+03 	 1.080000e+03 	 2.000000e+00
2 	 196 	 Ey 	 2 	 1.363906e+00 	 -1.080000e+03 	 1.080000e+03 	 2.000000e+00
2 	 197 	 Ey 	 2 	 1.717930e-01 	 -8.400000e+02 	 1.080000e+03 	 2.000000e+00
2 	 198 	 Ey 	 2 	 9.935052e-01 	 -6.000000e+02 	 1.080000e+03 	 2.000000e+00
2 	 199 	 Ey 	 2 	 1.924946e+00 	 -3.600000e+02 	 1.080000e+03 	 2.000000e+00
2 	 200 	 Ey 	 2 	 7.566451e-01 	 -1.200000e+02 	 1.080000e+03 	 2.000000e+00
2 	 201 	 Ey 	 2 	 7.974984e-01 	 1.200000e+02 	 1.080000e+03 	 2.000000e+00
2 	 202 	 Ey 	 2 	 1.335618e+00 	 3.600000e+02 	 1.080000e+03 	 2.000000e+00
2 	 203 	 Ey 	 2 	 8.722924e-01 	 6.000000e+02 	 1.080000e+03 	 2.000000e+00
2 	 204 	 Ey 	 2 	 1.619301e+00 	 8.400000e+02 	 1.080000e+03 	 2.000000e+00
2 	 205 	 Ey 	 2 	 1.851844e+00 	 1.080000e+03 	 1.080000e+03 	 2.000000e+00
2 	 206 	 Ey 	 2 	 8.557828e-01 	 1.320000e+03 	 1.080000e+03 	 2.000000e+00
2 	 207 	 Ey 	 2 	 1.263888e+00 	 1.560000e+03 	 1.080000e+03 	 2.000000e+00
2 	 208 	 Ey 	 2 	 1.285857e+00 	 1.800000e+03 	 1.080000e+03 	 2.000000e+00
2 	 209 	 Ey 	 2 	 8.167471e-01 	 -1.800000e+03 	 1.320000e+03 	 2.000000e+00
2 	 210 	 Ey 	 2 	 1.376705e+00 	 -1.560000e+03 	 1.320000e+03 	 2.000000e+00
2 	 211 	 Ey 	 2 	 1.055192e+00 	 -1.320000e+03 	 1.320000e+03 	 2.000000e+00
2 	 212 	 Ey 	 2 	 1.803439e+00 	 -1.080000e+03 	 1.320000e+03 	 2.000000e+00
2 	 213 	 Ey 	 2 	 1.108588e+00 	 -8.400000e+02 	 1.320000e+03 	 2.000000e+00
2 	 214 	 Ey 	 2 	 5.404265e-01 	 -6.000000e+02 	 1.320000e+03 	 2.000000e+00
2 	 215 	 Ey 	 2 	 1.330161e+00 	 -3.600000e+02 	 1.320000e+03 	 2.000000e+00
2 	 216 	 Ey 	 2 	 9.142223e-01 	 -1.200000e+02 	 1.320000e+03 	 2.000000e+00
2 	 217 	 Ey 	 2 	 8.698920e-01 	 1.200000e+02 	 1.320000e+03 	 2.000000e+00
2 	 218 	 Ey 	 2 	 8.742058e-01 	 3.600000e+02 	 1.320000e+03 	 2.000000e+00
2 	 219 	 Ey 	 2 	 1.464539e+00 	 6.000000e+02 	 1.320000e+03 	 2.000000e+00
2 	 220 	 Ey 	 2 	 6.208670e-01 	 8.400000e+02 	 1.320000e+03 	 2.000000e+00
2 	 221 	 Ey 	 2 	 1.098675e+00 	 1.080000e+03 	 1.320000e+03 	 2.000000e+00
2 	 222 	 Ey 	 2 	 6.667981e-01 	 1.320000e+03 	 1.320000e+03 	 2.000000e+00
2 	 223 	 Ey 	 2 	 1.734978e+00 	 1.560000e+03 	 1.320000e+03 	 2.000000e+00
2 	 224 	 Ey 	 2 	 6.673791e-01 	 1.800000e+03 	 1.320000e+03 	 2.000000e+00
2 	 225 	 Ey 	 2 	 1.158894e+00 	 -1.800000e+03 	 1.560000e+03 	 2.000000e+00
2 	 226 	 Ey 	 2 	 1.083414e+00 	 -1.560000e+03 	 1.560000e+03 	 2.000000e+00
2 	 227 	 Ey 	 2 	 1.670293e+00 	 -1.320000e+03 	 1.560000e+03 	 2.000000e+00
2 	 228 	 Ey 	 2 	 2.594906e+00 	 -1.080000e+03 	 1.560000e+03 	 2.000000e+00
2 	 229 	 Ey 	 2 	 1.777093e+00 	 -8.400000e+02 	 1.560000e+03 	 2.000000e+00
2 	 230 	 Ey 	 2 	 1.736117e+00 	 -6.000000e+02 	 1.560000e+03 	 2.000000e+00
2 	 231 	 Ey 	 2 	 1.024163e+00 	 -3.600000e+02 	 1.560000e+03 	 2.000000e+00
2 	 232 	 Ey 	 2 	 7.983741e-01 	 -1.200000e+02 	 1.560000e+03 	 2.000000e+00
2 	 233 	 Ey 	 2 	 8.023461e-01 	 1.200000e+02 	 1.560000e+03 	 2.000000e+00
2 	 234 	 Ey 	 2 	 1.674515e+00 	 3.600000e+02 	 1.560000e+03 	 2.000000e+00
2 	 235 	 Ey 	 2 	 1.233209e+00 	 6.000000e+02 	 1.560000e+03 	 2.000000e+00
2 	 236 	 Ey 	 2 	 8.945031e-01 	 8.400000e+02 	 1.560000e+03 	 2.000000e+00
2 	 237 	 Ey 	 2 	 1.430531e+00 	 1.080000e+03 	 1.560000e+03 	 2.000000e+00
2 	 238 	 Ey 	 2 	 8.096807e-02 	 1.320000e+03 	 1.560000e+03 	 2.000000e+00
2 	 239 	 Ey 	 2 	 7.551488e-01 	 1.560000e+03 	 1.560000e+03 	 2.000000e+00
2 	 240 	 Ey 	 2 	 4.197886e-01 	 1.800000e+03 	 1.560000e+03 	 2.000000e+00
2 	 241 	 Ey 	 2 	 5.969363e-01 	 -1.800000e+03 	 1.800000e+03 	 2.000000e+00
2 	 242 	 Ey 	 2 	 3.584517e-02 	 -1.560000e+03 	 1.800000e+03 	 2.000000e+00
2 	 243 	 Ey 	 2 	 7.666117e-01 	 -1.320000e+03 	 1.800000e+03 	 2.000000e+00
2 	 244 	 Ey 	 2 	 7.634825e-01 	 -1.080000e+03 	 1.800000e+03 	 2.000000e+00
2 	 245 	 Ey 	 2 	 5.440607e-01 	 -8.400000e+02 	 1.800000e+03 	 2.000000e+00
2 	 246 	 Ey 	 2 	 3.810275e-01 	 -6.000000e+02 	 1.800000e+03 	 2.000000e+00
2 	 247 	 Ey 	 2 	 1.908560e+00 	 -3.600000e+02 	 1.800000e+03 	 2.000000e+00
2 	 248 	 Ey 	 2 	 1.029124e+00 	 -1.200000e+02 	 1.800000e+03 	 2.000000e+00
2 	 249 	 Ey 	 2 	 2.195502e+00 	 1.200000e+02 	 1.800000e+03 	 2.000000e+00
2 	 250 	 Ey 	 2 	 1.146113e+00 	 3.600000e+02 	 1.800000e+03 	 2.000000e+00
2 	 251 	 Ey 	 2 	 4.844369e-01 	 6.000000e+02 	 1.800000e+03 	 2.000000e+00
2 	 252 	 Ey 	 2 	 1.064613e+00 	 8.400000e+02 	 1.800000e+03 	 2.000000e+00
2 	 253 	 Ey 	 2 	 1.165177e+00 	 1.080000e+03 	 1.800000e+03 	 2.000000e+00
2 	 254 	 Ey 	 2 	 1.491822e+00 	 1.320000e+03 	 1.800000e+03 	 2.000000e+00
2 	 255 	 Ey 	 2 	 2.542929e-01 	 1.560000e+03 	 1.800000e+03 	 2.000000e+00
2 	 256 	 Ey 	 2 	 6.740721e-01 	 1.800000e+03 	 1.800000e+03 	 2.000000e+00
