iTx 	 iRx    ichrec  ifreq 	 sig_misfit   x       y      z
4 	 1 	 Ex 	 1 	 1.414779e+00 	 -1.800000e+03 	 -1.800000e+03 	 2.000000e+00
4 	 2 	 Ex 	 1 	 7.759880e-01 	 -1.560000e+03 	 -1.800000e+03 	 2.000000e+00
4 	 3 	 Ex 	 1 	 9.976409e-01 	 -1.320000e+03 	 -1.800000e+03 	 2.000000e+00
4 	 4 	 Ex 	 1 	 1.015492e+00 	 -1.080000e+03 	 -1.800000e+03 	 2.000000e+00
4 	 5 	 Ex 	 1 	 3.219590e-01 	 -8.400000e+02 	 -1.800000e+03 	 2.000000e+00
4 	 6 	 Ex 	 1 	 1.797081e+00 	 -6.000000e+02 	 -1.800000e+03 	 2.000000e+00
4 	 7 	 Ex 	 1 	 1.412135e+00 	 -3.600000e+02 	 -1.800000e+03 	 2.000000e+00
4 	 8 	 Ex 	 1 	 8.927712e-01 	 -1.200000e+02 	 -1.800000e+03 	 2.000000e+00
4 	 9 	 Ex 	 1 	 3.054306e+00 	 1.200000e+02 	 -1.800000e+03 	 2.000000e+00
4 	 10 	 Ex 	 1 	 6.925324e-01 	 3.600000e+02 	 -1.800000e+03 	 2.000000e+00
4 	 11 	 Ex 	 1 	 2.238916e-01 	 6.000000e+02 	 -1.800000e+03 	 2.000000e+00
4 	 12 	 Ex 	 1 	 3.347942e-01 	 8.400000e+02 	 -1.800000e+03 	 2.000000e+00
4 	 13 	 Ex 	 1 	 0.000000e+00 	 1.080000e+03 	 -1.800000e+03 	 2.000000e+00
4 	 14 	 Ex 	 1 	 0.000000e+00 	 1.320000e+03 	 -1.800000e+03 	 2.000000e+00
4 	 15 	 Ex 	 1 	 0.000000e+00 	 1.560000e+03 	 -1.800000e+03 	 2.000000e+00
4 	 16 	 Ex 	 1 	 0.000000e+00 	 1.800000e+03 	 -1.800000e+03 	 2.000000e+00
4 	 17 	 Ex 	 1 	 1.549468e+00 	 -1.800000e+03 	 -1.560000e+03 	 2.000000e+00
4 	 18 	 Ex 	 1 	 1.828351e+00 	 -1.560000e+03 	 -1.560000e+03 	 2.000000e+00
4 	 19 	 Ex 	 1 	 2.385176e+00 	 -1.320000e+03 	 -1.560000e+03 	 2.000000e+00
4 	 20 	 Ex 	 1 	 8.776571e-01 	 -1.080000e+03 	 -1.560000e+03 	 2.000000e+00
4 	 21 	 Ex 	 1 	 6.067368e-01 	 -8.400000e+02 	 -1.560000e+03 	 2.000000e+00
4 	 22 	 Ex 	 1 	 7.549869e-01 	 -6.000000e+02 	 -1.560000e+03 	 2.000000e+00
4 	 23 	 Ex 	 1 	 5.312119e-01 	 -3.600000e+02 	 -1.560000e+03 	 2.000000e+00
4 	 24 	 Ex 	 1 	 8.504455e-01 	 -1.200000e+02 	 -1.560000e+03 	 2.000000e+00
4 	 25 	 Ex 	 1 	 1.575176e+00 	 1.200000e+02 	 -1.560000e+03 	 2.000000e+00
4 	 26 	 Ex 	 1 	 6.583269e-01 	 3.600000e+02 	 -1.560000e+03 	 2.000000e+00
4 	 27 	 Ex 	 1 	 2.034300e+00 	 6.000000e+02 	 -1.560000e+03 	 2.000000e+00
4 	 28 	 Ex 	 1 	 2.456703e+00 	 8.400000e+02 	 -1.560000e+03 	 2.000000e+00
4 	 29 	 Ex 	 1 	 0.000000e+00 	 1.080000e+03 	 -1.560000e+03 	 2.000000e+00
4 	 30 	 Ex 	 1 	 0.000000e+00 	 1.320000e+03 	 -1.560000e+03 	 2.000000e+00
4 	 31 	 Ex 	 1 	 0.000000e+00 	 1.560000e+03 	 -1.560000e+03 	 2.000000e+00
4 	 32 	 Ex 	 1 	 0.000000e+00 	 1.800000e+03 	 -1.560000e+03 	 2.000000e+00
4 	 33 	 Ex 	 1 	 6.259636e-01 	 -1.800000e+03 	 -1.320000e+03 	 2.000000e+00
4 	 34 	 Ex 	 1 	 3.896121e-01 	 -1.560000e+03 	 -1.320000e+03 	 2.000000e+00
4 	 35 	 Ex 	 1 	 1.876273e-01 	 -1.320000e+03 	 -1.320000e+03 	 2.000000e+00
4 	 36 	 Ex 	 1 	 6.314434e-01 	 -1.080000e+03 	 -1.320000e+03 	 2.000000e+00
4 	 37 	 Ex 	 1 	 2.176369e+00 	 -8.400000e+02 	 -1.320000e+03 	 2.000000e+00
4 	 38 	 Ex 	 1 	 1.402778e+00 	 -6.000000e+02 	 -1.320000e+03 	 2.000000e+00
4 	 39 	 Ex 	 1 	 4.053401e-01 	 -3.600000e+02 	 -1.320000e+03 	 2.000000e+00
4 	 40 	 Ex 	 1 	 1.892860e+00 	 -1.200000e+02 	 -1.320000e+03 	 2.000000e+00
4 	 41 	 Ex 	 1 	 1.960657e+00 	 1.200000e+02 	 -1.320000e+03 	 2.000000e+00
4 	 42 	 Ex 	 1 	 4.520921e-01 	 3.600000e+02 	 -1.320000e+03 	 2.000000e+00
4 	 43 	 Ex 	 1 	 6.706610e-01 	 6.000000e+02 	 -1.320000e+03 	 2.000000e+00
4 	 44 	 Ex 	 1 	 2.173512e+00 	 8.400000e+02 	 -1.320000e+03 	 2.000000e+00
4 	 45 	 Ex 	 1 	 0.000000e+00 	 1.080000e+03 	 -1.320000e+03 	 2.000000e+00
4 	 46 	 Ex 	 1 	 0.000000e+00 	 1.320000e+03 	 -1.320000e+03 	 2.000000e+00
4 	 47 	 Ex 	 1 	 0.000000e+00 	 1.560000e+03 	 -1.320000e+03 	 2.000000e+00
4 	 48 	 Ex 	 1 	 0.000000e+00 	 1.800000e+03 	 -1.320000e+03 	 2.000000e+00
4 	 49 	 Ex 	 1 	 3.524484e-01 	 -1.800000e+03 	 -1.080000e+03 	 2.000000e+00
4 	 50 	 Ex 	 1 	 7.199532e-01 	 -1.560000e+03 	 -1.080000e+03 	 2.000000e+00
4 	 51 	 Ex 	 1 	 5.868025e-01 	 -1.320000e+03 	 -1.080000e+03 	 2.000000e+00
4 	 52 	 Ex 	 1 	 3.846984e-01 	 -1.080000e+03 	 -1.080000e+03 	 2.000000e+00
4 	 53 	 Ex 	 1 	 1.397196e+00 	 -8.400000e+02 	 -1.080000e+03 	 2.000000e+00
4 	 54 	 Ex 	 1 	 1.873812e+00 	 -6.000000e+02 	 -1.080000e+03 	 2.000000e+00
4 	 55 	 Ex 	 1 	 1.643339e+00 	 -3.600000e+02 	 -1.080000e+03 	 2.000000e+00
4 	 56 	 Ex 	 1 	 8.538017e-01 	 -1.200000e+02 	 -1.080000e+03 	 2.000000e+00
4 	 57 	 Ex 	 1 	 1.349751e-01 	 1.200000e+02 	 -1.080000e+03 	 2.000000e+00
4 	 58 	 Ex 	 1 	 1.475622e+00 	 3.600000e+02 	 -1.080000e+03 	 2.000000e+00
4 	 59 	 Ex 	 1 	 9.861886e-01 	 6.000000e+02 	 -1.080000e+03 	 2.000000e+00
4 	 60 	 Ex 	 1 	 1.269178e+00 	 8.400000e+02 	 -1.080000e+03 	 2.000000e+00
4 	 61 	 Ex 	 1 	 1.199944e+00 	 1.080000e+03 	 -1.080000e+03 	 2.000000e+00
4 	 62 	 Ex 	 1 	 0.000000e+00 	 1.320000e+03 	 -1.080000e+03 	 2.000000e+00
4 	 63 	 Ex 	 1 	 0.000000e+00 	 1.560000e+03 	 -1.080000e+03 	 2.000000e+00
4 	 64 	 Ex 	 1 	 0.000000e+00 	 1.800000e+03 	 -1.080000e+03 	 2.000000e+00
4 	 65 	 Ex 	 1 	 3.242742e-01 	 -1.800000e+03 	 -8.400000e+02 	 2.000000e+00
4 	 66 	 Ex 	 1 	 7.122357e-01 	 -1.560000e+03 	 -8.400000e+02 	 2.000000e+00
4 	 67 	 Ex 	 1 	 1.373111e+00 	 -1.320000e+03 	 -8.400000e+02 	 2.000000e+00
4 	 68 	 Ex 	 1 	 1.179599e-01 	 -1.080000e+03 	 -8.400000e+02 	 2.000000e+00
4 	 69 	 Ex 	 1 	 1.053658e+00 	 -8.400000e+02 	 -8.400000e+02 	 2.000000e+00
4 	 70 	 Ex 	 1 	 5.812464e-01 	 -6.000000e+02 	 -8.400000e+02 	 2.000000e+00
4 	 71 	 Ex 	 1 	 2.862369e-01 	 -3.600000e+02 	 -8.400000e+02 	 2.000000e+00
4 	 72 	 Ex 	 1 	 1.267193e+00 	 -1.200000e+02 	 -8.400000e+02 	 2.000000e+00
4 	 73 	 Ex 	 1 	 1.682724e+00 	 1.200000e+02 	 -8.400000e+02 	 2.000000e+00
4 	 74 	 Ex 	 1 	 4.361761e-01 	 3.600000e+02 	 -8.400000e+02 	 2.000000e+00
4 	 75 	 Ex 	 1 	 1.217815e+00 	 6.000000e+02 	 -8.400000e+02 	 2.000000e+00
4 	 76 	 Ex 	 1 	 5.052220e-01 	 8.400000e+02 	 -8.400000e+02 	 2.000000e+00
4 	 77 	 Ex 	 1 	 1.362048e+00 	 1.080000e+03 	 -8.400000e+02 	 2.000000e+00
4 	 78 	 Ex 	 1 	 3.083400e-01 	 1.320000e+03 	 -8.400000e+02 	 2.000000e+00
4 	 79 	 Ex 	 1 	 1.713742e-01 	 1.560000e+03 	 -8.400000e+02 	 2.000000e+00
4 	 80 	 Ex 	 1 	 6.619326e-01 	 1.800000e+03 	 -8.400000e+02 	 2.000000e+00
4 	 81 	 Ex 	 1 	 9.839796e-01 	 -1.800000e+03 	 -6.000000e+02 	 2.000000e+00
4 	 82 	 Ex 	 1 	 7.801788e-01 	 -1.560000e+03 	 -6.000000e+02 	 2.000000e+00
4 	 83 	 Ex 	 1 	 1.139163e+00 	 -1.320000e+03 	 -6.000000e+02 	 2.000000e+00
4 	 84 	 Ex 	 1 	 7.806559e-01 	 -1.080000e+03 	 -6.000000e+02 	 2.000000e+00
4 	 85 	 Ex 	 1 	 9.254586e-01 	 -8.400000e+02 	 -6.000000e+02 	 2.000000e+00
4 	 86 	 Ex 	 1 	 1.569736e+00 	 -6.000000e+02 	 -6.000000e+02 	 2.000000e+00
4 	 87 	 Ex 	 1 	 9.297680e-01 	 -3.600000e+02 	 -6.000000e+02 	 2.000000e+00
4 	 88 	 Ex 	 1 	 5.882427e-01 	 -1.200000e+02 	 -6.000000e+02 	 2.000000e+00
4 	 89 	 Ex 	 1 	 8.494961e-01 	 1.200000e+02 	 -6.000000e+02 	 2.000000e+00
4 	 90 	 Ex 	 1 	 1.964133e+00 	 3.600000e+02 	 -6.000000e+02 	 2.000000e+00
4 	 91 	 Ex 	 1 	 2.378156e+00 	 6.000000e+02 	 -6.000000e+02 	 2.000000e+00
4 	 92 	 Ex 	 1 	 6.706571e-01 	 8.400000e+02 	 -6.000000e+02 	 2.000000e+00
4 	 93 	 Ex 	 1 	 4.916137e-01 	 1.080000e+03 	 -6.000000e+02 	 2.000000e+00
4 	 94 	 Ex 	 1 	 1.212138e+00 	 1.320000e+03 	 -6.000000e+02 	 2.000000e+00
4 	 95 	 Ex 	 1 	 2.219112e+00 	 1.560000e+03 	 -6.000000e+02 	 2.000000e+00
4 	 96 	 Ex 	 1 	 5.895022e-01 	 1.800000e+03 	 -6.000000e+02 	 2.000000e+00
4 	 97 	 Ex 	 1 	 2.167286e+00 	 -1.800000e+03 	 -3.600000e+02 	 2.000000e+00
4 	 98 	 Ex 	 1 	 9.886004e-01 	 -1.560000e+03 	 -3.600000e+02 	 2.000000e+00
4 	 99 	 Ex 	 1 	 3.377850e-01 	 -1.320000e+03 	 -3.600000e+02 	 2.000000e+00
4 	 100 	 Ex 	 1 	 5.676849e-01 	 -1.080000e+03 	 -3.600000e+02 	 2.000000e+00
4 	 101 	 Ex 	 1 	 5.307259e-01 	 -8.400000e+02 	 -3.600000e+02 	 2.000000e+00
4 	 102 	 Ex 	 1 	 5.552717e-01 	 -6.000000e+02 	 -3.600000e+02 	 2.000000e+00
4 	 103 	 Ex 	 1 	 1.204895e+00 	 -3.600000e+02 	 -3.600000e+02 	 2.000000e+00
4 	 104 	 Ex 	 1 	 2.052550e+00 	 -1.200000e+02 	 -3.600000e+02 	 2.000000e+00
4 	 105 	 Ex 	 1 	 1.456501e+00 	 1.200000e+02 	 -3.600000e+02 	 2.000000e+00
4 	 106 	 Ex 	 1 	 1.009048e-01 	 3.600000e+02 	 -3.600000e+02 	 2.000000e+00
4 	 107 	 Ex 	 1 	 8.176381e-01 	 6.000000e+02 	 -3.600000e+02 	 2.000000e+00
4 	 108 	 Ex 	 1 	 1.061110e+00 	 8.400000e+02 	 -3.600000e+02 	 2.000000e+00
4 	 109 	 Ex 	 1 	 7.092546e-01 	 1.080000e+03 	 -3.600000e+02 	 2.000000e+00
4 	 110 	 Ex 	 1 	 8.916409e-02 	 1.320000e+03 	 -3.600000e+02 	 2.000000e+00
4 	 111 	 Ex 	 1 	 1.291648e+00 	 1.560000e+03 	 -3.600000e+02 	 2.000000e+00
4 	 112 	 Ex 	 1 	 1.287441e+00 	 1.800000e+03 	 -3.600000e+02 	 2.000000e+00
4 	 113 	 Ex 	 1 	 1.036231e-01 	 -1.800000e+03 	 -1.200000e+02 	 2.000000e+00
4 	 114 	 Ex 	 1 	 1.247834e+00 	 -1.560000e+03 	 -1.200000e+02 	 2.000000e+00
4 	 115 	 Ex 	 1 	 1.657062e+00 	 -1.320000e+03 	 -1.200000e+02 	 2.000000e+00
4 	 116 	 Ex 	 1 	 1.039077e+00 	 -1.080000e+03 	 -1.200000e+02 	 2.000000e+00
4 	 117 	 Ex 	 1 	 1.464777e+00 	 -8.400000e+02 	 -1.200000e+02 	 2.000000e+00
4 	 118 	 Ex 	 1 	 1.368959e+00 	 -6.000000e+02 	 -1.200000e+02 	 2.000000e+00
4 	 119 	 Ex 	 1 	 1.183706e+00 	 -3.600000e+02 	 -1.200000e+02 	 2.000000e+00
4 	 120 	 Ex 	 1 	 4.352045e-01 	 -1.200000e+02 	 -1.200000e+02 	 2.000000e+00
4 	 121 	 Ex 	 1 	 1.632210e+00 	 1.200000e+02 	 -1.200000e+02 	 2.000000e+00
4 	 122 	 Ex 	 1 	 1.270052e-01 	 3.600000e+02 	 -1.200000e+02 	 2.000000e+00
4 	 123 	 Ex 	 1 	 8.816121e-01 	 6.000000e+02 	 -1.200000e+02 	 2.000000e+00
4 	 124 	 Ex 	 1 	 1.533083e+00 	 8.400000e+02 	 -1.200000e+02 	 2.000000e+00
4 	 125 	 Ex 	 1 	 1.928114e+00 	 1.080000e+03 	 -1.200000e+02 	 2.000000e+00
4 	 126 	 Ex 	 1 	 5.733953e-01 	 1.320000e+03 	 -1.200000e+02 	 2.000000e+00
4 	 127 	 Ex 	 1 	 1.882616e+00 	 1.560000e+03 	 -1.200000e+02 	 2.000000e+00
4 	 128 	 Ex 	 1 	 2.212220e+00 	 1.800000e+03 	 -1.200000e+02 	 2.000000e+00
4 	 129 	 Ex 	 1 	 1.568584e+00 	 -1.800000e+03 	 1.200000e+02 	 2.000000e+00
4 	 130 	 Ex 	 1 	 1.414853e+00 	 -1.560000e+03 	 1.200000e+02 	 2.000000e+00
4 	 131 	 Ex 	 1 	 2.358319e+00 	 -1.320000e+03 	 1.200000e+02 	 2.000000e+00
4 	 132 	 Ex 	 1 	 1.143959e+00 	 -1.080000e+03 	 1.200000e+02 	 2.000000e+00
4 	 133 	 Ex 	 1 	 1.369149e+00 	 -8.400000e+02 	 1.200000e+02 	 2.000000e+00
4 	 134 	 Ex 	 1 	 2.116436e+00 	 -6.000000e+02 	 1.200000e+02 	 2.000000e+00
4 	 135 	 Ex 	 1 	 1.279734e+00 	 -3.600000e+02 	 1.200000e+02 	 2.000000e+00
4 	 136 	 Ex 	 1 	 1.202046e+00 	 -1.200000e+02 	 1.200000e+02 	 2.000000e+00
4 	 137 	 Ex 	 1 	 9.525937e-01 	 1.200000e+02 	 1.200000e+02 	 2.000000e+00
4 	 138 	 Ex 	 1 	 1.333880e+00 	 3.600000e+02 	 1.200000e+02 	 2.000000e+00
4 	 139 	 Ex 	 1 	 1.359732e+00 	 6.000000e+02 	 1.200000e+02 	 2.000000e+00
4 	 140 	 Ex 	 1 	 6.743229e-01 	 8.400000e+02 	 1.200000e+02 	 2.000000e+00
4 	 141 	 Ex 	 1 	 3.945539e-01 	 1.080000e+03 	 1.200000e+02 	 2.000000e+00
4 	 142 	 Ex 	 1 	 7.827653e-01 	 1.320000e+03 	 1.200000e+02 	 2.000000e+00
4 	 143 	 Ex 	 1 	 1.389036e+00 	 1.560000e+03 	 1.200000e+02 	 2.000000e+00
4 	 144 	 Ex 	 1 	 7.774152e-01 	 1.800000e+03 	 1.200000e+02 	 2.000000e+00
4 	 145 	 Ex 	 1 	 1.535000e+00 	 -1.800000e+03 	 3.600000e+02 	 2.000000e+00
4 	 146 	 Ex 	 1 	 1.145950e+00 	 -1.560000e+03 	 3.600000e+02 	 2.000000e+00
4 	 147 	 Ex 	 1 	 2.043164e+00 	 -1.320000e+03 	 3.600000e+02 	 2.000000e+00
4 	 148 	 Ex 	 1 	 1.596554e+00 	 -1.080000e+03 	 3.600000e+02 	 2.000000e+00
4 	 149 	 Ex 	 1 	 7.269078e-01 	 -8.400000e+02 	 3.600000e+02 	 2.000000e+00
4 	 150 	 Ex 	 1 	 3.198659e-01 	 -6.000000e+02 	 3.600000e+02 	 2.000000e+00
4 	 151 	 Ex 	 1 	 1.456775e+00 	 -3.600000e+02 	 3.600000e+02 	 2.000000e+00
4 	 152 	 Ex 	 1 	 6.681293e-01 	 -1.200000e+02 	 3.600000e+02 	 2.000000e+00
4 	 153 	 Ex 	 1 	 1.319993e+00 	 1.200000e+02 	 3.600000e+02 	 2.000000e+00
4 	 154 	 Ex 	 1 	 7.148908e-01 	 3.600000e+02 	 3.600000e+02 	 2.000000e+00
4 	 155 	 Ex 	 1 	 8.995278e-01 	 6.000000e+02 	 3.600000e+02 	 2.000000e+00
4 	 156 	 Ex 	 1 	 1.180863e+00 	 8.400000e+02 	 3.600000e+02 	 2.000000e+00
4 	 157 	 Ex 	 1 	 6.698972e-01 	 1.080000e+03 	 3.600000e+02 	 2.000000e+00
4 	 158 	 Ex 	 1 	 1.246032e+00 	 1.320000e+03 	 3.600000e+02 	 2.000000e+00
4 	 159 	 Ex 	 1 	 1.477017e+00 	 1.560000e+03 	 3.600000e+02 	 2.000000e+00
4 	 160 	 Ex 	 1 	 7.499973e-01 	 1.800000e+03 	 3.600000e+02 	 2.000000e+00
4 	 161 	 Ex 	 1 	 6.887536e-01 	 -1.800000e+03 	 6.000000e+02 	 2.000000e+00
4 	 162 	 Ex 	 1 	 1.291041e+00 	 -1.560000e+03 	 6.000000e+02 	 2.000000e+00
4 	 163 	 Ex 	 1 	 1.135828e+00 	 -1.320000e+03 	 6.000000e+02 	 2.000000e+00
4 	 164 	 Ex 	 1 	 1.741662e+00 	 -1.080000e+03 	 6.000000e+02 	 2.000000e+00
4 	 165 	 Ex 	 1 	 1.687170e+00 	 -8.400000e+02 	 6.000000e+02 	 2.000000e+00
4 	 166 	 Ex 	 1 	 3.540231e-01 	 -6.000000e+02 	 6.000000e+02 	 2.000000e+00
4 	 167 	 Ex 	 1 	 9.545588e-01 	 -3.600000e+02 	 6.000000e+02 	 2.000000e+00
4 	 168 	 Ex 	 1 	 9.442202e-01 	 -1.200000e+02 	 6.000000e+02 	 2.000000e+00
4 	 169 	 Ex 	 1 	 7.945586e-01 	 1.200000e+02 	 6.000000e+02 	 2.000000e+00
4 	 170 	 Ex 	 1 	 1.386694e+00 	 3.600000e+02 	 6.000000e+02 	 2.000000e+00
4 	 171 	 Ex 	 1 	 6.796083e-01 	 6.000000e+02 	 6.000000e+02 	 2.000000e+00
4 	 172 	 Ex 	 1 	 9.914021e-01 	 8.400000e+02 	 6.000000e+02 	 2.000000e+00
4 	 173 	 Ex 	 1 	 7.070535e-01 	 1.080000e+03 	 6.000000e+02 	 2.000000e+00
4 	 174 	 Ex 	 1 	 8.281990e-01 	 1.320000e+03 	 6.000000e+02 	 2.000000e+00
4 	 175 	 Ex 	 1 	 3.246573e+00 	 1.560000e+03 	 6.000000e+02 	 2.000000e+00
4 	 176 	 Ex 	 1 	 2.496766e+00 	 1.800000e+03 	 6.000000e+02 	 2.000000e+00
4 	 177 	 Ex 	 1 	 1.352977e+00 	 -1.800000e+03 	 8.400000e+02 	 2.000000e+00
4 	 178 	 Ex 	 1 	 1.257961e+00 	 -1.560000e+03 	 8.400000e+02 	 2.000000e+00
4 	 179 	 Ex 	 1 	 1.540036e+00 	 -1.320000e+03 	 8.400000e+02 	 2.000000e+00
4 	 180 	 Ex 	 1 	 1.844456e+00 	 -1.080000e+03 	 8.400000e+02 	 2.000000e+00
4 	 181 	 Ex 	 1 	 1.121213e+00 	 -8.400000e+02 	 8.400000e+02 	 2.000000e+00
4 	 182 	 Ex 	 1 	 3.569981e-01 	 -6.000000e+02 	 8.400000e+02 	 2.000000e+00
4 	 183 	 Ex 	 1 	 1.690938e+00 	 -3.600000e+02 	 8.400000e+02 	 2.000000e+00
4 	 184 	 Ex 	 1 	 8.717822e-01 	 -1.200000e+02 	 8.400000e+02 	 2.000000e+00
4 	 185 	 Ex 	 1 	 9.026340e-01 	 1.200000e+02 	 8.400000e+02 	 2.000000e+00
4 	 186 	 Ex 	 1 	 1.029341e+00 	 3.600000e+02 	 8.400000e+02 	 2.000000e+00
4 	 187 	 Ex 	 1 	 1.250370e+00 	 6.000000e+02 	 8.400000e+02 	 2.000000e+00
4 	 188 	 Ex 	 1 	 1.047029e+00 	 8.400000e+02 	 8.400000e+02 	 2.000000e+00
4 	 189 	 Ex 	 1 	 8.005131e-01 	 1.080000e+03 	 8.400000e+02 	 2.000000e+00
4 	 190 	 Ex 	 1 	 5.850661e-01 	 1.320000e+03 	 8.400000e+02 	 2.000000e+00
4 	 191 	 Ex 	 1 	 2.259587e-01 	 1.560000e+03 	 8.400000e+02 	 2.000000e+00
4 	 192 	 Ex 	 1 	 1.270441e+00 	 1.800000e+03 	 8.400000e+02 	 2.000000e+00
4 	 193 	 Ex 	 1 	 2.070926e+00 	 -1.800000e+03 	 1.080000e+03 	 2.000000e+00
4 	 194 	 Ex 	 1 	 1.689635e+00 	 -1.560000e+03 	 1.080000e+03 	 2.000000e+00
4 	 195 	 Ex 	 1 	 4.204663e-01 	 -1.320000e+03 	 1.080000e+03 	 2.000000e+00
4 	 196 	 Ex 	 1 	 1.820691e+00 	 -1.080000e+03 	 1.080000e+03 	 2.000000e+00
4 	 197 	 Ex 	 1 	 1.876908e+00 	 -8.400000e+02 	 1.080000e+03 	 2.000000e+00
4 	 198 	 Ex 	 1 	 1.472064e+00 	 -6.000000e+02 	 1.080000e+03 	 2.000000e+00
4 	 199 	 Ex 	 1 	 1.333907e+00 	 -3.600000e+02 	 1.080000e+03 	 2.000000e+00
4 	 200 	 Ex 	 1 	 1.920548e+00 	 -1.200000e+02 	 1.080000e+03 	 2.000000e+00
4 	 201 	 Ex 	 1 	 6.025336e-01 	 1.200000e+02 	 1.080000e+03 	 2.000000e+00
4 	 202 	 Ex 	 1 	 1.269501e-01 	 3.600000e+02 	 1.080000e+03 	 2.000000e+00
4 	 203 	 Ex 	 1 	 6.591351e-01 	 6.000000e+02 	 1.080000e+03 	 2.000000e+00
4 	 204 	 Ex 	 1 	 1.220221e+00 	 8.400000e+02 	 1.080000e+03 	 2.000000e+00
4 	 205 	 Ex 	 1 	 1.821376e+00 	 1.080000e+03 	 1.080000e+03 	 2.000000e+00
4 	 206 	 Ex 	 1 	 1.664761e+00 	 1.320000e+03 	 1.080000e+03 	 2.000000e+00
4 	 207 	 Ex 	 1 	 8.504429e-01 	 1.560000e+03 	 1.080000e+03 	 2.000000e+00
4 	 208 	 Ex 	 1 	 1.294858e+00 	 1.800000e+03 	 1.080000e+03 	 2.000000e+00
4 	 209 	 Ex 	 1 	 7.935849e-01 	 -1.800000e+03 	 1.320000e+03 	 2.000000e+00
4 	 210 	 Ex 	 1 	 5.849390e-01 	 -1.560000e+03 	 1.320000e+03 	 2.000000e+00
4 	 211 	 Ex 	 1 	 5.986801e-01 	 -1.320000e+03 	 1.320000e+03 	 2.000000e+00
4 	 212 	 Ex 	 1 	 2.342325e+00 	 -1.080000e+03 	 1.320000e+03 	 2.000000e+00
4 	 213 	 Ex 	 1 	 1.733447e+00 	 -8.400000e+02 	 1.320000e+03 	 2.000000e+00
4 	 214 	 Ex 	 1 	 1.426542e+00 	 -6.000000e+02 	 1.320000e+03 	 2.000000e+00
4 	 215 	 Ex 	 1 	 9.009060e-01 	 -3.600000e+02 	 1.320000e+03 	 2.000000e+00
4 	 216 	 Ex 	 1 	 7.898772e-01 	 -1.200000e+02 	 1.320000e+03 	 2.000000e+00
4 	 217 	 Ex 	 1 	 1.342209e+00 	 1.200000e+02 	 1.320000e+03 	 2.000000e+00
4 	 218 	 Ex 	 1 	 1.823733e+00 	 3.600000e+02 	 1.320000e+03 	 2.000000e+00
4 	 219 	 Ex 	 1 	 1.469841e+00 	 6.000000e+02 	 1.320000e+03 	 2.000000e+00
4 	 220 	 Ex 	 1 	 1.188513e+00 	 8.400000e+02 	 1.320000e+03 	 2.000000e+00
4 	 221 	 Ex 	 1 	 8.385167e-01 	 1.080000e+03 	 1.320000e+03 	 2.000000e+00
4 	 222 	 Ex 	 1 	 6.322182e-01 	 1.320000e+03 	 1.320000e+03 	 2.000000e+00
4 	 223 	 Ex 	 1 	 1.357305e+00 	 1.560000e+03 	 1.320000e+03 	 2.000000e+00
4 	 224 	 Ex 	 1 	 1.623476e+00 	 1.800000e+03 	 1.320000e+03 	 2.000000e+00
4 	 225 	 Ex 	 1 	 1.220559e+00 	 -1.800000e+03 	 1.560000e+03 	 2.000000e+00
4 	 226 	 Ex 	 1 	 1.513255e+00 	 -1.560000e+03 	 1.560000e+03 	 2.000000e+00
4 	 227 	 Ex 	 1 	 1.136232e+00 	 -1.320000e+03 	 1.560000e+03 	 2.000000e+00
4 	 228 	 Ex 	 1 	 3.046793e-01 	 -1.080000e+03 	 1.560000e+03 	 2.000000e+00
4 	 229 	 Ex 	 1 	 4.178294e-01 	 -8.400000e+02 	 1.560000e+03 	 2.000000e+00
4 	 230 	 Ex 	 1 	 6.762482e-01 	 -6.000000e+02 	 1.560000e+03 	 2.000000e+00
4 	 231 	 Ex 	 1 	 6.313180e-01 	 -3.600000e+02 	 1.560000e+03 	 2.000000e+00
4 	 232 	 Ex 	 1 	 1.768034e+00 	 -1.200000e+02 	 1.560000e+03 	 2.000000e+00
4 	 233 	 Ex 	 1 	 4.617156e-01 	 1.200000e+02 	 1.560000e+03 	 2.000000e+00
4 	 234 	 Ex 	 1 	 1.196109e+00 	 3.600000e+02 	 1.560000e+03 	 2.000000e+00
4 	 235 	 Ex 	 1 	 3.210585e-01 	 6.000000e+02 	 1.560000e+03 	 2.000000e+00
4 	 236 	 Ex 	 1 	 1.116583e+00 	 8.400000e+02 	 1.560000e+03 	 2.000000e+00
4 	 237 	 Ex 	 1 	 6.710671e-01 	 1.080000e+03 	 1.560000e+03 	 2.000000e+00
4 	 238 	 Ex 	 1 	 1.288204e+00 	 1.320000e+03 	 1.560000e+03 	 2.000000e+00
4 	 239 	 Ex 	 1 	 1.376327e+00 	 1.560000e+03 	 1.560000e+03 	 2.000000e+00
4 	 240 	 Ex 	 1 	 9.911632e-01 	 1.800000e+03 	 1.560000e+03 	 2.000000e+00
4 	 241 	 Ex 	 1 	 1.123971e+00 	 -1.800000e+03 	 1.800000e+03 	 2.000000e+00
4 	 242 	 Ex 	 1 	 1.257280e+00 	 -1.560000e+03 	 1.800000e+03 	 2.000000e+00
4 	 243 	 Ex 	 1 	 4.176273e-01 	 -1.320000e+03 	 1.800000e+03 	 2.000000e+00
4 	 244 	 Ex 	 1 	 1.174069e+00 	 -1.080000e+03 	 1.800000e+03 	 2.000000e+00
4 	 245 	 Ex 	 1 	 9.408463e-01 	 -8.400000e+02 	 1.800000e+03 	 2.000000e+00
4 	 246 	 Ex 	 1 	 7.901172e-01 	 -6.000000e+02 	 1.800000e+03 	 2.000000e+00
4 	 247 	 Ex 	 1 	 1.201501e+00 	 -3.600000e+02 	 1.800000e+03 	 2.000000e+00
4 	 248 	 Ex 	 1 	 2.325745e-01 	 -1.200000e+02 	 1.800000e+03 	 2.000000e+00
4 	 249 	 Ex 	 1 	 5.774581e-01 	 1.200000e+02 	 1.800000e+03 	 2.000000e+00
4 	 250 	 Ex 	 1 	 8.248936e-01 	 3.600000e+02 	 1.800000e+03 	 2.000000e+00
4 	 251 	 Ex 	 1 	 1.453897e+00 	 6.000000e+02 	 1.800000e+03 	 2.000000e+00
4 	 252 	 Ex 	 1 	 2.407254e+00 	 8.400000e+02 	 1.800000e+03 	 2.000000e+00
4 	 253 	 Ex 	 1 	 1.332175e+00 	 1.080000e+03 	 1.800000e+03 	 2.000000e+00
4 	 254 	 Ex 	 1 	 1.688610e+00 	 1.320000e+03 	 1.800000e+03 	 2.000000e+00
4 	 255 	 Ex 	 1 	 1.107565e+00 	 1.560000e+03 	 1.800000e+03 	 2.000000e+00
4 	 256 	 Ex 	 1 	 1.820246e+00 	 1.800000e+03 	 1.800000e+03 	 2.000000e+00
4 	 1 	 Ex 	 2 	 2.705455e-01 	 -1.800000e+03 	 -1.800000e+03 	 2.000000e+00
4 	 2 	 Ex 	 2 	 8.330480e-01 	 -1.560000e+03 	 -1.800000e+03 	 2.000000e+00
4 	 3 	 Ex 	 2 	 1.125404e+00 	 -1.320000e+03 	 -1.800000e+03 	 2.000000e+00
4 	 4 	 Ex 	 2 	 2.198443e+00 	 -1.080000e+03 	 -1.800000e+03 	 2.000000e+00
4 	 5 	 Ex 	 2 	 1.492479e+00 	 -8.400000e+02 	 -1.800000e+03 	 2.000000e+00
4 	 6 	 Ex 	 2 	 9.447426e-01 	 -6.000000e+02 	 -1.800000e+03 	 2.000000e+00
4 	 7 	 Ex 	 2 	 1.512417e+00 	 -3.600000e+02 	 -1.800000e+03 	 2.000000e+00
4 	 8 	 Ex 	 2 	 2.566423e+00 	 -1.200000e+02 	 -1.800000e+03 	 2.000000e+00
4 	 9 	 Ex 	 2 	 7.370276e-01 	 1.200000e+02 	 -1.800000e+03 	 2.000000e+00
4 	 10 	 Ex 	 2 	 3.458458e-01 	 3.600000e+02 	 -1.800000e+03 	 2.000000e+00
4 	 11 	 Ex 	 2 	 5.840035e-01 	 6.000000e+02 	 -1.800000e+03 	 2.000000e+00
4 	 12 	 Ex 	 2 	 9.009555e-01 	 8.400000e+02 	 -1.800000e+03 	 2.000000e+00
4 	 13 	 Ex 	 2 	 0.000000e+00 	 1.080000e+03 	 -1.800000e+03 	 2.000000e+00
4 	 14 	 Ex 	 2 	 0.000000e+00 	 1.320000e+03 	 -1.800000e+03 	 2.000000e+00
4 	 15 	 Ex 	 2 	 0.000000e+00 	 1.560000e+03 	 -1.800000e+03 	 2.000000e+00
4 	 16 	 Ex 	 2 	 0.000000e+00 	 1.800000e+03 	 -1.800000e+03 	 2.000000e+00
4 	 17 	 Ex 	 2 	 7.002488e-01 	 -1.800000e+03 	 -1.560000e+03 	 2.000000e+00
4 	 18 	 Ex 	 2 	 1.707746e+00 	 -1.560000e+03 	 -1.560000e+03 	 2.000000e+00
4 	 19 	 Ex 	 2 	 1.964097e+00 	 -1.320000e+03 	 -1.560000e+03 	 2.000000e+00
4 	 20 	 Ex 	 2 	 4.139396e-02 	 -1.080000e+03 	 -1.560000e+03 	 2.000000e+00
4 	 21 	 Ex 	 2 	 9.938416e-01 	 -8.400000e+02 	 -1.560000e+03 	 2.000000e+00
4 	 22 	 Ex 	 2 	 1.015140e+00 	 -6.000000e+02 	 -1.560000e+03 	 2.000000e+00
4 	 23 	 Ex 	 2 	 1.810819e+00 	 -3.600000e+02 	 -1.560000e+03 	 2.000000e+00
4 	 24 	 Ex 	 2 	 1.471032e+00 	 -1.200000e+02 	 -1.560000e+03 	 2.000000e+00
4 	 25 	 Ex 	 2 	 7.366331e-01 	 1.200000e+02 	 -1.560000e+03 	 2.000000e+00
4 	 26 	 Ex 	 2 	 4.770314e-01 	 3.600000e+02 	 -1.560000e+03 	 2.000000e+00
4 	 27 	 Ex 	 2 	 3.637356e-01 	 6.000000e+02 	 -1.560000e+03 	 2.000000e+00
4 	 28 	 Ex 	 2 	 1.378395e+00 	 8.400000e+02 	 -1.560000e+03 	 2.000000e+00
4 	 29 	 Ex 	 2 	 0.000000e+00 	 1.080000e+03 	 -1.560000e+03 	 2.000000e+00
4 	 30 	 Ex 	 2 	 0.000000e+00 	 1.320000e+03 	 -1.560000e+03 	 2.000000e+00
4 	 31 	 Ex 	 2 	 0.000000e+00 	 1.560000e+03 	 -1.560000e+03 	 2.000000e+00
4 	 32 	 Ex 	 2 	 0.000000e+00 	 1.800000e+03 	 -1.560000e+03 	 2.000000e+00
4 	 33 	 Ex 	 2 	 7.625532e-01 	 -1.800000e+03 	 -1.320000e+03 	 2.000000e+00
4 	 34 	 Ex 	 2 	 1.788457e+00 	 -1.560000e+03 	 -1.320000e+03 	 2.000000e+00
4 	 35 	 Ex 	 2 	 1.582854e+00 	 -1.320000e+03 	 -1.320000e+03 	 2.000000e+00
4 	 36 	 Ex 	 2 	 7.617940e-01 	 -1.080000e+03 	 -1.320000e+03 	 2.000000e+00
4 	 37 	 Ex 	 2 	 8.612896e-01 	 -8.400000e+02 	 -1.320000e+03 	 2.000000e+00
4 	 38 	 Ex 	 2 	 2.641103e+00 	 -6.000000e+02 	 -1.320000e+03 	 2.000000e+00
4 	 39 	 Ex 	 2 	 1.221487e+00 	 -3.600000e+02 	 -1.320000e+03 	 2.000000e+00
4 	 40 	 Ex 	 2 	 8.709788e-01 	 -1.200000e+02 	 -1.320000e+03 	 2.000000e+00
4 	 41 	 Ex 	 2 	 2.209438e+00 	 1.200000e+02 	 -1.320000e+03 	 2.000000e+00
4 	 42 	 Ex 	 2 	 3.400566e-01 	 3.600000e+02 	 -1.320000e+03 	 2.000000e+00
4 	 43 	 Ex 	 2 	 4.397557e-01 	 6.000000e+02 	 -1.320000e+03 	 2.000000e+00
4 	 44 	 Ex 	 2 	 7.933107e-01 	 8.400000e+02 	 -1.320000e+03 	 2.000000e+00
4 	 45 	 Ex 	 2 	 0.000000e+00 	 1.080000e+03 	 -1.320000e+03 	 2.000000e+00
4 	 46 	 Ex 	 2 	 0.000000e+00 	 1.320000e+03 	 -1.320000e+03 	 2.000000e+00
4 	 47 	 Ex 	 2 	 0.000000e+00 	 1.560000e+03 	 -1.320000e+03 	 2.000000e+00
4 	 48 	 Ex 	 2 	 0.000000e+00 	 1.800000e+03 	 -1.320000e+03 	 2.000000e+00
4 	 49 	 Ex 	 2 	 7.847784e-01 	 -1.800000e+03 	 -1.080000e+03 	 2.000000e+00
4 	 50 	 Ex 	 2 	 1.198652e+00 	 -1.560000e+03 	 -1.080000e+03 	 2.000000e+00
4 	 51 	 Ex 	 2 	 2.784169e+00 	 -1.320000e+03 	 -1.080000e+03 	 2.000000e+00
4 	 52 	 Ex 	 2 	 2.941620e-01 	 -1.080000e+03 	 -1.080000e+03 	 2.000000e+00
4 	 53 	 Ex 	 2 	 1.103762e+00 	 -8.400000e+02 	 -1.080000e+03 	 2.000000e+00
4 	 54 	 Ex 	 2 	 9.211448e-01 	 -6.000000e+02 	 -1.080000e+03 	 2.000000e+00
4 	 55 	 Ex 	 2 	 5.402119e-01 	 -3.600000e+02 	 -1.080000e+03 	 2.000000e+00
4 	 56 	 Ex 	 2 	 1.005788e+00 	 -1.200000e+02 	 -1.080000e+03 	 2.000000e+00
4 	 57 	 Ex 	 2 	 9.058478e-01 	 1.200000e+02 	 -1.080000e+03 	 2.000000e+00
4 	 58 	 Ex 	 2 	 8.437727e-01 	 3.600000e+02 	 -1.080000e+03 	 2.000000e+00
4 	 59 	 Ex 	 2 	 3.287145e-01 	 6.000000e+02 	 -1.080000e+03 	 2.000000e+00
4 	 60 	 Ex 	 2 	 7.946230e-01 	 8.400000e+02 	 -1.080000e+03 	 2.000000e+00
4 	 61 	 Ex 	 2 	 2.447019e+00 	 1.080000e+03 	 -1.080000e+03 	 2.000000e+00
4 	 62 	 Ex 	 2 	 0.000000e+00 	 1.320000e+03 	 -1.080000e+03 	 2.000000e+00
4 	 63 	 Ex 	 2 	 0.000000e+00 	 1.560000e+03 	 -1.080000e+03 	 2.000000e+00
4 	 64 	 Ex 	 2 	 0.000000e+00 	 1.800000e+03 	 -1.080000e+03 	 2.000000e+00
4 	 65 	 Ex 	 2 	 1.408776e+00 	 -1.800000e+03 	 -8.400000e+02 	 2.000000e+00
4 	 66 	 Ex 	 2 	 1.778711e+00 	 -1.560000e+03 	 -8.400000e+02 	 2.000000e+00
4 	 67 	 Ex 	 2 	 2.892434e-01 	 -1.320000e+03 	 -8.400000e+02 	 2.000000e+00
4 	 68 	 Ex 	 2 	 1.832070e+00 	 -1.080000e+03 	 -8.400000e+02 	 2.000000e+00
4 	 69 	 Ex 	 2 	 7.135872e-01 	 -8.400000e+02 	 -8.400000e+02 	 2.000000e+00
4 	 70 	 Ex 	 2 	 1.224505e+00 	 -6.000000e+02 	 -8.400000e+02 	 2.000000e+00
4 	 71 	 Ex 	 2 	 4.524602e-01 	 -3.600000e+02 	 -8.400000e+02 	 2.000000e+00
4 	 72 	 Ex 	 2 	 1.382453e+00 	 -1.200000e+02 	 -8.400000e+02 	 2.000000e+00
4 	 73 	 Ex 	 2 	 1.715274e+00 	 1.200000e+02 	 -8.400000e+02 	 2.000000e+00
4 	 74 	 Ex 	 2 	 1.139542e+00 	 3.600000e+02 	 -8.400000e+02 	 2.000000e+00
4 	 75 	 Ex 	 2 	 8.759133e-01 	 6.000000e+02 	 -8.400000e+02 	 2.000000e+00
4 	 76 	 Ex 	 2 	 3.753320e-01 	 8.400000e+02 	 -8.400000e+02 	 2.000000e+00
4 	 77 	 Ex 	 2 	 6.931330e-01 	 1.080000e+03 	 -8.400000e+02 	 2.000000e+00
4 	 78 	 Ex 	 2 	 7.905020e-01 	 1.320000e+03 	 -8.400000e+02 	 2.000000e+00
4 	 79 	 Ex 	 2 	 9.698788e-01 	 1.560000e+03 	 -8.400000e+02 	 2.000000e+00
4 	 80 	 Ex 	 2 	 5.143428e-01 	 1.800000e+03 	 -8.400000e+02 	 2.000000e+00
4 	 81 	 Ex 	 2 	 8.600709e-01 	 -1.800000e+03 	 -6.000000e+02 	 2.000000e+00
4 	 82 	 Ex 	 2 	 1.529919e+00 	 -1.560000e+03 	 -6.000000e+02 	 2.000000e+00
4 	 83 	 Ex 	 2 	 3.344802e-01 	 -1.320000e+03 	 -6.000000e+02 	 2.000000e+00
4 	 84 	 Ex 	 2 	 1.760086e-01 	 -1.080000e+03 	 -6.000000e+02 	 2.000000e+00
4 	 85 	 Ex 	 2 	 1.078257e+00 	 -8.400000e+02 	 -6.000000e+02 	 2.000000e+00
4 	 86 	 Ex 	 2 	 9.329368e-01 	 -6.000000e+02 	 -6.000000e+02 	 2.000000e+00
4 	 87 	 Ex 	 2 	 2.054666e+00 	 -3.600000e+02 	 -6.000000e+02 	 2.000000e+00
4 	 88 	 Ex 	 2 	 1.402888e+00 	 -1.200000e+02 	 -6.000000e+02 	 2.000000e+00
4 	 89 	 Ex 	 2 	 6.158687e-01 	 1.200000e+02 	 -6.000000e+02 	 2.000000e+00
4 	 90 	 Ex 	 2 	 7.206563e-01 	 3.600000e+02 	 -6.000000e+02 	 2.000000e+00
4 	 91 	 Ex 	 2 	 1.569725e+00 	 6.000000e+02 	 -6.000000e+02 	 2.000000e+00
4 	 92 	 Ex 	 2 	 1.424535e+00 	 8.400000e+02 	 -6.000000e+02 	 2.000000e+00
4 	 93 	 Ex 	 2 	 7.319467e-01 	 1.080000e+03 	 -6.000000e+02 	 2.000000e+00
4 	 94 	 Ex 	 2 	 9.444138e-01 	 1.320000e+03 	 -6.000000e+02 	 2.000000e+00
4 	 95 	 Ex 	 2 	 2.617343e+00 	 1.560000e+03 	 -6.000000e+02 	 2.000000e+00
4 	 96 	 Ex 	 2 	 2.564559e+00 	 1.800000e+03 	 -6.000000e+02 	 2.000000e+00
4 	 97 	 Ex 	 2 	 8.741094e-01 	 -1.800000e+03 	 -3.600000e+02 	 2.000000e+00
4 	 98 	 Ex 	 2 	 7.322276e-01 	 -1.560000e+03 	 -3.600000e+02 	 2.000000e+00
4 	 99 	 Ex 	 2 	 6.402911e-01 	 -1.320000e+03 	 -3.600000e+02 	 2.000000e+00
4 	 100 	 Ex 	 2 	 1.341952e+00 	 -1.080000e+03 	 -3.600000e+02 	 2.000000e+00
4 	 101 	 Ex 	 2 	 1.586226e+00 	 -8.400000e+02 	 -3.600000e+02 	 2.000000e+00
4 	 102 	 Ex 	 2 	 1.873262e+00 	 -6.000000e+02 	 -3.600000e+02 	 2.000000e+00
4 	 103 	 Ex 	 2 	 1.196045e+00 	 -3.600000e+02 	 -3.600000e+02 	 2.000000e+00
4 	 104 	 Ex 	 2 	 1.204741e+00 	 -1.200000e+02 	 -3.600000e+02 	 2.000000e+00
4 	 105 	 Ex 	 2 	 1.432960e+00 	 1.200000e+02 	 -3.600000e+02 	 2.000000e+00
4 	 106 	 Ex 	 2 	 2.965274e-01 	 3.600000e+02 	 -3.600000e+02 	 2.000000e+00
4 	 107 	 Ex 	 2 	 1.014926e+00 	 6.000000e+02 	 -3.600000e+02 	 2.000000e+00
4 	 108 	 Ex 	 2 	 8.530454e-01 	 8.400000e+02 	 -3.600000e+02 	 2.000000e+00
4 	 109 	 Ex 	 2 	 9.230374e-01 	 1.080000e+03 	 -3.600000e+02 	 2.000000e+00
4 	 110 	 Ex 	 2 	 5.452121e-01 	 1.320000e+03 	 -3.600000e+02 	 2.000000e+00
4 	 111 	 Ex 	 2 	 2.065937e+00 	 1.560000e+03 	 -3.600000e+02 	 2.000000e+00
4 	 112 	 Ex 	 2 	 1.556058e+00 	 1.800000e+03 	 -3.600000e+02 	 2.000000e+00
4 	 113 	 Ex 	 2 	 6.207447e-01 	 -1.800000e+03 	 -1.200000e+02 	 2.000000e+00
4 	 114 	 Ex 	 2 	 1.034002e+00 	 -1.560000e+03 	 -1.200000e+02 	 2.000000e+00
4 	 115 	 Ex 	 2 	 5.026971e-01 	 -1.320000e+03 	 -1.200000e+02 	 2.000000e+00
4 	 116 	 Ex 	 2 	 1.027235e+00 	 -1.080000e+03 	 -1.200000e+02 	 2.000000e+00
4 	 117 	 Ex 	 2 	 1.018606e+00 	 -8.400000e+02 	 -1.200000e+02 	 2.000000e+00
4 	 118 	 Ex 	 2 	 3.583754e-01 	 -6.000000e+02 	 -1.200000e+02 	 2.000000e+00
4 	 119 	 Ex 	 2 	 1.809545e+00 	 -3.600000e+02 	 -1.200000e+02 	 2.000000e+00
4 	 120 	 Ex 	 2 	 1.312306e+00 	 -1.200000e+02 	 -1.200000e+02 	 2.000000e+00
4 	 121 	 Ex 	 2 	 7.675567e-01 	 1.200000e+02 	 -1.200000e+02 	 2.000000e+00
4 	 122 	 Ex 	 2 	 1.160393e+00 	 3.600000e+02 	 -1.200000e+02 	 2.000000e+00
4 	 123 	 Ex 	 2 	 1.082829e+00 	 6.000000e+02 	 -1.200000e+02 	 2.000000e+00
4 	 124 	 Ex 	 2 	 1.390437e+00 	 8.400000e+02 	 -1.200000e+02 	 2.000000e+00
4 	 125 	 Ex 	 2 	 1.199322e+00 	 1.080000e+03 	 -1.200000e+02 	 2.000000e+00
4 	 126 	 Ex 	 2 	 3.991510e-01 	 1.320000e+03 	 -1.200000e+02 	 2.000000e+00
4 	 127 	 Ex 	 2 	 8.102604e-01 	 1.560000e+03 	 -1.200000e+02 	 2.000000e+00
4 	 128 	 Ex 	 2 	 1.311363e+00 	 1.800000e+03 	 -1.200000e+02 	 2.000000e+00
4 	 129 	 Ex 	 2 	 6.554475e-01 	 -1.800000e+03 	 1.200000e+02 	 2.000000e+00
4 	 130 	 Ex 	 2 	 2.339169e+00 	 -1.560000e+03 	 1.200000e+02 	 2.000000e+00
4 	 131 	 Ex 	 2 	 1.734967e+00 	 -1.320000e+03 	 1.200000e+02 	 2.000000e+00
4 	 132 	 Ex 	 2 	 2.664577e-01 	 -1.080000e+03 	 1.200000e+02 	 2.000000e+00
4 	 133 	 Ex 	 2 	 1.289811e+00 	 -8.400000e+02 	 1.200000e+02 	 2.000000e+00
4 	 134 	 Ex 	 2 	 4.410940e-01 	 -6.000000e+02 	 1.200000e+02 	 2.000000e+00
4 	 135 	 Ex 	 2 	 7.268757e-01 	 -3.600000e+02 	 1.200000e+02 	 2.000000e+00
4 	 136 	 Ex 	 2 	 1.405575e+00 	 -1.200000e+02 	 1.200000e+02 	 2.000000e+00
4 	 137 	 Ex 	 2 	 1.307400e+00 	 1.200000e+02 	 1.200000e+02 	 2.000000e+00
4 	 138 	 Ex 	 2 	 1.298520e+00 	 3.600000e+02 	 1.200000e+02 	 2.000000e+00
4 	 139 	 Ex 	 2 	 1.111209e+00 	 6.000000e+02 	 1.200000e+02 	 2.000000e+00
4 	 140 	 Ex 	 2 	 8.418825e-01 	 8.400000e+02 	 1.200000e+02 	 2.000000e+00
4 	 141 	 Ex 	 2 	 1.578878e+00 	 1.080000e+03 	 1.200000e+02 	 2.000000e+00
4 	 142 	 Ex 	 2 	 5.125730e-01 	 1.320000e+03 	 1.200000e+02 	 2.000000e+00
4 	 143 	 Ex 	 2 	 3.568246e-01 	 1.560000e+03 	 1.200000e+02 	 2.000000e+00
4 	 144 	 Ex 	 2 	 7.099187e-01 	 1.800000e+03 	 1.200000e+02 	 2.000000e+00
4 	 145 	 Ex 	 2 	 5.982702e-01 	 -1.800000e+03 	 3.600000e+02 	 2.000000e+00
4 	 146 	 Ex 	 2 	 1.100867e+00 	 -1.560000e+03 	 3.600000e+02 	 2.000000e+00
4 	 147 	 Ex 	 2 	 1.847898e+00 	 -1.320000e+03 	 3.600000e+02 	 2.000000e+00
4 	 148 	 Ex 	 2 	 1.068869e+00 	 -1.080000e+03 	 3.600000e+02 	 2.000000e+00
4 	 149 	 Ex 	 2 	 9.942926e-01 	 -8.400000e+02 	 3.600000e+02 	 2.000000e+00
4 	 150 	 Ex 	 2 	 2.591128e+00 	 -6.000000e+02 	 3.600000e+02 	 2.000000e+00
4 	 151 	 Ex 	 2 	 1.908312e+00 	 -3.600000e+02 	 3.600000e+02 	 2.000000e+00
4 	 152 	 Ex 	 2 	 1.973402e+00 	 -1.200000e+02 	 3.600000e+02 	 2.000000e+00
4 	 153 	 Ex 	 2 	 1.558678e+00 	 1.200000e+02 	 3.600000e+02 	 2.000000e+00
4 	 154 	 Ex 	 2 	 1.302850e+00 	 3.600000e+02 	 3.600000e+02 	 2.000000e+00
4 	 155 	 Ex 	 2 	 5.376874e-01 	 6.000000e+02 	 3.600000e+02 	 2.000000e+00
4 	 156 	 Ex 	 2 	 7.913072e-01 	 8.400000e+02 	 3.600000e+02 	 2.000000e+00
4 	 157 	 Ex 	 2 	 5.324914e-01 	 1.080000e+03 	 3.600000e+02 	 2.000000e+00
4 	 158 	 Ex 	 2 	 1.276159e+00 	 1.320000e+03 	 3.600000e+02 	 2.000000e+00
4 	 159 	 Ex 	 2 	 6.164703e-01 	 1.560000e+03 	 3.600000e+02 	 2.000000e+00
4 	 160 	 Ex 	 2 	 9.115490e-01 	 1.800000e+03 	 3.600000e+02 	 2.000000e+00
4 	 161 	 Ex 	 2 	 1.248573e+00 	 -1.800000e+03 	 6.000000e+02 	 2.000000e+00
4 	 162 	 Ex 	 2 	 7.716614e-01 	 -1.560000e+03 	 6.000000e+02 	 2.000000e+00
4 	 163 	 Ex 	 2 	 1.028437e+00 	 -1.320000e+03 	 6.000000e+02 	 2.000000e+00
4 	 164 	 Ex 	 2 	 1.698809e+00 	 -1.080000e+03 	 6.000000e+02 	 2.000000e+00
4 	 165 	 Ex 	 2 	 1.212205e+00 	 -8.400000e+02 	 6.000000e+02 	 2.000000e+00
4 	 166 	 Ex 	 2 	 8.988039e-01 	 -6.000000e+02 	 6.000000e+02 	 2.000000e+00
4 	 167 	 Ex 	 2 	 1.525009e+00 	 -3.600000e+02 	 6.000000e+02 	 2.000000e+00
4 	 168 	 Ex 	 2 	 1.408056e+00 	 -1.200000e+02 	 6.000000e+02 	 2.000000e+00
4 	 169 	 Ex 	 2 	 1.170038e+00 	 1.200000e+02 	 6.000000e+02 	 2.000000e+00
4 	 170 	 Ex 	 2 	 9.972519e-02 	 3.600000e+02 	 6.000000e+02 	 2.000000e+00
4 	 171 	 Ex 	 2 	 7.057977e-01 	 6.000000e+02 	 6.000000e+02 	 2.000000e+00
4 	 172 	 Ex 	 2 	 1.658691e+00 	 8.400000e+02 	 6.000000e+02 	 2.000000e+00
4 	 173 	 Ex 	 2 	 1.038743e+00 	 1.080000e+03 	 6.000000e+02 	 2.000000e+00
4 	 174 	 Ex 	 2 	 2.400264e-01 	 1.320000e+03 	 6.000000e+02 	 2.000000e+00
4 	 175 	 Ex 	 2 	 2.502636e-01 	 1.560000e+03 	 6.000000e+02 	 2.000000e+00
4 	 176 	 Ex 	 2 	 1.650914e+00 	 1.800000e+03 	 6.000000e+02 	 2.000000e+00
4 	 177 	 Ex 	 2 	 1.039241e+00 	 -1.800000e+03 	 8.400000e+02 	 2.000000e+00
4 	 178 	 Ex 	 2 	 6.666333e-01 	 -1.560000e+03 	 8.400000e+02 	 2.000000e+00
4 	 179 	 Ex 	 2 	 1.797058e+00 	 -1.320000e+03 	 8.400000e+02 	 2.000000e+00
4 	 180 	 Ex 	 2 	 1.117391e+00 	 -1.080000e+03 	 8.400000e+02 	 2.000000e+00
4 	 181 	 Ex 	 2 	 4.782453e-01 	 -8.400000e+02 	 8.400000e+02 	 2.000000e+00
4 	 182 	 Ex 	 2 	 2.312445e+00 	 -6.000000e+02 	 8.400000e+02 	 2.000000e+00
4 	 183 	 Ex 	 2 	 1.765270e+00 	 -3.600000e+02 	 8.400000e+02 	 2.000000e+00
4 	 184 	 Ex 	 2 	 2.031859e+00 	 -1.200000e+02 	 8.400000e+02 	 2.000000e+00
4 	 185 	 Ex 	 2 	 2.046448e-01 	 1.200000e+02 	 8.400000e+02 	 2.000000e+00
4 	 186 	 Ex 	 2 	 2.447535e-01 	 3.600000e+02 	 8.400000e+02 	 2.000000e+00
4 	 187 	 Ex 	 2 	 3.155591e-01 	 6.000000e+02 	 8.400000e+02 	 2.000000e+00
4 	 188 	 Ex 	 2 	 1.084965e+00 	 8.400000e+02 	 8.400000e+02 	 2.000000e+00
4 	 189 	 Ex 	 2 	 1.257809e+00 	 1.080000e+03 	 8.400000e+02 	 2.000000e+00
4 	 190 	 Ex 	 2 	 9.783719e-01 	 1.320000e+03 	 8.400000e+02 	 2.000000e+00
4 	 191 	 Ex 	 2 	 4.500721e-01 	 1.560000e+03 	 8.400000e+02 	 2.000000e+00
4 	 192 	 Ex 	 2 	 2.373541e+00 	 1.800000e+03 	 8.400000e+02 	 2.000000e+00
4 	 193 	 Ex 	 2 	 3.252167e-01 	 -1.800000e+03 	 1.080000e+03 	 2.000000e+00
4 	 194 	 Ex 	 2 	 1.129799e+00 	 -1.560000e+03 	 1.080000e+03 	 2.000000e+00
4 	 195 	 Ex 	 2 	 1.084261e+00 	 -1.320000e+03 	 1.080000e+03 	 2.000000e+00
4 	 196 	 Ex 	 2 	 1.226793e+00 	 -1.080000e+03 	 1.080000e+03 	 2.000000e+00
4 	 197 	 Ex 	 2 	 1.713459e+00 	 -8.400000e+02 	 1.080000e+03 	 2.000000e+00
4 	 198 	 Ex 	 2 	 7.420102e-01 	 -6.000000e+02 	 1.080000e+03 	 2.000000e+00
4 	 199 	 Ex 	 2 	 7.142988e-01 	 -3.600000e+02 	 1.080000e+03 	 2.000000e+00
4 	 200 	 Ex 	 2 	 1.246829e+00 	 -1.200000e+02 	 1.080000e+03 	 2.000000e+00
4 	 201 	 Ex 	 2 	 1.271437e+00 	 1.200000e+02 	 1.080000e+03 	 2.000000e+00
4 	 202 	 Ex 	 2 	 8.436817e-01 	 3.600000e+02 	 1.080000e+03 	 2.000000e+00
4 	 203 	 Ex 	 2 	 8.678102e-01 	 6.000000e+02 	 1.080000e+03 	 2.000000e+00
4 	 204 	 Ex 	 2 	 1.756077e+00 	 8.400000e+02 	 1.080000e+03 	 2.000000e+00
4 	 205 	 Ex 	 2 	 8.155577e-01 	 1.080000e+03 	 1.080000e+03 	 2.000000e+00
4 	 206 	 Ex 	 2 	 2.632629e-01 	 1.320000e+03 	 1.080000e+03 	 2.000000e+00
4 	 207 	 Ex 	 2 	 9.987208e-01 	 1.560000e+03 	 1.080000e+03 	 2.000000e+00
4 	 208 	 Ex 	 2 	 1.553512e+00 	 1.800000e+03 	 1.080000e+03 	 2.000000e+00
4 	 209 	 Ex 	 2 	 6.730019e-01 	 -1.800000e+03 	 1.320000e+03 	 2.000000e+00
4 	 210 	 Ex 	 2 	 3.167883e-01 	 -1.560000e+03 	 1.320000e+03 	 2.000000e+00
4 	 211 	 Ex 	 2 	 1.526826e+00 	 -1.320000e+03 	 1.320000e+03 	 2.000000e+00
4 	 212 	 Ex 	 2 	 1.071169e+00 	 -1.080000e+03 	 1.320000e+03 	 2.000000e+00
4 	 213 	 Ex 	 2 	 4.415343e-01 	 -8.400000e+02 	 1.320000e+03 	 2.000000e+00
4 	 214 	 Ex 	 2 	 5.154715e-01 	 -6.000000e+02 	 1.320000e+03 	 2.000000e+00
4 	 215 	 Ex 	 2 	 1.421977e+00 	 -3.600000e+02 	 1.320000e+03 	 2.000000e+00
4 	 216 	 Ex 	 2 	 1.190367e+00 	 -1.200000e+02 	 1.320000e+03 	 2.000000e+00
4 	 217 	 Ex 	 2 	 1.344900e+00 	 1.200000e+02 	 1.320000e+03 	 2.000000e+00
4 	 218 	 Ex 	 2 	 7.847865e-01 	 3.600000e+02 	 1.320000e+03 	 2.000000e+00
4 	 219 	 Ex 	 2 	 5.027898e-02 	 6.000000e+02 	 1.320000e+03 	 2.000000e+00
4 	 220 	 Ex 	 2 	 4.691702e-01 	 8.400000e+02 	 1.320000e+03 	 2.000000e+00
4 	 221 	 Ex 	 2 	 3.305052e-01 	 1.080000e+03 	 1.320000e+03 	 2.000000e+00
4 	 222 	 Ex 	 2 	 2.211952e-01 	 1.320000e+03 	 1.320000e+03 	 2.000000e+00
4 	 223 	 Ex 	 2 	 5.896744e-01 	 1.560000e+03 	 1.320000e+03 	 2.000000e+00
4 	 224 	 Ex 	 2 	 1.218140e+00 	 1.800000e+03 	 1.320000e+03 	 2.000000e+00
4 	 225 	 Ex 	 2 	 6.769682e-01 	 -1.800000e+03 	 1.560000e+03 	 2.000000e+00
4 	 226 	 Ex 	 2 	 1.940108e+00 	 -1.560000e+03 	 1.560000e+03 	 2.000000e+00
4 	 227 	 Ex 	 2 	 1.954764e+00 	 -1.320000e+03 	 1.560000e+03 	 2.000000e+00
4 	 228 	 Ex 	 2 	 1.694388e+00 	 -1.080000e+03 	 1.560000e+03 	 2.000000e+00
4 	 229 	 Ex 	 2 	 2.184165e+00 	 -8.400000e+02 	 1.560000e+03 	 2.000000e+00
4 	 230 	 Ex 	 2 	 1.640240e+00 	 -6.000000e+02 	 1.560000e+03 	 2.000000e+00
4 	 231 	 Ex 	 2 	 1.478453e+00 	 -3.600000e+02 	 1.560000e+03 	 2.000000e+00
4 	 232 	 Ex 	 2 	 9.212698e-01 	 -1.200000e+02 	 1.560000e+03 	 2.000000e+00
4 	 233 	 Ex 	 2 	 7.529454e-01 	 1.200000e+02 	 1.560000e+03 	 2.000000e+00
4 	 234 	 Ex 	 2 	 6.216851e-01 	 3.600000e+02 	 1.560000e+03 	 2.000000e+00
4 	 235 	 Ex 	 2 	 4.616898e-01 	 6.000000e+02 	 1.560000e+03 	 2.000000e+00
4 	 236 	 Ex 	 2 	 9.305510e-01 	 8.400000e+02 	 1.560000e+03 	 2.000000e+00
4 	 237 	 Ex 	 2 	 7.838244e-01 	 1.080000e+03 	 1.560000e+03 	 2.000000e+00
4 	 238 	 Ex 	 2 	 7.219801e-01 	 1.320000e+03 	 1.560000e+03 	 2.000000e+00
4 	 239 	 Ex 	 2 	 1.503670e+00 	 1.560000e+03 	 1.560000e+03 	 2.000000e+00
4 	 240 	 Ex 	 2 	 6.234309e-01 	 1.800000e+03 	 1.560000e+03 	 2.000000e+00
4 	 241 	 Ex 	 2 	 8.785588e-01 	 -1.800000e+03 	 1.800000e+03 	 2.000000e+00
4 	 242 	 Ex 	 2 	 6.275163e-01 	 -1.560000e+03 	 1.800000e+03 	 2.000000e+00
4 	 243 	 Ex 	 2 	 4.779512e-01 	 -1.320000e+03 	 1.800000e+03 	 2.000000e+00
4 	 244 	 Ex 	 2 	 2.038157e+00 	 -1.080000e+03 	 1.800000e+03 	 2.000000e+00
4 	 245 	 Ex 	 2 	 1.684571e+00 	 -8.400000e+02 	 1.800000e+03 	 2.000000e+00
4 	 246 	 Ex 	 2 	 7.621461e-01 	 -6.000000e+02 	 1.800000e+03 	 2.000000e+00
4 	 247 	 Ex 	 2 	 5.811562e-01 	 -3.600000e+02 	 1.800000e+03 	 2.000000e+00
4 	 248 	 Ex 	 2 	 1.423844e+00 	 -1.200000e+02 	 1.800000e+03 	 2.000000e+00
4 	 249 	 Ex 	 2 	 2.080675e+00 	 1.200000e+02 	 1.800000e+03 	 2.000000e+00
4 	 250 	 Ex 	 2 	 5.213878e-01 	 3.600000e+02 	 1.800000e+03 	 2.000000e+00
4 	 251 	 Ex 	 2 	 6.312705e-01 	 6.000000e+02 	 1.800000e+03 	 2.000000e+00
4 	 252 	 Ex 	 2 	 1.681442e+00 	 8.400000e+02 	 1.800000e+03 	 2.000000e+00
4 	 253 	 Ex 	 2 	 7.516829e-01 	 1.080000e+03 	 1.800000e+03 	 2.000000e+00
4 	 254 	 Ex 	 2 	 2.599651e-01 	 1.320000e+03 	 1.800000e+03 	 2.000000e+00
4 	 255 	 Ex 	 2 	 8.412787e-01 	 1.560000e+03 	 1.800000e+03 	 2.000000e+00
4 	 256 	 Ex 	 2 	 1.764299e+00 	 1.800000e+03 	 1.800000e+03 	 2.000000e+00
4 	 1 	 Ey 	 1 	 1.329976e+00 	 -1.800000e+03 	 -1.800000e+03 	 2.000000e+00
4 	 2 	 Ey 	 1 	 1.183905e+00 	 -1.560000e+03 	 -1.800000e+03 	 2.000000e+00
4 	 3 	 Ey 	 1 	 1.749956e+00 	 -1.320000e+03 	 -1.800000e+03 	 2.000000e+00
4 	 4 	 Ey 	 1 	 2.255414e-01 	 -1.080000e+03 	 -1.800000e+03 	 2.000000e+00
4 	 5 	 Ey 	 1 	 6.034760e-01 	 -8.400000e+02 	 -1.800000e+03 	 2.000000e+00
4 	 6 	 Ey 	 1 	 7.609570e-02 	 -6.000000e+02 	 -1.800000e+03 	 2.000000e+00
4 	 7 	 Ey 	 1 	 8.368856e-01 	 -3.600000e+02 	 -1.800000e+03 	 2.000000e+00
4 	 8 	 Ey 	 1 	 9.035935e-01 	 -1.200000e+02 	 -1.800000e+03 	 2.000000e+00
4 	 9 	 Ey 	 1 	 1.670873e+00 	 1.200000e+02 	 -1.800000e+03 	 2.000000e+00
4 	 10 	 Ey 	 1 	 7.963271e-01 	 3.600000e+02 	 -1.800000e+03 	 2.000000e+00
4 	 11 	 Ey 	 1 	 1.029698e+00 	 6.000000e+02 	 -1.800000e+03 	 2.000000e+00
4 	 12 	 Ey 	 1 	 1.415193e+00 	 8.400000e+02 	 -1.800000e+03 	 2.000000e+00
4 	 13 	 Ey 	 1 	 0.000000e+00 	 1.080000e+03 	 -1.800000e+03 	 2.000000e+00
4 	 14 	 Ey 	 1 	 0.000000e+00 	 1.320000e+03 	 -1.800000e+03 	 2.000000e+00
4 	 15 	 Ey 	 1 	 0.000000e+00 	 1.560000e+03 	 -1.800000e+03 	 2.000000e+00
4 	 16 	 Ey 	 1 	 0.000000e+00 	 1.800000e+03 	 -1.800000e+03 	 2.000000e+00
4 	 17 	 Ey 	 1 	 2.066670e+00 	 -1.800000e+03 	 -1.560000e+03 	 2.000000e+00
4 	 18 	 Ey 	 1 	 1.708687e+00 	 -1.560000e+03 	 -1.560000e+03 	 2.000000e+00
4 	 19 	 Ey 	 1 	 5.987500e-01 	 -1.320000e+03 	 -1.560000e+03 	 2.000000e+00
4 	 20 	 Ey 	 1 	 2.892771e-01 	 -1.080000e+03 	 -1.560000e+03 	 2.000000e+00
4 	 21 	 Ey 	 1 	 7.916511e-01 	 -8.400000e+02 	 -1.560000e+03 	 2.000000e+00
4 	 22 	 Ey 	 1 	 7.286811e-01 	 -6.000000e+02 	 -1.560000e+03 	 2.000000e+00
4 	 23 	 Ey 	 1 	 1.198666e+00 	 -3.600000e+02 	 -1.560000e+03 	 2.000000e+00
4 	 24 	 Ey 	 1 	 8.379756e-01 	 -1.200000e+02 	 -1.560000e+03 	 2.000000e+00
4 	 25 	 Ey 	 1 	 1.573522e-01 	 1.200000e+02 	 -1.560000e+03 	 2.000000e+00
4 	 26 	 Ey 	 1 	 8.851792e-01 	 3.600000e+02 	 -1.560000e+03 	 2.000000e+00
4 	 27 	 Ey 	 1 	 1.027086e+00 	 6.000000e+02 	 -1.560000e+03 	 2.000000e+00
4 	 28 	 Ey 	 1 	 7.755838e-01 	 8.400000e+02 	 -1.560000e+03 	 2.000000e+00
4 	 29 	 Ey 	 1 	 0.000000e+00 	 1.080000e+03 	 -1.560000e+03 	 2.000000e+00
4 	 30 	 Ey 	 1 	 0.000000e+00 	 1.320000e+03 	 -1.560000e+03 	 2.000000e+00
4 	 31 	 Ey 	 1 	 0.000000e+00 	 1.560000e+03 	 -1.560000e+03 	 2.000000e+00
4 	 32 	 Ey 	 1 	 0.000000e+00 	 1.800000e+03 	 -1.560000e+03 	 2.000000e+00
4 	 33 	 Ey 	 1 	 9.105758e-01 	 -1.800000e+03 	 -1.320000e+03 	 2.000000e+00
4 	 34 	 Ey 	 1 	 1.367437e+00 	 -1.560000e+03 	 -1.320000e+03 	 2.000000e+00
4 	 35 	 Ey 	 1 	 1.363835e+00 	 -1.320000e+03 	 -1.320000e+03 	 2.000000e+00
4 	 36 	 Ey 	 1 	 3.213427e-01 	 -1.080000e+03 	 -1.320000e+03 	 2.000000e+00
4 	 37 	 Ey 	 1 	 1.854789e+00 	 -8.400000e+02 	 -1.320000e+03 	 2.000000e+00
4 	 38 	 Ey 	 1 	 1.329067e+00 	 -6.000000e+02 	 -1.320000e+03 	 2.000000e+00
4 	 39 	 Ey 	 1 	 1.667314e+00 	 -3.600000e+02 	 -1.320000e+03 	 2.000000e+00
4 	 40 	 Ey 	 1 	 9.687738e-01 	 -1.200000e+02 	 -1.320000e+03 	 2.000000e+00
4 	 41 	 Ey 	 1 	 4.479974e-01 	 1.200000e+02 	 -1.320000e+03 	 2.000000e+00
4 	 42 	 Ey 	 1 	 6.145151e-01 	 3.600000e+02 	 -1.320000e+03 	 2.000000e+00
4 	 43 	 Ey 	 1 	 9.259779e-01 	 6.000000e+02 	 -1.320000e+03 	 2.000000e+00
4 	 44 	 Ey 	 1 	 1.512104e+00 	 8.400000e+02 	 -1.320000e+03 	 2.000000e+00
4 	 45 	 Ey 	 1 	 0.000000e+00 	 1.080000e+03 	 -1.320000e+03 	 2.000000e+00
4 	 46 	 Ey 	 1 	 0.000000e+00 	 1.320000e+03 	 -1.320000e+03 	 2.000000e+00
4 	 47 	 Ey 	 1 	 0.000000e+00 	 1.560000e+03 	 -1.320000e+03 	 2.000000e+00
4 	 48 	 Ey 	 1 	 0.000000e+00 	 1.800000e+03 	 -1.320000e+03 	 2.000000e+00
4 	 49 	 Ey 	 1 	 5.707708e-01 	 -1.800000e+03 	 -1.080000e+03 	 2.000000e+00
4 	 50 	 Ey 	 1 	 4.373368e-01 	 -1.560000e+03 	 -1.080000e+03 	 2.000000e+00
4 	 51 	 Ey 	 1 	 8.567352e-01 	 -1.320000e+03 	 -1.080000e+03 	 2.000000e+00
4 	 52 	 Ey 	 1 	 1.419067e+00 	 -1.080000e+03 	 -1.080000e+03 	 2.000000e+00
4 	 53 	 Ey 	 1 	 1.414567e+00 	 -8.400000e+02 	 -1.080000e+03 	 2.000000e+00
4 	 54 	 Ey 	 1 	 9.348748e-01 	 -6.000000e+02 	 -1.080000e+03 	 2.000000e+00
4 	 55 	 Ey 	 1 	 1.120280e+00 	 -3.600000e+02 	 -1.080000e+03 	 2.000000e+00
4 	 56 	 Ey 	 1 	 9.067451e-01 	 -1.200000e+02 	 -1.080000e+03 	 2.000000e+00
4 	 57 	 Ey 	 1 	 4.500579e-01 	 1.200000e+02 	 -1.080000e+03 	 2.000000e+00
4 	 58 	 Ey 	 1 	 1.006593e-01 	 3.600000e+02 	 -1.080000e+03 	 2.000000e+00
4 	 59 	 Ey 	 1 	 7.340407e-01 	 6.000000e+02 	 -1.080000e+03 	 2.000000e+00
4 	 60 	 Ey 	 1 	 4.657618e-01 	 8.400000e+02 	 -1.080000e+03 	 2.000000e+00
4 	 61 	 Ey 	 1 	 2.652216e+00 	 1.080000e+03 	 -1.080000e+03 	 2.000000e+00
4 	 62 	 Ey 	 1 	 0.000000e+00 	 1.320000e+03 	 -1.080000e+03 	 2.000000e+00
4 	 63 	 Ey 	 1 	 0.000000e+00 	 1.560000e+03 	 -1.080000e+03 	 2.000000e+00
4 	 64 	 Ey 	 1 	 0.000000e+00 	 1.800000e+03 	 -1.080000e+03 	 2.000000e+00
4 	 65 	 Ey 	 1 	 5.686162e-01 	 -1.800000e+03 	 -8.400000e+02 	 2.000000e+00
4 	 66 	 Ey 	 1 	 1.597726e+00 	 -1.560000e+03 	 -8.400000e+02 	 2.000000e+00
4 	 67 	 Ey 	 1 	 2.499007e-01 	 -1.320000e+03 	 -8.400000e+02 	 2.000000e+00
4 	 68 	 Ey 	 1 	 9.773058e-01 	 -1.080000e+03 	 -8.400000e+02 	 2.000000e+00
4 	 69 	 Ey 	 1 	 3.394367e-01 	 -8.400000e+02 	 -8.400000e+02 	 2.000000e+00
4 	 70 	 Ey 	 1 	 3.026367e-01 	 -6.000000e+02 	 -8.400000e+02 	 2.000000e+00
4 	 71 	 Ey 	 1 	 5.487461e-01 	 -3.600000e+02 	 -8.400000e+02 	 2.000000e+00
4 	 72 	 Ey 	 1 	 5.862660e-01 	 -1.200000e+02 	 -8.400000e+02 	 2.000000e+00
4 	 73 	 Ey 	 1 	 1.360471e+00 	 1.200000e+02 	 -8.400000e+02 	 2.000000e+00
4 	 74 	 Ey 	 1 	 1.745141e+00 	 3.600000e+02 	 -8.400000e+02 	 2.000000e+00
4 	 75 	 Ey 	 1 	 1.876129e+00 	 6.000000e+02 	 -8.400000e+02 	 2.000000e+00
4 	 76 	 Ey 	 1 	 1.051165e+00 	 8.400000e+02 	 -8.400000e+02 	 2.000000e+00
4 	 77 	 Ey 	 1 	 5.078941e-01 	 1.080000e+03 	 -8.400000e+02 	 2.000000e+00
4 	 78 	 Ey 	 1 	 1.572196e+00 	 1.320000e+03 	 -8.400000e+02 	 2.000000e+00
4 	 79 	 Ey 	 1 	 5.755194e-01 	 1.560000e+03 	 -8.400000e+02 	 2.000000e+00
4 	 80 	 Ey 	 1 	 3.370062e-01 	 1.800000e+03 	 -8.400000e+02 	 2.000000e+00
4 	 81 	 Ey 	 1 	 1.565234e+00 	 -1.800000e+03 	 -6.000000e+02 	 2.000000e+00
4 	 82 	 Ey 	 1 	 6.740956e-01 	 -1.560000e+03 	 -6.000000e+02 	 2.000000e+00
4 	 83 	 Ey 	 1 	 1.681911e+00 	 -1.320000e+03 	 -6.000000e+02 	 2.000000e+00
4 	 84 	 Ey 	 1 	 1.945422e+00 	 -1.080000e+03 	 -6.000000e+02 	 2.000000e+00
4 	 85 	 Ey 	 1 	 9.670001e-01 	 -8.400000e+02 	 -6.000000e+02 	 2.000000e+00
4 	 86 	 Ey 	 1 	 1.539524e+00 	 -6.000000e+02 	 -6.000000e+02 	 2.000000e+00
4 	 87 	 Ey 	 1 	 9.105597e-01 	 -3.600000e+02 	 -6.000000e+02 	 2.000000e+00
4 	 88 	 Ey 	 1 	 8.300813e-01 	 -1.200000e+02 	 -6.000000e+02 	 2.000000e+00
4 	 89 	 Ey 	 1 	 1.372687e+00 	 1.200000e+02 	 -6.000000e+02 	 2.000000e+00
4 	 90 	 Ey 	 1 	 4.542145e-01 	 3.600000e+02 	 -6.000000e+02 	 2.000000e+00
4 	 91 	 Ey 	 1 	 5.503337e-01 	 6.000000e+02 	 -6.000000e+02 	 2.000000e+00
4 	 92 	 Ey 	 1 	 9.100977e-01 	 8.400000e+02 	 -6.000000e+02 	 2.000000e+00
4 	 93 	 Ey 	 1 	 3.810450e-01 	 1.080000e+03 	 -6.000000e+02 	 2.000000e+00
4 	 94 	 Ey 	 1 	 6.558192e-01 	 1.320000e+03 	 -6.000000e+02 	 2.000000e+00
4 	 95 	 Ey 	 1 	 8.629435e-01 	 1.560000e+03 	 -6.000000e+02 	 2.000000e+00
4 	 96 	 Ey 	 1 	 8.637097e-01 	 1.800000e+03 	 -6.000000e+02 	 2.000000e+00
4 	 97 	 Ey 	 1 	 8.125035e-01 	 -1.800000e+03 	 -3.600000e+02 	 2.000000e+00
4 	 98 	 Ey 	 1 	 9.539093e-01 	 -1.560000e+03 	 -3.600000e+02 	 2.000000e+00
4 	 99 	 Ey 	 1 	 8.198891e-01 	 -1.320000e+03 	 -3.600000e+02 	 2.000000e+00
4 	 100 	 Ey 	 1 	 8.455096e-01 	 -1.080000e+03 	 -3.600000e+02 	 2.000000e+00
4 	 101 	 Ey 	 1 	 9.881110e-01 	 -8.400000e+02 	 -3.600000e+02 	 2.000000e+00
4 	 102 	 Ey 	 1 	 7.716268e-01 	 -6.000000e+02 	 -3.600000e+02 	 2.000000e+00
4 	 103 	 Ey 	 1 	 7.854303e-01 	 -3.600000e+02 	 -3.600000e+02 	 2.000000e+00
4 	 104 	 Ey 	 1 	 9.718465e-01 	 -1.200000e+02 	 -3.600000e+02 	 2.000000e+00
4 	 105 	 Ey 	 1 	 5.269883e-01 	 1.200000e+02 	 -3.600000e+02 	 2.000000e+00
4 	 106 	 Ey 	 1 	 1.026879e+00 	 3.600000e+02 	 -3.600000e+02 	 2.000000e+00
4 	 107 	 Ey 	 1 	 7.917119e-01 	 6.000000e+02 	 -3.600000e+02 	 2.000000e+00
4 	 108 	 Ey 	 1 	 1.094983e+00 	 8.400000e+02 	 -3.600000e+02 	 2.000000e+00
4 	 109 	 Ey 	 1 	 2.356852e+00 	 1.080000e+03 	 -3.600000e+02 	 2.000000e+00
4 	 110 	 Ey 	 1 	 4.142554e-01 	 1.320000e+03 	 -3.600000e+02 	 2.000000e+00
4 	 111 	 Ey 	 1 	 1.065658e+00 	 1.560000e+03 	 -3.600000e+02 	 2.000000e+00
4 	 112 	 Ey 	 1 	 1.824688e+00 	 1.800000e+03 	 -3.600000e+02 	 2.000000e+00
4 	 113 	 Ey 	 1 	 7.520973e-01 	 -1.800000e+03 	 -1.200000e+02 	 2.000000e+00
4 	 114 	 Ey 	 1 	 2.532415e+00 	 -1.560000e+03 	 -1.200000e+02 	 2.000000e+00
4 	 115 	 Ey 	 1 	 1.057315e+00 	 -1.320000e+03 	 -1.200000e+02 	 2.000000e+00
4 	 116 	 Ey 	 1 	 1.968959e+00 	 -1.080000e+03 	 -1.200000e+02 	 2.000000e+00
4 	 117 	 Ey 	 1 	 4.489449e-01 	 -8.400000e+02 	 -1.200000e+02 	 2.000000e+00
4 	 118 	 Ey 	 1 	 1.000801e+00 	 -6.000000e+02 	 -1.200000e+02 	 2.000000e+00
4 	 119 	 Ey 	 1 	 1.684350e+00 	 -3.600000e+02 	 -1.200000e+02 	 2.000000e+00
4 	 120 	 Ey 	 1 	 2.647625e+00 	 -1.200000e+02 	 -1.200000e+02 	 2.000000e+00
4 	 121 	 Ey 	 1 	 1.823829e+00 	 1.200000e+02 	 -1.200000e+02 	 2.000000e+00
4 	 122 	 Ey 	 1 	 1.671353e+00 	 3.600000e+02 	 -1.200000e+02 	 2.000000e+00
4 	 123 	 Ey 	 1 	 1.718699e+00 	 6.000000e+02 	 -1.200000e+02 	 2.000000e+00
4 	 124 	 Ey 	 1 	 1.078683e+00 	 8.400000e+02 	 -1.200000e+02 	 2.000000e+00
4 	 125 	 Ey 	 1 	 3.219137e-01 	 1.080000e+03 	 -1.200000e+02 	 2.000000e+00
4 	 126 	 Ey 	 1 	 1.834558e+00 	 1.320000e+03 	 -1.200000e+02 	 2.000000e+00
4 	 127 	 Ey 	 1 	 1.506925e+00 	 1.560000e+03 	 -1.200000e+02 	 2.000000e+00
4 	 128 	 Ey 	 1 	 9.964480e-01 	 1.800000e+03 	 -1.200000e+02 	 2.000000e+00
4 	 129 	 Ey 	 1 	 8.946381e-01 	 -1.800000e+03 	 1.200000e+02 	 2.000000e+00
4 	 130 	 Ey 	 1 	 2.085382e+00 	 -1.560000e+03 	 1.200000e+02 	 2.000000e+00
4 	 131 	 Ey 	 1 	 7.358767e-01 	 -1.320000e+03 	 1.200000e+02 	 2.000000e+00
4 	 132 	 Ey 	 1 	 2.086751e+00 	 -1.080000e+03 	 1.200000e+02 	 2.000000e+00
4 	 133 	 Ey 	 1 	 2.588701e+00 	 -8.400000e+02 	 1.200000e+02 	 2.000000e+00
4 	 134 	 Ey 	 1 	 6.142563e-01 	 -6.000000e+02 	 1.200000e+02 	 2.000000e+00
4 	 135 	 Ey 	 1 	 4.675922e-01 	 -3.600000e+02 	 1.200000e+02 	 2.000000e+00
4 	 136 	 Ey 	 1 	 5.779929e-01 	 -1.200000e+02 	 1.200000e+02 	 2.000000e+00
4 	 137 	 Ey 	 1 	 9.919818e-01 	 1.200000e+02 	 1.200000e+02 	 2.000000e+00
4 	 138 	 Ey 	 1 	 1.499610e+00 	 3.600000e+02 	 1.200000e+02 	 2.000000e+00
4 	 139 	 Ey 	 1 	 1.074041e+00 	 6.000000e+02 	 1.200000e+02 	 2.000000e+00
4 	 140 	 Ey 	 1 	 6.373172e-01 	 8.400000e+02 	 1.200000e+02 	 2.000000e+00
4 	 141 	 Ey 	 1 	 6.655039e-01 	 1.080000e+03 	 1.200000e+02 	 2.000000e+00
4 	 142 	 Ey 	 1 	 1.770223e+00 	 1.320000e+03 	 1.200000e+02 	 2.000000e+00
4 	 143 	 Ey 	 1 	 9.488438e-01 	 1.560000e+03 	 1.200000e+02 	 2.000000e+00
4 	 144 	 Ey 	 1 	 1.331624e+00 	 1.800000e+03 	 1.200000e+02 	 2.000000e+00
4 	 145 	 Ey 	 1 	 1.500403e+00 	 -1.800000e+03 	 3.600000e+02 	 2.000000e+00
4 	 146 	 Ey 	 1 	 1.791168e+00 	 -1.560000e+03 	 3.600000e+02 	 2.000000e+00
4 	 147 	 Ey 	 1 	 5.979180e-01 	 -1.320000e+03 	 3.600000e+02 	 2.000000e+00
4 	 148 	 Ey 	 1 	 7.539889e-01 	 -1.080000e+03 	 3.600000e+02 	 2.000000e+00
4 	 149 	 Ey 	 1 	 1.579369e+00 	 -8.400000e+02 	 3.600000e+02 	 2.000000e+00
4 	 150 	 Ey 	 1 	 1.175388e+00 	 -6.000000e+02 	 3.600000e+02 	 2.000000e+00
4 	 151 	 Ey 	 1 	 5.023658e-01 	 -3.600000e+02 	 3.600000e+02 	 2.000000e+00
4 	 152 	 Ey 	 1 	 9.401608e-01 	 -1.200000e+02 	 3.600000e+02 	 2.000000e+00
4 	 153 	 Ey 	 1 	 1.256536e+00 	 1.200000e+02 	 3.600000e+02 	 2.000000e+00
4 	 154 	 Ey 	 1 	 3.243856e-01 	 3.600000e+02 	 3.600000e+02 	 2.000000e+00
4 	 155 	 Ey 	 1 	 7.145845e-01 	 6.000000e+02 	 3.600000e+02 	 2.000000e+00
4 	 156 	 Ey 	 1 	 1.389873e+00 	 8.400000e+02 	 3.600000e+02 	 2.000000e+00
4 	 157 	 Ey 	 1 	 1.700220e+00 	 1.080000e+03 	 3.600000e+02 	 2.000000e+00
4 	 158 	 Ey 	 1 	 1.810146e+00 	 1.320000e+03 	 3.600000e+02 	 2.000000e+00
4 	 159 	 Ey 	 1 	 8.723559e-01 	 1.560000e+03 	 3.600000e+02 	 2.000000e+00
4 	 160 	 Ey 	 1 	 1.094939e+00 	 1.800000e+03 	 3.600000e+02 	 2.000000e+00
4 	 161 	 Ey 	 1 	 4.769612e-01 	 -1.800000e+03 	 6.000000e+02 	 2.000000e+00
4 	 162 	 Ey 	 1 	 1.014476e+00 	 -1.560000e+03 	 6.000000e+02 	 2.000000e+00
4 	 163 	 Ey 	 1 	 6.648258e-01 	 -1.320000e+03 	 6.000000e+02 	 2.000000e+00
4 	 164 	 Ey 	 1 	 7.801754e-01 	 -1.080000e+03 	 6.000000e+02 	 2.000000e+00
4 	 165 	 Ey 	 1 	 1.639086e-01 	 -8.400000e+02 	 6.000000e+02 	 2.000000e+00
4 	 166 	 Ey 	 1 	 1.484449e+00 	 -6.000000e+02 	 6.000000e+02 	 2.000000e+00
4 	 167 	 Ey 	 1 	 1.181644e+00 	 -3.600000e+02 	 6.000000e+02 	 2.000000e+00
4 	 168 	 Ey 	 1 	 6.991611e-01 	 -1.200000e+02 	 6.000000e+02 	 2.000000e+00
4 	 169 	 Ey 	 1 	 1.162158e+00 	 1.200000e+02 	 6.000000e+02 	 2.000000e+00
4 	 170 	 Ey 	 1 	 1.568088e+00 	 3.600000e+02 	 6.000000e+02 	 2.000000e+00
4 	 171 	 Ey 	 1 	 1.046687e+00 	 6.000000e+02 	 6.000000e+02 	 2.000000e+00
4 	 172 	 Ey 	 1 	 8.445607e-01 	 8.400000e+02 	 6.000000e+02 	 2.000000e+00
4 	 173 	 Ey 	 1 	 1.067865e+00 	 1.080000e+03 	 6.000000e+02 	 2.000000e+00
4 	 174 	 Ey 	 1 	 9.238414e-01 	 1.320000e+03 	 6.000000e+02 	 2.000000e+00
4 	 175 	 Ey 	 1 	 1.429942e+00 	 1.560000e+03 	 6.000000e+02 	 2.000000e+00
4 	 176 	 Ey 	 1 	 1.091919e+00 	 1.800000e+03 	 6.000000e+02 	 2.000000e+00
4 	 177 	 Ey 	 1 	 1.582368e+00 	 -1.800000e+03 	 8.400000e+02 	 2.000000e+00
4 	 178 	 Ey 	 1 	 8.299914e-01 	 -1.560000e+03 	 8.400000e+02 	 2.000000e+00
4 	 179 	 Ey 	 1 	 7.041157e-01 	 -1.320000e+03 	 8.400000e+02 	 2.000000e+00
4 	 180 	 Ey 	 1 	 1.588955e+00 	 -1.080000e+03 	 8.400000e+02 	 2.000000e+00
4 	 181 	 Ey 	 1 	 2.098009e-01 	 -8.400000e+02 	 8.400000e+02 	 2.000000e+00
4 	 182 	 Ey 	 1 	 2.028974e+00 	 -6.000000e+02 	 8.400000e+02 	 2.000000e+00
4 	 183 	 Ey 	 1 	 6.749693e-01 	 -3.600000e+02 	 8.400000e+02 	 2.000000e+00
4 	 184 	 Ey 	 1 	 9.498837e-01 	 -1.200000e+02 	 8.400000e+02 	 2.000000e+00
4 	 185 	 Ey 	 1 	 8.885781e-01 	 1.200000e+02 	 8.400000e+02 	 2.000000e+00
4 	 186 	 Ey 	 1 	 5.885841e-01 	 3.600000e+02 	 8.400000e+02 	 2.000000e+00
4 	 187 	 Ey 	 1 	 3.976005e-01 	 6.000000e+02 	 8.400000e+02 	 2.000000e+00
4 	 188 	 Ey 	 1 	 3.615193e-01 	 8.400000e+02 	 8.400000e+02 	 2.000000e+00
4 	 189 	 Ey 	 1 	 4.899540e-01 	 1.080000e+03 	 8.400000e+02 	 2.000000e+00
4 	 190 	 Ey 	 1 	 4.601040e-01 	 1.320000e+03 	 8.400000e+02 	 2.000000e+00
4 	 191 	 Ey 	 1 	 1.621517e+00 	 1.560000e+03 	 8.400000e+02 	 2.000000e+00
4 	 192 	 Ey 	 1 	 7.056874e-01 	 1.800000e+03 	 8.400000e+02 	 2.000000e+00
4 	 193 	 Ey 	 1 	 1.626605e+00 	 -1.800000e+03 	 1.080000e+03 	 2.000000e+00
4 	 194 	 Ey 	 1 	 3.709580e-01 	 -1.560000e+03 	 1.080000e+03 	 2.000000e+00
4 	 195 	 Ey 	 1 	 6.518921e-01 	 -1.320000e+03 	 1.080000e+03 	 2.000000e+00
4 	 196 	 Ey 	 1 	 9.234611e-01 	 -1.080000e+03 	 1.080000e+03 	 2.000000e+00
4 	 197 	 Ey 	 1 	 7.802300e-01 	 -8.400000e+02 	 1.080000e+03 	 2.000000e+00
4 	 198 	 Ey 	 1 	 3.668538e-01 	 -6.000000e+02 	 1.080000e+03 	 2.000000e+00
4 	 199 	 Ey 	 1 	 1.690931e+00 	 -3.600000e+02 	 1.080000e+03 	 2.000000e+00
4 	 200 	 Ey 	 1 	 8.914306e-01 	 -1.200000e+02 	 1.080000e+03 	 2.000000e+00
4 	 201 	 Ey 	 1 	 6.215048e-01 	 1.200000e+02 	 1.080000e+03 	 2.000000e+00
4 	 202 	 Ey 	 1 	 1.348262e+00 	 3.600000e+02 	 1.080000e+03 	 2.000000e+00
4 	 203 	 Ey 	 1 	 8.624868e-01 	 6.000000e+02 	 1.080000e+03 	 2.000000e+00
4 	 204 	 Ey 	 1 	 1.019270e+00 	 8.400000e+02 	 1.080000e+03 	 2.000000e+00
4 	 205 	 Ey 	 1 	 5.355744e-01 	 1.080000e+03 	 1.080000e+03 	 2.000000e+00
4 	 206 	 Ey 	 1 	 4.540052e-01 	 1.320000e+03 	 1.080000e+03 	 2.000000e+00
4 	 207 	 Ey 	 1 	 3.857485e-01 	 1.560000e+03 	 1.080000e+03 	 2.000000e+00
4 	 208 	 Ey 	 1 	 1.482926e+00 	 1.800000e+03 	 1.080000e+03 	 2.000000e+00
4 	 209 	 Ey 	 1 	 7.353253e-01 	 -1.800000e+03 	 1.320000e+03 	 2.000000e+00
4 	 210 	 Ey 	 1 	 4.190162e-01 	 -1.560000e+03 	 1.320000e+03 	 2.000000e+00
4 	 211 	 Ey 	 1 	 1.231379e+00 	 -1.320000e+03 	 1.320000e+03 	 2.000000e+00
4 	 212 	 Ey 	 1 	 5.923719e-01 	 -1.080000e+03 	 1.320000e+03 	 2.000000e+00
4 	 213 	 Ey 	 1 	 1.379557e+00 	 -8.400000e+02 	 1.320000e+03 	 2.000000e+00
4 	 214 	 Ey 	 1 	 1.585902e+00 	 -6.000000e+02 	 1.320000e+03 	 2.000000e+00
4 	 215 	 Ey 	 1 	 2.138036e+00 	 -3.600000e+02 	 1.320000e+03 	 2.000000e+00
4 	 216 	 Ey 	 1 	 1.652266e+00 	 -1.200000e+02 	 1.320000e+03 	 2.000000e+00
4 	 217 	 Ey 	 1 	 6.352153e-01 	 1.200000e+02 	 1.320000e+03 	 2.000000e+00
4 	 218 	 Ey 	 1 	 1.769711e+00 	 3.600000e+02 	 1.320000e+03 	 2.000000e+00
4 	 219 	 Ey 	 1 	 1.060240e+00 	 6.000000e+02 	 1.320000e+03 	 2.000000e+00
4 	 220 	 Ey 	 1 	 8.614187e-01 	 8.400000e+02 	 1.320000e+03 	 2.000000e+00
4 	 221 	 Ey 	 1 	 1.403659e+00 	 1.080000e+03 	 1.320000e+03 	 2.000000e+00
4 	 222 	 Ey 	 1 	 6.796902e-01 	 1.320000e+03 	 1.320000e+03 	 2.000000e+00
4 	 223 	 Ey 	 1 	 9.614310e-01 	 1.560000e+03 	 1.320000e+03 	 2.000000e+00
4 	 224 	 Ey 	 1 	 9.500980e-01 	 1.800000e+03 	 1.320000e+03 	 2.000000e+00
4 	 225 	 Ey 	 1 	 9.982655e-01 	 -1.800000e+03 	 1.560000e+03 	 2.000000e+00
4 	 226 	 Ey 	 1 	 1.980947e-01 	 -1.560000e+03 	 1.560000e+03 	 2.000000e+00
4 	 227 	 Ey 	 1 	 1.989734e+00 	 -1.320000e+03 	 1.560000e+03 	 2.000000e+00
4 	 228 	 Ey 	 1 	 6.807897e-01 	 -1.080000e+03 	 1.560000e+03 	 2.000000e+00
4 	 229 	 Ey 	 1 	 2.524525e+00 	 -8.400000e+02 	 1.560000e+03 	 2.000000e+00
4 	 230 	 Ey 	 1 	 6.638575e-01 	 -6.000000e+02 	 1.560000e+03 	 2.000000e+00
4 	 231 	 Ey 	 1 	 9.588448e-01 	 -3.600000e+02 	 1.560000e+03 	 2.000000e+00
4 	 232 	 Ey 	 1 	 7.461752e-01 	 -1.200000e+02 	 1.560000e+03 	 2.000000e+00
4 	 233 	 Ey 	 1 	 6.230595e-01 	 1.200000e+02 	 1.560000e+03 	 2.000000e+00
4 	 234 	 Ey 	 1 	 1.857563e+00 	 3.600000e+02 	 1.560000e+03 	 2.000000e+00
4 	 235 	 Ey 	 1 	 2.260001e+00 	 6.000000e+02 	 1.560000e+03 	 2.000000e+00
4 	 236 	 Ey 	 1 	 3.400064e-01 	 8.400000e+02 	 1.560000e+03 	 2.000000e+00
4 	 237 	 Ey 	 1 	 1.132961e+00 	 1.080000e+03 	 1.560000e+03 	 2.000000e+00
4 	 238 	 Ey 	 1 	 5.736706e-01 	 1.320000e+03 	 1.560000e+03 	 2.000000e+00
4 	 239 	 Ey 	 1 	 6.732304e-01 	 1.560000e+03 	 1.560000e+03 	 2.000000e+00
4 	 240 	 Ey 	 1 	 1.632256e+00 	 1.800000e+03 	 1.560000e+03 	 2.000000e+00
4 	 241 	 Ey 	 1 	 1.838206e+00 	 -1.800000e+03 	 1.800000e+03 	 2.000000e+00
4 	 242 	 Ey 	 1 	 1.415763e+00 	 -1.560000e+03 	 1.800000e+03 	 2.000000e+00
4 	 243 	 Ey 	 1 	 7.882386e-01 	 -1.320000e+03 	 1.800000e+03 	 2.000000e+00
4 	 244 	 Ey 	 1 	 4.490056e-01 	 -1.080000e+03 	 1.800000e+03 	 2.000000e+00
4 	 245 	 Ey 	 1 	 5.686476e-01 	 -8.400000e+02 	 1.800000e+03 	 2.000000e+00
4 	 246 	 Ey 	 1 	 9.837654e-01 	 -6.000000e+02 	 1.800000e+03 	 2.000000e+00
4 	 247 	 Ey 	 1 	 2.212044e+00 	 -3.600000e+02 	 1.800000e+03 	 2.000000e+00
4 	 248 	 Ey 	 1 	 1.203459e+00 	 -1.200000e+02 	 1.800000e+03 	 2.000000e+00
4 	 249 	 Ey 	 1 	 1.966286e+00 	 1.200000e+02 	 1.800000e+03 	 2.000000e+00
4 	 250 	 Ey 	 1 	 2.727209e+00 	 3.600000e+02 	 1.800000e+03 	 2.000000e+00
4 	 251 	 Ey 	 1 	 5.768079e-01 	 6.000000e+02 	 1.800000e+03 	 2.000000e+00
4 	 252 	 Ey 	 1 	 5.861005e-01 	 8.400000e+02 	 1.800000e+03 	 2.000000e+00
4 	 253 	 Ey 	 1 	 4.547489e-01 	 1.080000e+03 	 1.800000e+03 	 2.000000e+00
4 	 254 	 Ey 	 1 	 1.897900e+00 	 1.320000e+03 	 1.800000e+03 	 2.000000e+00
4 	 255 	 Ey 	 1 	 5.826482e-01 	 1.560000e+03 	 1.800000e+03 	 2.000000e+00
4 	 256 	 Ey 	 1 	 1.098754e+00 	 1.800000e+03 	 1.800000e+03 	 2.000000e+00
4 	 1 	 Ey 	 2 	 6.514694e-01 	 -1.800000e+03 	 -1.800000e+03 	 2.000000e+00
4 	 2 	 Ey 	 2 	 1.320353e+00 	 -1.560000e+03 	 -1.800000e+03 	 2.000000e+00
4 	 3 	 Ey 	 2 	 1.645310e+00 	 -1.320000e+03 	 -1.800000e+03 	 2.000000e+00
4 	 4 	 Ey 	 2 	 1.167858e+00 	 -1.080000e+03 	 -1.800000e+03 	 2.000000e+00
4 	 5 	 Ey 	 2 	 7.855343e-01 	 -8.400000e+02 	 -1.800000e+03 	 2.000000e+00
4 	 6 	 Ey 	 2 	 1.111157e+00 	 -6.000000e+02 	 -1.800000e+03 	 2.000000e+00
4 	 7 	 Ey 	 2 	 1.099655e+00 	 -3.600000e+02 	 -1.800000e+03 	 2.000000e+00
4 	 8 	 Ey 	 2 	 4.514270e-01 	 -1.200000e+02 	 -1.800000e+03 	 2.000000e+00
4 	 9 	 Ey 	 2 	 1.459493e+00 	 1.200000e+02 	 -1.800000e+03 	 2.000000e+00
4 	 10 	 Ey 	 2 	 1.263136e+00 	 3.600000e+02 	 -1.800000e+03 	 2.000000e+00
4 	 11 	 Ey 	 2 	 6.333233e-01 	 6.000000e+02 	 -1.800000e+03 	 2.000000e+00
4 	 12 	 Ey 	 2 	 5.433235e-01 	 8.400000e+02 	 -1.800000e+03 	 2.000000e+00
4 	 13 	 Ey 	 2 	 0.000000e+00 	 1.080000e+03 	 -1.800000e+03 	 2.000000e+00
4 	 14 	 Ey 	 2 	 0.000000e+00 	 1.320000e+03 	 -1.800000e+03 	 2.000000e+00
4 	 15 	 Ey 	 2 	 0.000000e+00 	 1.560000e+03 	 -1.800000e+03 	 2.000000e+00
4 	 16 	 Ey 	 2 	 0.000000e+00 	 1.800000e+03 	 -1.800000e+03 	 2.000000e+00
4 	 17 	 Ey 	 2 	 4.342133e-01 	 -1.800000e+03 	 -1.560000e+03 	 2.000000e+00
4 	 18 	 Ey 	 2 	 5.243447e-01 	 -1.560000e+03 	 -1.560000e+03 	 2.000000e+00
4 	 19 	 Ey 	 2 	 1.465276e+00 	 -1.320000e+03 	 -1.560000e+03 	 2.000000e+00
4 	 20 	 Ey 	 2 	 1.026984e+00 	 -1.080000e+03 	 -1.560000e+03 	 2.000000e+00
4 	 21 	 Ey 	 2 	 6.609860e-01 	 -8.400000e+02 	 -1.560000e+03 	 2.000000e+00
4 	 22 	 Ey 	 2 	 5.037085e-01 	 -6.000000e+02 	 -1.560000e+03 	 2.000000e+00
4 	 23 	 Ey 	 2 	 1.603617e+00 	 -3.600000e+02 	 -1.560000e+03 	 2.000000e+00
4 	 24 	 Ey 	 2 	 1.472953e-01 	 -1.200000e+02 	 -1.560000e+03 	 2.000000e+00
4 	 25 	 Ey 	 2 	 1.154678e-01 	 1.200000e+02 	 -1.560000e+03 	 2.000000e+00
4 	 26 	 Ey 	 2 	 8.549134e-01 	 3.600000e+02 	 -1.560000e+03 	 2.000000e+00
4 	 27 	 Ey 	 2 	 1.261670e+00 	 6.000000e+02 	 -1.560000e+03 	 2.000000e+00
4 	 28 	 Ey 	 2 	 1.394232e+00 	 8.400000e+02 	 -1.560000e+03 	 2.000000e+00
4 	 29 	 Ey 	 2 	 0.000000e+00 	 1.080000e+03 	 -1.560000e+03 	 2.000000e+00
4 	 30 	 Ey 	 2 	 0.000000e+00 	 1.320000e+03 	 -1.560000e+03 	 2.000000e+00
4 	 31 	 Ey 	 2 	 0.000000e+00 	 1.560000e+03 	 -1.560000e+03 	 2.000000e+00
4 	 32 	 Ey 	 2 	 0.000000e+00 	 1.800000e+03 	 -1.560000e+03 	 2.000000e+00
4 	 33 	 Ey 	 2 	 6.549289e-01 	 -1.800000e+03 	 -1.320000e+03 	 2.000000e+00
4 	 34 	 Ey 	 2 	 5.664369e-01 	 -1.560000e+03 	 -1.320000e+03 	 2.000000e+00
4 	 35 	 Ey 	 2 	 6.258633e-01 	 -1.320000e+03 	 -1.320000e+03 	 2.000000e+00
4 	 36 	 Ey 	 2 	 6.735110e-01 	 -1.080000e+03 	 -1.320000e+03 	 2.000000e+00
4 	 37 	 Ey 	 2 	 6.611165e-01 	 -8.400000e+02 	 -1.320000e+03 	 2.000000e+00
4 	 38 	 Ey 	 2 	 7.996054e-01 	 -6.000000e+02 	 -1.320000e+03 	 2.000000e+00
4 	 39 	 Ey 	 2 	 1.762631e+00 	 -3.600000e+02 	 -1.320000e+03 	 2.000000e+00
4 	 40 	 Ey 	 2 	 6.734667e-01 	 -1.200000e+02 	 -1.320000e+03 	 2.000000e+00
4 	 41 	 Ey 	 2 	 1.158991e+00 	 1.200000e+02 	 -1.320000e+03 	 2.000000e+00
4 	 42 	 Ey 	 2 	 6.306112e-01 	 3.600000e+02 	 -1.320000e+03 	 2.000000e+00
4 	 43 	 Ey 	 2 	 1.377640e+00 	 6.000000e+02 	 -1.320000e+03 	 2.000000e+00
4 	 44 	 Ey 	 2 	 3.946005e-01 	 8.400000e+02 	 -1.320000e+03 	 2.000000e+00
4 	 45 	 Ey 	 2 	 0.000000e+00 	 1.080000e+03 	 -1.320000e+03 	 2.000000e+00
4 	 46 	 Ey 	 2 	 0.000000e+00 	 1.320000e+03 	 -1.320000e+03 	 2.000000e+00
4 	 47 	 Ey 	 2 	 0.000000e+00 	 1.560000e+03 	 -1.320000e+03 	 2.000000e+00
4 	 48 	 Ey 	 2 	 0.000000e+00 	 1.800000e+03 	 -1.320000e+03 	 2.000000e+00
4 	 49 	 Ey 	 2 	 4.851885e-01 	 -1.800000e+03 	 -1.080000e+03 	 2.000000e+00
4 	 50 	 Ey 	 2 	 9.559683e-01 	 -1.560000e+03 	 -1.080000e+03 	 2.000000e+00
4 	 51 	 Ey 	 2 	 1.413318e+00 	 -1.320000e+03 	 -1.080000e+03 	 2.000000e+00
4 	 52 	 Ey 	 2 	 1.090811e+00 	 -1.080000e+03 	 -1.080000e+03 	 2.000000e+00
4 	 53 	 Ey 	 2 	 2.019306e+00 	 -8.400000e+02 	 -1.080000e+03 	 2.000000e+00
4 	 54 	 Ey 	 2 	 7.654744e-01 	 -6.000000e+02 	 -1.080000e+03 	 2.000000e+00
4 	 55 	 Ey 	 2 	 1.226861e+00 	 -3.600000e+02 	 -1.080000e+03 	 2.000000e+00
4 	 56 	 Ey 	 2 	 1.065398e+00 	 -1.200000e+02 	 -1.080000e+03 	 2.000000e+00
4 	 57 	 Ey 	 2 	 1.383272e+00 	 1.200000e+02 	 -1.080000e+03 	 2.000000e+00
4 	 58 	 Ey 	 2 	 1.199329e+00 	 3.600000e+02 	 -1.080000e+03 	 2.000000e+00
4 	 59 	 Ey 	 2 	 1.860815e+00 	 6.000000e+02 	 -1.080000e+03 	 2.000000e+00
4 	 60 	 Ey 	 2 	 1.199613e+00 	 8.400000e+02 	 -1.080000e+03 	 2.000000e+00
4 	 61 	 Ey 	 2 	 1.376599e+00 	 1.080000e+03 	 -1.080000e+03 	 2.000000e+00
4 	 62 	 Ey 	 2 	 0.000000e+00 	 1.320000e+03 	 -1.080000e+03 	 2.000000e+00
4 	 63 	 Ey 	 2 	 0.000000e+00 	 1.560000e+03 	 -1.080000e+03 	 2.000000e+00
4 	 64 	 Ey 	 2 	 0.000000e+00 	 1.800000e+03 	 -1.080000e+03 	 2.000000e+00
4 	 65 	 Ey 	 2 	 1.181182e+00 	 -1.800000e+03 	 -8.400000e+02 	 2.000000e+00
4 	 66 	 Ey 	 2 	 1.854629e+00 	 -1.560000e+03 	 -8.400000e+02 	 2.000000e+00
4 	 67 	 Ey 	 2 	 5.934916e-01 	 -1.320000e+03 	 -8.400000e+02 	 2.000000e+00
4 	 68 	 Ey 	 2 	 5.707653e-01 	 -1.080000e+03 	 -8.400000e+02 	 2.000000e+00
4 	 69 	 Ey 	 2 	 1.061535e+00 	 -8.400000e+02 	 -8.400000e+02 	 2.000000e+00
4 	 70 	 Ey 	 2 	 1.155023e+00 	 -6.000000e+02 	 -8.400000e+02 	 2.000000e+00
4 	 71 	 Ey 	 2 	 1.220752e+00 	 -3.600000e+02 	 -8.400000e+02 	 2.000000e+00
4 	 72 	 Ey 	 2 	 1.209963e+00 	 -1.200000e+02 	 -8.400000e+02 	 2.000000e+00
4 	 73 	 Ey 	 2 	 8.080211e-01 	 1.200000e+02 	 -8.400000e+02 	 2.000000e+00
4 	 74 	 Ey 	 2 	 1.774516e+00 	 3.600000e+02 	 -8.400000e+02 	 2.000000e+00
4 	 75 	 Ey 	 2 	 7.646482e-01 	 6.000000e+02 	 -8.400000e+02 	 2.000000e+00
4 	 76 	 Ey 	 2 	 1.781472e+00 	 8.400000e+02 	 -8.400000e+02 	 2.000000e+00
4 	 77 	 Ey 	 2 	 1.480029e+00 	 1.080000e+03 	 -8.400000e+02 	 2.000000e+00
4 	 78 	 Ey 	 2 	 1.505121e+00 	 1.320000e+03 	 -8.400000e+02 	 2.000000e+00
4 	 79 	 Ey 	 2 	 2.054249e+00 	 1.560000e+03 	 -8.400000e+02 	 2.000000e+00
4 	 80 	 Ey 	 2 	 9.240196e-01 	 1.800000e+03 	 -8.400000e+02 	 2.000000e+00
4 	 81 	 Ey 	 2 	 1.079032e+00 	 -1.800000e+03 	 -6.000000e+02 	 2.000000e+00
4 	 82 	 Ey 	 2 	 5.818065e-01 	 -1.560000e+03 	 -6.000000e+02 	 2.000000e+00
4 	 83 	 Ey 	 2 	 1.532653e+00 	 -1.320000e+03 	 -6.000000e+02 	 2.000000e+00
4 	 84 	 Ey 	 2 	 2.265049e+00 	 -1.080000e+03 	 -6.000000e+02 	 2.000000e+00
4 	 85 	 Ey 	 2 	 1.109848e+00 	 -8.400000e+02 	 -6.000000e+02 	 2.000000e+00
4 	 86 	 Ey 	 2 	 6.467972e-01 	 -6.000000e+02 	 -6.000000e+02 	 2.000000e+00
4 	 87 	 Ey 	 2 	 2.613670e+00 	 -3.600000e+02 	 -6.000000e+02 	 2.000000e+00
4 	 88 	 Ey 	 2 	 2.485660e+00 	 -1.200000e+02 	 -6.000000e+02 	 2.000000e+00
4 	 89 	 Ey 	 2 	 4.769490e-01 	 1.200000e+02 	 -6.000000e+02 	 2.000000e+00
4 	 90 	 Ey 	 2 	 1.484719e+00 	 3.600000e+02 	 -6.000000e+02 	 2.000000e+00
4 	 91 	 Ey 	 2 	 5.099983e-01 	 6.000000e+02 	 -6.000000e+02 	 2.000000e+00
4 	 92 	 Ey 	 2 	 1.202172e+00 	 8.400000e+02 	 -6.000000e+02 	 2.000000e+00
4 	 93 	 Ey 	 2 	 1.512103e+00 	 1.080000e+03 	 -6.000000e+02 	 2.000000e+00
4 	 94 	 Ey 	 2 	 1.422897e+00 	 1.320000e+03 	 -6.000000e+02 	 2.000000e+00
4 	 95 	 Ey 	 2 	 5.269884e-01 	 1.560000e+03 	 -6.000000e+02 	 2.000000e+00
4 	 96 	 Ey 	 2 	 9.989688e-01 	 1.800000e+03 	 -6.000000e+02 	 2.000000e+00
4 	 97 	 Ey 	 2 	 1.625767e+00 	 -1.800000e+03 	 -3.600000e+02 	 2.000000e+00
4 	 98 	 Ey 	 2 	 1.836432e+00 	 -1.560000e+03 	 -3.600000e+02 	 2.000000e+00
4 	 99 	 Ey 	 2 	 2.799760e+00 	 -1.320000e+03 	 -3.600000e+02 	 2.000000e+00
4 	 100 	 Ey 	 2 	 1.368046e+00 	 -1.080000e+03 	 -3.600000e+02 	 2.000000e+00
4 	 101 	 Ey 	 2 	 1.470139e+00 	 -8.400000e+02 	 -3.600000e+02 	 2.000000e+00
4 	 102 	 Ey 	 2 	 6.880589e-01 	 -6.000000e+02 	 -3.600000e+02 	 2.000000e+00
4 	 103 	 Ey 	 2 	 1.063344e+00 	 -3.600000e+02 	 -3.600000e+02 	 2.000000e+00
4 	 104 	 Ey 	 2 	 1.231739e+00 	 -1.200000e+02 	 -3.600000e+02 	 2.000000e+00
4 	 105 	 Ey 	 2 	 1.279208e+00 	 1.200000e+02 	 -3.600000e+02 	 2.000000e+00
4 	 106 	 Ey 	 2 	 7.544195e-01 	 3.600000e+02 	 -3.600000e+02 	 2.000000e+00
4 	 107 	 Ey 	 2 	 1.396973e+00 	 6.000000e+02 	 -3.600000e+02 	 2.000000e+00
4 	 108 	 Ey 	 2 	 6.957860e-01 	 8.400000e+02 	 -3.600000e+02 	 2.000000e+00
4 	 109 	 Ey 	 2 	 2.348095e+00 	 1.080000e+03 	 -3.600000e+02 	 2.000000e+00
4 	 110 	 Ey 	 2 	 6.682659e-01 	 1.320000e+03 	 -3.600000e+02 	 2.000000e+00
4 	 111 	 Ey 	 2 	 1.415296e+00 	 1.560000e+03 	 -3.600000e+02 	 2.000000e+00
4 	 112 	 Ey 	 2 	 4.321126e-01 	 1.800000e+03 	 -3.600000e+02 	 2.000000e+00
4 	 113 	 Ey 	 2 	 2.329229e+00 	 -1.800000e+03 	 -1.200000e+02 	 2.000000e+00
4 	 114 	 Ey 	 2 	 1.512539e+00 	 -1.560000e+03 	 -1.200000e+02 	 2.000000e+00
4 	 115 	 Ey 	 2 	 1.455592e+00 	 -1.320000e+03 	 -1.200000e+02 	 2.000000e+00
4 	 116 	 Ey 	 2 	 8.886358e-01 	 -1.080000e+03 	 -1.200000e+02 	 2.000000e+00
4 	 117 	 Ey 	 2 	 2.350401e+00 	 -8.400000e+02 	 -1.200000e+02 	 2.000000e+00
4 	 118 	 Ey 	 2 	 7.907555e-01 	 -6.000000e+02 	 -1.200000e+02 	 2.000000e+00
4 	 119 	 Ey 	 2 	 2.398917e+00 	 -3.600000e+02 	 -1.200000e+02 	 2.000000e+00
4 	 120 	 Ey 	 2 	 4.290854e-01 	 -1.200000e+02 	 -1.200000e+02 	 2.000000e+00
4 	 121 	 Ey 	 2 	 2.141502e+00 	 1.200000e+02 	 -1.200000e+02 	 2.000000e+00
4 	 122 	 Ey 	 2 	 9.174107e-01 	 3.600000e+02 	 -1.200000e+02 	 2.000000e+00
4 	 123 	 Ey 	 2 	 8.129709e-01 	 6.000000e+02 	 -1.200000e+02 	 2.000000e+00
4 	 124 	 Ey 	 2 	 6.185240e-01 	 8.400000e+02 	 -1.200000e+02 	 2.000000e+00
4 	 125 	 Ey 	 2 	 6.660240e-01 	 1.080000e+03 	 -1.200000e+02 	 2.000000e+00
4 	 126 	 Ey 	 2 	 1.303936e+00 	 1.320000e+03 	 -1.200000e+02 	 2.000000e+00
4 	 127 	 Ey 	 2 	 4.572512e-01 	 1.560000e+03 	 -1.200000e+02 	 2.000000e+00
4 	 128 	 Ey 	 2 	 7.221759e-01 	 1.800000e+03 	 -1.200000e+02 	 2.000000e+00
4 	 129 	 Ey 	 2 	 2.235427e+00 	 -1.800000e+03 	 1.200000e+02 	 2.000000e+00
4 	 130 	 Ey 	 2 	 2.057832e+00 	 -1.560000e+03 	 1.200000e+02 	 2.000000e+00
4 	 131 	 Ey 	 2 	 2.447901e+00 	 -1.320000e+03 	 1.200000e+02 	 2.000000e+00
4 	 132 	 Ey 	 2 	 1.921703e+00 	 -1.080000e+03 	 1.200000e+02 	 2.000000e+00
4 	 133 	 Ey 	 2 	 5.214761e-01 	 -8.400000e+02 	 1.200000e+02 	 2.000000e+00
4 	 134 	 Ey 	 2 	 8.463264e-01 	 -6.000000e+02 	 1.200000e+02 	 2.000000e+00
4 	 135 	 Ey 	 2 	 1.558105e+00 	 -3.600000e+02 	 1.200000e+02 	 2.000000e+00
4 	 136 	 Ey 	 2 	 8.673958e-01 	 -1.200000e+02 	 1.200000e+02 	 2.000000e+00
4 	 137 	 Ey 	 2 	 1.235508e+00 	 1.200000e+02 	 1.200000e+02 	 2.000000e+00
4 	 138 	 Ey 	 2 	 1.477226e+00 	 3.600000e+02 	 1.200000e+02 	 2.000000e+00
4 	 139 	 Ey 	 2 	 1.744250e+00 	 6.000000e+02 	 1.200000e+02 	 2.000000e+00
4 	 140 	 Ey 	 2 	 1.024188e+00 	 8.400000e+02 	 1.200000e+02 	 2.000000e+00
4 	 141 	 Ey 	 2 	 6.343689e-01 	 1.080000e+03 	 1.200000e+02 	 2.000000e+00
4 	 142 	 Ey 	 2 	 1.576056e+00 	 1.320000e+03 	 1.200000e+02 	 2.000000e+00
4 	 143 	 Ey 	 2 	 1.058519e+00 	 1.560000e+03 	 1.200000e+02 	 2.000000e+00
4 	 144 	 Ey 	 2 	 1.545871e+00 	 1.800000e+03 	 1.200000e+02 	 2.000000e+00
4 	 145 	 Ey 	 2 	 2.040225e+00 	 -1.800000e+03 	 3.600000e+02 	 2.000000e+00
4 	 146 	 Ey 	 2 	 1.538985e+00 	 -1.560000e+03 	 3.600000e+02 	 2.000000e+00
4 	 147 	 Ey 	 2 	 1.640517e+00 	 -1.320000e+03 	 3.600000e+02 	 2.000000e+00
4 	 148 	 Ey 	 2 	 2.853769e-01 	 -1.080000e+03 	 3.600000e+02 	 2.000000e+00
4 	 149 	 Ey 	 2 	 5.561867e-01 	 -8.400000e+02 	 3.600000e+02 	 2.000000e+00
4 	 150 	 Ey 	 2 	 2.967682e+00 	 -6.000000e+02 	 3.600000e+02 	 2.000000e+00
4 	 151 	 Ey 	 2 	 2.189975e+00 	 -3.600000e+02 	 3.600000e+02 	 2.000000e+00
4 	 152 	 Ey 	 2 	 1.743817e-01 	 -1.200000e+02 	 3.600000e+02 	 2.000000e+00
4 	 153 	 Ey 	 2 	 1.161974e+00 	 1.200000e+02 	 3.600000e+02 	 2.000000e+00
4 	 154 	 Ey 	 2 	 1.440286e+00 	 3.600000e+02 	 3.600000e+02 	 2.000000e+00
4 	 155 	 Ey 	 2 	 5.845030e-01 	 6.000000e+02 	 3.600000e+02 	 2.000000e+00
4 	 156 	 Ey 	 2 	 7.076976e-01 	 8.400000e+02 	 3.600000e+02 	 2.000000e+00
4 	 157 	 Ey 	 2 	 2.033222e+00 	 1.080000e+03 	 3.600000e+02 	 2.000000e+00
4 	 158 	 Ey 	 2 	 5.222783e-01 	 1.320000e+03 	 3.600000e+02 	 2.000000e+00
4 	 159 	 Ey 	 2 	 1.431069e+00 	 1.560000e+03 	 3.600000e+02 	 2.000000e+00
4 	 160 	 Ey 	 2 	 3.618736e-01 	 1.800000e+03 	 3.600000e+02 	 2.000000e+00
4 	 161 	 Ey 	 2 	 1.504240e+00 	 -1.800000e+03 	 6.000000e+02 	 2.000000e+00
4 	 162 	 Ey 	 2 	 1.867890e+00 	 -1.560000e+03 	 6.000000e+02 	 2.000000e+00
4 	 163 	 Ey 	 2 	 1.110410e+00 	 -1.320000e+03 	 6.000000e+02 	 2.000000e+00
4 	 164 	 Ey 	 2 	 1.506731e+00 	 -1.080000e+03 	 6.000000e+02 	 2.000000e+00
4 	 165 	 Ey 	 2 	 2.648988e+00 	 -8.400000e+02 	 6.000000e+02 	 2.000000e+00
4 	 166 	 Ey 	 2 	 8.049896e-01 	 -6.000000e+02 	 6.000000e+02 	 2.000000e+00
4 	 167 	 Ey 	 2 	 1.824657e+00 	 -3.600000e+02 	 6.000000e+02 	 2.000000e+00
4 	 168 	 Ey 	 2 	 1.145774e+00 	 -1.200000e+02 	 6.000000e+02 	 2.000000e+00
4 	 169 	 Ey 	 2 	 6.928861e-01 	 1.200000e+02 	 6.000000e+02 	 2.000000e+00
4 	 170 	 Ey 	 2 	 1.902233e-01 	 3.600000e+02 	 6.000000e+02 	 2.000000e+00
4 	 171 	 Ey 	 2 	 9.721618e-01 	 6.000000e+02 	 6.000000e+02 	 2.000000e+00
4 	 172 	 Ey 	 2 	 4.235997e-01 	 8.400000e+02 	 6.000000e+02 	 2.000000e+00
4 	 173 	 Ey 	 2 	 1.457956e+00 	 1.080000e+03 	 6.000000e+02 	 2.000000e+00
4 	 174 	 Ey 	 2 	 9.609037e-01 	 1.320000e+03 	 6.000000e+02 	 2.000000e+00
4 	 175 	 Ey 	 2 	 1.359824e+00 	 1.560000e+03 	 6.000000e+02 	 2.000000e+00
4 	 176 	 Ey 	 2 	 1.405587e+00 	 1.800000e+03 	 6.000000e+02 	 2.000000e+00
4 	 177 	 Ey 	 2 	 2.241715e+00 	 -1.800000e+03 	 8.400000e+02 	 2.000000e+00
4 	 178 	 Ey 	 2 	 1.083272e+00 	 -1.560000e+03 	 8.400000e+02 	 2.000000e+00
4 	 179 	 Ey 	 2 	 1.015416e+00 	 -1.320000e+03 	 8.400000e+02 	 2.000000e+00
4 	 180 	 Ey 	 2 	 6.578609e-01 	 -1.080000e+03 	 8.400000e+02 	 2.000000e+00
4 	 181 	 Ey 	 2 	 2.315682e+00 	 -8.400000e+02 	 8.400000e+02 	 2.000000e+00
4 	 182 	 Ey 	 2 	 1.156548e+00 	 -6.000000e+02 	 8.400000e+02 	 2.000000e+00
4 	 183 	 Ey 	 2 	 1.659836e+00 	 -3.600000e+02 	 8.400000e+02 	 2.000000e+00
4 	 184 	 Ey 	 2 	 2.215258e-01 	 -1.200000e+02 	 8.400000e+02 	 2.000000e+00
4 	 185 	 Ey 	 2 	 2.980908e-01 	 1.200000e+02 	 8.400000e+02 	 2.000000e+00
4 	 186 	 Ey 	 2 	 1.522694e+00 	 3.600000e+02 	 8.400000e+02 	 2.000000e+00
4 	 187 	 Ey 	 2 	 7.970104e-02 	 6.000000e+02 	 8.400000e+02 	 2.000000e+00
4 	 188 	 Ey 	 2 	 1.716911e+00 	 8.400000e+02 	 8.400000e+02 	 2.000000e+00
4 	 189 	 Ey 	 2 	 7.406253e-01 	 1.080000e+03 	 8.400000e+02 	 2.000000e+00
4 	 190 	 Ey 	 2 	 9.881256e-01 	 1.320000e+03 	 8.400000e+02 	 2.000000e+00
4 	 191 	 Ey 	 2 	 1.201048e+00 	 1.560000e+03 	 8.400000e+02 	 2.000000e+00
4 	 192 	 Ey 	 2 	 1.235809e+00 	 1.800000e+03 	 8.400000e+02 	 2.000000e+00
4 	 193 	 Ey 	 2 	 1.280347e+00 	 -1.800000e+03 	 1.080000e+03 	 2.000000e+00
4 	 194 	 Ey 	 2 	 3.636121e-01 	 -1.560000e+03 	 1.080000e+03 	 2.000000e+00
4 	 195 	 Ey 	 2 	 2.225211e+00 	 -1.320000e+03 	 1.080000e+03 	 2.000000e+00
4 	 196 	 Ey 	 2 	 6.761357e-01 	 -1.080000e+03 	 1.080000e+03 	 2.000000e+00
4 	 197 	 Ey 	 2 	 5.524702e-01 	 -8.400000e+02 	 1.080000e+03 	 2.000000e+00
4 	 198 	 Ey 	 2 	 1.432809e+00 	 -6.000000e+02 	 1.080000e+03 	 2.000000e+00
4 	 199 	 Ey 	 2 	 8.008307e-01 	 -3.600000e+02 	 1.080000e+03 	 2.000000e+00
4 	 200 	 Ey 	 2 	 9.157705e-01 	 -1.200000e+02 	 1.080000e+03 	 2.000000e+00
4 	 201 	 Ey 	 2 	 1.552133e+00 	 1.200000e+02 	 1.080000e+03 	 2.000000e+00
4 	 202 	 Ey 	 2 	 8.718321e-01 	 3.600000e+02 	 1.080000e+03 	 2.000000e+00
4 	 203 	 Ey 	 2 	 1.078659e+00 	 6.000000e+02 	 1.080000e+03 	 2.000000e+00
4 	 204 	 Ey 	 2 	 2.011170e+00 	 8.400000e+02 	 1.080000e+03 	 2.000000e+00
4 	 205 	 Ey 	 2 	 1.012520e+00 	 1.080000e+03 	 1.080000e+03 	 2.000000e+00
4 	 206 	 Ey 	 2 	 1.139707e+00 	 1.320000e+03 	 1.080000e+03 	 2.000000e+00
4 	 207 	 Ey 	 2 	 8.602712e-01 	 1.560000e+03 	 1.080000e+03 	 2.000000e+00
4 	 208 	 Ey 	 2 	 2.162514e+00 	 1.800000e+03 	 1.080000e+03 	 2.000000e+00
4 	 209 	 Ey 	 2 	 1.630574e+00 	 -1.800000e+03 	 1.320000e+03 	 2.000000e+00
4 	 210 	 Ey 	 2 	 7.632704e-01 	 -1.560000e+03 	 1.320000e+03 	 2.000000e+00
4 	 211 	 Ey 	 2 	 1.243074e+00 	 -1.320000e+03 	 1.320000e+03 	 2.000000e+00
4 	 212 	 Ey 	 2 	 8.424309e-01 	 -1.080000e+03 	 1.320000e+03 	 2.000000e+00
4 	 213 	 Ey 	 2 	 1.751676e+00 	 -8.400000e+02 	 1.320000e+03 	 2.000000e+00
4 	 214 	 Ey 	 2 	 7.383883e-01 	 -6.000000e+02 	 1.320000e+03 	 2.000000e+00
4 	 215 	 Ey 	 2 	 6.365600e-01 	 -3.600000e+02 	 1.320000e+03 	 2.000000e+00
4 	 216 	 Ey 	 2 	 1.392793e+00 	 -1.200000e+02 	 1.320000e+03 	 2.000000e+00
4 	 217 	 Ey 	 2 	 6.990467e-01 	 1.200000e+02 	 1.320000e+03 	 2.000000e+00
4 	 218 	 Ey 	 2 	 4.029068e-01 	 3.600000e+02 	 1.320000e+03 	 2.000000e+00
4 	 219 	 Ey 	 2 	 1.873884e+00 	 6.000000e+02 	 1.320000e+03 	 2.000000e+00
4 	 220 	 Ey 	 2 	 3.625733e-01 	 8.400000e+02 	 1.320000e+03 	 2.000000e+00
4 	 221 	 Ey 	 2 	 1.258316e+00 	 1.080000e+03 	 1.320000e+03 	 2.000000e+00
4 	 222 	 Ey 	 2 	 1.034787e+00 	 1.320000e+03 	 1.320000e+03 	 2.000000e+00
4 	 223 	 Ey 	 2 	 1.662666e+00 	 1.560000e+03 	 1.320000e+03 	 2.000000e+00
4 	 224 	 Ey 	 2 	 2.206923e+00 	 1.800000e+03 	 1.320000e+03 	 2.000000e+00
4 	 225 	 Ey 	 2 	 2.032276e+00 	 -1.800000e+03 	 1.560000e+03 	 2.000000e+00
4 	 226 	 Ey 	 2 	 1.686245e+00 	 -1.560000e+03 	 1.560000e+03 	 2.000000e+00
4 	 227 	 Ey 	 2 	 5.173370e-01 	 -1.320000e+03 	 1.560000e+03 	 2.000000e+00
4 	 228 	 Ey 	 2 	 1.846887e-01 	 -1.080000e+03 	 1.560000e+03 	 2.000000e+00
4 	 229 	 Ey 	 2 	 1.123783e+00 	 -8.400000e+02 	 1.560000e+03 	 2.000000e+00
4 	 230 	 Ey 	 2 	 1.271092e+00 	 -6.000000e+02 	 1.560000e+03 	 2.000000e+00
4 	 231 	 Ey 	 2 	 1.043256e+00 	 -3.600000e+02 	 1.560000e+03 	 2.000000e+00
4 	 232 	 Ey 	 2 	 1.369491e+00 	 -1.200000e+02 	 1.560000e+03 	 2.000000e+00
4 	 233 	 Ey 	 2 	 2.144293e+00 	 1.200000e+02 	 1.560000e+03 	 2.000000e+00
4 	 234 	 Ey 	 2 	 5.842844e-01 	 3.600000e+02 	 1.560000e+03 	 2.000000e+00
4 	 235 	 Ey 	 2 	 1.882190e-01 	 6.000000e+02 	 1.560000e+03 	 2.000000e+00
4 	 236 	 Ey 	 2 	 9.203746e-01 	 8.400000e+02 	 1.560000e+03 	 2.000000e+00
4 	 237 	 Ey 	 2 	 7.919841e-01 	 1.080000e+03 	 1.560000e+03 	 2.000000e+00
4 	 238 	 Ey 	 2 	 4.632334e-01 	 1.320000e+03 	 1.560000e+03 	 2.000000e+00
4 	 239 	 Ey 	 2 	 6.946458e-01 	 1.560000e+03 	 1.560000e+03 	 2.000000e+00
4 	 240 	 Ey 	 2 	 2.814214e-01 	 1.800000e+03 	 1.560000e+03 	 2.000000e+00
4 	 241 	 Ey 	 2 	 6.667623e-01 	 -1.800000e+03 	 1.800000e+03 	 2.000000e+00
4 	 242 	 Ey 	 2 	 5.387021e-01 	 -1.560000e+03 	 1.800000e+03 	 2.000000e+00
4 	 243 	 Ey 	 2 	 1.832794e+00 	 -1.320000e+03 	 1.800000e+03 	 2.000000e+00
4 	 244 	 Ey 	 2 	 1.862483e+00 	 -1.080000e+03 	 1.800000e+03 	 2.000000e+00
4 	 245 	 Ey 	 2 	 2.841439e+00 	 -8.400000e+02 	 1.800000e+03 	 2.000000e+00
4 	 246 	 Ey 	 2 	 1.162613e+00 	 -6.000000e+02 	 1.800000e+03 	 2.000000e+00
4 	 247 	 Ey 	 2 	 1.446056e+00 	 -3.600000e+02 	 1.800000e+03 	 2.000000e+00
4 	 248 	 Ey 	 2 	 5.400615e-01 	 -1.200000e+02 	 1.800000e+03 	 2.000000e+00
4 	 249 	 Ey 	 2 	 1.206145e+00 	 1.200000e+02 	 1.800000e+03 	 2.000000e+00
4 	 250 	 Ey 	 2 	 1.420440e+00 	 3.600000e+02 	 1.800000e+03 	 2.000000e+00
4 	 251 	 Ey 	 2 	 5.621547e-01 	 6.000000e+02 	 1.800000e+03 	 2.000000e+00
4 	 252 	 Ey 	 2 	 3.751724e-01 	 8.400000e+02 	 1.800000e+03 	 2.000000e+00
4 	 253 	 Ey 	 2 	 8.246602e-01 	 1.080000e+03 	 1.800000e+03 	 2.000000e+00
4 	 254 	 Ey 	 2 	 1.313327e+00 	 1.320000e+03 	 1.800000e+03 	 2.000000e+00
4 	 255 	 Ey 	 2 	 1.155975e+00 	 1.560000e+03 	 1.800000e+03 	 2.000000e+00
4 	 256 	 Ey 	 2 	 2.316523e-01 	 1.800000e+03 	 1.800000e+03 	 2.000000e+00
