iTx 	 iRx    ichrec  ifreq 	 sig_misfit   x       y      z
16 	 1 	 Ex 	 1 	 1.150582e+00 	 -1.800000e+03 	 -1.800000e+03 	 2.000000e+00
16 	 2 	 Ex 	 1 	 9.815626e-01 	 -1.560000e+03 	 -1.800000e+03 	 2.000000e+00
16 	 3 	 Ex 	 1 	 1.282120e+00 	 -1.320000e+03 	 -1.800000e+03 	 2.000000e+00
16 	 4 	 Ex 	 1 	 1.233989e+00 	 -1.080000e+03 	 -1.800000e+03 	 2.000000e+00
16 	 5 	 Ex 	 1 	 5.549258e-01 	 -8.400000e+02 	 -1.800000e+03 	 2.000000e+00
16 	 6 	 Ex 	 1 	 2.159791e+00 	 -6.000000e+02 	 -1.800000e+03 	 2.000000e+00
16 	 7 	 Ex 	 1 	 1.731752e+00 	 -3.600000e+02 	 -1.800000e+03 	 2.000000e+00
16 	 8 	 Ex 	 1 	 8.534359e-01 	 -1.200000e+02 	 -1.800000e+03 	 2.000000e+00
16 	 9 	 Ex 	 1 	 1.622264e+00 	 1.200000e+02 	 -1.800000e+03 	 2.000000e+00
16 	 10 	 Ex 	 1 	 1.283020e+00 	 3.600000e+02 	 -1.800000e+03 	 2.000000e+00
16 	 11 	 Ex 	 1 	 8.752143e-01 	 6.000000e+02 	 -1.800000e+03 	 2.000000e+00
16 	 12 	 Ex 	 1 	 1.106528e+00 	 8.400000e+02 	 -1.800000e+03 	 2.000000e+00
16 	 13 	 Ex 	 1 	 6.416414e-01 	 1.080000e+03 	 -1.800000e+03 	 2.000000e+00
16 	 14 	 Ex 	 1 	 2.283839e+00 	 1.320000e+03 	 -1.800000e+03 	 2.000000e+00
16 	 15 	 Ex 	 1 	 4.074290e-01 	 1.560000e+03 	 -1.800000e+03 	 2.000000e+00
16 	 16 	 Ex 	 1 	 1.408203e+00 	 1.800000e+03 	 -1.800000e+03 	 2.000000e+00
16 	 17 	 Ex 	 1 	 5.109534e-01 	 -1.800000e+03 	 -1.560000e+03 	 2.000000e+00
16 	 18 	 Ex 	 1 	 3.862883e-01 	 -1.560000e+03 	 -1.560000e+03 	 2.000000e+00
16 	 19 	 Ex 	 1 	 7.437385e-01 	 -1.320000e+03 	 -1.560000e+03 	 2.000000e+00
16 	 20 	 Ex 	 1 	 1.327693e+00 	 -1.080000e+03 	 -1.560000e+03 	 2.000000e+00
16 	 21 	 Ex 	 1 	 6.604634e-01 	 -8.400000e+02 	 -1.560000e+03 	 2.000000e+00
16 	 22 	 Ex 	 1 	 8.093946e-02 	 -6.000000e+02 	 -1.560000e+03 	 2.000000e+00
16 	 23 	 Ex 	 1 	 2.047534e+00 	 -3.600000e+02 	 -1.560000e+03 	 2.000000e+00
16 	 24 	 Ex 	 1 	 1.414236e+00 	 -1.200000e+02 	 -1.560000e+03 	 2.000000e+00
16 	 25 	 Ex 	 1 	 1.327454e+00 	 1.200000e+02 	 -1.560000e+03 	 2.000000e+00
16 	 26 	 Ex 	 1 	 5.910333e-01 	 3.600000e+02 	 -1.560000e+03 	 2.000000e+00
16 	 27 	 Ex 	 1 	 7.355919e-01 	 6.000000e+02 	 -1.560000e+03 	 2.000000e+00
16 	 28 	 Ex 	 1 	 1.221611e+00 	 8.400000e+02 	 -1.560000e+03 	 2.000000e+00
16 	 29 	 Ex 	 1 	 2.300360e+00 	 1.080000e+03 	 -1.560000e+03 	 2.000000e+00
16 	 30 	 Ex 	 1 	 1.965882e+00 	 1.320000e+03 	 -1.560000e+03 	 2.000000e+00
16 	 31 	 Ex 	 1 	 6.820271e-01 	 1.560000e+03 	 -1.560000e+03 	 2.000000e+00
16 	 32 	 Ex 	 1 	 2.067533e+00 	 1.800000e+03 	 -1.560000e+03 	 2.000000e+00
16 	 33 	 Ex 	 1 	 1.217808e+00 	 -1.800000e+03 	 -1.320000e+03 	 2.000000e+00
16 	 34 	 Ex 	 1 	 1.344352e+00 	 -1.560000e+03 	 -1.320000e+03 	 2.000000e+00
16 	 35 	 Ex 	 1 	 1.156863e+00 	 -1.320000e+03 	 -1.320000e+03 	 2.000000e+00
16 	 36 	 Ex 	 1 	 1.652605e+00 	 -1.080000e+03 	 -1.320000e+03 	 2.000000e+00
16 	 37 	 Ex 	 1 	 8.493600e-01 	 -8.400000e+02 	 -1.320000e+03 	 2.000000e+00
16 	 38 	 Ex 	 1 	 4.080758e-01 	 -6.000000e+02 	 -1.320000e+03 	 2.000000e+00
16 	 39 	 Ex 	 1 	 1.340382e-01 	 -3.600000e+02 	 -1.320000e+03 	 2.000000e+00
16 	 40 	 Ex 	 1 	 4.125365e-01 	 -1.200000e+02 	 -1.320000e+03 	 2.000000e+00
16 	 41 	 Ex 	 1 	 9.528838e-01 	 1.200000e+02 	 -1.320000e+03 	 2.000000e+00
16 	 42 	 Ex 	 1 	 2.043589e+00 	 3.600000e+02 	 -1.320000e+03 	 2.000000e+00
16 	 43 	 Ex 	 1 	 8.457263e-01 	 6.000000e+02 	 -1.320000e+03 	 2.000000e+00
16 	 44 	 Ex 	 1 	 5.800492e-01 	 8.400000e+02 	 -1.320000e+03 	 2.000000e+00
16 	 45 	 Ex 	 1 	 2.208052e-01 	 1.080000e+03 	 -1.320000e+03 	 2.000000e+00
16 	 46 	 Ex 	 1 	 1.911516e+00 	 1.320000e+03 	 -1.320000e+03 	 2.000000e+00
16 	 47 	 Ex 	 1 	 6.782861e-01 	 1.560000e+03 	 -1.320000e+03 	 2.000000e+00
16 	 48 	 Ex 	 1 	 9.093212e-01 	 1.800000e+03 	 -1.320000e+03 	 2.000000e+00
16 	 49 	 Ex 	 1 	 1.303189e+00 	 -1.800000e+03 	 -1.080000e+03 	 2.000000e+00
16 	 50 	 Ex 	 1 	 8.781048e-01 	 -1.560000e+03 	 -1.080000e+03 	 2.000000e+00
16 	 51 	 Ex 	 1 	 5.809859e-01 	 -1.320000e+03 	 -1.080000e+03 	 2.000000e+00
16 	 52 	 Ex 	 1 	 1.929969e+00 	 -1.080000e+03 	 -1.080000e+03 	 2.000000e+00
16 	 53 	 Ex 	 1 	 2.856607e-01 	 -8.400000e+02 	 -1.080000e+03 	 2.000000e+00
16 	 54 	 Ex 	 1 	 1.376991e+00 	 -6.000000e+02 	 -1.080000e+03 	 2.000000e+00
16 	 55 	 Ex 	 1 	 8.500202e-01 	 -3.600000e+02 	 -1.080000e+03 	 2.000000e+00
16 	 56 	 Ex 	 1 	 8.028274e-01 	 -1.200000e+02 	 -1.080000e+03 	 2.000000e+00
16 	 57 	 Ex 	 1 	 1.367745e+00 	 1.200000e+02 	 -1.080000e+03 	 2.000000e+00
16 	 58 	 Ex 	 1 	 1.168394e+00 	 3.600000e+02 	 -1.080000e+03 	 2.000000e+00
16 	 59 	 Ex 	 1 	 2.306858e-01 	 6.000000e+02 	 -1.080000e+03 	 2.000000e+00
16 	 60 	 Ex 	 1 	 1.504595e+00 	 8.400000e+02 	 -1.080000e+03 	 2.000000e+00
16 	 61 	 Ex 	 1 	 2.779706e-01 	 1.080000e+03 	 -1.080000e+03 	 2.000000e+00
16 	 62 	 Ex 	 1 	 1.065832e+00 	 1.320000e+03 	 -1.080000e+03 	 2.000000e+00
16 	 63 	 Ex 	 1 	 7.453517e-01 	 1.560000e+03 	 -1.080000e+03 	 2.000000e+00
16 	 64 	 Ex 	 1 	 1.607714e+00 	 1.800000e+03 	 -1.080000e+03 	 2.000000e+00
16 	 65 	 Ex 	 1 	 1.816446e+00 	 -1.800000e+03 	 -8.400000e+02 	 2.000000e+00
16 	 66 	 Ex 	 1 	 8.518658e-01 	 -1.560000e+03 	 -8.400000e+02 	 2.000000e+00
16 	 67 	 Ex 	 1 	 1.339617e+00 	 -1.320000e+03 	 -8.400000e+02 	 2.000000e+00
16 	 68 	 Ex 	 1 	 1.331393e+00 	 -1.080000e+03 	 -8.400000e+02 	 2.000000e+00
16 	 69 	 Ex 	 1 	 4.238210e-01 	 -8.400000e+02 	 -8.400000e+02 	 2.000000e+00
16 	 70 	 Ex 	 1 	 1.222099e+00 	 -6.000000e+02 	 -8.400000e+02 	 2.000000e+00
16 	 71 	 Ex 	 1 	 2.231508e+00 	 -3.600000e+02 	 -8.400000e+02 	 2.000000e+00
16 	 72 	 Ex 	 1 	 8.579853e-01 	 -1.200000e+02 	 -8.400000e+02 	 2.000000e+00
16 	 73 	 Ex 	 1 	 3.936696e-01 	 1.200000e+02 	 -8.400000e+02 	 2.000000e+00
16 	 74 	 Ex 	 1 	 8.877315e-01 	 3.600000e+02 	 -8.400000e+02 	 2.000000e+00
16 	 75 	 Ex 	 1 	 2.189364e+00 	 6.000000e+02 	 -8.400000e+02 	 2.000000e+00
16 	 76 	 Ex 	 1 	 1.131624e+00 	 8.400000e+02 	 -8.400000e+02 	 2.000000e+00
16 	 77 	 Ex 	 1 	 1.548218e+00 	 1.080000e+03 	 -8.400000e+02 	 2.000000e+00
16 	 78 	 Ex 	 1 	 4.216231e-01 	 1.320000e+03 	 -8.400000e+02 	 2.000000e+00
16 	 79 	 Ex 	 1 	 8.173292e-02 	 1.560000e+03 	 -8.400000e+02 	 2.000000e+00
16 	 80 	 Ex 	 1 	 2.727243e+00 	 1.800000e+03 	 -8.400000e+02 	 2.000000e+00
16 	 81 	 Ex 	 1 	 1.427289e+00 	 -1.800000e+03 	 -6.000000e+02 	 2.000000e+00
16 	 82 	 Ex 	 1 	 2.810974e+00 	 -1.560000e+03 	 -6.000000e+02 	 2.000000e+00
16 	 83 	 Ex 	 1 	 1.021803e+00 	 -1.320000e+03 	 -6.000000e+02 	 2.000000e+00
16 	 84 	 Ex 	 1 	 4.966682e-01 	 -1.080000e+03 	 -6.000000e+02 	 2.000000e+00
16 	 85 	 Ex 	 1 	 1.507089e+00 	 -8.400000e+02 	 -6.000000e+02 	 2.000000e+00
16 	 86 	 Ex 	 1 	 6.172469e-01 	 -6.000000e+02 	 -6.000000e+02 	 2.000000e+00
16 	 87 	 Ex 	 1 	 4.890293e-01 	 -3.600000e+02 	 -6.000000e+02 	 2.000000e+00
16 	 88 	 Ex 	 1 	 8.920625e-01 	 -1.200000e+02 	 -6.000000e+02 	 2.000000e+00
16 	 89 	 Ex 	 1 	 2.007018e+00 	 1.200000e+02 	 -6.000000e+02 	 2.000000e+00
16 	 90 	 Ex 	 1 	 2.059592e+00 	 3.600000e+02 	 -6.000000e+02 	 2.000000e+00
16 	 91 	 Ex 	 1 	 4.499700e-01 	 6.000000e+02 	 -6.000000e+02 	 2.000000e+00
16 	 92 	 Ex 	 1 	 1.071206e+00 	 8.400000e+02 	 -6.000000e+02 	 2.000000e+00
16 	 93 	 Ex 	 1 	 1.171038e+00 	 1.080000e+03 	 -6.000000e+02 	 2.000000e+00
16 	 94 	 Ex 	 1 	 1.042539e+00 	 1.320000e+03 	 -6.000000e+02 	 2.000000e+00
16 	 95 	 Ex 	 1 	 1.722195e+00 	 1.560000e+03 	 -6.000000e+02 	 2.000000e+00
16 	 96 	 Ex 	 1 	 1.614066e+00 	 1.800000e+03 	 -6.000000e+02 	 2.000000e+00
16 	 97 	 Ex 	 1 	 1.542494e+00 	 -1.800000e+03 	 -3.600000e+02 	 2.000000e+00
16 	 98 	 Ex 	 1 	 6.579806e-01 	 -1.560000e+03 	 -3.600000e+02 	 2.000000e+00
16 	 99 	 Ex 	 1 	 1.598067e+00 	 -1.320000e+03 	 -3.600000e+02 	 2.000000e+00
16 	 100 	 Ex 	 1 	 1.375885e+00 	 -1.080000e+03 	 -3.600000e+02 	 2.000000e+00
16 	 101 	 Ex 	 1 	 1.083764e+00 	 -8.400000e+02 	 -3.600000e+02 	 2.000000e+00
16 	 102 	 Ex 	 1 	 1.624053e+00 	 -6.000000e+02 	 -3.600000e+02 	 2.000000e+00
16 	 103 	 Ex 	 1 	 1.356968e+00 	 -3.600000e+02 	 -3.600000e+02 	 2.000000e+00
16 	 104 	 Ex 	 1 	 1.832214e+00 	 -1.200000e+02 	 -3.600000e+02 	 2.000000e+00
16 	 105 	 Ex 	 1 	 7.363911e-01 	 1.200000e+02 	 -3.600000e+02 	 2.000000e+00
16 	 106 	 Ex 	 1 	 7.223492e-01 	 3.600000e+02 	 -3.600000e+02 	 2.000000e+00
16 	 107 	 Ex 	 1 	 1.335416e+00 	 6.000000e+02 	 -3.600000e+02 	 2.000000e+00
16 	 108 	 Ex 	 1 	 6.126989e-01 	 8.400000e+02 	 -3.600000e+02 	 2.000000e+00
16 	 109 	 Ex 	 1 	 1.150204e+00 	 1.080000e+03 	 -3.600000e+02 	 2.000000e+00
16 	 110 	 Ex 	 1 	 1.430474e+00 	 1.320000e+03 	 -3.600000e+02 	 2.000000e+00
16 	 111 	 Ex 	 1 	 2.805587e-01 	 1.560000e+03 	 -3.600000e+02 	 2.000000e+00
16 	 112 	 Ex 	 1 	 2.063964e+00 	 1.800000e+03 	 -3.600000e+02 	 2.000000e+00
16 	 113 	 Ex 	 1 	 2.147000e+00 	 -1.800000e+03 	 -1.200000e+02 	 2.000000e+00
16 	 114 	 Ex 	 1 	 1.444384e+00 	 -1.560000e+03 	 -1.200000e+02 	 2.000000e+00
16 	 115 	 Ex 	 1 	 1.525056e+00 	 -1.320000e+03 	 -1.200000e+02 	 2.000000e+00
16 	 116 	 Ex 	 1 	 1.986522e+00 	 -1.080000e+03 	 -1.200000e+02 	 2.000000e+00
16 	 117 	 Ex 	 1 	 1.186083e+00 	 -8.400000e+02 	 -1.200000e+02 	 2.000000e+00
16 	 118 	 Ex 	 1 	 1.582193e+00 	 -6.000000e+02 	 -1.200000e+02 	 2.000000e+00
16 	 119 	 Ex 	 1 	 2.373225e+00 	 -3.600000e+02 	 -1.200000e+02 	 2.000000e+00
16 	 120 	 Ex 	 1 	 6.960347e-01 	 -1.200000e+02 	 -1.200000e+02 	 2.000000e+00
16 	 121 	 Ex 	 1 	 1.197124e+00 	 1.200000e+02 	 -1.200000e+02 	 2.000000e+00
16 	 122 	 Ex 	 1 	 8.089647e-01 	 3.600000e+02 	 -1.200000e+02 	 2.000000e+00
16 	 123 	 Ex 	 1 	 1.833579e+00 	 6.000000e+02 	 -1.200000e+02 	 2.000000e+00
16 	 124 	 Ex 	 1 	 8.180760e-01 	 8.400000e+02 	 -1.200000e+02 	 2.000000e+00
16 	 125 	 Ex 	 1 	 1.288560e+00 	 1.080000e+03 	 -1.200000e+02 	 2.000000e+00
16 	 126 	 Ex 	 1 	 1.028770e+00 	 1.320000e+03 	 -1.200000e+02 	 2.000000e+00
16 	 127 	 Ex 	 1 	 7.990265e-01 	 1.560000e+03 	 -1.200000e+02 	 2.000000e+00
16 	 128 	 Ex 	 1 	 1.224790e+00 	 1.800000e+03 	 -1.200000e+02 	 2.000000e+00
16 	 129 	 Ex 	 1 	 1.578087e+00 	 -1.800000e+03 	 1.200000e+02 	 2.000000e+00
16 	 130 	 Ex 	 1 	 1.422766e+00 	 -1.560000e+03 	 1.200000e+02 	 2.000000e+00
16 	 131 	 Ex 	 1 	 8.736678e-01 	 -1.320000e+03 	 1.200000e+02 	 2.000000e+00
16 	 132 	 Ex 	 1 	 1.493093e+00 	 -1.080000e+03 	 1.200000e+02 	 2.000000e+00
16 	 133 	 Ex 	 1 	 1.352534e+00 	 -8.400000e+02 	 1.200000e+02 	 2.000000e+00
16 	 134 	 Ex 	 1 	 5.933942e-01 	 -6.000000e+02 	 1.200000e+02 	 2.000000e+00
16 	 135 	 Ex 	 1 	 1.258500e+00 	 -3.600000e+02 	 1.200000e+02 	 2.000000e+00
16 	 136 	 Ex 	 1 	 1.910652e+00 	 -1.200000e+02 	 1.200000e+02 	 2.000000e+00
16 	 137 	 Ex 	 1 	 3.877274e-01 	 1.200000e+02 	 1.200000e+02 	 2.000000e+00
16 	 138 	 Ex 	 1 	 5.670964e-01 	 3.600000e+02 	 1.200000e+02 	 2.000000e+00
16 	 139 	 Ex 	 1 	 7.676140e-01 	 6.000000e+02 	 1.200000e+02 	 2.000000e+00
16 	 140 	 Ex 	 1 	 9.162024e-01 	 8.400000e+02 	 1.200000e+02 	 2.000000e+00
16 	 141 	 Ex 	 1 	 1.133051e+00 	 1.080000e+03 	 1.200000e+02 	 2.000000e+00
16 	 142 	 Ex 	 1 	 8.710991e-01 	 1.320000e+03 	 1.200000e+02 	 2.000000e+00
16 	 143 	 Ex 	 1 	 1.160574e+00 	 1.560000e+03 	 1.200000e+02 	 2.000000e+00
16 	 144 	 Ex 	 1 	 1.568728e+00 	 1.800000e+03 	 1.200000e+02 	 2.000000e+00
16 	 145 	 Ex 	 1 	 1.016666e+00 	 -1.800000e+03 	 3.600000e+02 	 2.000000e+00
16 	 146 	 Ex 	 1 	 7.439952e-01 	 -1.560000e+03 	 3.600000e+02 	 2.000000e+00
16 	 147 	 Ex 	 1 	 8.508043e-01 	 -1.320000e+03 	 3.600000e+02 	 2.000000e+00
16 	 148 	 Ex 	 1 	 1.006960e+00 	 -1.080000e+03 	 3.600000e+02 	 2.000000e+00
16 	 149 	 Ex 	 1 	 1.617417e+00 	 -8.400000e+02 	 3.600000e+02 	 2.000000e+00
16 	 150 	 Ex 	 1 	 1.198384e+00 	 -6.000000e+02 	 3.600000e+02 	 2.000000e+00
16 	 151 	 Ex 	 1 	 1.230410e+00 	 -3.600000e+02 	 3.600000e+02 	 2.000000e+00
16 	 152 	 Ex 	 1 	 8.701216e-01 	 -1.200000e+02 	 3.600000e+02 	 2.000000e+00
16 	 153 	 Ex 	 1 	 2.858503e-01 	 1.200000e+02 	 3.600000e+02 	 2.000000e+00
16 	 154 	 Ex 	 1 	 1.403522e-01 	 3.600000e+02 	 3.600000e+02 	 2.000000e+00
16 	 155 	 Ex 	 1 	 1.267603e+00 	 6.000000e+02 	 3.600000e+02 	 2.000000e+00
16 	 156 	 Ex 	 1 	 1.081479e+00 	 8.400000e+02 	 3.600000e+02 	 2.000000e+00
16 	 157 	 Ex 	 1 	 1.160766e+00 	 1.080000e+03 	 3.600000e+02 	 2.000000e+00
16 	 158 	 Ex 	 1 	 4.440027e-01 	 1.320000e+03 	 3.600000e+02 	 2.000000e+00
16 	 159 	 Ex 	 1 	 1.101740e+00 	 1.560000e+03 	 3.600000e+02 	 2.000000e+00
16 	 160 	 Ex 	 1 	 2.152909e+00 	 1.800000e+03 	 3.600000e+02 	 2.000000e+00
16 	 161 	 Ex 	 1 	 9.905600e-01 	 -1.800000e+03 	 6.000000e+02 	 2.000000e+00
16 	 162 	 Ex 	 1 	 1.272630e+00 	 -1.560000e+03 	 6.000000e+02 	 2.000000e+00
16 	 163 	 Ex 	 1 	 4.732671e-01 	 -1.320000e+03 	 6.000000e+02 	 2.000000e+00
16 	 164 	 Ex 	 1 	 1.288086e+00 	 -1.080000e+03 	 6.000000e+02 	 2.000000e+00
16 	 165 	 Ex 	 1 	 1.568789e+00 	 -8.400000e+02 	 6.000000e+02 	 2.000000e+00
16 	 166 	 Ex 	 1 	 1.119136e+00 	 -6.000000e+02 	 6.000000e+02 	 2.000000e+00
16 	 167 	 Ex 	 1 	 1.161846e+00 	 -3.600000e+02 	 6.000000e+02 	 2.000000e+00
16 	 168 	 Ex 	 1 	 9.279767e-01 	 -1.200000e+02 	 6.000000e+02 	 2.000000e+00
16 	 169 	 Ex 	 1 	 3.593397e-01 	 1.200000e+02 	 6.000000e+02 	 2.000000e+00
16 	 170 	 Ex 	 1 	 1.146110e+00 	 3.600000e+02 	 6.000000e+02 	 2.000000e+00
16 	 171 	 Ex 	 1 	 8.041871e-01 	 6.000000e+02 	 6.000000e+02 	 2.000000e+00
16 	 172 	 Ex 	 1 	 1.708226e+00 	 8.400000e+02 	 6.000000e+02 	 2.000000e+00
16 	 173 	 Ex 	 1 	 1.243063e+00 	 1.080000e+03 	 6.000000e+02 	 2.000000e+00
16 	 174 	 Ex 	 1 	 5.812906e-01 	 1.320000e+03 	 6.000000e+02 	 2.000000e+00
16 	 175 	 Ex 	 1 	 4.320047e-01 	 1.560000e+03 	 6.000000e+02 	 2.000000e+00
16 	 176 	 Ex 	 1 	 2.454090e-01 	 1.800000e+03 	 6.000000e+02 	 2.000000e+00
16 	 177 	 Ex 	 1 	 5.559413e-01 	 -1.800000e+03 	 8.400000e+02 	 2.000000e+00
16 	 178 	 Ex 	 1 	 1.522663e+00 	 -1.560000e+03 	 8.400000e+02 	 2.000000e+00
16 	 179 	 Ex 	 1 	 7.920185e-01 	 -1.320000e+03 	 8.400000e+02 	 2.000000e+00
16 	 180 	 Ex 	 1 	 3.225374e-01 	 -1.080000e+03 	 8.400000e+02 	 2.000000e+00
16 	 181 	 Ex 	 1 	 8.826517e-01 	 -8.400000e+02 	 8.400000e+02 	 2.000000e+00
16 	 182 	 Ex 	 1 	 6.941509e-01 	 -6.000000e+02 	 8.400000e+02 	 2.000000e+00
16 	 183 	 Ex 	 1 	 8.409445e-01 	 -3.600000e+02 	 8.400000e+02 	 2.000000e+00
16 	 184 	 Ex 	 1 	 2.402684e+00 	 -1.200000e+02 	 8.400000e+02 	 2.000000e+00
16 	 185 	 Ex 	 1 	 1.924450e+00 	 1.200000e+02 	 8.400000e+02 	 2.000000e+00
16 	 186 	 Ex 	 1 	 9.375733e-01 	 3.600000e+02 	 8.400000e+02 	 2.000000e+00
16 	 187 	 Ex 	 1 	 2.151512e-01 	 6.000000e+02 	 8.400000e+02 	 2.000000e+00
16 	 188 	 Ex 	 1 	 4.191745e-01 	 8.400000e+02 	 8.400000e+02 	 2.000000e+00
16 	 189 	 Ex 	 1 	 2.000015e+00 	 1.080000e+03 	 8.400000e+02 	 2.000000e+00
16 	 190 	 Ex 	 1 	 1.954529e+00 	 1.320000e+03 	 8.400000e+02 	 2.000000e+00
16 	 191 	 Ex 	 1 	 1.102155e+00 	 1.560000e+03 	 8.400000e+02 	 2.000000e+00
16 	 192 	 Ex 	 1 	 7.666965e-01 	 1.800000e+03 	 8.400000e+02 	 2.000000e+00
16 	 193 	 Ex 	 1 	 1.937107e-01 	 -1.800000e+03 	 1.080000e+03 	 2.000000e+00
16 	 194 	 Ex 	 1 	 1.491374e+00 	 -1.560000e+03 	 1.080000e+03 	 2.000000e+00
16 	 195 	 Ex 	 1 	 7.391866e-02 	 -1.320000e+03 	 1.080000e+03 	 2.000000e+00
16 	 196 	 Ex 	 1 	 7.744175e-01 	 -1.080000e+03 	 1.080000e+03 	 2.000000e+00
16 	 197 	 Ex 	 1 	 1.291499e+00 	 -8.400000e+02 	 1.080000e+03 	 2.000000e+00
16 	 198 	 Ex 	 1 	 4.969368e-01 	 -6.000000e+02 	 1.080000e+03 	 2.000000e+00
16 	 199 	 Ex 	 1 	 1.541346e+00 	 -3.600000e+02 	 1.080000e+03 	 2.000000e+00
16 	 200 	 Ex 	 1 	 1.553746e+00 	 -1.200000e+02 	 1.080000e+03 	 2.000000e+00
16 	 201 	 Ex 	 1 	 1.081642e+00 	 1.200000e+02 	 1.080000e+03 	 2.000000e+00
16 	 202 	 Ex 	 1 	 1.296260e+00 	 3.600000e+02 	 1.080000e+03 	 2.000000e+00
16 	 203 	 Ex 	 1 	 1.314075e+00 	 6.000000e+02 	 1.080000e+03 	 2.000000e+00
16 	 204 	 Ex 	 1 	 2.386832e+00 	 8.400000e+02 	 1.080000e+03 	 2.000000e+00
16 	 205 	 Ex 	 1 	 1.268477e+00 	 1.080000e+03 	 1.080000e+03 	 2.000000e+00
16 	 206 	 Ex 	 1 	 0.000000e+00 	 1.320000e+03 	 1.080000e+03 	 2.000000e+00
16 	 207 	 Ex 	 1 	 0.000000e+00 	 1.560000e+03 	 1.080000e+03 	 2.000000e+00
16 	 208 	 Ex 	 1 	 0.000000e+00 	 1.800000e+03 	 1.080000e+03 	 2.000000e+00
16 	 209 	 Ex 	 1 	 6.657473e-01 	 -1.800000e+03 	 1.320000e+03 	 2.000000e+00
16 	 210 	 Ex 	 1 	 1.053310e+00 	 -1.560000e+03 	 1.320000e+03 	 2.000000e+00
16 	 211 	 Ex 	 1 	 9.087289e-01 	 -1.320000e+03 	 1.320000e+03 	 2.000000e+00
16 	 212 	 Ex 	 1 	 9.546260e-01 	 -1.080000e+03 	 1.320000e+03 	 2.000000e+00
16 	 213 	 Ex 	 1 	 6.708167e-01 	 -8.400000e+02 	 1.320000e+03 	 2.000000e+00
16 	 214 	 Ex 	 1 	 9.497307e-01 	 -6.000000e+02 	 1.320000e+03 	 2.000000e+00
16 	 215 	 Ex 	 1 	 5.752810e-01 	 -3.600000e+02 	 1.320000e+03 	 2.000000e+00
16 	 216 	 Ex 	 1 	 1.409304e+00 	 -1.200000e+02 	 1.320000e+03 	 2.000000e+00
16 	 217 	 Ex 	 1 	 1.512601e+00 	 1.200000e+02 	 1.320000e+03 	 2.000000e+00
16 	 218 	 Ex 	 1 	 7.502231e-01 	 3.600000e+02 	 1.320000e+03 	 2.000000e+00
16 	 219 	 Ex 	 1 	 4.102190e-01 	 6.000000e+02 	 1.320000e+03 	 2.000000e+00
16 	 220 	 Ex 	 1 	 1.554443e+00 	 8.400000e+02 	 1.320000e+03 	 2.000000e+00
16 	 221 	 Ex 	 1 	 0.000000e+00 	 1.080000e+03 	 1.320000e+03 	 2.000000e+00
16 	 222 	 Ex 	 1 	 0.000000e+00 	 1.320000e+03 	 1.320000e+03 	 2.000000e+00
16 	 223 	 Ex 	 1 	 0.000000e+00 	 1.560000e+03 	 1.320000e+03 	 2.000000e+00
16 	 224 	 Ex 	 1 	 0.000000e+00 	 1.800000e+03 	 1.320000e+03 	 2.000000e+00
16 	 225 	 Ex 	 1 	 9.620907e-01 	 -1.800000e+03 	 1.560000e+03 	 2.000000e+00
16 	 226 	 Ex 	 1 	 1.759770e+00 	 -1.560000e+03 	 1.560000e+03 	 2.000000e+00
16 	 227 	 Ex 	 1 	 1.146590e+00 	 -1.320000e+03 	 1.560000e+03 	 2.000000e+00
16 	 228 	 Ex 	 1 	 6.116030e-01 	 -1.080000e+03 	 1.560000e+03 	 2.000000e+00
16 	 229 	 Ex 	 1 	 7.645771e-01 	 -8.400000e+02 	 1.560000e+03 	 2.000000e+00
16 	 230 	 Ex 	 1 	 1.526756e-01 	 -6.000000e+02 	 1.560000e+03 	 2.000000e+00
16 	 231 	 Ex 	 1 	 7.830260e-01 	 -3.600000e+02 	 1.560000e+03 	 2.000000e+00
16 	 232 	 Ex 	 1 	 4.136164e-01 	 -1.200000e+02 	 1.560000e+03 	 2.000000e+00
16 	 233 	 Ex 	 1 	 1.876679e+00 	 1.200000e+02 	 1.560000e+03 	 2.000000e+00
16 	 234 	 Ex 	 1 	 1.743654e+00 	 3.600000e+02 	 1.560000e+03 	 2.000000e+00
16 	 235 	 Ex 	 1 	 8.770670e-01 	 6.000000e+02 	 1.560000e+03 	 2.000000e+00
16 	 236 	 Ex 	 1 	 1.325695e+00 	 8.400000e+02 	 1.560000e+03 	 2.000000e+00
16 	 237 	 Ex 	 1 	 0.000000e+00 	 1.080000e+03 	 1.560000e+03 	 2.000000e+00
16 	 238 	 Ex 	 1 	 0.000000e+00 	 1.320000e+03 	 1.560000e+03 	 2.000000e+00
16 	 239 	 Ex 	 1 	 0.000000e+00 	 1.560000e+03 	 1.560000e+03 	 2.000000e+00
16 	 240 	 Ex 	 1 	 0.000000e+00 	 1.800000e+03 	 1.560000e+03 	 2.000000e+00
16 	 241 	 Ex 	 1 	 1.262279e+00 	 -1.800000e+03 	 1.800000e+03 	 2.000000e+00
16 	 242 	 Ex 	 1 	 1.160806e+00 	 -1.560000e+03 	 1.800000e+03 	 2.000000e+00
16 	 243 	 Ex 	 1 	 1.672349e+00 	 -1.320000e+03 	 1.800000e+03 	 2.000000e+00
16 	 244 	 Ex 	 1 	 5.380728e-01 	 -1.080000e+03 	 1.800000e+03 	 2.000000e+00
16 	 245 	 Ex 	 1 	 1.130892e+00 	 -8.400000e+02 	 1.800000e+03 	 2.000000e+00
16 	 246 	 Ex 	 1 	 7.327144e-01 	 -6.000000e+02 	 1.800000e+03 	 2.000000e+00
16 	 247 	 Ex 	 1 	 2.094798e+00 	 -3.600000e+02 	 1.800000e+03 	 2.000000e+00
16 	 248 	 Ex 	 1 	 2.023052e+00 	 -1.200000e+02 	 1.800000e+03 	 2.000000e+00
16 	 249 	 Ex 	 1 	 1.511398e+00 	 1.200000e+02 	 1.800000e+03 	 2.000000e+00
16 	 250 	 Ex 	 1 	 4.435729e-01 	 3.600000e+02 	 1.800000e+03 	 2.000000e+00
16 	 251 	 Ex 	 1 	 1.103786e+00 	 6.000000e+02 	 1.800000e+03 	 2.000000e+00
16 	 252 	 Ex 	 1 	 1.540554e+00 	 8.400000e+02 	 1.800000e+03 	 2.000000e+00
16 	 253 	 Ex 	 1 	 0.000000e+00 	 1.080000e+03 	 1.800000e+03 	 2.000000e+00
16 	 254 	 Ex 	 1 	 0.000000e+00 	 1.320000e+03 	 1.800000e+03 	 2.000000e+00
16 	 255 	 Ex 	 1 	 0.000000e+00 	 1.560000e+03 	 1.800000e+03 	 2.000000e+00
16 	 256 	 Ex 	 1 	 0.000000e+00 	 1.800000e+03 	 1.800000e+03 	 2.000000e+00
16 	 1 	 Ex 	 2 	 1.168726e+00 	 -1.800000e+03 	 -1.800000e+03 	 2.000000e+00
16 	 2 	 Ex 	 2 	 1.446961e+00 	 -1.560000e+03 	 -1.800000e+03 	 2.000000e+00
16 	 3 	 Ex 	 2 	 1.981083e+00 	 -1.320000e+03 	 -1.800000e+03 	 2.000000e+00
16 	 4 	 Ex 	 2 	 2.391005e+00 	 -1.080000e+03 	 -1.800000e+03 	 2.000000e+00
16 	 5 	 Ex 	 2 	 1.233107e+00 	 -8.400000e+02 	 -1.800000e+03 	 2.000000e+00
16 	 6 	 Ex 	 2 	 1.061989e+00 	 -6.000000e+02 	 -1.800000e+03 	 2.000000e+00
16 	 7 	 Ex 	 2 	 3.320852e-01 	 -3.600000e+02 	 -1.800000e+03 	 2.000000e+00
16 	 8 	 Ex 	 2 	 1.112730e+00 	 -1.200000e+02 	 -1.800000e+03 	 2.000000e+00
16 	 9 	 Ex 	 2 	 1.743546e+00 	 1.200000e+02 	 -1.800000e+03 	 2.000000e+00
16 	 10 	 Ex 	 2 	 3.038361e-01 	 3.600000e+02 	 -1.800000e+03 	 2.000000e+00
16 	 11 	 Ex 	 2 	 5.265650e-01 	 6.000000e+02 	 -1.800000e+03 	 2.000000e+00
16 	 12 	 Ex 	 2 	 4.077903e-01 	 8.400000e+02 	 -1.800000e+03 	 2.000000e+00
16 	 13 	 Ex 	 2 	 3.615237e-01 	 1.080000e+03 	 -1.800000e+03 	 2.000000e+00
16 	 14 	 Ex 	 2 	 1.186179e+00 	 1.320000e+03 	 -1.800000e+03 	 2.000000e+00
16 	 15 	 Ex 	 2 	 5.913134e-01 	 1.560000e+03 	 -1.800000e+03 	 2.000000e+00
16 	 16 	 Ex 	 2 	 4.059881e-01 	 1.800000e+03 	 -1.800000e+03 	 2.000000e+00
16 	 17 	 Ex 	 2 	 1.155698e+00 	 -1.800000e+03 	 -1.560000e+03 	 2.000000e+00
16 	 18 	 Ex 	 2 	 3.969146e-01 	 -1.560000e+03 	 -1.560000e+03 	 2.000000e+00
16 	 19 	 Ex 	 2 	 2.196482e+00 	 -1.320000e+03 	 -1.560000e+03 	 2.000000e+00
16 	 20 	 Ex 	 2 	 5.325254e-01 	 -1.080000e+03 	 -1.560000e+03 	 2.000000e+00
16 	 21 	 Ex 	 2 	 1.506462e+00 	 -8.400000e+02 	 -1.560000e+03 	 2.000000e+00
16 	 22 	 Ex 	 2 	 5.242197e-01 	 -6.000000e+02 	 -1.560000e+03 	 2.000000e+00
16 	 23 	 Ex 	 2 	 5.980252e-01 	 -3.600000e+02 	 -1.560000e+03 	 2.000000e+00
16 	 24 	 Ex 	 2 	 5.249363e-01 	 -1.200000e+02 	 -1.560000e+03 	 2.000000e+00
16 	 25 	 Ex 	 2 	 8.150941e-02 	 1.200000e+02 	 -1.560000e+03 	 2.000000e+00
16 	 26 	 Ex 	 2 	 1.119502e+00 	 3.600000e+02 	 -1.560000e+03 	 2.000000e+00
16 	 27 	 Ex 	 2 	 1.429856e+00 	 6.000000e+02 	 -1.560000e+03 	 2.000000e+00
16 	 28 	 Ex 	 2 	 8.553909e-01 	 8.400000e+02 	 -1.560000e+03 	 2.000000e+00
16 	 29 	 Ex 	 2 	 2.522501e-01 	 1.080000e+03 	 -1.560000e+03 	 2.000000e+00
16 	 30 	 Ex 	 2 	 2.226140e+00 	 1.320000e+03 	 -1.560000e+03 	 2.000000e+00
16 	 31 	 Ex 	 2 	 1.243462e+00 	 1.560000e+03 	 -1.560000e+03 	 2.000000e+00
16 	 32 	 Ex 	 2 	 2.617286e-01 	 1.800000e+03 	 -1.560000e+03 	 2.000000e+00
16 	 33 	 Ex 	 2 	 1.278869e+00 	 -1.800000e+03 	 -1.320000e+03 	 2.000000e+00
16 	 34 	 Ex 	 2 	 1.255163e+00 	 -1.560000e+03 	 -1.320000e+03 	 2.000000e+00
16 	 35 	 Ex 	 2 	 9.344468e-01 	 -1.320000e+03 	 -1.320000e+03 	 2.000000e+00
16 	 36 	 Ex 	 2 	 1.656901e+00 	 -1.080000e+03 	 -1.320000e+03 	 2.000000e+00
16 	 37 	 Ex 	 2 	 9.887623e-01 	 -8.400000e+02 	 -1.320000e+03 	 2.000000e+00
16 	 38 	 Ex 	 2 	 5.482143e-01 	 -6.000000e+02 	 -1.320000e+03 	 2.000000e+00
16 	 39 	 Ex 	 2 	 1.715097e+00 	 -3.600000e+02 	 -1.320000e+03 	 2.000000e+00
16 	 40 	 Ex 	 2 	 8.520638e-01 	 -1.200000e+02 	 -1.320000e+03 	 2.000000e+00
16 	 41 	 Ex 	 2 	 4.096511e-01 	 1.200000e+02 	 -1.320000e+03 	 2.000000e+00
16 	 42 	 Ex 	 2 	 5.132528e-01 	 3.600000e+02 	 -1.320000e+03 	 2.000000e+00
16 	 43 	 Ex 	 2 	 1.116459e+00 	 6.000000e+02 	 -1.320000e+03 	 2.000000e+00
16 	 44 	 Ex 	 2 	 1.079834e+00 	 8.400000e+02 	 -1.320000e+03 	 2.000000e+00
16 	 45 	 Ex 	 2 	 2.266679e-01 	 1.080000e+03 	 -1.320000e+03 	 2.000000e+00
16 	 46 	 Ex 	 2 	 6.271431e-01 	 1.320000e+03 	 -1.320000e+03 	 2.000000e+00
16 	 47 	 Ex 	 2 	 3.064111e-01 	 1.560000e+03 	 -1.320000e+03 	 2.000000e+00
16 	 48 	 Ex 	 2 	 6.638210e-01 	 1.800000e+03 	 -1.320000e+03 	 2.000000e+00
16 	 49 	 Ex 	 2 	 9.236727e-01 	 -1.800000e+03 	 -1.080000e+03 	 2.000000e+00
16 	 50 	 Ex 	 2 	 1.473097e+00 	 -1.560000e+03 	 -1.080000e+03 	 2.000000e+00
16 	 51 	 Ex 	 2 	 4.513502e-01 	 -1.320000e+03 	 -1.080000e+03 	 2.000000e+00
16 	 52 	 Ex 	 2 	 1.405606e+00 	 -1.080000e+03 	 -1.080000e+03 	 2.000000e+00
16 	 53 	 Ex 	 2 	 2.722370e+00 	 -8.400000e+02 	 -1.080000e+03 	 2.000000e+00
16 	 54 	 Ex 	 2 	 1.662655e+00 	 -6.000000e+02 	 -1.080000e+03 	 2.000000e+00
16 	 55 	 Ex 	 2 	 2.426203e+00 	 -3.600000e+02 	 -1.080000e+03 	 2.000000e+00
16 	 56 	 Ex 	 2 	 1.386830e+00 	 -1.200000e+02 	 -1.080000e+03 	 2.000000e+00
16 	 57 	 Ex 	 2 	 9.899184e-01 	 1.200000e+02 	 -1.080000e+03 	 2.000000e+00
16 	 58 	 Ex 	 2 	 1.294392e+00 	 3.600000e+02 	 -1.080000e+03 	 2.000000e+00
16 	 59 	 Ex 	 2 	 8.222682e-01 	 6.000000e+02 	 -1.080000e+03 	 2.000000e+00
16 	 60 	 Ex 	 2 	 2.469570e-01 	 8.400000e+02 	 -1.080000e+03 	 2.000000e+00
16 	 61 	 Ex 	 2 	 8.311737e-01 	 1.080000e+03 	 -1.080000e+03 	 2.000000e+00
16 	 62 	 Ex 	 2 	 5.040174e-01 	 1.320000e+03 	 -1.080000e+03 	 2.000000e+00
16 	 63 	 Ex 	 2 	 1.183040e+00 	 1.560000e+03 	 -1.080000e+03 	 2.000000e+00
16 	 64 	 Ex 	 2 	 1.195960e-01 	 1.800000e+03 	 -1.080000e+03 	 2.000000e+00
16 	 65 	 Ex 	 2 	 7.106338e-01 	 -1.800000e+03 	 -8.400000e+02 	 2.000000e+00
16 	 66 	 Ex 	 2 	 2.265656e+00 	 -1.560000e+03 	 -8.400000e+02 	 2.000000e+00
16 	 67 	 Ex 	 2 	 4.318751e-01 	 -1.320000e+03 	 -8.400000e+02 	 2.000000e+00
16 	 68 	 Ex 	 2 	 1.173166e+00 	 -1.080000e+03 	 -8.400000e+02 	 2.000000e+00
16 	 69 	 Ex 	 2 	 7.346865e-01 	 -8.400000e+02 	 -8.400000e+02 	 2.000000e+00
16 	 70 	 Ex 	 2 	 1.134728e+00 	 -6.000000e+02 	 -8.400000e+02 	 2.000000e+00
16 	 71 	 Ex 	 2 	 1.672903e+00 	 -3.600000e+02 	 -8.400000e+02 	 2.000000e+00
16 	 72 	 Ex 	 2 	 2.902456e+00 	 -1.200000e+02 	 -8.400000e+02 	 2.000000e+00
16 	 73 	 Ex 	 2 	 1.632261e+00 	 1.200000e+02 	 -8.400000e+02 	 2.000000e+00
16 	 74 	 Ex 	 2 	 1.155269e+00 	 3.600000e+02 	 -8.400000e+02 	 2.000000e+00
16 	 75 	 Ex 	 2 	 9.516068e-01 	 6.000000e+02 	 -8.400000e+02 	 2.000000e+00
16 	 76 	 Ex 	 2 	 7.908032e-01 	 8.400000e+02 	 -8.400000e+02 	 2.000000e+00
16 	 77 	 Ex 	 2 	 1.111997e+00 	 1.080000e+03 	 -8.400000e+02 	 2.000000e+00
16 	 78 	 Ex 	 2 	 6.828572e-01 	 1.320000e+03 	 -8.400000e+02 	 2.000000e+00
16 	 79 	 Ex 	 2 	 6.349773e-01 	 1.560000e+03 	 -8.400000e+02 	 2.000000e+00
16 	 80 	 Ex 	 2 	 2.538024e+00 	 1.800000e+03 	 -8.400000e+02 	 2.000000e+00
16 	 81 	 Ex 	 2 	 2.315735e+00 	 -1.800000e+03 	 -6.000000e+02 	 2.000000e+00
16 	 82 	 Ex 	 2 	 1.406536e+00 	 -1.560000e+03 	 -6.000000e+02 	 2.000000e+00
16 	 83 	 Ex 	 2 	 6.668942e-01 	 -1.320000e+03 	 -6.000000e+02 	 2.000000e+00
16 	 84 	 Ex 	 2 	 1.203080e+00 	 -1.080000e+03 	 -6.000000e+02 	 2.000000e+00
16 	 85 	 Ex 	 2 	 1.381639e+00 	 -8.400000e+02 	 -6.000000e+02 	 2.000000e+00
16 	 86 	 Ex 	 2 	 1.789224e+00 	 -6.000000e+02 	 -6.000000e+02 	 2.000000e+00
16 	 87 	 Ex 	 2 	 3.041910e+00 	 -3.600000e+02 	 -6.000000e+02 	 2.000000e+00
16 	 88 	 Ex 	 2 	 1.791398e+00 	 -1.200000e+02 	 -6.000000e+02 	 2.000000e+00
16 	 89 	 Ex 	 2 	 1.803766e-01 	 1.200000e+02 	 -6.000000e+02 	 2.000000e+00
16 	 90 	 Ex 	 2 	 1.345532e+00 	 3.600000e+02 	 -6.000000e+02 	 2.000000e+00
16 	 91 	 Ex 	 2 	 4.768116e-01 	 6.000000e+02 	 -6.000000e+02 	 2.000000e+00
16 	 92 	 Ex 	 2 	 7.430445e-01 	 8.400000e+02 	 -6.000000e+02 	 2.000000e+00
16 	 93 	 Ex 	 2 	 6.471326e-01 	 1.080000e+03 	 -6.000000e+02 	 2.000000e+00
16 	 94 	 Ex 	 2 	 8.274513e-01 	 1.320000e+03 	 -6.000000e+02 	 2.000000e+00
16 	 95 	 Ex 	 2 	 1.939956e+00 	 1.560000e+03 	 -6.000000e+02 	 2.000000e+00
16 	 96 	 Ex 	 2 	 2.107167e+00 	 1.800000e+03 	 -6.000000e+02 	 2.000000e+00
16 	 97 	 Ex 	 2 	 1.194068e+00 	 -1.800000e+03 	 -3.600000e+02 	 2.000000e+00
16 	 98 	 Ex 	 2 	 8.109769e-01 	 -1.560000e+03 	 -3.600000e+02 	 2.000000e+00
16 	 99 	 Ex 	 2 	 1.713134e+00 	 -1.320000e+03 	 -3.600000e+02 	 2.000000e+00
16 	 100 	 Ex 	 2 	 7.004978e-01 	 -1.080000e+03 	 -3.600000e+02 	 2.000000e+00
16 	 101 	 Ex 	 2 	 1.029218e+00 	 -8.400000e+02 	 -3.600000e+02 	 2.000000e+00
16 	 102 	 Ex 	 2 	 1.143567e+00 	 -6.000000e+02 	 -3.600000e+02 	 2.000000e+00
16 	 103 	 Ex 	 2 	 1.156898e+00 	 -3.600000e+02 	 -3.600000e+02 	 2.000000e+00
16 	 104 	 Ex 	 2 	 2.219561e+00 	 -1.200000e+02 	 -3.600000e+02 	 2.000000e+00
16 	 105 	 Ex 	 2 	 1.109452e+00 	 1.200000e+02 	 -3.600000e+02 	 2.000000e+00
16 	 106 	 Ex 	 2 	 8.399059e-01 	 3.600000e+02 	 -3.600000e+02 	 2.000000e+00
16 	 107 	 Ex 	 2 	 1.781557e+00 	 6.000000e+02 	 -3.600000e+02 	 2.000000e+00
16 	 108 	 Ex 	 2 	 3.426158e-01 	 8.400000e+02 	 -3.600000e+02 	 2.000000e+00
16 	 109 	 Ex 	 2 	 1.861434e+00 	 1.080000e+03 	 -3.600000e+02 	 2.000000e+00
16 	 110 	 Ex 	 2 	 4.685950e-01 	 1.320000e+03 	 -3.600000e+02 	 2.000000e+00
16 	 111 	 Ex 	 2 	 4.634018e-01 	 1.560000e+03 	 -3.600000e+02 	 2.000000e+00
16 	 112 	 Ex 	 2 	 7.306107e-01 	 1.800000e+03 	 -3.600000e+02 	 2.000000e+00
16 	 113 	 Ex 	 2 	 4.954898e-01 	 -1.800000e+03 	 -1.200000e+02 	 2.000000e+00
16 	 114 	 Ex 	 2 	 9.590113e-01 	 -1.560000e+03 	 -1.200000e+02 	 2.000000e+00
16 	 115 	 Ex 	 2 	 2.151499e+00 	 -1.320000e+03 	 -1.200000e+02 	 2.000000e+00
16 	 116 	 Ex 	 2 	 1.863665e+00 	 -1.080000e+03 	 -1.200000e+02 	 2.000000e+00
16 	 117 	 Ex 	 2 	 2.906927e-01 	 -8.400000e+02 	 -1.200000e+02 	 2.000000e+00
16 	 118 	 Ex 	 2 	 1.186600e+00 	 -6.000000e+02 	 -1.200000e+02 	 2.000000e+00
16 	 119 	 Ex 	 2 	 1.261509e+00 	 -3.600000e+02 	 -1.200000e+02 	 2.000000e+00
16 	 120 	 Ex 	 2 	 9.446349e-01 	 -1.200000e+02 	 -1.200000e+02 	 2.000000e+00
16 	 121 	 Ex 	 2 	 1.544542e+00 	 1.200000e+02 	 -1.200000e+02 	 2.000000e+00
16 	 122 	 Ex 	 2 	 2.691188e-01 	 3.600000e+02 	 -1.200000e+02 	 2.000000e+00
16 	 123 	 Ex 	 2 	 2.125161e+00 	 6.000000e+02 	 -1.200000e+02 	 2.000000e+00
16 	 124 	 Ex 	 2 	 7.606940e-01 	 8.400000e+02 	 -1.200000e+02 	 2.000000e+00
16 	 125 	 Ex 	 2 	 3.433318e-01 	 1.080000e+03 	 -1.200000e+02 	 2.000000e+00
16 	 126 	 Ex 	 2 	 7.791178e-01 	 1.320000e+03 	 -1.200000e+02 	 2.000000e+00
16 	 127 	 Ex 	 2 	 4.315695e-01 	 1.560000e+03 	 -1.200000e+02 	 2.000000e+00
16 	 128 	 Ex 	 2 	 5.887603e-01 	 1.800000e+03 	 -1.200000e+02 	 2.000000e+00
16 	 129 	 Ex 	 2 	 9.297977e-01 	 -1.800000e+03 	 1.200000e+02 	 2.000000e+00
16 	 130 	 Ex 	 2 	 1.054013e+00 	 -1.560000e+03 	 1.200000e+02 	 2.000000e+00
16 	 131 	 Ex 	 2 	 1.210418e+00 	 -1.320000e+03 	 1.200000e+02 	 2.000000e+00
16 	 132 	 Ex 	 2 	 1.901162e+00 	 -1.080000e+03 	 1.200000e+02 	 2.000000e+00
16 	 133 	 Ex 	 2 	 1.009235e+00 	 -8.400000e+02 	 1.200000e+02 	 2.000000e+00
16 	 134 	 Ex 	 2 	 1.124266e+00 	 -6.000000e+02 	 1.200000e+02 	 2.000000e+00
16 	 135 	 Ex 	 2 	 1.573889e+00 	 -3.600000e+02 	 1.200000e+02 	 2.000000e+00
16 	 136 	 Ex 	 2 	 1.695339e+00 	 -1.200000e+02 	 1.200000e+02 	 2.000000e+00
16 	 137 	 Ex 	 2 	 1.098099e+00 	 1.200000e+02 	 1.200000e+02 	 2.000000e+00
16 	 138 	 Ex 	 2 	 6.410176e-01 	 3.600000e+02 	 1.200000e+02 	 2.000000e+00
16 	 139 	 Ex 	 2 	 1.608590e+00 	 6.000000e+02 	 1.200000e+02 	 2.000000e+00
16 	 140 	 Ex 	 2 	 9.631214e-01 	 8.400000e+02 	 1.200000e+02 	 2.000000e+00
16 	 141 	 Ex 	 2 	 9.891620e-01 	 1.080000e+03 	 1.200000e+02 	 2.000000e+00
16 	 142 	 Ex 	 2 	 4.578589e-01 	 1.320000e+03 	 1.200000e+02 	 2.000000e+00
16 	 143 	 Ex 	 2 	 1.374844e+00 	 1.560000e+03 	 1.200000e+02 	 2.000000e+00
16 	 144 	 Ex 	 2 	 6.559270e-01 	 1.800000e+03 	 1.200000e+02 	 2.000000e+00
16 	 145 	 Ex 	 2 	 1.778272e+00 	 -1.800000e+03 	 3.600000e+02 	 2.000000e+00
16 	 146 	 Ex 	 2 	 5.594303e-01 	 -1.560000e+03 	 3.600000e+02 	 2.000000e+00
16 	 147 	 Ex 	 2 	 6.218217e-01 	 -1.320000e+03 	 3.600000e+02 	 2.000000e+00
16 	 148 	 Ex 	 2 	 7.050915e-01 	 -1.080000e+03 	 3.600000e+02 	 2.000000e+00
16 	 149 	 Ex 	 2 	 1.392852e+00 	 -8.400000e+02 	 3.600000e+02 	 2.000000e+00
16 	 150 	 Ex 	 2 	 7.734306e-01 	 -6.000000e+02 	 3.600000e+02 	 2.000000e+00
16 	 151 	 Ex 	 2 	 5.506083e-01 	 -3.600000e+02 	 3.600000e+02 	 2.000000e+00
16 	 152 	 Ex 	 2 	 1.134187e+00 	 -1.200000e+02 	 3.600000e+02 	 2.000000e+00
16 	 153 	 Ex 	 2 	 3.981138e-01 	 1.200000e+02 	 3.600000e+02 	 2.000000e+00
16 	 154 	 Ex 	 2 	 1.598430e+00 	 3.600000e+02 	 3.600000e+02 	 2.000000e+00
16 	 155 	 Ex 	 2 	 1.983874e-01 	 6.000000e+02 	 3.600000e+02 	 2.000000e+00
16 	 156 	 Ex 	 2 	 1.295480e+00 	 8.400000e+02 	 3.600000e+02 	 2.000000e+00
16 	 157 	 Ex 	 2 	 1.375926e+00 	 1.080000e+03 	 3.600000e+02 	 2.000000e+00
16 	 158 	 Ex 	 2 	 1.887102e+00 	 1.320000e+03 	 3.600000e+02 	 2.000000e+00
16 	 159 	 Ex 	 2 	 9.002508e-01 	 1.560000e+03 	 3.600000e+02 	 2.000000e+00
16 	 160 	 Ex 	 2 	 5.053168e-01 	 1.800000e+03 	 3.600000e+02 	 2.000000e+00
16 	 161 	 Ex 	 2 	 1.898704e-01 	 -1.800000e+03 	 6.000000e+02 	 2.000000e+00
16 	 162 	 Ex 	 2 	 2.328844e+00 	 -1.560000e+03 	 6.000000e+02 	 2.000000e+00
16 	 163 	 Ex 	 2 	 8.300347e-01 	 -1.320000e+03 	 6.000000e+02 	 2.000000e+00
16 	 164 	 Ex 	 2 	 9.189123e-01 	 -1.080000e+03 	 6.000000e+02 	 2.000000e+00
16 	 165 	 Ex 	 2 	 7.350885e-01 	 -8.400000e+02 	 6.000000e+02 	 2.000000e+00
16 	 166 	 Ex 	 2 	 8.101712e-01 	 -6.000000e+02 	 6.000000e+02 	 2.000000e+00
16 	 167 	 Ex 	 2 	 6.467323e-01 	 -3.600000e+02 	 6.000000e+02 	 2.000000e+00
16 	 168 	 Ex 	 2 	 5.926585e-01 	 -1.200000e+02 	 6.000000e+02 	 2.000000e+00
16 	 169 	 Ex 	 2 	 8.013363e-01 	 1.200000e+02 	 6.000000e+02 	 2.000000e+00
16 	 170 	 Ex 	 2 	 1.095763e+00 	 3.600000e+02 	 6.000000e+02 	 2.000000e+00
16 	 171 	 Ex 	 2 	 1.259801e+00 	 6.000000e+02 	 6.000000e+02 	 2.000000e+00
16 	 172 	 Ex 	 2 	 1.033861e+00 	 8.400000e+02 	 6.000000e+02 	 2.000000e+00
16 	 173 	 Ex 	 2 	 1.120068e+00 	 1.080000e+03 	 6.000000e+02 	 2.000000e+00
16 	 174 	 Ex 	 2 	 2.044992e-01 	 1.320000e+03 	 6.000000e+02 	 2.000000e+00
16 	 175 	 Ex 	 2 	 1.211160e+00 	 1.560000e+03 	 6.000000e+02 	 2.000000e+00
16 	 176 	 Ex 	 2 	 7.780806e-01 	 1.800000e+03 	 6.000000e+02 	 2.000000e+00
16 	 177 	 Ex 	 2 	 8.757919e-01 	 -1.800000e+03 	 8.400000e+02 	 2.000000e+00
16 	 178 	 Ex 	 2 	 1.920956e+00 	 -1.560000e+03 	 8.400000e+02 	 2.000000e+00
16 	 179 	 Ex 	 2 	 5.385862e-01 	 -1.320000e+03 	 8.400000e+02 	 2.000000e+00
16 	 180 	 Ex 	 2 	 2.487024e-01 	 -1.080000e+03 	 8.400000e+02 	 2.000000e+00
16 	 181 	 Ex 	 2 	 4.661262e-01 	 -8.400000e+02 	 8.400000e+02 	 2.000000e+00
16 	 182 	 Ex 	 2 	 1.067020e+00 	 -6.000000e+02 	 8.400000e+02 	 2.000000e+00
16 	 183 	 Ex 	 2 	 2.170541e+00 	 -3.600000e+02 	 8.400000e+02 	 2.000000e+00
16 	 184 	 Ex 	 2 	 1.270706e+00 	 -1.200000e+02 	 8.400000e+02 	 2.000000e+00
16 	 185 	 Ex 	 2 	 3.893926e-01 	 1.200000e+02 	 8.400000e+02 	 2.000000e+00
16 	 186 	 Ex 	 2 	 9.913465e-01 	 3.600000e+02 	 8.400000e+02 	 2.000000e+00
16 	 187 	 Ex 	 2 	 2.444348e-01 	 6.000000e+02 	 8.400000e+02 	 2.000000e+00
16 	 188 	 Ex 	 2 	 1.049219e+00 	 8.400000e+02 	 8.400000e+02 	 2.000000e+00
16 	 189 	 Ex 	 2 	 2.101444e+00 	 1.080000e+03 	 8.400000e+02 	 2.000000e+00
16 	 190 	 Ex 	 2 	 1.354802e+00 	 1.320000e+03 	 8.400000e+02 	 2.000000e+00
16 	 191 	 Ex 	 2 	 4.395407e-01 	 1.560000e+03 	 8.400000e+02 	 2.000000e+00
16 	 192 	 Ex 	 2 	 6.993167e-01 	 1.800000e+03 	 8.400000e+02 	 2.000000e+00
16 	 193 	 Ex 	 2 	 2.774456e-01 	 -1.800000e+03 	 1.080000e+03 	 2.000000e+00
16 	 194 	 Ex 	 2 	 1.692934e+00 	 -1.560000e+03 	 1.080000e+03 	 2.000000e+00
16 	 195 	 Ex 	 2 	 1.168038e+00 	 -1.320000e+03 	 1.080000e+03 	 2.000000e+00
16 	 196 	 Ex 	 2 	 4.647204e-01 	 -1.080000e+03 	 1.080000e+03 	 2.000000e+00
16 	 197 	 Ex 	 2 	 1.132360e+00 	 -8.400000e+02 	 1.080000e+03 	 2.000000e+00
16 	 198 	 Ex 	 2 	 1.348106e+00 	 -6.000000e+02 	 1.080000e+03 	 2.000000e+00
16 	 199 	 Ex 	 2 	 1.505442e+00 	 -3.600000e+02 	 1.080000e+03 	 2.000000e+00
16 	 200 	 Ex 	 2 	 1.060138e+00 	 -1.200000e+02 	 1.080000e+03 	 2.000000e+00
16 	 201 	 Ex 	 2 	 1.491048e+00 	 1.200000e+02 	 1.080000e+03 	 2.000000e+00
16 	 202 	 Ex 	 2 	 8.827535e-01 	 3.600000e+02 	 1.080000e+03 	 2.000000e+00
16 	 203 	 Ex 	 2 	 8.492032e-01 	 6.000000e+02 	 1.080000e+03 	 2.000000e+00
16 	 204 	 Ex 	 2 	 7.398105e-01 	 8.400000e+02 	 1.080000e+03 	 2.000000e+00
16 	 205 	 Ex 	 2 	 1.373472e+00 	 1.080000e+03 	 1.080000e+03 	 2.000000e+00
16 	 206 	 Ex 	 2 	 0.000000e+00 	 1.320000e+03 	 1.080000e+03 	 2.000000e+00
16 	 207 	 Ex 	 2 	 0.000000e+00 	 1.560000e+03 	 1.080000e+03 	 2.000000e+00
16 	 208 	 Ex 	 2 	 0.000000e+00 	 1.800000e+03 	 1.080000e+03 	 2.000000e+00
16 	 209 	 Ex 	 2 	 9.093401e-01 	 -1.800000e+03 	 1.320000e+03 	 2.000000e+00
16 	 210 	 Ex 	 2 	 3.149452e-01 	 -1.560000e+03 	 1.320000e+03 	 2.000000e+00
16 	 211 	 Ex 	 2 	 2.110822e-01 	 -1.320000e+03 	 1.320000e+03 	 2.000000e+00
16 	 212 	 Ex 	 2 	 5.344813e-01 	 -1.080000e+03 	 1.320000e+03 	 2.000000e+00
16 	 213 	 Ex 	 2 	 1.657114e+00 	 -8.400000e+02 	 1.320000e+03 	 2.000000e+00
16 	 214 	 Ex 	 2 	 1.473909e+00 	 -6.000000e+02 	 1.320000e+03 	 2.000000e+00
16 	 215 	 Ex 	 2 	 8.565337e-01 	 -3.600000e+02 	 1.320000e+03 	 2.000000e+00
16 	 216 	 Ex 	 2 	 8.266544e-01 	 -1.200000e+02 	 1.320000e+03 	 2.000000e+00
16 	 217 	 Ex 	 2 	 9.821327e-01 	 1.200000e+02 	 1.320000e+03 	 2.000000e+00
16 	 218 	 Ex 	 2 	 6.495450e-01 	 3.600000e+02 	 1.320000e+03 	 2.000000e+00
16 	 219 	 Ex 	 2 	 1.259576e+00 	 6.000000e+02 	 1.320000e+03 	 2.000000e+00
16 	 220 	 Ex 	 2 	 1.766117e+00 	 8.400000e+02 	 1.320000e+03 	 2.000000e+00
16 	 221 	 Ex 	 2 	 0.000000e+00 	 1.080000e+03 	 1.320000e+03 	 2.000000e+00
16 	 222 	 Ex 	 2 	 0.000000e+00 	 1.320000e+03 	 1.320000e+03 	 2.000000e+00
16 	 223 	 Ex 	 2 	 0.000000e+00 	 1.560000e+03 	 1.320000e+03 	 2.000000e+00
16 	 224 	 Ex 	 2 	 0.000000e+00 	 1.800000e+03 	 1.320000e+03 	 2.000000e+00
16 	 225 	 Ex 	 2 	 1.551180e-01 	 -1.800000e+03 	 1.560000e+03 	 2.000000e+00
16 	 226 	 Ex 	 2 	 9.028311e-01 	 -1.560000e+03 	 1.560000e+03 	 2.000000e+00
16 	 227 	 Ex 	 2 	 8.372771e-01 	 -1.320000e+03 	 1.560000e+03 	 2.000000e+00
16 	 228 	 Ex 	 2 	 4.554273e-01 	 -1.080000e+03 	 1.560000e+03 	 2.000000e+00
16 	 229 	 Ex 	 2 	 8.610532e-01 	 -8.400000e+02 	 1.560000e+03 	 2.000000e+00
16 	 230 	 Ex 	 2 	 8.336965e-01 	 -6.000000e+02 	 1.560000e+03 	 2.000000e+00
16 	 231 	 Ex 	 2 	 1.616433e+00 	 -3.600000e+02 	 1.560000e+03 	 2.000000e+00
16 	 232 	 Ex 	 2 	 4.588256e-01 	 -1.200000e+02 	 1.560000e+03 	 2.000000e+00
16 	 233 	 Ex 	 2 	 1.684701e+00 	 1.200000e+02 	 1.560000e+03 	 2.000000e+00
16 	 234 	 Ex 	 2 	 4.120005e-01 	 3.600000e+02 	 1.560000e+03 	 2.000000e+00
16 	 235 	 Ex 	 2 	 1.001158e+00 	 6.000000e+02 	 1.560000e+03 	 2.000000e+00
16 	 236 	 Ex 	 2 	 1.893765e+00 	 8.400000e+02 	 1.560000e+03 	 2.000000e+00
16 	 237 	 Ex 	 2 	 0.000000e+00 	 1.080000e+03 	 1.560000e+03 	 2.000000e+00
16 	 238 	 Ex 	 2 	 0.000000e+00 	 1.320000e+03 	 1.560000e+03 	 2.000000e+00
16 	 239 	 Ex 	 2 	 0.000000e+00 	 1.560000e+03 	 1.560000e+03 	 2.000000e+00
16 	 240 	 Ex 	 2 	 0.000000e+00 	 1.800000e+03 	 1.560000e+03 	 2.000000e+00
16 	 241 	 Ex 	 2 	 1.259649e+00 	 -1.800000e+03 	 1.800000e+03 	 2.000000e+00
16 	 242 	 Ex 	 2 	 3.098953e-01 	 -1.560000e+03 	 1.800000e+03 	 2.000000e+00
16 	 243 	 Ex 	 2 	 1.820634e-01 	 -1.320000e+03 	 1.800000e+03 	 2.000000e+00
16 	 244 	 Ex 	 2 	 1.982049e+00 	 -1.080000e+03 	 1.800000e+03 	 2.000000e+00
16 	 245 	 Ex 	 2 	 1.281511e+00 	 -8.400000e+02 	 1.800000e+03 	 2.000000e+00
16 	 246 	 Ex 	 2 	 1.394896e+00 	 -6.000000e+02 	 1.800000e+03 	 2.000000e+00
16 	 247 	 Ex 	 2 	 1.654083e+00 	 -3.600000e+02 	 1.800000e+03 	 2.000000e+00
16 	 248 	 Ex 	 2 	 1.713053e+00 	 -1.200000e+02 	 1.800000e+03 	 2.000000e+00
16 	 249 	 Ex 	 2 	 1.395857e+00 	 1.200000e+02 	 1.800000e+03 	 2.000000e+00
16 	 250 	 Ex 	 2 	 4.211222e-01 	 3.600000e+02 	 1.800000e+03 	 2.000000e+00
16 	 251 	 Ex 	 2 	 7.348080e-01 	 6.000000e+02 	 1.800000e+03 	 2.000000e+00
16 	 252 	 Ex 	 2 	 1.616983e+00 	 8.400000e+02 	 1.800000e+03 	 2.000000e+00
16 	 253 	 Ex 	 2 	 0.000000e+00 	 1.080000e+03 	 1.800000e+03 	 2.000000e+00
16 	 254 	 Ex 	 2 	 0.000000e+00 	 1.320000e+03 	 1.800000e+03 	 2.000000e+00
16 	 255 	 Ex 	 2 	 0.000000e+00 	 1.560000e+03 	 1.800000e+03 	 2.000000e+00
16 	 256 	 Ex 	 2 	 0.000000e+00 	 1.800000e+03 	 1.800000e+03 	 2.000000e+00
16 	 1 	 Ey 	 1 	 1.191909e+00 	 -1.800000e+03 	 -1.800000e+03 	 2.000000e+00
16 	 2 	 Ey 	 1 	 9.977102e-01 	 -1.560000e+03 	 -1.800000e+03 	 2.000000e+00
16 	 3 	 Ey 	 1 	 7.409578e-01 	 -1.320000e+03 	 -1.800000e+03 	 2.000000e+00
16 	 4 	 Ey 	 1 	 1.357309e+00 	 -1.080000e+03 	 -1.800000e+03 	 2.000000e+00
16 	 5 	 Ey 	 1 	 1.555665e+00 	 -8.400000e+02 	 -1.800000e+03 	 2.000000e+00
16 	 6 	 Ey 	 1 	 1.362472e+00 	 -6.000000e+02 	 -1.800000e+03 	 2.000000e+00
16 	 7 	 Ey 	 1 	 1.206061e+00 	 -3.600000e+02 	 -1.800000e+03 	 2.000000e+00
16 	 8 	 Ey 	 1 	 7.896131e-01 	 -1.200000e+02 	 -1.800000e+03 	 2.000000e+00
16 	 9 	 Ey 	 1 	 4.339657e-01 	 1.200000e+02 	 -1.800000e+03 	 2.000000e+00
16 	 10 	 Ey 	 1 	 1.573605e+00 	 3.600000e+02 	 -1.800000e+03 	 2.000000e+00
16 	 11 	 Ey 	 1 	 1.614729e+00 	 6.000000e+02 	 -1.800000e+03 	 2.000000e+00
16 	 12 	 Ey 	 1 	 1.758541e+00 	 8.400000e+02 	 -1.800000e+03 	 2.000000e+00
16 	 13 	 Ey 	 1 	 1.345461e+00 	 1.080000e+03 	 -1.800000e+03 	 2.000000e+00
16 	 14 	 Ey 	 1 	 7.920638e-01 	 1.320000e+03 	 -1.800000e+03 	 2.000000e+00
16 	 15 	 Ey 	 1 	 1.046789e+00 	 1.560000e+03 	 -1.800000e+03 	 2.000000e+00
16 	 16 	 Ey 	 1 	 1.139374e+00 	 1.800000e+03 	 -1.800000e+03 	 2.000000e+00
16 	 17 	 Ey 	 1 	 3.619139e-01 	 -1.800000e+03 	 -1.560000e+03 	 2.000000e+00
16 	 18 	 Ey 	 1 	 6.626404e-01 	 -1.560000e+03 	 -1.560000e+03 	 2.000000e+00
16 	 19 	 Ey 	 1 	 2.289339e+00 	 -1.320000e+03 	 -1.560000e+03 	 2.000000e+00
16 	 20 	 Ey 	 1 	 1.575889e+00 	 -1.080000e+03 	 -1.560000e+03 	 2.000000e+00
16 	 21 	 Ey 	 1 	 1.112632e+00 	 -8.400000e+02 	 -1.560000e+03 	 2.000000e+00
16 	 22 	 Ey 	 1 	 1.834615e+00 	 -6.000000e+02 	 -1.560000e+03 	 2.000000e+00
16 	 23 	 Ey 	 1 	 5.957104e-01 	 -3.600000e+02 	 -1.560000e+03 	 2.000000e+00
16 	 24 	 Ey 	 1 	 1.903161e+00 	 -1.200000e+02 	 -1.560000e+03 	 2.000000e+00
16 	 25 	 Ey 	 1 	 7.967850e-01 	 1.200000e+02 	 -1.560000e+03 	 2.000000e+00
16 	 26 	 Ey 	 1 	 1.851727e-01 	 3.600000e+02 	 -1.560000e+03 	 2.000000e+00
16 	 27 	 Ey 	 1 	 4.454364e-01 	 6.000000e+02 	 -1.560000e+03 	 2.000000e+00
16 	 28 	 Ey 	 1 	 1.470722e+00 	 8.400000e+02 	 -1.560000e+03 	 2.000000e+00
16 	 29 	 Ey 	 1 	 7.213845e-01 	 1.080000e+03 	 -1.560000e+03 	 2.000000e+00
16 	 30 	 Ey 	 1 	 8.251615e-01 	 1.320000e+03 	 -1.560000e+03 	 2.000000e+00
16 	 31 	 Ey 	 1 	 1.311654e+00 	 1.560000e+03 	 -1.560000e+03 	 2.000000e+00
16 	 32 	 Ey 	 1 	 1.173021e+00 	 1.800000e+03 	 -1.560000e+03 	 2.000000e+00
16 	 33 	 Ey 	 1 	 1.049538e+00 	 -1.800000e+03 	 -1.320000e+03 	 2.000000e+00
16 	 34 	 Ey 	 1 	 1.816785e+00 	 -1.560000e+03 	 -1.320000e+03 	 2.000000e+00
16 	 35 	 Ey 	 1 	 1.552257e+00 	 -1.320000e+03 	 -1.320000e+03 	 2.000000e+00
16 	 36 	 Ey 	 1 	 4.166976e-01 	 -1.080000e+03 	 -1.320000e+03 	 2.000000e+00
16 	 37 	 Ey 	 1 	 1.432374e+00 	 -8.400000e+02 	 -1.320000e+03 	 2.000000e+00
16 	 38 	 Ey 	 1 	 1.097818e+00 	 -6.000000e+02 	 -1.320000e+03 	 2.000000e+00
16 	 39 	 Ey 	 1 	 9.859770e-01 	 -3.600000e+02 	 -1.320000e+03 	 2.000000e+00
16 	 40 	 Ey 	 1 	 1.304205e+00 	 -1.200000e+02 	 -1.320000e+03 	 2.000000e+00
16 	 41 	 Ey 	 1 	 1.813385e+00 	 1.200000e+02 	 -1.320000e+03 	 2.000000e+00
16 	 42 	 Ey 	 1 	 3.661683e-01 	 3.600000e+02 	 -1.320000e+03 	 2.000000e+00
16 	 43 	 Ey 	 1 	 1.314491e+00 	 6.000000e+02 	 -1.320000e+03 	 2.000000e+00
16 	 44 	 Ey 	 1 	 1.109454e+00 	 8.400000e+02 	 -1.320000e+03 	 2.000000e+00
16 	 45 	 Ey 	 1 	 7.638825e-01 	 1.080000e+03 	 -1.320000e+03 	 2.000000e+00
16 	 46 	 Ey 	 1 	 4.053243e-01 	 1.320000e+03 	 -1.320000e+03 	 2.000000e+00
16 	 47 	 Ey 	 1 	 9.859197e-01 	 1.560000e+03 	 -1.320000e+03 	 2.000000e+00
16 	 48 	 Ey 	 1 	 5.813700e-01 	 1.800000e+03 	 -1.320000e+03 	 2.000000e+00
16 	 49 	 Ey 	 1 	 1.783795e+00 	 -1.800000e+03 	 -1.080000e+03 	 2.000000e+00
16 	 50 	 Ey 	 1 	 1.387969e+00 	 -1.560000e+03 	 -1.080000e+03 	 2.000000e+00
16 	 51 	 Ey 	 1 	 2.262029e+00 	 -1.320000e+03 	 -1.080000e+03 	 2.000000e+00
16 	 52 	 Ey 	 1 	 7.005665e-01 	 -1.080000e+03 	 -1.080000e+03 	 2.000000e+00
16 	 53 	 Ey 	 1 	 1.406896e+00 	 -8.400000e+02 	 -1.080000e+03 	 2.000000e+00
16 	 54 	 Ey 	 1 	 6.373193e-01 	 -6.000000e+02 	 -1.080000e+03 	 2.000000e+00
16 	 55 	 Ey 	 1 	 4.697814e-01 	 -3.600000e+02 	 -1.080000e+03 	 2.000000e+00
16 	 56 	 Ey 	 1 	 5.683285e-01 	 -1.200000e+02 	 -1.080000e+03 	 2.000000e+00
16 	 57 	 Ey 	 1 	 1.204979e+00 	 1.200000e+02 	 -1.080000e+03 	 2.000000e+00
16 	 58 	 Ey 	 1 	 1.471048e+00 	 3.600000e+02 	 -1.080000e+03 	 2.000000e+00
16 	 59 	 Ey 	 1 	 2.551930e+00 	 6.000000e+02 	 -1.080000e+03 	 2.000000e+00
16 	 60 	 Ey 	 1 	 1.382494e+00 	 8.400000e+02 	 -1.080000e+03 	 2.000000e+00
16 	 61 	 Ey 	 1 	 1.319270e+00 	 1.080000e+03 	 -1.080000e+03 	 2.000000e+00
16 	 62 	 Ey 	 1 	 8.864923e-01 	 1.320000e+03 	 -1.080000e+03 	 2.000000e+00
16 	 63 	 Ey 	 1 	 1.569605e-01 	 1.560000e+03 	 -1.080000e+03 	 2.000000e+00
16 	 64 	 Ey 	 1 	 6.383439e-01 	 1.800000e+03 	 -1.080000e+03 	 2.000000e+00
16 	 65 	 Ey 	 1 	 4.403600e-01 	 -1.800000e+03 	 -8.400000e+02 	 2.000000e+00
16 	 66 	 Ey 	 1 	 9.215270e-01 	 -1.560000e+03 	 -8.400000e+02 	 2.000000e+00
16 	 67 	 Ey 	 1 	 1.296707e-01 	 -1.320000e+03 	 -8.400000e+02 	 2.000000e+00
16 	 68 	 Ey 	 1 	 1.143352e+00 	 -1.080000e+03 	 -8.400000e+02 	 2.000000e+00
16 	 69 	 Ey 	 1 	 1.472017e+00 	 -8.400000e+02 	 -8.400000e+02 	 2.000000e+00
16 	 70 	 Ey 	 1 	 1.278738e+00 	 -6.000000e+02 	 -8.400000e+02 	 2.000000e+00
16 	 71 	 Ey 	 1 	 1.257790e+00 	 -3.600000e+02 	 -8.400000e+02 	 2.000000e+00
16 	 72 	 Ey 	 1 	 6.990073e-01 	 -1.200000e+02 	 -8.400000e+02 	 2.000000e+00
16 	 73 	 Ey 	 1 	 6.690213e-01 	 1.200000e+02 	 -8.400000e+02 	 2.000000e+00
16 	 74 	 Ey 	 1 	 1.532202e+00 	 3.600000e+02 	 -8.400000e+02 	 2.000000e+00
16 	 75 	 Ey 	 1 	 5.237377e-01 	 6.000000e+02 	 -8.400000e+02 	 2.000000e+00
16 	 76 	 Ey 	 1 	 6.072651e-01 	 8.400000e+02 	 -8.400000e+02 	 2.000000e+00
16 	 77 	 Ey 	 1 	 7.693962e-01 	 1.080000e+03 	 -8.400000e+02 	 2.000000e+00
16 	 78 	 Ey 	 1 	 1.015214e-01 	 1.320000e+03 	 -8.400000e+02 	 2.000000e+00
16 	 79 	 Ey 	 1 	 6.873586e-01 	 1.560000e+03 	 -8.400000e+02 	 2.000000e+00
16 	 80 	 Ey 	 1 	 1.103110e+00 	 1.800000e+03 	 -8.400000e+02 	 2.000000e+00
16 	 81 	 Ey 	 1 	 1.295137e-01 	 -1.800000e+03 	 -6.000000e+02 	 2.000000e+00
16 	 82 	 Ey 	 1 	 5.274385e-01 	 -1.560000e+03 	 -6.000000e+02 	 2.000000e+00
16 	 83 	 Ey 	 1 	 7.360058e-01 	 -1.320000e+03 	 -6.000000e+02 	 2.000000e+00
16 	 84 	 Ey 	 1 	 7.131543e-01 	 -1.080000e+03 	 -6.000000e+02 	 2.000000e+00
16 	 85 	 Ey 	 1 	 3.986425e-01 	 -8.400000e+02 	 -6.000000e+02 	 2.000000e+00
16 	 86 	 Ey 	 1 	 1.690729e+00 	 -6.000000e+02 	 -6.000000e+02 	 2.000000e+00
16 	 87 	 Ey 	 1 	 6.668330e-01 	 -3.600000e+02 	 -6.000000e+02 	 2.000000e+00
16 	 88 	 Ey 	 1 	 6.148379e-01 	 -1.200000e+02 	 -6.000000e+02 	 2.000000e+00
16 	 89 	 Ey 	 1 	 1.566898e+00 	 1.200000e+02 	 -6.000000e+02 	 2.000000e+00
16 	 90 	 Ey 	 1 	 1.020998e+00 	 3.600000e+02 	 -6.000000e+02 	 2.000000e+00
16 	 91 	 Ey 	 1 	 1.052998e+00 	 6.000000e+02 	 -6.000000e+02 	 2.000000e+00
16 	 92 	 Ey 	 1 	 1.071234e+00 	 8.400000e+02 	 -6.000000e+02 	 2.000000e+00
16 	 93 	 Ey 	 1 	 3.427731e-01 	 1.080000e+03 	 -6.000000e+02 	 2.000000e+00
16 	 94 	 Ey 	 1 	 1.748821e+00 	 1.320000e+03 	 -6.000000e+02 	 2.000000e+00
16 	 95 	 Ey 	 1 	 3.223085e-01 	 1.560000e+03 	 -6.000000e+02 	 2.000000e+00
16 	 96 	 Ey 	 1 	 1.709467e+00 	 1.800000e+03 	 -6.000000e+02 	 2.000000e+00
16 	 97 	 Ey 	 1 	 4.971522e-01 	 -1.800000e+03 	 -3.600000e+02 	 2.000000e+00
16 	 98 	 Ey 	 1 	 6.307446e-01 	 -1.560000e+03 	 -3.600000e+02 	 2.000000e+00
16 	 99 	 Ey 	 1 	 1.280583e+00 	 -1.320000e+03 	 -3.600000e+02 	 2.000000e+00
16 	 100 	 Ey 	 1 	 1.175539e+00 	 -1.080000e+03 	 -3.600000e+02 	 2.000000e+00
16 	 101 	 Ey 	 1 	 1.333486e+00 	 -8.400000e+02 	 -3.600000e+02 	 2.000000e+00
16 	 102 	 Ey 	 1 	 1.177052e+00 	 -6.000000e+02 	 -3.600000e+02 	 2.000000e+00
16 	 103 	 Ey 	 1 	 1.181455e+00 	 -3.600000e+02 	 -3.600000e+02 	 2.000000e+00
16 	 104 	 Ey 	 1 	 1.552578e+00 	 -1.200000e+02 	 -3.600000e+02 	 2.000000e+00
16 	 105 	 Ey 	 1 	 2.692140e+00 	 1.200000e+02 	 -3.600000e+02 	 2.000000e+00
16 	 106 	 Ey 	 1 	 1.602553e+00 	 3.600000e+02 	 -3.600000e+02 	 2.000000e+00
16 	 107 	 Ey 	 1 	 1.452775e+00 	 6.000000e+02 	 -3.600000e+02 	 2.000000e+00
16 	 108 	 Ey 	 1 	 2.218457e+00 	 8.400000e+02 	 -3.600000e+02 	 2.000000e+00
16 	 109 	 Ey 	 1 	 1.185771e+00 	 1.080000e+03 	 -3.600000e+02 	 2.000000e+00
16 	 110 	 Ey 	 1 	 6.672612e-01 	 1.320000e+03 	 -3.600000e+02 	 2.000000e+00
16 	 111 	 Ey 	 1 	 2.248913e+00 	 1.560000e+03 	 -3.600000e+02 	 2.000000e+00
16 	 112 	 Ey 	 1 	 9.525132e-01 	 1.800000e+03 	 -3.600000e+02 	 2.000000e+00
16 	 113 	 Ey 	 1 	 6.996012e-01 	 -1.800000e+03 	 -1.200000e+02 	 2.000000e+00
16 	 114 	 Ey 	 1 	 2.018086e+00 	 -1.560000e+03 	 -1.200000e+02 	 2.000000e+00
16 	 115 	 Ey 	 1 	 1.006420e+00 	 -1.320000e+03 	 -1.200000e+02 	 2.000000e+00
16 	 116 	 Ey 	 1 	 8.472247e-01 	 -1.080000e+03 	 -1.200000e+02 	 2.000000e+00
16 	 117 	 Ey 	 1 	 2.651609e+00 	 -8.400000e+02 	 -1.200000e+02 	 2.000000e+00
16 	 118 	 Ey 	 1 	 1.818998e+00 	 -6.000000e+02 	 -1.200000e+02 	 2.000000e+00
16 	 119 	 Ey 	 1 	 8.054892e-01 	 -3.600000e+02 	 -1.200000e+02 	 2.000000e+00
16 	 120 	 Ey 	 1 	 1.141040e+00 	 -1.200000e+02 	 -1.200000e+02 	 2.000000e+00
16 	 121 	 Ey 	 1 	 8.386459e-01 	 1.200000e+02 	 -1.200000e+02 	 2.000000e+00
16 	 122 	 Ey 	 1 	 6.772913e-01 	 3.600000e+02 	 -1.200000e+02 	 2.000000e+00
16 	 123 	 Ey 	 1 	 1.328582e+00 	 6.000000e+02 	 -1.200000e+02 	 2.000000e+00
16 	 124 	 Ey 	 1 	 9.288479e-01 	 8.400000e+02 	 -1.200000e+02 	 2.000000e+00
16 	 125 	 Ey 	 1 	 7.276735e-01 	 1.080000e+03 	 -1.200000e+02 	 2.000000e+00
16 	 126 	 Ey 	 1 	 3.222156e-01 	 1.320000e+03 	 -1.200000e+02 	 2.000000e+00
16 	 127 	 Ey 	 1 	 1.123128e+00 	 1.560000e+03 	 -1.200000e+02 	 2.000000e+00
16 	 128 	 Ey 	 1 	 1.094694e+00 	 1.800000e+03 	 -1.200000e+02 	 2.000000e+00
16 	 129 	 Ey 	 1 	 1.607084e+00 	 -1.800000e+03 	 1.200000e+02 	 2.000000e+00
16 	 130 	 Ey 	 1 	 5.553257e-01 	 -1.560000e+03 	 1.200000e+02 	 2.000000e+00
16 	 131 	 Ey 	 1 	 2.291452e+00 	 -1.320000e+03 	 1.200000e+02 	 2.000000e+00
16 	 132 	 Ey 	 1 	 8.353972e-01 	 -1.080000e+03 	 1.200000e+02 	 2.000000e+00
16 	 133 	 Ey 	 1 	 3.724921e-01 	 -8.400000e+02 	 1.200000e+02 	 2.000000e+00
16 	 134 	 Ey 	 1 	 1.899403e+00 	 -6.000000e+02 	 1.200000e+02 	 2.000000e+00
16 	 135 	 Ey 	 1 	 1.517117e-01 	 -3.600000e+02 	 1.200000e+02 	 2.000000e+00
16 	 136 	 Ey 	 1 	 3.266218e-01 	 -1.200000e+02 	 1.200000e+02 	 2.000000e+00
16 	 137 	 Ey 	 1 	 6.581946e-01 	 1.200000e+02 	 1.200000e+02 	 2.000000e+00
16 	 138 	 Ey 	 1 	 1.427287e+00 	 3.600000e+02 	 1.200000e+02 	 2.000000e+00
16 	 139 	 Ey 	 1 	 5.507237e-01 	 6.000000e+02 	 1.200000e+02 	 2.000000e+00
16 	 140 	 Ey 	 1 	 5.363749e-01 	 8.400000e+02 	 1.200000e+02 	 2.000000e+00
16 	 141 	 Ey 	 1 	 1.191146e+00 	 1.080000e+03 	 1.200000e+02 	 2.000000e+00
16 	 142 	 Ey 	 1 	 1.969584e+00 	 1.320000e+03 	 1.200000e+02 	 2.000000e+00
16 	 143 	 Ey 	 1 	 1.655948e+00 	 1.560000e+03 	 1.200000e+02 	 2.000000e+00
16 	 144 	 Ey 	 1 	 1.697953e+00 	 1.800000e+03 	 1.200000e+02 	 2.000000e+00
16 	 145 	 Ey 	 1 	 7.302475e-01 	 -1.800000e+03 	 3.600000e+02 	 2.000000e+00
16 	 146 	 Ey 	 1 	 1.031133e+00 	 -1.560000e+03 	 3.600000e+02 	 2.000000e+00
16 	 147 	 Ey 	 1 	 1.942710e+00 	 -1.320000e+03 	 3.600000e+02 	 2.000000e+00
16 	 148 	 Ey 	 1 	 5.745776e-01 	 -1.080000e+03 	 3.600000e+02 	 2.000000e+00
16 	 149 	 Ey 	 1 	 7.201316e-01 	 -8.400000e+02 	 3.600000e+02 	 2.000000e+00
16 	 150 	 Ey 	 1 	 1.065615e+00 	 -6.000000e+02 	 3.600000e+02 	 2.000000e+00
16 	 151 	 Ey 	 1 	 1.815263e+00 	 -3.600000e+02 	 3.600000e+02 	 2.000000e+00
16 	 152 	 Ey 	 1 	 1.321499e+00 	 -1.200000e+02 	 3.600000e+02 	 2.000000e+00
16 	 153 	 Ey 	 1 	 6.096923e-01 	 1.200000e+02 	 3.600000e+02 	 2.000000e+00
16 	 154 	 Ey 	 1 	 8.662156e-01 	 3.600000e+02 	 3.600000e+02 	 2.000000e+00
16 	 155 	 Ey 	 1 	 1.416230e+00 	 6.000000e+02 	 3.600000e+02 	 2.000000e+00
16 	 156 	 Ey 	 1 	 9.639599e-01 	 8.400000e+02 	 3.600000e+02 	 2.000000e+00
16 	 157 	 Ey 	 1 	 4.233009e-01 	 1.080000e+03 	 3.600000e+02 	 2.000000e+00
16 	 158 	 Ey 	 1 	 1.069542e+00 	 1.320000e+03 	 3.600000e+02 	 2.000000e+00
16 	 159 	 Ey 	 1 	 1.642866e+00 	 1.560000e+03 	 3.600000e+02 	 2.000000e+00
16 	 160 	 Ey 	 1 	 1.260434e+00 	 1.800000e+03 	 3.600000e+02 	 2.000000e+00
16 	 161 	 Ey 	 1 	 1.373384e+00 	 -1.800000e+03 	 6.000000e+02 	 2.000000e+00
16 	 162 	 Ey 	 1 	 2.606650e-01 	 -1.560000e+03 	 6.000000e+02 	 2.000000e+00
16 	 163 	 Ey 	 1 	 7.481635e-01 	 -1.320000e+03 	 6.000000e+02 	 2.000000e+00
16 	 164 	 Ey 	 1 	 1.370308e+00 	 -1.080000e+03 	 6.000000e+02 	 2.000000e+00
16 	 165 	 Ey 	 1 	 1.775705e+00 	 -8.400000e+02 	 6.000000e+02 	 2.000000e+00
16 	 166 	 Ey 	 1 	 6.063721e-01 	 -6.000000e+02 	 6.000000e+02 	 2.000000e+00
16 	 167 	 Ey 	 1 	 1.649564e+00 	 -3.600000e+02 	 6.000000e+02 	 2.000000e+00
16 	 168 	 Ey 	 1 	 1.355405e+00 	 -1.200000e+02 	 6.000000e+02 	 2.000000e+00
16 	 169 	 Ey 	 1 	 8.910668e-01 	 1.200000e+02 	 6.000000e+02 	 2.000000e+00
16 	 170 	 Ey 	 1 	 9.861563e-01 	 3.600000e+02 	 6.000000e+02 	 2.000000e+00
16 	 171 	 Ey 	 1 	 3.516575e-01 	 6.000000e+02 	 6.000000e+02 	 2.000000e+00
16 	 172 	 Ey 	 1 	 8.575100e-02 	 8.400000e+02 	 6.000000e+02 	 2.000000e+00
16 	 173 	 Ey 	 1 	 1.270073e-01 	 1.080000e+03 	 6.000000e+02 	 2.000000e+00
16 	 174 	 Ey 	 1 	 6.509591e-01 	 1.320000e+03 	 6.000000e+02 	 2.000000e+00
16 	 175 	 Ey 	 1 	 5.751546e-01 	 1.560000e+03 	 6.000000e+02 	 2.000000e+00
16 	 176 	 Ey 	 1 	 9.016611e-01 	 1.800000e+03 	 6.000000e+02 	 2.000000e+00
16 	 177 	 Ey 	 1 	 1.258821e+00 	 -1.800000e+03 	 8.400000e+02 	 2.000000e+00
16 	 178 	 Ey 	 1 	 3.572324e-01 	 -1.560000e+03 	 8.400000e+02 	 2.000000e+00
16 	 179 	 Ey 	 1 	 7.887837e-01 	 -1.320000e+03 	 8.400000e+02 	 2.000000e+00
16 	 180 	 Ey 	 1 	 3.717997e-01 	 -1.080000e+03 	 8.400000e+02 	 2.000000e+00
16 	 181 	 Ey 	 1 	 1.065140e+00 	 -8.400000e+02 	 8.400000e+02 	 2.000000e+00
16 	 182 	 Ey 	 1 	 1.456129e+00 	 -6.000000e+02 	 8.400000e+02 	 2.000000e+00
16 	 183 	 Ey 	 1 	 6.249218e-01 	 -3.600000e+02 	 8.400000e+02 	 2.000000e+00
16 	 184 	 Ey 	 1 	 1.608738e+00 	 -1.200000e+02 	 8.400000e+02 	 2.000000e+00
16 	 185 	 Ey 	 1 	 7.271539e-01 	 1.200000e+02 	 8.400000e+02 	 2.000000e+00
16 	 186 	 Ey 	 1 	 9.131063e-01 	 3.600000e+02 	 8.400000e+02 	 2.000000e+00
16 	 187 	 Ey 	 1 	 1.240448e+00 	 6.000000e+02 	 8.400000e+02 	 2.000000e+00
16 	 188 	 Ey 	 1 	 1.869107e+00 	 8.400000e+02 	 8.400000e+02 	 2.000000e+00
16 	 189 	 Ey 	 1 	 4.582054e-01 	 1.080000e+03 	 8.400000e+02 	 2.000000e+00
16 	 190 	 Ey 	 1 	 1.524810e+00 	 1.320000e+03 	 8.400000e+02 	 2.000000e+00
16 	 191 	 Ey 	 1 	 1.504640e+00 	 1.560000e+03 	 8.400000e+02 	 2.000000e+00
16 	 192 	 Ey 	 1 	 6.268012e-01 	 1.800000e+03 	 8.400000e+02 	 2.000000e+00
16 	 193 	 Ey 	 1 	 1.977028e+00 	 -1.800000e+03 	 1.080000e+03 	 2.000000e+00
16 	 194 	 Ey 	 1 	 1.459909e+00 	 -1.560000e+03 	 1.080000e+03 	 2.000000e+00
16 	 195 	 Ey 	 1 	 1.114333e+00 	 -1.320000e+03 	 1.080000e+03 	 2.000000e+00
16 	 196 	 Ey 	 1 	 6.616703e-01 	 -1.080000e+03 	 1.080000e+03 	 2.000000e+00
16 	 197 	 Ey 	 1 	 8.794174e-01 	 -8.400000e+02 	 1.080000e+03 	 2.000000e+00
16 	 198 	 Ey 	 1 	 7.230785e-01 	 -6.000000e+02 	 1.080000e+03 	 2.000000e+00
16 	 199 	 Ey 	 1 	 1.917540e+00 	 -3.600000e+02 	 1.080000e+03 	 2.000000e+00
16 	 200 	 Ey 	 1 	 1.028857e+00 	 -1.200000e+02 	 1.080000e+03 	 2.000000e+00
16 	 201 	 Ey 	 1 	 1.560670e+00 	 1.200000e+02 	 1.080000e+03 	 2.000000e+00
16 	 202 	 Ey 	 1 	 1.269748e-01 	 3.600000e+02 	 1.080000e+03 	 2.000000e+00
16 	 203 	 Ey 	 1 	 1.410523e+00 	 6.000000e+02 	 1.080000e+03 	 2.000000e+00
16 	 204 	 Ey 	 1 	 1.808427e-01 	 8.400000e+02 	 1.080000e+03 	 2.000000e+00
16 	 205 	 Ey 	 1 	 1.890671e+00 	 1.080000e+03 	 1.080000e+03 	 2.000000e+00
16 	 206 	 Ey 	 1 	 0.000000e+00 	 1.320000e+03 	 1.080000e+03 	 2.000000e+00
16 	 207 	 Ey 	 1 	 0.000000e+00 	 1.560000e+03 	 1.080000e+03 	 2.000000e+00
16 	 208 	 Ey 	 1 	 0.000000e+00 	 1.800000e+03 	 1.080000e+03 	 2.000000e+00
16 	 209 	 Ey 	 1 	 5.986135e-01 	 -1.800000e+03 	 1.320000e+03 	 2.000000e+00
16 	 210 	 Ey 	 1 	 9.013338e-01 	 -1.560000e+03 	 1.320000e+03 	 2.000000e+00
16 	 211 	 Ey 	 1 	 1.478607e+00 	 -1.320000e+03 	 1.320000e+03 	 2.000000e+00
16 	 212 	 Ey 	 1 	 6.865961e-01 	 -1.080000e+03 	 1.320000e+03 	 2.000000e+00
16 	 213 	 Ey 	 1 	 4.262890e-01 	 -8.400000e+02 	 1.320000e+03 	 2.000000e+00
16 	 214 	 Ey 	 1 	 7.819266e-01 	 -6.000000e+02 	 1.320000e+03 	 2.000000e+00
16 	 215 	 Ey 	 1 	 1.412034e+00 	 -3.600000e+02 	 1.320000e+03 	 2.000000e+00
16 	 216 	 Ey 	 1 	 2.898031e-01 	 -1.200000e+02 	 1.320000e+03 	 2.000000e+00
16 	 217 	 Ey 	 1 	 2.702877e+00 	 1.200000e+02 	 1.320000e+03 	 2.000000e+00
16 	 218 	 Ey 	 1 	 1.160091e+00 	 3.600000e+02 	 1.320000e+03 	 2.000000e+00
16 	 219 	 Ey 	 1 	 1.347998e+00 	 6.000000e+02 	 1.320000e+03 	 2.000000e+00
16 	 220 	 Ey 	 1 	 3.351907e-01 	 8.400000e+02 	 1.320000e+03 	 2.000000e+00
16 	 221 	 Ey 	 1 	 0.000000e+00 	 1.080000e+03 	 1.320000e+03 	 2.000000e+00
16 	 222 	 Ey 	 1 	 0.000000e+00 	 1.320000e+03 	 1.320000e+03 	 2.000000e+00
16 	 223 	 Ey 	 1 	 0.000000e+00 	 1.560000e+03 	 1.320000e+03 	 2.000000e+00
16 	 224 	 Ey 	 1 	 0.000000e+00 	 1.800000e+03 	 1.320000e+03 	 2.000000e+00
16 	 225 	 Ey 	 1 	 1.094181e+00 	 -1.800000e+03 	 1.560000e+03 	 2.000000e+00
16 	 226 	 Ey 	 1 	 5.061777e-01 	 -1.560000e+03 	 1.560000e+03 	 2.000000e+00
16 	 227 	 Ey 	 1 	 8.319492e-01 	 -1.320000e+03 	 1.560000e+03 	 2.000000e+00
16 	 228 	 Ey 	 1 	 1.121652e+00 	 -1.080000e+03 	 1.560000e+03 	 2.000000e+00
16 	 229 	 Ey 	 1 	 8.405405e-01 	 -8.400000e+02 	 1.560000e+03 	 2.000000e+00
16 	 230 	 Ey 	 1 	 1.142127e+00 	 -6.000000e+02 	 1.560000e+03 	 2.000000e+00
16 	 231 	 Ey 	 1 	 1.148871e+00 	 -3.600000e+02 	 1.560000e+03 	 2.000000e+00
16 	 232 	 Ey 	 1 	 1.741288e+00 	 -1.200000e+02 	 1.560000e+03 	 2.000000e+00
16 	 233 	 Ey 	 1 	 1.411792e+00 	 1.200000e+02 	 1.560000e+03 	 2.000000e+00
16 	 234 	 Ey 	 1 	 7.228197e-01 	 3.600000e+02 	 1.560000e+03 	 2.000000e+00
16 	 235 	 Ey 	 1 	 5.127661e-01 	 6.000000e+02 	 1.560000e+03 	 2.000000e+00
16 	 236 	 Ey 	 1 	 3.836014e-01 	 8.400000e+02 	 1.560000e+03 	 2.000000e+00
16 	 237 	 Ey 	 1 	 0.000000e+00 	 1.080000e+03 	 1.560000e+03 	 2.000000e+00
16 	 238 	 Ey 	 1 	 0.000000e+00 	 1.320000e+03 	 1.560000e+03 	 2.000000e+00
16 	 239 	 Ey 	 1 	 0.000000e+00 	 1.560000e+03 	 1.560000e+03 	 2.000000e+00
16 	 240 	 Ey 	 1 	 0.000000e+00 	 1.800000e+03 	 1.560000e+03 	 2.000000e+00
16 	 241 	 Ey 	 1 	 1.128901e+00 	 -1.800000e+03 	 1.800000e+03 	 2.000000e+00
16 	 242 	 Ey 	 1 	 2.297189e+00 	 -1.560000e+03 	 1.800000e+03 	 2.000000e+00
16 	 243 	 Ey 	 1 	 1.395282e+00 	 -1.320000e+03 	 1.800000e+03 	 2.000000e+00
16 	 244 	 Ey 	 1 	 3.884650e-01 	 -1.080000e+03 	 1.800000e+03 	 2.000000e+00
16 	 245 	 Ey 	 1 	 7.013440e-01 	 -8.400000e+02 	 1.800000e+03 	 2.000000e+00
16 	 246 	 Ey 	 1 	 1.412364e+00 	 -6.000000e+02 	 1.800000e+03 	 2.000000e+00
16 	 247 	 Ey 	 1 	 1.394858e+00 	 -3.600000e+02 	 1.800000e+03 	 2.000000e+00
16 	 248 	 Ey 	 1 	 8.525193e-01 	 -1.200000e+02 	 1.800000e+03 	 2.000000e+00
16 	 249 	 Ey 	 1 	 1.240278e+00 	 1.200000e+02 	 1.800000e+03 	 2.000000e+00
16 	 250 	 Ey 	 1 	 1.805567e+00 	 3.600000e+02 	 1.800000e+03 	 2.000000e+00
16 	 251 	 Ey 	 1 	 7.017829e-01 	 6.000000e+02 	 1.800000e+03 	 2.000000e+00
16 	 252 	 Ey 	 1 	 9.858843e-01 	 8.400000e+02 	 1.800000e+03 	 2.000000e+00
16 	 253 	 Ey 	 1 	 0.000000e+00 	 1.080000e+03 	 1.800000e+03 	 2.000000e+00
16 	 254 	 Ey 	 1 	 0.000000e+00 	 1.320000e+03 	 1.800000e+03 	 2.000000e+00
16 	 255 	 Ey 	 1 	 0.000000e+00 	 1.560000e+03 	 1.800000e+03 	 2.000000e+00
16 	 256 	 Ey 	 1 	 0.000000e+00 	 1.800000e+03 	 1.800000e+03 	 2.000000e+00
16 	 1 	 Ey 	 2 	 7.094503e-01 	 -1.800000e+03 	 -1.800000e+03 	 2.000000e+00
16 	 2 	 Ey 	 2 	 1.649500e-02 	 -1.560000e+03 	 -1.800000e+03 	 2.000000e+00
16 	 3 	 Ey 	 2 	 1.057708e+00 	 -1.320000e+03 	 -1.800000e+03 	 2.000000e+00
16 	 4 	 Ey 	 2 	 6.283004e-01 	 -1.080000e+03 	 -1.800000e+03 	 2.000000e+00
16 	 5 	 Ey 	 2 	 7.077479e-01 	 -8.400000e+02 	 -1.800000e+03 	 2.000000e+00
16 	 6 	 Ey 	 2 	 6.197981e-01 	 -6.000000e+02 	 -1.800000e+03 	 2.000000e+00
16 	 7 	 Ey 	 2 	 1.518087e+00 	 -3.600000e+02 	 -1.800000e+03 	 2.000000e+00
16 	 8 	 Ey 	 2 	 9.307830e-01 	 -1.200000e+02 	 -1.800000e+03 	 2.000000e+00
16 	 9 	 Ey 	 2 	 1.935275e+00 	 1.200000e+02 	 -1.800000e+03 	 2.000000e+00
16 	 10 	 Ey 	 2 	 1.045192e+00 	 3.600000e+02 	 -1.800000e+03 	 2.000000e+00
16 	 11 	 Ey 	 2 	 7.508605e-01 	 6.000000e+02 	 -1.800000e+03 	 2.000000e+00
16 	 12 	 Ey 	 2 	 2.502621e-01 	 8.400000e+02 	 -1.800000e+03 	 2.000000e+00
16 	 13 	 Ey 	 2 	 6.881202e-01 	 1.080000e+03 	 -1.800000e+03 	 2.000000e+00
16 	 14 	 Ey 	 2 	 9.284846e-01 	 1.320000e+03 	 -1.800000e+03 	 2.000000e+00
16 	 15 	 Ey 	 2 	 1.115661e+00 	 1.560000e+03 	 -1.800000e+03 	 2.000000e+00
16 	 16 	 Ey 	 2 	 8.037744e-01 	 1.800000e+03 	 -1.800000e+03 	 2.000000e+00
16 	 17 	 Ey 	 2 	 7.097954e-01 	 -1.800000e+03 	 -1.560000e+03 	 2.000000e+00
16 	 18 	 Ey 	 2 	 7.613201e-01 	 -1.560000e+03 	 -1.560000e+03 	 2.000000e+00
16 	 19 	 Ey 	 2 	 1.528190e+00 	 -1.320000e+03 	 -1.560000e+03 	 2.000000e+00
16 	 20 	 Ey 	 2 	 1.309982e+00 	 -1.080000e+03 	 -1.560000e+03 	 2.000000e+00
16 	 21 	 Ey 	 2 	 1.482669e+00 	 -8.400000e+02 	 -1.560000e+03 	 2.000000e+00
16 	 22 	 Ey 	 2 	 1.219334e+00 	 -6.000000e+02 	 -1.560000e+03 	 2.000000e+00
16 	 23 	 Ey 	 2 	 1.861406e+00 	 -3.600000e+02 	 -1.560000e+03 	 2.000000e+00
16 	 24 	 Ey 	 2 	 1.108041e+00 	 -1.200000e+02 	 -1.560000e+03 	 2.000000e+00
16 	 25 	 Ey 	 2 	 8.722637e-01 	 1.200000e+02 	 -1.560000e+03 	 2.000000e+00
16 	 26 	 Ey 	 2 	 1.536350e+00 	 3.600000e+02 	 -1.560000e+03 	 2.000000e+00
16 	 27 	 Ey 	 2 	 1.128325e+00 	 6.000000e+02 	 -1.560000e+03 	 2.000000e+00
16 	 28 	 Ey 	 2 	 1.354512e+00 	 8.400000e+02 	 -1.560000e+03 	 2.000000e+00
16 	 29 	 Ey 	 2 	 4.545018e-01 	 1.080000e+03 	 -1.560000e+03 	 2.000000e+00
16 	 30 	 Ey 	 2 	 7.846305e-01 	 1.320000e+03 	 -1.560000e+03 	 2.000000e+00
16 	 31 	 Ey 	 2 	 1.335539e+00 	 1.560000e+03 	 -1.560000e+03 	 2.000000e+00
16 	 32 	 Ey 	 2 	 3.809866e-01 	 1.800000e+03 	 -1.560000e+03 	 2.000000e+00
16 	 33 	 Ey 	 2 	 9.968156e-01 	 -1.800000e+03 	 -1.320000e+03 	 2.000000e+00
16 	 34 	 Ey 	 2 	 1.892210e+00 	 -1.560000e+03 	 -1.320000e+03 	 2.000000e+00
16 	 35 	 Ey 	 2 	 1.297644e+00 	 -1.320000e+03 	 -1.320000e+03 	 2.000000e+00
16 	 36 	 Ey 	 2 	 2.833708e-01 	 -1.080000e+03 	 -1.320000e+03 	 2.000000e+00
16 	 37 	 Ey 	 2 	 1.289496e+00 	 -8.400000e+02 	 -1.320000e+03 	 2.000000e+00
16 	 38 	 Ey 	 2 	 6.160582e-01 	 -6.000000e+02 	 -1.320000e+03 	 2.000000e+00
16 	 39 	 Ey 	 2 	 2.385376e-01 	 -3.600000e+02 	 -1.320000e+03 	 2.000000e+00
16 	 40 	 Ey 	 2 	 1.352637e+00 	 -1.200000e+02 	 -1.320000e+03 	 2.000000e+00
16 	 41 	 Ey 	 2 	 2.285309e+00 	 1.200000e+02 	 -1.320000e+03 	 2.000000e+00
16 	 42 	 Ey 	 2 	 1.231489e+00 	 3.600000e+02 	 -1.320000e+03 	 2.000000e+00
16 	 43 	 Ey 	 2 	 1.834596e+00 	 6.000000e+02 	 -1.320000e+03 	 2.000000e+00
16 	 44 	 Ey 	 2 	 1.066202e+00 	 8.400000e+02 	 -1.320000e+03 	 2.000000e+00
16 	 45 	 Ey 	 2 	 6.598049e-01 	 1.080000e+03 	 -1.320000e+03 	 2.000000e+00
16 	 46 	 Ey 	 2 	 7.736733e-01 	 1.320000e+03 	 -1.320000e+03 	 2.000000e+00
16 	 47 	 Ey 	 2 	 1.593663e+00 	 1.560000e+03 	 -1.320000e+03 	 2.000000e+00
16 	 48 	 Ey 	 2 	 9.652606e-01 	 1.800000e+03 	 -1.320000e+03 	 2.000000e+00
16 	 49 	 Ey 	 2 	 2.167630e+00 	 -1.800000e+03 	 -1.080000e+03 	 2.000000e+00
16 	 50 	 Ey 	 2 	 8.607666e-01 	 -1.560000e+03 	 -1.080000e+03 	 2.000000e+00
16 	 51 	 Ey 	 2 	 4.778973e-01 	 -1.320000e+03 	 -1.080000e+03 	 2.000000e+00
16 	 52 	 Ey 	 2 	 1.169581e+00 	 -1.080000e+03 	 -1.080000e+03 	 2.000000e+00
16 	 53 	 Ey 	 2 	 1.617393e+00 	 -8.400000e+02 	 -1.080000e+03 	 2.000000e+00
16 	 54 	 Ey 	 2 	 1.253317e+00 	 -6.000000e+02 	 -1.080000e+03 	 2.000000e+00
16 	 55 	 Ey 	 2 	 1.918272e+00 	 -3.600000e+02 	 -1.080000e+03 	 2.000000e+00
16 	 56 	 Ey 	 2 	 4.298349e-01 	 -1.200000e+02 	 -1.080000e+03 	 2.000000e+00
16 	 57 	 Ey 	 2 	 6.848524e-01 	 1.200000e+02 	 -1.080000e+03 	 2.000000e+00
16 	 58 	 Ey 	 2 	 6.605325e-01 	 3.600000e+02 	 -1.080000e+03 	 2.000000e+00
16 	 59 	 Ey 	 2 	 1.568949e+00 	 6.000000e+02 	 -1.080000e+03 	 2.000000e+00
16 	 60 	 Ey 	 2 	 6.005993e-01 	 8.400000e+02 	 -1.080000e+03 	 2.000000e+00
16 	 61 	 Ey 	 2 	 1.040059e+00 	 1.080000e+03 	 -1.080000e+03 	 2.000000e+00
16 	 62 	 Ey 	 2 	 4.550115e-01 	 1.320000e+03 	 -1.080000e+03 	 2.000000e+00
16 	 63 	 Ey 	 2 	 7.934894e-01 	 1.560000e+03 	 -1.080000e+03 	 2.000000e+00
16 	 64 	 Ey 	 2 	 1.323590e+00 	 1.800000e+03 	 -1.080000e+03 	 2.000000e+00
16 	 65 	 Ey 	 2 	 1.212964e+00 	 -1.800000e+03 	 -8.400000e+02 	 2.000000e+00
16 	 66 	 Ey 	 2 	 1.477533e+00 	 -1.560000e+03 	 -8.400000e+02 	 2.000000e+00
16 	 67 	 Ey 	 2 	 2.637512e+00 	 -1.320000e+03 	 -8.400000e+02 	 2.000000e+00
16 	 68 	 Ey 	 2 	 2.574927e+00 	 -1.080000e+03 	 -8.400000e+02 	 2.000000e+00
16 	 69 	 Ey 	 2 	 6.263126e-01 	 -8.400000e+02 	 -8.400000e+02 	 2.000000e+00
16 	 70 	 Ey 	 2 	 1.942245e+00 	 -6.000000e+02 	 -8.400000e+02 	 2.000000e+00
16 	 71 	 Ey 	 2 	 2.170100e+00 	 -3.600000e+02 	 -8.400000e+02 	 2.000000e+00
16 	 72 	 Ey 	 2 	 2.045863e+00 	 -1.200000e+02 	 -8.400000e+02 	 2.000000e+00
16 	 73 	 Ey 	 2 	 1.645361e+00 	 1.200000e+02 	 -8.400000e+02 	 2.000000e+00
16 	 74 	 Ey 	 2 	 7.760212e-01 	 3.600000e+02 	 -8.400000e+02 	 2.000000e+00
16 	 75 	 Ey 	 2 	 7.465943e-01 	 6.000000e+02 	 -8.400000e+02 	 2.000000e+00
16 	 76 	 Ey 	 2 	 6.249802e-01 	 8.400000e+02 	 -8.400000e+02 	 2.000000e+00
16 	 77 	 Ey 	 2 	 1.630320e+00 	 1.080000e+03 	 -8.400000e+02 	 2.000000e+00
16 	 78 	 Ey 	 2 	 7.100762e-01 	 1.320000e+03 	 -8.400000e+02 	 2.000000e+00
16 	 79 	 Ey 	 2 	 1.099252e+00 	 1.560000e+03 	 -8.400000e+02 	 2.000000e+00
16 	 80 	 Ey 	 2 	 8.015434e-01 	 1.800000e+03 	 -8.400000e+02 	 2.000000e+00
16 	 81 	 Ey 	 2 	 2.173581e+00 	 -1.800000e+03 	 -6.000000e+02 	 2.000000e+00
16 	 82 	 Ey 	 2 	 1.652826e+00 	 -1.560000e+03 	 -6.000000e+02 	 2.000000e+00
16 	 83 	 Ey 	 2 	 2.274333e+00 	 -1.320000e+03 	 -6.000000e+02 	 2.000000e+00
16 	 84 	 Ey 	 2 	 8.246450e-01 	 -1.080000e+03 	 -6.000000e+02 	 2.000000e+00
16 	 85 	 Ey 	 2 	 1.510086e+00 	 -8.400000e+02 	 -6.000000e+02 	 2.000000e+00
16 	 86 	 Ey 	 2 	 3.911992e-01 	 -6.000000e+02 	 -6.000000e+02 	 2.000000e+00
16 	 87 	 Ey 	 2 	 9.066323e-01 	 -3.600000e+02 	 -6.000000e+02 	 2.000000e+00
16 	 88 	 Ey 	 2 	 6.375352e-01 	 -1.200000e+02 	 -6.000000e+02 	 2.000000e+00
16 	 89 	 Ey 	 2 	 1.028197e+00 	 1.200000e+02 	 -6.000000e+02 	 2.000000e+00
16 	 90 	 Ey 	 2 	 4.237449e-01 	 3.600000e+02 	 -6.000000e+02 	 2.000000e+00
16 	 91 	 Ey 	 2 	 1.566013e+00 	 6.000000e+02 	 -6.000000e+02 	 2.000000e+00
16 	 92 	 Ey 	 2 	 5.484610e-01 	 8.400000e+02 	 -6.000000e+02 	 2.000000e+00
16 	 93 	 Ey 	 2 	 5.575245e-01 	 1.080000e+03 	 -6.000000e+02 	 2.000000e+00
16 	 94 	 Ey 	 2 	 1.673867e+00 	 1.320000e+03 	 -6.000000e+02 	 2.000000e+00
16 	 95 	 Ey 	 2 	 1.430486e+00 	 1.560000e+03 	 -6.000000e+02 	 2.000000e+00
16 	 96 	 Ey 	 2 	 1.871433e+00 	 1.800000e+03 	 -6.000000e+02 	 2.000000e+00
16 	 97 	 Ey 	 2 	 2.146621e+00 	 -1.800000e+03 	 -3.600000e+02 	 2.000000e+00
16 	 98 	 Ey 	 2 	 1.299878e+00 	 -1.560000e+03 	 -3.600000e+02 	 2.000000e+00
16 	 99 	 Ey 	 2 	 1.929024e+00 	 -1.320000e+03 	 -3.600000e+02 	 2.000000e+00
16 	 100 	 Ey 	 2 	 1.653540e+00 	 -1.080000e+03 	 -3.600000e+02 	 2.000000e+00
16 	 101 	 Ey 	 2 	 1.480953e+00 	 -8.400000e+02 	 -3.600000e+02 	 2.000000e+00
16 	 102 	 Ey 	 2 	 1.641230e+00 	 -6.000000e+02 	 -3.600000e+02 	 2.000000e+00
16 	 103 	 Ey 	 2 	 5.075499e-01 	 -3.600000e+02 	 -3.600000e+02 	 2.000000e+00
16 	 104 	 Ey 	 2 	 2.364668e+00 	 -1.200000e+02 	 -3.600000e+02 	 2.000000e+00
16 	 105 	 Ey 	 2 	 1.350117e+00 	 1.200000e+02 	 -3.600000e+02 	 2.000000e+00
16 	 106 	 Ey 	 2 	 1.107873e+00 	 3.600000e+02 	 -3.600000e+02 	 2.000000e+00
16 	 107 	 Ey 	 2 	 1.749817e+00 	 6.000000e+02 	 -3.600000e+02 	 2.000000e+00
16 	 108 	 Ey 	 2 	 1.077175e+00 	 8.400000e+02 	 -3.600000e+02 	 2.000000e+00
16 	 109 	 Ey 	 2 	 8.112273e-01 	 1.080000e+03 	 -3.600000e+02 	 2.000000e+00
16 	 110 	 Ey 	 2 	 8.020228e-01 	 1.320000e+03 	 -3.600000e+02 	 2.000000e+00
16 	 111 	 Ey 	 2 	 1.019860e+00 	 1.560000e+03 	 -3.600000e+02 	 2.000000e+00
16 	 112 	 Ey 	 2 	 1.036452e+00 	 1.800000e+03 	 -3.600000e+02 	 2.000000e+00
16 	 113 	 Ey 	 2 	 1.522969e+00 	 -1.800000e+03 	 -1.200000e+02 	 2.000000e+00
16 	 114 	 Ey 	 2 	 1.629063e+00 	 -1.560000e+03 	 -1.200000e+02 	 2.000000e+00
16 	 115 	 Ey 	 2 	 1.525960e+00 	 -1.320000e+03 	 -1.200000e+02 	 2.000000e+00
16 	 116 	 Ey 	 2 	 8.758882e-01 	 -1.080000e+03 	 -1.200000e+02 	 2.000000e+00
16 	 117 	 Ey 	 2 	 8.108021e-01 	 -8.400000e+02 	 -1.200000e+02 	 2.000000e+00
16 	 118 	 Ey 	 2 	 1.442608e+00 	 -6.000000e+02 	 -1.200000e+02 	 2.000000e+00
16 	 119 	 Ey 	 2 	 1.247904e+00 	 -3.600000e+02 	 -1.200000e+02 	 2.000000e+00
16 	 120 	 Ey 	 2 	 1.092489e+00 	 -1.200000e+02 	 -1.200000e+02 	 2.000000e+00
16 	 121 	 Ey 	 2 	 6.505784e-01 	 1.200000e+02 	 -1.200000e+02 	 2.000000e+00
16 	 122 	 Ey 	 2 	 9.872432e-01 	 3.600000e+02 	 -1.200000e+02 	 2.000000e+00
16 	 123 	 Ey 	 2 	 1.870923e+00 	 6.000000e+02 	 -1.200000e+02 	 2.000000e+00
16 	 124 	 Ey 	 2 	 9.939648e-01 	 8.400000e+02 	 -1.200000e+02 	 2.000000e+00
16 	 125 	 Ey 	 2 	 1.088517e+00 	 1.080000e+03 	 -1.200000e+02 	 2.000000e+00
16 	 126 	 Ey 	 2 	 1.171439e+00 	 1.320000e+03 	 -1.200000e+02 	 2.000000e+00
16 	 127 	 Ey 	 2 	 1.064584e+00 	 1.560000e+03 	 -1.200000e+02 	 2.000000e+00
16 	 128 	 Ey 	 2 	 1.547752e+00 	 1.800000e+03 	 -1.200000e+02 	 2.000000e+00
16 	 129 	 Ey 	 2 	 2.824360e+00 	 -1.800000e+03 	 1.200000e+02 	 2.000000e+00
16 	 130 	 Ey 	 2 	 1.863705e+00 	 -1.560000e+03 	 1.200000e+02 	 2.000000e+00
16 	 131 	 Ey 	 2 	 1.955534e+00 	 -1.320000e+03 	 1.200000e+02 	 2.000000e+00
16 	 132 	 Ey 	 2 	 1.654362e+00 	 -1.080000e+03 	 1.200000e+02 	 2.000000e+00
16 	 133 	 Ey 	 2 	 2.697917e+00 	 -8.400000e+02 	 1.200000e+02 	 2.000000e+00
16 	 134 	 Ey 	 2 	 1.042019e+00 	 -6.000000e+02 	 1.200000e+02 	 2.000000e+00
16 	 135 	 Ey 	 2 	 1.632150e+00 	 -3.600000e+02 	 1.200000e+02 	 2.000000e+00
16 	 136 	 Ey 	 2 	 1.008936e+00 	 -1.200000e+02 	 1.200000e+02 	 2.000000e+00
16 	 137 	 Ey 	 2 	 1.429430e+00 	 1.200000e+02 	 1.200000e+02 	 2.000000e+00
16 	 138 	 Ey 	 2 	 1.263026e+00 	 3.600000e+02 	 1.200000e+02 	 2.000000e+00
16 	 139 	 Ey 	 2 	 8.035002e-01 	 6.000000e+02 	 1.200000e+02 	 2.000000e+00
16 	 140 	 Ey 	 2 	 1.017086e+00 	 8.400000e+02 	 1.200000e+02 	 2.000000e+00
16 	 141 	 Ey 	 2 	 3.479842e-01 	 1.080000e+03 	 1.200000e+02 	 2.000000e+00
16 	 142 	 Ey 	 2 	 2.018617e+00 	 1.320000e+03 	 1.200000e+02 	 2.000000e+00
16 	 143 	 Ey 	 2 	 2.205537e-01 	 1.560000e+03 	 1.200000e+02 	 2.000000e+00
16 	 144 	 Ey 	 2 	 1.132069e+00 	 1.800000e+03 	 1.200000e+02 	 2.000000e+00
16 	 145 	 Ey 	 2 	 1.605718e+00 	 -1.800000e+03 	 3.600000e+02 	 2.000000e+00
16 	 146 	 Ey 	 2 	 1.913826e+00 	 -1.560000e+03 	 3.600000e+02 	 2.000000e+00
16 	 147 	 Ey 	 2 	 1.203158e+00 	 -1.320000e+03 	 3.600000e+02 	 2.000000e+00
16 	 148 	 Ey 	 2 	 2.703438e+00 	 -1.080000e+03 	 3.600000e+02 	 2.000000e+00
16 	 149 	 Ey 	 2 	 7.744557e-01 	 -8.400000e+02 	 3.600000e+02 	 2.000000e+00
16 	 150 	 Ey 	 2 	 8.476292e-01 	 -6.000000e+02 	 3.600000e+02 	 2.000000e+00
16 	 151 	 Ey 	 2 	 1.111265e+00 	 -3.600000e+02 	 3.600000e+02 	 2.000000e+00
16 	 152 	 Ey 	 2 	 6.831154e-01 	 -1.200000e+02 	 3.600000e+02 	 2.000000e+00
16 	 153 	 Ey 	 2 	 9.055329e-02 	 1.200000e+02 	 3.600000e+02 	 2.000000e+00
16 	 154 	 Ey 	 2 	 8.967365e-01 	 3.600000e+02 	 3.600000e+02 	 2.000000e+00
16 	 155 	 Ey 	 2 	 9.902709e-01 	 6.000000e+02 	 3.600000e+02 	 2.000000e+00
16 	 156 	 Ey 	 2 	 5.543227e-01 	 8.400000e+02 	 3.600000e+02 	 2.000000e+00
16 	 157 	 Ey 	 2 	 1.280838e+00 	 1.080000e+03 	 3.600000e+02 	 2.000000e+00
16 	 158 	 Ey 	 2 	 9.009651e-01 	 1.320000e+03 	 3.600000e+02 	 2.000000e+00
16 	 159 	 Ey 	 2 	 5.739231e-01 	 1.560000e+03 	 3.600000e+02 	 2.000000e+00
16 	 160 	 Ey 	 2 	 4.857632e-01 	 1.800000e+03 	 3.600000e+02 	 2.000000e+00
16 	 161 	 Ey 	 2 	 1.229360e+00 	 -1.800000e+03 	 6.000000e+02 	 2.000000e+00
16 	 162 	 Ey 	 2 	 7.053747e-01 	 -1.560000e+03 	 6.000000e+02 	 2.000000e+00
16 	 163 	 Ey 	 2 	 2.086459e+00 	 -1.320000e+03 	 6.000000e+02 	 2.000000e+00
16 	 164 	 Ey 	 2 	 2.705031e+00 	 -1.080000e+03 	 6.000000e+02 	 2.000000e+00
16 	 165 	 Ey 	 2 	 2.333349e+00 	 -8.400000e+02 	 6.000000e+02 	 2.000000e+00
16 	 166 	 Ey 	 2 	 2.446605e+00 	 -6.000000e+02 	 6.000000e+02 	 2.000000e+00
16 	 167 	 Ey 	 2 	 6.120317e-01 	 -3.600000e+02 	 6.000000e+02 	 2.000000e+00
16 	 168 	 Ey 	 2 	 1.679645e+00 	 -1.200000e+02 	 6.000000e+02 	 2.000000e+00
16 	 169 	 Ey 	 2 	 7.237842e-01 	 1.200000e+02 	 6.000000e+02 	 2.000000e+00
16 	 170 	 Ey 	 2 	 8.279717e-01 	 3.600000e+02 	 6.000000e+02 	 2.000000e+00
16 	 171 	 Ey 	 2 	 2.185363e+00 	 6.000000e+02 	 6.000000e+02 	 2.000000e+00
16 	 172 	 Ey 	 2 	 4.990955e-01 	 8.400000e+02 	 6.000000e+02 	 2.000000e+00
16 	 173 	 Ey 	 2 	 1.058426e+00 	 1.080000e+03 	 6.000000e+02 	 2.000000e+00
16 	 174 	 Ey 	 2 	 1.103733e+00 	 1.320000e+03 	 6.000000e+02 	 2.000000e+00
16 	 175 	 Ey 	 2 	 9.836355e-01 	 1.560000e+03 	 6.000000e+02 	 2.000000e+00
16 	 176 	 Ey 	 2 	 2.309792e-01 	 1.800000e+03 	 6.000000e+02 	 2.000000e+00
16 	 177 	 Ey 	 2 	 3.287160e-01 	 -1.800000e+03 	 8.400000e+02 	 2.000000e+00
16 	 178 	 Ey 	 2 	 1.125537e+00 	 -1.560000e+03 	 8.400000e+02 	 2.000000e+00
16 	 179 	 Ey 	 2 	 2.251424e+00 	 -1.320000e+03 	 8.400000e+02 	 2.000000e+00
16 	 180 	 Ey 	 2 	 1.000695e+00 	 -1.080000e+03 	 8.400000e+02 	 2.000000e+00
16 	 181 	 Ey 	 2 	 1.218358e+00 	 -8.400000e+02 	 8.400000e+02 	 2.000000e+00
16 	 182 	 Ey 	 2 	 1.236171e+00 	 -6.000000e+02 	 8.400000e+02 	 2.000000e+00
16 	 183 	 Ey 	 2 	 8.911516e-01 	 -3.600000e+02 	 8.400000e+02 	 2.000000e+00
16 	 184 	 Ey 	 2 	 1.622317e+00 	 -1.200000e+02 	 8.400000e+02 	 2.000000e+00
16 	 185 	 Ey 	 2 	 2.301985e-01 	 1.200000e+02 	 8.400000e+02 	 2.000000e+00
16 	 186 	 Ey 	 2 	 1.023590e+00 	 3.600000e+02 	 8.400000e+02 	 2.000000e+00
16 	 187 	 Ey 	 2 	 9.474329e-01 	 6.000000e+02 	 8.400000e+02 	 2.000000e+00
16 	 188 	 Ey 	 2 	 1.405573e+00 	 8.400000e+02 	 8.400000e+02 	 2.000000e+00
16 	 189 	 Ey 	 2 	 2.535267e+00 	 1.080000e+03 	 8.400000e+02 	 2.000000e+00
16 	 190 	 Ey 	 2 	 1.653378e+00 	 1.320000e+03 	 8.400000e+02 	 2.000000e+00
16 	 191 	 Ey 	 2 	 1.115433e+00 	 1.560000e+03 	 8.400000e+02 	 2.000000e+00
16 	 192 	 Ey 	 2 	 6.625106e-01 	 1.800000e+03 	 8.400000e+02 	 2.000000e+00
16 	 193 	 Ey 	 2 	 2.628483e+00 	 -1.800000e+03 	 1.080000e+03 	 2.000000e+00
16 	 194 	 Ey 	 2 	 5.721710e-01 	 -1.560000e+03 	 1.080000e+03 	 2.000000e+00
16 	 195 	 Ey 	 2 	 9.587451e-02 	 -1.320000e+03 	 1.080000e+03 	 2.000000e+00
16 	 196 	 Ey 	 2 	 1.087360e+00 	 -1.080000e+03 	 1.080000e+03 	 2.000000e+00
16 	 197 	 Ey 	 2 	 1.527640e+00 	 -8.400000e+02 	 1.080000e+03 	 2.000000e+00
16 	 198 	 Ey 	 2 	 9.603521e-01 	 -6.000000e+02 	 1.080000e+03 	 2.000000e+00
16 	 199 	 Ey 	 2 	 7.048941e-01 	 -3.600000e+02 	 1.080000e+03 	 2.000000e+00
16 	 200 	 Ey 	 2 	 1.377795e+00 	 -1.200000e+02 	 1.080000e+03 	 2.000000e+00
16 	 201 	 Ey 	 2 	 9.740667e-01 	 1.200000e+02 	 1.080000e+03 	 2.000000e+00
16 	 202 	 Ey 	 2 	 6.805584e-01 	 3.600000e+02 	 1.080000e+03 	 2.000000e+00
16 	 203 	 Ey 	 2 	 2.739623e-01 	 6.000000e+02 	 1.080000e+03 	 2.000000e+00
16 	 204 	 Ey 	 2 	 1.957927e+00 	 8.400000e+02 	 1.080000e+03 	 2.000000e+00
16 	 205 	 Ey 	 2 	 5.257546e-01 	 1.080000e+03 	 1.080000e+03 	 2.000000e+00
16 	 206 	 Ey 	 2 	 0.000000e+00 	 1.320000e+03 	 1.080000e+03 	 2.000000e+00
16 	 207 	 Ey 	 2 	 0.000000e+00 	 1.560000e+03 	 1.080000e+03 	 2.000000e+00
16 	 208 	 Ey 	 2 	 0.000000e+00 	 1.800000e+03 	 1.080000e+03 	 2.000000e+00
16 	 209 	 Ey 	 2 	 1.404470e+00 	 -1.800000e+03 	 1.320000e+03 	 2.000000e+00
16 	 210 	 Ey 	 2 	 9.519973e-01 	 -1.560000e+03 	 1.320000e+03 	 2.000000e+00
16 	 211 	 Ey 	 2 	 1.076888e+00 	 -1.320000e+03 	 1.320000e+03 	 2.000000e+00
16 	 212 	 Ey 	 2 	 2.702793e+00 	 -1.080000e+03 	 1.320000e+03 	 2.000000e+00
16 	 213 	 Ey 	 2 	 1.896470e+00 	 -8.400000e+02 	 1.320000e+03 	 2.000000e+00
16 	 214 	 Ey 	 2 	 1.745673e+00 	 -6.000000e+02 	 1.320000e+03 	 2.000000e+00
16 	 215 	 Ey 	 2 	 1.151296e+00 	 -3.600000e+02 	 1.320000e+03 	 2.000000e+00
16 	 216 	 Ey 	 2 	 1.339036e+00 	 -1.200000e+02 	 1.320000e+03 	 2.000000e+00
16 	 217 	 Ey 	 2 	 4.148265e-01 	 1.200000e+02 	 1.320000e+03 	 2.000000e+00
16 	 218 	 Ey 	 2 	 8.419497e-01 	 3.600000e+02 	 1.320000e+03 	 2.000000e+00
16 	 219 	 Ey 	 2 	 8.765131e-01 	 6.000000e+02 	 1.320000e+03 	 2.000000e+00
16 	 220 	 Ey 	 2 	 8.514042e-01 	 8.400000e+02 	 1.320000e+03 	 2.000000e+00
16 	 221 	 Ey 	 2 	 0.000000e+00 	 1.080000e+03 	 1.320000e+03 	 2.000000e+00
16 	 222 	 Ey 	 2 	 0.000000e+00 	 1.320000e+03 	 1.320000e+03 	 2.000000e+00
16 	 223 	 Ey 	 2 	 0.000000e+00 	 1.560000e+03 	 1.320000e+03 	 2.000000e+00
16 	 224 	 Ey 	 2 	 0.000000e+00 	 1.800000e+03 	 1.320000e+03 	 2.000000e+00
16 	 225 	 Ey 	 2 	 1.758673e+00 	 -1.800000e+03 	 1.560000e+03 	 2.000000e+00
16 	 226 	 Ey 	 2 	 9.374058e-01 	 -1.560000e+03 	 1.560000e+03 	 2.000000e+00
16 	 227 	 Ey 	 2 	 4.676624e-01 	 -1.320000e+03 	 1.560000e+03 	 2.000000e+00
16 	 228 	 Ey 	 2 	 1.046832e+00 	 -1.080000e+03 	 1.560000e+03 	 2.000000e+00
16 	 229 	 Ey 	 2 	 4.589278e-01 	 -8.400000e+02 	 1.560000e+03 	 2.000000e+00
16 	 230 	 Ey 	 2 	 4.369207e-01 	 -6.000000e+02 	 1.560000e+03 	 2.000000e+00
16 	 231 	 Ey 	 2 	 7.934836e-01 	 -3.600000e+02 	 1.560000e+03 	 2.000000e+00
16 	 232 	 Ey 	 2 	 1.788045e-01 	 -1.200000e+02 	 1.560000e+03 	 2.000000e+00
16 	 233 	 Ey 	 2 	 1.575878e-01 	 1.200000e+02 	 1.560000e+03 	 2.000000e+00
16 	 234 	 Ey 	 2 	 4.213314e-01 	 3.600000e+02 	 1.560000e+03 	 2.000000e+00
16 	 235 	 Ey 	 2 	 1.820979e+00 	 6.000000e+02 	 1.560000e+03 	 2.000000e+00
16 	 236 	 Ey 	 2 	 9.381129e-01 	 8.400000e+02 	 1.560000e+03 	 2.000000e+00
16 	 237 	 Ey 	 2 	 0.000000e+00 	 1.080000e+03 	 1.560000e+03 	 2.000000e+00
16 	 238 	 Ey 	 2 	 0.000000e+00 	 1.320000e+03 	 1.560000e+03 	 2.000000e+00
16 	 239 	 Ey 	 2 	 0.000000e+00 	 1.560000e+03 	 1.560000e+03 	 2.000000e+00
16 	 240 	 Ey 	 2 	 0.000000e+00 	 1.800000e+03 	 1.560000e+03 	 2.000000e+00
16 	 241 	 Ey 	 2 	 1.737006e+00 	 -1.800000e+03 	 1.800000e+03 	 2.000000e+00
16 	 242 	 Ey 	 2 	 1.969679e-01 	 -1.560000e+03 	 1.800000e+03 	 2.000000e+00
16 	 243 	 Ey 	 2 	 8.928599e-01 	 -1.320000e+03 	 1.800000e+03 	 2.000000e+00
16 	 244 	 Ey 	 2 	 1.598343e+00 	 -1.080000e+03 	 1.800000e+03 	 2.000000e+00
16 	 245 	 Ey 	 2 	 8.369621e-01 	 -8.400000e+02 	 1.800000e+03 	 2.000000e+00
16 	 246 	 Ey 	 2 	 7.792583e-01 	 -6.000000e+02 	 1.800000e+03 	 2.000000e+00
16 	 247 	 Ey 	 2 	 5.986760e-01 	 -3.600000e+02 	 1.800000e+03 	 2.000000e+00
16 	 248 	 Ey 	 2 	 6.427533e-01 	 -1.200000e+02 	 1.800000e+03 	 2.000000e+00
16 	 249 	 Ey 	 2 	 9.898130e-01 	 1.200000e+02 	 1.800000e+03 	 2.000000e+00
16 	 250 	 Ey 	 2 	 1.140605e+00 	 3.600000e+02 	 1.800000e+03 	 2.000000e+00
16 	 251 	 Ey 	 2 	 7.882558e-01 	 6.000000e+02 	 1.800000e+03 	 2.000000e+00
16 	 252 	 Ey 	 2 	 1.391261e-01 	 8.400000e+02 	 1.800000e+03 	 2.000000e+00
16 	 253 	 Ey 	 2 	 0.000000e+00 	 1.080000e+03 	 1.800000e+03 	 2.000000e+00
16 	 254 	 Ey 	 2 	 0.000000e+00 	 1.320000e+03 	 1.800000e+03 	 2.000000e+00
16 	 255 	 Ey 	 2 	 0.000000e+00 	 1.560000e+03 	 1.800000e+03 	 2.000000e+00
16 	 256 	 Ey 	 2 	 0.000000e+00 	 1.800000e+03 	 1.800000e+03 	 2.000000e+00
