iTx 	 iRx    ichrec  ifreq 	 sig_misfit   x       y      z
11 	 1 	 Ex 	 1 	 1.234089e+00 	 -1.800000e+03 	 -1.800000e+03 	 2.000000e+00
11 	 2 	 Ex 	 1 	 1.148155e+00 	 -1.560000e+03 	 -1.800000e+03 	 2.000000e+00
11 	 3 	 Ex 	 1 	 1.226405e+00 	 -1.320000e+03 	 -1.800000e+03 	 2.000000e+00
11 	 4 	 Ex 	 1 	 1.244564e+00 	 -1.080000e+03 	 -1.800000e+03 	 2.000000e+00
11 	 5 	 Ex 	 1 	 5.855293e-01 	 -8.400000e+02 	 -1.800000e+03 	 2.000000e+00
11 	 6 	 Ex 	 1 	 2.125719e+00 	 -6.000000e+02 	 -1.800000e+03 	 2.000000e+00
11 	 7 	 Ex 	 1 	 1.710073e+00 	 -3.600000e+02 	 -1.800000e+03 	 2.000000e+00
11 	 8 	 Ex 	 1 	 7.491133e-01 	 -1.200000e+02 	 -1.800000e+03 	 2.000000e+00
11 	 9 	 Ex 	 1 	 2.161749e+00 	 1.200000e+02 	 -1.800000e+03 	 2.000000e+00
11 	 10 	 Ex 	 1 	 1.317655e+00 	 3.600000e+02 	 -1.800000e+03 	 2.000000e+00
11 	 11 	 Ex 	 1 	 9.987345e-01 	 6.000000e+02 	 -1.800000e+03 	 2.000000e+00
11 	 12 	 Ex 	 1 	 1.249113e+00 	 8.400000e+02 	 -1.800000e+03 	 2.000000e+00
11 	 13 	 Ex 	 1 	 3.804341e-01 	 1.080000e+03 	 -1.800000e+03 	 2.000000e+00
11 	 14 	 Ex 	 1 	 2.211352e+00 	 1.320000e+03 	 -1.800000e+03 	 2.000000e+00
11 	 15 	 Ex 	 1 	 5.680169e-01 	 1.560000e+03 	 -1.800000e+03 	 2.000000e+00
11 	 16 	 Ex 	 1 	 6.844450e-01 	 1.800000e+03 	 -1.800000e+03 	 2.000000e+00
11 	 17 	 Ex 	 1 	 5.969781e-01 	 -1.800000e+03 	 -1.560000e+03 	 2.000000e+00
11 	 18 	 Ex 	 1 	 6.507770e-01 	 -1.560000e+03 	 -1.560000e+03 	 2.000000e+00
11 	 19 	 Ex 	 1 	 8.207648e-01 	 -1.320000e+03 	 -1.560000e+03 	 2.000000e+00
11 	 20 	 Ex 	 1 	 1.329562e+00 	 -1.080000e+03 	 -1.560000e+03 	 2.000000e+00
11 	 21 	 Ex 	 1 	 5.713183e-01 	 -8.400000e+02 	 -1.560000e+03 	 2.000000e+00
11 	 22 	 Ex 	 1 	 1.343173e-01 	 -6.000000e+02 	 -1.560000e+03 	 2.000000e+00
11 	 23 	 Ex 	 1 	 1.837007e+00 	 -3.600000e+02 	 -1.560000e+03 	 2.000000e+00
11 	 24 	 Ex 	 1 	 8.715880e-01 	 -1.200000e+02 	 -1.560000e+03 	 2.000000e+00
11 	 25 	 Ex 	 1 	 1.016537e+00 	 1.200000e+02 	 -1.560000e+03 	 2.000000e+00
11 	 26 	 Ex 	 1 	 2.658902e-01 	 3.600000e+02 	 -1.560000e+03 	 2.000000e+00
11 	 27 	 Ex 	 1 	 5.517201e-01 	 6.000000e+02 	 -1.560000e+03 	 2.000000e+00
11 	 28 	 Ex 	 1 	 1.000090e+00 	 8.400000e+02 	 -1.560000e+03 	 2.000000e+00
11 	 29 	 Ex 	 1 	 1.949487e+00 	 1.080000e+03 	 -1.560000e+03 	 2.000000e+00
11 	 30 	 Ex 	 1 	 1.463546e+00 	 1.320000e+03 	 -1.560000e+03 	 2.000000e+00
11 	 31 	 Ex 	 1 	 5.508350e-01 	 1.560000e+03 	 -1.560000e+03 	 2.000000e+00
11 	 32 	 Ex 	 1 	 1.008090e+00 	 1.800000e+03 	 -1.560000e+03 	 2.000000e+00
11 	 33 	 Ex 	 1 	 9.855970e-01 	 -1.800000e+03 	 -1.320000e+03 	 2.000000e+00
11 	 34 	 Ex 	 1 	 1.330960e+00 	 -1.560000e+03 	 -1.320000e+03 	 2.000000e+00
11 	 35 	 Ex 	 1 	 1.222928e+00 	 -1.320000e+03 	 -1.320000e+03 	 2.000000e+00
11 	 36 	 Ex 	 1 	 1.636817e+00 	 -1.080000e+03 	 -1.320000e+03 	 2.000000e+00
11 	 37 	 Ex 	 1 	 7.697442e-01 	 -8.400000e+02 	 -1.320000e+03 	 2.000000e+00
11 	 38 	 Ex 	 1 	 4.705276e-01 	 -6.000000e+02 	 -1.320000e+03 	 2.000000e+00
11 	 39 	 Ex 	 1 	 4.501661e-01 	 -3.600000e+02 	 -1.320000e+03 	 2.000000e+00
11 	 40 	 Ex 	 1 	 1.019961e-01 	 -1.200000e+02 	 -1.320000e+03 	 2.000000e+00
11 	 41 	 Ex 	 1 	 1.195555e+00 	 1.200000e+02 	 -1.320000e+03 	 2.000000e+00
11 	 42 	 Ex 	 1 	 1.675971e+00 	 3.600000e+02 	 -1.320000e+03 	 2.000000e+00
11 	 43 	 Ex 	 1 	 1.137323e+00 	 6.000000e+02 	 -1.320000e+03 	 2.000000e+00
11 	 44 	 Ex 	 1 	 1.073460e+00 	 8.400000e+02 	 -1.320000e+03 	 2.000000e+00
11 	 45 	 Ex 	 1 	 4.096016e-01 	 1.080000e+03 	 -1.320000e+03 	 2.000000e+00
11 	 46 	 Ex 	 1 	 1.184680e+00 	 1.320000e+03 	 -1.320000e+03 	 2.000000e+00
11 	 47 	 Ex 	 1 	 9.018692e-01 	 1.560000e+03 	 -1.320000e+03 	 2.000000e+00
11 	 48 	 Ex 	 1 	 4.459827e-01 	 1.800000e+03 	 -1.320000e+03 	 2.000000e+00
11 	 49 	 Ex 	 1 	 9.288715e-01 	 -1.800000e+03 	 -1.080000e+03 	 2.000000e+00
11 	 50 	 Ex 	 1 	 6.883518e-01 	 -1.560000e+03 	 -1.080000e+03 	 2.000000e+00
11 	 51 	 Ex 	 1 	 4.830841e-01 	 -1.320000e+03 	 -1.080000e+03 	 2.000000e+00
11 	 52 	 Ex 	 1 	 1.775069e+00 	 -1.080000e+03 	 -1.080000e+03 	 2.000000e+00
11 	 53 	 Ex 	 1 	 1.187982e-01 	 -8.400000e+02 	 -1.080000e+03 	 2.000000e+00
11 	 54 	 Ex 	 1 	 1.143404e+00 	 -6.000000e+02 	 -1.080000e+03 	 2.000000e+00
11 	 55 	 Ex 	 1 	 4.800463e-01 	 -3.600000e+02 	 -1.080000e+03 	 2.000000e+00
11 	 56 	 Ex 	 1 	 2.383417e-01 	 -1.200000e+02 	 -1.080000e+03 	 2.000000e+00
11 	 57 	 Ex 	 1 	 1.264528e+00 	 1.200000e+02 	 -1.080000e+03 	 2.000000e+00
11 	 58 	 Ex 	 1 	 1.984672e+00 	 3.600000e+02 	 -1.080000e+03 	 2.000000e+00
11 	 59 	 Ex 	 1 	 4.118640e-01 	 6.000000e+02 	 -1.080000e+03 	 2.000000e+00
11 	 60 	 Ex 	 1 	 1.011207e+00 	 8.400000e+02 	 -1.080000e+03 	 2.000000e+00
11 	 61 	 Ex 	 1 	 5.573707e-01 	 1.080000e+03 	 -1.080000e+03 	 2.000000e+00
11 	 62 	 Ex 	 1 	 1.232296e+00 	 1.320000e+03 	 -1.080000e+03 	 2.000000e+00
11 	 63 	 Ex 	 1 	 1.648350e-01 	 1.560000e+03 	 -1.080000e+03 	 2.000000e+00
11 	 64 	 Ex 	 1 	 5.844479e-01 	 1.800000e+03 	 -1.080000e+03 	 2.000000e+00
11 	 65 	 Ex 	 1 	 1.742288e+00 	 -1.800000e+03 	 -8.400000e+02 	 2.000000e+00
11 	 66 	 Ex 	 1 	 1.083784e+00 	 -1.560000e+03 	 -8.400000e+02 	 2.000000e+00
11 	 67 	 Ex 	 1 	 9.937489e-01 	 -1.320000e+03 	 -8.400000e+02 	 2.000000e+00
11 	 68 	 Ex 	 1 	 1.588110e+00 	 -1.080000e+03 	 -8.400000e+02 	 2.000000e+00
11 	 69 	 Ex 	 1 	 6.053334e-01 	 -8.400000e+02 	 -8.400000e+02 	 2.000000e+00
11 	 70 	 Ex 	 1 	 8.923670e-01 	 -6.000000e+02 	 -8.400000e+02 	 2.000000e+00
11 	 71 	 Ex 	 1 	 9.638474e-01 	 -3.600000e+02 	 -8.400000e+02 	 2.000000e+00
11 	 72 	 Ex 	 1 	 2.003147e-01 	 -1.200000e+02 	 -8.400000e+02 	 2.000000e+00
11 	 73 	 Ex 	 1 	 5.417625e-01 	 1.200000e+02 	 -8.400000e+02 	 2.000000e+00
11 	 74 	 Ex 	 1 	 1.339208e+00 	 3.600000e+02 	 -8.400000e+02 	 2.000000e+00
11 	 75 	 Ex 	 1 	 1.354958e+00 	 6.000000e+02 	 -8.400000e+02 	 2.000000e+00
11 	 76 	 Ex 	 1 	 7.780434e-01 	 8.400000e+02 	 -8.400000e+02 	 2.000000e+00
11 	 77 	 Ex 	 1 	 1.500266e+00 	 1.080000e+03 	 -8.400000e+02 	 2.000000e+00
11 	 78 	 Ex 	 1 	 6.360420e-01 	 1.320000e+03 	 -8.400000e+02 	 2.000000e+00
11 	 79 	 Ex 	 1 	 2.350321e-01 	 1.560000e+03 	 -8.400000e+02 	 2.000000e+00
11 	 80 	 Ex 	 1 	 2.021278e+00 	 1.800000e+03 	 -8.400000e+02 	 2.000000e+00
11 	 81 	 Ex 	 1 	 1.023248e+00 	 -1.800000e+03 	 -6.000000e+02 	 2.000000e+00
11 	 82 	 Ex 	 1 	 2.381743e+00 	 -1.560000e+03 	 -6.000000e+02 	 2.000000e+00
11 	 83 	 Ex 	 1 	 8.044608e-01 	 -1.320000e+03 	 -6.000000e+02 	 2.000000e+00
11 	 84 	 Ex 	 1 	 6.945356e-01 	 -1.080000e+03 	 -6.000000e+02 	 2.000000e+00
11 	 85 	 Ex 	 1 	 1.620081e+00 	 -8.400000e+02 	 -6.000000e+02 	 2.000000e+00
11 	 86 	 Ex 	 1 	 1.440374e+00 	 -6.000000e+02 	 -6.000000e+02 	 2.000000e+00
11 	 87 	 Ex 	 1 	 1.565856e+00 	 -3.600000e+02 	 -6.000000e+02 	 2.000000e+00
11 	 88 	 Ex 	 1 	 1.078043e+00 	 -1.200000e+02 	 -6.000000e+02 	 2.000000e+00
11 	 89 	 Ex 	 1 	 2.209939e+00 	 1.200000e+02 	 -6.000000e+02 	 2.000000e+00
11 	 90 	 Ex 	 1 	 1.807443e+00 	 3.600000e+02 	 -6.000000e+02 	 2.000000e+00
11 	 91 	 Ex 	 1 	 3.650038e-01 	 6.000000e+02 	 -6.000000e+02 	 2.000000e+00
11 	 92 	 Ex 	 1 	 7.625945e-01 	 8.400000e+02 	 -6.000000e+02 	 2.000000e+00
11 	 93 	 Ex 	 1 	 9.013803e-01 	 1.080000e+03 	 -6.000000e+02 	 2.000000e+00
11 	 94 	 Ex 	 1 	 1.041235e+00 	 1.320000e+03 	 -6.000000e+02 	 2.000000e+00
11 	 95 	 Ex 	 1 	 3.616049e-01 	 1.560000e+03 	 -6.000000e+02 	 2.000000e+00
11 	 96 	 Ex 	 1 	 1.071331e+00 	 1.800000e+03 	 -6.000000e+02 	 2.000000e+00
11 	 97 	 Ex 	 1 	 1.126261e+00 	 -1.800000e+03 	 -3.600000e+02 	 2.000000e+00
11 	 98 	 Ex 	 1 	 7.613379e-01 	 -1.560000e+03 	 -3.600000e+02 	 2.000000e+00
11 	 99 	 Ex 	 1 	 1.494745e+00 	 -1.320000e+03 	 -3.600000e+02 	 2.000000e+00
11 	 100 	 Ex 	 1 	 1.267227e+00 	 -1.080000e+03 	 -3.600000e+02 	 2.000000e+00
11 	 101 	 Ex 	 1 	 1.050601e+00 	 -8.400000e+02 	 -3.600000e+02 	 2.000000e+00
11 	 102 	 Ex 	 1 	 6.756099e-01 	 -6.000000e+02 	 -3.600000e+02 	 2.000000e+00
11 	 103 	 Ex 	 1 	 1.311535e+00 	 -3.600000e+02 	 -3.600000e+02 	 2.000000e+00
11 	 104 	 Ex 	 1 	 1.357687e+00 	 -1.200000e+02 	 -3.600000e+02 	 2.000000e+00
11 	 105 	 Ex 	 1 	 1.340892e+00 	 1.200000e+02 	 -3.600000e+02 	 2.000000e+00
11 	 106 	 Ex 	 1 	 1.367361e+00 	 3.600000e+02 	 -3.600000e+02 	 2.000000e+00
11 	 107 	 Ex 	 1 	 1.342264e+00 	 6.000000e+02 	 -3.600000e+02 	 2.000000e+00
11 	 108 	 Ex 	 1 	 1.818930e+00 	 8.400000e+02 	 -3.600000e+02 	 2.000000e+00
11 	 109 	 Ex 	 1 	 4.258741e-01 	 1.080000e+03 	 -3.600000e+02 	 2.000000e+00
11 	 110 	 Ex 	 1 	 1.260997e+00 	 1.320000e+03 	 -3.600000e+02 	 2.000000e+00
11 	 111 	 Ex 	 1 	 4.532877e-01 	 1.560000e+03 	 -3.600000e+02 	 2.000000e+00
11 	 112 	 Ex 	 1 	 1.686418e+00 	 1.800000e+03 	 -3.600000e+02 	 2.000000e+00
11 	 113 	 Ex 	 1 	 1.718479e+00 	 -1.800000e+03 	 -1.200000e+02 	 2.000000e+00
11 	 114 	 Ex 	 1 	 1.587460e+00 	 -1.560000e+03 	 -1.200000e+02 	 2.000000e+00
11 	 115 	 Ex 	 1 	 1.577007e+00 	 -1.320000e+03 	 -1.200000e+02 	 2.000000e+00
11 	 116 	 Ex 	 1 	 2.203065e+00 	 -1.080000e+03 	 -1.200000e+02 	 2.000000e+00
11 	 117 	 Ex 	 1 	 9.537135e-01 	 -8.400000e+02 	 -1.200000e+02 	 2.000000e+00
11 	 118 	 Ex 	 1 	 2.416819e+00 	 -6.000000e+02 	 -1.200000e+02 	 2.000000e+00
11 	 119 	 Ex 	 1 	 9.217604e-01 	 -3.600000e+02 	 -1.200000e+02 	 2.000000e+00
11 	 120 	 Ex 	 1 	 1.127603e+00 	 -1.200000e+02 	 -1.200000e+02 	 2.000000e+00
11 	 121 	 Ex 	 1 	 1.888104e+00 	 1.200000e+02 	 -1.200000e+02 	 2.000000e+00
11 	 122 	 Ex 	 1 	 8.356313e-01 	 3.600000e+02 	 -1.200000e+02 	 2.000000e+00
11 	 123 	 Ex 	 1 	 1.759449e+00 	 6.000000e+02 	 -1.200000e+02 	 2.000000e+00
11 	 124 	 Ex 	 1 	 1.731073e+00 	 8.400000e+02 	 -1.200000e+02 	 2.000000e+00
11 	 125 	 Ex 	 1 	 1.940795e+00 	 1.080000e+03 	 -1.200000e+02 	 2.000000e+00
11 	 126 	 Ex 	 1 	 5.905725e-01 	 1.320000e+03 	 -1.200000e+02 	 2.000000e+00
11 	 127 	 Ex 	 1 	 2.829518e-01 	 1.560000e+03 	 -1.200000e+02 	 2.000000e+00
11 	 128 	 Ex 	 1 	 6.678367e-01 	 1.800000e+03 	 -1.200000e+02 	 2.000000e+00
11 	 129 	 Ex 	 1 	 1.178602e+00 	 -1.800000e+03 	 1.200000e+02 	 2.000000e+00
11 	 130 	 Ex 	 1 	 1.036485e+00 	 -1.560000e+03 	 1.200000e+02 	 2.000000e+00
11 	 131 	 Ex 	 1 	 7.364745e-01 	 -1.320000e+03 	 1.200000e+02 	 2.000000e+00
11 	 132 	 Ex 	 1 	 2.323059e+00 	 -1.080000e+03 	 1.200000e+02 	 2.000000e+00
11 	 133 	 Ex 	 1 	 1.590080e+00 	 -8.400000e+02 	 1.200000e+02 	 2.000000e+00
11 	 134 	 Ex 	 1 	 1.316294e+00 	 -6.000000e+02 	 1.200000e+02 	 2.000000e+00
11 	 135 	 Ex 	 1 	 2.762357e+00 	 -3.600000e+02 	 1.200000e+02 	 2.000000e+00
11 	 136 	 Ex 	 1 	 2.067837e+00 	 -1.200000e+02 	 1.200000e+02 	 2.000000e+00
11 	 137 	 Ex 	 1 	 0.000000e+00 	 1.200000e+02 	 1.200000e+02 	 2.000000e+00
11 	 138 	 Ex 	 1 	 0.000000e+00 	 3.600000e+02 	 1.200000e+02 	 2.000000e+00
11 	 139 	 Ex 	 1 	 0.000000e+00 	 6.000000e+02 	 1.200000e+02 	 2.000000e+00
11 	 140 	 Ex 	 1 	 0.000000e+00 	 8.400000e+02 	 1.200000e+02 	 2.000000e+00
11 	 141 	 Ex 	 1 	 1.959081e+00 	 1.080000e+03 	 1.200000e+02 	 2.000000e+00
11 	 142 	 Ex 	 1 	 9.953357e-01 	 1.320000e+03 	 1.200000e+02 	 2.000000e+00
11 	 143 	 Ex 	 1 	 3.447134e-01 	 1.560000e+03 	 1.200000e+02 	 2.000000e+00
11 	 144 	 Ex 	 1 	 5.673460e-01 	 1.800000e+03 	 1.200000e+02 	 2.000000e+00
11 	 145 	 Ex 	 1 	 9.999294e-01 	 -1.800000e+03 	 3.600000e+02 	 2.000000e+00
11 	 146 	 Ex 	 1 	 1.611278e+00 	 -1.560000e+03 	 3.600000e+02 	 2.000000e+00
11 	 147 	 Ex 	 1 	 9.602641e-01 	 -1.320000e+03 	 3.600000e+02 	 2.000000e+00
11 	 148 	 Ex 	 1 	 8.633450e-01 	 -1.080000e+03 	 3.600000e+02 	 2.000000e+00
11 	 149 	 Ex 	 1 	 1.489851e+00 	 -8.400000e+02 	 3.600000e+02 	 2.000000e+00
11 	 150 	 Ex 	 1 	 1.850476e+00 	 -6.000000e+02 	 3.600000e+02 	 2.000000e+00
11 	 151 	 Ex 	 1 	 2.096831e+00 	 -3.600000e+02 	 3.600000e+02 	 2.000000e+00
11 	 152 	 Ex 	 1 	 1.279070e+00 	 -1.200000e+02 	 3.600000e+02 	 2.000000e+00
11 	 153 	 Ex 	 1 	 0.000000e+00 	 1.200000e+02 	 3.600000e+02 	 2.000000e+00
11 	 154 	 Ex 	 1 	 0.000000e+00 	 3.600000e+02 	 3.600000e+02 	 2.000000e+00
11 	 155 	 Ex 	 1 	 0.000000e+00 	 6.000000e+02 	 3.600000e+02 	 2.000000e+00
11 	 156 	 Ex 	 1 	 0.000000e+00 	 8.400000e+02 	 3.600000e+02 	 2.000000e+00
11 	 157 	 Ex 	 1 	 0.000000e+00 	 1.080000e+03 	 3.600000e+02 	 2.000000e+00
11 	 158 	 Ex 	 1 	 1.447693e+00 	 1.320000e+03 	 3.600000e+02 	 2.000000e+00
11 	 159 	 Ex 	 1 	 1.387266e+00 	 1.560000e+03 	 3.600000e+02 	 2.000000e+00
11 	 160 	 Ex 	 1 	 1.462329e+00 	 1.800000e+03 	 3.600000e+02 	 2.000000e+00
11 	 161 	 Ex 	 1 	 1.181430e-01 	 -1.800000e+03 	 6.000000e+02 	 2.000000e+00
11 	 162 	 Ex 	 1 	 8.004499e-01 	 -1.560000e+03 	 6.000000e+02 	 2.000000e+00
11 	 163 	 Ex 	 1 	 1.119423e+00 	 -1.320000e+03 	 6.000000e+02 	 2.000000e+00
11 	 164 	 Ex 	 1 	 1.056230e+00 	 -1.080000e+03 	 6.000000e+02 	 2.000000e+00
11 	 165 	 Ex 	 1 	 1.680869e+00 	 -8.400000e+02 	 6.000000e+02 	 2.000000e+00
11 	 166 	 Ex 	 1 	 1.135767e+00 	 -6.000000e+02 	 6.000000e+02 	 2.000000e+00
11 	 167 	 Ex 	 1 	 1.972029e+00 	 -3.600000e+02 	 6.000000e+02 	 2.000000e+00
11 	 168 	 Ex 	 1 	 8.820354e-01 	 -1.200000e+02 	 6.000000e+02 	 2.000000e+00
11 	 169 	 Ex 	 1 	 0.000000e+00 	 1.200000e+02 	 6.000000e+02 	 2.000000e+00
11 	 170 	 Ex 	 1 	 0.000000e+00 	 3.600000e+02 	 6.000000e+02 	 2.000000e+00
11 	 171 	 Ex 	 1 	 0.000000e+00 	 6.000000e+02 	 6.000000e+02 	 2.000000e+00
11 	 172 	 Ex 	 1 	 0.000000e+00 	 8.400000e+02 	 6.000000e+02 	 2.000000e+00
11 	 173 	 Ex 	 1 	 0.000000e+00 	 1.080000e+03 	 6.000000e+02 	 2.000000e+00
11 	 174 	 Ex 	 1 	 5.849690e-01 	 1.320000e+03 	 6.000000e+02 	 2.000000e+00
11 	 175 	 Ex 	 1 	 1.201407e+00 	 1.560000e+03 	 6.000000e+02 	 2.000000e+00
11 	 176 	 Ex 	 1 	 1.661343e+00 	 1.800000e+03 	 6.000000e+02 	 2.000000e+00
11 	 177 	 Ex 	 1 	 2.796924e-01 	 -1.800000e+03 	 8.400000e+02 	 2.000000e+00
11 	 178 	 Ex 	 1 	 1.435913e+00 	 -1.560000e+03 	 8.400000e+02 	 2.000000e+00
11 	 179 	 Ex 	 1 	 1.251428e+00 	 -1.320000e+03 	 8.400000e+02 	 2.000000e+00
11 	 180 	 Ex 	 1 	 1.772455e+00 	 -1.080000e+03 	 8.400000e+02 	 2.000000e+00
11 	 181 	 Ex 	 1 	 4.395839e-01 	 -8.400000e+02 	 8.400000e+02 	 2.000000e+00
11 	 182 	 Ex 	 1 	 6.914009e-01 	 -6.000000e+02 	 8.400000e+02 	 2.000000e+00
11 	 183 	 Ex 	 1 	 1.256566e+00 	 -3.600000e+02 	 8.400000e+02 	 2.000000e+00
11 	 184 	 Ex 	 1 	 5.843594e-01 	 -1.200000e+02 	 8.400000e+02 	 2.000000e+00
11 	 185 	 Ex 	 1 	 0.000000e+00 	 1.200000e+02 	 8.400000e+02 	 2.000000e+00
11 	 186 	 Ex 	 1 	 0.000000e+00 	 3.600000e+02 	 8.400000e+02 	 2.000000e+00
11 	 187 	 Ex 	 1 	 0.000000e+00 	 6.000000e+02 	 8.400000e+02 	 2.000000e+00
11 	 188 	 Ex 	 1 	 0.000000e+00 	 8.400000e+02 	 8.400000e+02 	 2.000000e+00
11 	 189 	 Ex 	 1 	 2.384664e+00 	 1.080000e+03 	 8.400000e+02 	 2.000000e+00
11 	 190 	 Ex 	 1 	 6.767762e-01 	 1.320000e+03 	 8.400000e+02 	 2.000000e+00
11 	 191 	 Ex 	 1 	 1.030833e+00 	 1.560000e+03 	 8.400000e+02 	 2.000000e+00
11 	 192 	 Ex 	 1 	 1.494172e+00 	 1.800000e+03 	 8.400000e+02 	 2.000000e+00
11 	 193 	 Ex 	 1 	 7.079118e-01 	 -1.800000e+03 	 1.080000e+03 	 2.000000e+00
11 	 194 	 Ex 	 1 	 1.049680e+00 	 -1.560000e+03 	 1.080000e+03 	 2.000000e+00
11 	 195 	 Ex 	 1 	 5.654234e-01 	 -1.320000e+03 	 1.080000e+03 	 2.000000e+00
11 	 196 	 Ex 	 1 	 1.545764e+00 	 -1.080000e+03 	 1.080000e+03 	 2.000000e+00
11 	 197 	 Ex 	 1 	 9.736033e-01 	 -8.400000e+02 	 1.080000e+03 	 2.000000e+00
11 	 198 	 Ex 	 1 	 6.090195e-01 	 -6.000000e+02 	 1.080000e+03 	 2.000000e+00
11 	 199 	 Ex 	 1 	 4.440626e-01 	 -3.600000e+02 	 1.080000e+03 	 2.000000e+00
11 	 200 	 Ex 	 1 	 5.348133e-01 	 -1.200000e+02 	 1.080000e+03 	 2.000000e+00
11 	 201 	 Ex 	 1 	 1.148182e+00 	 1.200000e+02 	 1.080000e+03 	 2.000000e+00
11 	 202 	 Ex 	 1 	 0.000000e+00 	 3.600000e+02 	 1.080000e+03 	 2.000000e+00
11 	 203 	 Ex 	 1 	 0.000000e+00 	 6.000000e+02 	 1.080000e+03 	 2.000000e+00
11 	 204 	 Ex 	 1 	 1.396777e+00 	 8.400000e+02 	 1.080000e+03 	 2.000000e+00
11 	 205 	 Ex 	 1 	 1.688869e+00 	 1.080000e+03 	 1.080000e+03 	 2.000000e+00
11 	 206 	 Ex 	 1 	 8.463616e-01 	 1.320000e+03 	 1.080000e+03 	 2.000000e+00
11 	 207 	 Ex 	 1 	 3.023254e-01 	 1.560000e+03 	 1.080000e+03 	 2.000000e+00
11 	 208 	 Ex 	 1 	 8.623537e-01 	 1.800000e+03 	 1.080000e+03 	 2.000000e+00
11 	 209 	 Ex 	 1 	 1.367103e+00 	 -1.800000e+03 	 1.320000e+03 	 2.000000e+00
11 	 210 	 Ex 	 1 	 1.773053e+00 	 -1.560000e+03 	 1.320000e+03 	 2.000000e+00
11 	 211 	 Ex 	 1 	 4.581502e-01 	 -1.320000e+03 	 1.320000e+03 	 2.000000e+00
11 	 212 	 Ex 	 1 	 9.422253e-01 	 -1.080000e+03 	 1.320000e+03 	 2.000000e+00
11 	 213 	 Ex 	 1 	 5.603176e-01 	 -8.400000e+02 	 1.320000e+03 	 2.000000e+00
11 	 214 	 Ex 	 1 	 1.477131e+00 	 -6.000000e+02 	 1.320000e+03 	 2.000000e+00
11 	 215 	 Ex 	 1 	 6.381356e-01 	 -3.600000e+02 	 1.320000e+03 	 2.000000e+00
11 	 216 	 Ex 	 1 	 1.362072e+00 	 -1.200000e+02 	 1.320000e+03 	 2.000000e+00
11 	 217 	 Ex 	 1 	 2.059756e+00 	 1.200000e+02 	 1.320000e+03 	 2.000000e+00
11 	 218 	 Ex 	 1 	 1.332023e+00 	 3.600000e+02 	 1.320000e+03 	 2.000000e+00
11 	 219 	 Ex 	 1 	 1.435696e+00 	 6.000000e+02 	 1.320000e+03 	 2.000000e+00
11 	 220 	 Ex 	 1 	 9.089683e-01 	 8.400000e+02 	 1.320000e+03 	 2.000000e+00
11 	 221 	 Ex 	 1 	 6.772325e-01 	 1.080000e+03 	 1.320000e+03 	 2.000000e+00
11 	 222 	 Ex 	 1 	 1.329271e+00 	 1.320000e+03 	 1.320000e+03 	 2.000000e+00
11 	 223 	 Ex 	 1 	 2.518079e+00 	 1.560000e+03 	 1.320000e+03 	 2.000000e+00
11 	 224 	 Ex 	 1 	 8.805388e-01 	 1.800000e+03 	 1.320000e+03 	 2.000000e+00
11 	 225 	 Ex 	 1 	 1.166074e+00 	 -1.800000e+03 	 1.560000e+03 	 2.000000e+00
11 	 226 	 Ex 	 1 	 6.379915e-01 	 -1.560000e+03 	 1.560000e+03 	 2.000000e+00
11 	 227 	 Ex 	 1 	 5.958016e-01 	 -1.320000e+03 	 1.560000e+03 	 2.000000e+00
11 	 228 	 Ex 	 1 	 9.635864e-01 	 -1.080000e+03 	 1.560000e+03 	 2.000000e+00
11 	 229 	 Ex 	 1 	 5.712180e-01 	 -8.400000e+02 	 1.560000e+03 	 2.000000e+00
11 	 230 	 Ex 	 1 	 4.034322e-01 	 -6.000000e+02 	 1.560000e+03 	 2.000000e+00
11 	 231 	 Ex 	 1 	 8.290030e-01 	 -3.600000e+02 	 1.560000e+03 	 2.000000e+00
11 	 232 	 Ex 	 1 	 8.745474e-01 	 -1.200000e+02 	 1.560000e+03 	 2.000000e+00
11 	 233 	 Ex 	 1 	 2.815332e-01 	 1.200000e+02 	 1.560000e+03 	 2.000000e+00
11 	 234 	 Ex 	 1 	 1.989161e-01 	 3.600000e+02 	 1.560000e+03 	 2.000000e+00
11 	 235 	 Ex 	 1 	 8.735240e-01 	 6.000000e+02 	 1.560000e+03 	 2.000000e+00
11 	 236 	 Ex 	 1 	 6.612136e-01 	 8.400000e+02 	 1.560000e+03 	 2.000000e+00
11 	 237 	 Ex 	 1 	 1.911637e+00 	 1.080000e+03 	 1.560000e+03 	 2.000000e+00
11 	 238 	 Ex 	 1 	 1.607503e+00 	 1.320000e+03 	 1.560000e+03 	 2.000000e+00
11 	 239 	 Ex 	 1 	 3.158296e-01 	 1.560000e+03 	 1.560000e+03 	 2.000000e+00
11 	 240 	 Ex 	 1 	 8.011070e-01 	 1.800000e+03 	 1.560000e+03 	 2.000000e+00
11 	 241 	 Ex 	 1 	 8.160357e-01 	 -1.800000e+03 	 1.800000e+03 	 2.000000e+00
11 	 242 	 Ex 	 1 	 6.792709e-01 	 -1.560000e+03 	 1.800000e+03 	 2.000000e+00
11 	 243 	 Ex 	 1 	 1.841886e-01 	 -1.320000e+03 	 1.800000e+03 	 2.000000e+00
11 	 244 	 Ex 	 1 	 2.733224e-01 	 -1.080000e+03 	 1.800000e+03 	 2.000000e+00
11 	 245 	 Ex 	 1 	 8.766871e-02 	 -8.400000e+02 	 1.800000e+03 	 2.000000e+00
11 	 246 	 Ex 	 1 	 1.321214e+00 	 -6.000000e+02 	 1.800000e+03 	 2.000000e+00
11 	 247 	 Ex 	 1 	 1.070117e+00 	 -3.600000e+02 	 1.800000e+03 	 2.000000e+00
11 	 248 	 Ex 	 1 	 1.157483e+00 	 -1.200000e+02 	 1.800000e+03 	 2.000000e+00
11 	 249 	 Ex 	 1 	 8.009641e-01 	 1.200000e+02 	 1.800000e+03 	 2.000000e+00
11 	 250 	 Ex 	 1 	 8.246540e-01 	 3.600000e+02 	 1.800000e+03 	 2.000000e+00
11 	 251 	 Ex 	 1 	 1.074808e+00 	 6.000000e+02 	 1.800000e+03 	 2.000000e+00
11 	 252 	 Ex 	 1 	 1.532234e+00 	 8.400000e+02 	 1.800000e+03 	 2.000000e+00
11 	 253 	 Ex 	 1 	 8.161529e-01 	 1.080000e+03 	 1.800000e+03 	 2.000000e+00
11 	 254 	 Ex 	 1 	 1.391640e+00 	 1.320000e+03 	 1.800000e+03 	 2.000000e+00
11 	 255 	 Ex 	 1 	 1.152533e+00 	 1.560000e+03 	 1.800000e+03 	 2.000000e+00
11 	 256 	 Ex 	 1 	 2.124375e+00 	 1.800000e+03 	 1.800000e+03 	 2.000000e+00
11 	 1 	 Ex 	 2 	 1.476300e+00 	 -1.800000e+03 	 -1.800000e+03 	 2.000000e+00
11 	 2 	 Ex 	 2 	 2.643457e+00 	 -1.560000e+03 	 -1.800000e+03 	 2.000000e+00
11 	 3 	 Ex 	 2 	 1.002788e+00 	 -1.320000e+03 	 -1.800000e+03 	 2.000000e+00
11 	 4 	 Ex 	 2 	 5.120573e-01 	 -1.080000e+03 	 -1.800000e+03 	 2.000000e+00
11 	 5 	 Ex 	 2 	 2.323824e+00 	 -8.400000e+02 	 -1.800000e+03 	 2.000000e+00
11 	 6 	 Ex 	 2 	 8.876809e-01 	 -6.000000e+02 	 -1.800000e+03 	 2.000000e+00
11 	 7 	 Ex 	 2 	 1.337514e+00 	 -3.600000e+02 	 -1.800000e+03 	 2.000000e+00
11 	 8 	 Ex 	 2 	 1.729615e+00 	 -1.200000e+02 	 -1.800000e+03 	 2.000000e+00
11 	 9 	 Ex 	 2 	 2.580024e+00 	 1.200000e+02 	 -1.800000e+03 	 2.000000e+00
11 	 10 	 Ex 	 2 	 1.584373e+00 	 3.600000e+02 	 -1.800000e+03 	 2.000000e+00
11 	 11 	 Ex 	 2 	 1.153744e+00 	 6.000000e+02 	 -1.800000e+03 	 2.000000e+00
11 	 12 	 Ex 	 2 	 4.549975e-01 	 8.400000e+02 	 -1.800000e+03 	 2.000000e+00
11 	 13 	 Ex 	 2 	 2.343282e+00 	 1.080000e+03 	 -1.800000e+03 	 2.000000e+00
11 	 14 	 Ex 	 2 	 8.563776e-01 	 1.320000e+03 	 -1.800000e+03 	 2.000000e+00
11 	 15 	 Ex 	 2 	 1.349105e+00 	 1.560000e+03 	 -1.800000e+03 	 2.000000e+00
11 	 16 	 Ex 	 2 	 2.543470e-01 	 1.800000e+03 	 -1.800000e+03 	 2.000000e+00
11 	 17 	 Ex 	 2 	 9.593788e-01 	 -1.800000e+03 	 -1.560000e+03 	 2.000000e+00
11 	 18 	 Ex 	 2 	 7.920258e-01 	 -1.560000e+03 	 -1.560000e+03 	 2.000000e+00
11 	 19 	 Ex 	 2 	 9.449780e-01 	 -1.320000e+03 	 -1.560000e+03 	 2.000000e+00
11 	 20 	 Ex 	 2 	 2.385325e+00 	 -1.080000e+03 	 -1.560000e+03 	 2.000000e+00
11 	 21 	 Ex 	 2 	 1.759718e+00 	 -8.400000e+02 	 -1.560000e+03 	 2.000000e+00
11 	 22 	 Ex 	 2 	 1.136687e+00 	 -6.000000e+02 	 -1.560000e+03 	 2.000000e+00
11 	 23 	 Ex 	 2 	 7.550728e-01 	 -3.600000e+02 	 -1.560000e+03 	 2.000000e+00
11 	 24 	 Ex 	 2 	 2.017306e+00 	 -1.200000e+02 	 -1.560000e+03 	 2.000000e+00
11 	 25 	 Ex 	 2 	 7.321655e-01 	 1.200000e+02 	 -1.560000e+03 	 2.000000e+00
11 	 26 	 Ex 	 2 	 1.046265e+00 	 3.600000e+02 	 -1.560000e+03 	 2.000000e+00
11 	 27 	 Ex 	 2 	 7.330051e-01 	 6.000000e+02 	 -1.560000e+03 	 2.000000e+00
11 	 28 	 Ex 	 2 	 1.237970e+00 	 8.400000e+02 	 -1.560000e+03 	 2.000000e+00
11 	 29 	 Ex 	 2 	 7.963842e-01 	 1.080000e+03 	 -1.560000e+03 	 2.000000e+00
11 	 30 	 Ex 	 2 	 7.460701e-01 	 1.320000e+03 	 -1.560000e+03 	 2.000000e+00
11 	 31 	 Ex 	 2 	 2.434618e+00 	 1.560000e+03 	 -1.560000e+03 	 2.000000e+00
11 	 32 	 Ex 	 2 	 1.274803e+00 	 1.800000e+03 	 -1.560000e+03 	 2.000000e+00
11 	 33 	 Ex 	 2 	 1.788028e+00 	 -1.800000e+03 	 -1.320000e+03 	 2.000000e+00
11 	 34 	 Ex 	 2 	 1.509331e+00 	 -1.560000e+03 	 -1.320000e+03 	 2.000000e+00
11 	 35 	 Ex 	 2 	 1.750061e+00 	 -1.320000e+03 	 -1.320000e+03 	 2.000000e+00
11 	 36 	 Ex 	 2 	 3.787726e-01 	 -1.080000e+03 	 -1.320000e+03 	 2.000000e+00
11 	 37 	 Ex 	 2 	 9.341483e-01 	 -8.400000e+02 	 -1.320000e+03 	 2.000000e+00
11 	 38 	 Ex 	 2 	 1.172361e+00 	 -6.000000e+02 	 -1.320000e+03 	 2.000000e+00
11 	 39 	 Ex 	 2 	 1.001685e+00 	 -3.600000e+02 	 -1.320000e+03 	 2.000000e+00
11 	 40 	 Ex 	 2 	 7.559666e-01 	 -1.200000e+02 	 -1.320000e+03 	 2.000000e+00
11 	 41 	 Ex 	 2 	 1.193990e+00 	 1.200000e+02 	 -1.320000e+03 	 2.000000e+00
11 	 42 	 Ex 	 2 	 1.473666e+00 	 3.600000e+02 	 -1.320000e+03 	 2.000000e+00
11 	 43 	 Ex 	 2 	 4.823797e-01 	 6.000000e+02 	 -1.320000e+03 	 2.000000e+00
11 	 44 	 Ex 	 2 	 2.028760e+00 	 8.400000e+02 	 -1.320000e+03 	 2.000000e+00
11 	 45 	 Ex 	 2 	 1.176193e+00 	 1.080000e+03 	 -1.320000e+03 	 2.000000e+00
11 	 46 	 Ex 	 2 	 4.882001e-01 	 1.320000e+03 	 -1.320000e+03 	 2.000000e+00
11 	 47 	 Ex 	 2 	 6.101745e-02 	 1.560000e+03 	 -1.320000e+03 	 2.000000e+00
11 	 48 	 Ex 	 2 	 9.196929e-01 	 1.800000e+03 	 -1.320000e+03 	 2.000000e+00
11 	 49 	 Ex 	 2 	 6.486090e-01 	 -1.800000e+03 	 -1.080000e+03 	 2.000000e+00
11 	 50 	 Ex 	 2 	 1.175398e+00 	 -1.560000e+03 	 -1.080000e+03 	 2.000000e+00
11 	 51 	 Ex 	 2 	 9.179730e-01 	 -1.320000e+03 	 -1.080000e+03 	 2.000000e+00
11 	 52 	 Ex 	 2 	 8.561506e-01 	 -1.080000e+03 	 -1.080000e+03 	 2.000000e+00
11 	 53 	 Ex 	 2 	 7.612116e-01 	 -8.400000e+02 	 -1.080000e+03 	 2.000000e+00
11 	 54 	 Ex 	 2 	 1.444484e+00 	 -6.000000e+02 	 -1.080000e+03 	 2.000000e+00
11 	 55 	 Ex 	 2 	 1.381922e+00 	 -3.600000e+02 	 -1.080000e+03 	 2.000000e+00
11 	 56 	 Ex 	 2 	 4.885708e-01 	 -1.200000e+02 	 -1.080000e+03 	 2.000000e+00
11 	 57 	 Ex 	 2 	 1.225976e+00 	 1.200000e+02 	 -1.080000e+03 	 2.000000e+00
11 	 58 	 Ex 	 2 	 2.903595e+00 	 3.600000e+02 	 -1.080000e+03 	 2.000000e+00
11 	 59 	 Ex 	 2 	 1.814640e+00 	 6.000000e+02 	 -1.080000e+03 	 2.000000e+00
11 	 60 	 Ex 	 2 	 2.453055e+00 	 8.400000e+02 	 -1.080000e+03 	 2.000000e+00
11 	 61 	 Ex 	 2 	 1.151069e+00 	 1.080000e+03 	 -1.080000e+03 	 2.000000e+00
11 	 62 	 Ex 	 2 	 1.481103e+00 	 1.320000e+03 	 -1.080000e+03 	 2.000000e+00
11 	 63 	 Ex 	 2 	 1.108512e+00 	 1.560000e+03 	 -1.080000e+03 	 2.000000e+00
11 	 64 	 Ex 	 2 	 6.558944e-01 	 1.800000e+03 	 -1.080000e+03 	 2.000000e+00
11 	 65 	 Ex 	 2 	 8.475027e-01 	 -1.800000e+03 	 -8.400000e+02 	 2.000000e+00
11 	 66 	 Ex 	 2 	 1.179367e+00 	 -1.560000e+03 	 -8.400000e+02 	 2.000000e+00
11 	 67 	 Ex 	 2 	 1.371391e+00 	 -1.320000e+03 	 -8.400000e+02 	 2.000000e+00
11 	 68 	 Ex 	 2 	 3.088869e-01 	 -1.080000e+03 	 -8.400000e+02 	 2.000000e+00
11 	 69 	 Ex 	 2 	 1.366432e+00 	 -8.400000e+02 	 -8.400000e+02 	 2.000000e+00
11 	 70 	 Ex 	 2 	 5.631618e-01 	 -6.000000e+02 	 -8.400000e+02 	 2.000000e+00
11 	 71 	 Ex 	 2 	 2.004811e+00 	 -3.600000e+02 	 -8.400000e+02 	 2.000000e+00
11 	 72 	 Ex 	 2 	 9.540899e-01 	 -1.200000e+02 	 -8.400000e+02 	 2.000000e+00
11 	 73 	 Ex 	 2 	 1.258221e+00 	 1.200000e+02 	 -8.400000e+02 	 2.000000e+00
11 	 74 	 Ex 	 2 	 1.277591e+00 	 3.600000e+02 	 -8.400000e+02 	 2.000000e+00
11 	 75 	 Ex 	 2 	 1.114567e+00 	 6.000000e+02 	 -8.400000e+02 	 2.000000e+00
11 	 76 	 Ex 	 2 	 1.302856e+00 	 8.400000e+02 	 -8.400000e+02 	 2.000000e+00
11 	 77 	 Ex 	 2 	 2.365695e+00 	 1.080000e+03 	 -8.400000e+02 	 2.000000e+00
11 	 78 	 Ex 	 2 	 1.923146e+00 	 1.320000e+03 	 -8.400000e+02 	 2.000000e+00
11 	 79 	 Ex 	 2 	 1.198871e+00 	 1.560000e+03 	 -8.400000e+02 	 2.000000e+00
11 	 80 	 Ex 	 2 	 7.021624e-01 	 1.800000e+03 	 -8.400000e+02 	 2.000000e+00
11 	 81 	 Ex 	 2 	 5.162030e-01 	 -1.800000e+03 	 -6.000000e+02 	 2.000000e+00
11 	 82 	 Ex 	 2 	 7.334954e-01 	 -1.560000e+03 	 -6.000000e+02 	 2.000000e+00
11 	 83 	 Ex 	 2 	 2.102521e-01 	 -1.320000e+03 	 -6.000000e+02 	 2.000000e+00
11 	 84 	 Ex 	 2 	 1.215280e+00 	 -1.080000e+03 	 -6.000000e+02 	 2.000000e+00
11 	 85 	 Ex 	 2 	 1.191196e+00 	 -8.400000e+02 	 -6.000000e+02 	 2.000000e+00
11 	 86 	 Ex 	 2 	 2.706022e+00 	 -6.000000e+02 	 -6.000000e+02 	 2.000000e+00
11 	 87 	 Ex 	 2 	 1.728975e+00 	 -3.600000e+02 	 -6.000000e+02 	 2.000000e+00
11 	 88 	 Ex 	 2 	 6.767144e-01 	 -1.200000e+02 	 -6.000000e+02 	 2.000000e+00
11 	 89 	 Ex 	 2 	 1.214274e+00 	 1.200000e+02 	 -6.000000e+02 	 2.000000e+00
11 	 90 	 Ex 	 2 	 2.061165e+00 	 3.600000e+02 	 -6.000000e+02 	 2.000000e+00
11 	 91 	 Ex 	 2 	 2.682924e+00 	 6.000000e+02 	 -6.000000e+02 	 2.000000e+00
11 	 92 	 Ex 	 2 	 3.117996e+00 	 8.400000e+02 	 -6.000000e+02 	 2.000000e+00
11 	 93 	 Ex 	 2 	 9.573014e-01 	 1.080000e+03 	 -6.000000e+02 	 2.000000e+00
11 	 94 	 Ex 	 2 	 6.275471e-01 	 1.320000e+03 	 -6.000000e+02 	 2.000000e+00
11 	 95 	 Ex 	 2 	 1.613168e+00 	 1.560000e+03 	 -6.000000e+02 	 2.000000e+00
11 	 96 	 Ex 	 2 	 8.746139e-01 	 1.800000e+03 	 -6.000000e+02 	 2.000000e+00
11 	 97 	 Ex 	 2 	 1.143609e+00 	 -1.800000e+03 	 -3.600000e+02 	 2.000000e+00
11 	 98 	 Ex 	 2 	 6.519717e-01 	 -1.560000e+03 	 -3.600000e+02 	 2.000000e+00
11 	 99 	 Ex 	 2 	 1.329314e+00 	 -1.320000e+03 	 -3.600000e+02 	 2.000000e+00
11 	 100 	 Ex 	 2 	 6.839556e-01 	 -1.080000e+03 	 -3.600000e+02 	 2.000000e+00
11 	 101 	 Ex 	 2 	 5.116420e-01 	 -8.400000e+02 	 -3.600000e+02 	 2.000000e+00
11 	 102 	 Ex 	 2 	 1.423025e+00 	 -6.000000e+02 	 -3.600000e+02 	 2.000000e+00
11 	 103 	 Ex 	 2 	 6.262600e-01 	 -3.600000e+02 	 -3.600000e+02 	 2.000000e+00
11 	 104 	 Ex 	 2 	 1.379749e+00 	 -1.200000e+02 	 -3.600000e+02 	 2.000000e+00
11 	 105 	 Ex 	 2 	 1.192417e+00 	 1.200000e+02 	 -3.600000e+02 	 2.000000e+00
11 	 106 	 Ex 	 2 	 1.924428e+00 	 3.600000e+02 	 -3.600000e+02 	 2.000000e+00
11 	 107 	 Ex 	 2 	 1.984017e+00 	 6.000000e+02 	 -3.600000e+02 	 2.000000e+00
11 	 108 	 Ex 	 2 	 1.192648e+00 	 8.400000e+02 	 -3.600000e+02 	 2.000000e+00
11 	 109 	 Ex 	 2 	 1.453834e+00 	 1.080000e+03 	 -3.600000e+02 	 2.000000e+00
11 	 110 	 Ex 	 2 	 1.561844e-01 	 1.320000e+03 	 -3.600000e+02 	 2.000000e+00
11 	 111 	 Ex 	 2 	 7.635372e-01 	 1.560000e+03 	 -3.600000e+02 	 2.000000e+00
11 	 112 	 Ex 	 2 	 7.113165e-01 	 1.800000e+03 	 -3.600000e+02 	 2.000000e+00
11 	 113 	 Ex 	 2 	 1.068612e+00 	 -1.800000e+03 	 -1.200000e+02 	 2.000000e+00
11 	 114 	 Ex 	 2 	 1.740305e+00 	 -1.560000e+03 	 -1.200000e+02 	 2.000000e+00
11 	 115 	 Ex 	 2 	 1.497820e+00 	 -1.320000e+03 	 -1.200000e+02 	 2.000000e+00
11 	 116 	 Ex 	 2 	 1.365994e+00 	 -1.080000e+03 	 -1.200000e+02 	 2.000000e+00
11 	 117 	 Ex 	 2 	 1.437498e+00 	 -8.400000e+02 	 -1.200000e+02 	 2.000000e+00
11 	 118 	 Ex 	 2 	 9.657083e-01 	 -6.000000e+02 	 -1.200000e+02 	 2.000000e+00
11 	 119 	 Ex 	 2 	 1.580247e+00 	 -3.600000e+02 	 -1.200000e+02 	 2.000000e+00
11 	 120 	 Ex 	 2 	 3.371425e+00 	 -1.200000e+02 	 -1.200000e+02 	 2.000000e+00
11 	 121 	 Ex 	 2 	 1.352639e+00 	 1.200000e+02 	 -1.200000e+02 	 2.000000e+00
11 	 122 	 Ex 	 2 	 7.853382e-01 	 3.600000e+02 	 -1.200000e+02 	 2.000000e+00
11 	 123 	 Ex 	 2 	 1.043031e+00 	 6.000000e+02 	 -1.200000e+02 	 2.000000e+00
11 	 124 	 Ex 	 2 	 1.305091e+00 	 8.400000e+02 	 -1.200000e+02 	 2.000000e+00
11 	 125 	 Ex 	 2 	 5.788993e-01 	 1.080000e+03 	 -1.200000e+02 	 2.000000e+00
11 	 126 	 Ex 	 2 	 1.303974e+00 	 1.320000e+03 	 -1.200000e+02 	 2.000000e+00
11 	 127 	 Ex 	 2 	 1.056556e+00 	 1.560000e+03 	 -1.200000e+02 	 2.000000e+00
11 	 128 	 Ex 	 2 	 2.175917e+00 	 1.800000e+03 	 -1.200000e+02 	 2.000000e+00
11 	 129 	 Ex 	 2 	 1.718931e+00 	 -1.800000e+03 	 1.200000e+02 	 2.000000e+00
11 	 130 	 Ex 	 2 	 7.154129e-01 	 -1.560000e+03 	 1.200000e+02 	 2.000000e+00
11 	 131 	 Ex 	 2 	 2.362912e+00 	 -1.320000e+03 	 1.200000e+02 	 2.000000e+00
11 	 132 	 Ex 	 2 	 2.606723e+00 	 -1.080000e+03 	 1.200000e+02 	 2.000000e+00
11 	 133 	 Ex 	 2 	 1.176428e+00 	 -8.400000e+02 	 1.200000e+02 	 2.000000e+00
11 	 134 	 Ex 	 2 	 9.390782e-01 	 -6.000000e+02 	 1.200000e+02 	 2.000000e+00
11 	 135 	 Ex 	 2 	 1.490141e+00 	 -3.600000e+02 	 1.200000e+02 	 2.000000e+00
11 	 136 	 Ex 	 2 	 2.186961e+00 	 -1.200000e+02 	 1.200000e+02 	 2.000000e+00
11 	 137 	 Ex 	 2 	 0.000000e+00 	 1.200000e+02 	 1.200000e+02 	 2.000000e+00
11 	 138 	 Ex 	 2 	 0.000000e+00 	 3.600000e+02 	 1.200000e+02 	 2.000000e+00
11 	 139 	 Ex 	 2 	 0.000000e+00 	 6.000000e+02 	 1.200000e+02 	 2.000000e+00
11 	 140 	 Ex 	 2 	 0.000000e+00 	 8.400000e+02 	 1.200000e+02 	 2.000000e+00
11 	 141 	 Ex 	 2 	 3.877263e+00 	 1.080000e+03 	 1.200000e+02 	 2.000000e+00
11 	 142 	 Ex 	 2 	 1.276055e-01 	 1.320000e+03 	 1.200000e+02 	 2.000000e+00
11 	 143 	 Ex 	 2 	 3.731288e-01 	 1.560000e+03 	 1.200000e+02 	 2.000000e+00
11 	 144 	 Ex 	 2 	 5.753695e-01 	 1.800000e+03 	 1.200000e+02 	 2.000000e+00
11 	 145 	 Ex 	 2 	 1.635937e+00 	 -1.800000e+03 	 3.600000e+02 	 2.000000e+00
11 	 146 	 Ex 	 2 	 1.180430e+00 	 -1.560000e+03 	 3.600000e+02 	 2.000000e+00
11 	 147 	 Ex 	 2 	 2.140107e+00 	 -1.320000e+03 	 3.600000e+02 	 2.000000e+00
11 	 148 	 Ex 	 2 	 1.416162e+00 	 -1.080000e+03 	 3.600000e+02 	 2.000000e+00
11 	 149 	 Ex 	 2 	 2.415369e+00 	 -8.400000e+02 	 3.600000e+02 	 2.000000e+00
11 	 150 	 Ex 	 2 	 5.671133e-01 	 -6.000000e+02 	 3.600000e+02 	 2.000000e+00
11 	 151 	 Ex 	 2 	 2.009084e+00 	 -3.600000e+02 	 3.600000e+02 	 2.000000e+00
11 	 152 	 Ex 	 2 	 4.602062e-01 	 -1.200000e+02 	 3.600000e+02 	 2.000000e+00
11 	 153 	 Ex 	 2 	 0.000000e+00 	 1.200000e+02 	 3.600000e+02 	 2.000000e+00
11 	 154 	 Ex 	 2 	 0.000000e+00 	 3.600000e+02 	 3.600000e+02 	 2.000000e+00
11 	 155 	 Ex 	 2 	 0.000000e+00 	 6.000000e+02 	 3.600000e+02 	 2.000000e+00
11 	 156 	 Ex 	 2 	 0.000000e+00 	 8.400000e+02 	 3.600000e+02 	 2.000000e+00
11 	 157 	 Ex 	 2 	 0.000000e+00 	 1.080000e+03 	 3.600000e+02 	 2.000000e+00
11 	 158 	 Ex 	 2 	 1.540231e+00 	 1.320000e+03 	 3.600000e+02 	 2.000000e+00
11 	 159 	 Ex 	 2 	 1.586818e+00 	 1.560000e+03 	 3.600000e+02 	 2.000000e+00
11 	 160 	 Ex 	 2 	 1.224213e+00 	 1.800000e+03 	 3.600000e+02 	 2.000000e+00
11 	 161 	 Ex 	 2 	 1.341247e+00 	 -1.800000e+03 	 6.000000e+02 	 2.000000e+00
11 	 162 	 Ex 	 2 	 6.482254e-01 	 -1.560000e+03 	 6.000000e+02 	 2.000000e+00
11 	 163 	 Ex 	 2 	 1.194667e+00 	 -1.320000e+03 	 6.000000e+02 	 2.000000e+00
11 	 164 	 Ex 	 2 	 3.184064e+00 	 -1.080000e+03 	 6.000000e+02 	 2.000000e+00
11 	 165 	 Ex 	 2 	 1.706031e+00 	 -8.400000e+02 	 6.000000e+02 	 2.000000e+00
11 	 166 	 Ex 	 2 	 6.449821e-01 	 -6.000000e+02 	 6.000000e+02 	 2.000000e+00
11 	 167 	 Ex 	 2 	 1.340420e+00 	 -3.600000e+02 	 6.000000e+02 	 2.000000e+00
11 	 168 	 Ex 	 2 	 1.178240e+00 	 -1.200000e+02 	 6.000000e+02 	 2.000000e+00
11 	 169 	 Ex 	 2 	 0.000000e+00 	 1.200000e+02 	 6.000000e+02 	 2.000000e+00
11 	 170 	 Ex 	 2 	 0.000000e+00 	 3.600000e+02 	 6.000000e+02 	 2.000000e+00
11 	 171 	 Ex 	 2 	 0.000000e+00 	 6.000000e+02 	 6.000000e+02 	 2.000000e+00
11 	 172 	 Ex 	 2 	 0.000000e+00 	 8.400000e+02 	 6.000000e+02 	 2.000000e+00
11 	 173 	 Ex 	 2 	 0.000000e+00 	 1.080000e+03 	 6.000000e+02 	 2.000000e+00
11 	 174 	 Ex 	 2 	 1.791322e+00 	 1.320000e+03 	 6.000000e+02 	 2.000000e+00
11 	 175 	 Ex 	 2 	 1.145839e+00 	 1.560000e+03 	 6.000000e+02 	 2.000000e+00
11 	 176 	 Ex 	 2 	 2.045557e+00 	 1.800000e+03 	 6.000000e+02 	 2.000000e+00
11 	 177 	 Ex 	 2 	 1.003390e+00 	 -1.800000e+03 	 8.400000e+02 	 2.000000e+00
11 	 178 	 Ex 	 2 	 7.818405e-01 	 -1.560000e+03 	 8.400000e+02 	 2.000000e+00
11 	 179 	 Ex 	 2 	 2.279681e+00 	 -1.320000e+03 	 8.400000e+02 	 2.000000e+00
11 	 180 	 Ex 	 2 	 1.608575e+00 	 -1.080000e+03 	 8.400000e+02 	 2.000000e+00
11 	 181 	 Ex 	 2 	 2.497590e+00 	 -8.400000e+02 	 8.400000e+02 	 2.000000e+00
11 	 182 	 Ex 	 2 	 6.150197e-01 	 -6.000000e+02 	 8.400000e+02 	 2.000000e+00
11 	 183 	 Ex 	 2 	 2.229541e+00 	 -3.600000e+02 	 8.400000e+02 	 2.000000e+00
11 	 184 	 Ex 	 2 	 6.912780e-01 	 -1.200000e+02 	 8.400000e+02 	 2.000000e+00
11 	 185 	 Ex 	 2 	 0.000000e+00 	 1.200000e+02 	 8.400000e+02 	 2.000000e+00
11 	 186 	 Ex 	 2 	 0.000000e+00 	 3.600000e+02 	 8.400000e+02 	 2.000000e+00
11 	 187 	 Ex 	 2 	 0.000000e+00 	 6.000000e+02 	 8.400000e+02 	 2.000000e+00
11 	 188 	 Ex 	 2 	 0.000000e+00 	 8.400000e+02 	 8.400000e+02 	 2.000000e+00
11 	 189 	 Ex 	 2 	 1.102703e+00 	 1.080000e+03 	 8.400000e+02 	 2.000000e+00
11 	 190 	 Ex 	 2 	 1.361174e+00 	 1.320000e+03 	 8.400000e+02 	 2.000000e+00
11 	 191 	 Ex 	 2 	 1.454250e+00 	 1.560000e+03 	 8.400000e+02 	 2.000000e+00
11 	 192 	 Ex 	 2 	 2.583895e-01 	 1.800000e+03 	 8.400000e+02 	 2.000000e+00
11 	 193 	 Ex 	 2 	 1.080451e+00 	 -1.800000e+03 	 1.080000e+03 	 2.000000e+00
11 	 194 	 Ex 	 2 	 4.069347e-01 	 -1.560000e+03 	 1.080000e+03 	 2.000000e+00
11 	 195 	 Ex 	 2 	 2.585209e-01 	 -1.320000e+03 	 1.080000e+03 	 2.000000e+00
11 	 196 	 Ex 	 2 	 1.103381e+00 	 -1.080000e+03 	 1.080000e+03 	 2.000000e+00
11 	 197 	 Ex 	 2 	 1.019357e+00 	 -8.400000e+02 	 1.080000e+03 	 2.000000e+00
11 	 198 	 Ex 	 2 	 1.308080e+00 	 -6.000000e+02 	 1.080000e+03 	 2.000000e+00
11 	 199 	 Ex 	 2 	 5.232566e-01 	 -3.600000e+02 	 1.080000e+03 	 2.000000e+00
11 	 200 	 Ex 	 2 	 2.515523e+00 	 -1.200000e+02 	 1.080000e+03 	 2.000000e+00
11 	 201 	 Ex 	 2 	 1.197377e+00 	 1.200000e+02 	 1.080000e+03 	 2.000000e+00
11 	 202 	 Ex 	 2 	 0.000000e+00 	 3.600000e+02 	 1.080000e+03 	 2.000000e+00
11 	 203 	 Ex 	 2 	 0.000000e+00 	 6.000000e+02 	 1.080000e+03 	 2.000000e+00
11 	 204 	 Ex 	 2 	 1.110802e+00 	 8.400000e+02 	 1.080000e+03 	 2.000000e+00
11 	 205 	 Ex 	 2 	 3.588281e-01 	 1.080000e+03 	 1.080000e+03 	 2.000000e+00
11 	 206 	 Ex 	 2 	 7.483304e-01 	 1.320000e+03 	 1.080000e+03 	 2.000000e+00
11 	 207 	 Ex 	 2 	 6.736271e-01 	 1.560000e+03 	 1.080000e+03 	 2.000000e+00
11 	 208 	 Ex 	 2 	 2.083512e+00 	 1.800000e+03 	 1.080000e+03 	 2.000000e+00
11 	 209 	 Ex 	 2 	 1.203827e+00 	 -1.800000e+03 	 1.320000e+03 	 2.000000e+00
11 	 210 	 Ex 	 2 	 1.434536e-01 	 -1.560000e+03 	 1.320000e+03 	 2.000000e+00
11 	 211 	 Ex 	 2 	 1.425301e+00 	 -1.320000e+03 	 1.320000e+03 	 2.000000e+00
11 	 212 	 Ex 	 2 	 1.000937e+00 	 -1.080000e+03 	 1.320000e+03 	 2.000000e+00
11 	 213 	 Ex 	 2 	 1.309797e+00 	 -8.400000e+02 	 1.320000e+03 	 2.000000e+00
11 	 214 	 Ex 	 2 	 1.990407e+00 	 -6.000000e+02 	 1.320000e+03 	 2.000000e+00
11 	 215 	 Ex 	 2 	 1.200661e+00 	 -3.600000e+02 	 1.320000e+03 	 2.000000e+00
11 	 216 	 Ex 	 2 	 1.172220e-01 	 -1.200000e+02 	 1.320000e+03 	 2.000000e+00
11 	 217 	 Ex 	 2 	 6.266689e-01 	 1.200000e+02 	 1.320000e+03 	 2.000000e+00
11 	 218 	 Ex 	 2 	 1.641129e+00 	 3.600000e+02 	 1.320000e+03 	 2.000000e+00
11 	 219 	 Ex 	 2 	 1.365941e+00 	 6.000000e+02 	 1.320000e+03 	 2.000000e+00
11 	 220 	 Ex 	 2 	 2.772119e-01 	 8.400000e+02 	 1.320000e+03 	 2.000000e+00
11 	 221 	 Ex 	 2 	 1.173683e+00 	 1.080000e+03 	 1.320000e+03 	 2.000000e+00
11 	 222 	 Ex 	 2 	 1.038170e+00 	 1.320000e+03 	 1.320000e+03 	 2.000000e+00
11 	 223 	 Ex 	 2 	 1.624901e+00 	 1.560000e+03 	 1.320000e+03 	 2.000000e+00
11 	 224 	 Ex 	 2 	 1.606817e+00 	 1.800000e+03 	 1.320000e+03 	 2.000000e+00
11 	 225 	 Ex 	 2 	 2.236381e-01 	 -1.800000e+03 	 1.560000e+03 	 2.000000e+00
11 	 226 	 Ex 	 2 	 7.575807e-01 	 -1.560000e+03 	 1.560000e+03 	 2.000000e+00
11 	 227 	 Ex 	 2 	 8.779269e-01 	 -1.320000e+03 	 1.560000e+03 	 2.000000e+00
11 	 228 	 Ex 	 2 	 1.799981e-01 	 -1.080000e+03 	 1.560000e+03 	 2.000000e+00
11 	 229 	 Ex 	 2 	 7.522880e-01 	 -8.400000e+02 	 1.560000e+03 	 2.000000e+00
11 	 230 	 Ex 	 2 	 4.627541e-01 	 -6.000000e+02 	 1.560000e+03 	 2.000000e+00
11 	 231 	 Ex 	 2 	 2.163814e-01 	 -3.600000e+02 	 1.560000e+03 	 2.000000e+00
11 	 232 	 Ex 	 2 	 8.350163e-01 	 -1.200000e+02 	 1.560000e+03 	 2.000000e+00
11 	 233 	 Ex 	 2 	 3.599572e-01 	 1.200000e+02 	 1.560000e+03 	 2.000000e+00
11 	 234 	 Ex 	 2 	 1.182748e+00 	 3.600000e+02 	 1.560000e+03 	 2.000000e+00
11 	 235 	 Ex 	 2 	 5.135469e-01 	 6.000000e+02 	 1.560000e+03 	 2.000000e+00
11 	 236 	 Ex 	 2 	 1.282070e+00 	 8.400000e+02 	 1.560000e+03 	 2.000000e+00
11 	 237 	 Ex 	 2 	 1.673467e+00 	 1.080000e+03 	 1.560000e+03 	 2.000000e+00
11 	 238 	 Ex 	 2 	 9.836519e-01 	 1.320000e+03 	 1.560000e+03 	 2.000000e+00
11 	 239 	 Ex 	 2 	 1.375896e+00 	 1.560000e+03 	 1.560000e+03 	 2.000000e+00
11 	 240 	 Ex 	 2 	 3.054585e-01 	 1.800000e+03 	 1.560000e+03 	 2.000000e+00
11 	 241 	 Ex 	 2 	 2.968798e-01 	 -1.800000e+03 	 1.800000e+03 	 2.000000e+00
11 	 242 	 Ex 	 2 	 1.139701e-01 	 -1.560000e+03 	 1.800000e+03 	 2.000000e+00
11 	 243 	 Ex 	 2 	 5.648663e-01 	 -1.320000e+03 	 1.800000e+03 	 2.000000e+00
11 	 244 	 Ex 	 2 	 1.416134e+00 	 -1.080000e+03 	 1.800000e+03 	 2.000000e+00
11 	 245 	 Ex 	 2 	 1.147677e+00 	 -8.400000e+02 	 1.800000e+03 	 2.000000e+00
11 	 246 	 Ex 	 2 	 4.288434e-01 	 -6.000000e+02 	 1.800000e+03 	 2.000000e+00
11 	 247 	 Ex 	 2 	 8.357055e-01 	 -3.600000e+02 	 1.800000e+03 	 2.000000e+00
11 	 248 	 Ex 	 2 	 1.114276e+00 	 -1.200000e+02 	 1.800000e+03 	 2.000000e+00
11 	 249 	 Ex 	 2 	 9.846478e-01 	 1.200000e+02 	 1.800000e+03 	 2.000000e+00
11 	 250 	 Ex 	 2 	 6.390136e-01 	 3.600000e+02 	 1.800000e+03 	 2.000000e+00
11 	 251 	 Ex 	 2 	 9.194889e-01 	 6.000000e+02 	 1.800000e+03 	 2.000000e+00
11 	 252 	 Ex 	 2 	 6.009209e-01 	 8.400000e+02 	 1.800000e+03 	 2.000000e+00
11 	 253 	 Ex 	 2 	 6.296937e-01 	 1.080000e+03 	 1.800000e+03 	 2.000000e+00
11 	 254 	 Ex 	 2 	 1.588943e+00 	 1.320000e+03 	 1.800000e+03 	 2.000000e+00
11 	 255 	 Ex 	 2 	 1.028042e+00 	 1.560000e+03 	 1.800000e+03 	 2.000000e+00
11 	 256 	 Ex 	 2 	 5.987071e-01 	 1.800000e+03 	 1.800000e+03 	 2.000000e+00
11 	 1 	 Ey 	 1 	 4.340565e-01 	 -1.800000e+03 	 -1.800000e+03 	 2.000000e+00
11 	 2 	 Ey 	 1 	 1.218218e+00 	 -1.560000e+03 	 -1.800000e+03 	 2.000000e+00
11 	 3 	 Ey 	 1 	 1.736731e+00 	 -1.320000e+03 	 -1.800000e+03 	 2.000000e+00
11 	 4 	 Ey 	 1 	 1.982928e-01 	 -1.080000e+03 	 -1.800000e+03 	 2.000000e+00
11 	 5 	 Ey 	 1 	 1.112525e+00 	 -8.400000e+02 	 -1.800000e+03 	 2.000000e+00
11 	 6 	 Ey 	 1 	 1.609223e+00 	 -6.000000e+02 	 -1.800000e+03 	 2.000000e+00
11 	 7 	 Ey 	 1 	 1.518345e+00 	 -3.600000e+02 	 -1.800000e+03 	 2.000000e+00
11 	 8 	 Ey 	 1 	 8.824805e-01 	 -1.200000e+02 	 -1.800000e+03 	 2.000000e+00
11 	 9 	 Ey 	 1 	 6.586257e-01 	 1.200000e+02 	 -1.800000e+03 	 2.000000e+00
11 	 10 	 Ey 	 1 	 1.513582e+00 	 3.600000e+02 	 -1.800000e+03 	 2.000000e+00
11 	 11 	 Ey 	 1 	 1.146700e+00 	 6.000000e+02 	 -1.800000e+03 	 2.000000e+00
11 	 12 	 Ey 	 1 	 6.238410e-01 	 8.400000e+02 	 -1.800000e+03 	 2.000000e+00
11 	 13 	 Ey 	 1 	 1.240528e+00 	 1.080000e+03 	 -1.800000e+03 	 2.000000e+00
11 	 14 	 Ey 	 1 	 6.400173e-01 	 1.320000e+03 	 -1.800000e+03 	 2.000000e+00
11 	 15 	 Ey 	 1 	 5.668486e-01 	 1.560000e+03 	 -1.800000e+03 	 2.000000e+00
11 	 16 	 Ey 	 1 	 7.277771e-01 	 1.800000e+03 	 -1.800000e+03 	 2.000000e+00
11 	 17 	 Ey 	 1 	 6.450421e-01 	 -1.800000e+03 	 -1.560000e+03 	 2.000000e+00
11 	 18 	 Ey 	 1 	 4.747154e-01 	 -1.560000e+03 	 -1.560000e+03 	 2.000000e+00
11 	 19 	 Ey 	 1 	 8.223702e-01 	 -1.320000e+03 	 -1.560000e+03 	 2.000000e+00
11 	 20 	 Ey 	 1 	 1.271571e+00 	 -1.080000e+03 	 -1.560000e+03 	 2.000000e+00
11 	 21 	 Ey 	 1 	 1.419806e+00 	 -8.400000e+02 	 -1.560000e+03 	 2.000000e+00
11 	 22 	 Ey 	 1 	 1.803537e+00 	 -6.000000e+02 	 -1.560000e+03 	 2.000000e+00
11 	 23 	 Ey 	 1 	 1.628819e+00 	 -3.600000e+02 	 -1.560000e+03 	 2.000000e+00
11 	 24 	 Ey 	 1 	 1.050957e+00 	 -1.200000e+02 	 -1.560000e+03 	 2.000000e+00
11 	 25 	 Ey 	 1 	 1.177720e+00 	 1.200000e+02 	 -1.560000e+03 	 2.000000e+00
11 	 26 	 Ey 	 1 	 9.901429e-01 	 3.600000e+02 	 -1.560000e+03 	 2.000000e+00
11 	 27 	 Ey 	 1 	 4.094744e-01 	 6.000000e+02 	 -1.560000e+03 	 2.000000e+00
11 	 28 	 Ey 	 1 	 3.848946e-01 	 8.400000e+02 	 -1.560000e+03 	 2.000000e+00
11 	 29 	 Ey 	 1 	 1.884623e+00 	 1.080000e+03 	 -1.560000e+03 	 2.000000e+00
11 	 30 	 Ey 	 1 	 9.513702e-01 	 1.320000e+03 	 -1.560000e+03 	 2.000000e+00
11 	 31 	 Ey 	 1 	 5.757272e-01 	 1.560000e+03 	 -1.560000e+03 	 2.000000e+00
11 	 32 	 Ey 	 1 	 1.356841e+00 	 1.800000e+03 	 -1.560000e+03 	 2.000000e+00
11 	 33 	 Ey 	 1 	 6.958901e-01 	 -1.800000e+03 	 -1.320000e+03 	 2.000000e+00
11 	 34 	 Ey 	 1 	 7.548210e-01 	 -1.560000e+03 	 -1.320000e+03 	 2.000000e+00
11 	 35 	 Ey 	 1 	 6.723256e-01 	 -1.320000e+03 	 -1.320000e+03 	 2.000000e+00
11 	 36 	 Ey 	 1 	 4.344387e-01 	 -1.080000e+03 	 -1.320000e+03 	 2.000000e+00
11 	 37 	 Ey 	 1 	 5.419571e-01 	 -8.400000e+02 	 -1.320000e+03 	 2.000000e+00
11 	 38 	 Ey 	 1 	 1.323955e+00 	 -6.000000e+02 	 -1.320000e+03 	 2.000000e+00
11 	 39 	 Ey 	 1 	 9.396026e-01 	 -3.600000e+02 	 -1.320000e+03 	 2.000000e+00
11 	 40 	 Ey 	 1 	 8.668001e-01 	 -1.200000e+02 	 -1.320000e+03 	 2.000000e+00
11 	 41 	 Ey 	 1 	 1.108119e+00 	 1.200000e+02 	 -1.320000e+03 	 2.000000e+00
11 	 42 	 Ey 	 1 	 6.010302e-01 	 3.600000e+02 	 -1.320000e+03 	 2.000000e+00
11 	 43 	 Ey 	 1 	 7.607783e-01 	 6.000000e+02 	 -1.320000e+03 	 2.000000e+00
11 	 44 	 Ey 	 1 	 1.141611e+00 	 8.400000e+02 	 -1.320000e+03 	 2.000000e+00
11 	 45 	 Ey 	 1 	 1.277445e+00 	 1.080000e+03 	 -1.320000e+03 	 2.000000e+00
11 	 46 	 Ey 	 1 	 8.742242e-01 	 1.320000e+03 	 -1.320000e+03 	 2.000000e+00
11 	 47 	 Ey 	 1 	 9.935564e-01 	 1.560000e+03 	 -1.320000e+03 	 2.000000e+00
11 	 48 	 Ey 	 1 	 7.056960e-01 	 1.800000e+03 	 -1.320000e+03 	 2.000000e+00
11 	 49 	 Ey 	 1 	 7.246996e-01 	 -1.800000e+03 	 -1.080000e+03 	 2.000000e+00
11 	 50 	 Ey 	 1 	 1.162559e+00 	 -1.560000e+03 	 -1.080000e+03 	 2.000000e+00
11 	 51 	 Ey 	 1 	 1.122615e+00 	 -1.320000e+03 	 -1.080000e+03 	 2.000000e+00
11 	 52 	 Ey 	 1 	 8.118587e-01 	 -1.080000e+03 	 -1.080000e+03 	 2.000000e+00
11 	 53 	 Ey 	 1 	 1.237960e+00 	 -8.400000e+02 	 -1.080000e+03 	 2.000000e+00
11 	 54 	 Ey 	 1 	 8.551293e-01 	 -6.000000e+02 	 -1.080000e+03 	 2.000000e+00
11 	 55 	 Ey 	 1 	 4.951118e-01 	 -3.600000e+02 	 -1.080000e+03 	 2.000000e+00
11 	 56 	 Ey 	 1 	 8.282995e-01 	 -1.200000e+02 	 -1.080000e+03 	 2.000000e+00
11 	 57 	 Ey 	 1 	 1.077918e+00 	 1.200000e+02 	 -1.080000e+03 	 2.000000e+00
11 	 58 	 Ey 	 1 	 6.806074e-01 	 3.600000e+02 	 -1.080000e+03 	 2.000000e+00
11 	 59 	 Ey 	 1 	 1.361358e+00 	 6.000000e+02 	 -1.080000e+03 	 2.000000e+00
11 	 60 	 Ey 	 1 	 1.075317e+00 	 8.400000e+02 	 -1.080000e+03 	 2.000000e+00
11 	 61 	 Ey 	 1 	 2.674016e+00 	 1.080000e+03 	 -1.080000e+03 	 2.000000e+00
11 	 62 	 Ey 	 1 	 8.318327e-01 	 1.320000e+03 	 -1.080000e+03 	 2.000000e+00
11 	 63 	 Ey 	 1 	 1.440423e+00 	 1.560000e+03 	 -1.080000e+03 	 2.000000e+00
11 	 64 	 Ey 	 1 	 5.026703e-01 	 1.800000e+03 	 -1.080000e+03 	 2.000000e+00
11 	 65 	 Ey 	 1 	 1.041597e+00 	 -1.800000e+03 	 -8.400000e+02 	 2.000000e+00
11 	 66 	 Ey 	 1 	 1.149856e+00 	 -1.560000e+03 	 -8.400000e+02 	 2.000000e+00
11 	 67 	 Ey 	 1 	 9.880233e-01 	 -1.320000e+03 	 -8.400000e+02 	 2.000000e+00
11 	 68 	 Ey 	 1 	 6.711848e-01 	 -1.080000e+03 	 -8.400000e+02 	 2.000000e+00
11 	 69 	 Ey 	 1 	 1.617652e+00 	 -8.400000e+02 	 -8.400000e+02 	 2.000000e+00
11 	 70 	 Ey 	 1 	 1.745577e+00 	 -6.000000e+02 	 -8.400000e+02 	 2.000000e+00
11 	 71 	 Ey 	 1 	 1.050447e+00 	 -3.600000e+02 	 -8.400000e+02 	 2.000000e+00
11 	 72 	 Ey 	 1 	 2.290925e-01 	 -1.200000e+02 	 -8.400000e+02 	 2.000000e+00
11 	 73 	 Ey 	 1 	 1.127837e+00 	 1.200000e+02 	 -8.400000e+02 	 2.000000e+00
11 	 74 	 Ey 	 1 	 5.553109e-01 	 3.600000e+02 	 -8.400000e+02 	 2.000000e+00
11 	 75 	 Ey 	 1 	 4.667384e-02 	 6.000000e+02 	 -8.400000e+02 	 2.000000e+00
11 	 76 	 Ey 	 1 	 1.400142e+00 	 8.400000e+02 	 -8.400000e+02 	 2.000000e+00
11 	 77 	 Ey 	 1 	 1.457916e+00 	 1.080000e+03 	 -8.400000e+02 	 2.000000e+00
11 	 78 	 Ey 	 1 	 1.560546e+00 	 1.320000e+03 	 -8.400000e+02 	 2.000000e+00
11 	 79 	 Ey 	 1 	 1.850102e+00 	 1.560000e+03 	 -8.400000e+02 	 2.000000e+00
11 	 80 	 Ey 	 1 	 1.410248e+00 	 1.800000e+03 	 -8.400000e+02 	 2.000000e+00
11 	 81 	 Ey 	 1 	 2.117953e+00 	 -1.800000e+03 	 -6.000000e+02 	 2.000000e+00
11 	 82 	 Ey 	 1 	 2.035038e-01 	 -1.560000e+03 	 -6.000000e+02 	 2.000000e+00
11 	 83 	 Ey 	 1 	 1.480359e+00 	 -1.320000e+03 	 -6.000000e+02 	 2.000000e+00
11 	 84 	 Ey 	 1 	 1.862512e+00 	 -1.080000e+03 	 -6.000000e+02 	 2.000000e+00
11 	 85 	 Ey 	 1 	 8.619146e-01 	 -8.400000e+02 	 -6.000000e+02 	 2.000000e+00
11 	 86 	 Ey 	 1 	 1.575959e+00 	 -6.000000e+02 	 -6.000000e+02 	 2.000000e+00
11 	 87 	 Ey 	 1 	 3.990043e-01 	 -3.600000e+02 	 -6.000000e+02 	 2.000000e+00
11 	 88 	 Ey 	 1 	 5.305899e-01 	 -1.200000e+02 	 -6.000000e+02 	 2.000000e+00
11 	 89 	 Ey 	 1 	 1.016010e+00 	 1.200000e+02 	 -6.000000e+02 	 2.000000e+00
11 	 90 	 Ey 	 1 	 8.351898e-01 	 3.600000e+02 	 -6.000000e+02 	 2.000000e+00
11 	 91 	 Ey 	 1 	 3.943423e-01 	 6.000000e+02 	 -6.000000e+02 	 2.000000e+00
11 	 92 	 Ey 	 1 	 1.631293e+00 	 8.400000e+02 	 -6.000000e+02 	 2.000000e+00
11 	 93 	 Ey 	 1 	 1.186415e+00 	 1.080000e+03 	 -6.000000e+02 	 2.000000e+00
11 	 94 	 Ey 	 1 	 1.704079e+00 	 1.320000e+03 	 -6.000000e+02 	 2.000000e+00
11 	 95 	 Ey 	 1 	 7.507133e-01 	 1.560000e+03 	 -6.000000e+02 	 2.000000e+00
11 	 96 	 Ey 	 1 	 1.863949e+00 	 1.800000e+03 	 -6.000000e+02 	 2.000000e+00
11 	 97 	 Ey 	 1 	 1.475718e+00 	 -1.800000e+03 	 -3.600000e+02 	 2.000000e+00
11 	 98 	 Ey 	 1 	 1.308368e+00 	 -1.560000e+03 	 -3.600000e+02 	 2.000000e+00
11 	 99 	 Ey 	 1 	 6.270717e-01 	 -1.320000e+03 	 -3.600000e+02 	 2.000000e+00
11 	 100 	 Ey 	 1 	 1.399596e+00 	 -1.080000e+03 	 -3.600000e+02 	 2.000000e+00
11 	 101 	 Ey 	 1 	 2.367263e+00 	 -8.400000e+02 	 -3.600000e+02 	 2.000000e+00
11 	 102 	 Ey 	 1 	 6.338741e-01 	 -6.000000e+02 	 -3.600000e+02 	 2.000000e+00
11 	 103 	 Ey 	 1 	 4.762971e-01 	 -3.600000e+02 	 -3.600000e+02 	 2.000000e+00
11 	 104 	 Ey 	 1 	 1.638408e+00 	 -1.200000e+02 	 -3.600000e+02 	 2.000000e+00
11 	 105 	 Ey 	 1 	 5.253675e-02 	 1.200000e+02 	 -3.600000e+02 	 2.000000e+00
11 	 106 	 Ey 	 1 	 8.266463e-01 	 3.600000e+02 	 -3.600000e+02 	 2.000000e+00
11 	 107 	 Ey 	 1 	 1.063157e+00 	 6.000000e+02 	 -3.600000e+02 	 2.000000e+00
11 	 108 	 Ey 	 1 	 6.870126e-01 	 8.400000e+02 	 -3.600000e+02 	 2.000000e+00
11 	 109 	 Ey 	 1 	 1.732001e+00 	 1.080000e+03 	 -3.600000e+02 	 2.000000e+00
11 	 110 	 Ey 	 1 	 1.458471e+00 	 1.320000e+03 	 -3.600000e+02 	 2.000000e+00
11 	 111 	 Ey 	 1 	 5.835630e-01 	 1.560000e+03 	 -3.600000e+02 	 2.000000e+00
11 	 112 	 Ey 	 1 	 1.696892e+00 	 1.800000e+03 	 -3.600000e+02 	 2.000000e+00
11 	 113 	 Ey 	 1 	 9.711288e-01 	 -1.800000e+03 	 -1.200000e+02 	 2.000000e+00
11 	 114 	 Ey 	 1 	 2.095248e+00 	 -1.560000e+03 	 -1.200000e+02 	 2.000000e+00
11 	 115 	 Ey 	 1 	 2.901291e+00 	 -1.320000e+03 	 -1.200000e+02 	 2.000000e+00
11 	 116 	 Ey 	 1 	 1.886836e+00 	 -1.080000e+03 	 -1.200000e+02 	 2.000000e+00
11 	 117 	 Ey 	 1 	 2.318391e+00 	 -8.400000e+02 	 -1.200000e+02 	 2.000000e+00
11 	 118 	 Ey 	 1 	 6.254968e-01 	 -6.000000e+02 	 -1.200000e+02 	 2.000000e+00
11 	 119 	 Ey 	 1 	 1.974566e+00 	 -3.600000e+02 	 -1.200000e+02 	 2.000000e+00
11 	 120 	 Ey 	 1 	 8.463070e-01 	 -1.200000e+02 	 -1.200000e+02 	 2.000000e+00
11 	 121 	 Ey 	 1 	 2.153825e+00 	 1.200000e+02 	 -1.200000e+02 	 2.000000e+00
11 	 122 	 Ey 	 1 	 2.001902e+00 	 3.600000e+02 	 -1.200000e+02 	 2.000000e+00
11 	 123 	 Ey 	 1 	 1.808471e+00 	 6.000000e+02 	 -1.200000e+02 	 2.000000e+00
11 	 124 	 Ey 	 1 	 2.563295e+00 	 8.400000e+02 	 -1.200000e+02 	 2.000000e+00
11 	 125 	 Ey 	 1 	 9.671075e-01 	 1.080000e+03 	 -1.200000e+02 	 2.000000e+00
11 	 126 	 Ey 	 1 	 5.568255e-01 	 1.320000e+03 	 -1.200000e+02 	 2.000000e+00
11 	 127 	 Ey 	 1 	 2.461119e+00 	 1.560000e+03 	 -1.200000e+02 	 2.000000e+00
11 	 128 	 Ey 	 1 	 1.903224e+00 	 1.800000e+03 	 -1.200000e+02 	 2.000000e+00
11 	 129 	 Ey 	 1 	 6.433831e-01 	 -1.800000e+03 	 1.200000e+02 	 2.000000e+00
11 	 130 	 Ey 	 1 	 7.337872e-01 	 -1.560000e+03 	 1.200000e+02 	 2.000000e+00
11 	 131 	 Ey 	 1 	 7.550886e-01 	 -1.320000e+03 	 1.200000e+02 	 2.000000e+00
11 	 132 	 Ey 	 1 	 1.071584e+00 	 -1.080000e+03 	 1.200000e+02 	 2.000000e+00
11 	 133 	 Ey 	 1 	 2.811385e+00 	 -8.400000e+02 	 1.200000e+02 	 2.000000e+00
11 	 134 	 Ey 	 1 	 1.219517e+00 	 -6.000000e+02 	 1.200000e+02 	 2.000000e+00
11 	 135 	 Ey 	 1 	 7.829191e-01 	 -3.600000e+02 	 1.200000e+02 	 2.000000e+00
11 	 136 	 Ey 	 1 	 3.331225e-01 	 -1.200000e+02 	 1.200000e+02 	 2.000000e+00
11 	 137 	 Ey 	 1 	 0.000000e+00 	 1.200000e+02 	 1.200000e+02 	 2.000000e+00
11 	 138 	 Ey 	 1 	 0.000000e+00 	 3.600000e+02 	 1.200000e+02 	 2.000000e+00
11 	 139 	 Ey 	 1 	 0.000000e+00 	 6.000000e+02 	 1.200000e+02 	 2.000000e+00
11 	 140 	 Ey 	 1 	 0.000000e+00 	 8.400000e+02 	 1.200000e+02 	 2.000000e+00
11 	 141 	 Ey 	 1 	 5.670852e-01 	 1.080000e+03 	 1.200000e+02 	 2.000000e+00
11 	 142 	 Ey 	 1 	 6.471895e-01 	 1.320000e+03 	 1.200000e+02 	 2.000000e+00
11 	 143 	 Ey 	 1 	 1.458139e+00 	 1.560000e+03 	 1.200000e+02 	 2.000000e+00
11 	 144 	 Ey 	 1 	 1.204594e+00 	 1.800000e+03 	 1.200000e+02 	 2.000000e+00
11 	 145 	 Ey 	 1 	 1.951617e+00 	 -1.800000e+03 	 3.600000e+02 	 2.000000e+00
11 	 146 	 Ey 	 1 	 1.065252e+00 	 -1.560000e+03 	 3.600000e+02 	 2.000000e+00
11 	 147 	 Ey 	 1 	 5.268203e-01 	 -1.320000e+03 	 3.600000e+02 	 2.000000e+00
11 	 148 	 Ey 	 1 	 1.707340e+00 	 -1.080000e+03 	 3.600000e+02 	 2.000000e+00
11 	 149 	 Ey 	 1 	 1.380350e+00 	 -8.400000e+02 	 3.600000e+02 	 2.000000e+00
11 	 150 	 Ey 	 1 	 5.974291e-01 	 -6.000000e+02 	 3.600000e+02 	 2.000000e+00
11 	 151 	 Ey 	 1 	 9.273729e-01 	 -3.600000e+02 	 3.600000e+02 	 2.000000e+00
11 	 152 	 Ey 	 1 	 1.402220e+00 	 -1.200000e+02 	 3.600000e+02 	 2.000000e+00
11 	 153 	 Ey 	 1 	 0.000000e+00 	 1.200000e+02 	 3.600000e+02 	 2.000000e+00
11 	 154 	 Ey 	 1 	 0.000000e+00 	 3.600000e+02 	 3.600000e+02 	 2.000000e+00
11 	 155 	 Ey 	 1 	 0.000000e+00 	 6.000000e+02 	 3.600000e+02 	 2.000000e+00
11 	 156 	 Ey 	 1 	 0.000000e+00 	 8.400000e+02 	 3.600000e+02 	 2.000000e+00
11 	 157 	 Ey 	 1 	 0.000000e+00 	 1.080000e+03 	 3.600000e+02 	 2.000000e+00
11 	 158 	 Ey 	 1 	 7.279534e-01 	 1.320000e+03 	 3.600000e+02 	 2.000000e+00
11 	 159 	 Ey 	 1 	 1.129867e+00 	 1.560000e+03 	 3.600000e+02 	 2.000000e+00
11 	 160 	 Ey 	 1 	 1.049191e+00 	 1.800000e+03 	 3.600000e+02 	 2.000000e+00
11 	 161 	 Ey 	 1 	 1.474963e+00 	 -1.800000e+03 	 6.000000e+02 	 2.000000e+00
11 	 162 	 Ey 	 1 	 1.871031e+00 	 -1.560000e+03 	 6.000000e+02 	 2.000000e+00
11 	 163 	 Ey 	 1 	 9.200802e-01 	 -1.320000e+03 	 6.000000e+02 	 2.000000e+00
11 	 164 	 Ey 	 1 	 4.829487e-01 	 -1.080000e+03 	 6.000000e+02 	 2.000000e+00
11 	 165 	 Ey 	 1 	 9.991248e-01 	 -8.400000e+02 	 6.000000e+02 	 2.000000e+00
11 	 166 	 Ey 	 1 	 1.324531e+00 	 -6.000000e+02 	 6.000000e+02 	 2.000000e+00
11 	 167 	 Ey 	 1 	 6.419938e-01 	 -3.600000e+02 	 6.000000e+02 	 2.000000e+00
11 	 168 	 Ey 	 1 	 4.266391e-01 	 -1.200000e+02 	 6.000000e+02 	 2.000000e+00
11 	 169 	 Ey 	 1 	 0.000000e+00 	 1.200000e+02 	 6.000000e+02 	 2.000000e+00
11 	 170 	 Ey 	 1 	 0.000000e+00 	 3.600000e+02 	 6.000000e+02 	 2.000000e+00
11 	 171 	 Ey 	 1 	 0.000000e+00 	 6.000000e+02 	 6.000000e+02 	 2.000000e+00
11 	 172 	 Ey 	 1 	 0.000000e+00 	 8.400000e+02 	 6.000000e+02 	 2.000000e+00
11 	 173 	 Ey 	 1 	 0.000000e+00 	 1.080000e+03 	 6.000000e+02 	 2.000000e+00
11 	 174 	 Ey 	 1 	 3.767303e-01 	 1.320000e+03 	 6.000000e+02 	 2.000000e+00
11 	 175 	 Ey 	 1 	 2.098048e+00 	 1.560000e+03 	 6.000000e+02 	 2.000000e+00
11 	 176 	 Ey 	 1 	 1.035257e+00 	 1.800000e+03 	 6.000000e+02 	 2.000000e+00
11 	 177 	 Ey 	 1 	 9.469477e-01 	 -1.800000e+03 	 8.400000e+02 	 2.000000e+00
11 	 178 	 Ey 	 1 	 1.114196e+00 	 -1.560000e+03 	 8.400000e+02 	 2.000000e+00
11 	 179 	 Ey 	 1 	 1.386031e+00 	 -1.320000e+03 	 8.400000e+02 	 2.000000e+00
11 	 180 	 Ey 	 1 	 2.110618e-01 	 -1.080000e+03 	 8.400000e+02 	 2.000000e+00
11 	 181 	 Ey 	 1 	 1.220567e+00 	 -8.400000e+02 	 8.400000e+02 	 2.000000e+00
11 	 182 	 Ey 	 1 	 1.848843e+00 	 -6.000000e+02 	 8.400000e+02 	 2.000000e+00
11 	 183 	 Ey 	 1 	 1.079004e+00 	 -3.600000e+02 	 8.400000e+02 	 2.000000e+00
11 	 184 	 Ey 	 1 	 1.388016e+00 	 -1.200000e+02 	 8.400000e+02 	 2.000000e+00
11 	 185 	 Ey 	 1 	 0.000000e+00 	 1.200000e+02 	 8.400000e+02 	 2.000000e+00
11 	 186 	 Ey 	 1 	 0.000000e+00 	 3.600000e+02 	 8.400000e+02 	 2.000000e+00
11 	 187 	 Ey 	 1 	 0.000000e+00 	 6.000000e+02 	 8.400000e+02 	 2.000000e+00
11 	 188 	 Ey 	 1 	 0.000000e+00 	 8.400000e+02 	 8.400000e+02 	 2.000000e+00
11 	 189 	 Ey 	 1 	 1.189028e+00 	 1.080000e+03 	 8.400000e+02 	 2.000000e+00
11 	 190 	 Ey 	 1 	 1.204111e+00 	 1.320000e+03 	 8.400000e+02 	 2.000000e+00
11 	 191 	 Ey 	 1 	 6.523322e-02 	 1.560000e+03 	 8.400000e+02 	 2.000000e+00
11 	 192 	 Ey 	 1 	 1.070660e+00 	 1.800000e+03 	 8.400000e+02 	 2.000000e+00
11 	 193 	 Ey 	 1 	 1.558655e+00 	 -1.800000e+03 	 1.080000e+03 	 2.000000e+00
11 	 194 	 Ey 	 1 	 5.190104e-01 	 -1.560000e+03 	 1.080000e+03 	 2.000000e+00
11 	 195 	 Ey 	 1 	 1.700434e+00 	 -1.320000e+03 	 1.080000e+03 	 2.000000e+00
11 	 196 	 Ey 	 1 	 1.767901e+00 	 -1.080000e+03 	 1.080000e+03 	 2.000000e+00
11 	 197 	 Ey 	 1 	 1.424476e+00 	 -8.400000e+02 	 1.080000e+03 	 2.000000e+00
11 	 198 	 Ey 	 1 	 1.523381e+00 	 -6.000000e+02 	 1.080000e+03 	 2.000000e+00
11 	 199 	 Ey 	 1 	 5.873062e-01 	 -3.600000e+02 	 1.080000e+03 	 2.000000e+00
11 	 200 	 Ey 	 1 	 6.728160e-01 	 -1.200000e+02 	 1.080000e+03 	 2.000000e+00
11 	 201 	 Ey 	 1 	 3.671619e-01 	 1.200000e+02 	 1.080000e+03 	 2.000000e+00
11 	 202 	 Ey 	 1 	 0.000000e+00 	 3.600000e+02 	 1.080000e+03 	 2.000000e+00
11 	 203 	 Ey 	 1 	 0.000000e+00 	 6.000000e+02 	 1.080000e+03 	 2.000000e+00
11 	 204 	 Ey 	 1 	 6.677502e-01 	 8.400000e+02 	 1.080000e+03 	 2.000000e+00
11 	 205 	 Ey 	 1 	 5.035837e-01 	 1.080000e+03 	 1.080000e+03 	 2.000000e+00
11 	 206 	 Ey 	 1 	 1.339019e+00 	 1.320000e+03 	 1.080000e+03 	 2.000000e+00
11 	 207 	 Ey 	 1 	 1.034630e+00 	 1.560000e+03 	 1.080000e+03 	 2.000000e+00
11 	 208 	 Ey 	 1 	 1.068496e+00 	 1.800000e+03 	 1.080000e+03 	 2.000000e+00
11 	 209 	 Ey 	 1 	 3.411820e-01 	 -1.800000e+03 	 1.320000e+03 	 2.000000e+00
11 	 210 	 Ey 	 1 	 5.308591e-01 	 -1.560000e+03 	 1.320000e+03 	 2.000000e+00
11 	 211 	 Ey 	 1 	 3.237374e-01 	 -1.320000e+03 	 1.320000e+03 	 2.000000e+00
11 	 212 	 Ey 	 1 	 1.392500e+00 	 -1.080000e+03 	 1.320000e+03 	 2.000000e+00
11 	 213 	 Ey 	 1 	 9.198450e-01 	 -8.400000e+02 	 1.320000e+03 	 2.000000e+00
11 	 214 	 Ey 	 1 	 1.953074e+00 	 -6.000000e+02 	 1.320000e+03 	 2.000000e+00
11 	 215 	 Ey 	 1 	 2.970662e-01 	 -3.600000e+02 	 1.320000e+03 	 2.000000e+00
11 	 216 	 Ey 	 1 	 8.103357e-01 	 -1.200000e+02 	 1.320000e+03 	 2.000000e+00
11 	 217 	 Ey 	 1 	 4.776728e-01 	 1.200000e+02 	 1.320000e+03 	 2.000000e+00
11 	 218 	 Ey 	 1 	 1.326587e+00 	 3.600000e+02 	 1.320000e+03 	 2.000000e+00
11 	 219 	 Ey 	 1 	 9.251879e-01 	 6.000000e+02 	 1.320000e+03 	 2.000000e+00
11 	 220 	 Ey 	 1 	 8.793323e-01 	 8.400000e+02 	 1.320000e+03 	 2.000000e+00
11 	 221 	 Ey 	 1 	 3.095757e-01 	 1.080000e+03 	 1.320000e+03 	 2.000000e+00
11 	 222 	 Ey 	 1 	 2.848408e-01 	 1.320000e+03 	 1.320000e+03 	 2.000000e+00
11 	 223 	 Ey 	 1 	 1.181612e+00 	 1.560000e+03 	 1.320000e+03 	 2.000000e+00
11 	 224 	 Ey 	 1 	 8.544351e-01 	 1.800000e+03 	 1.320000e+03 	 2.000000e+00
11 	 225 	 Ey 	 1 	 5.306941e-01 	 -1.800000e+03 	 1.560000e+03 	 2.000000e+00
11 	 226 	 Ey 	 1 	 3.047099e-01 	 -1.560000e+03 	 1.560000e+03 	 2.000000e+00
11 	 227 	 Ey 	 1 	 6.059937e-01 	 -1.320000e+03 	 1.560000e+03 	 2.000000e+00
11 	 228 	 Ey 	 1 	 7.975811e-01 	 -1.080000e+03 	 1.560000e+03 	 2.000000e+00
11 	 229 	 Ey 	 1 	 1.310255e+00 	 -8.400000e+02 	 1.560000e+03 	 2.000000e+00
11 	 230 	 Ey 	 1 	 1.421695e+00 	 -6.000000e+02 	 1.560000e+03 	 2.000000e+00
11 	 231 	 Ey 	 1 	 1.563958e+00 	 -3.600000e+02 	 1.560000e+03 	 2.000000e+00
11 	 232 	 Ey 	 1 	 1.139257e+00 	 -1.200000e+02 	 1.560000e+03 	 2.000000e+00
11 	 233 	 Ey 	 1 	 1.404370e+00 	 1.200000e+02 	 1.560000e+03 	 2.000000e+00
11 	 234 	 Ey 	 1 	 1.164514e+00 	 3.600000e+02 	 1.560000e+03 	 2.000000e+00
11 	 235 	 Ey 	 1 	 1.481838e+00 	 6.000000e+02 	 1.560000e+03 	 2.000000e+00
11 	 236 	 Ey 	 1 	 1.746181e+00 	 8.400000e+02 	 1.560000e+03 	 2.000000e+00
11 	 237 	 Ey 	 1 	 4.429034e-01 	 1.080000e+03 	 1.560000e+03 	 2.000000e+00
11 	 238 	 Ey 	 1 	 6.169004e-01 	 1.320000e+03 	 1.560000e+03 	 2.000000e+00
11 	 239 	 Ey 	 1 	 1.209553e+00 	 1.560000e+03 	 1.560000e+03 	 2.000000e+00
11 	 240 	 Ey 	 1 	 1.093727e+00 	 1.800000e+03 	 1.560000e+03 	 2.000000e+00
11 	 241 	 Ey 	 1 	 5.447062e-01 	 -1.800000e+03 	 1.800000e+03 	 2.000000e+00
11 	 242 	 Ey 	 1 	 1.221027e+00 	 -1.560000e+03 	 1.800000e+03 	 2.000000e+00
11 	 243 	 Ey 	 1 	 5.019191e-02 	 -1.320000e+03 	 1.800000e+03 	 2.000000e+00
11 	 244 	 Ey 	 1 	 2.150808e+00 	 -1.080000e+03 	 1.800000e+03 	 2.000000e+00
11 	 245 	 Ey 	 1 	 9.517313e-01 	 -8.400000e+02 	 1.800000e+03 	 2.000000e+00
11 	 246 	 Ey 	 1 	 1.136976e+00 	 -6.000000e+02 	 1.800000e+03 	 2.000000e+00
11 	 247 	 Ey 	 1 	 3.243275e-01 	 -3.600000e+02 	 1.800000e+03 	 2.000000e+00
11 	 248 	 Ey 	 1 	 4.947280e-01 	 -1.200000e+02 	 1.800000e+03 	 2.000000e+00
11 	 249 	 Ey 	 1 	 1.380244e+00 	 1.200000e+02 	 1.800000e+03 	 2.000000e+00
11 	 250 	 Ey 	 1 	 2.468288e+00 	 3.600000e+02 	 1.800000e+03 	 2.000000e+00
11 	 251 	 Ey 	 1 	 2.211774e-01 	 6.000000e+02 	 1.800000e+03 	 2.000000e+00
11 	 252 	 Ey 	 1 	 1.208443e+00 	 8.400000e+02 	 1.800000e+03 	 2.000000e+00
11 	 253 	 Ey 	 1 	 8.867263e-01 	 1.080000e+03 	 1.800000e+03 	 2.000000e+00
11 	 254 	 Ey 	 1 	 5.684156e-01 	 1.320000e+03 	 1.800000e+03 	 2.000000e+00
11 	 255 	 Ey 	 1 	 1.453292e+00 	 1.560000e+03 	 1.800000e+03 	 2.000000e+00
11 	 256 	 Ey 	 1 	 1.608022e+00 	 1.800000e+03 	 1.800000e+03 	 2.000000e+00
11 	 1 	 Ey 	 2 	 1.174448e+00 	 -1.800000e+03 	 -1.800000e+03 	 2.000000e+00
11 	 2 	 Ey 	 2 	 6.990637e-01 	 -1.560000e+03 	 -1.800000e+03 	 2.000000e+00
11 	 3 	 Ey 	 2 	 5.116111e-01 	 -1.320000e+03 	 -1.800000e+03 	 2.000000e+00
11 	 4 	 Ey 	 2 	 2.776468e-01 	 -1.080000e+03 	 -1.800000e+03 	 2.000000e+00
11 	 5 	 Ey 	 2 	 2.017145e+00 	 -8.400000e+02 	 -1.800000e+03 	 2.000000e+00
11 	 6 	 Ey 	 2 	 1.188364e+00 	 -6.000000e+02 	 -1.800000e+03 	 2.000000e+00
11 	 7 	 Ey 	 2 	 3.398827e-01 	 -3.600000e+02 	 -1.800000e+03 	 2.000000e+00
11 	 8 	 Ey 	 2 	 1.184283e+00 	 -1.200000e+02 	 -1.800000e+03 	 2.000000e+00
11 	 9 	 Ey 	 2 	 1.857167e+00 	 1.200000e+02 	 -1.800000e+03 	 2.000000e+00
11 	 10 	 Ey 	 2 	 1.202564e+00 	 3.600000e+02 	 -1.800000e+03 	 2.000000e+00
11 	 11 	 Ey 	 2 	 7.728382e-01 	 6.000000e+02 	 -1.800000e+03 	 2.000000e+00
11 	 12 	 Ey 	 2 	 8.073761e-01 	 8.400000e+02 	 -1.800000e+03 	 2.000000e+00
11 	 13 	 Ey 	 2 	 2.354799e+00 	 1.080000e+03 	 -1.800000e+03 	 2.000000e+00
11 	 14 	 Ey 	 2 	 2.113878e-01 	 1.320000e+03 	 -1.800000e+03 	 2.000000e+00
11 	 15 	 Ey 	 2 	 1.227826e+00 	 1.560000e+03 	 -1.800000e+03 	 2.000000e+00
11 	 16 	 Ey 	 2 	 9.268433e-01 	 1.800000e+03 	 -1.800000e+03 	 2.000000e+00
11 	 17 	 Ey 	 2 	 8.331184e-01 	 -1.800000e+03 	 -1.560000e+03 	 2.000000e+00
11 	 18 	 Ey 	 2 	 1.570088e+00 	 -1.560000e+03 	 -1.560000e+03 	 2.000000e+00
11 	 19 	 Ey 	 2 	 9.650383e-01 	 -1.320000e+03 	 -1.560000e+03 	 2.000000e+00
11 	 20 	 Ey 	 2 	 3.977138e-01 	 -1.080000e+03 	 -1.560000e+03 	 2.000000e+00
11 	 21 	 Ey 	 2 	 9.097615e-01 	 -8.400000e+02 	 -1.560000e+03 	 2.000000e+00
11 	 22 	 Ey 	 2 	 1.138064e+00 	 -6.000000e+02 	 -1.560000e+03 	 2.000000e+00
11 	 23 	 Ey 	 2 	 5.076166e-01 	 -3.600000e+02 	 -1.560000e+03 	 2.000000e+00
11 	 24 	 Ey 	 2 	 1.907896e+00 	 -1.200000e+02 	 -1.560000e+03 	 2.000000e+00
11 	 25 	 Ey 	 2 	 1.119329e+00 	 1.200000e+02 	 -1.560000e+03 	 2.000000e+00
11 	 26 	 Ey 	 2 	 9.651588e-01 	 3.600000e+02 	 -1.560000e+03 	 2.000000e+00
11 	 27 	 Ey 	 2 	 3.498815e-02 	 6.000000e+02 	 -1.560000e+03 	 2.000000e+00
11 	 28 	 Ey 	 2 	 1.002528e+00 	 8.400000e+02 	 -1.560000e+03 	 2.000000e+00
11 	 29 	 Ey 	 2 	 6.351460e-01 	 1.080000e+03 	 -1.560000e+03 	 2.000000e+00
11 	 30 	 Ey 	 2 	 7.328736e-01 	 1.320000e+03 	 -1.560000e+03 	 2.000000e+00
11 	 31 	 Ey 	 2 	 1.771108e+00 	 1.560000e+03 	 -1.560000e+03 	 2.000000e+00
11 	 32 	 Ey 	 2 	 1.114662e+00 	 1.800000e+03 	 -1.560000e+03 	 2.000000e+00
11 	 33 	 Ey 	 2 	 8.568630e-01 	 -1.800000e+03 	 -1.320000e+03 	 2.000000e+00
11 	 34 	 Ey 	 2 	 2.372814e+00 	 -1.560000e+03 	 -1.320000e+03 	 2.000000e+00
11 	 35 	 Ey 	 2 	 7.000054e-01 	 -1.320000e+03 	 -1.320000e+03 	 2.000000e+00
11 	 36 	 Ey 	 2 	 3.820381e-01 	 -1.080000e+03 	 -1.320000e+03 	 2.000000e+00
11 	 37 	 Ey 	 2 	 1.100714e+00 	 -8.400000e+02 	 -1.320000e+03 	 2.000000e+00
11 	 38 	 Ey 	 2 	 1.539276e+00 	 -6.000000e+02 	 -1.320000e+03 	 2.000000e+00
11 	 39 	 Ey 	 2 	 1.310101e+00 	 -3.600000e+02 	 -1.320000e+03 	 2.000000e+00
11 	 40 	 Ey 	 2 	 6.833591e-01 	 -1.200000e+02 	 -1.320000e+03 	 2.000000e+00
11 	 41 	 Ey 	 2 	 8.949320e-01 	 1.200000e+02 	 -1.320000e+03 	 2.000000e+00
11 	 42 	 Ey 	 2 	 1.098006e+00 	 3.600000e+02 	 -1.320000e+03 	 2.000000e+00
11 	 43 	 Ey 	 2 	 1.484964e+00 	 6.000000e+02 	 -1.320000e+03 	 2.000000e+00
11 	 44 	 Ey 	 2 	 2.870178e-01 	 8.400000e+02 	 -1.320000e+03 	 2.000000e+00
11 	 45 	 Ey 	 2 	 1.475209e+00 	 1.080000e+03 	 -1.320000e+03 	 2.000000e+00
11 	 46 	 Ey 	 2 	 1.196841e+00 	 1.320000e+03 	 -1.320000e+03 	 2.000000e+00
11 	 47 	 Ey 	 2 	 9.164817e-01 	 1.560000e+03 	 -1.320000e+03 	 2.000000e+00
11 	 48 	 Ey 	 2 	 1.604349e+00 	 1.800000e+03 	 -1.320000e+03 	 2.000000e+00
11 	 49 	 Ey 	 2 	 2.478340e+00 	 -1.800000e+03 	 -1.080000e+03 	 2.000000e+00
11 	 50 	 Ey 	 2 	 9.691035e-01 	 -1.560000e+03 	 -1.080000e+03 	 2.000000e+00
11 	 51 	 Ey 	 2 	 1.457865e+00 	 -1.320000e+03 	 -1.080000e+03 	 2.000000e+00
11 	 52 	 Ey 	 2 	 2.075601e+00 	 -1.080000e+03 	 -1.080000e+03 	 2.000000e+00
11 	 53 	 Ey 	 2 	 9.478794e-01 	 -8.400000e+02 	 -1.080000e+03 	 2.000000e+00
11 	 54 	 Ey 	 2 	 1.210798e+00 	 -6.000000e+02 	 -1.080000e+03 	 2.000000e+00
11 	 55 	 Ey 	 2 	 4.834846e-01 	 -3.600000e+02 	 -1.080000e+03 	 2.000000e+00
11 	 56 	 Ey 	 2 	 1.377287e+00 	 -1.200000e+02 	 -1.080000e+03 	 2.000000e+00
11 	 57 	 Ey 	 2 	 4.403372e-01 	 1.200000e+02 	 -1.080000e+03 	 2.000000e+00
11 	 58 	 Ey 	 2 	 1.403778e+00 	 3.600000e+02 	 -1.080000e+03 	 2.000000e+00
11 	 59 	 Ey 	 2 	 1.294822e+00 	 6.000000e+02 	 -1.080000e+03 	 2.000000e+00
11 	 60 	 Ey 	 2 	 6.702496e-01 	 8.400000e+02 	 -1.080000e+03 	 2.000000e+00
11 	 61 	 Ey 	 2 	 6.813570e-01 	 1.080000e+03 	 -1.080000e+03 	 2.000000e+00
11 	 62 	 Ey 	 2 	 1.319998e+00 	 1.320000e+03 	 -1.080000e+03 	 2.000000e+00
11 	 63 	 Ey 	 2 	 5.050199e-02 	 1.560000e+03 	 -1.080000e+03 	 2.000000e+00
11 	 64 	 Ey 	 2 	 2.233300e-01 	 1.800000e+03 	 -1.080000e+03 	 2.000000e+00
11 	 65 	 Ey 	 2 	 1.861139e+00 	 -1.800000e+03 	 -8.400000e+02 	 2.000000e+00
11 	 66 	 Ey 	 2 	 1.135056e+00 	 -1.560000e+03 	 -8.400000e+02 	 2.000000e+00
11 	 67 	 Ey 	 2 	 2.258085e+00 	 -1.320000e+03 	 -8.400000e+02 	 2.000000e+00
11 	 68 	 Ey 	 2 	 2.529819e+00 	 -1.080000e+03 	 -8.400000e+02 	 2.000000e+00
11 	 69 	 Ey 	 2 	 8.775871e-01 	 -8.400000e+02 	 -8.400000e+02 	 2.000000e+00
11 	 70 	 Ey 	 2 	 1.759441e+00 	 -6.000000e+02 	 -8.400000e+02 	 2.000000e+00
11 	 71 	 Ey 	 2 	 9.721459e-01 	 -3.600000e+02 	 -8.400000e+02 	 2.000000e+00
11 	 72 	 Ey 	 2 	 8.278670e-01 	 -1.200000e+02 	 -8.400000e+02 	 2.000000e+00
11 	 73 	 Ey 	 2 	 1.021274e+00 	 1.200000e+02 	 -8.400000e+02 	 2.000000e+00
11 	 74 	 Ey 	 2 	 9.211352e-01 	 3.600000e+02 	 -8.400000e+02 	 2.000000e+00
11 	 75 	 Ey 	 2 	 1.058073e-01 	 6.000000e+02 	 -8.400000e+02 	 2.000000e+00
11 	 76 	 Ey 	 2 	 1.829646e+00 	 8.400000e+02 	 -8.400000e+02 	 2.000000e+00
11 	 77 	 Ey 	 2 	 1.005797e+00 	 1.080000e+03 	 -8.400000e+02 	 2.000000e+00
11 	 78 	 Ey 	 2 	 5.156420e-01 	 1.320000e+03 	 -8.400000e+02 	 2.000000e+00
11 	 79 	 Ey 	 2 	 2.536944e+00 	 1.560000e+03 	 -8.400000e+02 	 2.000000e+00
11 	 80 	 Ey 	 2 	 1.305495e+00 	 1.800000e+03 	 -8.400000e+02 	 2.000000e+00
11 	 81 	 Ey 	 2 	 2.367580e+00 	 -1.800000e+03 	 -6.000000e+02 	 2.000000e+00
11 	 82 	 Ey 	 2 	 3.391594e+00 	 -1.560000e+03 	 -6.000000e+02 	 2.000000e+00
11 	 83 	 Ey 	 2 	 3.340311e+00 	 -1.320000e+03 	 -6.000000e+02 	 2.000000e+00
11 	 84 	 Ey 	 2 	 1.432675e+00 	 -1.080000e+03 	 -6.000000e+02 	 2.000000e+00
11 	 85 	 Ey 	 2 	 1.347248e+00 	 -8.400000e+02 	 -6.000000e+02 	 2.000000e+00
11 	 86 	 Ey 	 2 	 2.428228e+00 	 -6.000000e+02 	 -6.000000e+02 	 2.000000e+00
11 	 87 	 Ey 	 2 	 2.444494e+00 	 -3.600000e+02 	 -6.000000e+02 	 2.000000e+00
11 	 88 	 Ey 	 2 	 1.220109e+00 	 -1.200000e+02 	 -6.000000e+02 	 2.000000e+00
11 	 89 	 Ey 	 2 	 1.574180e+00 	 1.200000e+02 	 -6.000000e+02 	 2.000000e+00
11 	 90 	 Ey 	 2 	 9.209520e-01 	 3.600000e+02 	 -6.000000e+02 	 2.000000e+00
11 	 91 	 Ey 	 2 	 2.459679e-01 	 6.000000e+02 	 -6.000000e+02 	 2.000000e+00
11 	 92 	 Ey 	 2 	 1.359557e+00 	 8.400000e+02 	 -6.000000e+02 	 2.000000e+00
11 	 93 	 Ey 	 2 	 2.182231e+00 	 1.080000e+03 	 -6.000000e+02 	 2.000000e+00
11 	 94 	 Ey 	 2 	 2.307033e+00 	 1.320000e+03 	 -6.000000e+02 	 2.000000e+00
11 	 95 	 Ey 	 2 	 6.272085e-01 	 1.560000e+03 	 -6.000000e+02 	 2.000000e+00
11 	 96 	 Ey 	 2 	 6.699796e-01 	 1.800000e+03 	 -6.000000e+02 	 2.000000e+00
11 	 97 	 Ey 	 2 	 2.551115e+00 	 -1.800000e+03 	 -3.600000e+02 	 2.000000e+00
11 	 98 	 Ey 	 2 	 2.589710e+00 	 -1.560000e+03 	 -3.600000e+02 	 2.000000e+00
11 	 99 	 Ey 	 2 	 1.521066e+00 	 -1.320000e+03 	 -3.600000e+02 	 2.000000e+00
11 	 100 	 Ey 	 2 	 2.660660e+00 	 -1.080000e+03 	 -3.600000e+02 	 2.000000e+00
11 	 101 	 Ey 	 2 	 1.681184e+00 	 -8.400000e+02 	 -3.600000e+02 	 2.000000e+00
11 	 102 	 Ey 	 2 	 2.375900e-01 	 -6.000000e+02 	 -3.600000e+02 	 2.000000e+00
11 	 103 	 Ey 	 2 	 5.245106e-01 	 -3.600000e+02 	 -3.600000e+02 	 2.000000e+00
11 	 104 	 Ey 	 2 	 2.297045e+00 	 -1.200000e+02 	 -3.600000e+02 	 2.000000e+00
11 	 105 	 Ey 	 2 	 5.607964e-01 	 1.200000e+02 	 -3.600000e+02 	 2.000000e+00
11 	 106 	 Ey 	 2 	 2.035379e+00 	 3.600000e+02 	 -3.600000e+02 	 2.000000e+00
11 	 107 	 Ey 	 2 	 1.052324e+00 	 6.000000e+02 	 -3.600000e+02 	 2.000000e+00
11 	 108 	 Ey 	 2 	 1.007465e+00 	 8.400000e+02 	 -3.600000e+02 	 2.000000e+00
11 	 109 	 Ey 	 2 	 2.835308e+00 	 1.080000e+03 	 -3.600000e+02 	 2.000000e+00
11 	 110 	 Ey 	 2 	 5.648479e-01 	 1.320000e+03 	 -3.600000e+02 	 2.000000e+00
11 	 111 	 Ey 	 2 	 8.048121e-01 	 1.560000e+03 	 -3.600000e+02 	 2.000000e+00
11 	 112 	 Ey 	 2 	 7.151725e-01 	 1.800000e+03 	 -3.600000e+02 	 2.000000e+00
11 	 113 	 Ey 	 2 	 1.625838e+00 	 -1.800000e+03 	 -1.200000e+02 	 2.000000e+00
11 	 114 	 Ey 	 2 	 2.190488e+00 	 -1.560000e+03 	 -1.200000e+02 	 2.000000e+00
11 	 115 	 Ey 	 2 	 2.191619e+00 	 -1.320000e+03 	 -1.200000e+02 	 2.000000e+00
11 	 116 	 Ey 	 2 	 2.621612e+00 	 -1.080000e+03 	 -1.200000e+02 	 2.000000e+00
11 	 117 	 Ey 	 2 	 1.275603e+00 	 -8.400000e+02 	 -1.200000e+02 	 2.000000e+00
11 	 118 	 Ey 	 2 	 1.270456e+00 	 -6.000000e+02 	 -1.200000e+02 	 2.000000e+00
11 	 119 	 Ey 	 2 	 1.766792e+00 	 -3.600000e+02 	 -1.200000e+02 	 2.000000e+00
11 	 120 	 Ey 	 2 	 1.984580e+00 	 -1.200000e+02 	 -1.200000e+02 	 2.000000e+00
11 	 121 	 Ey 	 2 	 9.071686e-01 	 1.200000e+02 	 -1.200000e+02 	 2.000000e+00
11 	 122 	 Ey 	 2 	 1.447462e+00 	 3.600000e+02 	 -1.200000e+02 	 2.000000e+00
11 	 123 	 Ey 	 2 	 1.092450e+00 	 6.000000e+02 	 -1.200000e+02 	 2.000000e+00
11 	 124 	 Ey 	 2 	 2.193825e+00 	 8.400000e+02 	 -1.200000e+02 	 2.000000e+00
11 	 125 	 Ey 	 2 	 1.195492e+00 	 1.080000e+03 	 -1.200000e+02 	 2.000000e+00
11 	 126 	 Ey 	 2 	 1.562371e+00 	 1.320000e+03 	 -1.200000e+02 	 2.000000e+00
11 	 127 	 Ey 	 2 	 2.028643e-01 	 1.560000e+03 	 -1.200000e+02 	 2.000000e+00
11 	 128 	 Ey 	 2 	 1.233628e+00 	 1.800000e+03 	 -1.200000e+02 	 2.000000e+00
11 	 129 	 Ey 	 2 	 1.213063e+00 	 -1.800000e+03 	 1.200000e+02 	 2.000000e+00
11 	 130 	 Ey 	 2 	 1.033610e+00 	 -1.560000e+03 	 1.200000e+02 	 2.000000e+00
11 	 131 	 Ey 	 2 	 4.884484e-01 	 -1.320000e+03 	 1.200000e+02 	 2.000000e+00
11 	 132 	 Ey 	 2 	 8.995028e-01 	 -1.080000e+03 	 1.200000e+02 	 2.000000e+00
11 	 133 	 Ey 	 2 	 2.921172e+00 	 -8.400000e+02 	 1.200000e+02 	 2.000000e+00
11 	 134 	 Ey 	 2 	 1.944767e+00 	 -6.000000e+02 	 1.200000e+02 	 2.000000e+00
11 	 135 	 Ey 	 2 	 1.478782e+00 	 -3.600000e+02 	 1.200000e+02 	 2.000000e+00
11 	 136 	 Ey 	 2 	 2.167979e-01 	 -1.200000e+02 	 1.200000e+02 	 2.000000e+00
11 	 137 	 Ey 	 2 	 0.000000e+00 	 1.200000e+02 	 1.200000e+02 	 2.000000e+00
11 	 138 	 Ey 	 2 	 0.000000e+00 	 3.600000e+02 	 1.200000e+02 	 2.000000e+00
11 	 139 	 Ey 	 2 	 0.000000e+00 	 6.000000e+02 	 1.200000e+02 	 2.000000e+00
11 	 140 	 Ey 	 2 	 0.000000e+00 	 8.400000e+02 	 1.200000e+02 	 2.000000e+00
11 	 141 	 Ey 	 2 	 9.670779e-01 	 1.080000e+03 	 1.200000e+02 	 2.000000e+00
11 	 142 	 Ey 	 2 	 1.865499e+00 	 1.320000e+03 	 1.200000e+02 	 2.000000e+00
11 	 143 	 Ey 	 2 	 1.578919e+00 	 1.560000e+03 	 1.200000e+02 	 2.000000e+00
11 	 144 	 Ey 	 2 	 9.445923e-01 	 1.800000e+03 	 1.200000e+02 	 2.000000e+00
11 	 145 	 Ey 	 2 	 9.692143e-01 	 -1.800000e+03 	 3.600000e+02 	 2.000000e+00
11 	 146 	 Ey 	 2 	 1.374005e+00 	 -1.560000e+03 	 3.600000e+02 	 2.000000e+00
11 	 147 	 Ey 	 2 	 1.883907e+00 	 -1.320000e+03 	 3.600000e+02 	 2.000000e+00
11 	 148 	 Ey 	 2 	 2.023687e+00 	 -1.080000e+03 	 3.600000e+02 	 2.000000e+00
11 	 149 	 Ey 	 2 	 1.089662e+00 	 -8.400000e+02 	 3.600000e+02 	 2.000000e+00
11 	 150 	 Ey 	 2 	 5.349464e-01 	 -6.000000e+02 	 3.600000e+02 	 2.000000e+00
11 	 151 	 Ey 	 2 	 5.807562e-01 	 -3.600000e+02 	 3.600000e+02 	 2.000000e+00
11 	 152 	 Ey 	 2 	 1.710962e+00 	 -1.200000e+02 	 3.600000e+02 	 2.000000e+00
11 	 153 	 Ey 	 2 	 0.000000e+00 	 1.200000e+02 	 3.600000e+02 	 2.000000e+00
11 	 154 	 Ey 	 2 	 0.000000e+00 	 3.600000e+02 	 3.600000e+02 	 2.000000e+00
11 	 155 	 Ey 	 2 	 0.000000e+00 	 6.000000e+02 	 3.600000e+02 	 2.000000e+00
11 	 156 	 Ey 	 2 	 0.000000e+00 	 8.400000e+02 	 3.600000e+02 	 2.000000e+00
11 	 157 	 Ey 	 2 	 0.000000e+00 	 1.080000e+03 	 3.600000e+02 	 2.000000e+00
11 	 158 	 Ey 	 2 	 5.529850e-01 	 1.320000e+03 	 3.600000e+02 	 2.000000e+00
11 	 159 	 Ey 	 2 	 2.288485e+00 	 1.560000e+03 	 3.600000e+02 	 2.000000e+00
11 	 160 	 Ey 	 2 	 1.549909e+00 	 1.800000e+03 	 3.600000e+02 	 2.000000e+00
11 	 161 	 Ey 	 2 	 9.602463e-01 	 -1.800000e+03 	 6.000000e+02 	 2.000000e+00
11 	 162 	 Ey 	 2 	 8.775577e-01 	 -1.560000e+03 	 6.000000e+02 	 2.000000e+00
11 	 163 	 Ey 	 2 	 1.201279e+00 	 -1.320000e+03 	 6.000000e+02 	 2.000000e+00
11 	 164 	 Ey 	 2 	 1.292835e+00 	 -1.080000e+03 	 6.000000e+02 	 2.000000e+00
11 	 165 	 Ey 	 2 	 4.674999e-01 	 -8.400000e+02 	 6.000000e+02 	 2.000000e+00
11 	 166 	 Ey 	 2 	 1.581100e+00 	 -6.000000e+02 	 6.000000e+02 	 2.000000e+00
11 	 167 	 Ey 	 2 	 6.272093e-01 	 -3.600000e+02 	 6.000000e+02 	 2.000000e+00
11 	 168 	 Ey 	 2 	 1.114592e+00 	 -1.200000e+02 	 6.000000e+02 	 2.000000e+00
11 	 169 	 Ey 	 2 	 0.000000e+00 	 1.200000e+02 	 6.000000e+02 	 2.000000e+00
11 	 170 	 Ey 	 2 	 0.000000e+00 	 3.600000e+02 	 6.000000e+02 	 2.000000e+00
11 	 171 	 Ey 	 2 	 0.000000e+00 	 6.000000e+02 	 6.000000e+02 	 2.000000e+00
11 	 172 	 Ey 	 2 	 0.000000e+00 	 8.400000e+02 	 6.000000e+02 	 2.000000e+00
11 	 173 	 Ey 	 2 	 0.000000e+00 	 1.080000e+03 	 6.000000e+02 	 2.000000e+00
11 	 174 	 Ey 	 2 	 2.859899e-01 	 1.320000e+03 	 6.000000e+02 	 2.000000e+00
11 	 175 	 Ey 	 2 	 4.329113e-01 	 1.560000e+03 	 6.000000e+02 	 2.000000e+00
11 	 176 	 Ey 	 2 	 5.625341e-01 	 1.800000e+03 	 6.000000e+02 	 2.000000e+00
11 	 177 	 Ey 	 2 	 1.302462e+00 	 -1.800000e+03 	 8.400000e+02 	 2.000000e+00
11 	 178 	 Ey 	 2 	 4.829603e-02 	 -1.560000e+03 	 8.400000e+02 	 2.000000e+00
11 	 179 	 Ey 	 2 	 1.252765e+00 	 -1.320000e+03 	 8.400000e+02 	 2.000000e+00
11 	 180 	 Ey 	 2 	 9.370229e-01 	 -1.080000e+03 	 8.400000e+02 	 2.000000e+00
11 	 181 	 Ey 	 2 	 1.259883e+00 	 -8.400000e+02 	 8.400000e+02 	 2.000000e+00
11 	 182 	 Ey 	 2 	 8.097376e-01 	 -6.000000e+02 	 8.400000e+02 	 2.000000e+00
11 	 183 	 Ey 	 2 	 4.585399e-01 	 -3.600000e+02 	 8.400000e+02 	 2.000000e+00
11 	 184 	 Ey 	 2 	 4.966305e-01 	 -1.200000e+02 	 8.400000e+02 	 2.000000e+00
11 	 185 	 Ey 	 2 	 0.000000e+00 	 1.200000e+02 	 8.400000e+02 	 2.000000e+00
11 	 186 	 Ey 	 2 	 0.000000e+00 	 3.600000e+02 	 8.400000e+02 	 2.000000e+00
11 	 187 	 Ey 	 2 	 0.000000e+00 	 6.000000e+02 	 8.400000e+02 	 2.000000e+00
11 	 188 	 Ey 	 2 	 0.000000e+00 	 8.400000e+02 	 8.400000e+02 	 2.000000e+00
11 	 189 	 Ey 	 2 	 2.215546e+00 	 1.080000e+03 	 8.400000e+02 	 2.000000e+00
11 	 190 	 Ey 	 2 	 8.185007e-01 	 1.320000e+03 	 8.400000e+02 	 2.000000e+00
11 	 191 	 Ey 	 2 	 8.544919e-01 	 1.560000e+03 	 8.400000e+02 	 2.000000e+00
11 	 192 	 Ey 	 2 	 1.052322e+00 	 1.800000e+03 	 8.400000e+02 	 2.000000e+00
11 	 193 	 Ey 	 2 	 1.565416e+00 	 -1.800000e+03 	 1.080000e+03 	 2.000000e+00
11 	 194 	 Ey 	 2 	 1.311413e+00 	 -1.560000e+03 	 1.080000e+03 	 2.000000e+00
11 	 195 	 Ey 	 2 	 5.146300e-01 	 -1.320000e+03 	 1.080000e+03 	 2.000000e+00
11 	 196 	 Ey 	 2 	 1.709789e+00 	 -1.080000e+03 	 1.080000e+03 	 2.000000e+00
11 	 197 	 Ey 	 2 	 3.209600e+00 	 -8.400000e+02 	 1.080000e+03 	 2.000000e+00
11 	 198 	 Ey 	 2 	 1.676276e+00 	 -6.000000e+02 	 1.080000e+03 	 2.000000e+00
11 	 199 	 Ey 	 2 	 1.918466e+00 	 -3.600000e+02 	 1.080000e+03 	 2.000000e+00
11 	 200 	 Ey 	 2 	 6.588829e-01 	 -1.200000e+02 	 1.080000e+03 	 2.000000e+00
11 	 201 	 Ey 	 2 	 1.568859e+00 	 1.200000e+02 	 1.080000e+03 	 2.000000e+00
11 	 202 	 Ey 	 2 	 0.000000e+00 	 3.600000e+02 	 1.080000e+03 	 2.000000e+00
11 	 203 	 Ey 	 2 	 0.000000e+00 	 6.000000e+02 	 1.080000e+03 	 2.000000e+00
11 	 204 	 Ey 	 2 	 1.533186e+00 	 8.400000e+02 	 1.080000e+03 	 2.000000e+00
11 	 205 	 Ey 	 2 	 5.057990e-01 	 1.080000e+03 	 1.080000e+03 	 2.000000e+00
11 	 206 	 Ey 	 2 	 2.151333e+00 	 1.320000e+03 	 1.080000e+03 	 2.000000e+00
11 	 207 	 Ey 	 2 	 6.181616e-01 	 1.560000e+03 	 1.080000e+03 	 2.000000e+00
11 	 208 	 Ey 	 2 	 7.914128e-01 	 1.800000e+03 	 1.080000e+03 	 2.000000e+00
11 	 209 	 Ey 	 2 	 9.137387e-01 	 -1.800000e+03 	 1.320000e+03 	 2.000000e+00
11 	 210 	 Ey 	 2 	 1.247199e+00 	 -1.560000e+03 	 1.320000e+03 	 2.000000e+00
11 	 211 	 Ey 	 2 	 6.494442e-01 	 -1.320000e+03 	 1.320000e+03 	 2.000000e+00
11 	 212 	 Ey 	 2 	 7.692599e-01 	 -1.080000e+03 	 1.320000e+03 	 2.000000e+00
11 	 213 	 Ey 	 2 	 9.506777e-01 	 -8.400000e+02 	 1.320000e+03 	 2.000000e+00
11 	 214 	 Ey 	 2 	 1.644317e+00 	 -6.000000e+02 	 1.320000e+03 	 2.000000e+00
11 	 215 	 Ey 	 2 	 1.220083e+00 	 -3.600000e+02 	 1.320000e+03 	 2.000000e+00
11 	 216 	 Ey 	 2 	 1.001330e-01 	 -1.200000e+02 	 1.320000e+03 	 2.000000e+00
11 	 217 	 Ey 	 2 	 2.683099e-01 	 1.200000e+02 	 1.320000e+03 	 2.000000e+00
11 	 218 	 Ey 	 2 	 9.805080e-01 	 3.600000e+02 	 1.320000e+03 	 2.000000e+00
11 	 219 	 Ey 	 2 	 6.197814e-01 	 6.000000e+02 	 1.320000e+03 	 2.000000e+00
11 	 220 	 Ey 	 2 	 6.390976e-01 	 8.400000e+02 	 1.320000e+03 	 2.000000e+00
11 	 221 	 Ey 	 2 	 1.047473e+00 	 1.080000e+03 	 1.320000e+03 	 2.000000e+00
11 	 222 	 Ey 	 2 	 9.602855e-01 	 1.320000e+03 	 1.320000e+03 	 2.000000e+00
11 	 223 	 Ey 	 2 	 4.701883e-01 	 1.560000e+03 	 1.320000e+03 	 2.000000e+00
11 	 224 	 Ey 	 2 	 1.297705e+00 	 1.800000e+03 	 1.320000e+03 	 2.000000e+00
11 	 225 	 Ey 	 2 	 8.697872e-01 	 -1.800000e+03 	 1.560000e+03 	 2.000000e+00
11 	 226 	 Ey 	 2 	 1.087103e+00 	 -1.560000e+03 	 1.560000e+03 	 2.000000e+00
11 	 227 	 Ey 	 2 	 7.674937e-01 	 -1.320000e+03 	 1.560000e+03 	 2.000000e+00
11 	 228 	 Ey 	 2 	 2.409826e+00 	 -1.080000e+03 	 1.560000e+03 	 2.000000e+00
11 	 229 	 Ey 	 2 	 8.402250e-01 	 -8.400000e+02 	 1.560000e+03 	 2.000000e+00
11 	 230 	 Ey 	 2 	 1.638111e-01 	 -6.000000e+02 	 1.560000e+03 	 2.000000e+00
11 	 231 	 Ey 	 2 	 1.238485e+00 	 -3.600000e+02 	 1.560000e+03 	 2.000000e+00
11 	 232 	 Ey 	 2 	 1.232074e+00 	 -1.200000e+02 	 1.560000e+03 	 2.000000e+00
11 	 233 	 Ey 	 2 	 1.055508e+00 	 1.200000e+02 	 1.560000e+03 	 2.000000e+00
11 	 234 	 Ey 	 2 	 5.866011e-01 	 3.600000e+02 	 1.560000e+03 	 2.000000e+00
11 	 235 	 Ey 	 2 	 1.374689e+00 	 6.000000e+02 	 1.560000e+03 	 2.000000e+00
11 	 236 	 Ey 	 2 	 1.084748e+00 	 8.400000e+02 	 1.560000e+03 	 2.000000e+00
11 	 237 	 Ey 	 2 	 3.505923e-01 	 1.080000e+03 	 1.560000e+03 	 2.000000e+00
11 	 238 	 Ey 	 2 	 1.533169e-01 	 1.320000e+03 	 1.560000e+03 	 2.000000e+00
11 	 239 	 Ey 	 2 	 1.959743e+00 	 1.560000e+03 	 1.560000e+03 	 2.000000e+00
11 	 240 	 Ey 	 2 	 1.140764e+00 	 1.800000e+03 	 1.560000e+03 	 2.000000e+00
11 	 241 	 Ey 	 2 	 8.974848e-01 	 -1.800000e+03 	 1.800000e+03 	 2.000000e+00
11 	 242 	 Ey 	 2 	 7.814432e-01 	 -1.560000e+03 	 1.800000e+03 	 2.000000e+00
11 	 243 	 Ey 	 2 	 1.469177e+00 	 -1.320000e+03 	 1.800000e+03 	 2.000000e+00
11 	 244 	 Ey 	 2 	 2.578663e+00 	 -1.080000e+03 	 1.800000e+03 	 2.000000e+00
11 	 245 	 Ey 	 2 	 1.585822e+00 	 -8.400000e+02 	 1.800000e+03 	 2.000000e+00
11 	 246 	 Ey 	 2 	 1.574946e+00 	 -6.000000e+02 	 1.800000e+03 	 2.000000e+00
11 	 247 	 Ey 	 2 	 7.955613e-01 	 -3.600000e+02 	 1.800000e+03 	 2.000000e+00
11 	 248 	 Ey 	 2 	 7.431709e-01 	 -1.200000e+02 	 1.800000e+03 	 2.000000e+00
11 	 249 	 Ey 	 2 	 1.858910e-01 	 1.200000e+02 	 1.800000e+03 	 2.000000e+00
11 	 250 	 Ey 	 2 	 8.564483e-01 	 3.600000e+02 	 1.800000e+03 	 2.000000e+00
11 	 251 	 Ey 	 2 	 3.359341e-01 	 6.000000e+02 	 1.800000e+03 	 2.000000e+00
11 	 252 	 Ey 	 2 	 3.520434e-01 	 8.400000e+02 	 1.800000e+03 	 2.000000e+00
11 	 253 	 Ey 	 2 	 2.438063e+00 	 1.080000e+03 	 1.800000e+03 	 2.000000e+00
11 	 254 	 Ey 	 2 	 1.248669e+00 	 1.320000e+03 	 1.800000e+03 	 2.000000e+00
11 	 255 	 Ey 	 2 	 6.713430e-01 	 1.560000e+03 	 1.800000e+03 	 2.000000e+00
11 	 256 	 Ey 	 2 	 2.982000e-01 	 1.800000e+03 	 1.800000e+03 	 2.000000e+00
