iTx 	 iRx    ichrec  ifreq 	 sig_misfit   x       y      z
6 	 1 	 Ex 	 1 	 4.332836e-01 	 -1.800000e+03 	 -1.800000e+03 	 2.000000e+00
6 	 2 	 Ex 	 1 	 3.839109e-01 	 -1.560000e+03 	 -1.800000e+03 	 2.000000e+00
6 	 3 	 Ex 	 1 	 1.168342e+00 	 -1.320000e+03 	 -1.800000e+03 	 2.000000e+00
6 	 4 	 Ex 	 1 	 8.968443e-01 	 -1.080000e+03 	 -1.800000e+03 	 2.000000e+00
6 	 5 	 Ex 	 1 	 1.115180e-01 	 -8.400000e+02 	 -1.800000e+03 	 2.000000e+00
6 	 6 	 Ex 	 1 	 1.865256e+00 	 -6.000000e+02 	 -1.800000e+03 	 2.000000e+00
6 	 7 	 Ex 	 1 	 1.573220e+00 	 -3.600000e+02 	 -1.800000e+03 	 2.000000e+00
6 	 8 	 Ex 	 1 	 6.166775e-01 	 -1.200000e+02 	 -1.800000e+03 	 2.000000e+00
6 	 9 	 Ex 	 1 	 1.844918e+00 	 1.200000e+02 	 -1.800000e+03 	 2.000000e+00
6 	 10 	 Ex 	 1 	 1.011044e+00 	 3.600000e+02 	 -1.800000e+03 	 2.000000e+00
6 	 11 	 Ex 	 1 	 1.462118e+00 	 6.000000e+02 	 -1.800000e+03 	 2.000000e+00
6 	 12 	 Ex 	 1 	 1.499074e+00 	 8.400000e+02 	 -1.800000e+03 	 2.000000e+00
6 	 13 	 Ex 	 1 	 1.087315e+00 	 1.080000e+03 	 -1.800000e+03 	 2.000000e+00
6 	 14 	 Ex 	 1 	 1.814842e+00 	 1.320000e+03 	 -1.800000e+03 	 2.000000e+00
6 	 15 	 Ex 	 1 	 1.622201e+00 	 1.560000e+03 	 -1.800000e+03 	 2.000000e+00
6 	 16 	 Ex 	 1 	 3.243954e-01 	 1.800000e+03 	 -1.800000e+03 	 2.000000e+00
6 	 17 	 Ex 	 1 	 1.971906e-01 	 -1.800000e+03 	 -1.560000e+03 	 2.000000e+00
6 	 18 	 Ex 	 1 	 7.398463e-01 	 -1.560000e+03 	 -1.560000e+03 	 2.000000e+00
6 	 19 	 Ex 	 1 	 1.671153e-01 	 -1.320000e+03 	 -1.560000e+03 	 2.000000e+00
6 	 20 	 Ex 	 1 	 7.634816e-01 	 -1.080000e+03 	 -1.560000e+03 	 2.000000e+00
6 	 21 	 Ex 	 1 	 7.379156e-01 	 -8.400000e+02 	 -1.560000e+03 	 2.000000e+00
6 	 22 	 Ex 	 1 	 1.063275e+00 	 -6.000000e+02 	 -1.560000e+03 	 2.000000e+00
6 	 23 	 Ex 	 1 	 1.964455e+00 	 -3.600000e+02 	 -1.560000e+03 	 2.000000e+00
6 	 24 	 Ex 	 1 	 1.513794e+00 	 -1.200000e+02 	 -1.560000e+03 	 2.000000e+00
6 	 25 	 Ex 	 1 	 1.048845e+00 	 1.200000e+02 	 -1.560000e+03 	 2.000000e+00
6 	 26 	 Ex 	 1 	 3.468727e-01 	 3.600000e+02 	 -1.560000e+03 	 2.000000e+00
6 	 27 	 Ex 	 1 	 5.084983e-01 	 6.000000e+02 	 -1.560000e+03 	 2.000000e+00
6 	 28 	 Ex 	 1 	 1.340391e+00 	 8.400000e+02 	 -1.560000e+03 	 2.000000e+00
6 	 29 	 Ex 	 1 	 2.070821e+00 	 1.080000e+03 	 -1.560000e+03 	 2.000000e+00
6 	 30 	 Ex 	 1 	 1.510339e+00 	 1.320000e+03 	 -1.560000e+03 	 2.000000e+00
6 	 31 	 Ex 	 1 	 9.143766e-01 	 1.560000e+03 	 -1.560000e+03 	 2.000000e+00
6 	 32 	 Ex 	 1 	 1.235976e+00 	 1.800000e+03 	 -1.560000e+03 	 2.000000e+00
6 	 33 	 Ex 	 1 	 6.367952e-01 	 -1.800000e+03 	 -1.320000e+03 	 2.000000e+00
6 	 34 	 Ex 	 1 	 1.006260e+00 	 -1.560000e+03 	 -1.320000e+03 	 2.000000e+00
6 	 35 	 Ex 	 1 	 5.734381e-01 	 -1.320000e+03 	 -1.320000e+03 	 2.000000e+00
6 	 36 	 Ex 	 1 	 9.728992e-01 	 -1.080000e+03 	 -1.320000e+03 	 2.000000e+00
6 	 37 	 Ex 	 1 	 1.050033e-01 	 -8.400000e+02 	 -1.320000e+03 	 2.000000e+00
6 	 38 	 Ex 	 1 	 1.680391e+00 	 -6.000000e+02 	 -1.320000e+03 	 2.000000e+00
6 	 39 	 Ex 	 1 	 4.997395e-01 	 -3.600000e+02 	 -1.320000e+03 	 2.000000e+00
6 	 40 	 Ex 	 1 	 3.874666e-01 	 -1.200000e+02 	 -1.320000e+03 	 2.000000e+00
6 	 41 	 Ex 	 1 	 8.417385e-01 	 1.200000e+02 	 -1.320000e+03 	 2.000000e+00
6 	 42 	 Ex 	 1 	 1.762664e+00 	 3.600000e+02 	 -1.320000e+03 	 2.000000e+00
6 	 43 	 Ex 	 1 	 1.486238e+00 	 6.000000e+02 	 -1.320000e+03 	 2.000000e+00
6 	 44 	 Ex 	 1 	 8.348936e-01 	 8.400000e+02 	 -1.320000e+03 	 2.000000e+00
6 	 45 	 Ex 	 1 	 2.113472e-02 	 1.080000e+03 	 -1.320000e+03 	 2.000000e+00
6 	 46 	 Ex 	 1 	 1.213652e+00 	 1.320000e+03 	 -1.320000e+03 	 2.000000e+00
6 	 47 	 Ex 	 1 	 8.105316e-01 	 1.560000e+03 	 -1.320000e+03 	 2.000000e+00
6 	 48 	 Ex 	 1 	 2.456098e-01 	 1.800000e+03 	 -1.320000e+03 	 2.000000e+00
6 	 49 	 Ex 	 1 	 5.893410e-01 	 -1.800000e+03 	 -1.080000e+03 	 2.000000e+00
6 	 50 	 Ex 	 1 	 2.966911e-01 	 -1.560000e+03 	 -1.080000e+03 	 2.000000e+00
6 	 51 	 Ex 	 1 	 8.261315e-01 	 -1.320000e+03 	 -1.080000e+03 	 2.000000e+00
6 	 52 	 Ex 	 1 	 1.287928e+00 	 -1.080000e+03 	 -1.080000e+03 	 2.000000e+00
6 	 53 	 Ex 	 1 	 8.067703e-01 	 -8.400000e+02 	 -1.080000e+03 	 2.000000e+00
6 	 54 	 Ex 	 1 	 0.000000e+00 	 -6.000000e+02 	 -1.080000e+03 	 2.000000e+00
6 	 55 	 Ex 	 1 	 0.000000e+00 	 -3.600000e+02 	 -1.080000e+03 	 2.000000e+00
6 	 56 	 Ex 	 1 	 9.572634e-01 	 -1.200000e+02 	 -1.080000e+03 	 2.000000e+00
6 	 57 	 Ex 	 1 	 4.320373e-01 	 1.200000e+02 	 -1.080000e+03 	 2.000000e+00
6 	 58 	 Ex 	 1 	 3.186661e-01 	 3.600000e+02 	 -1.080000e+03 	 2.000000e+00
6 	 59 	 Ex 	 1 	 1.046900e+00 	 6.000000e+02 	 -1.080000e+03 	 2.000000e+00
6 	 60 	 Ex 	 1 	 1.004839e+00 	 8.400000e+02 	 -1.080000e+03 	 2.000000e+00
6 	 61 	 Ex 	 1 	 6.820937e-01 	 1.080000e+03 	 -1.080000e+03 	 2.000000e+00
6 	 62 	 Ex 	 1 	 1.331748e+00 	 1.320000e+03 	 -1.080000e+03 	 2.000000e+00
6 	 63 	 Ex 	 1 	 3.477080e-01 	 1.560000e+03 	 -1.080000e+03 	 2.000000e+00
6 	 64 	 Ex 	 1 	 9.212641e-01 	 1.800000e+03 	 -1.080000e+03 	 2.000000e+00
6 	 65 	 Ex 	 1 	 3.955033e-01 	 -1.800000e+03 	 -8.400000e+02 	 2.000000e+00
6 	 66 	 Ex 	 1 	 6.019983e-01 	 -1.560000e+03 	 -8.400000e+02 	 2.000000e+00
6 	 67 	 Ex 	 1 	 3.746881e-01 	 -1.320000e+03 	 -8.400000e+02 	 2.000000e+00
6 	 68 	 Ex 	 1 	 1.729087e+00 	 -1.080000e+03 	 -8.400000e+02 	 2.000000e+00
6 	 69 	 Ex 	 1 	 0.000000e+00 	 -8.400000e+02 	 -8.400000e+02 	 2.000000e+00
6 	 70 	 Ex 	 1 	 0.000000e+00 	 -6.000000e+02 	 -8.400000e+02 	 2.000000e+00
6 	 71 	 Ex 	 1 	 0.000000e+00 	 -3.600000e+02 	 -8.400000e+02 	 2.000000e+00
6 	 72 	 Ex 	 1 	 0.000000e+00 	 -1.200000e+02 	 -8.400000e+02 	 2.000000e+00
6 	 73 	 Ex 	 1 	 5.179684e-01 	 1.200000e+02 	 -8.400000e+02 	 2.000000e+00
6 	 74 	 Ex 	 1 	 1.364385e+00 	 3.600000e+02 	 -8.400000e+02 	 2.000000e+00
6 	 75 	 Ex 	 1 	 2.400160e+00 	 6.000000e+02 	 -8.400000e+02 	 2.000000e+00
6 	 76 	 Ex 	 1 	 1.324366e+00 	 8.400000e+02 	 -8.400000e+02 	 2.000000e+00
6 	 77 	 Ex 	 1 	 2.872801e-01 	 1.080000e+03 	 -8.400000e+02 	 2.000000e+00
6 	 78 	 Ex 	 1 	 2.451229e-01 	 1.320000e+03 	 -8.400000e+02 	 2.000000e+00
6 	 79 	 Ex 	 1 	 4.610823e-01 	 1.560000e+03 	 -8.400000e+02 	 2.000000e+00
6 	 80 	 Ex 	 1 	 8.352029e-01 	 1.800000e+03 	 -8.400000e+02 	 2.000000e+00
6 	 81 	 Ex 	 1 	 1.827458e+00 	 -1.800000e+03 	 -6.000000e+02 	 2.000000e+00
6 	 82 	 Ex 	 1 	 1.769914e+00 	 -1.560000e+03 	 -6.000000e+02 	 2.000000e+00
6 	 83 	 Ex 	 1 	 7.161865e-01 	 -1.320000e+03 	 -6.000000e+02 	 2.000000e+00
6 	 84 	 Ex 	 1 	 0.000000e+00 	 -1.080000e+03 	 -6.000000e+02 	 2.000000e+00
6 	 85 	 Ex 	 1 	 0.000000e+00 	 -8.400000e+02 	 -6.000000e+02 	 2.000000e+00
6 	 86 	 Ex 	 1 	 0.000000e+00 	 -6.000000e+02 	 -6.000000e+02 	 2.000000e+00
6 	 87 	 Ex 	 1 	 0.000000e+00 	 -3.600000e+02 	 -6.000000e+02 	 2.000000e+00
6 	 88 	 Ex 	 1 	 0.000000e+00 	 -1.200000e+02 	 -6.000000e+02 	 2.000000e+00
6 	 89 	 Ex 	 1 	 8.070457e-01 	 1.200000e+02 	 -6.000000e+02 	 2.000000e+00
6 	 90 	 Ex 	 1 	 4.812256e-01 	 3.600000e+02 	 -6.000000e+02 	 2.000000e+00
6 	 91 	 Ex 	 1 	 2.733736e+00 	 6.000000e+02 	 -6.000000e+02 	 2.000000e+00
6 	 92 	 Ex 	 1 	 2.362388e-01 	 8.400000e+02 	 -6.000000e+02 	 2.000000e+00
6 	 93 	 Ex 	 1 	 1.691762e+00 	 1.080000e+03 	 -6.000000e+02 	 2.000000e+00
6 	 94 	 Ex 	 1 	 3.461593e-01 	 1.320000e+03 	 -6.000000e+02 	 2.000000e+00
6 	 95 	 Ex 	 1 	 9.950777e-01 	 1.560000e+03 	 -6.000000e+02 	 2.000000e+00
6 	 96 	 Ex 	 1 	 8.099641e-01 	 1.800000e+03 	 -6.000000e+02 	 2.000000e+00
6 	 97 	 Ex 	 1 	 9.620058e-01 	 -1.800000e+03 	 -3.600000e+02 	 2.000000e+00
6 	 98 	 Ex 	 1 	 1.061095e+00 	 -1.560000e+03 	 -3.600000e+02 	 2.000000e+00
6 	 99 	 Ex 	 1 	 2.462394e+00 	 -1.320000e+03 	 -3.600000e+02 	 2.000000e+00
6 	 100 	 Ex 	 1 	 0.000000e+00 	 -1.080000e+03 	 -3.600000e+02 	 2.000000e+00
6 	 101 	 Ex 	 1 	 0.000000e+00 	 -8.400000e+02 	 -3.600000e+02 	 2.000000e+00
6 	 102 	 Ex 	 1 	 0.000000e+00 	 -6.000000e+02 	 -3.600000e+02 	 2.000000e+00
6 	 103 	 Ex 	 1 	 0.000000e+00 	 -3.600000e+02 	 -3.600000e+02 	 2.000000e+00
6 	 104 	 Ex 	 1 	 0.000000e+00 	 -1.200000e+02 	 -3.600000e+02 	 2.000000e+00
6 	 105 	 Ex 	 1 	 2.211153e+00 	 1.200000e+02 	 -3.600000e+02 	 2.000000e+00
6 	 106 	 Ex 	 1 	 1.469038e+00 	 3.600000e+02 	 -3.600000e+02 	 2.000000e+00
6 	 107 	 Ex 	 1 	 1.002668e+00 	 6.000000e+02 	 -3.600000e+02 	 2.000000e+00
6 	 108 	 Ex 	 1 	 1.502743e+00 	 8.400000e+02 	 -3.600000e+02 	 2.000000e+00
6 	 109 	 Ex 	 1 	 9.550166e-01 	 1.080000e+03 	 -3.600000e+02 	 2.000000e+00
6 	 110 	 Ex 	 1 	 7.562252e-01 	 1.320000e+03 	 -3.600000e+02 	 2.000000e+00
6 	 111 	 Ex 	 1 	 5.319160e-01 	 1.560000e+03 	 -3.600000e+02 	 2.000000e+00
6 	 112 	 Ex 	 1 	 6.138932e-01 	 1.800000e+03 	 -3.600000e+02 	 2.000000e+00
6 	 113 	 Ex 	 1 	 1.168645e+00 	 -1.800000e+03 	 -1.200000e+02 	 2.000000e+00
6 	 114 	 Ex 	 1 	 9.659916e-01 	 -1.560000e+03 	 -1.200000e+02 	 2.000000e+00
6 	 115 	 Ex 	 1 	 2.262777e+00 	 -1.320000e+03 	 -1.200000e+02 	 2.000000e+00
6 	 116 	 Ex 	 1 	 4.460414e+00 	 -1.080000e+03 	 -1.200000e+02 	 2.000000e+00
6 	 117 	 Ex 	 1 	 0.000000e+00 	 -8.400000e+02 	 -1.200000e+02 	 2.000000e+00
6 	 118 	 Ex 	 1 	 0.000000e+00 	 -6.000000e+02 	 -1.200000e+02 	 2.000000e+00
6 	 119 	 Ex 	 1 	 0.000000e+00 	 -3.600000e+02 	 -1.200000e+02 	 2.000000e+00
6 	 120 	 Ex 	 1 	 0.000000e+00 	 -1.200000e+02 	 -1.200000e+02 	 2.000000e+00
6 	 121 	 Ex 	 1 	 3.320773e-01 	 1.200000e+02 	 -1.200000e+02 	 2.000000e+00
6 	 122 	 Ex 	 1 	 7.343078e-01 	 3.600000e+02 	 -1.200000e+02 	 2.000000e+00
6 	 123 	 Ex 	 1 	 1.424458e+00 	 6.000000e+02 	 -1.200000e+02 	 2.000000e+00
6 	 124 	 Ex 	 1 	 1.270172e+00 	 8.400000e+02 	 -1.200000e+02 	 2.000000e+00
6 	 125 	 Ex 	 1 	 3.776866e-01 	 1.080000e+03 	 -1.200000e+02 	 2.000000e+00
6 	 126 	 Ex 	 1 	 1.378408e+00 	 1.320000e+03 	 -1.200000e+02 	 2.000000e+00
6 	 127 	 Ex 	 1 	 3.434175e-01 	 1.560000e+03 	 -1.200000e+02 	 2.000000e+00
6 	 128 	 Ex 	 1 	 4.565799e-01 	 1.800000e+03 	 -1.200000e+02 	 2.000000e+00
6 	 129 	 Ex 	 1 	 6.090876e-01 	 -1.800000e+03 	 1.200000e+02 	 2.000000e+00
6 	 130 	 Ex 	 1 	 1.472433e+00 	 -1.560000e+03 	 1.200000e+02 	 2.000000e+00
6 	 131 	 Ex 	 1 	 1.221089e+00 	 -1.320000e+03 	 1.200000e+02 	 2.000000e+00
6 	 132 	 Ex 	 1 	 3.348075e+00 	 -1.080000e+03 	 1.200000e+02 	 2.000000e+00
6 	 133 	 Ex 	 1 	 1.536547e+00 	 -8.400000e+02 	 1.200000e+02 	 2.000000e+00
6 	 134 	 Ex 	 1 	 1.746465e+00 	 -6.000000e+02 	 1.200000e+02 	 2.000000e+00
6 	 135 	 Ex 	 1 	 8.917727e-01 	 -3.600000e+02 	 1.200000e+02 	 2.000000e+00
6 	 136 	 Ex 	 1 	 1.369795e+00 	 -1.200000e+02 	 1.200000e+02 	 2.000000e+00
6 	 137 	 Ex 	 1 	 9.625466e-01 	 1.200000e+02 	 1.200000e+02 	 2.000000e+00
6 	 138 	 Ex 	 1 	 3.159600e+00 	 3.600000e+02 	 1.200000e+02 	 2.000000e+00
6 	 139 	 Ex 	 1 	 1.332938e+00 	 6.000000e+02 	 1.200000e+02 	 2.000000e+00
6 	 140 	 Ex 	 1 	 7.241806e-01 	 8.400000e+02 	 1.200000e+02 	 2.000000e+00
6 	 141 	 Ex 	 1 	 5.851513e-01 	 1.080000e+03 	 1.200000e+02 	 2.000000e+00
6 	 142 	 Ex 	 1 	 6.089597e-01 	 1.320000e+03 	 1.200000e+02 	 2.000000e+00
6 	 143 	 Ex 	 1 	 1.238087e+00 	 1.560000e+03 	 1.200000e+02 	 2.000000e+00
6 	 144 	 Ex 	 1 	 6.151485e-01 	 1.800000e+03 	 1.200000e+02 	 2.000000e+00
6 	 145 	 Ex 	 1 	 1.345891e+00 	 -1.800000e+03 	 3.600000e+02 	 2.000000e+00
6 	 146 	 Ex 	 1 	 5.979019e-01 	 -1.560000e+03 	 3.600000e+02 	 2.000000e+00
6 	 147 	 Ex 	 1 	 9.427534e-01 	 -1.320000e+03 	 3.600000e+02 	 2.000000e+00
6 	 148 	 Ex 	 1 	 9.458370e-01 	 -1.080000e+03 	 3.600000e+02 	 2.000000e+00
6 	 149 	 Ex 	 1 	 1.082843e+00 	 -8.400000e+02 	 3.600000e+02 	 2.000000e+00
6 	 150 	 Ex 	 1 	 1.081309e+00 	 -6.000000e+02 	 3.600000e+02 	 2.000000e+00
6 	 151 	 Ex 	 1 	 1.045865e+00 	 -3.600000e+02 	 3.600000e+02 	 2.000000e+00
6 	 152 	 Ex 	 1 	 1.310967e+00 	 -1.200000e+02 	 3.600000e+02 	 2.000000e+00
6 	 153 	 Ex 	 1 	 5.616640e-01 	 1.200000e+02 	 3.600000e+02 	 2.000000e+00
6 	 154 	 Ex 	 1 	 1.380878e+00 	 3.600000e+02 	 3.600000e+02 	 2.000000e+00
6 	 155 	 Ex 	 1 	 1.190621e+00 	 6.000000e+02 	 3.600000e+02 	 2.000000e+00
6 	 156 	 Ex 	 1 	 1.370827e+00 	 8.400000e+02 	 3.600000e+02 	 2.000000e+00
6 	 157 	 Ex 	 1 	 5.956753e-01 	 1.080000e+03 	 3.600000e+02 	 2.000000e+00
6 	 158 	 Ex 	 1 	 1.014913e+00 	 1.320000e+03 	 3.600000e+02 	 2.000000e+00
6 	 159 	 Ex 	 1 	 9.252707e-01 	 1.560000e+03 	 3.600000e+02 	 2.000000e+00
6 	 160 	 Ex 	 1 	 1.809617e+00 	 1.800000e+03 	 3.600000e+02 	 2.000000e+00
6 	 161 	 Ex 	 1 	 9.107323e-01 	 -1.800000e+03 	 6.000000e+02 	 2.000000e+00
6 	 162 	 Ex 	 1 	 1.230443e+00 	 -1.560000e+03 	 6.000000e+02 	 2.000000e+00
6 	 163 	 Ex 	 1 	 9.531475e-01 	 -1.320000e+03 	 6.000000e+02 	 2.000000e+00
6 	 164 	 Ex 	 1 	 8.339990e-01 	 -1.080000e+03 	 6.000000e+02 	 2.000000e+00
6 	 165 	 Ex 	 1 	 1.075784e+00 	 -8.400000e+02 	 6.000000e+02 	 2.000000e+00
6 	 166 	 Ex 	 1 	 1.865588e+00 	 -6.000000e+02 	 6.000000e+02 	 2.000000e+00
6 	 167 	 Ex 	 1 	 5.174050e-01 	 -3.600000e+02 	 6.000000e+02 	 2.000000e+00
6 	 168 	 Ex 	 1 	 1.724126e+00 	 -1.200000e+02 	 6.000000e+02 	 2.000000e+00
6 	 169 	 Ex 	 1 	 8.685215e-01 	 1.200000e+02 	 6.000000e+02 	 2.000000e+00
6 	 170 	 Ex 	 1 	 1.116554e+00 	 3.600000e+02 	 6.000000e+02 	 2.000000e+00
6 	 171 	 Ex 	 1 	 1.118638e+00 	 6.000000e+02 	 6.000000e+02 	 2.000000e+00
6 	 172 	 Ex 	 1 	 3.727717e-01 	 8.400000e+02 	 6.000000e+02 	 2.000000e+00
6 	 173 	 Ex 	 1 	 7.813638e-01 	 1.080000e+03 	 6.000000e+02 	 2.000000e+00
6 	 174 	 Ex 	 1 	 1.016153e+00 	 1.320000e+03 	 6.000000e+02 	 2.000000e+00
6 	 175 	 Ex 	 1 	 6.354983e-01 	 1.560000e+03 	 6.000000e+02 	 2.000000e+00
6 	 176 	 Ex 	 1 	 1.227981e+00 	 1.800000e+03 	 6.000000e+02 	 2.000000e+00
6 	 177 	 Ex 	 1 	 1.275496e+00 	 -1.800000e+03 	 8.400000e+02 	 2.000000e+00
6 	 178 	 Ex 	 1 	 4.404960e-01 	 -1.560000e+03 	 8.400000e+02 	 2.000000e+00
6 	 179 	 Ex 	 1 	 5.705877e-01 	 -1.320000e+03 	 8.400000e+02 	 2.000000e+00
6 	 180 	 Ex 	 1 	 1.457966e+00 	 -1.080000e+03 	 8.400000e+02 	 2.000000e+00
6 	 181 	 Ex 	 1 	 1.385435e+00 	 -8.400000e+02 	 8.400000e+02 	 2.000000e+00
6 	 182 	 Ex 	 1 	 1.899372e+00 	 -6.000000e+02 	 8.400000e+02 	 2.000000e+00
6 	 183 	 Ex 	 1 	 8.477494e-01 	 -3.600000e+02 	 8.400000e+02 	 2.000000e+00
6 	 184 	 Ex 	 1 	 1.881165e+00 	 -1.200000e+02 	 8.400000e+02 	 2.000000e+00
6 	 185 	 Ex 	 1 	 1.512676e+00 	 1.200000e+02 	 8.400000e+02 	 2.000000e+00
6 	 186 	 Ex 	 1 	 1.540246e+00 	 3.600000e+02 	 8.400000e+02 	 2.000000e+00
6 	 187 	 Ex 	 1 	 1.067982e+00 	 6.000000e+02 	 8.400000e+02 	 2.000000e+00
6 	 188 	 Ex 	 1 	 5.118013e-01 	 8.400000e+02 	 8.400000e+02 	 2.000000e+00
6 	 189 	 Ex 	 1 	 8.004341e-01 	 1.080000e+03 	 8.400000e+02 	 2.000000e+00
6 	 190 	 Ex 	 1 	 2.217860e+00 	 1.320000e+03 	 8.400000e+02 	 2.000000e+00
6 	 191 	 Ex 	 1 	 1.968964e+00 	 1.560000e+03 	 8.400000e+02 	 2.000000e+00
6 	 192 	 Ex 	 1 	 6.639241e-01 	 1.800000e+03 	 8.400000e+02 	 2.000000e+00
6 	 193 	 Ex 	 1 	 1.361966e+00 	 -1.800000e+03 	 1.080000e+03 	 2.000000e+00
6 	 194 	 Ex 	 1 	 8.340729e-01 	 -1.560000e+03 	 1.080000e+03 	 2.000000e+00
6 	 195 	 Ex 	 1 	 6.277736e-01 	 -1.320000e+03 	 1.080000e+03 	 2.000000e+00
6 	 196 	 Ex 	 1 	 3.723343e-01 	 -1.080000e+03 	 1.080000e+03 	 2.000000e+00
6 	 197 	 Ex 	 1 	 3.587632e-01 	 -8.400000e+02 	 1.080000e+03 	 2.000000e+00
6 	 198 	 Ex 	 1 	 1.098154e+00 	 -6.000000e+02 	 1.080000e+03 	 2.000000e+00
6 	 199 	 Ex 	 1 	 3.401867e-01 	 -3.600000e+02 	 1.080000e+03 	 2.000000e+00
6 	 200 	 Ex 	 1 	 7.873563e-01 	 -1.200000e+02 	 1.080000e+03 	 2.000000e+00
6 	 201 	 Ex 	 1 	 1.350214e+00 	 1.200000e+02 	 1.080000e+03 	 2.000000e+00
6 	 202 	 Ex 	 1 	 8.467903e-01 	 3.600000e+02 	 1.080000e+03 	 2.000000e+00
6 	 203 	 Ex 	 1 	 5.790573e-01 	 6.000000e+02 	 1.080000e+03 	 2.000000e+00
6 	 204 	 Ex 	 1 	 1.880756e+00 	 8.400000e+02 	 1.080000e+03 	 2.000000e+00
6 	 205 	 Ex 	 1 	 1.543447e+00 	 1.080000e+03 	 1.080000e+03 	 2.000000e+00
6 	 206 	 Ex 	 1 	 1.840841e+00 	 1.320000e+03 	 1.080000e+03 	 2.000000e+00
6 	 207 	 Ex 	 1 	 1.502241e+00 	 1.560000e+03 	 1.080000e+03 	 2.000000e+00
6 	 208 	 Ex 	 1 	 7.725917e-01 	 1.800000e+03 	 1.080000e+03 	 2.000000e+00
6 	 209 	 Ex 	 1 	 1.461780e+00 	 -1.800000e+03 	 1.320000e+03 	 2.000000e+00
6 	 210 	 Ex 	 1 	 1.927754e+00 	 -1.560000e+03 	 1.320000e+03 	 2.000000e+00
6 	 211 	 Ex 	 1 	 1.621229e+00 	 -1.320000e+03 	 1.320000e+03 	 2.000000e+00
6 	 212 	 Ex 	 1 	 9.076708e-01 	 -1.080000e+03 	 1.320000e+03 	 2.000000e+00
6 	 213 	 Ex 	 1 	 8.186026e-01 	 -8.400000e+02 	 1.320000e+03 	 2.000000e+00
6 	 214 	 Ex 	 1 	 2.521237e+00 	 -6.000000e+02 	 1.320000e+03 	 2.000000e+00
6 	 215 	 Ex 	 1 	 8.352168e-01 	 -3.600000e+02 	 1.320000e+03 	 2.000000e+00
6 	 216 	 Ex 	 1 	 1.392808e+00 	 -1.200000e+02 	 1.320000e+03 	 2.000000e+00
6 	 217 	 Ex 	 1 	 1.774455e+00 	 1.200000e+02 	 1.320000e+03 	 2.000000e+00
6 	 218 	 Ex 	 1 	 1.231583e+00 	 3.600000e+02 	 1.320000e+03 	 2.000000e+00
6 	 219 	 Ex 	 1 	 1.257876e+00 	 6.000000e+02 	 1.320000e+03 	 2.000000e+00
6 	 220 	 Ex 	 1 	 7.241440e-01 	 8.400000e+02 	 1.320000e+03 	 2.000000e+00
6 	 221 	 Ex 	 1 	 6.213347e-01 	 1.080000e+03 	 1.320000e+03 	 2.000000e+00
6 	 222 	 Ex 	 1 	 2.193817e-01 	 1.320000e+03 	 1.320000e+03 	 2.000000e+00
6 	 223 	 Ex 	 1 	 1.070093e+00 	 1.560000e+03 	 1.320000e+03 	 2.000000e+00
6 	 224 	 Ex 	 1 	 1.753729e+00 	 1.800000e+03 	 1.320000e+03 	 2.000000e+00
6 	 225 	 Ex 	 1 	 1.354663e+00 	 -1.800000e+03 	 1.560000e+03 	 2.000000e+00
6 	 226 	 Ex 	 1 	 1.571628e+00 	 -1.560000e+03 	 1.560000e+03 	 2.000000e+00
6 	 227 	 Ex 	 1 	 9.488015e-01 	 -1.320000e+03 	 1.560000e+03 	 2.000000e+00
6 	 228 	 Ex 	 1 	 1.177993e+00 	 -1.080000e+03 	 1.560000e+03 	 2.000000e+00
6 	 229 	 Ex 	 1 	 9.328111e-01 	 -8.400000e+02 	 1.560000e+03 	 2.000000e+00
6 	 230 	 Ex 	 1 	 7.162868e-01 	 -6.000000e+02 	 1.560000e+03 	 2.000000e+00
6 	 231 	 Ex 	 1 	 6.428507e-01 	 -3.600000e+02 	 1.560000e+03 	 2.000000e+00
6 	 232 	 Ex 	 1 	 1.643805e-01 	 -1.200000e+02 	 1.560000e+03 	 2.000000e+00
6 	 233 	 Ex 	 1 	 5.805148e-01 	 1.200000e+02 	 1.560000e+03 	 2.000000e+00
6 	 234 	 Ex 	 1 	 2.759918e-01 	 3.600000e+02 	 1.560000e+03 	 2.000000e+00
6 	 235 	 Ex 	 1 	 8.311759e-01 	 6.000000e+02 	 1.560000e+03 	 2.000000e+00
6 	 236 	 Ex 	 1 	 4.760225e-01 	 8.400000e+02 	 1.560000e+03 	 2.000000e+00
6 	 237 	 Ex 	 1 	 1.369603e+00 	 1.080000e+03 	 1.560000e+03 	 2.000000e+00
6 	 238 	 Ex 	 1 	 8.725783e-01 	 1.320000e+03 	 1.560000e+03 	 2.000000e+00
6 	 239 	 Ex 	 1 	 1.116722e+00 	 1.560000e+03 	 1.560000e+03 	 2.000000e+00
6 	 240 	 Ex 	 1 	 1.067267e+00 	 1.800000e+03 	 1.560000e+03 	 2.000000e+00
6 	 241 	 Ex 	 1 	 9.995946e-01 	 -1.800000e+03 	 1.800000e+03 	 2.000000e+00
6 	 242 	 Ex 	 1 	 3.879079e-01 	 -1.560000e+03 	 1.800000e+03 	 2.000000e+00
6 	 243 	 Ex 	 1 	 1.065082e+00 	 -1.320000e+03 	 1.800000e+03 	 2.000000e+00
6 	 244 	 Ex 	 1 	 3.279639e-01 	 -1.080000e+03 	 1.800000e+03 	 2.000000e+00
6 	 245 	 Ex 	 1 	 6.215554e-01 	 -8.400000e+02 	 1.800000e+03 	 2.000000e+00
6 	 246 	 Ex 	 1 	 1.056231e+00 	 -6.000000e+02 	 1.800000e+03 	 2.000000e+00
6 	 247 	 Ex 	 1 	 1.119859e+00 	 -3.600000e+02 	 1.800000e+03 	 2.000000e+00
6 	 248 	 Ex 	 1 	 1.520053e+00 	 -1.200000e+02 	 1.800000e+03 	 2.000000e+00
6 	 249 	 Ex 	 1 	 3.556722e-01 	 1.200000e+02 	 1.800000e+03 	 2.000000e+00
6 	 250 	 Ex 	 1 	 6.007612e-01 	 3.600000e+02 	 1.800000e+03 	 2.000000e+00
6 	 251 	 Ex 	 1 	 7.588028e-01 	 6.000000e+02 	 1.800000e+03 	 2.000000e+00
6 	 252 	 Ex 	 1 	 1.084048e+00 	 8.400000e+02 	 1.800000e+03 	 2.000000e+00
6 	 253 	 Ex 	 1 	 6.230072e-01 	 1.080000e+03 	 1.800000e+03 	 2.000000e+00
6 	 254 	 Ex 	 1 	 8.970791e-01 	 1.320000e+03 	 1.800000e+03 	 2.000000e+00
6 	 255 	 Ex 	 1 	 4.188997e-01 	 1.560000e+03 	 1.800000e+03 	 2.000000e+00
6 	 256 	 Ex 	 1 	 4.515121e-01 	 1.800000e+03 	 1.800000e+03 	 2.000000e+00
6 	 1 	 Ex 	 2 	 2.158986e+00 	 -1.800000e+03 	 -1.800000e+03 	 2.000000e+00
6 	 2 	 Ex 	 2 	 1.820031e+00 	 -1.560000e+03 	 -1.800000e+03 	 2.000000e+00
6 	 3 	 Ex 	 2 	 1.254001e+00 	 -1.320000e+03 	 -1.800000e+03 	 2.000000e+00
6 	 4 	 Ex 	 2 	 5.098769e-01 	 -1.080000e+03 	 -1.800000e+03 	 2.000000e+00
6 	 5 	 Ex 	 2 	 1.730034e+00 	 -8.400000e+02 	 -1.800000e+03 	 2.000000e+00
6 	 6 	 Ex 	 2 	 8.747454e-01 	 -6.000000e+02 	 -1.800000e+03 	 2.000000e+00
6 	 7 	 Ex 	 2 	 7.803714e-01 	 -3.600000e+02 	 -1.800000e+03 	 2.000000e+00
6 	 8 	 Ex 	 2 	 9.134371e-01 	 -1.200000e+02 	 -1.800000e+03 	 2.000000e+00
6 	 9 	 Ex 	 2 	 2.711229e+00 	 1.200000e+02 	 -1.800000e+03 	 2.000000e+00
6 	 10 	 Ex 	 2 	 7.766150e-01 	 3.600000e+02 	 -1.800000e+03 	 2.000000e+00
6 	 11 	 Ex 	 2 	 5.378065e-01 	 6.000000e+02 	 -1.800000e+03 	 2.000000e+00
6 	 12 	 Ex 	 2 	 1.266473e+00 	 8.400000e+02 	 -1.800000e+03 	 2.000000e+00
6 	 13 	 Ex 	 2 	 1.892287e+00 	 1.080000e+03 	 -1.800000e+03 	 2.000000e+00
6 	 14 	 Ex 	 2 	 1.617442e+00 	 1.320000e+03 	 -1.800000e+03 	 2.000000e+00
6 	 15 	 Ex 	 2 	 5.545610e-01 	 1.560000e+03 	 -1.800000e+03 	 2.000000e+00
6 	 16 	 Ex 	 2 	 9.021822e-01 	 1.800000e+03 	 -1.800000e+03 	 2.000000e+00
6 	 17 	 Ex 	 2 	 5.311961e-01 	 -1.800000e+03 	 -1.560000e+03 	 2.000000e+00
6 	 18 	 Ex 	 2 	 3.735014e-01 	 -1.560000e+03 	 -1.560000e+03 	 2.000000e+00
6 	 19 	 Ex 	 2 	 5.813829e-01 	 -1.320000e+03 	 -1.560000e+03 	 2.000000e+00
6 	 20 	 Ex 	 2 	 1.412636e+00 	 -1.080000e+03 	 -1.560000e+03 	 2.000000e+00
6 	 21 	 Ex 	 2 	 5.956024e-01 	 -8.400000e+02 	 -1.560000e+03 	 2.000000e+00
6 	 22 	 Ex 	 2 	 9.682579e-01 	 -6.000000e+02 	 -1.560000e+03 	 2.000000e+00
6 	 23 	 Ex 	 2 	 1.311082e+00 	 -3.600000e+02 	 -1.560000e+03 	 2.000000e+00
6 	 24 	 Ex 	 2 	 1.258988e+00 	 -1.200000e+02 	 -1.560000e+03 	 2.000000e+00
6 	 25 	 Ex 	 2 	 8.464811e-01 	 1.200000e+02 	 -1.560000e+03 	 2.000000e+00
6 	 26 	 Ex 	 2 	 9.074883e-01 	 3.600000e+02 	 -1.560000e+03 	 2.000000e+00
6 	 27 	 Ex 	 2 	 5.858976e-01 	 6.000000e+02 	 -1.560000e+03 	 2.000000e+00
6 	 28 	 Ex 	 2 	 1.840585e+00 	 8.400000e+02 	 -1.560000e+03 	 2.000000e+00
6 	 29 	 Ex 	 2 	 5.550091e-01 	 1.080000e+03 	 -1.560000e+03 	 2.000000e+00
6 	 30 	 Ex 	 2 	 7.520286e-01 	 1.320000e+03 	 -1.560000e+03 	 2.000000e+00
6 	 31 	 Ex 	 2 	 1.803889e+00 	 1.560000e+03 	 -1.560000e+03 	 2.000000e+00
6 	 32 	 Ex 	 2 	 2.331475e+00 	 1.800000e+03 	 -1.560000e+03 	 2.000000e+00
6 	 33 	 Ex 	 2 	 1.311344e+00 	 -1.800000e+03 	 -1.320000e+03 	 2.000000e+00
6 	 34 	 Ex 	 2 	 1.046400e+00 	 -1.560000e+03 	 -1.320000e+03 	 2.000000e+00
6 	 35 	 Ex 	 2 	 1.588308e+00 	 -1.320000e+03 	 -1.320000e+03 	 2.000000e+00
6 	 36 	 Ex 	 2 	 4.150093e-01 	 -1.080000e+03 	 -1.320000e+03 	 2.000000e+00
6 	 37 	 Ex 	 2 	 9.177316e-02 	 -8.400000e+02 	 -1.320000e+03 	 2.000000e+00
6 	 38 	 Ex 	 2 	 1.584188e+00 	 -6.000000e+02 	 -1.320000e+03 	 2.000000e+00
6 	 39 	 Ex 	 2 	 2.117051e-01 	 -3.600000e+02 	 -1.320000e+03 	 2.000000e+00
6 	 40 	 Ex 	 2 	 4.315704e-01 	 -1.200000e+02 	 -1.320000e+03 	 2.000000e+00
6 	 41 	 Ex 	 2 	 7.026635e-01 	 1.200000e+02 	 -1.320000e+03 	 2.000000e+00
6 	 42 	 Ex 	 2 	 5.326127e-01 	 3.600000e+02 	 -1.320000e+03 	 2.000000e+00
6 	 43 	 Ex 	 2 	 9.858441e-01 	 6.000000e+02 	 -1.320000e+03 	 2.000000e+00
6 	 44 	 Ex 	 2 	 3.195980e+00 	 8.400000e+02 	 -1.320000e+03 	 2.000000e+00
6 	 45 	 Ex 	 2 	 2.326049e-01 	 1.080000e+03 	 -1.320000e+03 	 2.000000e+00
6 	 46 	 Ex 	 2 	 6.812035e-01 	 1.320000e+03 	 -1.320000e+03 	 2.000000e+00
6 	 47 	 Ex 	 2 	 7.843433e-01 	 1.560000e+03 	 -1.320000e+03 	 2.000000e+00
6 	 48 	 Ex 	 2 	 5.479040e-01 	 1.800000e+03 	 -1.320000e+03 	 2.000000e+00
6 	 49 	 Ex 	 2 	 8.517033e-01 	 -1.800000e+03 	 -1.080000e+03 	 2.000000e+00
6 	 50 	 Ex 	 2 	 6.048124e-01 	 -1.560000e+03 	 -1.080000e+03 	 2.000000e+00
6 	 51 	 Ex 	 2 	 1.844689e-01 	 -1.320000e+03 	 -1.080000e+03 	 2.000000e+00
6 	 52 	 Ex 	 2 	 4.345710e-01 	 -1.080000e+03 	 -1.080000e+03 	 2.000000e+00
6 	 53 	 Ex 	 2 	 4.514893e-01 	 -8.400000e+02 	 -1.080000e+03 	 2.000000e+00
6 	 54 	 Ex 	 2 	 0.000000e+00 	 -6.000000e+02 	 -1.080000e+03 	 2.000000e+00
6 	 55 	 Ex 	 2 	 0.000000e+00 	 -3.600000e+02 	 -1.080000e+03 	 2.000000e+00
6 	 56 	 Ex 	 2 	 1.210666e+00 	 -1.200000e+02 	 -1.080000e+03 	 2.000000e+00
6 	 57 	 Ex 	 2 	 9.151313e-01 	 1.200000e+02 	 -1.080000e+03 	 2.000000e+00
6 	 58 	 Ex 	 2 	 8.229507e-01 	 3.600000e+02 	 -1.080000e+03 	 2.000000e+00
6 	 59 	 Ex 	 2 	 8.026857e-01 	 6.000000e+02 	 -1.080000e+03 	 2.000000e+00
6 	 60 	 Ex 	 2 	 2.195122e+00 	 8.400000e+02 	 -1.080000e+03 	 2.000000e+00
6 	 61 	 Ex 	 2 	 5.372435e-01 	 1.080000e+03 	 -1.080000e+03 	 2.000000e+00
6 	 62 	 Ex 	 2 	 1.343580e+00 	 1.320000e+03 	 -1.080000e+03 	 2.000000e+00
6 	 63 	 Ex 	 2 	 7.630677e-01 	 1.560000e+03 	 -1.080000e+03 	 2.000000e+00
6 	 64 	 Ex 	 2 	 4.221525e-01 	 1.800000e+03 	 -1.080000e+03 	 2.000000e+00
6 	 65 	 Ex 	 2 	 1.461084e+00 	 -1.800000e+03 	 -8.400000e+02 	 2.000000e+00
6 	 66 	 Ex 	 2 	 6.484624e-01 	 -1.560000e+03 	 -8.400000e+02 	 2.000000e+00
6 	 67 	 Ex 	 2 	 1.422287e+00 	 -1.320000e+03 	 -8.400000e+02 	 2.000000e+00
6 	 68 	 Ex 	 2 	 8.513246e-01 	 -1.080000e+03 	 -8.400000e+02 	 2.000000e+00
6 	 69 	 Ex 	 2 	 0.000000e+00 	 -8.400000e+02 	 -8.400000e+02 	 2.000000e+00
6 	 70 	 Ex 	 2 	 0.000000e+00 	 -6.000000e+02 	 -8.400000e+02 	 2.000000e+00
6 	 71 	 Ex 	 2 	 0.000000e+00 	 -3.600000e+02 	 -8.400000e+02 	 2.000000e+00
6 	 72 	 Ex 	 2 	 0.000000e+00 	 -1.200000e+02 	 -8.400000e+02 	 2.000000e+00
6 	 73 	 Ex 	 2 	 6.112688e-01 	 1.200000e+02 	 -8.400000e+02 	 2.000000e+00
6 	 74 	 Ex 	 2 	 1.540160e+00 	 3.600000e+02 	 -8.400000e+02 	 2.000000e+00
6 	 75 	 Ex 	 2 	 6.907002e-01 	 6.000000e+02 	 -8.400000e+02 	 2.000000e+00
6 	 76 	 Ex 	 2 	 8.106238e-01 	 8.400000e+02 	 -8.400000e+02 	 2.000000e+00
6 	 77 	 Ex 	 2 	 1.179754e+00 	 1.080000e+03 	 -8.400000e+02 	 2.000000e+00
6 	 78 	 Ex 	 2 	 1.136521e+00 	 1.320000e+03 	 -8.400000e+02 	 2.000000e+00
6 	 79 	 Ex 	 2 	 3.808202e-01 	 1.560000e+03 	 -8.400000e+02 	 2.000000e+00
6 	 80 	 Ex 	 2 	 5.103928e-01 	 1.800000e+03 	 -8.400000e+02 	 2.000000e+00
6 	 81 	 Ex 	 2 	 5.655738e-01 	 -1.800000e+03 	 -6.000000e+02 	 2.000000e+00
6 	 82 	 Ex 	 2 	 8.753408e-01 	 -1.560000e+03 	 -6.000000e+02 	 2.000000e+00
6 	 83 	 Ex 	 2 	 2.136990e-01 	 -1.320000e+03 	 -6.000000e+02 	 2.000000e+00
6 	 84 	 Ex 	 2 	 0.000000e+00 	 -1.080000e+03 	 -6.000000e+02 	 2.000000e+00
6 	 85 	 Ex 	 2 	 0.000000e+00 	 -8.400000e+02 	 -6.000000e+02 	 2.000000e+00
6 	 86 	 Ex 	 2 	 0.000000e+00 	 -6.000000e+02 	 -6.000000e+02 	 2.000000e+00
6 	 87 	 Ex 	 2 	 0.000000e+00 	 -3.600000e+02 	 -6.000000e+02 	 2.000000e+00
6 	 88 	 Ex 	 2 	 0.000000e+00 	 -1.200000e+02 	 -6.000000e+02 	 2.000000e+00
6 	 89 	 Ex 	 2 	 1.757680e+00 	 1.200000e+02 	 -6.000000e+02 	 2.000000e+00
6 	 90 	 Ex 	 2 	 9.149706e-01 	 3.600000e+02 	 -6.000000e+02 	 2.000000e+00
6 	 91 	 Ex 	 2 	 1.179258e+00 	 6.000000e+02 	 -6.000000e+02 	 2.000000e+00
6 	 92 	 Ex 	 2 	 9.104533e-01 	 8.400000e+02 	 -6.000000e+02 	 2.000000e+00
6 	 93 	 Ex 	 2 	 1.015813e+00 	 1.080000e+03 	 -6.000000e+02 	 2.000000e+00
6 	 94 	 Ex 	 2 	 9.351613e-01 	 1.320000e+03 	 -6.000000e+02 	 2.000000e+00
6 	 95 	 Ex 	 2 	 1.371577e+00 	 1.560000e+03 	 -6.000000e+02 	 2.000000e+00
6 	 96 	 Ex 	 2 	 8.813560e-01 	 1.800000e+03 	 -6.000000e+02 	 2.000000e+00
6 	 97 	 Ex 	 2 	 2.386152e+00 	 -1.800000e+03 	 -3.600000e+02 	 2.000000e+00
6 	 98 	 Ex 	 2 	 1.964593e+00 	 -1.560000e+03 	 -3.600000e+02 	 2.000000e+00
6 	 99 	 Ex 	 2 	 2.747506e+00 	 -1.320000e+03 	 -3.600000e+02 	 2.000000e+00
6 	 100 	 Ex 	 2 	 0.000000e+00 	 -1.080000e+03 	 -3.600000e+02 	 2.000000e+00
6 	 101 	 Ex 	 2 	 0.000000e+00 	 -8.400000e+02 	 -3.600000e+02 	 2.000000e+00
6 	 102 	 Ex 	 2 	 0.000000e+00 	 -6.000000e+02 	 -3.600000e+02 	 2.000000e+00
6 	 103 	 Ex 	 2 	 0.000000e+00 	 -3.600000e+02 	 -3.600000e+02 	 2.000000e+00
6 	 104 	 Ex 	 2 	 0.000000e+00 	 -1.200000e+02 	 -3.600000e+02 	 2.000000e+00
6 	 105 	 Ex 	 2 	 6.195697e-01 	 1.200000e+02 	 -3.600000e+02 	 2.000000e+00
6 	 106 	 Ex 	 2 	 8.572106e-01 	 3.600000e+02 	 -3.600000e+02 	 2.000000e+00
6 	 107 	 Ex 	 2 	 1.147420e+00 	 6.000000e+02 	 -3.600000e+02 	 2.000000e+00
6 	 108 	 Ex 	 2 	 5.924714e-01 	 8.400000e+02 	 -3.600000e+02 	 2.000000e+00
6 	 109 	 Ex 	 2 	 3.642530e-01 	 1.080000e+03 	 -3.600000e+02 	 2.000000e+00
6 	 110 	 Ex 	 2 	 4.196766e-01 	 1.320000e+03 	 -3.600000e+02 	 2.000000e+00
6 	 111 	 Ex 	 2 	 1.300368e+00 	 1.560000e+03 	 -3.600000e+02 	 2.000000e+00
6 	 112 	 Ex 	 2 	 1.107274e+00 	 1.800000e+03 	 -3.600000e+02 	 2.000000e+00
6 	 113 	 Ex 	 2 	 3.697161e-01 	 -1.800000e+03 	 -1.200000e+02 	 2.000000e+00
6 	 114 	 Ex 	 2 	 9.049070e-01 	 -1.560000e+03 	 -1.200000e+02 	 2.000000e+00
6 	 115 	 Ex 	 2 	 2.143928e+00 	 -1.320000e+03 	 -1.200000e+02 	 2.000000e+00
6 	 116 	 Ex 	 2 	 4.440367e+00 	 -1.080000e+03 	 -1.200000e+02 	 2.000000e+00
6 	 117 	 Ex 	 2 	 0.000000e+00 	 -8.400000e+02 	 -1.200000e+02 	 2.000000e+00
6 	 118 	 Ex 	 2 	 0.000000e+00 	 -6.000000e+02 	 -1.200000e+02 	 2.000000e+00
6 	 119 	 Ex 	 2 	 0.000000e+00 	 -3.600000e+02 	 -1.200000e+02 	 2.000000e+00
6 	 120 	 Ex 	 2 	 0.000000e+00 	 -1.200000e+02 	 -1.200000e+02 	 2.000000e+00
6 	 121 	 Ex 	 2 	 1.090303e+00 	 1.200000e+02 	 -1.200000e+02 	 2.000000e+00
6 	 122 	 Ex 	 2 	 2.209556e+00 	 3.600000e+02 	 -1.200000e+02 	 2.000000e+00
6 	 123 	 Ex 	 2 	 1.123882e+00 	 6.000000e+02 	 -1.200000e+02 	 2.000000e+00
6 	 124 	 Ex 	 2 	 2.052165e+00 	 8.400000e+02 	 -1.200000e+02 	 2.000000e+00
6 	 125 	 Ex 	 2 	 7.247414e-01 	 1.080000e+03 	 -1.200000e+02 	 2.000000e+00
6 	 126 	 Ex 	 2 	 5.677076e-01 	 1.320000e+03 	 -1.200000e+02 	 2.000000e+00
6 	 127 	 Ex 	 2 	 6.223649e-01 	 1.560000e+03 	 -1.200000e+02 	 2.000000e+00
6 	 128 	 Ex 	 2 	 7.941504e-01 	 1.800000e+03 	 -1.200000e+02 	 2.000000e+00
6 	 129 	 Ex 	 2 	 1.053234e+00 	 -1.800000e+03 	 1.200000e+02 	 2.000000e+00
6 	 130 	 Ex 	 2 	 6.554010e-01 	 -1.560000e+03 	 1.200000e+02 	 2.000000e+00
6 	 131 	 Ex 	 2 	 1.953167e+00 	 -1.320000e+03 	 1.200000e+02 	 2.000000e+00
6 	 132 	 Ex 	 2 	 3.180073e+00 	 -1.080000e+03 	 1.200000e+02 	 2.000000e+00
6 	 133 	 Ex 	 2 	 6.050416e-01 	 -8.400000e+02 	 1.200000e+02 	 2.000000e+00
6 	 134 	 Ex 	 2 	 1.748821e+00 	 -6.000000e+02 	 1.200000e+02 	 2.000000e+00
6 	 135 	 Ex 	 2 	 1.391901e+00 	 -3.600000e+02 	 1.200000e+02 	 2.000000e+00
6 	 136 	 Ex 	 2 	 4.026532e-01 	 -1.200000e+02 	 1.200000e+02 	 2.000000e+00
6 	 137 	 Ex 	 2 	 9.793213e-01 	 1.200000e+02 	 1.200000e+02 	 2.000000e+00
6 	 138 	 Ex 	 2 	 1.401164e+00 	 3.600000e+02 	 1.200000e+02 	 2.000000e+00
6 	 139 	 Ex 	 2 	 1.043190e+00 	 6.000000e+02 	 1.200000e+02 	 2.000000e+00
6 	 140 	 Ex 	 2 	 2.467110e+00 	 8.400000e+02 	 1.200000e+02 	 2.000000e+00
6 	 141 	 Ex 	 2 	 1.503823e+00 	 1.080000e+03 	 1.200000e+02 	 2.000000e+00
6 	 142 	 Ex 	 2 	 7.655154e-01 	 1.320000e+03 	 1.200000e+02 	 2.000000e+00
6 	 143 	 Ex 	 2 	 1.266903e+00 	 1.560000e+03 	 1.200000e+02 	 2.000000e+00
6 	 144 	 Ex 	 2 	 1.041124e+00 	 1.800000e+03 	 1.200000e+02 	 2.000000e+00
6 	 145 	 Ex 	 2 	 9.995902e-01 	 -1.800000e+03 	 3.600000e+02 	 2.000000e+00
6 	 146 	 Ex 	 2 	 1.977617e+00 	 -1.560000e+03 	 3.600000e+02 	 2.000000e+00
6 	 147 	 Ex 	 2 	 2.785500e-01 	 -1.320000e+03 	 3.600000e+02 	 2.000000e+00
6 	 148 	 Ex 	 2 	 2.229534e+00 	 -1.080000e+03 	 3.600000e+02 	 2.000000e+00
6 	 149 	 Ex 	 2 	 1.226089e+00 	 -8.400000e+02 	 3.600000e+02 	 2.000000e+00
6 	 150 	 Ex 	 2 	 1.208103e+00 	 -6.000000e+02 	 3.600000e+02 	 2.000000e+00
6 	 151 	 Ex 	 2 	 8.938320e-01 	 -3.600000e+02 	 3.600000e+02 	 2.000000e+00
6 	 152 	 Ex 	 2 	 1.243850e+00 	 -1.200000e+02 	 3.600000e+02 	 2.000000e+00
6 	 153 	 Ex 	 2 	 2.641073e-01 	 1.200000e+02 	 3.600000e+02 	 2.000000e+00
6 	 154 	 Ex 	 2 	 7.845322e-01 	 3.600000e+02 	 3.600000e+02 	 2.000000e+00
6 	 155 	 Ex 	 2 	 3.942532e-01 	 6.000000e+02 	 3.600000e+02 	 2.000000e+00
6 	 156 	 Ex 	 2 	 1.029884e+00 	 8.400000e+02 	 3.600000e+02 	 2.000000e+00
6 	 157 	 Ex 	 2 	 2.012825e+00 	 1.080000e+03 	 3.600000e+02 	 2.000000e+00
6 	 158 	 Ex 	 2 	 8.473610e-01 	 1.320000e+03 	 3.600000e+02 	 2.000000e+00
6 	 159 	 Ex 	 2 	 1.225865e+00 	 1.560000e+03 	 3.600000e+02 	 2.000000e+00
6 	 160 	 Ex 	 2 	 2.185278e+00 	 1.800000e+03 	 3.600000e+02 	 2.000000e+00
6 	 161 	 Ex 	 2 	 1.192137e+00 	 -1.800000e+03 	 6.000000e+02 	 2.000000e+00
6 	 162 	 Ex 	 2 	 1.406315e+00 	 -1.560000e+03 	 6.000000e+02 	 2.000000e+00
6 	 163 	 Ex 	 2 	 7.441356e-01 	 -1.320000e+03 	 6.000000e+02 	 2.000000e+00
6 	 164 	 Ex 	 2 	 7.563040e-01 	 -1.080000e+03 	 6.000000e+02 	 2.000000e+00
6 	 165 	 Ex 	 2 	 2.035108e+00 	 -8.400000e+02 	 6.000000e+02 	 2.000000e+00
6 	 166 	 Ex 	 2 	 1.276076e+00 	 -6.000000e+02 	 6.000000e+02 	 2.000000e+00
6 	 167 	 Ex 	 2 	 8.861166e-01 	 -3.600000e+02 	 6.000000e+02 	 2.000000e+00
6 	 168 	 Ex 	 2 	 1.576427e+00 	 -1.200000e+02 	 6.000000e+02 	 2.000000e+00
6 	 169 	 Ex 	 2 	 8.934240e-01 	 1.200000e+02 	 6.000000e+02 	 2.000000e+00
6 	 170 	 Ex 	 2 	 8.197594e-01 	 3.600000e+02 	 6.000000e+02 	 2.000000e+00
6 	 171 	 Ex 	 2 	 1.399709e+00 	 6.000000e+02 	 6.000000e+02 	 2.000000e+00
6 	 172 	 Ex 	 2 	 9.716051e-01 	 8.400000e+02 	 6.000000e+02 	 2.000000e+00
6 	 173 	 Ex 	 2 	 7.167858e-01 	 1.080000e+03 	 6.000000e+02 	 2.000000e+00
6 	 174 	 Ex 	 2 	 1.930606e+00 	 1.320000e+03 	 6.000000e+02 	 2.000000e+00
6 	 175 	 Ex 	 2 	 2.530835e+00 	 1.560000e+03 	 6.000000e+02 	 2.000000e+00
6 	 176 	 Ex 	 2 	 1.595453e+00 	 1.800000e+03 	 6.000000e+02 	 2.000000e+00
6 	 177 	 Ex 	 2 	 4.398478e-01 	 -1.800000e+03 	 8.400000e+02 	 2.000000e+00
6 	 178 	 Ex 	 2 	 1.026793e-01 	 -1.560000e+03 	 8.400000e+02 	 2.000000e+00
6 	 179 	 Ex 	 2 	 1.018260e+00 	 -1.320000e+03 	 8.400000e+02 	 2.000000e+00
6 	 180 	 Ex 	 2 	 7.186593e-01 	 -1.080000e+03 	 8.400000e+02 	 2.000000e+00
6 	 181 	 Ex 	 2 	 1.526554e+00 	 -8.400000e+02 	 8.400000e+02 	 2.000000e+00
6 	 182 	 Ex 	 2 	 2.472357e+00 	 -6.000000e+02 	 8.400000e+02 	 2.000000e+00
6 	 183 	 Ex 	 2 	 2.200394e+00 	 -3.600000e+02 	 8.400000e+02 	 2.000000e+00
6 	 184 	 Ex 	 2 	 8.425226e-01 	 -1.200000e+02 	 8.400000e+02 	 2.000000e+00
6 	 185 	 Ex 	 2 	 1.525174e+00 	 1.200000e+02 	 8.400000e+02 	 2.000000e+00
6 	 186 	 Ex 	 2 	 1.268192e+00 	 3.600000e+02 	 8.400000e+02 	 2.000000e+00
6 	 187 	 Ex 	 2 	 1.354266e+00 	 6.000000e+02 	 8.400000e+02 	 2.000000e+00
6 	 188 	 Ex 	 2 	 2.866755e-01 	 8.400000e+02 	 8.400000e+02 	 2.000000e+00
6 	 189 	 Ex 	 2 	 1.217518e+00 	 1.080000e+03 	 8.400000e+02 	 2.000000e+00
6 	 190 	 Ex 	 2 	 1.980315e+00 	 1.320000e+03 	 8.400000e+02 	 2.000000e+00
6 	 191 	 Ex 	 2 	 1.466072e-01 	 1.560000e+03 	 8.400000e+02 	 2.000000e+00
6 	 192 	 Ex 	 2 	 2.340376e+00 	 1.800000e+03 	 8.400000e+02 	 2.000000e+00
6 	 193 	 Ex 	 2 	 7.356839e-01 	 -1.800000e+03 	 1.080000e+03 	 2.000000e+00
6 	 194 	 Ex 	 2 	 7.187843e-01 	 -1.560000e+03 	 1.080000e+03 	 2.000000e+00
6 	 195 	 Ex 	 2 	 1.149530e+00 	 -1.320000e+03 	 1.080000e+03 	 2.000000e+00
6 	 196 	 Ex 	 2 	 8.811358e-01 	 -1.080000e+03 	 1.080000e+03 	 2.000000e+00
6 	 197 	 Ex 	 2 	 7.608598e-01 	 -8.400000e+02 	 1.080000e+03 	 2.000000e+00
6 	 198 	 Ex 	 2 	 2.146244e+00 	 -6.000000e+02 	 1.080000e+03 	 2.000000e+00
6 	 199 	 Ex 	 2 	 9.001989e-01 	 -3.600000e+02 	 1.080000e+03 	 2.000000e+00
6 	 200 	 Ex 	 2 	 1.017414e+00 	 -1.200000e+02 	 1.080000e+03 	 2.000000e+00
6 	 201 	 Ex 	 2 	 2.764800e-01 	 1.200000e+02 	 1.080000e+03 	 2.000000e+00
6 	 202 	 Ex 	 2 	 1.843048e+00 	 3.600000e+02 	 1.080000e+03 	 2.000000e+00
6 	 203 	 Ex 	 2 	 3.511476e-01 	 6.000000e+02 	 1.080000e+03 	 2.000000e+00
6 	 204 	 Ex 	 2 	 7.896017e-01 	 8.400000e+02 	 1.080000e+03 	 2.000000e+00
6 	 205 	 Ex 	 2 	 7.142718e-01 	 1.080000e+03 	 1.080000e+03 	 2.000000e+00
6 	 206 	 Ex 	 2 	 1.232675e+00 	 1.320000e+03 	 1.080000e+03 	 2.000000e+00
6 	 207 	 Ex 	 2 	 2.339123e+00 	 1.560000e+03 	 1.080000e+03 	 2.000000e+00
6 	 208 	 Ex 	 2 	 3.808583e-01 	 1.800000e+03 	 1.080000e+03 	 2.000000e+00
6 	 209 	 Ex 	 2 	 8.906482e-01 	 -1.800000e+03 	 1.320000e+03 	 2.000000e+00
6 	 210 	 Ex 	 2 	 1.135831e-01 	 -1.560000e+03 	 1.320000e+03 	 2.000000e+00
6 	 211 	 Ex 	 2 	 1.494875e+00 	 -1.320000e+03 	 1.320000e+03 	 2.000000e+00
6 	 212 	 Ex 	 2 	 4.608192e-01 	 -1.080000e+03 	 1.320000e+03 	 2.000000e+00
6 	 213 	 Ex 	 2 	 1.698142e+00 	 -8.400000e+02 	 1.320000e+03 	 2.000000e+00
6 	 214 	 Ex 	 2 	 1.095042e+00 	 -6.000000e+02 	 1.320000e+03 	 2.000000e+00
6 	 215 	 Ex 	 2 	 8.378276e-01 	 -3.600000e+02 	 1.320000e+03 	 2.000000e+00
6 	 216 	 Ex 	 2 	 5.351292e-01 	 -1.200000e+02 	 1.320000e+03 	 2.000000e+00
6 	 217 	 Ex 	 2 	 1.111427e+00 	 1.200000e+02 	 1.320000e+03 	 2.000000e+00
6 	 218 	 Ex 	 2 	 1.125587e+00 	 3.600000e+02 	 1.320000e+03 	 2.000000e+00
6 	 219 	 Ex 	 2 	 1.169422e+00 	 6.000000e+02 	 1.320000e+03 	 2.000000e+00
6 	 220 	 Ex 	 2 	 4.278549e-01 	 8.400000e+02 	 1.320000e+03 	 2.000000e+00
6 	 221 	 Ex 	 2 	 6.734530e-01 	 1.080000e+03 	 1.320000e+03 	 2.000000e+00
6 	 222 	 Ex 	 2 	 6.599789e-01 	 1.320000e+03 	 1.320000e+03 	 2.000000e+00
6 	 223 	 Ex 	 2 	 4.336486e-01 	 1.560000e+03 	 1.320000e+03 	 2.000000e+00
6 	 224 	 Ex 	 2 	 4.496036e-01 	 1.800000e+03 	 1.320000e+03 	 2.000000e+00
6 	 225 	 Ex 	 2 	 2.452425e-01 	 -1.800000e+03 	 1.560000e+03 	 2.000000e+00
6 	 226 	 Ex 	 2 	 1.261740e+00 	 -1.560000e+03 	 1.560000e+03 	 2.000000e+00
6 	 227 	 Ex 	 2 	 3.319243e-01 	 -1.320000e+03 	 1.560000e+03 	 2.000000e+00
6 	 228 	 Ex 	 2 	 4.928223e-01 	 -1.080000e+03 	 1.560000e+03 	 2.000000e+00
6 	 229 	 Ex 	 2 	 1.327753e+00 	 -8.400000e+02 	 1.560000e+03 	 2.000000e+00
6 	 230 	 Ex 	 2 	 6.298907e-01 	 -6.000000e+02 	 1.560000e+03 	 2.000000e+00
6 	 231 	 Ex 	 2 	 7.556834e-01 	 -3.600000e+02 	 1.560000e+03 	 2.000000e+00
6 	 232 	 Ex 	 2 	 1.856454e-01 	 -1.200000e+02 	 1.560000e+03 	 2.000000e+00
6 	 233 	 Ex 	 2 	 4.396933e-01 	 1.200000e+02 	 1.560000e+03 	 2.000000e+00
6 	 234 	 Ex 	 2 	 4.940034e-01 	 3.600000e+02 	 1.560000e+03 	 2.000000e+00
6 	 235 	 Ex 	 2 	 1.091891e-01 	 6.000000e+02 	 1.560000e+03 	 2.000000e+00
6 	 236 	 Ex 	 2 	 7.328814e-01 	 8.400000e+02 	 1.560000e+03 	 2.000000e+00
6 	 237 	 Ex 	 2 	 2.180343e+00 	 1.080000e+03 	 1.560000e+03 	 2.000000e+00
6 	 238 	 Ex 	 2 	 1.419189e+00 	 1.320000e+03 	 1.560000e+03 	 2.000000e+00
6 	 239 	 Ex 	 2 	 1.822126e+00 	 1.560000e+03 	 1.560000e+03 	 2.000000e+00
6 	 240 	 Ex 	 2 	 1.952659e+00 	 1.800000e+03 	 1.560000e+03 	 2.000000e+00
6 	 241 	 Ex 	 2 	 7.866804e-02 	 -1.800000e+03 	 1.800000e+03 	 2.000000e+00
6 	 242 	 Ex 	 2 	 5.650305e-01 	 -1.560000e+03 	 1.800000e+03 	 2.000000e+00
6 	 243 	 Ex 	 2 	 4.968490e-01 	 -1.320000e+03 	 1.800000e+03 	 2.000000e+00
6 	 244 	 Ex 	 2 	 1.986454e+00 	 -1.080000e+03 	 1.800000e+03 	 2.000000e+00
6 	 245 	 Ex 	 2 	 1.613096e+00 	 -8.400000e+02 	 1.800000e+03 	 2.000000e+00
6 	 246 	 Ex 	 2 	 3.677059e-02 	 -6.000000e+02 	 1.800000e+03 	 2.000000e+00
6 	 247 	 Ex 	 2 	 2.621272e-01 	 -3.600000e+02 	 1.800000e+03 	 2.000000e+00
6 	 248 	 Ex 	 2 	 1.075012e+00 	 -1.200000e+02 	 1.800000e+03 	 2.000000e+00
6 	 249 	 Ex 	 2 	 1.391882e+00 	 1.200000e+02 	 1.800000e+03 	 2.000000e+00
6 	 250 	 Ex 	 2 	 7.021573e-01 	 3.600000e+02 	 1.800000e+03 	 2.000000e+00
6 	 251 	 Ex 	 2 	 3.529977e-01 	 6.000000e+02 	 1.800000e+03 	 2.000000e+00
6 	 252 	 Ex 	 2 	 7.639428e-01 	 8.400000e+02 	 1.800000e+03 	 2.000000e+00
6 	 253 	 Ex 	 2 	 4.102025e-01 	 1.080000e+03 	 1.800000e+03 	 2.000000e+00
6 	 254 	 Ex 	 2 	 1.595080e+00 	 1.320000e+03 	 1.800000e+03 	 2.000000e+00
6 	 255 	 Ex 	 2 	 1.583076e+00 	 1.560000e+03 	 1.800000e+03 	 2.000000e+00
6 	 256 	 Ex 	 2 	 1.111503e+00 	 1.800000e+03 	 1.800000e+03 	 2.000000e+00
6 	 1 	 Ey 	 1 	 9.648762e-01 	 -1.800000e+03 	 -1.800000e+03 	 2.000000e+00
6 	 2 	 Ey 	 1 	 1.442998e+00 	 -1.560000e+03 	 -1.800000e+03 	 2.000000e+00
6 	 3 	 Ey 	 1 	 2.230625e+00 	 -1.320000e+03 	 -1.800000e+03 	 2.000000e+00
6 	 4 	 Ey 	 1 	 2.904968e-01 	 -1.080000e+03 	 -1.800000e+03 	 2.000000e+00
6 	 5 	 Ey 	 1 	 7.705987e-01 	 -8.400000e+02 	 -1.800000e+03 	 2.000000e+00
6 	 6 	 Ey 	 1 	 1.759663e+00 	 -6.000000e+02 	 -1.800000e+03 	 2.000000e+00
6 	 7 	 Ey 	 1 	 9.552515e-01 	 -3.600000e+02 	 -1.800000e+03 	 2.000000e+00
6 	 8 	 Ey 	 1 	 1.928711e-01 	 -1.200000e+02 	 -1.800000e+03 	 2.000000e+00
6 	 9 	 Ey 	 1 	 2.013430e-01 	 1.200000e+02 	 -1.800000e+03 	 2.000000e+00
6 	 10 	 Ey 	 1 	 1.362891e+00 	 3.600000e+02 	 -1.800000e+03 	 2.000000e+00
6 	 11 	 Ey 	 1 	 8.375207e-01 	 6.000000e+02 	 -1.800000e+03 	 2.000000e+00
6 	 12 	 Ey 	 1 	 1.097762e+00 	 8.400000e+02 	 -1.800000e+03 	 2.000000e+00
6 	 13 	 Ey 	 1 	 1.511074e+00 	 1.080000e+03 	 -1.800000e+03 	 2.000000e+00
6 	 14 	 Ey 	 1 	 1.577179e-01 	 1.320000e+03 	 -1.800000e+03 	 2.000000e+00
6 	 15 	 Ey 	 1 	 1.016164e+00 	 1.560000e+03 	 -1.800000e+03 	 2.000000e+00
6 	 16 	 Ey 	 1 	 5.174984e-01 	 1.800000e+03 	 -1.800000e+03 	 2.000000e+00
6 	 17 	 Ey 	 1 	 3.361079e-01 	 -1.800000e+03 	 -1.560000e+03 	 2.000000e+00
6 	 18 	 Ey 	 1 	 2.365157e-01 	 -1.560000e+03 	 -1.560000e+03 	 2.000000e+00
6 	 19 	 Ey 	 1 	 7.295409e-01 	 -1.320000e+03 	 -1.560000e+03 	 2.000000e+00
6 	 20 	 Ey 	 1 	 1.596081e+00 	 -1.080000e+03 	 -1.560000e+03 	 2.000000e+00
6 	 21 	 Ey 	 1 	 1.672509e+00 	 -8.400000e+02 	 -1.560000e+03 	 2.000000e+00
6 	 22 	 Ey 	 1 	 9.516935e-01 	 -6.000000e+02 	 -1.560000e+03 	 2.000000e+00
6 	 23 	 Ey 	 1 	 1.278878e+00 	 -3.600000e+02 	 -1.560000e+03 	 2.000000e+00
6 	 24 	 Ey 	 1 	 1.150736e+00 	 -1.200000e+02 	 -1.560000e+03 	 2.000000e+00
6 	 25 	 Ey 	 1 	 7.308412e-01 	 1.200000e+02 	 -1.560000e+03 	 2.000000e+00
6 	 26 	 Ey 	 1 	 8.449843e-01 	 3.600000e+02 	 -1.560000e+03 	 2.000000e+00
6 	 27 	 Ey 	 1 	 4.783321e-01 	 6.000000e+02 	 -1.560000e+03 	 2.000000e+00
6 	 28 	 Ey 	 1 	 2.424895e-01 	 8.400000e+02 	 -1.560000e+03 	 2.000000e+00
6 	 29 	 Ey 	 1 	 1.256084e+00 	 1.080000e+03 	 -1.560000e+03 	 2.000000e+00
6 	 30 	 Ey 	 1 	 1.157638e+00 	 1.320000e+03 	 -1.560000e+03 	 2.000000e+00
6 	 31 	 Ey 	 1 	 4.424634e-01 	 1.560000e+03 	 -1.560000e+03 	 2.000000e+00
6 	 32 	 Ey 	 1 	 6.753960e-01 	 1.800000e+03 	 -1.560000e+03 	 2.000000e+00
6 	 33 	 Ey 	 1 	 7.665322e-01 	 -1.800000e+03 	 -1.320000e+03 	 2.000000e+00
6 	 34 	 Ey 	 1 	 1.033926e+00 	 -1.560000e+03 	 -1.320000e+03 	 2.000000e+00
6 	 35 	 Ey 	 1 	 6.851394e-01 	 -1.320000e+03 	 -1.320000e+03 	 2.000000e+00
6 	 36 	 Ey 	 1 	 4.734136e-01 	 -1.080000e+03 	 -1.320000e+03 	 2.000000e+00
6 	 37 	 Ey 	 1 	 8.844836e-01 	 -8.400000e+02 	 -1.320000e+03 	 2.000000e+00
6 	 38 	 Ey 	 1 	 1.280369e+00 	 -6.000000e+02 	 -1.320000e+03 	 2.000000e+00
6 	 39 	 Ey 	 1 	 1.264641e+00 	 -3.600000e+02 	 -1.320000e+03 	 2.000000e+00
6 	 40 	 Ey 	 1 	 8.018180e-01 	 -1.200000e+02 	 -1.320000e+03 	 2.000000e+00
6 	 41 	 Ey 	 1 	 1.353747e+00 	 1.200000e+02 	 -1.320000e+03 	 2.000000e+00
6 	 42 	 Ey 	 1 	 8.898799e-01 	 3.600000e+02 	 -1.320000e+03 	 2.000000e+00
6 	 43 	 Ey 	 1 	 4.239473e-01 	 6.000000e+02 	 -1.320000e+03 	 2.000000e+00
6 	 44 	 Ey 	 1 	 9.793499e-01 	 8.400000e+02 	 -1.320000e+03 	 2.000000e+00
6 	 45 	 Ey 	 1 	 8.442520e-01 	 1.080000e+03 	 -1.320000e+03 	 2.000000e+00
6 	 46 	 Ey 	 1 	 1.387761e+00 	 1.320000e+03 	 -1.320000e+03 	 2.000000e+00
6 	 47 	 Ey 	 1 	 6.115751e-01 	 1.560000e+03 	 -1.320000e+03 	 2.000000e+00
6 	 48 	 Ey 	 1 	 2.988240e-01 	 1.800000e+03 	 -1.320000e+03 	 2.000000e+00
6 	 49 	 Ey 	 1 	 1.857448e-01 	 -1.800000e+03 	 -1.080000e+03 	 2.000000e+00
6 	 50 	 Ey 	 1 	 9.266066e-01 	 -1.560000e+03 	 -1.080000e+03 	 2.000000e+00
6 	 51 	 Ey 	 1 	 7.649813e-01 	 -1.320000e+03 	 -1.080000e+03 	 2.000000e+00
6 	 52 	 Ey 	 1 	 8.943287e-01 	 -1.080000e+03 	 -1.080000e+03 	 2.000000e+00
6 	 53 	 Ey 	 1 	 1.574532e-01 	 -8.400000e+02 	 -1.080000e+03 	 2.000000e+00
6 	 54 	 Ey 	 1 	 0.000000e+00 	 -6.000000e+02 	 -1.080000e+03 	 2.000000e+00
6 	 55 	 Ey 	 1 	 0.000000e+00 	 -3.600000e+02 	 -1.080000e+03 	 2.000000e+00
6 	 56 	 Ey 	 1 	 2.297004e-01 	 -1.200000e+02 	 -1.080000e+03 	 2.000000e+00
6 	 57 	 Ey 	 1 	 5.282255e-01 	 1.200000e+02 	 -1.080000e+03 	 2.000000e+00
6 	 58 	 Ey 	 1 	 4.310918e-01 	 3.600000e+02 	 -1.080000e+03 	 2.000000e+00
6 	 59 	 Ey 	 1 	 1.026201e+00 	 6.000000e+02 	 -1.080000e+03 	 2.000000e+00
6 	 60 	 Ey 	 1 	 8.524018e-01 	 8.400000e+02 	 -1.080000e+03 	 2.000000e+00
6 	 61 	 Ey 	 1 	 1.580397e+00 	 1.080000e+03 	 -1.080000e+03 	 2.000000e+00
6 	 62 	 Ey 	 1 	 6.859642e-01 	 1.320000e+03 	 -1.080000e+03 	 2.000000e+00
6 	 63 	 Ey 	 1 	 1.769636e+00 	 1.560000e+03 	 -1.080000e+03 	 2.000000e+00
6 	 64 	 Ey 	 1 	 3.512562e-01 	 1.800000e+03 	 -1.080000e+03 	 2.000000e+00
6 	 65 	 Ey 	 1 	 7.273675e-01 	 -1.800000e+03 	 -8.400000e+02 	 2.000000e+00
6 	 66 	 Ey 	 1 	 2.001367e-01 	 -1.560000e+03 	 -8.400000e+02 	 2.000000e+00
6 	 67 	 Ey 	 1 	 1.173731e+00 	 -1.320000e+03 	 -8.400000e+02 	 2.000000e+00
6 	 68 	 Ey 	 1 	 1.424740e+00 	 -1.080000e+03 	 -8.400000e+02 	 2.000000e+00
6 	 69 	 Ey 	 1 	 0.000000e+00 	 -8.400000e+02 	 -8.400000e+02 	 2.000000e+00
6 	 70 	 Ey 	 1 	 0.000000e+00 	 -6.000000e+02 	 -8.400000e+02 	 2.000000e+00
6 	 71 	 Ey 	 1 	 0.000000e+00 	 -3.600000e+02 	 -8.400000e+02 	 2.000000e+00
6 	 72 	 Ey 	 1 	 0.000000e+00 	 -1.200000e+02 	 -8.400000e+02 	 2.000000e+00
6 	 73 	 Ey 	 1 	 8.713080e-01 	 1.200000e+02 	 -8.400000e+02 	 2.000000e+00
6 	 74 	 Ey 	 1 	 9.142402e-01 	 3.600000e+02 	 -8.400000e+02 	 2.000000e+00
6 	 75 	 Ey 	 1 	 1.944446e+00 	 6.000000e+02 	 -8.400000e+02 	 2.000000e+00
6 	 76 	 Ey 	 1 	 1.571334e+00 	 8.400000e+02 	 -8.400000e+02 	 2.000000e+00
6 	 77 	 Ey 	 1 	 1.469888e+00 	 1.080000e+03 	 -8.400000e+02 	 2.000000e+00
6 	 78 	 Ey 	 1 	 7.699793e-01 	 1.320000e+03 	 -8.400000e+02 	 2.000000e+00
6 	 79 	 Ey 	 1 	 2.959450e-01 	 1.560000e+03 	 -8.400000e+02 	 2.000000e+00
6 	 80 	 Ey 	 1 	 3.727407e-01 	 1.800000e+03 	 -8.400000e+02 	 2.000000e+00
6 	 81 	 Ey 	 1 	 4.223496e-01 	 -1.800000e+03 	 -6.000000e+02 	 2.000000e+00
6 	 82 	 Ey 	 1 	 1.151163e+00 	 -1.560000e+03 	 -6.000000e+02 	 2.000000e+00
6 	 83 	 Ey 	 1 	 6.429240e-01 	 -1.320000e+03 	 -6.000000e+02 	 2.000000e+00
6 	 84 	 Ey 	 1 	 0.000000e+00 	 -1.080000e+03 	 -6.000000e+02 	 2.000000e+00
6 	 85 	 Ey 	 1 	 0.000000e+00 	 -8.400000e+02 	 -6.000000e+02 	 2.000000e+00
6 	 86 	 Ey 	 1 	 0.000000e+00 	 -6.000000e+02 	 -6.000000e+02 	 2.000000e+00
6 	 87 	 Ey 	 1 	 0.000000e+00 	 -3.600000e+02 	 -6.000000e+02 	 2.000000e+00
6 	 88 	 Ey 	 1 	 0.000000e+00 	 -1.200000e+02 	 -6.000000e+02 	 2.000000e+00
6 	 89 	 Ey 	 1 	 1.404831e+00 	 1.200000e+02 	 -6.000000e+02 	 2.000000e+00
6 	 90 	 Ey 	 1 	 1.759242e+00 	 3.600000e+02 	 -6.000000e+02 	 2.000000e+00
6 	 91 	 Ey 	 1 	 1.246101e+00 	 6.000000e+02 	 -6.000000e+02 	 2.000000e+00
6 	 92 	 Ey 	 1 	 1.579297e+00 	 8.400000e+02 	 -6.000000e+02 	 2.000000e+00
6 	 93 	 Ey 	 1 	 4.367722e-01 	 1.080000e+03 	 -6.000000e+02 	 2.000000e+00
6 	 94 	 Ey 	 1 	 1.071384e+00 	 1.320000e+03 	 -6.000000e+02 	 2.000000e+00
6 	 95 	 Ey 	 1 	 1.440186e+00 	 1.560000e+03 	 -6.000000e+02 	 2.000000e+00
6 	 96 	 Ey 	 1 	 7.813739e-01 	 1.800000e+03 	 -6.000000e+02 	 2.000000e+00
6 	 97 	 Ey 	 1 	 4.619877e-01 	 -1.800000e+03 	 -3.600000e+02 	 2.000000e+00
6 	 98 	 Ey 	 1 	 4.950865e-01 	 -1.560000e+03 	 -3.600000e+02 	 2.000000e+00
6 	 99 	 Ey 	 1 	 1.191837e-01 	 -1.320000e+03 	 -3.600000e+02 	 2.000000e+00
6 	 100 	 Ey 	 1 	 0.000000e+00 	 -1.080000e+03 	 -3.600000e+02 	 2.000000e+00
6 	 101 	 Ey 	 1 	 0.000000e+00 	 -8.400000e+02 	 -3.600000e+02 	 2.000000e+00
6 	 102 	 Ey 	 1 	 0.000000e+00 	 -6.000000e+02 	 -3.600000e+02 	 2.000000e+00
6 	 103 	 Ey 	 1 	 0.000000e+00 	 -3.600000e+02 	 -3.600000e+02 	 2.000000e+00
6 	 104 	 Ey 	 1 	 0.000000e+00 	 -1.200000e+02 	 -3.600000e+02 	 2.000000e+00
6 	 105 	 Ey 	 1 	 1.106788e+00 	 1.200000e+02 	 -3.600000e+02 	 2.000000e+00
6 	 106 	 Ey 	 1 	 1.035397e+00 	 3.600000e+02 	 -3.600000e+02 	 2.000000e+00
6 	 107 	 Ey 	 1 	 5.356435e-01 	 6.000000e+02 	 -3.600000e+02 	 2.000000e+00
6 	 108 	 Ey 	 1 	 5.584650e-01 	 8.400000e+02 	 -3.600000e+02 	 2.000000e+00
6 	 109 	 Ey 	 1 	 7.247607e-01 	 1.080000e+03 	 -3.600000e+02 	 2.000000e+00
6 	 110 	 Ey 	 1 	 7.897421e-01 	 1.320000e+03 	 -3.600000e+02 	 2.000000e+00
6 	 111 	 Ey 	 1 	 8.943905e-01 	 1.560000e+03 	 -3.600000e+02 	 2.000000e+00
6 	 112 	 Ey 	 1 	 7.704968e-01 	 1.800000e+03 	 -3.600000e+02 	 2.000000e+00
6 	 113 	 Ey 	 1 	 1.021204e+00 	 -1.800000e+03 	 -1.200000e+02 	 2.000000e+00
6 	 114 	 Ey 	 1 	 9.897235e-01 	 -1.560000e+03 	 -1.200000e+02 	 2.000000e+00
6 	 115 	 Ey 	 1 	 8.250776e-01 	 -1.320000e+03 	 -1.200000e+02 	 2.000000e+00
6 	 116 	 Ey 	 1 	 1.462792e+00 	 -1.080000e+03 	 -1.200000e+02 	 2.000000e+00
6 	 117 	 Ey 	 1 	 0.000000e+00 	 -8.400000e+02 	 -1.200000e+02 	 2.000000e+00
6 	 118 	 Ey 	 1 	 0.000000e+00 	 -6.000000e+02 	 -1.200000e+02 	 2.000000e+00
6 	 119 	 Ey 	 1 	 0.000000e+00 	 -3.600000e+02 	 -1.200000e+02 	 2.000000e+00
6 	 120 	 Ey 	 1 	 0.000000e+00 	 -1.200000e+02 	 -1.200000e+02 	 2.000000e+00
6 	 121 	 Ey 	 1 	 1.032164e+00 	 1.200000e+02 	 -1.200000e+02 	 2.000000e+00
6 	 122 	 Ey 	 1 	 7.989526e-01 	 3.600000e+02 	 -1.200000e+02 	 2.000000e+00
6 	 123 	 Ey 	 1 	 2.299522e-01 	 6.000000e+02 	 -1.200000e+02 	 2.000000e+00
6 	 124 	 Ey 	 1 	 1.619744e+00 	 8.400000e+02 	 -1.200000e+02 	 2.000000e+00
6 	 125 	 Ey 	 1 	 1.746654e-01 	 1.080000e+03 	 -1.200000e+02 	 2.000000e+00
6 	 126 	 Ey 	 1 	 1.363810e+00 	 1.320000e+03 	 -1.200000e+02 	 2.000000e+00
6 	 127 	 Ey 	 1 	 1.026763e+00 	 1.560000e+03 	 -1.200000e+02 	 2.000000e+00
6 	 128 	 Ey 	 1 	 2.835166e-01 	 1.800000e+03 	 -1.200000e+02 	 2.000000e+00
6 	 129 	 Ey 	 1 	 1.735408e+00 	 -1.800000e+03 	 1.200000e+02 	 2.000000e+00
6 	 130 	 Ey 	 1 	 1.385182e+00 	 -1.560000e+03 	 1.200000e+02 	 2.000000e+00
6 	 131 	 Ey 	 1 	 7.000084e-01 	 -1.320000e+03 	 1.200000e+02 	 2.000000e+00
6 	 132 	 Ey 	 1 	 2.771192e+00 	 -1.080000e+03 	 1.200000e+02 	 2.000000e+00
6 	 133 	 Ey 	 1 	 1.754611e+00 	 -8.400000e+02 	 1.200000e+02 	 2.000000e+00
6 	 134 	 Ey 	 1 	 2.909619e+00 	 -6.000000e+02 	 1.200000e+02 	 2.000000e+00
6 	 135 	 Ey 	 1 	 2.044667e+00 	 -3.600000e+02 	 1.200000e+02 	 2.000000e+00
6 	 136 	 Ey 	 1 	 1.632421e+00 	 -1.200000e+02 	 1.200000e+02 	 2.000000e+00
6 	 137 	 Ey 	 1 	 1.584247e+00 	 1.200000e+02 	 1.200000e+02 	 2.000000e+00
6 	 138 	 Ey 	 1 	 2.482036e+00 	 3.600000e+02 	 1.200000e+02 	 2.000000e+00
6 	 139 	 Ey 	 1 	 1.680166e+00 	 6.000000e+02 	 1.200000e+02 	 2.000000e+00
6 	 140 	 Ey 	 1 	 7.958921e-01 	 8.400000e+02 	 1.200000e+02 	 2.000000e+00
6 	 141 	 Ey 	 1 	 2.306133e+00 	 1.080000e+03 	 1.200000e+02 	 2.000000e+00
6 	 142 	 Ey 	 1 	 9.889897e-01 	 1.320000e+03 	 1.200000e+02 	 2.000000e+00
6 	 143 	 Ey 	 1 	 7.045949e-01 	 1.560000e+03 	 1.200000e+02 	 2.000000e+00
6 	 144 	 Ey 	 1 	 1.291296e+00 	 1.800000e+03 	 1.200000e+02 	 2.000000e+00
6 	 145 	 Ey 	 1 	 6.289168e-01 	 -1.800000e+03 	 3.600000e+02 	 2.000000e+00
6 	 146 	 Ey 	 1 	 2.297734e-01 	 -1.560000e+03 	 3.600000e+02 	 2.000000e+00
6 	 147 	 Ey 	 1 	 2.188602e+00 	 -1.320000e+03 	 3.600000e+02 	 2.000000e+00
6 	 148 	 Ey 	 1 	 2.540569e+00 	 -1.080000e+03 	 3.600000e+02 	 2.000000e+00
6 	 149 	 Ey 	 1 	 1.524824e+00 	 -8.400000e+02 	 3.600000e+02 	 2.000000e+00
6 	 150 	 Ey 	 1 	 1.024605e+00 	 -6.000000e+02 	 3.600000e+02 	 2.000000e+00
6 	 151 	 Ey 	 1 	 1.364568e+00 	 -3.600000e+02 	 3.600000e+02 	 2.000000e+00
6 	 152 	 Ey 	 1 	 9.679604e-01 	 -1.200000e+02 	 3.600000e+02 	 2.000000e+00
6 	 153 	 Ey 	 1 	 1.047613e+00 	 1.200000e+02 	 3.600000e+02 	 2.000000e+00
6 	 154 	 Ey 	 1 	 9.629817e-01 	 3.600000e+02 	 3.600000e+02 	 2.000000e+00
6 	 155 	 Ey 	 1 	 8.900516e-01 	 6.000000e+02 	 3.600000e+02 	 2.000000e+00
6 	 156 	 Ey 	 1 	 1.076207e+00 	 8.400000e+02 	 3.600000e+02 	 2.000000e+00
6 	 157 	 Ey 	 1 	 1.167398e+00 	 1.080000e+03 	 3.600000e+02 	 2.000000e+00
6 	 158 	 Ey 	 1 	 2.568609e-01 	 1.320000e+03 	 3.600000e+02 	 2.000000e+00
6 	 159 	 Ey 	 1 	 1.076090e+00 	 1.560000e+03 	 3.600000e+02 	 2.000000e+00
6 	 160 	 Ey 	 1 	 5.627669e-01 	 1.800000e+03 	 3.600000e+02 	 2.000000e+00
6 	 161 	 Ey 	 1 	 2.204510e+00 	 -1.800000e+03 	 6.000000e+02 	 2.000000e+00
6 	 162 	 Ey 	 1 	 1.616261e+00 	 -1.560000e+03 	 6.000000e+02 	 2.000000e+00
6 	 163 	 Ey 	 1 	 1.084524e+00 	 -1.320000e+03 	 6.000000e+02 	 2.000000e+00
6 	 164 	 Ey 	 1 	 1.439745e+00 	 -1.080000e+03 	 6.000000e+02 	 2.000000e+00
6 	 165 	 Ey 	 1 	 1.299610e+00 	 -8.400000e+02 	 6.000000e+02 	 2.000000e+00
6 	 166 	 Ey 	 1 	 1.110313e+00 	 -6.000000e+02 	 6.000000e+02 	 2.000000e+00
6 	 167 	 Ey 	 1 	 5.358933e-01 	 -3.600000e+02 	 6.000000e+02 	 2.000000e+00
6 	 168 	 Ey 	 1 	 1.194629e+00 	 -1.200000e+02 	 6.000000e+02 	 2.000000e+00
6 	 169 	 Ey 	 1 	 2.609475e-01 	 1.200000e+02 	 6.000000e+02 	 2.000000e+00
6 	 170 	 Ey 	 1 	 5.268219e-01 	 3.600000e+02 	 6.000000e+02 	 2.000000e+00
6 	 171 	 Ey 	 1 	 1.148286e+00 	 6.000000e+02 	 6.000000e+02 	 2.000000e+00
6 	 172 	 Ey 	 1 	 1.893372e+00 	 8.400000e+02 	 6.000000e+02 	 2.000000e+00
6 	 173 	 Ey 	 1 	 1.675385e+00 	 1.080000e+03 	 6.000000e+02 	 2.000000e+00
6 	 174 	 Ey 	 1 	 1.065952e+00 	 1.320000e+03 	 6.000000e+02 	 2.000000e+00
6 	 175 	 Ey 	 1 	 5.924793e-01 	 1.560000e+03 	 6.000000e+02 	 2.000000e+00
6 	 176 	 Ey 	 1 	 6.550091e-01 	 1.800000e+03 	 6.000000e+02 	 2.000000e+00
6 	 177 	 Ey 	 1 	 1.863117e+00 	 -1.800000e+03 	 8.400000e+02 	 2.000000e+00
6 	 178 	 Ey 	 1 	 8.631752e-01 	 -1.560000e+03 	 8.400000e+02 	 2.000000e+00
6 	 179 	 Ey 	 1 	 9.853786e-01 	 -1.320000e+03 	 8.400000e+02 	 2.000000e+00
6 	 180 	 Ey 	 1 	 1.888799e+00 	 -1.080000e+03 	 8.400000e+02 	 2.000000e+00
6 	 181 	 Ey 	 1 	 9.722134e-01 	 -8.400000e+02 	 8.400000e+02 	 2.000000e+00
6 	 182 	 Ey 	 1 	 2.797457e+00 	 -6.000000e+02 	 8.400000e+02 	 2.000000e+00
6 	 183 	 Ey 	 1 	 1.380599e+00 	 -3.600000e+02 	 8.400000e+02 	 2.000000e+00
6 	 184 	 Ey 	 1 	 1.368616e+00 	 -1.200000e+02 	 8.400000e+02 	 2.000000e+00
6 	 185 	 Ey 	 1 	 1.468581e+00 	 1.200000e+02 	 8.400000e+02 	 2.000000e+00
6 	 186 	 Ey 	 1 	 5.530788e-01 	 3.600000e+02 	 8.400000e+02 	 2.000000e+00
6 	 187 	 Ey 	 1 	 1.070501e+00 	 6.000000e+02 	 8.400000e+02 	 2.000000e+00
6 	 188 	 Ey 	 1 	 1.199029e+00 	 8.400000e+02 	 8.400000e+02 	 2.000000e+00
6 	 189 	 Ey 	 1 	 1.194744e+00 	 1.080000e+03 	 8.400000e+02 	 2.000000e+00
6 	 190 	 Ey 	 1 	 1.159505e+00 	 1.320000e+03 	 8.400000e+02 	 2.000000e+00
6 	 191 	 Ey 	 1 	 7.350036e-01 	 1.560000e+03 	 8.400000e+02 	 2.000000e+00
6 	 192 	 Ey 	 1 	 5.657234e-01 	 1.800000e+03 	 8.400000e+02 	 2.000000e+00
6 	 193 	 Ey 	 1 	 4.802241e-01 	 -1.800000e+03 	 1.080000e+03 	 2.000000e+00
6 	 194 	 Ey 	 1 	 2.205920e+00 	 -1.560000e+03 	 1.080000e+03 	 2.000000e+00
6 	 195 	 Ey 	 1 	 2.395508e+00 	 -1.320000e+03 	 1.080000e+03 	 2.000000e+00
6 	 196 	 Ey 	 1 	 1.246909e+00 	 -1.080000e+03 	 1.080000e+03 	 2.000000e+00
6 	 197 	 Ey 	 1 	 2.257084e+00 	 -8.400000e+02 	 1.080000e+03 	 2.000000e+00
6 	 198 	 Ey 	 1 	 2.173826e+00 	 -6.000000e+02 	 1.080000e+03 	 2.000000e+00
6 	 199 	 Ey 	 1 	 4.694826e-01 	 -3.600000e+02 	 1.080000e+03 	 2.000000e+00
6 	 200 	 Ey 	 1 	 1.338310e+00 	 -1.200000e+02 	 1.080000e+03 	 2.000000e+00
6 	 201 	 Ey 	 1 	 1.177537e+00 	 1.200000e+02 	 1.080000e+03 	 2.000000e+00
6 	 202 	 Ey 	 1 	 4.187036e-01 	 3.600000e+02 	 1.080000e+03 	 2.000000e+00
6 	 203 	 Ey 	 1 	 6.873249e-01 	 6.000000e+02 	 1.080000e+03 	 2.000000e+00
6 	 204 	 Ey 	 1 	 7.154250e-01 	 8.400000e+02 	 1.080000e+03 	 2.000000e+00
6 	 205 	 Ey 	 1 	 5.085723e-01 	 1.080000e+03 	 1.080000e+03 	 2.000000e+00
6 	 206 	 Ey 	 1 	 1.434638e+00 	 1.320000e+03 	 1.080000e+03 	 2.000000e+00
6 	 207 	 Ey 	 1 	 1.056088e+00 	 1.560000e+03 	 1.080000e+03 	 2.000000e+00
6 	 208 	 Ey 	 1 	 9.522191e-01 	 1.800000e+03 	 1.080000e+03 	 2.000000e+00
6 	 209 	 Ey 	 1 	 6.703630e-01 	 -1.800000e+03 	 1.320000e+03 	 2.000000e+00
6 	 210 	 Ey 	 1 	 1.254628e+00 	 -1.560000e+03 	 1.320000e+03 	 2.000000e+00
6 	 211 	 Ey 	 1 	 1.876404e-01 	 -1.320000e+03 	 1.320000e+03 	 2.000000e+00
6 	 212 	 Ey 	 1 	 1.559112e+00 	 -1.080000e+03 	 1.320000e+03 	 2.000000e+00
6 	 213 	 Ey 	 1 	 4.740367e-01 	 -8.400000e+02 	 1.320000e+03 	 2.000000e+00
6 	 214 	 Ey 	 1 	 1.793456e+00 	 -6.000000e+02 	 1.320000e+03 	 2.000000e+00
6 	 215 	 Ey 	 1 	 2.124969e-01 	 -3.600000e+02 	 1.320000e+03 	 2.000000e+00
6 	 216 	 Ey 	 1 	 4.904610e-01 	 -1.200000e+02 	 1.320000e+03 	 2.000000e+00
6 	 217 	 Ey 	 1 	 8.294431e-01 	 1.200000e+02 	 1.320000e+03 	 2.000000e+00
6 	 218 	 Ey 	 1 	 1.620717e+00 	 3.600000e+02 	 1.320000e+03 	 2.000000e+00
6 	 219 	 Ey 	 1 	 1.009018e+00 	 6.000000e+02 	 1.320000e+03 	 2.000000e+00
6 	 220 	 Ey 	 1 	 1.052236e+00 	 8.400000e+02 	 1.320000e+03 	 2.000000e+00
6 	 221 	 Ey 	 1 	 7.773428e-01 	 1.080000e+03 	 1.320000e+03 	 2.000000e+00
6 	 222 	 Ey 	 1 	 7.563636e-01 	 1.320000e+03 	 1.320000e+03 	 2.000000e+00
6 	 223 	 Ey 	 1 	 1.382291e+00 	 1.560000e+03 	 1.320000e+03 	 2.000000e+00
6 	 224 	 Ey 	 1 	 9.847184e-01 	 1.800000e+03 	 1.320000e+03 	 2.000000e+00
6 	 225 	 Ey 	 1 	 1.566341e-01 	 -1.800000e+03 	 1.560000e+03 	 2.000000e+00
6 	 226 	 Ey 	 1 	 9.346572e-01 	 -1.560000e+03 	 1.560000e+03 	 2.000000e+00
6 	 227 	 Ey 	 1 	 1.194639e+00 	 -1.320000e+03 	 1.560000e+03 	 2.000000e+00
6 	 228 	 Ey 	 1 	 1.043372e+00 	 -1.080000e+03 	 1.560000e+03 	 2.000000e+00
6 	 229 	 Ey 	 1 	 1.976192e+00 	 -8.400000e+02 	 1.560000e+03 	 2.000000e+00
6 	 230 	 Ey 	 1 	 1.198912e+00 	 -6.000000e+02 	 1.560000e+03 	 2.000000e+00
6 	 231 	 Ey 	 1 	 8.137466e-01 	 -3.600000e+02 	 1.560000e+03 	 2.000000e+00
6 	 232 	 Ey 	 1 	 1.926235e+00 	 -1.200000e+02 	 1.560000e+03 	 2.000000e+00
6 	 233 	 Ey 	 1 	 4.995399e-01 	 1.200000e+02 	 1.560000e+03 	 2.000000e+00
6 	 234 	 Ey 	 1 	 1.162537e-01 	 3.600000e+02 	 1.560000e+03 	 2.000000e+00
6 	 235 	 Ey 	 1 	 1.812062e+00 	 6.000000e+02 	 1.560000e+03 	 2.000000e+00
6 	 236 	 Ey 	 1 	 3.434888e-01 	 8.400000e+02 	 1.560000e+03 	 2.000000e+00
6 	 237 	 Ey 	 1 	 7.405713e-01 	 1.080000e+03 	 1.560000e+03 	 2.000000e+00
6 	 238 	 Ey 	 1 	 1.016751e+00 	 1.320000e+03 	 1.560000e+03 	 2.000000e+00
6 	 239 	 Ey 	 1 	 6.759211e-01 	 1.560000e+03 	 1.560000e+03 	 2.000000e+00
6 	 240 	 Ey 	 1 	 8.208703e-01 	 1.800000e+03 	 1.560000e+03 	 2.000000e+00
6 	 241 	 Ey 	 1 	 7.682101e-01 	 -1.800000e+03 	 1.800000e+03 	 2.000000e+00
6 	 242 	 Ey 	 1 	 1.198743e+00 	 -1.560000e+03 	 1.800000e+03 	 2.000000e+00
6 	 243 	 Ey 	 1 	 1.770366e-02 	 -1.320000e+03 	 1.800000e+03 	 2.000000e+00
6 	 244 	 Ey 	 1 	 2.084910e+00 	 -1.080000e+03 	 1.800000e+03 	 2.000000e+00
6 	 245 	 Ey 	 1 	 8.952751e-01 	 -8.400000e+02 	 1.800000e+03 	 2.000000e+00
6 	 246 	 Ey 	 1 	 1.328750e+00 	 -6.000000e+02 	 1.800000e+03 	 2.000000e+00
6 	 247 	 Ey 	 1 	 5.556628e-01 	 -3.600000e+02 	 1.800000e+03 	 2.000000e+00
6 	 248 	 Ey 	 1 	 1.195976e+00 	 -1.200000e+02 	 1.800000e+03 	 2.000000e+00
6 	 249 	 Ey 	 1 	 9.738509e-01 	 1.200000e+02 	 1.800000e+03 	 2.000000e+00
6 	 250 	 Ey 	 1 	 5.429786e-01 	 3.600000e+02 	 1.800000e+03 	 2.000000e+00
6 	 251 	 Ey 	 1 	 1.144486e+00 	 6.000000e+02 	 1.800000e+03 	 2.000000e+00
6 	 252 	 Ey 	 1 	 1.142083e+00 	 8.400000e+02 	 1.800000e+03 	 2.000000e+00
6 	 253 	 Ey 	 1 	 1.179689e+00 	 1.080000e+03 	 1.800000e+03 	 2.000000e+00
6 	 254 	 Ey 	 1 	 1.504377e+00 	 1.320000e+03 	 1.800000e+03 	 2.000000e+00
6 	 255 	 Ey 	 1 	 1.929877e+00 	 1.560000e+03 	 1.800000e+03 	 2.000000e+00
6 	 256 	 Ey 	 1 	 1.215510e+00 	 1.800000e+03 	 1.800000e+03 	 2.000000e+00
6 	 1 	 Ey 	 2 	 1.033405e+00 	 -1.800000e+03 	 -1.800000e+03 	 2.000000e+00
6 	 2 	 Ey 	 2 	 9.106436e-01 	 -1.560000e+03 	 -1.800000e+03 	 2.000000e+00
6 	 3 	 Ey 	 2 	 1.037902e+00 	 -1.320000e+03 	 -1.800000e+03 	 2.000000e+00
6 	 4 	 Ey 	 2 	 1.332730e+00 	 -1.080000e+03 	 -1.800000e+03 	 2.000000e+00
6 	 5 	 Ey 	 2 	 2.569759e+00 	 -8.400000e+02 	 -1.800000e+03 	 2.000000e+00
6 	 6 	 Ey 	 2 	 6.691341e-01 	 -6.000000e+02 	 -1.800000e+03 	 2.000000e+00
6 	 7 	 Ey 	 2 	 2.628593e-01 	 -3.600000e+02 	 -1.800000e+03 	 2.000000e+00
6 	 8 	 Ey 	 2 	 1.257893e+00 	 -1.200000e+02 	 -1.800000e+03 	 2.000000e+00
6 	 9 	 Ey 	 2 	 2.032975e+00 	 1.200000e+02 	 -1.800000e+03 	 2.000000e+00
6 	 10 	 Ey 	 2 	 8.400549e-01 	 3.600000e+02 	 -1.800000e+03 	 2.000000e+00
6 	 11 	 Ey 	 2 	 6.703936e-01 	 6.000000e+02 	 -1.800000e+03 	 2.000000e+00
6 	 12 	 Ey 	 2 	 8.472655e-01 	 8.400000e+02 	 -1.800000e+03 	 2.000000e+00
6 	 13 	 Ey 	 2 	 1.523317e+00 	 1.080000e+03 	 -1.800000e+03 	 2.000000e+00
6 	 14 	 Ey 	 2 	 1.084057e+00 	 1.320000e+03 	 -1.800000e+03 	 2.000000e+00
6 	 15 	 Ey 	 2 	 1.037613e+00 	 1.560000e+03 	 -1.800000e+03 	 2.000000e+00
6 	 16 	 Ey 	 2 	 7.390668e-01 	 1.800000e+03 	 -1.800000e+03 	 2.000000e+00
6 	 17 	 Ey 	 2 	 1.419147e+00 	 -1.800000e+03 	 -1.560000e+03 	 2.000000e+00
6 	 18 	 Ey 	 2 	 1.824328e+00 	 -1.560000e+03 	 -1.560000e+03 	 2.000000e+00
6 	 19 	 Ey 	 2 	 2.349068e+00 	 -1.320000e+03 	 -1.560000e+03 	 2.000000e+00
6 	 20 	 Ey 	 2 	 1.939634e+00 	 -1.080000e+03 	 -1.560000e+03 	 2.000000e+00
6 	 21 	 Ey 	 2 	 6.680763e-01 	 -8.400000e+02 	 -1.560000e+03 	 2.000000e+00
6 	 22 	 Ey 	 2 	 1.227735e+00 	 -6.000000e+02 	 -1.560000e+03 	 2.000000e+00
6 	 23 	 Ey 	 2 	 4.290063e-01 	 -3.600000e+02 	 -1.560000e+03 	 2.000000e+00
6 	 24 	 Ey 	 2 	 1.489292e+00 	 -1.200000e+02 	 -1.560000e+03 	 2.000000e+00
6 	 25 	 Ey 	 2 	 1.274652e+00 	 1.200000e+02 	 -1.560000e+03 	 2.000000e+00
6 	 26 	 Ey 	 2 	 7.029290e-01 	 3.600000e+02 	 -1.560000e+03 	 2.000000e+00
6 	 27 	 Ey 	 2 	 6.335250e-01 	 6.000000e+02 	 -1.560000e+03 	 2.000000e+00
6 	 28 	 Ey 	 2 	 5.499244e-01 	 8.400000e+02 	 -1.560000e+03 	 2.000000e+00
6 	 29 	 Ey 	 2 	 7.077239e-01 	 1.080000e+03 	 -1.560000e+03 	 2.000000e+00
6 	 30 	 Ey 	 2 	 2.087037e+00 	 1.320000e+03 	 -1.560000e+03 	 2.000000e+00
6 	 31 	 Ey 	 2 	 6.086110e-01 	 1.560000e+03 	 -1.560000e+03 	 2.000000e+00
6 	 32 	 Ey 	 2 	 8.861045e-01 	 1.800000e+03 	 -1.560000e+03 	 2.000000e+00
6 	 33 	 Ey 	 2 	 8.799442e-01 	 -1.800000e+03 	 -1.320000e+03 	 2.000000e+00
6 	 34 	 Ey 	 2 	 1.117693e+00 	 -1.560000e+03 	 -1.320000e+03 	 2.000000e+00
6 	 35 	 Ey 	 2 	 4.419368e-01 	 -1.320000e+03 	 -1.320000e+03 	 2.000000e+00
6 	 36 	 Ey 	 2 	 4.618599e-01 	 -1.080000e+03 	 -1.320000e+03 	 2.000000e+00
6 	 37 	 Ey 	 2 	 5.851726e-01 	 -8.400000e+02 	 -1.320000e+03 	 2.000000e+00
6 	 38 	 Ey 	 2 	 1.160564e+00 	 -6.000000e+02 	 -1.320000e+03 	 2.000000e+00
6 	 39 	 Ey 	 2 	 1.640045e+00 	 -3.600000e+02 	 -1.320000e+03 	 2.000000e+00
6 	 40 	 Ey 	 2 	 1.205583e+00 	 -1.200000e+02 	 -1.320000e+03 	 2.000000e+00
6 	 41 	 Ey 	 2 	 3.914888e-01 	 1.200000e+02 	 -1.320000e+03 	 2.000000e+00
6 	 42 	 Ey 	 2 	 6.726593e-01 	 3.600000e+02 	 -1.320000e+03 	 2.000000e+00
6 	 43 	 Ey 	 2 	 1.054792e+00 	 6.000000e+02 	 -1.320000e+03 	 2.000000e+00
6 	 44 	 Ey 	 2 	 1.046063e+00 	 8.400000e+02 	 -1.320000e+03 	 2.000000e+00
6 	 45 	 Ey 	 2 	 4.658197e-01 	 1.080000e+03 	 -1.320000e+03 	 2.000000e+00
6 	 46 	 Ey 	 2 	 1.864475e+00 	 1.320000e+03 	 -1.320000e+03 	 2.000000e+00
6 	 47 	 Ey 	 2 	 1.119363e+00 	 1.560000e+03 	 -1.320000e+03 	 2.000000e+00
6 	 48 	 Ey 	 2 	 6.475387e-01 	 1.800000e+03 	 -1.320000e+03 	 2.000000e+00
6 	 49 	 Ey 	 2 	 6.499349e-01 	 -1.800000e+03 	 -1.080000e+03 	 2.000000e+00
6 	 50 	 Ey 	 2 	 1.632604e+00 	 -1.560000e+03 	 -1.080000e+03 	 2.000000e+00
6 	 51 	 Ey 	 2 	 1.937696e-01 	 -1.320000e+03 	 -1.080000e+03 	 2.000000e+00
6 	 52 	 Ey 	 2 	 1.293087e+00 	 -1.080000e+03 	 -1.080000e+03 	 2.000000e+00
6 	 53 	 Ey 	 2 	 7.888600e-01 	 -8.400000e+02 	 -1.080000e+03 	 2.000000e+00
6 	 54 	 Ey 	 2 	 0.000000e+00 	 -6.000000e+02 	 -1.080000e+03 	 2.000000e+00
6 	 55 	 Ey 	 2 	 0.000000e+00 	 -3.600000e+02 	 -1.080000e+03 	 2.000000e+00
6 	 56 	 Ey 	 2 	 1.832431e+00 	 -1.200000e+02 	 -1.080000e+03 	 2.000000e+00
6 	 57 	 Ey 	 2 	 1.302395e+00 	 1.200000e+02 	 -1.080000e+03 	 2.000000e+00
6 	 58 	 Ey 	 2 	 1.585672e+00 	 3.600000e+02 	 -1.080000e+03 	 2.000000e+00
6 	 59 	 Ey 	 2 	 8.499777e-02 	 6.000000e+02 	 -1.080000e+03 	 2.000000e+00
6 	 60 	 Ey 	 2 	 1.147951e+00 	 8.400000e+02 	 -1.080000e+03 	 2.000000e+00
6 	 61 	 Ey 	 2 	 5.123408e-01 	 1.080000e+03 	 -1.080000e+03 	 2.000000e+00
6 	 62 	 Ey 	 2 	 8.195003e-01 	 1.320000e+03 	 -1.080000e+03 	 2.000000e+00
6 	 63 	 Ey 	 2 	 9.360765e-01 	 1.560000e+03 	 -1.080000e+03 	 2.000000e+00
6 	 64 	 Ey 	 2 	 1.816998e+00 	 1.800000e+03 	 -1.080000e+03 	 2.000000e+00
6 	 65 	 Ey 	 2 	 1.152579e+00 	 -1.800000e+03 	 -8.400000e+02 	 2.000000e+00
6 	 66 	 Ey 	 2 	 1.035215e+00 	 -1.560000e+03 	 -8.400000e+02 	 2.000000e+00
6 	 67 	 Ey 	 2 	 8.599001e-01 	 -1.320000e+03 	 -8.400000e+02 	 2.000000e+00
6 	 68 	 Ey 	 2 	 1.697217e+00 	 -1.080000e+03 	 -8.400000e+02 	 2.000000e+00
6 	 69 	 Ey 	 2 	 0.000000e+00 	 -8.400000e+02 	 -8.400000e+02 	 2.000000e+00
6 	 70 	 Ey 	 2 	 0.000000e+00 	 -6.000000e+02 	 -8.400000e+02 	 2.000000e+00
6 	 71 	 Ey 	 2 	 0.000000e+00 	 -3.600000e+02 	 -8.400000e+02 	 2.000000e+00
6 	 72 	 Ey 	 2 	 0.000000e+00 	 -1.200000e+02 	 -8.400000e+02 	 2.000000e+00
6 	 73 	 Ey 	 2 	 9.587799e-01 	 1.200000e+02 	 -8.400000e+02 	 2.000000e+00
6 	 74 	 Ey 	 2 	 1.441604e+00 	 3.600000e+02 	 -8.400000e+02 	 2.000000e+00
6 	 75 	 Ey 	 2 	 4.162821e-01 	 6.000000e+02 	 -8.400000e+02 	 2.000000e+00
6 	 76 	 Ey 	 2 	 1.524149e+00 	 8.400000e+02 	 -8.400000e+02 	 2.000000e+00
6 	 77 	 Ey 	 2 	 8.879498e-01 	 1.080000e+03 	 -8.400000e+02 	 2.000000e+00
6 	 78 	 Ey 	 2 	 7.161112e-01 	 1.320000e+03 	 -8.400000e+02 	 2.000000e+00
6 	 79 	 Ey 	 2 	 5.767932e-01 	 1.560000e+03 	 -8.400000e+02 	 2.000000e+00
6 	 80 	 Ey 	 2 	 5.731684e-01 	 1.800000e+03 	 -8.400000e+02 	 2.000000e+00
6 	 81 	 Ey 	 2 	 8.260861e-01 	 -1.800000e+03 	 -6.000000e+02 	 2.000000e+00
6 	 82 	 Ey 	 2 	 8.399809e-01 	 -1.560000e+03 	 -6.000000e+02 	 2.000000e+00
6 	 83 	 Ey 	 2 	 3.033349e-01 	 -1.320000e+03 	 -6.000000e+02 	 2.000000e+00
6 	 84 	 Ey 	 2 	 0.000000e+00 	 -1.080000e+03 	 -6.000000e+02 	 2.000000e+00
6 	 85 	 Ey 	 2 	 0.000000e+00 	 -8.400000e+02 	 -6.000000e+02 	 2.000000e+00
6 	 86 	 Ey 	 2 	 0.000000e+00 	 -6.000000e+02 	 -6.000000e+02 	 2.000000e+00
6 	 87 	 Ey 	 2 	 0.000000e+00 	 -3.600000e+02 	 -6.000000e+02 	 2.000000e+00
6 	 88 	 Ey 	 2 	 0.000000e+00 	 -1.200000e+02 	 -6.000000e+02 	 2.000000e+00
6 	 89 	 Ey 	 2 	 1.181960e+00 	 1.200000e+02 	 -6.000000e+02 	 2.000000e+00
6 	 90 	 Ey 	 2 	 1.265483e+00 	 3.600000e+02 	 -6.000000e+02 	 2.000000e+00
6 	 91 	 Ey 	 2 	 3.637410e-02 	 6.000000e+02 	 -6.000000e+02 	 2.000000e+00
6 	 92 	 Ey 	 2 	 5.633994e-01 	 8.400000e+02 	 -6.000000e+02 	 2.000000e+00
6 	 93 	 Ey 	 2 	 1.626827e+00 	 1.080000e+03 	 -6.000000e+02 	 2.000000e+00
6 	 94 	 Ey 	 2 	 2.021263e+00 	 1.320000e+03 	 -6.000000e+02 	 2.000000e+00
6 	 95 	 Ey 	 2 	 6.672845e-01 	 1.560000e+03 	 -6.000000e+02 	 2.000000e+00
6 	 96 	 Ey 	 2 	 1.382054e+00 	 1.800000e+03 	 -6.000000e+02 	 2.000000e+00
6 	 97 	 Ey 	 2 	 1.976527e+00 	 -1.800000e+03 	 -3.600000e+02 	 2.000000e+00
6 	 98 	 Ey 	 2 	 2.569726e+00 	 -1.560000e+03 	 -3.600000e+02 	 2.000000e+00
6 	 99 	 Ey 	 2 	 1.711746e+00 	 -1.320000e+03 	 -3.600000e+02 	 2.000000e+00
6 	 100 	 Ey 	 2 	 0.000000e+00 	 -1.080000e+03 	 -3.600000e+02 	 2.000000e+00
6 	 101 	 Ey 	 2 	 0.000000e+00 	 -8.400000e+02 	 -3.600000e+02 	 2.000000e+00
6 	 102 	 Ey 	 2 	 0.000000e+00 	 -6.000000e+02 	 -3.600000e+02 	 2.000000e+00
6 	 103 	 Ey 	 2 	 0.000000e+00 	 -3.600000e+02 	 -3.600000e+02 	 2.000000e+00
6 	 104 	 Ey 	 2 	 0.000000e+00 	 -1.200000e+02 	 -3.600000e+02 	 2.000000e+00
6 	 105 	 Ey 	 2 	 1.319401e+00 	 1.200000e+02 	 -3.600000e+02 	 2.000000e+00
6 	 106 	 Ey 	 2 	 5.484680e-01 	 3.600000e+02 	 -3.600000e+02 	 2.000000e+00
6 	 107 	 Ey 	 2 	 9.383464e-01 	 6.000000e+02 	 -3.600000e+02 	 2.000000e+00
6 	 108 	 Ey 	 2 	 9.449669e-01 	 8.400000e+02 	 -3.600000e+02 	 2.000000e+00
6 	 109 	 Ey 	 2 	 4.731767e-01 	 1.080000e+03 	 -3.600000e+02 	 2.000000e+00
6 	 110 	 Ey 	 2 	 6.345496e-01 	 1.320000e+03 	 -3.600000e+02 	 2.000000e+00
6 	 111 	 Ey 	 2 	 1.129182e+00 	 1.560000e+03 	 -3.600000e+02 	 2.000000e+00
6 	 112 	 Ey 	 2 	 1.937679e+00 	 1.800000e+03 	 -3.600000e+02 	 2.000000e+00
6 	 113 	 Ey 	 2 	 5.793279e-01 	 -1.800000e+03 	 -1.200000e+02 	 2.000000e+00
6 	 114 	 Ey 	 2 	 1.645348e+00 	 -1.560000e+03 	 -1.200000e+02 	 2.000000e+00
6 	 115 	 Ey 	 2 	 1.390571e+00 	 -1.320000e+03 	 -1.200000e+02 	 2.000000e+00
6 	 116 	 Ey 	 2 	 2.260265e+00 	 -1.080000e+03 	 -1.200000e+02 	 2.000000e+00
6 	 117 	 Ey 	 2 	 0.000000e+00 	 -8.400000e+02 	 -1.200000e+02 	 2.000000e+00
6 	 118 	 Ey 	 2 	 0.000000e+00 	 -6.000000e+02 	 -1.200000e+02 	 2.000000e+00
6 	 119 	 Ey 	 2 	 0.000000e+00 	 -3.600000e+02 	 -1.200000e+02 	 2.000000e+00
6 	 120 	 Ey 	 2 	 0.000000e+00 	 -1.200000e+02 	 -1.200000e+02 	 2.000000e+00
6 	 121 	 Ey 	 2 	 4.612528e-01 	 1.200000e+02 	 -1.200000e+02 	 2.000000e+00
6 	 122 	 Ey 	 2 	 9.129049e-01 	 3.600000e+02 	 -1.200000e+02 	 2.000000e+00
6 	 123 	 Ey 	 2 	 5.401919e-01 	 6.000000e+02 	 -1.200000e+02 	 2.000000e+00
6 	 124 	 Ey 	 2 	 2.234145e+00 	 8.400000e+02 	 -1.200000e+02 	 2.000000e+00
6 	 125 	 Ey 	 2 	 4.158696e-01 	 1.080000e+03 	 -1.200000e+02 	 2.000000e+00
6 	 126 	 Ey 	 2 	 2.071274e+00 	 1.320000e+03 	 -1.200000e+02 	 2.000000e+00
6 	 127 	 Ey 	 2 	 7.044360e-01 	 1.560000e+03 	 -1.200000e+02 	 2.000000e+00
6 	 128 	 Ey 	 2 	 8.271999e-01 	 1.800000e+03 	 -1.200000e+02 	 2.000000e+00
6 	 129 	 Ey 	 2 	 1.425212e+00 	 -1.800000e+03 	 1.200000e+02 	 2.000000e+00
6 	 130 	 Ey 	 2 	 1.962892e+00 	 -1.560000e+03 	 1.200000e+02 	 2.000000e+00
6 	 131 	 Ey 	 2 	 2.268202e+00 	 -1.320000e+03 	 1.200000e+02 	 2.000000e+00
6 	 132 	 Ey 	 2 	 1.732211e+00 	 -1.080000e+03 	 1.200000e+02 	 2.000000e+00
6 	 133 	 Ey 	 2 	 2.066913e+00 	 -8.400000e+02 	 1.200000e+02 	 2.000000e+00
6 	 134 	 Ey 	 2 	 1.816371e+00 	 -6.000000e+02 	 1.200000e+02 	 2.000000e+00
6 	 135 	 Ey 	 2 	 7.518111e-01 	 -3.600000e+02 	 1.200000e+02 	 2.000000e+00
6 	 136 	 Ey 	 2 	 4.274191e-01 	 -1.200000e+02 	 1.200000e+02 	 2.000000e+00
6 	 137 	 Ey 	 2 	 1.479279e+00 	 1.200000e+02 	 1.200000e+02 	 2.000000e+00
6 	 138 	 Ey 	 2 	 6.413863e-01 	 3.600000e+02 	 1.200000e+02 	 2.000000e+00
6 	 139 	 Ey 	 2 	 2.120279e+00 	 6.000000e+02 	 1.200000e+02 	 2.000000e+00
6 	 140 	 Ey 	 2 	 1.948908e+00 	 8.400000e+02 	 1.200000e+02 	 2.000000e+00
6 	 141 	 Ey 	 2 	 6.585907e-01 	 1.080000e+03 	 1.200000e+02 	 2.000000e+00
6 	 142 	 Ey 	 2 	 2.091208e+00 	 1.320000e+03 	 1.200000e+02 	 2.000000e+00
6 	 143 	 Ey 	 2 	 1.912711e+00 	 1.560000e+03 	 1.200000e+02 	 2.000000e+00
6 	 144 	 Ey 	 2 	 1.514667e+00 	 1.800000e+03 	 1.200000e+02 	 2.000000e+00
6 	 145 	 Ey 	 2 	 8.469241e-01 	 -1.800000e+03 	 3.600000e+02 	 2.000000e+00
6 	 146 	 Ey 	 2 	 4.850553e-01 	 -1.560000e+03 	 3.600000e+02 	 2.000000e+00
6 	 147 	 Ey 	 2 	 1.577134e+00 	 -1.320000e+03 	 3.600000e+02 	 2.000000e+00
6 	 148 	 Ey 	 2 	 1.095399e+00 	 -1.080000e+03 	 3.600000e+02 	 2.000000e+00
6 	 149 	 Ey 	 2 	 1.863612e+00 	 -8.400000e+02 	 3.600000e+02 	 2.000000e+00
6 	 150 	 Ey 	 2 	 1.615539e+00 	 -6.000000e+02 	 3.600000e+02 	 2.000000e+00
6 	 151 	 Ey 	 2 	 1.812431e+00 	 -3.600000e+02 	 3.600000e+02 	 2.000000e+00
6 	 152 	 Ey 	 2 	 9.619122e-01 	 -1.200000e+02 	 3.600000e+02 	 2.000000e+00
6 	 153 	 Ey 	 2 	 1.060938e+00 	 1.200000e+02 	 3.600000e+02 	 2.000000e+00
6 	 154 	 Ey 	 2 	 1.028030e+00 	 3.600000e+02 	 3.600000e+02 	 2.000000e+00
6 	 155 	 Ey 	 2 	 1.518388e+00 	 6.000000e+02 	 3.600000e+02 	 2.000000e+00
6 	 156 	 Ey 	 2 	 1.272264e+00 	 8.400000e+02 	 3.600000e+02 	 2.000000e+00
6 	 157 	 Ey 	 2 	 7.387919e-01 	 1.080000e+03 	 3.600000e+02 	 2.000000e+00
6 	 158 	 Ey 	 2 	 1.642649e+00 	 1.320000e+03 	 3.600000e+02 	 2.000000e+00
6 	 159 	 Ey 	 2 	 2.264296e-01 	 1.560000e+03 	 3.600000e+02 	 2.000000e+00
6 	 160 	 Ey 	 2 	 1.899942e+00 	 1.800000e+03 	 3.600000e+02 	 2.000000e+00
6 	 161 	 Ey 	 2 	 1.457331e+00 	 -1.800000e+03 	 6.000000e+02 	 2.000000e+00
6 	 162 	 Ey 	 2 	 9.500788e-01 	 -1.560000e+03 	 6.000000e+02 	 2.000000e+00
6 	 163 	 Ey 	 2 	 2.115062e+00 	 -1.320000e+03 	 6.000000e+02 	 2.000000e+00
6 	 164 	 Ey 	 2 	 2.091547e+00 	 -1.080000e+03 	 6.000000e+02 	 2.000000e+00
6 	 165 	 Ey 	 2 	 1.674586e+00 	 -8.400000e+02 	 6.000000e+02 	 2.000000e+00
6 	 166 	 Ey 	 2 	 1.397158e+00 	 -6.000000e+02 	 6.000000e+02 	 2.000000e+00
6 	 167 	 Ey 	 2 	 3.444310e-01 	 -3.600000e+02 	 6.000000e+02 	 2.000000e+00
6 	 168 	 Ey 	 2 	 1.140789e+00 	 -1.200000e+02 	 6.000000e+02 	 2.000000e+00
6 	 169 	 Ey 	 2 	 5.226504e-01 	 1.200000e+02 	 6.000000e+02 	 2.000000e+00
6 	 170 	 Ey 	 2 	 2.136409e+00 	 3.600000e+02 	 6.000000e+02 	 2.000000e+00
6 	 171 	 Ey 	 2 	 1.283080e+00 	 6.000000e+02 	 6.000000e+02 	 2.000000e+00
6 	 172 	 Ey 	 2 	 1.150381e+00 	 8.400000e+02 	 6.000000e+02 	 2.000000e+00
6 	 173 	 Ey 	 2 	 1.330220e+00 	 1.080000e+03 	 6.000000e+02 	 2.000000e+00
6 	 174 	 Ey 	 2 	 1.402576e+00 	 1.320000e+03 	 6.000000e+02 	 2.000000e+00
6 	 175 	 Ey 	 2 	 1.410269e+00 	 1.560000e+03 	 6.000000e+02 	 2.000000e+00
6 	 176 	 Ey 	 2 	 6.295160e-01 	 1.800000e+03 	 6.000000e+02 	 2.000000e+00
6 	 177 	 Ey 	 2 	 2.035194e+00 	 -1.800000e+03 	 8.400000e+02 	 2.000000e+00
6 	 178 	 Ey 	 2 	 7.814357e-01 	 -1.560000e+03 	 8.400000e+02 	 2.000000e+00
6 	 179 	 Ey 	 2 	 5.680152e-01 	 -1.320000e+03 	 8.400000e+02 	 2.000000e+00
6 	 180 	 Ey 	 2 	 1.412419e+00 	 -1.080000e+03 	 8.400000e+02 	 2.000000e+00
6 	 181 	 Ey 	 2 	 1.807273e+00 	 -8.400000e+02 	 8.400000e+02 	 2.000000e+00
6 	 182 	 Ey 	 2 	 1.236990e+00 	 -6.000000e+02 	 8.400000e+02 	 2.000000e+00
6 	 183 	 Ey 	 2 	 1.866992e+00 	 -3.600000e+02 	 8.400000e+02 	 2.000000e+00
6 	 184 	 Ey 	 2 	 1.138715e+00 	 -1.200000e+02 	 8.400000e+02 	 2.000000e+00
6 	 185 	 Ey 	 2 	 1.463879e+00 	 1.200000e+02 	 8.400000e+02 	 2.000000e+00
6 	 186 	 Ey 	 2 	 3.974369e-01 	 3.600000e+02 	 8.400000e+02 	 2.000000e+00
6 	 187 	 Ey 	 2 	 1.404054e+00 	 6.000000e+02 	 8.400000e+02 	 2.000000e+00
6 	 188 	 Ey 	 2 	 5.058489e-01 	 8.400000e+02 	 8.400000e+02 	 2.000000e+00
6 	 189 	 Ey 	 2 	 6.788336e-01 	 1.080000e+03 	 8.400000e+02 	 2.000000e+00
6 	 190 	 Ey 	 2 	 1.017063e+00 	 1.320000e+03 	 8.400000e+02 	 2.000000e+00
6 	 191 	 Ey 	 2 	 9.953269e-01 	 1.560000e+03 	 8.400000e+02 	 2.000000e+00
6 	 192 	 Ey 	 2 	 1.220588e+00 	 1.800000e+03 	 8.400000e+02 	 2.000000e+00
6 	 193 	 Ey 	 2 	 1.180876e+00 	 -1.800000e+03 	 1.080000e+03 	 2.000000e+00
6 	 194 	 Ey 	 2 	 5.710616e-01 	 -1.560000e+03 	 1.080000e+03 	 2.000000e+00
6 	 195 	 Ey 	 2 	 2.649857e-01 	 -1.320000e+03 	 1.080000e+03 	 2.000000e+00
6 	 196 	 Ey 	 2 	 3.555166e-01 	 -1.080000e+03 	 1.080000e+03 	 2.000000e+00
6 	 197 	 Ey 	 2 	 1.088559e-01 	 -8.400000e+02 	 1.080000e+03 	 2.000000e+00
6 	 198 	 Ey 	 2 	 1.593490e+00 	 -6.000000e+02 	 1.080000e+03 	 2.000000e+00
6 	 199 	 Ey 	 2 	 1.583033e+00 	 -3.600000e+02 	 1.080000e+03 	 2.000000e+00
6 	 200 	 Ey 	 2 	 8.299061e-01 	 -1.200000e+02 	 1.080000e+03 	 2.000000e+00
6 	 201 	 Ey 	 2 	 1.443082e+00 	 1.200000e+02 	 1.080000e+03 	 2.000000e+00
6 	 202 	 Ey 	 2 	 5.984543e-01 	 3.600000e+02 	 1.080000e+03 	 2.000000e+00
6 	 203 	 Ey 	 2 	 1.565397e+00 	 6.000000e+02 	 1.080000e+03 	 2.000000e+00
6 	 204 	 Ey 	 2 	 6.109033e-01 	 8.400000e+02 	 1.080000e+03 	 2.000000e+00
6 	 205 	 Ey 	 2 	 2.698782e-01 	 1.080000e+03 	 1.080000e+03 	 2.000000e+00
6 	 206 	 Ey 	 2 	 1.658025e+00 	 1.320000e+03 	 1.080000e+03 	 2.000000e+00
6 	 207 	 Ey 	 2 	 4.249308e-01 	 1.560000e+03 	 1.080000e+03 	 2.000000e+00
6 	 208 	 Ey 	 2 	 9.373153e-01 	 1.800000e+03 	 1.080000e+03 	 2.000000e+00
6 	 209 	 Ey 	 2 	 1.769558e+00 	 -1.800000e+03 	 1.320000e+03 	 2.000000e+00
6 	 210 	 Ey 	 2 	 7.395840e-01 	 -1.560000e+03 	 1.320000e+03 	 2.000000e+00
6 	 211 	 Ey 	 2 	 7.045070e-01 	 -1.320000e+03 	 1.320000e+03 	 2.000000e+00
6 	 212 	 Ey 	 2 	 9.293069e-01 	 -1.080000e+03 	 1.320000e+03 	 2.000000e+00
6 	 213 	 Ey 	 2 	 4.743180e-01 	 -8.400000e+02 	 1.320000e+03 	 2.000000e+00
6 	 214 	 Ey 	 2 	 1.278178e+00 	 -6.000000e+02 	 1.320000e+03 	 2.000000e+00
6 	 215 	 Ey 	 2 	 1.763088e+00 	 -3.600000e+02 	 1.320000e+03 	 2.000000e+00
6 	 216 	 Ey 	 2 	 5.908392e-01 	 -1.200000e+02 	 1.320000e+03 	 2.000000e+00
6 	 217 	 Ey 	 2 	 9.764745e-01 	 1.200000e+02 	 1.320000e+03 	 2.000000e+00
6 	 218 	 Ey 	 2 	 1.693025e+00 	 3.600000e+02 	 1.320000e+03 	 2.000000e+00
6 	 219 	 Ey 	 2 	 1.329455e+00 	 6.000000e+02 	 1.320000e+03 	 2.000000e+00
6 	 220 	 Ey 	 2 	 1.527805e+00 	 8.400000e+02 	 1.320000e+03 	 2.000000e+00
6 	 221 	 Ey 	 2 	 1.430331e+00 	 1.080000e+03 	 1.320000e+03 	 2.000000e+00
6 	 222 	 Ey 	 2 	 5.203288e-01 	 1.320000e+03 	 1.320000e+03 	 2.000000e+00
6 	 223 	 Ey 	 2 	 1.049935e+00 	 1.560000e+03 	 1.320000e+03 	 2.000000e+00
6 	 224 	 Ey 	 2 	 1.714343e+00 	 1.800000e+03 	 1.320000e+03 	 2.000000e+00
6 	 225 	 Ey 	 2 	 8.998002e-02 	 -1.800000e+03 	 1.560000e+03 	 2.000000e+00
6 	 226 	 Ey 	 2 	 1.228848e+00 	 -1.560000e+03 	 1.560000e+03 	 2.000000e+00
6 	 227 	 Ey 	 2 	 1.408502e+00 	 -1.320000e+03 	 1.560000e+03 	 2.000000e+00
6 	 228 	 Ey 	 2 	 2.125149e+00 	 -1.080000e+03 	 1.560000e+03 	 2.000000e+00
6 	 229 	 Ey 	 2 	 6.611766e-01 	 -8.400000e+02 	 1.560000e+03 	 2.000000e+00
6 	 230 	 Ey 	 2 	 4.316272e-01 	 -6.000000e+02 	 1.560000e+03 	 2.000000e+00
6 	 231 	 Ey 	 2 	 1.347514e+00 	 -3.600000e+02 	 1.560000e+03 	 2.000000e+00
6 	 232 	 Ey 	 2 	 5.436736e-01 	 -1.200000e+02 	 1.560000e+03 	 2.000000e+00
6 	 233 	 Ey 	 2 	 1.425249e+00 	 1.200000e+02 	 1.560000e+03 	 2.000000e+00
6 	 234 	 Ey 	 2 	 1.189875e+00 	 3.600000e+02 	 1.560000e+03 	 2.000000e+00
6 	 235 	 Ey 	 2 	 1.858058e+00 	 6.000000e+02 	 1.560000e+03 	 2.000000e+00
6 	 236 	 Ey 	 2 	 5.224181e-01 	 8.400000e+02 	 1.560000e+03 	 2.000000e+00
6 	 237 	 Ey 	 2 	 1.659676e+00 	 1.080000e+03 	 1.560000e+03 	 2.000000e+00
6 	 238 	 Ey 	 2 	 1.273489e+00 	 1.320000e+03 	 1.560000e+03 	 2.000000e+00
6 	 239 	 Ey 	 2 	 1.506968e+00 	 1.560000e+03 	 1.560000e+03 	 2.000000e+00
6 	 240 	 Ey 	 2 	 2.839465e-01 	 1.800000e+03 	 1.560000e+03 	 2.000000e+00
6 	 241 	 Ey 	 2 	 1.443215e+00 	 -1.800000e+03 	 1.800000e+03 	 2.000000e+00
6 	 242 	 Ey 	 2 	 1.008720e+00 	 -1.560000e+03 	 1.800000e+03 	 2.000000e+00
6 	 243 	 Ey 	 2 	 1.733771e+00 	 -1.320000e+03 	 1.800000e+03 	 2.000000e+00
6 	 244 	 Ey 	 2 	 2.356287e+00 	 -1.080000e+03 	 1.800000e+03 	 2.000000e+00
6 	 245 	 Ey 	 2 	 1.627851e+00 	 -8.400000e+02 	 1.800000e+03 	 2.000000e+00
6 	 246 	 Ey 	 2 	 1.843083e+00 	 -6.000000e+02 	 1.800000e+03 	 2.000000e+00
6 	 247 	 Ey 	 2 	 8.202896e-01 	 -3.600000e+02 	 1.800000e+03 	 2.000000e+00
6 	 248 	 Ey 	 2 	 9.028577e-01 	 -1.200000e+02 	 1.800000e+03 	 2.000000e+00
6 	 249 	 Ey 	 2 	 9.957811e-01 	 1.200000e+02 	 1.800000e+03 	 2.000000e+00
6 	 250 	 Ey 	 2 	 1.920346e+00 	 3.600000e+02 	 1.800000e+03 	 2.000000e+00
6 	 251 	 Ey 	 2 	 1.560730e+00 	 6.000000e+02 	 1.800000e+03 	 2.000000e+00
6 	 252 	 Ey 	 2 	 1.256855e+00 	 8.400000e+02 	 1.800000e+03 	 2.000000e+00
6 	 253 	 Ey 	 2 	 1.148069e+00 	 1.080000e+03 	 1.800000e+03 	 2.000000e+00
6 	 254 	 Ey 	 2 	 1.719479e-01 	 1.320000e+03 	 1.800000e+03 	 2.000000e+00
6 	 255 	 Ey 	 2 	 7.315545e-01 	 1.560000e+03 	 1.800000e+03 	 2.000000e+00
6 	 256 	 Ey 	 2 	 9.010715e-01 	 1.800000e+03 	 1.800000e+03 	 2.000000e+00
