iTx 	 iRx    chrec  ifreq 	 emf_real 	 emf_imag
13 	 1 	 Ex 	 1 	 -3.641153e-11 	 1.001270e-11
13 	 2 	 Ex 	 1 	 -4.077623e-11 	 9.802817e-12
13 	 3 	 Ex 	 1 	 -3.527553e-11 	 9.608208e-12
13 	 4 	 Ex 	 1 	 -3.245682e-11 	 9.271607e-12
13 	 5 	 Ex 	 1 	 -2.877092e-11 	 9.062124e-12
13 	 6 	 Ex 	 1 	 -2.505507e-11 	 8.954743e-12
13 	 7 	 Ex 	 1 	 -2.087196e-11 	 8.863805e-12
13 	 8 	 Ex 	 1 	 -1.714226e-11 	 8.717587e-12
13 	 9 	 Ex 	 1 	 -1.424305e-11 	 8.472875e-12
13 	 10 	 Ex 	 1 	 -1.164009e-11 	 7.886114e-12
13 	 11 	 Ex 	 1 	 -9.819923e-12 	 7.282091e-12
13 	 12 	 Ex 	 1 	 -8.330079e-12 	 6.447068e-12
13 	 13 	 Ex 	 1 	 -6.914168e-12 	 5.500976e-12
13 	 14 	 Ex 	 1 	 -6.052988e-12 	 4.782465e-12
13 	 15 	 Ex 	 1 	 -4.696907e-12 	 3.931422e-12
13 	 16 	 Ex 	 1 	 -4.230959e-12 	 3.358908e-12
13 	 17 	 Ex 	 1 	 -4.385277e-11 	 1.211061e-11
13 	 18 	 Ex 	 1 	 -4.865579e-11 	 1.176898e-11
13 	 19 	 Ex 	 1 	 -4.215114e-11 	 1.148290e-11
13 	 20 	 Ex 	 1 	 -3.906885e-11 	 1.121272e-11
13 	 21 	 Ex 	 1 	 -3.307481e-11 	 1.071349e-11
13 	 22 	 Ex 	 1 	 -2.727555e-11 	 1.046359e-11
13 	 23 	 Ex 	 1 	 -2.212148e-11 	 1.054215e-11
13 	 24 	 Ex 	 1 	 -1.688254e-11 	 1.042099e-11
13 	 25 	 Ex 	 1 	 -1.338647e-11 	 1.020229e-11
13 	 26 	 Ex 	 1 	 -1.089396e-11 	 9.662528e-12
13 	 27 	 Ex 	 1 	 -9.000012e-12 	 8.684162e-12
13 	 28 	 Ex 	 1 	 -7.415571e-12 	 7.699681e-12
13 	 29 	 Ex 	 1 	 -6.262138e-12 	 6.595805e-12
13 	 30 	 Ex 	 1 	 -5.243236e-12 	 5.590930e-12
13 	 31 	 Ex 	 1 	 -4.021115e-12 	 4.539584e-12
13 	 32 	 Ex 	 1 	 -3.709797e-12 	 3.845914e-12
13 	 33 	 Ex 	 1 	 -5.356079e-11 	 1.480669e-11
13 	 34 	 Ex 	 1 	 -6.037578e-11 	 1.464685e-11
13 	 35 	 Ex 	 1 	 -5.190944e-11 	 1.410212e-11
13 	 36 	 Ex 	 1 	 -4.647676e-11 	 1.329468e-11
13 	 37 	 Ex 	 1 	 -3.863913e-11 	 1.265801e-11
13 	 38 	 Ex 	 1 	 -3.008305e-11 	 1.234039e-11
13 	 39 	 Ex 	 1 	 -2.257733e-11 	 1.256782e-11
13 	 40 	 Ex 	 1 	 -1.620796e-11 	 1.245996e-11
13 	 41 	 Ex 	 1 	 -1.244004e-11 	 1.231201e-11
13 	 42 	 Ex 	 1 	 -9.270085e-12 	 1.132565e-11
13 	 43 	 Ex 	 1 	 -7.684878e-12 	 1.052043e-11
13 	 44 	 Ex 	 1 	 -5.924176e-12 	 9.180742e-12
13 	 45 	 Ex 	 1 	 -4.703107e-12 	 7.757901e-12
13 	 46 	 Ex 	 1 	 -4.028397e-12 	 6.440036e-12
13 	 47 	 Ex 	 1 	 -3.115716e-12 	 5.266444e-12
13 	 48 	 Ex 	 1 	 -2.630008e-12 	 4.337991e-12
13 	 49 	 Ex 	 1 	 -6.559683e-11 	 1.835688e-11
13 	 50 	 Ex 	 1 	 -7.410871e-11 	 1.803011e-11
13 	 51 	 Ex 	 1 	 -6.438179e-11 	 1.736941e-11
13 	 52 	 Ex 	 1 	 -5.678675e-11 	 1.625915e-11
13 	 53 	 Ex 	 1 	 -4.490849e-11 	 1.507753e-11
13 	 54 	 Ex 	 1 	 -3.318232e-11 	 1.450706e-11
13 	 55 	 Ex 	 1 	 -2.316058e-11 	 1.455680e-11
13 	 56 	 Ex 	 1 	 -1.513055e-11 	 1.464102e-11
13 	 57 	 Ex 	 1 	 -1.104283e-11 	 1.433944e-11
13 	 58 	 Ex 	 1 	 -8.021096e-12 	 1.358612e-11
13 	 59 	 Ex 	 1 	 -5.580749e-12 	 1.250985e-11
13 	 60 	 Ex 	 1 	 -3.454495e-12 	 1.098766e-11
13 	 61 	 Ex 	 1 	 -2.712029e-12 	 9.210839e-12
13 	 62 	 Ex 	 1 	 -2.124823e-12 	 7.457555e-12
13 	 63 	 Ex 	 1 	 -1.833267e-12 	 6.064731e-12
13 	 64 	 Ex 	 1 	 -1.383380e-12 	 4.884310e-12
13 	 65 	 Ex 	 1 	 -8.082972e-11 	 2.288075e-11
13 	 66 	 Ex 	 1 	 -9.119162e-11 	 2.240388e-11
13 	 67 	 Ex 	 1 	 -8.168409e-11 	 2.209975e-11
13 	 68 	 Ex 	 1 	 -6.777232e-11 	 1.996287e-11
13 	 69 	 Ex 	 1 	 -5.183676e-11 	 1.832489e-11
13 	 70 	 Ex 	 1 	 -3.686528e-11 	 1.731254e-11
13 	 71 	 Ex 	 1 	 -2.228615e-11 	 1.642509e-11
13 	 72 	 Ex 	 1 	 -1.445591e-11 	 1.687341e-11
13 	 73 	 Ex 	 1 	 -9.574194e-12 	 1.654740e-11
13 	 74 	 Ex 	 1 	 -5.541154e-12 	 1.564498e-11
13 	 75 	 Ex 	 1 	 -2.221958e-12 	 1.448738e-11
13 	 76 	 Ex 	 1 	 -2.473131e-13 	 1.291714e-11
13 	 77 	 Ex 	 1 	 3.867635e-13 	 1.097099e-11
13 	 78 	 Ex 	 1 	 2.745165e-13 	 8.598395e-12
13 	 79 	 Ex 	 1 	 4.409371e-13 	 6.877797e-12
13 	 80 	 Ex 	 1 	 2.302386e-13 	 5.396960e-12
13 	 81 	 Ex 	 1 	 -1.043729e-10 	 2.925763e-11
13 	 82 	 Ex 	 1 	 -1.162999e-10 	 2.875074e-11
13 	 83 	 Ex 	 1 	 -1.021008e-10 	 2.822682e-11
13 	 84 	 Ex 	 1 	 -8.452444e-11 	 2.603079e-11
13 	 85 	 Ex 	 1 	 -5.916012e-11 	 2.276838e-11
13 	 86 	 Ex 	 1 	 -4.002395e-11 	 2.056982e-11
13 	 87 	 Ex 	 1 	 -2.319414e-11 	 1.898751e-11
13 	 88 	 Ex 	 1 	 -1.367640e-11 	 1.889578e-11
13 	 89 	 Ex 	 1 	 -7.434917e-12 	 1.887841e-11
13 	 90 	 Ex 	 1 	 -2.353431e-12 	 1.786396e-11
13 	 91 	 Ex 	 1 	 2.290373e-12 	 1.646192e-11
13 	 92 	 Ex 	 1 	 3.659681e-12 	 1.484253e-11
13 	 93 	 Ex 	 1 	 4.234572e-12 	 1.241628e-11
13 	 94 	 Ex 	 1 	 3.607215e-12 	 9.939063e-12
13 	 95 	 Ex 	 1 	 2.908564e-12 	 7.427284e-12
13 	 96 	 Ex 	 1 	 2.359959e-12 	 6.024328e-12
13 	 97 	 Ex 	 1 	 -1.351790e-10 	 3.701867e-11
13 	 98 	 Ex 	 1 	 -1.500379e-10 	 3.661440e-11
13 	 99 	 Ex 	 1 	 -1.294285e-10 	 3.628443e-11
13 	 100 	 Ex 	 1 	 -1.060777e-10 	 3.427384e-11
13 	 101 	 Ex 	 1 	 -6.862525e-11 	 2.906123e-11
13 	 102 	 Ex 	 1 	 -4.145577e-11 	 2.516120e-11
13 	 103 	 Ex 	 1 	 -2.230503e-11 	 2.186105e-11
13 	 104 	 Ex 	 1 	 -1.061009e-11 	 2.091383e-11
13 	 105 	 Ex 	 1 	 -2.806153e-12 	 2.097384e-11
13 	 106 	 Ex 	 1 	 2.700058e-12 	 1.975154e-11
13 	 107 	 Ex 	 1 	 6.767634e-12 	 1.829584e-11
13 	 108 	 Ex 	 1 	 9.618178e-12 	 1.692825e-11
13 	 109 	 Ex 	 1 	 8.904133e-12 	 1.411652e-11
13 	 110 	 Ex 	 1 	 7.826040e-12 	 1.105016e-11
13 	 111 	 Ex 	 1 	 6.064920e-12 	 8.540623e-12
13 	 112 	 Ex 	 1 	 4.539809e-12 	 6.716722e-12
13 	 113 	 Ex 	 1 	 -1.805206e-10 	 4.720921e-11
13 	 114 	 Ex 	 1 	 -2.080345e-10 	 4.851227e-11
13 	 115 	 Ex 	 1 	 -1.735508e-10 	 4.758217e-11
13 	 116 	 Ex 	 1 	 -1.323849e-10 	 4.425595e-11
13 	 117 	 Ex 	 1 	 -7.621104e-11 	 3.692929e-11
13 	 118 	 Ex 	 1 	 -3.950956e-11 	 3.016138e-11
13 	 119 	 Ex 	 1 	 -1.624036e-11 	 2.526823e-11
13 	 120 	 Ex 	 1 	 -4.478106e-12 	 2.316650e-11
13 	 121 	 Ex 	 1 	 4.914167e-12 	 2.347447e-11
13 	 122 	 Ex 	 1 	 1.113611e-11 	 2.246260e-11
13 	 123 	 Ex 	 1 	 1.491741e-11 	 2.053003e-11
13 	 124 	 Ex 	 1 	 1.654311e-11 	 1.877083e-11
13 	 125 	 Ex 	 1 	 1.533868e-11 	 1.591770e-11
13 	 126 	 Ex 	 1 	 1.210828e-11 	 1.225155e-11
13 	 127 	 Ex 	 1 	 9.547678e-12 	 9.472812e-12
13 	 128 	 Ex 	 1 	 7.408838e-12 	 7.354274e-12
13 	 129 	 Ex 	 1 	 -2.583291e-10 	 6.130065e-11
13 	 130 	 Ex 	 1 	 -2.978969e-10 	 6.331365e-11
13 	 131 	 Ex 	 1 	 -2.422759e-10 	 6.256783e-11
13 	 132 	 Ex 	 1 	 -1.646036e-10 	 5.766930e-11
13 	 133 	 Ex 	 1 	 -7.790823e-11 	 4.727132e-11
13 	 134 	 Ex 	 1 	 -2.631981e-11 	 3.692801e-11
13 	 135 	 Ex 	 1 	 -3.172567e-12 	 2.942936e-11
13 	 136 	 Ex 	 1 	 9.750586e-12 	 2.596654e-11
13 	 137 	 Ex 	 1 	 1.822656e-11 	 2.588775e-11
13 	 138 	 Ex 	 1 	 2.422305e-11 	 2.501815e-11
13 	 139 	 Ex 	 1 	 2.592164e-11 	 2.247695e-11
13 	 140 	 Ex 	 1 	 2.529549e-11 	 2.041166e-11
13 	 141 	 Ex 	 1 	 2.230910e-11 	 1.741020e-11
13 	 142 	 Ex 	 1 	 1.739045e-11 	 1.327054e-11
13 	 143 	 Ex 	 1 	 1.318322e-11 	 1.023456e-11
13 	 144 	 Ex 	 1 	 1.029880e-11 	 7.947428e-12
13 	 145 	 Ex 	 1 	 -3.992557e-10 	 8.144094e-11
13 	 146 	 Ex 	 1 	 -4.657524e-10 	 8.377712e-11
13 	 147 	 Ex 	 1 	 -3.597280e-10 	 8.257720e-11
13 	 148 	 Ex 	 1 	 -2.002344e-10 	 7.592817e-11
13 	 149 	 Ex 	 1 	 -5.202485e-11 	 6.068430e-11
13 	 150 	 Ex 	 1 	 7.971188e-12 	 4.655877e-11
13 	 151 	 Ex 	 1 	 3.271948e-11 	 3.456550e-11
13 	 152 	 Ex 	 1 	 3.544139e-11 	 2.946356e-11
13 	 153 	 Ex 	 1 	 3.883550e-11 	 2.826350e-11
13 	 154 	 Ex 	 1 	 4.109093e-11 	 2.670420e-11
13 	 155 	 Ex 	 1 	 3.962398e-11 	 2.439239e-11
13 	 156 	 Ex 	 1 	 3.560564e-11 	 2.198963e-11
13 	 157 	 Ex 	 1 	 2.990321e-11 	 1.844648e-11
13 	 158 	 Ex 	 1 	 2.302531e-11 	 1.425781e-11
13 	 159 	 Ex 	 1 	 1.727321e-11 	 1.082483e-11
13 	 160 	 Ex 	 1 	 1.309956e-11 	 8.370536e-12
13 	 161 	 Ex 	 1 	 -6.965684e-10 	 1.106604e-10
13 	 162 	 Ex 	 1 	 -8.388401e-10 	 1.141746e-10
13 	 163 	 Ex 	 1 	 -5.852825e-10 	 1.132221e-10
13 	 164 	 Ex 	 1 	 -2.118781e-10 	 9.978247e-11
13 	 165 	 Ex 	 1 	 3.931013e-11 	 7.800136e-11
13 	 166 	 Ex 	 1 	 1.149624e-10 	 5.754886e-11
13 	 167 	 Ex 	 1 	 9.817413e-11 	 4.038771e-11
13 	 168 	 Ex 	 1 	 8.144835e-11 	 3.346924e-11
13 	 169 	 Ex 	 1 	 7.300887e-11 	 3.154577e-11
13 	 170 	 Ex 	 1 	 6.280113e-11 	 2.847226e-11
13 	 171 	 Ex 	 1 	 5.610499e-11 	 2.626295e-11
13 	 172 	 Ex 	 1 	 4.810110e-11 	 2.337889e-11
13 	 173 	 Ex 	 1 	 3.851328e-11 	 1.937189e-11
13 	 174 	 Ex 	 1 	 2.886225e-11 	 1.494920e-11
13 	 175 	 Ex 	 1 	 2.095089e-11 	 1.110858e-11
13 	 176 	 Ex 	 1 	 1.607527e-11 	 8.788521e-12
13 	 177 	 Ex 	 1 	 -1.336917e-09 	 1.562074e-10
13 	 178 	 Ex 	 1 	 -1.856337e-09 	 1.652134e-10
13 	 179 	 Ex 	 1 	 -9.762299e-10 	 1.556712e-10
13 	 180 	 Ex 	 1 	 -4.834046e-11 	 1.294543e-10
13 	 181 	 Ex 	 1 	 3.148136e-10 	 1.001148e-10
13 	 182 	 Ex 	 1 	 3.368380e-10 	 7.228678e-11
13 	 183 	 Ex 	 1 	 2.289629e-10 	 4.841824e-11
13 	 184 	 Ex 	 1 	 1.570677e-10 	 3.851146e-11
13 	 185 	 Ex 	 1 	 1.180501e-10 	 3.434327e-11
13 	 186 	 Ex 	 1 	 9.301074e-11 	 3.090972e-11
13 	 187 	 Ex 	 1 	 7.536040e-11 	 2.778627e-11
13 	 188 	 Ex 	 1 	 5.988793e-11 	 2.409378e-11
13 	 189 	 Ex 	 1 	 4.698664e-11 	 2.013528e-11
13 	 190 	 Ex 	 1 	 3.445185e-11 	 1.538474e-11
13 	 191 	 Ex 	 1 	 2.523763e-11 	 1.190405e-11
13 	 192 	 Ex 	 1 	 1.858353e-11 	 9.261787e-12
13 	 193 	 Ex 	 1 	 -2.831940e-09 	 2.404885e-10
13 	 194 	 Ex 	 1 	 -5.617042e-09 	 2.615564e-10
13 	 195 	 Ex 	 1 	 -1.280924e-09 	 2.274416e-10
13 	 196 	 Ex 	 1 	 1.002407e-09 	 1.689722e-10
13 	 197 	 Ex 	 1 	 1.028582e-09 	 1.216234e-10
13 	 198 	 Ex 	 1 	 7.197331e-10 	 8.617068e-11
13 	 199 	 Ex 	 1 	 4.430162e-10 	 6.007093e-11
13 	 200 	 Ex 	 1 	 2.644180e-10 	 4.499835e-11
13 	 201 	 Ex 	 1 	 1.732291e-10 	 3.732184e-11
13 	 202 	 Ex 	 1 	 1.240698e-10 	 3.266981e-11
13 	 203 	 Ex 	 1 	 9.272601e-11 	 2.847071e-11
13 	 204 	 Ex 	 1 	 7.059228e-11 	 2.424705e-11
13 	 205 	 Ex 	 1 	 5.262926e-11 	 1.973753e-11
13 	 206 	 Ex 	 1 	 3.806780e-11 	 1.536858e-11
13 	 207 	 Ex 	 1 	 2.821888e-11 	 1.217741e-11
13 	 208 	 Ex 	 1 	 2.087554e-11 	 9.595004e-12
13 	 209 	 Ex 	 1 	 5.775457e-10 	 4.159585e-10
13 	 210 	 Ex 	 1 	 -3.352977e-08 	 5.125483e-10
13 	 211 	 Ex 	 1 	 6.989061e-09 	 3.543832e-10
13 	 212 	 Ex 	 1 	 5.139739e-09 	 2.167161e-10
13 	 213 	 Ex 	 1 	 2.381662e-09 	 1.421610e-10
13 	 214 	 Ex 	 1 	 1.224028e-09 	 9.911719e-11
13 	 215 	 Ex 	 1 	 6.744221e-10 	 7.104801e-11
13 	 216 	 Ex 	 1 	 3.776769e-10 	 5.176036e-11
13 	 217 	 Ex 	 1 	 2.271801e-10 	 4.031956e-11
13 	 218 	 Ex 	 1 	 1.532708e-10 	 3.428088e-11
13 	 219 	 Ex 	 1 	 1.083196e-10 	 2.934368e-11
13 	 220 	 Ex 	 1 	 7.830612e-11 	 2.425620e-11
13 	 221 	 Ex 	 1 	 5.742676e-11 	 1.980258e-11
13 	 222 	 Ex 	 1 	 4.145062e-11 	 1.560815e-11
13 	 223 	 Ex 	 1 	 3.005657e-11 	 1.227166e-11
13 	 224 	 Ex 	 1 	 2.221498e-11 	 9.813803e-12
13 	 225 	 Ex 	 1 	 1.014705e-07 	 7.524367e-10
13 	 226 	 Ex 	 1 	 -2.661504e-06 	 3.363115e-09
13 	 227 	 Ex 	 1 	 7.397008e-08 	 5.269656e-10
13 	 228 	 Ex 	 1 	 1.150403e-08 	 2.555984e-10
13 	 229 	 Ex 	 1 	 3.501884e-09 	 1.525784e-10
13 	 230 	 Ex 	 1 	 1.528622e-09 	 1.053722e-10
13 	 231 	 Ex 	 1 	 7.947971e-10 	 7.636804e-11
13 	 232 	 Ex 	 1 	 4.410922e-10 	 5.624454e-11
13 	 233 	 Ex 	 1 	 2.610487e-10 	 4.338640e-11
13 	 234 	 Ex 	 1 	 1.699241e-10 	 3.560171e-11
13 	 235 	 Ex 	 1 	 1.138954e-10 	 2.909214e-11
13 	 236 	 Ex 	 1 	 8.176991e-11 	 2.432050e-11
13 	 237 	 Ex 	 1 	 5.800103e-11 	 1.942330e-11
13 	 238 	 Ex 	 1 	 4.194312e-11 	 1.552726e-11
13 	 239 	 Ex 	 1 	 2.981528e-11 	 1.202701e-11
13 	 240 	 Ex 	 1 	 2.258365e-11 	 9.905026e-12
13 	 241 	 Ex 	 1 	 1.868302e-08 	 5.173441e-10
13 	 242 	 Ex 	 1 	 -8.387453e-08 	 7.101349e-10
13 	 243 	 Ex 	 1 	 2.076214e-08 	 4.169587e-10
13 	 244 	 Ex 	 1 	 7.754457e-09 	 2.381285e-10
13 	 245 	 Ex 	 1 	 2.945387e-09 	 1.497699e-10
13 	 246 	 Ex 	 1 	 1.384943e-09 	 1.050467e-10
13 	 247 	 Ex 	 1 	 7.431468e-10 	 7.706621e-11
13 	 248 	 Ex 	 1 	 4.274445e-10 	 5.769148e-11
13 	 249 	 Ex 	 1 	 2.565028e-10 	 4.427686e-11
13 	 250 	 Ex 	 1 	 1.648299e-10 	 3.519652e-11
13 	 251 	 Ex 	 1 	 1.119954e-10 	 2.889420e-11
13 	 252 	 Ex 	 1 	 7.897709e-11 	 2.369836e-11
13 	 253 	 Ex 	 1 	 5.618995e-11 	 1.907018e-11
13 	 254 	 Ex 	 1 	 4.136315e-11 	 1.558216e-11
13 	 255 	 Ex 	 1 	 2.968360e-11 	 1.228013e-11
13 	 256 	 Ex 	 1 	 2.220815e-11 	 9.950616e-12
13 	 1 	 Ex 	 2 	 -4.584866e-11 	 1.520772e-12
13 	 2 	 Ex 	 2 	 -4.990472e-11 	 1.645142e-12
13 	 3 	 Ex 	 2 	 -4.407412e-11 	 1.917061e-12
13 	 4 	 Ex 	 2 	 -4.082927e-11 	 2.448831e-12
13 	 5 	 Ex 	 2 	 -3.684147e-11 	 3.006943e-12
13 	 6 	 Ex 	 2 	 -3.289678e-11 	 3.400607e-12
13 	 7 	 Ex 	 2 	 -2.856524e-11 	 3.770853e-12
13 	 8 	 Ex 	 2 	 -2.458059e-11 	 3.777287e-12
13 	 9 	 Ex 	 2 	 -2.123463e-11 	 3.377640e-12
13 	 10 	 Ex 	 2 	 -1.783241e-11 	 2.699656e-12
13 	 11 	 Ex 	 2 	 -1.516563e-11 	 1.953328e-12
13 	 12 	 Ex 	 2 	 -1.265732e-11 	 1.272810e-12
13 	 13 	 Ex 	 2 	 -1.020090e-11 	 7.343106e-13
13 	 14 	 Ex 	 2 	 -8.456165e-12 	 3.137204e-13
13 	 15 	 Ex 	 2 	 -6.304085e-12 	 7.521456e-14
13 	 16 	 Ex 	 2 	 -5.219978e-12 	 -1.539074e-13
13 	 17 	 Ex 	 2 	 -5.687657e-11 	 3.003477e-12
13 	 18 	 Ex 	 2 	 -6.121140e-11 	 3.259123e-12
13 	 19 	 Ex 	 2 	 -5.419366e-11 	 3.655998e-12
13 	 20 	 Ex 	 2 	 -5.057660e-11 	 4.217976e-12
13 	 21 	 Ex 	 2 	 -4.390537e-11 	 4.940447e-12
13 	 22 	 Ex 	 2 	 -3.771241e-11 	 5.454623e-12
13 	 23 	 Ex 	 2 	 -3.251155e-11 	 6.059265e-12
13 	 24 	 Ex 	 2 	 -2.695108e-11 	 5.902831e-12
13 	 25 	 Ex 	 2 	 -2.288567e-11 	 5.136651e-12
13 	 26 	 Ex 	 2 	 -1.943615e-11 	 4.019633e-12
13 	 27 	 Ex 	 2 	 -1.620072e-11 	 2.759433e-12
13 	 28 	 Ex 	 2 	 -1.333347e-11 	 1.836265e-12
13 	 29 	 Ex 	 2 	 -1.086103e-11 	 1.114175e-12
13 	 30 	 Ex 	 2 	 -8.602157e-12 	 5.644777e-13
13 	 31 	 Ex 	 2 	 -6.287082e-12 	 1.791057e-13
13 	 32 	 Ex 	 2 	 -5.142413e-12 	 -1.775970e-13
13 	 33 	 Ex 	 2 	 -7.135999e-11 	 5.578091e-12
13 	 34 	 Ex 	 2 	 -7.784975e-11 	 5.796576e-12
13 	 35 	 Ex 	 2 	 -6.856139e-11 	 6.343234e-12
13 	 36 	 Ex 	 2 	 -6.183336e-11 	 6.849482e-12
13 	 37 	 Ex 	 2 	 -5.289804e-11 	 7.696751e-12
13 	 38 	 Ex 	 2 	 -4.375935e-11 	 8.583124e-12
13 	 39 	 Ex 	 2 	 -3.628941e-11 	 9.321748e-12
13 	 40 	 Ex 	 2 	 -2.947814e-11 	 8.706535e-12
13 	 41 	 Ex 	 2 	 -2.500808e-11 	 7.263316e-12
13 	 42 	 Ex 	 2 	 -2.026910e-11 	 5.351519e-12
13 	 43 	 Ex 	 2 	 -1.728466e-11 	 3.746236e-12
13 	 44 	 Ex 	 2 	 -1.378764e-11 	 2.553317e-12
13 	 45 	 Ex 	 2 	 -1.081907e-11 	 1.612546e-12
13 	 46 	 Ex 	 2 	 -8.506171e-12 	 8.479250e-13
13 	 47 	 Ex 	 2 	 -6.178877e-12 	 2.433373e-13
13 	 48 	 Ex 	 2 	 -4.623382e-12 	 -1.398868e-13
13 	 49 	 Ex 	 2 	 -8.985163e-11 	 1.025575e-11
13 	 50 	 Ex 	 2 	 -9.784690e-11 	 1.012302e-11
13 	 51 	 Ex 	 2 	 -8.698380e-11 	 1.041729e-11
13 	 52 	 Ex 	 2 	 -7.746374e-11 	 1.093243e-11
13 	 53 	 Ex 	 2 	 -6.363911e-11 	 1.196836e-11
13 	 54 	 Ex 	 2 	 -5.079823e-11 	 1.312338e-11
13 	 55 	 Ex 	 2 	 -4.038088e-11 	 1.339234e-11
13 	 56 	 Ex 	 2 	 -3.186147e-11 	 1.190237e-11
13 	 57 	 Ex 	 2 	 -2.670302e-11 	 9.383549e-12
13 	 58 	 Ex 	 2 	 -2.215638e-11 	 6.922892e-12
13 	 59 	 Ex 	 2 	 -1.795975e-11 	 4.963585e-12
13 	 60 	 Ex 	 2 	 -1.379931e-11 	 3.524079e-12
13 	 61 	 Ex 	 2 	 -1.078276e-11 	 2.274942e-12
13 	 62 	 Ex 	 2 	 -7.952676e-12 	 1.205441e-12
13 	 63 	 Ex 	 2 	 -5.878526e-12 	 4.334471e-13
13 	 64 	 Ex 	 2 	 -4.027749e-12 	 -2.811162e-14
13 	 65 	 Ex 	 2 	 -1.135240e-10 	 1.797256e-11
13 	 66 	 Ex 	 2 	 -1.230930e-10 	 1.745802e-11
13 	 67 	 Ex 	 2 	 -1.128605e-10 	 1.747641e-11
13 	 68 	 Ex 	 2 	 -9.534622e-11 	 1.758956e-11
13 	 69 	 Ex 	 2 	 -7.651139e-11 	 1.862115e-11
13 	 70 	 Ex 	 2 	 -5.950530e-11 	 1.953918e-11
13 	 71 	 Ex 	 2 	 -4.292013e-11 	 1.798953e-11
13 	 72 	 Ex 	 2 	 -3.478740e-11 	 1.511230e-11
13 	 73 	 Ex 	 2 	 -2.859923e-11 	 1.147889e-11
13 	 74 	 Ex 	 2 	 -2.288762e-11 	 8.498592e-12
13 	 75 	 Ex 	 2 	 -1.764213e-11 	 6.394357e-12
13 	 76 	 Ex 	 2 	 -1.335874e-11 	 4.721090e-12
13 	 77 	 Ex 	 2 	 -1.008740e-11 	 3.189217e-12
13 	 78 	 Ex 	 2 	 -7.222650e-12 	 1.763638e-12
13 	 79 	 Ex 	 2 	 -4.769046e-12 	 7.778702e-13
13 	 80 	 Ex 	 2 	 -3.138824e-12 	 1.497831e-13
13 	 81 	 Ex 	 2 	 -1.486687e-10 	 3.010853e-11
13 	 82 	 Ex 	 2 	 -1.596907e-10 	 2.972488e-11
13 	 83 	 Ex 	 2 	 -1.443354e-10 	 2.947113e-11
13 	 84 	 Ex 	 2 	 -1.228265e-10 	 2.947286e-11
13 	 85 	 Ex 	 2 	 -9.177584e-11 	 2.873989e-11
13 	 86 	 Ex 	 2 	 -6.848980e-11 	 2.770352e-11
13 	 87 	 Ex 	 2 	 -4.825002e-11 	 2.354949e-11
13 	 88 	 Ex 	 2 	 -3.733278e-11 	 1.810539e-11
13 	 89 	 Ex 	 2 	 -3.013493e-11 	 1.363314e-11
13 	 90 	 Ex 	 2 	 -2.311116e-11 	 1.020412e-11
13 	 91 	 Ex 	 2 	 -1.631668e-11 	 7.995630e-12
13 	 92 	 Ex 	 2 	 -1.244234e-11 	 6.084473e-12
13 	 93 	 Ex 	 2 	 -8.517269e-12 	 4.184232e-12
13 	 94 	 Ex 	 2 	 -5.793465e-12 	 2.531005e-12
13 	 95 	 Ex 	 2 	 -3.331902e-12 	 1.222253e-12
13 	 96 	 Ex 	 2 	 -1.857027e-12 	 3.508012e-13
13 	 97 	 Ex 	 2 	 -1.932242e-10 	 4.813621e-11
13 	 98 	 Ex 	 2 	 -2.072107e-10 	 4.832146e-11
13 	 99 	 Ex 	 2 	 -1.857072e-10 	 4.897206e-11
13 	 100 	 Ex 	 2 	 -1.585242e-10 	 4.815511e-11
13 	 101 	 Ex 	 2 	 -1.120068e-10 	 4.402765e-11
13 	 102 	 Ex 	 2 	 -7.772841e-11 	 3.876112e-11
13 	 103 	 Ex 	 2 	 -5.226061e-11 	 3.001408e-11
13 	 104 	 Ex 	 2 	 -3.775876e-11 	 2.121065e-11
13 	 105 	 Ex 	 2 	 -2.902918e-11 	 1.571941e-11
13 	 106 	 Ex 	 2 	 -2.133169e-11 	 1.198780e-11
13 	 107 	 Ex 	 2 	 -1.495429e-11 	 9.600693e-12
13 	 108 	 Ex 	 2 	 -9.828974e-12 	 7.741040e-12
13 	 109 	 Ex 	 2 	 -6.524422e-12 	 5.475292e-12
13 	 110 	 Ex 	 2 	 -3.343942e-12 	 3.368263e-12
13 	 111 	 Ex 	 2 	 -1.606423e-12 	 1.735391e-12
13 	 112 	 Ex 	 2 	 -5.919593e-13 	 5.750799e-13
13 	 113 	 Ex 	 2 	 -2.551905e-10 	 7.554164e-11
13 	 114 	 Ex 	 2 	 -2.847065e-10 	 7.878004e-11
13 	 115 	 Ex 	 2 	 -2.482609e-10 	 7.888643e-11
13 	 116 	 Ex 	 2 	 -2.013113e-10 	 7.523369e-11
13 	 117 	 Ex 	 2 	 -1.323780e-10 	 6.501955e-11
13 	 118 	 Ex 	 2 	 -8.389935e-11 	 5.223772e-11
13 	 119 	 Ex 	 2 	 -5.193360e-11 	 3.801017e-11
13 	 120 	 Ex 	 2 	 -3.555619e-11 	 2.481442e-11
13 	 121 	 Ex 	 2 	 -2.563064e-11 	 1.844291e-11
13 	 122 	 Ex 	 2 	 -1.747226e-11 	 1.458363e-11
13 	 123 	 Ex 	 2 	 -1.055716e-11 	 1.175688e-11
13 	 124 	 Ex 	 2 	 -6.008942e-12 	 9.622419e-12
13 	 125 	 Ex 	 2 	 -2.932775e-12 	 7.021017e-12
13 	 126 	 Ex 	 2 	 -9.736211e-13 	 4.267067e-12
13 	 127 	 Ex 	 2 	 5.284114e-13 	 2.198862e-12
13 	 128 	 Ex 	 2 	 1.367766e-12 	 8.366016e-13
13 	 129 	 Ex 	 2 	 -3.536654e-10 	 1.176767e-10
13 	 130 	 Ex 	 2 	 -3.961114e-10 	 1.231386e-10
13 	 131 	 Ex 	 2 	 -3.390965e-10 	 1.234108e-10
13 	 132 	 Ex 	 2 	 -2.535810e-10 	 1.145825e-10
13 	 133 	 Ex 	 2 	 -1.497056e-10 	 9.475584e-11
13 	 134 	 Ex 	 2 	 -8.124253e-11 	 7.085923e-11
13 	 135 	 Ex 	 2 	 -4.564562e-11 	 4.783267e-11
13 	 136 	 Ex 	 2 	 -2.642060e-11 	 2.943217e-11
13 	 137 	 Ex 	 2 	 -1.683797e-11 	 2.170115e-11
13 	 138 	 Ex 	 2 	 -8.849548e-12 	 1.764592e-11
13 	 139 	 Ex 	 2 	 -3.084465e-12 	 1.427583e-11
13 	 140 	 Ex 	 2 	 -2.210605e-13 	 1.166960e-11
13 	 141 	 Ex 	 2 	 1.500413e-12 	 8.579395e-12
13 	 142 	 Ex 	 2 	 2.611848e-12 	 5.132332e-12
13 	 143 	 Ex 	 2 	 2.973136e-12 	 2.660953e-12
13 	 144 	 Ex 	 2 	 3.472656e-12 	 1.050263e-12
13 	 145 	 Ex 	 2 	 -5.197168e-10 	 1.830629e-10
13 	 146 	 Ex 	 2 	 -5.888516e-10 	 1.915699e-10
13 	 147 	 Ex 	 2 	 -4.818420e-10 	 1.886872e-10
13 	 148 	 Ex 	 2 	 -3.130483e-10 	 1.728438e-10
13 	 149 	 Ex 	 2 	 -1.420443e-10 	 1.357965e-10
13 	 150 	 Ex 	 2 	 -6.092913e-11 	 9.801773e-11
13 	 151 	 Ex 	 2 	 -1.803891e-11 	 6.018029e-11
13 	 152 	 Ex 	 2 	 -7.141342e-12 	 3.564953e-11
13 	 153 	 Ex 	 2 	 -9.200954e-13 	 2.567417e-11
13 	 154 	 Ex 	 2 	 4.447619e-12 	 2.077379e-11
13 	 155 	 Ex 	 2 	 7.074413e-12 	 1.710561e-11
13 	 156 	 Ex 	 2 	 7.234931e-12 	 1.386280e-11
13 	 157 	 Ex 	 2 	 7.184612e-12 	 9.947598e-12
13 	 158 	 Ex 	 2 	 6.598770e-12 	 6.036878e-12
13 	 159 	 Ex 	 2 	 6.094254e-12 	 3.046915e-12
13 	 160 	 Ex 	 2 	 5.631520e-12 	 1.210328e-12
13 	 161 	 Ex 	 2 	 -8.456926e-10 	 2.866318e-10
13 	 162 	 Ex 	 2 	 -9.910717e-10 	 2.999257e-10
13 	 163 	 Ex 	 2 	 -7.392287e-10 	 2.940819e-10
13 	 164 	 Ex 	 2 	 -3.504065e-10 	 2.546473e-10
13 	 165 	 Ex 	 2 	 -7.142396e-11 	 1.922460e-10
13 	 166 	 Ex 	 2 	 3.137432e-11 	 1.311794e-10
13 	 167 	 Ex 	 2 	 3.820699e-11 	 7.476978e-11
13 	 168 	 Ex 	 2 	 3.153747e-11 	 4.446796e-11
13 	 169 	 Ex 	 2 	 2.700142e-11 	 3.200381e-11
13 	 170 	 Ex 	 2 	 2.245704e-11 	 2.467536e-11
13 	 171 	 Ex 	 2 	 1.999005e-11 	 2.029020e-11
13 	 172 	 Ex 	 2 	 1.716634e-11 	 1.595367e-11
13 	 173 	 Ex 	 2 	 1.414622e-11 	 1.117960e-11
13 	 174 	 Ex 	 2 	 1.130279e-11 	 6.737290e-12
13 	 175 	 Ex 	 2 	 9.181814e-12 	 3.334374e-12
13 	 176 	 Ex 	 2 	 8.092180e-12 	 1.304766e-12
13 	 177 	 Ex 	 2 	 -1.517645e-09 	 4.580072e-10
13 	 178 	 Ex 	 2 	 -2.043913e-09 	 4.904581e-10
13 	 179 	 Ex 	 2 	 -1.159851e-09 	 4.539197e-10
13 	 180 	 Ex 	 2 	 -2.102100e-10 	 3.648747e-10
13 	 181 	 Ex 	 2 	 1.811620e-10 	 2.663830e-10
13 	 182 	 Ex 	 2 	 2.351096e-10 	 1.755587e-10
13 	 183 	 Ex 	 2 	 1.571050e-10 	 9.641024e-11
13 	 184 	 Ex 	 2 	 9.859940e-11 	 5.732215e-11
13 	 185 	 Ex 	 2 	 6.675678e-11 	 3.943041e-11
13 	 186 	 Ex 	 2 	 4.811594e-11 	 2.997378e-11
13 	 187 	 Ex 	 2 	 3.630511e-11 	 2.356143e-11
13 	 188 	 Ex 	 2 	 2.736956e-11 	 1.762859e-11
13 	 189 	 Ex 	 2 	 2.128606e-11 	 1.216540e-11
13 	 190 	 Ex 	 2 	 1.619038e-11 	 7.115249e-12
13 	 191 	 Ex 	 2 	 1.245370e-11 	 3.738760e-12
13 	 192 	 Ex 	 2 	 1.002720e-11 	 1.436587e-12
13 	 193 	 Ex 	 2 	 -3.051114e-09 	 7.837421e-10
13 	 194 	 Ex 	 2 	 -5.844091e-09 	 8.649302e-10
13 	 195 	 Ex 	 2 	 -1.495882e-09 	 7.336920e-10
13 	 196 	 Ex 	 2 	 8.179220e-10 	 5.152985e-10
13 	 197 	 Ex 	 2 	 8.776200e-10 	 3.432078e-10
13 	 198 	 Ex 	 2 	 6.027437e-10 	 2.199751e-10
13 	 199 	 Ex 	 2 	 3.553555e-10 	 1.296344e-10
13 	 200 	 Ex 	 2 	 1.960777e-10 	 7.550704e-11
13 	 201 	 Ex 	 2 	 1.167682e-10 	 4.850852e-11
13 	 202 	 Ex 	 2 	 7.588483e-11 	 3.488976e-11
13 	 203 	 Ex 	 2 	 5.211949e-11 	 2.592292e-11
13 	 204 	 Ex 	 2 	 3.740284e-11 	 1.866541e-11
13 	 205 	 Ex 	 2 	 2.710939e-11 	 1.220911e-11
13 	 206 	 Ex 	 2 	 1.972763e-11 	 7.049344e-12
13 	 207 	 Ex 	 2 	 1.516960e-11 	 3.708984e-12
13 	 208 	 Ex 	 2 	 1.193059e-11 	 1.495494e-12
13 	 209 	 Ex 	 2 	 3.211752e-10 	 1.479803e-09
13 	 210 	 Ex 	 2 	 -3.379636e-08 	 1.860949e-09
13 	 211 	 Ex 	 2 	 6.746211e-09 	 1.239696e-09
13 	 212 	 Ex 	 2 	 4.935707e-09 	 7.009555e-10
13 	 213 	 Ex 	 2 	 2.216490e-09 	 4.171357e-10
13 	 214 	 Ex 	 2 	 1.093715e-09 	 2.613351e-10
13 	 215 	 Ex 	 2 	 5.726969e-10 	 1.611529e-10
13 	 216 	 Ex 	 2 	 2.996988e-10 	 9.495894e-11
13 	 217 	 Ex 	 2 	 1.658336e-10 	 5.812635e-11
13 	 218 	 Ex 	 2 	 1.021659e-10 	 3.975280e-11
13 	 219 	 Ex 	 2 	 6.607578e-11 	 2.813802e-11
13 	 220 	 Ex 	 2 	 4.484991e-11 	 1.919814e-11
13 	 221 	 Ex 	 2 	 3.169877e-11 	 1.233083e-11
13 	 222 	 Ex 	 2 	 2.283057e-11 	 6.971953e-12
13 	 223 	 Ex 	 2 	 1.697333e-11 	 3.476427e-12
13 	 224 	 Ex 	 2 	 1.311965e-11 	 1.417864e-12
13 	 225 	 Ex 	 2 	 1.011756e-07 	 2.828483e-09
13 	 226 	 Ex 	 2 	 -2.661557e-06 	 1.309913e-08
13 	 227 	 Ex 	 2 	 7.369993e-08 	 1.929487e-09
13 	 228 	 Ex 	 2 	 1.128534e-08 	 8.500391e-10
13 	 229 	 Ex 	 2 	 3.331237e-09 	 4.552718e-10
13 	 230 	 Ex 	 2 	 1.392315e-09 	 2.806922e-10
13 	 231 	 Ex 	 2 	 6.863309e-10 	 1.755960e-10
13 	 232 	 Ex 	 2 	 3.570631e-10 	 1.080224e-10
13 	 233 	 Ex 	 2 	 1.951526e-10 	 6.656464e-11
13 	 234 	 Ex 	 2 	 1.165663e-10 	 4.381915e-11
13 	 235 	 Ex 	 2 	 7.183402e-11 	 2.860976e-11
13 	 236 	 Ex 	 2 	 4.820431e-11 	 1.939963e-11
13 	 237 	 Ex 	 2 	 3.283843e-11 	 1.189227e-11
13 	 238 	 Ex 	 2 	 2.345546e-11 	 6.757692e-12
13 	 239 	 Ex 	 2 	 1.708584e-11 	 3.124703e-12
13 	 240 	 Ex 	 2 	 1.348373e-11 	 1.236679e-12
13 	 241 	 Ex 	 2 	 1.841555e-08 	 1.886646e-09
13 	 242 	 Ex 	 2 	 -8.414715e-08 	 2.649531e-09
13 	 243 	 Ex 	 2 	 2.050749e-08 	 1.486774e-09
13 	 244 	 Ex 	 2 	 7.542082e-09 	 7.800609e-10
13 	 245 	 Ex 	 2 	 2.775854e-09 	 4.418498e-10
13 	 246 	 Ex 	 2 	 1.247509e-09 	 2.747464e-10
13 	 247 	 Ex 	 2 	 6.333172e-10 	 1.752870e-10
13 	 248 	 Ex 	 2 	 3.413209e-10 	 1.110481e-10
13 	 249 	 Ex 	 2 	 1.893260e-10 	 6.927413e-11
13 	 250 	 Ex 	 2 	 1.121256e-10 	 4.430949e-11
13 	 251 	 Ex 	 2 	 7.017546e-11 	 2.890110e-11
13 	 252 	 Ex 	 2 	 4.639061e-11 	 1.856093e-11
13 	 253 	 Ex 	 2 	 3.164466e-11 	 1.132519e-11
13 	 254 	 Ex 	 2 	 2.296770e-11 	 6.507814e-12
13 	 255 	 Ex 	 2 	 1.683116e-11 	 3.011874e-12
13 	 256 	 Ex 	 2 	 1.324955e-11 	 9.977848e-13
13 	 1 	 Ey 	 1 	 3.246730e-12 	 -9.752978e-13
13 	 2 	 Ey 	 1 	 -1.375304e-12 	 -1.308136e-12
13 	 3 	 Ey 	 1 	 -7.303406e-12 	 -1.530227e-12
13 	 4 	 Ey 	 1 	 -1.229574e-11 	 -1.734657e-12
13 	 5 	 Ey 	 1 	 -1.555511e-11 	 -2.069692e-12
13 	 6 	 Ey 	 1 	 -1.770926e-11 	 -2.279644e-12
13 	 7 	 Ey 	 1 	 -1.871880e-11 	 -2.307772e-12
13 	 8 	 Ey 	 1 	 -1.847675e-11 	 -2.080231e-12
13 	 9 	 Ey 	 1 	 -1.755521e-11 	 -1.632648e-12
13 	 10 	 Ey 	 1 	 -1.610379e-11 	 -1.104126e-12
13 	 11 	 Ey 	 1 	 -1.501684e-11 	 -5.832233e-13
13 	 12 	 Ey 	 1 	 -1.368250e-11 	 -1.068261e-13
13 	 13 	 Ey 	 1 	 -1.252015e-11 	 2.352807e-13
13 	 14 	 Ey 	 1 	 -1.131046e-11 	 5.086965e-13
13 	 15 	 Ey 	 1 	 -1.024752e-11 	 5.592430e-13
13 	 16 	 Ey 	 1 	 -9.541497e-12 	 6.880641e-13
13 	 17 	 Ey 	 1 	 4.896632e-12 	 -8.724467e-13
13 	 18 	 Ey 	 1 	 -2.468710e-12 	 -1.087055e-12
13 	 19 	 Ey 	 1 	 -1.035264e-11 	 -1.375909e-12
13 	 20 	 Ey 	 1 	 -1.664700e-11 	 -1.863736e-12
13 	 21 	 Ey 	 1 	 -2.093933e-11 	 -2.461967e-12
13 	 22 	 Ey 	 1 	 -2.331287e-11 	 -2.811074e-12
13 	 23 	 Ey 	 1 	 -2.413022e-11 	 -2.765978e-12
13 	 24 	 Ey 	 1 	 -2.328909e-11 	 -2.688226e-12
13 	 25 	 Ey 	 1 	 -2.160742e-11 	 -2.193138e-12
13 	 26 	 Ey 	 1 	 -1.976270e-11 	 -1.537023e-12
13 	 27 	 Ey 	 1 	 -1.792856e-11 	 -8.369449e-13
13 	 28 	 Ey 	 1 	 -1.627355e-11 	 -2.852008e-13
13 	 29 	 Ey 	 1 	 -1.456473e-11 	 2.158822e-13
13 	 30 	 Ey 	 1 	 -1.320427e-11 	 5.095565e-13
13 	 31 	 Ey 	 1 	 -1.189526e-11 	 5.344899e-13
13 	 32 	 Ey 	 1 	 -1.069572e-11 	 6.954137e-13
13 	 33 	 Ey 	 1 	 7.894110e-12 	 -8.057836e-13
13 	 34 	 Ey 	 1 	 -1.532574e-12 	 -9.666019e-13
13 	 35 	 Ey 	 1 	 -1.218522e-11 	 -1.285680e-12
13 	 36 	 Ey 	 1 	 -2.117019e-11 	 -1.639828e-12
13 	 37 	 Ey 	 1 	 -2.688656e-11 	 -2.386792e-12
13 	 38 	 Ey 	 1 	 -2.990808e-11 	 -3.049062e-12
13 	 39 	 Ey 	 1 	 -3.021452e-11 	 -3.320978e-12
13 	 40 	 Ey 	 1 	 -2.867056e-11 	 -3.138685e-12
13 	 41 	 Ey 	 1 	 -2.646574e-11 	 -2.642402e-12
13 	 42 	 Ey 	 1 	 -2.402290e-11 	 -2.049464e-12
13 	 43 	 Ey 	 1 	 -2.196484e-11 	 -1.267748e-12
13 	 44 	 Ey 	 1 	 -1.965660e-11 	 -5.914462e-13
13 	 45 	 Ey 	 1 	 -1.718058e-11 	 1.788726e-15
13 	 46 	 Ey 	 1 	 -1.520828e-11 	 3.935020e-13
13 	 47 	 Ey 	 1 	 -1.333252e-11 	 4.991217e-13
13 	 48 	 Ey 	 1 	 -1.176881e-11 	 6.218539e-13
13 	 49 	 Ey 	 1 	 1.118309e-11 	 -3.982768e-13
13 	 50 	 Ey 	 1 	 -6.855225e-13 	 -5.336314e-13
13 	 51 	 Ey 	 1 	 -1.444956e-11 	 -8.357767e-13
13 	 52 	 Ey 	 1 	 -2.587229e-11 	 -1.126847e-12
13 	 53 	 Ey 	 1 	 -3.281395e-11 	 -1.936377e-12
13 	 54 	 Ey 	 1 	 -3.621574e-11 	 -2.538538e-12
13 	 55 	 Ey 	 1 	 -3.666601e-11 	 -2.943780e-12
13 	 56 	 Ey 	 1 	 -3.420477e-11 	 -3.311535e-12
13 	 57 	 Ey 	 1 	 -3.212539e-11 	 -2.932976e-12
13 	 58 	 Ey 	 1 	 -2.984057e-11 	 -2.404065e-12
13 	 59 	 Ey 	 1 	 -2.684462e-11 	 -1.730595e-12
13 	 60 	 Ey 	 1 	 -2.364286e-11 	 -1.099623e-12
13 	 61 	 Ey 	 1 	 -2.028986e-11 	 -2.328421e-13
13 	 62 	 Ey 	 1 	 -1.711058e-11 	 2.202888e-13
13 	 63 	 Ey 	 1 	 -1.469681e-11 	 5.325063e-13
13 	 64 	 Ey 	 1 	 -1.268706e-11 	 6.399754e-13
13 	 65 	 Ey 	 1 	 1.670422e-11 	 2.016108e-13
13 	 66 	 Ey 	 1 	 1.163241e-12 	 4.870997e-14
13 	 67 	 Ey 	 1 	 -1.713962e-11 	 -4.278048e-14
13 	 68 	 Ey 	 1 	 -3.043060e-11 	 -3.728070e-13
13 	 69 	 Ey 	 1 	 -3.782439e-11 	 -1.025254e-12
13 	 70 	 Ey 	 1 	 -4.246053e-11 	 -1.414350e-12
13 	 71 	 Ey 	 1 	 -4.247427e-11 	 -2.197925e-12
13 	 72 	 Ey 	 1 	 -4.078385e-11 	 -2.932218e-12
13 	 73 	 Ey 	 1 	 -3.894584e-11 	 -2.977387e-12
13 	 74 	 Ey 	 1 	 -3.578966e-11 	 -2.588196e-12
13 	 75 	 Ey 	 1 	 -3.135249e-11 	 -2.053965e-12
13 	 76 	 Ey 	 1 	 -2.717479e-11 	 -1.310253e-12
13 	 77 	 Ey 	 1 	 -2.314677e-11 	 -5.159900e-13
13 	 78 	 Ey 	 1 	 -1.930691e-11 	 1.686150e-13
13 	 79 	 Ey 	 1 	 -1.629010e-11 	 4.376999e-13
13 	 80 	 Ey 	 1 	 -1.382209e-11 	 6.215077e-13
13 	 81 	 Ey 	 1 	 2.786335e-11 	 5.338766e-13
13 	 82 	 Ey 	 1 	 4.121244e-12 	 5.504724e-13
13 	 83 	 Ey 	 1 	 -2.091045e-11 	 8.233617e-13
13 	 84 	 Ey 	 1 	 -3.764506e-11 	 6.045511e-13
13 	 85 	 Ey 	 1 	 -4.741200e-11 	 1.190761e-13
13 	 86 	 Ey 	 1 	 -5.118168e-11 	 1.069737e-13
13 	 87 	 Ey 	 1 	 -5.122215e-11 	 -1.011427e-12
13 	 88 	 Ey 	 1 	 -4.950419e-11 	 -1.995395e-12
13 	 89 	 Ey 	 1 	 -4.542483e-11 	 -2.376371e-12
13 	 90 	 Ey 	 1 	 -4.103801e-11 	 -2.219108e-12
13 	 91 	 Ey 	 1 	 -3.627642e-11 	 -2.102193e-12
13 	 92 	 Ey 	 1 	 -3.142134e-11 	 -1.178645e-12
13 	 93 	 Ey 	 1 	 -2.579068e-11 	 -4.977996e-13
13 	 94 	 Ey 	 1 	 -2.127164e-11 	 1.023151e-13
13 	 95 	 Ey 	 1 	 -1.729447e-11 	 3.915098e-13
13 	 96 	 Ey 	 1 	 -1.464442e-11 	 5.248436e-13
13 	 97 	 Ey 	 1 	 4.321904e-11 	 1.011611e-12
13 	 98 	 Ey 	 1 	 9.128627e-12 	 1.070461e-12
13 	 99 	 Ey 	 1 	 -2.867343e-11 	 1.631879e-12
13 	 100 	 Ey 	 1 	 -5.365568e-11 	 1.807984e-12
13 	 101 	 Ey 	 1 	 -6.645576e-11 	 1.407186e-12
13 	 102 	 Ey 	 1 	 -6.984682e-11 	 1.024627e-12
13 	 103 	 Ey 	 1 	 -6.658763e-11 	 3.849869e-13
13 	 104 	 Ey 	 1 	 -6.134078e-11 	 -1.092067e-12
13 	 105 	 Ey 	 1 	 -5.557754e-11 	 -1.823181e-12
13 	 106 	 Ey 	 1 	 -4.865103e-11 	 -1.759496e-12
13 	 107 	 Ey 	 1 	 -4.139935e-11 	 -1.474470e-12
13 	 108 	 Ey 	 1 	 -3.475538e-11 	 -1.099279e-12
13 	 109 	 Ey 	 1 	 -2.782899e-11 	 -1.626025e-13
13 	 110 	 Ey 	 1 	 -2.259067e-11 	 5.356674e-14
13 	 111 	 Ey 	 1 	 -1.868848e-11 	 2.804169e-13
13 	 112 	 Ey 	 1 	 -1.534389e-11 	 5.483977e-13
13 	 113 	 Ey 	 1 	 6.911426e-11 	 1.154483e-12
13 	 114 	 Ey 	 1 	 1.177756e-11 	 1.791253e-12
13 	 115 	 Ey 	 1 	 -4.852135e-11 	 2.568996e-12
13 	 116 	 Ey 	 1 	 -8.448704e-11 	 2.962222e-12
13 	 117 	 Ey 	 1 	 -9.788690e-11 	 2.685407e-12
13 	 118 	 Ey 	 1 	 -9.684927e-11 	 2.328337e-12
13 	 119 	 Ey 	 1 	 -8.876780e-11 	 1.075490e-12
13 	 120 	 Ey 	 1 	 -7.890137e-11 	 -2.682044e-13
13 	 121 	 Ey 	 1 	 -6.879174e-11 	 -1.273455e-12
13 	 122 	 Ey 	 1 	 -5.777259e-11 	 -1.301854e-12
13 	 123 	 Ey 	 1 	 -4.731123e-11 	 -1.132819e-12
13 	 124 	 Ey 	 1 	 -3.801343e-11 	 -6.448889e-13
13 	 125 	 Ey 	 1 	 -3.004931e-11 	 -1.737600e-13
13 	 126 	 Ey 	 1 	 -2.351774e-11 	 2.772238e-13
13 	 127 	 Ey 	 1 	 -1.893018e-11 	 3.527770e-13
13 	 128 	 Ey 	 1 	 -1.543595e-11 	 4.047043e-13
13 	 129 	 Ey 	 1 	 1.163176e-10 	 1.067707e-12
13 	 130 	 Ey 	 1 	 1.479488e-11 	 1.207234e-12
13 	 131 	 Ey 	 1 	 -9.356641e-11 	 2.722311e-12
13 	 132 	 Ey 	 1 	 -1.519541e-10 	 4.070324e-12
13 	 133 	 Ey 	 1 	 -1.602629e-10 	 3.519213e-12
13 	 134 	 Ey 	 1 	 -1.443305e-10 	 2.969486e-12
13 	 135 	 Ey 	 1 	 -1.209421e-10 	 2.301814e-12
13 	 136 	 Ey 	 1 	 -1.007964e-10 	 1.228613e-13
13 	 137 	 Ey 	 1 	 -8.265537e-11 	 -5.885935e-13
13 	 138 	 Ey 	 1 	 -6.581929e-11 	 -8.242916e-13
13 	 139 	 Ey 	 1 	 -5.137492e-11 	 -6.741795e-13
13 	 140 	 Ey 	 1 	 -4.027663e-11 	 -2.618295e-13
13 	 141 	 Ey 	 1 	 -3.121173e-11 	 1.779330e-13
13 	 142 	 Ey 	 1 	 -2.417390e-11 	 3.265348e-13
13 	 143 	 Ey 	 1 	 -1.883789e-11 	 4.969317e-13
13 	 144 	 Ey 	 1 	 -1.534627e-11 	 4.015243e-13
13 	 145 	 Ey 	 1 	 2.047890e-10 	 -1.427575e-13
13 	 146 	 Ey 	 1 	 -1.066504e-12 	 1.274209e-12
13 	 147 	 Ey 	 1 	 -2.067396e-10 	 2.533514e-12
13 	 148 	 Ey 	 1 	 -2.880204e-10 	 3.481299e-12
13 	 149 	 Ey 	 1 	 -2.785553e-10 	 3.083867e-12
13 	 150 	 Ey 	 1 	 -2.260629e-10 	 4.385196e-12
13 	 151 	 Ey 	 1 	 -1.669056e-10 	 2.227733e-12
13 	 152 	 Ey 	 1 	 -1.266113e-10 	 6.763531e-13
13 	 153 	 Ey 	 1 	 -9.583848e-11 	 1.784501e-13
13 	 154 	 Ey 	 1 	 -7.305759e-11 	 -6.630232e-14
13 	 155 	 Ey 	 1 	 -5.516783e-11 	 -3.583931e-14
13 	 156 	 Ey 	 1 	 -4.126437e-11 	 4.119232e-13
13 	 157 	 Ey 	 1 	 -3.084190e-11 	 4.903323e-13
13 	 158 	 Ey 	 1 	 -2.298001e-11 	 4.705070e-13
13 	 159 	 Ey 	 1 	 -1.794405e-11 	 4.761571e-13
13 	 160 	 Ey 	 1 	 -1.453335e-11 	 3.705307e-13
13 	 161 	 Ey 	 1 	 4.619025e-10 	 -2.241302e-12
13 	 162 	 Ey 	 1 	 -6.067030e-11 	 -7.387139e-13
13 	 163 	 Ey 	 1 	 -5.101113e-10 	 2.248649e-13
13 	 164 	 Ey 	 1 	 -6.235486e-10 	 1.489707e-12
13 	 165 	 Ey 	 1 	 -5.249071e-10 	 6.905092e-13
13 	 166 	 Ey 	 1 	 -3.584827e-10 	 8.855944e-13
13 	 167 	 Ey 	 1 	 -2.318702e-10 	 1.479696e-12
13 	 168 	 Ey 	 1 	 -1.601693e-10 	 4.704683e-13
13 	 169 	 Ey 	 1 	 -1.101284e-10 	 5.234665e-13
13 	 170 	 Ey 	 1 	 -7.646170e-11 	 8.186395e-13
13 	 171 	 Ey 	 1 	 -5.468731e-11 	 1.057149e-12
13 	 172 	 Ey 	 1 	 -3.949081e-11 	 9.065297e-13
13 	 173 	 Ey 	 1 	 -2.908211e-11 	 7.126106e-13
13 	 174 	 Ey 	 1 	 -2.181868e-11 	 4.792021e-13
13 	 175 	 Ey 	 1 	 -1.695039e-11 	 2.889463e-13
13 	 176 	 Ey 	 1 	 -1.335993e-11 	 1.757954e-13
13 	 177 	 Ey 	 1 	 1.250442e-09 	 -3.489352e-12
13 	 178 	 Ey 	 1 	 -2.203035e-10 	 -3.793444e-12
13 	 179 	 Ey 	 1 	 -1.404979e-09 	 -8.982155e-13
13 	 180 	 Ey 	 1 	 -1.338816e-09 	 -2.988429e-12
13 	 181 	 Ey 	 1 	 -9.159876e-10 	 -4.871342e-12
13 	 182 	 Ey 	 1 	 -5.564049e-10 	 -4.401012e-12
13 	 183 	 Ey 	 1 	 -3.210500e-10 	 -2.118662e-12
13 	 184 	 Ey 	 1 	 -1.898725e-10 	 -1.970518e-13
13 	 185 	 Ey 	 1 	 -1.187274e-10 	 9.638979e-13
13 	 186 	 Ey 	 1 	 -7.691332e-11 	 1.372100e-12
13 	 187 	 Ey 	 1 	 -5.074070e-11 	 1.516010e-12
13 	 188 	 Ey 	 1 	 -3.443002e-11 	 1.623046e-12
13 	 189 	 Ey 	 1 	 -2.431912e-11 	 1.101110e-12
13 	 190 	 Ey 	 1 	 -1.872769e-11 	 3.302008e-13
13 	 191 	 Ey 	 1 	 -1.412436e-11 	 1.931589e-13
13 	 192 	 Ey 	 1 	 -1.097886e-11 	 1.779984e-13
13 	 193 	 Ey 	 1 	 4.765144e-09 	 -3.707387e-12
13 	 194 	 Ey 	 1 	 -1.112316e-09 	 -5.524200e-12
13 	 195 	 Ey 	 1 	 -4.747064e-09 	 -3.202714e-12
13 	 196 	 Ey 	 1 	 -2.910564e-09 	 -8.020281e-12
13 	 197 	 Ey 	 1 	 -1.426744e-09 	 -1.033319e-11
13 	 198 	 Ey 	 1 	 -7.068546e-10 	 -9.740316e-12
13 	 199 	 Ey 	 1 	 -3.703551e-10 	 -6.238325e-12
13 	 200 	 Ey 	 1 	 -1.954508e-10 	 -1.485351e-12
13 	 201 	 Ey 	 1 	 -1.094119e-10 	 9.250498e-13
13 	 202 	 Ey 	 1 	 -6.264447e-11 	 1.968853e-12
13 	 203 	 Ey 	 1 	 -3.888504e-11 	 1.930451e-12
13 	 204 	 Ey 	 1 	 -2.619362e-11 	 1.551946e-12
13 	 205 	 Ey 	 1 	 -1.840051e-11 	 9.925618e-13
13 	 206 	 Ey 	 1 	 -1.368884e-11 	 5.217347e-13
13 	 207 	 Ey 	 1 	 -1.055457e-11 	 1.375407e-13
13 	 208 	 Ey 	 1 	 -8.574083e-12 	 -1.551695e-14
13 	 209 	 Ey 	 1 	 2.873193e-08 	 -3.604141e-12
13 	 210 	 Ey 	 1 	 -1.595114e-08 	 -1.167129e-11
13 	 211 	 Ey 	 1 	 -2.004689e-08 	 -4.635030e-12
13 	 212 	 Ey 	 1 	 -4.936063e-09 	 -1.041740e-11
13 	 213 	 Ey 	 1 	 -1.533441e-09 	 -1.249131e-11
13 	 214 	 Ey 	 1 	 -6.123424e-10 	 -1.138063e-11
13 	 215 	 Ey 	 1 	 -2.898486e-10 	 -7.421426e-12
13 	 216 	 Ey 	 1 	 -1.464126e-10 	 -2.876966e-12
13 	 217 	 Ey 	 1 	 -7.578036e-11 	 -6.378864e-14
13 	 218 	 Ey 	 1 	 -3.863252e-11 	 1.569160e-12
13 	 219 	 Ey 	 1 	 -2.241324e-11 	 1.580105e-12
13 	 220 	 Ey 	 1 	 -1.444319e-11 	 1.184530e-12
13 	 221 	 Ey 	 1 	 -1.082708e-11 	 4.894252e-13
13 	 222 	 Ey 	 1 	 -8.213361e-12 	 1.840850e-13
13 	 223 	 Ey 	 1 	 -6.293464e-12 	 8.646123e-14
13 	 224 	 Ey 	 1 	 -5.232155e-12 	 -8.397527e-14
13 	 225 	 Ey 	 1 	 4.310371e-08 	 2.286285e-12
13 	 226 	 Ey 	 1 	 -4.547986e-06 	 -1.002606e-10
13 	 227 	 Ey 	 1 	 -1.625933e-08 	 -1.324065e-11
13 	 228 	 Ey 	 1 	 -2.050527e-09 	 -1.539105e-11
13 	 229 	 Ey 	 1 	 -5.380262e-10 	 -9.690288e-12
13 	 230 	 Ey 	 1 	 -2.508665e-10 	 -9.496745e-12
13 	 231 	 Ey 	 1 	 -1.559768e-10 	 -8.034282e-12
13 	 232 	 Ey 	 1 	 -9.210523e-11 	 -3.885160e-12
13 	 233 	 Ey 	 1 	 -5.752415e-11 	 -1.280210e-12
13 	 234 	 Ey 	 1 	 -3.531857e-11 	 6.594470e-13
13 	 235 	 Ey 	 1 	 -2.627203e-11 	 5.964777e-13
13 	 236 	 Ey 	 1 	 -2.076084e-11 	 2.670900e-13
13 	 237 	 Ey 	 1 	 -1.726353e-11 	 5.962038e-14
13 	 238 	 Ey 	 1 	 -1.451804e-11 	 6.112735e-14
13 	 239 	 Ey 	 1 	 -1.260702e-11 	 8.637806e-14
13 	 240 	 Ey 	 1 	 -1.145025e-11 	 -7.133108e-14
13 	 241 	 Ey 	 1 	 -5.688522e-08 	 -6.748654e-12
13 	 242 	 Ey 	 1 	 2.516494e-08 	 9.837549e-12
13 	 243 	 Ey 	 1 	 2.879908e-08 	 2.333910e-12
13 	 244 	 Ey 	 1 	 4.700946e-09 	 -5.806119e-12
13 	 245 	 Ey 	 1 	 1.155719e-09 	 -8.355657e-12
13 	 246 	 Ey 	 1 	 3.841495e-10 	 -7.980851e-12
13 	 247 	 Ey 	 1 	 1.635467e-10 	 -5.919808e-12
13 	 248 	 Ey 	 1 	 7.850848e-11 	 -3.884234e-12
13 	 249 	 Ey 	 1 	 4.404177e-11 	 -2.012117e-12
13 	 250 	 Ey 	 1 	 2.753691e-11 	 -6.780561e-13
13 	 251 	 Ey 	 1 	 1.883264e-11 	 -1.826538e-13
13 	 252 	 Ey 	 1 	 1.217125e-11 	 -2.632226e-13
13 	 253 	 Ey 	 1 	 7.964761e-12 	 -3.144183e-13
13 	 254 	 Ey 	 1 	 5.251597e-12 	 -2.993845e-13
13 	 255 	 Ey 	 1 	 3.091815e-12 	 -4.199991e-13
13 	 256 	 Ey 	 1 	 1.783887e-12 	 -3.930803e-13
13 	 1 	 Ey 	 2 	 3.720711e-12 	 -3.848192e-13
13 	 2 	 Ey 	 2 	 -3.278345e-13 	 -1.164901e-12
13 	 3 	 Ey 	 2 	 -5.730273e-12 	 -1.798409e-12
13 	 4 	 Ey 	 2 	 -1.023448e-11 	 -2.212999e-12
13 	 5 	 Ey 	 2 	 -1.297669e-11 	 -2.271762e-12
13 	 6 	 Ey 	 2 	 -1.485275e-11 	 -1.995021e-12
13 	 7 	 Ey 	 2 	 -1.588904e-11 	 -1.394344e-12
13 	 8 	 Ey 	 2 	 -1.608078e-11 	 -4.828337e-13
13 	 9 	 Ey 	 2 	 -1.583960e-11 	 3.755128e-13
13 	 10 	 Ey 	 2 	 -1.516072e-11 	 1.034638e-12
13 	 11 	 Ey 	 2 	 -1.473470e-11 	 1.380619e-12
13 	 12 	 Ey 	 2 	 -1.399927e-11 	 1.499576e-12
13 	 13 	 Ey 	 2 	 -1.323834e-11 	 1.468492e-12
13 	 14 	 Ey 	 2 	 -1.228146e-11 	 1.354406e-12
13 	 15 	 Ey 	 2 	 -1.135362e-11 	 1.237549e-12
13 	 16 	 Ey 	 2 	 -1.068247e-11 	 1.048278e-12
13 	 17 	 Ey 	 2 	 5.241929e-12 	 -1.904189e-13
13 	 18 	 Ey 	 2 	 -1.550683e-12 	 -1.441291e-12
13 	 19 	 Ey 	 2 	 -8.847798e-12 	 -2.289668e-12
13 	 20 	 Ey 	 2 	 -1.430296e-11 	 -2.948609e-12
13 	 21 	 Ey 	 2 	 -1.769657e-11 	 -3.161179e-12
13 	 22 	 Ey 	 2 	 -1.959434e-11 	 -2.753104e-12
13 	 23 	 Ey 	 2 	 -2.052609e-11 	 -1.682410e-12
13 	 24 	 Ey 	 2 	 -2.004654e-11 	 -4.397023e-13
13 	 25 	 Ey 	 2 	 -1.914554e-11 	 6.795563e-13
13 	 26 	 Ey 	 2 	 -1.823913e-11 	 1.434370e-12
13 	 27 	 Ey 	 2 	 -1.726482e-11 	 1.709801e-12
13 	 28 	 Ey 	 2 	 -1.630622e-11 	 1.748828e-12
13 	 29 	 Ey 	 2 	 -1.519969e-11 	 1.705179e-12
13 	 30 	 Ey 	 2 	 -1.418386e-11 	 1.593066e-12
13 	 31 	 Ey 	 2 	 -1.298383e-11 	 1.402902e-12
13 	 32 	 Ey 	 2 	 -1.182387e-11 	 1.113639e-12
13 	 33 	 Ey 	 2 	 8.060711e-12 	 3.499638e-13
13 	 34 	 Ey 	 2 	 -8.945129e-13 	 -9.075231e-13
13 	 35 	 Ey 	 2 	 -1.086651e-11 	 -2.224455e-12
13 	 36 	 Ey 	 2 	 -1.910562e-11 	 -3.181049e-12
13 	 37 	 Ey 	 2 	 -2.369291e-11 	 -3.592614e-12
13 	 38 	 Ey 	 2 	 -2.580090e-11 	 -3.016769e-12
13 	 39 	 Ey 	 2 	 -2.583376e-11 	 -1.614345e-12
13 	 40 	 Ey 	 2 	 -2.469011e-11 	 -1.593044e-14
13 	 41 	 Ey 	 2 	 -2.327643e-11 	 1.116707e-12
13 	 42 	 Ey 	 2 	 -2.172021e-11 	 1.648107e-12
13 	 43 	 Ey 	 2 	 -2.063493e-11 	 1.814540e-12
13 	 44 	 Ey 	 2 	 -1.924123e-11 	 1.897758e-12
13 	 45 	 Ey 	 2 	 -1.752899e-11 	 1.869160e-12
13 	 46 	 Ey 	 2 	 -1.606111e-11 	 1.700060e-12
13 	 47 	 Ey 	 2 	 -1.433171e-11 	 1.418911e-12
13 	 48 	 Ey 	 2 	 -1.286431e-11 	 1.157564e-12
13 	 49 	 Ey 	 2 	 1.066658e-11 	 1.152570e-12
13 	 50 	 Ey 	 2 	 -7.975246e-13 	 8.199096e-14
13 	 51 	 Ey 	 2 	 -1.395424e-11 	 -1.335069e-12
13 	 52 	 Ey 	 2 	 -2.468744e-11 	 -2.451470e-12
13 	 53 	 Ey 	 2 	 -3.023780e-11 	 -2.936477e-12
13 	 54 	 Ey 	 2 	 -3.281057e-11 	 -1.939904e-12
13 	 55 	 Ey 	 2 	 -3.270224e-11 	 -2.419802e-13
13 	 56 	 Ey 	 2 	 -2.981854e-11 	 8.470053e-13
13 	 57 	 Ey 	 2 	 -2.821268e-11 	 1.502900e-12
13 	 58 	 Ey 	 2 	 -2.672194e-11 	 1.667876e-12
13 	 59 	 Ey 	 2 	 -2.470199e-11 	 1.740623e-12
13 	 60 	 Ey 	 2 	 -2.244965e-11 	 1.791183e-12
13 	 61 	 Ey 	 2 	 -2.024462e-11 	 1.856923e-12
13 	 62 	 Ey 	 2 	 -1.771711e-11 	 1.706172e-12
13 	 63 	 Ey 	 2 	 -1.567789e-11 	 1.476246e-12
13 	 64 	 Ey 	 2 	 -1.381824e-11 	 1.249416e-12
13 	 65 	 Ey 	 2 	 1.518764e-11 	 2.488460e-12
13 	 66 	 Ey 	 2 	 6.800577e-14 	 1.631689e-12
13 	 67 	 Ey 	 2 	 -1.800363e-11 	 6.132778e-13
13 	 68 	 Ey 	 2 	 -3.065439e-11 	 -2.171079e-13
13 	 69 	 Ey 	 2 	 -3.679597e-11 	 -2.222860e-13
13 	 70 	 Ey 	 2 	 -4.072254e-11 	 1.136377e-12
13 	 71 	 Ey 	 2 	 -3.952855e-11 	 2.316395e-12
13 	 72 	 Ey 	 2 	 -3.665743e-11 	 2.382266e-12
13 	 73 	 Ey 	 2 	 -3.465596e-11 	 2.124343e-12
13 	 74 	 Ey 	 2 	 -3.208969e-11 	 1.784233e-12
13 	 75 	 Ey 	 2 	 -2.857487e-11 	 1.624700e-12
13 	 76 	 Ey 	 2 	 -2.553944e-11 	 1.697749e-12
13 	 77 	 Ey 	 2 	 -2.267478e-11 	 1.755999e-12
13 	 78 	 Ey 	 2 	 -1.980278e-11 	 1.720254e-12
13 	 79 	 Ey 	 2 	 -1.721247e-11 	 1.561744e-12
13 	 80 	 Ey 	 2 	 -1.498003e-11 	 1.356116e-12
13 	 81 	 Ey 	 2 	 2.585267e-11 	 4.341929e-12
13 	 82 	 Ey 	 2 	 2.092304e-12 	 3.476695e-12
13 	 83 	 Ey 	 2 	 -2.334856e-11 	 3.693025e-12
13 	 84 	 Ey 	 2 	 -3.942669e-11 	 3.788480e-12
13 	 85 	 Ey 	 2 	 -4.810308e-11 	 3.906741e-12
13 	 86 	 Ey 	 2 	 -5.162598e-11 	 5.733190e-12
13 	 87 	 Ey 	 2 	 -4.967191e-11 	 5.669202e-12
13 	 88 	 Ey 	 2 	 -4.624099e-11 	 4.602658e-12
13 	 89 	 Ey 	 2 	 -4.158918e-11 	 3.297935e-12
13 	 90 	 Ey 	 2 	 -3.755007e-11 	 2.384598e-12
13 	 91 	 Ey 	 2 	 -3.327427e-11 	 1.886854e-12
13 	 92 	 Ey 	 2 	 -2.980590e-11 	 1.837476e-12
13 	 93 	 Ey 	 2 	 -2.530344e-11 	 1.839666e-12
13 	 94 	 Ey 	 2 	 -2.174593e-11 	 1.814949e-12
13 	 95 	 Ey 	 2 	 -1.824083e-11 	 1.704316e-12
13 	 96 	 Ey 	 2 	 -1.574864e-11 	 1.448229e-12
13 	 97 	 Ey 	 2 	 4.063495e-11 	 6.823058e-12
13 	 98 	 Ey 	 2 	 6.426189e-12 	 6.353004e-12
13 	 99 	 Ey 	 2 	 -3.228318e-11 	 7.748053e-12
13 	 100 	 Ey 	 2 	 -5.722387e-11 	 8.591881e-12
13 	 101 	 Ey 	 2 	 -6.878820e-11 	 8.930546e-12
13 	 102 	 Ey 	 2 	 -7.117398e-11 	 1.004503e-11
13 	 103 	 Ey 	 2 	 -6.648312e-11 	 9.566033e-12
13 	 104 	 Ey 	 2 	 -5.884260e-11 	 6.806216e-12
13 	 105 	 Ey 	 2 	 -5.206950e-11 	 4.356653e-12
13 	 106 	 Ey 	 2 	 -4.553127e-11 	 2.959186e-12
13 	 107 	 Ey 	 2 	 -3.897731e-11 	 2.118936e-12
13 	 108 	 Ey 	 2 	 -3.318594e-11 	 1.882747e-12
13 	 109 	 Ey 	 2 	 -2.771785e-11 	 2.115264e-12
13 	 110 	 Ey 	 2 	 -2.309980e-11 	 2.020451e-12
13 	 111 	 Ey 	 2 	 -1.955023e-11 	 1.749223e-12
13 	 112 	 Ey 	 2 	 -1.648897e-11 	 1.487499e-12
13 	 113 	 Ey 	 2 	 6.658270e-11 	 8.774835e-12
13 	 114 	 Ey 	 2 	 8.240218e-12 	 1.006497e-11
13 	 115 	 Ey 	 2 	 -5.311898e-11 	 1.212435e-11
13 	 116 	 Ey 	 2 	 -8.927466e-11 	 1.381935e-11
13 	 117 	 Ey 	 2 	 -1.014695e-10 	 1.394917e-11
13 	 118 	 Ey 	 2 	 -9.916539e-11 	 1.480175e-11
13 	 119 	 Ey 	 2 	 -8.870981e-11 	 1.239978e-11
13 	 120 	 Ey 	 2 	 -7.676470e-11 	 8.483143e-12
13 	 121 	 Ey 	 2 	 -6.552216e-11 	 5.014469e-12
13 	 122 	 Ey 	 2 	 -5.495234e-11 	 3.208553e-12
13 	 123 	 Ey 	 2 	 -4.525481e-11 	 2.332281e-12
13 	 124 	 Ey 	 2 	 -3.696654e-11 	 2.198494e-12
13 	 125 	 Ey 	 2 	 -3.007060e-11 	 2.316317e-12
13 	 126 	 Ey 	 2 	 -2.432354e-11 	 2.244349e-12
13 	 127 	 Ey 	 2 	 -1.996500e-11 	 1.895574e-12
13 	 128 	 Ey 	 2 	 -1.654839e-11 	 1.526209e-12
13 	 129 	 Ey 	 2 	 1.144160e-10 	 1.020096e-11
13 	 130 	 Ey 	 2 	 1.291064e-11 	 1.123464e-11
13 	 131 	 Ey 	 2 	 -9.745751e-11 	 1.559415e-11
13 	 132 	 Ey 	 2 	 -1.573788e-10 	 1.922556e-11
13 	 133 	 Ey 	 2 	 -1.637651e-10 	 1.880927e-11
13 	 134 	 Ey 	 2 	 -1.460627e-10 	 1.870627e-11
13 	 135 	 Ey 	 2 	 -1.213854e-10 	 1.613395e-11
13 	 136 	 Ey 	 2 	 -9.838449e-11 	 9.512701e-12
13 	 137 	 Ey 	 2 	 -7.986413e-11 	 5.508544e-12
13 	 138 	 Ey 	 2 	 -6.352338e-11 	 3.470075e-12
13 	 139 	 Ey 	 2 	 -4.991347e-11 	 2.583358e-12
13 	 140 	 Ey 	 2 	 -3.983036e-11 	 2.479957e-12
13 	 141 	 Ey 	 2 	 -3.172378e-11 	 2.586518e-12
13 	 142 	 Ey 	 2 	 -2.516913e-11 	 2.384886e-12
13 	 143 	 Ey 	 2 	 -2.009211e-11 	 2.014150e-12
13 	 144 	 Ey 	 2 	 -1.651780e-11 	 1.574459e-12
13 	 145 	 Ey 	 2 	 2.051956e-10 	 8.107882e-12
13 	 146 	 Ey 	 2 	 -1.920192e-12 	 1.319785e-11
13 	 147 	 Ey 	 2 	 -2.086744e-10 	 1.815775e-11
13 	 148 	 Ey 	 2 	 -2.906590e-10 	 2.131525e-11
13 	 149 	 Ey 	 2 	 -2.794043e-10 	 2.068570e-11
13 	 150 	 Ey 	 2 	 -2.279533e-10 	 2.404666e-11
13 	 151 	 Ey 	 2 	 -1.657098e-10 	 1.675130e-11
13 	 152 	 Ey 	 2 	 -1.241081e-10 	 9.726001e-12
13 	 153 	 Ey 	 2 	 -9.383399e-11 	 5.817343e-12
13 	 154 	 Ey 	 2 	 -7.169368e-11 	 3.836252e-12
13 	 155 	 Ey 	 2 	 -5.466799e-11 	 3.073513e-12
13 	 156 	 Ey 	 2 	 -4.183740e-11 	 3.006016e-12
13 	 157 	 Ey 	 2 	 -3.190402e-11 	 2.857797e-12
13 	 158 	 Ey 	 2 	 -2.422494e-11 	 2.485111e-12
13 	 159 	 Ey 	 2 	 -1.928365e-11 	 2.090607e-12
13 	 160 	 Ey 	 2 	 -1.574585e-11 	 1.588139e-12
13 	 161 	 Ey 	 2 	 4.659281e-10 	 3.757793e-12
13 	 162 	 Ey 	 2 	 -5.761895e-11 	 9.887646e-12
13 	 163 	 Ey 	 2 	 -5.071152e-10 	 1.468798e-11
13 	 164 	 Ey 	 2 	 -6.210041e-10 	 1.875499e-11
13 	 165 	 Ey 	 2 	 -5.202863e-10 	 1.594838e-11
13 	 166 	 Ey 	 2 	 -3.531777e-10 	 1.526634e-11
13 	 167 	 Ey 	 2 	 -2.284266e-10 	 1.325360e-11
13 	 168 	 Ey 	 2 	 -1.569767e-10 	 6.845145e-12
13 	 169 	 Ey 	 2 	 -1.085654e-10 	 4.711247e-12
13 	 170 	 Ey 	 2 	 -7.649525e-11 	 4.144759e-12
13 	 171 	 Ey 	 2 	 -5.585266e-11 	 4.005002e-12
13 	 172 	 Ey 	 2 	 -4.098670e-11 	 3.625779e-12
13 	 173 	 Ey 	 2 	 -3.065748e-11 	 3.110211e-12
13 	 174 	 Ey 	 2 	 -2.324237e-11 	 2.509974e-12
13 	 175 	 Ey 	 2 	 -1.814694e-11 	 1.973810e-12
13 	 176 	 Ey 	 2 	 -1.439183e-11 	 1.522557e-12
13 	 177 	 Ey 	 2 	 1.257169e-09 	 1.364096e-12
13 	 178 	 Ey 	 2 	 -2.123706e-10 	 1.832756e-12
13 	 179 	 Ey 	 2 	 -1.398082e-09 	 1.324759e-11
13 	 180 	 Ey 	 2 	 -1.327558e-09 	 7.905112e-12
13 	 181 	 Ey 	 2 	 -9.022116e-10 	 6.169450e-14
13 	 182 	 Ey 	 2 	 -5.432416e-10 	 -1.679982e-12
13 	 183 	 Ey 	 2 	 -3.126652e-10 	 -1.571647e-14
13 	 184 	 Ey 	 2 	 -1.859307e-10 	 2.047799e-12
13 	 185 	 Ey 	 2 	 -1.179670e-10 	 3.493632e-12
13 	 186 	 Ey 	 2 	 -7.794924e-11 	 4.095209e-12
13 	 187 	 Ey 	 2 	 -5.274602e-11 	 4.206819e-12
13 	 188 	 Ey 	 2 	 -3.708434e-11 	 4.256946e-12
13 	 189 	 Ey 	 2 	 -2.656443e-11 	 3.535357e-12
13 	 190 	 Ey 	 2 	 -2.008347e-11 	 2.487142e-12
13 	 191 	 Ey 	 2 	 -1.522560e-11 	 1.780316e-12
13 	 192 	 Ey 	 2 	 -1.196745e-11 	 1.352403e-12
13 	 193 	 Ey 	 2 	 4.773120e-09 	 1.406173e-12
13 	 194 	 Ey 	 2 	 -1.100871e-09 	 -3.133619e-12
13 	 195 	 Ey 	 2 	 -4.733566e-09 	 8.827172e-12
13 	 196 	 Ey 	 2 	 -2.890580e-09 	 -5.949264e-12
13 	 197 	 Ey 	 2 	 -1.405717e-09 	 -1.747550e-11
13 	 198 	 Ey 	 2 	 -6.877671e-10 	 -2.068499e-11
13 	 199 	 Ey 	 2 	 -3.573736e-10 	 -1.482532e-11
13 	 200 	 Ey 	 2 	 -1.903052e-10 	 -4.131421e-12
13 	 201 	 Ey 	 2 	 -1.089146e-10 	 1.685515e-12
13 	 202 	 Ey 	 2 	 -6.473384e-11 	 4.285958e-12
13 	 203 	 Ey 	 2 	 -4.160034e-11 	 4.561506e-12
13 	 204 	 Ey 	 2 	 -2.885227e-11 	 4.200801e-12
13 	 205 	 Ey 	 2 	 -2.055337e-11 	 3.391855e-12
13 	 206 	 Ey 	 2 	 -1.529032e-11 	 2.488625e-12
13 	 207 	 Ey 	 2 	 -1.158298e-11 	 1.623202e-12
13 	 208 	 Ey 	 2 	 -9.334488e-12 	 1.097893e-12
13 	 209 	 Ey 	 2 	 2.874050e-08 	 4.551218e-12
13 	 210 	 Ey 	 2 	 -1.593490e-08 	 -2.683732e-11
13 	 211 	 Ey 	 2 	 -2.002894e-08 	 2.755101e-12
13 	 212 	 Ey 	 2 	 -4.914148e-09 	 -1.658031e-11
13 	 213 	 Ey 	 2 	 -1.511133e-09 	 -2.690389e-11
13 	 214 	 Ey 	 2 	 -5.925500e-10 	 -2.757116e-11
13 	 215 	 Ey 	 2 	 -2.763499e-10 	 -1.953760e-11
13 	 216 	 Ey 	 2 	 -1.400832e-10 	 -9.123366e-12
13 	 217 	 Ey 	 2 	 -7.424541e-11 	 -1.594117e-12
13 	 218 	 Ey 	 2 	 -4.028108e-11 	 2.966664e-12
13 	 219 	 Ey 	 2 	 -2.468454e-11 	 3.734033e-12
13 	 220 	 Ey 	 2 	 -1.652373e-11 	 3.412316e-12
13 	 221 	 Ey 	 2 	 -1.221908e-11 	 2.594883e-12
13 	 222 	 Ey 	 2 	 -9.283561e-12 	 1.936901e-12
13 	 223 	 Ey 	 2 	 -7.217790e-12 	 1.384756e-12
13 	 224 	 Ey 	 2 	 -5.872104e-12 	 8.727833e-13
13 	 225 	 Ey 	 2 	 4.310898e-08 	 2.633883e-11
13 	 226 	 Ey 	 2 	 -4.547546e-06 	 -6.184766e-10
13 	 227 	 Ey 	 2 	 -1.623730e-08 	 -3.041091e-11
13 	 228 	 Ey 	 2 	 -2.029470e-09 	 -3.916945e-11
13 	 229 	 Ey 	 2 	 -5.210879e-10 	 -2.099429e-11
13 	 230 	 Ey 	 2 	 -2.344391e-10 	 -2.247093e-11
13 	 231 	 Ey 	 2 	 -1.424351e-10 	 -2.124669e-11
13 	 232 	 Ey 	 2 	 -8.485387e-11 	 -1.153875e-11
13 	 233 	 Ey 	 2 	 -5.454948e-11 	 -4.552702e-12
13 	 234 	 Ey 	 2 	 -3.567963e-11 	 6.504497e-13
13 	 235 	 Ey 	 2 	 -2.710568e-11 	 1.883653e-12
13 	 236 	 Ey 	 2 	 -2.150731e-11 	 1.825524e-12
13 	 237 	 Ey 	 2 	 -1.786063e-11 	 1.507755e-12
13 	 238 	 Ey 	 2 	 -1.519948e-11 	 1.223433e-12
13 	 239 	 Ey 	 2 	 -1.340010e-11 	 1.021239e-12
13 	 240 	 Ey 	 2 	 -1.198551e-11 	 5.992262e-13
13 	 241 	 Ey 	 2 	 -5.687153e-08 	 -1.683343e-11
13 	 242 	 Ey 	 2 	 2.517193e-08 	 5.542316e-11
13 	 243 	 Ey 	 2 	 2.880764e-08 	 2.636933e-11
13 	 244 	 Ey 	 2 	 4.713962e-09 	 -6.502478e-12
13 	 245 	 Ey 	 2 	 1.169947e-09 	 -1.742978e-11
13 	 246 	 Ey 	 2 	 3.974889e-10 	 -1.827181e-11
13 	 247 	 Ey 	 2 	 1.737650e-10 	 -1.415735e-11
13 	 248 	 Ey 	 2 	 8.540519e-11 	 -9.788227e-12
13 	 249 	 Ey 	 2 	 4.786164e-11 	 -5.088480e-12
13 	 250 	 Ey 	 2 	 2.896156e-11 	 -1.601741e-12
13 	 251 	 Ey 	 2 	 1.910197e-11 	 2.710788e-13
13 	 252 	 Ey 	 2 	 1.225505e-11 	 6.291693e-13
13 	 253 	 Ey 	 2 	 7.969156e-12 	 5.397401e-13
13 	 254 	 Ey 	 2 	 5.172280e-12 	 4.336045e-13
13 	 255 	 Ey 	 2 	 3.110426e-12 	 2.372518e-13
13 	 256 	 Ey 	 2 	 1.717275e-12 	 1.736200e-13
