iTx 	 iRx    chrec  ifreq 	 emf_real 	 emf_imag
2 	 1 	 Ex 	 1 	 6.947466e-10 	 7.426438e-11
2 	 2 	 Ex 	 1 	 1.295739e-09 	 1.012352e-10
2 	 3 	 Ex 	 1 	 2.741511e-09 	 1.450998e-10
2 	 4 	 Ex 	 1 	 6.990397e-09 	 2.220221e-10
2 	 5 	 Ex 	 1 	 1.871321e-08 	 3.754724e-10
2 	 6 	 Ex 	 1 	 -6.165561e-08 	 6.693699e-10
2 	 7 	 Ex 	 1 	 1.071750e-08 	 5.209261e-10
2 	 8 	 Ex 	 1 	 1.245142e-08 	 2.879975e-10
2 	 9 	 Ex 	 1 	 4.435117e-09 	 1.780338e-10
2 	 10 	 Ex 	 1 	 1.920629e-09 	 1.219227e-10
2 	 11 	 Ex 	 1 	 9.644238e-10 	 9.081264e-11
2 	 12 	 Ex 	 1 	 5.522343e-10 	 6.976242e-11
2 	 13 	 Ex 	 1 	 3.356384e-10 	 5.352080e-11
2 	 14 	 Ex 	 1 	 2.190888e-10 	 4.299219e-11
2 	 15 	 Ex 	 1 	 1.434117e-10 	 3.298082e-11
2 	 16 	 Ex 	 1 	 9.936973e-11 	 2.668022e-11
2 	 17 	 Ex 	 1 	 7.346294e-10 	 7.433928e-11
2 	 18 	 Ex 	 1 	 1.406922e-09 	 9.967318e-11
2 	 19 	 Ex 	 1 	 3.253915e-09 	 1.462565e-10
2 	 20 	 Ex 	 1 	 1.014272e-08 	 2.413498e-10
2 	 21 	 Ex 	 1 	 5.366710e-08 	 4.579064e-10
2 	 22 	 Ex 	 1 	 6.769906e-07 	 2.274273e-09
2 	 23 	 Ex 	 1 	 5.066469e-08 	 8.022178e-10
2 	 24 	 Ex 	 1 	 2.338679e-08 	 3.194779e-10
2 	 25 	 Ex 	 1 	 5.732050e-09 	 1.820915e-10
2 	 26 	 Ex 	 1 	 2.204836e-09 	 1.245804e-10
2 	 27 	 Ex 	 1 	 1.021965e-09 	 9.085813e-11
2 	 28 	 Ex 	 1 	 5.874445e-10 	 7.127800e-11
2 	 29 	 Ex 	 1 	 3.603558e-10 	 5.552854e-11
2 	 30 	 Ex 	 1 	 2.304212e-10 	 4.347604e-11
2 	 31 	 Ex 	 1 	 1.480586e-10 	 3.299843e-11
2 	 32 	 Ex 	 1 	 1.039156e-10 	 2.708521e-11
2 	 33 	 Ex 	 1 	 6.237582e-10 	 7.104656e-11
2 	 34 	 Ex 	 1 	 1.118718e-09 	 9.462017e-11
2 	 35 	 Ex 	 1 	 2.268000e-09 	 1.335315e-10
2 	 36 	 Ex 	 1 	 4.928518e-09 	 2.034053e-10
2 	 37 	 Ex 	 1 	 7.815226e-09 	 3.301299e-10
2 	 38 	 Ex 	 1 	 -2.850079e-08 	 4.775558e-10
2 	 39 	 Ex 	 1 	 -4.796518e-09 	 4.177232e-10
2 	 40 	 Ex 	 1 	 7.385823e-09 	 2.559774e-10
2 	 41 	 Ex 	 1 	 3.410646e-09 	 1.628244e-10
2 	 42 	 Ex 	 1 	 1.570085e-09 	 1.130695e-10
2 	 43 	 Ex 	 1 	 8.577974e-10 	 8.936333e-11
2 	 44 	 Ex 	 1 	 5.211556e-10 	 7.019012e-11
2 	 45 	 Ex 	 1 	 3.296217e-10 	 5.460920e-11
2 	 46 	 Ex 	 1 	 2.154178e-10 	 4.250651e-11
2 	 47 	 Ex 	 1 	 1.437211e-10 	 3.330512e-11
2 	 48 	 Ex 	 1 	 1.001420e-10 	 2.664674e-11
2 	 49 	 Ex 	 1 	 4.285499e-10 	 6.471531e-11
2 	 50 	 Ex 	 1 	 6.494106e-10 	 8.363105e-11
2 	 51 	 Ex 	 1 	 9.751558e-10 	 1.109106e-10
2 	 52 	 Ex 	 1 	 1.120607e-09 	 1.538352e-10
2 	 53 	 Ex 	 1 	 -6.873502e-10 	 2.075626e-10
2 	 54 	 Ex 	 1 	 -5.293493e-09 	 2.464413e-10
2 	 55 	 Ex 	 1 	 -3.427320e-09 	 2.350118e-10
2 	 56 	 Ex 	 1 	 4.742035e-10 	 1.769165e-10
2 	 57 	 Ex 	 1 	 1.058325e-09 	 1.296869e-10
2 	 58 	 Ex 	 1 	 7.926663e-10 	 1.008804e-10
2 	 59 	 Ex 	 1 	 5.633326e-10 	 8.307707e-11
2 	 60 	 Ex 	 1 	 3.884816e-10 	 6.710586e-11
2 	 61 	 Ex 	 1 	 2.693857e-10 	 5.308878e-11
2 	 62 	 Ex 	 1 	 1.822541e-10 	 4.113157e-11
2 	 63 	 Ex 	 1 	 1.278023e-10 	 3.254009e-11
2 	 64 	 Ex 	 1 	 8.939519e-11 	 2.554504e-11
2 	 65 	 Ex 	 1 	 2.351152e-10 	 5.595899e-11
2 	 66 	 Ex 	 1 	 2.854471e-10 	 7.022787e-11
2 	 67 	 Ex 	 1 	 2.681574e-10 	 8.979111e-11
2 	 68 	 Ex 	 1 	 1.516756e-11 	 1.111617e-10
2 	 69 	 Ex 	 1 	 -7.912799e-10 	 1.372727e-10
2 	 70 	 Ex 	 1 	 -1.687950e-09 	 1.555676e-10
2 	 71 	 Ex 	 1 	 -1.360332e-09 	 1.452098e-10
2 	 72 	 Ex 	 1 	 -4.138209e-10 	 1.241138e-10
2 	 73 	 Ex 	 1 	 1.245010e-10 	 1.007082e-10
2 	 74 	 Ex 	 1 	 2.760116e-10 	 8.428267e-11
2 	 75 	 Ex 	 1 	 2.857183e-10 	 7.244098e-11
2 	 76 	 Ex 	 1 	 2.479378e-10 	 6.146141e-11
2 	 77 	 Ex 	 1 	 1.937382e-10 	 5.033513e-11
2 	 78 	 Ex 	 1 	 1.411913e-10 	 3.884576e-11
2 	 79 	 Ex 	 1 	 1.025743e-10 	 3.070182e-11
2 	 80 	 Ex 	 1 	 7.287272e-11 	 2.357559e-11
2 	 81 	 Ex 	 1 	 1.034485e-10 	 4.813213e-11
2 	 82 	 Ex 	 1 	 8.420471e-11 	 5.826993e-11
2 	 83 	 Ex 	 1 	 2.050206e-12 	 7.130645e-11
2 	 84 	 Ex 	 1 	 -1.911885e-10 	 8.353464e-11
2 	 85 	 Ex 	 1 	 -4.917268e-10 	 9.586177e-11
2 	 86 	 Ex 	 1 	 -6.942181e-10 	 1.040195e-10
2 	 87 	 Ex 	 1 	 -6.379250e-10 	 9.983062e-11
2 	 88 	 Ex 	 1 	 -3.779683e-10 	 8.917698e-11
2 	 89 	 Ex 	 1 	 -1.226414e-10 	 7.885853e-11
2 	 90 	 Ex 	 1 	 3.305443e-11 	 6.910502e-11
2 	 91 	 Ex 	 1 	 1.061975e-10 	 6.127539e-11
2 	 92 	 Ex 	 1 	 1.335942e-10 	 5.421147e-11
2 	 93 	 Ex 	 1 	 1.217686e-10 	 4.512757e-11
2 	 94 	 Ex 	 1 	 9.939647e-11 	 3.595795e-11
2 	 95 	 Ex 	 1 	 7.245981e-11 	 2.686691e-11
2 	 96 	 Ex 	 1 	 5.552137e-11 	 2.182187e-11
2 	 97 	 Ex 	 1 	 2.592284e-11 	 4.024299e-11
2 	 98 	 Ex 	 1 	 -1.182403e-11 	 4.680478e-11
2 	 99 	 Ex 	 1 	 -7.846979e-11 	 5.523439e-11
2 	 100 	 Ex 	 1 	 -1.895224e-10 	 6.501908e-11
2 	 101 	 Ex 	 1 	 -3.013042e-10 	 7.019373e-11
2 	 102 	 Ex 	 1 	 -3.485018e-10 	 7.372073e-11
2 	 103 	 Ex 	 1 	 -3.461540e-10 	 7.178935e-11
2 	 104 	 Ex 	 1 	 -2.767445e-10 	 6.584210e-11
2 	 105 	 Ex 	 1 	 -1.671221e-10 	 6.094047e-11
2 	 106 	 Ex 	 1 	 -5.736298e-11 	 5.537767e-11
2 	 107 	 Ex 	 1 	 1.760435e-11 	 5.093990e-11
2 	 108 	 Ex 	 1 	 5.624495e-11 	 4.735648e-11
2 	 109 	 Ex 	 1 	 6.798035e-11 	 4.004680e-11
2 	 110 	 Ex 	 1 	 5.929137e-11 	 3.164670e-11
2 	 111 	 Ex 	 1 	 4.860486e-11 	 2.479166e-11
2 	 112 	 Ex 	 1 	 4.016873e-11 	 2.008290e-11
2 	 113 	 Ex 	 1 	 -1.306486e-11 	 3.348816e-11
2 	 114 	 Ex 	 1 	 -4.787990e-11 	 3.890407e-11
2 	 115 	 Ex 	 1 	 -9.140752e-11 	 4.434623e-11
2 	 116 	 Ex 	 1 	 -1.455049e-10 	 4.944304e-11
2 	 117 	 Ex 	 1 	 -1.868445e-10 	 5.262386e-11
2 	 118 	 Ex 	 1 	 -1.958548e-10 	 5.389710e-11
2 	 119 	 Ex 	 1 	 -2.047340e-10 	 5.303641e-11
2 	 120 	 Ex 	 1 	 -1.920561e-10 	 5.035562e-11
2 	 121 	 Ex 	 1 	 -1.509069e-10 	 4.905666e-11
2 	 122 	 Ex 	 1 	 -8.612847e-11 	 4.614529e-11
2 	 123 	 Ex 	 1 	 -2.691955e-11 	 4.282500e-11
2 	 124 	 Ex 	 1 	 1.101647e-11 	 4.005446e-11
2 	 125 	 Ex 	 1 	 2.819279e-11 	 3.497895e-11
2 	 126 	 Ex 	 1 	 3.206158e-11 	 2.787999e-11
2 	 127 	 Ex 	 1 	 2.916656e-11 	 2.234824e-11
2 	 128 	 Ex 	 1 	 2.502263e-11 	 1.798411e-11
2 	 129 	 Ex 	 1 	 -3.030524e-11 	 2.788978e-11
2 	 130 	 Ex 	 1 	 -5.449611e-11 	 3.181044e-11
2 	 131 	 Ex 	 1 	 -8.190430e-11 	 3.551087e-11
2 	 132 	 Ex 	 1 	 -1.096809e-10 	 3.898445e-11
2 	 133 	 Ex 	 1 	 -1.244285e-10 	 4.048311e-11
2 	 134 	 Ex 	 1 	 -1.220302e-10 	 4.104428e-11
2 	 135 	 Ex 	 1 	 -1.331871e-10 	 4.092205e-11
2 	 136 	 Ex 	 1 	 -1.381315e-10 	 3.979472e-11
2 	 137 	 Ex 	 1 	 -1.231232e-10 	 3.948899e-11
2 	 138 	 Ex 	 1 	 -8.845556e-11 	 3.810067e-11
2 	 139 	 Ex 	 1 	 -4.593460e-11 	 3.512431e-11
2 	 140 	 Ex 	 1 	 -1.471289e-11 	 3.330504e-11
2 	 141 	 Ex 	 1 	 3.480800e-12 	 2.982151e-11
2 	 142 	 Ex 	 1 	 1.105227e-11 	 2.398223e-11
2 	 143 	 Ex 	 1 	 1.410927e-11 	 1.945998e-11
2 	 144 	 Ex 	 1 	 1.302582e-11 	 1.588229e-11
2 	 145 	 Ex 	 1 	 -3.580694e-11 	 2.346471e-11
2 	 146 	 Ex 	 1 	 -5.302301e-11 	 2.595236e-11
2 	 147 	 Ex 	 1 	 -6.952672e-11 	 2.859511e-11
2 	 148 	 Ex 	 1 	 -8.220059e-11 	 3.097529e-11
2 	 149 	 Ex 	 1 	 -8.602456e-11 	 3.190594e-11
2 	 150 	 Ex 	 1 	 -8.408339e-11 	 3.263834e-11
2 	 151 	 Ex 	 1 	 -9.274023e-11 	 3.226489e-11
2 	 152 	 Ex 	 1 	 -1.026991e-10 	 3.225289e-11
2 	 153 	 Ex 	 1 	 -9.831431e-11 	 3.198735e-11
2 	 154 	 Ex 	 1 	 -7.840342e-11 	 3.072219e-11
2 	 155 	 Ex 	 1 	 -5.147910e-11 	 2.914846e-11
2 	 156 	 Ex 	 1 	 -2.691654e-11 	 2.772601e-11
2 	 157 	 Ex 	 1 	 -1.125419e-11 	 2.484271e-11
2 	 158 	 Ex 	 1 	 -1.940643e-12 	 2.053000e-11
2 	 159 	 Ex 	 1 	 2.287300e-12 	 1.676832e-11
2 	 160 	 Ex 	 1 	 4.066666e-12 	 1.372093e-11
2 	 161 	 Ex 	 1 	 -3.576764e-11 	 1.967064e-11
2 	 162 	 Ex 	 1 	 -4.704162e-11 	 2.157600e-11
2 	 163 	 Ex 	 1 	 -5.837327e-11 	 2.376246e-11
2 	 164 	 Ex 	 1 	 -6.439062e-11 	 2.498235e-11
2 	 165 	 Ex 	 1 	 -6.418769e-11 	 2.541803e-11
2 	 166 	 Ex 	 1 	 -6.069323e-11 	 2.576533e-11
2 	 167 	 Ex 	 1 	 -6.927823e-11 	 2.580533e-11
2 	 168 	 Ex 	 1 	 -7.825852e-11 	 2.624730e-11
2 	 169 	 Ex 	 1 	 -7.994185e-11 	 2.660615e-11
2 	 170 	 Ex 	 1 	 -6.572048e-11 	 2.506411e-11
2 	 171 	 Ex 	 1 	 -4.845738e-11 	 2.446753e-11
2 	 172 	 Ex 	 1 	 -3.312849e-11 	 2.322852e-11
2 	 173 	 Ex 	 1 	 -2.002390e-11 	 2.064921e-11
2 	 174 	 Ex 	 1 	 -1.086994e-11 	 1.724053e-11
2 	 175 	 Ex 	 1 	 -5.489794e-12 	 1.394711e-11
2 	 176 	 Ex 	 1 	 -2.949497e-12 	 1.183145e-11
2 	 177 	 Ex 	 1 	 -3.291573e-11 	 1.643081e-11
2 	 178 	 Ex 	 1 	 -4.098047e-11 	 1.799924e-11
2 	 179 	 Ex 	 1 	 -4.856395e-11 	 1.955952e-11
2 	 180 	 Ex 	 1 	 -5.049127e-11 	 2.003805e-11
2 	 181 	 Ex 	 1 	 -5.126914e-11 	 2.086627e-11
2 	 182 	 Ex 	 1 	 -4.814873e-11 	 2.114861e-11
2 	 183 	 Ex 	 1 	 -5.386470e-11 	 2.097077e-11
2 	 184 	 Ex 	 1 	 -6.088083e-11 	 2.161321e-11
2 	 185 	 Ex 	 1 	 -6.298152e-11 	 2.182236e-11
2 	 186 	 Ex 	 1 	 -5.573181e-11 	 2.105562e-11
2 	 187 	 Ex 	 1 	 -4.462544e-11 	 2.026564e-11
2 	 188 	 Ex 	 1 	 -3.278862e-11 	 1.906509e-11
2 	 189 	 Ex 	 1 	 -2.396250e-11 	 1.733985e-11
2 	 190 	 Ex 	 1 	 -1.661669e-11 	 1.437367e-11
2 	 191 	 Ex 	 1 	 -1.059729e-11 	 1.208490e-11
2 	 192 	 Ex 	 1 	 -6.778815e-12 	 1.024485e-11
2 	 193 	 Ex 	 1 	 -3.031535e-11 	 1.392488e-11
2 	 194 	 Ex 	 1 	 -3.594419e-11 	 1.518221e-11
2 	 195 	 Ex 	 1 	 -4.009755e-11 	 1.619008e-11
2 	 196 	 Ex 	 1 	 -4.110489e-11 	 1.660415e-11
2 	 197 	 Ex 	 1 	 -4.202188e-11 	 1.700884e-11
2 	 198 	 Ex 	 1 	 -3.970341e-11 	 1.720251e-11
2 	 199 	 Ex 	 1 	 -4.453326e-11 	 1.750827e-11
2 	 200 	 Ex 	 1 	 -4.842978e-11 	 1.798642e-11
2 	 201 	 Ex 	 1 	 -4.970236e-11 	 1.798070e-11
2 	 202 	 Ex 	 1 	 -4.615454e-11 	 1.743042e-11
2 	 203 	 Ex 	 1 	 -3.909333e-11 	 1.651487e-11
2 	 204 	 Ex 	 1 	 -3.154180e-11 	 1.544588e-11
2 	 205 	 Ex 	 1 	 -2.451216e-11 	 1.387321e-11
2 	 206 	 Ex 	 1 	 -1.828519e-11 	 1.187929e-11
2 	 207 	 Ex 	 1 	 -1.382549e-11 	 1.019183e-11
2 	 208 	 Ex 	 1 	 -1.006559e-11 	 8.775859e-12
2 	 209 	 Ex 	 1 	 -2.701455e-11 	 1.167642e-11
2 	 210 	 Ex 	 1 	 -3.106247e-11 	 1.271843e-11
2 	 211 	 Ex 	 1 	 -3.335523e-11 	 1.332570e-11
2 	 212 	 Ex 	 1 	 -3.474966e-11 	 1.377334e-11
2 	 213 	 Ex 	 1 	 -3.601489e-11 	 1.417795e-11
2 	 214 	 Ex 	 1 	 -3.440757e-11 	 1.423257e-11
2 	 215 	 Ex 	 1 	 -3.852090e-11 	 1.478871e-11
2 	 216 	 Ex 	 1 	 -3.988616e-11 	 1.496691e-11
2 	 217 	 Ex 	 1 	 -4.005343e-11 	 1.472631e-11
2 	 218 	 Ex 	 1 	 -3.882212e-11 	 1.444831e-11
2 	 219 	 Ex 	 1 	 -3.474054e-11 	 1.375795e-11
2 	 220 	 Ex 	 1 	 -2.905811e-11 	 1.260496e-11
2 	 221 	 Ex 	 1 	 -2.417321e-11 	 1.147238e-11
2 	 222 	 Ex 	 1 	 -1.934550e-11 	 1.009392e-11
2 	 223 	 Ex 	 1 	 -1.518942e-11 	 8.679645e-12
2 	 224 	 Ex 	 1 	 -1.180015e-11 	 7.496205e-12
2 	 225 	 Ex 	 1 	 -2.436830e-11 	 9.945993e-12
2 	 226 	 Ex 	 1 	 -2.626614e-11 	 1.049388e-11
2 	 227 	 Ex 	 1 	 -2.872244e-11 	 1.114286e-11
2 	 228 	 Ex 	 1 	 -3.064013e-11 	 1.166651e-11
2 	 229 	 Ex 	 1 	 -3.133445e-11 	 1.180782e-11
2 	 230 	 Ex 	 1 	 -3.002629e-11 	 1.185933e-11
2 	 231 	 Ex 	 1 	 -3.342970e-11 	 1.234455e-11
2 	 232 	 Ex 	 1 	 -3.367273e-11 	 1.230623e-11
2 	 233 	 Ex 	 1 	 -3.390314e-11 	 1.225564e-11
2 	 234 	 Ex 	 1 	 -3.299283e-11 	 1.196404e-11
2 	 235 	 Ex 	 1 	 -3.028072e-11 	 1.117902e-11
2 	 236 	 Ex 	 1 	 -2.669949e-11 	 1.044849e-11
2 	 237 	 Ex 	 1 	 -2.240979e-11 	 9.373047e-12
2 	 238 	 Ex 	 1 	 -1.843449e-11 	 8.365070e-12
2 	 239 	 Ex 	 1 	 -1.481167e-11 	 7.249026e-12
2 	 240 	 Ex 	 1 	 -1.244929e-11 	 6.423253e-12
2 	 241 	 Ex 	 1 	 -2.152121e-11 	 8.390925e-12
2 	 242 	 Ex 	 1 	 -2.368390e-11 	 8.905233e-12
2 	 243 	 Ex 	 1 	 -2.555481e-11 	 9.348150e-12
2 	 244 	 Ex 	 1 	 -2.698831e-11 	 9.747726e-12
2 	 245 	 Ex 	 1 	 -2.754658e-11 	 9.867017e-12
2 	 246 	 Ex 	 1 	 -2.687203e-11 	 1.006165e-11
2 	 247 	 Ex 	 1 	 -2.929349e-11 	 1.024830e-11
2 	 248 	 Ex 	 1 	 -2.923960e-11 	 1.017615e-11
2 	 249 	 Ex 	 1 	 -2.903924e-11 	 1.002499e-11
2 	 250 	 Ex 	 1 	 -2.781412e-11 	 9.590682e-12
2 	 251 	 Ex 	 1 	 -2.617785e-11 	 9.198581e-12
2 	 252 	 Ex 	 1 	 -2.385234e-11 	 8.569437e-12
2 	 253 	 Ex 	 1 	 -2.054503e-11 	 7.735287e-12
2 	 254 	 Ex 	 1 	 -1.786280e-11 	 7.102379e-12
2 	 255 	 Ex 	 1 	 -1.497835e-11 	 6.213026e-12
2 	 256 	 Ex 	 1 	 -1.288057e-11 	 5.559780e-12
2 	 1 	 Ex 	 2 	 5.877896e-10 	 1.691762e-10
2 	 2 	 Ex 	 2 	 1.163167e-09 	 2.653399e-10
2 	 3 	 Ex 	 2 	 2.578011e-09 	 4.300170e-10
2 	 4 	 Ex 	 2 	 6.793631e-09 	 7.328685e-10
2 	 5 	 Ex 	 2 	 1.847939e-08 	 1.346887e-09
2 	 6 	 Ex 	 2 	 -6.190861e-08 	 2.469502e-09
2 	 7 	 Ex 	 2 	 1.046756e-08 	 1.917945e-09
2 	 8 	 Ex 	 2 	 1.223539e-08 	 9.901499e-10
2 	 9 	 Ex 	 2 	 4.253286e-09 	 5.495019e-10
2 	 10 	 Ex 	 2 	 1.770707e-09 	 3.338786e-10
2 	 11 	 Ex 	 2 	 8.387693e-10 	 2.177333e-10
2 	 12 	 Ex 	 2 	 4.494710e-10 	 1.463327e-10
2 	 13 	 Ex 	 2 	 2.542235e-10 	 9.743853e-11
2 	 14 	 Ex 	 2 	 1.533443e-10 	 6.652389e-11
2 	 15 	 Ex 	 2 	 9.367286e-11 	 4.278599e-11
2 	 16 	 Ex 	 2 	 6.058029e-11 	 2.813503e-11
2 	 17 	 Ex 	 2 	 6.275707e-10 	 1.700052e-10
2 	 18 	 Ex 	 2 	 1.276552e-09 	 2.623538e-10
2 	 19 	 Ex 	 2 	 3.091964e-09 	 4.383554e-10
2 	 20 	 Ex 	 2 	 9.939336e-09 	 8.119636e-10
2 	 21 	 Ex 	 2 	 5.342001e-08 	 1.699851e-09
2 	 22 	 Ex 	 2 	 6.766207e-07 	 9.335674e-09
2 	 23 	 Ex 	 2 	 5.039655e-08 	 3.069693e-09
2 	 24 	 Ex 	 2 	 2.316698e-08 	 1.125916e-09
2 	 25 	 Ex 	 2 	 5.550409e-09 	 5.681015e-10
2 	 26 	 Ex 	 2 	 2.052044e-09 	 3.420693e-10
2 	 27 	 Ex 	 2 	 8.957354e-10 	 2.174397e-10
2 	 28 	 Ex 	 2 	 4.827035e-10 	 1.512050e-10
2 	 29 	 Ex 	 2 	 2.760787e-10 	 1.030634e-10
2 	 30 	 Ex 	 2 	 1.638507e-10 	 6.899421e-11
2 	 31 	 Ex 	 2 	 9.819753e-11 	 4.370598e-11
2 	 32 	 Ex 	 2 	 6.437398e-11 	 2.968006e-11
2 	 33 	 Ex 	 2 	 5.203372e-10 	 1.586698e-10
2 	 34 	 Ex 	 2 	 9.921577e-10 	 2.419014e-10
2 	 35 	 Ex 	 2 	 2.114149e-09 	 3.902626e-10
2 	 36 	 Ex 	 2 	 4.742244e-09 	 6.650465e-10
2 	 37 	 Ex 	 2 	 7.595212e-09 	 1.169214e-09
2 	 38 	 Ex 	 2 	 -2.873532e-08 	 1.736166e-09
2 	 39 	 Ex 	 2 	 -5.027031e-09 	 1.508107e-09
2 	 40 	 Ex 	 2 	 7.185038e-09 	 8.682938e-10
2 	 41 	 Ex 	 2 	 3.238201e-09 	 4.911805e-10
2 	 42 	 Ex 	 2 	 1.426348e-09 	 2.992422e-10
2 	 43 	 Ex 	 2 	 7.321692e-10 	 2.088851e-10
2 	 44 	 Ex 	 2 	 4.174445e-10 	 1.466548e-10
2 	 45 	 Ex 	 2 	 2.466955e-10 	 1.006758e-10
2 	 46 	 Ex 	 2 	 1.504096e-10 	 6.745442e-11
2 	 47 	 Ex 	 2 	 9.344737e-11 	 4.461297e-11
2 	 48 	 Ex 	 2 	 6.111377e-11 	 2.979650e-11
2 	 49 	 Ex 	 2 	 3.324482e-10 	 1.369622e-10
2 	 50 	 Ex 	 2 	 5.332295e-10 	 2.023754e-10
2 	 51 	 Ex 	 2 	 8.370861e-10 	 3.046833e-10
2 	 52 	 Ex 	 2 	 9.578704e-10 	 4.722844e-10
2 	 53 	 Ex 	 2 	 -8.702314e-10 	 6.864678e-10
2 	 54 	 Ex 	 2 	 -5.486434e-09 	 8.393546e-10
2 	 55 	 Ex 	 2 	 -3.617039e-09 	 7.912761e-10
2 	 56 	 Ex 	 2 	 3.031907e-10 	 5.570456e-10
2 	 57 	 Ex 	 2 	 9.058191e-10 	 3.644891e-10
2 	 58 	 Ex 	 2 	 6.574227e-10 	 2.499103e-10
2 	 59 	 Ex 	 2 	 4.437442e-10 	 1.846913e-10
2 	 60 	 Ex 	 2 	 2.882294e-10 	 1.344310e-10
2 	 61 	 Ex 	 2 	 1.885718e-10 	 9.492223e-11
2 	 62 	 Ex 	 2 	 1.195133e-10 	 6.402186e-11
2 	 63 	 Ex 	 2 	 7.882785e-11 	 4.336865e-11
2 	 64 	 Ex 	 2 	 5.208651e-11 	 2.832621e-11
2 	 65 	 Ex 	 2 	 1.500707e-10 	 1.087305e-10
2 	 66 	 Ex 	 2 	 1.836195e-10 	 1.563978e-10
2 	 67 	 Ex 	 2 	 1.466625e-10 	 2.249315e-10
2 	 68 	 Ex 	 2 	 -1.195431e-10 	 3.128159e-10
2 	 69 	 Ex 	 2 	 -9.386131e-10 	 4.198372e-10
2 	 70 	 Ex 	 2 	 -1.842185e-09 	 4.936785e-10
2 	 71 	 Ex 	 2 	 -1.507368e-09 	 4.521343e-10
2 	 72 	 Ex 	 2 	 -5.568209e-10 	 3.546025e-10
2 	 73 	 Ex 	 2 	 -7.438110e-12 	 2.543872e-10
2 	 74 	 Ex 	 2 	 1.561059e-10 	 1.893979e-10
2 	 75 	 Ex 	 2 	 1.781621e-10 	 1.478829e-10
2 	 76 	 Ex 	 2 	 1.547335e-10 	 1.147799e-10
2 	 77 	 Ex 	 2 	 1.167171e-10 	 8.498068e-11
2 	 78 	 Ex 	 2 	 8.196711e-11 	 5.821043e-11
2 	 79 	 Ex 	 2 	 5.653400e-11 	 3.961114e-11
2 	 80 	 Ex 	 2 	 3.869375e-11 	 2.513055e-11
2 	 81 	 Ex 	 2 	 2.929872e-11 	 8.321499e-11
2 	 82 	 Ex 	 2 	 -3.296168e-12 	 1.157992e-10
2 	 83 	 Ex 	 2 	 -1.006157e-10 	 1.601292e-10
2 	 84 	 Ex 	 2 	 -3.030545e-10 	 2.113378e-10
2 	 85 	 Ex 	 2 	 -6.086875e-10 	 2.688000e-10
2 	 86 	 Ex 	 2 	 -8.131231e-10 	 3.056498e-10
2 	 87 	 Ex 	 2 	 -7.549950e-10 	 2.845129e-10
2 	 88 	 Ex 	 2 	 -4.939936e-10 	 2.268991e-10
2 	 89 	 Ex 	 2 	 -2.347838e-10 	 1.739037e-10
2 	 90 	 Ex 	 2 	 -7.043412e-11 	 1.359882e-10
2 	 91 	 Ex 	 2 	 1.269802e-11 	 1.111798e-10
2 	 92 	 Ex 	 2 	 5.034936e-11 	 9.144289e-11
2 	 93 	 Ex 	 2 	 5.257649e-11 	 7.006335e-11
2 	 94 	 Ex 	 2 	 4.464826e-11 	 5.034182e-11
2 	 95 	 Ex 	 2 	 3.242545e-11 	 3.244672e-11
2 	 96 	 Ex 	 2 	 2.431353e-11 	 2.174625e-11
2 	 97 	 Ex 	 2 	 -3.621563e-11 	 6.094811e-11
2 	 98 	 Ex 	 2 	 -8.333782e-11 	 8.106708e-11
2 	 99 	 Ex 	 2 	 -1.606297e-10 	 1.092533e-10
2 	 100 	 Ex 	 2 	 -2.816308e-10 	 1.469644e-10
2 	 101 	 Ex 	 2 	 -3.938345e-10 	 1.790899e-10
2 	 102 	 Ex 	 2 	 -4.411422e-10 	 1.981241e-10
2 	 103 	 Ex 	 2 	 -4.381746e-10 	 1.862969e-10
2 	 104 	 Ex 	 2 	 -3.688069e-10 	 1.466412e-10
2 	 105 	 Ex 	 2 	 -2.583990e-10 	 1.146294e-10
2 	 106 	 Ex 	 2 	 -1.428398e-10 	 9.307143e-11
2 	 107 	 Ex 	 2 	 -6.132285e-11 	 8.006321e-11
2 	 108 	 Ex 	 2 	 -1.691506e-11 	 7.047236e-11
2 	 109 	 Ex 	 2 	 6.660499e-12 	 5.581071e-11
2 	 110 	 Ex 	 2 	 1.136362e-11 	 4.002615e-11
2 	 111 	 Ex 	 2 	 1.223898e-11 	 2.700361e-11
2 	 112 	 Ex 	 2 	 1.200579e-11 	 1.837287e-11
2 	 113 	 Ex 	 2 	 -6.396513e-11 	 4.345663e-11
2 	 114 	 Ex 	 2 	 -1.069309e-10 	 5.780133e-11
2 	 115 	 Ex 	 2 	 -1.577096e-10 	 7.674824e-11
2 	 116 	 Ex 	 2 	 -2.170582e-10 	 9.903160e-11
2 	 117 	 Ex 	 2 	 -2.590409e-10 	 1.212545e-10
2 	 118 	 Ex 	 2 	 -2.673031e-10 	 1.320650e-10
2 	 119 	 Ex 	 2 	 -2.761442e-10 	 1.240537e-10
2 	 120 	 Ex 	 2 	 -2.647237e-10 	 9.752001e-11
2 	 121 	 Ex 	 2 	 -2.256859e-10 	 7.760320e-11
2 	 122 	 Ex 	 2 	 -1.579461e-10 	 6.445701e-11
2 	 123 	 Ex 	 2 	 -9.343850e-11 	 5.665968e-11
2 	 124 	 Ex 	 2 	 -5.058138e-11 	 5.104067e-11
2 	 125 	 Ex 	 2 	 -2.490965e-11 	 4.229669e-11
2 	 126 	 Ex 	 2 	 -9.391126e-12 	 3.099488e-11
2 	 127 	 Ex 	 2 	 -2.928968e-12 	 2.157382e-11
2 	 128 	 Ex 	 2 	 4.255198e-13 	 1.449608e-11
2 	 129 	 Ex 	 2 	 -7.136918e-11 	 3.052588e-11
2 	 130 	 Ex 	 2 	 -1.015873e-10 	 4.037962e-11
2 	 131 	 Ex 	 2 	 -1.341122e-10 	 5.316956e-11
2 	 132 	 Ex 	 2 	 -1.658991e-10 	 6.894382e-11
2 	 133 	 Ex 	 2 	 -1.809190e-10 	 8.413646e-11
2 	 134 	 Ex 	 2 	 -1.778304e-10 	 9.082900e-11
2 	 135 	 Ex 	 2 	 -1.896991e-10 	 8.592422e-11
2 	 136 	 Ex 	 2 	 -1.958881e-10 	 6.683702e-11
2 	 137 	 Ex 	 2 	 -1.828122e-10 	 5.215285e-11
2 	 138 	 Ex 	 2 	 -1.469662e-10 	 4.338958e-11
2 	 139 	 Ex 	 2 	 -9.964110e-11 	 3.791601e-11
2 	 140 	 Ex 	 2 	 -6.497380e-11 	 3.515807e-11
2 	 141 	 Ex 	 2 	 -4.078232e-11 	 3.035572e-11
2 	 142 	 Ex 	 2 	 -2.368351e-11 	 2.266526e-11
2 	 143 	 Ex 	 2 	 -1.304889e-11 	 1.621484e-11
2 	 144 	 Ex 	 2 	 -7.921441e-12 	 1.087173e-11
2 	 145 	 Ex 	 2 	 -6.886497e-11 	 2.153485e-11
2 	 146 	 Ex 	 2 	 -8.993609e-11 	 2.823245e-11
2 	 147 	 Ex 	 2 	 -1.102983e-10 	 3.694045e-11
2 	 148 	 Ex 	 2 	 -1.258944e-10 	 4.811568e-11
2 	 149 	 Ex 	 2 	 -1.302702e-10 	 5.908172e-11
2 	 150 	 Ex 	 2 	 -1.288233e-10 	 6.486850e-11
2 	 151 	 Ex 	 2 	 -1.374147e-10 	 6.008220e-11
2 	 152 	 Ex 	 2 	 -1.488337e-10 	 4.663257e-11
2 	 153 	 Ex 	 2 	 -1.453218e-10 	 3.509428e-11
2 	 154 	 Ex 	 2 	 -1.240179e-10 	 2.831527e-11
2 	 155 	 Ex 	 2 	 -9.463663e-11 	 2.525402e-11
2 	 156 	 Ex 	 2 	 -6.748691e-11 	 2.361182e-11
2 	 157 	 Ex 	 2 	 -4.687608e-11 	 2.055951e-11
2 	 158 	 Ex 	 2 	 -3.052356e-11 	 1.590507e-11
2 	 159 	 Ex 	 2 	 -2.008536e-11 	 1.148073e-11
2 	 160 	 Ex 	 2 	 -1.314376e-11 	 7.600819e-12
2 	 161 	 Ex 	 2 	 -6.191803e-11 	 1.531788e-11
2 	 162 	 Ex 	 2 	 -7.622446e-11 	 2.025478e-11
2 	 163 	 Ex 	 2 	 -9.069313e-11 	 2.610772e-11
2 	 164 	 Ex 	 2 	 -9.843883e-11 	 3.387907e-11
2 	 165 	 Ex 	 2 	 -9.860276e-11 	 4.148933e-11
2 	 166 	 Ex 	 2 	 -9.549032e-11 	 4.556004e-11
2 	 167 	 Ex 	 2 	 -1.044008e-10 	 4.194394e-11
2 	 168 	 Ex 	 2 	 -1.146081e-10 	 3.273177e-11
2 	 169 	 Ex 	 2 	 -1.173941e-10 	 2.430832e-11
2 	 170 	 Ex 	 2 	 -1.011960e-10 	 1.867155e-11
2 	 171 	 Ex 	 2 	 -8.288632e-11 	 1.698096e-11
2 	 172 	 Ex 	 2 	 -6.549226e-11 	 1.541850e-11
2 	 173 	 Ex 	 2 	 -4.820211e-11 	 1.323380e-11
2 	 174 	 Ex 	 2 	 -3.364706e-11 	 1.029638e-11
2 	 175 	 Ex 	 2 	 -2.302884e-11 	 7.397742e-12
2 	 176 	 Ex 	 2 	 -1.684034e-11 	 4.900690e-12
2 	 177 	 Ex 	 2 	 -5.327100e-11 	 1.088646e-11
2 	 178 	 Ex 	 2 	 -6.377415e-11 	 1.425485e-11
2 	 179 	 Ex 	 2 	 -7.375319e-11 	 1.876592e-11
2 	 180 	 Ex 	 2 	 -7.656469e-11 	 2.381900e-11
2 	 181 	 Ex 	 2 	 -7.850061e-11 	 2.940165e-11
2 	 182 	 Ex 	 2 	 -7.584879e-11 	 3.212794e-11
2 	 183 	 Ex 	 2 	 -8.140107e-11 	 2.912365e-11
2 	 184 	 Ex 	 2 	 -8.949227e-11 	 2.332598e-11
2 	 185 	 Ex 	 2 	 -9.208551e-11 	 1.716582e-11
2 	 186 	 Ex 	 2 	 -8.377507e-11 	 1.283271e-11
2 	 187 	 Ex 	 2 	 -7.146498e-11 	 1.087092e-11
2 	 188 	 Ex 	 2 	 -5.772257e-11 	 9.742236e-12
2 	 189 	 Ex 	 2 	 -4.612707e-11 	 8.251497e-12
2 	 190 	 Ex 	 2 	 -3.438646e-11 	 6.118194e-12
2 	 191 	 Ex 	 2 	 -2.466326e-11 	 4.335056e-12
2 	 192 	 Ex 	 2 	 -1.784002e-11 	 2.880355e-12
2 	 193 	 Ex 	 2 	 -4.624254e-11 	 7.731252e-12
2 	 194 	 Ex 	 2 	 -5.379810e-11 	 1.031724e-11
2 	 195 	 Ex 	 2 	 -5.961802e-11 	 1.372217e-11
2 	 196 	 Ex 	 2 	 -6.141421e-11 	 1.712954e-11
2 	 197 	 Ex 	 2 	 -6.306958e-11 	 2.034602e-11
2 	 198 	 Ex 	 2 	 -6.108516e-11 	 2.166521e-11
2 	 199 	 Ex 	 2 	 -6.635657e-11 	 2.042589e-11
2 	 200 	 Ex 	 2 	 -7.089113e-11 	 1.680578e-11
2 	 201 	 Ex 	 2 	 -7.212683e-11 	 1.240501e-11
2 	 202 	 Ex 	 2 	 -6.775807e-11 	 8.813041e-12
2 	 203 	 Ex 	 2 	 -5.936122e-11 	 6.722559e-12
2 	 204 	 Ex 	 2 	 -5.022365e-11 	 5.691836e-12
2 	 205 	 Ex 	 2 	 -4.086549e-11 	 4.615215e-12
2 	 206 	 Ex 	 2 	 -3.169464e-11 	 3.356327e-12
2 	 207 	 Ex 	 2 	 -2.461338e-11 	 2.101024e-12
2 	 208 	 Ex 	 2 	 -1.855264e-11 	 1.180827e-12
2 	 209 	 Ex 	 2 	 -3.925003e-11 	 5.506609e-12
2 	 210 	 Ex 	 2 	 -4.483774e-11 	 7.573055e-12
2 	 211 	 Ex 	 2 	 -4.824510e-11 	 1.000744e-11
2 	 212 	 Ex 	 2 	 -5.044729e-11 	 1.223796e-11
2 	 213 	 Ex 	 2 	 -5.235896e-11 	 1.402593e-11
2 	 214 	 Ex 	 2 	 -5.099516e-11 	 1.453971e-11
2 	 215 	 Ex 	 2 	 -5.581107e-11 	 1.417138e-11
2 	 216 	 Ex 	 2 	 -5.730639e-11 	 1.184876e-11
2 	 217 	 Ex 	 2 	 -5.709213e-11 	 8.866179e-12
2 	 218 	 Ex 	 2 	 -5.532867e-11 	 6.118268e-12
2 	 219 	 Ex 	 2 	 -5.014245e-11 	 4.098593e-12
2 	 220 	 Ex 	 2 	 -4.292639e-11 	 3.128207e-12
2 	 221 	 Ex 	 2 	 -3.639647e-11 	 2.367075e-12
2 	 222 	 Ex 	 2 	 -2.952790e-11 	 1.584829e-12
2 	 223 	 Ex 	 2 	 -2.331108e-11 	 7.078115e-13
2 	 224 	 Ex 	 2 	 -1.816431e-11 	 6.176553e-14
2 	 225 	 Ex 	 2 	 -3.382829e-11 	 4.074177e-12
2 	 226 	 Ex 	 2 	 -3.665758e-11 	 5.570496e-12
2 	 227 	 Ex 	 2 	 -4.010601e-11 	 7.128485e-12
2 	 228 	 Ex 	 2 	 -4.281208e-11 	 8.603476e-12
2 	 229 	 Ex 	 2 	 -4.382681e-11 	 9.537646e-12
2 	 230 	 Ex 	 2 	 -4.270178e-11 	 9.667459e-12
2 	 231 	 Ex 	 2 	 -4.665116e-11 	 9.475806e-12
2 	 232 	 Ex 	 2 	 -4.680974e-11 	 7.997626e-12
2 	 233 	 Ex 	 2 	 -4.682387e-11 	 6.074094e-12
2 	 234 	 Ex 	 2 	 -4.542510e-11 	 4.155870e-12
2 	 235 	 Ex 	 2 	 -4.161366e-11 	 2.458745e-12
2 	 236 	 Ex 	 2 	 -3.696166e-11 	 1.522503e-12
2 	 237 	 Ex 	 2 	 -3.124830e-11 	 9.257632e-13
2 	 238 	 Ex 	 2 	 -2.586618e-11 	 4.576968e-13
2 	 239 	 Ex 	 2 	 -2.074604e-11 	 2.559144e-14
2 	 240 	 Ex 	 2 	 -1.711123e-11 	 -5.660209e-13
2 	 241 	 Ex 	 2 	 -2.866712e-11 	 3.013363e-12
2 	 242 	 Ex 	 2 	 -3.159329e-11 	 3.965498e-12
2 	 243 	 Ex 	 2 	 -3.411476e-11 	 4.873968e-12
2 	 244 	 Ex 	 2 	 -3.615151e-11 	 5.839289e-12
2 	 245 	 Ex 	 2 	 -3.699872e-11 	 6.415384e-12
2 	 246 	 Ex 	 2 	 -3.658552e-11 	 6.495025e-12
2 	 247 	 Ex 	 2 	 -3.917932e-11 	 6.106563e-12
2 	 248 	 Ex 	 2 	 -3.901238e-11 	 5.207543e-12
2 	 249 	 Ex 	 2 	 -3.854905e-11 	 3.934774e-12
2 	 250 	 Ex 	 2 	 -3.672064e-11 	 2.599016e-12
2 	 251 	 Ex 	 2 	 -3.442271e-11 	 1.427083e-12
2 	 252 	 Ex 	 2 	 -3.121984e-11 	 5.791328e-13
2 	 253 	 Ex 	 2 	 -2.683859e-11 	 6.822365e-14
2 	 254 	 Ex 	 2 	 -2.320959e-11 	 -3.267928e-13
2 	 255 	 Ex 	 2 	 -1.924647e-11 	 -5.626688e-13
2 	 256 	 Ex 	 2 	 -1.620905e-11 	 -9.104746e-13
2 	 1 	 Ey 	 1 	 1.551674e-10 	 -7.206603e-13
2 	 2 	 Ey 	 1 	 3.299638e-10 	 -3.698683e-12
2 	 3 	 Ey 	 1 	 9.870877e-10 	 -4.252156e-12
2 	 4 	 Ey 	 1 	 3.973257e-09 	 4.099412e-13
2 	 5 	 Ey 	 1 	 2.273070e-08 	 3.905840e-12
2 	 6 	 Ey 	 1 	 5.434239e-08 	 4.983015e-12
2 	 7 	 Ey 	 1 	 -6.933282e-08 	 -2.298867e-12
2 	 8 	 Ey 	 1 	 -1.009804e-08 	 1.397465e-12
2 	 9 	 Ey 	 1 	 -2.074581e-09 	 2.022186e-12
2 	 10 	 Ey 	 1 	 -6.290924e-10 	 -7.697728e-13
2 	 11 	 Ey 	 1 	 -2.619255e-10 	 -1.865998e-12
2 	 12 	 Ey 	 1 	 -1.297083e-10 	 -1.576171e-12
2 	 13 	 Ey 	 1 	 -6.936683e-11 	 -8.648132e-13
2 	 14 	 Ey 	 1 	 -3.536917e-11 	 1.713372e-13
2 	 15 	 Ey 	 1 	 -2.258643e-11 	 -3.842900e-13
2 	 16 	 Ey 	 1 	 -1.166052e-11 	 4.035112e-13
2 	 17 	 Ey 	 1 	 -3.372126e-11 	 5.213168e-13
2 	 18 	 Ey 	 1 	 -8.721456e-11 	 5.301996e-13
2 	 19 	 Ey 	 1 	 -2.790025e-10 	 -1.943313e-12
2 	 20 	 Ey 	 1 	 -1.185369e-09 	 -3.621119e-12
2 	 21 	 Ey 	 1 	 -1.003060e-08 	 -7.388869e-13
2 	 22 	 Ey 	 1 	 -2.777586e-06 	 3.091790e-10
2 	 23 	 Ey 	 1 	 7.302791e-08 	 1.055076e-11
2 	 24 	 Ey 	 1 	 3.791089e-09 	 3.966476e-12
2 	 25 	 Ey 	 1 	 7.373725e-10 	 1.653901e-13
2 	 26 	 Ey 	 1 	 2.407012e-10 	 -3.528733e-12
2 	 27 	 Ey 	 1 	 9.893122e-11 	 -3.535266e-12
2 	 28 	 Ey 	 1 	 4.655390e-11 	 -2.651720e-12
2 	 29 	 Ey 	 1 	 3.154459e-11 	 -1.016322e-12
2 	 30 	 Ey 	 1 	 2.445682e-11 	 -1.835815e-13
2 	 31 	 Ey 	 1 	 1.512734e-11 	 -8.610975e-13
2 	 32 	 Ey 	 1 	 1.608631e-11 	 5.068323e-13
2 	 33 	 Ey 	 1 	 -2.450009e-10 	 -4.558736e-13
2 	 34 	 Ey 	 1 	 -5.258218e-10 	 5.557718e-13
2 	 35 	 Ey 	 1 	 -1.367382e-09 	 -2.942411e-13
2 	 36 	 Ey 	 1 	 -4.311418e-09 	 6.191332e-13
2 	 37 	 Ey 	 1 	 -1.726969e-08 	 -2.711251e-12
2 	 38 	 Ey 	 1 	 -2.276183e-08 	 -6.031332e-12
2 	 39 	 Ey 	 1 	 3.210705e-08 	 1.914131e-12
2 	 40 	 Ey 	 1 	 9.531055e-09 	 -7.124978e-13
2 	 41 	 Ey 	 1 	 2.532367e-09 	 -3.657424e-12
2 	 42 	 Ey 	 1 	 8.134444e-10 	 -6.832374e-12
2 	 43 	 Ey 	 1 	 3.409803e-10 	 -4.724326e-12
2 	 44 	 Ey 	 1 	 1.650808e-10 	 -3.493227e-12
2 	 45 	 Ey 	 1 	 8.794287e-11 	 -2.246888e-12
2 	 46 	 Ey 	 1 	 5.454994e-11 	 -9.056865e-13
2 	 47 	 Ey 	 1 	 3.393571e-11 	 -6.641665e-13
2 	 48 	 Ey 	 1 	 2.547651e-11 	 2.127564e-13
2 	 49 	 Ey 	 1 	 -3.330141e-10 	 1.858427e-13
2 	 50 	 Ey 	 1 	 -6.460045e-10 	 8.739705e-13
2 	 51 	 Ey 	 1 	 -1.331317e-09 	 1.093343e-12
2 	 52 	 Ey 	 1 	 -2.819325e-09 	 2.049637e-12
2 	 53 	 Ey 	 1 	 -4.938066e-09 	 1.162738e-12
2 	 54 	 Ey 	 1 	 -2.311874e-09 	 7.529332e-13
2 	 55 	 Ey 	 1 	 4.493112e-09 	 2.935130e-12
2 	 56 	 Ey 	 1 	 4.074434e-09 	 -4.026750e-12
2 	 57 	 Ey 	 1 	 2.003261e-09 	 -4.464660e-12
2 	 58 	 Ey 	 1 	 9.257153e-10 	 -4.930757e-12
2 	 59 	 Ey 	 1 	 4.657489e-10 	 -3.990361e-12
2 	 60 	 Ey 	 1 	 2.487968e-10 	 -4.125095e-12
2 	 61 	 Ey 	 1 	 1.440723e-10 	 -2.249407e-12
2 	 62 	 Ey 	 1 	 8.594278e-11 	 -1.347156e-12
2 	 63 	 Ey 	 1 	 5.808444e-11 	 -1.164728e-13
2 	 64 	 Ey 	 1 	 4.091420e-11 	 2.564765e-13
2 	 65 	 Ey 	 1 	 -3.228366e-10 	 1.308942e-12
2 	 66 	 Ey 	 1 	 -5.414187e-10 	 1.330988e-12
2 	 67 	 Ey 	 1 	 -9.043663e-10 	 1.752498e-12
2 	 68 	 Ey 	 1 	 -1.373409e-09 	 1.651032e-12
2 	 69 	 Ey 	 1 	 -1.520648e-09 	 3.439680e-12
2 	 70 	 Ey 	 1 	 -5.077986e-10 	 2.970223e-12
2 	 71 	 Ey 	 1 	 1.100814e-09 	 1.389963e-14
2 	 72 	 Ey 	 1 	 1.543135e-09 	 -1.799899e-12
2 	 73 	 Ey 	 1 	 1.166543e-09 	 -1.475132e-12
2 	 74 	 Ey 	 1 	 7.343618e-10 	 -1.535712e-12
2 	 75 	 Ey 	 1 	 4.401106e-10 	 -2.205897e-12
2 	 76 	 Ey 	 1 	 2.673394e-10 	 -2.406845e-12
2 	 77 	 Ey 	 1 	 1.644639e-10 	 -2.139546e-12
2 	 78 	 Ey 	 1 	 1.073534e-10 	 -7.162266e-13
2 	 79 	 Ey 	 1 	 7.242868e-11 	 -3.305768e-13
2 	 80 	 Ey 	 1 	 5.177589e-11 	 2.036520e-13
2 	 81 	 Ey 	 1 	 -2.631309e-10 	 1.569894e-12
2 	 82 	 Ey 	 1 	 -3.836979e-10 	 1.757722e-12
2 	 83 	 Ey 	 1 	 -5.373064e-10 	 1.199372e-12
2 	 84 	 Ey 	 1 	 -6.399753e-10 	 2.206449e-12
2 	 85 	 Ey 	 1 	 -5.601797e-10 	 4.365833e-12
2 	 86 	 Ey 	 1 	 -1.393008e-10 	 3.571225e-12
2 	 87 	 Ey 	 1 	 3.947513e-10 	 7.848445e-13
2 	 88 	 Ey 	 1 	 6.549122e-10 	 1.263366e-12
2 	 89 	 Ey 	 1 	 6.329968e-10 	 1.230670e-12
2 	 90 	 Ey 	 1 	 4.957393e-10 	 8.891152e-13
2 	 91 	 Ey 	 1 	 3.551223e-10 	 -9.150090e-13
2 	 92 	 Ey 	 1 	 2.477746e-10 	 -2.862272e-13
2 	 93 	 Ey 	 1 	 1.637786e-10 	 -8.738574e-13
2 	 94 	 Ey 	 1 	 1.122991e-10 	 -4.752236e-13
2 	 95 	 Ey 	 1 	 7.722300e-11 	 -4.364981e-13
2 	 96 	 Ey 	 1 	 5.582167e-11 	 -2.925136e-13
2 	 97 	 Ey 	 1 	 -1.984551e-10 	 1.129107e-12
2 	 98 	 Ey 	 1 	 -2.581558e-10 	 1.517301e-12
2 	 99 	 Ey 	 1 	 -3.071232e-10 	 1.589074e-12
2 	 100 	 Ey 	 1 	 -3.069783e-10 	 2.163577e-12
2 	 101 	 Ey 	 1 	 -2.303331e-10 	 4.171408e-12
2 	 102 	 Ey 	 1 	 -3.530619e-11 	 2.560508e-12
2 	 103 	 Ey 	 1 	 1.665451e-10 	 2.003727e-12
2 	 104 	 Ey 	 1 	 3.085930e-10 	 1.803209e-12
2 	 105 	 Ey 	 1 	 3.547538e-10 	 2.328258e-12
2 	 106 	 Ey 	 1 	 3.249911e-10 	 2.421276e-12
2 	 107 	 Ey 	 1 	 2.630612e-10 	 1.834305e-12
2 	 108 	 Ey 	 1 	 2.017317e-10 	 7.142265e-13
2 	 109 	 Ey 	 1 	 1.465323e-10 	 4.103247e-13
2 	 110 	 Ey 	 1 	 1.040287e-10 	 -7.049088e-13
2 	 111 	 Ey 	 1 	 7.637788e-11 	 -7.336653e-13
2 	 112 	 Ey 	 1 	 5.752134e-11 	 -1.197241e-13
2 	 113 	 Ey 	 1 	 -1.452649e-10 	 7.810008e-13
2 	 114 	 Ey 	 1 	 -1.722516e-10 	 1.358225e-12
2 	 115 	 Ey 	 1 	 -1.775397e-10 	 1.525135e-12
2 	 116 	 Ey 	 1 	 -1.593427e-10 	 2.258580e-12
2 	 117 	 Ey 	 1 	 -1.084774e-10 	 3.431151e-12
2 	 118 	 Ey 	 1 	 -1.113779e-11 	 2.187044e-12
2 	 119 	 Ey 	 1 	 8.588241e-11 	 1.522029e-12
2 	 120 	 Ey 	 1 	 1.624363e-10 	 2.482668e-12
2 	 121 	 Ey 	 1 	 2.083506e-10 	 2.871395e-12
2 	 122 	 Ey 	 1 	 2.143265e-10 	 2.930727e-12
2 	 123 	 Ey 	 1 	 1.912020e-10 	 2.443118e-12
2 	 124 	 Ey 	 1 	 1.571907e-10 	 1.572089e-12
2 	 125 	 Ey 	 1 	 1.221924e-10 	 1.946079e-13
2 	 126 	 Ey 	 1 	 9.173629e-11 	 -3.140988e-13
2 	 127 	 Ey 	 1 	 6.968513e-11 	 -5.772016e-13
2 	 128 	 Ey 	 1 	 5.371520e-11 	 -4.917475e-13
2 	 129 	 Ey 	 1 	 -1.050404e-10 	 6.368578e-13
2 	 130 	 Ey 	 1 	 -1.132515e-10 	 8.334998e-13
2 	 131 	 Ey 	 1 	 -1.081175e-10 	 1.127709e-12
2 	 132 	 Ey 	 1 	 -9.087939e-11 	 1.884203e-12
2 	 133 	 Ey 	 1 	 -5.690203e-11 	 2.714072e-12
2 	 134 	 Ey 	 1 	 -3.334256e-12 	 1.805422e-12
2 	 135 	 Ey 	 1 	 4.650694e-11 	 1.838018e-12
2 	 136 	 Ey 	 1 	 9.347245e-11 	 1.904931e-12
2 	 137 	 Ey 	 1 	 1.256092e-10 	 2.780433e-12
2 	 138 	 Ey 	 1 	 1.395647e-10 	 2.494575e-12
2 	 139 	 Ey 	 1 	 1.337610e-10 	 2.143428e-12
2 	 140 	 Ey 	 1 	 1.183782e-10 	 1.539526e-12
2 	 141 	 Ey 	 1 	 9.843167e-11 	 5.162629e-13
2 	 142 	 Ey 	 1 	 7.849010e-11 	 -3.106384e-13
2 	 143 	 Ey 	 1 	 6.204170e-11 	 -3.238105e-13
2 	 144 	 Ey 	 1 	 4.965531e-11 	 -4.429739e-13
2 	 145 	 Ey 	 1 	 -7.287520e-11 	 4.562926e-13
2 	 146 	 Ey 	 1 	 -7.566864e-11 	 1.070941e-12
2 	 147 	 Ey 	 1 	 -6.838024e-11 	 1.112040e-12
2 	 148 	 Ey 	 1 	 -5.303601e-11 	 1.489890e-12
2 	 149 	 Ey 	 1 	 -3.209805e-11 	 1.787008e-12
2 	 150 	 Ey 	 1 	 -3.487072e-12 	 1.972518e-12
2 	 151 	 Ey 	 1 	 2.667618e-11 	 1.163460e-12
2 	 152 	 Ey 	 1 	 5.384036e-11 	 1.594980e-12
2 	 153 	 Ey 	 1 	 7.620549e-11 	 2.202964e-12
2 	 154 	 Ey 	 1 	 9.182523e-11 	 2.009277e-12
2 	 155 	 Ey 	 1 	 9.558367e-11 	 1.818716e-12
2 	 156 	 Ey 	 1 	 8.856367e-11 	 1.587012e-12
2 	 157 	 Ey 	 1 	 7.659141e-11 	 4.751334e-13
2 	 158 	 Ey 	 1 	 6.298754e-11 	 -2.999780e-13
2 	 159 	 Ey 	 1 	 5.250960e-11 	 -5.571032e-13
2 	 160 	 Ey 	 1 	 4.399345e-11 	 -5.754762e-13
2 	 161 	 Ey 	 1 	 -5.341113e-11 	 5.441584e-13
2 	 162 	 Ey 	 1 	 -5.016354e-11 	 7.954635e-13
2 	 163 	 Ey 	 1 	 -4.312722e-11 	 8.174703e-13
2 	 164 	 Ey 	 1 	 -3.251659e-11 	 1.187279e-12
2 	 165 	 Ey 	 1 	 -1.981100e-11 	 1.585514e-12
2 	 166 	 Ey 	 1 	 -1.195058e-12 	 9.781928e-13
2 	 167 	 Ey 	 1 	 1.418588e-11 	 1.058705e-12
2 	 168 	 Ey 	 1 	 3.090929e-11 	 1.307344e-12
2 	 169 	 Ey 	 1 	 4.726122e-11 	 1.668002e-12
2 	 170 	 Ey 	 1 	 6.004622e-11 	 1.752266e-12
2 	 171 	 Ey 	 1 	 6.597314e-11 	 1.666293e-12
2 	 172 	 Ey 	 1 	 6.542489e-11 	 9.813691e-13
2 	 173 	 Ey 	 1 	 6.012398e-11 	 2.232464e-13
2 	 174 	 Ey 	 1 	 5.261378e-11 	 -3.614391e-13
2 	 175 	 Ey 	 1 	 4.504356e-11 	 -7.542974e-13
2 	 176 	 Ey 	 1 	 3.801977e-11 	 -8.625116e-13
2 	 177 	 Ey 	 1 	 -3.885155e-11 	 5.291069e-13
2 	 178 	 Ey 	 1 	 -3.546619e-11 	 5.231145e-13
2 	 179 	 Ey 	 1 	 -2.906800e-11 	 7.812042e-13
2 	 180 	 Ey 	 1 	 -2.020840e-11 	 7.661983e-13
2 	 181 	 Ey 	 1 	 -1.180583e-11 	 1.020170e-12
2 	 182 	 Ey 	 1 	 -1.725755e-12 	 8.489563e-13
2 	 183 	 Ey 	 1 	 6.708229e-12 	 9.487797e-13
2 	 184 	 Ey 	 1 	 1.812951e-11 	 1.210408e-12
2 	 185 	 Ey 	 1 	 3.088610e-11 	 1.465798e-12
2 	 186 	 Ey 	 1 	 4.184877e-11 	 1.399528e-12
2 	 187 	 Ey 	 1 	 4.692712e-11 	 1.140034e-12
2 	 188 	 Ey 	 1 	 4.797002e-11 	 7.791986e-13
2 	 189 	 Ey 	 1 	 4.566914e-11 	 6.338508e-15
2 	 190 	 Ey 	 1 	 4.194530e-11 	 -7.785206e-13
2 	 191 	 Ey 	 1 	 3.680785e-11 	 -8.298316e-13
2 	 192 	 Ey 	 1 	 3.203052e-11 	 -8.175937e-13
2 	 193 	 Ey 	 1 	 -2.912629e-11 	 5.315308e-13
2 	 194 	 Ey 	 1 	 -2.504597e-11 	 4.608103e-13
2 	 195 	 Ey 	 1 	 -2.016572e-11 	 4.215354e-13
2 	 196 	 Ey 	 1 	 -1.354639e-11 	 2.769745e-13
2 	 197 	 Ey 	 1 	 -8.307838e-12 	 6.641980e-13
2 	 198 	 Ey 	 1 	 -2.349254e-12 	 7.135686e-13
2 	 199 	 Ey 	 1 	 2.761677e-12 	 7.112475e-13
2 	 200 	 Ey 	 1 	 1.006017e-11 	 9.372487e-13
2 	 201 	 Ey 	 1 	 1.932698e-11 	 9.512926e-13
2 	 202 	 Ey 	 1 	 2.720791e-11 	 8.648290e-13
2 	 203 	 Ey 	 1 	 3.227755e-11 	 5.211043e-13
2 	 204 	 Ey 	 1 	 3.517473e-11 	 4.662885e-14
2 	 205 	 Ey 	 1 	 3.502892e-11 	 -5.115083e-13
2 	 206 	 Ey 	 1 	 3.335281e-11 	 -7.980306e-13
2 	 207 	 Ey 	 1 	 3.008318e-11 	 -9.176063e-13
2 	 208 	 Ey 	 1 	 2.747818e-11 	 -9.303351e-13
2 	 209 	 Ey 	 1 	 -2.209420e-11 	 4.561562e-13
2 	 210 	 Ey 	 1 	 -1.895162e-11 	 4.112933e-13
2 	 211 	 Ey 	 1 	 -1.476932e-11 	 4.286444e-13
2 	 212 	 Ey 	 1 	 -1.053634e-11 	 2.929936e-13
2 	 213 	 Ey 	 1 	 -6.790167e-12 	 4.443573e-13
2 	 214 	 Ey 	 1 	 -2.687890e-12 	 4.787544e-13
2 	 215 	 Ey 	 1 	 6.533984e-13 	 6.411886e-13
2 	 216 	 Ey 	 1 	 5.497216e-12 	 6.693326e-13
2 	 217 	 Ey 	 1 	 1.174738e-11 	 3.847054e-13
2 	 218 	 Ey 	 1 	 1.786143e-11 	 1.861495e-13
2 	 219 	 Ey 	 1 	 2.232663e-11 	 -1.117740e-13
2 	 220 	 Ey 	 1 	 2.510996e-11 	 -4.829541e-13
2 	 221 	 Ey 	 1 	 2.640745e-11 	 -9.312291e-13
2 	 222 	 Ey 	 1 	 2.599329e-11 	 -1.151161e-12
2 	 223 	 Ey 	 1 	 2.460908e-11 	 -1.013618e-12
2 	 224 	 Ey 	 1 	 2.255581e-11 	 -9.564591e-13
2 	 225 	 Ey 	 1 	 -1.725446e-11 	 5.573329e-13
2 	 226 	 Ey 	 1 	 -1.451407e-11 	 3.858215e-13
2 	 227 	 Ey 	 1 	 -1.157805e-11 	 2.628317e-13
2 	 228 	 Ey 	 1 	 -8.672806e-12 	 2.545603e-13
2 	 229 	 Ey 	 1 	 -6.205992e-12 	 4.238967e-13
2 	 230 	 Ey 	 1 	 -2.672903e-12 	 3.361490e-13
2 	 231 	 Ey 	 1 	 1.952378e-13 	 2.950946e-13
2 	 232 	 Ey 	 1 	 3.410089e-12 	 2.592214e-13
2 	 233 	 Ey 	 1 	 7.618928e-12 	 1.897087e-14
2 	 234 	 Ey 	 1 	 1.178118e-11 	 -2.163089e-13
2 	 235 	 Ey 	 1 	 1.581079e-11 	 -6.256620e-13
2 	 236 	 Ey 	 1 	 1.833999e-11 	 -8.710935e-13
2 	 237 	 Ey 	 1 	 1.954555e-11 	 -1.058468e-12
2 	 238 	 Ey 	 1 	 1.963311e-11 	 -1.080263e-12
2 	 239 	 Ey 	 1 	 1.958616e-11 	 -1.026714e-12
2 	 240 	 Ey 	 1 	 1.857291e-11 	 -9.629987e-13
2 	 241 	 Ey 	 1 	 -1.357585e-11 	 5.370020e-13
2 	 242 	 Ey 	 1 	 -1.164474e-11 	 4.776054e-13
2 	 243 	 Ey 	 1 	 -9.668563e-12 	 4.076809e-13
2 	 244 	 Ey 	 1 	 -7.580692e-12 	 3.137353e-13
2 	 245 	 Ey 	 1 	 -5.036090e-12 	 2.011050e-13
2 	 246 	 Ey 	 1 	 -2.128381e-12 	 1.355443e-13
2 	 247 	 Ey 	 1 	 -1.310814e-13 	 1.060861e-13
2 	 248 	 Ey 	 1 	 2.653891e-12 	 -2.249509e-14
2 	 249 	 Ey 	 1 	 5.663044e-12 	 -2.235167e-13
2 	 250 	 Ey 	 1 	 8.662881e-12 	 -4.823903e-13
2 	 251 	 Ey 	 1 	 1.163027e-11 	 -7.021915e-13
2 	 252 	 Ey 	 1 	 1.379588e-11 	 -9.438957e-13
2 	 253 	 Ey 	 1 	 1.498733e-11 	 -1.029236e-12
2 	 254 	 Ey 	 1 	 1.549040e-11 	 -1.046408e-12
2 	 255 	 Ey 	 1 	 1.579186e-11 	 -1.115411e-12
2 	 256 	 Ey 	 1 	 1.550462e-11 	 -1.096934e-12
2 	 1 	 Ey 	 2 	 1.549327e-10 	 -4.181818e-12
2 	 2 	 Ey 	 2 	 3.325620e-10 	 -1.373248e-11
2 	 3 	 Ey 	 2 	 9.899634e-10 	 -1.544675e-11
2 	 4 	 Ey 	 2 	 3.972869e-09 	 4.030093e-12
2 	 5 	 Ey 	 2 	 2.272849e-08 	 3.180279e-11
2 	 6 	 Ey 	 2 	 5.433629e-08 	 5.791845e-11
2 	 7 	 Ey 	 2 	 -6.932341e-08 	 -4.214231e-11
2 	 8 	 Ey 	 2 	 -1.009505e-08 	 9.639934e-12
2 	 9 	 Ey 	 2 	 -2.071984e-09 	 1.696585e-11
2 	 10 	 Ey 	 2 	 -6.245312e-10 	 6.453910e-12
2 	 11 	 Ey 	 2 	 -2.576727e-10 	 -3.410905e-13
2 	 12 	 Ey 	 2 	 -1.266974e-10 	 -1.834681e-12
2 	 13 	 Ey 	 2 	 -6.755391e-11 	 -9.356780e-13
2 	 14 	 Ey 	 2 	 -3.521977e-11 	 1.113151e-12
2 	 15 	 Ey 	 2 	 -2.173493e-11 	 5.784951e-13
2 	 16 	 Ey 	 2 	 -1.203572e-11 	 1.434324e-12
2 	 17 	 Ey 	 2 	 -3.566462e-11 	 -1.471805e-12
2 	 18 	 Ey 	 2 	 -9.006584e-11 	 -3.252070e-12
2 	 19 	 Ey 	 2 	 -2.802318e-10 	 -1.216018e-11
2 	 20 	 Ey 	 2 	 -1.185549e-09 	 -1.752399e-11
2 	 21 	 Ey 	 2 	 -1.002837e-08 	 -6.896219e-12
2 	 22 	 Ey 	 2 	 -2.777236e-06 	 -3.809505e-10
2 	 23 	 Ey 	 2 	 7.301612e-08 	 9.282716e-11
2 	 24 	 Ey 	 2 	 3.793446e-09 	 3.169036e-11
2 	 25 	 Ey 	 2 	 7.430724e-10 	 1.595236e-11
2 	 26 	 Ey 	 2 	 2.488098e-10 	 5.406774e-13
2 	 27 	 Ey 	 2 	 1.054247e-10 	 -4.246124e-12
2 	 28 	 Ey 	 2 	 5.122129e-11 	 -4.320525e-12
2 	 29 	 Ey 	 2 	 3.363476e-11 	 -1.348621e-12
2 	 30 	 Ey 	 2 	 2.526808e-11 	 3.461879e-13
2 	 31 	 Ey 	 2 	 1.692338e-11 	 -7.832094e-13
2 	 32 	 Ey 	 2 	 1.573407e-11 	 1.518637e-12
2 	 33 	 Ey 	 2 	 -2.453885e-10 	 -4.359824e-12
2 	 34 	 Ey 	 2 	 -5.280781e-10 	 -2.986024e-12
2 	 35 	 Ey 	 2 	 -1.369651e-09 	 -7.325633e-12
2 	 36 	 Ey 	 2 	 -4.315289e-09 	 -6.370678e-12
2 	 37 	 Ey 	 2 	 -1.727014e-08 	 -2.300268e-11
2 	 38 	 Ey 	 2 	 -2.275806e-08 	 -3.200607e-11
2 	 39 	 Ey 	 2 	 3.210518e-08 	 3.769169e-11
2 	 40 	 Ey 	 2 	 9.535070e-09 	 1.845200e-11
2 	 41 	 Ey 	 2 	 2.539977e-09 	 3.776645e-12
2 	 42 	 Ey 	 2 	 8.242079e-10 	 -9.983616e-12
2 	 43 	 Ey 	 2 	 3.489053e-10 	 -7.123019e-12
2 	 44 	 Ey 	 2 	 1.712085e-10 	 -5.730048e-12
2 	 45 	 Ey 	 2 	 9.207306e-11 	 -3.810668e-12
2 	 46 	 Ey 	 2 	 5.661645e-11 	 -1.310740e-12
2 	 47 	 Ey 	 2 	 3.554262e-11 	 -3.672788e-13
2 	 48 	 Ey 	 2 	 2.558067e-11 	 1.408198e-12
2 	 49 	 Ey 	 2 	 -3.339595e-10 	 -2.965782e-12
2 	 50 	 Ey 	 2 	 -6.481697e-10 	 -1.938622e-12
2 	 51 	 Ey 	 2 	 -1.334254e-09 	 -2.318426e-12
2 	 52 	 Ey 	 2 	 -2.824315e-09 	 -1.159518e-12
2 	 53 	 Ey 	 2 	 -4.941930e-09 	 -1.834594e-12
2 	 54 	 Ey 	 2 	 -2.314211e-09 	 4.371112e-12
2 	 55 	 Ey 	 2 	 4.491825e-09 	 2.357163e-11
2 	 56 	 Ey 	 2 	 4.080025e-09 	 2.497618e-12
2 	 57 	 Ey 	 2 	 2.010020e-09 	 -7.989101e-13
2 	 58 	 Ey 	 2 	 9.336109e-10 	 -4.781697e-12
2 	 59 	 Ey 	 2 	 4.732455e-10 	 -3.682212e-12
2 	 60 	 Ey 	 2 	 2.563486e-10 	 -5.566458e-12
2 	 61 	 Ey 	 2 	 1.486016e-10 	 -3.052066e-12
2 	 62 	 Ey 	 2 	 8.889502e-11 	 -1.631538e-12
2 	 63 	 Ey 	 2 	 5.896078e-11 	 8.621938e-13
2 	 64 	 Ey 	 2 	 4.087416e-11 	 1.892325e-12
2 	 65 	 Ey 	 2 	 -3.247936e-10 	 5.005533e-13
2 	 66 	 Ey 	 2 	 -5.432710e-10 	 4.559017e-13
2 	 67 	 Ey 	 2 	 -9.068071e-10 	 1.016264e-12
2 	 68 	 Ey 	 2 	 -1.376127e-09 	 5.631118e-13
2 	 69 	 Ey 	 2 	 -1.524411e-09 	 1.022952e-11
2 	 70 	 Ey 	 2 	 -5.112859e-10 	 1.268482e-11
2 	 71 	 Ey 	 2 	 1.100457e-09 	 8.637474e-12
2 	 72 	 Ey 	 2 	 1.545334e-09 	 5.829960e-12
2 	 73 	 Ey 	 2 	 1.169415e-09 	 6.924235e-12
2 	 74 	 Ey 	 2 	 7.383359e-10 	 5.526950e-12
2 	 75 	 Ey 	 2 	 4.455249e-10 	 2.641087e-12
2 	 76 	 Ey 	 2 	 2.728547e-10 	 2.011095e-13
2 	 77 	 Ey 	 2 	 1.690875e-10 	 -1.221917e-12
2 	 78 	 Ey 	 2 	 1.095461e-10 	 5.207857e-13
2 	 79 	 Ey 	 2 	 7.372108e-11 	 1.337109e-12
2 	 80 	 Ey 	 2 	 5.196630e-11 	 2.037807e-12
2 	 81 	 Ey 	 2 	 -2.646849e-10 	 2.922344e-12
2 	 82 	 Ey 	 2 	 -3.851209e-10 	 3.332196e-12
2 	 83 	 Ey 	 2 	 -5.375374e-10 	 1.816511e-12
2 	 84 	 Ey 	 2 	 -6.406859e-10 	 7.052816e-12
2 	 85 	 Ey 	 2 	 -5.632175e-10 	 1.542208e-11
2 	 86 	 Ey 	 2 	 -1.432457e-10 	 1.392214e-11
2 	 87 	 Ey 	 2 	 3.919980e-10 	 6.683608e-12
2 	 88 	 Ey 	 2 	 6.517659e-10 	 1.080017e-11
2 	 89 	 Ey 	 2 	 6.310651e-10 	 1.157009e-11
2 	 90 	 Ey 	 2 	 4.956541e-10 	 1.078887e-11
2 	 91 	 Ey 	 2 	 3.583814e-10 	 6.239611e-12
2 	 92 	 Ey 	 2 	 2.500591e-10 	 5.588561e-12
2 	 93 	 Ey 	 2 	 1.665339e-10 	 2.653938e-12
2 	 94 	 Ey 	 2 	 1.141580e-10 	 2.148177e-12
2 	 95 	 Ey 	 2 	 7.859523e-11 	 1.676270e-12
2 	 96 	 Ey 	 2 	 5.669971e-11 	 1.666157e-12
2 	 97 	 Ey 	 2 	 -1.991769e-10 	 2.924963e-12
2 	 98 	 Ey 	 2 	 -2.586958e-10 	 4.390242e-12
2 	 99 	 Ey 	 2 	 -3.067644e-10 	 5.925283e-12
2 	 100 	 Ey 	 2 	 -3.068766e-10 	 9.023058e-12
2 	 101 	 Ey 	 2 	 -2.330616e-10 	 1.587456e-11
2 	 102 	 Ey 	 2 	 -3.822166e-11 	 1.032649e-11
2 	 103 	 Ey 	 2 	 1.613895e-10 	 7.070729e-12
2 	 104 	 Ey 	 2 	 3.032525e-10 	 7.721350e-12
2 	 105 	 Ey 	 2 	 3.501125e-10 	 1.046913e-11
2 	 106 	 Ey 	 2 	 3.217439e-10 	 1.193148e-11
2 	 107 	 Ey 	 2 	 2.615211e-10 	 1.083117e-11
2 	 108 	 Ey 	 2 	 2.020820e-10 	 7.754211e-12
2 	 109 	 Ey 	 2 	 1.470732e-10 	 5.202518e-12
2 	 110 	 Ey 	 2 	 1.060615e-10 	 2.377097e-12
2 	 111 	 Ey 	 2 	 7.813312e-11 	 1.819114e-12
2 	 112 	 Ey 	 2 	 5.808746e-11 	 2.271775e-12
2 	 113 	 Ey 	 2 	 -1.452366e-10 	 3.043740e-12
2 	 114 	 Ey 	 2 	 -1.725050e-10 	 5.412469e-12
2 	 115 	 Ey 	 2 	 -1.771824e-10 	 7.208906e-12
2 	 116 	 Ey 	 2 	 -1.596515e-10 	 1.015136e-11
2 	 117 	 Ey 	 2 	 -1.111526e-10 	 1.298312e-11
2 	 118 	 Ey 	 2 	 -1.416420e-11 	 7.948505e-12
2 	 119 	 Ey 	 2 	 8.129810e-11 	 3.244640e-12
2 	 120 	 Ey 	 2 	 1.557190e-10 	 5.473911e-12
2 	 121 	 Ey 	 2 	 2.020625e-10 	 8.517596e-12
2 	 122 	 Ey 	 2 	 2.094986e-10 	 1.032347e-11
2 	 123 	 Ey 	 2 	 1.880660e-10 	 1.042814e-11
2 	 124 	 Ey 	 2 	 1.556312e-10 	 8.350338e-12
2 	 125 	 Ey 	 2 	 1.226160e-10 	 4.928744e-12
2 	 126 	 Ey 	 2 	 9.284268e-11 	 2.954594e-12
2 	 127 	 Ey 	 2 	 7.096609e-11 	 2.208005e-12
2 	 128 	 Ey 	 2 	 5.462315e-11 	 2.063159e-12
2 	 129 	 Ey 	 2 	 -1.049299e-10 	 3.703411e-12
2 	 130 	 Ey 	 2 	 -1.127944e-10 	 5.401745e-12
2 	 131 	 Ey 	 2 	 -1.075745e-10 	 7.115320e-12
2 	 132 	 Ey 	 2 	 -9.134195e-11 	 8.811023e-12
2 	 133 	 Ey 	 2 	 -5.927488e-11 	 1.018491e-11
2 	 134 	 Ey 	 2 	 -6.040145e-12 	 5.389712e-12
2 	 135 	 Ey 	 2 	 4.177658e-11 	 2.194202e-12
2 	 136 	 Ey 	 2 	 8.776952e-11 	 1.868596e-12
2 	 137 	 Ey 	 2 	 1.192775e-10 	 4.899813e-12
2 	 138 	 Ey 	 2 	 1.348142e-10 	 6.765831e-12
2 	 139 	 Ey 	 2 	 1.304018e-10 	 7.649804e-12
2 	 140 	 Ey 	 2 	 1.163012e-10 	 6.846983e-12
2 	 141 	 Ey 	 2 	 9.806936e-11 	 4.629437e-12
2 	 142 	 Ey 	 2 	 7.935286e-11 	 2.891877e-12
2 	 143 	 Ey 	 2 	 6.278423e-11 	 2.411757e-12
2 	 144 	 Ey 	 2 	 5.041699e-11 	 2.141777e-12
2 	 145 	 Ey 	 2 	 -7.268261e-11 	 4.042300e-12
2 	 146 	 Ey 	 2 	 -7.598626e-11 	 6.385473e-12
2 	 147 	 Ey 	 2 	 -6.836192e-11 	 7.448229e-12
2 	 148 	 Ey 	 2 	 -5.365703e-11 	 8.125701e-12
2 	 149 	 Ey 	 2 	 -3.379294e-11 	 7.330882e-12
2 	 150 	 Ey 	 2 	 -6.662432e-12 	 4.451491e-12
2 	 151 	 Ey 	 2 	 2.338959e-11 	 -7.005434e-13
2 	 152 	 Ey 	 2 	 4.920245e-11 	 -1.151691e-12
2 	 153 	 Ey 	 2 	 7.096292e-11 	 1.124761e-12
2 	 154 	 Ey 	 2 	 8.764554e-11 	 3.221592e-12
2 	 155 	 Ey 	 2 	 9.237355e-11 	 5.008038e-12
2 	 156 	 Ey 	 2 	 8.612009e-11 	 5.214326e-12
2 	 157 	 Ey 	 2 	 7.594370e-11 	 3.721692e-12
2 	 158 	 Ey 	 2 	 6.354032e-11 	 2.357013e-12
2 	 159 	 Ey 	 2 	 5.331791e-11 	 1.992700e-12
2 	 160 	 Ey 	 2 	 4.467827e-11 	 1.943241e-12
2 	 161 	 Ey 	 2 	 -5.355159e-11 	 4.645702e-12
2 	 162 	 Ey 	 2 	 -5.049246e-11 	 6.239829e-12
2 	 163 	 Ey 	 2 	 -4.331745e-11 	 6.980236e-12
2 	 164 	 Ey 	 2 	 -3.336860e-11 	 7.204720e-12
2 	 165 	 Ey 	 2 	 -2.174284e-11 	 6.277595e-12
2 	 166 	 Ey 	 2 	 -2.878459e-12 	 1.452295e-12
2 	 167 	 Ey 	 2 	 1.146355e-11 	 -2.025831e-12
2 	 168 	 Ey 	 2 	 2.726385e-11 	 -3.187844e-12
2 	 169 	 Ey 	 2 	 4.322984e-11 	 -1.628923e-12
2 	 170 	 Ey 	 2 	 5.639252e-11 	 6.157645e-13
2 	 171 	 Ey 	 2 	 6.289807e-11 	 2.256020e-12
2 	 172 	 Ey 	 2 	 6.366287e-11 	 2.892806e-12
2 	 173 	 Ey 	 2 	 5.964394e-11 	 2.649883e-12
2 	 174 	 Ey 	 2 	 5.305630e-11 	 2.148679e-12
2 	 175 	 Ey 	 2 	 4.594306e-11 	 1.663299e-12
2 	 176 	 Ey 	 2 	 3.896134e-11 	 1.457334e-12
2 	 177 	 Ey 	 2 	 -3.925013e-11 	 4.418713e-12
2 	 178 	 Ey 	 2 	 -3.583885e-11 	 5.312022e-12
2 	 179 	 Ey 	 2 	 -2.961850e-11 	 6.020965e-12
2 	 180 	 Ey 	 2 	 -2.094628e-11 	 5.966081e-12
2 	 181 	 Ey 	 2 	 -1.319703e-11 	 4.459120e-12
2 	 182 	 Ey 	 2 	 -3.193710e-12 	 4.617462e-13
2 	 183 	 Ey 	 2 	 4.597117e-12 	 -3.192444e-12
2 	 184 	 Ey 	 2 	 1.537084e-11 	 -4.220578e-12
2 	 185 	 Ey 	 2 	 2.778308e-11 	 -3.109060e-12
2 	 186 	 Ey 	 2 	 3.904895e-11 	 -1.098806e-12
2 	 187 	 Ey 	 2 	 4.471145e-11 	 4.361897e-13
2 	 188 	 Ey 	 2 	 4.649297e-11 	 1.191917e-12
2 	 189 	 Ey 	 2 	 4.540716e-11 	 1.333027e-12
2 	 190 	 Ey 	 2 	 4.274029e-11 	 1.274875e-12
2 	 191 	 Ey 	 2 	 3.768792e-11 	 1.237802e-12
2 	 192 	 Ey 	 2 	 3.279375e-11 	 1.165380e-12
2 	 193 	 Ey 	 2 	 -2.973508e-11 	 3.774599e-12
2 	 194 	 Ey 	 2 	 -2.553254e-11 	 4.352485e-12
2 	 195 	 Ey 	 2 	 -2.067356e-11 	 4.819600e-12
2 	 196 	 Ey 	 2 	 -1.392066e-11 	 4.297121e-12
2 	 197 	 Ey 	 2 	 -9.256407e-12 	 2.861873e-12
2 	 198 	 Ey 	 2 	 -3.462285e-12 	 -3.473133e-13
2 	 199 	 Ey 	 2 	 1.419915e-12 	 -3.525853e-12
2 	 200 	 Ey 	 2 	 8.258159e-12 	 -4.718212e-12
2 	 201 	 Ey 	 2 	 1.748788e-11 	 -4.264253e-12
2 	 202 	 Ey 	 2 	 2.561532e-11 	 -2.796658e-12
2 	 203 	 Ey 	 2 	 3.117326e-11 	 -1.383656e-12
2 	 204 	 Ey 	 2 	 3.481820e-11 	 -4.891987e-13
2 	 205 	 Ey 	 2 	 3.544413e-11 	 3.354614e-14
2 	 206 	 Ey 	 2 	 3.415631e-11 	 4.878374e-13
2 	 207 	 Ey 	 2 	 3.099514e-11 	 7.411258e-13
2 	 208 	 Ey 	 2 	 2.828209e-11 	 9.235713e-13
2 	 209 	 Ey 	 2 	 -2.271594e-11 	 3.056991e-12
2 	 210 	 Ey 	 2 	 -1.955273e-11 	 3.563698e-12
2 	 211 	 Ey 	 2 	 -1.538349e-11 	 3.696070e-12
2 	 212 	 Ey 	 2 	 -1.103000e-11 	 3.011524e-12
2 	 213 	 Ey 	 2 	 -7.451514e-12 	 1.532815e-12
2 	 214 	 Ey 	 2 	 -3.391590e-12 	 -8.638655e-13
2 	 215 	 Ey 	 2 	 -2.105655e-13 	 -3.089605e-12
2 	 216 	 Ey 	 2 	 4.581514e-12 	 -4.487438e-12
2 	 217 	 Ey 	 2 	 1.113083e-11 	 -4.667558e-12
2 	 218 	 Ey 	 2 	 1.755667e-11 	 -3.793809e-12
2 	 219 	 Ey 	 2 	 2.233748e-11 	 -2.573181e-12
2 	 220 	 Ey 	 2 	 2.561680e-11 	 -1.643283e-12
2 	 221 	 Ey 	 2 	 2.744241e-11 	 -9.443264e-13
2 	 222 	 Ey 	 2 	 2.718229e-11 	 -3.680092e-13
2 	 223 	 Ey 	 2 	 2.560674e-11 	 1.836327e-13
2 	 224 	 Ey 	 2 	 2.337265e-11 	 5.043796e-13
2 	 225 	 Ey 	 2 	 -1.798920e-11 	 2.479611e-12
2 	 226 	 Ey 	 2 	 -1.515552e-11 	 2.835365e-12
2 	 227 	 Ey 	 2 	 -1.205820e-11 	 2.571382e-12
2 	 228 	 Ey 	 2 	 -9.084073e-12 	 1.787889e-12
2 	 229 	 Ey 	 2 	 -6.702934e-12 	 5.874213e-13
2 	 230 	 Ey 	 2 	 -3.025111e-12 	 -9.890655e-13
2 	 231 	 Ey 	 2 	 -4.659546e-14 	 -2.600891e-12
2 	 232 	 Ey 	 2 	 3.290116e-12 	 -3.845272e-12
2 	 233 	 Ey 	 2 	 7.792836e-12 	 -4.253110e-12
2 	 234 	 Ey 	 2 	 1.226939e-11 	 -3.901406e-12
2 	 235 	 Ey 	 2 	 1.665217e-11 	 -2.957490e-12
2 	 236 	 Ey 	 2 	 1.942016e-11 	 -2.056664e-12
2 	 237 	 Ey 	 2 	 2.079427e-11 	 -1.375469e-12
2 	 238 	 Ey 	 2 	 2.085531e-11 	 -8.808344e-13
2 	 239 	 Ey 	 2 	 2.066939e-11 	 -3.972502e-13
2 	 240 	 Ey 	 2 	 1.943366e-11 	 6.212216e-14
2 	 241 	 Ey 	 2 	 -1.426688e-11 	 1.906216e-12
2 	 242 	 Ey 	 2 	 -1.229838e-11 	 1.943278e-12
2 	 243 	 Ey 	 2 	 -1.017419e-11 	 1.595093e-12
2 	 244 	 Ey 	 2 	 -7.931104e-12 	 9.660026e-13
2 	 245 	 Ey 	 2 	 -5.210864e-12 	 3.565179e-14
2 	 246 	 Ey 	 2 	 -2.121097e-12 	 -1.071637e-12
2 	 247 	 Ey 	 2 	 -1.268616e-14 	 -2.141156e-12
2 	 248 	 Ey 	 2 	 3.041484e-12 	 -3.031659e-12
2 	 249 	 Ey 	 2 	 6.293656e-12 	 -3.380792e-12
2 	 250 	 Ey 	 2 	 9.582792e-12 	 -3.252609e-12
2 	 251 	 Ey 	 2 	 1.272573e-11 	 -2.755335e-12
2 	 252 	 Ey 	 2 	 1.502177e-11 	 -2.019064e-12
2 	 253 	 Ey 	 2 	 1.624377e-11 	 -1.424324e-12
2 	 254 	 Ey 	 2 	 1.669828e-11 	 -9.428535e-13
2 	 255 	 Ey 	 2 	 1.693673e-11 	 -5.570561e-13
2 	 256 	 Ey 	 2 	 1.646244e-11 	 -1.932026e-13
