iTx 	 iRx    chrec  ifreq 	 emf_real 	 emf_imag
14 	 1 	 Ex 	 1 	 -2.111335e-11 	 8.325921e-12
14 	 2 	 Ex 	 1 	 -2.331899e-11 	 8.817139e-12
14 	 3 	 Ex 	 1 	 -2.517187e-11 	 9.273243e-12
14 	 4 	 Ex 	 1 	 -2.622453e-11 	 9.552180e-12
14 	 5 	 Ex 	 1 	 -2.733969e-11 	 9.786684e-12
14 	 6 	 Ex 	 1 	 -2.677192e-11 	 1.000938e-11
14 	 7 	 Ex 	 1 	 -2.898375e-11 	 1.012442e-11
14 	 8 	 Ex 	 1 	 -2.914984e-11 	 1.013131e-11
14 	 9 	 Ex 	 1 	 -2.926514e-11 	 1.006878e-11
14 	 10 	 Ex 	 1 	 -2.782341e-11 	 9.601809e-12
14 	 11 	 Ex 	 1 	 -2.623282e-11 	 9.186599e-12
14 	 12 	 Ex 	 1 	 -2.368164e-11 	 8.520989e-12
14 	 13 	 Ex 	 1 	 -2.037477e-11 	 7.654988e-12
14 	 14 	 Ex 	 1 	 -1.793384e-11 	 6.994145e-12
14 	 15 	 Ex 	 1 	 -1.431317e-11 	 6.047883e-12
14 	 16 	 Ex 	 1 	 -1.260546e-11 	 5.463577e-12
14 	 17 	 Ex 	 1 	 -2.367438e-11 	 9.854075e-12
14 	 18 	 Ex 	 1 	 -2.593643e-11 	 1.045118e-11
14 	 19 	 Ex 	 1 	 -2.823059e-11 	 1.105797e-11
14 	 20 	 Ex 	 1 	 -3.031730e-11 	 1.163501e-11
14 	 21 	 Ex 	 1 	 -3.105397e-11 	 1.173825e-11
14 	 22 	 Ex 	 1 	 -2.995564e-11 	 1.186480e-11
14 	 23 	 Ex 	 1 	 -3.303899e-11 	 1.223132e-11
14 	 24 	 Ex 	 1 	 -3.330724e-11 	 1.218625e-11
14 	 25 	 Ex 	 1 	 -3.372587e-11 	 1.218814e-11
14 	 26 	 Ex 	 1 	 -3.261806e-11 	 1.184880e-11
14 	 27 	 Ex 	 1 	 -3.003023e-11 	 1.111701e-11
14 	 28 	 Ex 	 1 	 -2.634405e-11 	 1.032900e-11
14 	 29 	 Ex 	 1 	 -2.257356e-11 	 9.391267e-12
14 	 30 	 Ex 	 1 	 -1.885553e-11 	 8.393159e-12
14 	 31 	 Ex 	 1 	 -1.477160e-11 	 7.227882e-12
14 	 32 	 Ex 	 1 	 -1.281241e-11 	 6.428074e-12
14 	 33 	 Ex 	 1 	 -2.693515e-11 	 1.169632e-11
14 	 34 	 Ex 	 1 	 -3.066549e-11 	 1.264968e-11
14 	 35 	 Ex 	 1 	 -3.329480e-11 	 1.340514e-11
14 	 36 	 Ex 	 1 	 -3.468381e-11 	 1.386742e-11
14 	 37 	 Ex 	 1 	 -3.563872e-11 	 1.412668e-11
14 	 38 	 Ex 	 1 	 -3.417522e-11 	 1.424225e-11
14 	 39 	 Ex 	 1 	 -3.810841e-11 	 1.470808e-11
14 	 40 	 Ex 	 1 	 -3.927982e-11 	 1.478114e-11
14 	 41 	 Ex 	 1 	 -4.061766e-11 	 1.492514e-11
14 	 42 	 Ex 	 1 	 -3.780544e-11 	 1.417763e-11
14 	 43 	 Ex 	 1 	 -3.489577e-11 	 1.371512e-11
14 	 44 	 Ex 	 1 	 -2.911489e-11 	 1.261481e-11
14 	 45 	 Ex 	 1 	 -2.361185e-11 	 1.131028e-11
14 	 46 	 Ex 	 1 	 -1.929483e-11 	 1.000729e-11
14 	 47 	 Ex 	 1 	 -1.492295e-11 	 8.654659e-12
14 	 48 	 Ex 	 1 	 -1.182889e-11 	 7.520829e-12
14 	 49 	 Ex 	 1 	 -2.983386e-11 	 1.392750e-11
14 	 50 	 Ex 	 1 	 -3.534597e-11 	 1.509363e-11
14 	 51 	 Ex 	 1 	 -3.948741e-11 	 1.608095e-11
14 	 52 	 Ex 	 1 	 -4.133966e-11 	 1.676078e-11
14 	 53 	 Ex 	 1 	 -4.170155e-11 	 1.701827e-11
14 	 54 	 Ex 	 1 	 -3.953298e-11 	 1.721294e-11
14 	 55 	 Ex 	 1 	 -4.469610e-11 	 1.757227e-11
14 	 56 	 Ex 	 1 	 -4.784911e-11 	 1.780136e-11
14 	 57 	 Ex 	 1 	 -4.925554e-11 	 1.788192e-11
14 	 58 	 Ex 	 1 	 -4.647546e-11 	 1.748139e-11
14 	 59 	 Ex 	 1 	 -4.002141e-11 	 1.678907e-11
14 	 60 	 Ex 	 1 	 -3.138965e-11 	 1.556831e-11
14 	 61 	 Ex 	 1 	 -2.455475e-11 	 1.391762e-11
14 	 62 	 Ex 	 1 	 -1.842852e-11 	 1.196051e-11
14 	 63 	 Ex 	 1 	 -1.403054e-11 	 1.030086e-11
14 	 64 	 Ex 	 1 	 -1.016301e-11 	 8.797131e-12
14 	 65 	 Ex 	 1 	 -3.232732e-11 	 1.655520e-11
14 	 66 	 Ex 	 1 	 -4.034117e-11 	 1.794405e-11
14 	 67 	 Ex 	 1 	 -4.808236e-11 	 1.968787e-11
14 	 68 	 Ex 	 1 	 -4.983941e-11 	 1.999923e-11
14 	 69 	 Ex 	 1 	 -5.036455e-11 	 2.059277e-11
14 	 70 	 Ex 	 1 	 -4.782116e-11 	 2.111938e-11
14 	 71 	 Ex 	 1 	 -5.319095e-11 	 2.077590e-11
14 	 72 	 Ex 	 1 	 -6.056155e-11 	 2.158101e-11
14 	 73 	 Ex 	 1 	 -6.178208e-11 	 2.155351e-11
14 	 74 	 Ex 	 1 	 -5.553268e-11 	 2.104241e-11
14 	 75 	 Ex 	 1 	 -4.429924e-11 	 2.030173e-11
14 	 76 	 Ex 	 1 	 -3.273760e-11 	 1.904990e-11
14 	 77 	 Ex 	 1 	 -2.367774e-11 	 1.716405e-11
14 	 78 	 Ex 	 1 	 -1.624037e-11 	 1.436752e-11
14 	 79 	 Ex 	 1 	 -1.054795e-11 	 1.219411e-11
14 	 80 	 Ex 	 1 	 -7.142384e-12 	 1.012399e-11
14 	 81 	 Ex 	 1 	 -3.571129e-11 	 1.994909e-11
14 	 82 	 Ex 	 1 	 -4.671711e-11 	 2.182124e-11
14 	 83 	 Ex 	 1 	 -5.800086e-11 	 2.388631e-11
14 	 84 	 Ex 	 1 	 -6.384062e-11 	 2.496773e-11
14 	 85 	 Ex 	 1 	 -6.386861e-11 	 2.532826e-11
14 	 86 	 Ex 	 1 	 -6.063171e-11 	 2.586958e-11
14 	 87 	 Ex 	 1 	 -6.911216e-11 	 2.583323e-11
14 	 88 	 Ex 	 1 	 -7.765957e-11 	 2.611704e-11
14 	 89 	 Ex 	 1 	 -7.868364e-11 	 2.632706e-11
14 	 90 	 Ex 	 1 	 -6.675894e-11 	 2.538240e-11
14 	 91 	 Ex 	 1 	 -4.726930e-11 	 2.439979e-11
14 	 92 	 Ex 	 1 	 -3.289904e-11 	 2.312883e-11
14 	 93 	 Ex 	 1 	 -1.950809e-11 	 2.047187e-11
14 	 94 	 Ex 	 1 	 -1.112855e-11 	 1.735470e-11
14 	 95 	 Ex 	 1 	 -5.122668e-12 	 1.385070e-11
14 	 96 	 Ex 	 1 	 -2.377123e-12 	 1.187788e-11
14 	 97 	 Ex 	 1 	 -3.537801e-11 	 2.363385e-11
14 	 98 	 Ex 	 1 	 -5.168604e-11 	 2.593513e-11
14 	 99 	 Ex 	 1 	 -6.928232e-11 	 2.882654e-11
14 	 100 	 Ex 	 1 	 -8.311027e-11 	 3.146281e-11
14 	 101 	 Ex 	 1 	 -8.614535e-11 	 3.195102e-11
14 	 102 	 Ex 	 1 	 -8.412469e-11 	 3.271379e-11
14 	 103 	 Ex 	 1 	 -9.282206e-11 	 3.232320e-11
14 	 104 	 Ex 	 1 	 -1.010752e-10 	 3.187349e-11
14 	 105 	 Ex 	 1 	 -9.754035e-11 	 3.181578e-11
14 	 106 	 Ex 	 1 	 -7.691724e-11 	 3.035397e-11
14 	 107 	 Ex 	 1 	 -5.106655e-11 	 2.907078e-11
14 	 108 	 Ex 	 1 	 -2.710324e-11 	 2.811878e-11
14 	 109 	 Ex 	 1 	 -1.214673e-11 	 2.472462e-11
14 	 110 	 Ex 	 1 	 -1.510488e-12 	 2.038749e-11
14 	 111 	 Ex 	 1 	 2.621780e-12 	 1.668547e-11
14 	 112 	 Ex 	 1 	 3.659188e-12 	 1.382996e-11
14 	 113 	 Ex 	 1 	 -2.945708e-11 	 2.801595e-11
14 	 114 	 Ex 	 1 	 -5.394248e-11 	 3.200895e-11
14 	 115 	 Ex 	 1 	 -8.158323e-11 	 3.565444e-11
14 	 116 	 Ex 	 1 	 -1.083902e-10 	 3.901119e-11
14 	 117 	 Ex 	 1 	 -1.233404e-10 	 4.043456e-11
14 	 118 	 Ex 	 1 	 -1.221922e-10 	 4.101793e-11
14 	 119 	 Ex 	 1 	 -1.331032e-10 	 4.091314e-11
14 	 120 	 Ex 	 1 	 -1.373378e-10 	 3.958019e-11
14 	 121 	 Ex 	 1 	 -1.229752e-10 	 3.949546e-11
14 	 122 	 Ex 	 1 	 -8.793337e-11 	 3.787688e-11
14 	 123 	 Ex 	 1 	 -4.570861e-11 	 3.541267e-11
14 	 124 	 Ex 	 1 	 -1.455483e-11 	 3.360819e-11
14 	 125 	 Ex 	 1 	 3.592840e-12 	 2.980305e-11
14 	 126 	 Ex 	 1 	 1.104066e-11 	 2.408682e-11
14 	 127 	 Ex 	 1 	 1.367934e-11 	 1.953975e-11
14 	 128 	 Ex 	 1 	 1.331337e-11 	 1.591647e-11
14 	 129 	 Ex 	 1 	 -1.224838e-11 	 3.345235e-11
14 	 130 	 Ex 	 1 	 -4.700411e-11 	 3.868134e-11
14 	 131 	 Ex 	 1 	 -9.052337e-11 	 4.421590e-11
14 	 132 	 Ex 	 1 	 -1.430752e-10 	 4.935458e-11
14 	 133 	 Ex 	 1 	 -1.853106e-10 	 5.243831e-11
14 	 134 	 Ex 	 1 	 -1.953819e-10 	 5.364838e-11
14 	 135 	 Ex 	 1 	 -2.058341e-10 	 5.309633e-11
14 	 136 	 Ex 	 1 	 -1.928000e-10 	 5.060425e-11
14 	 137 	 Ex 	 1 	 -1.506158e-10 	 4.910867e-11
14 	 138 	 Ex 	 1 	 -8.685308e-11 	 4.671953e-11
14 	 139 	 Ex 	 1 	 -2.596285e-11 	 4.266221e-11
14 	 140 	 Ex 	 1 	 1.070267e-11 	 3.979372e-11
14 	 141 	 Ex 	 1 	 2.810343e-11 	 3.512691e-11
14 	 142 	 Ex 	 1 	 3.178294e-11 	 2.786666e-11
14 	 143 	 Ex 	 1 	 2.873425e-11 	 2.236509e-11
14 	 144 	 Ex 	 1 	 2.526294e-11 	 1.801365e-11
14 	 145 	 Ex 	 1 	 2.597421e-11 	 4.018353e-11
14 	 146 	 Ex 	 1 	 -9.742381e-12 	 4.692961e-11
14 	 147 	 Ex 	 1 	 -7.791377e-11 	 5.503318e-11
14 	 148 	 Ex 	 1 	 -1.859505e-10 	 6.381567e-11
14 	 149 	 Ex 	 1 	 -2.995383e-10 	 6.980915e-11
14 	 150 	 Ex 	 1 	 -3.468528e-10 	 7.340027e-11
14 	 151 	 Ex 	 1 	 -3.455815e-10 	 7.173434e-11
14 	 152 	 Ex 	 1 	 -2.788413e-10 	 6.679752e-11
14 	 153 	 Ex 	 1 	 -1.680267e-10 	 6.135424e-11
14 	 154 	 Ex 	 1 	 -5.874485e-11 	 5.621098e-11
14 	 155 	 Ex 	 1 	 1.827655e-11 	 5.128822e-11
14 	 156 	 Ex 	 1 	 5.517640e-11 	 4.686901e-11
14 	 157 	 Ex 	 1 	 6.615839e-11 	 4.021010e-11
14 	 158 	 Ex 	 1 	 6.035557e-11 	 3.205151e-11
14 	 159 	 Ex 	 1 	 4.931150e-11 	 2.500882e-11
14 	 160 	 Ex 	 1 	 3.926286e-11 	 1.995824e-11
14 	 161 	 Ex 	 1 	 1.013152e-10 	 4.756349e-11
14 	 162 	 Ex 	 1 	 8.722492e-11 	 5.765350e-11
14 	 163 	 Ex 	 1 	 1.178758e-12 	 7.086641e-11
14 	 164 	 Ex 	 1 	 -1.909670e-10 	 8.356328e-11
14 	 165 	 Ex 	 1 	 -4.942812e-10 	 9.598613e-11
14 	 166 	 Ex 	 1 	 -6.874996e-10 	 1.034048e-10
14 	 167 	 Ex 	 1 	 -6.331427e-10 	 9.981992e-11
14 	 168 	 Ex 	 1 	 -3.785129e-10 	 8.989277e-11
14 	 169 	 Ex 	 1 	 -1.247797e-10 	 7.982538e-11
14 	 170 	 Ex 	 1 	 2.949608e-11 	 6.817502e-11
14 	 171 	 Ex 	 1 	 1.110732e-10 	 6.173581e-11
14 	 172 	 Ex 	 1 	 1.330006e-10 	 5.457519e-11
14 	 173 	 Ex 	 1 	 1.227740e-10 	 4.564284e-11
14 	 174 	 Ex 	 1 	 9.805204e-11 	 3.579266e-11
14 	 175 	 Ex 	 1 	 7.338103e-11 	 2.708236e-11
14 	 176 	 Ex 	 1 	 5.632529e-11 	 2.186992e-11
14 	 177 	 Ex 	 1 	 2.356617e-10 	 5.563671e-11
14 	 178 	 Ex 	 1 	 2.882498e-10 	 7.057292e-11
14 	 179 	 Ex 	 1 	 2.751259e-10 	 8.926702e-11
14 	 180 	 Ex 	 1 	 2.094891e-11 	 1.112032e-10
14 	 181 	 Ex 	 1 	 -7.985316e-10 	 1.391006e-10
14 	 182 	 Ex 	 1 	 -1.691371e-09 	 1.555302e-10
14 	 183 	 Ex 	 1 	 -1.370332e-09 	 1.461529e-10
14 	 184 	 Ex 	 1 	 -4.038268e-10 	 1.245124e-10
14 	 185 	 Ex 	 1 	 1.230535e-10 	 1.019741e-10
14 	 186 	 Ex 	 1 	 2.749846e-10 	 8.453530e-11
14 	 187 	 Ex 	 1 	 2.869217e-10 	 7.252719e-11
14 	 188 	 Ex 	 1 	 2.458513e-10 	 6.143248e-11
14 	 189 	 Ex 	 1 	 1.953755e-10 	 5.089021e-11
14 	 190 	 Ex 	 1 	 1.421964e-10 	 3.903504e-11
14 	 191 	 Ex 	 1 	 1.019010e-10 	 3.047881e-11
14 	 192 	 Ex 	 1 	 7.286908e-11 	 2.390013e-11
14 	 193 	 Ex 	 1 	 4.297052e-10 	 6.465985e-11
14 	 194 	 Ex 	 1 	 6.537833e-10 	 8.403360e-11
14 	 195 	 Ex 	 1 	 9.932771e-10 	 1.121352e-10
14 	 196 	 Ex 	 1 	 1.102225e-09 	 1.518610e-10
14 	 197 	 Ex 	 1 	 -6.627316e-10 	 2.078852e-10
14 	 198 	 Ex 	 1 	 -5.251137e-09 	 2.447375e-10
14 	 199 	 Ex 	 1 	 -3.452910e-09 	 2.323555e-10
14 	 200 	 Ex 	 1 	 4.921769e-10 	 1.788625e-10
14 	 201 	 Ex 	 1 	 1.043678e-09 	 1.301937e-10
14 	 202 	 Ex 	 1 	 7.846578e-10 	 1.006935e-10
14 	 203 	 Ex 	 1 	 5.462905e-10 	 8.135937e-11
14 	 204 	 Ex 	 1 	 3.865835e-10 	 6.663026e-11
14 	 205 	 Ex 	 1 	 2.679827e-10 	 5.305677e-11
14 	 206 	 Ex 	 1 	 1.810314e-10 	 4.084548e-11
14 	 207 	 Ex 	 1 	 1.264746e-10 	 3.228233e-11
14 	 208 	 Ex 	 1 	 8.893919e-11 	 2.551844e-11
14 	 209 	 Ex 	 1 	 6.216714e-10 	 7.100873e-11
14 	 210 	 Ex 	 1 	 1.119187e-09 	 9.491376e-11
14 	 211 	 Ex 	 1 	 2.254323e-09 	 1.328790e-10
14 	 212 	 Ex 	 1 	 4.927881e-09 	 2.022961e-10
14 	 213 	 Ex 	 1 	 7.963564e-09 	 3.320320e-10
14 	 214 	 Ex 	 1 	 -2.867483e-08 	 4.718239e-10
14 	 215 	 Ex 	 1 	 -4.980359e-09 	 4.185503e-10
14 	 216 	 Ex 	 1 	 7.349901e-09 	 2.584744e-10
14 	 217 	 Ex 	 1 	 3.388594e-09 	 1.610419e-10
14 	 218 	 Ex 	 1 	 1.603228e-09 	 1.158930e-10
14 	 219 	 Ex 	 1 	 8.567956e-10 	 8.950271e-11
14 	 220 	 Ex 	 1 	 5.199974e-10 	 7.022571e-11
14 	 221 	 Ex 	 1 	 3.343431e-10 	 5.546587e-11
14 	 222 	 Ex 	 1 	 2.170422e-10 	 4.281885e-11
14 	 223 	 Ex 	 1 	 1.440041e-10 	 3.335337e-11
14 	 224 	 Ex 	 1 	 9.954498e-11 	 2.653586e-11
14 	 225 	 Ex 	 1 	 7.398726e-10 	 7.514744e-11
14 	 226 	 Ex 	 1 	 1.405420e-09 	 9.987219e-11
14 	 227 	 Ex 	 1 	 3.281607e-09 	 1.477907e-10
14 	 228 	 Ex 	 1 	 1.011461e-08 	 2.412544e-10
14 	 229 	 Ex 	 1 	 5.492424e-08 	 4.675542e-10
14 	 230 	 Ex 	 1 	 6.755631e-07 	 2.369376e-09
14 	 231 	 Ex 	 1 	 4.985086e-08 	 8.082129e-10
14 	 232 	 Ex 	 1 	 2.361015e-08 	 3.249443e-10
14 	 233 	 Ex 	 1 	 5.744842e-09 	 1.832508e-10
14 	 234 	 Ex 	 1 	 2.209409e-09 	 1.257292e-10
14 	 235 	 Ex 	 1 	 1.026743e-09 	 9.149553e-11
14 	 236 	 Ex 	 1 	 5.916106e-10 	 7.209958e-11
14 	 237 	 Ex 	 1 	 3.578661e-10 	 5.538556e-11
14 	 238 	 Ex 	 1 	 2.291746e-10 	 4.322155e-11
14 	 239 	 Ex 	 1 	 1.476495e-10 	 3.298253e-11
14 	 240 	 Ex 	 1 	 1.035068e-10 	 2.704003e-11
14 	 241 	 Ex 	 1 	 6.939010e-10 	 7.429595e-11
14 	 242 	 Ex 	 1 	 1.306940e-09 	 1.024269e-10
14 	 243 	 Ex 	 1 	 2.716005e-09 	 1.455227e-10
14 	 244 	 Ex 	 1 	 6.931742e-09 	 2.241574e-10
14 	 245 	 Ex 	 1 	 1.892820e-08 	 3.776529e-10
14 	 246 	 Ex 	 1 	 -6.209176e-08 	 6.635611e-10
14 	 247 	 Ex 	 1 	 1.124100e-08 	 5.259235e-10
14 	 248 	 Ex 	 1 	 1.249970e-08 	 2.892180e-10
14 	 249 	 Ex 	 1 	 4.427021e-09 	 1.767645e-10
14 	 250 	 Ex 	 1 	 1.904807e-09 	 1.213801e-10
14 	 251 	 Ex 	 1 	 9.596022e-10 	 9.038807e-11
14 	 252 	 Ex 	 1 	 5.506669e-10 	 6.988028e-11
14 	 253 	 Ex 	 1 	 3.378484e-10 	 5.417173e-11
14 	 254 	 Ex 	 1 	 2.215412e-10 	 4.324503e-11
14 	 255 	 Ex 	 1 	 1.447703e-10 	 3.350188e-11
14 	 256 	 Ex 	 1 	 1.003712e-10 	 2.704504e-11
14 	 1 	 Ex 	 2 	 -2.829256e-11 	 3.146355e-12
14 	 2 	 Ex 	 2 	 -3.123542e-11 	 4.110177e-12
14 	 3 	 Ex 	 2 	 -3.376319e-11 	 5.048553e-12
14 	 4 	 Ex 	 2 	 -3.531032e-11 	 5.957572e-12
14 	 5 	 Ex 	 2 	 -3.679460e-11 	 6.513165e-12
14 	 6 	 Ex 	 2 	 -3.651144e-11 	 6.588832e-12
14 	 7 	 Ex 	 2 	 -3.887180e-11 	 6.238160e-12
14 	 8 	 Ex 	 2 	 -3.896257e-11 	 5.340100e-12
14 	 9 	 Ex 	 2 	 -3.886410e-11 	 4.033808e-12
14 	 10 	 Ex 	 2 	 -3.677844e-11 	 2.686080e-12
14 	 11 	 Ex 	 2 	 -3.453510e-11 	 1.500936e-12
14 	 12 	 Ex 	 2 	 -3.108678e-11 	 7.068851e-13
14 	 13 	 Ex 	 2 	 -2.669006e-11 	 2.013636e-13
14 	 14 	 Ex 	 2 	 -2.326825e-11 	 -2.749267e-13
14 	 15 	 Ex 	 2 	 -1.855062e-11 	 -4.132487e-13
14 	 16 	 Ex 	 2 	 -1.593587e-11 	 -7.909664e-13
14 	 17 	 Ex 	 2 	 -3.315517e-11 	 4.225051e-12
14 	 18 	 Ex 	 2 	 -3.640209e-11 	 5.732908e-12
14 	 19 	 Ex 	 2 	 -3.964612e-11 	 7.298494e-12
14 	 20 	 Ex 	 2 	 -4.257346e-11 	 8.791062e-12
14 	 21 	 Ex 	 2 	 -4.360053e-11 	 9.659912e-12
14 	 22 	 Ex 	 2 	 -4.272276e-11 	 9.799778e-12
14 	 23 	 Ex 	 2 	 -4.626132e-11 	 9.613857e-12
14 	 24 	 Ex 	 2 	 -4.643161e-11 	 8.128611e-12
14 	 25 	 Ex 	 2 	 -4.667450e-11 	 6.187899e-12
14 	 26 	 Ex 	 2 	 -4.502817e-11 	 4.285814e-12
14 	 27 	 Ex 	 2 	 -4.139123e-11 	 2.560437e-12
14 	 28 	 Ex 	 2 	 -3.662956e-11 	 1.668635e-12
14 	 29 	 Ex 	 2 	 -3.153293e-11 	 1.042375e-12
14 	 30 	 Ex 	 2 	 -2.638319e-11 	 5.053743e-13
14 	 31 	 Ex 	 2 	 -2.076074e-11 	 1.231906e-13
14 	 32 	 Ex 	 2 	 -1.752468e-11 	 -5.368306e-13
14 	 33 	 Ex 	 2 	 -3.929707e-11 	 5.698613e-12
14 	 34 	 Ex 	 2 	 -4.450817e-11 	 7.767005e-12
14 	 35 	 Ex 	 2 	 -4.840564e-11 	 1.025354e-11
14 	 36 	 Ex 	 2 	 -5.061525e-11 	 1.250535e-11
14 	 37 	 Ex 	 2 	 -5.205409e-11 	 1.418852e-11
14 	 38 	 Ex 	 2 	 -5.082463e-11 	 1.464886e-11
14 	 39 	 Ex 	 2 	 -5.540341e-11 	 1.426954e-11
14 	 40 	 Ex 	 2 	 -5.661971e-11 	 1.196209e-11
14 	 41 	 Ex 	 2 	 -5.799539e-11 	 9.040825e-12
14 	 42 	 Ex 	 2 	 -5.409843e-11 	 6.216045e-12
14 	 43 	 Ex 	 2 	 -5.040504e-11 	 4.196521e-12
14 	 44 	 Ex 	 2 	 -4.311403e-11 	 3.242279e-12
14 	 45 	 Ex 	 2 	 -3.580362e-11 	 2.508849e-12
14 	 46 	 Ex 	 2 	 -2.951223e-11 	 1.673776e-12
14 	 47 	 Ex 	 2 	 -2.312163e-11 	 8.335719e-13
14 	 48 	 Ex 	 2 	 -1.829047e-11 	 1.473376e-13
14 	 49 	 Ex 	 2 	 -4.592758e-11 	 7.946430e-12
14 	 50 	 Ex 	 2 	 -5.324760e-11 	 1.051077e-11
14 	 51 	 Ex 	 2 	 -5.902261e-11 	 1.385612e-11
14 	 52 	 Ex 	 2 	 -6.199624e-11 	 1.747009e-11
14 	 53 	 Ex 	 2 	 -6.286678e-11 	 2.056732e-11
14 	 54 	 Ex 	 2 	 -6.105108e-11 	 2.188127e-11
14 	 55 	 Ex 	 2 	 -6.674138e-11 	 2.066466e-11
14 	 56 	 Ex 	 2 	 -7.024868e-11 	 1.682396e-11
14 	 57 	 Ex 	 2 	 -7.169123e-11 	 1.253703e-11
14 	 58 	 Ex 	 2 	 -6.832218e-11 	 9.030130e-12
14 	 59 	 Ex 	 2 	 -6.075014e-11 	 6.863318e-12
14 	 60 	 Ex 	 2 	 -5.037186e-11 	 5.874048e-12
14 	 61 	 Ex 	 2 	 -4.108162e-11 	 4.790859e-12
14 	 62 	 Ex 	 2 	 -3.205278e-11 	 3.475278e-12
14 	 63 	 Ex 	 2 	 -2.502270e-11 	 2.201564e-12
14 	 64 	 Ex 	 2 	 -1.874484e-11 	 1.270752e-12
14 	 65 	 Ex 	 2 	 -5.298393e-11 	 1.118378e-11
14 	 66 	 Ex 	 2 	 -6.324759e-11 	 1.447902e-11
14 	 67 	 Ex 	 2 	 -7.358317e-11 	 1.904525e-11
14 	 68 	 Ex 	 2 	 -7.595478e-11 	 2.394439e-11
14 	 69 	 Ex 	 2 	 -7.741154e-11 	 2.932865e-11
14 	 70 	 Ex 	 2 	 -7.561173e-11 	 3.229307e-11
14 	 71 	 Ex 	 2 	 -8.056178e-11 	 2.904354e-11
14 	 72 	 Ex 	 2 	 -8.931448e-11 	 2.337405e-11
14 	 73 	 Ex 	 2 	 -9.067988e-11 	 1.722250e-11
14 	 74 	 Ex 	 2 	 -8.373266e-11 	 1.299809e-11
14 	 75 	 Ex 	 2 	 -7.135620e-11 	 1.104695e-11
14 	 76 	 Ex 	 2 	 -5.781638e-11 	 9.863868e-12
14 	 77 	 Ex 	 2 	 -4.587809e-11 	 8.403722e-12
14 	 78 	 Ex 	 2 	 -3.411600e-11 	 6.280176e-12
14 	 79 	 Ex 	 2 	 -2.488097e-11 	 4.518903e-12
14 	 80 	 Ex 	 2 	 -1.819806e-11 	 2.911978e-12
14 	 81 	 Ex 	 2 	 -6.236297e-11 	 1.576119e-11
14 	 82 	 Ex 	 2 	 -7.637694e-11 	 2.056233e-11
14 	 83 	 Ex 	 2 	 -9.059996e-11 	 2.647839e-11
14 	 84 	 Ex 	 2 	 -9.801961e-11 	 3.407439e-11
14 	 85 	 Ex 	 2 	 -9.835269e-11 	 4.154200e-11
14 	 86 	 Ex 	 2 	 -9.564442e-11 	 4.585391e-11
14 	 87 	 Ex 	 2 	 -1.043443e-10 	 4.200043e-11
14 	 88 	 Ex 	 2 	 -1.139730e-10 	 3.256388e-11
14 	 89 	 Ex 	 2 	 -1.159134e-10 	 2.439529e-11
14 	 90 	 Ex 	 2 	 -1.028597e-10 	 1.894545e-11
14 	 91 	 Ex 	 2 	 -8.183286e-11 	 1.724832e-11
14 	 92 	 Ex 	 2 	 -6.530985e-11 	 1.557659e-11
14 	 93 	 Ex 	 2 	 -4.761882e-11 	 1.335903e-11
14 	 94 	 Ex 	 2 	 -3.425115e-11 	 1.049228e-11
14 	 95 	 Ex 	 2 	 -2.267576e-11 	 7.527984e-12
14 	 96 	 Ex 	 2 	 -1.642230e-11 	 5.090970e-12
14 	 97 	 Ex 	 2 	 -6.885391e-11 	 2.199282e-11
14 	 98 	 Ex 	 2 	 -8.872134e-11 	 2.839609e-11
14 	 99 	 Ex 	 2 	 -1.104817e-10 	 3.738383e-11
14 	 100 	 Ex 	 2 	 -1.277106e-10 	 4.892396e-11
14 	 101 	 Ex 	 2 	 -1.305967e-10 	 5.929574e-11
14 	 102 	 Ex 	 2 	 -1.290901e-10 	 6.526176e-11
14 	 103 	 Ex 	 2 	 -1.376312e-10 	 6.014925e-11
14 	 104 	 Ex 	 2 	 -1.468390e-10 	 4.615807e-11
14 	 105 	 Ex 	 2 	 -1.445631e-10 	 3.517665e-11
14 	 106 	 Ex 	 2 	 -1.221389e-10 	 2.823404e-11
14 	 107 	 Ex 	 2 	 -9.429724e-11 	 2.539956e-11
14 	 108 	 Ex 	 2 	 -6.843364e-11 	 2.411202e-11
14 	 109 	 Ex 	 2 	 -4.778472e-11 	 2.052794e-11
14 	 110 	 Ex 	 2 	 -3.005919e-11 	 1.602387e-11
14 	 111 	 Ex 	 2 	 -1.976126e-11 	 1.161134e-11
14 	 112 	 Ex 	 2 	 -1.378819e-11 	 7.709391e-12
14 	 113 	 Ex 	 2 	 -7.090593e-11 	 3.095698e-11
14 	 114 	 Ex 	 2 	 -1.015278e-10 	 4.086474e-11
14 	 115 	 Ex 	 2 	 -1.341599e-10 	 5.358095e-11
14 	 116 	 Ex 	 2 	 -1.648492e-10 	 6.915275e-11
14 	 117 	 Ex 	 2 	 -1.798841e-10 	 8.406374e-11
14 	 118 	 Ex 	 2 	 -1.782309e-10 	 9.111639e-11
14 	 119 	 Ex 	 2 	 -1.896788e-10 	 8.601592e-11
14 	 120 	 Ex 	 2 	 -1.949873e-10 	 6.658299e-11
14 	 121 	 Ex 	 2 	 -1.829299e-10 	 5.230896e-11
14 	 122 	 Ex 	 2 	 -1.462916e-10 	 4.337550e-11
14 	 123 	 Ex 	 2 	 -1.000562e-10 	 3.836022e-11
14 	 124 	 Ex 	 2 	 -6.553629e-11 	 3.569777e-11
14 	 125 	 Ex 	 2 	 -4.084879e-11 	 3.052932e-11
14 	 126 	 Ex 	 2 	 -2.400433e-11 	 2.292292e-11
14 	 127 	 Ex 	 2 	 -1.368919e-11 	 1.632318e-11
14 	 128 	 Ex 	 2 	 -7.800358e-12 	 1.106855e-11
14 	 129 	 Ex 	 2 	 -6.328694e-11 	 4.367138e-11
14 	 130 	 Ex 	 2 	 -1.059375e-10 	 5.773783e-11
14 	 131 	 Ex 	 2 	 -1.567260e-10 	 7.661158e-11
14 	 132 	 Ex 	 2 	 -2.146234e-10 	 9.906505e-11
14 	 133 	 Ex 	 2 	 -2.575373e-10 	 1.212259e-10
14 	 134 	 Ex 	 2 	 -2.667012e-10 	 1.316451e-10
14 	 135 	 Ex 	 2 	 -2.775371e-10 	 1.242870e-10
14 	 136 	 Ex 	 2 	 -2.660969e-10 	 9.830385e-11
14 	 137 	 Ex 	 2 	 -2.257190e-10 	 7.791259e-11
14 	 138 	 Ex 	 2 	 -1.598182e-10 	 6.530613e-11
14 	 139 	 Ex 	 2 	 -9.242896e-11 	 5.661208e-11
14 	 140 	 Ex 	 2 	 -5.073945e-11 	 5.087892e-11
14 	 141 	 Ex 	 2 	 -2.541233e-11 	 4.261001e-11
14 	 142 	 Ex 	 2 	 -9.832833e-12 	 3.110512e-11
14 	 143 	 Ex 	 2 	 -3.548399e-12 	 2.172013e-11
14 	 144 	 Ex 	 2 	 4.725727e-13 	 1.469127e-11
14 	 145 	 Ex 	 2 	 -3.617264e-11 	 6.095288e-11
14 	 146 	 Ex 	 2 	 -8.156472e-11 	 8.142499e-11
14 	 147 	 Ex 	 2 	 -1.598283e-10 	 1.087863e-10
14 	 148 	 Ex 	 2 	 -2.763812e-10 	 1.445561e-10
14 	 149 	 Ex 	 2 	 -3.917264e-10 	 1.784289e-10
14 	 150 	 Ex 	 2 	 -4.393929e-10 	 1.974070e-10
14 	 151 	 Ex 	 2 	 -4.376775e-10 	 1.863070e-10
14 	 152 	 Ex 	 2 	 -3.725014e-10 	 1.490223e-10
14 	 153 	 Ex 	 2 	 -2.602484e-10 	 1.154143e-10
14 	 154 	 Ex 	 2 	 -1.457778e-10 	 9.436080e-11
14 	 155 	 Ex 	 2 	 -6.155276e-11 	 8.089735e-11
14 	 156 	 Ex 	 2 	 -1.755785e-11 	 6.988530e-11
14 	 157 	 Ex 	 2 	 4.253565e-12 	 5.607921e-11
14 	 158 	 Ex 	 2 	 1.174042e-11 	 4.062510e-11
14 	 159 	 Ex 	 2 	 1.237029e-11 	 2.752605e-11
14 	 160 	 Ex 	 2 	 1.107612e-11 	 1.835285e-11
14 	 161 	 Ex 	 2 	 2.781883e-11 	 8.226367e-11
14 	 162 	 Ex 	 2 	 5.036830e-13 	 1.148875e-10
14 	 163 	 Ex 	 2 	 -1.010392e-10 	 1.588750e-10
14 	 164 	 Ex 	 2 	 -3.030746e-10 	 2.113998e-10
14 	 165 	 Ex 	 2 	 -6.115760e-10 	 2.698141e-10
14 	 166 	 Ex 	 2 	 -8.059963e-10 	 3.043899e-10
14 	 167 	 Ex 	 2 	 -7.503969e-10 	 2.849049e-10
14 	 168 	 Ex 	 2 	 -4.955146e-10 	 2.289428e-10
14 	 169 	 Ex 	 2 	 -2.389066e-10 	 1.759338e-10
14 	 170 	 Ex 	 2 	 -7.292882e-11 	 1.341570e-10
14 	 171 	 Ex 	 2 	 1.660367e-11 	 1.122524e-10
14 	 172 	 Ex 	 2 	 4.882523e-11 	 9.217795e-11
14 	 173 	 Ex 	 2 	 5.247812e-11 	 7.111408e-11
14 	 174 	 Ex 	 2 	 4.338395e-11 	 5.014576e-11
14 	 175 	 Ex 	 2 	 3.280133e-11 	 3.297758e-11
14 	 176 	 Ex 	 2 	 2.488963e-11 	 2.202808e-11
14 	 177 	 Ex 	 2 	 1.509833e-10 	 1.080001e-10
14 	 178 	 Ex 	 2 	 1.857006e-10 	 1.571688e-10
14 	 179 	 Ex 	 2 	 1.542211e-10 	 2.237966e-10
14 	 180 	 Ex 	 2 	 -1.141163e-10 	 3.127161e-10
14 	 181 	 Ex 	 2 	 -9.482850e-10 	 4.258304e-10
14 	 182 	 Ex 	 2 	 -1.846199e-09 	 4.943479e-10
14 	 183 	 Ex 	 2 	 -1.519010e-09 	 4.554626e-10
14 	 184 	 Ex 	 2 	 -5.474284e-10 	 3.559084e-10
14 	 185 	 Ex 	 2 	 -1.113682e-11 	 2.570660e-10
14 	 186 	 Ex 	 2 	 1.544071e-10 	 1.897821e-10
14 	 187 	 Ex 	 2 	 1.790267e-10 	 1.480792e-10
14 	 188 	 Ex 	 2 	 1.523872e-10 	 1.147165e-10
14 	 189 	 Ex 	 2 	 1.172976e-10 	 8.606013e-11
14 	 190 	 Ex 	 2 	 8.247472e-11 	 5.872440e-11
14 	 191 	 Ex 	 2 	 5.596194e-11 	 3.959155e-11
14 	 192 	 Ex 	 2 	 3.806806e-11 	 2.559827e-11
14 	 193 	 Ex 	 2 	 3.335305e-10 	 1.367745e-10
14 	 194 	 Ex 	 2 	 5.367723e-10 	 2.032593e-10
14 	 195 	 Ex 	 2 	 8.537850e-10 	 3.082055e-10
14 	 196 	 Ex 	 2 	 9.415619e-10 	 4.659633e-10
14 	 197 	 Ex 	 2 	 -8.460643e-10 	 6.879536e-10
14 	 198 	 Ex 	 2 	 -5.443778e-09 	 8.357252e-10
14 	 199 	 Ex 	 2 	 -3.641263e-09 	 7.838584e-10
14 	 200 	 Ex 	 2 	 3.189398e-10 	 5.632207e-10
14 	 201 	 Ex 	 2 	 8.901658e-10 	 3.649185e-10
14 	 202 	 Ex 	 2 	 6.492844e-10 	 2.491561e-10
14 	 203 	 Ex 	 2 	 4.288532e-10 	 1.804268e-10
14 	 204 	 Ex 	 2 	 2.868027e-10 	 1.336677e-10
14 	 205 	 Ex 	 2 	 1.869262e-10 	 9.505430e-11
14 	 206 	 Ex 	 2 	 1.183832e-10 	 6.398160e-11
14 	 207 	 Ex 	 2 	 7.764897e-11 	 4.326252e-11
14 	 208 	 Ex 	 2 	 5.152494e-11 	 2.845445e-11
14 	 209 	 Ex 	 2 	 5.181580e-10 	 1.584391e-10
14 	 210 	 Ex 	 2 	 9.920336e-10 	 2.423439e-10
14 	 211 	 Ex 	 2 	 2.101401e-09 	 3.875123e-10
14 	 212 	 Ex 	 2 	 4.743073e-09 	 6.593081e-10
14 	 213 	 Ex 	 2 	 7.743508e-09 	 1.172793e-09
14 	 214 	 Ex 	 2 	 -2.890993e-08 	 1.728667e-09
14 	 215 	 Ex 	 2 	 -5.212666e-09 	 1.513101e-09
14 	 216 	 Ex 	 2 	 7.146811e-09 	 8.725800e-10
14 	 217 	 Ex 	 2 	 3.218448e-09 	 4.852350e-10
14 	 218 	 Ex 	 2 	 1.455907e-09 	 3.066556e-10
14 	 219 	 Ex 	 2 	 7.308070e-10 	 2.092240e-10
14 	 220 	 Ex 	 2 	 4.160438e-10 	 1.468535e-10
14 	 221 	 Ex 	 2 	 2.499340e-10 	 1.026133e-10
14 	 222 	 Ex 	 2 	 1.513179e-10 	 6.840345e-11
14 	 223 	 Ex 	 2 	 9.346987e-11 	 4.491305e-11
14 	 224 	 Ex 	 2 	 6.050697e-11 	 2.985233e-11
14 	 225 	 Ex 	 2 	 6.315785e-10 	 1.719246e-10
14 	 226 	 Ex 	 2 	 1.274851e-09 	 2.624228e-10
14 	 227 	 Ex 	 2 	 3.118191e-09 	 4.418294e-10
14 	 228 	 Ex 	 2 	 9.911693e-09 	 8.059803e-10
14 	 229 	 Ex 	 2 	 5.467908e-08 	 1.710785e-09
14 	 230 	 Ex 	 2 	 6.752199e-07 	 9.337342e-09
14 	 231 	 Ex 	 2 	 4.958242e-08 	 3.066225e-09
14 	 232 	 Ex 	 2 	 2.338925e-08 	 1.134397e-09
14 	 233 	 Ex 	 2 	 5.562524e-09 	 5.697884e-10
14 	 234 	 Ex 	 2 	 2.055152e-09 	 3.442843e-10
14 	 235 	 Ex 	 2 	 8.996203e-10 	 2.189349e-10
14 	 236 	 Ex 	 2 	 4.854874e-10 	 1.532412e-10
14 	 237 	 Ex 	 2 	 2.736029e-10 	 1.030312e-10
14 	 238 	 Ex 	 2 	 1.627411e-10 	 6.910052e-11
14 	 239 	 Ex 	 2 	 9.756197e-11 	 4.398108e-11
14 	 240 	 Ex 	 2 	 6.378930e-11 	 2.991854e-11
14 	 241 	 Ex 	 2 	 5.867493e-10 	 1.693329e-10
14 	 242 	 Ex 	 2 	 1.172911e-09 	 2.687837e-10
14 	 243 	 Ex 	 2 	 2.551629e-09 	 4.296772e-10
14 	 244 	 Ex 	 2 	 6.732322e-09 	 7.352260e-10
14 	 245 	 Ex 	 2 	 1.869515e-08 	 1.346247e-09
14 	 246 	 Ex 	 2 	 -6.234619e-08 	 2.480080e-09
14 	 247 	 Ex 	 2 	 1.098991e-08 	 1.931703e-09
14 	 248 	 Ex 	 2 	 1.228403e-08 	 9.890427e-10
14 	 249 	 Ex 	 2 	 4.247017e-09 	 5.445510e-10
14 	 250 	 Ex 	 2 	 1.755380e-09 	 3.316976e-10
14 	 251 	 Ex 	 2 	 8.343953e-10 	 2.168400e-10
14 	 252 	 Ex 	 2 	 4.474939e-10 	 1.467905e-10
14 	 253 	 Ex 	 2 	 2.552929e-10 	 9.913622e-11
14 	 254 	 Ex 	 2 	 1.551005e-10 	 6.778249e-11
14 	 255 	 Ex 	 2 	 9.396696e-11 	 4.376799e-11
14 	 256 	 Ex 	 2 	 6.083634e-11 	 2.887873e-11
14 	 1 	 Ey 	 1 	 1.323172e-11 	 -5.385486e-13
14 	 2 	 Ey 	 1 	 1.195445e-11 	 -5.598852e-13
14 	 3 	 Ey 	 1 	 9.845036e-12 	 -4.226823e-13
14 	 4 	 Ey 	 1 	 7.269246e-12 	 -2.284330e-13
14 	 5 	 Ey 	 1 	 5.119179e-12 	 -2.086368e-13
14 	 6 	 Ey 	 1 	 2.416844e-12 	 -1.755410e-13
14 	 7 	 Ey 	 1 	 1.316167e-13 	 -7.805274e-14
14 	 8 	 Ey 	 1 	 -2.601751e-12 	 6.660774e-14
14 	 9 	 Ey 	 1 	 -5.684708e-12 	 3.038877e-13
14 	 10 	 Ey 	 1 	 -8.595890e-12 	 5.222602e-13
14 	 11 	 Ey 	 1 	 -1.151571e-11 	 7.779329e-13
14 	 12 	 Ey 	 1 	 -1.371602e-11 	 9.906913e-13
14 	 13 	 Ey 	 1 	 -1.509107e-11 	 1.107364e-12
14 	 14 	 Ey 	 1 	 -1.562383e-11 	 1.190523e-12
14 	 15 	 Ey 	 1 	 -1.544490e-11 	 1.078227e-12
14 	 16 	 Ey 	 1 	 -1.562639e-11 	 1.142155e-12
14 	 17 	 Ey 	 1 	 1.705580e-11 	 -5.050579e-13
14 	 18 	 Ey 	 1 	 1.444877e-11 	 -4.068456e-13
14 	 19 	 Ey 	 1 	 1.155387e-11 	 -3.201475e-13
14 	 20 	 Ey 	 1 	 8.775386e-12 	 -2.613330e-13
14 	 21 	 Ey 	 1 	 6.136738e-12 	 -3.255568e-13
14 	 22 	 Ey 	 1 	 2.829927e-12 	 -3.410196e-13
14 	 23 	 Ey 	 1 	 -2.903728e-13 	 -2.060526e-13
14 	 24 	 Ey 	 1 	 -3.468174e-12 	 -1.986950e-13
14 	 25 	 Ey 	 1 	 -7.537230e-12 	 -7.292356e-15
14 	 26 	 Ey 	 1 	 -1.185192e-11 	 2.957820e-13
14 	 27 	 Ey 	 1 	 -1.572446e-11 	 6.280518e-13
14 	 28 	 Ey 	 1 	 -1.831540e-11 	 8.890537e-13
14 	 29 	 Ey 	 1 	 -1.968524e-11 	 1.180688e-12
14 	 30 	 Ey 	 1 	 -2.018513e-11 	 1.281477e-12
14 	 31 	 Ey 	 1 	 -1.975638e-11 	 1.127966e-12
14 	 32 	 Ey 	 1 	 -1.909499e-11 	 1.173890e-12
14 	 33 	 Ey 	 1 	 2.191867e-11 	 -6.226752e-13
14 	 34 	 Ey 	 1 	 1.937052e-11 	 -4.947148e-13
14 	 35 	 Ey 	 1 	 1.518269e-11 	 -4.525220e-13
14 	 36 	 Ey 	 1 	 1.049915e-11 	 -2.723392e-13
14 	 37 	 Ey 	 1 	 6.730925e-12 	 -3.763240e-13
14 	 38 	 Ey 	 1 	 2.888811e-12 	 -5.009044e-13
14 	 39 	 Ey 	 1 	 -5.397397e-13 	 -5.729000e-13
14 	 40 	 Ey 	 1 	 -5.551625e-12 	 -5.448595e-13
14 	 41 	 Ey 	 1 	 -1.170630e-11 	 -3.646758e-13
14 	 42 	 Ey 	 1 	 -1.752426e-11 	 -1.793578e-13
14 	 43 	 Ey 	 1 	 -2.261974e-11 	 2.409582e-13
14 	 44 	 Ey 	 1 	 -2.536247e-11 	 6.259396e-13
14 	 45 	 Ey 	 1 	 -2.603923e-11 	 9.846211e-13
14 	 46 	 Ey 	 1 	 -2.601355e-11 	 1.229089e-12
14 	 47 	 Ey 	 1 	 -2.450600e-11 	 1.082299e-12
14 	 48 	 Ey 	 1 	 -2.287948e-11 	 1.097159e-12
14 	 49 	 Ey 	 1 	 2.828054e-11 	 -5.993444e-13
14 	 50 	 Ey 	 1 	 2.581781e-11 	 -5.176920e-13
14 	 51 	 Ey 	 1 	 2.041461e-11 	 -4.891626e-13
14 	 52 	 Ey 	 1 	 1.390413e-11 	 -3.504782e-13
14 	 53 	 Ey 	 1 	 8.590310e-12 	 -6.127724e-13
14 	 54 	 Ey 	 1 	 2.315429e-12 	 -5.764728e-13
14 	 55 	 Ey 	 1 	 -2.977583e-12 	 -5.596141e-13
14 	 56 	 Ey 	 1 	 -9.705879e-12 	 -9.860726e-13
14 	 57 	 Ey 	 1 	 -1.897970e-11 	 -8.467873e-13
14 	 58 	 Ey 	 1 	 -2.767762e-11 	 -6.508608e-13
14 	 59 	 Ey 	 1 	 -3.307775e-11 	 -3.913326e-13
14 	 60 	 Ey 	 1 	 -3.516595e-11 	 -6.846249e-14
14 	 61 	 Ey 	 1 	 -3.512936e-11 	 6.863959e-13
14 	 62 	 Ey 	 1 	 -3.273127e-11 	 9.645047e-13
14 	 63 	 Ey 	 1 	 -3.007999e-11 	 1.125012e-12
14 	 64 	 Ey 	 1 	 -2.703990e-11 	 1.123681e-12
14 	 65 	 Ey 	 1 	 3.788110e-11 	 -5.176427e-13
14 	 66 	 Ey 	 1 	 3.504213e-11 	 -5.882337e-13
14 	 67 	 Ey 	 1 	 2.880743e-11 	 -5.688280e-13
14 	 68 	 Ey 	 1 	 2.062597e-11 	 -7.343944e-13
14 	 69 	 Ey 	 1 	 1.218534e-11 	 -1.024957e-12
14 	 70 	 Ey 	 1 	 1.841791e-12 	 -7.619563e-13
14 	 71 	 Ey 	 1 	 -6.606119e-12 	 -8.374172e-13
14 	 72 	 Ey 	 1 	 -1.743160e-11 	 -1.303064e-12
14 	 73 	 Ey 	 1 	 -3.060329e-11 	 -1.380156e-12
14 	 74 	 Ey 	 1 	 -4.139790e-11 	 -1.271485e-12
14 	 75 	 Ey 	 1 	 -4.622683e-11 	 -1.120071e-12
14 	 76 	 Ey 	 1 	 -4.754358e-11 	 -6.023404e-13
14 	 77 	 Ey 	 1 	 -4.593790e-11 	 1.480766e-13
14 	 78 	 Ey 	 1 	 -4.185364e-11 	 8.563292e-13
14 	 79 	 Ey 	 1 	 -3.703246e-11 	 9.493184e-13
14 	 80 	 Ey 	 1 	 -3.238340e-11 	 1.092461e-12
14 	 81 	 Ey 	 1 	 5.279802e-11 	 -6.399519e-13
14 	 82 	 Ey 	 1 	 4.929668e-11 	 -7.932453e-13
14 	 83 	 Ey 	 1 	 4.328912e-11 	 -8.590835e-13
14 	 84 	 Ey 	 1 	 3.309651e-11 	 -1.184828e-12
14 	 85 	 Ey 	 1 	 1.997837e-11 	 -1.547558e-12
14 	 86 	 Ey 	 1 	 1.479139e-12 	 -9.386300e-13
14 	 87 	 Ey 	 1 	 -1.383418e-11 	 -1.053153e-12
14 	 88 	 Ey 	 1 	 -3.040092e-11 	 -1.378735e-12
14 	 89 	 Ey 	 1 	 -4.687509e-11 	 -1.589015e-12
14 	 90 	 Ey 	 1 	 -6.008977e-11 	 -1.571486e-12
14 	 91 	 Ey 	 1 	 -6.505806e-11 	 -1.810439e-12
14 	 92 	 Ey 	 1 	 -6.626116e-11 	 -8.264638e-13
14 	 93 	 Ey 	 1 	 -5.974624e-11 	 -1.152936e-13
14 	 94 	 Ey 	 1 	 -5.255709e-11 	 6.245253e-13
14 	 95 	 Ey 	 1 	 -4.411416e-11 	 8.517684e-13
14 	 96 	 Ey 	 1 	 -3.790957e-11 	 9.162041e-13
14 	 97 	 Ey 	 1 	 7.367663e-11 	 -4.914113e-13
14 	 98 	 Ey 	 1 	 7.512871e-11 	 -8.838180e-13
14 	 99 	 Ey 	 1 	 6.880008e-11 	 -1.055696e-12
14 	 100 	 Ey 	 1 	 5.382334e-11 	 -1.473213e-12
14 	 101 	 Ey 	 1 	 3.313310e-11 	 -1.883268e-12
14 	 102 	 Ey 	 1 	 3.077796e-12 	 -1.642650e-12
14 	 103 	 Ey 	 1 	 -2.622851e-11 	 -1.017602e-12
14 	 104 	 Ey 	 1 	 -5.251521e-11 	 -1.694684e-12
14 	 105 	 Ey 	 1 	 -7.619283e-11 	 -2.076060e-12
14 	 106 	 Ey 	 1 	 -9.132040e-11 	 -1.879989e-12
14 	 107 	 Ey 	 1 	 -9.425123e-11 	 -1.730505e-12
14 	 108 	 Ey 	 1 	 -8.817440e-11 	 -1.382106e-12
14 	 109 	 Ey 	 1 	 -7.616614e-11 	 4.475716e-14
14 	 110 	 Ey 	 1 	 -6.379171e-11 	 3.521338e-13
14 	 111 	 Ey 	 1 	 -5.356957e-11 	 5.990876e-13
14 	 112 	 Ey 	 1 	 -4.407539e-11 	 8.964677e-13
14 	 113 	 Ey 	 1 	 1.038850e-10 	 -6.222401e-13
14 	 114 	 Ey 	 1 	 1.135729e-10 	 -6.821955e-13
14 	 115 	 Ey 	 1 	 1.076722e-10 	 -9.956068e-13
14 	 116 	 Ey 	 1 	 8.924684e-11 	 -1.394716e-12
14 	 117 	 Ey 	 1 	 5.553148e-11 	 -2.142136e-12
14 	 118 	 Ey 	 1 	 4.933526e-12 	 -2.043281e-12
14 	 119 	 Ey 	 1 	 -4.662141e-11 	 -1.603372e-12
14 	 120 	 Ey 	 1 	 -9.257773e-11 	 -1.931011e-12
14 	 121 	 Ey 	 1 	 -1.256436e-10 	 -2.556099e-12
14 	 122 	 Ey 	 1 	 -1.401490e-10 	 -2.356599e-12
14 	 123 	 Ey 	 1 	 -1.351182e-10 	 -2.189398e-12
14 	 124 	 Ey 	 1 	 -1.186055e-10 	 -1.406340e-12
14 	 125 	 Ey 	 1 	 -9.769369e-11 	 -3.212346e-13
14 	 126 	 Ey 	 1 	 -7.748927e-11 	 5.385345e-13
14 	 127 	 Ey 	 1 	 -6.162006e-11 	 6.129399e-13
14 	 128 	 Ey 	 1 	 -4.920754e-11 	 6.196811e-13
14 	 129 	 Ey 	 1 	 1.470190e-10 	 -5.757981e-13
14 	 130 	 Ey 	 1 	 1.720102e-10 	 -1.223209e-12
14 	 131 	 Ey 	 1 	 1.784725e-10 	 -1.365433e-12
14 	 132 	 Ey 	 1 	 1.596938e-10 	 -1.607978e-12
14 	 133 	 Ey 	 1 	 1.066431e-10 	 -2.715776e-12
14 	 134 	 Ey 	 1 	 1.410481e-11 	 -2.735572e-12
14 	 135 	 Ey 	 1 	 -8.651626e-11 	 -1.317782e-12
14 	 136 	 Ey 	 1 	 -1.617859e-10 	 -2.501233e-12
14 	 137 	 Ey 	 1 	 -2.073154e-10 	 -2.652187e-12
14 	 138 	 Ey 	 1 	 -2.110367e-10 	 -2.651386e-12
14 	 139 	 Ey 	 1 	 -1.872376e-10 	 -2.342227e-12
14 	 140 	 Ey 	 1 	 -1.557690e-10 	 -1.318315e-12
14 	 141 	 Ey 	 1 	 -1.221463e-10 	 -3.067713e-14
14 	 142 	 Ey 	 1 	 -9.249927e-11 	 5.165006e-13
14 	 143 	 Ey 	 1 	 -6.968878e-11 	 8.867987e-13
14 	 144 	 Ey 	 1 	 -5.416498e-11 	 6.126887e-13
14 	 145 	 Ey 	 1 	 1.959780e-10 	 -1.143884e-12
14 	 146 	 Ey 	 1 	 2.576295e-10 	 -1.068411e-12
14 	 147 	 Ey 	 1 	 3.059899e-10 	 -1.470098e-12
14 	 148 	 Ey 	 1 	 3.031867e-10 	 -2.164403e-12
14 	 149 	 Ey 	 1 	 2.280709e-10 	 -4.280527e-12
14 	 150 	 Ey 	 1 	 3.351771e-11 	 -2.041328e-12
14 	 151 	 Ey 	 1 	 -1.647487e-10 	 -1.884030e-12
14 	 152 	 Ey 	 1 	 -3.053400e-10 	 -2.151575e-12
14 	 153 	 Ey 	 1 	 -3.508760e-10 	 -2.023795e-12
14 	 154 	 Ey 	 1 	 -3.243693e-10 	 -2.192955e-12
14 	 155 	 Ey 	 1 	 -2.641994e-10 	 -1.819996e-12
14 	 156 	 Ey 	 1 	 -2.014498e-10 	 -4.280560e-13
14 	 157 	 Ey 	 1 	 -1.459725e-10 	 3.850147e-13
14 	 158 	 Ey 	 1 	 -1.025612e-10 	 8.168297e-13
14 	 159 	 Ey 	 1 	 -7.479203e-11 	 8.548921e-13
14 	 160 	 Ey 	 1 	 -5.663052e-11 	 6.053127e-13
14 	 161 	 Ey 	 1 	 2.627830e-10 	 -1.773225e-12
14 	 162 	 Ey 	 1 	 3.876407e-10 	 -1.497170e-12
14 	 163 	 Ey 	 1 	 5.384805e-10 	 -1.233775e-12
14 	 164 	 Ey 	 1 	 6.437807e-10 	 -2.005563e-12
14 	 165 	 Ey 	 1 	 5.657726e-10 	 -4.107372e-12
14 	 166 	 Ey 	 1 	 1.423786e-10 	 -3.743483e-12
14 	 167 	 Ey 	 1 	 -3.878080e-10 	 -8.153384e-13
14 	 168 	 Ey 	 1 	 -6.482551e-10 	 -1.287360e-12
14 	 169 	 Ey 	 1 	 -6.309738e-10 	 -1.213217e-12
14 	 170 	 Ey 	 1 	 -4.941257e-10 	 -5.339895e-13
14 	 171 	 Ey 	 1 	 -3.558829e-10 	 3.244197e-13
14 	 172 	 Ey 	 1 	 -2.426074e-10 	 6.855196e-13
14 	 173 	 Ey 	 1 	 -1.645453e-10 	 1.037832e-12
14 	 174 	 Ey 	 1 	 -1.118893e-10 	 9.117674e-13
14 	 175 	 Ey 	 1 	 -7.885350e-11 	 5.496990e-13
14 	 176 	 Ey 	 1 	 -5.658221e-11 	 2.265550e-13
14 	 177 	 Ey 	 1 	 3.283120e-10 	 -1.091535e-12
14 	 178 	 Ey 	 1 	 5.505585e-10 	 -1.106520e-12
14 	 179 	 Ey 	 1 	 9.027580e-10 	 -7.652301e-13
14 	 180 	 Ey 	 1 	 1.359882e-09 	 -1.142282e-12
14 	 181 	 Ey 	 1 	 1.520881e-09 	 -3.004169e-12
14 	 182 	 Ey 	 1 	 5.137217e-10 	 -2.396296e-12
14 	 183 	 Ey 	 1 	 -1.097110e-09 	 1.489066e-13
14 	 184 	 Ey 	 1 	 -1.529815e-09 	 9.512580e-13
14 	 185 	 Ey 	 1 	 -1.166029e-09 	 1.523372e-12
14 	 186 	 Ey 	 1 	 -7.362002e-10 	 1.662019e-12
14 	 187 	 Ey 	 1 	 -4.445077e-10 	 1.982119e-12
14 	 188 	 Ey 	 1 	 -2.684038e-10 	 2.926674e-12
14 	 189 	 Ey 	 1 	 -1.634267e-10 	 2.393190e-12
14 	 190 	 Ey 	 1 	 -1.076042e-10 	 8.263811e-13
14 	 191 	 Ey 	 1 	 -7.194489e-11 	 5.947559e-13
14 	 192 	 Ey 	 1 	 -5.019074e-11 	 4.549612e-13
14 	 193 	 Ey 	 1 	 3.375716e-10 	 -2.527285e-13
14 	 194 	 Ey 	 1 	 6.273003e-10 	 -1.218183e-12
14 	 195 	 Ey 	 1 	 1.329777e-09 	 -7.095636e-13
14 	 196 	 Ey 	 1 	 2.803280e-09 	 -2.022343e-12
14 	 197 	 Ey 	 1 	 4.911660e-09 	 -3.504350e-13
14 	 198 	 Ey 	 1 	 2.343812e-09 	 1.498795e-12
14 	 199 	 Ey 	 1 	 -4.442117e-09 	 -1.386031e-12
14 	 200 	 Ey 	 1 	 -4.099532e-09 	 2.420677e-12
14 	 201 	 Ey 	 1 	 -2.031309e-09 	 4.538993e-12
14 	 202 	 Ey 	 1 	 -9.241954e-10 	 5.605231e-12
14 	 203 	 Ey 	 1 	 -4.570542e-10 	 4.738293e-12
14 	 204 	 Ey 	 1 	 -2.491889e-10 	 3.956687e-12
14 	 205 	 Ey 	 1 	 -1.422528e-10 	 2.866993e-12
14 	 206 	 Ey 	 1 	 -8.721125e-11 	 1.775663e-12
14 	 207 	 Ey 	 1 	 -5.705304e-11 	 7.032329e-13
14 	 208 	 Ey 	 1 	 -4.083776e-11 	 1.713657e-13
14 	 209 	 Ey 	 1 	 2.425825e-10 	 -3.442905e-13
14 	 210 	 Ey 	 1 	 5.111674e-10 	 -1.062125e-12
14 	 211 	 Ey 	 1 	 1.343706e-09 	 4.658941e-13
14 	 212 	 Ey 	 1 	 4.356594e-09 	 1.867230e-12
14 	 213 	 Ey 	 1 	 1.729193e-08 	 5.509187e-12
14 	 214 	 Ey 	 1 	 2.350227e-08 	 1.119792e-11
14 	 215 	 Ey 	 1 	 -3.225375e-08 	 -7.013698e-12
14 	 216 	 Ey 	 1 	 -9.534252e-09 	 7.648447e-13
14 	 217 	 Ey 	 1 	 -2.543079e-09 	 3.346577e-12
14 	 218 	 Ey 	 1 	 -8.248196e-10 	 6.440955e-12
14 	 219 	 Ey 	 1 	 -3.383912e-10 	 5.458742e-12
14 	 220 	 Ey 	 1 	 -1.624793e-10 	 4.188016e-12
14 	 221 	 Ey 	 1 	 -9.107486e-11 	 2.289706e-12
14 	 222 	 Ey 	 1 	 -5.456581e-11 	 1.373347e-12
14 	 223 	 Ey 	 1 	 -3.451235e-11 	 9.288131e-13
14 	 224 	 Ey 	 1 	 -2.477311e-11 	 2.511337e-13
14 	 225 	 Ey 	 1 	 4.195574e-11 	 4.058486e-13
14 	 226 	 Ey 	 1 	 8.907294e-11 	 -2.412939e-13
14 	 227 	 Ey 	 1 	 2.638384e-10 	 1.999577e-12
14 	 228 	 Ey 	 1 	 1.118609e-09 	 4.264302e-12
14 	 229 	 Ey 	 1 	 1.042900e-08 	 6.733441e-12
14 	 230 	 Ey 	 1 	 2.786470e-06 	 7.630735e-11
14 	 231 	 Ey 	 1 	 -7.505090e-08 	 -2.316503e-11
14 	 232 	 Ey 	 1 	 -3.849546e-09 	 -3.415231e-12
14 	 233 	 Ey 	 1 	 -7.696285e-10 	 -4.162948e-13
14 	 234 	 Ey 	 1 	 -2.293893e-10 	 4.366583e-12
14 	 235 	 Ey 	 1 	 -9.906102e-11 	 3.683250e-12
14 	 236 	 Ey 	 1 	 -4.932979e-11 	 2.595199e-12
14 	 237 	 Ey 	 1 	 -2.971502e-11 	 1.704792e-12
14 	 238 	 Ey 	 1 	 -1.991398e-11 	 1.471999e-12
14 	 239 	 Ey 	 1 	 -1.495394e-11 	 1.283803e-12
14 	 240 	 Ey 	 1 	 -1.389451e-11 	 5.105255e-13
14 	 241 	 Ey 	 1 	 -1.540417e-10 	 8.968260e-13
14 	 242 	 Ey 	 1 	 -3.234446e-10 	 3.300175e-12
14 	 243 	 Ey 	 1 	 -9.751655e-10 	 4.580780e-12
14 	 244 	 Ey 	 1 	 -3.951724e-09 	 1.978309e-12
14 	 245 	 Ey 	 1 	 -2.300803e-08 	 -6.779651e-12
14 	 246 	 Ey 	 1 	 -5.599259e-08 	 -1.675292e-11
14 	 247 	 Ey 	 1 	 7.006125e-08 	 1.317055e-11
14 	 248 	 Ey 	 1 	 1.007272e-08 	 -4.049137e-13
14 	 249 	 Ey 	 1 	 2.105860e-09 	 -3.701864e-13
14 	 250 	 Ey 	 1 	 6.283842e-10 	 1.296193e-12
14 	 251 	 Ey 	 1 	 2.649958e-10 	 2.570695e-12
14 	 252 	 Ey 	 1 	 1.287340e-10 	 1.902947e-12
14 	 253 	 Ey 	 1 	 6.782760e-11 	 1.247392e-12
14 	 254 	 Ey 	 1 	 3.833724e-11 	 8.382393e-13
14 	 255 	 Ey 	 1 	 2.044080e-11 	 1.541970e-13
14 	 256 	 Ey 	 1 	 1.142783e-11 	 -1.523101e-13
14 	 1 	 Ey 	 2 	 1.392641e-11 	 -1.922874e-12
14 	 2 	 Ey 	 2 	 1.264663e-11 	 -1.965074e-12
14 	 3 	 Ey 	 2 	 1.035472e-11 	 -1.608786e-12
14 	 4 	 Ey 	 2 	 7.540835e-12 	 -9.329413e-13
14 	 5 	 Ey 	 2 	 5.288586e-12 	 -1.451606e-14
14 	 6 	 Ey 	 2 	 2.439456e-12 	 1.075059e-12
14 	 7 	 Ey 	 2 	 -2.794724e-14 	 2.159913e-12
14 	 8 	 Ey 	 2 	 -3.025888e-12 	 3.041356e-12
14 	 9 	 Ey 	 2 	 -6.380784e-12 	 3.410435e-12
14 	 10 	 Ey 	 2 	 -9.575976e-12 	 3.295952e-12
14 	 11 	 Ey 	 2 	 -1.267280e-11 	 2.794202e-12
14 	 12 	 Ey 	 2 	 -1.500812e-11 	 2.084468e-12
14 	 13 	 Ey 	 2 	 -1.642499e-11 	 1.459598e-12
14 	 14 	 Ey 	 2 	 -1.692401e-11 	 9.438615e-13
14 	 15 	 Ey 	 2 	 -1.661400e-11 	 6.336221e-13
14 	 16 	 Ey 	 2 	 -1.663437e-11 	 2.144939e-13
14 	 17 	 Ey 	 2 	 1.771963e-11 	 -2.481590e-12
14 	 18 	 Ey 	 2 	 1.509329e-11 	 -2.832685e-12
14 	 19 	 Ey 	 2 	 1.204630e-11 	 -2.563386e-12
14 	 20 	 Ey 	 2 	 9.160372e-12 	 -1.783760e-12
14 	 21 	 Ey 	 2 	 6.536734e-12 	 -5.379949e-13
14 	 22 	 Ey 	 2 	 3.174049e-12 	 9.934409e-13
14 	 23 	 Ey 	 2 	 -1.460370e-13 	 2.643372e-12
14 	 24 	 Ey 	 2 	 -3.433668e-12 	 3.870596e-12
14 	 25 	 Ey 	 2 	 -7.749541e-12 	 4.261901e-12
14 	 26 	 Ey 	 2 	 -1.244137e-11 	 3.960947e-12
14 	 27 	 Ey 	 2 	 -1.662062e-11 	 3.019318e-12
14 	 28 	 Ey 	 2 	 -1.944055e-11 	 2.089277e-12
14 	 29 	 Ey 	 2 	 -2.104793e-11 	 1.373812e-12
14 	 30 	 Ey 	 2 	 -2.157883e-11 	 8.529849e-13
14 	 31 	 Ey 	 2 	 -2.090984e-11 	 4.050615e-13
14 	 32 	 Ey 	 2 	 -2.009413e-11 	 -1.106550e-13
14 	 33 	 Ey 	 2 	 2.267622e-11 	 -3.055455e-12
14 	 34 	 Ey 	 2 	 2.004518e-11 	 -3.589836e-12
14 	 35 	 Ey 	 2 	 1.581046e-11 	 -3.730834e-12
14 	 36 	 Ey 	 2 	 1.092696e-11 	 -2.991750e-12
14 	 37 	 Ey 	 2 	 7.299414e-12 	 -1.497639e-12
14 	 38 	 Ey 	 2 	 3.588398e-12 	 8.747883e-13
14 	 39 	 Ey 	 2 	 2.775244e-13 	 3.122334e-12
14 	 40 	 Ey 	 2 	 -4.750427e-12 	 4.533787e-12
14 	 41 	 Ey 	 2 	 -1.112216e-11 	 4.669730e-12
14 	 42 	 Ey 	 2 	 -1.722445e-11 	 3.824210e-12
14 	 43 	 Ey 	 2 	 -2.279897e-11 	 2.595267e-12
14 	 44 	 Ey 	 2 	 -2.599439e-11 	 1.652316e-12
14 	 45 	 Ey 	 2 	 -2.710957e-11 	 9.892437e-13
14 	 46 	 Ey 	 2 	 -2.730353e-11 	 3.874752e-13
14 	 47 	 Ey 	 2 	 -2.556127e-11 	 -1.462698e-13
14 	 48 	 Ey 	 2 	 -2.378940e-11 	 -4.961773e-13
14 	 49 	 Ey 	 2 	 2.893112e-11 	 -3.780487e-12
14 	 50 	 Ey 	 2 	 2.634220e-11 	 -4.413755e-12
14 	 51 	 Ey 	 2 	 2.091899e-11 	 -4.810571e-12
14 	 52 	 Ey 	 2 	 1.433513e-11 	 -4.345784e-12
14 	 53 	 Ey 	 2 	 9.481724e-12 	 -2.877414e-12
14 	 54 	 Ey 	 2 	 3.299002e-12 	 4.106652e-13
14 	 55 	 Ey 	 2 	 -1.849279e-12 	 3.705940e-12
14 	 56 	 Ey 	 2 	 -7.870777e-12 	 4.644416e-12
14 	 57 	 Ey 	 2 	 -1.723837e-11 	 4.240918e-12
14 	 58 	 Ey 	 2 	 -2.630418e-11 	 2.802902e-12
14 	 59 	 Ey 	 2 	 -3.214089e-11 	 1.391036e-12
14 	 60 	 Ey 	 2 	 -3.473648e-11 	 4.567717e-13
14 	 61 	 Ey 	 2 	 -3.572421e-11 	 2.713542e-14
14 	 62 	 Ey 	 2 	 -3.369928e-11 	 -3.478710e-13
14 	 63 	 Ey 	 2 	 -3.120114e-11 	 -6.475236e-13
14 	 64 	 Ey 	 2 	 -2.803473e-11 	 -7.688515e-13
14 	 65 	 Ey 	 2 	 3.823204e-11 	 -4.423499e-12
14 	 66 	 Ey 	 2 	 3.543655e-11 	 -5.292208e-12
14 	 67 	 Ey 	 2 	 2.908706e-11 	 -5.897781e-12
14 	 68 	 Ey 	 2 	 2.127668e-11 	 -5.956752e-12
14 	 69 	 Ey 	 2 	 1.353136e-11 	 -4.432640e-12
14 	 70 	 Ey 	 2 	 3.220893e-12 	 -4.284534e-13
14 	 71 	 Ey 	 2 	 -4.636399e-12 	 3.273919e-12
14 	 72 	 Ey 	 2 	 -1.452680e-11 	 4.099247e-12
14 	 73 	 Ey 	 2 	 -2.756782e-11 	 3.131656e-12
14 	 74 	 Ey 	 2 	 -3.872432e-11 	 1.165193e-12
14 	 75 	 Ey 	 2 	 -4.402308e-11 	 -3.930973e-13
14 	 76 	 Ey 	 2 	 -4.624563e-11 	 -1.101581e-12
14 	 77 	 Ey 	 2 	 -4.583612e-11 	 -1.281184e-12
14 	 78 	 Ey 	 2 	 -4.271873e-11 	 -1.202919e-12
14 	 79 	 Ey 	 2 	 -3.801257e-11 	 -1.190391e-12
14 	 80 	 Ey 	 2 	 -3.343713e-11 	 -1.081894e-12
14 	 81 	 Ey 	 2 	 5.302967e-11 	 -4.764491e-12
14 	 82 	 Ey 	 2 	 4.956711e-11 	 -6.226797e-12
14 	 83 	 Ey 	 2 	 4.351239e-11 	 -7.066733e-12
14 	 84 	 Ey 	 2 	 3.390704e-11 	 -7.184666e-12
14 	 85 	 Ey 	 2 	 2.183551e-11 	 -6.258871e-12
14 	 86 	 Ey 	 2 	 3.106762e-12 	 -1.483875e-12
14 	 87 	 Ey 	 2 	 -1.110502e-11 	 2.050726e-12
14 	 88 	 Ey 	 2 	 -2.665596e-11 	 3.174718e-12
14 	 89 	 Ey 	 2 	 -4.293568e-11 	 1.681300e-12
14 	 90 	 Ey 	 2 	 -5.666406e-11 	 -5.306422e-13
14 	 91 	 Ey 	 2 	 -6.171921e-11 	 -2.314749e-12
14 	 92 	 Ey 	 2 	 -6.462648e-11 	 -2.887583e-12
14 	 93 	 Ey 	 2 	 -5.936460e-11 	 -2.537717e-12
14 	 94 	 Ey 	 2 	 -5.329836e-11 	 -1.975337e-12
14 	 95 	 Ey 	 2 	 -4.512890e-11 	 -1.456456e-12
14 	 96 	 Ey 	 2 	 -3.883577e-11 	 -1.406474e-12
14 	 97 	 Ey 	 2 	 7.346444e-11 	 -4.105518e-12
14 	 98 	 Ey 	 2 	 7.515335e-11 	 -6.297736e-12
14 	 99 	 Ey 	 2 	 6.871926e-11 	 -7.419065e-12
14 	 100 	 Ey 	 2 	 5.438040e-11 	 -8.226244e-12
14 	 101 	 Ey 	 2 	 3.500084e-11 	 -7.673496e-12
14 	 102 	 Ey 	 2 	 5.769459e-12 	 -3.875312e-12
14 	 103 	 Ey 	 2 	 -2.307729e-11 	 8.381729e-13
14 	 104 	 Ey 	 2 	 -4.769229e-11 	 1.012853e-12
14 	 105 	 Ey 	 2 	 -7.111065e-11 	 -1.000588e-12
14 	 106 	 Ey 	 2 	 -8.729151e-11 	 -3.068825e-12
14 	 107 	 Ey 	 2 	 -9.113064e-11 	 -4.834339e-12
14 	 108 	 Ey 	 2 	 -8.591953e-11 	 -5.088233e-12
14 	 109 	 Ey 	 2 	 -7.621966e-11 	 -3.311190e-12
14 	 110 	 Ey 	 2 	 -6.434924e-11 	 -2.425698e-12
14 	 111 	 Ey 	 2 	 -5.436814e-11 	 -2.110119e-12
14 	 112 	 Ey 	 2 	 -4.514638e-11 	 -1.759659e-12
14 	 113 	 Ey 	 2 	 1.036414e-10 	 -3.723077e-12
14 	 114 	 Ey 	 2 	 1.129259e-10 	 -5.327981e-12
14 	 115 	 Ey 	 2 	 1.069782e-10 	 -7.066981e-12
14 	 116 	 Ey 	 2 	 8.898141e-11 	 -8.112250e-12
14 	 117 	 Ey 	 2 	 5.713681e-11 	 -9.291586e-12
14 	 118 	 Ey 	 2 	 8.021178e-12 	 -6.016099e-12
14 	 119 	 Ey 	 2 	 -4.225058e-11 	 -1.971635e-12
14 	 120 	 Ey 	 2 	 -8.695011e-11 	 -1.948344e-12
14 	 121 	 Ey 	 2 	 -1.195870e-10 	 -4.692757e-12
14 	 122 	 Ey 	 2 	 -1.356055e-10 	 -6.679971e-12
14 	 123 	 Ey 	 2 	 -1.316664e-10 	 -7.827262e-12
14 	 124 	 Ey 	 2 	 -1.166489e-10 	 -6.778082e-12
14 	 125 	 Ey 	 2 	 -9.752029e-11 	 -4.427702e-12
14 	 126 	 Ey 	 2 	 -7.862106e-11 	 -2.618269e-12
14 	 127 	 Ey 	 2 	 -6.272177e-11 	 -2.163229e-12
14 	 128 	 Ey 	 2 	 -5.011786e-11 	 -1.982398e-12
14 	 129 	 Ey 	 2 	 1.467312e-10 	 -2.772344e-12
14 	 130 	 Ey 	 2 	 1.720463e-10 	 -5.241243e-12
14 	 131 	 Ey 	 2 	 1.778750e-10 	 -7.039843e-12
14 	 132 	 Ey 	 2 	 1.590476e-10 	 -9.097173e-12
14 	 133 	 Ey 	 2 	 1.082782e-10 	 -1.156003e-11
14 	 134 	 Ey 	 2 	 1.779837e-11 	 -9.193684e-12
14 	 135 	 Ey 	 2 	 -8.234029e-11 	 -2.955468e-12
14 	 136 	 Ey 	 2 	 -1.550250e-10 	 -5.711835e-12
14 	 137 	 Ey 	 2 	 -2.013571e-10 	 -8.177496e-12
14 	 138 	 Ey 	 2 	 -2.065659e-10 	 -9.802939e-12
14 	 139 	 Ey 	 2 	 -1.841482e-10 	 -1.004784e-11
14 	 140 	 Ey 	 2 	 -1.544636e-10 	 -8.010395e-12
14 	 141 	 Ey 	 2 	 -1.228133e-10 	 -4.763144e-12
14 	 142 	 Ey 	 2 	 -9.389368e-11 	 -2.865403e-12
14 	 143 	 Ey 	 2 	 -7.136031e-11 	 -1.975008e-12
14 	 144 	 Ey 	 2 	 -5.518635e-11 	 -2.015334e-12
14 	 145 	 Ey 	 2 	 1.966520e-10 	 -2.987895e-12
14 	 146 	 Ey 	 2 	 2.575082e-10 	 -3.830492e-12
14 	 147 	 Ey 	 2 	 3.055723e-10 	 -5.850631e-12
14 	 148 	 Ey 	 2 	 3.029818e-10 	 -9.230937e-12
14 	 149 	 Ey 	 2 	 2.309725e-10 	 -1.634836e-11
14 	 150 	 Ey 	 2 	 3.565296e-11 	 -9.155670e-12
14 	 151 	 Ey 	 2 	 -1.597945e-10 	 -6.713627e-12
14 	 152 	 Ey 	 2 	 -2.995324e-10 	 -8.247333e-12
14 	 153 	 Ey 	 2 	 -3.465691e-10 	 -9.877078e-12
14 	 154 	 Ey 	 2 	 -3.214128e-10 	 -1.159243e-11
14 	 155 	 Ey 	 2 	 -2.626566e-10 	 -1.094506e-11
14 	 156 	 Ey 	 2 	 -2.021344e-10 	 -7.464530e-12
14 	 157 	 Ey 	 2 	 -1.477330e-10 	 -4.182809e-12
14 	 158 	 Ey 	 2 	 -1.045927e-10 	 -2.244116e-12
14 	 159 	 Ey 	 2 	 -7.664599e-11 	 -1.569450e-12
14 	 160 	 Ey 	 2 	 -5.781857e-11 	 -1.802937e-12
14 	 161 	 Ey 	 2 	 2.646391e-10 	 -3.318853e-12
14 	 162 	 Ey 	 2 	 3.887486e-10 	 -2.986315e-12
14 	 163 	 Ey 	 2 	 5.388723e-10 	 -2.062904e-12
14 	 164 	 Ey 	 2 	 6.443908e-10 	 -6.441277e-12
14 	 165 	 Ey 	 2 	 5.686359e-10 	 -1.532959e-11
14 	 166 	 Ey 	 2 	 1.464820e-10 	 -1.494101e-11
14 	 167 	 Ey 	 2 	 -3.850710e-10 	 -6.754228e-12
14 	 168 	 Ey 	 2 	 -6.450468e-10 	 -1.050689e-11
14 	 169 	 Ey 	 2 	 -6.291765e-10 	 -1.164122e-11
14 	 170 	 Ey 	 2 	 -4.946615e-10 	 -1.008585e-11
14 	 171 	 Ey 	 2 	 -3.582628e-10 	 -7.438153e-12
14 	 172 	 Ey 	 2 	 -2.454437e-10 	 -4.757977e-12
14 	 173 	 Ey 	 2 	 -1.675436e-10 	 -2.584541e-12
14 	 174 	 Ey 	 2 	 -1.143381e-10 	 -1.753134e-12
14 	 175 	 Ey 	 2 	 -8.038031e-11 	 -1.739924e-12
14 	 176 	 Ey 	 2 	 -5.731251e-11 	 -1.802445e-12
14 	 177 	 Ey 	 2 	 3.300077e-10 	 1.834922e-13
14 	 178 	 Ey 	 2 	 5.523118e-10 	 6.155452e-13
14 	 179 	 Ey 	 2 	 9.039597e-10 	 1.214044e-12
14 	 180 	 Ey 	 2 	 1.362133e-09 	 2.870704e-13
14 	 181 	 Ey 	 2 	 1.524492e-09 	 -9.024946e-12
14 	 182 	 Ey 	 2 	 5.166556e-10 	 -1.132871e-11
14 	 183 	 Ey 	 2 	 -1.097273e-09 	 -8.164414e-12
14 	 184 	 Ey 	 2 	 -1.531181e-09 	 -7.916726e-12
14 	 185 	 Ey 	 2 	 -1.169154e-09 	 -6.872915e-12
14 	 186 	 Ey 	 2 	 -7.405988e-10 	 -5.532249e-12
14 	 187 	 Ey 	 2 	 -4.497514e-10 	 -3.449209e-12
14 	 188 	 Ey 	 2 	 -2.747100e-10 	 5.638049e-13
14 	 189 	 Ey 	 2 	 -1.684391e-10 	 1.483526e-12
14 	 190 	 Ey 	 2 	 -1.098869e-10 	 -5.216023e-13
14 	 191 	 Ey 	 2 	 -7.350723e-11 	 -1.122092e-12
14 	 192 	 Ey 	 2 	 -5.123726e-11 	 -1.336406e-12
14 	 193 	 Ey 	 2 	 3.387415e-10 	 3.149235e-12
14 	 194 	 Ey 	 2 	 6.298977e-10 	 1.034244e-12
14 	 195 	 Ey 	 2 	 1.332620e-09 	 3.491017e-12
14 	 196 	 Ey 	 2 	 2.808746e-09 	 -1.041975e-13
14 	 197 	 Ey 	 2 	 4.915246e-09 	 2.427510e-12
14 	 198 	 Ey 	 2 	 2.344686e-09 	 2.356484e-12
14 	 199 	 Ey 	 2 	 -4.442759e-09 	 -1.673709e-11
14 	 200 	 Ey 	 2 	 -4.104583e-09 	 -6.794047e-12
14 	 201 	 Ey 	 2 	 -2.038758e-09 	 9.701879e-13
14 	 202 	 Ey 	 2 	 -9.334531e-10 	 5.964571e-12
14 	 203 	 Ey 	 2 	 -4.655482e-10 	 5.214253e-12
14 	 204 	 Ey 	 2 	 -2.565267e-10 	 5.019708e-12
14 	 205 	 Ey 	 2 	 -1.477223e-10 	 3.909898e-12
14 	 206 	 Ey 	 2 	 -9.081443e-11 	 2.028455e-12
14 	 207 	 Ey 	 2 	 -5.875989e-11 	 -1.575972e-13
14 	 208 	 Ey 	 2 	 -4.148443e-11 	 -1.410219e-12
14 	 209 	 Ey 	 2 	 2.442485e-10 	 3.091149e-12
14 	 210 	 Ey 	 2 	 5.141604e-10 	 1.897578e-12
14 	 211 	 Ey 	 2 	 1.346044e-09 	 7.662215e-12
14 	 212 	 Ey 	 2 	 4.359110e-09 	 1.323589e-11
14 	 213 	 Ey 	 2 	 1.729201e-08 	 2.428064e-11
14 	 214 	 Ey 	 2 	 2.349928e-08 	 4.083590e-11
14 	 215 	 Ey 	 2 	 -3.225305e-08 	 -4.184771e-11
14 	 216 	 Ey 	 2 	 -9.540004e-09 	 -1.488900e-11
14 	 217 	 Ey 	 2 	 -2.551064e-09 	 -4.560690e-12
14 	 218 	 Ey 	 2 	 -8.353206e-10 	 8.641458e-12
14 	 219 	 Ey 	 2 	 -3.474960e-10 	 8.333662e-12
14 	 220 	 Ey 	 2 	 -1.696224e-10 	 6.790847e-12
14 	 221 	 Ey 	 2 	 -9.529742e-11 	 3.573305e-12
14 	 222 	 Ey 	 2 	 -5.729542e-11 	 1.807199e-12
14 	 223 	 Ey 	 2 	 -3.642516e-11 	 6.317889e-13
14 	 224 	 Ey 	 2 	 -2.546139e-11 	 -8.650916e-13
14 	 225 	 Ey 	 2 	 4.265752e-11 	 4.296526e-12
14 	 226 	 Ey 	 2 	 9.167694e-11 	 4.537414e-12
14 	 227 	 Ey 	 2 	 2.651090e-10 	 1.287830e-11
14 	 228 	 Ey 	 2 	 1.118165e-09 	 1.931266e-11
14 	 229 	 Ey 	 2 	 1.042493e-08 	 2.423589e-11
14 	 230 	 Ey 	 2 	 2.786209e-06 	 4.536418e-10
14 	 231 	 Ey 	 2 	 -7.504291e-08 	 -1.062488e-10
14 	 232 	 Ey 	 2 	 -3.853666e-09 	 -2.912492e-11
14 	 233 	 Ey 	 2 	 -7.758290e-10 	 -1.766884e-11
14 	 234 	 Ey 	 2 	 -2.385466e-10 	 1.599821e-12
14 	 235 	 Ey 	 2 	 -1.057624e-10 	 4.235731e-12
14 	 236 	 Ey 	 2 	 -5.393334e-11 	 3.547833e-12
14 	 237 	 Ey 	 2 	 -3.281129e-11 	 2.289109e-12
14 	 238 	 Ey 	 2 	 -2.256486e-11 	 1.631398e-12
14 	 239 	 Ey 	 2 	 -1.725195e-11 	 1.229485e-12
14 	 240 	 Ey 	 2 	 -1.489103e-11 	 -3.695230e-13
14 	 241 	 Ey 	 2 	 -1.541097e-10 	 5.085279e-12
14 	 242 	 Ey 	 2 	 -3.253828e-10 	 1.369197e-11
14 	 243 	 Ey 	 2 	 -9.783031e-10 	 1.748031e-11
14 	 244 	 Ey 	 2 	 -3.953995e-09 	 6.024516e-12
14 	 245 	 Ey 	 2 	 -2.300657e-08 	 -3.109175e-11
14 	 246 	 Ey 	 2 	 -5.598649e-08 	 -7.549143e-11
14 	 247 	 Ey 	 2 	 7.005298e-08 	 4.759607e-11
14 	 248 	 Ey 	 2 	 1.006940e-08 	 -1.218747e-11
14 	 249 	 Ey 	 2 	 2.101842e-09 	 -1.284343e-11
14 	 250 	 Ey 	 2 	 6.232090e-10 	 -5.785678e-12
14 	 251 	 Ey 	 2 	 2.599057e-10 	 1.507078e-12
14 	 252 	 Ey 	 2 	 1.253489e-10 	 2.156565e-12
14 	 253 	 Ey 	 2 	 6.551267e-11 	 1.106678e-12
14 	 254 	 Ey 	 2 	 3.675572e-11 	 3.614029e-13
14 	 255 	 Ey 	 2 	 2.000430e-11 	 -9.533238e-13
14 	 256 	 Ey 	 2 	 1.148793e-11 	 -1.199179e-12
