iTx 	 iRx    chrec  ifreq 	 emf_real 	 emf_imag
4 	 1 	 Ex 	 1 	 2.259275e-11 	 9.995800e-12
4 	 2 	 Ex 	 1 	 3.031852e-11 	 1.232856e-11
4 	 3 	 Ex 	 1 	 4.173643e-11 	 1.530738e-11
4 	 4 	 Ex 	 1 	 5.856458e-11 	 1.895219e-11
4 	 5 	 Ex 	 1 	 8.427747e-11 	 2.401899e-11
4 	 6 	 Ex 	 1 	 1.236420e-10 	 3.089267e-11
4 	 7 	 Ex 	 1 	 1.866275e-10 	 3.978637e-11
4 	 8 	 Ex 	 1 	 2.839868e-10 	 5.087630e-11
4 	 9 	 Ex 	 1 	 4.601695e-10 	 6.680915e-11
4 	 10 	 Ex 	 1 	 7.371754e-10 	 8.347564e-11
4 	 11 	 Ex 	 1 	 1.350608e-09 	 1.096047e-10
4 	 12 	 Ex 	 1 	 2.845419e-09 	 1.494603e-10
4 	 13 	 Ex 	 1 	 7.271419e-09 	 2.222864e-10
4 	 14 	 Ex 	 1 	 2.122113e-08 	 4.080777e-10
4 	 15 	 Ex 	 1 	 -8.484565e-08 	 6.889630e-10
4 	 16 	 Ex 	 1 	 1.799926e-08 	 5.007398e-10
4 	 17 	 Ex 	 1 	 2.256876e-11 	 9.909833e-12
4 	 18 	 Ex 	 1 	 2.968186e-11 	 1.185214e-11
4 	 19 	 Ex 	 1 	 4.095209e-11 	 1.461632e-11
4 	 20 	 Ex 	 1 	 5.930791e-11 	 1.866533e-11
4 	 21 	 Ex 	 1 	 8.562009e-11 	 2.355209e-11
4 	 22 	 Ex 	 1 	 1.248805e-10 	 2.993353e-11
4 	 23 	 Ex 	 1 	 1.944363e-10 	 3.987335e-11
4 	 24 	 Ex 	 1 	 2.998223e-10 	 5.185001e-11
4 	 25 	 Ex 	 1 	 4.910689e-10 	 6.899254e-11
4 	 26 	 Ex 	 1 	 8.159782e-10 	 8.837538e-11
4 	 27 	 Ex 	 1 	 1.513852e-09 	 1.143006e-10
4 	 28 	 Ex 	 1 	 3.427752e-09 	 1.540771e-10
4 	 29 	 Ex 	 1 	 1.107056e-08 	 2.406403e-10
4 	 30 	 Ex 	 1 	 7.493800e-08 	 5.147821e-10
4 	 31 	 Ex 	 1 	 -2.694911e-06 	 3.337991e-09
4 	 32 	 Ex 	 1 	 1.013541e-07 	 7.336532e-10
4 	 33 	 Ex 	 1 	 2.189823e-11 	 9.774729e-12
4 	 34 	 Ex 	 1 	 2.879288e-11 	 1.171741e-11
4 	 35 	 Ex 	 1 	 3.874683e-11 	 1.401670e-11
4 	 36 	 Ex 	 1 	 5.410092e-11 	 1.724125e-11
4 	 37 	 Ex 	 1 	 7.964969e-11 	 2.204417e-11
4 	 38 	 Ex 	 1 	 1.180445e-10 	 2.862058e-11
4 	 39 	 Ex 	 1 	 1.839831e-10 	 3.880839e-11
4 	 40 	 Ex 	 1 	 2.865380e-10 	 5.232010e-11
4 	 41 	 Ex 	 1 	 4.597478e-10 	 7.072378e-11
4 	 42 	 Ex 	 1 	 7.087297e-10 	 8.728992e-11
4 	 43 	 Ex 	 1 	 1.210374e-09 	 1.123502e-10
4 	 44 	 Ex 	 1 	 2.286649e-09 	 1.436826e-10
4 	 45 	 Ex 	 1 	 4.887544e-09 	 2.051304e-10
4 	 46 	 Ex 	 1 	 6.837837e-09 	 3.410578e-10
4 	 47 	 Ex 	 1 	 -3.398631e-08 	 5.023030e-10
4 	 48 	 Ex 	 1 	 5.733543e-10 	 4.053595e-10
4 	 49 	 Ex 	 1 	 2.018755e-11 	 9.576127e-12
4 	 50 	 Ex 	 1 	 2.607499e-11 	 1.134591e-11
4 	 51 	 Ex 	 1 	 3.409963e-11 	 1.326872e-11
4 	 52 	 Ex 	 1 	 4.634376e-11 	 1.583047e-11
4 	 53 	 Ex 	 1 	 6.676736e-11 	 1.958347e-11
4 	 54 	 Ex 	 1 	 1.007538e-10 	 2.611089e-11
4 	 55 	 Ex 	 1 	 1.579988e-10 	 3.704317e-11
4 	 56 	 Ex 	 1 	 2.452236e-10 	 5.182939e-11
4 	 57 	 Ex 	 1 	 3.659742e-10 	 6.891412e-11
4 	 58 	 Ex 	 1 	 5.200339e-10 	 8.570499e-11
4 	 59 	 Ex 	 1 	 7.348737e-10 	 1.042533e-10
4 	 60 	 Ex 	 1 	 9.586550e-10 	 1.253640e-10
4 	 61 	 Ex 	 1 	 8.246648e-10 	 1.600039e-10
4 	 62 	 Ex 	 1 	 -1.338696e-09 	 2.097001e-10
4 	 63 	 Ex 	 1 	 -5.698753e-09 	 2.474281e-10
4 	 64 	 Ex 	 1 	 -2.825476e-09 	 2.284914e-10
4 	 65 	 Ex 	 1 	 1.763146e-11 	 9.214827e-12
4 	 66 	 Ex 	 1 	 2.243801e-11 	 1.086845e-11
4 	 67 	 Ex 	 1 	 2.902947e-11 	 1.275222e-11
4 	 68 	 Ex 	 1 	 3.691751e-11 	 1.411847e-11
4 	 69 	 Ex 	 1 	 5.160242e-11 	 1.696131e-11
4 	 70 	 Ex 	 1 	 7.852263e-11 	 2.312080e-11
4 	 71 	 Ex 	 1 	 1.223388e-10 	 3.375825e-11
4 	 72 	 Ex 	 1 	 1.913303e-10 	 5.038758e-11
4 	 73 	 Ex 	 1 	 2.623504e-10 	 6.601072e-11
4 	 74 	 Ex 	 1 	 3.211446e-10 	 7.867865e-11
4 	 75 	 Ex 	 1 	 3.507904e-10 	 9.098675e-11
4 	 76 	 Ex 	 1 	 2.636187e-10 	 1.049767e-10
4 	 77 	 Ex 	 1 	 -1.411056e-10 	 1.224855e-10
4 	 78 	 Ex 	 1 	 -1.035052e-09 	 1.384770e-10
4 	 79 	 Ex 	 1 	 -1.930516e-09 	 1.522159e-10
4 	 80 	 Ex 	 1 	 -1.339652e-09 	 1.444060e-10
4 	 81 	 Ex 	 1 	 1.525430e-11 	 8.984764e-12
4 	 82 	 Ex 	 1 	 1.889743e-11 	 1.047195e-11
4 	 83 	 Ex 	 1 	 2.371983e-11 	 1.208417e-11
4 	 84 	 Ex 	 1 	 2.882405e-11 	 1.310560e-11
4 	 85 	 Ex 	 1 	 3.793162e-11 	 1.491851e-11
4 	 86 	 Ex 	 1 	 5.508402e-11 	 1.995313e-11
4 	 87 	 Ex 	 1 	 8.866414e-11 	 3.093907e-11
4 	 88 	 Ex 	 1 	 1.329998e-10 	 4.671533e-11
4 	 89 	 Ex 	 1 	 1.675661e-10 	 6.113956e-11
4 	 90 	 Ex 	 1 	 1.714275e-10 	 7.001286e-11
4 	 91 	 Ex 	 1 	 1.350246e-10 	 7.704422e-11
4 	 92 	 Ex 	 1 	 -1.271425e-11 	 8.522854e-11
4 	 93 	 Ex 	 1 	 -2.738670e-10 	 9.282503e-11
4 	 94 	 Ex 	 1 	 -6.307240e-10 	 9.930599e-11
4 	 95 	 Ex 	 1 	 -8.610769e-10 	 1.004366e-10
4 	 96 	 Ex 	 1 	 -7.020387e-10 	 1.007690e-10
4 	 97 	 Ex 	 1 	 1.245280e-11 	 8.574874e-12
4 	 98 	 Ex 	 1 	 1.491995e-11 	 9.784440e-12
4 	 99 	 Ex 	 1 	 1.806854e-11 	 1.111076e-11
4 	 100 	 Ex 	 1 	 2.197792e-11 	 1.237966e-11
4 	 101 	 Ex 	 1 	 2.677858e-11 	 1.356956e-11
4 	 102 	 Ex 	 1 	 3.803556e-11 	 1.785616e-11
4 	 103 	 Ex 	 1 	 5.778457e-11 	 2.730279e-11
4 	 104 	 Ex 	 1 	 8.397818e-11 	 4.148016e-11
4 	 105 	 Ex 	 1 	 9.436375e-11 	 5.357776e-11
4 	 106 	 Ex 	 1 	 7.374744e-11 	 5.961667e-11
4 	 107 	 Ex 	 1 	 1.130550e-11 	 6.359319e-11
4 	 108 	 Ex 	 1 	 -9.520103e-11 	 6.967808e-11
4 	 109 	 Ex 	 1 	 -2.476601e-10 	 7.257490e-11
4 	 110 	 Ex 	 1 	 -3.827867e-10 	 7.413122e-11
4 	 111 	 Ex 	 1 	 -4.767714e-10 	 7.533952e-11
4 	 112 	 Ex 	 1 	 -4.048454e-10 	 7.513171e-11
4 	 113 	 Ex 	 1 	 9.709200e-12 	 8.095531e-12
4 	 114 	 Ex 	 1 	 1.148314e-11 	 9.397333e-12
4 	 115 	 Ex 	 1 	 1.331391e-11 	 1.043727e-11
4 	 116 	 Ex 	 1 	 1.475607e-11 	 1.129566e-11
4 	 117 	 Ex 	 1 	 1.707356e-11 	 1.226856e-11
4 	 118 	 Ex 	 1 	 2.289060e-11 	 1.573567e-11
4 	 119 	 Ex 	 1 	 3.268479e-11 	 2.342848e-11
4 	 120 	 Ex 	 1 	 4.370641e-11 	 3.562088e-11
4 	 121 	 Ex 	 1 	 4.241141e-11 	 4.651921e-11
4 	 122 	 Ex 	 1 	 1.583358e-11 	 5.153353e-11
4 	 123 	 Ex 	 1 	 -3.558692e-11 	 5.348624e-11
4 	 124 	 Ex 	 1 	 -1.120744e-10 	 5.650240e-11
4 	 125 	 Ex 	 1 	 -1.940267e-10 	 5.846425e-11
4 	 126 	 Ex 	 1 	 -2.537791e-10 	 5.787762e-11
4 	 127 	 Ex 	 1 	 -3.021971e-10 	 5.870462e-11
4 	 128 	 Ex 	 1 	 -2.560979e-10 	 5.754144e-11
4 	 129 	 Ex 	 1 	 7.141090e-12 	 7.573928e-12
4 	 130 	 Ex 	 1 	 8.429108e-12 	 8.786995e-12
4 	 131 	 Ex 	 1 	 9.246373e-12 	 9.722961e-12
4 	 132 	 Ex 	 1 	 9.691322e-12 	 1.047974e-11
4 	 133 	 Ex 	 1 	 9.628891e-12 	 1.126555e-11
4 	 134 	 Ex 	 1 	 1.169577e-11 	 1.396663e-11
4 	 135 	 Ex 	 1 	 1.374084e-11 	 2.024864e-11
4 	 136 	 Ex 	 1 	 1.587401e-11 	 3.015808e-11
4 	 137 	 Ex 	 1 	 6.692084e-12 	 3.881613e-11
4 	 138 	 Ex 	 1 	 -1.599586e-11 	 4.330647e-11
4 	 139 	 Ex 	 1 	 -5.411814e-11 	 4.380324e-11
4 	 140 	 Ex 	 1 	 -1.043503e-10 	 4.566606e-11
4 	 141 	 Ex 	 1 	 -1.503492e-10 	 4.711326e-11
4 	 142 	 Ex 	 1 	 -1.748472e-10 	 4.607433e-11
4 	 143 	 Ex 	 1 	 -2.019161e-10 	 4.616975e-11
4 	 144 	 Ex 	 1 	 -1.733021e-10 	 4.548470e-11
4 	 145 	 Ex 	 1 	 4.926017e-12 	 7.084779e-12
4 	 146 	 Ex 	 1 	 5.313064e-12 	 8.098153e-12
4 	 147 	 Ex 	 1 	 5.631706e-12 	 9.011650e-12
4 	 148 	 Ex 	 1 	 5.318347e-12 	 9.726077e-12
4 	 149 	 Ex 	 1 	 4.512878e-12 	 1.038711e-11
4 	 150 	 Ex 	 1 	 2.639267e-12 	 1.263138e-11
4 	 151 	 Ex 	 1 	 1.235162e-12 	 1.737626e-11
4 	 152 	 Ex 	 1 	 -3.160862e-12 	 2.516900e-11
4 	 153 	 Ex 	 1 	 -1.409101e-11 	 3.166475e-11
4 	 154 	 Ex 	 1 	 -3.168122e-11 	 3.470154e-11
4 	 155 	 Ex 	 1 	 -5.824244e-11 	 3.606911e-11
4 	 156 	 Ex 	 1 	 -9.214839e-11 	 3.747069e-11
4 	 157 	 Ex 	 1 	 -1.169245e-10 	 3.807340e-11
4 	 158 	 Ex 	 1 	 -1.279386e-10 	 3.720079e-11
4 	 159 	 Ex 	 1 	 -1.429719e-10 	 3.685606e-11
4 	 160 	 Ex 	 1 	 -1.224040e-10 	 3.626388e-11
4 	 161 	 Ex 	 1 	 2.896200e-12 	 6.494379e-12
4 	 162 	 Ex 	 1 	 2.963252e-12 	 7.455366e-12
4 	 163 	 Ex 	 1 	 3.011774e-12 	 8.467635e-12
4 	 164 	 Ex 	 1 	 2.167943e-12 	 9.020791e-12
4 	 165 	 Ex 	 1 	 2.028081e-13 	 9.500357e-12
4 	 166 	 Ex 	 1 	 -1.997931e-12 	 1.104232e-11
4 	 167 	 Ex 	 1 	 -7.154553e-12 	 1.476373e-11
4 	 168 	 Ex 	 1 	 -1.453619e-11 	 2.044752e-11
4 	 169 	 Ex 	 1 	 -2.572665e-11 	 2.596000e-11
4 	 170 	 Ex 	 1 	 -3.941581e-11 	 2.777424e-11
4 	 171 	 Ex 	 1 	 -5.919396e-11 	 2.958433e-11
4 	 172 	 Ex 	 1 	 -7.847513e-11 	 3.100604e-11
4 	 173 	 Ex 	 1 	 -9.205591e-11 	 3.121770e-11
4 	 174 	 Ex 	 1 	 -9.659695e-11 	 3.035949e-11
4 	 175 	 Ex 	 1 	 -1.029133e-10 	 2.916713e-11
4 	 176 	 Ex 	 1 	 -9.092162e-11 	 2.951659e-11
4 	 177 	 Ex 	 1 	 1.005856e-12 	 5.823662e-12
4 	 178 	 Ex 	 1 	 9.706944e-13 	 6.766917e-12
4 	 179 	 Ex 	 1 	 4.534999e-13 	 7.679041e-12
4 	 180 	 Ex 	 1 	 -6.072653e-13 	 8.153389e-12
4 	 181 	 Ex 	 1 	 -3.139525e-12 	 8.881808e-12
4 	 182 	 Ex 	 1 	 -6.917755e-12 	 1.007311e-11
4 	 183 	 Ex 	 1 	 -1.326647e-11 	 1.240545e-11
4 	 184 	 Ex 	 1 	 -2.131255e-11 	 1.651792e-11
4 	 185 	 Ex 	 1 	 -3.119743e-11 	 2.057455e-11
4 	 186 	 Ex 	 1 	 -4.190150e-11 	 2.271303e-11
4 	 187 	 Ex 	 1 	 -5.460875e-11 	 2.413628e-11
4 	 188 	 Ex 	 1 	 -6.654039e-11 	 2.507393e-11
4 	 189 	 Ex 	 1 	 -7.487640e-11 	 2.590047e-11
4 	 190 	 Ex 	 1 	 -7.531473e-11 	 2.509282e-11
4 	 191 	 Ex 	 1 	 -8.194991e-11 	 2.456771e-11
4 	 192 	 Ex 	 1 	 -7.032045e-11 	 2.434748e-11
4 	 193 	 Ex 	 1 	 -7.652618e-13 	 5.243965e-12
4 	 194 	 Ex 	 1 	 -1.020141e-12 	 6.047684e-12
4 	 195 	 Ex 	 1 	 -1.714650e-12 	 6.815469e-12
4 	 196 	 Ex 	 1 	 -2.765550e-12 	 7.345044e-12
4 	 197 	 Ex 	 1 	 -5.938941e-12 	 8.016279e-12
4 	 198 	 Ex 	 1 	 -1.029957e-11 	 8.889569e-12
4 	 199 	 Ex 	 1 	 -1.648470e-11 	 1.058897e-11
4 	 200 	 Ex 	 1 	 -2.442173e-11 	 1.338767e-11
4 	 201 	 Ex 	 1 	 -3.241312e-11 	 1.625110e-11
4 	 202 	 Ex 	 1 	 -4.067694e-11 	 1.822516e-11
4 	 203 	 Ex 	 1 	 -4.838779e-11 	 1.933965e-11
4 	 204 	 Ex 	 1 	 -5.488358e-11 	 2.019625e-11
4 	 205 	 Ex 	 1 	 -5.889800e-11 	 2.065612e-11
4 	 206 	 Ex 	 1 	 -5.945309e-11 	 2.045958e-11
4 	 207 	 Ex 	 1 	 -6.604704e-11 	 2.044208e-11
4 	 208 	 Ex 	 1 	 -5.638397e-11 	 2.010292e-11
4 	 209 	 Ex 	 1 	 -2.183503e-12 	 4.574346e-12
4 	 210 	 Ex 	 1 	 -2.741861e-12 	 5.286360e-12
4 	 211 	 Ex 	 1 	 -3.738764e-12 	 5.882034e-12
4 	 212 	 Ex 	 1 	 -5.352590e-12 	 6.468670e-12
4 	 213 	 Ex 	 1 	 -8.467648e-12 	 7.138152e-12
4 	 214 	 Ex 	 1 	 -1.248045e-11 	 7.853732e-12
4 	 215 	 Ex 	 1 	 -1.833824e-11 	 9.271289e-12
4 	 216 	 Ex 	 1 	 -2.493083e-11 	 1.104879e-11
4 	 217 	 Ex 	 1 	 -3.089096e-11 	 1.293696e-11
4 	 218 	 Ex 	 1 	 -3.742457e-11 	 1.471804e-11
4 	 219 	 Ex 	 1 	 -4.290437e-11 	 1.581987e-11
4 	 220 	 Ex 	 1 	 -4.607149e-11 	 1.635555e-11
4 	 221 	 Ex 	 1 	 -4.846317e-11 	 1.690315e-11
4 	 222 	 Ex 	 1 	 -4.905449e-11 	 1.706819e-11
4 	 223 	 Ex 	 1 	 -5.449094e-11 	 1.701102e-11
4 	 224 	 Ex 	 1 	 -4.658159e-11 	 1.671213e-11
4 	 225 	 Ex 	 1 	 -3.573623e-12 	 4.008127e-12
4 	 226 	 Ex 	 1 	 -4.110584e-12 	 4.516154e-12
4 	 227 	 Ex 	 1 	 -5.392115e-12 	 5.097835e-12
4 	 228 	 Ex 	 1 	 -7.465151e-12 	 5.697456e-12
4 	 229 	 Ex 	 1 	 -1.043059e-11 	 6.175927e-12
4 	 230 	 Ex 	 1 	 -1.369685e-11 	 6.845066e-12
4 	 231 	 Ex 	 1 	 -1.855472e-11 	 8.014752e-12
4 	 232 	 Ex 	 1 	 -2.360546e-11 	 9.118697e-12
4 	 233 	 Ex 	 1 	 -2.873407e-11 	 1.055967e-11
4 	 234 	 Ex 	 1 	 -3.362836e-11 	 1.188957e-11
4 	 235 	 Ex 	 1 	 -3.684732e-11 	 1.275730e-11
4 	 236 	 Ex 	 1 	 -3.953708e-11 	 1.341093e-11
4 	 237 	 Ex 	 1 	 -4.037015e-11 	 1.365999e-11
4 	 238 	 Ex 	 1 	 -4.077614e-11 	 1.391893e-11
4 	 239 	 Ex 	 1 	 -4.474313e-11 	 1.383797e-11
4 	 240 	 Ex 	 1 	 -3.920133e-11 	 1.394832e-11
4 	 241 	 Ex 	 1 	 -4.516475e-12 	 3.409033e-12
4 	 242 	 Ex 	 1 	 -5.628005e-12 	 3.909216e-12
4 	 243 	 Ex 	 1 	 -7.080067e-12 	 4.361620e-12
4 	 244 	 Ex 	 1 	 -8.995786e-12 	 4.866627e-12
4 	 245 	 Ex 	 1 	 -1.124662e-11 	 5.319019e-12
4 	 246 	 Ex 	 1 	 -1.423977e-11 	 5.998203e-12
4 	 247 	 Ex 	 1 	 -1.820823e-11 	 6.801388e-12
4 	 248 	 Ex 	 1 	 -2.184415e-11 	 7.606195e-12
4 	 249 	 Ex 	 1 	 -2.578607e-11 	 8.633350e-12
4 	 250 	 Ex 	 1 	 -2.887699e-11 	 9.431358e-12
4 	 251 	 Ex 	 1 	 -3.193585e-11 	 1.027335e-11
4 	 252 	 Ex 	 1 	 -3.386205e-11 	 1.089856e-11
4 	 253 	 Ex 	 1 	 -3.442974e-11 	 1.113983e-11
4 	 254 	 Ex 	 1 	 -3.519850e-11 	 1.155714e-11
4 	 255 	 Ex 	 1 	 -3.860030e-11 	 1.153817e-11
4 	 256 	 Ex 	 1 	 -3.384502e-11 	 1.167071e-11
4 	 1 	 Ex 	 2 	 1.357856e-11 	 1.071349e-12
4 	 2 	 Ex 	 2 	 1.738691e-11 	 3.305191e-12
4 	 3 	 Ex 	 2 	 2.358661e-11 	 6.992329e-12
4 	 4 	 Ex 	 2 	 3.373659e-11 	 1.286523e-11
4 	 5 	 Ex 	 2 	 5.043903e-11 	 2.222673e-11
4 	 6 	 Ex 	 2 	 7.790959e-11 	 3.633824e-11
4 	 7 	 Ex 	 2 	 1.260518e-10 	 5.725980e-11
4 	 8 	 Ex 	 2 	 2.060527e-10 	 8.620588e-11
4 	 9 	 Ex 	 2 	 3.596207e-10 	 1.315556e-10
4 	 10 	 Ex 	 2 	 6.163570e-10 	 1.859309e-10
4 	 11 	 Ex 	 2 	 1.203922e-09 	 2.762420e-10
4 	 12 	 Ex 	 2 	 2.671906e-09 	 4.267720e-10
4 	 13 	 Ex 	 2 	 7.069655e-09 	 7.143486e-10
4 	 14 	 Ex 	 2 	 2.097625e-08 	 1.449199e-09
4 	 15 	 Ex 	 2 	 -8.509731e-08 	 2.572812e-09
4 	 16 	 Ex 	 2 	 1.774603e-08 	 1.823233e-09
4 	 17 	 Ex 	 2 	 1.368358e-11 	 9.751589e-13
4 	 18 	 Ex 	 2 	 1.737524e-11 	 2.852679e-12
4 	 19 	 Ex 	 2 	 2.371229e-11 	 6.287413e-12
4 	 20 	 Ex 	 2 	 3.482660e-11 	 1.258378e-11
4 	 21 	 Ex 	 2 	 5.224117e-11 	 2.232973e-11
4 	 22 	 Ex 	 2 	 8.035968e-11 	 3.614568e-11
4 	 23 	 Ex 	 2 	 1.334195e-10 	 5.921016e-11
4 	 24 	 Ex 	 2 	 2.202599e-10 	 9.045936e-11
4 	 25 	 Ex 	 2 	 3.873213e-10 	 1.389544e-10
4 	 26 	 Ex 	 2 	 6.884665e-10 	 2.001324e-10
4 	 27 	 Ex 	 2 	 1.361782e-09 	 2.917539e-10
4 	 28 	 Ex 	 2 	 3.250636e-09 	 4.435416e-10
4 	 29 	 Ex 	 2 	 1.086086e-08 	 7.845605e-10
4 	 30 	 Ex 	 2 	 7.467899e-08 	 1.879873e-09
4 	 31 	 Ex 	 2 	 -2.694956e-06 	 1.307806e-08
4 	 32 	 Ex 	 2 	 1.010762e-07 	 2.757213e-09
4 	 33 	 Ex 	 2 	 1.317845e-11 	 8.614789e-13
4 	 34 	 Ex 	 2 	 1.684344e-11 	 2.488427e-12
4 	 35 	 Ex 	 2 	 2.248082e-11 	 5.388541e-12
4 	 36 	 Ex 	 2 	 3.177080e-11 	 1.072926e-11
4 	 37 	 Ex 	 2 	 4.846272e-11 	 2.029016e-11
4 	 38 	 Ex 	 2 	 7.530760e-11 	 3.482542e-11
4 	 39 	 Ex 	 2 	 1.244207e-10 	 5.833545e-11
4 	 40 	 Ex 	 2 	 2.060464e-10 	 9.257375e-11
4 	 41 	 Ex 	 2 	 3.530893e-10 	 1.428040e-10
4 	 42 	 Ex 	 2 	 5.819696e-10 	 1.960488e-10
4 	 43 	 Ex 	 2 	 1.057895e-09 	 2.806217e-10
4 	 44 	 Ex 	 2 	 2.114509e-09 	 4.022986e-10
4 	 45 	 Ex 	 2 	 4.691220e-09 	 6.461844e-10
4 	 46 	 Ex 	 2 	 6.609254e-09 	 1.187189e-09
4 	 47 	 Ex 	 2 	 -3.423313e-08 	 1.829138e-09
4 	 48 	 Ex 	 2 	 3.333136e-10 	 1.445088e-09
4 	 49 	 Ex 	 2 	 1.179274e-11 	 6.469118e-13
4 	 50 	 Ex 	 2 	 1.469314e-11 	 2.092459e-12
4 	 51 	 Ex 	 2 	 1.913797e-11 	 4.321719e-12
4 	 52 	 Ex 	 2 	 2.636263e-11 	 8.532238e-12
4 	 53 	 Ex 	 2 	 3.946341e-11 	 1.646466e-11
4 	 54 	 Ex 	 2 	 6.183140e-11 	 3.101160e-11
4 	 55 	 Ex 	 2 	 1.009480e-10 	 5.589637e-11
4 	 56 	 Ex 	 2 	 1.650856e-10 	 9.165654e-11
4 	 57 	 Ex 	 2 	 2.611337e-10 	 1.364984e-10
4 	 58 	 Ex 	 2 	 3.934738e-10 	 1.862196e-10
4 	 59 	 Ex 	 2 	 5.886309e-10 	 2.485517e-10
4 	 60 	 Ex 	 2 	 7.975881e-10 	 3.304255e-10
4 	 61 	 Ex 	 2 	 6.467131e-10 	 4.687831e-10
4 	 62 	 Ex 	 2 	 -1.533203e-09 	 6.686862e-10
4 	 63 	 Ex 	 2 	 -5.905554e-09 	 8.188523e-10
4 	 64 	 Ex 	 2 	 -3.025982e-09 	 7.474855e-10
4 	 65 	 Ex 	 2 	 9.777645e-12 	 4.018180e-13
4 	 66 	 Ex 	 2 	 1.185496e-11 	 1.678652e-12
4 	 67 	 Ex 	 2 	 1.512959e-11 	 3.462458e-12
4 	 68 	 Ex 	 2 	 1.972602e-11 	 6.265138e-12
4 	 69 	 Ex 	 2 	 2.847735e-11 	 1.257940e-11
4 	 70 	 Ex 	 2 	 4.419851e-11 	 2.620804e-11
4 	 71 	 Ex 	 2 	 7.009544e-11 	 5.027049e-11
4 	 72 	 Ex 	 2 	 1.128971e-10 	 8.682967e-11
4 	 73 	 Ex 	 2 	 1.607401e-10 	 1.251372e-10
4 	 74 	 Ex 	 2 	 2.023430e-10 	 1.608870e-10
4 	 75 	 Ex 	 2 	 2.178848e-10 	 2.012755e-10
4 	 76 	 Ex 	 2 	 1.182988e-10 	 2.534613e-10
4 	 77 	 Ex 	 2 	 -2.978711e-10 	 3.229942e-10
4 	 78 	 Ex 	 2 	 -1.196856e-09 	 3.938534e-10
4 	 79 	 Ex 	 2 	 -2.098807e-09 	 4.504488e-10
4 	 80 	 Ex 	 2 	 -1.501644e-09 	 4.251677e-10
4 	 81 	 Ex 	 2 	 7.846428e-12 	 2.936395e-13
4 	 82 	 Ex 	 2 	 9.037810e-12 	 1.353404e-12
4 	 83 	 Ex 	 2 	 1.108217e-11 	 2.809894e-12
4 	 84 	 Ex 	 2 	 1.351609e-11 	 4.951671e-12
4 	 85 	 Ex 	 2 	 1.819547e-11 	 9.949187e-12
4 	 86 	 Ex 	 2 	 2.583317e-11 	 2.129353e-11
4 	 87 	 Ex 	 2 	 4.070555e-11 	 4.412798e-11
4 	 88 	 Ex 	 2 	 5.979962e-11 	 7.628828e-11
4 	 89 	 Ex 	 2 	 7.208879e-11 	 1.079408e-10
4 	 90 	 Ex 	 2 	 6.317819e-11 	 1.312051e-10
4 	 91 	 Ex 	 2 	 1.813079e-11 	 1.544934e-10
4 	 92 	 Ex 	 2 	 -1.390530e-10 	 1.827454e-10
4 	 93 	 Ex 	 2 	 -4.057026e-10 	 2.159016e-10
4 	 94 	 Ex 	 2 	 -7.655591e-10 	 2.471290e-10
4 	 95 	 Ex 	 2 	 -9.913672e-10 	 2.628436e-10
4 	 96 	 Ex 	 2 	 -8.341283e-10 	 2.625942e-10
4 	 97 	 Ex 	 2 	 5.569155e-12 	 3.240590e-13
4 	 98 	 Ex 	 2 	 6.080917e-12 	 1.122366e-12
4 	 99 	 Ex 	 2 	 6.932081e-12 	 2.321987e-12
4 	 100 	 Ex 	 2 	 8.067582e-12 	 4.363902e-12
4 	 101 	 Ex 	 2 	 9.362141e-12 	 8.584090e-12
4 	 102 	 Ex 	 2 	 1.232949e-11 	 1.798102e-11
4 	 103 	 Ex 	 2 	 1.576145e-11 	 3.623017e-11
4 	 104 	 Ex 	 2 	 1.886531e-11 	 6.242282e-11
4 	 105 	 Ex 	 2 	 9.998502e-12 	 8.573162e-11
4 	 106 	 Ex 	 2 	 -2.000047e-11 	 9.995971e-11
4 	 107 	 Ex 	 2 	 -8.857810e-11 	 1.113941e-10
4 	 108 	 Ex 	 2 	 -2.036346e-10 	 1.293990e-10
4 	 109 	 Ex 	 2 	 -3.582165e-10 	 1.453905e-10
4 	 110 	 Ex 	 2 	 -4.920986e-10 	 1.603640e-10
4 	 111 	 Ex 	 2 	 -5.850995e-10 	 1.708442e-10
4 	 112 	 Ex 	 2 	 -5.130655e-10 	 1.713061e-10
4 	 113 	 Ex 	 2 	 3.453657e-12 	 3.564683e-13
4 	 114 	 Ex 	 2 	 3.282115e-12 	 1.150265e-12
4 	 115 	 Ex 	 2 	 3.186139e-12 	 2.226739e-12
4 	 116 	 Ex 	 2 	 2.561546e-12 	 3.914153e-12
4 	 117 	 Ex 	 2 	 1.793431e-12 	 7.444083e-12
4 	 118 	 Ex 	 2 	 7.160371e-13 	 1.482535e-11
4 	 119 	 Ex 	 2 	 -2.771339e-12 	 2.806085e-11
4 	 120 	 Ex 	 2 	 -1.191444e-11 	 4.768107e-11
4 	 121 	 Ex 	 2 	 -3.085534e-11 	 6.541161e-11
4 	 122 	 Ex 	 2 	 -6.591587e-11 	 7.471777e-11
4 	 123 	 Ex 	 2 	 -1.209338e-10 	 8.028010e-11
4 	 124 	 Ex 	 2 	 -2.022570e-10 	 8.915709e-11
4 	 125 	 Ex 	 2 	 -2.862045e-10 	 9.957251e-11
4 	 126 	 Ex 	 2 	 -3.431768e-10 	 1.071349e-10
4 	 127 	 Ex 	 2 	 -3.916225e-10 	 1.143288e-10
4 	 128 	 Ex 	 2 	 -3.435383e-10 	 1.132706e-10
4 	 129 	 Ex 	 2 	 1.516402e-12 	 4.080280e-13
4 	 130 	 Ex 	 2 	 1.068540e-12 	 1.195943e-12
4 	 131 	 Ex 	 2 	 1.748425e-13 	 2.208106e-12
4 	 132 	 Ex 	 2 	 -1.246530e-12 	 3.749159e-12
4 	 133 	 Ex 	 2 	 -3.899685e-12 	 6.614876e-12
4 	 134 	 Ex 	 2 	 -7.356965e-12 	 1.194834e-11
4 	 135 	 Ex 	 2 	 -1.619999e-11 	 2.123982e-11
4 	 136 	 Ex 	 2 	 -3.035096e-11 	 3.445333e-11
4 	 137 	 Ex 	 2 	 -5.383596e-11 	 4.608704e-11
4 	 138 	 Ex 	 2 	 -8.426661e-11 	 5.277710e-11
4 	 139 	 Ex 	 2 	 -1.238611e-10 	 5.481603e-11
4 	 140 	 Ex 	 2 	 -1.775791e-10 	 5.995248e-11
4 	 141 	 Ex 	 2 	 -2.254453e-10 	 6.710480e-11
4 	 142 	 Ex 	 2 	 -2.471748e-10 	 7.222254e-11
4 	 143 	 Ex 	 2 	 -2.738128e-10 	 7.653798e-11
4 	 144 	 Ex 	 2 	 -2.438488e-10 	 7.657707e-11
4 	 145 	 Ex 	 2 	 -7.874377e-14 	 4.585558e-13
4 	 146 	 Ex 	 2 	 -1.208213e-12 	 1.268638e-12
4 	 147 	 Ex 	 2 	 -2.484732e-12 	 2.242776e-12
4 	 148 	 Ex 	 2 	 -4.476330e-12 	 3.626223e-12
4 	 149 	 Ex 	 2 	 -7.447910e-12 	 5.838672e-12
4 	 150 	 Ex 	 2 	 -1.387011e-11 	 9.545945e-12
4 	 151 	 Ex 	 2 	 -2.349795e-11 	 1.527920e-11
4 	 152 	 Ex 	 2 	 -4.056750e-11 	 2.326936e-11
4 	 153 	 Ex 	 2 	 -6.222593e-11 	 3.031591e-11
4 	 154 	 Ex 	 2 	 -8.526738e-11 	 3.415369e-11
4 	 155 	 Ex 	 2 	 -1.145826e-10 	 3.670287e-11
4 	 156 	 Ex 	 2 	 -1.512853e-10 	 3.995105e-11
4 	 157 	 Ex 	 2 	 -1.769738e-10 	 4.468100e-11
4 	 158 	 Ex 	 2 	 -1.861671e-10 	 4.832644e-11
4 	 159 	 Ex 	 2 	 -2.002516e-10 	 5.160653e-11
4 	 160 	 Ex 	 2 	 -1.784423e-10 	 5.170784e-11
4 	 161 	 Ex 	 2 	 -1.431406e-12 	 5.013851e-13
4 	 162 	 Ex 	 2 	 -2.806199e-12 	 1.284180e-12
4 	 163 	 Ex 	 2 	 -4.319511e-12 	 2.244438e-12
4 	 164 	 Ex 	 2 	 -6.546430e-12 	 3.461188e-12
4 	 165 	 Ex 	 2 	 -1.025972e-11 	 5.035086e-12
4 	 166 	 Ex 	 2 	 -1.559873e-11 	 7.137530e-12
4 	 167 	 Ex 	 2 	 -2.696993e-11 	 1.010821e-11
4 	 168 	 Ex 	 2 	 -4.344368e-11 	 1.425950e-11
4 	 169 	 Ex 	 2 	 -6.352041e-11 	 1.867041e-11
4 	 170 	 Ex 	 2 	 -8.071382e-11 	 2.071335e-11
4 	 171 	 Ex 	 2 	 -1.038059e-10 	 2.314263e-11
4 	 172 	 Ex 	 2 	 -1.258243e-10 	 2.628034e-11
4 	 173 	 Ex 	 2 	 -1.398658e-10 	 2.963016e-11
4 	 174 	 Ex 	 2 	 -1.429419e-10 	 3.212865e-11
4 	 175 	 Ex 	 2 	 -1.470535e-10 	 3.402058e-11
4 	 176 	 Ex 	 2 	 -1.354509e-10 	 3.520891e-11
4 	 177 	 Ex 	 2 	 -2.592248e-12 	 4.425239e-13
4 	 178 	 Ex 	 2 	 -3.897446e-12 	 1.102939e-12
4 	 179 	 Ex 	 2 	 -5.834627e-12 	 2.017544e-12
4 	 180 	 Ex 	 2 	 -8.132399e-12 	 3.054333e-12
4 	 181 	 Ex 	 2 	 -1.231688e-11 	 4.114142e-12
4 	 182 	 Ex 	 2 	 -1.839138e-11 	 5.003775e-12
4 	 183 	 Ex 	 2 	 -2.865458e-11 	 5.775623e-12
4 	 184 	 Ex 	 2 	 -4.308626e-11 	 7.685298e-12
4 	 185 	 Ex 	 2 	 -5.942855e-11 	 1.011102e-11
4 	 186 	 Ex 	 2 	 -7.382362e-11 	 1.187998e-11
4 	 187 	 Ex 	 2 	 -8.917463e-11 	 1.369842e-11
4 	 188 	 Ex 	 2 	 -1.029350e-10 	 1.610885e-11
4 	 189 	 Ex 	 2 	 -1.128191e-10 	 1.935669e-11
4 	 190 	 Ex 	 2 	 -1.120234e-10 	 2.141886e-11
4 	 191 	 Ex 	 2 	 -1.177326e-10 	 2.291665e-11
4 	 192 	 Ex 	 2 	 -1.056069e-10 	 2.369425e-11
4 	 193 	 Ex 	 2 	 -3.628960e-12 	 2.656666e-13
4 	 194 	 Ex 	 2 	 -4.989024e-12 	 8.224510e-13
4 	 195 	 Ex 	 2 	 -6.889085e-12 	 1.576009e-12
4 	 196 	 Ex 	 2 	 -9.088173e-12 	 2.348269e-12
4 	 197 	 Ex 	 2 	 -1.352848e-11 	 2.808761e-12
4 	 198 	 Ex 	 2 	 -1.944205e-11 	 2.869642e-12
4 	 199 	 Ex 	 2 	 -2.836402e-11 	 2.848306e-12
4 	 200 	 Ex 	 2 	 -4.054251e-11 	 3.387751e-12
4 	 201 	 Ex 	 2 	 -5.296728e-11 	 4.608674e-12
4 	 202 	 Ex 	 2 	 -6.445831e-11 	 5.798679e-12
4 	 203 	 Ex 	 2 	 -7.421393e-11 	 7.206331e-12
4 	 204 	 Ex 	 2 	 -8.232347e-11 	 9.429638e-12
4 	 205 	 Ex 	 2 	 -8.728761e-11 	 1.189905e-11
4 	 206 	 Ex 	 2 	 -8.769886e-11 	 1.385186e-11
4 	 207 	 Ex 	 2 	 -9.418447e-11 	 1.497627e-11
4 	 208 	 Ex 	 2 	 -8.388597e-11 	 1.533227e-11
4 	 209 	 Ex 	 2 	 -4.332942e-12 	 5.688564e-14
4 	 210 	 Ex 	 2 	 -5.794916e-12 	 4.850499e-13
4 	 211 	 Ex 	 2 	 -7.729673e-12 	 9.741877e-13
4 	 212 	 Ex 	 2 	 -1.029532e-11 	 1.337570e-12
4 	 213 	 Ex 	 2 	 -1.446365e-11 	 1.398708e-12
4 	 214 	 Ex 	 2 	 -1.962224e-11 	 1.169702e-12
4 	 215 	 Ex 	 2 	 -2.753684e-11 	 9.207782e-13
4 	 216 	 Ex 	 2 	 -3.677323e-11 	 8.531843e-13
4 	 217 	 Ex 	 2 	 -4.558615e-11 	 1.367108e-12
4 	 218 	 Ex 	 2 	 -5.485766e-11 	 2.087767e-12
4 	 219 	 Ex 	 2 	 -6.225310e-11 	 3.130036e-12
4 	 220 	 Ex 	 2 	 -6.651518e-11 	 4.939824e-12
4 	 221 	 Ex 	 2 	 -6.993180e-11 	 6.916867e-12
4 	 222 	 Ex 	 2 	 -7.092596e-11 	 8.658737e-12
4 	 223 	 Ex 	 2 	 -7.630586e-11 	 9.464719e-12
4 	 224 	 Ex 	 2 	 -6.783466e-11 	 9.599055e-12
4 	 225 	 Ex 	 2 	 -5.053279e-12 	 -1.801481e-13
4 	 226 	 Ex 	 2 	 -6.290794e-12 	 1.395238e-13
4 	 227 	 Ex 	 2 	 -8.300361e-12 	 3.148230e-13
4 	 228 	 Ex 	 2 	 -1.111684e-11 	 3.579678e-13
4 	 229 	 Ex 	 2 	 -1.483074e-11 	 1.848615e-13
4 	 230 	 Ex 	 2 	 -1.900828e-11 	 -3.702008e-14
4 	 231 	 Ex 	 2 	 -2.540526e-11 	 -3.187892e-13
4 	 232 	 Ex 	 2 	 -3.209358e-11 	 -5.979625e-13
4 	 233 	 Ex 	 2 	 -3.930945e-11 	 -5.107100e-13
4 	 234 	 Ex 	 2 	 -4.617533e-11 	 -1.146463e-13
4 	 235 	 Ex 	 2 	 -5.081603e-11 	 7.061754e-13
4 	 236 	 Ex 	 2 	 -5.464038e-11 	 1.961838e-12
4 	 237 	 Ex 	 2 	 -5.612098e-11 	 3.464763e-12
4 	 238 	 Ex 	 2 	 -5.700615e-11 	 4.797501e-12
4 	 239 	 Ex 	 2 	 -6.095278e-11 	 5.669822e-12
4 	 240 	 Ex 	 2 	 -5.538982e-11 	 5.734334e-12
4 	 241 	 Ex 	 2 	 -5.400371e-12 	 -3.945795e-13
4 	 242 	 Ex 	 2 	 -6.989543e-12 	 -3.363116e-13
4 	 243 	 Ex 	 2 	 -8.932449e-12 	 -3.643913e-13
4 	 244 	 Ex 	 2 	 -1.142017e-11 	 -4.349553e-13
4 	 245 	 Ex 	 2 	 -1.429848e-11 	 -5.827255e-13
4 	 246 	 Ex 	 2 	 -1.807742e-11 	 -8.375435e-13
4 	 247 	 Ex 	 2 	 -2.304229e-11 	 -1.221951e-12
4 	 248 	 Ex 	 2 	 -2.783333e-11 	 -1.429172e-12
4 	 249 	 Ex 	 2 	 -3.314748e-11 	 -1.475001e-12
4 	 250 	 Ex 	 2 	 -3.745599e-11 	 -1.228571e-12
4 	 251 	 Ex 	 2 	 -4.173108e-11 	 -7.228587e-13
4 	 252 	 Ex 	 2 	 -4.466431e-11 	 1.618459e-13
4 	 253 	 Ex 	 2 	 -4.576672e-11 	 1.199154e-12
4 	 254 	 Ex 	 2 	 -4.716010e-11 	 2.127042e-12
4 	 255 	 Ex 	 2 	 -5.060479e-11 	 2.850707e-12
4 	 256 	 Ex 	 2 	 -4.598839e-11 	 3.112428e-12
4 	 1 	 Ey 	 1 	 8.941511e-13 	 -2.436367e-13
4 	 2 	 Ey 	 1 	 9.691520e-13 	 -7.084519e-13
4 	 3 	 Ey 	 1 	 1.789962e-12 	 -1.086769e-12
4 	 4 	 Ey 	 1 	 4.210174e-12 	 -1.262013e-12
4 	 5 	 Ey 	 1 	 7.310311e-12 	 -1.883759e-12
4 	 6 	 Ey 	 1 	 1.313080e-11 	 -2.439526e-12
4 	 7 	 Ey 	 1 	 2.635637e-11 	 -2.447196e-12
4 	 8 	 Ey 	 1 	 5.151723e-11 	 -2.015778e-12
4 	 9 	 Ey 	 1 	 1.027115e-10 	 -3.072542e-13
4 	 10 	 Ey 	 1 	 2.013414e-10 	 1.468554e-12
4 	 11 	 Ey 	 1 	 4.450301e-10 	 4.013396e-12
4 	 12 	 Ey 	 1 	 1.187194e-09 	 4.648801e-12
4 	 13 	 Ey 	 1 	 4.515170e-09 	 2.511581e-12
4 	 14 	 Ey 	 1 	 2.909442e-08 	 5.281391e-12
4 	 15 	 Ey 	 1 	 2.759243e-08 	 7.340985e-12
4 	 16 	 Ey 	 1 	 -5.813440e-08 	 3.760507e-13
4 	 17 	 Ey 	 1 	 -1.259788e-11 	 6.992471e-14
4 	 18 	 Ey 	 1 	 -1.460688e-11 	 3.165386e-14
4 	 19 	 Ey 	 1 	 -1.790562e-11 	 -4.666332e-13
4 	 20 	 Ey 	 1 	 -2.261333e-11 	 -1.196619e-12
4 	 21 	 Ey 	 1 	 -2.898568e-11 	 -2.223100e-12
4 	 22 	 Ey 	 1 	 -3.579541e-11 	 -2.944546e-12
4 	 23 	 Ey 	 1 	 -4.309298e-11 	 -3.160605e-12
4 	 24 	 Ey 	 1 	 -5.575828e-11 	 -3.386488e-12
4 	 25 	 Ey 	 1 	 -7.057785e-11 	 -1.609516e-12
4 	 26 	 Ey 	 1 	 -1.056220e-10 	 9.957101e-13
4 	 27 	 Ey 	 1 	 -1.775175e-10 	 5.502493e-12
4 	 28 	 Ey 	 1 	 -4.513097e-10 	 7.407158e-12
4 	 29 	 Ey 	 1 	 -1.645354e-09 	 8.501677e-12
4 	 30 	 Ey 	 1 	 -1.701039e-08 	 3.579273e-12
4 	 31 	 Ey 	 1 	 -4.561057e-06 	 -9.496524e-11
4 	 32 	 Ey 	 1 	 4.468428e-08 	 2.603201e-11
4 	 33 	 Ey 	 1 	 -6.368581e-12 	 7.435089e-14
4 	 34 	 Ey 	 1 	 -8.132018e-12 	 1.717170e-13
4 	 35 	 Ey 	 1 	 -1.123327e-11 	 -8.299679e-14
4 	 36 	 Ey 	 1 	 -1.588967e-11 	 -5.635774e-13
4 	 37 	 Ey 	 1 	 -2.476865e-11 	 -1.921872e-12
4 	 38 	 Ey 	 1 	 -3.809847e-11 	 -3.692229e-12
4 	 39 	 Ey 	 1 	 -5.385949e-11 	 -4.194601e-12
4 	 40 	 Ey 	 1 	 -7.984877e-11 	 -3.564367e-12
4 	 41 	 Ey 	 1 	 -1.273832e-10 	 -1.040060e-12
4 	 42 	 Ey 	 1 	 -2.473174e-10 	 1.199094e-12
4 	 43 	 Ey 	 1 	 -5.154208e-10 	 5.857102e-12
4 	 44 	 Ey 	 1 	 -1.404052e-09 	 7.988071e-12
4 	 45 	 Ey 	 1 	 -4.780170e-09 	 1.000301e-11
4 	 46 	 Ey 	 1 	 -2.019777e-08 	 1.359710e-11
4 	 47 	 Ey 	 1 	 -1.614877e-08 	 4.266564e-12
4 	 48 	 Ey 	 1 	 2.866004e-08 	 1.187273e-11
4 	 49 	 Ey 	 1 	 -9.278486e-12 	 2.892962e-13
4 	 50 	 Ey 	 1 	 -1.218391e-11 	 3.879515e-13
4 	 51 	 Ey 	 1 	 -1.635270e-11 	 2.858079e-13
4 	 52 	 Ey 	 1 	 -2.298823e-11 	 -8.845390e-14
4 	 53 	 Ey 	 1 	 -3.515331e-11 	 -1.372775e-12
4 	 54 	 Ey 	 1 	 -5.339491e-11 	 -3.062874e-12
4 	 55 	 Ey 	 1 	 -7.888960e-11 	 -3.731327e-12
4 	 56 	 Ey 	 1 	 -1.202349e-10 	 -3.061745e-12
4 	 57 	 Ey 	 1 	 -1.930633e-10 	 -3.344313e-13
4 	 58 	 Ey 	 1 	 -3.481638e-10 	 2.134463e-12
4 	 59 	 Ey 	 1 	 -6.734562e-10 	 3.093181e-12
4 	 60 	 Ey 	 1 	 -1.376894e-09 	 4.393625e-12
4 	 61 	 Ey 	 1 	 -2.904586e-09 	 8.057818e-12
4 	 62 	 Ey 	 1 	 -4.613536e-09 	 8.286401e-12
4 	 63 	 Ey 	 1 	 -1.068343e-09 	 8.270405e-12
4 	 64 	 Ey 	 1 	 4.692461e-09 	 7.762755e-12
4 	 65 	 Ey 	 1 	 -1.165343e-11 	 5.331434e-13
4 	 66 	 Ey 	 1 	 -1.507805e-11 	 5.494977e-13
4 	 67 	 Ey 	 1 	 -1.992445e-11 	 5.756411e-13
4 	 68 	 Ey 	 1 	 -2.752436e-11 	 2.167091e-13
4 	 69 	 Ey 	 1 	 -3.899353e-11 	 -4.728231e-13
4 	 70 	 Ey 	 1 	 -5.843999e-11 	 -1.484240e-12
4 	 71 	 Ey 	 1 	 -8.849297e-11 	 -2.243231e-12
4 	 72 	 Ey 	 1 	 -1.353863e-10 	 -1.715943e-12
4 	 73 	 Ey 	 1 	 -2.165902e-10 	 -2.525944e-13
4 	 74 	 Ey 	 1 	 -3.568288e-10 	 4.596814e-13
4 	 75 	 Ey 	 1 	 -5.851454e-10 	 -2.699218e-13
4 	 76 	 Ey 	 1 	 -9.424703e-10 	 1.529850e-13
4 	 77 	 Ey 	 1 	 -1.389220e-09 	 1.674011e-12
4 	 78 	 Ey 	 1 	 -1.403487e-09 	 3.524924e-12
4 	 79 	 Ey 	 1 	 -2.099938e-10 	 2.155704e-12
4 	 80 	 Ey 	 1 	 1.220375e-09 	 4.377573e-12
4 	 81 	 Ey 	 1 	 -1.358150e-11 	 5.479062e-13
4 	 82 	 Ey 	 1 	 -1.693631e-11 	 6.623329e-13
4 	 83 	 Ey 	 1 	 -2.238969e-11 	 6.180615e-13
4 	 84 	 Ey 	 1 	 -2.949029e-11 	 5.958173e-13
4 	 85 	 Ey 	 1 	 -3.955807e-11 	 5.967641e-13
4 	 86 	 Ey 	 1 	 -5.591770e-11 	 5.822113e-13
4 	 87 	 Ey 	 1 	 -8.437626e-11 	 4.318595e-13
4 	 88 	 Ey 	 1 	 -1.285557e-10 	 2.646094e-13
4 	 89 	 Ey 	 1 	 -1.955976e-10 	 3.980600e-13
4 	 90 	 Ey 	 1 	 -3.028885e-10 	 -4.714288e-13
4 	 91 	 Ey 	 1 	 -4.453476e-10 	 -2.805570e-12
4 	 92 	 Ey 	 1 	 -6.115219e-10 	 -1.652834e-12
4 	 93 	 Ey 	 1 	 -6.924563e-10 	 -2.013615e-12
4 	 94 	 Ey 	 1 	 -5.610336e-10 	 -8.929120e-13
4 	 95 	 Ey 	 1 	 -8.855153e-11 	 1.943763e-13
4 	 96 	 Ey 	 1 	 4.256187e-10 	 9.649846e-13
4 	 97 	 Ey 	 1 	 -1.492317e-11 	 4.307573e-13
4 	 98 	 Ey 	 1 	 -1.866441e-11 	 5.655570e-13
4 	 99 	 Ey 	 1 	 -2.353186e-11 	 6.638254e-13
4 	 100 	 Ey 	 1 	 -2.969903e-11 	 8.981820e-13
4 	 101 	 Ey 	 1 	 -3.841930e-11 	 1.451781e-12
4 	 102 	 Ey 	 1 	 -5.357832e-11 	 1.945856e-12
4 	 103 	 Ey 	 1 	 -7.564997e-11 	 2.340329e-12
4 	 104 	 Ey 	 1 	 -1.119808e-10 	 1.814833e-12
4 	 105 	 Ey 	 1 	 -1.668372e-10 	 8.698318e-13
4 	 106 	 Ey 	 1 	 -2.382210e-10 	 -6.890710e-13
4 	 107 	 Ey 	 1 	 -3.143731e-10 	 -1.994173e-12
4 	 108 	 Ey 	 1 	 -3.747692e-10 	 -3.077814e-12
4 	 109 	 Ey 	 1 	 -3.786109e-10 	 -2.244248e-12
4 	 110 	 Ey 	 1 	 -2.593824e-10 	 -3.082066e-12
4 	 111 	 Ey 	 1 	 -4.187908e-11 	 -1.316002e-12
4 	 112 	 Ey 	 1 	 1.753460e-10 	 4.752609e-13
4 	 113 	 Ey 	 1 	 -1.586211e-11 	 2.345653e-13
4 	 114 	 Ey 	 1 	 -1.952256e-11 	 4.516766e-13
4 	 115 	 Ey 	 1 	 -2.339926e-11 	 6.301810e-13
4 	 116 	 Ey 	 1 	 -2.857897e-11 	 1.058997e-12
4 	 117 	 Ey 	 1 	 -3.567078e-11 	 1.822851e-12
4 	 118 	 Ey 	 1 	 -4.817598e-11 	 2.457395e-12
4 	 119 	 Ey 	 1 	 -6.659703e-11 	 3.137260e-12
4 	 120 	 Ey 	 1 	 -9.409290e-11 	 2.950305e-12
4 	 121 	 Ey 	 1 	 -1.342412e-10 	 1.394743e-12
4 	 122 	 Ey 	 1 	 -1.809240e-10 	 -5.980799e-13
4 	 123 	 Ey 	 1 	 -2.180737e-10 	 -2.191436e-12
4 	 124 	 Ey 	 1 	 -2.348162e-10 	 -2.618680e-12
4 	 125 	 Ey 	 1 	 -2.132341e-10 	 -3.072159e-12
4 	 126 	 Ey 	 1 	 -1.382645e-10 	 -2.320025e-12
4 	 127 	 Ey 	 1 	 -2.202477e-11 	 -1.710604e-12
4 	 128 	 Ey 	 1 	 8.565504e-11 	 -9.752138e-13
4 	 129 	 Ey 	 1 	 -1.638066e-11 	 8.422669e-14
4 	 130 	 Ey 	 1 	 -1.970695e-11 	 1.609212e-13
4 	 131 	 Ey 	 1 	 -2.319018e-11 	 4.668848e-13
4 	 132 	 Ey 	 1 	 -2.767687e-11 	 1.048022e-12
4 	 133 	 Ey 	 1 	 -3.322856e-11 	 1.932683e-12
4 	 134 	 Ey 	 1 	 -4.290367e-11 	 2.778069e-12
4 	 135 	 Ey 	 1 	 -5.714465e-11 	 3.452534e-12
4 	 136 	 Ey 	 1 	 -7.736287e-11 	 2.971597e-12
4 	 137 	 Ey 	 1 	 -1.036794e-10 	 1.857113e-12
4 	 138 	 Ey 	 1 	 -1.304527e-10 	 -3.733365e-13
4 	 139 	 Ey 	 1 	 -1.473118e-10 	 -1.718192e-12
4 	 140 	 Ey 	 1 	 -1.500322e-10 	 -2.144015e-12
4 	 141 	 Ey 	 1 	 -1.287394e-10 	 -2.402992e-12
4 	 142 	 Ey 	 1 	 -7.925878e-11 	 -2.408815e-12
4 	 143 	 Ey 	 1 	 -1.441375e-11 	 -1.352523e-12
4 	 144 	 Ey 	 1 	 5.009214e-11 	 -1.199838e-12
4 	 145 	 Ey 	 1 	 -1.594146e-11 	 -1.105436e-13
4 	 146 	 Ey 	 1 	 -1.911369e-11 	 9.712678e-14
4 	 147 	 Ey 	 1 	 -2.243212e-11 	 3.002066e-13
4 	 148 	 Ey 	 1 	 -2.591659e-11 	 8.957772e-13
4 	 149 	 Ey 	 1 	 -3.108391e-11 	 1.701560e-12
4 	 150 	 Ey 	 1 	 -3.874239e-11 	 2.834338e-12
4 	 151 	 Ey 	 1 	 -4.813759e-11 	 3.244420e-12
4 	 152 	 Ey 	 1 	 -6.167562e-11 	 3.072124e-12
4 	 153 	 Ey 	 1 	 -7.798483e-11 	 1.967923e-12
4 	 154 	 Ey 	 1 	 -9.409903e-11 	 -1.992404e-14
4 	 155 	 Ey 	 1 	 -1.026083e-10 	 -1.392227e-12
4 	 156 	 Ey 	 1 	 -9.894826e-11 	 -1.491443e-12
4 	 157 	 Ey 	 1 	 -7.890079e-11 	 -1.866725e-12
4 	 158 	 Ey 	 1 	 -4.639100e-11 	 -1.756825e-12
4 	 159 	 Ey 	 1 	 -5.361224e-12 	 -1.653948e-12
4 	 160 	 Ey 	 1 	 3.136803e-11 	 -1.144817e-12
4 	 161 	 Ey 	 1 	 -1.596194e-11 	 -2.143272e-13
4 	 162 	 Ey 	 1 	 -1.843449e-11 	 -1.247583e-13
4 	 163 	 Ey 	 1 	 -2.148366e-11 	 1.699042e-14
4 	 164 	 Ey 	 1 	 -2.473074e-11 	 5.794572e-13
4 	 165 	 Ey 	 1 	 -2.869751e-11 	 1.444818e-12
4 	 166 	 Ey 	 1 	 -3.338754e-11 	 2.252423e-12
4 	 167 	 Ey 	 1 	 -4.096724e-11 	 2.902134e-12
4 	 168 	 Ey 	 1 	 -5.014157e-11 	 2.816529e-12
4 	 169 	 Ey 	 1 	 -5.970630e-11 	 1.843485e-12
4 	 170 	 Ey 	 1 	 -6.815581e-11 	 4.997005e-13
4 	 171 	 Ey 	 1 	 -7.161390e-11 	 -3.565088e-13
4 	 172 	 Ey 	 1 	 -6.510603e-11 	 -1.312199e-12
4 	 173 	 Ey 	 1 	 -5.017530e-11 	 -1.636924e-12
4 	 174 	 Ey 	 1 	 -2.815911e-11 	 -1.657824e-12
4 	 175 	 Ey 	 1 	 -1.390685e-12 	 -1.502441e-12
4 	 176 	 Ey 	 1 	 2.312370e-11 	 -1.499862e-12
4 	 177 	 Ey 	 1 	 -1.560000e-11 	 -3.224809e-13
4 	 178 	 Ey 	 1 	 -1.805940e-11 	 -3.233737e-13
4 	 179 	 Ey 	 1 	 -2.050602e-11 	 -1.855449e-13
4 	 180 	 Ey 	 1 	 -2.320696e-11 	 1.215453e-13
4 	 181 	 Ey 	 1 	 -2.671578e-11 	 8.258801e-13
4 	 182 	 Ey 	 1 	 -3.169936e-11 	 1.650343e-12
4 	 183 	 Ey 	 1 	 -3.710770e-11 	 2.345087e-12
4 	 184 	 Ey 	 1 	 -4.259936e-11 	 2.335185e-12
4 	 185 	 Ey 	 1 	 -4.860182e-11 	 1.616869e-12
4 	 186 	 Ey 	 1 	 -5.225137e-11 	 5.295136e-13
4 	 187 	 Ey 	 1 	 -5.078418e-11 	 -2.009208e-13
4 	 188 	 Ey 	 1 	 -4.488687e-11 	 -6.090720e-13
4 	 189 	 Ey 	 1 	 -3.187613e-11 	 -1.161210e-12
4 	 190 	 Ey 	 1 	 -1.482842e-11 	 -1.659538e-12
4 	 191 	 Ey 	 1 	 1.676433e-12 	 -1.085596e-12
4 	 192 	 Ey 	 1 	 1.604256e-11 	 -8.515388e-13
4 	 193 	 Ey 	 1 	 -1.488720e-11 	 -3.255637e-13
4 	 194 	 Ey 	 1 	 -1.671544e-11 	 -4.284514e-13
4 	 195 	 Ey 	 1 	 -1.944646e-11 	 -4.240411e-13
4 	 196 	 Ey 	 1 	 -2.235975e-11 	 -3.156980e-13
4 	 197 	 Ey 	 1 	 -2.572289e-11 	 2.503079e-13
4 	 198 	 Ey 	 1 	 -2.970717e-11 	 9.342846e-13
4 	 199 	 Ey 	 1 	 -3.333463e-11 	 1.569807e-12
4 	 200 	 Ey 	 1 	 -3.642126e-11 	 1.878265e-12
4 	 201 	 Ey 	 1 	 -3.874355e-11 	 1.467750e-12
4 	 202 	 Ey 	 1 	 -3.874768e-11 	 7.960955e-13
4 	 203 	 Ey 	 1 	 -3.566187e-11 	 1.968271e-13
4 	 204 	 Ey 	 1 	 -2.971024e-11 	 -3.891552e-13
4 	 205 	 Ey 	 1 	 -1.990240e-11 	 -8.239247e-13
4 	 206 	 Ey 	 1 	 -8.659386e-12 	 -9.620874e-13
4 	 207 	 Ey 	 1 	 3.866456e-12 	 -9.173924e-13
4 	 208 	 Ey 	 1 	 1.378293e-11 	 -8.291803e-13
4 	 209 	 Ey 	 1 	 -1.390296e-11 	 -3.482601e-13
4 	 210 	 Ey 	 1 	 -1.572829e-11 	 -4.316571e-13
4 	 211 	 Ey 	 1 	 -1.782725e-11 	 -3.772165e-13
4 	 212 	 Ey 	 1 	 -2.089835e-11 	 -3.510297e-13
4 	 213 	 Ey 	 1 	 -2.398280e-11 	 -4.363581e-14
4 	 214 	 Ey 	 1 	 -2.723653e-11 	 4.193611e-13
4 	 215 	 Ey 	 1 	 -2.933683e-11 	 1.025667e-12
4 	 216 	 Ey 	 1 	 -3.065486e-11 	 1.430092e-12
4 	 217 	 Ey 	 1 	 -3.015238e-11 	 1.295526e-12
4 	 218 	 Ey 	 1 	 -2.859920e-11 	 8.261801e-13
4 	 219 	 Ey 	 1 	 -2.500416e-11 	 3.914242e-13
4 	 220 	 Ey 	 1 	 -1.949785e-11 	 -4.397825e-14
4 	 221 	 Ey 	 1 	 -1.188113e-11 	 -5.596186e-13
4 	 222 	 Ey 	 1 	 -3.886325e-12 	 -7.246987e-13
4 	 223 	 Ey 	 1 	 4.588706e-12 	 -6.696227e-13
4 	 224 	 Ey 	 1 	 1.143375e-11 	 -6.903471e-13
4 	 225 	 Ey 	 1 	 -1.269024e-11 	 -2.355481e-13
4 	 226 	 Ey 	 1 	 -1.443728e-11 	 -3.491601e-13
4 	 227 	 Ey 	 1 	 -1.657617e-11 	 -3.843145e-13
4 	 228 	 Ey 	 1 	 -1.875678e-11 	 -3.022719e-13
4 	 229 	 Ey 	 1 	 -2.119516e-11 	 -5.716986e-14
4 	 230 	 Ey 	 1 	 -2.308901e-11 	 2.214196e-13
4 	 231 	 Ey 	 1 	 -2.418702e-11 	 6.385130e-13
4 	 232 	 Ey 	 1 	 -2.495444e-11 	 9.832362e-13
4 	 233 	 Ey 	 1 	 -2.375444e-11 	 1.036653e-12
4 	 234 	 Ey 	 1 	 -2.142620e-11 	 8.136350e-13
4 	 235 	 Ey 	 1 	 -1.716193e-11 	 3.341344e-13
4 	 236 	 Ey 	 1 	 -1.256638e-11 	 2.341711e-14
4 	 237 	 Ey 	 1 	 -7.305516e-12 	 -1.912356e-13
4 	 238 	 Ey 	 1 	 -2.242456e-12 	 -2.174342e-13
4 	 239 	 Ey 	 1 	 4.063467e-12 	 -3.418238e-13
4 	 240 	 Ey 	 1 	 9.237664e-12 	 -4.692718e-13
4 	 241 	 Ey 	 1 	 -1.148846e-11 	 -1.083647e-13
4 	 242 	 Ey 	 1 	 -1.275260e-11 	 -1.187496e-13
4 	 243 	 Ey 	 1 	 -1.442400e-11 	 -1.817016e-13
4 	 244 	 Ey 	 1 	 -1.641827e-11 	 -1.701974e-13
4 	 245 	 Ey 	 1 	 -1.770697e-11 	 -5.579269e-14
4 	 246 	 Ey 	 1 	 -1.880505e-11 	 1.610062e-13
4 	 247 	 Ey 	 1 	 -1.964168e-11 	 4.187343e-13
4 	 248 	 Ey 	 1 	 -1.942933e-11 	 5.831051e-13
4 	 249 	 Ey 	 1 	 -1.807753e-11 	 6.364983e-13
4 	 250 	 Ey 	 1 	 -1.569343e-11 	 5.570016e-13
4 	 251 	 Ey 	 1 	 -1.280600e-11 	 3.904052e-13
4 	 252 	 Ey 	 1 	 -8.751925e-12 	 1.548142e-13
4 	 253 	 Ey 	 1 	 -4.933209e-12 	 4.521038e-14
4 	 254 	 Ey 	 1 	 -8.480357e-13 	 -9.187522e-14
4 	 255 	 Ey 	 1 	 4.029652e-12 	 -2.837683e-13
4 	 256 	 Ey 	 1 	 8.129054e-12 	 -5.307717e-13
4 	 1 	 Ey 	 2 	 1.621080e-12 	 -1.187926e-12
4 	 2 	 Ey 	 2 	 2.386752e-12 	 -1.709273e-12
4 	 3 	 Ey 	 2 	 3.809957e-12 	 -2.305218e-12
4 	 4 	 Ey 	 2 	 6.568165e-12 	 -2.700148e-12
4 	 5 	 Ey 	 2 	 1.049572e-11 	 -3.216763e-12
4 	 6 	 Ey 	 2 	 1.705048e-11 	 -3.484799e-12
4 	 7 	 Ey 	 2 	 3.013720e-11 	 -2.698837e-12
4 	 8 	 Ey 	 2 	 5.446556e-11 	 -6.603107e-13
4 	 9 	 Ey 	 2 	 1.030259e-10 	 3.865169e-12
4 	 10 	 Ey 	 2 	 1.989372e-10 	 8.470339e-12
4 	 11 	 Ey 	 2 	 4.384987e-10 	 1.386820e-11
4 	 12 	 Ey 	 2 	 1.178201e-09 	 1.277139e-11
4 	 13 	 Ey 	 2 	 4.506190e-09 	 2.559181e-12
4 	 14 	 Ey 	 2 	 2.908305e-08 	 1.324600e-11
4 	 15 	 Ey 	 2 	 2.758824e-08 	 2.567835e-11
4 	 16 	 Ey 	 2 	 -5.813662e-08 	 -1.181402e-11
4 	 17 	 Ey 	 2 	 -1.230017e-11 	 -8.023058e-13
4 	 18 	 Ey 	 2 	 -1.405049e-11 	 -1.067041e-12
4 	 19 	 Ey 	 2 	 -1.652580e-11 	 -1.828720e-12
4 	 20 	 Ey 	 2 	 -2.011190e-11 	 -2.898391e-12
4 	 21 	 Ey 	 2 	 -2.505529e-11 	 -4.076514e-12
4 	 22 	 Ey 	 2 	 -3.088713e-11 	 -4.586823e-12
4 	 23 	 Ey 	 2 	 -3.802681e-11 	 -4.127050e-12
4 	 24 	 Ey 	 2 	 -5.062145e-11 	 -2.991710e-12
4 	 25 	 Ey 	 2 	 -6.823429e-11 	 2.006375e-12
4 	 26 	 Ey 	 2 	 -1.071800e-10 	 8.560459e-12
4 	 27 	 Ey 	 2 	 -1.853368e-10 	 1.949301e-11
4 	 28 	 Ey 	 2 	 -4.620640e-10 	 2.251637e-11
4 	 29 	 Ey 	 2 	 -1.657526e-09 	 2.351500e-11
4 	 30 	 Ey 	 2 	 -1.701929e-08 	 2.350992e-12
4 	 31 	 Ey 	 2 	 -4.560638e-06 	 -6.128766e-10
4 	 32 	 Ey 	 2 	 4.466854e-08 	 9.516214e-11
4 	 33 	 Ey 	 2 	 -6.153938e-12 	 -5.235909e-13
4 	 34 	 Ey 	 2 	 -7.855511e-12 	 -6.711817e-13
4 	 35 	 Ey 	 2 	 -1.042176e-11 	 -1.155145e-12
4 	 36 	 Ey 	 2 	 -1.419854e-11 	 -2.105719e-12
4 	 37 	 Ey 	 2 	 -2.100118e-11 	 -4.037217e-12
4 	 38 	 Ey 	 2 	 -3.183264e-11 	 -6.224101e-12
4 	 39 	 Ey 	 2 	 -4.715135e-11 	 -5.586584e-12
4 	 40 	 Ey 	 2 	 -7.442959e-11 	 -2.571289e-12
4 	 41 	 Ey 	 2 	 -1.259809e-10 	 4.190401e-12
4 	 42 	 Ey 	 2 	 -2.494027e-10 	 9.495556e-12
4 	 43 	 Ey 	 2 	 -5.238057e-10 	 2.050245e-11
4 	 44 	 Ey 	 2 	 -1.414682e-09 	 2.512551e-11
4 	 45 	 Ey 	 2 	 -4.791191e-09 	 3.039126e-11
4 	 46 	 Ey 	 2 	 -2.020897e-08 	 4.119583e-11
4 	 47 	 Ey 	 2 	 -1.615541e-08 	 6.799348e-12
4 	 48 	 Ey 	 2 	 2.864818e-08 	 3.882544e-11
4 	 49 	 Ey 	 2 	 -9.310882e-12 	 -1.761214e-13
4 	 50 	 Ey 	 2 	 -1.219957e-11 	 -2.356721e-13
4 	 51 	 Ey 	 2 	 -1.609092e-11 	 -4.549194e-13
4 	 52 	 Ey 	 2 	 -2.199326e-11 	 -1.199830e-12
4 	 53 	 Ey 	 2 	 -3.213730e-11 	 -2.957279e-12
4 	 54 	 Ey 	 2 	 -4.792668e-11 	 -5.089558e-12
4 	 55 	 Ey 	 2 	 -7.293340e-11 	 -4.715181e-12
4 	 56 	 Ey 	 2 	 -1.159090e-10 	 -1.294251e-12
4 	 57 	 Ey 	 2 	 -1.934613e-10 	 5.041850e-12
4 	 58 	 Ey 	 2 	 -3.528669e-10 	 9.698890e-12
4 	 59 	 Ey 	 2 	 -6.799742e-10 	 1.021755e-11
4 	 60 	 Ey 	 2 	 -1.384041e-09 	 1.336907e-11
4 	 61 	 Ey 	 2 	 -2.914790e-09 	 2.293754e-11
4 	 62 	 Ey 	 2 	 -4.622677e-09 	 2.317559e-11
4 	 63 	 Ey 	 2 	 -1.078258e-09 	 2.206737e-11
4 	 64 	 Ey 	 2 	 4.683626e-09 	 2.183534e-11
4 	 65 	 Ey 	 2 	 -1.199240e-11 	 2.297936e-13
4 	 66 	 Ey 	 2 	 -1.537876e-11 	 2.852882e-13
4 	 67 	 Ey 	 2 	 -2.013206e-11 	 3.244608e-13
4 	 68 	 Ey 	 2 	 -2.708567e-11 	 -4.152460e-14
4 	 69 	 Ey 	 2 	 -3.751577e-11 	 -5.630751e-13
4 	 70 	 Ey 	 2 	 -5.561719e-11 	 -1.363375e-12
4 	 71 	 Ey 	 2 	 -8.506933e-11 	 -1.329475e-12
4 	 72 	 Ey 	 2 	 -1.335844e-10 	 5.692321e-13
4 	 73 	 Ey 	 2 	 -2.181405e-10 	 2.810102e-12
4 	 74 	 Ey 	 2 	 -3.607019e-10 	 2.028562e-12
4 	 75 	 Ey 	 2 	 -5.885955e-10 	 -2.015850e-12
4 	 76 	 Ey 	 2 	 -9.462402e-10 	 -2.066468e-12
4 	 77 	 Ey 	 2 	 -1.394397e-09 	 8.628717e-13
4 	 78 	 Ey 	 2 	 -1.410776e-09 	 4.893177e-12
4 	 79 	 Ey 	 2 	 -2.148380e-10 	 1.668543e-12
4 	 80 	 Ey 	 2 	 1.213971e-09 	 9.903598e-12
4 	 81 	 Ey 	 2 	 -1.405817e-11 	 5.749700e-13
4 	 82 	 Ey 	 2 	 -1.747912e-11 	 8.221673e-13
4 	 83 	 Ey 	 2 	 -2.276144e-11 	 9.606194e-13
4 	 84 	 Ey 	 2 	 -2.988101e-11 	 1.440800e-12
4 	 85 	 Ey 	 2 	 -4.003687e-11 	 2.167671e-12
4 	 86 	 Ey 	 2 	 -5.657199e-11 	 3.017583e-12
4 	 87 	 Ey 	 2 	 -8.552269e-11 	 3.747129e-12
4 	 88 	 Ey 	 2 	 -1.303472e-10 	 3.288073e-12
4 	 89 	 Ey 	 2 	 -1.986608e-10 	 1.920702e-12
4 	 90 	 Ey 	 2 	 -3.059033e-10 	 -2.981079e-12
4 	 91 	 Ey 	 2 	 -4.454881e-10 	 -1.023169e-11
4 	 92 	 Ey 	 2 	 -6.139723e-10 	 -1.006472e-11
4 	 93 	 Ey 	 2 	 -6.937645e-10 	 -1.142899e-11
4 	 94 	 Ey 	 2 	 -5.632600e-10 	 -8.305812e-12
4 	 95 	 Ey 	 2 	 -9.072794e-11 	 -3.298755e-12
4 	 96 	 Ey 	 2 	 4.228956e-10 	 -1.577200e-13
4 	 97 	 Ey 	 2 	 -1.530543e-11 	 6.303787e-13
4 	 98 	 Ey 	 2 	 -1.919703e-11 	 1.033564e-12
4 	 99 	 Ey 	 2 	 -2.422842e-11 	 1.563887e-12
4 	 100 	 Ey 	 2 	 -3.073235e-11 	 2.359078e-12
4 	 101 	 Ey 	 2 	 -4.054175e-11 	 3.919947e-12
4 	 102 	 Ey 	 2 	 -5.689009e-11 	 5.663177e-12
4 	 103 	 Ey 	 2 	 -8.013346e-11 	 6.497336e-12
4 	 104 	 Ey 	 2 	 -1.164565e-10 	 4.909816e-12
4 	 105 	 Ey 	 2 	 -1.708595e-10 	 8.764833e-13
4 	 106 	 Ey 	 2 	 -2.408817e-10 	 -5.489530e-12
4 	 107 	 Ey 	 2 	 -3.158768e-10 	 -1.054171e-11
4 	 108 	 Ey 	 2 	 -3.745666e-10 	 -1.354638e-11
4 	 109 	 Ey 	 2 	 -3.790626e-10 	 -1.204604e-11
4 	 110 	 Ey 	 2 	 -2.570796e-10 	 -1.205686e-11
4 	 111 	 Ey 	 2 	 -4.128634e-11 	 -5.812168e-12
4 	 112 	 Ey 	 2 	 1.733785e-10 	 -9.250256e-13
4 	 113 	 Ey 	 2 	 -1.605950e-11 	 6.272657e-13
4 	 114 	 Ey 	 2 	 -1.998730e-11 	 1.059123e-12
4 	 115 	 Ey 	 2 	 -2.420067e-11 	 1.704055e-12
4 	 116 	 Ey 	 2 	 -3.015608e-11 	 2.734920e-12
4 	 117 	 Ey 	 2 	 -3.860746e-11 	 4.327161e-12
4 	 118 	 Ey 	 2 	 -5.252216e-11 	 5.909192e-12
4 	 119 	 Ey 	 2 	 -7.262260e-11 	 6.856179e-12
4 	 120 	 Ey 	 2 	 -1.005629e-10 	 5.379945e-12
4 	 121 	 Ey 	 2 	 -1.389631e-10 	 3.521883e-13
4 	 122 	 Ey 	 2 	 -1.833476e-10 	 -6.245599e-12
4 	 123 	 Ey 	 2 	 -2.183797e-10 	 -1.080540e-11
4 	 124 	 Ey 	 2 	 -2.341154e-10 	 -1.148416e-11
4 	 125 	 Ey 	 2 	 -2.109691e-10 	 -1.155704e-11
4 	 126 	 Ey 	 2 	 -1.362156e-10 	 -8.535816e-12
4 	 127 	 Ey 	 2 	 -2.033354e-11 	 -5.545759e-12
4 	 128 	 Ey 	 2 	 8.631610e-11 	 -2.781702e-12
4 	 129 	 Ey 	 2 	 -1.642217e-11 	 5.492696e-13
4 	 130 	 Ey 	 2 	 -1.991477e-11 	 9.389802e-13
4 	 131 	 Ey 	 2 	 -2.387896e-11 	 1.594479e-12
4 	 132 	 Ey 	 2 	 -2.931109e-11 	 2.551937e-12
4 	 133 	 Ey 	 2 	 -3.645294e-11 	 4.080415e-12
4 	 134 	 Ey 	 2 	 -4.784944e-11 	 5.567224e-12
4 	 135 	 Ey 	 2 	 -6.362452e-11 	 6.033481e-12
4 	 136 	 Ey 	 2 	 -8.368405e-11 	 4.245207e-12
4 	 137 	 Ey 	 2 	 -1.087146e-10 	 3.425099e-13
4 	 138 	 Ey 	 2 	 -1.322580e-10 	 -5.381448e-12
4 	 139 	 Ey 	 2 	 -1.470993e-10 	 -8.463416e-12
4 	 140 	 Ey 	 2 	 -1.489101e-10 	 -8.746946e-12
4 	 141 	 Ey 	 2 	 -1.265666e-10 	 -8.235560e-12
4 	 142 	 Ey 	 2 	 -7.648075e-11 	 -6.748943e-12
4 	 143 	 Ey 	 2 	 -1.306939e-11 	 -3.556597e-12
4 	 144 	 Ey 	 2 	 5.136691e-11 	 -1.902708e-12
4 	 145 	 Ey 	 2 	 -1.580001e-11 	 4.255009e-13
4 	 146 	 Ey 	 2 	 -1.924470e-11 	 7.879330e-13
4 	 147 	 Ey 	 2 	 -2.301616e-11 	 1.338822e-12
4 	 148 	 Ey 	 2 	 -2.743232e-11 	 2.171461e-12
4 	 149 	 Ey 	 2 	 -3.400683e-11 	 3.274168e-12
4 	 150 	 Ey 	 2 	 -4.368707e-11 	 4.514205e-12
4 	 151 	 Ey 	 2 	 -5.405410e-11 	 4.592157e-12
4 	 152 	 Ey 	 2 	 -6.767730e-11 	 3.203099e-12
4 	 153 	 Ey 	 2 	 -8.249025e-11 	 7.754543e-14
4 	 154 	 Ey 	 2 	 -9.561078e-11 	 -4.238816e-12
4 	 155 	 Ey 	 2 	 -1.019594e-10 	 -6.657141e-12
4 	 156 	 Ey 	 2 	 -9.792504e-11 	 -6.133628e-12
4 	 157 	 Ey 	 2 	 -7.678982e-11 	 -5.241196e-12
4 	 158 	 Ey 	 2 	 -4.415615e-11 	 -3.747359e-12
4 	 159 	 Ey 	 2 	 -3.237245e-12 	 -2.582709e-12
4 	 160 	 Ey 	 2 	 3.265134e-11 	 -6.602940e-13
4 	 161 	 Ey 	 2 	 -1.570263e-11 	 2.948099e-13
4 	 162 	 Ey 	 2 	 -1.833285e-11 	 4.956102e-13
4 	 163 	 Ey 	 2 	 -2.169268e-11 	 7.450371e-13
4 	 164 	 Ey 	 2 	 -2.578548e-11 	 1.296110e-12
4 	 165 	 Ey 	 2 	 -3.118818e-11 	 2.120176e-12
4 	 166 	 Ey 	 2 	 -3.725322e-11 	 2.699301e-12
4 	 167 	 Ey 	 2 	 -4.592786e-11 	 2.516593e-12
4 	 168 	 Ey 	 2 	 -5.517672e-11 	 1.379172e-12
4 	 169 	 Ey 	 2 	 -6.336777e-11 	 -6.605892e-13
4 	 170 	 Ey 	 2 	 -6.976814e-11 	 -2.995527e-12
4 	 171 	 Ey 	 2 	 -7.188156e-11 	 -4.049008e-12
4 	 172 	 Ey 	 2 	 -6.371600e-11 	 -4.212004e-12
4 	 173 	 Ey 	 2 	 -4.804702e-11 	 -3.186590e-12
4 	 174 	 Ey 	 2 	 -2.584788e-11 	 -1.940841e-12
4 	 175 	 Ey 	 2 	 5.696384e-13 	 -7.578188e-13
4 	 176 	 Ey 	 2 	 2.495790e-11 	 -6.075905e-14
4 	 177 	 Ey 	 2 	 -1.519486e-11 	 -1.845216e-14
4 	 178 	 Ey 	 2 	 -1.764989e-11 	 -2.156587e-14
4 	 179 	 Ey 	 2 	 -2.032594e-11 	 5.189403e-14
4 	 180 	 Ey 	 2 	 -2.358426e-11 	 2.059472e-13
4 	 181 	 Ey 	 2 	 -2.815173e-11 	 3.972024e-13
4 	 182 	 Ey 	 2 	 -3.430722e-11 	 3.268226e-13
4 	 183 	 Ey 	 2 	 -4.079549e-11 	 2.637552e-14
4 	 184 	 Ey 	 2 	 -4.632841e-11 	 -5.452770e-13
4 	 185 	 Ey 	 2 	 -5.135522e-11 	 -1.648245e-12
4 	 186 	 Ey 	 2 	 -5.338043e-11 	 -2.721212e-12
4 	 187 	 Ey 	 2 	 -5.082568e-11 	 -2.858931e-12
4 	 188 	 Ey 	 2 	 -4.426697e-11 	 -2.284674e-12
4 	 189 	 Ey 	 2 	 -3.029960e-11 	 -1.299696e-12
4 	 190 	 Ey 	 2 	 -1.243283e-11 	 -2.950772e-13
4 	 191 	 Ey 	 2 	 2.995941e-12 	 1.041577e-12
4 	 192 	 Ey 	 2 	 1.676201e-11 	 1.390052e-12
4 	 193 	 Ey 	 2 	 -1.436712e-11 	 -3.024735e-13
4 	 194 	 Ey 	 2 	 -1.615613e-11 	 -3.858487e-13
4 	 195 	 Ey 	 2 	 -1.891980e-11 	 -5.787646e-13
4 	 196 	 Ey 	 2 	 -2.200230e-11 	 -8.688214e-13
4 	 197 	 Ey 	 2 	 -2.604735e-11 	 -1.204451e-12
4 	 198 	 Ey 	 2 	 -3.091141e-11 	 -1.682534e-12
4 	 199 	 Ey 	 2 	 -3.543085e-11 	 -1.893372e-12
4 	 200 	 Ey 	 2 	 -3.892177e-11 	 -1.840181e-12
4 	 201 	 Ey 	 2 	 -4.074141e-11 	 -1.907299e-12
4 	 202 	 Ey 	 2 	 -3.985902e-11 	 -1.857675e-12
4 	 203 	 Ey 	 2 	 -3.595622e-11 	 -1.382478e-12
4 	 204 	 Ey 	 2 	 -2.920948e-11 	 -6.623048e-13
4 	 205 	 Ey 	 2 	 -1.881215e-11 	 2.632942e-13
4 	 206 	 Ey 	 2 	 -7.478749e-12 	 1.207714e-12
4 	 207 	 Ey 	 2 	 4.768551e-12 	 1.866402e-12
4 	 208 	 Ey 	 2 	 1.431983e-11 	 2.095746e-12
4 	 209 	 Ey 	 2 	 -1.332888e-11 	 -5.039855e-13
4 	 210 	 Ey 	 2 	 -1.509676e-11 	 -6.477023e-13
4 	 211 	 Ey 	 2 	 -1.718289e-11 	 -9.014643e-13
4 	 212 	 Ey 	 2 	 -2.026191e-11 	 -1.459530e-12
4 	 213 	 Ey 	 2 	 -2.365494e-11 	 -2.061053e-12
4 	 214 	 Ey 	 2 	 -2.744892e-11 	 -2.635453e-12
4 	 215 	 Ey 	 2 	 -3.032762e-11 	 -2.632787e-12
4 	 216 	 Ey 	 2 	 -3.223388e-11 	 -2.282492e-12
4 	 217 	 Ey 	 2 	 -3.161212e-11 	 -1.721588e-12
4 	 218 	 Ey 	 2 	 -2.952271e-11 	 -1.174949e-12
4 	 219 	 Ey 	 2 	 -2.547907e-11 	 -3.123843e-13
4 	 220 	 Ey 	 2 	 -1.950950e-11 	 5.718953e-13
4 	 221 	 Ey 	 2 	 -1.133227e-11 	 1.286859e-12
4 	 222 	 Ey 	 2 	 -3.252335e-12 	 1.827139e-12
4 	 223 	 Ey 	 2 	 4.928370e-12 	 2.255517e-12
4 	 224 	 Ey 	 2 	 1.160444e-11 	 2.362085e-12
4 	 225 	 Ey 	 2 	 -1.219957e-11 	 -5.548389e-13
4 	 226 	 Ey 	 2 	 -1.383728e-11 	 -7.684834e-13
4 	 227 	 Ey 	 2 	 -1.585221e-11 	 -1.187487e-12
4 	 228 	 Ey 	 2 	 -1.801554e-11 	 -1.695030e-12
4 	 229 	 Ey 	 2 	 -2.063547e-11 	 -2.219696e-12
4 	 230 	 Ey 	 2 	 -2.284859e-11 	 -2.517117e-12
4 	 231 	 Ey 	 2 	 -2.452770e-11 	 -2.432566e-12
4 	 232 	 Ey 	 2 	 -2.576563e-11 	 -2.202897e-12
4 	 233 	 Ey 	 2 	 -2.474504e-11 	 -1.524047e-12
4 	 234 	 Ey 	 2 	 -2.227987e-11 	 -7.478582e-13
4 	 235 	 Ey 	 2 	 -1.765165e-11 	 2.721204e-13
4 	 236 	 Ey 	 2 	 -1.286527e-11 	 1.183203e-12
4 	 237 	 Ey 	 2 	 -7.473206e-12 	 1.800578e-12
4 	 238 	 Ey 	 2 	 -2.511959e-12 	 2.097266e-12
4 	 239 	 Ey 	 2 	 3.837835e-12 	 2.195323e-12
4 	 240 	 Ey 	 2 	 8.990798e-12 	 2.317852e-12
4 	 241 	 Ey 	 2 	 -1.111348e-11 	 -5.448431e-13
4 	 242 	 Ey 	 2 	 -1.227862e-11 	 -7.845727e-13
4 	 243 	 Ey 	 2 	 -1.383471e-11 	 -1.173233e-12
4 	 244 	 Ey 	 2 	 -1.576058e-11 	 -1.604547e-12
4 	 245 	 Ey 	 2 	 -1.715401e-11 	 -1.872777e-12
4 	 246 	 Ey 	 2 	 -1.848276e-11 	 -2.024645e-12
4 	 247 	 Ey 	 2 	 -1.967083e-11 	 -2.049029e-12
4 	 248 	 Ey 	 2 	 -1.978686e-11 	 -1.747396e-12
4 	 249 	 Ey 	 2 	 -1.868807e-11 	 -1.140130e-12
4 	 250 	 Ey 	 2 	 -1.633832e-11 	 -3.851020e-13
4 	 251 	 Ey 	 2 	 -1.344528e-11 	 4.551841e-13
4 	 252 	 Ey 	 2 	 -9.314802e-12 	 1.298415e-12
4 	 253 	 Ey 	 2 	 -5.503935e-12 	 1.819404e-12
4 	 254 	 Ey 	 2 	 -1.403750e-12 	 2.064939e-12
4 	 255 	 Ey 	 2 	 3.574214e-12 	 2.126031e-12
4 	 256 	 Ey 	 2 	 7.837843e-12 	 2.122570e-12
