iTx 	 iRx    chrec  ifreq 	 emf_real 	 emf_imag
8 	 1 	 Ex 	 1 	 1.305334e-11 	 8.340663e-12
8 	 2 	 Ex 	 1 	 1.593937e-11 	 1.005693e-11
8 	 3 	 Ex 	 1 	 2.009752e-11 	 1.217385e-11
8 	 4 	 Ex 	 1 	 2.593375e-11 	 1.467401e-11
8 	 5 	 Ex 	 1 	 3.310031e-11 	 1.806635e-11
8 	 6 	 Ex 	 1 	 4.233587e-11 	 2.262010e-11
8 	 7 	 Ex 	 1 	 5.331917e-11 	 2.828963e-11
8 	 8 	 Ex 	 1 	 6.321974e-11 	 3.485465e-11
8 	 9 	 Ex 	 1 	 6.936549e-11 	 4.311020e-11
8 	 10 	 Ex 	 1 	 5.549341e-11 	 4.969205e-11
8 	 11 	 Ex 	 1 	 1.157002e-11 	 5.728927e-11
8 	 12 	 Ex 	 1 	 -7.355066e-11 	 6.354358e-11
8 	 13 	 Ex 	 1 	 -2.019199e-10 	 6.781127e-11
8 	 14 	 Ex 	 1 	 -3.470859e-10 	 7.312836e-11
8 	 15 	 Ex 	 1 	 -4.805863e-10 	 7.198780e-11
8 	 16 	 Ex 	 1 	 -3.910984e-10 	 7.190005e-11
8 	 17 	 Ex 	 1 	 1.662483e-11 	 8.906766e-12
8 	 18 	 Ex 	 1 	 2.086839e-11 	 1.052205e-11
8 	 19 	 Ex 	 1 	 2.670830e-11 	 1.266572e-11
8 	 20 	 Ex 	 1 	 3.539258e-11 	 1.568565e-11
8 	 21 	 Ex 	 1 	 4.633636e-11 	 1.922969e-11
8 	 22 	 Ex 	 1 	 6.176637e-11 	 2.401569e-11
8 	 23 	 Ex 	 1 	 8.619478e-11 	 3.144302e-11
8 	 24 	 Ex 	 1 	 1.120928e-10 	 3.992368e-11
8 	 25 	 Ex 	 1 	 1.422739e-10 	 5.102500e-11
8 	 26 	 Ex 	 1 	 1.511425e-10 	 6.136800e-11
8 	 27 	 Ex 	 1 	 1.200531e-10 	 7.107918e-11
8 	 28 	 Ex 	 1 	 -4.217203e-12 	 7.935343e-11
8 	 29 	 Ex 	 1 	 -2.356238e-10 	 8.813118e-11
8 	 30 	 Ex 	 1 	 -5.618975e-10 	 9.605270e-11
8 	 31 	 Ex 	 1 	 -8.784770e-10 	 9.718778e-11
8 	 32 	 Ex 	 1 	 -6.756087e-10 	 9.550910e-11
8 	 33 	 Ex 	 1 	 1.973815e-11 	 9.460177e-12
8 	 34 	 Ex 	 1 	 2.542867e-11 	 1.123010e-11
8 	 35 	 Ex 	 1 	 3.261154e-11 	 1.323293e-11
8 	 36 	 Ex 	 1 	 4.318576e-11 	 1.584566e-11
8 	 37 	 Ex 	 1 	 5.893103e-11 	 1.971084e-11
8 	 38 	 Ex 	 1 	 8.277519e-11 	 2.520751e-11
8 	 39 	 Ex 	 1 	 1.244530e-10 	 3.425753e-11
8 	 40 	 Ex 	 1 	 1.822130e-10 	 4.623924e-11
8 	 41 	 Ex 	 1 	 2.618960e-10 	 6.181840e-11
8 	 42 	 Ex 	 1 	 3.132661e-10 	 7.358933e-11
8 	 43 	 Ex 	 1 	 3.432057e-10 	 8.831295e-11
8 	 44 	 Ex 	 1 	 2.334950e-10 	 9.943443e-11
8 	 45 	 Ex 	 1 	 -1.494252e-10 	 1.137014e-10
8 	 46 	 Ex 	 1 	 -9.620401e-10 	 1.310647e-10
8 	 47 	 Ex 	 1 	 -1.876328e-09 	 1.386901e-10
8 	 48 	 Ex 	 1 	 -1.274259e-09 	 1.325808e-10
8 	 49 	 Ex 	 1 	 2.255114e-11 	 9.952895e-12
8 	 50 	 Ex 	 1 	 2.902417e-11 	 1.173779e-11
8 	 51 	 Ex 	 1 	 3.726601e-11 	 1.358661e-11
8 	 52 	 Ex 	 1 	 4.938479e-11 	 1.587570e-11
8 	 53 	 Ex 	 1 	 6.812903e-11 	 1.919948e-11
8 	 54 	 Ex 	 1 	 1.025670e-10 	 2.543854e-11
8 	 55 	 Ex 	 1 	 1.675687e-10 	 3.695677e-11
8 	 56 	 Ex 	 1 	 2.700752e-10 	 5.359219e-11
8 	 57 	 Ex 	 1 	 4.129072e-10 	 7.270809e-11
8 	 58 	 Ex 	 1 	 5.751829e-10 	 9.041231e-11
8 	 59 	 Ex 	 1 	 7.436706e-10 	 1.069982e-10
8 	 60 	 Ex 	 1 	 8.799877e-10 	 1.247224e-10
8 	 61 	 Ex 	 1 	 6.498863e-10 	 1.528525e-10
8 	 62 	 Ex 	 1 	 -1.402700e-09 	 1.898397e-10
8 	 63 	 Ex 	 1 	 -5.145667e-09 	 2.177347e-10
8 	 64 	 Ex 	 1 	 -2.642863e-09 	 2.005656e-10
8 	 65 	 Ex 	 1 	 2.436647e-11 	 1.024202e-11
8 	 66 	 Ex 	 1 	 3.123877e-11 	 1.202808e-11
8 	 67 	 Ex 	 1 	 4.091192e-11 	 1.408406e-11
8 	 68 	 Ex 	 1 	 5.176299e-11 	 1.529151e-11
8 	 69 	 Ex 	 1 	 7.301647e-11 	 1.810659e-11
8 	 70 	 Ex 	 1 	 1.178100e-10 	 2.504077e-11
8 	 71 	 Ex 	 1 	 2.022383e-10 	 3.863611e-11
8 	 72 	 Ex 	 1 	 3.585147e-10 	 6.143532e-11
8 	 73 	 Ex 	 1 	 5.712981e-10 	 8.440512e-11
8 	 74 	 Ex 	 1 	 8.422504e-10 	 1.039236e-10
8 	 75 	 Ex 	 1 	 1.279371e-09 	 1.235249e-10
8 	 76 	 Ex 	 1 	 2.162872e-09 	 1.513188e-10
8 	 77 	 Ex 	 1 	 4.052267e-09 	 2.043191e-10
8 	 78 	 Ex 	 1 	 3.333908e-09 	 2.974801e-10
8 	 79 	 Ex 	 1 	 -2.534277e-08 	 4.278481e-10
8 	 80 	 Ex 	 1 	 -2.182595e-09 	 3.484946e-10
8 	 81 	 Ex 	 1 	 2.594834e-11 	 1.060718e-11
8 	 82 	 Ex 	 1 	 3.302579e-11 	 1.236335e-11
8 	 83 	 Ex 	 1 	 4.255131e-11 	 1.415125e-11
8 	 84 	 Ex 	 1 	 5.408518e-11 	 1.513159e-11
8 	 85 	 Ex 	 1 	 7.583422e-11 	 1.710585e-11
8 	 86 	 Ex 	 1 	 1.245464e-10 	 2.391853e-11
8 	 87 	 Ex 	 1 	 2.309009e-10 	 4.065692e-11
8 	 88 	 Ex 	 1 	 4.185908e-10 	 6.674773e-11
8 	 89 	 Ex 	 1 	 6.844055e-10 	 9.359054e-11
8 	 90 	 Ex 	 1 	 1.019047e-09 	 1.131970e-10
8 	 91 	 Ex 	 1 	 1.649025e-09 	 1.325666e-10
8 	 92 	 Ex 	 1 	 3.390586e-09 	 1.688237e-10
8 	 93 	 Ex 	 1 	 9.672917e-09 	 2.365304e-10
8 	 94 	 Ex 	 1 	 5.591212e-08 	 4.463909e-10
8 	 95 	 Ex 	 1 	 -9.571678e-07 	 1.882856e-09
8 	 96 	 Ex 	 1 	 1.538516e-07 	 6.804663e-10
8 	 97 	 Ex 	 1 	 2.535212e-11 	 1.068876e-11
8 	 98 	 Ex 	 1 	 3.174055e-11 	 1.217791e-11
8 	 99 	 Ex 	 1 	 4.031949e-11 	 1.369809e-11
8 	 100 	 Ex 	 1 	 5.275430e-11 	 1.505640e-11
8 	 101 	 Ex 	 1 	 7.349493e-11 	 1.657860e-11
8 	 102 	 Ex 	 1 	 1.230829e-10 	 2.360153e-11
8 	 103 	 Ex 	 1 	 2.290324e-10 	 4.045471e-11
8 	 104 	 Ex 	 1 	 4.177072e-10 	 6.803282e-11
8 	 105 	 Ex 	 1 	 6.699228e-10 	 9.497906e-11
8 	 106 	 Ex 	 1 	 9.663973e-10 	 1.127686e-10
8 	 107 	 Ex 	 1 	 1.505160e-09 	 1.315309e-10
8 	 108 	 Ex 	 1 	 2.916430e-09 	 1.661345e-10
8 	 109 	 Ex 	 1 	 7.060932e-09 	 2.228641e-10
8 	 110 	 Ex 	 1 	 2.333180e-08 	 3.781090e-10
8 	 111 	 Ex 	 1 	 -1.118759e-07 	 7.852364e-10
8 	 112 	 Ex 	 1 	 3.332154e-08 	 5.203803e-10
8 	 113 	 Ex 	 1 	 2.417470e-11 	 1.055050e-11
8 	 114 	 Ex 	 1 	 3.061545e-11 	 1.227475e-11
8 	 115 	 Ex 	 1 	 3.796245e-11 	 1.349786e-11
8 	 116 	 Ex 	 1 	 4.787184e-11 	 1.439302e-11
8 	 117 	 Ex 	 1 	 6.675683e-11 	 1.588059e-11
8 	 118 	 Ex 	 1 	 1.107504e-10 	 2.249594e-11
8 	 119 	 Ex 	 1 	 2.030300e-10 	 3.829349e-11
8 	 120 	 Ex 	 1 	 3.690654e-10 	 6.539977e-11
8 	 121 	 Ex 	 1 	 5.815521e-10 	 9.231274e-11
8 	 122 	 Ex 	 1 	 7.889310e-10 	 1.093367e-10
8 	 123 	 Ex 	 1 	 1.066351e-09 	 1.228104e-10
8 	 124 	 Ex 	 1 	 1.517711e-09 	 1.448748e-10
8 	 125 	 Ex 	 1 	 1.902987e-09 	 1.793358e-10
8 	 126 	 Ex 	 1 	 -7.846564e-10 	 2.346120e-10
8 	 127 	 Ex 	 1 	 -1.099522e-08 	 2.988602e-10
8 	 128 	 Ex 	 1 	 -3.438870e-09 	 2.657110e-10
8 	 129 	 Ex 	 1 	 2.228579e-11 	 1.029783e-11
8 	 130 	 Ex 	 1 	 2.802953e-11 	 1.193924e-11
8 	 131 	 Ex 	 1 	 3.424639e-11 	 1.312027e-11
8 	 132 	 Ex 	 1 	 4.253865e-11 	 1.399954e-11
8 	 133 	 Ex 	 1 	 5.744289e-11 	 1.536197e-11
8 	 134 	 Ex 	 1 	 9.280512e-11 	 2.131266e-11
8 	 135 	 Ex 	 1 	 1.647226e-10 	 3.572266e-11
8 	 136 	 Ex 	 1 	 2.921924e-10 	 6.020072e-11
8 	 137 	 Ex 	 1 	 4.315631e-10 	 8.347088e-11
8 	 138 	 Ex 	 1 	 5.406176e-10 	 9.847000e-11
8 	 139 	 Ex 	 1 	 5.750472e-10 	 1.052861e-10
8 	 140 	 Ex 	 1 	 5.059830e-10 	 1.175492e-10
8 	 141 	 Ex 	 1 	 4.756022e-11 	 1.343950e-10
8 	 142 	 Ex 	 1 	 -1.300306e-09 	 1.518856e-10
8 	 143 	 Ex 	 1 	 -3.102681e-09 	 1.675478e-10
8 	 144 	 Ex 	 1 	 -1.933138e-09 	 1.598642e-10
8 	 145 	 Ex 	 1 	 2.002329e-11 	 9.982628e-12
8 	 146 	 Ex 	 1 	 2.436244e-11 	 1.141060e-11
8 	 147 	 Ex 	 1 	 2.957421e-11 	 1.268842e-11
8 	 148 	 Ex 	 1 	 3.590077e-11 	 1.360654e-11
8 	 149 	 Ex 	 1 	 4.700860e-11 	 1.489818e-11
8 	 150 	 Ex 	 1 	 7.149881e-11 	 2.021973e-11
8 	 151 	 Ex 	 1 	 1.231140e-10 	 3.254912e-11
8 	 152 	 Ex 	 1 	 2.077149e-10 	 5.337909e-11
8 	 153 	 Ex 	 1 	 2.836178e-10 	 7.171665e-11
8 	 154 	 Ex 	 1 	 3.108221e-10 	 8.187210e-11
8 	 155 	 Ex 	 1 	 2.643986e-10 	 8.794736e-11
8 	 156 	 Ex 	 1 	 7.655455e-11 	 9.462905e-11
8 	 157 	 Ex 	 1 	 -2.851706e-10 	 1.013091e-10
8 	 158 	 Ex 	 1 	 -8.095430e-10 	 1.062321e-10
8 	 159 	 Ex 	 1 	 -1.323386e-09 	 1.106353e-10
8 	 160 	 Ex 	 1 	 -9.578043e-10 	 1.072415e-10
8 	 161 	 Ex 	 1 	 1.717757e-11 	 9.434301e-12
8 	 162 	 Ex 	 1 	 2.071894e-11 	 1.089744e-11
8 	 163 	 Ex 	 1 	 2.539074e-11 	 1.245399e-11
8 	 164 	 Ex 	 1 	 2.952867e-11 	 1.320921e-11
8 	 165 	 Ex 	 1 	 3.594187e-11 	 1.438502e-11
8 	 166 	 Ex 	 1 	 5.208192e-11 	 1.851351e-11
8 	 167 	 Ex 	 1 	 8.407045e-11 	 2.896272e-11
8 	 168 	 Ex 	 1 	 1.317792e-10 	 4.505205e-11
8 	 169 	 Ex 	 1 	 1.698028e-10 	 6.068263e-11
8 	 170 	 Ex 	 1 	 1.513134e-10 	 6.658150e-11
8 	 171 	 Ex 	 1 	 7.540393e-11 	 7.171558e-11
8 	 172 	 Ex 	 1 	 -6.048204e-11 	 7.665712e-11
8 	 173 	 Ex 	 1 	 -2.730167e-10 	 7.903726e-11
8 	 174 	 Ex 	 1 	 -4.878139e-10 	 7.934104e-11
8 	 175 	 Ex 	 1 	 -6.662162e-10 	 7.822801e-11
8 	 176 	 Ex 	 1 	 -5.274776e-10 	 7.849951e-11
8 	 177 	 Ex 	 1 	 1.383174e-11 	 8.731825e-12
8 	 178 	 Ex 	 1 	 1.695997e-11 	 1.024040e-11
8 	 179 	 Ex 	 1 	 2.007328e-11 	 1.170584e-11
8 	 180 	 Ex 	 1 	 2.250225e-11 	 1.254008e-11
8 	 181 	 Ex 	 1 	 2.622308e-11 	 1.423088e-11
8 	 182 	 Ex 	 1 	 3.411274e-11 	 1.772854e-11
8 	 183 	 Ex 	 1 	 4.873362e-11 	 2.510355e-11
8 	 184 	 Ex 	 1 	 7.093510e-11 	 3.700966e-11
8 	 185 	 Ex 	 1 	 8.225631e-11 	 4.856605e-11
8 	 186 	 Ex 	 1 	 5.878244e-11 	 5.463810e-11
8 	 187 	 Ex 	 1 	 -4.201542e-12 	 5.828964e-11
8 	 188 	 Ex 	 1 	 -1.030934e-10 	 6.059009e-11
8 	 189 	 Ex 	 1 	 -2.166657e-10 	 6.340470e-11
8 	 190 	 Ex 	 1 	 -3.059840e-10 	 6.242319e-11
8 	 191 	 Ex 	 1 	 -4.045327e-10 	 6.144940e-11
8 	 192 	 Ex 	 1 	 -3.166216e-10 	 6.040819e-11
8 	 193 	 Ex 	 1 	 1.054361e-11 	 8.094529e-12
8 	 194 	 Ex 	 1 	 1.280129e-11 	 9.476041e-12
8 	 195 	 Ex 	 1 	 1.472064e-11 	 1.078948e-11
8 	 196 	 Ex 	 1 	 1.641627e-11 	 1.188307e-11
8 	 197 	 Ex 	 1 	 1.712300e-11 	 1.362100e-11
8 	 198 	 Ex 	 1 	 1.875886e-11 	 1.641995e-11
8 	 199 	 Ex 	 1 	 2.314694e-11 	 2.182396e-11
8 	 200 	 Ex 	 1 	 2.817485e-11 	 3.002930e-11
8 	 201 	 Ex 	 1 	 2.626051e-11 	 3.816028e-11
8 	 202 	 Ex 	 1 	 4.222482e-12 	 4.361228e-11
8 	 203 	 Ex 	 1 	 -3.889698e-11 	 4.642320e-11
8 	 204 	 Ex 	 1 	 -9.540023e-11 	 4.835004e-11
8 	 205 	 Ex 	 1 	 -1.549826e-10 	 4.958059e-11
8 	 206 	 Ex 	 1 	 -1.998617e-10 	 4.932264e-11
8 	 207 	 Ex 	 1 	 -2.635454e-10 	 4.920439e-11
8 	 208 	 Ex 	 1 	 -2.058615e-10 	 4.776116e-11
8 	 209 	 Ex 	 1 	 7.284563e-12 	 7.302298e-12
8 	 210 	 Ex 	 1 	 8.567597e-12 	 8.557812e-12
8 	 211 	 Ex 	 1 	 9.211784e-12 	 9.681129e-12
8 	 212 	 Ex 	 1 	 9.561053e-12 	 1.100232e-11
8 	 213 	 Ex 	 1 	 8.853089e-12 	 1.285364e-11
8 	 214 	 Ex 	 1 	 7.539440e-12 	 1.517214e-11
8 	 215 	 Ex 	 1 	 5.851190e-12 	 1.937634e-11
8 	 216 	 Ex 	 1 	 2.248400e-12 	 2.465302e-11
8 	 217 	 Ex 	 1 	 -4.584029e-12 	 3.003015e-11
8 	 218 	 Ex 	 1 	 -2.152299e-11 	 3.491546e-11
8 	 219 	 Ex 	 1 	 -4.996565e-11 	 3.780754e-11
8 	 220 	 Ex 	 1 	 -8.218680e-11 	 3.891536e-11
8 	 221 	 Ex 	 1 	 -1.143711e-10 	 4.016572e-11
8 	 222 	 Ex 	 1 	 -1.388915e-10 	 4.044881e-11
8 	 223 	 Ex 	 1 	 -1.831519e-10 	 4.000070e-11
8 	 224 	 Ex 	 1 	 -1.433281e-10 	 3.866694e-11
8 	 225 	 Ex 	 1 	 4.085719e-12 	 6.571730e-12
8 	 226 	 Ex 	 1 	 4.596609e-12 	 7.539284e-12
8 	 227 	 Ex 	 1 	 4.567343e-12 	 8.785123e-12
8 	 228 	 Ex 	 1 	 3.728328e-12 	 1.018557e-11
8 	 229 	 Ex 	 1 	 1.505774e-12 	 1.166373e-11
8 	 230 	 Ex 	 1 	 -7.961712e-13 	 1.364558e-11
8 	 231 	 Ex 	 1 	 -4.699813e-12 	 1.696787e-11
8 	 232 	 Ex 	 1 	 -1.095274e-11 	 2.035027e-11
8 	 233 	 Ex 	 1 	 -1.938341e-11 	 2.446008e-11
8 	 234 	 Ex 	 1 	 -3.284362e-11 	 2.805782e-11
8 	 235 	 Ex 	 1 	 -4.916575e-11 	 3.035885e-11
8 	 236 	 Ex 	 1 	 -6.977786e-11 	 3.181365e-11
8 	 237 	 Ex 	 1 	 -8.731354e-11 	 3.224756e-11
8 	 238 	 Ex 	 1 	 -1.014533e-10 	 3.254833e-11
8 	 239 	 Ex 	 1 	 -1.318028e-10 	 3.193847e-11
8 	 240 	 Ex 	 1 	 -1.048740e-10 	 3.168829e-11
8 	 241 	 Ex 	 1 	 1.353198e-12 	 5.780519e-12
8 	 242 	 Ex 	 1 	 9.189368e-13 	 6.790362e-12
8 	 243 	 Ex 	 1 	 1.752215e-14 	 7.846723e-12
8 	 244 	 Ex 	 1 	 -1.392152e-12 	 9.087097e-12
8 	 245 	 Ex 	 1 	 -3.425556e-12 	 1.040667e-11
8 	 246 	 Ex 	 1 	 -6.348896e-12 	 1.231471e-11
8 	 247 	 Ex 	 1 	 -1.136042e-11 	 1.466857e-11
8 	 248 	 Ex 	 1 	 -1.704328e-11 	 1.710130e-11
8 	 249 	 Ex 	 1 	 -2.485346e-11 	 1.993271e-11
8 	 250 	 Ex 	 1 	 -3.427275e-11 	 2.215613e-11
8 	 251 	 Ex 	 1 	 -4.667416e-11 	 2.426550e-11
8 	 252 	 Ex 	 1 	 -5.886990e-11 	 2.575280e-11
8 	 253 	 Ex 	 1 	 -6.950813e-11 	 2.613552e-11
8 	 254 	 Ex 	 1 	 -7.875026e-11 	 2.684571e-11
8 	 255 	 Ex 	 1 	 -1.014619e-10 	 2.639875e-11
8 	 256 	 Ex 	 1 	 -8.102143e-11 	 2.628329e-11
8 	 1 	 Ex 	 2 	 5.937468e-12 	 9.320379e-13
8 	 2 	 Ex 	 2 	 6.005732e-12 	 2.411142e-12
8 	 3 	 Ex 	 2 	 6.543806e-12 	 4.709508e-12
8 	 4 	 Ex 	 2 	 7.813254e-12 	 8.339256e-12
8 	 5 	 Ex 	 2 	 8.870427e-12 	 1.392789e-11
8 	 6 	 Ex 	 2 	 1.007241e-11 	 2.214696e-11
8 	 7 	 Ex 	 2 	 1.119430e-11 	 3.362691e-11
8 	 8 	 Ex 	 2 	 9.901385e-12 	 4.809235e-11
8 	 9 	 Ex 	 2 	 2.518259e-12 	 6.733452e-11
8 	 10 	 Ex 	 2 	 -2.179136e-11 	 8.508400e-11
8 	 11 	 Ex 	 2 	 -7.703480e-11 	 1.060256e-10
8 	 12 	 Ex 	 2 	 -1.702595e-10 	 1.263761e-10
8 	 13 	 Ex 	 2 	 -3.028607e-10 	 1.432371e-10
8 	 14 	 Ex 	 2 	 -4.540866e-10 	 1.609333e-10
8 	 15 	 Ex 	 2 	 -5.841723e-10 	 1.623199e-10
8 	 16 	 Ex 	 2 	 -4.953486e-10 	 1.605497e-10
8 	 17 	 Ex 	 2 	 8.554851e-12 	 1.456897e-12
8 	 18 	 Ex 	 2 	 9.986207e-12 	 3.107885e-12
8 	 19 	 Ex 	 2 	 1.206815e-11 	 5.661638e-12
8 	 20 	 Ex 	 2 	 1.537331e-11 	 1.007670e-11
8 	 21 	 Ex 	 2 	 1.971507e-11 	 1.678581e-11
8 	 22 	 Ex 	 2 	 2.662511e-11 	 2.654977e-11
8 	 23 	 Ex 	 2 	 3.849383e-11 	 4.246203e-11
8 	 24 	 Ex 	 2 	 5.036943e-11 	 6.253924e-11
8 	 25 	 Ex 	 2 	 6.315830e-11 	 9.025210e-11
8 	 26 	 Ex 	 2 	 5.674330e-11 	 1.183926e-10
8 	 27 	 Ex 	 2 	 1.269510e-11 	 1.485441e-10
8 	 28 	 Ex 	 2 	 -1.206381e-10 	 1.775803e-10
8 	 29 	 Ex 	 2 	 -3.596725e-10 	 2.110387e-10
8 	 30 	 Ex 	 2 	 -6.917580e-10 	 2.419857e-10
8 	 31 	 Ex 	 2 	 -1.006381e-09 	 2.522547e-10
8 	 32 	 Ex 	 2 	 -8.036051e-10 	 2.438573e-10
8 	 33 	 Ex 	 2 	 1.075635e-11 	 1.913184e-12
8 	 34 	 Ex 	 2 	 1.345016e-11 	 3.661800e-12
8 	 35 	 Ex 	 2 	 1.691507e-11 	 6.362986e-12
8 	 36 	 Ex 	 2 	 2.253093e-11 	 1.085146e-11
8 	 37 	 Ex 	 2 	 3.114681e-11 	 1.852741e-11
8 	 38 	 Ex 	 2 	 4.523026e-11 	 3.057191e-11
8 	 39 	 Ex 	 2 	 7.187109e-11 	 5.132016e-11
8 	 40 	 Ex 	 2 	 1.107578e-10 	 8.105418e-11
8 	 41 	 Ex 	 2 	 1.674484e-10 	 1.218915e-10
8 	 42 	 Ex 	 2 	 2.029358e-10 	 1.573616e-10
8 	 43 	 Ex 	 2 	 2.146900e-10 	 2.030159e-10
8 	 44 	 Ex 	 2 	 9.565391e-11 	 2.460900e-10
8 	 45 	 Ex 	 2 	 -2.958007e-10 	 3.038354e-10
8 	 46 	 Ex 	 2 	 -1.117651e-09 	 3.732109e-10
8 	 47 	 Ex 	 2 	 -2.034671e-09 	 4.055234e-10
8 	 48 	 Ex 	 2 	 -1.428232e-09 	 3.839905e-10
8 	 49 	 Ex 	 2 	 1.276205e-11 	 2.296248e-12
8 	 50 	 Ex 	 2 	 1.615202e-11 	 4.122721e-12
8 	 51 	 Ex 	 2 	 2.091691e-11 	 6.677717e-12
8 	 52 	 Ex 	 2 	 2.851539e-11 	 1.090468e-11
8 	 53 	 Ex 	 2 	 4.080709e-11 	 1.843959e-11
8 	 54 	 Ex 	 2 	 6.424354e-11 	 3.313705e-11
8 	 55 	 Ex 	 2 	 1.106731e-10 	 6.093919e-11
8 	 56 	 Ex 	 2 	 1.880689e-10 	 1.036847e-10
8 	 57 	 Ex 	 2 	 3.043694e-10 	 1.564072e-10
8 	 58 	 Ex 	 2 	 4.443991e-10 	 2.099393e-10
8 	 59 	 Ex 	 2 	 5.951746e-10 	 2.653968e-10
8 	 60 	 Ex 	 2 	 7.193416e-10 	 3.347878e-10
8 	 61 	 Ex 	 2 	 4.762972e-10 	 4.484302e-10
8 	 62 	 Ex 	 2 	 -1.587337e-09 	 5.999992e-10
8 	 63 	 Ex 	 2 	 -5.337787e-09 	 7.132732e-10
8 	 64 	 Ex 	 2 	 -2.826406e-09 	 6.495726e-10
8 	 65 	 Ex 	 2 	 1.403073e-11 	 2.532172e-12
8 	 66 	 Ex 	 2 	 1.777866e-11 	 4.373730e-12
8 	 67 	 Ex 	 2 	 2.383642e-11 	 6.866876e-12
8 	 68 	 Ex 	 2 	 3.165645e-11 	 9.921263e-12
8 	 69 	 Ex 	 2 	 4.716288e-11 	 1.700812e-11
8 	 70 	 Ex 	 2 	 7.988007e-11 	 3.423551e-11
8 	 71 	 Ex 	 2 	 1.427810e-10 	 6.912527e-11
8 	 72 	 Ex 	 2 	 2.657970e-10 	 1.277651e-10
8 	 73 	 Ex 	 2 	 4.482743e-10 	 1.930877e-10
8 	 74 	 Ex 	 2 	 6.967326e-10 	 2.547201e-10
8 	 75 	 Ex 	 2 	 1.116026e-09 	 3.240031e-10
8 	 76 	 Ex 	 2 	 1.982481e-09 	 4.314414e-10
8 	 77 	 Ex 	 2 	 3.851866e-09 	 6.430559e-10
8 	 78 	 Ex 	 2 	 3.119113e-09 	 1.024038e-09
8 	 79 	 Ex 	 2 	 -2.557158e-08 	 1.551431e-09
8 	 80 	 Ex 	 2 	 -2.396864e-09 	 1.239552e-09
8 	 81 	 Ex 	 2 	 1.510817e-11 	 2.733219e-12
8 	 82 	 Ex 	 2 	 1.906426e-11 	 4.527336e-12
8 	 83 	 Ex 	 2 	 2.536816e-11 	 6.607293e-12
8 	 84 	 Ex 	 2 	 3.426682e-11 	 9.094756e-12
8 	 85 	 Ex 	 2 	 5.138829e-11 	 1.558887e-11
8 	 86 	 Ex 	 2 	 8.829962e-11 	 3.369363e-11
8 	 87 	 Ex 	 2 	 1.685445e-10 	 7.660256e-11
8 	 88 	 Ex 	 2 	 3.188500e-10 	 1.449238e-10
8 	 89 	 Ex 	 2 	 5.499741e-10 	 2.212842e-10
8 	 90 	 Ex 	 2 	 8.634253e-10 	 2.851641e-10
8 	 91 	 Ex 	 2 	 1.478067e-09 	 3.564492e-10
8 	 92 	 Ex 	 2 	 3.198401e-09 	 4.954276e-10
8 	 93 	 Ex 	 2 	 9.461472e-09 	 7.691756e-10
8 	 94 	 Ex 	 2 	 5.567230e-08 	 1.609915e-09
8 	 95 	 Ex 	 2 	 -9.573944e-07 	 7.472254e-09
8 	 96 	 Ex 	 2 	 1.536023e-07 	 2.549512e-09
8 	 97 	 Ex 	 2 	 1.432170e-11 	 2.871526e-12
8 	 98 	 Ex 	 2 	 1.803223e-11 	 4.315490e-12
8 	 99 	 Ex 	 2 	 2.374196e-11 	 5.997919e-12
8 	 100 	 Ex 	 2 	 3.313178e-11 	 8.554457e-12
8 	 101 	 Ex 	 2 	 4.982081e-11 	 1.491255e-11
8 	 102 	 Ex 	 2 	 8.731574e-11 	 3.400118e-11
8 	 103 	 Ex 	 2 	 1.671218e-10 	 7.749514e-11
8 	 104 	 Ex 	 2 	 3.161572e-10 	 1.494790e-10
8 	 105 	 Ex 	 2 	 5.334544e-10 	 2.252627e-10
8 	 106 	 Ex 	 2 	 8.109723e-10 	 2.836120e-10
8 	 107 	 Ex 	 2 	 1.334485e-09 	 3.520621e-10
8 	 108 	 Ex 	 2 	 2.723574e-09 	 4.822526e-10
8 	 109 	 Ex 	 2 	 6.852488e-09 	 7.136554e-10
8 	 110 	 Ex 	 2 	 2.310551e-08 	 1.343853e-09
8 	 111 	 Ex 	 2 	 -1.121197e-07 	 2.992419e-09
8 	 112 	 Ex 	 2 	 3.308667e-08 	 1.921880e-09
8 	 113 	 Ex 	 2 	 1.329579e-11 	 2.867782e-12
8 	 114 	 Ex 	 2 	 1.686929e-11 	 4.321246e-12
8 	 115 	 Ex 	 2 	 2.175350e-11 	 5.752496e-12
8 	 116 	 Ex 	 2 	 2.926251e-11 	 7.857196e-12
8 	 117 	 Ex 	 2 	 4.424411e-11 	 1.396742e-11
8 	 118 	 Ex 	 2 	 7.672261e-11 	 3.226111e-11
8 	 119 	 Ex 	 2 	 1.443307e-10 	 7.225123e-11
8 	 120 	 Ex 	 2 	 2.708318e-10 	 1.414025e-10
8 	 121 	 Ex 	 2 	 4.473041e-10 	 2.143418e-10
8 	 122 	 Ex 	 2 	 6.350862e-10 	 2.674903e-10
8 	 123 	 Ex 	 2 	 9.014299e-10 	 3.179359e-10
8 	 124 	 Ex 	 2 	 1.337628e-09 	 4.015201e-10
8 	 125 	 Ex 	 2 	 1.710703e-09 	 5.424215e-10
8 	 126 	 Ex 	 2 	 -9.822460e-10 	 7.765235e-10
8 	 127 	 Ex 	 2 	 -1.120233e-08 	 1.039725e-09
8 	 128 	 Ex 	 2 	 -3.637125e-09 	 9.120143e-10
8 	 129 	 Ex 	 2 	 1.179186e-11 	 2.798813e-12
8 	 130 	 Ex 	 2 	 1.480707e-11 	 4.207642e-12
8 	 131 	 Ex 	 2 	 1.864668e-11 	 5.593913e-12
8 	 132 	 Ex 	 2 	 2.465299e-11 	 7.639785e-12
8 	 133 	 Ex 	 2 	 3.589579e-11 	 1.327220e-11
8 	 134 	 Ex 	 2 	 6.070756e-11 	 2.950000e-11
8 	 135 	 Ex 	 2 	 1.097318e-10 	 6.467342e-11
8 	 136 	 Ex 	 2 	 2.006890e-10 	 1.246438e-10
8 	 137 	 Ex 	 2 	 3.075228e-10 	 1.848054e-10
8 	 138 	 Ex 	 2 	 3.976297e-10 	 2.286910e-10
8 	 139 	 Ex 	 2 	 4.260240e-10 	 2.555567e-10
8 	 140 	 Ex 	 2 	 3.463705e-10 	 3.010893e-10
8 	 141 	 Ex 	 2 	 -1.202893e-10 	 3.704859e-10
8 	 142 	 Ex 	 2 	 -1.467107e-09 	 4.534019e-10
8 	 143 	 Ex 	 2 	 -3.272248e-09 	 5.219103e-10
8 	 144 	 Ex 	 2 	 -2.097769e-09 	 4.957120e-10
8 	 145 	 Ex 	 2 	 1.005791e-11 	 2.689148e-12
8 	 146 	 Ex 	 2 	 1.193632e-11 	 4.072471e-12
8 	 147 	 Ex 	 2 	 1.473215e-11 	 5.576448e-12
8 	 148 	 Ex 	 2 	 1.877696e-11 	 7.599706e-12
8 	 149 	 Ex 	 2 	 2.643600e-11 	 1.257627e-11
8 	 150 	 Ex 	 2 	 4.132716e-11 	 2.613323e-11
8 	 151 	 Ex 	 2 	 7.285289e-11 	 5.498861e-11
8 	 152 	 Ex 	 2 	 1.254845e-10 	 1.028916e-10
8 	 153 	 Ex 	 2 	 1.745681e-10 	 1.477736e-10
8 	 154 	 Ex 	 2 	 1.877172e-10 	 1.758646e-10
8 	 155 	 Ex 	 2 	 1.336641e-10 	 1.959821e-10
8 	 156 	 Ex 	 2 	 -6.198855e-11 	 2.189885e-10
8 	 157 	 Ex 	 2 	 -4.272789e-10 	 2.495266e-10
8 	 158 	 Ex 	 2 	 -9.492532e-10 	 2.794445e-10
8 	 159 	 Ex 	 2 	 -1.461811e-09 	 3.046615e-10
8 	 160 	 Ex 	 2 	 -1.092148e-09 	 2.955214e-10
8 	 161 	 Ex 	 2 	 8.048471e-12 	 2.462286e-12
8 	 162 	 Ex 	 2 	 9.098240e-12 	 3.927132e-12
8 	 163 	 Ex 	 2 	 1.110564e-11 	 5.687973e-12
8 	 164 	 Ex 	 2 	 1.322623e-11 	 7.622679e-12
8 	 165 	 Ex 	 2 	 1.652435e-11 	 1.172102e-11
8 	 166 	 Ex 	 2 	 2.496814e-11 	 2.171525e-11
8 	 167 	 Ex 	 2 	 3.954668e-11 	 4.422680e-11
8 	 168 	 Ex 	 2 	 6.186645e-11 	 7.850767e-11
8 	 169 	 Ex 	 2 	 7.580286e-11 	 1.134358e-10
8 	 170 	 Ex 	 2 	 4.814530e-11 	 1.289488e-10
8 	 171 	 Ex 	 2 	 -3.599640e-11 	 1.422916e-10
8 	 172 	 Ex 	 2 	 -1.787689e-10 	 1.583879e-10
8 	 173 	 Ex 	 2 	 -3.924984e-10 	 1.718174e-10
8 	 174 	 Ex 	 2 	 -6.039730e-10 	 1.823838e-10
8 	 175 	 Ex 	 2 	 -7.765619e-10 	 1.887525e-10
8 	 176 	 Ex 	 2 	 -6.378437e-10 	 1.901393e-10
8 	 177 	 Ex 	 2 	 5.736361e-12 	 2.116858e-12
8 	 178 	 Ex 	 2 	 6.429078e-12 	 3.525235e-12
8 	 179 	 Ex 	 2 	 7.031567e-12 	 5.310953e-12
8 	 180 	 Ex 	 2 	 7.345873e-12 	 7.324740e-12
8 	 181 	 Ex 	 2 	 7.464020e-12 	 1.101320e-11
8 	 182 	 Ex 	 2 	 8.718699e-12 	 1.832559e-11
8 	 183 	 Ex 	 2 	 1.058517e-11 	 3.292588e-11
8 	 184 	 Ex 	 2 	 1.344949e-11 	 5.607774e-11
8 	 185 	 Ex 	 2 	 6.159971e-12 	 7.980219e-11
8 	 186 	 Ex 	 2 	 -2.743534e-11 	 9.325636e-11
8 	 187 	 Ex 	 2 	 -9.690092e-11 	 1.017789e-10
8 	 188 	 Ex 	 2 	 -1.997152e-10 	 1.093435e-10
8 	 189 	 Ex 	 2 	 -3.167251e-10 	 1.207245e-10
8 	 190 	 Ex 	 2 	 -4.025029e-10 	 1.254797e-10
8 	 191 	 Ex 	 2 	 -4.978685e-10 	 1.277310e-10
8 	 192 	 Ex 	 2 	 -4.074375e-10 	 1.268239e-10
8 	 193 	 Ex 	 2 	 3.472559e-12 	 1.675545e-12
8 	 194 	 Ex 	 2 	 3.528037e-12 	 2.926742e-12
8 	 195 	 Ex 	 2 	 3.138082e-12 	 4.554069e-12
8 	 196 	 Ex 	 2 	 2.470378e-12 	 6.566740e-12
8 	 197 	 Ex 	 2 	 -3.254773e-13 	 9.547105e-12
8 	 198 	 Ex 	 2 	 -3.981306e-12 	 1.436910e-11
8 	 199 	 Ex 	 2 	 -9.122102e-12 	 2.355331e-11
8 	 200 	 Ex 	 2 	 -1.793556e-11 	 3.793297e-11
8 	 201 	 Ex 	 2 	 -3.349721e-11 	 5.325102e-11
8 	 202 	 Ex 	 2 	 -6.496006e-11 	 6.375171e-11
8 	 203 	 Ex 	 2 	 -1.132647e-10 	 6.989919e-11
8 	 204 	 Ex 	 2 	 -1.730764e-10 	 7.613137e-11
8 	 205 	 Ex 	 2 	 -2.341690e-10 	 8.246608e-11
8 	 206 	 Ex 	 2 	 -2.777179e-10 	 8.624450e-11
8 	 207 	 Ex 	 2 	 -3.405282e-10 	 8.807070e-11
8 	 208 	 Ex 	 2 	 -2.800574e-10 	 8.574765e-11
8 	 209 	 Ex 	 2 	 1.381910e-12 	 1.149734e-12
8 	 210 	 Ex 	 2 	 7.598326e-13 	 2.180764e-12
8 	 211 	 Ex 	 2 	 -6.419281e-13 	 3.475742e-12
8 	 212 	 Ex 	 2 	 -2.774881e-12 	 5.143946e-12
8 	 213 	 Ex 	 2 	 -6.933806e-12 	 7.532557e-12
8 	 214 	 Ex 	 2 	 -1.258913e-11 	 1.082007e-11
8 	 215 	 Ex 	 2 	 -2.168554e-11 	 1.682124e-11
8 	 216 	 Ex 	 2 	 -3.456910e-11 	 2.509024e-11
8 	 217 	 Ex 	 2 	 -5.074429e-11 	 3.438619e-11
8 	 218 	 Ex 	 2 	 -7.621049e-11 	 4.272823e-11
8 	 219 	 Ex 	 2 	 -1.099355e-10 	 4.826271e-11
8 	 220 	 Ex 	 2 	 -1.440928e-10 	 5.249447e-11
8 	 221 	 Ex 	 2 	 -1.781012e-10 	 5.746142e-11
8 	 222 	 Ex 	 2 	 -2.026373e-10 	 6.089190e-11
8 	 223 	 Ex 	 2 	 -2.459331e-10 	 6.120286e-11
8 	 224 	 Ex 	 2 	 -2.036936e-10 	 5.871945e-11
8 	 225 	 Ex 	 2 	 -6.955948e-13 	 5.877304e-13
8 	 226 	 Ex 	 2 	 -1.751935e-12 	 1.414843e-12
8 	 227 	 Ex 	 2 	 -3.724820e-12 	 2.347523e-12
8 	 228 	 Ex 	 2 	 -6.955905e-12 	 3.580032e-12
8 	 229 	 Ex 	 2 	 -1.199338e-11 	 5.219208e-12
8 	 230 	 Ex 	 2 	 -1.792400e-11 	 7.629106e-12
8 	 231 	 Ex 	 2 	 -2.760534e-11 	 1.164894e-11
8 	 232 	 Ex 	 2 	 -3.994915e-11 	 1.626749e-11
8 	 233 	 Ex 	 2 	 -5.558129e-11 	 2.228170e-11
8 	 234 	 Ex 	 2 	 -7.542828e-11 	 2.784383e-11
8 	 235 	 Ex 	 2 	 -9.593548e-11 	 3.237192e-11
8 	 236 	 Ex 	 2 	 -1.191168e-10 	 3.594603e-11
8 	 237 	 Ex 	 2 	 -1.373251e-10 	 3.883091e-11
8 	 238 	 Ex 	 2 	 -1.517059e-10 	 4.105182e-11
8 	 239 	 Ex 	 2 	 -1.809294e-10 	 4.144594e-11
8 	 240 	 Ex 	 2 	 -1.534683e-10 	 4.021032e-11
8 	 241 	 Ex 	 2 	 -2.291300e-12 	 5.397884e-14
8 	 242 	 Ex 	 2 	 -4.170314e-12 	 5.482480e-13
8 	 243 	 Ex 	 2 	 -6.671702e-12 	 1.125806e-12
8 	 244 	 Ex 	 2 	 -1.011694e-11 	 2.005881e-12
8 	 245 	 Ex 	 2 	 -1.455441e-11 	 3.249714e-12
8 	 246 	 Ex 	 2 	 -2.075530e-11 	 5.068662e-12
8 	 247 	 Ex 	 2 	 -2.986561e-11 	 7.449656e-12
8 	 248 	 Ex 	 2 	 -3.991687e-11 	 1.041959e-11
8 	 249 	 Ex 	 2 	 -5.277142e-11 	 1.410380e-11
8 	 250 	 Ex 	 2 	 -6.622704e-11 	 1.744186e-11
8 	 251 	 Ex 	 2 	 -8.239484e-11 	 2.074883e-11
8 	 252 	 Ex 	 2 	 -9.718940e-11 	 2.383550e-11
8 	 253 	 Ex 	 2 	 -1.084734e-10 	 2.571398e-11
8 	 254 	 Ex 	 2 	 -1.187704e-10 	 2.761200e-11
8 	 255 	 Ex 	 2 	 -1.406324e-10 	 2.789887e-11
8 	 256 	 Ex 	 2 	 -1.198774e-10 	 2.743046e-11
8 	 1 	 Ey 	 1 	 1.546699e-11 	 -2.159152e-13
8 	 2 	 Ey 	 1 	 1.990983e-11 	 -5.023478e-13
8 	 3 	 Ey 	 1 	 2.581279e-11 	 -7.402962e-13
8 	 4 	 Ey 	 1 	 3.396335e-11 	 -9.569373e-13
8 	 5 	 Ey 	 1 	 4.490530e-11 	 -1.553646e-12
8 	 6 	 Ey 	 1 	 6.119948e-11 	 -2.072830e-12
8 	 7 	 Ey 	 1 	 8.507546e-11 	 -2.116224e-12
8 	 8 	 Ey 	 1 	 1.207247e-10 	 -1.523726e-12
8 	 9 	 Ey 	 1 	 1.699328e-10 	 2.212475e-13
8 	 10 	 Ey 	 1 	 2.338782e-10 	 2.725509e-12
8 	 11 	 Ey 	 1 	 3.044673e-10 	 5.635649e-12
8 	 12 	 Ey 	 1 	 3.573353e-10 	 7.858619e-12
8 	 13 	 Ey 	 1 	 3.562977e-10 	 8.692886e-12
8 	 14 	 Ey 	 1 	 2.527981e-10 	 8.550363e-12
8 	 15 	 Ey 	 1 	 4.571008e-11 	 6.620551e-12
8 	 16 	 Ey 	 1 	 -1.573974e-10 	 7.058994e-12
8 	 17 	 Ey 	 1 	 1.458283e-11 	 9.513167e-14
8 	 18 	 Ey 	 1 	 1.910889e-11 	 7.414914e-14
8 	 19 	 Ey 	 1 	 2.483413e-11 	 -3.021309e-13
8 	 20 	 Ey 	 1 	 3.289988e-11 	 -9.547933e-13
8 	 21 	 Ey 	 1 	 4.392613e-11 	 -1.974575e-12
8 	 22 	 Ey 	 1 	 6.054840e-11 	 -2.862295e-12
8 	 23 	 Ey 	 1 	 8.921974e-11 	 -3.221597e-12
8 	 24 	 Ey 	 1 	 1.367432e-10 	 -2.928178e-12
8 	 25 	 Ey 	 1 	 2.123462e-10 	 -4.709439e-13
8 	 26 	 Ey 	 1 	 3.260124e-10 	 3.676143e-12
8 	 27 	 Ey 	 1 	 4.663452e-10 	 8.612806e-12
8 	 28 	 Ey 	 1 	 6.095995e-10 	 1.154702e-11
8 	 29 	 Ey 	 1 	 6.748433e-10 	 1.283698e-11
8 	 30 	 Ey 	 1 	 5.396720e-10 	 1.184397e-11
8 	 31 	 Ey 	 1 	 8.002327e-11 	 9.094094e-12
8 	 32 	 Ey 	 1 	 -3.743827e-10 	 8.693320e-12
8 	 33 	 Ey 	 1 	 1.216026e-11 	 1.166933e-13
8 	 34 	 Ey 	 1 	 1.642142e-11 	 1.923193e-13
8 	 35 	 Ey 	 1 	 2.120028e-11 	 -9.574410e-14
8 	 36 	 Ey 	 1 	 2.815272e-11 	 -6.567956e-13
8 	 37 	 Ey 	 1 	 3.715682e-11 	 -2.153422e-12
8 	 38 	 Ey 	 1 	 5.292849e-11 	 -4.054309e-12
8 	 39 	 Ey 	 1 	 8.343665e-11 	 -4.834066e-12
8 	 40 	 Ey 	 1 	 1.422801e-10 	 -3.713906e-12
8 	 41 	 Ey 	 1 	 2.495590e-10 	 5.068544e-13
8 	 42 	 Ey 	 1 	 4.218805e-10 	 6.191165e-12
8 	 43 	 Ey 	 1 	 6.771979e-10 	 1.289446e-11
8 	 44 	 Ey 	 1 	 1.031691e-09 	 1.630944e-11
8 	 45 	 Ey 	 1 	 1.391722e-09 	 1.705825e-11
8 	 46 	 Ey 	 1 	 1.339398e-09 	 1.661194e-11
8 	 47 	 Ey 	 1 	 2.031446e-10 	 1.113497e-11
8 	 48 	 Ey 	 1 	 -9.901886e-10 	 8.733132e-12
8 	 49 	 Ey 	 1 	 9.422981e-12 	 2.703957e-13
8 	 50 	 Ey 	 1 	 1.268516e-11 	 3.461337e-13
8 	 51 	 Ey 	 1 	 1.620838e-11 	 1.375324e-13
8 	 52 	 Ey 	 1 	 2.090759e-11 	 -4.792078e-13
8 	 53 	 Ey 	 1 	 2.656250e-11 	 -2.282739e-12
8 	 54 	 Ey 	 1 	 3.820387e-11 	 -4.531201e-12
8 	 55 	 Ey 	 1 	 6.802243e-11 	 -5.361140e-12
8 	 56 	 Ey 	 1 	 1.297709e-10 	 -3.572027e-12
8 	 57 	 Ey 	 1 	 2.531305e-10 	 2.330527e-12
8 	 58 	 Ey 	 1 	 4.741279e-10 	 1.026113e-11
8 	 59 	 Ey 	 1 	 8.409230e-10 	 1.611127e-11
8 	 60 	 Ey 	 1 	 1.539789e-09 	 1.945473e-11
8 	 61 	 Ey 	 1 	 2.861719e-09 	 2.230480e-11
8 	 62 	 Ey 	 1 	 4.107955e-09 	 1.835370e-11
8 	 63 	 Ey 	 1 	 7.753765e-10 	 1.373979e-11
8 	 64 	 Ey 	 1 	 -3.545233e-09 	 1.075225e-11
8 	 65 	 Ey 	 1 	 6.149909e-12 	 4.549823e-13
8 	 66 	 Ey 	 1 	 7.764352e-12 	 4.001871e-13
8 	 67 	 Ey 	 1 	 9.825804e-12 	 2.623283e-13
8 	 68 	 Ey 	 1 	 1.131913e-11 	 -5.496537e-13
8 	 69 	 Ey 	 1 	 1.336870e-11 	 -2.139707e-12
8 	 70 	 Ey 	 1 	 2.071932e-11 	 -4.063100e-12
8 	 71 	 Ey 	 1 	 4.152163e-11 	 -4.976627e-12
8 	 72 	 Ey 	 1 	 9.116331e-11 	 -2.845922e-12
8 	 73 	 Ey 	 1 	 1.950019e-10 	 2.920194e-12
8 	 74 	 Ey 	 1 	 3.776416e-10 	 9.902475e-12
8 	 75 	 Ey 	 1 	 7.075744e-10 	 1.394327e-11
8 	 76 	 Ey 	 1 	 1.575240e-09 	 1.712845e-11
8 	 77 	 Ey 	 1 	 4.622818e-09 	 2.054806e-11
8 	 78 	 Ey 	 1 	 1.516125e-08 	 1.670965e-11
8 	 79 	 Ey 	 1 	 6.985562e-09 	 3.672445e-12
8 	 80 	 Ey 	 1 	 -2.120117e-08 	 1.185478e-11
8 	 81 	 Ey 	 1 	 1.268669e-11 	 4.010291e-13
8 	 82 	 Ey 	 1 	 1.472561e-11 	 4.108882e-13
8 	 83 	 Ey 	 1 	 1.661785e-11 	 1.236163e-13
8 	 84 	 Ey 	 1 	 1.869377e-11 	 -4.967427e-13
8 	 85 	 Ey 	 1 	 2.145102e-11 	 -1.481357e-12
8 	 86 	 Ey 	 1 	 2.831623e-11 	 -2.474877e-12
8 	 87 	 Ey 	 1 	 4.288786e-11 	 -2.791269e-12
8 	 88 	 Ey 	 1 	 7.028522e-11 	 -1.742359e-12
8 	 89 	 Ey 	 1 	 1.243272e-10 	 1.890541e-12
8 	 90 	 Ey 	 1 	 2.082626e-10 	 5.764050e-12
8 	 91 	 Ey 	 1 	 3.158692e-10 	 5.383921e-12
8 	 92 	 Ey 	 1 	 7.426929e-10 	 1.100358e-11
8 	 93 	 Ey 	 1 	 2.213683e-09 	 7.483916e-12
8 	 94 	 Ey 	 1 	 2.156152e-08 	 5.876456e-12
8 	 95 	 Ey 	 1 	 5.388430e-06 	 3.033594e-10
8 	 96 	 Ey 	 1 	 -6.686975e-08 	 -1.449926e-11
8 	 97 	 Ey 	 1 	 -8.890899e-13 	 2.583440e-13
8 	 98 	 Ey 	 1 	 -1.692199e-12 	 2.590549e-13
8 	 99 	 Ey 	 1 	 -3.147410e-12 	 8.669190e-14
8 	 100 	 Ey 	 1 	 -5.525960e-12 	 -2.234415e-13
8 	 101 	 Ey 	 1 	 -8.229922e-12 	 -4.595246e-13
8 	 102 	 Ey 	 1 	 -1.304371e-11 	 -7.635720e-13
8 	 103 	 Ey 	 1 	 -2.085249e-11 	 -7.254404e-13
8 	 104 	 Ey 	 1 	 -3.972169e-11 	 -9.124127e-13
8 	 105 	 Ey 	 1 	 -7.461391e-11 	 -1.016954e-13
8 	 106 	 Ey 	 1 	 -1.612791e-10 	 1.392017e-13
8 	 107 	 Ey 	 1 	 -3.614507e-10 	 1.215054e-13
8 	 108 	 Ey 	 1 	 -1.023393e-09 	 -2.344243e-12
8 	 109 	 Ey 	 1 	 -3.823320e-09 	 3.739734e-14
8 	 110 	 Ey 	 1 	 -2.692852e-08 	 -1.415128e-12
8 	 111 	 Ey 	 1 	 6.161908e-08 	 1.995191e-11
8 	 112 	 Ey 	 1 	 6.566172e-08 	 1.232222e-11
8 	 113 	 Ey 	 1 	 -6.074116e-12 	 -1.166725e-15
8 	 114 	 Ey 	 1 	 -7.893590e-12 	 1.242512e-13
8 	 115 	 Ey 	 1 	 -1.057323e-11 	 1.153184e-13
8 	 116 	 Ey 	 1 	 -1.414371e-11 	 2.371405e-13
8 	 117 	 Ey 	 1 	 -1.987465e-11 	 4.933146e-13
8 	 118 	 Ey 	 1 	 -3.306379e-11 	 4.631251e-13
8 	 119 	 Ey 	 1 	 -5.507729e-11 	 8.789919e-13
8 	 120 	 Ey 	 1 	 -1.005505e-10 	 3.693707e-13
8 	 121 	 Ey 	 1 	 -1.979258e-10 	 -1.964213e-12
8 	 122 	 Ey 	 1 	 -3.795581e-10 	 -4.867958e-12
8 	 123 	 Ey 	 1 	 -7.416062e-10 	 -8.911591e-12
8 	 124 	 Ey 	 1 	 -1.558651e-09 	 -1.125491e-11
8 	 125 	 Ey 	 1 	 -3.741240e-09 	 -1.257039e-11
8 	 126 	 Ey 	 1 	 -7.951017e-09 	 -6.005437e-12
8 	 127 	 Ey 	 1 	 -1.933643e-09 	 -2.245923e-12
8 	 128 	 Ey 	 1 	 9.046260e-09 	 -3.331676e-12
8 	 129 	 Ey 	 1 	 -9.668733e-12 	 -2.098493e-13
8 	 130 	 Ey 	 1 	 -1.263128e-11 	 -2.402870e-13
8 	 131 	 Ey 	 1 	 -1.593813e-11 	 -1.138292e-14
8 	 132 	 Ey 	 1 	 -2.058693e-11 	 5.055510e-13
8 	 133 	 Ey 	 1 	 -2.776768e-11 	 1.238425e-12
8 	 134 	 Ey 	 1 	 -4.406487e-11 	 1.844642e-12
8 	 135 	 Ey 	 1 	 -7.511788e-11 	 2.087724e-12
8 	 136 	 Ey 	 1 	 -1.378442e-10 	 2.943567e-13
8 	 137 	 Ey 	 1 	 -2.491200e-10 	 -2.613811e-12
8 	 138 	 Ey 	 1 	 -4.455674e-10 	 -8.418273e-12
8 	 139 	 Ey 	 1 	 -7.509616e-10 	 -1.316584e-11
8 	 140 	 Ey 	 1 	 -1.267724e-09 	 -1.555492e-11
8 	 141 	 Ey 	 1 	 -2.045340e-09 	 -1.621592e-11
8 	 142 	 Ey 	 1 	 -2.352493e-09 	 -1.410945e-11
8 	 143 	 Ey 	 1 	 -3.975678e-10 	 -7.735360e-12
8 	 144 	 Ey 	 1 	 1.997364e-09 	 -5.372324e-12
8 	 145 	 Ey 	 1 	 -1.246605e-11 	 -4.803823e-13
8 	 146 	 Ey 	 1 	 -1.577525e-11 	 -3.212273e-13
8 	 147 	 Ey 	 1 	 -2.008703e-11 	 -9.298987e-14
8 	 148 	 Ey 	 1 	 -2.504747e-11 	 5.945302e-13
8 	 149 	 Ey 	 1 	 -3.423511e-11 	 1.495615e-12
8 	 150 	 Ey 	 1 	 -5.104177e-11 	 2.860077e-12
8 	 151 	 Ey 	 1 	 -8.361746e-11 	 2.809835e-12
8 	 152 	 Ey 	 1 	 -1.436217e-10 	 1.262132e-12
8 	 153 	 Ey 	 1 	 -2.467865e-10 	 -2.625743e-12
8 	 154 	 Ey 	 1 	 -4.113223e-10 	 -9.094364e-12
8 	 155 	 Ey 	 1 	 -6.251951e-10 	 -1.459407e-11
8 	 156 	 Ey 	 1 	 -8.606560e-10 	 -1.584599e-11
8 	 157 	 Ey 	 1 	 -1.040675e-09 	 -1.625774e-11
8 	 158 	 Ey 	 1 	 -8.881080e-10 	 -1.359404e-11
8 	 159 	 Ey 	 1 	 -1.461550e-10 	 -1.078928e-11
8 	 160 	 Ey 	 1 	 5.977194e-10 	 -6.796443e-12
8 	 161 	 Ey 	 1 	 -1.512228e-11 	 -6.650695e-13
8 	 162 	 Ey 	 1 	 -1.876981e-11 	 -5.897981e-13
8 	 163 	 Ey 	 1 	 -2.353919e-11 	 -3.657268e-13
8 	 164 	 Ey 	 1 	 -2.915336e-11 	 4.509494e-13
8 	 165 	 Ey 	 1 	 -3.734430e-11 	 1.792411e-12
8 	 166 	 Ey 	 1 	 -5.238096e-11 	 3.074828e-12
8 	 167 	 Ey 	 1 	 -8.256317e-11 	 3.520296e-12
8 	 168 	 Ey 	 1 	 -1.336980e-10 	 2.053189e-12
8 	 169 	 Ey 	 1 	 -2.148299e-10 	 -2.011847e-12
8 	 170 	 Ey 	 1 	 -3.275757e-10 	 -7.317934e-12
8 	 171 	 Ey 	 1 	 -4.503977e-10 	 -1.125230e-11
8 	 172 	 Ey 	 1 	 -5.534522e-10 	 -1.468140e-11
8 	 173 	 Ey 	 1 	 -5.758712e-10 	 -1.516310e-11
8 	 174 	 Ey 	 1 	 -4.336283e-10 	 -1.356592e-11
8 	 175 	 Ey 	 1 	 -9.486555e-11 	 -1.071714e-11
8 	 176 	 Ey 	 1 	 2.269352e-10 	 -8.421161e-12
8 	 177 	 Ey 	 1 	 -1.702221e-11 	 -7.592597e-13
8 	 178 	 Ey 	 1 	 -2.120802e-11 	 -7.902934e-13
8 	 179 	 Ey 	 1 	 -2.584214e-11 	 -5.416670e-13
8 	 180 	 Ey 	 1 	 -3.156836e-11 	 4.507961e-14
8 	 181 	 Ey 	 1 	 -3.954318e-11 	 1.410610e-12
8 	 182 	 Ey 	 1 	 -5.395067e-11 	 3.017042e-12
8 	 183 	 Ey 	 1 	 -7.809663e-11 	 3.942247e-12
8 	 184 	 Ey 	 1 	 -1.187490e-10 	 2.431363e-12
8 	 185 	 Ey 	 1 	 -1.808857e-10 	 -1.343852e-12
8 	 186 	 Ey 	 1 	 -2.548285e-10 	 -6.208725e-12
8 	 187 	 Ey 	 1 	 -3.153267e-10 	 -9.444354e-12
8 	 188 	 Ey 	 1 	 -3.517887e-10 	 -1.112972e-11
8 	 189 	 Ey 	 1 	 -3.267769e-10 	 -1.211699e-11
8 	 190 	 Ey 	 1 	 -2.229874e-10 	 -1.211621e-11
8 	 191 	 Ey 	 1 	 -5.609677e-11 	 -8.859059e-12
8 	 192 	 Ey 	 1 	 8.782164e-11 	 -6.647708e-12
8 	 193 	 Ey 	 1 	 -1.787813e-11 	 -7.315044e-13
8 	 194 	 Ey 	 1 	 -2.175539e-11 	 -8.427012e-13
8 	 195 	 Ey 	 1 	 -2.728220e-11 	 -7.634990e-13
8 	 196 	 Ey 	 1 	 -3.394280e-11 	 -4.635252e-13
8 	 197 	 Ey 	 1 	 -4.173793e-11 	 7.849592e-13
8 	 198 	 Ey 	 1 	 -5.354197e-11 	 2.343117e-12
8 	 199 	 Ey 	 1 	 -7.152777e-11 	 3.286515e-12
8 	 200 	 Ey 	 1 	 -9.959746e-11 	 2.602508e-12
8 	 201 	 Ey 	 1 	 -1.394075e-10 	 -1.930289e-13
8 	 202 	 Ey 	 1 	 -1.799947e-10 	 -3.561330e-12
8 	 203 	 Ey 	 1 	 -2.087878e-10 	 -6.327667e-12
8 	 204 	 Ey 	 1 	 -2.191270e-10 	 -8.418168e-12
8 	 205 	 Ey 	 1 	 -1.906758e-10 	 -9.291178e-12
8 	 206 	 Ey 	 1 	 -1.277159e-10 	 -8.849895e-12
8 	 207 	 Ey 	 1 	 -2.967549e-11 	 -7.413283e-12
8 	 208 	 Ey 	 1 	 4.647581e-11 	 -6.079240e-12
8 	 209 	 Ey 	 1 	 -1.804211e-11 	 -7.115023e-13
8 	 210 	 Ey 	 1 	 -2.201251e-11 	 -8.006109e-13
8 	 211 	 Ey 	 1 	 -2.674556e-11 	 -6.693118e-13
8 	 212 	 Ey 	 1 	 -3.368244e-11 	 -4.099510e-13
8 	 213 	 Ey 	 1 	 -4.138553e-11 	 4.143795e-13
8 	 214 	 Ey 	 1 	 -5.164014e-11 	 1.507984e-12
8 	 215 	 Ey 	 1 	 -6.371132e-11 	 2.419415e-12
8 	 216 	 Ey 	 1 	 -8.084758e-11 	 2.430664e-12
8 	 217 	 Ey 	 1 	 -1.012914e-10 	 7.848353e-13
8 	 218 	 Ey 	 1 	 -1.231282e-10 	 -1.746381e-12
8 	 219 	 Ey 	 1 	 -1.350069e-10 	 -3.864672e-12
8 	 220 	 Ey 	 1 	 -1.329082e-10 	 -5.446101e-12
8 	 221 	 Ey 	 1 	 -1.105976e-10 	 -6.686765e-12
8 	 222 	 Ey 	 1 	 -7.102659e-11 	 -6.664796e-12
8 	 223 	 Ey 	 1 	 -1.540140e-11 	 -5.811696e-12
8 	 224 	 Ey 	 1 	 2.772149e-11 	 -4.988997e-12
8 	 225 	 Ey 	 1 	 -1.732824e-11 	 -5.030461e-13
8 	 226 	 Ey 	 1 	 -2.129183e-11 	 -6.640211e-13
8 	 227 	 Ey 	 1 	 -2.616297e-11 	 -6.012315e-13
8 	 228 	 Ey 	 1 	 -3.151497e-11 	 -2.822063e-13
8 	 229 	 Ey 	 1 	 -3.801049e-11 	 3.541116e-13
8 	 230 	 Ey 	 1 	 -4.538426e-11 	 9.017485e-13
8 	 231 	 Ey 	 1 	 -5.360219e-11 	 1.533119e-12
8 	 232 	 Ey 	 1 	 -6.425817e-11 	 1.757119e-12
8 	 233 	 Ey 	 1 	 -7.436047e-11 	 9.690593e-13
8 	 234 	 Ey 	 1 	 -8.329577e-11 	 -4.705779e-13
8 	 235 	 Ey 	 1 	 -8.547956e-11 	 -2.438744e-12
8 	 236 	 Ey 	 1 	 -8.009197e-11 	 -3.630598e-12
8 	 237 	 Ey 	 1 	 -6.459405e-11 	 -4.255464e-12
8 	 238 	 Ey 	 1 	 -4.211386e-11 	 -4.103083e-12
8 	 239 	 Ey 	 1 	 -8.366538e-12 	 -4.104302e-12
8 	 240 	 Ey 	 1 	 1.800508e-11 	 -3.813993e-12
8 	 241 	 Ey 	 1 	 -1.635750e-11 	 -2.992343e-13
8 	 242 	 Ey 	 1 	 -1.929847e-11 	 -2.703342e-13
8 	 243 	 Ey 	 1 	 -2.327720e-11 	 -2.181047e-13
8 	 244 	 Ey 	 1 	 -2.829481e-11 	 -8.533902e-14
8 	 245 	 Ey 	 1 	 -3.283831e-11 	 1.816795e-13
8 	 246 	 Ey 	 1 	 -3.812728e-11 	 5.382724e-13
8 	 247 	 Ey 	 1 	 -4.403143e-11 	 9.232564e-13
8 	 248 	 Ey 	 1 	 -4.980161e-11 	 9.242613e-13
8 	 249 	 Ey 	 1 	 -5.442941e-11 	 4.905226e-13
8 	 250 	 Ey 	 1 	 -5.704733e-11 	 -3.520552e-13
8 	 251 	 Ey 	 1 	 -5.737853e-11 	 -1.396446e-12
8 	 252 	 Ey 	 1 	 -5.098997e-11 	 -2.353722e-12
8 	 253 	 Ey 	 1 	 -4.053313e-11 	 -2.766501e-12
8 	 254 	 Ey 	 1 	 -2.512786e-11 	 -2.982945e-12
8 	 255 	 Ey 	 1 	 -3.014177e-12 	 -3.226804e-12
8 	 256 	 Ey 	 1 	 1.403187e-11 	 -3.420701e-12
8 	 1 	 Ey 	 2 	 1.601616e-11 	 -2.970415e-13
8 	 2 	 Ey 	 2 	 2.090067e-11 	 -4.302622e-13
8 	 3 	 Ey 	 2 	 2.729164e-11 	 -6.439814e-13
8 	 4 	 Ey 	 2 	 3.593131e-11 	 -9.251415e-13
8 	 5 	 Ey 	 2 	 4.784280e-11 	 -1.349350e-12
8 	 6 	 Ey 	 2 	 6.496743e-11 	 -1.443717e-12
8 	 7 	 Ey 	 2 	 8.898177e-11 	 -6.310932e-13
8 	 8 	 Ey 	 2 	 1.237205e-10 	 1.811548e-12
8 	 9 	 Ey 	 2 	 1.702715e-10 	 6.483006e-12
8 	 10 	 Ey 	 2 	 2.304898e-10 	 1.307046e-11
8 	 11 	 Ey 	 2 	 2.966388e-10 	 1.963202e-11
8 	 12 	 Ey 	 2 	 3.458451e-10 	 2.395570e-11
8 	 13 	 Ey 	 2 	 3.432060e-10 	 2.452849e-11
8 	 14 	 Ey 	 2 	 2.394310e-10 	 2.204483e-11
8 	 15 	 Ey 	 2 	 3.545113e-11 	 1.689151e-11
8 	 16 	 Ey 	 2 	 -1.687392e-10 	 1.522319e-11
8 	 17 	 Ey 	 2 	 1.467922e-11 	 4.788593e-15
8 	 18 	 Ey 	 2 	 1.942419e-11 	 -1.245749e-13
8 	 19 	 Ey 	 2 	 2.588703e-11 	 -5.690988e-13
8 	 20 	 Ey 	 2 	 3.509183e-11 	 -1.287294e-12
8 	 21 	 Ey 	 2 	 4.777145e-11 	 -2.303618e-12
8 	 22 	 Ey 	 2 	 6.582315e-11 	 -3.041143e-12
8 	 23 	 Ey 	 2 	 9.517128e-11 	 -2.715439e-12
8 	 24 	 Ey 	 2 	 1.424005e-10 	 6.601387e-14
8 	 25 	 Ey 	 2 	 2.145993e-10 	 7.474327e-12
8 	 26 	 Ey 	 2 	 3.225732e-10 	 1.918622e-11
8 	 27 	 Ey 	 2 	 4.558347e-10 	 3.142034e-11
8 	 28 	 Ey 	 2 	 5.944700e-10 	 3.765839e-11
8 	 29 	 Ey 	 2 	 6.569943e-10 	 3.830574e-11
8 	 30 	 Ey 	 2 	 5.224595e-10 	 3.317176e-11
8 	 31 	 Ey 	 2 	 6.643252e-11 	 2.454652e-11
8 	 32 	 Ey 	 2 	 -3.886124e-10 	 1.977299e-11
8 	 33 	 Ey 	 2 	 1.218557e-11 	 1.128694e-13
8 	 34 	 Ey 	 2 	 1.651884e-11 	 -5.165267e-16
8 	 35 	 Ey 	 2 	 2.193166e-11 	 -5.281530e-13
8 	 36 	 Ey 	 2 	 3.003061e-11 	 -1.515553e-12
8 	 37 	 Ey 	 2 	 4.155106e-11 	 -3.558261e-12
8 	 38 	 Ey 	 2 	 6.042825e-11 	 -5.825536e-12
8 	 39 	 Ey 	 2 	 9.227000e-11 	 -5.522868e-12
8 	 40 	 Ey 	 2 	 1.497252e-10 	 -3.985692e-13
8 	 41 	 Ey 	 2 	 2.515149e-10 	 1.261714e-11
8 	 42 	 Ey 	 2 	 4.169498e-10 	 3.002511e-11
8 	 43 	 Ey 	 2 	 6.636191e-10 	 4.830824e-11
8 	 44 	 Ey 	 2 	 1.013255e-09 	 5.635188e-11
8 	 45 	 Ey 	 2 	 1.371096e-09 	 5.534891e-11
8 	 46 	 Ey 	 2 	 1.317825e-09 	 5.045860e-11
8 	 47 	 Ey 	 2 	 1.868237e-10 	 3.086720e-11
8 	 48 	 Ey 	 2 	 -1.004311e-09 	 2.104640e-11
8 	 49 	 Ey 	 2 	 9.256006e-12 	 1.982285e-13
8 	 50 	 Ey 	 2 	 1.258195e-11 	 1.084686e-13
8 	 51 	 Ey 	 2 	 1.659334e-11 	 -3.901433e-13
8 	 52 	 Ey 	 2 	 2.255144e-11 	 -1.694671e-12
8 	 53 	 Ey 	 2 	 3.124144e-11 	 -4.553988e-12
8 	 54 	 Ey 	 2 	 4.655264e-11 	 -7.814045e-12
8 	 55 	 Ey 	 2 	 7.787267e-11 	 -7.129771e-12
8 	 56 	 Ey 	 2 	 1.375505e-10 	 8.976703e-13
8 	 57 	 Ey 	 2 	 2.535327e-10 	 1.910900e-11
8 	 58 	 Ey 	 2 	 4.654127e-10 	 4.371325e-11
8 	 59 	 Ey 	 2 	 8.260610e-10 	 6.166755e-11
8 	 60 	 Ey 	 2 	 1.521302e-09 	 7.108091e-11
8 	 61 	 Ey 	 2 	 2.838289e-09 	 7.576680e-11
8 	 62 	 Ey 	 2 	 4.086257e-09 	 5.835385e-11
8 	 63 	 Ey 	 2 	 7.563711e-10 	 3.917673e-11
8 	 64 	 Ey 	 2 	 -3.559587e-09 	 2.973560e-11
8 	 65 	 Ey 	 2 	 5.763888e-12 	 3.398750e-13
8 	 66 	 Ey 	 2 	 7.542788e-12 	 1.669403e-13
8 	 67 	 Ey 	 2 	 1.000291e-11 	 -2.709719e-13
8 	 68 	 Ey 	 2 	 1.299014e-11 	 -1.841916e-12
8 	 69 	 Ey 	 2 	 1.767560e-11 	 -4.555998e-12
8 	 70 	 Ey 	 2 	 2.819106e-11 	 -7.478578e-12
8 	 71 	 Ey 	 2 	 5.068252e-11 	 -6.831339e-12
8 	 72 	 Ey 	 2 	 9.775970e-11 	 1.821243e-12
8 	 73 	 Ey 	 2 	 1.945346e-10 	 1.992550e-11
8 	 74 	 Ey 	 2 	 3.693818e-10 	 4.164607e-11
8 	 75 	 Ey 	 2 	 6.955245e-10 	 5.463562e-11
8 	 76 	 Ey 	 2 	 1.559825e-09 	 6.338532e-11
8 	 77 	 Ey 	 2 	 4.603290e-09 	 7.191615e-11
8 	 78 	 Ey 	 2 	 1.513984e-08 	 5.096081e-11
8 	 79 	 Ey 	 2 	 6.971880e-09 	 2.377744e-12
8 	 80 	 Ey 	 2 	 -2.121293e-08 	 3.754228e-11
8 	 81 	 Ey 	 2 	 1.230883e-11 	 4.208710e-13
8 	 82 	 Ey 	 2 	 1.443469e-11 	 3.344468e-13
8 	 83 	 Ey 	 2 	 1.692847e-11 	 -2.334325e-13
8 	 84 	 Ey 	 2 	 2.005147e-11 	 -1.262208e-12
8 	 85 	 Ey 	 2 	 2.449364e-11 	 -2.946039e-12
8 	 86 	 Ey 	 2 	 3.302014e-11 	 -4.325304e-12
8 	 87 	 Ey 	 2 	 4.817639e-11 	 -2.865266e-12
8 	 88 	 Ey 	 2 	 7.431079e-11 	 1.740251e-12
8 	 89 	 Ey 	 2 	 1.235265e-10 	 1.284048e-11
8 	 90 	 Ey 	 2 	 2.027379e-10 	 2.428241e-11
8 	 91 	 Ey 	 2 	 3.109550e-10 	 2.323281e-11
8 	 92 	 Ey 	 2 	 7.311711e-10 	 3.878353e-11
8 	 93 	 Ey 	 2 	 2.203002e-09 	 2.337207e-11
8 	 94 	 Ey 	 2 	 2.154935e-08 	 1.224634e-11
8 	 95 	 Ey 	 2 	 5.388216e-06 	 6.745786e-10
8 	 96 	 Ey 	 2 	 -6.687286e-08 	 -5.809367e-11
8 	 97 	 Ey 	 2 	 -1.121324e-12 	 3.955418e-13
8 	 98 	 Ey 	 2 	 -1.829003e-12 	 3.938768e-13
8 	 99 	 Ey 	 2 	 -2.954668e-12 	 1.538154e-13
8 	 100 	 Ey 	 2 	 -4.766181e-12 	 -2.973301e-13
8 	 101 	 Ey 	 2 	 -7.097072e-12 	 -4.672253e-13
8 	 102 	 Ey 	 2 	 -1.149485e-11 	 -3.253271e-13
8 	 103 	 Ey 	 2 	 -1.951343e-11 	 2.386022e-13
8 	 104 	 Ey 	 2 	 -3.845573e-11 	 3.215957e-13
8 	 105 	 Ey 	 2 	 -7.516782e-11 	 1.908032e-12
8 	 106 	 Ey 	 2 	 -1.635090e-10 	 5.579389e-13
8 	 107 	 Ey 	 2 	 -3.647201e-10 	 -1.242672e-12
8 	 108 	 Ey 	 2 	 -1.024961e-09 	 -1.062814e-11
8 	 109 	 Ey 	 2 	 -3.827172e-09 	 -4.848272e-12
8 	 110 	 Ey 	 2 	 -2.692544e-08 	 -4.743572e-12
8 	 111 	 Ey 	 2 	 6.161581e-08 	 7.075050e-11
8 	 112 	 Ey 	 2 	 6.565514e-08 	 3.771290e-11
8 	 113 	 Ey 	 2 	 -5.955176e-12 	 2.807087e-13
8 	 114 	 Ey 	 2 	 -7.888487e-12 	 4.346739e-13
8 	 115 	 Ey 	 2 	 -1.051662e-11 	 5.626430e-13
8 	 116 	 Ey 	 2 	 -1.431210e-11 	 9.702115e-13
8 	 117 	 Ey 	 2 	 -2.046052e-11 	 1.656596e-12
8 	 118 	 Ey 	 2 	 -3.380662e-11 	 1.960621e-12
8 	 119 	 Ey 	 2 	 -5.698006e-11 	 2.696358e-12
8 	 120 	 Ey 	 2 	 -1.026082e-10 	 9.758378e-14
8 	 121 	 Ey 	 2 	 -1.983127e-10 	 -8.488305e-12
8 	 122 	 Ey 	 2 	 -3.784628e-10 	 -2.044215e-11
8 	 123 	 Ey 	 2 	 -7.378360e-10 	 -3.564594e-11
8 	 124 	 Ey 	 2 	 -1.553289e-09 	 -4.450898e-11
8 	 125 	 Ey 	 2 	 -3.733546e-09 	 -4.868417e-11
8 	 126 	 Ey 	 2 	 -7.944502e-09 	 -2.286932e-11
8 	 127 	 Ey 	 2 	 -1.928082e-09 	 -7.507565e-12
8 	 128 	 Ey 	 2 	 9.049690e-09 	 -1.334371e-11
8 	 129 	 Ey 	 2 	 -9.270517e-12 	 1.638372e-13
8 	 130 	 Ey 	 2 	 -1.218057e-11 	 3.207885e-13
8 	 131 	 Ey 	 2 	 -1.585123e-11 	 8.172368e-13
8 	 132 	 Ey 	 2 	 -2.128917e-11 	 1.720439e-12
8 	 133 	 Ey 	 2 	 -2.977869e-11 	 3.331476e-12
8 	 134 	 Ey 	 2 	 -4.736776e-11 	 4.668406e-12
8 	 135 	 Ey 	 2 	 -7.945221e-11 	 3.835723e-12
8 	 136 	 Ey 	 2 	 -1.407569e-10 	 -2.605634e-12
8 	 137 	 Ey 	 2 	 -2.499013e-10 	 -1.412280e-11
8 	 138 	 Ey 	 2 	 -4.410545e-10 	 -3.426251e-11
8 	 139 	 Ey 	 2 	 -7.425511e-10 	 -5.112387e-11
8 	 140 	 Ey 	 2 	 -1.257317e-09 	 -5.965634e-11
8 	 141 	 Ey 	 2 	 -2.033413e-09 	 -6.121639e-11
8 	 142 	 Ey 	 2 	 -2.340178e-09 	 -5.157248e-11
8 	 143 	 Ey 	 2 	 -3.895776e-10 	 -2.776533e-11
8 	 144 	 Ey 	 2 	 2.004614e-09 	 -1.729055e-11
8 	 145 	 Ey 	 2 	 -1.173324e-11 	 -1.173273e-14
8 	 146 	 Ey 	 2 	 -1.524840e-11 	 2.718877e-13
8 	 147 	 Ey 	 2 	 -1.997188e-11 	 9.136565e-13
8 	 148 	 Ey 	 2 	 -2.609623e-11 	 2.210298e-12
8 	 149 	 Ey 	 2 	 -3.689239e-11 	 3.951766e-12
8 	 150 	 Ey 	 2 	 -5.617545e-11 	 5.848054e-12
8 	 151 	 Ey 	 2 	 -8.937545e-11 	 4.425138e-12
8 	 152 	 Ey 	 2 	 -1.482823e-10 	 -2.286533e-12
8 	 153 	 Ey 	 2 	 -2.476384e-10 	 -1.623041e-11
8 	 154 	 Ey 	 2 	 -4.054809e-10 	 -3.759693e-11
8 	 155 	 Ey 	 2 	 -6.138589e-10 	 -5.569911e-11
8 	 156 	 Ey 	 2 	 -8.480881e-10 	 -6.011643e-11
8 	 157 	 Ey 	 2 	 -1.026062e-09 	 -5.907037e-11
8 	 158 	 Ey 	 2 	 -8.744850e-10 	 -4.767146e-11
8 	 159 	 Ey 	 2 	 -1.339139e-10 	 -3.586673e-11
8 	 160 	 Ey 	 2 	 6.070056e-10 	 -2.034312e-11
8 	 161 	 Ey 	 2 	 -1.416176e-11 	 -1.694557e-13
8 	 162 	 Ey 	 2 	 -1.792956e-11 	 1.727052e-14
8 	 163 	 Ey 	 2 	 -2.315871e-11 	 5.342842e-13
8 	 164 	 Ey 	 2 	 -3.014877e-11 	 1.865633e-12
8 	 165 	 Ey 	 2 	 -4.066215e-11 	 4.078519e-12
8 	 166 	 Ey 	 2 	 -5.806017e-11 	 5.848611e-12
8 	 167 	 Ey 	 2 	 -8.953734e-11 	 4.295633e-12
8 	 168 	 Ey 	 2 	 -1.394588e-10 	 -2.190292e-12
8 	 169 	 Ey 	 2 	 -2.159016e-10 	 -1.548501e-11
8 	 170 	 Ey 	 2 	 -3.226225e-10 	 -3.236090e-11
8 	 171 	 Ey 	 2 	 -4.411477e-10 	 -4.466477e-11
8 	 172 	 Ey 	 2 	 -5.393107e-10 	 -5.338207e-11
8 	 173 	 Ey 	 2 	 -5.597963e-10 	 -5.229765e-11
8 	 174 	 Ey 	 2 	 -4.178232e-10 	 -4.415057e-11
8 	 175 	 Ey 	 2 	 -8.110329e-11 	 -3.234039e-11
8 	 176 	 Ey 	 2 	 2.389678e-10 	 -2.263851e-11
8 	 177 	 Ey 	 2 	 -1.595531e-11 	 -4.443104e-13
8 	 178 	 Ey 	 2 	 -2.014839e-11 	 -4.173685e-13
8 	 179 	 Ey 	 2 	 -2.521575e-11 	 -8.637491e-14
8 	 180 	 Ey 	 2 	 -3.210605e-11 	 8.596087e-13
8 	 181 	 Ey 	 2 	 -4.243449e-11 	 2.634093e-12
8 	 182 	 Ey 	 2 	 -5.966602e-11 	 4.206473e-12
8 	 183 	 Ey 	 2 	 -8.571010e-11 	 3.413423e-12
8 	 184 	 Ey 	 2 	 -1.246439e-10 	 -2.700620e-12
8 	 185 	 Ey 	 2 	 -1.821413e-10 	 -1.425597e-11
8 	 186 	 Ey 	 2 	 -2.499363e-10 	 -2.810374e-11
8 	 187 	 Ey 	 2 	 -3.061299e-10 	 -3.682167e-11
8 	 188 	 Ey 	 2 	 -3.399141e-10 	 -4.032188e-11
8 	 189 	 Ey 	 2 	 -3.120888e-10 	 -3.947361e-11
8 	 190 	 Ey 	 2 	 -2.063929e-10 	 -3.488152e-11
8 	 191 	 Ey 	 2 	 -4.318895e-11 	 -2.385910e-11
8 	 192 	 Ey 	 2 	 9.776265e-11 	 -1.645945e-11
8 	 193 	 Ey 	 2 	 -1.684339e-11 	 -6.550459e-13
8 	 194 	 Ey 	 2 	 -2.063854e-11 	 -7.367824e-13
8 	 195 	 Ey 	 2 	 -2.637519e-11 	 -7.532818e-13
8 	 196 	 Ey 	 2 	 -3.375315e-11 	 -4.897180e-13
8 	 197 	 Ey 	 2 	 -4.363778e-11 	 4.955088e-13
8 	 198 	 Ey 	 2 	 -5.809274e-11 	 1.503924e-12
8 	 199 	 Ey 	 2 	 -7.781083e-11 	 1.163301e-12
8 	 200 	 Ey 	 2 	 -1.051557e-10 	 -2.479007e-12
8 	 201 	 Ey 	 2 	 -1.411553e-10 	 -1.027397e-11
8 	 202 	 Ey 	 2 	 -1.770547e-10 	 -1.891509e-11
8 	 203 	 Ey 	 2 	 -2.017804e-10 	 -2.487850e-11
8 	 204 	 Ey 	 2 	 -2.084662e-10 	 -2.822585e-11
8 	 205 	 Ey 	 2 	 -1.778002e-10 	 -2.739168e-11
8 	 206 	 Ey 	 2 	 -1.145379e-10 	 -2.334832e-11
8 	 207 	 Ey 	 2 	 -1.795679e-11 	 -1.736779e-11
8 	 208 	 Ey 	 2 	 5.627940e-11 	 -1.265579e-11
8 	 209 	 Ey 	 2 	 -1.704063e-11 	 -8.110596e-13
8 	 210 	 Ey 	 2 	 -2.094220e-11 	 -9.546001e-13
8 	 211 	 Ey 	 2 	 -2.594950e-11 	 -1.030197e-12
8 	 212 	 Ey 	 2 	 -3.346435e-11 	 -1.195548e-12
8 	 213 	 Ey 	 2 	 -4.255999e-11 	 -1.003129e-12
8 	 214 	 Ey 	 2 	 -5.461917e-11 	 -7.398830e-13
8 	 215 	 Ey 	 2 	 -6.825012e-11 	 -6.029455e-13
8 	 216 	 Ey 	 2 	 -8.549943e-11 	 -2.038540e-12
8 	 217 	 Ey 	 2 	 -1.034639e-10 	 -5.954707e-12
8 	 218 	 Ey 	 2 	 -1.214826e-10 	 -1.145015e-11
8 	 219 	 Ey 	 2 	 -1.299721e-10 	 -1.500314e-11
8 	 220 	 Ey 	 2 	 -1.250525e-10 	 -1.673160e-11
8 	 221 	 Ey 	 2 	 -1.002605e-10 	 -1.704072e-11
8 	 222 	 Ey 	 2 	 -6.031377e-11 	 -1.508964e-11
8 	 223 	 Ey 	 2 	 -5.786430e-12 	 -1.173853e-11
8 	 224 	 Ey 	 2 	 3.604535e-11 	 -8.631133e-12
8 	 225 	 Ey 	 2 	 -1.656740e-11 	 -7.649909e-13
8 	 226 	 Ey 	 2 	 -2.043811e-11 	 -1.013785e-12
8 	 227 	 Ey 	 2 	 -2.544986e-11 	 -1.326919e-12
8 	 228 	 Ey 	 2 	 -3.129804e-11 	 -1.554153e-12
8 	 229 	 Ey 	 2 	 -3.876452e-11 	 -1.637611e-12
8 	 230 	 Ey 	 2 	 -4.709352e-11 	 -1.604932e-12
8 	 231 	 Ey 	 2 	 -5.638741e-11 	 -1.404525e-12
8 	 232 	 Ey 	 2 	 -6.736761e-11 	 -2.072167e-12
8 	 233 	 Ey 	 2 	 -7.622775e-11 	 -3.647486e-12
8 	 234 	 Ey 	 2 	 -8.279116e-11 	 -6.153466e-12
8 	 235 	 Ey 	 2 	 -8.175823e-11 	 -8.422692e-12
8 	 236 	 Ey 	 2 	 -7.420829e-11 	 -9.258220e-12
8 	 237 	 Ey 	 2 	 -5.753871e-11 	 -9.104956e-12
8 	 238 	 Ey 	 2 	 -3.522418e-11 	 -8.080682e-12
8 	 239 	 Ey 	 2 	 -1.515473e-12 	 -7.270763e-12
8 	 240 	 Ey 	 2 	 2.436040e-11 	 -5.526599e-12
8 	 241 	 Ey 	 2 	 -1.587644e-11 	 -6.448119e-13
8 	 242 	 Ey 	 2 	 -1.886008e-11 	 -8.740489e-13
8 	 243 	 Ey 	 2 	 -2.292099e-11 	 -1.218189e-12
8 	 244 	 Ey 	 2 	 -2.818417e-11 	 -1.535055e-12
8 	 245 	 Ey 	 2 	 -3.321261e-11 	 -1.613569e-12
8 	 246 	 Ey 	 2 	 -3.909394e-11 	 -1.653966e-12
8 	 247 	 Ey 	 2 	 -4.559911e-11 	 -1.749700e-12
8 	 248 	 Ey 	 2 	 -5.136985e-11 	 -2.078980e-12
8 	 249 	 Ey 	 2 	 -5.529145e-11 	 -2.669129e-12
8 	 250 	 Ey 	 2 	 -5.646175e-11 	 -3.658963e-12
8 	 251 	 Ey 	 2 	 -5.505281e-11 	 -4.584169e-12
8 	 252 	 Ey 	 2 	 -4.701269e-11 	 -4.953768e-12
8 	 253 	 Ey 	 2 	 -3.581363e-11 	 -4.832977e-12
8 	 254 	 Ey 	 2 	 -2.007532e-11 	 -4.518187e-12
8 	 255 	 Ey 	 2 	 2.291673e-12 	 -4.258598e-12
8 	 256 	 Ey 	 2 	 1.949973e-11 	 -3.716705e-12
