iTx 	 iRx    chrec  ifreq 	 emf_real 	 emf_imag
16 	 1 	 Ex 	 1 	 -4.310341e-12 	 3.389935e-12
16 	 2 	 Ex 	 1 	 -5.490399e-12 	 3.839381e-12
16 	 3 	 Ex 	 1 	 -6.894859e-12 	 4.317450e-12
16 	 4 	 Ex 	 1 	 -8.516683e-12 	 4.752839e-12
16 	 5 	 Ex 	 1 	 -1.111705e-11 	 5.305802e-12
16 	 6 	 Ex 	 1 	 -1.424350e-11 	 5.952494e-12
16 	 7 	 Ex 	 1 	 -1.788877e-11 	 6.740615e-12
16 	 8 	 Ex 	 1 	 -2.172318e-11 	 7.636845e-12
16 	 9 	 Ex 	 1 	 -2.586515e-11 	 8.677305e-12
16 	 10 	 Ex 	 1 	 -2.886620e-11 	 9.448549e-12
16 	 11 	 Ex 	 1 	 -3.199496e-11 	 1.029922e-11
16 	 12 	 Ex 	 1 	 -3.368982e-11 	 1.085580e-11
16 	 13 	 Ex 	 1 	 -3.410766e-11 	 1.111758e-11
16 	 14 	 Ex 	 1 	 -3.511140e-11 	 1.155388e-11
16 	 15 	 Ex 	 1 	 -3.773835e-11 	 1.130082e-11
16 	 16 	 Ex 	 1 	 -3.338436e-11 	 1.154371e-11
16 	 17 	 Ex 	 1 	 -3.277845e-12 	 3.942379e-12
16 	 18 	 Ex 	 1 	 -3.954170e-12 	 4.481762e-12
16 	 19 	 Ex 	 1 	 -5.221943e-12 	 5.041671e-12
16 	 20 	 Ex 	 1 	 -7.278185e-12 	 5.666871e-12
16 	 21 	 Ex 	 1 	 -1.012593e-11 	 6.163041e-12
16 	 22 	 Ex 	 1 	 -1.363570e-11 	 6.827918e-12
16 	 23 	 Ex 	 1 	 -1.811891e-11 	 7.955269e-12
16 	 24 	 Ex 	 1 	 -2.316411e-11 	 9.053313e-12
16 	 25 	 Ex 	 1 	 -2.852064e-11 	 1.056057e-11
16 	 26 	 Ex 	 1 	 -3.313128e-11 	 1.182327e-11
16 	 27 	 Ex 	 1 	 -3.656041e-11 	 1.271091e-11
16 	 28 	 Ex 	 1 	 -3.908416e-11 	 1.334973e-11
16 	 29 	 Ex 	 1 	 -4.038896e-11 	 1.377110e-11
16 	 30 	 Ex 	 1 	 -4.103372e-11 	 1.405092e-11
16 	 31 	 Ex 	 1 	 -4.469037e-11 	 1.386744e-11
16 	 32 	 Ex 	 1 	 -3.953380e-11 	 1.399994e-11
16 	 33 	 Ex 	 1 	 -2.228675e-12 	 4.574280e-12
16 	 34 	 Ex 	 1 	 -2.705344e-12 	 5.228126e-12
16 	 35 	 Ex 	 1 	 -3.676258e-12 	 5.884296e-12
16 	 36 	 Ex 	 1 	 -5.167150e-12 	 6.500640e-12
16 	 37 	 Ex 	 1 	 -8.236698e-12 	 7.127899e-12
16 	 38 	 Ex 	 1 	 -1.247301e-11 	 7.841577e-12
16 	 39 	 Ex 	 1 	 -1.807448e-11 	 9.231625e-12
16 	 40 	 Ex 	 1 	 -2.434829e-11 	 1.094336e-11
16 	 41 	 Ex 	 1 	 -3.122043e-11 	 1.315030e-11
16 	 42 	 Ex 	 1 	 -3.656807e-11 	 1.444298e-11
16 	 43 	 Ex 	 1 	 -4.259958e-11 	 1.589195e-11
16 	 44 	 Ex 	 1 	 -4.600627e-11 	 1.644881e-11
16 	 45 	 Ex 	 1 	 -4.782078e-11 	 1.673128e-11
16 	 46 	 Ex 	 1 	 -4.883147e-11 	 1.706856e-11
16 	 47 	 Ex 	 1 	 -5.433832e-11 	 1.702350e-11
16 	 48 	 Ex 	 1 	 -4.677901e-11 	 1.680623e-11
16 	 49 	 Ex 	 1 	 -6.522936e-13 	 5.257803e-12
16 	 50 	 Ex 	 1 	 -9.484507e-13 	 6.034387e-12
16 	 51 	 Ex 	 1 	 -1.615706e-12 	 6.757369e-12
16 	 52 	 Ex 	 1 	 -2.769860e-12 	 7.418090e-12
16 	 53 	 Ex 	 1 	 -5.735093e-12 	 7.984093e-12
16 	 54 	 Ex 	 1 	 -1.010559e-11 	 8.926768e-12
16 	 55 	 Ex 	 1 	 -1.624110e-11 	 1.070111e-11
16 	 56 	 Ex 	 1 	 -2.416799e-11 	 1.338120e-11
16 	 57 	 Ex 	 1 	 -3.199847e-11 	 1.623985e-11
16 	 58 	 Ex 	 1 	 -4.022849e-11 	 1.837962e-11
16 	 59 	 Ex 	 1 	 -4.880010e-11 	 1.972116e-11
16 	 60 	 Ex 	 1 	 -5.539228e-11 	 2.038653e-11
16 	 61 	 Ex 	 1 	 -5.871799e-11 	 2.076778e-11
16 	 62 	 Ex 	 1 	 -5.970376e-11 	 2.068412e-11
16 	 63 	 Ex 	 1 	 -6.644062e-11 	 2.066193e-11
16 	 64 	 Ex 	 1 	 -5.647151e-11 	 2.016638e-11
16 	 65 	 Ex 	 1 	 1.183664e-12 	 5.865797e-12
16 	 66 	 Ex 	 1 	 1.043395e-12 	 6.736997e-12
16 	 67 	 Ex 	 1 	 7.422986e-13 	 7.725322e-12
16 	 68 	 Ex 	 1 	 -4.501610e-13 	 8.135107e-12
16 	 69 	 Ex 	 1 	 -2.888242e-12 	 8.762504e-12
16 	 70 	 Ex 	 1 	 -6.699873e-12 	 1.007354e-11
16 	 71 	 Ex 	 1 	 -1.291912e-11 	 1.235285e-11
16 	 72 	 Ex 	 1 	 -2.142993e-11 	 1.664298e-11
16 	 73 	 Ex 	 1 	 -3.053476e-11 	 2.038304e-11
16 	 74 	 Ex 	 1 	 -4.154608e-11 	 2.281367e-11
16 	 75 	 Ex 	 1 	 -5.457311e-11 	 2.425974e-11
16 	 76 	 Ex 	 1 	 -6.614382e-11 	 2.512259e-11
16 	 77 	 Ex 	 1 	 -7.385478e-11 	 2.576085e-11
16 	 78 	 Ex 	 1 	 -7.469993e-11 	 2.503385e-11
16 	 79 	 Ex 	 1 	 -8.240027e-11 	 2.487620e-11
16 	 80 	 Ex 	 1 	 -6.969634e-11 	 2.416674e-11
16 	 81 	 Ex 	 1 	 2.932990e-12 	 6.599284e-12
16 	 82 	 Ex 	 1 	 3.196632e-12 	 7.537716e-12
16 	 83 	 Ex 	 1 	 3.046841e-12 	 8.546397e-12
16 	 84 	 Ex 	 1 	 2.235249e-12 	 9.044725e-12
16 	 85 	 Ex 	 1 	 2.253721e-13 	 9.506105e-12
16 	 86 	 Ex 	 1 	 -2.070426e-12 	 1.112542e-11
16 	 87 	 Ex 	 1 	 -7.098973e-12 	 1.483821e-11
16 	 88 	 Ex 	 1 	 -1.443548e-11 	 2.047482e-11
16 	 89 	 Ex 	 1 	 -2.499622e-11 	 2.571745e-11
16 	 90 	 Ex 	 1 	 -3.923596e-11 	 2.826898e-11
16 	 91 	 Ex 	 1 	 -5.921251e-11 	 2.953782e-11
16 	 92 	 Ex 	 1 	 -7.739707e-11 	 3.096972e-11
16 	 93 	 Ex 	 1 	 -9.082905e-11 	 3.104886e-11
16 	 94 	 Ex 	 1 	 -9.652725e-11 	 3.067194e-11
16 	 95 	 Ex 	 1 	 -1.019395e-10 	 2.912162e-11
16 	 96 	 Ex 	 1 	 -9.050839e-11 	 2.964018e-11
16 	 97 	 Ex 	 1 	 5.002220e-12 	 7.134137e-12
16 	 98 	 Ex 	 1 	 5.525331e-12 	 8.090461e-12
16 	 99 	 Ex 	 1 	 5.771237e-12 	 9.068990e-12
16 	 100 	 Ex 	 1 	 5.546665e-12 	 9.918314e-12
16 	 101 	 Ex 	 1 	 4.437175e-12 	 1.043427e-11
16 	 102 	 Ex 	 1 	 3.153576e-12 	 1.272837e-11
16 	 103 	 Ex 	 1 	 1.567585e-12 	 1.749340e-11
16 	 104 	 Ex 	 1 	 -3.106501e-12 	 2.496923e-11
16 	 105 	 Ex 	 1 	 -1.358606e-11 	 3.158410e-11
16 	 106 	 Ex 	 1 	 -3.101963e-11 	 3.436263e-11
16 	 107 	 Ex 	 1 	 -5.723630e-11 	 3.594120e-11
16 	 108 	 Ex 	 1 	 -9.251501e-11 	 3.803467e-11
16 	 109 	 Ex 	 1 	 -1.148004e-10 	 3.813537e-11
16 	 110 	 Ex 	 1 	 -1.264106e-10 	 3.702022e-11
16 	 111 	 Ex 	 1 	 -1.419056e-10 	 3.684755e-11
16 	 112 	 Ex 	 1 	 -1.229812e-10 	 3.656333e-11
16 	 113 	 Ex 	 1 	 7.234726e-12 	 7.652459e-12
16 	 114 	 Ex 	 1 	 8.549278e-12 	 8.907899e-12
16 	 115 	 Ex 	 1 	 9.333436e-12 	 9.804521e-12
16 	 116 	 Ex 	 1 	 9.999633e-12 	 1.052488e-11
16 	 117 	 Ex 	 1 	 1.008801e-11 	 1.127192e-11
16 	 118 	 Ex 	 1 	 1.141180e-11 	 1.404084e-11
16 	 119 	 Ex 	 1 	 1.410506e-11 	 2.029625e-11
16 	 120 	 Ex 	 1 	 1.611453e-11 	 3.006313e-11
16 	 121 	 Ex 	 1 	 7.237853e-12 	 3.893194e-11
16 	 122 	 Ex 	 1 	 -1.465449e-11 	 4.311517e-11
16 	 123 	 Ex 	 1 	 -5.428976e-11 	 4.418221e-11
16 	 124 	 Ex 	 1 	 -1.046571e-10 	 4.619874e-11
16 	 125 	 Ex 	 1 	 -1.492900e-10 	 4.725151e-11
16 	 126 	 Ex 	 1 	 -1.742447e-10 	 4.627800e-11
16 	 127 	 Ex 	 1 	 -2.012312e-10 	 4.646752e-11
16 	 128 	 Ex 	 1 	 -1.716854e-10 	 4.555427e-11
16 	 129 	 Ex 	 1 	 9.753563e-12 	 8.115617e-12
16 	 130 	 Ex 	 1 	 1.147413e-11 	 9.419178e-12
16 	 131 	 Ex 	 1 	 1.329008e-11 	 1.045982e-11
16 	 132 	 Ex 	 1 	 1.503695e-11 	 1.127809e-11
16 	 133 	 Ex 	 1 	 1.757225e-11 	 1.233634e-11
16 	 134 	 Ex 	 1 	 2.250172e-11 	 1.575345e-11
16 	 135 	 Ex 	 1 	 3.318767e-11 	 2.352715e-11
16 	 136 	 Ex 	 1 	 4.402370e-11 	 3.585043e-11
16 	 137 	 Ex 	 1 	 4.278744e-11 	 4.664251e-11
16 	 138 	 Ex 	 1 	 1.686263e-11 	 5.226324e-11
16 	 139 	 Ex 	 1 	 -3.566999e-11 	 5.331835e-11
16 	 140 	 Ex 	 1 	 -1.096809e-10 	 5.630681e-11
16 	 141 	 Ex 	 1 	 -1.920278e-10 	 5.866801e-11
16 	 142 	 Ex 	 1 	 -2.520532e-10 	 5.802459e-11
16 	 143 	 Ex 	 1 	 -3.006411e-10 	 5.869133e-11
16 	 144 	 Ex 	 1 	 -2.550446e-10 	 5.773476e-11
16 	 145 	 Ex 	 1 	 1.240794e-11 	 8.588690e-12
16 	 146 	 Ex 	 1 	 1.512245e-11 	 9.837570e-12
16 	 147 	 Ex 	 1 	 1.806793e-11 	 1.107249e-11
16 	 148 	 Ex 	 1 	 2.164416e-11 	 1.218388e-11
16 	 149 	 Ex 	 1 	 2.653099e-11 	 1.357078e-11
16 	 150 	 Ex 	 1 	 3.848017e-11 	 1.785549e-11
16 	 151 	 Ex 	 1 	 5.765225e-11 	 2.722778e-11
16 	 152 	 Ex 	 1 	 8.434055e-11 	 4.199980e-11
16 	 153 	 Ex 	 1 	 9.526149e-11 	 5.409950e-11
16 	 154 	 Ex 	 1 	 7.415107e-11 	 6.056028e-11
16 	 155 	 Ex 	 1 	 1.151889e-11 	 6.430977e-11
16 	 156 	 Ex 	 1 	 -9.231643e-11 	 6.935811e-11
16 	 157 	 Ex 	 1 	 -2.421472e-10 	 7.305836e-11
16 	 158 	 Ex 	 1 	 -3.860785e-10 	 7.497154e-11
16 	 159 	 Ex 	 1 	 -4.776351e-10 	 7.594703e-11
16 	 160 	 Ex 	 1 	 -4.025791e-10 	 7.490801e-11
16 	 161 	 Ex 	 1 	 1.505270e-11 	 8.928881e-12
16 	 162 	 Ex 	 1 	 1.882964e-11 	 1.038521e-11
16 	 163 	 Ex 	 1 	 2.355599e-11 	 1.205934e-11
16 	 164 	 Ex 	 1 	 2.879742e-11 	 1.321224e-11
16 	 165 	 Ex 	 1 	 3.797779e-11 	 1.498927e-11
16 	 166 	 Ex 	 1 	 5.437095e-11 	 1.988409e-11
16 	 167 	 Ex 	 1 	 8.800003e-11 	 3.085454e-11
16 	 168 	 Ex 	 1 	 1.325998e-10 	 4.680100e-11
16 	 169 	 Ex 	 1 	 1.703397e-10 	 6.221770e-11
16 	 170 	 Ex 	 1 	 1.709907e-10 	 6.922325e-11
16 	 171 	 Ex 	 1 	 1.305812e-10 	 7.775558e-11
16 	 172 	 Ex 	 1 	 -8.619442e-12 	 8.606925e-11
16 	 173 	 Ex 	 1 	 -2.735361e-10 	 9.407741e-11
16 	 174 	 Ex 	 1 	 -6.237331e-10 	 9.928765e-11
16 	 175 	 Ex 	 1 	 -8.583881e-10 	 1.008722e-10
16 	 176 	 Ex 	 1 	 -6.944114e-10 	 1.013338e-10
16 	 177 	 Ex 	 1 	 1.757620e-11 	 9.190019e-12
16 	 178 	 Ex 	 1 	 2.253705e-11 	 1.096310e-11
16 	 179 	 Ex 	 1 	 2.901807e-11 	 1.275112e-11
16 	 180 	 Ex 	 1 	 3.703833e-11 	 1.422388e-11
16 	 181 	 Ex 	 1 	 5.255957e-11 	 1.733801e-11
16 	 182 	 Ex 	 1 	 7.855419e-11 	 2.322172e-11
16 	 183 	 Ex 	 1 	 1.234545e-10 	 3.412140e-11
16 	 184 	 Ex 	 1 	 1.904584e-10 	 5.044667e-11
16 	 185 	 Ex 	 1 	 2.660471e-10 	 6.716317e-11
16 	 186 	 Ex 	 1 	 3.225087e-10 	 7.896916e-11
16 	 187 	 Ex 	 1 	 3.477226e-10 	 9.111119e-11
16 	 188 	 Ex 	 1 	 2.619774e-10 	 1.049863e-10
16 	 189 	 Ex 	 1 	 -1.404286e-10 	 1.240409e-10
16 	 190 	 Ex 	 1 	 -1.035616e-09 	 1.392067e-10
16 	 191 	 Ex 	 1 	 -1.898957e-09 	 1.514252e-10
16 	 192 	 Ex 	 1 	 -1.355417e-09 	 1.459935e-10
16 	 193 	 Ex 	 1 	 2.013898e-11 	 9.615048e-12
16 	 194 	 Ex 	 1 	 2.615499e-11 	 1.147256e-11
16 	 195 	 Ex 	 1 	 3.436006e-11 	 1.344744e-11
16 	 196 	 Ex 	 1 	 4.565092e-11 	 1.568726e-11
16 	 197 	 Ex 	 1 	 6.695451e-11 	 1.975446e-11
16 	 198 	 Ex 	 1 	 1.001030e-10 	 2.599964e-11
16 	 199 	 Ex 	 1 	 1.569419e-10 	 3.679191e-11
16 	 200 	 Ex 	 1 	 2.467236e-10 	 5.232987e-11
16 	 201 	 Ex 	 1 	 3.675677e-10 	 6.945371e-11
16 	 202 	 Ex 	 1 	 5.230826e-10 	 8.579099e-11
16 	 203 	 Ex 	 1 	 7.189624e-10 	 1.022991e-10
16 	 204 	 Ex 	 1 	 9.377772e-10 	 1.244623e-10
16 	 205 	 Ex 	 1 	 8.364291e-10 	 1.602176e-10
16 	 206 	 Ex 	 1 	 -1.334628e-09 	 2.081426e-10
16 	 207 	 Ex 	 1 	 -5.600409e-09 	 2.458568e-10
16 	 208 	 Ex 	 1 	 -2.828415e-09 	 2.278052e-10
16 	 209 	 Ex 	 1 	 2.171172e-11 	 9.805642e-12
16 	 210 	 Ex 	 1 	 2.876780e-11 	 1.178341e-11
16 	 211 	 Ex 	 1 	 3.838031e-11 	 1.397551e-11
16 	 212 	 Ex 	 1 	 5.365400e-11 	 1.713463e-11
16 	 213 	 Ex 	 1 	 7.983916e-11 	 2.217283e-11
16 	 214 	 Ex 	 1 	 1.173176e-10 	 2.855074e-11
16 	 215 	 Ex 	 1 	 1.851146e-10 	 3.916961e-11
16 	 216 	 Ex 	 1 	 2.900867e-10 	 5.309008e-11
16 	 217 	 Ex 	 1 	 4.515412e-10 	 6.946836e-11
16 	 218 	 Ex 	 1 	 7.214455e-10 	 8.941586e-11
16 	 219 	 Ex 	 1 	 1.217275e-09 	 1.126232e-10
16 	 220 	 Ex 	 1 	 2.275458e-09 	 1.436471e-10
16 	 221 	 Ex 	 1 	 4.838366e-09 	 2.071631e-10
16 	 222 	 Ex 	 1 	 6.792312e-09 	 3.410751e-10
16 	 223 	 Ex 	 1 	 -3.361328e-08 	 5.041781e-10
16 	 224 	 Ex 	 1 	 6.596074e-10 	 4.041062e-10
16 	 225 	 Ex 	 1 	 2.263301e-11 	 1.000339e-11
16 	 226 	 Ex 	 1 	 2.955488e-11 	 1.187023e-11
16 	 227 	 Ex 	 1 	 4.114670e-11 	 1.480634e-11
16 	 228 	 Ex 	 1 	 5.908705e-11 	 1.867658e-11
16 	 229 	 Ex 	 1 	 8.538761e-11 	 2.353272e-11
16 	 230 	 Ex 	 1 	 1.242417e-10 	 2.983409e-11
16 	 231 	 Ex 	 1 	 1.956383e-10 	 4.028998e-11
16 	 232 	 Ex 	 1 	 3.008594e-10 	 5.220849e-11
16 	 233 	 Ex 	 1 	 4.913230e-10 	 6.919291e-11
16 	 234 	 Ex 	 1 	 8.238756e-10 	 8.948044e-11
16 	 235 	 Ex 	 1 	 1.518785e-09 	 1.151704e-10
16 	 236 	 Ex 	 1 	 3.415356e-09 	 1.558268e-10
16 	 237 	 Ex 	 1 	 1.092158e-08 	 2.386875e-10
16 	 238 	 Ex 	 1 	 7.318221e-08 	 5.001697e-10
16 	 239 	 Ex 	 1 	 -2.684948e-06 	 3.479075e-09
16 	 240 	 Ex 	 1 	 1.019243e-07 	 7.348703e-10
16 	 241 	 Ex 	 1 	 2.240265e-11 	 9.944306e-12
16 	 242 	 Ex 	 1 	 3.040961e-11 	 1.240374e-11
16 	 243 	 Ex 	 1 	 4.163590e-11 	 1.538546e-11
16 	 244 	 Ex 	 1 	 5.891812e-11 	 1.928229e-11
16 	 245 	 Ex 	 1 	 8.382153e-11 	 2.393009e-11
16 	 246 	 Ex 	 1 	 1.232327e-10 	 3.082424e-11
16 	 247 	 Ex 	 1 	 1.867916e-10 	 3.999630e-11
16 	 248 	 Ex 	 1 	 2.824693e-10 	 5.082501e-11
16 	 249 	 Ex 	 1 	 4.536004e-10 	 6.598313e-11
16 	 250 	 Ex 	 1 	 7.346336e-10 	 8.334217e-11
16 	 251 	 Ex 	 1 	 1.343329e-09 	 1.092500e-10
16 	 252 	 Ex 	 1 	 2.852133e-09 	 1.506348e-10
16 	 253 	 Ex 	 1 	 7.167229e-09 	 2.224905e-10
16 	 254 	 Ex 	 1 	 2.057320e-08 	 4.016613e-10
16 	 255 	 Ex 	 1 	 -8.437890e-08 	 7.049648e-10
16 	 256 	 Ex 	 1 	 1.829956e-08 	 5.092203e-10
16 	 1 	 Ex 	 2 	 -5.233073e-12 	 -2.900825e-13
16 	 2 	 Ex 	 2 	 -6.883636e-12 	 -2.344451e-13
16 	 3 	 Ex 	 2 	 -8.786632e-12 	 -2.431239e-13
16 	 4 	 Ex 	 2 	 -1.098279e-11 	 -2.721066e-13
16 	 5 	 Ex 	 2 	 -1.418825e-11 	 -4.899691e-13
16 	 6 	 Ex 	 2 	 -1.811153e-11 	 -7.719296e-13
16 	 7 	 Ex 	 2 	 -2.276222e-11 	 -1.075639e-12
16 	 8 	 Ex 	 2 	 -2.775468e-11 	 -1.314508e-12
16 	 9 	 Ex 	 2 	 -3.333438e-11 	 -1.429205e-12
16 	 10 	 Ex 	 2 	 -3.749038e-11 	 -1.179571e-12
16 	 11 	 Ex 	 2 	 -4.187019e-11 	 -6.865394e-13
16 	 12 	 Ex 	 2 	 -4.452946e-11 	 2.804961e-13
16 	 13 	 Ex 	 2 	 -4.546401e-11 	 1.362047e-12
16 	 14 	 Ex 	 2 	 -4.706815e-11 	 2.155864e-12
16 	 15 	 Ex 	 2 	 -4.955958e-11 	 2.980657e-12
16 	 16 	 Ex 	 2 	 -4.543535e-11 	 3.196750e-12
16 	 17 	 Ex 	 2 	 -4.819415e-12 	 -6.346190e-14
16 	 18 	 Ex 	 2 	 -6.188606e-12 	 2.417566e-13
16 	 19 	 Ex 	 2 	 -8.168269e-12 	 4.331329e-13
16 	 20 	 Ex 	 2 	 -1.100724e-11 	 4.885776e-13
16 	 21 	 Ex 	 2 	 -1.460241e-11 	 3.246064e-13
16 	 22 	 Ex 	 2 	 -1.903748e-11 	 5.137271e-14
16 	 23 	 Ex 	 2 	 -2.503145e-11 	 -1.433794e-13
16 	 24 	 Ex 	 2 	 -3.171069e-11 	 -4.218800e-13
16 	 25 	 Ex 	 2 	 -3.918011e-11 	 -3.839518e-13
16 	 26 	 Ex 	 2 	 -4.566254e-11 	 2.556445e-14
16 	 27 	 Ex 	 2 	 -5.057319e-11 	 7.998850e-13
16 	 28 	 Ex 	 2 	 -5.421014e-11 	 2.135004e-12
16 	 29 	 Ex 	 2 	 -5.632023e-11 	 3.615462e-12
16 	 30 	 Ex 	 2 	 -5.746890e-11 	 4.853683e-12
16 	 31 	 Ex 	 2 	 -6.096691e-11 	 5.777888e-12
16 	 32 	 Ex 	 2 	 -5.580758e-11 	 5.724436e-12
16 	 33 	 Ex 	 2 	 -4.417632e-12 	 1.282475e-13
16 	 34 	 Ex 	 2 	 -5.801135e-12 	 5.720443e-13
16 	 35 	 Ex 	 2 	 -7.764444e-12 	 1.084961e-12
16 	 36 	 Ex 	 2 	 -1.025094e-11 	 1.495601e-12
16 	 37 	 Ex 	 2 	 -1.431406e-11 	 1.550415e-12
16 	 38 	 Ex 	 2 	 -1.969520e-11 	 1.243218e-12
16 	 39 	 Ex 	 2 	 -2.733092e-11 	 1.058105e-12
16 	 40 	 Ex 	 2 	 -3.620944e-11 	 1.049524e-12
16 	 41 	 Ex 	 2 	 -4.634213e-11 	 1.487978e-12
16 	 42 	 Ex 	 2 	 -5.386947e-11 	 2.268291e-12
16 	 43 	 Ex 	 2 	 -6.215055e-11 	 3.259221e-12
16 	 44 	 Ex 	 2 	 -6.666643e-11 	 5.072725e-12
16 	 45 	 Ex 	 2 	 -6.921561e-11 	 7.062420e-12
16 	 46 	 Ex 	 2 	 -7.078430e-11 	 8.758451e-12
16 	 47 	 Ex 	 2 	 -7.621777e-11 	 9.565461e-12
16 	 48 	 Ex 	 2 	 -6.821608e-11 	 9.672796e-12
16 	 49 	 Ex 	 2 	 -3.590905e-12 	 3.588551e-13
16 	 50 	 Ex 	 2 	 -4.963304e-12 	 9.175196e-13
16 	 51 	 Ex 	 2 	 -6.830182e-12 	 1.675862e-12
16 	 52 	 Ex 	 2 	 -9.252301e-12 	 2.486112e-12
16 	 53 	 Ex 	 2 	 -1.343425e-11 	 2.969477e-12
16 	 54 	 Ex 	 2 	 -1.940756e-11 	 3.021141e-12
16 	 55 	 Ex 	 2 	 -2.832798e-11 	 3.012606e-12
16 	 56 	 Ex 	 2 	 -4.035528e-11 	 3.539459e-12
16 	 57 	 Ex 	 2 	 -5.264451e-11 	 4.767864e-12
16 	 58 	 Ex 	 2 	 -6.439558e-11 	 6.086945e-12
16 	 59 	 Ex 	 2 	 -7.532495e-11 	 7.401807e-12
16 	 60 	 Ex 	 2 	 -8.326626e-11 	 9.545556e-12
16 	 61 	 Ex 	 2 	 -8.738194e-11 	 1.209291e-11
16 	 62 	 Ex 	 2 	 -8.839241e-11 	 1.407977e-11
16 	 63 	 Ex 	 2 	 -9.502025e-11 	 1.517617e-11
16 	 64 	 Ex 	 2 	 -8.420269e-11 	 1.541702e-11
16 	 65 	 Ex 	 2 	 -2.523172e-12 	 5.485472e-13
16 	 66 	 Ex 	 2 	 -3.908619e-12 	 1.206454e-12
16 	 67 	 Ex 	 2 	 -5.702324e-12 	 2.164195e-12
16 	 68 	 Ex 	 2 	 -8.043400e-12 	 3.172026e-12
16 	 69 	 Ex 	 2 	 -1.206095e-11 	 4.232748e-12
16 	 70 	 Ex 	 2 	 -1.830894e-11 	 5.171831e-12
16 	 71 	 Ex 	 2 	 -2.834515e-11 	 5.911850e-12
16 	 72 	 Ex 	 2 	 -4.344876e-11 	 7.834794e-12
16 	 73 	 Ex 	 2 	 -5.862130e-11 	 1.021115e-11
16 	 74 	 Ex 	 2 	 -7.375414e-11 	 1.208915e-11
16 	 75 	 Ex 	 2 	 -8.946703e-11 	 1.385394e-11
16 	 76 	 Ex 	 2 	 -1.028141e-10 	 1.623177e-11
16 	 77 	 Ex 	 2 	 -1.117664e-10 	 1.943475e-11
16 	 78 	 Ex 	 2 	 -1.115045e-10 	 2.150986e-11
16 	 79 	 Ex 	 2 	 -1.187928e-10 	 2.329771e-11
16 	 80 	 Ex 	 2 	 -1.048832e-10 	 2.360132e-11
16 	 81 	 Ex 	 2 	 -1.538365e-12 	 6.118943e-13
16 	 82 	 Ex 	 2 	 -2.769632e-12 	 1.427921e-12
16 	 83 	 Ex 	 2 	 -4.417923e-12 	 2.378786e-12
16 	 84 	 Ex 	 2 	 -6.599409e-12 	 3.593466e-12
16 	 85 	 Ex 	 2 	 -1.034405e-11 	 5.183273e-12
16 	 86 	 Ex 	 2 	 -1.588635e-11 	 7.333810e-12
16 	 87 	 Ex 	 2 	 -2.717872e-11 	 1.029503e-11
16 	 88 	 Ex 	 2 	 -4.356494e-11 	 1.440246e-11
16 	 89 	 Ex 	 2 	 -6.265898e-11 	 1.874934e-11
16 	 90 	 Ex 	 2 	 -8.139257e-11 	 2.113401e-11
16 	 91 	 Ex 	 2 	 -1.039488e-10 	 2.321889e-11
16 	 92 	 Ex 	 2 	 -1.248744e-10 	 2.647929e-11
16 	 93 	 Ex 	 2 	 -1.385033e-10 	 2.961272e-11
16 	 94 	 Ex 	 2 	 -1.434856e-10 	 3.249516e-11
16 	 95 	 Ex 	 2 	 -1.461483e-10 	 3.418323e-11
16 	 96 	 Ex 	 2 	 -1.353884e-10 	 3.539505e-11
16 	 97 	 Ex 	 2 	 -1.614663e-13 	 5.874520e-13
16 	 98 	 Ex 	 2 	 -1.134461e-12 	 1.400635e-12
16 	 99 	 Ex 	 2 	 -2.527703e-12 	 2.386412e-12
16 	 100 	 Ex 	 2 	 -4.577787e-12 	 3.839672e-12
16 	 101 	 Ex 	 2 	 -7.697513e-12 	 5.996990e-12
16 	 102 	 Ex 	 2 	 -1.352691e-11 	 9.761406e-12
16 	 103 	 Ex 	 2 	 -2.350114e-11 	 1.556454e-11
16 	 104 	 Ex 	 2 	 -4.045297e-11 	 2.327221e-11
16 	 105 	 Ex 	 2 	 -6.183228e-11 	 3.043468e-11
16 	 106 	 Ex 	 2 	 -8.422221e-11 	 3.393228e-11
16 	 107 	 Ex 	 2 	 -1.137208e-10 	 3.681575e-11
16 	 108 	 Ex 	 2 	 -1.527514e-10 	 4.066480e-11
16 	 109 	 Ex 	 2 	 -1.750922e-10 	 4.498858e-11
16 	 110 	 Ex 	 2 	 -1.844486e-10 	 4.816135e-11
16 	 111 	 Ex 	 2 	 -1.992264e-10 	 5.168046e-11
16 	 112 	 Ex 	 2 	 -1.797025e-10 	 5.205476e-11
16 	 113 	 Ex 	 2 	 1.455794e-12 	 5.385282e-13
16 	 114 	 Ex 	 2 	 9.925495e-13 	 1.344047e-12
16 	 115 	 Ex 	 2 	 6.263588e-14 	 2.365917e-12
16 	 116 	 Ex 	 2 	 -1.110757e-12 	 3.905644e-12
16 	 117 	 Ex 	 2 	 -3.542203e-12 	 6.740096e-12
16 	 118 	 Ex 	 2 	 -7.842076e-12 	 1.214196e-11
16 	 119 	 Ex 	 2 	 -1.601679e-11 	 2.145834e-11
16 	 120 	 Ex 	 2 	 -3.024929e-11 	 3.458696e-11
16 	 121 	 Ex 	 2 	 -5.371678e-11 	 4.639148e-11
16 	 122 	 Ex 	 2 	 -8.284802e-11 	 5.284820e-11
16 	 123 	 Ex 	 2 	 -1.249228e-10 	 5.533711e-11
16 	 124 	 Ex 	 2 	 -1.789752e-10 	 6.066594e-11
16 	 125 	 Ex 	 2 	 -2.248518e-10 	 6.743489e-11
16 	 126 	 Ex 	 2 	 -2.471516e-10 	 7.253625e-11
16 	 127 	 Ex 	 2 	 -2.737278e-10 	 7.694154e-11
16 	 128 	 Ex 	 2 	 -2.425821e-10 	 7.666719e-11
16 	 129 	 Ex 	 2 	 3.354263e-12 	 4.854450e-13
16 	 130 	 Ex 	 2 	 3.157073e-12 	 1.283799e-12
16 	 131 	 Ex 	 2 	 3.033699e-12 	 2.369255e-12
16 	 132 	 Ex 	 2 	 2.669702e-12 	 4.077241e-12
16 	 133 	 Ex 	 2 	 2.143073e-12 	 7.619517e-12
16 	 134 	 Ex 	 2 	 1.420904e-13 	 1.503276e-11
16 	 135 	 Ex 	 2 	 -2.556437e-12 	 2.833677e-11
16 	 136 	 Ex 	 2 	 -1.213247e-11 	 4.811768e-11
16 	 137 	 Ex 	 2 	 -3.095283e-11 	 6.573118e-11
16 	 138 	 Ex 	 2 	 -6.637361e-11 	 7.599517e-11
16 	 139 	 Ex 	 2 	 -1.211082e-10 	 8.015249e-11
16 	 140 	 Ex 	 2 	 -1.997872e-10 	 8.896196e-11
16 	 141 	 Ex 	 2 	 -2.849362e-10 	 1.000516e-10
16 	 142 	 Ex 	 2 	 -3.419526e-10 	 1.074450e-10
16 	 143 	 Ex 	 2 	 -3.904383e-10 	 1.143195e-10
16 	 144 	 Ex 	 2 	 -3.430574e-10 	 1.135658e-10
16 	 145 	 Ex 	 2 	 5.384144e-12 	 4.559400e-13
16 	 146 	 Ex 	 2 	 6.072531e-12 	 1.268008e-12
16 	 147 	 Ex 	 2 	 6.768067e-12 	 2.474905e-12
16 	 148 	 Ex 	 2 	 7.812446e-12 	 4.452540e-12
16 	 149 	 Ex 	 2 	 8.965018e-12 	 8.763998e-12
16 	 150 	 Ex 	 2 	 1.266379e-11 	 1.812630e-11
16 	 151 	 Ex 	 2 	 1.568834e-11 	 3.616025e-11
16 	 152 	 Ex 	 2 	 1.818667e-11 	 6.327802e-11
16 	 153 	 Ex 	 2 	 9.872238e-12 	 8.665692e-11
16 	 154 	 Ex 	 2 	 -2.143241e-11 	 1.015104e-10
16 	 155 	 Ex 	 2 	 -8.974707e-11 	 1.127228e-10
16 	 156 	 Ex 	 2 	 -2.004514e-10 	 1.289731e-10
16 	 157 	 Ex 	 2 	 -3.537564e-10 	 1.463911e-10
16 	 158 	 Ex 	 2 	 -4.971140e-10 	 1.618296e-10
16 	 159 	 Ex 	 2 	 -5.873844e-10 	 1.719127e-10
16 	 160 	 Ex 	 2 	 -5.107824e-10 	 1.707862e-10
16 	 161 	 Ex 	 2 	 7.546751e-12 	 4.084627e-13
16 	 162 	 Ex 	 2 	 8.885822e-12 	 1.458836e-12
16 	 163 	 Ex 	 2 	 1.075360e-11 	 2.956263e-12
16 	 164 	 Ex 	 2 	 1.327948e-11 	 5.129160e-12
16 	 165 	 Ex 	 2 	 1.790271e-11 	 1.026720e-11
16 	 166 	 Ex 	 2 	 2.505186e-11 	 2.137647e-11
16 	 167 	 Ex 	 2 	 3.997774e-11 	 4.411224e-11
16 	 168 	 Ex 	 2 	 5.895931e-11 	 7.652343e-11
16 	 169 	 Ex 	 2 	 7.287267e-11 	 1.100501e-10
16 	 170 	 Ex 	 2 	 6.363978e-11 	 1.300037e-10
16 	 171 	 Ex 	 2 	 1.213862e-11 	 1.559492e-10
16 	 172 	 Ex 	 2 	 -1.366056e-10 	 1.845512e-10
16 	 173 	 Ex 	 2 	 -4.076540e-10 	 2.186552e-10
16 	 174 	 Ex 	 2 	 -7.587733e-10 	 2.470122e-10
16 	 175 	 Ex 	 2 	 -9.899548e-10 	 2.630389e-10
16 	 176 	 Ex 	 2 	 -8.274818e-10 	 2.641680e-10
16 	 177 	 Ex 	 2 	 9.591944e-12 	 5.144121e-13
16 	 178 	 Ex 	 2 	 1.169097e-11 	 1.827004e-12
16 	 179 	 Ex 	 2 	 1.498866e-11 	 3.611361e-12
16 	 180 	 Ex 	 2 	 1.956894e-11 	 6.466108e-12
16 	 181 	 Ex 	 2 	 2.875006e-11 	 1.313257e-11
16 	 182 	 Ex 	 2 	 4.397005e-11 	 2.643390e-11
16 	 183 	 Ex 	 2 	 7.044182e-11 	 5.099242e-11
16 	 184 	 Ex 	 2 	 1.116699e-10 	 8.709591e-11
16 	 185 	 Ex 	 2 	 1.623044e-10 	 1.276078e-10
16 	 186 	 Ex 	 2 	 2.028841e-10 	 1.618032e-10
16 	 187 	 Ex 	 2 	 2.141817e-10 	 2.018170e-10
16 	 188 	 Ex 	 2 	 1.160974e-10 	 2.534077e-10
16 	 189 	 Ex 	 2 	 -2.998726e-10 	 3.269635e-10
16 	 190 	 Ex 	 2 	 -1.199062e-09 	 3.950634e-10
16 	 191 	 Ex 	 2 	 -2.066785e-09 	 4.478264e-10
16 	 192 	 Ex 	 2 	 -1.520036e-09 	 4.290940e-10
16 	 193 	 Ex 	 2 	 1.158295e-11 	 7.569865e-13
16 	 194 	 Ex 	 2 	 1.450773e-11 	 2.249090e-12
16 	 195 	 Ex 	 2 	 1.899564e-11 	 4.581453e-12
16 	 196 	 Ex 	 2 	 2.566294e-11 	 8.606262e-12
16 	 197 	 Ex 	 2 	 3.924341e-11 	 1.687706e-11
16 	 198 	 Ex 	 2 	 6.114299e-11 	 3.097819e-11
16 	 199 	 Ex 	 2 	 1.000575e-10 	 5.566225e-11
16 	 200 	 Ex 	 2 	 1.655217e-10 	 9.278613e-11
16 	 201 	 Ex 	 2 	 2.616141e-10 	 1.378640e-10
16 	 202 	 Ex 	 2 	 3.962066e-10 	 1.868119e-10
16 	 203 	 Ex 	 2 	 5.750563e-10 	 2.440020e-10
16 	 204 	 Ex 	 2 	 7.771344e-10 	 3.280863e-10
16 	 205 	 Ex 	 2 	 6.574754e-10 	 4.693888e-10
16 	 206 	 Ex 	 2 	 -1.528429e-09 	 6.633040e-10
16 	 207 	 Ex 	 2 	 -5.806266e-09 	 8.123797e-10
16 	 208 	 Ex 	 2 	 -3.029321e-09 	 7.439073e-10
16 	 209 	 Ex 	 2 	 1.283893e-11 	 9.559133e-13
16 	 210 	 Ex 	 2 	 1.656045e-11 	 2.638939e-12
16 	 211 	 Ex 	 2 	 2.197449e-11 	 5.541878e-12
16 	 212 	 Ex 	 2 	 3.120944e-11 	 1.086725e-11
16 	 213 	 Ex 	 2 	 4.825901e-11 	 2.067668e-11
16 	 214 	 Ex 	 2 	 7.448984e-11 	 3.483492e-11
16 	 215 	 Ex 	 2 	 1.247347e-10 	 5.919404e-11
16 	 216 	 Ex 	 2 	 2.080489e-10 	 9.442654e-11
16 	 217 	 Ex 	 2 	 3.463575e-10 	 1.404772e-10
16 	 218 	 Ex 	 2 	 5.912069e-10 	 2.014767e-10
16 	 219 	 Ex 	 2 	 1.064035e-09 	 2.820232e-10
16 	 220 	 Ex 	 2 	 2.102586e-09 	 4.024717e-10
16 	 221 	 Ex 	 2 	 4.638073e-09 	 6.524545e-10
16 	 222 	 Ex 	 2 	 6.561496e-09 	 1.187037e-09
16 	 223 	 Ex 	 2 	 -3.386155e-08 	 1.828542e-09
16 	 224 	 Ex 	 2 	 4.189538e-10 	 1.440687e-09
16 	 225 	 Ex 	 2 	 1.348015e-11 	 1.109316e-12
16 	 226 	 Ex 	 2 	 1.702820e-11 	 3.005583e-12
16 	 227 	 Ex 	 2 	 2.350376e-11 	 6.575638e-12
16 	 228 	 Ex 	 2 	 3.438196e-11 	 1.276346e-11
16 	 229 	 Ex 	 2 	 5.175222e-11 	 2.256063e-11
16 	 230 	 Ex 	 2 	 7.957510e-11 	 3.628782e-11
16 	 231 	 Ex 	 2 	 1.337160e-10 	 6.019776e-11
16 	 232 	 Ex 	 2 	 2.203722e-10 	 9.143124e-11
16 	 233 	 Ex 	 2 	 3.869183e-10 	 1.397310e-10
16 	 234 	 Ex 	 2 	 6.944889e-10 	 2.033571e-10
16 	 235 	 Ex 	 2 	 1.365073e-09 	 2.948934e-10
16 	 236 	 Ex 	 2 	 3.235190e-09 	 4.491600e-10
16 	 237 	 Ex 	 2 	 1.071135e-08 	 7.795073e-10
16 	 238 	 Ex 	 2 	 7.292378e-08 	 1.838022e-09
16 	 239 	 Ex 	 2 	 -2.684939e-06 	 1.305168e-08
16 	 240 	 Ex 	 2 	 1.016416e-07 	 2.783051e-09
16 	 241 	 Ex 	 2 	 1.324544e-11 	 1.151998e-12
16 	 242 	 Ex 	 2 	 1.714156e-11 	 3.509857e-12
16 	 243 	 Ex 	 2 	 2.318801e-11 	 7.210251e-12
16 	 244 	 Ex 	 2 	 3.351996e-11 	 1.324879e-11
16 	 245 	 Ex 	 2 	 4.982077e-11 	 2.233786e-11
16 	 246 	 Ex 	 2 	 7.729792e-11 	 3.657892e-11
16 	 247 	 Ex 	 2 	 1.255317e-10 	 5.793053e-11
16 	 248 	 Ex 	 2 	 2.042697e-10 	 8.641786e-11
16 	 249 	 Ex 	 2 	 3.539206e-10 	 1.301314e-10
16 	 250 	 Ex 	 2 	 6.136183e-10 	 1.862456e-10
16 	 251 	 Ex 	 2 	 1.196621e-09 	 2.760931e-10
16 	 252 	 Ex 	 2 	 2.676709e-09 	 4.312699e-10
16 	 253 	 Ex 	 2 	 6.962783e-09 	 7.150814e-10
16 	 254 	 Ex 	 2 	 2.032757e-08 	 1.427621e-09
16 	 255 	 Ex 	 2 	 -8.463660e-08 	 2.615020e-09
16 	 256 	 Ex 	 2 	 1.803997e-08 	 1.857887e-09
16 	 1 	 Ey 	 1 	 1.128436e-11 	 2.108669e-14
16 	 2 	 Ey 	 1 	 1.297263e-11 	 3.962611e-14
16 	 3 	 Ey 	 1 	 1.459909e-11 	 7.901665e-14
16 	 4 	 Ey 	 1 	 1.611993e-11 	 6.398762e-14
16 	 5 	 Ey 	 1 	 1.768796e-11 	 -3.382693e-14
16 	 6 	 Ey 	 1 	 1.893699e-11 	 -2.937642e-13
16 	 7 	 Ey 	 1 	 1.954155e-11 	 -4.919554e-13
16 	 8 	 Ey 	 1 	 1.935161e-11 	 -6.873015e-13
16 	 9 	 Ey 	 1 	 1.796186e-11 	 -7.377317e-13
16 	 10 	 Ey 	 1 	 1.571700e-11 	 -6.330424e-13
16 	 11 	 Ey 	 1 	 1.270621e-11 	 -4.104596e-13
16 	 12 	 Ey 	 1 	 8.836120e-12 	 -1.606664e-13
16 	 13 	 Ey 	 1 	 4.893885e-12 	 3.693107e-15
16 	 14 	 Ey 	 1 	 5.277100e-13 	 2.088945e-13
16 	 15 	 Ey 	 1 	 -3.350967e-12 	 1.432293e-13
16 	 16 	 Ey 	 1 	 -8.035302e-12 	 5.627972e-13
16 	 17 	 Ey 	 1 	 1.265933e-11 	 1.521552e-13
16 	 18 	 Ey 	 1 	 1.436743e-11 	 1.905520e-13
16 	 19 	 Ey 	 1 	 1.637103e-11 	 2.486319e-13
16 	 20 	 Ey 	 1 	 1.887231e-11 	 2.126758e-13
16 	 21 	 Ey 	 1 	 2.130754e-11 	 -2.106551e-14
16 	 22 	 Ey 	 1 	 2.302163e-11 	 -3.355487e-13
16 	 23 	 Ey 	 1 	 2.398298e-11 	 -6.877139e-13
16 	 24 	 Ey 	 1 	 2.469966e-11 	 -1.061230e-12
16 	 25 	 Ey 	 1 	 2.361905e-11 	 -1.074769e-12
16 	 26 	 Ey 	 1 	 2.137067e-11 	 -8.406124e-13
16 	 27 	 Ey 	 1 	 1.729995e-11 	 -3.789233e-13
16 	 28 	 Ey 	 1 	 1.273762e-11 	 -2.892466e-14
16 	 29 	 Ey 	 1 	 7.081885e-12 	 2.714386e-13
16 	 30 	 Ey 	 1 	 1.626345e-12 	 4.659590e-13
16 	 31 	 Ey 	 1 	 -4.051999e-12 	 4.254392e-13
16 	 32 	 Ey 	 1 	 -1.005042e-11 	 7.440754e-13
16 	 33 	 Ey 	 1 	 1.362060e-11 	 1.499870e-13
16 	 34 	 Ey 	 1 	 1.588391e-11 	 2.809593e-13
16 	 35 	 Ey 	 1 	 1.804802e-11 	 2.861341e-13
16 	 36 	 Ey 	 1 	 2.070178e-11 	 2.406115e-13
16 	 37 	 Ey 	 1 	 2.380432e-11 	 -6.187011e-14
16 	 38 	 Ey 	 1 	 2.708018e-11 	 -6.008976e-13
16 	 39 	 Ey 	 1 	 2.930805e-11 	 -1.146817e-12
16 	 40 	 Ey 	 1 	 3.040547e-11 	 -1.493978e-12
16 	 41 	 Ey 	 1 	 3.014183e-11 	 -1.358257e-12
16 	 42 	 Ey 	 1 	 2.867550e-11 	 -9.505466e-13
16 	 43 	 Ey 	 1 	 2.478974e-11 	 -2.633841e-13
16 	 44 	 Ey 	 1 	 1.937642e-11 	 1.592978e-13
16 	 45 	 Ey 	 1 	 1.207361e-11 	 4.887947e-13
16 	 46 	 Ey 	 1 	 3.781259e-12 	 8.706185e-13
16 	 47 	 Ey 	 1 	 -4.208623e-12 	 6.295908e-13
16 	 48 	 Ey 	 1 	 -1.149665e-11 	 7.717689e-13
16 	 49 	 Ey 	 1 	 1.446771e-11 	 2.080864e-13
16 	 50 	 Ey 	 1 	 1.710131e-11 	 2.828709e-13
16 	 51 	 Ey 	 1 	 1.946394e-11 	 2.798081e-13
16 	 52 	 Ey 	 1 	 2.230383e-11 	 2.097884e-13
16 	 53 	 Ey 	 1 	 2.591717e-11 	 -3.531589e-13
16 	 54 	 Ey 	 1 	 2.954016e-11 	 -1.010405e-12
16 	 55 	 Ey 	 1 	 3.325823e-11 	 -1.627394e-12
16 	 56 	 Ey 	 1 	 3.622463e-11 	 -1.957306e-12
16 	 57 	 Ey 	 1 	 3.806071e-11 	 -1.507611e-12
16 	 58 	 Ey 	 1 	 3.854058e-11 	 -6.469314e-13
16 	 59 	 Ey 	 1 	 3.610957e-11 	 -5.887833e-14
16 	 60 	 Ey 	 1 	 3.044533e-11 	 3.049088e-13
16 	 61 	 Ey 	 1 	 1.980489e-11 	 9.462811e-13
16 	 62 	 Ey 	 1 	 8.526589e-12 	 1.025748e-12
16 	 63 	 Ey 	 1 	 -3.978640e-12 	 1.100467e-12
16 	 64 	 Ey 	 1 	 -1.362411e-11 	 1.022583e-12
16 	 65 	 Ey 	 1 	 1.527094e-11 	 1.874864e-13
16 	 66 	 Ey 	 1 	 1.772553e-11 	 2.152420e-13
16 	 67 	 Ey 	 1 	 2.051198e-11 	 1.566450e-13
16 	 68 	 Ey 	 1 	 2.346247e-11 	 -2.090659e-13
16 	 69 	 Ey 	 1 	 2.667919e-11 	 -9.072543e-13
16 	 70 	 Ey 	 1 	 3.134385e-11 	 -1.695366e-12
16 	 71 	 Ey 	 1 	 3.663875e-11 	 -2.388429e-12
16 	 72 	 Ey 	 1 	 4.257605e-11 	 -2.575117e-12
16 	 73 	 Ey 	 1 	 4.846251e-11 	 -1.710176e-12
16 	 74 	 Ey 	 1 	 5.183378e-11 	 -5.915801e-13
16 	 75 	 Ey 	 1 	 5.068620e-11 	 9.261355e-14
16 	 76 	 Ey 	 1 	 4.448614e-11 	 6.166459e-13
16 	 77 	 Ey 	 1 	 3.215209e-11 	 1.237961e-12
16 	 78 	 Ey 	 1 	 1.547572e-11 	 1.662266e-12
16 	 79 	 Ey 	 1 	 -1.159645e-12 	 1.187579e-12
16 	 80 	 Ey 	 1 	 -1.687119e-11 	 1.319238e-12
16 	 81 	 Ey 	 1 	 1.578193e-11 	 5.069965e-14
16 	 82 	 Ey 	 1 	 1.813259e-11 	 4.414739e-14
16 	 83 	 Ey 	 1 	 2.140532e-11 	 -1.783726e-13
16 	 84 	 Ey 	 1 	 2.473291e-11 	 -6.802944e-13
16 	 85 	 Ey 	 1 	 2.843121e-11 	 -1.571958e-12
16 	 86 	 Ey 	 1 	 3.323346e-11 	 -2.315296e-12
16 	 87 	 Ey 	 1 	 4.095514e-11 	 -2.979818e-12
16 	 88 	 Ey 	 1 	 5.022198e-11 	 -3.009573e-12
16 	 89 	 Ey 	 1 	 5.944241e-11 	 -1.902366e-12
16 	 90 	 Ey 	 1 	 6.796660e-11 	 -4.577233e-13
16 	 91 	 Ey 	 1 	 7.220811e-11 	 -5.681652e-14
16 	 92 	 Ey 	 1 	 6.611715e-11 	 1.357775e-12
16 	 93 	 Ey 	 1 	 5.055771e-11 	 1.633523e-12
16 	 94 	 Ey 	 1 	 2.805716e-11 	 1.906071e-12
16 	 95 	 Ey 	 1 	 2.311899e-12 	 1.447210e-12
16 	 96 	 Ey 	 1 	 -2.156685e-11 	 1.311189e-12
16 	 97 	 Ey 	 1 	 1.608566e-11 	 -7.867749e-15
16 	 98 	 Ey 	 1 	 1.908048e-11 	 -1.538243e-13
16 	 99 	 Ey 	 1 	 2.244651e-11 	 -4.056387e-13
16 	 100 	 Ey 	 1 	 2.610911e-11 	 -1.015836e-12
16 	 101 	 Ey 	 1 	 3.106107e-11 	 -1.857780e-12
16 	 102 	 Ey 	 1 	 3.846354e-11 	 -2.891897e-12
16 	 103 	 Ey 	 1 	 4.783983e-11 	 -3.365565e-12
16 	 104 	 Ey 	 1 	 6.123026e-11 	 -3.339528e-12
16 	 105 	 Ey 	 1 	 7.805103e-11 	 -2.021870e-12
16 	 106 	 Ey 	 1 	 9.377649e-11 	 -4.670807e-14
16 	 107 	 Ey 	 1 	 1.017949e-10 	 1.289382e-12
16 	 108 	 Ey 	 1 	 9.874812e-11 	 1.522527e-12
16 	 109 	 Ey 	 1 	 7.696589e-11 	 2.384473e-12
16 	 110 	 Ey 	 1 	 4.804839e-11 	 1.717685e-12
16 	 111 	 Ey 	 1 	 7.315726e-12 	 1.581054e-12
16 	 112 	 Ey 	 1 	 -3.186350e-11 	 1.655002e-12
16 	 113 	 Ey 	 1 	 1.617233e-11 	 -1.947578e-13
16 	 114 	 Ey 	 1 	 1.971596e-11 	 -2.979711e-13
16 	 115 	 Ey 	 1 	 2.300005e-11 	 -5.726761e-13
16 	 116 	 Ey 	 1 	 2.742883e-11 	 -1.018356e-12
16 	 117 	 Ey 	 1 	 3.310478e-11 	 -1.862546e-12
16 	 118 	 Ey 	 1 	 4.256360e-11 	 -2.992868e-12
16 	 119 	 Ey 	 1 	 5.696813e-11 	 -3.421977e-12
16 	 120 	 Ey 	 1 	 7.680095e-11 	 -3.109816e-12
16 	 121 	 Ey 	 1 	 1.034866e-10 	 -1.831489e-12
16 	 122 	 Ey 	 1 	 1.311564e-10 	 4.010467e-13
16 	 123 	 Ey 	 1 	 1.494374e-10 	 1.569573e-12
16 	 124 	 Ey 	 1 	 1.506367e-10 	 2.136604e-12
16 	 125 	 Ey 	 1 	 1.284114e-10 	 2.383037e-12
16 	 126 	 Ey 	 1 	 7.913230e-11 	 2.537880e-12
16 	 127 	 Ey 	 1 	 1.383812e-11 	 1.660782e-12
16 	 128 	 Ey 	 1 	 -4.700317e-11 	 1.190122e-12
16 	 129 	 Ey 	 1 	 1.601449e-11 	 -3.217488e-13
16 	 130 	 Ey 	 1 	 1.942700e-11 	 -5.511949e-13
16 	 131 	 Ey 	 1 	 2.345930e-11 	 -7.460480e-13
16 	 132 	 Ey 	 1 	 2.892035e-11 	 -1.038878e-12
16 	 133 	 Ey 	 1 	 3.587392e-11 	 -1.794037e-12
16 	 134 	 Ey 	 1 	 4.781465e-11 	 -2.746781e-12
16 	 135 	 Ey 	 1 	 6.666179e-11 	 -3.044030e-12
16 	 136 	 Ey 	 1 	 9.402908e-11 	 -3.139792e-12
16 	 137 	 Ey 	 1 	 1.334218e-10 	 -1.387730e-12
16 	 138 	 Ey 	 1 	 1.779067e-10 	 5.233166e-13
16 	 139 	 Ey 	 1 	 2.137551e-10 	 1.809655e-12
16 	 140 	 Ey 	 1 	 2.332570e-10 	 2.563305e-12
16 	 141 	 Ey 	 1 	 2.139372e-10 	 3.163444e-12
16 	 142 	 Ey 	 1 	 1.403486e-10 	 2.596960e-12
16 	 143 	 Ey 	 1 	 2.263109e-11 	 2.253669e-12
16 	 144 	 Ey 	 1 	 -8.419235e-11 	 9.600990e-13
16 	 145 	 Ey 	 1 	 1.469440e-11 	 -5.643227e-13
16 	 146 	 Ey 	 1 	 1.869638e-11 	 -6.368683e-13
16 	 147 	 Ey 	 1 	 2.331699e-11 	 -8.088738e-13
16 	 148 	 Ey 	 1 	 2.917604e-11 	 -1.035334e-12
16 	 149 	 Ey 	 1 	 3.790613e-11 	 -1.662497e-12
16 	 150 	 Ey 	 1 	 5.368174e-11 	 -1.990464e-12
16 	 151 	 Ey 	 1 	 7.526803e-11 	 -2.503696e-12
16 	 152 	 Ey 	 1 	 1.111886e-10 	 -2.262293e-12
16 	 153 	 Ey 	 1 	 1.654932e-10 	 -9.830307e-13
16 	 154 	 Ey 	 1 	 2.377430e-10 	 5.601960e-13
16 	 155 	 Ey 	 1 	 3.152325e-10 	 1.660730e-12
16 	 156 	 Ey 	 1 	 3.752280e-10 	 3.167903e-12
16 	 157 	 Ey 	 1 	 3.757917e-10 	 3.267531e-12
16 	 158 	 Ey 	 1 	 2.588786e-10 	 2.729105e-12
16 	 159 	 Ey 	 1 	 4.386869e-11 	 1.281739e-12
16 	 160 	 Ey 	 1 	 -1.738772e-10 	 5.087348e-13
16 	 161 	 Ey 	 1 	 1.356094e-11 	 -7.454812e-13
16 	 162 	 Ey 	 1 	 1.710291e-11 	 -8.009657e-13
16 	 163 	 Ey 	 1 	 2.217389e-11 	 -8.365568e-13
16 	 164 	 Ey 	 1 	 2.920400e-11 	 -7.913928e-13
16 	 165 	 Ey 	 1 	 3.953638e-11 	 -7.583333e-13
16 	 166 	 Ey 	 1 	 5.554679e-11 	 -7.853393e-13
16 	 167 	 Ey 	 1 	 8.339553e-11 	 -7.785077e-13
16 	 168 	 Ey 	 1 	 1.270595e-10 	 -6.916876e-13
16 	 169 	 Ey 	 1 	 1.956183e-10 	 -5.532756e-13
16 	 170 	 Ey 	 1 	 3.021746e-10 	 5.307836e-13
16 	 171 	 Ey 	 1 	 4.412387e-10 	 1.770160e-12
16 	 172 	 Ey 	 1 	 6.011076e-10 	 1.764212e-12
16 	 173 	 Ey 	 1 	 6.965521e-10 	 2.235781e-12
16 	 174 	 Ey 	 1 	 5.571970e-10 	 1.480363e-12
16 	 175 	 Ey 	 1 	 9.951801e-11 	 -3.024885e-13
16 	 176 	 Ey 	 1 	 -4.053611e-10 	 -1.886112e-12
16 	 177 	 Ey 	 1 	 1.185151e-11 	 -7.121211e-13
16 	 178 	 Ey 	 1 	 1.517659e-11 	 -7.740898e-13
16 	 179 	 Ey 	 1 	 1.995813e-11 	 -6.859125e-13
16 	 180 	 Ey 	 1 	 2.699830e-11 	 -4.243834e-13
16 	 181 	 Ey 	 1 	 3.878817e-11 	 3.013385e-13
16 	 182 	 Ey 	 1 	 5.870833e-11 	 1.363751e-12
16 	 183 	 Ey 	 1 	 8.883384e-11 	 2.077571e-12
16 	 184 	 Ey 	 1 	 1.336082e-10 	 1.174714e-12
16 	 185 	 Ey 	 1 	 2.157427e-10 	 -3.902882e-14
16 	 186 	 Ey 	 1 	 3.585093e-10 	 -4.915928e-13
16 	 187 	 Ey 	 1 	 5.859242e-10 	 -3.172790e-13
16 	 188 	 Ey 	 1 	 9.440096e-10 	 -9.767217e-15
16 	 189 	 Ey 	 1 	 1.363778e-09 	 -1.516056e-12
16 	 190 	 Ey 	 1 	 1.394506e-09 	 -4.204806e-12
16 	 191 	 Ey 	 1 	 2.079318e-10 	 -1.903056e-12
16 	 192 	 Ey 	 1 	 -1.209480e-09 	 -2.067530e-12
16 	 193 	 Ey 	 1 	 9.400581e-12 	 -5.426635e-13
16 	 194 	 Ey 	 1 	 1.164745e-11 	 -6.452806e-13
16 	 195 	 Ey 	 1 	 1.611484e-11 	 -5.290800e-13
16 	 196 	 Ey 	 1 	 2.253270e-11 	 -2.548355e-13
16 	 197 	 Ey 	 1 	 3.443741e-11 	 1.117049e-12
16 	 198 	 Ey 	 1 	 5.339770e-11 	 2.942521e-12
16 	 199 	 Ey 	 1 	 7.902009e-11 	 3.668648e-12
16 	 200 	 Ey 	 1 	 1.192870e-10 	 2.641676e-12
16 	 201 	 Ey 	 1 	 1.946765e-10 	 1.245756e-13
16 	 202 	 Ey 	 1 	 3.507926e-10 	 -1.422321e-12
16 	 203 	 Ey 	 1 	 6.607219e-10 	 -2.998503e-12
16 	 204 	 Ey 	 1 	 1.370565e-09 	 -4.974924e-12
16 	 205 	 Ey 	 1 	 2.890049e-09 	 -6.982197e-12
16 	 206 	 Ey 	 1 	 4.614497e-09 	 -8.201054e-12
16 	 207 	 Ey 	 1 	 1.022681e-09 	 -6.515407e-12
16 	 208 	 Ey 	 1 	 -4.684856e-09 	 -5.735937e-12
16 	 209 	 Ey 	 1 	 6.167696e-12 	 -4.348403e-13
16 	 210 	 Ey 	 1 	 7.720069e-12 	 -5.156958e-13
16 	 211 	 Ey 	 1 	 1.077891e-11 	 -2.190861e-13
16 	 212 	 Ey 	 1 	 1.596807e-11 	 3.887881e-13
16 	 213 	 Ey 	 1 	 2.446728e-11 	 1.642516e-12
16 	 214 	 Ey 	 1 	 3.720849e-11 	 3.207359e-12
16 	 215 	 Ey 	 1 	 5.338669e-11 	 3.885523e-12
16 	 216 	 Ey 	 1 	 8.013259e-11 	 3.424404e-12
16 	 217 	 Ey 	 1 	 1.253956e-10 	 6.708036e-13
16 	 218 	 Ey 	 1 	 2.409531e-10 	 -2.140181e-12
16 	 219 	 Ey 	 1 	 5.224203e-10 	 -5.046857e-12
16 	 220 	 Ey 	 1 	 1.407813e-09 	 -7.047763e-12
16 	 221 	 Ey 	 1 	 4.686334e-09 	 -1.237553e-11
16 	 222 	 Ey 	 1 	 1.994624e-08 	 -1.449673e-11
16 	 223 	 Ey 	 1 	 1.603211e-08 	 -7.995221e-12
16 	 224 	 Ey 	 1 	 -2.815119e-08 	 -7.819773e-12
16 	 225 	 Ey 	 1 	 1.276131e-11 	 -2.225346e-13
16 	 226 	 Ey 	 1 	 1.453139e-11 	 -3.182038e-13
16 	 227 	 Ey 	 1 	 1.769640e-11 	 1.079513e-13
16 	 228 	 Ey 	 1 	 2.228724e-11 	 8.415734e-13
16 	 229 	 Ey 	 1 	 2.875177e-11 	 1.937963e-12
16 	 230 	 Ey 	 1 	 3.508203e-11 	 2.481957e-12
16 	 231 	 Ey 	 1 	 4.357938e-11 	 2.997187e-12
16 	 232 	 Ey 	 1 	 5.550154e-11 	 3.111125e-12
16 	 233 	 Ey 	 1 	 6.887178e-11 	 1.141336e-12
16 	 234 	 Ey 	 1 	 1.037786e-10 	 -1.369449e-12
16 	 235 	 Ey 	 1 	 1.699307e-10 	 -6.320054e-12
16 	 236 	 Ey 	 1 	 4.571221e-10 	 -7.548516e-12
16 	 237 	 Ey 	 1 	 1.688646e-09 	 -6.941813e-12
16 	 238 	 Ey 	 1 	 1.662809e-08 	 -1.090082e-12
16 	 239 	 Ey 	 1 	 4.553030e-06 	 -1.543494e-10
16 	 240 	 Ey 	 1 	 -4.362836e-08 	 -1.172762e-11
16 	 241 	 Ey 	 1 	 -8.859337e-13 	 -2.282902e-15
16 	 242 	 Ey 	 1 	 -1.188165e-12 	 2.998622e-13
16 	 243 	 Ey 	 1 	 -1.917671e-12 	 7.332405e-13
16 	 244 	 Ey 	 1 	 -3.854182e-12 	 1.106468e-12
16 	 245 	 Ey 	 1 	 -7.746981e-12 	 1.383856e-12
16 	 246 	 Ey 	 1 	 -1.435602e-11 	 1.714596e-12
16 	 247 	 Ey 	 1 	 -2.640677e-11 	 2.057348e-12
16 	 248 	 Ey 	 1 	 -5.205101e-11 	 1.544037e-12
16 	 249 	 Ey 	 1 	 -1.040220e-10 	 -1.784724e-13
16 	 250 	 Ey 	 1 	 -2.032909e-10 	 -2.106648e-12
16 	 251 	 Ey 	 1 	 -4.474049e-10 	 -4.717956e-12
16 	 252 	 Ey 	 1 	 -1.178024e-09 	 -5.768339e-12
16 	 253 	 Ey 	 1 	 -4.370580e-09 	 -1.367207e-12
16 	 254 	 Ey 	 1 	 -2.880440e-08 	 -2.949580e-12
16 	 255 	 Ey 	 1 	 -2.699665e-08 	 -1.453437e-11
16 	 256 	 Ey 	 1 	 5.691478e-08 	 -1.020481e-11
16 	 1 	 Ey 	 2 	 1.102662e-11 	 4.640583e-13
16 	 2 	 Ey 	 2 	 1.259511e-11 	 7.638880e-13
16 	 3 	 Ey 	 2 	 1.409341e-11 	 1.140381e-12
16 	 4 	 Ey 	 2 	 1.556479e-11 	 1.493018e-12
16 	 5 	 Ey 	 2 	 1.725931e-11 	 1.816819e-12
16 	 6 	 Ey 	 2 	 1.874754e-11 	 1.996251e-12
16 	 7 	 Ey 	 2 	 1.967878e-11 	 1.977486e-12
16 	 8 	 Ey 	 2 	 1.979759e-11 	 1.676682e-12
16 	 9 	 Ey 	 2 	 1.861953e-11 	 1.073574e-12
16 	 10 	 Ey 	 2 	 1.640451e-11 	 3.590868e-13
16 	 11 	 Ey 	 2 	 1.338098e-11 	 -4.910410e-13
16 	 12 	 Ey 	 2 	 9.422825e-12 	 -1.307122e-12
16 	 13 	 Ey 	 2 	 5.428139e-12 	 -1.839820e-12
16 	 14 	 Ey 	 2 	 9.779762e-13 	 -2.106669e-12
16 	 15 	 Ey 	 2 	 -2.787891e-12 	 -2.073398e-12
16 	 16 	 Ey 	 2 	 -7.744994e-12 	 -2.127612e-12
16 	 17 	 Ey 	 2 	 1.224521e-11 	 4.881774e-13
16 	 18 	 Ey 	 2 	 1.386504e-11 	 6.894361e-13
16 	 19 	 Ey 	 2 	 1.578809e-11 	 1.084075e-12
16 	 20 	 Ey 	 2 	 1.823986e-11 	 1.649933e-12
16 	 21 	 Ey 	 2 	 2.082255e-11 	 2.191470e-12
16 	 22 	 Ey 	 2 	 2.291899e-11 	 2.445100e-12
16 	 23 	 Ey 	 2 	 2.442324e-11 	 2.335392e-12
16 	 24 	 Ey 	 2 	 2.560373e-11 	 2.093967e-12
16 	 25 	 Ey 	 2 	 2.471879e-11 	 1.449689e-12
16 	 26 	 Ey 	 2 	 2.225113e-11 	 7.125205e-13
16 	 27 	 Ey 	 2 	 1.783429e-11 	 -2.690452e-13
16 	 28 	 Ey 	 2 	 1.303996e-11 	 -1.174135e-12
16 	 29 	 Ey 	 2 	 7.096138e-12 	 -1.818806e-12
16 	 30 	 Ey 	 2 	 1.616979e-12 	 -2.138395e-12
16 	 31 	 Ey 	 2 	 -3.888331e-12 	 -2.212793e-12
16 	 32 	 Ey 	 2 	 -1.014227e-11 	 -2.357184e-12
16 	 33 	 Ey 	 2 	 1.318883e-11 	 4.109047e-13
16 	 34 	 Ey 	 2 	 1.534997e-11 	 5.977990e-13
16 	 35 	 Ey 	 2 	 1.751073e-11 	 8.585184e-13
16 	 36 	 Ey 	 2 	 2.018307e-11 	 1.349636e-12
16 	 37 	 Ey 	 2 	 2.360421e-11 	 1.963467e-12
16 	 38 	 Ey 	 2 	 2.744133e-11 	 2.540452e-12
16 	 39 	 Ey 	 2 	 3.041442e-11 	 2.560323e-12
16 	 40 	 Ey 	 2 	 3.206339e-11 	 2.171789e-12
16 	 41 	 Ey 	 2 	 3.171394e-11 	 1.650234e-12
16 	 42 	 Ey 	 2 	 2.975218e-11 	 1.129048e-12
16 	 43 	 Ey 	 2 	 2.514299e-11 	 3.154722e-13
16 	 44 	 Ey 	 2 	 1.929479e-11 	 -6.018864e-13
16 	 45 	 Ey 	 2 	 1.161696e-11 	 -1.345921e-12
16 	 46 	 Ey 	 2 	 3.032118e-12 	 -1.824370e-12
16 	 47 	 Ey 	 2 	 -4.523745e-12 	 -2.282332e-12
16 	 48 	 Ey 	 2 	 -1.180332e-11 	 -2.373986e-12
16 	 49 	 Ey 	 2 	 1.410770e-11 	 1.901875e-13
16 	 50 	 Ey 	 2 	 1.661490e-11 	 3.525847e-13
16 	 51 	 Ey 	 2 	 1.903338e-11 	 5.024432e-13
16 	 52 	 Ey 	 2 	 2.210829e-11 	 7.738428e-13
16 	 53 	 Ey 	 2 	 2.637644e-11 	 1.138215e-12
16 	 54 	 Ey 	 2 	 3.086644e-11 	 1.578758e-12
16 	 55 	 Ey 	 2 	 3.539062e-11 	 1.851693e-12
16 	 56 	 Ey 	 2 	 3.889830e-11 	 1.754062e-12
16 	 57 	 Ey 	 2 	 4.014812e-11 	 1.781369e-12
16 	 58 	 Ey 	 2 	 3.948476e-11 	 1.875020e-12
16 	 59 	 Ey 	 2 	 3.626706e-11 	 1.483580e-12
16 	 60 	 Ey 	 2 	 3.011548e-11 	 6.890216e-13
16 	 61 	 Ey 	 2 	 1.853908e-11 	 -2.408275e-13
16 	 62 	 Ey 	 2 	 7.231162e-12 	 -1.167381e-12
16 	 63 	 Ey 	 2 	 -5.149964e-12 	 -1.777487e-12
16 	 64 	 Ey 	 2 	 -1.446780e-11 	 -1.901745e-12
16 	 65 	 Ey 	 2 	 1.498713e-11 	 -9.334636e-14
16 	 66 	 Ey 	 2 	 1.746044e-11 	 -8.631635e-14
16 	 67 	 Ey 	 2 	 2.037007e-11 	 -1.012948e-13
16 	 68 	 Ey 	 2 	 2.391782e-11 	 -2.503140e-13
16 	 69 	 Ey 	 2 	 2.822674e-11 	 -4.793045e-13
16 	 70 	 Ey 	 2 	 3.406842e-11 	 -4.335752e-13
16 	 71 	 Ey 	 2 	 4.039240e-11 	 -1.105859e-13
16 	 72 	 Ey 	 2 	 4.654186e-11 	 4.508208e-13
16 	 73 	 Ey 	 2 	 5.132535e-11 	 1.587732e-12
16 	 74 	 Ey 	 2 	 5.301075e-11 	 2.643630e-12
16 	 75 	 Ey 	 2 	 5.089794e-11 	 2.797550e-12
16 	 76 	 Ey 	 2 	 4.382901e-11 	 2.240105e-12
16 	 77 	 Ey 	 2 	 3.039983e-11 	 1.445646e-12
16 	 78 	 Ey 	 2 	 1.317739e-11 	 2.905200e-13
16 	 79 	 Ey 	 2 	 -2.557758e-12 	 -9.446073e-13
16 	 80 	 Ey 	 2 	 -1.825746e-11 	 -1.041127e-12
16 	 81 	 Ey 	 2 	 1.565595e-11 	 -3.966360e-13
16 	 82 	 Ey 	 2 	 1.814216e-11 	 -5.855773e-13
16 	 83 	 Ey 	 2 	 2.174347e-11 	 -8.522837e-13
16 	 84 	 Ey 	 2 	 2.591214e-11 	 -1.390992e-12
16 	 85 	 Ey 	 2 	 3.101735e-11 	 -2.212309e-12
16 	 86 	 Ey 	 2 	 3.723211e-11 	 -2.774617e-12
16 	 87 	 Ey 	 2 	 4.612812e-11 	 -2.591507e-12
16 	 88 	 Ey 	 2 	 5.555179e-11 	 -1.500925e-12
16 	 89 	 Ey 	 2 	 6.318328e-11 	 6.168013e-13
16 	 90 	 Ey 	 2 	 6.945471e-11 	 3.090938e-12
16 	 91 	 Ey 	 2 	 7.300668e-11 	 3.840395e-12
16 	 92 	 Ey 	 2 	 6.464948e-11 	 4.355532e-12
16 	 93 	 Ey 	 2 	 4.845944e-11 	 3.261168e-12
16 	 94 	 Ey 	 2 	 2.535121e-11 	 2.221248e-12
16 	 95 	 Ey 	 2 	 4.631082e-13 	 7.474012e-13
16 	 96 	 Ey 	 2 	 -2.310158e-11 	 -4.310511e-14
16 	 97 	 Ey 	 2 	 1.603486e-11 	 -5.068247e-13
16 	 98 	 Ey 	 2 	 1.928330e-11 	 -8.814244e-13
16 	 99 	 Ey 	 2 	 2.313395e-11 	 -1.433638e-12
16 	 100 	 Ey 	 2 	 2.774781e-11 	 -2.273619e-12
16 	 101 	 Ey 	 2 	 3.420796e-11 	 -3.434638e-12
16 	 102 	 Ey 	 2 	 4.339695e-11 	 -4.580414e-12
16 	 103 	 Ey 	 2 	 5.391214e-11 	 -4.723549e-12
16 	 104 	 Ey 	 2 	 6.764278e-11 	 -3.456757e-12
16 	 105 	 Ey 	 2 	 8.261611e-11 	 -7.136064e-14
16 	 106 	 Ey 	 2 	 9.540942e-11 	 4.177717e-12
16 	 107 	 Ey 	 2 	 1.013259e-10 	 6.569436e-12
16 	 108 	 Ey 	 2 	 9.767741e-11 	 6.210568e-12
16 	 109 	 Ey 	 2 	 7.396170e-11 	 5.759997e-12
16 	 110 	 Ey 	 2 	 4.590871e-11 	 3.910540e-12
16 	 111 	 Ey 	 2 	 5.320920e-12 	 2.635610e-12
16 	 112 	 Ey 	 2 	 -3.399614e-11 	 1.355463e-12
16 	 113 	 Ey 	 2 	 1.632384e-11 	 -6.617065e-13
16 	 114 	 Ey 	 2 	 2.001492e-11 	 -1.045105e-12
16 	 115 	 Ey 	 2 	 2.379503e-11 	 -1.703891e-12
16 	 116 	 Ey 	 2 	 2.905550e-11 	 -2.619493e-12
16 	 117 	 Ey 	 2 	 3.629694e-11 	 -4.121643e-12
16 	 118 	 Ey 	 2 	 4.783263e-11 	 -5.805750e-12
16 	 119 	 Ey 	 2 	 6.336798e-11 	 -6.034185e-12
16 	 120 	 Ey 	 2 	 8.329151e-11 	 -4.422833e-12
16 	 121 	 Ey 	 2 	 1.085243e-10 	 -3.270046e-13
16 	 122 	 Ey 	 2 	 1.329085e-10 	 5.581122e-12
16 	 123 	 Ey 	 2 	 1.495092e-10 	 8.560621e-12
16 	 124 	 Ey 	 2 	 1.495515e-10 	 8.881505e-12
16 	 125 	 Ey 	 2 	 1.262099e-10 	 8.296961e-12
16 	 126 	 Ey 	 2 	 7.611198e-11 	 7.060123e-12
16 	 127 	 Ey 	 2 	 1.195679e-11 	 4.106045e-12
16 	 128 	 Ey 	 2 	 -4.820584e-11 	 2.093790e-12
16 	 129 	 Ey 	 2 	 1.630879e-11 	 -7.164105e-13
16 	 130 	 Ey 	 2 	 2.000689e-11 	 -1.170361e-12
16 	 131 	 Ey 	 2 	 2.436678e-11 	 -1.819347e-12
16 	 132 	 Ey 	 2 	 3.047643e-11 	 -2.800717e-12
16 	 133 	 Ey 	 2 	 3.873536e-11 	 -4.339865e-12
16 	 134 	 Ey 	 2 	 5.252837e-11 	 -6.182011e-12
16 	 135 	 Ey 	 2 	 7.256177e-11 	 -6.738185e-12
16 	 136 	 Ey 	 2 	 1.007245e-10 	 -5.578962e-12
16 	 137 	 Ey 	 2 	 1.381724e-10 	 -4.422194e-13
16 	 138 	 Ey 	 2 	 1.803532e-10 	 5.967015e-12
16 	 139 	 Ey 	 2 	 2.145435e-10 	 1.003497e-11
16 	 140 	 Ey 	 2 	 2.325580e-10 	 1.156646e-11
16 	 141 	 Ey 	 2 	 2.115410e-10 	 1.194875e-11
16 	 142 	 Ey 	 2 	 1.379429e-10 	 9.330684e-12
16 	 143 	 Ey 	 2 	 2.022627e-11 	 6.580881e-12
16 	 144 	 Ey 	 2 	 -8.471325e-11 	 2.822979e-12
16 	 145 	 Ey 	 2 	 1.521772e-11 	 -7.523984e-13
16 	 146 	 Ey 	 2 	 1.931446e-11 	 -1.154628e-12
16 	 147 	 Ey 	 2 	 2.417676e-11 	 -1.708954e-12
16 	 148 	 Ey 	 2 	 3.040438e-11 	 -2.528204e-12
16 	 149 	 Ey 	 2 	 4.030584e-11 	 -4.138918e-12
16 	 150 	 Ey 	 2 	 5.701902e-11 	 -5.726657e-12
16 	 151 	 Ey 	 2 	 7.999602e-11 	 -6.737714e-12
16 	 152 	 Ey 	 2 	 1.163912e-10 	 -5.616455e-12
16 	 153 	 Ey 	 2 	 1.696308e-10 	 -1.087943e-12
16 	 154 	 Ey 	 2 	 2.406110e-10 	 5.321018e-12
16 	 155 	 Ey 	 2 	 3.171735e-10 	 1.022032e-11
16 	 156 	 Ey 	 2 	 3.749041e-10 	 1.393609e-11
16 	 157 	 Ey 	 2 	 3.745838e-10 	 1.408551e-11
16 	 158 	 Ey 	 2 	 2.571619e-10 	 1.125882e-11
16 	 159 	 Ey 	 2 	 4.341897e-11 	 5.956778e-12
16 	 160 	 Ey 	 2 	 -1.734312e-10 	 3.086944e-12
16 	 161 	 Ey 	 2 	 1.424820e-11 	 -7.244393e-13
16 	 162 	 Ey 	 2 	 1.782231e-11 	 -9.848894e-13
16 	 163 	 Ey 	 2 	 2.279418e-11 	 -1.156534e-12
16 	 164 	 Ey 	 2 	 2.979010e-11 	 -1.617667e-12
16 	 165 	 Ey 	 2 	 4.022545e-11 	 -2.382174e-12
16 	 166 	 Ey 	 2 	 5.647884e-11 	 -3.300319e-12
16 	 167 	 Ey 	 2 	 8.490980e-11 	 -4.196165e-12
16 	 168 	 Ey 	 2 	 1.294150e-10 	 -3.957638e-12
16 	 169 	 Ey 	 2 	 1.988736e-10 	 -2.107091e-12
16 	 170 	 Ey 	 2 	 3.049996e-10 	 3.108740e-12
16 	 171 	 Ey 	 2 	 4.429712e-10 	 8.182265e-12
16 	 172 	 Ey 	 2 	 6.032962e-10 	 1.025963e-11
16 	 173 	 Ey 	 2 	 6.977486e-10 	 1.254506e-11
16 	 174 	 Ey 	 2 	 5.584999e-10 	 1.009593e-11
16 	 175 	 Ey 	 2 	 1.020636e-10 	 3.370298e-12
16 	 176 	 Ey 	 2 	 -4.012163e-10 	 -2.000762e-12
16 	 177 	 Ey 	 2 	 1.238309e-11 	 -3.929216e-13
16 	 178 	 Ey 	 2 	 1.568738e-11 	 -4.484889e-13
16 	 179 	 Ey 	 2 	 2.027201e-11 	 -4.978927e-13
16 	 180 	 Ey 	 2 	 2.679324e-11 	 -2.127427e-13
16 	 181 	 Ey 	 2 	 3.748554e-11 	 4.150114e-13
16 	 182 	 Ey 	 2 	 5.597679e-11 	 1.263900e-12
16 	 183 	 Ey 	 2 	 8.555037e-11 	 1.115647e-12
16 	 184 	 Ey 	 2 	 1.326532e-10 	 -1.535280e-12
16 	 185 	 Ey 	 2 	 2.176674e-10 	 -3.304852e-12
16 	 186 	 Ey 	 2 	 3.624905e-10 	 -1.930948e-12
16 	 187 	 Ey 	 2 	 5.902135e-10 	 9.032955e-13
16 	 188 	 Ey 	 2 	 9.474919e-10 	 2.891244e-12
16 	 189 	 Ey 	 2 	 1.368450e-09 	 -1.369779e-13
16 	 190 	 Ey 	 2 	 1.402458e-09 	 -6.607202e-12
16 	 191 	 Ey 	 2 	 2.125954e-10 	 -8.233956e-13
16 	 192 	 Ey 	 2 	 -1.205759e-09 	 -3.692186e-12
16 	 193 	 Ey 	 2 	 9.700509e-12 	 -1.989758e-14
16 	 194 	 Ey 	 2 	 1.201258e-11 	 -3.837670e-14
16 	 195 	 Ey 	 2 	 1.615221e-11 	 2.142357e-13
16 	 196 	 Ey 	 2 	 2.194460e-11 	 8.681434e-13
16 	 197 	 Ey 	 2 	 3.177861e-11 	 2.617461e-12
16 	 198 	 Ey 	 2 	 4.806871e-11 	 4.925474e-12
16 	 199 	 Ey 	 2 	 7.303198e-11 	 4.649420e-12
16 	 200 	 Ey 	 2 	 1.154873e-10 	 6.800905e-13
16 	 201 	 Ey 	 2 	 1.953620e-10 	 -5.522559e-12
16 	 202 	 Ey 	 2 	 3.543730e-10 	 -7.777317e-12
16 	 203 	 Ey 	 2 	 6.667493e-10 	 -1.005810e-11
16 	 204 	 Ey 	 2 	 1.378526e-09 	 -1.431688e-11
16 	 205 	 Ey 	 2 	 2.898853e-09 	 -1.933586e-11
16 	 206 	 Ey 	 2 	 4.623066e-09 	 -2.246195e-11
16 	 207 	 Ey 	 2 	 1.030699e-09 	 -1.636335e-11
16 	 208 	 Ey 	 2 	 -4.677585e-09 	 -1.648816e-11
16 	 209 	 Ey 	 2 	 6.339019e-12 	 2.801653e-13
16 	 210 	 Ey 	 2 	 7.854092e-12 	 3.633004e-13
16 	 211 	 Ey 	 2 	 1.034952e-11 	 8.396331e-13
16 	 212 	 Ey 	 2 	 1.449476e-11 	 1.909156e-12
16 	 213 	 Ey 	 2 	 2.110073e-11 	 3.628703e-12
16 	 214 	 Ey 	 2 	 3.159882e-11 	 5.538600e-12
16 	 215 	 Ey 	 2 	 4.706157e-11 	 5.199764e-12
16 	 216 	 Ey 	 2 	 7.479370e-11 	 2.398345e-12
16 	 217 	 Ey 	 2 	 1.244194e-10 	 -4.812014e-12
16 	 218 	 Ey 	 2 	 2.443574e-10 	 -1.171219e-11
16 	 219 	 Ey 	 2 	 5.298514e-10 	 -1.804310e-11
16 	 220 	 Ey 	 2 	 1.417254e-09 	 -2.179198e-11
16 	 221 	 Ey 	 2 	 4.698637e-09 	 -3.756765e-11
16 	 222 	 Ey 	 2 	 1.995599e-08 	 -4.202921e-11
16 	 223 	 Ey 	 2 	 1.603946e-08 	 -1.851027e-11
16 	 224 	 Ey 	 2 	 -2.813998e-08 	 -2.952780e-11
16 	 225 	 Ey 	 2 	 1.266617e-11 	 5.752088e-13
16 	 226 	 Ey 	 2 	 1.433246e-11 	 7.716507e-13
16 	 227 	 Ey 	 2 	 1.673806e-11 	 1.495334e-12
16 	 228 	 Ey 	 2 	 2.023194e-11 	 2.481570e-12
16 	 229 	 Ey 	 2 	 2.518005e-11 	 3.652362e-12
16 	 230 	 Ey 	 2 	 3.075711e-11 	 4.022708e-12
16 	 231 	 Ey 	 2 	 3.865235e-11 	 3.973188e-12
16 	 232 	 Ey 	 2 	 5.059867e-11 	 2.576721e-12
16 	 233 	 Ey 	 2 	 6.707370e-11 	 -2.809064e-12
16 	 234 	 Ey 	 2 	 1.057411e-10 	 -9.392561e-12
16 	 235 	 Ey 	 2 	 1.787146e-10 	 -2.141050e-11
16 	 236 	 Ey 	 2 	 4.683895e-10 	 -2.200669e-11
16 	 237 	 Ey 	 2 	 1.699391e-09 	 -1.782401e-11
16 	 238 	 Ey 	 2 	 1.663260e-08 	 7.860225e-12
16 	 239 	 Ey 	 2 	 4.552497e-06 	 5.764234e-10
16 	 240 	 Ey 	 2 	 -4.361774e-08 	 -5.105123e-11
16 	 241 	 Ey 	 2 	 -1.288741e-12 	 9.103526e-13
16 	 242 	 Ey 	 2 	 -2.116170e-12 	 1.332103e-12
16 	 243 	 Ey 	 2 	 -3.476569e-12 	 1.906370e-12
16 	 244 	 Ey 	 2 	 -6.006935e-12 	 2.433398e-12
16 	 245 	 Ey 	 2 	 -1.029175e-11 	 2.624675e-12
16 	 246 	 Ey 	 2 	 -1.728621e-11 	 2.564629e-12
16 	 247 	 Ey 	 2 	 -2.971784e-11 	 2.195250e-12
16 	 248 	 Ey 	 2 	 -5.444296e-11 	 -7.933478e-15
16 	 249 	 Ey 	 2 	 -1.037442e-10 	 -4.878131e-12
16 	 250 	 Ey 	 2 	 -2.000393e-10 	 -9.876688e-12
16 	 251 	 Ey 	 2 	 -4.400854e-10 	 -1.568769e-11
16 	 252 	 Ey 	 2 	 -1.167752e-09 	 -1.604657e-11
16 	 253 	 Ey 	 2 	 -4.361695e-09 	 1.291811e-12
16 	 254 	 Ey 	 2 	 -2.879407e-08 	 -1.117807e-11
16 	 255 	 Ey 	 2 	 -2.698614e-08 	 -5.632064e-11
16 	 256 	 Ey 	 2 	 5.691721e-08 	 -1.530993e-11
