iTx 	 iRx    chrec  ifreq 	 emf_real 	 emf_imag
3 	 1 	 Ex 	 1 	 8.928158e-11 	 2.504301e-11
3 	 2 	 Ex 	 1 	 1.301989e-10 	 3.125827e-11
3 	 3 	 Ex 	 1 	 1.986543e-10 	 3.958023e-11
3 	 4 	 Ex 	 1 	 3.181756e-10 	 5.058152e-11
3 	 5 	 Ex 	 1 	 5.352888e-10 	 6.664136e-11
3 	 6 	 Ex 	 1 	 9.526724e-10 	 9.008620e-11
3 	 7 	 Ex 	 1 	 1.924722e-09 	 1.255758e-10
3 	 8 	 Ex 	 1 	 4.369661e-09 	 1.812935e-10
3 	 9 	 Ex 	 1 	 1.240757e-08 	 2.960026e-10
3 	 10 	 Ex 	 1 	 1.153910e-08 	 5.225441e-10
3 	 11 	 Ex 	 1 	 -6.145384e-08 	 6.772874e-10
3 	 12 	 Ex 	 1 	 1.800868e-08 	 3.766854e-10
3 	 13 	 Ex 	 1 	 6.504170e-09 	 2.217572e-10
3 	 14 	 Ex 	 1 	 2.624693e-09 	 1.515104e-10
3 	 15 	 Ex 	 1 	 1.252230e-09 	 1.062848e-10
3 	 16 	 Ex 	 1 	 6.785864e-10 	 8.098201e-11
3 	 17 	 Ex 	 1 	 9.088945e-11 	 2.498925e-11
3 	 18 	 Ex 	 1 	 1.303021e-10 	 3.028241e-11
3 	 19 	 Ex 	 1 	 2.001279e-10 	 3.822994e-11
3 	 20 	 Ex 	 1 	 3.323098e-10 	 5.048848e-11
3 	 21 	 Ex 	 1 	 5.663613e-10 	 6.648185e-11
3 	 22 	 Ex 	 1 	 1.009088e-09 	 8.853016e-11
3 	 23 	 Ex 	 1 	 2.190135e-09 	 1.277895e-10
3 	 24 	 Ex 	 1 	 5.627720e-09 	 1.890138e-10
3 	 25 	 Ex 	 1 	 2.322640e-08 	 3.313663e-10
3 	 26 	 Ex 	 1 	 5.308204e-08 	 8.141553e-10
3 	 27 	 Ex 	 1 	 6.755400e-07 	 2.349397e-09
3 	 28 	 Ex 	 1 	 5.274713e-08 	 4.557819e-10
3 	 29 	 Ex 	 1 	 9.664330e-09 	 2.432911e-10
3 	 30 	 Ex 	 1 	 3.214994e-09 	 1.582739e-10
3 	 31 	 Ex 	 1 	 1.385403e-09 	 1.083115e-10
3 	 32 	 Ex 	 1 	 7.425508e-10 	 8.373748e-11
3 	 33 	 Ex 	 1 	 8.612300e-11 	 2.472151e-11
3 	 34 	 Ex 	 1 	 1.223328e-10 	 2.986767e-11
3 	 35 	 Ex 	 1 	 1.817709e-10 	 3.656063e-11
3 	 36 	 Ex 	 1 	 2.867107e-10 	 4.643414e-11
3 	 37 	 Ex 	 1 	 4.863328e-10 	 6.195584e-11
3 	 38 	 Ex 	 1 	 8.392069e-10 	 8.371898e-11
3 	 39 	 Ex 	 1 	 1.616801e-09 	 1.195038e-10
3 	 40 	 Ex 	 1 	 3.353969e-09 	 1.752774e-10
3 	 41 	 Ex 	 1 	 7.013218e-09 	 2.753454e-10
3 	 42 	 Ex 	 1 	 -4.446569e-09 	 4.174980e-10
3 	 43 	 Ex 	 1 	 -2.776446e-08 	 4.893772e-10
3 	 44 	 Ex 	 1 	 6.989537e-09 	 3.300355e-10
3 	 45 	 Ex 	 1 	 4.671229e-09 	 2.132473e-10
3 	 46 	 Ex 	 1 	 2.217342e-09 	 1.468519e-10
3 	 47 	 Ex 	 1 	 1.130944e-09 	 1.067914e-10
3 	 48 	 Ex 	 1 	 6.529892e-10 	 8.197465e-11
3 	 49 	 Ex 	 1 	 7.562781e-11 	 2.406172e-11
3 	 50 	 Ex 	 1 	 1.033451e-10 	 2.868482e-11
3 	 51 	 Ex 	 1 	 1.452317e-10 	 3.416436e-11
3 	 52 	 Ex 	 1 	 2.156359e-10 	 4.197006e-11
3 	 53 	 Ex 	 1 	 3.389234e-10 	 5.384243e-11
3 	 54 	 Ex 	 1 	 5.413361e-10 	 7.381619e-11
3 	 55 	 Ex 	 1 	 8.434424e-10 	 1.061595e-10
3 	 56 	 Ex 	 1 	 1.103728e-09 	 1.497674e-10
3 	 57 	 Ex 	 1 	 3.531093e-10 	 2.011949e-10
3 	 58 	 Ex 	 1 	 -3.370536e-09 	 2.453093e-10
3 	 59 	 Ex 	 1 	 -5.294053e-09 	 2.570046e-10
3 	 60 	 Ex 	 1 	 -9.099210e-10 	 2.197045e-10
3 	 61 	 Ex 	 1 	 1.033964e-09 	 1.708997e-10
3 	 62 	 Ex 	 1 	 9.936474e-10 	 1.278617e-10
3 	 63 	 Ex 	 1 	 7.128598e-10 	 9.867895e-11
3 	 64 	 Ex 	 1 	 4.761767e-10 	 7.624576e-11
3 	 65 	 Ex 	 1 	 6.119374e-11 	 2.281049e-11
3 	 66 	 Ex 	 1 	 8.028919e-11 	 2.701488e-11
3 	 67 	 Ex 	 1 	 1.068684e-10 	 3.221348e-11
3 	 68 	 Ex 	 1 	 1.411562e-10 	 3.667963e-11
3 	 69 	 Ex 	 1 	 1.987261e-10 	 4.545549e-11
3 	 70 	 Ex 	 1 	 2.798790e-10 	 6.242883e-11
3 	 71 	 Ex 	 1 	 3.359580e-10 	 8.805880e-11
3 	 72 	 Ex 	 1 	 2.136636e-10 	 1.238711e-10
3 	 73 	 Ex 	 1 	 -4.338182e-10 	 1.511094e-10
3 	 74 	 Ex 	 1 	 -1.481894e-09 	 1.649661e-10
3 	 75 	 Ex 	 1 	 -1.829975e-09 	 1.663752e-10
3 	 76 	 Ex 	 1 	 -9.308261e-10 	 1.553471e-10
3 	 77 	 Ex 	 1 	 -2.792898e-11 	 1.340107e-10
3 	 78 	 Ex 	 1 	 3.280232e-10 	 1.070243e-10
3 	 79 	 Ex 	 1 	 3.578912e-10 	 8.631534e-11
3 	 80 	 Ex 	 1 	 2.903340e-10 	 6.700487e-11
3 	 81 	 Ex 	 1 	 4.778902e-11 	 2.185097e-11
3 	 82 	 Ex 	 1 	 5.930387e-11 	 2.551870e-11
3 	 83 	 Ex 	 1 	 7.353949e-11 	 2.982875e-11
3 	 84 	 Ex 	 1 	 8.540900e-11 	 3.321358e-11
3 	 85 	 Ex 	 1 	 1.012054e-10 	 3.874789e-11
3 	 86 	 Ex 	 1 	 1.118553e-10 	 5.088517e-11
3 	 87 	 Ex 	 1 	 9.066831e-11 	 7.280967e-11
3 	 88 	 Ex 	 1 	 -6.377313e-11 	 9.899137e-11
3 	 89 	 Ex 	 1 	 -4.144858e-10 	 1.166028e-10
3 	 90 	 Ex 	 1 	 -7.740328e-10 	 1.209774e-10
3 	 91 	 Ex 	 1 	 -8.700054e-10 	 1.201196e-10
3 	 92 	 Ex 	 1 	 -5.976469e-10 	 1.153113e-10
3 	 93 	 Ex 	 1 	 -2.109093e-10 	 1.037352e-10
3 	 94 	 Ex 	 1 	 4.818673e-11 	 8.832597e-11
3 	 95 	 Ex 	 1 	 1.408646e-10 	 6.962751e-11
3 	 96 	 Ex 	 1 	 1.523912e-10 	 5.836046e-11
3 	 97 	 Ex 	 1 	 3.467596e-11 	 2.046479e-11
3 	 98 	 Ex 	 1 	 4.007563e-11 	 2.333084e-11
3 	 99 	 Ex 	 1 	 4.552873e-11 	 2.682046e-11
3 	 100 	 Ex 	 1 	 4.894987e-11 	 3.056973e-11
3 	 101 	 Ex 	 1 	 4.434277e-11 	 3.386852e-11
3 	 102 	 Ex 	 1 	 3.251396e-11 	 4.259508e-11
3 	 103 	 Ex 	 1 	 -1.471206e-11 	 5.839720e-11
3 	 104 	 Ex 	 1 	 -1.252068e-10 	 7.770309e-11
3 	 105 	 Ex 	 1 	 -3.095579e-10 	 8.961112e-11
3 	 106 	 Ex 	 1 	 -4.628931e-10 	 9.128061e-11
3 	 107 	 Ex 	 1 	 -4.821246e-10 	 9.025477e-11
3 	 108 	 Ex 	 1 	 -3.975259e-10 	 8.999015e-11
3 	 109 	 Ex 	 1 	 -2.068121e-10 	 8.263498e-11
3 	 110 	 Ex 	 1 	 -5.872754e-11 	 7.080932e-11
3 	 111 	 Ex 	 1 	 3.005374e-11 	 5.922075e-11
3 	 112 	 Ex 	 1 	 6.995811e-11 	 5.046310e-11
3 	 113 	 Ex 	 1 	 2.371640e-11 	 1.889716e-11
3 	 114 	 Ex 	 1 	 2.567539e-11 	 2.188543e-11
3 	 115 	 Ex 	 1 	 2.625004e-11 	 2.457376e-11
3 	 116 	 Ex 	 1 	 2.203449e-11 	 2.692039e-11
3 	 117 	 Ex 	 1 	 1.178141e-11 	 2.935451e-11
3 	 118 	 Ex 	 1 	 -6.554291e-12 	 3.524092e-11
3 	 119 	 Ex 	 1 	 -4.928761e-11 	 4.609193e-11
3 	 120 	 Ex 	 1 	 -1.317045e-10 	 6.051630e-11
3 	 121 	 Ex 	 1 	 -2.407567e-10 	 7.077685e-11
3 	 122 	 Ex 	 1 	 -3.155992e-10 	 7.273797e-11
3 	 123 	 Ex 	 1 	 -3.182535e-10 	 7.125427e-11
3 	 124 	 Ex 	 1 	 -2.749471e-10 	 7.078545e-11
3 	 125 	 Ex 	 1 	 -1.808683e-10 	 6.667164e-11
3 	 126 	 Ex 	 1 	 -8.304713e-11 	 5.770711e-11
3 	 127 	 Ex 	 1 	 -1.972443e-11 	 4.993896e-11
3 	 128 	 Ex 	 1 	 1.647342e-11 	 4.271814e-11
3 	 129 	 Ex 	 1 	 1.485254e-11 	 1.732580e-11
3 	 130 	 Ex 	 1 	 1.525853e-11 	 1.996981e-11
3 	 131 	 Ex 	 1 	 1.317670e-11 	 2.217952e-11
3 	 132 	 Ex 	 1 	 7.567752e-12 	 2.407696e-11
3 	 133 	 Ex 	 1 	 -4.780435e-12 	 2.562230e-11
3 	 134 	 Ex 	 1 	 -2.235953e-11 	 2.943638e-11
3 	 135 	 Ex 	 1 	 -5.983174e-11 	 3.719708e-11
3 	 136 	 Ex 	 1 	 -1.189292e-10 	 4.749293e-11
3 	 137 	 Ex 	 1 	 -1.870246e-10 	 5.522225e-11
3 	 138 	 Ex 	 1 	 -2.293732e-10 	 5.771040e-11
3 	 139 	 Ex 	 1 	 -2.209727e-10 	 5.585054e-11
3 	 140 	 Ex 	 1 	 -1.988078e-10 	 5.574272e-11
3 	 141 	 Ex 	 1 	 -1.469387e-10 	 5.350505e-11
3 	 142 	 Ex 	 1 	 -8.595744e-11 	 4.680148e-11
3 	 143 	 Ex 	 1 	 -3.880328e-11 	 4.124971e-11
3 	 144 	 Ex 	 1 	 -1.176516e-11 	 3.587519e-11
3 	 145 	 Ex 	 1 	 8.320883e-12 	 1.585635e-11
3 	 146 	 Ex 	 1 	 6.696665e-12 	 1.788963e-11
3 	 147 	 Ex 	 1 	 3.919658e-12 	 1.989832e-11
3 	 148 	 Ex 	 1 	 -1.726631e-12 	 2.140445e-11
3 	 149 	 Ex 	 1 	 -1.155582e-11 	 2.242984e-11
3 	 150 	 Ex 	 1 	 -3.018124e-11 	 2.521862e-11
3 	 151 	 Ex 	 1 	 -5.865771e-11 	 3.014891e-11
3 	 152 	 Ex 	 1 	 -1.041106e-10 	 3.754169e-11
3 	 153 	 Ex 	 1 	 -1.476786e-10 	 4.289759e-11
3 	 154 	 Ex 	 1 	 -1.699231e-10 	 4.449481e-11
3 	 155 	 Ex 	 1 	 -1.658997e-10 	 4.441392e-11
3 	 156 	 Ex 	 1 	 -1.525177e-10 	 4.455890e-11
3 	 157 	 Ex 	 1 	 -1.192685e-10 	 4.262332e-11
3 	 158 	 Ex 	 1 	 -7.874792e-11 	 3.809207e-11
3 	 159 	 Ex 	 1 	 -4.761027e-11 	 3.374354e-11
3 	 160 	 Ex 	 1 	 -2.506441e-11 	 2.965562e-11
3 	 161 	 Ex 	 1 	 3.245794e-12 	 1.421557e-11
3 	 162 	 Ex 	 1 	 1.344883e-12 	 1.609582e-11
3 	 163 	 Ex 	 1 	 -1.503223e-12 	 1.810564e-11
3 	 164 	 Ex 	 1 	 -6.737566e-12 	 1.907036e-11
3 	 165 	 Ex 	 1 	 -1.584518e-11 	 1.957258e-11
3 	 166 	 Ex 	 1 	 -2.896638e-11 	 2.105948e-11
3 	 167 	 Ex 	 1 	 -5.458279e-11 	 2.432785e-11
3 	 168 	 Ex 	 1 	 -8.869633e-11 	 2.935748e-11
3 	 169 	 Ex 	 1 	 -1.207236e-10 	 3.394677e-11
3 	 170 	 Ex 	 1 	 -1.310766e-10 	 3.457987e-11
3 	 171 	 Ex 	 1 	 -1.283348e-10 	 3.565978e-11
3 	 172 	 Ex 	 1 	 -1.220628e-10 	 3.592328e-11
3 	 173 	 Ex 	 1 	 -9.886668e-11 	 3.421386e-11
3 	 174 	 Ex 	 1 	 -7.118273e-11 	 3.079560e-11
3 	 175 	 Ex 	 1 	 -4.702287e-11 	 2.689581e-11
3 	 176 	 Ex 	 1 	 -3.211608e-11 	 2.461750e-11
3 	 177 	 Ex 	 1 	 -6.656942e-13 	 1.253988e-11
3 	 178 	 Ex 	 1 	 -2.415259e-12 	 1.423550e-11
3 	 179 	 Ex 	 1 	 -5.600403e-12 	 1.585632e-11
3 	 180 	 Ex 	 1 	 -9.981680e-12 	 1.652227e-11
3 	 181 	 Ex 	 1 	 -1.818002e-11 	 1.734374e-11
3 	 182 	 Ex 	 1 	 -3.034656e-11 	 1.821416e-11
3 	 183 	 Ex 	 1 	 -5.021491e-11 	 1.968976e-11
3 	 184 	 Ex 	 1 	 -7.517720e-11 	 2.320078e-11
3 	 185 	 Ex 	 1 	 -9.690655e-11 	 2.645944e-11
3 	 186 	 Ex 	 1 	 -1.056486e-10 	 2.773186e-11
3 	 187 	 Ex 	 1 	 -1.022877e-10 	 2.844836e-11
3 	 188 	 Ex 	 1 	 -9.649565e-11 	 2.848336e-11
3 	 189 	 Ex 	 1 	 -8.331046e-11 	 2.777942e-11
3 	 190 	 Ex 	 1 	 -6.438887e-11 	 2.499148e-11
3 	 191 	 Ex 	 1 	 -4.661480e-11 	 2.256598e-11
3 	 192 	 Ex 	 1 	 -3.306666e-11 	 2.054542e-11
3 	 193 	 Ex 	 1 	 -3.838048e-12 	 1.101122e-11
3 	 194 	 Ex 	 1 	 -5.636859e-12 	 1.246605e-11
3 	 195 	 Ex 	 1 	 -8.407636e-12 	 1.370261e-11
3 	 196 	 Ex 	 1 	 -1.198680e-11 	 1.437436e-11
3 	 197 	 Ex 	 1 	 -1.977878e-11 	 1.490050e-11
3 	 198 	 Ex 	 1 	 -3.021702e-11 	 1.533064e-11
3 	 199 	 Ex 	 1 	 -4.526859e-11 	 1.650095e-11
3 	 200 	 Ex 	 1 	 -6.330387e-11 	 1.863512e-11
3 	 201 	 Ex 	 1 	 -7.755949e-11 	 2.077457e-11
3 	 202 	 Ex 	 1 	 -8.456146e-11 	 2.197003e-11
3 	 203 	 Ex 	 1 	 -8.109526e-11 	 2.237122e-11
3 	 204 	 Ex 	 1 	 -7.772873e-11 	 2.238367e-11
3 	 205 	 Ex 	 1 	 -6.786412e-11 	 2.169039e-11
3 	 206 	 Ex 	 1 	 -5.524347e-11 	 2.007005e-11
3 	 207 	 Ex 	 1 	 -4.422933e-11 	 1.856362e-11
3 	 208 	 Ex 	 1 	 -3.376111e-11 	 1.697277e-11
3 	 209 	 Ex 	 1 	 -6.056381e-12 	 9.492607e-12
3 	 210 	 Ex 	 1 	 -8.003282e-12 	 1.069874e-11
3 	 211 	 Ex 	 1 	 -1.069166e-11 	 1.152704e-11
3 	 212 	 Ex 	 1 	 -1.461223e-11 	 1.217624e-11
3 	 213 	 Ex 	 1 	 -2.134735e-11 	 1.270809e-11
3 	 214 	 Ex 	 1 	 -2.961751e-11 	 1.303890e-11
3 	 215 	 Ex 	 1 	 -4.133429e-11 	 1.405001e-11
3 	 216 	 Ex 	 1 	 -5.326916e-11 	 1.526514e-11
3 	 217 	 Ex 	 1 	 -6.213605e-11 	 1.641836e-11
3 	 218 	 Ex 	 1 	 -6.842683e-11 	 1.755641e-11
3 	 219 	 Ex 	 1 	 -6.656721e-11 	 1.800595e-11
3 	 220 	 Ex 	 1 	 -6.357210e-11 	 1.780119e-11
3 	 221 	 Ex 	 1 	 -5.727572e-11 	 1.740690e-11
3 	 222 	 Ex 	 1 	 -4.896613e-11 	 1.645977e-11
3 	 223 	 Ex 	 1 	 -4.055894e-11 	 1.528852e-11
3 	 224 	 Ex 	 1 	 -3.264318e-11 	 1.406212e-11
3 	 225 	 Ex 	 1 	 -7.993810e-12 	 8.174405e-12
3 	 226 	 Ex 	 1 	 -9.485344e-12 	 8.928685e-12
3 	 227 	 Ex 	 1 	 -1.237282e-11 	 9.739606e-12
3 	 228 	 Ex 	 1 	 -1.661376e-11 	 1.037240e-11
3 	 229 	 Ex 	 1 	 -2.221246e-11 	 1.058461e-11
3 	 230 	 Ex 	 1 	 -2.829543e-11 	 1.096340e-11
3 	 231 	 Ex 	 1 	 -3.683443e-11 	 1.185432e-11
3 	 232 	 Ex 	 1 	 -4.465223e-11 	 1.248250e-11
3 	 233 	 Ex 	 1 	 -5.149270e-11 	 1.337305e-11
3 	 234 	 Ex 	 1 	 -5.594954e-11 	 1.416052e-11
3 	 235 	 Ex 	 1 	 -5.409597e-11 	 1.430623e-11
3 	 236 	 Ex 	 1 	 -5.341272e-11 	 1.434503e-11
3 	 237 	 Ex 	 1 	 -4.797435e-11 	 1.381883e-11
3 	 238 	 Ex 	 1 	 -4.193946e-11 	 1.327958e-11
3 	 239 	 Ex 	 1 	 -3.531089e-11 	 1.236441e-11
3 	 240 	 Ex 	 1 	 -3.050355e-11 	 1.170729e-11
3 	 241 	 Ex 	 1 	 -9.084804e-12 	 6.860023e-12
3 	 242 	 Ex 	 1 	 -1.128547e-11 	 7.539570e-12
3 	 243 	 Ex 	 1 	 -1.409041e-11 	 8.099981e-12
3 	 244 	 Ex 	 1 	 -1.765747e-11 	 8.613479e-12
3 	 245 	 Ex 	 1 	 -2.168377e-11 	 8.901825e-12
3 	 246 	 Ex 	 1 	 -2.674553e-11 	 9.354331e-12
3 	 247 	 Ex 	 1 	 -3.293168e-11 	 9.847078e-12
3 	 248 	 Ex 	 1 	 -3.803634e-11 	 1.027412e-11
3 	 249 	 Ex 	 1 	 -4.269807e-11 	 1.081307e-11
3 	 250 	 Ex 	 1 	 -4.502559e-11 	 1.109939e-11
3 	 251 	 Ex 	 1 	 -4.435294e-11 	 1.138605e-11
3 	 252 	 Ex 	 1 	 -4.462689e-11 	 1.142467e-11
3 	 253 	 Ex 	 1 	 -4.076903e-11 	 1.110342e-11
3 	 254 	 Ex 	 1 	 -3.723387e-11 	 1.087513e-11
3 	 255 	 Ex 	 1 	 -3.233275e-11 	 1.023394e-11
3 	 256 	 Ex 	 1 	 -2.866296e-11 	 9.790688e-12
3 	 1 	 Ex 	 2 	 5.447163e-11 	 2.081412e-11
3 	 2 	 Ex 	 2 	 8.453013e-11 	 3.404006e-11
3 	 3 	 Ex 	 2 	 1.391501e-10 	 5.469477e-11
3 	 4 	 Ex 	 2 	 2.421122e-10 	 8.640660e-11
3 	 5 	 Ex 	 2 	 4.377465e-10 	 1.360971e-10
3 	 6 	 Ex 	 2 	 8.280867e-10 	 2.129117e-10
3 	 7 	 Ex 	 2 	 1.768458e-09 	 3.382701e-10
3 	 8 	 Ex 	 2 	 4.178352e-09 	 5.458942e-10
3 	 9 	 Ex 	 2 	 1.217257e-08 	 9.905284e-10
3 	 10 	 Ex 	 2 	 1.127217e-08 	 1.890418e-09
3 	 11 	 Ex 	 2 	 -6.172818e-08 	 2.485304e-09
3 	 12 	 Ex 	 2 	 1.775448e-08 	 1.309616e-09
3 	 13 	 Ex 	 2 	 6.292217e-09 	 7.003797e-10
3 	 14 	 Ex 	 2 	 2.444653e-09 	 4.272764e-10
3 	 15 	 Ex 	 2 	 1.108958e-09 	 2.660907e-10
3 	 16 	 Ex 	 2 	 5.602597e-10 	 1.760751e-10
3 	 17 	 Ex 	 2 	 5.608022e-11 	 2.082422e-11
3 	 18 	 Ex 	 2 	 8.597845e-11 	 3.258852e-11
3 	 19 	 Ex 	 2 	 1.425799e-10 	 5.243139e-11
3 	 20 	 Ex 	 2 	 2.562189e-10 	 8.687659e-11
3 	 21 	 Ex 	 2 	 4.691912e-10 	 1.381442e-10
3 	 22 	 Ex 	 2 	 8.866715e-10 	 2.117876e-10
3 	 23 	 Ex 	 2 	 2.032054e-09 	 3.490729e-10
3 	 24 	 Ex 	 2 	 5.431730e-09 	 5.772948e-10
3 	 25 	 Ex 	 2 	 2.298071e-08 	 1.132053e-09
3 	 26 	 Ex 	 2 	 5.278605e-08 	 3.059412e-09
3 	 27 	 Ex 	 2 	 6.751463e-07 	 9.362588e-09
3 	 28 	 Ex 	 2 	 5.247565e-08 	 1.630926e-09
3 	 29 	 Ex 	 2 	 9.440913e-09 	 7.819079e-10
3 	 30 	 Ex 	 2 	 3.030276e-09 	 4.536501e-10
3 	 31 	 Ex 	 2 	 1.239725e-09 	 2.740166e-10
3 	 32 	 Ex 	 2 	 6.206899e-10 	 1.858548e-10
3 	 33 	 Ex 	 2 	 5.184663e-11 	 2.010746e-11
3 	 34 	 Ex 	 2 	 7.876665e-11 	 3.090048e-11
3 	 35 	 Ex 	 2 	 1.266511e-10 	 4.814140e-11
3 	 36 	 Ex 	 2 	 2.162965e-10 	 7.724516e-11
3 	 37 	 Ex 	 2 	 3.949278e-10 	 1.263648e-10
3 	 38 	 Ex 	 2 	 7.222512e-10 	 1.987659e-10
3 	 39 	 Ex 	 2 	 1.464827e-09 	 3.210160e-10
3 	 40 	 Ex 	 2 	 3.162013e-09 	 5.226839e-10
3 	 41 	 Ex 	 2 	 6.774996e-09 	 9.001260e-10
3 	 42 	 Ex 	 2 	 -4.709280e-09 	 1.459121e-09
3 	 43 	 Ex 	 2 	 -2.803914e-08 	 1.733276e-09
3 	 44 	 Ex 	 2 	 6.738444e-09 	 1.115085e-09
3 	 45 	 Ex 	 2 	 4.457907e-09 	 6.628159e-10
3 	 46 	 Ex 	 2 	 2.039751e-09 	 4.118200e-10
3 	 47 	 Ex 	 2 	 9.852517e-10 	 2.668627e-10
3 	 48 	 Ex 	 2 	 5.332180e-10 	 1.816795e-10
3 	 49 	 Ex 	 2 	 4.258267e-11 	 1.863349e-11
3 	 50 	 Ex 	 2 	 6.179889e-11 	 2.814468e-11
3 	 51 	 Ex 	 2 	 9.401507e-11 	 4.186480e-11
3 	 52 	 Ex 	 2 	 1.517966e-10 	 6.515086e-11
3 	 53 	 Ex 	 2 	 2.582808e-10 	 1.042369e-10
3 	 54 	 Ex 	 2 	 4.361270e-10 	 1.700061e-10
3 	 55 	 Ex 	 2 	 7.029715e-10 	 2.762819e-10
3 	 56 	 Ex 	 2 	 9.236528e-10 	 4.238258e-10
3 	 57 	 Ex 	 2 	 1.376545e-10 	 6.059402e-10
3 	 58 	 Ex 	 2 	 -3.606966e-09 	 7.681987e-10
3 	 59 	 Ex 	 2 	 -5.536013e-09 	 8.106023e-10
3 	 60 	 Ex 	 2 	 -1.134441e-09 	 6.729813e-10
3 	 61 	 Ex 	 2 	 8.371553e-10 	 4.941699e-10
3 	 62 	 Ex 	 2 	 8.287313e-10 	 3.403449e-10
3 	 63 	 Ex 	 2 	 5.746050e-10 	 2.383378e-10
3 	 64 	 Ex 	 2 	 3.633956e-10 	 1.644411e-10
3 	 65 	 Ex 	 2 	 3.031325e-11 	 1.645875e-11
3 	 66 	 Ex 	 2 	 4.170623e-11 	 2.469027e-11
3 	 67 	 Ex 	 2 	 5.913610e-11 	 3.618312e-11
3 	 68 	 Ex 	 2 	 8.559571e-11 	 5.180865e-11
3 	 69 	 Ex 	 2 	 1.300965e-10 	 8.183684e-11
3 	 70 	 Ex 	 2 	 1.889748e-10 	 1.368855e-10
3 	 71 	 Ex 	 2 	 2.135971e-10 	 2.178336e-10
3 	 72 	 Ex 	 2 	 4.910401e-11 	 3.246528e-10
3 	 73 	 Ex 	 2 	 -6.263438e-10 	 4.088744e-10
3 	 74 	 Ex 	 2 	 -1.686513e-09 	 4.535513e-10
3 	 75 	 Ex 	 2 	 -2.035619e-09 	 4.577648e-10
3 	 76 	 Ex 	 2 	 -1.126811e-09 	 4.210042e-10
3 	 77 	 Ex 	 2 	 -2.046506e-10 	 3.495425e-10
3 	 78 	 Ex 	 2 	 1.798960e-10 	 2.638584e-10
3 	 79 	 Ex 	 2 	 2.326291e-10 	 1.963470e-10
3 	 80 	 Ex 	 2 	 1.893266e-10 	 1.369392e-10
3 	 81 	 Ex 	 2 	 1.890131e-11 	 1.456169e-11
3 	 82 	 Ex 	 2 	 2.360754e-11 	 2.144505e-11
3 	 83 	 Ex 	 2 	 3.019821e-11 	 3.075886e-11
3 	 84 	 Ex 	 2 	 3.586166e-11 	 4.284981e-11
3 	 85 	 Ex 	 2 	 4.293420e-11 	 6.491997e-11
3 	 86 	 Ex 	 2 	 3.654888e-11 	 1.046936e-10
3 	 87 	 Ex 	 2 	 -1.554786e-11 	 1.671342e-10
3 	 88 	 Ex 	 2 	 -2.070684e-10 	 2.348585e-10
3 	 89 	 Ex 	 2 	 -5.829750e-10 	 2.774653e-10
3 	 90 	 Ex 	 2 	 -9.490333e-10 	 2.868295e-10
3 	 91 	 Ex 	 2 	 -1.042775e-09 	 2.851318e-10
3 	 92 	 Ex 	 2 	 -7.644128e-10 	 2.708191e-10
3 	 93 	 Ex 	 2 	 -3.619058e-10 	 2.399133e-10
3 	 94 	 Ex 	 2 	 -8.238825e-11 	 1.967194e-10
3 	 95 	 Ex 	 2 	 3.602241e-11 	 1.457257e-10
3 	 96 	 Ex 	 2 	 6.270458e-11 	 1.103425e-10
3 	 97 	 Ex 	 2 	 8.359396e-12 	 1.278331e-11
3 	 98 	 Ex 	 2 	 8.425748e-12 	 1.799339e-11
3 	 99 	 Ex 	 2 	 7.748674e-12 	 2.542781e-11
3 	 100 	 Ex 	 2 	 4.495778e-12 	 3.669978e-11
3 	 101 	 Ex 	 2 	 -5.916233e-12 	 5.321779e-11
3 	 102 	 Ex 	 2 	 -3.114889e-11 	 8.105325e-11
3 	 103 	 Ex 	 2 	 -1.030070e-10 	 1.219080e-10
3 	 104 	 Ex 	 2 	 -2.448081e-10 	 1.628817e-10
3 	 105 	 Ex 	 2 	 -4.498689e-10 	 1.835455e-10
3 	 106 	 Ex 	 2 	 -6.071245e-10 	 1.839369e-10
3 	 107 	 Ex 	 2 	 -6.246382e-10 	 1.814035e-10
3 	 108 	 Ex 	 2 	 -5.389849e-10 	 1.807181e-10
3 	 109 	 Ex 	 2 	 -3.352249e-10 	 1.662416e-10
3 	 110 	 Ex 	 2 	 -1.685658e-10 	 1.393718e-10
3 	 111 	 Ex 	 2 	 -6.199328e-11 	 1.103587e-10
3 	 112 	 Ex 	 2 	 -8.641142e-12 	 8.678338e-11
3 	 113 	 Ex 	 2 	 2.214823e-13 	 1.103692e-11
3 	 114 	 Ex 	 2 	 -3.002914e-12 	 1.577278e-11
3 	 115 	 Ex 	 2 	 -7.247670e-12 	 2.188701e-11
3 	 116 	 Ex 	 2 	 -1.596961e-11 	 3.025518e-11
3 	 117 	 Ex 	 2 	 -3.095512e-11 	 4.296315e-11
3 	 118 	 Ex 	 2 	 -5.921898e-11 	 6.160101e-11
3 	 119 	 Ex 	 2 	 -1.203875e-10 	 8.574071e-11
3 	 120 	 Ex 	 2 	 -2.283563e-10 	 1.090791e-10
3 	 121 	 Ex 	 2 	 -3.567638e-10 	 1.216157e-10
3 	 122 	 Ex 	 2 	 -4.363307e-10 	 1.211544e-10
3 	 123 	 Ex 	 2 	 -4.365849e-10 	 1.183087e-10
3 	 124 	 Ex 	 2 	 -3.911572e-10 	 1.191107e-10
3 	 125 	 Ex 	 2 	 -2.886540e-10 	 1.139203e-10
3 	 126 	 Ex 	 2 	 -1.750276e-10 	 9.847499e-11
3 	 127 	 Ex 	 2 	 -9.865152e-11 	 8.159434e-11
3 	 128 	 Ex 	 2 	 -5.033364e-11 	 6.465661e-11
3 	 129 	 Ex 	 2 	 -5.833359e-12 	 9.460814e-12
3 	 130 	 Ex 	 2 	 -9.868754e-12 	 1.347533e-11
3 	 131 	 Ex 	 2 	 -1.595491e-11 	 1.852371e-11
3 	 132 	 Ex 	 2 	 -2.537681e-11 	 2.540493e-11
3 	 133 	 Ex 	 2 	 -4.124050e-11 	 3.476615e-11
3 	 134 	 Ex 	 2 	 -6.594764e-11 	 4.645295e-11
3 	 135 	 Ex 	 2 	 -1.174318e-10 	 6.043972e-11
3 	 136 	 Ex 	 2 	 -1.958359e-10 	 7.137993e-11
3 	 137 	 Ex 	 2 	 -2.790438e-10 	 7.684142e-11
3 	 138 	 Ex 	 2 	 -3.268645e-10 	 7.700979e-11
3 	 139 	 Ex 	 2 	 -3.152502e-10 	 7.448658e-11
3 	 140 	 Ex 	 2 	 -2.918755e-10 	 7.651969e-11
3 	 141 	 Ex 	 2 	 -2.347067e-10 	 7.592892e-11
3 	 142 	 Ex 	 2 	 -1.612026e-10 	 6.743674e-11
3 	 143 	 Ex 	 2 	 -1.039597e-10 	 5.785886e-11
3 	 144 	 Ex 	 2 	 -6.747654e-11 	 4.675012e-11
3 	 145 	 Ex 	 2 	 -9.784527e-12 	 8.115527e-12
3 	 146 	 Ex 	 2 	 -1.490962e-11 	 1.148469e-11
3 	 147 	 Ex 	 2 	 -2.119038e-11 	 1.563714e-11
3 	 148 	 Ex 	 2 	 -3.001688e-11 	 2.110362e-11
3 	 149 	 Ex 	 2 	 -4.261166e-11 	 2.782031e-11
3 	 150 	 Ex 	 2 	 -6.672997e-11 	 3.537830e-11
3 	 151 	 Ex 	 2 	 -1.046816e-10 	 4.152296e-11
3 	 152 	 Ex 	 2 	 -1.643160e-10 	 4.497142e-11
3 	 153 	 Ex 	 2 	 -2.185641e-10 	 4.600220e-11
3 	 154 	 Ex 	 2 	 -2.443892e-10 	 4.540681e-11
3 	 155 	 Ex 	 2 	 -2.403723e-10 	 4.585595e-11
3 	 156 	 Ex 	 2 	 -2.264228e-10 	 4.804527e-11
3 	 157 	 Ex 	 2 	 -1.887605e-10 	 4.860066e-11
3 	 158 	 Ex 	 2 	 -1.395138e-10 	 4.492767e-11
3 	 159 	 Ex 	 2 	 -1.002149e-10 	 3.939939e-11
3 	 160 	 Ex 	 2 	 -7.018428e-11 	 3.234433e-11
3 	 161 	 Ex 	 2 	 -1.221241e-11 	 6.898688e-12
3 	 162 	 Ex 	 2 	 -1.723361e-11 	 9.780526e-12
3 	 163 	 Ex 	 2 	 -2.339524e-11 	 1.326529e-11
3 	 164 	 Ex 	 2 	 -3.091103e-11 	 1.739638e-11
3 	 165 	 Ex 	 2 	 -4.191364e-11 	 2.184708e-11
3 	 166 	 Ex 	 2 	 -5.845143e-11 	 2.575062e-11
3 	 167 	 Ex 	 2 	 -9.054272e-11 	 2.714375e-11
3 	 168 	 Ex 	 2 	 -1.342357e-10 	 2.660968e-11
3 	 169 	 Ex 	 2 	 -1.750604e-10 	 2.591274e-11
3 	 170 	 Ex 	 2 	 -1.872146e-10 	 2.504288e-11
3 	 171 	 Ex 	 2 	 -1.862856e-10 	 2.698874e-11
3 	 172 	 Ex 	 2 	 -1.801199e-10 	 2.888972e-11
3 	 173 	 Ex 	 2 	 -1.532392e-10 	 2.975276e-11
3 	 174 	 Ex 	 2 	 -1.190868e-10 	 2.818349e-11
3 	 175 	 Ex 	 2 	 -8.769888e-11 	 2.509874e-11
3 	 176 	 Ex 	 2 	 -6.818261e-11 	 2.139888e-11
3 	 177 	 Ex 	 2 	 -1.347358e-11 	 5.642002e-12
3 	 178 	 Ex 	 2 	 -1.797273e-11 	 7.918364e-12
3 	 179 	 Ex 	 2 	 -2.392674e-11 	 1.082041e-11
3 	 180 	 Ex 	 2 	 -3.002857e-11 	 1.377259e-11
3 	 181 	 Ex 	 2 	 -4.022834e-11 	 1.674782e-11
3 	 182 	 Ex 	 2 	 -5.458600e-11 	 1.817597e-11
3 	 183 	 Ex 	 2 	 -7.779032e-11 	 1.659747e-11
3 	 184 	 Ex 	 2 	 -1.091686e-10 	 1.477747e-11
3 	 185 	 Ex 	 2 	 -1.369815e-10 	 1.328883e-11
3 	 186 	 Ex 	 2 	 -1.483191e-10 	 1.277497e-11
3 	 187 	 Ex 	 2 	 -1.462984e-10 	 1.394094e-11
3 	 188 	 Ex 	 2 	 -1.403366e-10 	 1.591810e-11
3 	 189 	 Ex 	 2 	 -1.255984e-10 	 1.724576e-11
3 	 190 	 Ex 	 2 	 -1.015309e-10 	 1.645637e-11
3 	 191 	 Ex 	 2 	 -7.912908e-11 	 1.525999e-11
3 	 192 	 Ex 	 2 	 -6.163334e-11 	 1.352279e-11
3 	 193 	 Ex 	 2 	 -1.431940e-11 	 4.406858e-12
3 	 194 	 Ex 	 2 	 -1.837030e-11 	 6.208722e-12
3 	 195 	 Ex 	 2 	 -2.329323e-11 	 8.398247e-12
3 	 196 	 Ex 	 2 	 -2.842328e-11 	 1.042881e-11
3 	 197 	 Ex 	 2 	 -3.754414e-11 	 1.170095e-11
3 	 198 	 Ex 	 2 	 -4.920833e-11 	 1.150734e-11
3 	 199 	 Ex 	 2 	 -6.656418e-11 	 9.840094e-12
3 	 200 	 Ex 	 2 	 -8.853860e-11 	 7.617349e-12
3 	 201 	 Ex 	 2 	 -1.066598e-10 	 5.962610e-12
3 	 202 	 Ex 	 2 	 -1.159582e-10 	 5.127280e-12
3 	 203 	 Ex 	 2 	 -1.133203e-10 	 5.627945e-12
3 	 204 	 Ex 	 2 	 -1.099582e-10 	 7.246508e-12
3 	 205 	 Ex 	 2 	 -9.867162e-11 	 8.480491e-12
3 	 206 	 Ex 	 2 	 -8.309418e-11 	 8.750789e-12
3 	 207 	 Ex 	 2 	 -6.917662e-11 	 8.109310e-12
3 	 208 	 Ex 	 2 	 -5.567274e-11 	 7.220913e-12
3 	 209 	 Ex 	 2 	 -1.428838e-11 	 3.245287e-12
3 	 210 	 Ex 	 2 	 -1.802316e-11 	 4.604928e-12
3 	 211 	 Ex 	 2 	 -2.223501e-11 	 6.007230e-12
3 	 212 	 Ex 	 2 	 -2.745339e-11 	 7.072805e-12
3 	 213 	 Ex 	 2 	 -3.525609e-11 	 7.354676e-12
3 	 214 	 Ex 	 2 	 -4.434624e-11 	 6.625599e-12
3 	 215 	 Ex 	 2 	 -5.787055e-11 	 5.262526e-12
3 	 216 	 Ex 	 2 	 -7.192873e-11 	 3.261205e-12
3 	 217 	 Ex 	 2 	 -8.300798e-11 	 1.760023e-12
3 	 218 	 Ex 	 2 	 -9.122244e-11 	 7.047845e-13
3 	 219 	 Ex 	 2 	 -9.016115e-11 	 6.194688e-13
3 	 220 	 Ex 	 2 	 -8.688586e-11 	 1.862753e-12
3 	 221 	 Ex 	 2 	 -7.987833e-11 	 2.958442e-12
3 	 222 	 Ex 	 2 	 -6.987563e-11 	 3.612166e-12
3 	 223 	 Ex 	 2 	 -5.929920e-11 	 3.426983e-12
3 	 224 	 Ex 	 2 	 -4.913232e-11 	 2.962866e-12
3 	 225 	 Ex 	 2 	 -1.428802e-11 	 2.234954e-12
3 	 226 	 Ex 	 2 	 -1.702188e-11 	 3.151360e-12
3 	 227 	 Ex 	 2 	 -2.113189e-11 	 3.867902e-12
3 	 228 	 Ex 	 2 	 -2.638226e-11 	 4.241728e-12
3 	 229 	 Ex 	 2 	 -3.255415e-11 	 3.926701e-12
3 	 230 	 Ex 	 2 	 -3.932284e-11 	 3.217544e-12
3 	 231 	 Ex 	 2 	 -4.919059e-11 	 2.116494e-12
3 	 232 	 Ex 	 2 	 -5.809967e-11 	 5.024991e-13
3 	 233 	 Ex 	 2 	 -6.644963e-11 	 -8.727412e-13
3 	 234 	 Ex 	 2 	 -7.215260e-11 	 -1.791170e-12
3 	 235 	 Ex 	 2 	 -7.070565e-11 	 -2.057177e-12
3 	 236 	 Ex 	 2 	 -7.005581e-11 	 -1.435198e-12
3 	 237 	 Ex 	 2 	 -6.392677e-11 	 -4.617558e-13
3 	 238 	 Ex 	 2 	 -5.693370e-11 	 3.252429e-13
3 	 239 	 Ex 	 2 	 -4.883715e-11 	 7.166513e-13
3 	 240 	 Ex 	 2 	 -4.261810e-11 	 2.921834e-13
3 	 241 	 Ex 	 2 	 -1.364654e-11 	 1.360933e-12
3 	 242 	 Ex 	 2 	 -1.673763e-11 	 1.738542e-12
3 	 243 	 Ex 	 2 	 -2.030342e-11 	 1.932884e-12
3 	 244 	 Ex 	 2 	 -2.460469e-11 	 1.985714e-12
3 	 245 	 Ex 	 2 	 -2.916825e-11 	 1.690100e-12
3 	 246 	 Ex 	 2 	 -3.488634e-11 	 1.016465e-12
3 	 247 	 Ex 	 2 	 -4.174557e-11 	 -1.213641e-13
3 	 248 	 Ex 	 2 	 -4.756007e-11 	 -1.223705e-12
3 	 249 	 Ex 	 2 	 -5.307788e-11 	 -2.311895e-12
3 	 250 	 Ex 	 2 	 -5.593860e-11 	 -2.999513e-12
3 	 251 	 Ex 	 2 	 -5.571531e-11 	 -3.334650e-12
3 	 252 	 Ex 	 2 	 -5.606021e-11 	 -3.091620e-12
3 	 253 	 Ex 	 2 	 -5.172652e-11 	 -2.424717e-12
3 	 254 	 Ex 	 2 	 -4.774004e-11 	 -1.912655e-12
3 	 255 	 Ex 	 2 	 -4.186462e-11 	 -1.410094e-12
3 	 256 	 Ex 	 2 	 -3.725148e-11 	 -1.434592e-12
3 	 1 	 Ey 	 1 	 1.512281e-11 	 -1.284506e-12
3 	 2 	 Ey 	 1 	 1.955657e-11 	 -2.726097e-12
3 	 3 	 Ey 	 1 	 3.079667e-11 	 -3.940415e-12
3 	 4 	 Ey 	 1 	 5.902211e-11 	 -4.747540e-12
3 	 5 	 Ey 	 1 	 1.124718e-10 	 -6.741421e-12
3 	 6 	 Ey 	 1 	 2.349342e-10 	 -8.989081e-12
3 	 7 	 Ey 	 1 	 6.119835e-10 	 -1.044722e-11
3 	 8 	 Ey 	 1 	 2.038979e-09 	 -1.120992e-11
3 	 9 	 Ey 	 1 	 9.871607e-09 	 -7.846332e-12
3 	 10 	 Ey 	 1 	 6.819788e-08 	 1.943072e-12
3 	 11 	 Ey 	 1 	 -5.606855e-08 	 -9.206193e-12
3 	 12 	 Ey 	 1 	 -2.251071e-08 	 -3.192579e-12
3 	 13 	 Ey 	 1 	 -3.886013e-09 	 -2.759459e-12
3 	 14 	 Ey 	 1 	 -1.022083e-09 	 -4.822171e-13
3 	 15 	 Ey 	 1 	 -3.872745e-10 	 -3.006009e-12
3 	 16 	 Ey 	 1 	 -1.767526e-10 	 -1.304123e-12
3 	 17 	 Ey 	 1 	 -9.374091e-12 	 -5.940599e-13
3 	 18 	 Ey 	 1 	 -1.342044e-11 	 -1.062875e-12
3 	 19 	 Ey 	 1 	 -2.351849e-11 	 -2.671567e-12
3 	 20 	 Ey 	 1 	 -4.167414e-11 	 -4.966235e-12
3 	 21 	 Ey 	 1 	 -7.328031e-11 	 -8.037991e-12
3 	 22 	 Ey 	 1 	 -1.259594e-10 	 -1.034686e-11
3 	 23 	 Ey 	 1 	 -2.642454e-10 	 -1.198416e-11
3 	 24 	 Ey 	 1 	 -7.823606e-10 	 -1.500108e-11
3 	 25 	 Ey 	 1 	 -3.780879e-09 	 -1.271556e-11
3 	 26 	 Ey 	 1 	 -7.269157e-08 	 -1.573453e-11
3 	 27 	 Ey 	 1 	 2.793670e-06 	 -5.586511e-11
3 	 28 	 Ey 	 1 	 9.887890e-09 	 -4.209521e-12
3 	 29 	 Ey 	 1 	 9.551601e-10 	 -2.047487e-12
3 	 30 	 Ey 	 1 	 2.294307e-10 	 -7.354544e-13
3 	 31 	 Ey 	 1 	 2.126807e-11 	 -4.665996e-12
3 	 32 	 Ey 	 1 	 1.694463e-11 	 -5.286511e-13
3 	 33 	 Ey 	 1 	 -1.825587e-11 	 -6.532191e-13
3 	 34 	 Ey 	 1 	 -2.906969e-11 	 -7.357025e-13
3 	 35 	 Ey 	 1 	 -5.144690e-11 	 -1.741505e-12
3 	 36 	 Ey 	 1 	 -9.215927e-11 	 -3.257318e-12
3 	 37 	 Ey 	 1 	 -1.833065e-10 	 -7.086414e-12
3 	 38 	 Ey 	 1 	 -3.802027e-10 	 -1.177431e-11
3 	 39 	 Ey 	 1 	 -8.490679e-10 	 -1.235122e-11
3 	 40 	 Ey 	 1 	 -2.469954e-09 	 -1.113771e-11
3 	 41 	 Ey 	 1 	 -9.358337e-09 	 -8.049942e-12
3 	 42 	 Ey 	 1 	 -3.135988e-08 	 -1.654253e-11
3 	 43 	 Ey 	 1 	 2.207386e-08 	 -2.957586e-12
3 	 44 	 Ey 	 1 	 1.685128e-08 	 -4.706256e-12
3 	 45 	 Ey 	 1 	 4.129942e-09 	 -5.739585e-12
3 	 46 	 Ey 	 1 	 1.245852e-09 	 -3.387059e-12
3 	 47 	 Ey 	 1 	 4.547874e-10 	 -3.409766e-12
3 	 48 	 Ey 	 1 	 2.173006e-10 	 -7.071840e-13
3 	 49 	 Ey 	 1 	 -3.072497e-11 	 -1.868856e-13
3 	 50 	 Ey 	 1 	 -4.782972e-11 	 -2.778231e-13
3 	 51 	 Ey 	 1 	 -7.729516e-11 	 -7.789368e-13
3 	 52 	 Ey 	 1 	 -1.313361e-10 	 -1.818865e-12
3 	 53 	 Ey 	 1 	 -2.415340e-10 	 -4.934339e-12
3 	 54 	 Ey 	 1 	 -4.600532e-10 	 -8.612186e-12
3 	 55 	 Ey 	 1 	 -9.142593e-10 	 -9.267728e-12
3 	 56 	 Ey 	 1 	 -1.934155e-09 	 -7.992673e-12
3 	 57 	 Ey 	 1 	 -3.839751e-09 	 -4.804975e-12
3 	 58 	 Ey 	 1 	 -4.277729e-09 	 -7.118370e-12
3 	 59 	 Ey 	 1 	 2.037454e-09 	 -5.825842e-12
3 	 60 	 Ey 	 1 	 4.688578e-09 	 -6.380734e-12
3 	 61 	 Ey 	 1 	 2.700496e-09 	 -4.395353e-12
3 	 62 	 Ey 	 1 	 1.226961e-09 	 -3.733613e-12
3 	 63 	 Ey 	 1 	 5.956231e-10 	 -6.895015e-13
3 	 64 	 Ey 	 1 	 3.167753e-10 	 4.347137e-13
3 	 65 	 Ey 	 1 	 -3.861924e-11 	 3.679969e-13
3 	 66 	 Ey 	 1 	 -5.733190e-11 	 1.438607e-13
3 	 67 	 Ey 	 1 	 -8.733736e-11 	 2.711610e-14
3 	 68 	 Ey 	 1 	 -1.386377e-10 	 -7.774303e-13
3 	 69 	 Ey 	 1 	 -2.246957e-10 	 -1.900441e-12
3 	 70 	 Ey 	 1 	 -3.905411e-10 	 -3.376329e-12
3 	 71 	 Ey 	 1 	 -6.785634e-10 	 -4.906484e-12
3 	 72 	 Ey 	 1 	 -1.101398e-09 	 -4.911913e-12
3 	 73 	 Ey 	 1 	 -1.474128e-09 	 -4.495529e-12
3 	 74 	 Ey 	 1 	 -1.037265e-09 	 -5.252142e-12
3 	 75 	 Ey 	 1 	 4.533149e-10 	 -4.530872e-12
3 	 76 	 Ey 	 1 	 1.477625e-09 	 -2.620548e-12
3 	 77 	 Ey 	 1 	 1.356746e-09 	 -2.531235e-12
3 	 78 	 Ey 	 1 	 8.911858e-10 	 -4.045447e-13
3 	 79 	 Ey 	 1 	 5.379240e-10 	 -2.467467e-13
3 	 80 	 Ey 	 1 	 3.283365e-10 	 9.023174e-13
3 	 81 	 Ey 	 1 	 -4.261747e-11 	 3.699901e-13
3 	 82 	 Ey 	 1 	 -5.931746e-11 	 4.413175e-13
3 	 83 	 Ey 	 1 	 -8.669774e-11 	 1.212704e-13
3 	 84 	 Ey 	 1 	 -1.249186e-10 	 2.303931e-13
3 	 85 	 Ey 	 1 	 -1.821320e-10 	 8.958025e-13
3 	 86 	 Ey 	 1 	 -2.784929e-10 	 1.477433e-12
3 	 87 	 Ey 	 1 	 -4.260731e-10 	 1.055599e-12
3 	 88 	 Ey 	 1 	 -5.806266e-10 	 -8.709152e-15
3 	 89 	 Ey 	 1 	 -6.134059e-10 	 -1.125159e-12
3 	 90 	 Ey 	 1 	 -3.423480e-10 	 -2.215514e-12
3 	 91 	 Ey 	 1 	 1.897316e-10 	 -3.134839e-12
3 	 92 	 Ey 	 1 	 6.206630e-10 	 7.007431e-13
3 	 93 	 Ey 	 1 	 7.011707e-10 	 8.321818e-14
3 	 94 	 Ey 	 1 	 5.799079e-10 	 6.288778e-13
3 	 95 	 Ey 	 1 	 4.085429e-10 	 2.796557e-13
3 	 96 	 Ey 	 1 	 2.805441e-10 	 3.124002e-13
3 	 97 	 Ey 	 1 	 -4.349271e-11 	 9.456947e-14
3 	 98 	 Ey 	 1 	 -5.858124e-11 	 1.652539e-13
3 	 99 	 Ey 	 1 	 -7.900597e-11 	 2.616988e-13
3 	 100 	 Ey 	 1 	 -1.046342e-10 	 7.440696e-13
3 	 101 	 Ey 	 1 	 -1.398631e-10 	 2.354929e-12
3 	 102 	 Ey 	 1 	 -1.958077e-10 	 3.650662e-12
3 	 103 	 Ey 	 1 	 -2.554600e-10 	 4.413619e-12
3 	 104 	 Ey 	 1 	 -3.012452e-10 	 3.168660e-12
3 	 105 	 Ey 	 1 	 -2.797080e-10 	 1.476315e-12
3 	 106 	 Ey 	 1 	 -1.313032e-10 	 5.880745e-13
3 	 107 	 Ey 	 1 	 9.765318e-11 	 1.122614e-12
3 	 108 	 Ey 	 1 	 3.052383e-10 	 1.216409e-12
3 	 109 	 Ey 	 1 	 3.893528e-10 	 2.000426e-12
3 	 110 	 Ey 	 1 	 3.686696e-10 	 -9.036031e-14
3 	 111 	 Ey 	 1 	 3.015982e-10 	 1.223254e-13
3 	 112 	 Ey 	 1 	 2.294200e-10 	 1.194090e-12
3 	 113 	 Ey 	 1 	 -4.251992e-11 	 -3.697354e-13
3 	 114 	 Ey 	 1 	 -5.496959e-11 	 -1.187479e-13
3 	 115 	 Ey 	 1 	 -6.849756e-11 	 7.393553e-14
3 	 116 	 Ey 	 1 	 -8.539248e-11 	 8.400771e-13
3 	 117 	 Ey 	 1 	 -1.058859e-10 	 2.489663e-12
3 	 118 	 Ey 	 1 	 -1.340640e-10 	 3.685397e-12
3 	 119 	 Ey 	 1 	 -1.602558e-10 	 4.779674e-12
3 	 120 	 Ey 	 1 	 -1.705165e-10 	 4.818492e-12
3 	 121 	 Ey 	 1 	 -1.408236e-10 	 3.137707e-12
3 	 122 	 Ey 	 1 	 -5.446602e-11 	 1.894224e-12
3 	 123 	 Ey 	 1 	 6.176463e-11 	 1.804024e-12
3 	 124 	 Ey 	 1 	 1.700272e-10 	 2.138450e-12
3 	 125 	 Ey 	 1 	 2.332247e-10 	 1.123143e-12
3 	 126 	 Ey 	 1 	 2.367641e-10 	 7.708560e-13
3 	 127 	 Ey 	 1 	 2.119968e-10 	 4.549432e-13
3 	 128 	 Ey 	 1 	 1.747407e-10 	 5.812417e-13
3 	 129 	 Ey 	 1 	 -4.024420e-11 	 -7.553834e-13
3 	 130 	 Ey 	 1 	 -4.978888e-11 	 -8.477223e-13
3 	 131 	 Ey 	 1 	 -5.961209e-11 	 -4.943113e-13
3 	 132 	 Ey 	 1 	 -7.099572e-11 	 4.491426e-13
3 	 133 	 Ey 	 1 	 -8.219651e-11 	 1.961516e-12
3 	 134 	 Ey 	 1 	 -9.613159e-11 	 3.185374e-12
3 	 135 	 Ey 	 1 	 -1.063735e-10 	 4.449985e-12
3 	 136 	 Ey 	 1 	 -1.030580e-10 	 4.282044e-12
3 	 137 	 Ey 	 1 	 -7.820695e-11 	 3.708742e-12
3 	 138 	 Ey 	 1 	 -2.293196e-11 	 2.203238e-12
3 	 139 	 Ey 	 1 	 4.204068e-11 	 1.942145e-12
3 	 140 	 Ey 	 1 	 1.053162e-10 	 2.077897e-12
3 	 141 	 Ey 	 1 	 1.479225e-10 	 1.427373e-12
3 	 142 	 Ey 	 1 	 1.617975e-10 	 6.765708e-13
3 	 143 	 Ey 	 1 	 1.522138e-10 	 9.429773e-13
3 	 144 	 Ey 	 1 	 1.351825e-10 	 5.988764e-13
3 	 145 	 Ey 	 1 	 -3.598424e-11 	 -1.134284e-12
3 	 146 	 Ey 	 1 	 -4.369198e-11 	 -1.006079e-12
3 	 147 	 Ey 	 1 	 -5.129088e-11 	 -9.001680e-13
3 	 148 	 Ey 	 1 	 -5.814520e-11 	 -1.482002e-13
3 	 149 	 Ey 	 1 	 -6.604848e-11 	 9.446849e-13
3 	 150 	 Ey 	 1 	 -7.396034e-11 	 2.629117e-12
3 	 151 	 Ey 	 1 	 -7.425544e-11 	 3.216416e-12
3 	 152 	 Ey 	 1 	 -6.758633e-11 	 3.562754e-12
3 	 153 	 Ey 	 1 	 -4.712084e-11 	 3.208722e-12
3 	 154 	 Ey 	 1 	 -1.054370e-11 	 2.045697e-12
3 	 155 	 Ey 	 1 	 3.083773e-11 	 1.709004e-12
3 	 156 	 Ey 	 1 	 6.879366e-11 	 2.052401e-12
3 	 157 	 Ey 	 1 	 9.716146e-11 	 1.281892e-12
3 	 158 	 Ey 	 1 	 1.086371e-10 	 6.735164e-13
3 	 159 	 Ey 	 1 	 1.094642e-10 	 4.267387e-13
3 	 160 	 Ey 	 1 	 1.028518e-10 	 5.327927e-13
3 	 161 	 Ey 	 1 	 -3.317491e-11 	 -1.432706e-12
3 	 162 	 Ey 	 1 	 -3.822254e-11 	 -1.500594e-12
3 	 163 	 Ey 	 1 	 -4.394220e-11 	 -1.549511e-12
3 	 164 	 Ey 	 1 	 -4.907117e-11 	 -9.630230e-13
3 	 165 	 Ey 	 1 	 -5.395454e-11 	 1.598462e-13
3 	 166 	 Ey 	 1 	 -5.577501e-11 	 9.970071e-13
3 	 167 	 Ey 	 1 	 -5.614179e-11 	 2.035228e-12
3 	 168 	 Ey 	 1 	 -4.998259e-11 	 2.515533e-12
3 	 169 	 Ey 	 1 	 -3.335495e-11 	 2.339737e-12
3 	 170 	 Ey 	 1 	 -8.067117e-12 	 1.866273e-12
3 	 171 	 Ey 	 1 	 1.851416e-11 	 1.813125e-12
3 	 172 	 Ey 	 1 	 4.797272e-11 	 1.306402e-12
3 	 173 	 Ey 	 1 	 6.892687e-11 	 8.587952e-13
3 	 174 	 Ey 	 1 	 8.008489e-11 	 4.792706e-13
3 	 175 	 Ey 	 1 	 8.245502e-11 	 1.683017e-13
3 	 176 	 Ey 	 1 	 7.889221e-11 	 -8.002376e-14
3 	 177 	 Ey 	 1 	 -3.006256e-11 	 -1.659492e-12
3 	 178 	 Ey 	 1 	 -3.436338e-11 	 -1.952062e-12
3 	 179 	 Ey 	 1 	 -3.816955e-11 	 -1.994991e-12
3 	 180 	 Ey 	 1 	 -4.160196e-11 	 -1.874628e-12
3 	 181 	 Ey 	 1 	 -4.533224e-11 	 -1.119465e-12
3 	 182 	 Ey 	 1 	 -4.885340e-11 	 -3.794668e-13
3 	 183 	 Ey 	 1 	 -4.862552e-11 	 6.704443e-13
3 	 184 	 Ey 	 1 	 -4.151030e-11 	 1.286128e-12
3 	 185 	 Ey 	 1 	 -2.800899e-11 	 1.419562e-12
3 	 186 	 Ey 	 1 	 -8.203011e-12 	 1.260266e-12
3 	 187 	 Ey 	 1 	 1.187271e-11 	 1.198349e-12
3 	 188 	 Ey 	 1 	 3.163838e-11 	 1.126850e-12
3 	 189 	 Ey 	 1 	 4.805036e-11 	 5.205791e-13
3 	 190 	 Ey 	 1 	 5.881272e-11 	 -2.301603e-13
3 	 191 	 Ey 	 1 	 6.104496e-11 	 9.797556e-14
3 	 192 	 Ey 	 1 	 5.965783e-11 	 1.669778e-13
3 	 193 	 Ey 	 1 	 -2.685636e-11 	 -1.723392e-12
3 	 194 	 Ey 	 1 	 -2.962336e-11 	 -2.072123e-12
3 	 195 	 Ey 	 1 	 -3.346810e-11 	 -2.408987e-12
3 	 196 	 Ey 	 1 	 -3.686458e-11 	 -2.687412e-12
3 	 197 	 Ey 	 1 	 -4.033792e-11 	 -2.185392e-12
3 	 198 	 Ey 	 1 	 -4.313508e-11 	 -1.536441e-12
3 	 199 	 Ey 	 1 	 -4.236986e-11 	 -6.973010e-13
3 	 200 	 Ey 	 1 	 -3.630795e-11 	 2.320965e-13
3 	 201 	 Ey 	 1 	 -2.464295e-11 	 5.406615e-13
3 	 202 	 Ey 	 1 	 -9.238507e-12 	 6.045091e-13
3 	 203 	 Ey 	 1 	 6.284819e-12 	 5.709141e-13
3 	 204 	 Ey 	 1 	 2.235836e-11 	 3.379404e-13
3 	 205 	 Ey 	 1 	 3.490659e-11 	 -6.701171e-15
3 	 206 	 Ey 	 1 	 4.325883e-11 	 -1.161613e-13
3 	 207 	 Ey 	 1 	 4.633125e-11 	 -1.148650e-13
3 	 208 	 Ey 	 1 	 4.741136e-11 	 -1.148025e-14
3 	 209 	 Ey 	 1 	 -2.371084e-11 	 -1.709880e-12
3 	 210 	 Ey 	 1 	 -2.623250e-11 	 -2.071265e-12
3 	 211 	 Ey 	 1 	 -2.875050e-11 	 -2.341815e-12
3 	 212 	 Ey 	 1 	 -3.236727e-11 	 -2.706422e-12
3 	 213 	 Ey 	 1 	 -3.540116e-11 	 -2.555562e-12
3 	 214 	 Ey 	 1 	 -3.750384e-11 	 -2.160870e-12
3 	 215 	 Ey 	 1 	 -3.617314e-11 	 -1.364766e-12
3 	 216 	 Ey 	 1 	 -3.113505e-11 	 -5.377592e-13
3 	 217 	 Ey 	 1 	 -2.121781e-11 	 -1.705911e-13
3 	 218 	 Ey 	 1 	 -9.081851e-12 	 -5.835178e-14
3 	 219 	 Ey 	 1 	 2.841465e-12 	 -1.087141e-14
3 	 220 	 Ey 	 1 	 1.504757e-11 	 -1.329839e-13
3 	 221 	 Ey 	 1 	 2.528109e-11 	 -4.501370e-13
3 	 222 	 Ey 	 1 	 3.203280e-11 	 -4.650686e-13
3 	 223 	 Ey 	 1 	 3.554542e-11 	 -2.103977e-13
3 	 224 	 Ey 	 1 	 3.643586e-11 	 -1.284456e-13
3 	 225 	 Ey 	 1 	 -2.063638e-11 	 -1.493261e-12
3 	 226 	 Ey 	 1 	 -2.282731e-11 	 -1.948878e-12
3 	 227 	 Ey 	 1 	 -2.533683e-11 	 -2.341599e-12
3 	 228 	 Ey 	 1 	 -2.760813e-11 	 -2.481097e-12
3 	 229 	 Ey 	 1 	 -2.979872e-11 	 -2.346190e-12
3 	 230 	 Ey 	 1 	 -3.025796e-11 	 -2.190630e-12
3 	 231 	 Ey 	 1 	 -2.849856e-11 	 -1.680225e-12
3 	 232 	 Ey 	 1 	 -2.505786e-11 	 -1.033159e-12
3 	 233 	 Ey 	 1 	 -1.775033e-11 	 -6.975108e-13
3 	 234 	 Ey 	 1 	 -8.730553e-12 	 -4.991946e-13
3 	 235 	 Ey 	 1 	 1.399709e-12 	 -5.668098e-13
3 	 236 	 Ey 	 1 	 1.056500e-11 	 -6.012212e-13
3 	 237 	 Ey 	 1 	 1.770762e-11 	 -5.597223e-13
3 	 238 	 Ey 	 1 	 2.249526e-11 	 -3.618629e-13
3 	 239 	 Ey 	 1 	 2.645875e-11 	 -2.564174e-13
3 	 240 	 Ey 	 1 	 2.819173e-11 	 -1.839202e-13
3 	 241 	 Ey 	 1 	 -1.787403e-11 	 -1.256807e-12
3 	 242 	 Ey 	 1 	 -1.933254e-11 	 -1.492759e-12
3 	 243 	 Ey 	 1 	 -2.121963e-11 	 -1.814471e-12
3 	 244 	 Ey 	 1 	 -2.322787e-11 	 -2.065780e-12
3 	 245 	 Ey 	 1 	 -2.377684e-11 	 -2.093715e-12
3 	 246 	 Ey 	 1 	 -2.344739e-11 	 -1.955070e-12
3 	 247 	 Ey 	 1 	 -2.224426e-11 	 -1.634008e-12
3 	 248 	 Ey 	 1 	 -1.883194e-11 	 -1.281407e-12
3 	 249 	 Ey 	 1 	 -1.348804e-11 	 -9.857022e-13
3 	 250 	 Ey 	 1 	 -6.732050e-12 	 -7.840036e-13
3 	 251 	 Ey 	 1 	 2.960970e-14 	 -6.797572e-13
3 	 252 	 Ey 	 1 	 7.368737e-12 	 -6.534998e-13
3 	 253 	 Ey 	 1 	 1.272451e-11 	 -5.271712e-13
3 	 254 	 Ey 	 1 	 1.685878e-11 	 -4.505765e-13
3 	 255 	 Ey 	 1 	 2.027056e-11 	 -4.242303e-13
3 	 256 	 Ey 	 1 	 2.237849e-11 	 -4.204443e-13
3 	 1 	 Ey 	 2 	 1.707828e-11 	 1.981166e-13
3 	 2 	 Ey 	 2 	 2.404254e-11 	 -2.044156e-12
3 	 3 	 Ey 	 2 	 3.760300e-11 	 -4.482202e-12
3 	 4 	 Ey 	 2 	 6.751470e-11 	 -6.038565e-12
3 	 5 	 Ey 	 2 	 1.244652e-10 	 -9.447337e-12
3 	 6 	 Ey 	 2 	 2.504481e-10 	 -1.411252e-11
3 	 7 	 Ey 	 2 	 6.294263e-10 	 -1.728128e-11
3 	 8 	 Ey 	 2 	 2.057337e-09 	 -1.839855e-11
3 	 9 	 Ey 	 2 	 9.886686e-09 	 -5.105202e-12
3 	 10 	 Ey 	 2 	 6.820354e-08 	 4.620135e-11
3 	 11 	 Ey 	 2 	 -5.605226e-08 	 -3.707575e-11
3 	 12 	 Ey 	 2 	 -2.250196e-08 	 -8.588867e-12
3 	 13 	 Ey 	 2 	 -3.881208e-09 	 -5.710827e-12
3 	 14 	 Ey 	 2 	 -1.020525e-09 	 5.481751e-13
3 	 15 	 Ey 	 2 	 -3.827492e-10 	 -6.236381e-12
3 	 16 	 Ey 	 2 	 -1.754530e-10 	 -4.274426e-12
3 	 17 	 Ey 	 2 	 -8.348719e-12 	 1.552769e-12
3 	 18 	 Ey 	 2 	 -1.119844e-11 	 5.963529e-13
3 	 19 	 Ey 	 2 	 -1.830362e-11 	 -2.707426e-12
3 	 20 	 Ey 	 2 	 -3.249426e-11 	 -7.415255e-12
3 	 21 	 Ey 	 2 	 -5.903189e-11 	 -1.329526e-11
3 	 22 	 Ey 	 2 	 -1.077267e-10 	 -1.736904e-11
3 	 23 	 Ey 	 2 	 -2.436183e-10 	 -2.076562e-11
3 	 24 	 Ey 	 2 	 -7.580100e-10 	 -2.821695e-11
3 	 25 	 Ey 	 2 	 -3.758290e-09 	 -2.140519e-11
3 	 26 	 Ey 	 2 	 -7.266396e-08 	 -5.588627e-11
3 	 27 	 Ey 	 2 	 2.793349e-06 	 5.130771e-10
3 	 28 	 Ey 	 2 	 9.894047e-09 	 -3.385575e-12
3 	 29 	 Ey 	 2 	 9.580200e-10 	 -2.935227e-12
3 	 30 	 Ey 	 2 	 2.309456e-10 	 5.835449e-15
3 	 31 	 Ey 	 2 	 2.663455e-11 	 -1.299673e-11
3 	 32 	 Ey 	 2 	 1.705883e-11 	 -2.102364e-12
3 	 33 	 Ey 	 2 	 -1.706965e-11 	 1.919438e-12
3 	 34 	 Ey 	 2 	 -2.716147e-11 	 1.681454e-12
3 	 35 	 Ey 	 2 	 -4.736172e-11 	 -3.995278e-13
3 	 36 	 Ey 	 2 	 -8.508918e-11 	 -3.868047e-12
3 	 37 	 Ey 	 2 	 -1.699622e-10 	 -1.187904e-11
3 	 38 	 Ey 	 2 	 -3.592474e-10 	 -2.103892e-11
3 	 39 	 Ey 	 2 	 -8.250001e-10 	 -1.765807e-11
3 	 40 	 Ey 	 2 	 -2.445428e-09 	 -1.087144e-11
3 	 41 	 Ey 	 2 	 -9.336849e-09 	 -3.504105e-12
3 	 42 	 Ey 	 2 	 -3.133652e-08 	 -4.652023e-11
3 	 43 	 Ey 	 2 	 2.208263e-08 	 1.235545e-11
3 	 44 	 Ey 	 2 	 1.685812e-08 	 -1.797116e-12
3 	 45 	 Ey 	 2 	 4.135833e-09 	 -1.393105e-11
3 	 46 	 Ey 	 2 	 1.248773e-09 	 -9.670486e-12
3 	 47 	 Ey 	 2 	 4.583468e-10 	 -9.353185e-12
3 	 48 	 Ey 	 2 	 2.178074e-10 	 -1.336059e-12
3 	 49 	 Ey 	 2 	 -3.006551e-11 	 2.816335e-12
3 	 50 	 Ey 	 2 	 -4.648845e-11 	 2.930579e-12
3 	 51 	 Ey 	 2 	 -7.447938e-11 	 2.152537e-12
3 	 52 	 Ey 	 2 	 -1.260824e-10 	 -5.756357e-14
3 	 53 	 Ey 	 2 	 -2.305392e-10 	 -5.711933e-12
3 	 54 	 Ey 	 2 	 -4.423494e-10 	 -1.172253e-11
3 	 55 	 Ey 	 2 	 -8.935483e-10 	 -8.019355e-12
3 	 56 	 Ey 	 2 	 -1.913240e-09 	 3.883689e-13
3 	 57 	 Ey 	 2 	 -3.823668e-09 	 7.919313e-12
3 	 58 	 Ey 	 2 	 -4.264372e-09 	 -6.400202e-12
3 	 59 	 Ey 	 2 	 2.048360e-09 	 -3.772773e-12
3 	 60 	 Ey 	 2 	 4.699161e-09 	 -8.084539e-12
3 	 61 	 Ey 	 2 	 2.706283e-09 	 -8.417182e-12
3 	 62 	 Ey 	 2 	 1.231144e-09 	 -9.379895e-12
3 	 63 	 Ey 	 2 	 5.961844e-10 	 -6.072271e-13
3 	 64 	 Ey 	 2 	 3.160809e-10 	 3.116576e-12
3 	 65 	 Ey 	 2 	 -3.869122e-11 	 3.950178e-12
3 	 66 	 Ey 	 2 	 -5.654066e-11 	 4.213699e-12
3 	 67 	 Ey 	 2 	 -8.555787e-11 	 4.561320e-12
3 	 68 	 Ey 	 2 	 -1.345885e-10 	 3.751568e-12
3 	 69 	 Ey 	 2 	 -2.176872e-10 	 3.899132e-12
3 	 70 	 Ey 	 2 	 -3.797586e-10 	 4.051601e-12
3 	 71 	 Ey 	 2 	 -6.647248e-10 	 4.715285e-12
3 	 72 	 Ey 	 2 	 -1.088062e-09 	 6.690412e-12
3 	 73 	 Ey 	 2 	 -1.463709e-09 	 5.055197e-12
3 	 74 	 Ey 	 2 	 -1.028274e-09 	 -1.844483e-12
3 	 75 	 Ey 	 2 	 4.626463e-10 	 2.141330e-13
3 	 76 	 Ey 	 2 	 1.485736e-09 	 5.025323e-12
3 	 77 	 Ey 	 2 	 1.363032e-09 	 8.640819e-13
3 	 78 	 Ey 	 2 	 8.931687e-10 	 3.483343e-12
3 	 79 	 Ey 	 2 	 5.392613e-10 	 3.749729e-12
3 	 80 	 Ey 	 2 	 3.275130e-10 	 5.891867e-12
3 	 81 	 Ey 	 2 	 -4.283144e-11 	 4.609682e-12
3 	 82 	 Ey 	 2 	 -5.895249e-11 	 5.330038e-12
3 	 83 	 Ey 	 2 	 -8.504915e-11 	 5.784962e-12
3 	 84 	 Ey 	 2 	 -1.225163e-10 	 8.159423e-12
3 	 85 	 Ey 	 2 	 -1.794811e-10 	 1.246099e-11
3 	 86 	 Ey 	 2 	 -2.758212e-10 	 1.716244e-11
3 	 87 	 Ey 	 2 	 -4.230348e-10 	 1.899398e-11
3 	 88 	 Ey 	 2 	 -5.773497e-10 	 1.628873e-11
3 	 89 	 Ey 	 2 	 -6.104713e-10 	 1.062243e-11
3 	 90 	 Ey 	 2 	 -3.384502e-10 	 5.414263e-12
3 	 91 	 Ey 	 2 	 1.972562e-10 	 4.789088e-12
3 	 92 	 Ey 	 2 	 6.242217e-10 	 1.462260e-11
3 	 93 	 Ey 	 2 	 7.050994e-10 	 1.081676e-11
3 	 94 	 Ey 	 2 	 5.819240e-10 	 9.679932e-12
3 	 95 	 Ey 	 2 	 4.098226e-10 	 7.157076e-12
3 	 96 	 Ey 	 2 	 2.809093e-10 	 6.057943e-12
3 	 97 	 Ey 	 2 	 -4.335531e-11 	 4.295513e-12
3 	 98 	 Ey 	 2 	 -5.800584e-11 	 5.422803e-12
3 	 99 	 Ey 	 2 	 -7.784190e-11 	 6.969376e-12
3 	 100 	 Ey 	 2 	 -1.034838e-10 	 9.730198e-12
3 	 101 	 Ey 	 2 	 -1.405704e-10 	 1.585063e-11
3 	 102 	 Ey 	 2 	 -1.982056e-10 	 2.136821e-11
3 	 103 	 Ey 	 2 	 -2.599449e-10 	 2.390275e-11
3 	 104 	 Ey 	 2 	 -3.051479e-10 	 2.033468e-11
3 	 105 	 Ey 	 2 	 -2.821294e-10 	 1.398473e-11
3 	 106 	 Ey 	 2 	 -1.319432e-10 	 1.086585e-11
3 	 107 	 Ey 	 2 	 9.793939e-11 	 1.336505e-11
3 	 108 	 Ey 	 2 	 3.069739e-10 	 1.510178e-11
3 	 109 	 Ey 	 2 	 3.899649e-10 	 1.547324e-11
3 	 110 	 Ey 	 2 	 3.718904e-10 	 9.848572e-12
3 	 111 	 Ey 	 2 	 3.035809e-10 	 8.996204e-12
3 	 112 	 Ey 	 2 	 2.286942e-10 	 9.596010e-12
3 	 113 	 Ey 	 2 	 -4.180743e-11 	 3.742017e-12
3 	 114 	 Ey 	 2 	 -5.414212e-11 	 4.985705e-12
3 	 115 	 Ey 	 2 	 -6.749716e-11 	 6.529360e-12
3 	 116 	 Ey 	 2 	 -8.525924e-11 	 9.509235e-12
3 	 117 	 Ey 	 2 	 -1.081177e-10 	 1.434838e-11
3 	 118 	 Ey 	 2 	 -1.384450e-10 	 1.832295e-11
3 	 119 	 Ey 	 2 	 -1.675115e-10 	 2.050344e-11
3 	 120 	 Ey 	 2 	 -1.789696e-10 	 1.946516e-11
3 	 121 	 Ey 	 2 	 -1.469990e-10 	 1.480490e-11
3 	 122 	 Ey 	 2 	 -5.793853e-11 	 1.186760e-11
3 	 123 	 Ey 	 2 	 6.008449e-11 	 1.362276e-11
3 	 124 	 Ey 	 2 	 1.691520e-10 	 1.603402e-11
3 	 125 	 Ey 	 2 	 2.343861e-10 	 1.387184e-11
3 	 126 	 Ey 	 2 	 2.380981e-10 	 1.174763e-11
3 	 127 	 Ey 	 2 	 2.130865e-10 	 1.034954e-11
3 	 128 	 Ey 	 2 	 1.748069e-10 	 9.394176e-12
3 	 129 	 Ey 	 2 	 -3.913063e-11 	 3.132217e-12
3 	 130 	 Ey 	 2 	 -4.823902e-11 	 3.950670e-12
3 	 131 	 Ey 	 2 	 -5.826284e-11 	 5.334017e-12
3 	 132 	 Ey 	 2 	 -7.087163e-11 	 7.600826e-12
3 	 133 	 Ey 	 2 	 -8.468932e-11 	 1.129240e-11
3 	 134 	 Ey 	 2 	 -1.012083e-10 	 1.401031e-11
3 	 135 	 Ey 	 2 	 -1.144001e-10 	 1.545569e-11
3 	 136 	 Ey 	 2 	 -1.115835e-10 	 1.436339e-11
3 	 137 	 Ey 	 2 	 -8.590380e-11 	 1.264341e-11
3 	 138 	 Ey 	 2 	 -2.717770e-11 	 1.063192e-11
3 	 139 	 Ey 	 2 	 3.952459e-11 	 1.226390e-11
3 	 140 	 Ey 	 2 	 1.035494e-10 	 1.440279e-11
3 	 141 	 Ey 	 2 	 1.477102e-10 	 1.356661e-11
3 	 142 	 Ey 	 2 	 1.627341e-10 	 1.174286e-11
3 	 143 	 Ey 	 2 	 1.520165e-10 	 1.123434e-11
3 	 144 	 Ey 	 2 	 1.348431e-10 	 1.000784e-11
3 	 145 	 Ey 	 2 	 -3.442046e-11 	 2.344202e-12
3 	 146 	 Ey 	 2 	 -4.210321e-11 	 3.208721e-12
3 	 147 	 Ey 	 2 	 -4.971448e-11 	 4.088174e-12
3 	 148 	 Ey 	 2 	 -5.773610e-11 	 5.582361e-12
3 	 149 	 Ey 	 2 	 -6.766768e-11 	 7.478125e-12
3 	 150 	 Ey 	 2 	 -7.883273e-11 	 9.536559e-12
3 	 151 	 Ey 	 2 	 -8.083711e-11 	 9.307994e-12
3 	 152 	 Ey 	 2 	 -7.537837e-11 	 9.039529e-12
3 	 153 	 Ey 	 2 	 -5.416219e-11 	 8.555217e-12
3 	 154 	 Ey 	 2 	 -1.479753e-11 	 8.132240e-12
3 	 155 	 Ey 	 2 	 2.818484e-11 	 1.016997e-11
3 	 156 	 Ey 	 2 	 6.626703e-11 	 1.253013e-11
3 	 157 	 Ey 	 2 	 9.637503e-11 	 1.213826e-11
3 	 158 	 Ey 	 2 	 1.087307e-10 	 1.079791e-11
3 	 159 	 Ey 	 2 	 1.094347e-10 	 1.009311e-11
3 	 160 	 Ey 	 2 	 1.021159e-10 	 9.755175e-12
3 	 161 	 Ey 	 2 	 -3.136989e-11 	 1.763514e-12
3 	 162 	 Ey 	 2 	 -3.614161e-11 	 2.060844e-12
3 	 163 	 Ey 	 2 	 -4.170551e-11 	 2.259623e-12
3 	 164 	 Ey 	 2 	 -4.781717e-11 	 2.950055e-12
3 	 165 	 Ey 	 2 	 -5.470672e-11 	 3.961212e-12
3 	 166 	 Ey 	 2 	 -5.836564e-11 	 3.752853e-12
3 	 167 	 Ey 	 2 	 -6.091835e-11 	 3.433381e-12
3 	 168 	 Ey 	 2 	 -5.585069e-11 	 3.211714e-12
3 	 169 	 Ey 	 2 	 -3.874777e-11 	 3.897329e-12
3 	 170 	 Ey 	 2 	 -1.212276e-11 	 5.323777e-12
3 	 171 	 Ey 	 2 	 1.521479e-11 	 7.601407e-12
3 	 172 	 Ey 	 2 	 4.617996e-11 	 9.492921e-12
3 	 173 	 Ey 	 2 	 6.817179e-11 	 1.047328e-11
3 	 174 	 Ey 	 2 	 7.992052e-11 	 1.035154e-11
3 	 175 	 Ey 	 2 	 8.230727e-11 	 9.557623e-12
3 	 176 	 Ey 	 2 	 7.857369e-11 	 8.582640e-12
3 	 177 	 Ey 	 2 	 -2.800614e-11 	 8.392077e-13
3 	 178 	 Ey 	 2 	 -3.176029e-11 	 6.285623e-13
3 	 179 	 Ey 	 2 	 -3.542941e-11 	 4.846106e-13
3 	 180 	 Ey 	 2 	 -3.921554e-11 	 2.842139e-13
3 	 181 	 Ey 	 2 	 -4.423575e-11 	 -1.068825e-13
3 	 182 	 Ey 	 2 	 -4.921456e-11 	 -1.426111e-12
3 	 183 	 Ey 	 2 	 -5.093185e-11 	 -2.295810e-12
3 	 184 	 Ey 	 2 	 -4.497897e-11 	 -1.684151e-12
3 	 185 	 Ey 	 2 	 -3.157580e-11 	 -6.361234e-14
3 	 186 	 Ey 	 2 	 -1.102155e-11 	 2.397504e-12
3 	 187 	 Ey 	 2 	 9.538845e-12 	 4.990668e-12
3 	 188 	 Ey 	 2 	 2.969054e-11 	 7.081176e-12
3 	 189 	 Ey 	 2 	 4.722623e-11 	 8.259306e-12
3 	 190 	 Ey 	 2 	 5.903528e-11 	 8.639270e-12
3 	 191 	 Ey 	 2 	 6.056045e-11 	 8.658443e-12
3 	 192 	 Ey 	 2 	 5.858679e-11 	 7.977551e-12
3 	 193 	 Ey 	 2 	 -2.472275e-11 	 2.742392e-14
3 	 194 	 Ey 	 2 	 -2.686869e-11 	 -3.876131e-13
3 	 195 	 Ey 	 2 	 -3.019933e-11 	 -1.051516e-12
3 	 196 	 Ey 	 2 	 -3.328031e-11 	 -2.125426e-12
3 	 197 	 Ey 	 2 	 -3.751682e-11 	 -3.349396e-12
3 	 198 	 Ey 	 2 	 -4.135758e-11 	 -5.137422e-12
3 	 199 	 Ey 	 2 	 -4.210481e-11 	 -5.996692e-12
3 	 200 	 Ey 	 2 	 -3.750679e-11 	 -5.036362e-12
3 	 201 	 Ey 	 2 	 -2.631668e-11 	 -2.956255e-12
3 	 202 	 Ey 	 2 	 -1.087302e-11 	 -1.979609e-13
3 	 203 	 Ey 	 2 	 4.847405e-12 	 2.563188e-12
3 	 204 	 Ey 	 2 	 2.143096e-11 	 4.783053e-12
3 	 205 	 Ey 	 2 	 3.449861e-11 	 6.252046e-12
3 	 206 	 Ey 	 2 	 4.287534e-11 	 7.250591e-12
3 	 207 	 Ey 	 2 	 4.570041e-11 	 7.404507e-12
3 	 208 	 Ey 	 2 	 4.630034e-11 	 7.269183e-12
3 	 209 	 Ey 	 2 	 -2.152685e-11 	 -5.944820e-13
3 	 210 	 Ey 	 2 	 -2.347393e-11 	 -1.089292e-12
3 	 211 	 Ey 	 2 	 -2.556207e-11 	 -1.862156e-12
3 	 212 	 Ey 	 2 	 -2.863403e-11 	 -3.331762e-12
3 	 213 	 Ey 	 2 	 -3.178856e-11 	 -4.947297e-12
3 	 214 	 Ey 	 2 	 -3.443497e-11 	 -6.637013e-12
3 	 215 	 Ey 	 2 	 -3.440728e-11 	 -7.084076e-12
3 	 216 	 Ey 	 2 	 -3.067013e-11 	 -6.341242e-12
3 	 217 	 Ey 	 2 	 -2.136957e-11 	 -4.436912e-12
3 	 218 	 Ey 	 2 	 -9.401284e-12 	 -1.936098e-12
3 	 219 	 Ey 	 2 	 2.374681e-12 	 7.521501e-13
3 	 220 	 Ey 	 2 	 1.470899e-11 	 2.909549e-12
3 	 221 	 Ey 	 2 	 2.527204e-11 	 4.439414e-12
3 	 222 	 Ey 	 2 	 3.184658e-11 	 5.403367e-12
3 	 223 	 Ey 	 2 	 3.478397e-11 	 6.022053e-12
3 	 224 	 Ey 	 2 	 3.528801e-11 	 6.011503e-12
3 	 225 	 Ey 	 2 	 -1.871230e-11 	 -8.702724e-13
3 	 226 	 Ey 	 2 	 -2.027243e-11 	 -1.476574e-12
3 	 227 	 Ey 	 2 	 -2.215440e-11 	 -2.535711e-12
3 	 228 	 Ey 	 2 	 -2.404400e-11 	 -3.808535e-12
3 	 229 	 Ey 	 2 	 -2.624276e-11 	 -5.152242e-12
3 	 230 	 Ey 	 2 	 -2.698017e-11 	 -6.178534e-12
3 	 231 	 Ey 	 2 	 -2.607132e-11 	 -6.463895e-12
3 	 232 	 Ey 	 2 	 -2.347874e-11 	 -6.188792e-12
3 	 233 	 Ey 	 2 	 -1.690075e-11 	 -4.746932e-12
3 	 234 	 Ey 	 2 	 -8.270439e-12 	 -2.766041e-12
3 	 235 	 Ey 	 2 	 1.705729e-12 	 -2.853871e-13
3 	 236 	 Ey 	 2 	 1.066873e-11 	 1.726891e-12
3 	 237 	 Ey 	 2 	 1.763392e-11 	 3.090451e-12
3 	 238 	 Ey 	 2 	 2.204934e-11 	 3.848030e-12
3 	 239 	 Ey 	 2 	 2.563708e-11 	 4.421995e-12
3 	 240 	 Ey 	 2 	 2.702151e-11 	 4.731596e-12
3 	 241 	 Ey 	 2 	 -1.620469e-11 	 -1.027853e-12
3 	 242 	 Ey 	 2 	 -1.723290e-11 	 -1.627120e-12
3 	 243 	 Ey 	 2 	 -1.857581e-11 	 -2.565262e-12
3 	 244 	 Ey 	 2 	 -2.011508e-11 	 -3.655057e-12
3 	 245 	 Ey 	 2 	 -2.058107e-11 	 -4.502893e-12
3 	 246 	 Ey 	 2 	 -2.045105e-11 	 -5.140837e-12
3 	 247 	 Ey 	 2 	 -1.971812e-11 	 -5.462414e-12
3 	 248 	 Ey 	 2 	 -1.684481e-11 	 -5.119956e-12
3 	 249 	 Ey 	 2 	 -1.211763e-11 	 -4.047754e-12
3 	 250 	 Ey 	 2 	 -5.802314e-12 	 -2.517613e-12
3 	 251 	 Ey 	 2 	 5.424283e-13 	 -7.649246e-13
3 	 252 	 Ey 	 2 	 7.540553e-12 	 1.001145e-12
3 	 253 	 Ey 	 2 	 1.255419e-11 	 2.196600e-12
3 	 254 	 Ey 	 2 	 1.637569e-11 	 2.953018e-12
3 	 255 	 Ey 	 2 	 1.955597e-11 	 3.433342e-12
3 	 256 	 Ey 	 2 	 2.142299e-11 	 3.717363e-12
