iTx 	 iRx    chrec  ifreq 	 emf_real 	 emf_imag
15 	 1 	 Ex 	 1 	 -8.762898e-12 	 6.833817e-12
15 	 2 	 Ex 	 1 	 -1.108193e-11 	 7.440364e-12
15 	 3 	 Ex 	 1 	 -1.381124e-11 	 8.019379e-12
15 	 4 	 Ex 	 1 	 -1.693231e-11 	 8.486900e-12
15 	 5 	 Ex 	 1 	 -2.150263e-11 	 8.834938e-12
15 	 6 	 Ex 	 1 	 -2.679040e-11 	 9.312606e-12
15 	 7 	 Ex 	 1 	 -3.251001e-11 	 9.771456e-12
15 	 8 	 Ex 	 1 	 -3.789662e-11 	 1.023121e-11
15 	 9 	 Ex 	 1 	 -4.296123e-11 	 1.084806e-11
15 	 10 	 Ex 	 1 	 -4.506288e-11 	 1.107733e-11
15 	 11 	 Ex 	 1 	 -4.448995e-11 	 1.138367e-11
15 	 12 	 Ex 	 1 	 -4.440481e-11 	 1.138978e-11
15 	 13 	 Ex 	 1 	 -4.045394e-11 	 1.099346e-11
15 	 14 	 Ex 	 1 	 -3.727140e-11 	 1.080830e-11
15 	 15 	 Ex 	 1 	 -3.121409e-11 	 9.983976e-12
15 	 16 	 Ex 	 1 	 -2.815388e-11 	 9.619029e-12
15 	 17 	 Ex 	 1 	 -7.519348e-12 	 8.087269e-12
15 	 18 	 Ex 	 1 	 -9.251272e-12 	 8.876642e-12
15 	 19 	 Ex 	 1 	 -1.209065e-11 	 9.664158e-12
15 	 20 	 Ex 	 1 	 -1.633828e-11 	 1.034893e-11
15 	 21 	 Ex 	 1 	 -2.177419e-11 	 1.058972e-11
15 	 22 	 Ex 	 1 	 -2.827541e-11 	 1.096565e-11
15 	 23 	 Ex 	 1 	 -3.621723e-11 	 1.177634e-11
15 	 24 	 Ex 	 1 	 -4.401321e-11 	 1.236134e-11
15 	 25 	 Ex 	 1 	 -5.121983e-11 	 1.333944e-11
15 	 26 	 Ex 	 1 	 -5.523574e-11 	 1.400859e-11
15 	 27 	 Ex 	 1 	 -5.371193e-11 	 1.425199e-11
15 	 28 	 Ex 	 1 	 -5.280517e-11 	 1.420951e-11
15 	 29 	 Ex 	 1 	 -4.819728e-11 	 1.389586e-11
15 	 30 	 Ex 	 1 	 -4.257149e-11 	 1.335514e-11
15 	 31 	 Ex 	 1 	 -3.525457e-11 	 1.232751e-11
15 	 32 	 Ex 	 1 	 -3.111975e-11 	 1.165423e-11
15 	 33 	 Ex 	 1 	 -6.118255e-12 	 9.465697e-12
15 	 34 	 Ex 	 1 	 -7.916142e-12 	 1.061836e-11
15 	 35 	 Ex 	 1 	 -1.062784e-11 	 1.158122e-11
15 	 36 	 Ex 	 1 	 -1.438815e-11 	 1.227550e-11
15 	 37 	 Ex 	 1 	 -2.096047e-11 	 1.269883e-11
15 	 38 	 Ex 	 1 	 -2.961044e-11 	 1.298855e-11
15 	 39 	 Ex 	 1 	 -4.090692e-11 	 1.398142e-11
15 	 40 	 Ex 	 1 	 -5.231696e-11 	 1.513450e-11
15 	 41 	 Ex 	 1 	 -6.305479e-11 	 1.671748e-11
15 	 42 	 Ex 	 1 	 -6.683375e-11 	 1.729497e-11
15 	 43 	 Ex 	 1 	 -6.657546e-11 	 1.805066e-11
15 	 44 	 Ex 	 1 	 -6.365085e-11 	 1.784687e-11
15 	 45 	 Ex 	 1 	 -5.628441e-11 	 1.721164e-11
15 	 46 	 Ex 	 1 	 -4.880785e-11 	 1.638307e-11
15 	 47 	 Ex 	 1 	 -4.014783e-11 	 1.527485e-11
15 	 48 	 Ex 	 1 	 -3.275968e-11 	 1.411534e-11
15 	 49 	 Ex 	 1 	 -3.601756e-12 	 1.100367e-11
15 	 50 	 Ex 	 1 	 -5.445451e-12 	 1.236527e-11
15 	 51 	 Ex 	 1 	 -8.187750e-12 	 1.358454e-11
15 	 52 	 Ex 	 1 	 -1.208113e-11 	 1.451484e-11
15 	 53 	 Ex 	 1 	 -1.944455e-11 	 1.489764e-11
15 	 54 	 Ex 	 1 	 -3.000995e-11 	 1.536807e-11
15 	 55 	 Ex 	 1 	 -4.512736e-11 	 1.660524e-11
15 	 56 	 Ex 	 1 	 -6.273407e-11 	 1.850974e-11
15 	 57 	 Ex 	 1 	 -7.676194e-11 	 2.068049e-11
15 	 58 	 Ex 	 1 	 -8.464240e-11 	 2.213321e-11
15 	 59 	 Ex 	 1 	 -8.250985e-11 	 2.279236e-11
15 	 60 	 Ex 	 1 	 -7.794714e-11 	 2.264988e-11
15 	 61 	 Ex 	 1 	 -6.782287e-11 	 2.175000e-11
15 	 62 	 Ex 	 1 	 -5.560166e-11 	 2.023733e-11
15 	 63 	 Ex 	 1 	 -4.467844e-11 	 1.872294e-11
15 	 64 	 Ex 	 1 	 -3.389674e-11 	 1.700399e-11
15 	 65 	 Ex 	 1 	 -2.793405e-13 	 1.262736e-11
15 	 66 	 Ex 	 1 	 -2.222900e-12 	 1.416512e-11
15 	 67 	 Ex 	 1 	 -5.075295e-12 	 1.599844e-11
15 	 68 	 Ex 	 1 	 -9.655911e-12 	 1.645852e-11
15 	 69 	 Ex 	 1 	 -1.761054e-11 	 1.713802e-11
15 	 70 	 Ex 	 1 	 -3.004065e-11 	 1.824667e-11
15 	 71 	 Ex 	 1 	 -4.949029e-11 	 1.959512e-11
15 	 72 	 Ex 	 1 	 -7.529466e-11 	 2.327336e-11
15 	 73 	 Ex 	 1 	 -9.505628e-11 	 2.616800e-11
15 	 74 	 Ex 	 1 	 -1.052124e-10 	 2.771693e-11
15 	 75 	 Ex 	 1 	 -1.019861e-10 	 2.854521e-11
15 	 76 	 Ex 	 1 	 -9.614323e-11 	 2.850815e-11
15 	 77 	 Ex 	 1 	 -8.245537e-11 	 2.767698e-11
15 	 78 	 Ex 	 1 	 -6.360922e-11 	 2.494385e-11
15 	 79 	 Ex 	 1 	 -4.668525e-11 	 2.282768e-11
15 	 80 	 Ex 	 1 	 -3.347645e-11 	 2.034980e-11
15 	 81 	 Ex 	 1 	 3.370764e-12 	 1.441857e-11
15 	 82 	 Ex 	 1 	 1.801451e-12 	 1.632370e-11
15 	 83 	 Ex 	 1 	 -1.378217e-12 	 1.818050e-11
15 	 84 	 Ex 	 1 	 -6.564953e-12 	 1.904662e-11
15 	 85 	 Ex 	 1 	 -1.575483e-11 	 1.954728e-11
15 	 86 	 Ex 	 1 	 -2.918107e-11 	 2.125711e-11
15 	 87 	 Ex 	 1 	 -5.460183e-11 	 2.439535e-11
15 	 88 	 Ex 	 1 	 -8.829885e-11 	 2.933272e-11
15 	 89 	 Ex 	 1 	 -1.185759e-10 	 3.362264e-11
15 	 90 	 Ex 	 1 	 -1.323245e-10 	 3.505362e-11
15 	 91 	 Ex 	 1 	 -1.270341e-10 	 3.570674e-11
15 	 92 	 Ex 	 1 	 -1.209821e-10 	 3.587291e-11
15 	 93 	 Ex 	 1 	 -9.711250e-11 	 3.399350e-11
15 	 94 	 Ex 	 1 	 -7.175475e-11 	 3.101753e-11
15 	 95 	 Ex 	 1 	 -4.589476e-11 	 2.679044e-11
15 	 96 	 Ex 	 1 	 -3.087544e-11 	 2.467637e-11
15 	 97 	 Ex 	 1 	 8.565587e-12 	 1.596242e-11
15 	 98 	 Ex 	 1 	 7.236163e-12 	 1.790711e-11
15 	 99 	 Ex 	 1 	 4.244829e-12 	 2.007575e-11
15 	 100 	 Ex 	 1 	 -1.457613e-12 	 2.190367e-11
15 	 101 	 Ex 	 1 	 -1.184407e-11 	 2.256618e-11
15 	 102 	 Ex 	 1 	 -2.931829e-11 	 2.531820e-11
15 	 103 	 Ex 	 1 	 -5.845973e-11 	 3.027766e-11
15 	 104 	 Ex 	 1 	 -1.027865e-10 	 3.721444e-11
15 	 105 	 Ex 	 1 	 -1.461776e-10 	 4.272297e-11
15 	 106 	 Ex 	 1 	 -1.667213e-10 	 4.403016e-11
15 	 107 	 Ex 	 1 	 -1.645346e-10 	 4.437328e-11
15 	 108 	 Ex 	 1 	 -1.538588e-10 	 4.516767e-11
15 	 109 	 Ex 	 1 	 -1.196294e-10 	 4.253975e-11
15 	 110 	 Ex 	 1 	 -7.730463e-11 	 3.784651e-11
15 	 111 	 Ex 	 1 	 -4.626664e-11 	 3.362751e-11
15 	 112 	 Ex 	 1 	 -2.602928e-11 	 2.984084e-11
15 	 113 	 Ex 	 1 	 1.520687e-11 	 1.745723e-11
15 	 114 	 Ex 	 1 	 1.563897e-11 	 2.015566e-11
15 	 115 	 Ex 	 1 	 1.343121e-11 	 2.231489e-11
15 	 116 	 Ex 	 1 	 8.384396e-12 	 2.423285e-11
15 	 117 	 Ex 	 1 	 -3.598539e-12 	 2.567067e-11
15 	 118 	 Ex 	 1 	 -2.300012e-11 	 2.956357e-11
15 	 119 	 Ex 	 1 	 -5.908228e-11 	 3.721786e-11
15 	 120 	 Ex 	 1 	 -1.175963e-10 	 4.737358e-11
15 	 121 	 Ex 	 1 	 -1.862063e-10 	 5.533127e-11
15 	 122 	 Ex 	 1 	 -2.269762e-10 	 5.744892e-11
15 	 123 	 Ex 	 1 	 -2.214378e-10 	 5.626985e-11
15 	 124 	 Ex 	 1 	 -1.997651e-10 	 5.625981e-11
15 	 125 	 Ex 	 1 	 -1.462856e-10 	 5.350648e-11
15 	 126 	 Ex 	 1 	 -8.578267e-11 	 4.693993e-11
15 	 127 	 Ex 	 1 	 -3.988500e-11 	 4.129733e-11
15 	 128 	 Ex 	 1 	 -1.059724e-11 	 3.588694e-11
15 	 129 	 Ex 	 1 	 2.395540e-11 	 1.898051e-11
15 	 130 	 Ex 	 1 	 2.582855e-11 	 2.184854e-11
15 	 131 	 Ex 	 1 	 2.638827e-11 	 2.452724e-11
15 	 132 	 Ex 	 1 	 2.295786e-11 	 2.699568e-11
15 	 133 	 Ex 	 1 	 1.335776e-11 	 2.940718e-11
15 	 134 	 Ex 	 1 	 -7.534633e-12 	 3.522767e-11
15 	 135 	 Ex 	 1 	 -4.786028e-11 	 4.622933e-11
15 	 136 	 Ex 	 1 	 -1.313558e-10 	 6.081677e-11
15 	 137 	 Ex 	 1 	 -2.398197e-10 	 7.097709e-11
15 	 138 	 Ex 	 1 	 -3.185730e-10 	 7.367126e-11
15 	 139 	 Ex 	 1 	 -3.148674e-10 	 7.103629e-11
15 	 140 	 Ex 	 1 	 -2.725349e-10 	 7.040327e-11
15 	 141 	 Ex 	 1 	 -1.815145e-10 	 6.685018e-11
15 	 142 	 Ex 	 1 	 -8.280698e-11 	 5.772652e-11
15 	 143 	 Ex 	 1 	 -2.046583e-11 	 4.997209e-11
15 	 144 	 Ex 	 1 	 1.726556e-11 	 4.278670e-11
15 	 145 	 Ex 	 1 	 3.473988e-11 	 2.047872e-11
15 	 146 	 Ex 	 1 	 4.081776e-11 	 2.348278e-11
15 	 147 	 Ex 	 1 	 4.572341e-11 	 2.676800e-11
15 	 148 	 Ex 	 1 	 4.844123e-11 	 3.001432e-11
15 	 149 	 Ex 	 1 	 4.396281e-11 	 3.381849e-11
15 	 150 	 Ex 	 1 	 3.477712e-11 	 4.250787e-11
15 	 151 	 Ex 	 1 	 -1.302083e-11 	 5.823522e-11
15 	 152 	 Ex 	 1 	 -1.269769e-10 	 7.863188e-11
15 	 153 	 Ex 	 1 	 -3.104837e-10 	 9.028085e-11
15 	 154 	 Ex 	 1 	 -4.657401e-10 	 9.258053e-11
15 	 155 	 Ex 	 1 	 -4.844719e-10 	 9.111509e-11
15 	 156 	 Ex 	 1 	 -3.934167e-10 	 8.934335e-11
15 	 157 	 Ex 	 1 	 -2.112330e-10 	 8.298485e-11
15 	 158 	 Ex 	 1 	 -5.588708e-11 	 7.166813e-11
15 	 159 	 Ex 	 1 	 3.119201e-11 	 5.987540e-11
15 	 160 	 Ex 	 1 	 6.699036e-11 	 5.026803e-11
15 	 161 	 Ex 	 1 	 4.738217e-11 	 2.171371e-11
15 	 162 	 Ex 	 1 	 5.939538e-11 	 2.535878e-11
15 	 163 	 Ex 	 1 	 7.312640e-11 	 2.978082e-11
15 	 164 	 Ex 	 1 	 8.560811e-11 	 3.334007e-11
15 	 165 	 Ex 	 1 	 1.015861e-10 	 3.895617e-11
15 	 166 	 Ex 	 1 	 1.097138e-10 	 5.069604e-11
15 	 167 	 Ex 	 1 	 8.981479e-11 	 7.266259e-11
15 	 168 	 Ex 	 1 	 -6.424248e-11 	 9.931926e-11
15 	 169 	 Ex 	 1 	 -4.201120e-10 	 1.183203e-10
15 	 170 	 Ex 	 1 	 -7.609238e-10 	 1.196841e-10
15 	 171 	 Ex 	 1 	 -8.701247e-10 	 1.209802e-10
15 	 172 	 Ex 	 1 	 -6.059556e-10 	 1.161363e-10
15 	 173 	 Ex 	 1 	 -2.117493e-10 	 1.051213e-10
15 	 174 	 Ex 	 1 	 4.738689e-11 	 8.794723e-11
15 	 175 	 Ex 	 1 	 1.451909e-10 	 7.021745e-11
15 	 176 	 Ex 	 1 	 1.575341e-10 	 5.857573e-11
15 	 177 	 Ex 	 1 	 6.129943e-11 	 2.275737e-11
15 	 178 	 Ex 	 1 	 8.101354e-11 	 2.732521e-11
15 	 179 	 Ex 	 1 	 1.074518e-10 	 3.214269e-11
15 	 180 	 Ex 	 1 	 1.421614e-10 	 3.683389e-11
15 	 181 	 Ex 	 1 	 2.041339e-10 	 4.643674e-11
15 	 182 	 Ex 	 1 	 2.818484e-10 	 6.256877e-11
15 	 183 	 Ex 	 1 	 3.405032e-10 	 8.896230e-11
15 	 184 	 Ex 	 1 	 2.076100e-10 	 1.239372e-10
15 	 185 	 Ex 	 1 	 -4.476858e-10 	 1.531511e-10
15 	 186 	 Ex 	 1 	 -1.484415e-09 	 1.653358e-10
15 	 187 	 Ex 	 1 	 -1.813367e-09 	 1.664479e-10
15 	 188 	 Ex 	 1 	 -9.349530e-10 	 1.551621e-10
15 	 189 	 Ex 	 1 	 -2.476665e-11 	 1.355353e-10
15 	 190 	 Ex 	 1 	 3.327287e-10 	 1.076630e-10
15 	 191 	 Ex 	 1 	 3.569244e-10 	 8.576080e-11
15 	 192 	 Ex 	 1 	 2.893478e-10 	 6.781653e-11
15 	 193 	 Ex 	 1 	 7.596020e-11 	 2.410727e-11
15 	 194 	 Ex 	 1 	 1.042145e-10 	 2.901729e-11
15 	 195 	 Ex 	 1 	 1.471557e-10 	 3.464694e-11
15 	 196 	 Ex 	 1 	 2.131588e-10 	 4.152155e-11
15 	 197 	 Ex 	 1 	 3.415055e-10 	 5.426864e-11
15 	 198 	 Ex 	 1 	 5.395022e-10 	 7.347381e-11
15 	 199 	 Ex 	 1 	 8.447456e-10 	 1.053459e-10
15 	 200 	 Ex 	 1 	 1.116005e-09 	 1.511136e-10
15 	 201 	 Ex 	 1 	 3.444601e-10 	 2.020228e-10
15 	 202 	 Ex 	 1 	 -3.339364e-09 	 2.451797e-10
15 	 203 	 Ex 	 1 	 -5.139754e-09 	 2.522971e-10
15 	 204 	 Ex 	 1 	 -9.415653e-10 	 2.180629e-10
15 	 205 	 Ex 	 1 	 1.001355e-09 	 1.706462e-10
15 	 206 	 Ex 	 1 	 9.898271e-10 	 1.273133e-10
15 	 207 	 Ex 	 1 	 7.064305e-10 	 9.804681e-11
15 	 208 	 Ex 	 1 	 4.753615e-10 	 7.615741e-11
15 	 209 	 Ex 	 1 	 8.610331e-11 	 2.479816e-11
15 	 210 	 Ex 	 1 	 1.228715e-10 	 3.012087e-11
15 	 211 	 Ex 	 1 	 1.809007e-10 	 3.645693e-11
15 	 212 	 Ex 	 1 	 2.852923e-10 	 4.624653e-11
15 	 213 	 Ex 	 1 	 4.893888e-10 	 6.232735e-11
15 	 214 	 Ex 	 1 	 8.357462e-10 	 8.339334e-11
15 	 215 	 Ex 	 1 	 1.636034e-09 	 1.207129e-10
15 	 216 	 Ex 	 1 	 3.412935e-09 	 1.779114e-10
15 	 217 	 Ex 	 1 	 6.910262e-09 	 2.701269e-10
15 	 218 	 Ex 	 1 	 -4.465497e-09 	 4.238633e-10
15 	 219 	 Ex 	 1 	 -2.779252e-08 	 4.897998e-10
15 	 220 	 Ex 	 1 	 6.845672e-09 	 3.290953e-10
15 	 221 	 Ex 	 1 	 4.712737e-09 	 2.162390e-10
15 	 222 	 Ex 	 1 	 2.254248e-09 	 1.484867e-10
15 	 223 	 Ex 	 1 	 1.139074e-09 	 1.071680e-10
15 	 224 	 Ex 	 1 	 6.525499e-10 	 8.177822e-11
15 	 225 	 Ex 	 1 	 9.173016e-11 	 2.533247e-11
15 	 226 	 Ex 	 1 	 1.305311e-10 	 3.041617e-11
15 	 227 	 Ex 	 1 	 2.020908e-10 	 3.872746e-11
15 	 228 	 Ex 	 1 	 3.316998e-10 	 5.056255e-11
15 	 229 	 Ex 	 1 	 5.660482e-10 	 6.650465e-11
15 	 230 	 Ex 	 1 	 1.007544e-09 	 8.829509e-11
15 	 231 	 Ex 	 1 	 2.206102e-09 	 1.291060e-10
15 	 232 	 Ex 	 1 	 5.628964e-09 	 1.899535e-10
15 	 233 	 Ex 	 1 	 2.327932e-08 	 3.320416e-10
15 	 234 	 Ex 	 1 	 5.290673e-08 	 8.174290e-10
15 	 235 	 Ex 	 1 	 6.770436e-07 	 2.356036e-09
15 	 236 	 Ex 	 1 	 5.251567e-08 	 4.580247e-10
15 	 237 	 Ex 	 1 	 9.481222e-09 	 2.414210e-10
15 	 238 	 Ex 	 1 	 3.212029e-09 	 1.579155e-10
15 	 239 	 Ex 	 1 	 1.385738e-09 	 1.085379e-10
15 	 240 	 Ex 	 1 	 7.451066e-10 	 8.393806e-11
15 	 241 	 Ex 	 1 	 8.929887e-11 	 2.511688e-11
15 	 242 	 Ex 	 1 	 1.317232e-10 	 3.164827e-11
15 	 243 	 Ex 	 1 	 1.990103e-10 	 3.993340e-11
15 	 244 	 Ex 	 1 	 3.199967e-10 	 5.145657e-11
15 	 245 	 Ex 	 1 	 5.326845e-10 	 6.649707e-11
15 	 246 	 Ex 	 1 	 9.517508e-10 	 8.999740e-11
15 	 247 	 Ex 	 1 	 1.920189e-09 	 1.262092e-10
15 	 248 	 Ex 	 1 	 4.335562e-09 	 1.806334e-10
15 	 249 	 Ex 	 1 	 1.234537e-08 	 2.925533e-10
15 	 250 	 Ex 	 1 	 1.160233e-08 	 5.220475e-10
15 	 251 	 Ex 	 1 	 -6.107609e-08 	 6.744746e-10
15 	 252 	 Ex 	 1 	 1.797342e-08 	 3.754679e-10
15 	 253 	 Ex 	 1 	 6.477699e-09 	 2.233767e-10
15 	 254 	 Ex 	 1 	 2.694243e-09 	 1.535944e-10
15 	 255 	 Ex 	 1 	 1.260908e-09 	 1.081854e-10
15 	 256 	 Ex 	 1 	 6.894781e-10 	 8.230264e-11
15 	 1 	 Ex 	 2 	 -1.338157e-11 	 1.489021e-12
15 	 2 	 Ex 	 2 	 -1.653493e-11 	 1.855106e-12
15 	 3 	 Ex 	 2 	 -2.006653e-11 	 2.090193e-12
15 	 4 	 Ex 	 2 	 -2.388800e-11 	 2.191883e-12
15 	 5 	 Ex 	 2 	 -2.901590e-11 	 1.800302e-12
15 	 6 	 Ex 	 2 	 -3.493637e-11 	 1.085257e-12
15 	 7 	 Ex 	 2 	 -4.136821e-11 	 8.897325e-14
15 	 8 	 Ex 	 2 	 -4.750817e-11 	 -1.055183e-12
15 	 9 	 Ex 	 2 	 -5.347292e-11 	 -2.244383e-12
15 	 10 	 Ex 	 2 	 -5.604223e-11 	 -2.910118e-12
15 	 11 	 Ex 	 2 	 -5.594080e-11 	 -3.264079e-12
15 	 12 	 Ex 	 2 	 -5.588737e-11 	 -2.888038e-12
15 	 13 	 Ex 	 2 	 -5.145868e-11 	 -2.189467e-12
15 	 14 	 Ex 	 2 	 -4.774606e-11 	 -1.861254e-12
15 	 15 	 Ex 	 2 	 -4.065899e-11 	 -1.087174e-12
15 	 16 	 Ex 	 2 	 -3.671012e-11 	 -1.230112e-12
15 	 17 	 Ex 	 2 	 -1.386787e-11 	 2.373242e-12
15 	 18 	 Ex 	 2 	 -1.685909e-11 	 3.281944e-12
15 	 19 	 Ex 	 2 	 -2.086730e-11 	 4.011569e-12
15 	 20 	 Ex 	 2 	 -2.620834e-11 	 4.423004e-12
15 	 21 	 Ex 	 2 	 -3.223687e-11 	 4.124965e-12
15 	 22 	 Ex 	 2 	 -3.940890e-11 	 3.336306e-12
15 	 23 	 Ex 	 2 	 -4.864393e-11 	 2.377405e-12
15 	 24 	 Ex 	 2 	 -5.753643e-11 	 7.680049e-13
15 	 25 	 Ex 	 2 	 -6.627617e-11 	 -6.806929e-13
15 	 26 	 Ex 	 2 	 -7.143720e-11 	 -1.536590e-12
15 	 27 	 Ex 	 2 	 -7.036045e-11 	 -1.875339e-12
15 	 28 	 Ex 	 2 	 -6.949597e-11 	 -1.145719e-12
15 	 29 	 Ex 	 2 	 -6.434465e-11 	 -2.869960e-13
15 	 30 	 Ex 	 2 	 -5.772267e-11 	 3.373688e-13
15 	 31 	 Ex 	 2 	 -4.886097e-11 	 8.811533e-13
15 	 32 	 Ex 	 2 	 -4.325683e-11 	 2.509642e-13
15 	 33 	 Ex 	 2 	 -1.441292e-11 	 3.334919e-12
15 	 34 	 Ex 	 2 	 -1.797120e-11 	 4.703065e-12
15 	 35 	 Ex 	 2 	 -2.234167e-11 	 6.179576e-12
15 	 36 	 Ex 	 2 	 -2.747690e-11 	 7.331053e-12
15 	 37 	 Ex 	 2 	 -3.497955e-11 	 7.567275e-12
15 	 38 	 Ex 	 2 	 -4.441507e-11 	 6.699364e-12
15 	 39 	 Ex 	 2 	 -5.748928e-11 	 5.445227e-12
15 	 40 	 Ex 	 2 	 -7.096972e-11 	 3.564121e-12
15 	 41 	 Ex 	 2 	 -8.441926e-11 	 1.888101e-12
15 	 42 	 Ex 	 2 	 -8.938614e-11 	 1.056105e-12
15 	 43 	 Ex 	 2 	 -9.038405e-11 	 7.762619e-13
15 	 44 	 Ex 	 2 	 -8.719211e-11 	 2.045921e-12
15 	 45 	 Ex 	 2 	 -7.880777e-11 	 3.270353e-12
15 	 46 	 Ex 	 2 	 -6.978248e-11 	 3.770971e-12
15 	 47 	 Ex 	 2 	 -5.898393e-11 	 3.672249e-12
15 	 48 	 Ex 	 2 	 -4.939326e-11 	 3.101528e-12
15 	 49 	 Ex 	 2 	 -1.420953e-11 	 4.532992e-12
15 	 50 	 Ex 	 2 	 -1.822579e-11 	 6.313087e-12
15 	 51 	 Ex 	 2 	 -2.308117e-11 	 8.490653e-12
15 	 52 	 Ex 	 2 	 -2.882140e-11 	 1.067573e-11
15 	 53 	 Ex 	 2 	 -3.736087e-11 	 1.194234e-11
15 	 54 	 Ex 	 2 	 -4.921173e-11 	 1.172926e-11
15 	 55 	 Ex 	 2 	 -6.674602e-11 	 1.009534e-11
15 	 56 	 Ex 	 2 	 -8.799946e-11 	 7.795876e-12
15 	 57 	 Ex 	 2 	 -1.059619e-10 	 6.245528e-12
15 	 58 	 Ex 	 2 	 -1.164698e-10 	 5.479824e-12
15 	 59 	 Ex 	 2 	 -1.155189e-10 	 5.775843e-12
15 	 60 	 Ex 	 2 	 -1.106649e-10 	 7.543560e-12
15 	 61 	 Ex 	 2 	 -9.892331e-11 	 8.786672e-12
15 	 62 	 Ex 	 2 	 -8.384996e-11 	 8.999768e-12
15 	 63 	 Ex 	 2 	 -6.998310e-11 	 8.304209e-12
15 	 64 	 Ex 	 2 	 -5.597661e-11 	 7.364262e-12
15 	 65 	 Ex 	 2 	 -1.333091e-11 	 5.817014e-12
15 	 66 	 Ex 	 2 	 -1.788043e-11 	 8.043889e-12
15 	 67 	 Ex 	 2 	 -2.370433e-11 	 1.106073e-11
15 	 68 	 Ex 	 2 	 -2.977422e-11 	 1.389532e-11
15 	 69 	 Ex 	 2 	 -3.954513e-11 	 1.681028e-11
15 	 70 	 Ex 	 2 	 -5.442024e-11 	 1.839195e-11
15 	 71 	 Ex 	 2 	 -7.699803e-11 	 1.670750e-11
15 	 72 	 Ex 	 2 	 -1.095385e-10 	 1.493894e-11
15 	 73 	 Ex 	 2 	 -1.348668e-10 	 1.355043e-11
15 	 74 	 Ex 	 2 	 -1.482027e-10 	 1.309235e-11
15 	 75 	 Ex 	 2 	 -1.463648e-10 	 1.426949e-11
15 	 76 	 Ex 	 2 	 -1.402360e-10 	 1.614906e-11
15 	 77 	 Ex 	 2 	 -1.246745e-10 	 1.750472e-11
15 	 78 	 Ex 	 2 	 -1.008405e-10 	 1.676958e-11
15 	 79 	 Ex 	 2 	 -7.973133e-11 	 1.570451e-11
15 	 80 	 Ex 	 2 	 -6.187927e-11 	 1.344910e-11
15 	 81 	 Ex 	 2 	 -1.242409e-11 	 7.131841e-12
15 	 82 	 Ex 	 2 	 -1.718956e-11 	 1.004234e-11
15 	 83 	 Ex 	 2 	 -2.353216e-11 	 1.348536e-11
15 	 84 	 Ex 	 2 	 -3.090771e-11 	 1.755824e-11
15 	 85 	 Ex 	 2 	 -4.196128e-11 	 2.201093e-11
15 	 86 	 Ex 	 2 	 -5.893654e-11 	 2.604291e-11
15 	 87 	 Ex 	 2 	 -9.083344e-11 	 2.733006e-11
15 	 88 	 Ex 	 2 	 -1.339812e-10 	 2.667541e-11
15 	 89 	 Ex 	 2 	 -1.726249e-10 	 2.618426e-11
15 	 90 	 Ex 	 2 	 -1.895116e-10 	 2.546880e-11
15 	 91 	 Ex 	 2 	 -1.851094e-10 	 2.746623e-11
15 	 92 	 Ex 	 2 	 -1.791041e-10 	 2.925174e-11
15 	 93 	 Ex 	 2 	 -1.512910e-10 	 3.001110e-11
15 	 94 	 Ex 	 2 	 -1.202493e-10 	 2.859568e-11
15 	 95 	 Ex 	 2 	 -8.656451e-11 	 2.541466e-11
15 	 96 	 Ex 	 2 	 -6.724812e-11 	 2.186032e-11
15 	 97 	 Ex 	 2 	 -9.873964e-12 	 8.367538e-12
15 	 98 	 Ex 	 2 	 -1.457625e-11 	 1.164819e-11
15 	 99 	 Ex 	 2 	 -2.121860e-11 	 1.590433e-11
15 	 100 	 Ex 	 2 	 -3.046379e-11 	 2.162191e-11
15 	 101 	 Ex 	 2 	 -4.312991e-11 	 2.804528e-11
15 	 102 	 Ex 	 2 	 -6.615409e-11 	 3.572810e-11
15 	 103 	 Ex 	 2 	 -1.048537e-10 	 4.183387e-11
15 	 104 	 Ex 	 2 	 -1.626603e-10 	 4.479225e-11
15 	 105 	 Ex 	 2 	 -2.170878e-10 	 4.621775e-11
15 	 106 	 Ex 	 2 	 -2.405281e-10 	 4.531584e-11
15 	 107 	 Ex 	 2 	 -2.390495e-10 	 4.614223e-11
15 	 108 	 Ex 	 2 	 -2.290521e-10 	 4.902385e-11
15 	 109 	 Ex 	 2 	 -1.891625e-10 	 4.862443e-11
15 	 110 	 Ex 	 2 	 -1.378740e-10 	 4.509092e-11
15 	 111 	 Ex 	 2 	 -9.883537e-11 	 3.968866e-11
15 	 112 	 Ex 	 2 	 -7.160093e-11 	 3.258373e-11
15 	 113 	 Ex 	 2 	 -5.819061e-12 	 9.713178e-12
15 	 114 	 Ex 	 2 	 -9.913386e-12 	 1.377523e-11
15 	 115 	 Ex 	 2 	 -1.608137e-11 	 1.881092e-11
15 	 116 	 Ex 	 2 	 -2.485791e-11 	 2.561371e-11
15 	 117 	 Ex 	 2 	 -4.020702e-11 	 3.483491e-11
15 	 118 	 Ex 	 2 	 -6.684889e-11 	 4.676489e-11
15 	 119 	 Ex 	 2 	 -1.168642e-10 	 6.071202e-11
15 	 120 	 Ex 	 2 	 -1.944962e-10 	 7.141520e-11
15 	 121 	 Ex 	 2 	 -2.786417e-10 	 7.720805e-11
15 	 122 	 Ex 	 2 	 -3.241538e-10 	 7.711397e-11
15 	 123 	 Ex 	 2 	 -3.167294e-10 	 7.530761e-11
15 	 124 	 Ex 	 2 	 -2.940521e-10 	 7.756695e-11
15 	 125 	 Ex 	 2 	 -2.343949e-10 	 7.636384e-11
15 	 126 	 Ex 	 2 	 -1.615610e-10 	 6.799605e-11
15 	 127 	 Ex 	 2 	 -1.054286e-10 	 5.810434e-11
15 	 128 	 Ex 	 2 	 -6.656668e-11 	 4.716072e-11
15 	 129 	 Ex 	 2 	 2.199906e-13 	 1.125452e-11
15 	 130 	 Ex 	 2 	 -3.002855e-12 	 1.592664e-11
15 	 131 	 Ex 	 2 	 -7.284042e-12 	 2.203275e-11
15 	 132 	 Ex 	 2 	 -1.526728e-11 	 3.043118e-11
15 	 133 	 Ex 	 2 	 -2.962545e-11 	 4.313136e-11
15 	 134 	 Ex 	 2 	 -6.033199e-11 	 6.177839e-11
15 	 135 	 Ex 	 2 	 -1.193615e-10 	 8.613674e-11
15 	 136 	 Ex 	 2 	 -2.287910e-10 	 1.099255e-10
15 	 137 	 Ex 	 2 	 -3.562716e-10 	 1.220700e-10
15 	 138 	 Ex 	 2 	 -4.411460e-10 	 1.228267e-10
15 	 139 	 Ex 	 2 	 -4.329796e-10 	 1.182810e-10
15 	 140 	 Ex 	 2 	 -3.883690e-10 	 1.187906e-10
15 	 141 	 Ex 	 2 	 -2.899614e-10 	 1.145276e-10
15 	 142 	 Ex 	 2 	 -1.750432e-10 	 9.879740e-11
15 	 143 	 Ex 	 2 	 -9.964294e-11 	 8.182432e-11
15 	 144 	 Ex 	 2 	 -4.985548e-11 	 6.511532e-11
15 	 145 	 Ex 	 2 	 8.185897e-12 	 1.300746e-11
15 	 146 	 Ex 	 2 	 8.755676e-12 	 1.828291e-11
15 	 147 	 Ex 	 2 	 7.772690e-12 	 2.558876e-11
15 	 148 	 Ex 	 2 	 4.527189e-12 	 3.629048e-11
15 	 149 	 Ex 	 2 	 -6.381329e-12 	 5.332679e-11
15 	 150 	 Ex 	 2 	 -2.899714e-11 	 8.096596e-11
15 	 151 	 Ex 	 2 	 -1.011585e-10 	 1.215684e-10
15 	 152 	 Ex 	 2 	 -2.483199e-10 	 1.650161e-10
15 	 153 	 Ex 	 2 	 -4.522049e-10 	 1.850451e-10
15 	 154 	 Ex 	 2 	 -6.124180e-10 	 1.865330e-10
15 	 155 	 Ex 	 2 	 -6.285239e-10 	 1.833538e-10
15 	 156 	 Ex 	 2 	 -5.339869e-10 	 1.797750e-10
15 	 157 	 Ex 	 2 	 -3.406320e-10 	 1.669020e-10
15 	 158 	 Ex 	 2 	 -1.671706e-10 	 1.412738e-10
15 	 159 	 Ex 	 2 	 -6.204377e-11 	 1.118794e-10
15 	 160 	 Ex 	 2 	 -1.145191e-11 	 8.641765e-11
15 	 161 	 Ex 	 2 	 1.845264e-11 	 1.467134e-11
15 	 162 	 Ex 	 2 	 2.372949e-11 	 2.146109e-11
15 	 163 	 Ex 	 2 	 2.962566e-11 	 3.087004e-11
15 	 164 	 Ex 	 2 	 3.568081e-11 	 4.313230e-11
15 	 165 	 Ex 	 2 	 4.275521e-11 	 6.566149e-11
15 	 166 	 Ex 	 2 	 3.448933e-11 	 1.044243e-10
15 	 167 	 Ex 	 2 	 -1.642273e-11 	 1.669218e-10
15 	 168 	 Ex 	 2 	 -2.082276e-10 	 2.357394e-10
15 	 169 	 Ex 	 2 	 -5.916395e-10 	 2.814630e-10
15 	 170 	 Ex 	 2 	 -9.340683e-10 	 2.842632e-10
15 	 171 	 Ex 	 2 	 -1.044487e-09 	 2.875089e-10
15 	 172 	 Ex 	 2 	 -7.743658e-10 	 2.729296e-10
15 	 173 	 Ex 	 2 	 -3.649950e-10 	 2.432719e-10
15 	 174 	 Ex 	 2 	 -8.291157e-11 	 1.961429e-10
15 	 175 	 Ex 	 2 	 3.926697e-11 	 1.473288e-10
15 	 176 	 Ex 	 2 	 6.737749e-11 	 1.113512e-10
15 	 177 	 Ex 	 2 	 3.021978e-11 	 1.661795e-11
15 	 178 	 Ex 	 2 	 4.184459e-11 	 2.513650e-11
15 	 179 	 Ex 	 2 	 5.957489e-11 	 3.629783e-11
15 	 180 	 Ex 	 2 	 8.603201e-11 	 5.220519e-11
15 	 181 	 Ex 	 2 	 1.338740e-10 	 8.388518e-11
15 	 182 	 Ex 	 2 	 1.904309e-10 	 1.372352e-10
15 	 183 	 Ex 	 2 	 2.166248e-10 	 2.201314e-10
15 	 184 	 Ex 	 2 	 4.267066e-11 	 3.251596e-10
15 	 185 	 Ex 	 2 	 -6.436186e-10 	 4.142664e-10
15 	 186 	 Ex 	 2 	 -1.689872e-09 	 4.545964e-10
15 	 187 	 Ex 	 2 	 -2.019298e-09 	 4.584721e-10
15 	 188 	 Ex 	 2 	 -1.131069e-09 	 4.205253e-10
15 	 189 	 Ex 	 2 	 -2.038677e-10 	 3.536929e-10
15 	 190 	 Ex 	 2 	 1.834659e-10 	 2.656451e-10
15 	 191 	 Ex 	 2 	 2.321943e-10 	 1.958267e-10
15 	 192 	 Ex 	 2 	 1.867991e-10 	 1.389407e-10
15 	 193 	 Ex 	 2 	 4.252113e-11 	 1.893514e-11
15 	 194 	 Ex 	 2 	 6.198988e-11 	 2.868238e-11
15 	 195 	 Ex 	 2 	 9.495527e-11 	 4.284650e-11
15 	 196 	 Ex 	 2 	 1.496711e-10 	 6.471148e-11
15 	 197 	 Ex 	 2 	 2.600680e-10 	 1.054355e-10
15 	 198 	 Ex 	 2 	 4.344222e-10 	 1.690179e-10
15 	 199 	 Ex 	 2 	 7.049551e-10 	 2.742601e-10
15 	 200 	 Ex 	 2 	 9.339306e-10 	 4.279365e-10
15 	 201 	 Ex 	 2 	 1.274714e-10 	 6.082050e-10
15 	 202 	 Ex 	 2 	 -3.575882e-09 	 7.682944e-10
15 	 203 	 Ex 	 2 	 -5.377009e-09 	 7.963096e-10
15 	 204 	 Ex 	 2 	 -1.164698e-09 	 6.683734e-10
15 	 205 	 Ex 	 2 	 8.041687e-10 	 4.932179e-10
15 	 206 	 Ex 	 2 	 8.255240e-10 	 3.395528e-10
15 	 207 	 Ex 	 2 	 5.688530e-10 	 2.373303e-10
15 	 208 	 Ex 	 2 	 3.624944e-10 	 1.647514e-10
15 	 209 	 Ex 	 2 	 5.144225e-11 	 2.046282e-11
15 	 210 	 Ex 	 2 	 7.869094e-11 	 3.144949e-11
15 	 211 	 Ex 	 2 	 1.256178e-10 	 4.837204e-11
15 	 212 	 Ex 	 2 	 2.148565e-10 	 7.716889e-11
15 	 213 	 Ex 	 2 	 3.971842e-10 	 1.275265e-10
15 	 214 	 Ex 	 2 	 7.187972e-10 	 1.979660e-10
15 	 215 	 Ex 	 2 	 1.482377e-09 	 3.246701e-10
15 	 216 	 Ex 	 2 	 3.217838e-09 	 5.312502e-10
15 	 217 	 Ex 	 2 	 6.675999e-09 	 8.834389e-10
15 	 218 	 Ex 	 2 	 -4.734064e-09 	 1.480219e-09
15 	 219 	 Ex 	 2 	 -2.806753e-08 	 1.735401e-09
15 	 220 	 Ex 	 2 	 6.594478e-09 	 1.111730e-09
15 	 221 	 Ex 	 2 	 4.495886e-09 	 6.723984e-10
15 	 222 	 Ex 	 2 	 2.074979e-09 	 4.177135e-10
15 	 223 	 Ex 	 2 	 9.926941e-10 	 2.683535e-10
15 	 224 	 Ex 	 2 	 5.328948e-10 	 1.817932e-10
15 	 225 	 Ex 	 2 	 5.612905e-11 	 2.145327e-11
15 	 226 	 Ex 	 2 	 8.566899e-11 	 3.313574e-11
15 	 227 	 Ex 	 2 	 1.434526e-10 	 5.361682e-11
15 	 228 	 Ex 	 2 	 2.551202e-10 	 8.717142e-11
15 	 229 	 Ex 	 2 	 4.684093e-10 	 1.385046e-10
15 	 230 	 Ex 	 2 	 8.851275e-10 	 2.115920e-10
15 	 231 	 Ex 	 2 	 2.046096e-09 	 3.530626e-10
15 	 232 	 Ex 	 2 	 5.431189e-09 	 5.800724e-10
15 	 233 	 Ex 	 2 	 2.303283e-08 	 1.134677e-09
15 	 234 	 Ex 	 2 	 5.260787e-08 	 3.072044e-09
15 	 235 	 Ex 	 2 	 6.766542e-07 	 9.389610e-09
15 	 236 	 Ex 	 2 	 5.224148e-08 	 1.638350e-09
15 	 237 	 Ex 	 2 	 9.258295e-09 	 7.754444e-10
15 	 238 	 Ex 	 2 	 3.028124e-09 	 4.542261e-10
15 	 239 	 Ex 	 2 	 1.239457e-09 	 2.753162e-10
15 	 240 	 Ex 	 2 	 6.227743e-10 	 1.872960e-10
15 	 241 	 Ex 	 2 	 5.407515e-11 	 2.120260e-11
15 	 242 	 Ex 	 2 	 8.509444e-11 	 3.510015e-11
15 	 243 	 Ex 	 2 	 1.386760e-10 	 5.556534e-11
15 	 244 	 Ex 	 2 	 2.422305e-10 	 8.800685e-11
15 	 245 	 Ex 	 2 	 4.348502e-10 	 1.359674e-10
15 	 246 	 Ex 	 2 	 8.269699e-10 	 2.131432e-10
15 	 247 	 Ex 	 2 	 1.762550e-09 	 3.399237e-10
15 	 248 	 Ex 	 2 	 4.144058e-09 	 5.440465e-10
15 	 249 	 Ex 	 2 	 1.211280e-08 	 9.794011e-10
15 	 250 	 Ex 	 2 	 1.133600e-08 	 1.889576e-09
15 	 251 	 Ex 	 2 	 -6.134884e-08 	 2.476528e-09
15 	 252 	 Ex 	 2 	 1.771866e-08 	 1.304665e-09
15 	 253 	 Ex 	 2 	 6.263530e-09 	 7.057472e-10
15 	 254 	 Ex 	 2 	 2.512803e-09 	 4.356596e-10
15 	 255 	 Ex 	 2 	 1.114584e-09 	 2.710279e-10
15 	 256 	 Ex 	 2 	 5.689845e-10 	 1.799693e-10
15 	 1 	 Ey 	 1 	 1.752672e-11 	 1.135312e-12
15 	 2 	 Ey 	 1 	 1.967610e-11 	 1.389903e-12
15 	 3 	 Ey 	 1 	 2.146339e-11 	 1.711574e-12
15 	 4 	 Ey 	 1 	 2.273097e-11 	 1.997989e-12
15 	 5 	 Ey 	 1 	 2.377244e-11 	 1.959100e-12
15 	 6 	 Ey 	 1 	 2.369802e-11 	 1.801384e-12
15 	 7 	 Ey 	 1 	 2.211357e-11 	 1.570619e-12
15 	 8 	 Ey 	 1 	 1.873630e-11 	 1.231896e-12
15 	 9 	 Ey 	 1 	 1.331726e-11 	 9.445888e-13
15 	 10 	 Ey 	 1 	 6.756821e-12 	 7.669121e-13
15 	 11 	 Ey 	 1 	 -2.408174e-14 	 6.741978e-13
15 	 12 	 Ey 	 1 	 -7.252817e-12 	 6.442914e-13
15 	 13 	 Ey 	 1 	 -1.286929e-11 	 5.769632e-13
15 	 14 	 Ey 	 1 	 -1.717325e-11 	 5.858522e-13
15 	 15 	 Ey 	 1 	 -1.958285e-11 	 3.233718e-13
15 	 16 	 Ey 	 1 	 -2.249413e-11 	 4.570142e-13
15 	 17 	 Ey 	 1 	 2.054013e-11 	 1.450244e-12
15 	 18 	 Ey 	 1 	 2.268096e-11 	 1.814624e-12
15 	 19 	 Ey 	 1 	 2.503390e-11 	 2.142713e-12
15 	 20 	 Ey 	 1 	 2.778054e-11 	 2.418326e-12
15 	 21 	 Ey 	 1 	 2.993640e-11 	 2.338307e-12
15 	 22 	 Ey 	 1 	 3.024028e-11 	 2.052839e-12
15 	 23 	 Ey 	 1 	 2.822315e-11 	 1.588487e-12
15 	 24 	 Ey 	 1 	 2.471398e-11 	 1.014946e-12
15 	 25 	 Ey 	 1 	 1.765693e-11 	 6.168981e-13
15 	 26 	 Ey 	 1 	 8.572350e-12 	 4.959918e-13
15 	 27 	 Ey 	 1 	 -1.264632e-12 	 5.376060e-13
15 	 28 	 Ey 	 1 	 -1.047702e-11 	 5.732824e-13
15 	 29 	 Ey 	 1 	 -1.802865e-11 	 6.784475e-13
15 	 30 	 Ey 	 1 	 -2.347582e-11 	 6.311183e-13
15 	 31 	 Ey 	 1 	 -2.666440e-11 	 3.292273e-13
15 	 32 	 Ey 	 1 	 -2.916435e-11 	 4.640192e-13
15 	 33 	 Ey 	 1 	 2.323653e-11 	 1.433173e-12
15 	 34 	 Ey 	 1 	 2.649950e-11 	 1.929000e-12
15 	 35 	 Ey 	 1 	 2.916509e-11 	 2.255395e-12
15 	 36 	 Ey 	 1 	 3.207773e-11 	 2.593069e-12
15 	 37 	 Ey 	 1 	 3.514541e-11 	 2.477443e-12
15 	 38 	 Ey 	 1 	 3.734529e-11 	 2.026110e-12
15 	 39 	 Ey 	 1 	 3.615704e-11 	 1.294579e-12
15 	 40 	 Ey 	 1 	 3.079660e-11 	 5.160818e-13
15 	 41 	 Ey 	 1 	 2.119085e-11 	 1.185190e-13
15 	 42 	 Ey 	 1 	 9.385564e-12 	 -3.311458e-14
15 	 43 	 Ey 	 1 	 -3.381612e-12 	 1.694338e-13
15 	 44 	 Ey 	 1 	 -1.538604e-11 	 2.407184e-13
15 	 45 	 Ey 	 1 	 -2.472394e-11 	 4.641806e-13
15 	 46 	 Ey 	 1 	 -3.206739e-11 	 5.753244e-13
15 	 47 	 Ey 	 1 	 -3.523603e-11 	 2.510687e-13
15 	 48 	 Ey 	 1 	 -3.690096e-11 	 2.545127e-13
15 	 49 	 Ey 	 1 	 2.611188e-11 	 1.512128e-12
15 	 50 	 Ey 	 1 	 3.030857e-11 	 1.985620e-12
15 	 51 	 Ey 	 1 	 3.351715e-11 	 2.293477e-12
15 	 52 	 Ey 	 1 	 3.688891e-11 	 2.487915e-12
15 	 53 	 Ey 	 1 	 4.073683e-11 	 2.113413e-12
15 	 54 	 Ey 	 1 	 4.290662e-11 	 1.507894e-12
15 	 55 	 Ey 	 1 	 4.214474e-11 	 7.455844e-13
15 	 56 	 Ey 	 1 	 3.627973e-11 	 -3.481214e-13
15 	 57 	 Ey 	 1 	 2.421939e-11 	 -5.479596e-13
15 	 58 	 Ey 	 1 	 8.512214e-12 	 -4.551387e-13
15 	 59 	 Ey 	 1 	 -6.927142e-12 	 -4.708452e-13
15 	 60 	 Ey 	 1 	 -2.182069e-11 	 -4.431498e-13
15 	 61 	 Ey 	 1 	 -3.508667e-11 	 1.788693e-13
15 	 62 	 Ey 	 1 	 -4.247175e-11 	 2.640897e-13
15 	 63 	 Ey 	 1 	 -4.640306e-11 	 3.902202e-13
15 	 64 	 Ey 	 1 	 -4.665166e-11 	 2.617717e-13
15 	 65 	 Ey 	 1 	 2.942218e-11 	 1.486255e-12
15 	 66 	 Ey 	 1 	 3.379634e-11 	 1.798545e-12
15 	 67 	 Ey 	 1 	 3.818935e-11 	 2.048655e-12
15 	 68 	 Ey 	 1 	 4.212567e-11 	 1.846909e-12
15 	 69 	 Ey 	 1 	 4.537370e-11 	 1.045401e-12
15 	 70 	 Ey 	 1 	 4.838965e-11 	 3.021330e-13
15 	 71 	 Ey 	 1 	 4.801631e-11 	 -6.805428e-13
15 	 72 	 Ey 	 1 	 4.196275e-11 	 -1.492168e-12
15 	 73 	 Ey 	 1 	 2.807163e-11 	 -1.448461e-12
15 	 74 	 Ey 	 1 	 8.269257e-12 	 -1.234234e-12
15 	 75 	 Ey 	 1 	 -1.111083e-11 	 -1.238170e-12
15 	 76 	 Ey 	 1 	 -3.143596e-11 	 -1.053399e-12
15 	 77 	 Ey 	 1 	 -4.839673e-11 	 -3.912200e-13
15 	 78 	 Ey 	 1 	 -5.840510e-11 	 2.423830e-13
15 	 79 	 Ey 	 1 	 -6.128002e-11 	 -1.689541e-14
15 	 80 	 Ey 	 1 	 -6.050335e-11 	 2.294525e-13
15 	 81 	 Ey 	 1 	 3.281410e-11 	 1.229298e-12
15 	 82 	 Ey 	 1 	 3.763907e-11 	 1.378396e-12
15 	 83 	 Ey 	 1 	 4.386845e-11 	 1.408578e-12
15 	 84 	 Ey 	 1 	 4.927320e-11 	 8.511102e-13
15 	 85 	 Ey 	 1 	 5.358774e-11 	 -2.159347e-13
15 	 86 	 Ey 	 1 	 5.571112e-11 	 -1.064395e-12
15 	 87 	 Ey 	 1 	 5.644852e-11 	 -2.131205e-12
15 	 88 	 Ey 	 1 	 5.066332e-11 	 -2.668800e-12
15 	 89 	 Ey 	 1 	 3.339944e-11 	 -2.317625e-12
15 	 90 	 Ey 	 1 	 7.804524e-12 	 -1.699223e-12
15 	 91 	 Ey 	 1 	 -1.668424e-11 	 -2.150072e-12
15 	 92 	 Ey 	 1 	 -4.861241e-11 	 -1.220092e-12
15 	 93 	 Ey 	 1 	 -6.816715e-11 	 -8.141393e-13
15 	 94 	 Ey 	 1 	 -8.026354e-11 	 -1.414382e-13
15 	 95 	 Ey 	 1 	 -8.052021e-11 	 -1.309376e-13
15 	 96 	 Ey 	 1 	 -7.827577e-11 	 -6.383256e-14
15 	 97 	 Ey 	 1 	 3.632872e-11 	 1.072308e-12
15 	 98 	 Ey 	 1 	 4.364533e-11 	 1.019927e-12
15 	 99 	 Ey 	 1 	 5.142949e-11 	 8.118928e-13
15 	 100 	 Ey 	 1 	 5.876206e-11 	 6.215141e-14
15 	 101 	 Ey 	 1 	 6.639108e-11 	 -1.115704e-12
15 	 102 	 Ey 	 1 	 7.335029e-11 	 -2.502867e-12
15 	 103 	 Ey 	 1 	 7.406764e-11 	 -3.266230e-12
15 	 104 	 Ey 	 1 	 6.811134e-11 	 -3.894276e-12
15 	 105 	 Ey 	 1 	 4.737793e-11 	 -3.175798e-12
15 	 106 	 Ey 	 1 	 1.083172e-11 	 -2.034375e-12
15 	 107 	 Ey 	 1 	 -2.989232e-11 	 -1.730481e-12
15 	 108 	 Ey 	 1 	 -6.822167e-11 	 -1.961161e-12
15 	 109 	 Ey 	 1 	 -9.816360e-11 	 -6.148025e-13
15 	 110 	 Ey 	 1 	 -1.095924e-10 	 -7.389093e-13
15 	 111 	 Ey 	 1 	 -1.111131e-10 	 -5.589661e-13
15 	 112 	 Ey 	 1 	 -1.033307e-10 	 -1.556737e-14
15 	 113 	 Ey 	 1 	 3.978682e-11 	 6.637439e-13
15 	 114 	 Ey 	 1 	 4.990059e-11 	 7.958316e-13
15 	 115 	 Ey 	 1 	 5.928848e-11 	 4.496892e-13
15 	 116 	 Ey 	 1 	 7.045649e-11 	 -2.413890e-13
15 	 117 	 Ey 	 1 	 8.191969e-11 	 -1.745552e-12
15 	 118 	 Ey 	 1 	 9.628007e-11 	 -3.520524e-12
15 	 119 	 Ey 	 1 	 1.059964e-10 	 -4.263788e-12
15 	 120 	 Ey 	 1 	 1.029758e-10 	 -4.349879e-12
15 	 121 	 Ey 	 1 	 7.829088e-11 	 -3.565486e-12
15 	 122 	 Ey 	 1 	 2.265735e-11 	 -2.096254e-12
15 	 123 	 Ey 	 1 	 -4.131116e-11 	 -2.095990e-12
15 	 124 	 Ey 	 1 	 -1.048270e-10 	 -2.041119e-12
15 	 125 	 Ey 	 1 	 -1.466158e-10 	 -1.335958e-12
15 	 126 	 Ey 	 1 	 -1.598500e-10 	 -4.244550e-13
15 	 127 	 Ey 	 1 	 -1.518244e-10 	 -5.772679e-13
15 	 128 	 Ey 	 1 	 -1.338553e-10 	 -5.317726e-13
15 	 129 	 Ey 	 1 	 4.299789e-11 	 3.119887e-13
15 	 130 	 Ey 	 1 	 5.482230e-11 	 7.887746e-14
15 	 131 	 Ey 	 1 	 6.886716e-11 	 -9.366651e-14
15 	 132 	 Ey 	 1 	 8.654985e-11 	 -6.147646e-13
15 	 133 	 Ey 	 1 	 1.064220e-10 	 -2.115204e-12
15 	 134 	 Ey 	 1 	 1.343568e-10 	 -4.073596e-12
15 	 135 	 Ey 	 1 	 1.602928e-10 	 -4.532233e-12
15 	 136 	 Ey 	 1 	 1.716601e-10 	 -4.918164e-12
15 	 137 	 Ey 	 1 	 1.404698e-10 	 -3.050960e-12
15 	 138 	 Ey 	 1 	 5.432188e-11 	 -1.777916e-12
15 	 139 	 Ey 	 1 	 -5.835853e-11 	 -2.002128e-12
15 	 140 	 Ey 	 1 	 -1.688494e-10 	 -2.009767e-12
15 	 141 	 Ey 	 1 	 -2.335814e-10 	 -1.034839e-12
15 	 142 	 Ey 	 1 	 -2.394880e-10 	 -6.082467e-13
15 	 143 	 Ey 	 1 	 -2.123421e-10 	 -3.059045e-14
15 	 144 	 Ey 	 1 	 -1.760539e-10 	 -5.853646e-13
15 	 145 	 Ey 	 1 	 4.286351e-11 	 -2.050741e-13
15 	 146 	 Ey 	 1 	 5.872748e-11 	 -1.047951e-13
15 	 147 	 Ey 	 1 	 7.853278e-11 	 -3.603092e-13
15 	 148 	 Ey 	 1 	 1.032011e-10 	 -8.601581e-13
15 	 149 	 Ey 	 1 	 1.388363e-10 	 -2.588871e-12
15 	 150 	 Ey 	 1 	 1.961113e-10 	 -3.333562e-12
15 	 151 	 Ey 	 1 	 2.551226e-10 	 -4.517945e-12
15 	 152 	 Ey 	 1 	 3.030998e-10 	 -3.767481e-12
15 	 153 	 Ey 	 1 	 2.767903e-10 	 -1.473718e-12
15 	 154 	 Ey 	 1 	 1.320877e-10 	 -5.384133e-13
15 	 155 	 Ey 	 1 	 -9.517120e-11 	 -1.327848e-12
15 	 156 	 Ey 	 1 	 -3.063304e-10 	 -1.061511e-12
15 	 157 	 Ey 	 1 	 -3.925081e-10 	 -7.190415e-13
15 	 158 	 Ey 	 1 	 -3.616996e-10 	 -2.683397e-14
15 	 159 	 Ey 	 1 	 -2.948516e-10 	 -4.374976e-15
15 	 160 	 Ey 	 1 	 -2.270329e-10 	 -3.354893e-13
15 	 161 	 Ey 	 1 	 4.249791e-11 	 -6.436624e-13
15 	 162 	 Ey 	 1 	 6.002641e-11 	 -5.331021e-13
15 	 163 	 Ey 	 1 	 8.627385e-11 	 -3.638483e-13
15 	 164 	 Ey 	 1 	 1.245549e-10 	 -3.473188e-13
15 	 165 	 Ey 	 1 	 1.830493e-10 	 -9.662032e-13
15 	 166 	 Ey 	 1 	 2.788836e-10 	 -1.676609e-12
15 	 167 	 Ey 	 1 	 4.243072e-10 	 -1.404186e-12
15 	 168 	 Ey 	 1 	 5.795767e-10 	 -4.340604e-13
15 	 169 	 Ey 	 1 	 6.126410e-10 	 1.045571e-12
15 	 170 	 Ey 	 1 	 3.384222e-10 	 2.419720e-12
15 	 171 	 Ey 	 1 	 -1.739886e-10 	 1.728925e-12
15 	 172 	 Ey 	 1 	 -6.112734e-10 	 -2.254332e-13
15 	 173 	 Ey 	 1 	 -7.067605e-10 	 -1.140224e-13
15 	 174 	 Ey 	 1 	 -5.803232e-10 	 -1.135618e-13
15 	 175 	 Ey 	 1 	 -4.168618e-10 	 -5.404980e-13
15 	 176 	 Ey 	 1 	 -2.832017e-10 	 -8.903939e-13
15 	 177 	 Ey 	 1 	 3.924715e-11 	 -4.667070e-13
15 	 178 	 Ey 	 1 	 5.792624e-11 	 -3.185428e-13
15 	 179 	 Ey 	 1 	 8.766542e-11 	 1.168344e-13
15 	 180 	 Ey 	 1 	 1.367091e-10 	 6.810129e-13
15 	 181 	 Ey 	 1 	 2.251194e-10 	 1.886739e-12
15 	 182 	 Ey 	 1 	 3.943765e-10 	 3.645379e-12
15 	 183 	 Ey 	 1 	 6.829363e-10 	 5.076515e-12
15 	 184 	 Ey 	 1 	 1.101063e-09 	 3.813566e-12
15 	 185 	 Ey 	 1 	 1.474527e-09 	 4.230205e-12
15 	 186 	 Ey 	 1 	 1.030714e-09 	 5.353969e-12
15 	 187 	 Ey 	 1 	 -4.388288e-10 	 3.657441e-12
15 	 188 	 Ey 	 1 	 -1.478371e-09 	 3.427547e-12
15 	 189 	 Ey 	 1 	 -1.342291e-09 	 2.825862e-12
15 	 190 	 Ey 	 1 	 -8.876321e-10 	 1.163992e-13
15 	 191 	 Ey 	 1 	 -5.348478e-10 	 3.945210e-13
15 	 192 	 Ey 	 1 	 -3.218503e-10 	 4.332778e-13
15 	 193 	 Ey 	 1 	 3.100711e-11 	 -8.175938e-14
15 	 194 	 Ey 	 1 	 4.591986e-11 	 -1.003559e-13
15 	 195 	 Ey 	 1 	 7.677307e-11 	 5.428394e-13
15 	 196 	 Ey 	 1 	 1.297189e-10 	 1.439632e-12
15 	 197 	 Ey 	 1 	 2.384796e-10 	 4.804577e-12
15 	 198 	 Ey 	 1 	 4.622974e-10 	 8.997881e-12
15 	 199 	 Ey 	 1 	 9.164491e-10 	 9.936421e-12
15 	 200 	 Ey 	 1 	 1.944752e-09 	 7.662669e-12
15 	 201 	 Ey 	 1 	 3.930341e-09 	 5.321399e-12
15 	 202 	 Ey 	 1 	 4.243225e-09 	 8.947852e-12
15 	 203 	 Ey 	 1 	 -1.935862e-09 	 7.140992e-12
15 	 204 	 Ey 	 1 	 -4.666058e-09 	 5.795960e-12
15 	 205 	 Ey 	 1 	 -2.698904e-09 	 5.291018e-12
15 	 206 	 Ey 	 1 	 -1.255576e-09 	 4.050112e-12
15 	 207 	 Ey 	 1 	 -5.917160e-10 	 1.741081e-12
15 	 208 	 Ey 	 1 	 -3.187749e-10 	 4.370003e-13
15 	 209 	 Ey 	 1 	 1.730773e-11 	 8.339176e-14
15 	 210 	 Ey 	 1 	 2.751376e-11 	 2.694509e-13
15 	 211 	 Ey 	 1 	 4.975812e-11 	 1.411530e-12
15 	 212 	 Ey 	 1 	 9.331553e-11 	 3.445910e-12
15 	 213 	 Ey 	 1 	 1.818543e-10 	 6.995850e-12
15 	 214 	 Ey 	 1 	 3.755577e-10 	 1.120938e-11
15 	 215 	 Ey 	 1 	 8.480399e-10 	 1.242439e-11
15 	 216 	 Ey 	 1 	 2.472883e-09 	 1.182029e-11
15 	 217 	 Ey 	 1 	 9.257840e-09 	 7.582626e-12
15 	 218 	 Ey 	 1 	 3.146166e-08 	 1.450730e-11
15 	 219 	 Ey 	 1 	 -2.170924e-08 	 7.117304e-12
15 	 220 	 Ey 	 1 	 -1.660589e-08 	 7.468321e-12
15 	 221 	 Ey 	 1 	 -4.172667e-09 	 4.293618e-12
15 	 222 	 Ey 	 1 	 -1.259829e-09 	 3.690788e-12
15 	 223 	 Ey 	 1 	 -4.604406e-10 	 3.381635e-12
15 	 224 	 Ey 	 1 	 -2.131151e-10 	 1.432530e-12
15 	 225 	 Ey 	 1 	 9.984499e-12 	 6.028328e-13
15 	 226 	 Ey 	 1 	 1.323479e-11 	 7.783915e-13
15 	 227 	 Ey 	 1 	 2.273453e-11 	 2.347072e-12
15 	 228 	 Ey 	 1 	 4.032001e-11 	 4.726479e-12
15 	 229 	 Ey 	 1 	 7.184797e-11 	 8.058723e-12
15 	 230 	 Ey 	 1 	 1.223259e-10 	 1.011422e-11
15 	 231 	 Ey 	 1 	 2.682768e-10 	 1.278726e-11
15 	 232 	 Ey 	 1 	 7.664670e-10 	 1.553886e-11
15 	 233 	 Ey 	 1 	 3.837323e-09 	 1.379233e-11
15 	 234 	 Ey 	 1 	 7.231930e-08 	 1.749348e-11
15 	 235 	 Ey 	 1 	 -2.794710e-06 	 6.311006e-11
15 	 236 	 Ey 	 1 	 -1.016541e-08 	 8.400608e-13
15 	 237 	 Ey 	 1 	 -9.537202e-10 	 2.933973e-12
15 	 238 	 Ey 	 1 	 -1.764525e-10 	 4.193814e-12
15 	 239 	 Ey 	 1 	 -2.169119e-11 	 5.008244e-12
15 	 240 	 Ey 	 1 	 -3.495839e-12 	 2.817963e-12
15 	 241 	 Ey 	 1 	 -1.543073e-11 	 1.052685e-12
15 	 242 	 Ey 	 1 	 -2.003757e-11 	 2.181058e-12
15 	 243 	 Ey 	 1 	 -3.071400e-11 	 3.575589e-12
15 	 244 	 Ey 	 1 	 -5.674096e-11 	 5.058657e-12
15 	 245 	 Ey 	 1 	 -1.136188e-10 	 6.261454e-12
15 	 246 	 Ey 	 1 	 -2.418388e-10 	 8.053754e-12
15 	 247 	 Ey 	 1 	 -6.126091e-10 	 1.064210e-11
15 	 248 	 Ey 	 1 	 -2.042911e-09 	 1.142308e-11
15 	 249 	 Ey 	 1 	 -9.896993e-09 	 8.028947e-12
15 	 250 	 Ey 	 1 	 -6.819400e-08 	 -4.892246e-13
15 	 251 	 Ey 	 1 	 5.579779e-08 	 1.043455e-11
15 	 252 	 Ey 	 1 	 2.240165e-08 	 4.184286e-12
15 	 253 	 Ey 	 1 	 3.800338e-09 	 2.401482e-12
15 	 254 	 Ey 	 1 	 1.047354e-09 	 2.804139e-12
15 	 255 	 Ey 	 1 	 3.715646e-10 	 1.406641e-12
15 	 256 	 Ey 	 1 	 1.736710e-10 	 1.289211e-12
15 	 1 	 Ey 	 2 	 1.599215e-11 	 9.236148e-13
15 	 2 	 Ey 	 2 	 1.765161e-11 	 1.612859e-12
15 	 3 	 Ey 	 2 	 1.888185e-11 	 2.538969e-12
15 	 4 	 Ey 	 2 	 1.973219e-11 	 3.510934e-12
15 	 5 	 Ey 	 2 	 2.069020e-11 	 4.436981e-12
15 	 6 	 Ey 	 2 	 2.082692e-11 	 5.110856e-12
15 	 7 	 Ey 	 2 	 1.967719e-11 	 5.372537e-12
15 	 8 	 Ey 	 2 	 1.684783e-11 	 5.029548e-12
15 	 9 	 Ey 	 2 	 1.199045e-11 	 3.967959e-12
15 	 10 	 Ey 	 2 	 5.854506e-12 	 2.500223e-12
15 	 11 	 Ey 	 2 	 -5.336561e-13 	 7.461873e-13
15 	 12 	 Ey 	 2 	 -7.451343e-12 	 -9.740550e-13
15 	 13 	 Ey 	 2 	 -1.276060e-11 	 -2.226163e-12
15 	 14 	 Ey 	 2 	 -1.680055e-11 	 -3.019709e-12
15 	 15 	 Ey 	 2 	 -1.883835e-11 	 -3.302344e-12
15 	 16 	 Ey 	 2 	 -2.155211e-11 	 -3.743679e-12
15 	 17 	 Ey 	 2 	 1.866436e-11 	 8.065280e-13
15 	 18 	 Ey 	 2 	 2.025285e-11 	 1.377170e-12
15 	 19 	 Ey 	 2 	 2.203529e-11 	 2.386123e-12
15 	 20 	 Ey 	 2 	 2.429422e-11 	 3.770843e-12
15 	 21 	 Ey 	 2 	 2.638502e-11 	 5.160488e-12
15 	 22 	 Ey 	 2 	 2.709982e-11 	 6.079743e-12
15 	 23 	 Ey 	 2 	 2.583743e-11 	 6.341137e-12
15 	 24 	 Ey 	 2 	 2.321710e-11 	 6.041113e-12
15 	 25 	 Ey 	 2 	 1.688162e-11 	 4.641666e-12
15 	 26 	 Ey 	 2 	 8.093117e-12 	 2.718288e-12
15 	 27 	 Ey 	 2 	 -1.548459e-12 	 2.979869e-13
15 	 28 	 Ey 	 2 	 -1.058461e-11 	 -1.739539e-12
15 	 29 	 Ey 	 2 	 -1.810316e-11 	 -3.160867e-12
15 	 30 	 Ey 	 2 	 -2.327634e-11 	 -4.016390e-12
15 	 31 	 Ey 	 2 	 -2.590532e-11 	 -4.481858e-12
15 	 32 	 Ey 	 2 	 -2.822309e-11 	 -4.904105e-12
15 	 33 	 Ey 	 2 	 2.131622e-11 	 4.526830e-13
15 	 34 	 Ey 	 2 	 2.387480e-11 	 1.024601e-12
15 	 35 	 Ey 	 2 	 2.604828e-11 	 1.819040e-12
15 	 36 	 Ey 	 2 	 2.845634e-11 	 3.185249e-12
15 	 37 	 Ey 	 2 	 3.164287e-11 	 4.826338e-12
15 	 38 	 Ey 	 2 	 3.447672e-11 	 6.498517e-12
15 	 39 	 Ey 	 2 	 3.449724e-11 	 6.991823e-12
15 	 40 	 Ey 	 2 	 3.037651e-11 	 6.197234e-12
15 	 41 	 Ey 	 2 	 2.143225e-11 	 4.318188e-12
15 	 42 	 Ey 	 2 	 9.851718e-12 	 1.898581e-12
15 	 43 	 Ey 	 2 	 -3.071477e-12 	 -8.374144e-13
15 	 44 	 Ey 	 2 	 -1.517256e-11 	 -3.005593e-12
15 	 45 	 Ey 	 2 	 -2.465879e-11 	 -4.408174e-12
15 	 46 	 Ey 	 2 	 -3.201555e-11 	 -5.415757e-12
15 	 47 	 Ey 	 2 	 -3.447277e-11 	 -6.007347e-12
15 	 48 	 Ey 	 2 	 -3.585804e-11 	 -6.089280e-12
15 	 49 	 Ey 	 2 	 2.419139e-11 	 -1.672545e-13
15 	 50 	 Ey 	 2 	 2.761442e-11 	 3.584832e-13
15 	 51 	 Ey 	 2 	 3.036302e-11 	 9.614591e-13
15 	 52 	 Ey 	 2 	 3.348127e-11 	 1.978504e-12
15 	 53 	 Ey 	 2 	 3.798250e-11 	 3.285251e-12
15 	 54 	 Ey 	 2 	 4.120319e-11 	 5.013422e-12
15 	 55 	 Ey 	 2 	 4.182598e-11 	 5.988604e-12
15 	 56 	 Ey 	 2 	 3.766634e-11 	 4.870598e-12
15 	 57 	 Ey 	 2 	 2.595036e-11 	 2.787332e-12
15 	 58 	 Ey 	 2 	 9.915964e-12 	 8.015539e-14
15 	 59 	 Ey 	 2 	 -5.668444e-12 	 -2.673135e-12
15 	 60 	 Ey 	 2 	 -2.067201e-11 	 -4.860683e-12
15 	 61 	 Ey 	 2 	 -3.489925e-11 	 -6.231367e-12
15 	 62 	 Ey 	 2 	 -4.230312e-11 	 -6.997778e-12
15 	 63 	 Ey 	 2 	 -4.605973e-11 	 -7.281720e-12
15 	 64 	 Ey 	 2 	 -4.590818e-11 	 -6.929257e-12
15 	 65 	 Ey 	 2 	 2.749905e-11 	 -9.544584e-13
15 	 66 	 Ey 	 2 	 3.137545e-11 	 -7.560991e-13
15 	 67 	 Ey 	 2 	 3.534051e-11 	 -4.578731e-13
15 	 68 	 Ey 	 2 	 3.973386e-11 	 -2.957792e-13
15 	 69 	 Ey 	 2 	 4.436759e-11 	 6.001452e-15
15 	 70 	 Ey 	 2 	 4.883358e-11 	 1.270764e-12
15 	 71 	 Ey 	 2 	 5.034326e-11 	 2.192109e-12
15 	 72 	 Ey 	 2 	 4.575002e-11 	 1.527974e-12
15 	 73 	 Ey 	 2 	 3.173614e-11 	 -1.360583e-14
15 	 74 	 Ey 	 2 	 1.107976e-11 	 -2.430396e-12
15 	 75 	 Ey 	 2 	 -8.624739e-12 	 -4.975931e-12
15 	 76 	 Ey 	 2 	 -2.960375e-11 	 -7.045646e-12
15 	 77 	 Ey 	 2 	 -4.772107e-11 	 -8.245342e-12
15 	 78 	 Ey 	 2 	 -5.859265e-11 	 -8.608887e-12
15 	 79 	 Ey 	 2 	 -6.088082e-11 	 -8.662327e-12
15 	 80 	 Ey 	 2 	 -6.001434e-11 	 -7.812922e-12
15 	 81 	 Ey 	 2 	 3.118214e-11 	 -1.886736e-12
15 	 82 	 Ey 	 2 	 3.564620e-11 	 -2.130441e-12
15 	 83 	 Ey 	 2 	 4.179522e-11 	 -2.401872e-12
15 	 84 	 Ey 	 2 	 4.810372e-11 	 -3.051801e-12
15 	 85 	 Ey 	 2 	 5.442089e-11 	 -4.064649e-12
15 	 86 	 Ey 	 2 	 5.839675e-11 	 -3.855968e-12
15 	 87 	 Ey 	 2 	 6.139467e-11 	 -3.508736e-12
15 	 88 	 Ey 	 2 	 5.685206e-11 	 -3.351680e-12
15 	 89 	 Ey 	 2 	 3.882769e-11 	 -3.929725e-12
15 	 90 	 Ey 	 2 	 1.165817e-11 	 -5.249141e-12
15 	 91 	 Ey 	 2 	 -1.273238e-11 	 -7.790184e-12
15 	 92 	 Ey 	 2 	 -4.686948e-11 	 -9.644789e-12
15 	 93 	 Ey 	 2 	 -6.741976e-11 	 -1.034042e-11
15 	 94 	 Ey 	 2 	 -8.053151e-11 	 -1.007250e-11
15 	 95 	 Ey 	 2 	 -8.043328e-11 	 -9.194064e-12
15 	 96 	 Ey 	 2 	 -7.774661e-11 	 -8.625540e-12
15 	 97 	 Ey 	 2 	 3.482638e-11 	 -2.425517e-12
15 	 98 	 Ey 	 2 	 4.198471e-11 	 -3.229484e-12
15 	 99 	 Ey 	 2 	 4.991853e-11 	 -4.156976e-12
15 	 100 	 Ey 	 2 	 5.839580e-11 	 -5.690675e-12
15 	 101 	 Ey 	 2 	 6.826781e-11 	 -7.770254e-12
15 	 102 	 Ey 	 2 	 7.800050e-11 	 -9.402548e-12
15 	 103 	 Ey 	 2 	 8.073781e-11 	 -9.398612e-12
15 	 104 	 Ey 	 2 	 7.638473e-11 	 -9.339617e-12
15 	 105 	 Ey 	 2 	 5.439212e-11 	 -8.516665e-12
15 	 106 	 Ey 	 2 	 1.510724e-11 	 -8.108752e-12
15 	 107 	 Ey 	 2 	 -2.712281e-11 	 -1.006148e-11
15 	 108 	 Ey 	 2 	 -6.580998e-11 	 -1.242052e-11
15 	 109 	 Ey 	 2 	 -9.847363e-11 	 -1.146897e-11
15 	 110 	 Ey 	 2 	 -1.095101e-10 	 -1.109799e-11
15 	 111 	 Ey 	 2 	 -1.108703e-10 	 -1.056027e-11
15 	 112 	 Ey 	 2 	 -1.033273e-10 	 -9.310914e-12
15 	 113 	 Ey 	 2 	 3.873664e-11 	 -3.203131e-12
15 	 114 	 Ey 	 2 	 4.835811e-11 	 -4.004480e-12
15 	 115 	 Ey 	 2 	 5.797849e-11 	 -5.385737e-12
15 	 116 	 Ey 	 2 	 7.004219e-11 	 -7.394679e-12
15 	 117 	 Ey 	 2 	 8.402194e-11 	 -1.099913e-11
15 	 118 	 Ey 	 2 	 1.018129e-10 	 -1.449344e-11
15 	 119 	 Ey 	 2 	 1.137268e-10 	 -1.530763e-11
15 	 120 	 Ey 	 2 	 1.116293e-10 	 -1.452542e-11
15 	 121 	 Ey 	 2 	 8.581362e-11 	 -1.250368e-11
15 	 122 	 Ey 	 2 	 2.673813e-11 	 -1.059679e-11
15 	 123 	 Ey 	 2 	 -3.843434e-11 	 -1.260755e-11
15 	 124 	 Ey 	 2 	 -1.030492e-10 	 -1.439949e-11
15 	 125 	 Ey 	 2 	 -1.465037e-10 	 -1.336909e-11
15 	 126 	 Ey 	 2 	 -1.610697e-10 	 -1.124156e-11
15 	 127 	 Ey 	 2 	 -1.521780e-10 	 -1.073485e-11
15 	 128 	 Ey 	 2 	 -1.335526e-10 	 -9.779661e-12
15 	 129 	 Ey 	 2 	 4.226645e-11 	 -3.762234e-12
15 	 130 	 Ey 	 2 	 5.402010e-11 	 -5.010478e-12
15 	 131 	 Ey 	 2 	 6.786092e-11 	 -6.557462e-12
15 	 132 	 Ey 	 2 	 8.598169e-11 	 -9.221845e-12
15 	 133 	 Ey 	 2 	 1.081344e-10 	 -1.384529e-11
15 	 134 	 Ey 	 2 	 1.393471e-10 	 -1.895978e-11
15 	 135 	 Ey 	 2 	 1.670905e-10 	 -2.000360e-11
15 	 136 	 Ey 	 2 	 1.802988e-10 	 -1.965987e-11
15 	 137 	 Ey 	 2 	 1.464533e-10 	 -1.468446e-11
15 	 138 	 Ey 	 2 	 5.764601e-11 	 -1.174516e-11
15 	 139 	 Ey 	 2 	 -5.625200e-11 	 -1.377089e-11
15 	 140 	 Ey 	 2 	 -1.680958e-10 	 -1.573174e-11
15 	 141 	 Ey 	 2 	 -2.349199e-10 	 -1.380510e-11
15 	 142 	 Ey 	 2 	 -2.411235e-10 	 -1.178242e-11
15 	 143 	 Ey 	 2 	 -2.140777e-10 	 -9.832635e-12
15 	 144 	 Ey 	 2 	 -1.760757e-10 	 -9.579611e-12
15 	 145 	 Ey 	 2 	 4.285240e-11 	 -4.355325e-12
15 	 146 	 Ey 	 2 	 5.802232e-11 	 -5.368651e-12
15 	 147 	 Ey 	 2 	 7.750087e-11 	 -7.026481e-12
15 	 148 	 Ey 	 2 	 1.022131e-10 	 -9.838588e-12
15 	 149 	 Ey 	 2 	 1.398886e-10 	 -1.613555e-11
15 	 150 	 Ey 	 2 	 1.981845e-10 	 -2.095185e-11
15 	 151 	 Ey 	 2 	 2.597269e-10 	 -2.399576e-11
15 	 152 	 Ey 	 2 	 3.079420e-10 	 -2.147203e-11
15 	 153 	 Ey 	 2 	 2.791836e-10 	 -1.414571e-11
15 	 154 	 Ey 	 2 	 1.327084e-10 	 -1.083894e-11
15 	 155 	 Ey 	 2 	 -9.501625e-11 	 -1.395943e-11
15 	 156 	 Ey 	 2 	 -3.083386e-10 	 -1.497968e-11
15 	 157 	 Ey 	 2 	 -3.951702e-10 	 -1.332325e-11
15 	 158 	 Ey 	 2 	 -3.644809e-10 	 -9.979154e-12
15 	 159 	 Ey 	 2 	 -2.967251e-10 	 -8.520822e-12
15 	 160 	 Ey 	 2 	 -2.275588e-10 	 -8.209014e-12
15 	 161 	 Ey 	 2 	 4.299946e-11 	 -4.818999e-12
15 	 162 	 Ey 	 2 	 5.973042e-11 	 -5.438444e-12
15 	 163 	 Ey 	 2 	 8.490732e-11 	 -5.993243e-12
15 	 164 	 Ey 	 2 	 1.222845e-10 	 -8.142935e-12
15 	 165 	 Ey 	 2 	 1.804754e-10 	 -1.255231e-11
15 	 166 	 Ey 	 2 	 2.764722e-10 	 -1.753745e-11
15 	 167 	 Ey 	 2 	 4.216436e-10 	 -1.963991e-11
15 	 168 	 Ey 	 2 	 5.769352e-10 	 -1.725716e-11
15 	 169 	 Ey 	 2 	 6.097635e-10 	 -1.096683e-11
15 	 170 	 Ey 	 2 	 3.339421e-10 	 -5.145588e-12
15 	 171 	 Ey 	 2 	 -1.793766e-10 	 -8.187348e-12
15 	 172 	 Ey 	 2 	 -6.153201e-10 	 -1.322456e-11
15 	 173 	 Ey 	 2 	 -7.107371e-10 	 -1.119618e-11
15 	 174 	 Ey 	 2 	 -5.832234e-10 	 -9.054960e-12
15 	 175 	 Ey 	 2 	 -4.179300e-10 	 -8.259560e-12
15 	 176 	 Ey 	 2 	 -2.826351e-10 	 -7.460721e-12
15 	 177 	 Ey 	 2 	 3.946107e-11 	 -4.079909e-12
15 	 178 	 Ey 	 2 	 5.730530e-11 	 -4.262790e-12
15 	 179 	 Ey 	 2 	 8.564822e-11 	 -4.303950e-12
15 	 180 	 Ey 	 2 	 1.328254e-10 	 -3.778666e-12
15 	 181 	 Ey 	 2 	 2.180807e-10 	 -3.431024e-12
15 	 182 	 Ey 	 2 	 3.832804e-10 	 -3.274617e-12
15 	 183 	 Ey 	 2 	 6.688938e-10 	 -4.506881e-12
15 	 184 	 Ey 	 2 	 1.089038e-09 	 -9.270492e-12
15 	 185 	 Ey 	 2 	 1.464331e-09 	 -5.977785e-12
15 	 186 	 Ey 	 2 	 1.021558e-09 	 1.536979e-12
15 	 187 	 Ey 	 2 	 -4.471511e-10 	 -2.945705e-12
15 	 188 	 Ey 	 2 	 -1.487396e-09 	 -3.074996e-12
15 	 189 	 Ey 	 2 	 -1.348899e-09 	 -4.984962e-13
15 	 190 	 Ey 	 2 	 -8.891689e-10 	 -4.624070e-12
15 	 191 	 Ey 	 2 	 -5.363221e-10 	 -3.792406e-12
15 	 192 	 Ey 	 2 	 -3.228962e-10 	 -3.439843e-12
15 	 193 	 Ey 	 2 	 3.070614e-11 	 -3.098758e-12
15 	 194 	 Ey 	 2 	 4.510697e-11 	 -3.233861e-12
15 	 195 	 Ey 	 2 	 7.423135e-11 	 -2.193672e-12
15 	 196 	 Ey 	 2 	 1.249991e-10 	 -3.260093e-13
15 	 197 	 Ey 	 2 	 2.277510e-10 	 5.694222e-12
15 	 198 	 Ey 	 2 	 4.441385e-10 	 1.287443e-11
15 	 199 	 Ey 	 2 	 8.949585e-10 	 9.779733e-12
15 	 200 	 Ey 	 2 	 1.924404e-09 	 -1.121719e-12
15 	 201 	 Ey 	 2 	 3.913831e-09 	 -6.805215e-12
15 	 202 	 Ey 	 2 	 4.227747e-09 	 1.176264e-11
15 	 203 	 Ey 	 2 	 -1.947782e-09 	 7.890501e-12
15 	 204 	 Ey 	 2 	 -4.675452e-09 	 6.541490e-12
15 	 205 	 Ey 	 2 	 -2.706129e-09 	 1.014264e-11
15 	 206 	 Ey 	 2 	 -1.260499e-09 	 8.779331e-12
15 	 207 	 Ey 	 2 	 -5.937794e-10 	 2.693289e-12
15 	 208 	 Ey 	 2 	 -3.193234e-10 	 -1.722885e-12
15 	 209 	 Ey 	 2 	 1.686314e-11 	 -2.448895e-12
15 	 210 	 Ey 	 2 	 2.627574e-11 	 -2.120662e-12
15 	 211 	 Ey 	 2 	 4.613484e-11 	 1.904062e-13
15 	 212 	 Ey 	 2 	 8.605634e-11 	 4.488700e-12
15 	 213 	 Ey 	 2 	 1.686485e-10 	 1.171191e-11
15 	 214 	 Ey 	 2 	 3.553212e-10 	 1.987731e-11
15 	 215 	 Ey 	 2 	 8.240473e-10 	 1.849116e-11
15 	 216 	 Ey 	 2 	 2.447561e-09 	 1.308243e-11
15 	 217 	 Ey 	 2 	 9.236540e-09 	 1.678662e-12
15 	 218 	 Ey 	 2 	 3.143995e-08 	 3.944271e-11
15 	 219 	 Ey 	 2 	 -2.171992e-08 	 3.028524e-12
15 	 220 	 Ey 	 2 	 -1.661430e-08 	 1.111646e-11
15 	 221 	 Ey 	 2 	 -4.177506e-09 	 8.343153e-12
15 	 222 	 Ey 	 2 	 -1.263541e-09 	 9.292279e-12
15 	 223 	 Ey 	 2 	 -4.638622e-10 	 8.825661e-12
15 	 224 	 Ey 	 2 	 -2.144824e-10 	 2.703488e-12
15 	 225 	 Ey 	 2 	 8.939955e-12 	 -1.523100e-12
15 	 226 	 Ey 	 2 	 1.135964e-11 	 -8.213648e-13
15 	 227 	 Ey 	 2 	 1.796391e-11 	 2.446502e-12
15 	 228 	 Ey 	 2 	 3.153000e-11 	 7.215327e-12
15 	 229 	 Ey 	 2 	 5.756491e-11 	 1.353246e-11
15 	 230 	 Ey 	 2 	 1.045896e-10 	 1.717232e-11
15 	 231 	 Ey 	 2 	 2.468593e-10 	 2.337150e-11
15 	 232 	 Ey 	 2 	 7.414514e-10 	 2.992256e-11
15 	 233 	 Ey 	 2 	 3.814670e-09 	 2.594369e-11
15 	 234 	 Ey 	 2 	 7.229110e-08 	 6.207293e-11
15 	 235 	 Ey 	 2 	 -2.794387e-06 	 -4.910563e-10
15 	 236 	 Ey 	 2 	 -1.017033e-08 	 -9.974093e-12
15 	 237 	 Ey 	 2 	 -9.580439e-10 	 4.378099e-12
15 	 238 	 Ey 	 2 	 -1.818154e-10 	 9.554079e-12
15 	 239 	 Ey 	 2 	 -2.743013e-11 	 1.327705e-11
15 	 240 	 Ey 	 2 	 -6.711010e-12 	 6.865553e-12
15 	 241 	 Ey 	 2 	 -1.704810e-11 	 -5.397408e-13
15 	 242 	 Ey 	 2 	 -2.374689e-11 	 1.545675e-12
15 	 243 	 Ey 	 2 	 -3.701301e-11 	 4.229336e-12
15 	 244 	 Ey 	 2 	 -6.572451e-11 	 6.840904e-12
15 	 245 	 Ey 	 2 	 -1.249532e-10 	 8.915961e-12
15 	 246 	 Ey 	 2 	 -2.558971e-10 	 1.226063e-11
15 	 247 	 Ey 	 2 	 -6.301125e-10 	 1.818411e-11
15 	 248 	 Ey 	 2 	 -2.061263e-09 	 1.943759e-11
15 	 249 	 Ey 	 2 	 -9.912345e-09 	 5.523243e-12
15 	 250 	 Ey 	 2 	 -6.819953e-08 	 -4.040843e-11
15 	 251 	 Ey 	 2 	 5.578110e-08 	 4.006382e-11
15 	 252 	 Ey 	 2 	 2.239326e-08 	 1.262717e-11
15 	 253 	 Ey 	 2 	 3.795439e-09 	 3.199124e-12
15 	 254 	 Ey 	 2 	 1.043278e-09 	 5.509704e-12
15 	 255 	 Ey 	 2 	 3.694235e-10 	 1.903031e-12
15 	 256 	 Ey 	 2 	 1.725130e-10 	 3.503584e-12
