iTx 	 iRx    chrec  ifreq 	 emf_real 	 emf_imag
11 	 1 	 Ex 	 1 	 -8.538008e-13 	 1.341331e-11
11 	 2 	 Ex 	 1 	 -5.140791e-12 	 1.504975e-11
11 	 3 	 Ex 	 1 	 -1.108120e-11 	 1.669015e-11
11 	 4 	 Ex 	 1 	 -1.941872e-11 	 1.822398e-11
11 	 5 	 Ex 	 1 	 -3.265811e-11 	 1.984303e-11
11 	 6 	 Ex 	 1 	 -4.885382e-11 	 2.190471e-11
11 	 7 	 Ex 	 1 	 -6.797506e-11 	 2.416369e-11
11 	 8 	 Ex 	 1 	 -8.696616e-11 	 2.648836e-11
11 	 9 	 Ex 	 1 	 -1.047847e-10 	 2.903499e-11
11 	 10 	 Ex 	 1 	 -1.129953e-10 	 3.017762e-11
11 	 11 	 Ex 	 1 	 -1.072667e-10 	 3.128039e-11
11 	 12 	 Ex 	 1 	 -1.062751e-10 	 3.106958e-11
11 	 13 	 Ex 	 1 	 -8.944330e-11 	 2.955306e-11
11 	 14 	 Ex 	 1 	 -7.353331e-11 	 2.841002e-11
11 	 15 	 Ex 	 1 	 -5.233589e-11 	 2.566248e-11
11 	 16 	 Ex 	 1 	 -3.992539e-11 	 2.391767e-11
11 	 17 	 Ex 	 1 	 5.980326e-12 	 1.567474e-11
11 	 18 	 Ex 	 1 	 3.759442e-12 	 1.756843e-11
11 	 19 	 Ex 	 1 	 -1.671430e-12 	 1.957278e-11
11 	 20 	 Ex 	 1 	 -1.186834e-11 	 2.174530e-11
11 	 21 	 Ex 	 1 	 -2.814855e-11 	 2.331406e-11
11 	 22 	 Ex 	 1 	 -4.912627e-11 	 2.550416e-11
11 	 23 	 Ex 	 1 	 -7.590022e-11 	 2.903400e-11
11 	 24 	 Ex 	 1 	 -1.052434e-10 	 3.226301e-11
11 	 25 	 Ex 	 1 	 -1.331427e-10 	 3.612217e-11
11 	 26 	 Ex 	 1 	 -1.495015e-10 	 3.874483e-11
11 	 27 	 Ex 	 1 	 -1.405202e-10 	 3.951452e-11
11 	 28 	 Ex 	 1 	 -1.347862e-10 	 3.916011e-11
11 	 29 	 Ex 	 1 	 -1.110691e-10 	 3.757484e-11
11 	 30 	 Ex 	 1 	 -8.358771e-11 	 3.526227e-11
11 	 31 	 Ex 	 1 	 -5.488217e-11 	 3.163495e-11
11 	 32 	 Ex 	 1 	 -3.791426e-11 	 2.902091e-11
11 	 33 	 Ex 	 1 	 1.408980e-11 	 1.798858e-11
11 	 34 	 Ex 	 1 	 1.362564e-11 	 2.058721e-11
11 	 35 	 Ex 	 1 	 9.555624e-12 	 2.291730e-11
11 	 36 	 Ex 	 1 	 9.140160e-13 	 2.508986e-11
11 	 37 	 Ex 	 1 	 -1.770423e-11 	 2.716174e-11
11 	 38 	 Ex 	 1 	 -4.533720e-11 	 2.973205e-11
11 	 39 	 Ex 	 1 	 -8.403443e-11 	 3.462836e-11
11 	 40 	 Ex 	 1 	 -1.292794e-10 	 4.008072e-11
11 	 41 	 Ex 	 1 	 -1.762566e-10 	 4.626542e-11
11 	 42 	 Ex 	 1 	 -1.994538e-10 	 4.867605e-11
11 	 43 	 Ex 	 1 	 -1.932527e-10 	 5.097098e-11
11 	 44 	 Ex 	 1 	 -1.763899e-10 	 4.991031e-11
11 	 45 	 Ex 	 1 	 -1.342640e-10 	 4.723601e-11
11 	 46 	 Ex 	 1 	 -9.293519e-11 	 4.360494e-11
11 	 47 	 Ex 	 1 	 -5.303304e-11 	 3.933794e-11
11 	 48 	 Ex 	 1 	 -2.597237e-11 	 3.514547e-11
11 	 49 	 Ex 	 1 	 2.506875e-11 	 2.053687e-11
11 	 50 	 Ex 	 1 	 2.685727e-11 	 2.348340e-11
11 	 51 	 Ex 	 1 	 2.529475e-11 	 2.621567e-11
11 	 52 	 Ex 	 1 	 1.857385e-11 	 2.868680e-11
11 	 53 	 Ex 	 1 	 -8.879648e-13 	 3.086984e-11
11 	 54 	 Ex 	 1 	 -3.239406e-11 	 3.450634e-11
11 	 55 	 Ex 	 1 	 -8.236545e-11 	 4.138567e-11
11 	 56 	 Ex 	 1 	 -1.549892e-10 	 5.057572e-11
11 	 57 	 Ex 	 1 	 -2.320558e-10 	 5.886460e-11
11 	 58 	 Ex 	 1 	 -2.874156e-10 	 6.368175e-11
11 	 59 	 Ex 	 1 	 -2.760119e-10 	 6.557403e-11
11 	 60 	 Ex 	 1 	 -2.403707e-10 	 6.454520e-11
11 	 61 	 Ex 	 1 	 -1.675112e-10 	 6.064106e-11
11 	 62 	 Ex 	 1 	 -9.371644e-11 	 5.466312e-11
11 	 63 	 Ex 	 1 	 -3.954471e-11 	 4.862261e-11
11 	 64 	 Ex 	 1 	 -2.929744e-12 	 4.229798e-11
11 	 65 	 Ex 	 1 	 3.768341e-11 	 2.286123e-11
11 	 66 	 Ex 	 1 	 4.227629e-11 	 2.613597e-11
11 	 67 	 Ex 	 1 	 4.577568e-11 	 2.996632e-11
11 	 68 	 Ex 	 1 	 3.948376e-11 	 3.136506e-11
11 	 69 	 Ex 	 1 	 2.457975e-11 	 3.400031e-11
11 	 70 	 Ex 	 1 	 -3.883250e-12 	 3.993371e-11
11 	 71 	 Ex 	 1 	 -6.309003e-11 	 4.969122e-11
11 	 72 	 Ex 	 1 	 -1.713285e-10 	 6.576512e-11
11 	 73 	 Ex 	 1 	 -3.114998e-10 	 7.698680e-11
11 	 74 	 Ex 	 1 	 -4.241254e-10 	 8.181846e-11
11 	 75 	 Ex 	 1 	 -4.167695e-10 	 8.354269e-11
11 	 76 	 Ex 	 1 	 -3.436036e-10 	 8.270973e-11
11 	 77 	 Ex 	 1 	 -2.060648e-10 	 7.880738e-11
11 	 78 	 Ex 	 1 	 -7.769575e-11 	 6.870656e-11
11 	 79 	 Ex 	 1 	 5.604862e-12 	 5.996746e-11
11 	 80 	 Ex 	 1 	 4.124039e-11 	 5.042430e-11
11 	 81 	 Ex 	 1 	 5.146278e-11 	 2.530941e-11
11 	 82 	 Ex 	 1 	 6.048057e-11 	 2.902468e-11
11 	 83 	 Ex 	 1 	 6.818528e-11 	 3.275742e-11
11 	 84 	 Ex 	 1 	 7.028955e-11 	 3.456602e-11
11 	 85 	 Ex 	 1 	 6.412593e-11 	 3.709649e-11
11 	 86 	 Ex 	 1 	 5.499906e-11 	 4.528826e-11
11 	 87 	 Ex 	 1 	 3.483001e-12 	 6.303289e-11
11 	 88 	 Ex 	 1 	 -1.460822e-10 	 8.639326e-11
11 	 89 	 Ex 	 1 	 -4.197885e-10 	 1.028633e-10
11 	 90 	 Ex 	 1 	 -6.684040e-10 	 1.065340e-10
11 	 91 	 Ex 	 1 	 -6.816994e-10 	 1.068523e-10
11 	 92 	 Ex 	 1 	 -5.282973e-10 	 1.063837e-10
11 	 93 	 Ex 	 1 	 -2.217873e-10 	 9.927359e-11
11 	 94 	 Ex 	 1 	 -9.483667e-12 	 8.739920e-11
11 	 95 	 Ex 	 1 	 9.291718e-11 	 7.074451e-11
11 	 96 	 Ex 	 1 	 1.225256e-10 	 6.083128e-11
11 	 97 	 Ex 	 1 	 6.548204e-11 	 2.702450e-11
11 	 98 	 Ex 	 1 	 7.883846e-11 	 3.058419e-11
11 	 99 	 Ex 	 1 	 9.457422e-11 	 3.425056e-11
11 	 100 	 Ex 	 1 	 1.120096e-10 	 3.755408e-11
11 	 101 	 Ex 	 1 	 1.321161e-10 	 4.061240e-11
11 	 102 	 Ex 	 1 	 1.651380e-10 	 5.323728e-11
11 	 103 	 Ex 	 1 	 1.706646e-10 	 7.893518e-11
11 	 104 	 Ex 	 1 	 5.691952e-12 	 1.142738e-10
11 	 105 	 Ex 	 1 	 -5.265842e-10 	 1.374627e-10
11 	 106 	 Ex 	 1 	 -1.160811e-09 	 1.397327e-10
11 	 107 	 Ex 	 1 	 -1.312569e-09 	 1.377072e-10
11 	 108 	 Ex 	 1 	 -8.173981e-10 	 1.396964e-10
11 	 109 	 Ex 	 1 	 -1.724522e-10 	 1.284338e-10
11 	 110 	 Ex 	 1 	 1.890757e-10 	 1.087060e-10
11 	 111 	 Ex 	 1 	 2.761038e-10 	 8.894838e-11
11 	 112 	 Ex 	 1 	 2.491923e-10 	 7.258218e-11
11 	 113 	 Ex 	 1 	 7.839344e-11 	 2.816143e-11
11 	 114 	 Ex 	 1 	 1.010334e-10 	 3.270135e-11
11 	 115 	 Ex 	 1 	 1.265415e-10 	 3.601075e-11
11 	 116 	 Ex 	 1 	 1.643210e-10 	 3.887576e-11
11 	 117 	 Ex 	 1 	 2.320920e-10 	 4.347285e-11
11 	 118 	 Ex 	 1 	 3.663857e-10 	 6.043523e-11
11 	 119 	 Ex 	 1 	 5.558997e-10 	 9.714749e-11
11 	 120 	 Ex 	 1 	 5.688168e-10 	 1.512079e-10
11 	 121 	 Ex 	 1 	 -4.014935e-10 	 1.898436e-10
11 	 122 	 Ex 	 1 	 -2.415876e-09 	 1.979834e-10
11 	 123 	 Ex 	 1 	 -2.993741e-09 	 1.899875e-10
11 	 124 	 Ex 	 1 	 -1.226534e-09 	 1.873655e-10
11 	 125 	 Ex 	 1 	 2.677362e-10 	 1.697502e-10
11 	 126 	 Ex 	 1 	 6.536489e-10 	 1.362028e-10
11 	 127 	 Ex 	 1 	 5.920754e-10 	 1.076324e-10
11 	 128 	 Ex 	 1 	 4.424588e-10 	 8.460619e-11
11 	 129 	 Ex 	 1 	 8.951978e-11 	 2.892899e-11
11 	 130 	 Ex 	 1 	 1.178445e-10 	 3.351444e-11
11 	 131 	 Ex 	 1 	 1.554237e-10 	 3.713276e-11
11 	 132 	 Ex 	 1 	 2.158828e-10 	 4.035027e-11
11 	 133 	 Ex 	 1 	 3.501855e-10 	 4.649693e-11
11 	 134 	 Ex 	 1 	 6.526784e-10 	 6.823320e-11
11 	 135 	 Ex 	 1 	 1.266985e-09 	 1.174947e-10
11 	 136 	 Ex 	 1 	 2.118905e-09 	 1.964252e-10
11 	 137 	 Ex 	 1 	 1.624144e-09 	 2.648335e-10
11 	 138 	 Ex 	 1 	 -5.379984e-09 	 3.038184e-10
11 	 139 	 Ex 	 1 	 -9.520158e-09 	 3.011013e-10
11 	 140 	 Ex 	 1 	 -4.724529e-10 	 2.668083e-10
11 	 141 	 Ex 	 1 	 2.066082e-09 	 2.214602e-10
11 	 142 	 Ex 	 1 	 1.645232e-09 	 1.652436e-10
11 	 143 	 Ex 	 1 	 1.057505e-09 	 1.244490e-10
11 	 144 	 Ex 	 1 	 6.666647e-10 	 9.460597e-11
11 	 145 	 Ex 	 1 	 9.677394e-11 	 2.933266e-11
11 	 146 	 Ex 	 1 	 1.291970e-10 	 3.360923e-11
11 	 147 	 Ex 	 1 	 1.760672e-10 	 3.779875e-11
11 	 148 	 Ex 	 1 	 2.576130e-10 	 4.157891e-11
11 	 149 	 Ex 	 1 	 4.433041e-10 	 4.897702e-11
11 	 150 	 Ex 	 1 	 9.190356e-10 	 7.463563e-11
11 	 151 	 Ex 	 1 	 2.070952e-09 	 1.341794e-10
11 	 152 	 Ex 	 1 	 4.844533e-09 	 2.375005e-10
11 	 153 	 Ex 	 1 	 1.126741e-08 	 3.487340e-10
11 	 154 	 Ex 	 1 	 2.169635e-08 	 5.596566e-10
11 	 155 	 Ex 	 1 	 -6.822195e-08 	 7.694732e-10
11 	 156 	 Ex 	 1 	 1.667108e-08 	 3.893358e-10
11 	 157 	 Ex 	 1 	 6.366000e-09 	 2.677941e-10
11 	 158 	 Ex 	 1 	 2.933652e-09 	 1.891620e-10
11 	 159 	 Ex 	 1 	 1.497227e-09 	 1.348831e-10
11 	 160 	 Ex 	 1 	 8.332446e-10 	 9.971689e-11
11 	 161 	 Ex 	 1 	 9.820466e-11 	 2.887592e-11
11 	 162 	 Ex 	 1 	 1.325419e-10 	 3.356107e-11
11 	 163 	 Ex 	 1 	 1.863526e-10 	 3.895709e-11
11 	 164 	 Ex 	 1 	 2.697189e-10 	 4.247526e-11
11 	 165 	 Ex 	 1 	 4.652043e-10 	 5.044305e-11
11 	 166 	 Ex 	 1 	 9.603351e-10 	 7.521463e-11
11 	 167 	 Ex 	 1 	 2.278332e-09 	 1.380525e-10
11 	 168 	 Ex 	 1 	 5.756559e-09 	 2.410393e-10
11 	 169 	 Ex 	 1 	 1.797144e-08 	 3.795142e-10
11 	 170 	 Ex 	 1 	 2.121970e-07 	 7.535267e-10
11 	 171 	 Ex 	 1 	 -5.445903e-08 	 1.679067e-09
11 	 172 	 Ex 	 1 	 3.673043e-08 	 4.398345e-10
11 	 173 	 Ex 	 1 	 8.355086e-09 	 2.794892e-10
11 	 174 	 Ex 	 1 	 3.284852e-09 	 1.919155e-10
11 	 175 	 Ex 	 1 	 1.547344e-09 	 1.320604e-10
11 	 176 	 Ex 	 1 	 8.535727e-10 	 9.930886e-11
11 	 177 	 Ex 	 1 	 9.112071e-11 	 2.778463e-11
11 	 178 	 Ex 	 1 	 1.247506e-10 	 3.295311e-11
11 	 179 	 Ex 	 1 	 1.728595e-10 	 3.827337e-11
11 	 180 	 Ex 	 1 	 2.435069e-10 	 4.254544e-11
11 	 181 	 Ex 	 1 	 4.047592e-10 	 5.286801e-11
11 	 182 	 Ex 	 1 	 7.777550e-10 	 7.629880e-11
11 	 183 	 Ex 	 1 	 1.618650e-09 	 1.262409e-10
11 	 184 	 Ex 	 1 	 3.281094e-09 	 2.061886e-10
11 	 185 	 Ex 	 1 	 4.973896e-09 	 2.972976e-10
11 	 186 	 Ex 	 1 	 -6.077391e-09 	 3.898941e-10
11 	 187 	 Ex 	 1 	 -1.995337e-08 	 4.343472e-10
11 	 188 	 Ex 	 1 	 3.432579e-09 	 3.246764e-10
11 	 189 	 Ex 	 1 	 4.036100e-09 	 2.430675e-10
11 	 190 	 Ex 	 1 	 2.229441e-09 	 1.725077e-10
11 	 191 	 Ex 	 1 	 1.250067e-09 	 1.264985e-10
11 	 192 	 Ex 	 1 	 7.286403e-10 	 9.496481e-11
11 	 193 	 Ex 	 1 	 8.028343e-11 	 2.682042e-11
11 	 194 	 Ex 	 1 	 1.081189e-10 	 3.172472e-11
11 	 195 	 Ex 	 1 	 1.453728e-10 	 3.682072e-11
11 	 196 	 Ex 	 1 	 1.999591e-10 	 4.230883e-11
11 	 197 	 Ex 	 1 	 2.985168e-10 	 5.307788e-11
11 	 198 	 Ex 	 1 	 4.785838e-10 	 7.188912e-11
11 	 199 	 Ex 	 1 	 7.946276e-10 	 1.072257e-10
11 	 200 	 Ex 	 1 	 1.047737e-09 	 1.586240e-10
11 	 201 	 Ex 	 1 	 1.251199e-10 	 2.069490e-10
11 	 202 	 Ex 	 1 	 -3.354494e-09 	 2.348376e-10
11 	 203 	 Ex 	 1 	 -4.609207e-09 	 2.374460e-10
11 	 204 	 Ex 	 1 	 -1.159535e-09 	 2.165480e-10
11 	 205 	 Ex 	 1 	 8.625435e-10 	 1.809111e-10
11 	 206 	 Ex 	 1 	 1.006664e-09 	 1.408705e-10
11 	 207 	 Ex 	 1 	 7.450335e-10 	 1.099482e-10
11 	 208 	 Ex 	 1 	 5.033857e-10 	 8.562068e-11
11 	 209 	 Ex 	 1 	 6.472985e-11 	 2.503025e-11
11 	 210 	 Ex 	 1 	 8.472525e-11 	 2.958706e-11
11 	 211 	 Ex 	 1 	 1.075947e-10 	 3.428985e-11
11 	 212 	 Ex 	 1 	 1.403715e-10 	 4.084344e-11
11 	 213 	 Ex 	 1 	 1.866215e-10 	 5.139279e-11
11 	 214 	 Ex 	 1 	 2.382077e-10 	 6.577262e-11
11 	 215 	 Ex 	 1 	 2.730689e-10 	 9.040625e-11
11 	 216 	 Ex 	 1 	 1.196129e-10 	 1.199335e-10
11 	 217 	 Ex 	 1 	 -4.881979e-10 	 1.454984e-10
11 	 218 	 Ex 	 1 	 -1.477272e-09 	 1.624627e-10
11 	 219 	 Ex 	 1 	 -1.692400e-09 	 1.642454e-10
11 	 220 	 Ex 	 1 	 -9.011803e-10 	 1.534495e-10
11 	 221 	 Ex 	 1 	 -4.958792e-11 	 1.365564e-10
11 	 222 	 Ex 	 1 	 3.032522e-10 	 1.136363e-10
11 	 223 	 Ex 	 1 	 3.506063e-10 	 9.218851e-11
11 	 224 	 Ex 	 1 	 2.952710e-10 	 7.477699e-11
11 	 225 	 Ex 	 1 	 4.754031e-11 	 2.316285e-11
11 	 226 	 Ex 	 1 	 5.859561e-11 	 2.684036e-11
11 	 227 	 Ex 	 1 	 7.194402e-11 	 3.209077e-11
11 	 228 	 Ex 	 1 	 8.539197e-11 	 3.881924e-11
11 	 229 	 Ex 	 1 	 9.162981e-11 	 4.701539e-11
11 	 230 	 Ex 	 1 	 8.462515e-11 	 5.780247e-11
11 	 231 	 Ex 	 1 	 3.387089e-11 	 7.481747e-11
11 	 232 	 Ex 	 1 	 -1.286942e-10 	 9.131706e-11
11 	 233 	 Ex 	 1 	 -4.293560e-10 	 1.077827e-10
11 	 234 	 Ex 	 1 	 -7.625873e-10 	 1.183908e-10
11 	 235 	 Ex 	 1 	 -7.933922e-10 	 1.186819e-10
11 	 236 	 Ex 	 1 	 -5.675672e-10 	 1.142529e-10
11 	 237 	 Ex 	 1 	 -2.090712e-10 	 1.029753e-10
11 	 238 	 Ex 	 1 	 3.234433e-11 	 9.013733e-11
11 	 239 	 Ex 	 1 	 1.297734e-10 	 7.509736e-11
11 	 240 	 Ex 	 1 	 1.482399e-10 	 6.414465e-11
11 	 241 	 Ex 	 1 	 3.094381e-11 	 2.083369e-11
11 	 242 	 Ex 	 1 	 3.517086e-11 	 2.483104e-11
11 	 243 	 Ex 	 1 	 3.793085e-11 	 2.938655e-11
11 	 244 	 Ex 	 1 	 3.796204e-11 	 3.510389e-11
11 	 245 	 Ex 	 1 	 2.980739e-11 	 4.161343e-11
11 	 246 	 Ex 	 1 	 5.532168e-12 	 5.064275e-11
11 	 247 	 Ex 	 1 	 -5.891438e-11 	 6.150858e-11
11 	 248 	 Ex 	 1 	 -1.634512e-10 	 7.162281e-11
11 	 249 	 Ex 	 1 	 -3.139876e-10 	 8.138220e-11
11 	 250 	 Ex 	 1 	 -4.348896e-10 	 8.647812e-11
11 	 251 	 Ex 	 1 	 -4.377221e-10 	 8.869278e-11
11 	 252 	 Ex 	 1 	 -3.667934e-10 	 8.643415e-11
11 	 253 	 Ex 	 1 	 -1.994949e-10 	 7.960174e-11
11 	 254 	 Ex 	 1 	 -6.473186e-11 	 7.268655e-11
11 	 255 	 Ex 	 1 	 1.566416e-11 	 6.253884e-11
11 	 256 	 Ex 	 1 	 5.510942e-11 	 5.454832e-11
11 	 1 	 Ex 	 2 	 -1.419143e-11 	 4.670699e-12
11 	 2 	 Ex 	 2 	 -2.117501e-11 	 6.107846e-12
11 	 3 	 Ex 	 2 	 -3.006272e-11 	 7.595700e-12
11 	 4 	 Ex 	 2 	 -4.132601e-11 	 9.199221e-12
11 	 5 	 Ex 	 2 	 -5.786676e-11 	 1.048872e-11
11 	 6 	 Ex 	 2 	 -7.821023e-11 	 1.201620e-11
11 	 7 	 Ex 	 2 	 -1.021107e-10 	 1.377347e-11
11 	 8 	 Ex 	 2 	 -1.260302e-10 	 1.551403e-11
11 	 9 	 Ex 	 2 	 -1.491594e-10 	 1.723550e-11
11 	 10 	 Ex 	 2 	 -1.600957e-10 	 1.836326e-11
11 	 11 	 Ex 	 2 	 -1.564564e-10 	 1.937266e-11
11 	 12 	 Ex 	 2 	 -1.548096e-10 	 2.005407e-11
11 	 13 	 Ex 	 2 	 -1.349314e-10 	 1.976203e-11
11 	 14 	 Ex 	 2 	 -1.161990e-10 	 1.852618e-11
11 	 15 	 Ex 	 2 	 -8.974749e-11 	 1.685766e-11
11 	 16 	 Ex 	 2 	 -7.351116e-11 	 1.399006e-11
11 	 17 	 Ex 	 2 	 -1.111451e-11 	 7.314630e-12
11 	 18 	 Ex 	 2 	 -1.673098e-11 	 9.967691e-12
11 	 19 	 Ex 	 2 	 -2.573510e-11 	 1.261668e-11
11 	 20 	 Ex 	 2 	 -3.996744e-11 	 1.535752e-11
11 	 21 	 Ex 	 2 	 -5.984030e-11 	 1.748861e-11
11 	 22 	 Ex 	 2 	 -8.545635e-11 	 1.999047e-11
11 	 23 	 Ex 	 2 	 -1.193473e-10 	 2.404840e-11
11 	 24 	 Ex 	 2 	 -1.557678e-10 	 2.729215e-11
11 	 25 	 Ex 	 2 	 -1.916937e-10 	 3.100604e-11
11 	 26 	 Ex 	 2 	 -2.133908e-10 	 3.369087e-11
11 	 27 	 Ex 	 2 	 -2.061475e-10 	 3.458009e-11
11 	 28 	 Ex 	 2 	 -1.993321e-10 	 3.575882e-11
11 	 29 	 Ex 	 2 	 -1.719627e-10 	 3.504714e-11
11 	 30 	 Ex 	 2 	 -1.393994e-10 	 3.260082e-11
11 	 31 	 Ex 	 2 	 -1.036287e-10 	 2.872722e-11
11 	 32 	 Ex 	 2 	 -8.119515e-11 	 2.331301e-11
11 	 33 	 Ex 	 2 	 -7.075815e-12 	 1.011521e-11
11 	 34 	 Ex 	 2 	 -1.193281e-11 	 1.388497e-11
11 	 35 	 Ex 	 2 	 -2.029421e-11 	 1.814957e-11
11 	 36 	 Ex 	 2 	 -3.312307e-11 	 2.258031e-11
11 	 37 	 Ex 	 2 	 -5.623964e-11 	 2.667104e-11
11 	 38 	 Ex 	 2 	 -8.952026e-11 	 3.077624e-11
11 	 39 	 Ex 	 2 	 -1.379508e-10 	 3.779563e-11
11 	 40 	 Ex 	 2 	 -1.945436e-10 	 4.512036e-11
11 	 41 	 Ex 	 2 	 -2.539922e-10 	 5.250931e-11
11 	 42 	 Ex 	 2 	 -2.824740e-10 	 5.571761e-11
11 	 43 	 Ex 	 2 	 -2.806751e-10 	 5.837488e-11
11 	 44 	 Ex 	 2 	 -2.608924e-10 	 5.948779e-11
11 	 45 	 Ex 	 2 	 -2.128361e-10 	 5.774232e-11
11 	 46 	 Ex 	 2 	 -1.641736e-10 	 5.251695e-11
11 	 47 	 Ex 	 2 	 -1.157723e-10 	 4.528816e-11
11 	 48 	 Ex 	 2 	 -8.041896e-11 	 3.735822e-11
11 	 49 	 Ex 	 2 	 -5.026810e-13 	 1.328806e-11
11 	 50 	 Ex 	 2 	 -3.935616e-12 	 1.805275e-11
11 	 51 	 Ex 	 2 	 -1.041922e-11 	 2.371938e-11
11 	 52 	 Ex 	 2 	 -2.183326e-11 	 3.021143e-11
11 	 53 	 Ex 	 2 	 -4.574128e-11 	 3.693009e-11
11 	 54 	 Ex 	 2 	 -8.458550e-11 	 4.520966e-11
11 	 55 	 Ex 	 2 	 -1.480052e-10 	 5.732578e-11
11 	 56 	 Ex 	 2 	 -2.386629e-10 	 7.206143e-11
11 	 57 	 Ex 	 2 	 -3.321902e-10 	 8.410296e-11
11 	 58 	 Ex 	 2 	 -3.974736e-10 	 9.048131e-11
11 	 59 	 Ex 	 2 	 -3.893796e-10 	 9.352750e-11
11 	 60 	 Ex 	 2 	 -3.502136e-10 	 9.555841e-11
11 	 61 	 Ex 	 2 	 -2.690435e-10 	 9.146017e-11
11 	 62 	 Ex 	 2 	 -1.834704e-10 	 8.136825e-11
11 	 63 	 Ex 	 2 	 -1.180788e-10 	 6.893282e-11
11 	 64 	 Ex 	 2 	 -6.973565e-11 	 5.609194e-11
11 	 65 	 Ex 	 2 	 7.936462e-12 	 1.629937e-11
11 	 66 	 Ex 	 2 	 6.522679e-12 	 2.197558e-11
11 	 67 	 Ex 	 2 	 3.476347e-12 	 2.942067e-11
11 	 68 	 Ex 	 2 	 -5.809574e-12 	 3.615334e-11
11 	 69 	 Ex 	 2 	 -2.578571e-11 	 4.669466e-11
11 	 70 	 Ex 	 2 	 -6.449502e-11 	 6.308845e-11
11 	 71 	 Ex 	 2 	 -1.415473e-10 	 8.510020e-11
11 	 72 	 Ex 	 2 	 -2.789766e-10 	 1.150527e-10
11 	 73 	 Ex 	 2 	 -4.407427e-10 	 1.335803e-10
11 	 74 	 Ex 	 2 	 -5.640408e-10 	 1.401976e-10
11 	 75 	 Ex 	 2 	 -5.594828e-10 	 1.441595e-10
11 	 76 	 Ex 	 2 	 -4.826758e-10 	 1.462777e-10
11 	 77 	 Ex 	 2 	 -3.358432e-10 	 1.415798e-10
11 	 78 	 Ex 	 2 	 -1.889448e-10 	 1.219708e-10
11 	 79 	 Ex 	 2 	 -9.025806e-11 	 1.024437e-10
11 	 80 	 Ex 	 2 	 -3.840604e-11 	 8.017224e-11
11 	 81 	 Ex 	 2 	 1.741715e-11 	 1.914475e-11
11 	 82 	 Ex 	 2 	 1.953666e-11 	 2.586125e-11
11 	 83 	 Ex 	 2 	 2.072272e-11 	 3.343952e-11
11 	 84 	 Ex 	 2 	 1.906196e-11 	 4.178825e-11
11 	 85 	 Ex 	 2 	 8.575907e-12 	 5.570085e-11
11 	 86 	 Ex 	 2 	 -1.329636e-11 	 8.250676e-11
11 	 87 	 Ex 	 2 	 -9.308619e-11 	 1.282949e-10
11 	 88 	 Ex 	 2 	 -2.816515e-10 	 1.802412e-10
11 	 89 	 Ex 	 2 	 -5.854320e-10 	 2.122839e-10
11 	 90 	 Ex 	 2 	 -8.437068e-10 	 2.153486e-10
11 	 91 	 Ex 	 2 	 -8.569574e-10 	 2.172391e-10
11 	 92 	 Ex 	 2 	 -7.004390e-10 	 2.191490e-10
11 	 93 	 Ex 	 2 	 -3.786423e-10 	 2.075388e-10
11 	 94 	 Ex 	 2 	 -1.458628e-10 	 1.803778e-10
11 	 95 	 Ex 	 2 	 -1.687924e-11 	 1.406999e-10
11 	 96 	 Ex 	 2 	 2.764614e-11 	 1.118599e-10
11 	 97 	 Ex 	 2 	 2.808616e-11 	 2.132263e-11
11 	 98 	 Ex 	 2 	 3.480029e-11 	 2.786891e-11
11 	 99 	 Ex 	 2 	 4.378310e-11 	 3.571978e-11
11 	 100 	 Ex 	 2 	 5.517794e-11 	 4.661340e-11
11 	 101 	 Ex 	 2 	 7.065038e-11 	 6.521221e-11
11 	 102 	 Ex 	 2 	 8.631966e-11 	 1.082867e-10
11 	 103 	 Ex 	 2 	 5.550076e-11 	 1.834722e-10
11 	 104 	 Ex 	 2 	 -1.611126e-10 	 2.762350e-10
11 	 105 	 Ex 	 2 	 -7.307431e-10 	 3.306608e-10
11 	 106 	 Ex 	 2 	 -1.373020e-09 	 3.301572e-10
11 	 107 	 Ex 	 2 	 -1.523563e-09 	 3.220496e-10
11 	 108 	 Ex 	 2 	 -1.027199e-09 	 3.311997e-10
11 	 109 	 Ex 	 2 	 -3.617288e-10 	 3.065128e-10
11 	 110 	 Ex 	 2 	 2.957081e-11 	 2.551751e-10
11 	 111 	 Ex 	 2 	 1.436286e-10 	 1.985468e-10
11 	 112 	 Ex 	 2 	 1.386621e-10 	 1.484691e-10
11 	 113 	 Ex 	 2 	 3.868961e-11 	 2.285313e-11
11 	 114 	 Ex 	 2 	 5.307479e-11 	 3.042171e-11
11 	 115 	 Ex 	 2 	 7.214552e-11 	 3.821132e-11
11 	 116 	 Ex 	 2 	 1.045292e-10 	 4.922501e-11
11 	 117 	 Ex 	 2 	 1.660947e-10 	 7.341769e-11
11 	 118 	 Ex 	 2 	 2.793478e-10 	 1.338821e-10
11 	 119 	 Ex 	 2 	 4.233955e-10 	 2.495092e-10
11 	 120 	 Ex 	 2 	 3.697552e-10 	 4.106730e-10
11 	 121 	 Ex 	 2 	 -6.501776e-10 	 5.194731e-10
11 	 122 	 Ex 	 2 	 -2.677675e-09 	 5.381952e-10
11 	 123 	 Ex 	 2 	 -3.247498e-09 	 5.117172e-10
11 	 124 	 Ex 	 2 	 -1.473659e-09 	 5.067640e-10
11 	 125 	 Ex 	 2 	 4.320287e-11 	 4.552909e-10
11 	 126 	 Ex 	 2 	 4.684532e-10 	 3.529903e-10
11 	 127 	 Ex 	 2 	 4.392276e-10 	 2.617860e-10
11 	 128 	 Ex 	 2 	 3.176511e-10 	 1.885659e-10
11 	 129 	 Ex 	 2 	 4.829087e-11 	 2.394949e-11
11 	 130 	 Ex 	 2 	 6.815361e-11 	 3.181944e-11
11 	 131 	 Ex 	 2 	 9.868635e-11 	 4.021132e-11
11 	 132 	 Ex 	 2 	 1.531390e-10 	 5.218927e-11
11 	 133 	 Ex 	 2 	 2.796495e-10 	 8.178125e-11
11 	 134 	 Ex 	 2 	 5.572573e-10 	 1.610251e-10
11 	 135 	 Ex 	 2 	 1.117543e-09 	 3.236794e-10
11 	 136 	 Ex 	 2 	 1.888870e-09 	 5.801644e-10
11 	 137 	 Ex 	 2 	 1.334718e-09 	 8.064601e-10
11 	 138 	 Ex 	 2 	 -5.689248e-09 	 9.454543e-10
11 	 139 	 Ex 	 2 	 -9.816126e-09 	 9.449747e-10
11 	 140 	 Ex 	 2 	 -7.562736e-10 	 8.153083e-10
11 	 141 	 Ex 	 2 	 1.810425e-09 	 6.515815e-10
11 	 142 	 Ex 	 2 	 1.438911e-09 	 4.613512e-10
11 	 143 	 Ex 	 2 	 8.896265e-10 	 3.222451e-10
11 	 144 	 Ex 	 2 	 5.309798e-10 	 2.229855e-10
11 	 145 	 Ex 	 2 	 5.478830e-11 	 2.456400e-11
11 	 146 	 Ex 	 2 	 7.903685e-11 	 3.254433e-11
11 	 147 	 Ex 	 2 	 1.180089e-10 	 4.197549e-11
11 	 148 	 Ex 	 2 	 1.926238e-10 	 5.530011e-11
11 	 149 	 Ex 	 2 	 3.690147e-10 	 8.859587e-11
11 	 150 	 Ex 	 2 	 8.164782e-10 	 1.803853e-10
11 	 151 	 Ex 	 2 	 1.908607e-09 	 3.836266e-10
11 	 152 	 Ex 	 2 	 4.592055e-09 	 7.357289e-10
11 	 153 	 Ex 	 2 	 1.095030e-08 	 1.138810e-09
11 	 154 	 Ex 	 2 	 2.135002e-08 	 1.970708e-09
11 	 155 	 Ex 	 2 	 -6.856077e-08 	 2.808554e-09
11 	 156 	 Ex 	 2 	 1.635398e-08 	 1.301088e-09
11 	 157 	 Ex 	 2 	 6.091977e-09 	 8.343514e-10
11 	 158 	 Ex 	 2 	 2.712261e-09 	 5.512916e-10
11 	 159 	 Ex 	 2 	 1.321656e-09 	 3.616012e-10
11 	 160 	 Ex 	 2 	 6.927658e-10 	 2.411812e-10
11 	 161 	 Ex 	 2 	 5.704908e-11 	 2.406554e-11
11 	 162 	 Ex 	 2 	 8.248167e-11 	 3.316144e-11
11 	 163 	 Ex 	 2 	 1.266815e-10 	 4.478709e-11
11 	 164 	 Ex 	 2 	 2.035354e-10 	 5.818994e-11
11 	 165 	 Ex 	 2 	 3.885629e-10 	 9.192044e-11
11 	 166 	 Ex 	 2 	 8.566537e-10 	 1.806057e-10
11 	 167 	 Ex 	 2 	 2.112198e-09 	 3.948217e-10
11 	 168 	 Ex 	 2 	 5.505957e-09 	 7.515990e-10
11 	 169 	 Ex 	 2 	 1.764793e-08 	 1.261492e-09
11 	 170 	 Ex 	 2 	 2.118286e-07 	 2.762280e-09
11 	 171 	 Ex 	 2 	 -5.481995e-08 	 6.448971e-09
11 	 172 	 Ex 	 2 	 3.640415e-08 	 1.503275e-09
11 	 173 	 Ex 	 2 	 8.079351e-09 	 8.823742e-10
11 	 174 	 Ex 	 2 	 3.063170e-09 	 5.627958e-10
11 	 175 	 Ex 	 2 	 1.376186e-09 	 3.548210e-10
11 	 176 	 Ex 	 2 	 7.134263e-10 	 2.394893e-10
11 	 177 	 Ex 	 2 	 5.186668e-11 	 2.280247e-11
11 	 178 	 Ex 	 2 	 7.613347e-11 	 3.254260e-11
11 	 179 	 Ex 	 2 	 1.146761e-10 	 4.480671e-11
11 	 180 	 Ex 	 2 	 1.778934e-10 	 6.019153e-11
11 	 181 	 Ex 	 2 	 3.245339e-10 	 9.626234e-11
11 	 182 	 Ex 	 2 	 6.703459e-10 	 1.769168e-10
11 	 183 	 Ex 	 2 	 1.459914e-09 	 3.465063e-10
11 	 184 	 Ex 	 2 	 3.052107e-09 	 6.190007e-10
11 	 185 	 Ex 	 2 	 4.686620e-09 	 9.457264e-10
11 	 186 	 Ex 	 2 	 -6.387054e-09 	 1.303027e-09
11 	 187 	 Ex 	 2 	 -2.026468e-08 	 1.479829e-09
11 	 188 	 Ex 	 2 	 3.141028e-09 	 1.052013e-09
11 	 189 	 Ex 	 2 	 3.777171e-09 	 7.410513e-10
11 	 190 	 Ex 	 2 	 2.020740e-09 	 4.896626e-10
11 	 191 	 Ex 	 2 	 1.081312e-09 	 3.292973e-10
11 	 192 	 Ex 	 2 	 5.924610e-10 	 2.222299e-10
11 	 193 	 Ex 	 2 	 4.312975e-11 	 2.113504e-11
11 	 194 	 Ex 	 2 	 6.206224e-11 	 3.045649e-11
11 	 195 	 Ex 	 2 	 9.003598e-11 	 4.287265e-11
11 	 196 	 Ex 	 2 	 1.352832e-10 	 6.049184e-11
11 	 197 	 Ex 	 2 	 2.180254e-10 	 9.463780e-11
11 	 198 	 Ex 	 2 	 3.740649e-10 	 1.561693e-10
11 	 199 	 Ex 	 2 	 6.498345e-10 	 2.711952e-10
11 	 200 	 Ex 	 2 	 8.505782e-10 	 4.401863e-10
11 	 201 	 Ex 	 2 	 -1.142147e-10 	 6.036696e-10
11 	 202 	 Ex 	 2 	 -3.614258e-09 	 7.007150e-10
11 	 203 	 Ex 	 2 	 -4.868976e-09 	 7.110692e-10
11 	 204 	 Ex 	 2 	 -1.405699e-09 	 6.369197e-10
11 	 205 	 Ex 	 2 	 6.426709e-10 	 5.108688e-10
11 	 206 	 Ex 	 2 	 8.223060e-10 	 3.740543e-10
11 	 207 	 Ex 	 2 	 5.907342e-10 	 2.680217e-10
11 	 208 	 Ex 	 2 	 3.768122e-10 	 1.885258e-10
11 	 209 	 Ex 	 2 	 3.093889e-11 	 1.835462e-11
11 	 210 	 Ex 	 2 	 4.259005e-11 	 2.683718e-11
11 	 211 	 Ex 	 2 	 5.675008e-11 	 3.827932e-11
11 	 212 	 Ex 	 2 	 7.832451e-11 	 5.605635e-11
11 	 213 	 Ex 	 2 	 1.081122e-10 	 8.636680e-11
11 	 214 	 Ex 	 2 	 1.395063e-10 	 1.302749e-10
11 	 215 	 Ex 	 2 	 1.424706e-10 	 2.052272e-10
11 	 216 	 Ex 	 2 	 -4.614066e-11 	 2.975342e-10
11 	 217 	 Ex 	 2 	 -6.820509e-10 	 3.796359e-10
11 	 218 	 Ex 	 2 	 -1.691323e-09 	 4.313684e-10
11 	 219 	 Ex 	 2 	 -1.909880e-09 	 4.351265e-10
11 	 220 	 Ex 	 2 	 -1.105780e-09 	 4.026338e-10
11 	 221 	 Ex 	 2 	 -2.362006e-10 	 3.473362e-10
11 	 222 	 Ex 	 2 	 1.419033e-10 	 2.734211e-10
11 	 223 	 Ex 	 2 	 2.143282e-10 	 2.044838e-10
11 	 224 	 Ex 	 2 	 1.814320e-10 	 1.504997e-10
11 	 225 	 Ex 	 2 	 1.718787e-11 	 1.510397e-11
11 	 226 	 Ex 	 2 	 2.131038e-11 	 2.234323e-11
11 	 227 	 Ex 	 2 	 2.520715e-11 	 3.291978e-11
11 	 228 	 Ex 	 2 	 2.691593e-11 	 4.871141e-11
11 	 229 	 Ex 	 2 	 1.947752e-11 	 7.126651e-11
11 	 230 	 Ex 	 2 	 -4.033773e-12 	 1.019581e-10
11 	 231 	 Ex 	 2 	 -7.940826e-11 	 1.495597e-10
11 	 232 	 Ex 	 2 	 -2.646950e-10 	 1.980374e-10
11 	 233 	 Ex 	 2 	 -5.876836e-10 	 2.460455e-10
11 	 234 	 Ex 	 2 	 -9.359259e-10 	 2.756892e-10
11 	 235 	 Ex 	 2 	 -9.682749e-10 	 2.763452e-10
11 	 236 	 Ex 	 2 	 -7.364543e-10 	 2.632913e-10
11 	 237 	 Ex 	 2 	 -3.622333e-10 	 2.311341e-10
11 	 238 	 Ex 	 2 	 -1.035389e-10 	 1.927758e-10
11 	 239 	 Ex 	 2 	 1.476589e-11 	 1.494508e-10
11 	 240 	 Ex 	 2 	 4.845628e-11 	 1.155542e-10
11 	 241 	 Ex 	 2 	 4.752773e-12 	 1.141891e-11
11 	 242 	 Ex 	 2 	 1.645800e-12 	 1.769226e-11
11 	 243 	 Ex 	 2 	 -3.923702e-12 	 2.600307e-11
11 	 244 	 Ex 	 2 	 -1.413843e-11 	 3.833303e-11
11 	 245 	 Ex 	 2 	 -3.365038e-11 	 5.482515e-11
11 	 246 	 Ex 	 2 	 -7.279236e-11 	 7.749745e-11
11 	 247 	 Ex 	 2 	 -1.546498e-10 	 1.054123e-10
11 	 248 	 Ex 	 2 	 -2.749155e-10 	 1.333267e-10
11 	 249 	 Ex 	 2 	 -4.406026e-10 	 1.596794e-10
11 	 250 	 Ex 	 2 	 -5.695778e-10 	 1.735903e-10
11 	 251 	 Ex 	 2 	 -5.765813e-10 	 1.786146e-10
11 	 252 	 Ex 	 2 	 -5.022224e-10 	 1.720797e-10
11 	 253 	 Ex 	 2 	 -3.240884e-10 	 1.544554e-10
11 	 254 	 Ex 	 2 	 -1.787708e-10 	 1.346946e-10
11 	 255 	 Ex 	 2 	 -8.240927e-11 	 1.080010e-10
11 	 256 	 Ex 	 2 	 -3.025399e-11 	 8.578427e-11
11 	 1 	 Ey 	 1 	 3.870466e-11 	 2.232456e-12
11 	 2 	 Ey 	 1 	 4.668638e-11 	 2.408531e-12
11 	 3 	 Ey 	 1 	 5.468834e-11 	 2.632635e-12
11 	 4 	 Ey 	 1 	 6.177631e-11 	 2.649572e-12
11 	 5 	 Ey 	 1 	 6.757858e-11 	 1.931760e-12
11 	 6 	 Ey 	 1 	 6.994303e-11 	 8.599962e-13
11 	 7 	 Ey 	 1 	 6.680195e-11 	 -2.708981e-13
11 	 8 	 Ey 	 1 	 5.635701e-11 	 -1.374600e-12
11 	 9 	 Ey 	 1 	 3.755431e-11 	 -1.995986e-12
11 	 10 	 Ey 	 1 	 1.290703e-11 	 -2.280052e-12
11 	 11 	 Ey 	 1 	 -1.169836e-11 	 -2.261427e-12
11 	 12 	 Ey 	 1 	 -3.922564e-11 	 -1.995691e-12
11 	 13 	 Ey 	 1 	 -5.801067e-11 	 -1.861013e-12
11 	 14 	 Ey 	 1 	 -6.887965e-11 	 -1.539062e-12
11 	 15 	 Ey 	 1 	 -7.261537e-11 	 -1.934751e-12
11 	 16 	 Ey 	 1 	 -7.380863e-11 	 -1.378715e-12
11 	 17 	 Ey 	 1 	 4.445750e-11 	 2.791310e-12
11 	 18 	 Ey 	 1 	 5.392144e-11 	 3.275212e-12
11 	 19 	 Ey 	 1 	 6.467388e-11 	 3.415187e-12
11 	 20 	 Ey 	 1 	 7.699755e-11 	 3.183131e-12
11 	 21 	 Ey 	 1 	 8.769926e-11 	 2.095903e-12
11 	 22 	 Ey 	 1 	 9.295234e-11 	 5.395909e-13
11 	 23 	 Ey 	 1 	 9.041870e-11 	 -1.273892e-12
11 	 24 	 Ey 	 1 	 7.991217e-11 	 -3.094993e-12
11 	 25 	 Ey 	 1 	 5.428528e-11 	 -4.008426e-12
11 	 26 	 Ey 	 1 	 1.723664e-11 	 -4.014845e-12
11 	 27 	 Ey 	 1 	 -2.225575e-11 	 -3.479183e-12
11 	 28 	 Ey 	 1 	 -6.153218e-11 	 -3.074338e-12
11 	 29 	 Ey 	 1 	 -8.788009e-11 	 -2.291004e-12
11 	 30 	 Ey 	 1 	 -1.020907e-10 	 -2.072151e-12
11 	 31 	 Ey 	 1 	 -1.049925e-10 	 -2.569720e-12
11 	 32 	 Ey 	 1 	 -1.001025e-10 	 -1.755258e-12
11 	 33 	 Ey 	 1 	 4.807746e-11 	 2.821091e-12
11 	 34 	 Ey 	 1 	 6.097847e-11 	 3.508072e-12
11 	 35 	 Ey 	 1 	 7.432290e-11 	 3.573578e-12
11 	 36 	 Ey 	 1 	 8.992050e-11 	 3.430775e-12
11 	 37 	 Ey 	 1 	 1.060895e-10 	 1.861117e-12
11 	 38 	 Ey 	 1 	 1.203024e-10 	 -6.245055e-13
11 	 39 	 Ey 	 1 	 1.243282e-10 	 -3.371448e-12
11 	 40 	 Ey 	 1 	 1.119542e-10 	 -5.525189e-12
11 	 41 	 Ey 	 1 	 7.684913e-11 	 -6.189754e-12
11 	 42 	 Ey 	 1 	 2.177280e-11 	 -6.243792e-12
11 	 43 	 Ey 	 1 	 -3.927795e-11 	 -5.435130e-12
11 	 44 	 Ey 	 1 	 -1.001769e-10 	 -4.914377e-12
11 	 45 	 Ey 	 1 	 -1.363903e-10 	 -4.007228e-12
11 	 46 	 Ey 	 1 	 -1.531471e-10 	 -3.096722e-12
11 	 47 	 Ey 	 1 	 -1.483090e-10 	 -3.340664e-12
11 	 48 	 Ey 	 1 	 -1.339790e-10 	 -2.641266e-12
11 	 49 	 Ey 	 1 	 5.106540e-11 	 2.938419e-12
11 	 50 	 Ey 	 1 	 6.650128e-11 	 3.590717e-12
11 	 51 	 Ey 	 1 	 8.271651e-11 	 3.650446e-12
11 	 52 	 Ey 	 1 	 1.022660e-10 	 3.150152e-12
11 	 53 	 Ey 	 1 	 1.245800e-10 	 6.723482e-13
11 	 54 	 Ey 	 1 	 1.463234e-10 	 -2.645082e-12
11 	 55 	 Ey 	 1 	 1.628626e-10 	 -5.758424e-12
11 	 56 	 Ey 	 1 	 1.588466e-10 	 -8.352070e-12
11 	 57 	 Ey 	 1 	 1.174410e-10 	 -8.201421e-12
11 	 58 	 Ey 	 1 	 3.227976e-11 	 -7.662741e-12
11 	 59 	 Ey 	 1 	 -6.671984e-11 	 -7.958864e-12
11 	 60 	 Ey 	 1 	 -1.641696e-10 	 -8.260815e-12
11 	 61 	 Ey 	 1 	 -2.209172e-10 	 -6.183563e-12
11 	 62 	 Ey 	 1 	 -2.281053e-10 	 -4.969212e-12
11 	 63 	 Ey 	 1 	 -2.087811e-10 	 -3.756122e-12
11 	 64 	 Ey 	 1 	 -1.762127e-10 	 -3.043745e-12
11 	 65 	 Ey 	 1 	 5.259137e-11 	 3.059342e-12
11 	 66 	 Ey 	 1 	 6.820795e-11 	 3.276892e-12
11 	 67 	 Ey 	 1 	 8.825959e-11 	 3.205846e-12
11 	 68 	 Ey 	 1 	 1.112888e-10 	 1.623006e-12
11 	 69 	 Ey 	 1 	 1.382286e-10 	 -1.796055e-12
11 	 70 	 Ey 	 1 	 1.778128e-10 	 -5.769236e-12
11 	 71 	 Ey 	 1 	 2.195990e-10 	 -9.406488e-12
11 	 72 	 Ey 	 1 	 2.439851e-10 	 -1.086186e-11
11 	 73 	 Ey 	 1 	 2.067199e-10 	 -9.687663e-12
11 	 74 	 Ey 	 1 	 7.361232e-11 	 -8.979450e-12
11 	 75 	 Ey 	 1 	 -1.000756e-10 	 -1.047435e-11
11 	 76 	 Ey 	 1 	 -2.742193e-10 	 -1.114569e-11
11 	 77 	 Ey 	 1 	 -3.601531e-10 	 -9.541444e-12
11 	 78 	 Ey 	 1 	 -3.514458e-10 	 -6.614806e-12
11 	 79 	 Ey 	 1 	 -2.988648e-10 	 -5.639543e-12
11 	 80 	 Ey 	 1 	 -2.340782e-10 	 -3.741989e-12
11 	 81 	 Ey 	 1 	 5.042045e-11 	 2.577636e-12
11 	 82 	 Ey 	 1 	 6.656364e-11 	 2.697426e-12
11 	 83 	 Ey 	 1 	 8.982651e-11 	 2.057213e-12
11 	 84 	 Ey 	 1 	 1.190095e-10 	 -1.464806e-13
11 	 85 	 Ey 	 1 	 1.582777e-10 	 -4.191028e-12
11 	 86 	 Ey 	 1 	 2.237195e-10 	 -8.312760e-12
11 	 87 	 Ey 	 1 	 3.250717e-10 	 -1.157589e-11
11 	 88 	 Ey 	 1 	 4.186290e-10 	 -1.188315e-11
11 	 89 	 Ey 	 1 	 4.037320e-10 	 -9.063597e-12
11 	 90 	 Ey 	 1 	 1.822321e-10 	 -8.113386e-12
11 	 91 	 Ey 	 1 	 -1.572430e-10 	 -1.297014e-11
11 	 92 	 Ey 	 1 	 -5.189756e-10 	 -1.369502e-11
11 	 93 	 Ey 	 1 	 -6.139114e-10 	 -1.272913e-11
11 	 94 	 Ey 	 1 	 -5.464198e-10 	 -9.174272e-12
11 	 95 	 Ey 	 1 	 -4.128374e-10 	 -6.783170e-12
11 	 96 	 Ey 	 1 	 -2.999684e-10 	 -4.943867e-12
11 	 97 	 Ey 	 1 	 4.526789e-11 	 2.188751e-12
11 	 98 	 Ey 	 1 	 6.255993e-11 	 2.115726e-12
11 	 99 	 Ey 	 1 	 8.741579e-11 	 1.236368e-12
11 	 100 	 Ey 	 1 	 1.222928e-10 	 -9.753693e-13
11 	 101 	 Ey 	 1 	 1.828819e-10 	 -4.839999e-12
11 	 102 	 Ey 	 1 	 3.054808e-10 	 -9.403100e-12
11 	 103 	 Ey 	 1 	 5.163554e-10 	 -1.111516e-11
11 	 104 	 Ey 	 1 	 7.959965e-10 	 -9.938193e-12
11 	 105 	 Ey 	 1 	 9.412959e-10 	 -4.974255e-12
11 	 106 	 Ey 	 1 	 5.428518e-10 	 -3.560384e-12
11 	 107 	 Ey 	 1 	 -3.202077e-10 	 -1.091876e-11
11 	 108 	 Ey 	 1 	 -1.022067e-09 	 -1.827726e-11
11 	 109 	 Ey 	 1 	 -1.083927e-09 	 -1.412290e-11
11 	 110 	 Ey 	 1 	 -8.262702e-10 	 -1.190165e-11
11 	 111 	 Ey 	 1 	 -5.646641e-10 	 -8.692798e-12
11 	 112 	 Ey 	 1 	 -3.610979e-10 	 -4.613846e-12
11 	 113 	 Ey 	 1 	 3.585332e-11 	 1.518349e-12
11 	 114 	 Ey 	 1 	 5.333588e-11 	 1.784580e-12
11 	 115 	 Ey 	 1 	 7.649052e-11 	 1.051369e-12
11 	 116 	 Ey 	 1 	 1.160480e-10 	 -3.915809e-13
11 	 117 	 Ey 	 1 	 1.877588e-10 	 -3.676593e-12
11 	 118 	 Ey 	 1 	 3.619916e-10 	 -8.193566e-12
11 	 119 	 Ey 	 1 	 7.690947e-10 	 -7.828315e-12
11 	 120 	 Ey 	 1 	 1.492252e-09 	 -2.970768e-12
11 	 121 	 Ey 	 1 	 2.341041e-09 	 4.616244e-12
11 	 122 	 Ey 	 1 	 1.831265e-09 	 6.279577e-12
11 	 123 	 Ey 	 1 	 -7.234508e-10 	 -1.008009e-11
11 	 124 	 Ey 	 1 	 -2.511116e-09 	 -2.222028e-11
11 	 125 	 Ey 	 1 	 -2.053721e-09 	 -1.865912e-11
11 	 126 	 Ey 	 1 	 -1.211910e-09 	 -1.102616e-11
11 	 127 	 Ey 	 1 	 -6.760908e-10 	 -7.479596e-12
11 	 128 	 Ey 	 1 	 -3.854710e-10 	 -4.780255e-12
11 	 129 	 Ey 	 1 	 2.276526e-11 	 9.625327e-13
11 	 130 	 Ey 	 1 	 3.432982e-11 	 8.519121e-13
11 	 131 	 Ey 	 1 	 5.486047e-11 	 9.658253e-13
11 	 132 	 Ey 	 1 	 9.060143e-11 	 7.574848e-13
11 	 133 	 Ey 	 1 	 1.615893e-10 	 -8.969337e-13
11 	 134 	 Ey 	 1 	 3.529388e-10 	 -3.304684e-12
11 	 135 	 Ey 	 1 	 8.991904e-10 	 -1.938509e-12
11 	 136 	 Ey 	 1 	 2.280278e-09 	 2.806775e-12
11 	 137 	 Ey 	 1 	 5.598113e-09 	 1.601492e-11
11 	 138 	 Ey 	 1 	 7.913793e-09 	 1.650722e-11
11 	 139 	 Ey 	 1 	 -3.348218e-09 	 -5.516624e-12
11 	 140 	 Ey 	 1 	 -7.368865e-09 	 -2.337155e-11
11 	 141 	 Ey 	 1 	 -3.531905e-09 	 -1.641415e-11
11 	 142 	 Ey 	 1 	 -1.472754e-09 	 -9.044580e-12
11 	 143 	 Ey 	 1 	 -6.511435e-10 	 -3.515148e-12
11 	 144 	 Ey 	 1 	 -3.293922e-10 	 -2.726149e-12
11 	 145 	 Ey 	 1 	 3.803677e-12 	 1.986575e-13
11 	 146 	 Ey 	 1 	 1.084482e-11 	 8.164166e-13
11 	 147 	 Ey 	 1 	 2.114632e-11 	 1.305955e-12
11 	 148 	 Ey 	 1 	 4.191960e-11 	 2.306698e-12
11 	 149 	 Ey 	 1 	 7.620782e-11 	 2.448808e-12
11 	 150 	 Ey 	 1 	 1.925434e-10 	 3.937628e-12
11 	 151 	 Ey 	 1 	 5.464877e-10 	 4.544361e-12
11 	 152 	 Ey 	 1 	 1.841412e-09 	 9.172324e-12
11 	 153 	 Ey 	 1 	 8.343074e-09 	 1.843775e-11
11 	 154 	 Ey 	 1 	 6.958985e-08 	 9.710269e-13
11 	 155 	 Ey 	 1 	 -2.815070e-08 	 1.695380e-11
11 	 156 	 Ey 	 1 	 -1.904908e-08 	 -3.291958e-12
11 	 157 	 Ey 	 1 	 -3.367680e-09 	 -4.346263e-12
11 	 158 	 Ey 	 1 	 -9.455994e-10 	 -9.768001e-13
11 	 159 	 Ey 	 1 	 -3.399761e-10 	 1.077458e-12
11 	 160 	 Ey 	 1 	 -1.582740e-10 	 6.412391e-13
11 	 161 	 Ey 	 1 	 -2.302951e-11 	 -3.375640e-13
11 	 162 	 Ey 	 1 	 -2.767144e-11 	 2.708632e-13
11 	 163 	 Ey 	 1 	 -3.309396e-11 	 1.525338e-12
11 	 164 	 Ey 	 1 	 -4.022821e-11 	 4.176359e-12
11 	 165 	 Ey 	 1 	 -5.803601e-11 	 8.142052e-12
11 	 166 	 Ey 	 1 	 -1.287567e-10 	 1.199947e-11
11 	 167 	 Ey 	 1 	 -3.399861e-10 	 1.359521e-11
11 	 168 	 Ey 	 1 	 -9.922138e-10 	 1.304178e-11
11 	 169 	 Ey 	 1 	 -4.513609e-09 	 1.202674e-11
11 	 170 	 Ey 	 1 	 -8.836896e-08 	 3.599324e-11
11 	 171 	 Ey 	 1 	 3.313757e-06 	 5.161898e-11
11 	 172 	 Ey 	 1 	 1.151214e-08 	 6.361433e-12
11 	 173 	 Ey 	 1 	 1.437412e-09 	 1.200680e-11
11 	 174 	 Ey 	 1 	 4.061884e-10 	 8.628339e-12
11 	 175 	 Ey 	 1 	 1.391046e-10 	 4.741870e-12
11 	 176 	 Ey 	 1 	 4.995709e-11 	 2.097597e-12
11 	 177 	 Ey 	 1 	 -3.274161e-11 	 -3.633227e-13
11 	 178 	 Ey 	 1 	 -4.445006e-11 	 2.643602e-13
11 	 179 	 Ey 	 1 	 -5.933807e-11 	 1.911650e-12
11 	 180 	 Ey 	 1 	 -8.302432e-11 	 5.098413e-12
11 	 181 	 Ey 	 1 	 -1.353788e-10 	 1.154109e-11
11 	 182 	 Ey 	 1 	 -3.058163e-10 	 1.949913e-11
11 	 183 	 Ey 	 1 	 -8.312271e-10 	 2.378015e-11
11 	 184 	 Ey 	 1 	 -2.467703e-09 	 1.666806e-11
11 	 185 	 Ey 	 1 	 -7.999374e-09 	 4.902568e-12
11 	 186 	 Ey 	 1 	 -1.963604e-08 	 7.631487e-12
11 	 187 	 Ey 	 1 	 1.056346e-08 	 1.429631e-11
11 	 188 	 Ey 	 1 	 1.301082e-08 	 3.173471e-11
11 	 189 	 Ey 	 1 	 4.075523e-09 	 2.647954e-11
11 	 190 	 Ey 	 1 	 1.416382e-09 	 1.341271e-11
11 	 191 	 Ey 	 1 	 5.920713e-10 	 8.562204e-12
11 	 192 	 Ey 	 1 	 2.867162e-10 	 6.035606e-12
11 	 193 	 Ey 	 1 	 -4.715991e-11 	 -1.479289e-13
11 	 194 	 Ey 	 1 	 -6.484082e-11 	 2.894434e-13
11 	 195 	 Ey 	 1 	 -9.252678e-11 	 1.795108e-12
11 	 196 	 Ey 	 1 	 -1.373089e-10 	 4.654210e-12
11 	 197 	 Ey 	 1 	 -2.121983e-10 	 1.183693e-11
11 	 198 	 Ey 	 1 	 -3.978821e-10 	 2.074411e-11
11 	 199 	 Ey 	 1 	 -8.678226e-10 	 2.541935e-11
11 	 200 	 Ey 	 1 	 -1.939130e-09 	 2.166768e-11
11 	 201 	 Ey 	 1 	 -3.682213e-09 	 1.187232e-11
11 	 202 	 Ey 	 1 	 -3.597583e-09 	 1.031128e-11
11 	 203 	 Ey 	 1 	 1.325127e-09 	 2.185611e-11
11 	 204 	 Ey 	 1 	 4.187455e-09 	 2.938691e-11
11 	 205 	 Ey 	 1 	 2.789009e-09 	 2.470715e-11
11 	 206 	 Ey 	 1 	 1.433864e-09 	 1.716376e-11
11 	 207 	 Ey 	 1 	 7.060644e-10 	 1.009903e-11
11 	 208 	 Ey 	 1 	 3.796398e-10 	 6.638296e-12
11 	 209 	 Ey 	 1 	 -5.733457e-11 	 -1.385649e-13
11 	 210 	 Ey 	 1 	 -7.845814e-11 	 3.996205e-13
11 	 211 	 Ey 	 1 	 -1.084369e-10 	 2.144154e-12
11 	 212 	 Ey 	 1 	 -1.601162e-10 	 5.175305e-12
11 	 213 	 Ey 	 1 	 -2.399494e-10 	 1.071645e-11
11 	 214 	 Ey 	 1 	 -3.934976e-10 	 1.737247e-11
11 	 215 	 Ey 	 1 	 -6.668519e-10 	 2.239135e-11
11 	 216 	 Ey 	 1 	 -1.104429e-09 	 2.297294e-11
11 	 217 	 Ey 	 1 	 -1.435683e-09 	 1.818527e-11
11 	 218 	 Ey 	 1 	 -9.538674e-10 	 1.552193e-11
11 	 219 	 Ey 	 1 	 4.068552e-10 	 1.899223e-11
11 	 220 	 Ey 	 1 	 1.502342e-09 	 2.108760e-11
11 	 221 	 Ey 	 1 	 1.448636e-09 	 1.705434e-11
11 	 222 	 Ey 	 1 	 9.922453e-10 	 1.276558e-11
11 	 223 	 Ey 	 1 	 6.131598e-10 	 9.962046e-12
11 	 224 	 Ey 	 1 	 3.679619e-10 	 6.768054e-12
11 	 225 	 Ey 	 1 	 -6.076855e-11 	 3.156786e-13
11 	 226 	 Ey 	 1 	 -8.366664e-11 	 6.455679e-13
11 	 227 	 Ey 	 1 	 -1.152862e-10 	 2.174989e-12
11 	 228 	 Ey 	 1 	 -1.578603e-10 	 5.006994e-12
11 	 229 	 Ey 	 1 	 -2.220835e-10 	 9.287801e-12
11 	 230 	 Ey 	 1 	 -3.184329e-10 	 1.306932e-11
11 	 231 	 Ey 	 1 	 -4.490427e-10 	 1.682885e-11
11 	 232 	 Ey 	 1 	 -5.911150e-10 	 1.898177e-11
11 	 233 	 Ey 	 1 	 -6.011465e-10 	 1.771879e-11
11 	 234 	 Ey 	 1 	 -3.155937e-10 	 1.593163e-11
11 	 235 	 Ey 	 1 	 1.928542e-10 	 1.423663e-11
11 	 236 	 Ey 	 1 	 6.299407e-10 	 1.373113e-11
11 	 237 	 Ey 	 1 	 7.211260e-10 	 1.207995e-11
11 	 238 	 Ey 	 1 	 6.082689e-10 	 1.069304e-11
11 	 239 	 Ey 	 1 	 4.542952e-10 	 9.152938e-12
11 	 240 	 Ey 	 1 	 3.105857e-10 	 6.732870e-12
11 	 241 	 Ey 	 1 	 -6.068801e-11 	 6.367023e-13
11 	 242 	 Ey 	 1 	 -7.827945e-11 	 1.528585e-12
11 	 243 	 Ey 	 1 	 -1.042688e-10 	 2.812025e-12
11 	 244 	 Ey 	 1 	 -1.410176e-10 	 4.650569e-12
11 	 245 	 Ey 	 1 	 -1.835345e-10 	 6.942725e-12
11 	 246 	 Ey 	 1 	 -2.394358e-10 	 9.393935e-12
11 	 247 	 Ey 	 1 	 -2.967551e-10 	 1.208749e-11
11 	 248 	 Ey 	 1 	 -3.287012e-10 	 1.322910e-11
11 	 249 	 Ey 	 1 	 -2.825481e-10 	 1.316449e-11
11 	 250 	 Ey 	 1 	 -1.206303e-10 	 1.210632e-11
11 	 251 	 Ey 	 1 	 9.209392e-11 	 1.162008e-11
11 	 252 	 Ey 	 1 	 3.086751e-10 	 1.048110e-11
11 	 253 	 Ey 	 1 	 3.916018e-10 	 9.677389e-12
11 	 254 	 Ey 	 1 	 3.735988e-10 	 8.447436e-12
11 	 255 	 Ey 	 1 	 3.133128e-10 	 6.682305e-12
11 	 256 	 Ey 	 1 	 2.394388e-10 	 4.981501e-12
11 	 1 	 Ey 	 2 	 3.558120e-11 	 3.524985e-12
11 	 2 	 Ey 	 2 	 4.331185e-11 	 4.727657e-12
11 	 3 	 Ey 	 2 	 5.121852e-11 	 6.036122e-12
11 	 4 	 Ey 	 2 	 5.876077e-11 	 6.957799e-12
11 	 5 	 Ey 	 2 	 6.615471e-11 	 7.201417e-12
11 	 6 	 Ey 	 2 	 7.070820e-11 	 6.616955e-12
11 	 7 	 Ey 	 2 	 6.987329e-11 	 5.245685e-12
11 	 8 	 Ey 	 2 	 6.128541e-11 	 3.136402e-12
11 	 9 	 Ey 	 2 	 4.336859e-11 	 3.254407e-13
11 	 10 	 Ey 	 2 	 1.851737e-11 	 -2.505211e-12
11 	 11 	 Ey 	 2 	 -6.754367e-12 	 -5.748993e-12
11 	 12 	 Ey 	 2 	 -3.532638e-11 	 -8.463864e-12
11 	 13 	 Ey 	 2 	 -5.467486e-11 	 -1.030526e-11
11 	 14 	 Ey 	 2 	 -6.602714e-11 	 -1.098220e-11
11 	 15 	 Ey 	 2 	 -6.910836e-11 	 -1.114932e-11
11 	 16 	 Ey 	 2 	 -7.073767e-11 	 -1.102562e-11
11 	 17 	 Ey 	 2 	 4.041668e-11 	 3.717395e-12
11 	 18 	 Ey 	 2 	 4.936218e-11 	 4.724012e-12
11 	 19 	 Ey 	 2 	 6.020699e-11 	 5.939145e-12
11 	 20 	 Ey 	 2 	 7.344240e-11 	 7.144170e-12
11 	 21 	 Ey 	 2 	 8.650967e-11 	 7.433243e-12
11 	 22 	 Ey 	 2 	 9.503308e-11 	 6.298466e-12
11 	 23 	 Ey 	 2 	 9.599700e-11 	 3.820555e-12
11 	 24 	 Ey 	 2 	 8.867372e-11 	 9.757771e-13
11 	 25 	 Ey 	 2 	 6.407247e-11 	 -2.534611e-12
11 	 26 	 Ey 	 2 	 2.597670e-11 	 -5.810612e-12
11 	 27 	 Ey 	 2 	 -1.559067e-11 	 -9.689865e-12
11 	 28 	 Ey 	 2 	 -5.660016e-11 	 -1.278628e-11
11 	 29 	 Ey 	 2 	 -8.471471e-11 	 -1.404244e-11
11 	 30 	 Ey 	 2 	 -9.932533e-11 	 -1.471165e-11
11 	 31 	 Ey 	 2 	 -1.012014e-10 	 -1.520379e-11
11 	 32 	 Ey 	 2 	 -9.717622e-11 	 -1.424195e-11
11 	 33 	 Ey 	 2 	 4.392960e-11 	 3.236751e-12
11 	 34 	 Ey 	 2 	 5.595496e-11 	 4.252116e-12
11 	 35 	 Ey 	 2 	 6.943377e-11 	 4.874817e-12
11 	 36 	 Ey 	 2 	 8.599545e-11 	 5.532420e-12
11 	 37 	 Ey 	 2 	 1.055571e-10 	 5.060630e-12
11 	 38 	 Ey 	 2 	 1.249856e-10 	 3.492087e-12
11 	 39 	 Ey 	 2 	 1.343700e-10 	 8.744821e-16
11 	 40 	 Ey 	 2 	 1.256265e-10 	 -4.084072e-12
11 	 41 	 Ey 	 2 	 9.080509e-11 	 -7.825162e-12
11 	 42 	 Ey 	 2 	 3.413366e-11 	 -1.185717e-11
11 	 43 	 Ey 	 2 	 -3.007708e-11 	 -1.636922e-11
11 	 44 	 Ey 	 2 	 -9.334841e-11 	 -1.981952e-11
11 	 45 	 Ey 	 2 	 -1.319067e-10 	 -2.057160e-11
11 	 46 	 Ey 	 2 	 -1.502274e-10 	 -2.037346e-11
11 	 47 	 Ey 	 2 	 -1.445161e-10 	 -2.027992e-11
11 	 48 	 Ey 	 2 	 -1.305347e-10 	 -1.822811e-11
11 	 49 	 Ey 	 2 	 4.668152e-11 	 2.387929e-12
11 	 50 	 Ey 	 2 	 6.114171e-11 	 3.221579e-12
11 	 51 	 Ey 	 2 	 7.749028e-11 	 3.248351e-12
11 	 52 	 Ey 	 2 	 9.855425e-11 	 2.445406e-12
11 	 53 	 Ey 	 2 	 1.257909e-10 	 -4.673670e-13
11 	 54 	 Ey 	 2 	 1.542790e-10 	 -4.092936e-12
11 	 55 	 Ey 	 2 	 1.772369e-10 	 -7.720601e-12
11 	 56 	 Ey 	 2 	 1.776708e-10 	 -1.197988e-11
11 	 57 	 Ey 	 2 	 1.351765e-10 	 -1.441683e-11
11 	 58 	 Ey 	 2 	 4.674890e-11 	 -1.851122e-11
11 	 59 	 Ey 	 2 	 -5.449468e-11 	 -2.532059e-11
11 	 60 	 Ey 	 2 	 -1.537332e-10 	 -3.084366e-11
11 	 61 	 Ey 	 2 	 -2.152477e-10 	 -3.001940e-11
11 	 62 	 Ey 	 2 	 -2.241508e-10 	 -2.799448e-11
11 	 63 	 Ey 	 2 	 -2.060243e-10 	 -2.470360e-11
11 	 64 	 Ey 	 2 	 -1.733350e-10 	 -2.101506e-11
11 	 65 	 Ey 	 2 	 4.797609e-11 	 1.371717e-12
11 	 66 	 Ey 	 2 	 6.315447e-11 	 1.331107e-12
11 	 67 	 Ey 	 2 	 8.331654e-11 	 5.288239e-13
11 	 68 	 Ey 	 2 	 1.091975e-10 	 -3.073465e-12
11 	 69 	 Ey 	 2 	 1.423283e-10 	 -9.708531e-12
11 	 70 	 Ey 	 2 	 1.895931e-10 	 -1.636098e-11
11 	 71 	 Ey 	 2 	 2.389834e-10 	 -2.086420e-11
11 	 72 	 Ey 	 2 	 2.669329e-10 	 -2.200133e-11
11 	 73 	 Ey 	 2 	 2.274287e-10 	 -2.061833e-11
11 	 74 	 Ey 	 2 	 9.015257e-11 	 -2.420003e-11
11 	 75 	 Ey 	 2 	 -8.529732e-11 	 -3.432624e-11
11 	 76 	 Ey 	 2 	 -2.618980e-10 	 -4.235241e-11
11 	 77 	 Ey 	 2 	 -3.521934e-10 	 -4.244988e-11
11 	 78 	 Ey 	 2 	 -3.477829e-10 	 -3.624248e-11
11 	 79 	 Ey 	 2 	 -2.950966e-10 	 -3.145672e-11
11 	 80 	 Ey 	 2 	 -2.313007e-10 	 -2.444837e-11
11 	 81 	 Ey 	 2 	 4.627499e-11 	 -4.435783e-14
11 	 82 	 Ey 	 2 	 6.207888e-11 	 -7.250136e-13
11 	 83 	 Ey 	 2 	 8.613586e-11 	 -3.056326e-12
11 	 84 	 Ey 	 2 	 1.187580e-10 	 -8.771934e-12
11 	 85 	 Ey 	 2 	 1.645515e-10 	 -1.883984e-11
11 	 86 	 Ey 	 2 	 2.374371e-10 	 -2.824835e-11
11 	 87 	 Ey 	 2 	 3.461679e-10 	 -3.276105e-11
11 	 88 	 Ey 	 2 	 4.427740e-10 	 -2.993888e-11
11 	 89 	 Ey 	 2 	 4.241212e-10 	 -2.202084e-11
11 	 90 	 Ey 	 2 	 1.977974e-10 	 -2.381201e-11
11 	 91 	 Ey 	 2 	 -1.402078e-10 	 -4.367206e-11
11 	 92 	 Ey 	 2 	 -5.075276e-10 	 -5.582481e-11
11 	 93 	 Ey 	 2 	 -6.054325e-10 	 -5.577378e-11
11 	 94 	 Ey 	 2 	 -5.419210e-10 	 -4.582230e-11
11 	 95 	 Ey 	 2 	 -4.089354e-10 	 -3.555366e-11
11 	 96 	 Ey 	 2 	 -2.964366e-10 	 -2.777178e-11
11 	 97 	 Ey 	 2 	 4.159947e-11 	 -9.045971e-13
11 	 98 	 Ey 	 2 	 5.872159e-11 	 -2.190047e-12
11 	 99 	 Ey 	 2 	 8.447325e-11 	 -5.239714e-12
11 	 100 	 Ey 	 2 	 1.225212e-10 	 -1.190910e-11
11 	 101 	 Ey 	 2 	 1.887041e-10 	 -2.298756e-11
11 	 102 	 Ey 	 2 	 3.188415e-10 	 -3.499525e-11
11 	 103 	 Ey 	 2 	 5.349616e-10 	 -3.720373e-11
11 	 104 	 Ey 	 2 	 8.174525e-10 	 -2.871658e-11
11 	 105 	 Ey 	 2 	 9.584412e-10 	 -1.114110e-11
11 	 106 	 Ey 	 2 	 5.541441e-10 	 -1.082520e-11
11 	 107 	 Ey 	 2 	 -3.097837e-10 	 -4.397837e-11
11 	 108 	 Ey 	 2 	 -1.009946e-09 	 -7.464239e-11
11 	 109 	 Ey 	 2 	 -1.078286e-09 	 -6.506724e-11
11 	 110 	 Ey 	 2 	 -8.200151e-10 	 -5.390692e-11
11 	 111 	 Ey 	 2 	 -5.595517e-10 	 -4.170075e-11
11 	 112 	 Ey 	 2 	 -3.588570e-10 	 -2.757075e-11
11 	 113 	 Ey 	 2 	 3.329570e-11 	 -2.099533e-12
11 	 114 	 Ey 	 2 	 4.987590e-11 	 -2.769324e-12
11 	 115 	 Ey 	 2 	 7.353429e-11 	 -5.325036e-12
11 	 116 	 Ey 	 2 	 1.146733e-10 	 -1.036450e-11
11 	 117 	 Ey 	 2 	 1.906307e-10 	 -2.118442e-11
11 	 118 	 Ey 	 2 	 3.715510e-10 	 -3.455871e-11
11 	 119 	 Ey 	 2 	 7.815500e-10 	 -3.084043e-11
11 	 120 	 Ey 	 2 	 1.504705e-09 	 -1.054491e-11
11 	 121 	 Ey 	 2 	 2.350466e-09 	 1.927983e-11
11 	 122 	 Ey 	 2 	 1.835335e-09 	 2.161937e-11
11 	 123 	 Ey 	 2 	 -7.161137e-10 	 -4.455479e-11
11 	 124 	 Ey 	 2 	 -2.501729e-09 	 -9.489794e-11
11 	 125 	 Ey 	 2 	 -2.046704e-09 	 -8.185587e-11
11 	 126 	 Ey 	 2 	 -1.208864e-09 	 -5.286469e-11
11 	 127 	 Ey 	 2 	 -6.729767e-10 	 -3.709105e-11
11 	 128 	 Ey 	 2 	 -3.827909e-10 	 -2.562672e-11
11 	 129 	 Ey 	 2 	 2.103022e-11 	 -2.863022e-12
11 	 130 	 Ey 	 2 	 3.227600e-11 	 -3.608684e-12
11 	 131 	 Ey 	 2 	 5.199905e-11 	 -4.377647e-12
11 	 132 	 Ey 	 2 	 8.722134e-11 	 -6.987930e-12
11 	 133 	 Ey 	 2 	 1.595021e-10 	 -1.315233e-11
11 	 134 	 Ey 	 2 	 3.539506e-10 	 -2.146328e-11
11 	 135 	 Ey 	 2 	 9.011989e-10 	 -1.672419e-11
11 	 136 	 Ey 	 2 	 2.283555e-09 	 4.671644e-12
11 	 137 	 Ey 	 2 	 5.595427e-09 	 5.552178e-11
11 	 138 	 Ey 	 2 	 7.909743e-09 	 5.766607e-11
11 	 139 	 Ey 	 2 	 -3.345803e-09 	 -3.055467e-11
11 	 140 	 Ey 	 2 	 -7.363263e-09 	 -1.027536e-10
11 	 141 	 Ey 	 2 	 -3.529671e-09 	 -7.582870e-11
11 	 142 	 Ey 	 2 	 -1.471664e-09 	 -4.455137e-11
11 	 143 	 Ey 	 2 	 -6.521725e-10 	 -2.313552e-11
11 	 144 	 Ey 	 2 	 -3.285237e-10 	 -1.689014e-11
11 	 145 	 Ey 	 2 	 3.410143e-12 	 -3.716090e-12
11 	 146 	 Ey 	 2 	 8.980520e-12 	 -3.195508e-12
11 	 147 	 Ey 	 2 	 1.781049e-11 	 -2.205458e-12
11 	 148 	 Ey 	 2 	 3.616818e-11 	 -5.395723e-13
11 	 149 	 Ey 	 2 	 6.901697e-11 	 -1.971964e-12
11 	 150 	 Ey 	 2 	 1.820181e-10 	 -1.550760e-12
11 	 151 	 Ey 	 2 	 5.362433e-10 	 5.491763e-13
11 	 152 	 Ey 	 2 	 1.829890e-09 	 1.770298e-11
11 	 153 	 Ey 	 2 	 8.328505e-09 	 5.412484e-11
11 	 154 	 Ey 	 2 	 6.957175e-08 	 -9.081771e-12
11 	 155 	 Ey 	 2 	 -2.815432e-08 	 5.101569e-11
11 	 156 	 Ey 	 2 	 -1.905329e-08 	 -2.880292e-11
11 	 157 	 Ey 	 2 	 -3.372229e-09 	 -2.919674e-11
11 	 158 	 Ey 	 2 	 -9.494633e-10 	 -1.319647e-11
11 	 159 	 Ey 	 2 	 -3.430808e-10 	 -3.167729e-12
11 	 160 	 Ey 	 2 	 -1.598410e-10 	 -3.237827e-12
11 	 161 	 Ey 	 2 	 -2.264121e-11 	 -4.313937e-12
11 	 162 	 Ey 	 2 	 -2.879150e-11 	 -3.156539e-12
11 	 163 	 Ey 	 2 	 -3.673638e-11 	 -4.856663e-14
11 	 164 	 Ey 	 2 	 -4.855273e-11 	 6.143171e-12
11 	 165 	 Ey 	 2 	 -7.307581e-11 	 1.602026e-11
11 	 166 	 Ey 	 2 	 -1.503618e-10 	 2.535643e-11
11 	 167 	 Ey 	 2 	 -3.663698e-10 	 2.440626e-11
11 	 168 	 Ey 	 2 	 -1.019343e-09 	 1.915251e-11
11 	 169 	 Ey 	 2 	 -4.536348e-09 	 1.762538e-11
11 	 170 	 Ey 	 2 	 -8.838152e-08 	 1.127835e-10
11 	 171 	 Ey 	 2 	 3.313428e-06 	 3.642079e-10
11 	 172 	 Ey 	 2 	 1.149590e-08 	 9.026255e-12
11 	 173 	 Ey 	 2 	 1.425512e-09 	 3.580562e-11
11 	 174 	 Ey 	 2 	 3.984304e-10 	 2.629636e-11
11 	 175 	 Ey 	 2 	 1.351318e-10 	 1.368853e-11
11 	 176 	 Ey 	 2 	 4.876821e-11 	 5.992768e-12
11 	 177 	 Ey 	 2 	 -3.232090e-11 	 -4.370582e-12
11 	 178 	 Ey 	 2 	 -4.556752e-11 	 -2.897281e-12
11 	 179 	 Ey 	 2 	 -6.350506e-11 	 9.821044e-13
11 	 180 	 Ey 	 2 	 -9.264963e-11 	 1.002877e-11
11 	 181 	 Ey 	 2 	 -1.551793e-10 	 2.699900e-11
11 	 182 	 Ey 	 2 	 -3.382740e-10 	 4.668269e-11
11 	 183 	 Ey 	 2 	 -8.730777e-10 	 5.204854e-11
11 	 184 	 Ey 	 2 	 -2.506831e-09 	 2.210160e-11
11 	 185 	 Ey 	 2 	 -8.030830e-09 	 -2.172014e-11
11 	 186 	 Ey 	 2 	 -1.965943e-08 	 -3.450139e-12
11 	 187 	 Ey 	 2 	 1.053720e-08 	 3.051951e-11
11 	 188 	 Ey 	 2 	 1.298319e-08 	 1.045307e-10
11 	 189 	 Ey 	 2 	 4.056792e-09 	 9.193344e-11
11 	 190 	 Ey 	 2 	 1.408736e-09 	 4.911817e-11
11 	 191 	 Ey 	 2 	 5.861959e-10 	 2.983449e-11
11 	 192 	 Ey 	 2 	 2.818267e-10 	 1.967741e-11
11 	 193 	 Ey 	 2 	 -4.708352e-11 	 -4.281843e-12
11 	 194 	 Ey 	 2 	 -6.594483e-11 	 -3.014926e-12
11 	 195 	 Ey 	 2 	 -9.676403e-11 	 6.617960e-13
11 	 196 	 Ey 	 2 	 -1.468056e-10 	 8.542137e-12
11 	 197 	 Ey 	 2 	 -2.332907e-10 	 2.586606e-11
11 	 198 	 Ey 	 2 	 -4.333406e-10 	 4.701019e-11
11 	 199 	 Ey 	 2 	 -9.130206e-10 	 5.470278e-11
11 	 200 	 Ey 	 2 	 -1.984818e-09 	 3.572176e-11
11 	 201 	 Ey 	 2 	 -3.720218e-09 	 1.445391e-12
11 	 202 	 Ey 	 2 	 -3.628716e-09 	 2.943267e-12
11 	 203 	 Ey 	 2 	 1.296978e-09 	 5.789209e-11
11 	 204 	 Ey 	 2 	 4.162887e-09 	 9.692316e-11
11 	 205 	 Ey 	 2 	 2.771207e-09 	 8.627232e-11
11 	 206 	 Ey 	 2 	 1.421845e-09 	 6.125660e-11
11 	 207 	 Ey 	 2 	 6.989561e-10 	 3.672034e-11
11 	 208 	 Ey 	 2 	 3.746102e-10 	 2.361579e-11
11 	 209 	 Ey 	 2 	 -5.725263e-11 	 -4.514595e-12
11 	 210 	 Ey 	 2 	 -7.987448e-11 	 -3.243121e-12
11 	 211 	 Ey 	 2 	 -1.133451e-10 	 5.028138e-13
11 	 212 	 Ey 	 2 	 -1.708215e-10 	 7.173919e-12
11 	 213 	 Ey 	 2 	 -2.603447e-10 	 1.933995e-11
11 	 214 	 Ey 	 2 	 -4.255112e-10 	 3.361895e-11
11 	 215 	 Ey 	 2 	 -7.078674e-10 	 4.363517e-11
11 	 216 	 Ey 	 2 	 -1.148760e-09 	 4.119410e-11
11 	 217 	 Ey 	 2 	 -1.474374e-09 	 2.709999e-11
11 	 218 	 Ey 	 2 	 -9.854781e-10 	 2.424460e-11
11 	 219 	 Ey 	 2 	 3.806449e-10 	 4.769337e-11
11 	 220 	 Ey 	 2 	 1.481322e-09 	 6.462268e-11
11 	 221 	 Ey 	 2 	 1.434971e-09 	 5.787280e-11
11 	 222 	 Ey 	 2 	 9.824357e-10 	 4.512117e-11
11 	 223 	 Ey 	 2 	 6.049208e-10 	 3.502112e-11
11 	 224 	 Ey 	 2 	 3.621561e-10 	 2.399012e-11
11 	 225 	 Ey 	 2 	 -6.128197e-11 	 -4.116766e-12
11 	 226 	 Ey 	 2 	 -8.547806e-11 	 -3.390113e-12
11 	 227 	 Ey 	 2 	 -1.204846e-10 	 -8.027592e-13
11 	 228 	 Ey 	 2 	 -1.684665e-10 	 4.317403e-12
11 	 229 	 Ey 	 2 	 -2.405259e-10 	 1.228400e-11
11 	 230 	 Ey 	 2 	 -3.437638e-10 	 2.017727e-11
11 	 231 	 Ey 	 2 	 -4.810610e-10 	 2.856250e-11
11 	 232 	 Ey 	 2 	 -6.275543e-10 	 3.149879e-11
11 	 233 	 Ey 	 2 	 -6.354279e-10 	 2.920525e-11
11 	 234 	 Ey 	 2 	 -3.447828e-10 	 2.794055e-11
11 	 235 	 Ey 	 2 	 1.718212e-10 	 3.295082e-11
11 	 236 	 Ey 	 2 	 6.142074e-10 	 3.903916e-11
11 	 237 	 Ey 	 2 	 7.092186e-10 	 3.799700e-11
11 	 238 	 Ey 	 2 	 5.975636e-10 	 3.411010e-11
11 	 239 	 Ey 	 2 	 4.447921e-10 	 2.923210e-11
11 	 240 	 Ey 	 2 	 3.035885e-10 	 2.195000e-11
11 	 241 	 Ey 	 2 	 -6.169586e-11 	 -3.691489e-12
11 	 242 	 Ey 	 2 	 -8.129727e-11 	 -2.716529e-12
11 	 243 	 Ey 	 2 	 -1.101049e-10 	 -1.159901e-12
11 	 244 	 Ey 	 2 	 -1.507477e-10 	 1.641410e-12
11 	 245 	 Ey 	 2 	 -1.976866e-10 	 5.930575e-12
11 	 246 	 Ey 	 2 	 -2.584796e-10 	 1.068015e-11
11 	 247 	 Ey 	 2 	 -3.208614e-10 	 1.575586e-11
11 	 248 	 Ey 	 2 	 -3.549114e-10 	 1.802632e-11
11 	 249 	 Ey 	 2 	 -3.080933e-10 	 1.957095e-11
11 	 250 	 Ey 	 2 	 -1.427826e-10 	 2.018546e-11
11 	 251 	 Ey 	 2 	 7.355924e-11 	 2.438101e-11
11 	 252 	 Ey 	 2 	 2.949569e-10 	 2.711613e-11
11 	 253 	 Ey 	 2 	 3.803968e-10 	 2.782215e-11
11 	 254 	 Ey 	 2 	 3.642422e-10 	 2.552373e-11
11 	 255 	 Ey 	 2 	 3.060808e-10 	 2.116442e-11
11 	 256 	 Ey 	 2 	 2.340169e-10 	 1.685439e-11
