iTx 	 iRx    chrec  ifreq 	 emf_real 	 emf_imag
7 	 1 	 Ex 	 1 	 3.122197e-11 	 2.060493e-11
7 	 2 	 Ex 	 1 	 3.451331e-11 	 2.441165e-11
7 	 3 	 Ex 	 1 	 3.771149e-11 	 2.900479e-11
7 	 4 	 Ex 	 1 	 3.882914e-11 	 3.431493e-11
7 	 5 	 Ex 	 1 	 2.936433e-11 	 4.138152e-11
7 	 6 	 Ex 	 1 	 3.015532e-12 	 5.049130e-11
7 	 7 	 Ex 	 1 	 -5.886674e-11 	 6.092967e-11
7 	 8 	 Ex 	 1 	 -1.658393e-10 	 7.152805e-11
7 	 9 	 Ex 	 1 	 -3.186727e-10 	 8.194961e-11
7 	 10 	 Ex 	 1 	 -4.384398e-10 	 8.658414e-11
7 	 11 	 Ex 	 1 	 -4.419122e-10 	 8.897445e-11
7 	 12 	 Ex 	 1 	 -3.659247e-10 	 8.622927e-11
7 	 13 	 Ex 	 1 	 -2.002184e-10 	 7.905652e-11
7 	 14 	 Ex 	 1 	 -6.744532e-11 	 7.212554e-11
7 	 15 	 Ex 	 1 	 2.092879e-11 	 6.145955e-11
7 	 16 	 Ex 	 1 	 5.528298e-11 	 5.381042e-11
7 	 17 	 Ex 	 1 	 4.775597e-11 	 2.275410e-11
7 	 18 	 Ex 	 1 	 5.868676e-11 	 2.654098e-11
7 	 19 	 Ex 	 1 	 7.124053e-11 	 3.160740e-11
7 	 20 	 Ex 	 1 	 8.542014e-11 	 3.862366e-11
7 	 21 	 Ex 	 1 	 9.229288e-11 	 4.682213e-11
7 	 22 	 Ex 	 1 	 8.367852e-11 	 5.790540e-11
7 	 23 	 Ex 	 1 	 3.465215e-11 	 7.411113e-11
7 	 24 	 Ex 	 1 	 -1.286257e-10 	 9.056434e-11
7 	 25 	 Ex 	 1 	 -4.337261e-10 	 1.075307e-10
7 	 26 	 Ex 	 1 	 -7.579065e-10 	 1.172831e-10
7 	 27 	 Ex 	 1 	 -7.930702e-10 	 1.182163e-10
7 	 28 	 Ex 	 1 	 -5.614221e-10 	 1.135280e-10
7 	 29 	 Ex 	 1 	 -2.123250e-10 	 1.032374e-10
7 	 30 	 Ex 	 1 	 2.513842e-11 	 9.043102e-11
7 	 31 	 Ex 	 1 	 1.310356e-10 	 7.493827e-11
7 	 32 	 Ex 	 1 	 1.431501e-10 	 6.388231e-11
7 	 33 	 Ex 	 1 	 6.415878e-11 	 2.480095e-11
7 	 34 	 Ex 	 1 	 8.382420e-11 	 2.927807e-11
7 	 35 	 Ex 	 1 	 1.079674e-10 	 3.434072e-11
7 	 36 	 Ex 	 1 	 1.422820e-10 	 4.102989e-11
7 	 37 	 Ex 	 1 	 1.861711e-10 	 5.105872e-11
7 	 38 	 Ex 	 1 	 2.374317e-10 	 6.582766e-11
7 	 39 	 Ex 	 1 	 2.718350e-10 	 8.978291e-11
7 	 40 	 Ex 	 1 	 1.155067e-10 	 1.183732e-10
7 	 41 	 Ex 	 1 	 -5.106470e-10 	 1.478838e-10
7 	 42 	 Ex 	 1 	 -1.467504e-09 	 1.593415e-10
7 	 43 	 Ex 	 1 	 -1.715403e-09 	 1.640961e-10
7 	 44 	 Ex 	 1 	 -8.911376e-10 	 1.536768e-10
7 	 45 	 Ex 	 1 	 -3.043321e-11 	 1.349166e-10
7 	 46 	 Ex 	 1 	 3.069147e-10 	 1.130062e-10
7 	 47 	 Ex 	 1 	 3.579440e-10 	 9.215860e-11
7 	 48 	 Ex 	 1 	 2.972741e-10 	 7.501213e-11
7 	 49 	 Ex 	 1 	 8.020695e-11 	 2.664184e-11
7 	 50 	 Ex 	 1 	 1.073428e-10 	 3.134404e-11
7 	 51 	 Ex 	 1 	 1.441189e-10 	 3.632420e-11
7 	 52 	 Ex 	 1 	 2.021519e-10 	 4.273405e-11
7 	 53 	 Ex 	 1 	 2.988371e-10 	 5.275758e-11
7 	 54 	 Ex 	 1 	 4.863053e-10 	 7.231595e-11
7 	 55 	 Ex 	 1 	 8.112276e-10 	 1.082050e-10
7 	 56 	 Ex 	 1 	 1.036160e-09 	 1.577488e-10
7 	 57 	 Ex 	 1 	 8.783215e-11 	 2.053248e-10
7 	 58 	 Ex 	 1 	 -3.392928e-09 	 2.358607e-10
7 	 59 	 Ex 	 1 	 -4.737625e-09 	 2.404868e-10
7 	 60 	 Ex 	 1 	 -1.086602e-09 	 2.188240e-10
7 	 61 	 Ex 	 1 	 8.694525e-10 	 1.812912e-10
7 	 62 	 Ex 	 1 	 1.013230e-09 	 1.418291e-10
7 	 63 	 Ex 	 1 	 7.451444e-10 	 1.105673e-10
7 	 64 	 Ex 	 1 	 5.017264e-10 	 8.574165e-11
7 	 65 	 Ex 	 1 	 9.170759e-11 	 2.783235e-11
7 	 66 	 Ex 	 1 	 1.241224e-10 	 3.266582e-11
7 	 67 	 Ex 	 1 	 1.744919e-10 	 3.839275e-11
7 	 68 	 Ex 	 1 	 2.438378e-10 	 4.224144e-11
7 	 69 	 Ex 	 1 	 4.020766e-10 	 5.192398e-11
7 	 70 	 Ex 	 1 	 7.872095e-10 	 7.642478e-11
7 	 71 	 Ex 	 1 	 1.622043e-09 	 1.255254e-10
7 	 72 	 Ex 	 1 	 3.288948e-09 	 2.070396e-10
7 	 73 	 Ex 	 1 	 4.801792e-09 	 2.922413e-10
7 	 74 	 Ex 	 1 	 -6.178285e-09 	 3.885701e-10
7 	 75 	 Ex 	 1 	 -1.976542e-08 	 4.357597e-10
7 	 76 	 Ex 	 1 	 3.363755e-09 	 3.231801e-10
7 	 77 	 Ex 	 1 	 4.009522e-09 	 2.411851e-10
7 	 78 	 Ex 	 1 	 2.232798e-09 	 1.719224e-10
7 	 79 	 Ex 	 1 	 1.259923e-09 	 1.275078e-10
7 	 80 	 Ex 	 1 	 7.131420e-10 	 9.356916e-11
7 	 81 	 Ex 	 1 	 9.905357e-11 	 2.908078e-11
7 	 82 	 Ex 	 1 	 1.341326e-10 	 3.391699e-11
7 	 83 	 Ex 	 1 	 1.872967e-10 	 3.902203e-11
7 	 84 	 Ex 	 1 	 2.704321e-10 	 4.234777e-11
7 	 85 	 Ex 	 1 	 4.656522e-10 	 5.030811e-11
7 	 86 	 Ex 	 1 	 9.729761e-10 	 7.593515e-11
7 	 87 	 Ex 	 1 	 2.307396e-09 	 1.393237e-10
7 	 88 	 Ex 	 1 	 5.793320e-09 	 2.421733e-10
7 	 89 	 Ex 	 1 	 1.786541e-08 	 3.748443e-10
7 	 90 	 Ex 	 1 	 2.037095e-07 	 7.469083e-10
7 	 91 	 Ex 	 1 	 -5.002618e-08 	 1.692428e-09
7 	 92 	 Ex 	 1 	 3.640481e-08 	 4.343398e-10
7 	 93 	 Ex 	 1 	 8.136823e-09 	 2.750611e-10
7 	 94 	 Ex 	 1 	 3.296745e-09 	 1.932247e-10
7 	 95 	 Ex 	 1 	 1.532355e-09 	 1.307632e-10
7 	 96 	 Ex 	 1 	 8.526463e-10 	 9.934113e-11
7 	 97 	 Ex 	 1 	 9.719771e-11 	 2.941968e-11
7 	 98 	 Ex 	 1 	 1.288961e-10 	 3.350538e-11
7 	 99 	 Ex 	 1 	 1.769587e-10 	 3.788752e-11
7 	 100 	 Ex 	 1 	 2.628140e-10 	 4.244239e-11
7 	 101 	 Ex 	 1 	 4.478011e-10 	 4.913330e-11
7 	 102 	 Ex 	 1 	 9.270182e-10 	 7.500845e-11
7 	 103 	 Ex 	 1 	 2.101237e-09 	 1.357928e-10
7 	 104 	 Ex 	 1 	 4.826600e-09 	 2.360352e-10
7 	 105 	 Ex 	 1 	 1.112832e-08 	 3.468416e-10
7 	 106 	 Ex 	 1 	 2.109094e-08 	 5.533877e-10
7 	 107 	 Ex 	 1 	 -6.734984e-08 	 7.681935e-10
7 	 108 	 Ex 	 1 	 1.684187e-08 	 3.940661e-10
7 	 109 	 Ex 	 1 	 6.369287e-09 	 2.664256e-10
7 	 110 	 Ex 	 1 	 2.899774e-09 	 1.873199e-10
7 	 111 	 Ex 	 1 	 1.471630e-09 	 1.332570e-10
7 	 112 	 Ex 	 1 	 8.348416e-10 	 1.001234e-10
7 	 113 	 Ex 	 1 	 8.981099e-11 	 2.895416e-11
7 	 114 	 Ex 	 1 	 1.186817e-10 	 3.366716e-11
7 	 115 	 Ex 	 1 	 1.565134e-10 	 3.724922e-11
7 	 116 	 Ex 	 1 	 2.160599e-10 	 4.037445e-11
7 	 117 	 Ex 	 1 	 3.487877e-10 	 4.641837e-11
7 	 118 	 Ex 	 1 	 6.588814e-10 	 6.842178e-11
7 	 119 	 Ex 	 1 	 1.266813e-09 	 1.176827e-10
7 	 120 	 Ex 	 1 	 2.120199e-09 	 1.965399e-10
7 	 121 	 Ex 	 1 	 1.600834e-09 	 2.655355e-10
7 	 122 	 Ex 	 1 	 -5.347701e-09 	 3.013273e-10
7 	 123 	 Ex 	 1 	 -9.638693e-09 	 3.029907e-10
7 	 124 	 Ex 	 1 	 -3.835169e-10 	 2.695567e-10
7 	 125 	 Ex 	 1 	 2.063143e-09 	 2.209153e-10
7 	 126 	 Ex 	 1 	 1.655468e-09 	 1.656094e-10
7 	 127 	 Ex 	 1 	 1.059154e-09 	 1.245141e-10
7 	 128 	 Ex 	 1 	 6.633450e-10 	 9.449903e-11
7 	 129 	 Ex 	 1 	 7.830295e-11 	 2.804908e-11
7 	 130 	 Ex 	 1 	 1.006715e-10 	 3.252399e-11
7 	 131 	 Ex 	 1 	 1.264410e-10 	 3.589537e-11
7 	 132 	 Ex 	 1 	 1.637395e-10 	 3.879816e-11
7 	 133 	 Ex 	 1 	 2.308085e-10 	 4.359375e-11
7 	 134 	 Ex 	 1 	 3.708694e-10 	 6.042276e-11
7 	 135 	 Ex 	 1 	 5.560309e-10 	 9.758050e-11
7 	 136 	 Ex 	 1 	 5.746210e-10 	 1.523716e-10
7 	 137 	 Ex 	 1 	 -4.024503e-10 	 1.903226e-10
7 	 138 	 Ex 	 1 	 -2.448368e-09 	 1.995544e-10
7 	 139 	 Ex 	 1 	 -2.993349e-09 	 1.892209e-10
7 	 140 	 Ex 	 1 	 -1.214895e-09 	 1.859322e-10
7 	 141 	 Ex 	 1 	 2.683508e-10 	 1.701363e-10
7 	 142 	 Ex 	 1 	 6.549254e-10 	 1.360417e-10
7 	 143 	 Ex 	 1 	 5.965258e-10 	 1.076987e-10
7 	 144 	 Ex 	 1 	 4.409547e-10 	 8.455024e-11
7 	 145 	 Ex 	 1 	 6.536576e-11 	 2.693673e-11
7 	 146 	 Ex 	 1 	 7.881748e-11 	 3.063064e-11
7 	 147 	 Ex 	 1 	 9.417790e-11 	 3.411733e-11
7 	 148 	 Ex 	 1 	 1.101421e-10 	 3.691782e-11
7 	 149 	 Ex 	 1 	 1.335918e-10 	 4.058094e-11
7 	 150 	 Ex 	 1 	 1.622411e-10 	 5.320889e-11
7 	 151 	 Ex 	 1 	 1.697730e-10 	 7.881344e-11
7 	 152 	 Ex 	 1 	 1.059551e-11 	 1.158260e-10
7 	 153 	 Ex 	 1 	 -5.310238e-10 	 1.384579e-10
7 	 154 	 Ex 	 1 	 -1.186108e-09 	 1.419211e-10
7 	 155 	 Ex 	 1 	 -1.320087e-09 	 1.385030e-10
7 	 156 	 Ex 	 1 	 -8.078895e-10 	 1.381697e-10
7 	 157 	 Ex 	 1 	 -1.591702e-10 	 1.294210e-10
7 	 158 	 Ex 	 1 	 1.869171e-10 	 1.095849e-10
7 	 159 	 Ex 	 1 	 2.736730e-10 	 8.955151e-11
7 	 160 	 Ex 	 1 	 2.513338e-10 	 7.234206e-11
7 	 161 	 Ex 	 1 	 5.126611e-11 	 2.510086e-11
7 	 162 	 Ex 	 1 	 5.956169e-11 	 2.873867e-11
7 	 163 	 Ex 	 1 	 6.847461e-11 	 3.271439e-11
7 	 164 	 Ex 	 1 	 7.071922e-11 	 3.468755e-11
7 	 165 	 Ex 	 1 	 6.515631e-11 	 3.720900e-11
7 	 166 	 Ex 	 1 	 5.643792e-11 	 4.519873e-11
7 	 167 	 Ex 	 1 	 5.224710e-12 	 6.299324e-11
7 	 168 	 Ex 	 1 	 -1.438360e-10 	 8.681233e-11
7 	 169 	 Ex 	 1 	 -4.272953e-10 	 1.042584e-10
7 	 170 	 Ex 	 1 	 -6.624406e-10 	 1.056202e-10
7 	 171 	 Ex 	 1 	 -6.871330e-10 	 1.072405e-10
7 	 172 	 Ex 	 1 	 -5.302628e-10 	 1.069361e-10
7 	 173 	 Ex 	 1 	 -2.277514e-10 	 1.002537e-10
7 	 174 	 Ex 	 1 	 -5.822557e-12 	 8.695570e-11
7 	 175 	 Ex 	 1 	 9.140928e-11 	 7.118706e-11
7 	 176 	 Ex 	 1 	 1.181028e-10 	 6.077425e-11
7 	 177 	 Ex 	 1 	 3.726885e-11 	 2.280708e-11
7 	 178 	 Ex 	 1 	 4.259110e-11 	 2.640445e-11
7 	 179 	 Ex 	 1 	 4.484970e-11 	 2.985479e-11
7 	 180 	 Ex 	 1 	 3.954805e-11 	 3.155602e-11
7 	 181 	 Ex 	 1 	 2.449249e-11 	 3.466982e-11
7 	 182 	 Ex 	 1 	 -4.002589e-12 	 4.006205e-11
7 	 183 	 Ex 	 1 	 -6.365362e-11 	 5.028420e-11
7 	 184 	 Ex 	 1 	 -1.690046e-10 	 6.591332e-11
7 	 185 	 Ex 	 1 	 -3.170148e-10 	 7.820967e-11
7 	 186 	 Ex 	 1 	 -4.246199e-10 	 8.212084e-11
7 	 187 	 Ex 	 1 	 -4.172079e-10 	 8.357918e-11
7 	 188 	 Ex 	 1 	 -3.442109e-10 	 8.292008e-11
7 	 189 	 Ex 	 1 	 -2.066303e-10 	 7.950041e-11
7 	 190 	 Ex 	 1 	 -7.927318e-11 	 6.899324e-11
7 	 191 	 Ex 	 1 	 4.983430e-12 	 5.944858e-11
7 	 192 	 Ex 	 1 	 4.528632e-11 	 5.118896e-11
7 	 193 	 Ex 	 1 	 2.503797e-11 	 2.065391e-11
7 	 194 	 Ex 	 1 	 2.716699e-11 	 2.379644e-11
7 	 195 	 Ex 	 1 	 2.564905e-11 	 2.654399e-11
7 	 196 	 Ex 	 1 	 1.882716e-11 	 2.846859e-11
7 	 197 	 Ex 	 1 	 -1.116018e-12 	 3.098626e-11
7 	 198 	 Ex 	 1 	 -3.246167e-11 	 3.448233e-11
7 	 199 	 Ex 	 1 	 -8.263403e-11 	 4.125483e-11
7 	 200 	 Ex 	 1 	 -1.555170e-10 	 5.108948e-11
7 	 201 	 Ex 	 1 	 -2.339164e-10 	 5.938326e-11
7 	 202 	 Ex 	 1 	 -2.859982e-10 	 6.361355e-11
7 	 203 	 Ex 	 1 	 -2.702847e-10 	 6.462846e-11
7 	 204 	 Ex 	 1 	 -2.401480e-10 	 6.403204e-11
7 	 205 	 Ex 	 1 	 -1.669019e-10 	 6.067057e-11
7 	 206 	 Ex 	 1 	 -9.225765e-11 	 5.437754e-11
7 	 207 	 Ex 	 1 	 -3.815914e-11 	 4.837786e-11
7 	 208 	 Ex 	 1 	 -2.118122e-12 	 4.234843e-11
7 	 209 	 Ex 	 1 	 1.457584e-11 	 1.816259e-11
7 	 210 	 Ex 	 1 	 1.405305e-11 	 2.082707e-11
7 	 211 	 Ex 	 1 	 9.674762e-12 	 2.289940e-11
7 	 212 	 Ex 	 1 	 5.436639e-13 	 2.497525e-11
7 	 213 	 Ex 	 1 	 -1.814138e-11 	 2.735738e-11
7 	 214 	 Ex 	 1 	 -4.467317e-11 	 2.995008e-11
7 	 215 	 Ex 	 1 	 -8.439793e-11 	 3.494723e-11
7 	 216 	 Ex 	 1 	 -1.311714e-10 	 4.067578e-11
7 	 217 	 Ex 	 1 	 -1.730401e-10 	 4.572869e-11
7 	 218 	 Ex 	 1 	 -2.036502e-10 	 4.978202e-11
7 	 219 	 Ex 	 1 	 -1.922340e-10 	 5.114354e-11
7 	 220 	 Ex 	 1 	 -1.754855e-10 	 4.997104e-11
7 	 221 	 Ex 	 1 	 -1.366158e-10 	 4.787009e-11
7 	 222 	 Ex 	 1 	 -9.263936e-11 	 4.396958e-11
7 	 223 	 Ex 	 1 	 -5.413202e-11 	 3.951712e-11
7 	 224 	 Ex 	 1 	 -2.556914e-11 	 3.509803e-11
7 	 225 	 Ex 	 1 	 5.538640e-12 	 1.590558e-11
7 	 226 	 Ex 	 1 	 3.674490e-12 	 1.770606e-11
7 	 227 	 Ex 	 1 	 -1.708074e-12 	 1.986952e-11
7 	 228 	 Ex 	 1 	 -1.205779e-11 	 2.190569e-11
7 	 229 	 Ex 	 1 	 -2.883820e-11 	 2.341724e-11
7 	 230 	 Ex 	 1 	 -4.869670e-11 	 2.556135e-11
7 	 231 	 Ex 	 1 	 -7.697665e-11 	 2.938486e-11
7 	 232 	 Ex 	 1 	 -1.063957e-10 	 3.263924e-11
7 	 233 	 Ex 	 1 	 -1.333299e-10 	 3.637047e-11
7 	 234 	 Ex 	 1 	 -1.509741e-10 	 3.922505e-11
7 	 235 	 Ex 	 1 	 -1.411055e-10 	 3.986913e-11
7 	 236 	 Ex 	 1 	 -1.358641e-10 	 3.963267e-11
7 	 237 	 Ex 	 1 	 -1.098293e-10 	 3.757424e-11
7 	 238 	 Ex 	 1 	 -8.114217e-11 	 3.522793e-11
7 	 239 	 Ex 	 1 	 -5.461757e-11 	 3.184101e-11
7 	 240 	 Ex 	 1 	 -3.563128e-11 	 2.921869e-11
7 	 241 	 Ex 	 1 	 -1.169560e-12 	 1.354846e-11
7 	 242 	 Ex 	 1 	 -5.067942e-12 	 1.530872e-11
7 	 243 	 Ex 	 1 	 -1.123153e-11 	 1.696378e-11
7 	 244 	 Ex 	 1 	 -2.042212e-11 	 1.861391e-11
7 	 245 	 Ex 	 1 	 -3.260936e-11 	 2.002002e-11
7 	 246 	 Ex 	 1 	 -4.823577e-11 	 2.210367e-11
7 	 247 	 Ex 	 1 	 -6.849581e-11 	 2.442870e-11
7 	 248 	 Ex 	 1 	 -8.680956e-11 	 2.662034e-11
7 	 249 	 Ex 	 1 	 -1.037330e-10 	 2.899465e-11
7 	 250 	 Ex 	 1 	 -1.124785e-10 	 3.032687e-11
7 	 251 	 Ex 	 1 	 -1.064693e-10 	 3.135669e-11
7 	 252 	 Ex 	 1 	 -1.064165e-10 	 3.129479e-11
7 	 253 	 Ex 	 1 	 -8.956767e-11 	 2.993313e-11
7 	 254 	 Ex 	 1 	 -7.281117e-11 	 2.872761e-11
7 	 255 	 Ex 	 1 	 -5.457657e-11 	 2.625443e-11
7 	 256 	 Ex 	 1 	 -4.056322e-11 	 2.437124e-11
7 	 1 	 Ex 	 2 	 5.507462e-12 	 1.125250e-11
7 	 2 	 Ex 	 2 	 1.833852e-12 	 1.721534e-11
7 	 3 	 Ex 	 2 	 -3.390731e-12 	 2.566997e-11
7 	 4 	 Ex 	 2 	 -1.187886e-11 	 3.772029e-11
7 	 5 	 Ex 	 2 	 -3.357114e-11 	 5.455593e-11
7 	 6 	 Ex 	 2 	 -7.492172e-11 	 7.716223e-11
7 	 7 	 Ex 	 2 	 -1.535229e-10 	 1.047886e-10
7 	 8 	 Ex 	 2 	 -2.768822e-10 	 1.333211e-10
7 	 9 	 Ex 	 2 	 -4.459833e-10 	 1.605222e-10
7 	 10 	 Ex 	 2 	 -5.730423e-10 	 1.736028e-10
7 	 11 	 Ex 	 2 	 -5.810541e-10 	 1.789820e-10
7 	 12 	 Ex 	 2 	 -5.007226e-10 	 1.720449e-10
7 	 13 	 Ex 	 2 	 -3.235105e-10 	 1.536884e-10
7 	 14 	 Ex 	 2 	 -1.804253e-10 	 1.329430e-10
7 	 15 	 Ex 	 2 	 -7.505221e-11 	 1.066104e-10
7 	 16 	 Ex 	 2 	 -2.853482e-11 	 8.454412e-11
7 	 17 	 Ex 	 2 	 1.811608e-11 	 1.483748e-11
7 	 18 	 Ex 	 2 	 2.188732e-11 	 2.209018e-11
7 	 19 	 Ex 	 2 	 2.543005e-11 	 3.238506e-11
7 	 20 	 Ex 	 2 	 2.744008e-11 	 4.860198e-11
7 	 21 	 Ex 	 2 	 2.063942e-11 	 7.106321e-11
7 	 22 	 Ex 	 2 	 -4.984156e-12 	 1.022041e-10
7 	 23 	 Ex 	 2 	 -7.721093e-11 	 1.485375e-10
7 	 24 	 Ex 	 2 	 -2.632302e-10 	 1.968727e-10
7 	 25 	 Ex 	 2 	 -5.914381e-10 	 2.457536e-10
7 	 26 	 Ex 	 2 	 -9.293192e-10 	 2.734706e-10
7 	 27 	 Ex 	 2 	 -9.668447e-10 	 2.751729e-10
7 	 28 	 Ex 	 2 	 -7.285583e-10 	 2.622345e-10
7 	 29 	 Ex 	 2 	 -3.657613e-10 	 2.320683e-10
7 	 30 	 Ex 	 2 	 -1.112013e-10 	 1.926855e-10
7 	 31 	 Ex 	 2 	 1.648938e-11 	 1.492535e-10
7 	 32 	 Ex 	 2 	 4.392230e-11 	 1.144315e-10
7 	 33 	 Ex 	 2 	 3.073574e-11 	 1.804501e-11
7 	 34 	 Ex 	 2 	 4.229827e-11 	 2.643892e-11
7 	 35 	 Ex 	 2 	 5.719361e-11 	 3.832518e-11
7 	 36 	 Ex 	 2 	 8.015073e-11 	 5.653427e-11
7 	 37 	 Ex 	 2 	 1.083005e-10 	 8.590090e-11
7 	 38 	 Ex 	 2 	 1.387520e-10 	 1.306660e-10
7 	 39 	 Ex 	 2 	 1.424198e-10 	 2.042430e-10
7 	 40 	 Ex 	 2 	 -4.774309e-11 	 2.942099e-10
7 	 41 	 Ex 	 2 	 -7.078228e-10 	 3.859638e-10
7 	 42 	 Ex 	 2 	 -1.676980e-09 	 4.236063e-10
7 	 43 	 Ex 	 2 	 -1.932900e-09 	 4.348072e-10
7 	 44 	 Ex 	 2 	 -1.095873e-09 	 4.035033e-10
7 	 45 	 Ex 	 2 	 -2.144501e-10 	 3.443600e-10
7 	 46 	 Ex 	 2 	 1.466754e-10 	 2.721057e-10
7 	 47 	 Ex 	 2 	 2.220789e-10 	 2.047730e-10
7 	 48 	 Ex 	 2 	 1.832864e-10 	 1.509400e-10
7 	 49 	 Ex 	 2 	 4.339394e-11 	 2.092691e-11
7 	 50 	 Ex 	 2 	 6.194461e-11 	 3.003405e-11
7 	 51 	 Ex 	 2 	 8.966494e-11 	 4.220097e-11
7 	 52 	 Ex 	 2 	 1.369465e-10 	 6.123460e-11
7 	 53 	 Ex 	 2 	 2.189184e-10 	 9.416105e-11
7 	 54 	 Ex 	 2 	 3.815026e-10 	 1.578226e-10
7 	 55 	 Ex 	 2 	 6.655217e-10 	 2.744122e-10
7 	 56 	 Ex 	 2 	 8.404281e-10 	 4.384164e-10
7 	 57 	 Ex 	 2 	 -1.499467e-10 	 5.991404e-10
7 	 58 	 Ex 	 2 	 -3.653566e-09 	 7.044913e-10
7 	 59 	 Ex 	 2 	 -5.002255e-09 	 7.190451e-10
7 	 60 	 Ex 	 2 	 -1.335131e-09 	 6.441711e-10
7 	 61 	 Ex 	 2 	 6.495038e-10 	 5.124967e-10
7 	 62 	 Ex 	 2 	 8.277834e-10 	 3.764008e-10
7 	 63 	 Ex 	 2 	 5.898989e-10 	 2.693535e-10
7 	 64 	 Ex 	 2 	 3.751963e-10 	 1.883796e-10
7 	 65 	 Ex 	 2 	 5.254443e-11 	 2.280191e-11
7 	 66 	 Ex 	 2 	 7.602856e-11 	 3.223697e-11
7 	 67 	 Ex 	 2 	 1.162399e-10 	 4.503792e-11
7 	 68 	 Ex 	 2 	 1.787103e-10 	 5.992911e-11
7 	 69 	 Ex 	 2 	 3.234913e-10 	 9.449837e-11
7 	 70 	 Ex 	 2 	 6.800034e-10 	 1.780880e-10
7 	 71 	 Ex 	 2 	 1.464813e-09 	 3.453866e-10
7 	 72 	 Ex 	 2 	 3.059484e-09 	 6.221874e-10
7 	 73 	 Ex 	 2 	 4.518968e-09 	 9.291850e-10
7 	 74 	 Ex 	 2 	 -6.487589e-09 	 1.298747e-09
7 	 75 	 Ex 	 2 	 -2.007732e-08 	 1.485699e-09
7 	 76 	 Ex 	 2 	 3.072243e-09 	 1.046307e-09
7 	 77 	 Ex 	 2 	 3.752977e-09 	 7.358952e-10
7 	 78 	 Ex 	 2 	 2.025142e-09 	 4.883768e-10
7 	 79 	 Ex 	 2 	 1.089983e-09 	 3.317744e-10
7 	 80 	 Ex 	 2 	 5.789266e-10 	 2.183501e-10
7 	 81 	 Ex 	 2 	 5.771484e-11 	 2.416515e-11
7 	 82 	 Ex 	 2 	 8.370066e-11 	 3.361376e-11
7 	 83 	 Ex 	 2 	 1.275973e-10 	 4.487301e-11
7 	 84 	 Ex 	 2 	 2.044138e-10 	 5.824297e-11
7 	 85 	 Ex 	 2 	 3.893875e-10 	 9.158082e-11
7 	 86 	 Ex 	 2 	 8.685945e-10 	 1.830574e-10
7 	 87 	 Ex 	 2 	 2.140429e-09 	 3.997519e-10
7 	 88 	 Ex 	 2 	 5.542653e-09 	 7.561045e-10
7 	 89 	 Ex 	 2 	 1.754642e-08 	 1.245887e-09
7 	 90 	 Ex 	 2 	 2.033371e-07 	 2.733043e-09
7 	 91 	 Ex 	 2 	 -5.038486e-08 	 6.503320e-09
7 	 92 	 Ex 	 2 	 3.608079e-08 	 1.483737e-09
7 	 93 	 Ex 	 2 	 7.864345e-09 	 8.672972e-10
7 	 94 	 Ex 	 2 	 3.073797e-09 	 5.666623e-10
7 	 95 	 Ex 	 2 	 1.362737e-09 	 3.508691e-10
7 	 96 	 Ex 	 2 	 7.126510e-10 	 2.392641e-10
7 	 97 	 Ex 	 2 	 5.524191e-11 	 2.457320e-11
7 	 98 	 Ex 	 2 	 7.903049e-11 	 3.244386e-11
7 	 99 	 Ex 	 2 	 1.187752e-10 	 4.207431e-11
7 	 100 	 Ex 	 2 	 1.965851e-10 	 5.660001e-11
7 	 101 	 Ex 	 2 	 3.733202e-10 	 8.899944e-11
7 	 102 	 Ex 	 2 	 8.242880e-10 	 1.818139e-10
7 	 103 	 Ex 	 2 	 1.937653e-09 	 3.894676e-10
7 	 104 	 Ex 	 2 	 4.576361e-09 	 7.320010e-10
7 	 105 	 Ex 	 2 	 1.081293e-08 	 1.132441e-09
7 	 106 	 Ex 	 2 	 2.074922e-08 	 1.949377e-09
7 	 107 	 Ex 	 2 	 -6.768652e-08 	 2.806463e-09
7 	 108 	 Ex 	 2 	 1.652103e-08 	 1.316902e-09
7 	 109 	 Ex 	 2 	 6.096696e-09 	 8.302494e-10
7 	 110 	 Ex 	 2 	 2.680554e-09 	 5.455080e-10
7 	 111 	 Ex 	 2 	 1.297834e-09 	 3.563803e-10
7 	 112 	 Ex 	 2 	 6.937441e-10 	 2.419019e-10
7 	 113 	 Ex 	 2 	 4.859480e-11 	 2.395506e-11
7 	 114 	 Ex 	 2 	 6.880319e-11 	 3.199212e-11
7 	 115 	 Ex 	 2 	 9.962402e-11 	 4.039878e-11
7 	 116 	 Ex 	 2 	 1.532686e-10 	 5.232539e-11
7 	 117 	 Ex 	 2 	 2.783538e-10 	 8.179524e-11
7 	 118 	 Ex 	 2 	 5.633126e-10 	 1.615264e-10
7 	 119 	 Ex 	 2 	 1.117471e-09 	 3.245468e-10
7 	 120 	 Ex 	 2 	 1.890749e-09 	 5.808628e-10
7 	 121 	 Ex 	 2 	 1.311004e-09 	 8.087531e-10
7 	 122 	 Ex 	 2 	 -5.653813e-09 	 9.378776e-10
7 	 123 	 Ex 	 2 	 -9.936709e-09 	 9.511438e-10
7 	 124 	 Ex 	 2 	 -6.698053e-10 	 8.241962e-10
7 	 125 	 Ex 	 2 	 1.808039e-09 	 6.496328e-10
7 	 126 	 Ex 	 2 	 1.448830e-09 	 4.625309e-10
7 	 127 	 Ex 	 2 	 8.912722e-10 	 3.220945e-10
7 	 128 	 Ex 	 2 	 5.278435e-10 	 2.223766e-10
7 	 129 	 Ex 	 2 	 3.877685e-11 	 2.273481e-11
7 	 130 	 Ex 	 2 	 5.307678e-11 	 3.020187e-11
7 	 131 	 Ex 	 2 	 7.232027e-11 	 3.804776e-11
7 	 132 	 Ex 	 2 	 1.041029e-10 	 4.922868e-11
7 	 133 	 Ex 	 2 	 1.647162e-10 	 7.389659e-11
7 	 134 	 Ex 	 2 	 2.838269e-10 	 1.342372e-10
7 	 135 	 Ex 	 2 	 4.231492e-10 	 2.507040e-10
7 	 136 	 Ex 	 2 	 3.744667e-10 	 4.140192e-10
7 	 137 	 Ex 	 2 	 -6.514332e-10 	 5.211715e-10
7 	 138 	 Ex 	 2 	 -2.712627e-09 	 5.418311e-10
7 	 139 	 Ex 	 2 	 -3.245871e-09 	 5.100418e-10
7 	 140 	 Ex 	 2 	 -1.460092e-09 	 5.032451e-10
7 	 141 	 Ex 	 2 	 4.336346e-11 	 4.558527e-10
7 	 142 	 Ex 	 2 	 4.701004e-10 	 3.520549e-10
7 	 143 	 Ex 	 2 	 4.439087e-10 	 2.619033e-10
7 	 144 	 Ex 	 2 	 3.161393e-10 	 1.882269e-10
7 	 145 	 Ex 	 2 	 2.816442e-11 	 2.118760e-11
7 	 146 	 Ex 	 2 	 3.471413e-11 	 2.790975e-11
7 	 147 	 Ex 	 2 	 4.362830e-11 	 3.559072e-11
7 	 148 	 Ex 	 2 	 5.446427e-11 	 4.574814e-11
7 	 149 	 Ex 	 2 	 7.224434e-11 	 6.523463e-11
7 	 150 	 Ex 	 2 	 8.341935e-11 	 1.083764e-10
7 	 151 	 Ex 	 2 	 5.502357e-11 	 1.830607e-10
7 	 152 	 Ex 	 2 	 -1.582004e-10 	 2.800868e-10
7 	 153 	 Ex 	 2 	 -7.366184e-10 	 3.332773e-10
7 	 154 	 Ex 	 2 	 -1.401744e-09 	 3.350480e-10
7 	 155 	 Ex 	 2 	 -1.532419e-09 	 3.237113e-10
7 	 156 	 Ex 	 2 	 -1.015394e-09 	 3.275425e-10
7 	 157 	 Ex 	 2 	 -3.495963e-10 	 3.093520e-10
7 	 158 	 Ex 	 2 	 2.597361e-11 	 2.566643e-10
7 	 159 	 Ex 	 2 	 1.402985e-10 	 1.994235e-10
7 	 160 	 Ex 	 2 	 1.413690e-10 	 1.480808e-10
7 	 161 	 Ex 	 2 	 1.750083e-11 	 1.897928e-11
7 	 162 	 Ex 	 2 	 1.911799e-11 	 2.550992e-11
7 	 163 	 Ex 	 2 	 2.109644e-11 	 3.339256e-11
7 	 164 	 Ex 	 2 	 1.942056e-11 	 4.184079e-11
7 	 165 	 Ex 	 2 	 9.438955e-12 	 5.587170e-11
7 	 166 	 Ex 	 2 	 -1.147851e-11 	 8.220537e-11
7 	 167 	 Ex 	 2 	 -9.119799e-11 	 1.283899e-10
7 	 168 	 Ex 	 2 	 -2.797579e-10 	 1.814076e-10
7 	 169 	 Ex 	 2 	 -5.954303e-10 	 2.149307e-10
7 	 170 	 Ex 	 2 	 -8.358328e-10 	 2.140049e-10
7 	 171 	 Ex 	 2 	 -8.632596e-10 	 2.175594e-10
7 	 172 	 Ex 	 2 	 -7.036052e-10 	 2.201527e-10
7 	 173 	 Ex 	 2 	 -3.863334e-10 	 2.089665e-10
7 	 174 	 Ex 	 2 	 -1.414531e-10 	 1.795159e-10
7 	 175 	 Ex 	 2 	 -1.925874e-11 	 1.413536e-10
7 	 176 	 Ex 	 2 	 2.339832e-11 	 1.110566e-10
7 	 177 	 Ex 	 2 	 7.634116e-12 	 1.623173e-11
7 	 178 	 Ex 	 2 	 6.616484e-12 	 2.210685e-11
7 	 179 	 Ex 	 2 	 2.779182e-12 	 2.922664e-11
7 	 180 	 Ex 	 2 	 -6.068698e-12 	 3.635788e-11
7 	 181 	 Ex 	 2 	 -2.668888e-11 	 4.733056e-11
7 	 182 	 Ex 	 2 	 -6.479603e-11 	 6.318706e-11
7 	 183 	 Ex 	 2 	 -1.430218e-10 	 8.604272e-11
7 	 184 	 Ex 	 2 	 -2.766180e-10 	 1.153624e-10
7 	 185 	 Ex 	 2 	 -4.484352e-10 	 1.356043e-10
7 	 186 	 Ex 	 2 	 -5.648309e-10 	 1.406208e-10
7 	 187 	 Ex 	 2 	 -5.599040e-10 	 1.441585e-10
7 	 188 	 Ex 	 2 	 -4.835093e-10 	 1.467596e-10
7 	 189 	 Ex 	 2 	 -3.376802e-10 	 1.425778e-10
7 	 190 	 Ex 	 2 	 -1.910992e-10 	 1.221347e-10
7 	 191 	 Ex 	 2 	 -9.004440e-11 	 1.013320e-10
7 	 192 	 Ex 	 2 	 -3.544686e-11 	 8.162340e-11
7 	 193 	 Ex 	 2 	 -6.488941e-13 	 1.334525e-11
7 	 194 	 Ex 	 2 	 -3.953878e-12 	 1.823698e-11
7 	 195 	 Ex 	 2 	 -1.053813e-11 	 2.397597e-11
7 	 196 	 Ex 	 2 	 -2.123426e-11 	 2.992824e-11
7 	 197 	 Ex 	 2 	 -4.614123e-11 	 3.691574e-11
7 	 198 	 Ex 	 2 	 -8.462649e-11 	 4.511742e-11
7 	 199 	 Ex 	 2 	 -1.479933e-10 	 5.717224e-11
7 	 200 	 Ex 	 2 	 -2.399205e-10 	 7.264799e-11
7 	 201 	 Ex 	 2 	 -3.348209e-10 	 8.469198e-11
7 	 202 	 Ex 	 2 	 -3.958143e-10 	 9.021280e-11
7 	 203 	 Ex 	 2 	 -3.818819e-10 	 9.268916e-11
7 	 204 	 Ex 	 2 	 -3.492173e-10 	 9.470543e-11
7 	 205 	 Ex 	 2 	 -2.684205e-10 	 9.124626e-11
7 	 206 	 Ex 	 2 	 -1.815127e-10 	 8.093402e-11
7 	 207 	 Ex 	 2 	 -1.162312e-10 	 6.865088e-11
7 	 208 	 Ex 	 2 	 -6.896655e-11 	 5.617862e-11
7 	 209 	 Ex 	 2 	 -6.797556e-12 	 1.024615e-11
7 	 210 	 Ex 	 2 	 -1.182877e-11 	 1.405007e-11
7 	 211 	 Ex 	 2 	 -2.016338e-11 	 1.808425e-11
7 	 212 	 Ex 	 2 	 -3.332934e-11 	 2.230350e-11
7 	 213 	 Ex 	 2 	 -5.687776e-11 	 2.667243e-11
7 	 214 	 Ex 	 2 	 -8.900990e-11 	 3.101804e-11
7 	 215 	 Ex 	 2 	 -1.388624e-10 	 3.806448e-11
7 	 216 	 Ex 	 2 	 -1.974237e-10 	 4.552110e-11
7 	 217 	 Ex 	 2 	 -2.496748e-10 	 5.201286e-11
7 	 218 	 Ex 	 2 	 -2.885781e-10 	 5.658460e-11
7 	 219 	 Ex 	 2 	 -2.797970e-10 	 5.864449e-11
7 	 220 	 Ex 	 2 	 -2.600424e-10 	 5.955759e-11
7 	 221 	 Ex 	 2 	 -2.163741e-10 	 5.811825e-11
7 	 222 	 Ex 	 2 	 -1.643620e-10 	 5.285910e-11
7 	 223 	 Ex 	 2 	 -1.171150e-10 	 4.516666e-11
7 	 224 	 Ex 	 2 	 -8.003014e-11 	 3.732425e-11
7 	 225 	 Ex 	 2 	 -1.183089e-11 	 7.325015e-12
7 	 226 	 Ex 	 2 	 -1.704649e-11 	 9.999238e-12
7 	 227 	 Ex 	 2 	 -2.617626e-11 	 1.270172e-11
7 	 228 	 Ex 	 2 	 -4.034493e-11 	 1.532571e-11
7 	 229 	 Ex 	 2 	 -6.070067e-11 	 1.744479e-11
7 	 230 	 Ex 	 2 	 -8.514155e-11 	 2.007199e-11
7 	 231 	 Ex 	 2 	 -1.209376e-10 	 2.410418e-11
7 	 232 	 Ex 	 2 	 -1.575107e-10 	 2.741287e-11
7 	 233 	 Ex 	 2 	 -1.922473e-10 	 3.114567e-11
7 	 234 	 Ex 	 2 	 -2.157712e-10 	 3.402342e-11
7 	 235 	 Ex 	 2 	 -2.072862e-10 	 3.484593e-11
7 	 236 	 Ex 	 2 	 -2.010864e-10 	 3.584485e-11
7 	 237 	 Ex 	 2 	 -1.706943e-10 	 3.500077e-11
7 	 238 	 Ex 	 2 	 -1.369161e-10 	 3.293095e-11
7 	 239 	 Ex 	 2 	 -1.035918e-10 	 2.878656e-11
7 	 240 	 Ex 	 2 	 -7.924668e-11 	 2.387233e-11
7 	 241 	 Ex 	 2 	 -1.469061e-11 	 4.655945e-12
7 	 242 	 Ex 	 2 	 -2.149977e-11 	 6.195590e-12
7 	 243 	 Ex 	 2 	 -3.050608e-11 	 7.606701e-12
7 	 244 	 Ex 	 2 	 -4.286682e-11 	 9.179262e-12
7 	 245 	 Ex 	 2 	 -5.814860e-11 	 1.061524e-11
7 	 246 	 Ex 	 2 	 -7.790290e-11 	 1.223946e-11
7 	 247 	 Ex 	 2 	 -1.031218e-10 	 1.382150e-11
7 	 248 	 Ex 	 2 	 -1.261665e-10 	 1.557006e-11
7 	 249 	 Ex 	 2 	 -1.480701e-10 	 1.738882e-11
7 	 250 	 Ex 	 2 	 -1.597994e-10 	 1.856871e-11
7 	 251 	 Ex 	 2 	 -1.557817e-10 	 1.955413e-11
7 	 252 	 Ex 	 2 	 -1.553526e-10 	 2.006954e-11
7 	 253 	 Ex 	 2 	 -1.355599e-10 	 1.980451e-11
7 	 254 	 Ex 	 2 	 -1.160201e-10 	 1.899953e-11
7 	 255 	 Ex 	 2 	 -9.289571e-11 	 1.681936e-11
7 	 256 	 Ex 	 2 	 -7.476421e-11 	 1.409897e-11
7 	 1 	 Ey 	 1 	 5.993808e-11 	 -8.530136e-13
7 	 2 	 Ey 	 1 	 7.962231e-11 	 -1.946148e-12
7 	 3 	 Ey 	 1 	 1.056478e-10 	 -3.090193e-12
7 	 4 	 Ey 	 1 	 1.397664e-10 	 -4.569785e-12
7 	 5 	 Ey 	 1 	 1.838150e-10 	 -7.246687e-12
7 	 6 	 Ey 	 1 	 2.404683e-10 	 -1.004831e-11
7 	 7 	 Ey 	 1 	 2.965613e-10 	 -1.225092e-11
7 	 8 	 Ey 	 1 	 3.279015e-10 	 -1.341670e-11
7 	 9 	 Ey 	 1 	 2.801731e-10 	 -1.320127e-11
7 	 10 	 Ey 	 1 	 1.193030e-10 	 -1.232898e-11
7 	 11 	 Ey 	 1 	 -9.339044e-11 	 -1.163913e-11
7 	 12 	 Ey 	 1 	 -3.101920e-10 	 -1.064421e-11
7 	 13 	 Ey 	 1 	 -3.950029e-10 	 -9.649924e-12
7 	 14 	 Ey 	 1 	 -3.745341e-10 	 -7.755606e-12
7 	 15 	 Ey 	 1 	 -3.120358e-10 	 -7.619671e-12
7 	 16 	 Ey 	 1 	 -2.425826e-10 	 -5.268065e-12
7 	 17 	 Ey 	 1 	 6.123677e-11 	 -3.336201e-13
7 	 18 	 Ey 	 1 	 8.338221e-11 	 -8.897175e-13
7 	 19 	 Ey 	 1 	 1.141447e-10 	 -2.571569e-12
7 	 20 	 Ey 	 1 	 1.598747e-10 	 -5.249503e-12
7 	 21 	 Ey 	 1 	 2.254415e-10 	 -9.322167e-12
7 	 22 	 Ey 	 1 	 3.185982e-10 	 -1.343230e-11
7 	 23 	 Ey 	 1 	 4.503352e-10 	 -1.661825e-11
7 	 24 	 Ey 	 1 	 5.909118e-10 	 -1.881692e-11
7 	 25 	 Ey 	 1 	 5.988305e-10 	 -1.788730e-11
7 	 26 	 Ey 	 1 	 3.105785e-10 	 -1.583621e-11
7 	 27 	 Ey 	 1 	 -2.002448e-10 	 -1.478538e-11
7 	 28 	 Ey 	 1 	 -6.403315e-10 	 -1.431228e-11
7 	 29 	 Ey 	 1 	 -7.270382e-10 	 -1.157703e-11
7 	 30 	 Ey 	 1 	 -6.161229e-10 	 -9.448993e-12
7 	 31 	 Ey 	 1 	 -4.578114e-10 	 -9.227841e-12
7 	 32 	 Ey 	 1 	 -3.119906e-10 	 -5.571466e-12
7 	 33 	 Ey 	 1 	 5.546407e-11 	 -4.529061e-13
7 	 34 	 Ey 	 1 	 7.879273e-11 	 -8.805482e-13
7 	 35 	 Ey 	 1 	 1.098674e-10 	 -2.450271e-12
7 	 36 	 Ey 	 1 	 1.601174e-10 	 -5.210986e-12
7 	 37 	 Ey 	 1 	 2.402740e-10 	 -1.085918e-11
7 	 38 	 Ey 	 1 	 3.924676e-10 	 -1.792839e-11
7 	 39 	 Ey 	 1 	 6.729078e-10 	 -2.249531e-11
7 	 40 	 Ey 	 1 	 1.107923e-09 	 -2.252014e-11
7 	 41 	 Ey 	 1 	 1.442576e-09 	 -1.832414e-11
7 	 42 	 Ey 	 1 	 9.414887e-10 	 -1.673664e-11
7 	 43 	 Ey 	 1 	 -4.508827e-10 	 -1.864164e-11
7 	 44 	 Ey 	 1 	 -1.523211e-09 	 -2.092506e-11
7 	 45 	 Ey 	 1 	 -1.431912e-09 	 -1.750052e-11
7 	 46 	 Ey 	 1 	 -9.876280e-10 	 -1.258287e-11
7 	 47 	 Ey 	 1 	 -6.131482e-10 	 -1.039366e-11
7 	 48 	 Ey 	 1 	 -3.715239e-10 	 -6.665067e-12
7 	 49 	 Ey 	 1 	 4.607235e-11 	 -1.656988e-13
7 	 50 	 Ey 	 1 	 6.612265e-11 	 -6.273180e-13
7 	 51 	 Ey 	 1 	 9.282253e-11 	 -2.083294e-12
7 	 52 	 Ey 	 1 	 1.368231e-10 	 -5.148425e-12
7 	 53 	 Ey 	 1 	 2.152530e-10 	 -1.213300e-11
7 	 54 	 Ey 	 1 	 4.023500e-10 	 -2.058520e-11
7 	 55 	 Ey 	 1 	 8.847703e-10 	 -2.477862e-11
7 	 56 	 Ey 	 1 	 1.946451e-09 	 -2.183995e-11
7 	 57 	 Ey 	 1 	 3.646664e-09 	 -1.189824e-11
7 	 58 	 Ey 	 1 	 3.573204e-09 	 -8.921134e-12
7 	 59 	 Ey 	 1 	 -1.473352e-09 	 -2.206257e-11
7 	 60 	 Ey 	 1 	 -4.252820e-09 	 -3.253873e-11
7 	 61 	 Ey 	 1 	 -2.797684e-09 	 -2.426473e-11
7 	 62 	 Ey 	 1 	 -1.400612e-09 	 -1.627366e-11
7 	 63 	 Ey 	 1 	 -6.994944e-10 	 -9.231462e-12
7 	 64 	 Ey 	 1 	 -3.686201e-10 	 -5.604853e-12
7 	 65 	 Ey 	 1 	 3.248041e-11 	 2.158897e-13
7 	 66 	 Ey 	 1 	 4.377780e-11 	 -5.125567e-13
7 	 67 	 Ey 	 1 	 6.133047e-11 	 -1.698612e-12
7 	 68 	 Ey 	 1 	 8.472344e-11 	 -5.230646e-12
7 	 69 	 Ey 	 1 	 1.372254e-10 	 -1.163192e-11
7 	 70 	 Ey 	 1 	 3.077596e-10 	 -1.930087e-11
7 	 71 	 Ey 	 1 	 8.370795e-10 	 -2.334736e-11
7 	 72 	 Ey 	 1 	 2.464958e-09 	 -1.796824e-11
7 	 73 	 Ey 	 1 	 8.000637e-09 	 -5.329474e-12
7 	 74 	 Ey 	 1 	 1.948260e-08 	 -9.190416e-12
7 	 75 	 Ey 	 1 	 -1.065499e-08 	 -1.640907e-11
7 	 76 	 Ey 	 1 	 -1.282158e-08 	 -3.146920e-11
7 	 77 	 Ey 	 1 	 -4.055224e-09 	 -2.694729e-11
7 	 78 	 Ey 	 1 	 -1.429305e-09 	 -1.447066e-11
7 	 79 	 Ey 	 1 	 -5.984110e-10 	 -8.982952e-12
7 	 80 	 Ey 	 1 	 -2.784343e-10 	 -4.590760e-12
7 	 81 	 Ey 	 1 	 2.276514e-11 	 6.154763e-14
7 	 82 	 Ey 	 1 	 2.790226e-11 	 -3.731593e-13
7 	 83 	 Ey 	 1 	 3.228044e-11 	 -1.804710e-12
7 	 84 	 Ey 	 1 	 3.974394e-11 	 -4.349766e-12
7 	 85 	 Ey 	 1 	 5.728736e-11 	 -8.254667e-12
7 	 86 	 Ey 	 1 	 1.260859e-10 	 -1.227511e-11
7 	 87 	 Ey 	 1 	 3.330067e-10 	 -1.443304e-11
7 	 88 	 Ey 	 1 	 9.618872e-10 	 -1.463607e-11
7 	 89 	 Ey 	 1 	 4.561090e-09 	 -1.143032e-11
7 	 90 	 Ey 	 1 	 8.503816e-08 	 -3.502917e-11
7 	 91 	 Ey 	 1 	 -3.323987e-06 	 -7.587781e-11
7 	 92 	 Ey 	 1 	 -1.195267e-08 	 -8.423318e-12
7 	 93 	 Ey 	 1 	 -1.434689e-09 	 -1.272506e-11
7 	 94 	 Ey 	 1 	 -3.874815e-10 	 -7.676240e-12
7 	 95 	 Ey 	 1 	 -1.388871e-10 	 -5.079476e-12
7 	 96 	 Ey 	 1 	 -6.184984e-11 	 -3.492208e-12
7 	 97 	 Ey 	 1 	 -3.812771e-12 	 -2.747001e-13
7 	 98 	 Ey 	 1 	 -9.812009e-12 	 -6.531359e-13
7 	 99 	 Ey 	 1 	 -2.118214e-11 	 -1.407253e-12
7 	 100 	 Ey 	 1 	 -4.282720e-11 	 -2.471403e-12
7 	 101 	 Ey 	 1 	 -7.967091e-11 	 -2.967014e-12
7 	 102 	 Ey 	 1 	 -1.894794e-10 	 -3.665558e-12
7 	 103 	 Ey 	 1 	 -5.542001e-10 	 -5.107025e-12
7 	 104 	 Ey 	 1 	 -1.894528e-09 	 -1.164150e-11
7 	 105 	 Ey 	 1 	 -8.404361e-09 	 -1.855837e-11
7 	 106 	 Ey 	 1 	 -6.908385e-08 	 1.520051e-12
7 	 107 	 Ey 	 1 	 2.875105e-08 	 -1.610836e-11
7 	 108 	 Ey 	 1 	 1.891038e-08 	 1.970728e-12
7 	 109 	 Ey 	 1 	 3.360438e-09 	 7.923236e-12
7 	 110 	 Ey 	 1 	 9.229458e-10 	 -4.590563e-13
7 	 111 	 Ey 	 1 	 3.361945e-10 	 -1.926945e-12
7 	 112 	 Ey 	 1 	 1.677488e-10 	 6.865419e-13
7 	 113 	 Ey 	 1 	 -2.227852e-11 	 -9.527462e-13
7 	 114 	 Ey 	 1 	 -3.424353e-11 	 -8.266920e-13
7 	 115 	 Ey 	 1 	 -5.441373e-11 	 -9.577062e-13
7 	 116 	 Ey 	 1 	 -8.759212e-11 	 -2.405561e-13
7 	 117 	 Ey 	 1 	 -1.572235e-10 	 1.473973e-12
7 	 118 	 Ey 	 1 	 -3.623854e-10 	 2.435005e-12
7 	 119 	 Ey 	 1 	 -8.949600e-10 	 2.719477e-12
7 	 120 	 Ey 	 1 	 -2.287149e-09 	 -3.486604e-12
7 	 121 	 Ey 	 1 	 -5.613809e-09 	 -1.643528e-11
7 	 122 	 Ey 	 1 	 -7.966249e-09 	 -1.707751e-11
7 	 123 	 Ey 	 1 	 3.623584e-09 	 5.222431e-12
7 	 124 	 Ey 	 1 	 7.386097e-09 	 2.337742e-11
7 	 125 	 Ey 	 1 	 3.517677e-09 	 1.607561e-11
7 	 126 	 Ey 	 1 	 1.455865e-09 	 8.881791e-12
7 	 127 	 Ey 	 1 	 6.460278e-10 	 3.914137e-12
7 	 128 	 Ey 	 1 	 3.233143e-10 	 2.213812e-12
7 	 129 	 Ey 	 1 	 -3.604443e-11 	 -1.554180e-12
7 	 130 	 Ey 	 1 	 -5.304805e-11 	 -1.802336e-12
7 	 131 	 Ey 	 1 	 -7.690457e-11 	 -1.095960e-12
7 	 132 	 Ey 	 1 	 -1.156000e-10 	 8.075614e-13
7 	 133 	 Ey 	 1 	 -1.861894e-10 	 4.187010e-12
7 	 134 	 Ey 	 1 	 -3.670214e-10 	 7.475282e-12
7 	 135 	 Ey 	 1 	 -7.700708e-10 	 8.355318e-12
7 	 136 	 Ey 	 1 	 -1.502408e-09 	 2.569935e-12
7 	 137 	 Ey 	 1 	 -2.351991e-09 	 -4.568271e-12
7 	 138 	 Ey 	 1 	 -1.849038e-09 	 -6.257041e-12
7 	 139 	 Ey 	 1 	 7.453300e-10 	 9.151937e-12
7 	 140 	 Ey 	 1 	 2.511070e-09 	 2.185836e-11
7 	 141 	 Ey 	 1 	 2.067364e-09 	 1.870692e-11
7 	 142 	 Ey 	 1 	 1.220711e-09 	 1.127084e-11
7 	 143 	 Ey 	 1 	 6.815769e-10 	 8.094453e-12
7 	 144 	 Ey 	 1 	 3.849008e-10 	 4.466318e-12
7 	 145 	 Ey 	 1 	 -4.476291e-11 	 -2.257156e-12
7 	 146 	 Ey 	 1 	 -6.205715e-11 	 -1.972887e-12
7 	 147 	 Ey 	 1 	 -8.723865e-11 	 -1.340087e-12
7 	 148 	 Ey 	 1 	 -1.213192e-10 	 9.368569e-13
7 	 149 	 Ey 	 1 	 -1.838606e-10 	 4.532344e-12
7 	 150 	 Ey 	 1 	 -3.063169e-10 	 9.706118e-12
7 	 151 	 Ey 	 1 	 -5.202818e-10 	 1.086449e-11
7 	 152 	 Ey 	 1 	 -8.032800e-10 	 8.918618e-12
7 	 153 	 Ey 	 1 	 -9.441630e-10 	 4.894313e-12
7 	 154 	 Ey 	 1 	 -5.457659e-10 	 3.317816e-12
7 	 155 	 Ey 	 1 	 3.247706e-10 	 1.041270e-11
7 	 156 	 Ey 	 1 	 1.028502e-09 	 1.819961e-11
7 	 157 	 Ey 	 1 	 1.089010e-09 	 1.587793e-11
7 	 158 	 Ey 	 1 	 8.147010e-10 	 1.100761e-11
7 	 159 	 Ey 	 1 	 5.490277e-10 	 7.617771e-12
7 	 160 	 Ey 	 1 	 3.612957e-10 	 5.438539e-12
7 	 161 	 Ey 	 1 	 -5.095048e-11 	 -2.839654e-12
7 	 162 	 Ey 	 1 	 -6.746215e-11 	 -2.783389e-12
7 	 163 	 Ey 	 1 	 -9.019657e-11 	 -2.314839e-12
7 	 164 	 Ey 	 1 	 -1.189524e-10 	 5.350989e-14
7 	 165 	 Ey 	 1 	 -1.597450e-10 	 4.119754e-12
7 	 166 	 Ey 	 1 	 -2.243302e-10 	 8.201745e-12
7 	 167 	 Ey 	 1 	 -3.252070e-10 	 1.130839e-11
7 	 168 	 Ey 	 1 	 -4.177973e-10 	 1.124580e-11
7 	 169 	 Ey 	 1 	 -4.062744e-10 	 8.962525e-12
7 	 170 	 Ey 	 1 	 -1.836948e-10 	 8.463199e-12
7 	 171 	 Ey 	 1 	 1.671968e-10 	 1.167799e-11
7 	 172 	 Ey 	 1 	 5.120259e-10 	 1.332973e-11
7 	 173 	 Ey 	 1 	 6.156450e-10 	 1.252926e-11
7 	 174 	 Ey 	 1 	 5.458010e-10 	 9.716409e-12
7 	 175 	 Ey 	 1 	 4.194887e-10 	 6.757657e-12
7 	 176 	 Ey 	 1 	 2.984517e-10 	 4.190451e-12
7 	 177 	 Ey 	 1 	 -5.356684e-11 	 -3.241286e-12
7 	 178 	 Ey 	 1 	 -6.942251e-11 	 -3.539239e-12
7 	 179 	 Ey 	 1 	 -8.774809e-11 	 -3.038071e-12
7 	 180 	 Ey 	 1 	 -1.099691e-10 	 -1.635449e-12
7 	 181 	 Ey 	 1 	 -1.383560e-10 	 1.697320e-12
7 	 182 	 Ey 	 1 	 -1.794676e-10 	 5.763874e-12
7 	 183 	 Ey 	 1 	 -2.224062e-10 	 9.473562e-12
7 	 184 	 Ey 	 1 	 -2.442520e-10 	 1.030592e-11
7 	 185 	 Ey 	 1 	 -2.069790e-10 	 9.533665e-12
7 	 186 	 Ey 	 1 	 -7.369230e-11 	 8.961813e-12
7 	 187 	 Ey 	 1 	 1.040592e-10 	 1.017288e-11
7 	 188 	 Ey 	 1 	 2.762607e-10 	 1.130616e-11
7 	 189 	 Ey 	 1 	 3.575100e-10 	 9.560321e-12
7 	 190 	 Ey 	 1 	 3.517528e-10 	 6.315513e-12
7 	 191 	 Ey 	 1 	 2.961595e-10 	 5.499523e-12
7 	 192 	 Ey 	 1 	 2.324963e-10 	 4.505267e-12
7 	 193 	 Ey 	 1 	 -5.248047e-11 	 -3.280993e-12
7 	 194 	 Ey 	 1 	 -6.513812e-11 	 -3.777821e-12
7 	 195 	 Ey 	 1 	 -8.274682e-11 	 -3.873958e-12
7 	 196 	 Ey 	 1 	 -1.026121e-10 	 -3.431738e-12
7 	 197 	 Ey 	 1 	 -1.234995e-10 	 -7.931585e-13
7 	 198 	 Ey 	 1 	 -1.468702e-10 	 2.623819e-12
7 	 199 	 Ey 	 1 	 -1.631501e-10 	 5.969922e-12
7 	 200 	 Ey 	 1 	 -1.595676e-10 	 8.082496e-12
7 	 201 	 Ey 	 1 	 -1.192327e-10 	 8.232020e-12
7 	 202 	 Ey 	 1 	 -3.489426e-11 	 8.081098e-12
7 	 203 	 Ey 	 1 	 6.297604e-11 	 8.118434e-12
7 	 204 	 Ey 	 1 	 1.652491e-10 	 7.741692e-12
7 	 205 	 Ey 	 1 	 2.204259e-10 	 6.504627e-12
7 	 206 	 Ey 	 1 	 2.323661e-10 	 5.361285e-12
7 	 207 	 Ey 	 1 	 2.089486e-10 	 4.150834e-12
7 	 208 	 Ey 	 1 	 1.793918e-10 	 3.573569e-12
7 	 209 	 Ey 	 1 	 -4.938753e-11 	 -3.314909e-12
7 	 210 	 Ey 	 1 	 -6.059702e-11 	 -3.786557e-12
7 	 211 	 Ey 	 1 	 -7.344507e-11 	 -3.733703e-12
7 	 212 	 Ey 	 1 	 -9.071377e-11 	 -3.563945e-12
7 	 213 	 Ey 	 1 	 -1.067323e-10 	 -2.008195e-12
7 	 214 	 Ey 	 1 	 -1.210494e-10 	 3.376776e-13
7 	 215 	 Ey 	 1 	 -1.244755e-10 	 3.266740e-12
7 	 216 	 Ey 	 1 	 -1.129974e-10 	 5.557572e-12
7 	 217 	 Ey 	 1 	 -7.700837e-11 	 6.040118e-12
7 	 218 	 Ey 	 1 	 -2.100303e-11 	 5.892641e-12
7 	 219 	 Ey 	 1 	 3.732405e-11 	 5.682542e-12
7 	 220 	 Ey 	 1 	 9.914397e-11 	 5.115657e-12
7 	 221 	 Ey 	 1 	 1.386460e-10 	 3.837688e-12
7 	 222 	 Ey 	 1 	 1.533943e-10 	 3.258717e-12
7 	 223 	 Ey 	 1 	 1.489408e-10 	 3.234054e-12
7 	 224 	 Ey 	 1 	 1.322133e-10 	 2.740053e-12
7 	 225 	 Ey 	 1 	 -4.448558e-11 	 -2.853883e-12
7 	 226 	 Ey 	 1 	 -5.428396e-11 	 -3.540125e-12
7 	 227 	 Ey 	 1 	 -6.558845e-11 	 -3.746256e-12
7 	 228 	 Ey 	 1 	 -7.651161e-11 	 -3.328128e-12
7 	 229 	 Ey 	 1 	 -8.710575e-11 	 -2.057610e-12
7 	 230 	 Ey 	 1 	 -9.320551e-11 	 -7.293429e-13
7 	 231 	 Ey 	 1 	 -9.122116e-11 	 1.282336e-12
7 	 232 	 Ey 	 1 	 -8.090207e-11 	 3.090817e-12
7 	 233 	 Ey 	 1 	 -5.469441e-11 	 3.916888e-12
7 	 234 	 Ey 	 1 	 -1.781032e-11 	 4.038060e-12
7 	 235 	 Ey 	 1 	 2.245693e-11 	 3.347292e-12
7 	 236 	 Ey 	 1 	 6.144401e-11 	 2.935047e-12
7 	 237 	 Ey 	 1 	 8.699298e-11 	 2.547813e-12
7 	 238 	 Ey 	 1 	 9.944554e-11 	 2.620994e-12
7 	 239 	 Ey 	 1 	 1.041173e-10 	 2.591584e-12
7 	 240 	 Ey 	 1 	 9.800759e-11 	 2.290168e-12
7 	 241 	 Ey 	 1 	 -3.940007e-11 	 -2.439929e-12
7 	 242 	 Ey 	 1 	 -4.599938e-11 	 -2.619357e-12
7 	 243 	 Ey 	 1 	 -5.416377e-11 	 -2.769042e-12
7 	 244 	 Ey 	 1 	 -6.293006e-11 	 -2.724447e-12
7 	 245 	 Ey 	 1 	 -6.771424e-11 	 -2.148778e-12
7 	 246 	 Ey 	 1 	 -6.952663e-11 	 -1.151031e-12
7 	 247 	 Ey 	 1 	 -6.721890e-11 	 1.678902e-13
7 	 248 	 Ey 	 1 	 -5.666316e-11 	 1.240139e-12
7 	 249 	 Ey 	 1 	 -3.808612e-11 	 1.985350e-12
7 	 250 	 Ey 	 1 	 -1.290808e-11 	 2.229236e-12
7 	 251 	 Ey 	 1 	 1.179980e-11 	 2.245989e-12
7 	 252 	 Ey 	 1 	 3.945492e-11 	 1.943427e-12
7 	 253 	 Ey 	 1 	 5.746160e-11 	 1.931940e-12
7 	 254 	 Ey 	 1 	 6.828875e-11 	 1.837663e-12
7 	 255 	 Ey 	 1 	 7.387725e-11 	 1.607197e-12
7 	 256 	 Ey 	 1 	 7.310112e-11 	 1.281521e-12
7 	 1 	 Ey 	 2 	 6.128802e-11 	 3.323182e-12
7 	 2 	 Ey 	 2 	 8.320072e-11 	 2.544053e-12
7 	 3 	 Ey 	 2 	 1.119458e-10 	 9.918677e-13
7 	 4 	 Ey 	 2 	 1.493542e-10 	 -1.765960e-12
7 	 5 	 Ey 	 2 	 1.985584e-10 	 -6.402924e-12
7 	 6 	 Ey 	 2 	 2.605390e-10 	 -1.151698e-11
7 	 7 	 Ey 	 2 	 3.209053e-10 	 -1.605820e-11
7 	 8 	 Ey 	 2 	 3.544566e-10 	 -1.860857e-11
7 	 9 	 Ey 	 2 	 3.057289e-10 	 -1.988237e-11
7 	 10 	 Ey 	 2 	 1.418088e-10 	 -2.067589e-11
7 	 11 	 Ey 	 2 	 -7.477337e-11 	 -2.468192e-11
7 	 12 	 Ey 	 2 	 -2.960222e-10 	 -2.761848e-11
7 	 13 	 Ey 	 2 	 -3.837226e-10 	 -2.831575e-11
7 	 14 	 Ey 	 2 	 -3.662339e-10 	 -2.493922e-11
7 	 15 	 Ey 	 2 	 -3.031556e-10 	 -2.284019e-11
7 	 16 	 Ey 	 2 	 -2.365920e-10 	 -1.808570e-11
7 	 17 	 Ey 	 2 	 6.177005e-11 	 4.067941e-12
7 	 18 	 Ey 	 2 	 8.559477e-11 	 3.058424e-12
7 	 19 	 Ey 	 2 	 1.198128e-10 	 2.993134e-13
7 	 20 	 Ey 	 2 	 1.709602e-10 	 -4.577113e-12
7 	 21 	 Ey 	 2 	 2.440501e-10 	 -1.225495e-11
7 	 22 	 Ey 	 2 	 3.445307e-10 	 -2.079715e-11
7 	 23 	 Ey 	 2 	 4.821272e-10 	 -2.824499e-11
7 	 24 	 Ey 	 2 	 6.271076e-10 	 -3.146362e-11
7 	 25 	 Ey 	 2 	 6.333736e-10 	 -2.981877e-11
7 	 26 	 Ey 	 2 	 3.396979e-10 	 -2.791626e-11
7 	 27 	 Ey 	 2 	 -1.783715e-10 	 -3.454056e-11
7 	 28 	 Ey 	 2 	 -6.237789e-10 	 -4.108751e-11
7 	 29 	 Ey 	 2 	 -7.160373e-10 	 -3.753654e-11
7 	 30 	 Ey 	 2 	 -6.075416e-10 	 -3.256574e-11
7 	 31 	 Ey 	 2 	 -4.481799e-10 	 -3.016330e-11
7 	 32 	 Ey 	 2 	 -3.068124e-10 	 -2.079898e-11
7 	 33 	 Ey 	 2 	 5.615113e-11 	 3.892818e-12
7 	 34 	 Ey 	 2 	 8.084156e-11 	 2.890442e-12
7 	 35 	 Ey 	 2 	 1.152951e-10 	 -7.269892e-13
7 	 36 	 Ey 	 2 	 1.708415e-10 	 -7.208498e-12
7 	 37 	 Ey 	 2 	 2.609008e-10 	 -1.968858e-11
7 	 38 	 Ey 	 2 	 4.252842e-10 	 -3.476838e-11
7 	 39 	 Ey 	 2 	 7.142995e-10 	 -4.363231e-11
7 	 40 	 Ey 	 2 	 1.151839e-09 	 -4.047691e-11
7 	 41 	 Ey 	 2 	 1.481663e-09 	 -2.755665e-11
7 	 42 	 Ey 	 2 	 9.745049e-10 	 -2.781654e-11
7 	 43 	 Ey 	 2 	 -4.257518e-10 	 -4.766008e-11
7 	 44 	 Ey 	 2 	 -1.502959e-09 	 -6.552439e-11
7 	 45 	 Ey 	 2 	 -1.417240e-09 	 -5.931752e-11
7 	 46 	 Ey 	 2 	 -9.781390e-10 	 -4.532657e-11
7 	 47 	 Ey 	 2 	 -6.042222e-10 	 -3.649458e-11
7 	 48 	 Ey 	 2 	 -3.658822e-10 	 -2.450120e-11
7 	 49 	 Ey 	 2 	 4.643031e-11 	 3.843251e-12
7 	 50 	 Ey 	 2 	 6.776978e-11 	 2.857009e-12
7 	 51 	 Ey 	 2 	 9.741635e-11 	 -8.733238e-13
7 	 52 	 Ey 	 2 	 1.469680e-10 	 -9.186396e-12
7 	 53 	 Ey 	 2 	 2.368707e-10 	 -2.634627e-11
7 	 54 	 Ey 	 2 	 4.377174e-10 	 -4.670851e-11
7 	 55 	 Ey 	 2 	 9.293801e-10 	 -5.268335e-11
7 	 56 	 Ey 	 2 	 1.992852e-09 	 -3.607184e-11
7 	 57 	 Ey 	 2 	 3.684323e-09 	 -2.332863e-12
7 	 58 	 Ey 	 2 	 3.602344e-09 	 7.691784e-13
7 	 59 	 Ey 	 2 	 -1.445862e-09 	 -6.012008e-11
7 	 60 	 Ey 	 2 	 -4.225737e-09 	 -1.080700e-10
7 	 61 	 Ey 	 2 	 -2.780752e-09 	 -8.576852e-11
7 	 62 	 Ey 	 2 	 -1.389244e-09 	 -5.871052e-11
7 	 63 	 Ey 	 2 	 -6.934686e-10 	 -3.491745e-11
7 	 64 	 Ey 	 2 	 -3.646634e-10 	 -2.142591e-11
7 	 65 	 Ey 	 2 	 3.222322e-11 	 4.152751e-12
7 	 66 	 Ey 	 2 	 4.514154e-11 	 2.701399e-12
7 	 67 	 Ey 	 2 	 6.517836e-11 	 -5.747332e-13
7 	 68 	 Ey 	 2 	 9.467097e-11 	 -1.017713e-11
7 	 69 	 Ey 	 2 	 1.571837e-10 	 -2.678979e-11
7 	 70 	 Ey 	 2 	 3.399730e-10 	 -4.601640e-11
7 	 71 	 Ey 	 2 	 8.786524e-10 	 -5.092270e-11
7 	 72 	 Ey 	 2 	 2.506184e-09 	 -2.572679e-11
7 	 73 	 Ey 	 2 	 8.032652e-09 	 1.996084e-11
7 	 74 	 Ey 	 2 	 1.950629e-08 	 -2.672881e-12
7 	 75 	 Ey 	 2 	 -1.062700e-08 	 -3.814211e-11
7 	 76 	 Ey 	 2 	 -1.279438e-08 	 -1.045026e-10
7 	 77 	 Ey 	 2 	 -4.036118e-09 	 -9.412705e-11
7 	 78 	 Ey 	 2 	 -1.420290e-09 	 -5.284522e-11
7 	 79 	 Ey 	 2 	 -5.919181e-10 	 -3.169974e-11
7 	 80 	 Ey 	 2 	 -2.754506e-10 	 -1.681736e-11
7 	 81 	 Ey 	 2 	 2.269664e-11 	 4.107637e-12
7 	 82 	 Ey 	 2 	 2.904118e-11 	 3.115968e-12
7 	 83 	 Ey 	 2 	 3.632007e-11 	 -3.031214e-13
7 	 84 	 Ey 	 2 	 4.832661e-11 	 -6.267320e-12
7 	 85 	 Ey 	 2 	 7.248412e-11 	 -1.619236e-11
7 	 86 	 Ey 	 2 	 1.481144e-10 	 -2.587771e-11
7 	 87 	 Ey 	 2 	 3.605085e-10 	 -2.663613e-11
7 	 88 	 Ey 	 2 	 9.908641e-10 	 -2.420318e-11
7 	 89 	 Ey 	 2 	 4.584164e-09 	 -1.522482e-11
7 	 90 	 Ey 	 2 	 8.505014e-08 	 -1.097306e-10
7 	 91 	 Ey 	 2 	 -3.323652e-06 	 -4.480381e-10
7 	 92 	 Ey 	 2 	 -1.193590e-08 	 -1.754447e-11
7 	 93 	 Ey 	 2 	 -1.421975e-09 	 -3.834977e-11
7 	 94 	 Ey 	 2 	 -3.806990e-10 	 -2.390324e-11
7 	 95 	 Ey 	 2 	 -1.340909e-10 	 -1.501466e-11
7 	 96 	 Ey 	 2 	 -5.861308e-11 	 -1.003240e-11
7 	 97 	 Ey 	 2 	 -3.339597e-12 	 3.805136e-12
7 	 98 	 Ey 	 2 	 -8.235601e-12 	 3.451707e-12
7 	 99 	 Ey 	 2 	 -1.767167e-11 	 2.183594e-12
7 	 100 	 Ey 	 2 	 -3.682197e-11 	 3.513914e-13
7 	 101 	 Ey 	 2 	 -7.178887e-11 	 9.751701e-13
7 	 102 	 Ey 	 2 	 -1.793843e-10 	 2.074354e-12
7 	 103 	 Ey 	 2 	 -5.432993e-10 	 -2.408098e-12
7 	 104 	 Ey 	 2 	 -1.880454e-09 	 -2.558357e-11
7 	 105 	 Ey 	 2 	 -8.389462e-09 	 -5.467294e-11
7 	 106 	 Ey 	 2 	 -6.906517e-08 	 1.911447e-11
7 	 107 	 Ey 	 2 	 2.875585e-08 	 -4.861508e-11
7 	 108 	 Ey 	 2 	 1.891497e-08 	 2.356997e-11
7 	 109 	 Ey 	 2 	 3.361209e-09 	 3.975364e-11
7 	 110 	 Ey 	 2 	 9.285613e-10 	 8.521495e-12
7 	 111 	 Ey 	 2 	 3.406507e-10 	 3.203761e-13
7 	 112 	 Ey 	 2 	 1.676911e-10 	 6.035981e-12
7 	 113 	 Ey 	 2 	 -2.065732e-11 	 2.984705e-12
7 	 114 	 Ey 	 2 	 -3.222960e-11 	 3.717063e-12
7 	 115 	 Ey 	 2 	 -5.162028e-11 	 4.468580e-12
7 	 116 	 Ey 	 2 	 -8.494309e-11 	 7.748306e-12
7 	 117 	 Ey 	 2 	 -1.560048e-10 	 1.434585e-11
7 	 118 	 Ey 	 2 	 -3.621836e-10 	 1.937311e-11
7 	 119 	 Ey 	 2 	 -8.979120e-10 	 1.909883e-11
7 	 120 	 Ey 	 2 	 -2.289763e-09 	 -6.483359e-12
7 	 121 	 Ey 	 2 	 -5.611075e-09 	 -5.662191e-11
7 	 122 	 Ey 	 2 	 -7.961908e-09 	 -5.989315e-11
7 	 123 	 Ey 	 2 	 3.622766e-09 	 3.097929e-11
7 	 124 	 Ey 	 2 	 7.380918e-09 	 1.029905e-10
7 	 125 	 Ey 	 2 	 3.515850e-09 	 7.433405e-11
7 	 126 	 Ey 	 2 	 1.454868e-09 	 4.322613e-11
7 	 127 	 Ey 	 2 	 6.464595e-10 	 2.355596e-11
7 	 128 	 Ey 	 2 	 3.232163e-10 	 1.525070e-11
7 	 129 	 Ey 	 2 	 -3.351686e-11 	 2.191794e-12
7 	 130 	 Ey 	 2 	 -4.968546e-11 	 2.866327e-12
7 	 131 	 Ey 	 2 	 -7.398582e-11 	 5.397230e-12
7 	 132 	 Ey 	 2 	 -1.148603e-10 	 1.104429e-11
7 	 133 	 Ey 	 2 	 -1.898101e-10 	 2.214971e-11
7 	 134 	 Ey 	 2 	 -3.756143e-10 	 3.313264e-11
7 	 135 	 Ey 	 2 	 -7.834031e-10 	 3.238360e-11
7 	 136 	 Ey 	 2 	 -1.514473e-09 	 9.196722e-12
7 	 137 	 Ey 	 2 	 -2.361570e-09 	 -1.950844e-11
7 	 138 	 Ey 	 2 	 -1.853191e-09 	 -2.227330e-11
7 	 139 	 Ey 	 2 	 7.395098e-10 	 4.186313e-11
7 	 140 	 Ey 	 2 	 2.502248e-09 	 9.350492e-11
7 	 141 	 Ey 	 2 	 2.060713e-09 	 8.183162e-11
7 	 142 	 Ey 	 2 	 1.217608e-09 	 5.357009e-11
7 	 143 	 Ey 	 2 	 6.778119e-10 	 3.831833e-11
7 	 144 	 Ey 	 2 	 3.828465e-10 	 2.481133e-11
7 	 145 	 Ey 	 2 	 -4.111664e-11 	 9.662576e-13
7 	 146 	 Ey 	 2 	 -5.848105e-11 	 2.403240e-12
7 	 147 	 Ey 	 2 	 -8.423591e-11 	 5.251643e-12
7 	 148 	 Ey 	 2 	 -1.214648e-10 	 1.183002e-11
7 	 149 	 Ey 	 2 	 -1.891755e-10 	 2.233502e-11
7 	 150 	 Ey 	 2 	 -3.201891e-10 	 3.572511e-11
7 	 151 	 Ey 	 2 	 -5.385423e-10 	 3.660827e-11
7 	 152 	 Ey 	 2 	 -8.231648e-10 	 2.603284e-11
7 	 153 	 Ey 	 2 	 -9.611669e-10 	 1.078278e-11
7 	 154 	 Ey 	 2 	 -5.566960e-10 	 1.000413e-11
7 	 155 	 Ey 	 2 	 3.152000e-10 	 4.314862e-11
7 	 156 	 Ey 	 2 	 1.016552e-09 	 7.450941e-11
7 	 157 	 Ey 	 2 	 1.080817e-09 	 6.913962e-11
7 	 158 	 Ey 	 2 	 8.096700e-10 	 5.105152e-11
7 	 159 	 Ey 	 2 	 5.451999e-10 	 3.827162e-11
7 	 160 	 Ey 	 2 	 3.578340e-10 	 2.889378e-11
7 	 161 	 Ey 	 2 	 -4.653625e-11 	 -7.879695e-14
7 	 162 	 Ey 	 2 	 -6.286221e-11 	 7.227062e-13
7 	 163 	 Ey 	 2 	 -8.624702e-11 	 2.857855e-12
7 	 164 	 Ey 	 2 	 -1.185323e-10 	 8.690885e-12
7 	 165 	 Ey 	 2 	 -1.659889e-10 	 1.885796e-11
7 	 166 	 Ey 	 2 	 -2.378955e-10 	 2.823124e-11
7 	 167 	 Ey 	 2 	 -3.457702e-10 	 3.223409e-11
7 	 168 	 Ey 	 2 	 -4.409965e-10 	 2.866999e-11
7 	 169 	 Ey 	 2 	 -4.265071e-10 	 2.170242e-11
7 	 170 	 Ey 	 2 	 -1.997037e-10 	 2.436159e-11
7 	 171 	 Ey 	 2 	 1.524831e-10 	 4.117823e-11
7 	 172 	 Ey 	 2 	 5.009200e-10 	 5.437755e-11
7 	 173 	 Ey 	 2 	 6.077043e-10 	 5.526266e-11
7 	 174 	 Ey 	 2 	 5.406412e-10 	 4.668957e-11
7 	 175 	 Ey 	 2 	 4.160079e-10 	 3.594304e-11
7 	 176 	 Ey 	 2 	 2.961226e-10 	 2.627361e-11
7 	 177 	 Ey 	 2 	 -4.874094e-11 	 -1.518050e-12
7 	 178 	 Ey 	 2 	 -6.407021e-11 	 -1.515202e-12
7 	 179 	 Ey 	 2 	 -8.311178e-11 	 -2.374490e-13
7 	 180 	 Ey 	 2 	 -1.078750e-10 	 3.161483e-12
7 	 181 	 Ey 	 2 	 -1.423553e-10 	 9.681770e-12
7 	 182 	 Ey 	 2 	 -1.912765e-10 	 1.635718e-11
7 	 183 	 Ey 	 2 	 -2.419893e-10 	 2.102211e-11
7 	 184 	 Ey 	 2 	 -2.662873e-10 	 2.106837e-11
7 	 185 	 Ey 	 2 	 -2.274415e-10 	 2.031564e-11
7 	 186 	 Ey 	 2 	 -9.022334e-11 	 2.404225e-11
7 	 187 	 Ey 	 2 	 8.994484e-11 	 3.388399e-11
7 	 188 	 Ey 	 2 	 2.638011e-10 	 4.243748e-11
7 	 189 	 Ey 	 2 	 3.495775e-10 	 4.202169e-11
7 	 190 	 Ey 	 2 	 3.486665e-10 	 3.557385e-11
7 	 191 	 Ey 	 2 	 2.926621e-10 	 3.075148e-11
7 	 192 	 Ey 	 2 	 2.285452e-10 	 2.519506e-11
7 	 193 	 Ey 	 2 	 -4.769615e-11 	 -2.663372e-12
7 	 194 	 Ey 	 2 	 -5.966216e-11 	 -3.181858e-12
7 	 195 	 Ey 	 2 	 -7.732535e-11 	 -3.364301e-12
7 	 196 	 Ey 	 2 	 -9.851153e-11 	 -2.730219e-12
7 	 197 	 Ey 	 2 	 -1.245543e-10 	 3.834237e-13
7 	 198 	 Ey 	 2 	 -1.548353e-10 	 3.997305e-12
7 	 199 	 Ey 	 2 	 -1.777956e-10 	 7.986438e-12
7 	 200 	 Ey 	 2 	 -1.780747e-10 	 1.159885e-11
7 	 201 	 Ey 	 2 	 -1.371294e-10 	 1.432889e-11
7 	 202 	 Ey 	 2 	 -5.019382e-11 	 1.873101e-11
7 	 203 	 Ey 	 2 	 5.044302e-11 	 2.497073e-11
7 	 204 	 Ey 	 2 	 1.558348e-10 	 2.963547e-11
7 	 205 	 Ey 	 2 	 2.143229e-10 	 3.018101e-11
7 	 206 	 Ey 	 2 	 2.280896e-10 	 2.886683e-11
7 	 207 	 Ey 	 2 	 2.056167e-10 	 2.512573e-11
7 	 208 	 Ey 	 2 	 1.758676e-10 	 2.201359e-11
7 	 209 	 Ey 	 2 	 -4.466595e-11 	 -3.581560e-12
7 	 210 	 Ey 	 2 	 -5.528166e-11 	 -4.355791e-12
7 	 211 	 Ey 	 2 	 -6.839135e-11 	 -4.891342e-12
7 	 212 	 Ey 	 2 	 -8.666486e-11 	 -5.731435e-12
7 	 213 	 Ey 	 2 	 -1.060919e-10 	 -5.213354e-12
7 	 214 	 Ey 	 2 	 -1.253449e-10 	 -3.794572e-12
7 	 215 	 Ey 	 2 	 -1.343683e-10 	 -1.357612e-13
7 	 216 	 Ey 	 2 	 -1.268103e-10 	 3.969964e-12
7 	 217 	 Ey 	 2 	 -9.082311e-11 	 7.521639e-12
7 	 218 	 Ey 	 2 	 -3.289885e-11 	 1.147153e-11
7 	 219 	 Ey 	 2 	 2.759507e-11 	 1.638687e-11
7 	 220 	 Ey 	 2 	 9.204712e-11 	 1.963692e-11
7 	 221 	 Ey 	 2 	 1.345560e-10 	 2.038764e-11
7 	 222 	 Ey 	 2 	 1.503273e-10 	 2.030264e-11
7 	 223 	 Ey 	 2 	 1.454793e-10 	 1.994706e-11
7 	 224 	 Ey 	 2 	 1.287622e-10 	 1.783237e-11
7 	 225 	 Ey 	 2 	 -4.044593e-11 	 -3.752937e-12
7 	 226 	 Ey 	 2 	 -4.951207e-11 	 -4.901417e-12
7 	 227 	 Ey 	 2 	 -6.075934e-11 	 -6.251324e-12
7 	 228 	 Ey 	 2 	 -7.279913e-11 	 -7.172458e-12
7 	 229 	 Ey 	 2 	 -8.592479e-11 	 -7.316816e-12
7 	 230 	 Ey 	 2 	 -9.499194e-11 	 -6.491731e-12
7 	 231 	 Ey 	 2 	 -9.685631e-11 	 -3.941327e-12
7 	 232 	 Ey 	 2 	 -8.969130e-11 	 -1.169247e-12
7 	 233 	 Ey 	 2 	 -6.437866e-11 	 2.321304e-12
7 	 234 	 Ey 	 2 	 -2.662827e-11 	 5.746395e-12
7 	 235 	 Ey 	 2 	 1.602097e-11 	 9.524744e-12
7 	 236 	 Ey 	 2 	 5.673314e-11 	 1.250280e-11
7 	 237 	 Ey 	 2 	 8.346454e-11 	 1.400045e-11
7 	 238 	 Ey 	 2 	 9.588517e-11 	 1.462178e-11
7 	 239 	 Ey 	 2 	 1.003837e-10 	 1.486204e-11
7 	 240 	 Ey 	 2 	 9.439517e-11 	 1.407556e-11
7 	 241 	 Ey 	 2 	 -3.603659e-11 	 -3.720775e-12
7 	 242 	 Ey 	 2 	 -4.244682e-11 	 -4.704032e-12
7 	 243 	 Ey 	 2 	 -5.054648e-11 	 -6.033384e-12
7 	 244 	 Ey 	 2 	 -5.982247e-11 	 -7.190394e-12
7 	 245 	 Ey 	 2 	 -6.603323e-11 	 -7.333478e-12
7 	 246 	 Ey 	 2 	 -6.992745e-11 	 -6.725847e-12
7 	 247 	 Ey 	 2 	 -7.017662e-11 	 -5.394156e-12
7 	 248 	 Ey 	 2 	 -6.146325e-11 	 -3.322186e-12
7 	 249 	 Ey 	 2 	 -4.386877e-11 	 -4.563626e-13
7 	 250 	 Ey 	 2 	 -1.840995e-11 	 2.431981e-12
7 	 251 	 Ey 	 2 	 6.870800e-12 	 5.713236e-12
7 	 252 	 Ey 	 2 	 3.564913e-11 	 8.431765e-12
7 	 253 	 Ey 	 2 	 5.410941e-11 	 1.015848e-11
7 	 254 	 Ey 	 2 	 6.510537e-11 	 1.093099e-11
7 	 255 	 Ey 	 2 	 7.093064e-11 	 1.102486e-11
7 	 256 	 Ey 	 2 	 7.023988e-11 	 1.066633e-11
