iTx 	 iRx    chrec  ifreq 	 emf_real 	 emf_imag
10 	 1 	 Ex 	 1 	 -2.500468e-11 	 1.589594e-11
10 	 2 	 Ex 	 1 	 -3.293003e-11 	 1.777456e-11
10 	 3 	 Ex 	 1 	 -4.087201e-11 	 1.957240e-11
10 	 4 	 Ex 	 1 	 -4.756847e-11 	 2.088435e-11
10 	 5 	 Ex 	 1 	 -5.345167e-11 	 2.198857e-11
10 	 6 	 Ex 	 1 	 -4.928673e-11 	 2.279183e-11
10 	 7 	 Ex 	 1 	 -5.688660e-11 	 2.304207e-11
10 	 8 	 Ex 	 1 	 -5.323868e-11 	 2.270698e-11
10 	 9 	 Ex 	 1 	 -4.780430e-11 	 2.206997e-11
10 	 10 	 Ex 	 1 	 -3.919393e-11 	 2.050793e-11
10 	 11 	 Ex 	 1 	 -3.045490e-11 	 1.906286e-11
10 	 12 	 Ex 	 1 	 -2.223614e-11 	 1.709428e-11
10 	 13 	 Ex 	 1 	 -1.482612e-11 	 1.478946e-11
10 	 14 	 Ex 	 1 	 -9.978707e-12 	 1.301029e-11
10 	 15 	 Ex 	 1 	 -5.257411e-12 	 1.077495e-11
10 	 16 	 Ex 	 1 	 -3.409670e-12 	 9.311682e-12
10 	 17 	 Ex 	 1 	 -2.566068e-11 	 1.857182e-11
10 	 18 	 Ex 	 1 	 -3.557688e-11 	 2.085216e-11
10 	 19 	 Ex 	 1 	 -4.735062e-11 	 2.331060e-11
10 	 20 	 Ex 	 1 	 -5.960088e-11 	 2.568905e-11
10 	 21 	 Ex 	 1 	 -6.794450e-11 	 2.682946e-11
10 	 22 	 Ex 	 1 	 -6.291729e-11 	 2.752060e-11
10 	 23 	 Ex 	 1 	 -7.333079e-11 	 2.819434e-11
10 	 24 	 Ex 	 1 	 -6.718792e-11 	 2.750661e-11
10 	 25 	 Ex 	 1 	 -5.861149e-11 	 2.660785e-11
10 	 26 	 Ex 	 1 	 -4.614620e-11 	 2.505704e-11
10 	 27 	 Ex 	 1 	 -3.263149e-11 	 2.270975e-11
10 	 28 	 Ex 	 1 	 -1.987406e-11 	 2.037045e-11
10 	 29 	 Ex 	 1 	 -1.105205e-11 	 1.774012e-11
10 	 30 	 Ex 	 1 	 -4.933209e-12 	 1.516495e-11
10 	 31 	 Ex 	 1 	 -4.147918e-13 	 1.240231e-11
10 	 32 	 Ex 	 1 	 6.890115e-13 	 1.060363e-11
10 	 33 	 Ex 	 1 	 -2.447949e-11 	 2.174634e-11
10 	 34 	 Ex 	 1 	 -3.992422e-11 	 2.511969e-11
10 	 35 	 Ex 	 1 	 -5.776122e-11 	 2.844069e-11
10 	 36 	 Ex 	 1 	 -7.503128e-11 	 3.118852e-11
10 	 37 	 Ex 	 1 	 -8.972556e-11 	 3.325082e-11
10 	 38 	 Ex 	 1 	 -8.497549e-11 	 3.417249e-11
10 	 39 	 Ex 	 1 	 -9.905062e-11 	 3.490752e-11
10 	 40 	 Ex 	 1 	 -9.035093e-11 	 3.381738e-11
10 	 41 	 Ex 	 1 	 -7.666025e-11 	 3.258149e-11
10 	 42 	 Ex 	 1 	 -5.273131e-11 	 2.963679e-11
10 	 43 	 Ex 	 1 	 -3.151038e-11 	 2.765329e-11
10 	 44 	 Ex 	 1 	 -1.224654e-11 	 2.445766e-11
10 	 45 	 Ex 	 1 	 -6.337976e-13 	 2.096753e-11
10 	 46 	 Ex 	 1 	 4.363589e-12 	 1.758601e-11
10 	 47 	 Ex 	 1 	 7.539227e-12 	 1.447411e-11
10 	 48 	 Ex 	 1 	 7.899138e-12 	 1.198598e-11
10 	 49 	 Ex 	 1 	 -1.577706e-11 	 2.543340e-11
10 	 50 	 Ex 	 1 	 -3.802260e-11 	 2.983327e-11
10 	 51 	 Ex 	 1 	 -6.736072e-11 	 3.446781e-11
10 	 52 	 Ex 	 1 	 -9.870584e-11 	 3.878867e-11
10 	 53 	 Ex 	 1 	 -1.263094e-10 	 4.202639e-11
10 	 54 	 Ex 	 1 	 -1.230659e-10 	 4.361895e-11
10 	 55 	 Ex 	 1 	 -1.429422e-10 	 4.360531e-11
10 	 56 	 Ex 	 1 	 -1.302840e-10 	 4.164158e-11
10 	 57 	 Ex 	 1 	 -1.012151e-10 	 3.910748e-11
10 	 58 	 Ex 	 1 	 -6.149106e-11 	 3.628678e-11
10 	 59 	 Ex 	 1 	 -2.204877e-11 	 3.346411e-11
10 	 60 	 Ex 	 1 	 7.298139e-12 	 2.981951e-11
10 	 61 	 Ex 	 1 	 1.830920e-11 	 2.532386e-11
10 	 62 	 Ex 	 1 	 2.119087e-11 	 2.063738e-11
10 	 63 	 Ex 	 1 	 1.973130e-11 	 1.679270e-11
10 	 64 	 Ex 	 1 	 1.738052e-11 	 1.349252e-11
10 	 65 	 Ex 	 1 	 5.831339e-12 	 2.945924e-11
10 	 66 	 Ex 	 1 	 -2.296585e-11 	 3.532485e-11
10 	 67 	 Ex 	 1 	 -7.023418e-11 	 4.278057e-11
10 	 68 	 Ex 	 1 	 -1.295614e-10 	 4.820336e-11
10 	 69 	 Ex 	 1 	 -1.904645e-10 	 5.462370e-11
10 	 70 	 Ex 	 1 	 -1.998537e-10 	 5.830542e-11
10 	 71 	 Ex 	 1 	 -2.199692e-10 	 5.530327e-11
10 	 72 	 Ex 	 1 	 -1.970082e-10 	 5.224458e-11
10 	 73 	 Ex 	 1 	 -1.333450e-10 	 4.745967e-11
10 	 74 	 Ex 	 1 	 -5.674178e-11 	 4.342399e-11
10 	 75 	 Ex 	 1 	 7.789073e-12 	 4.009045e-11
10 	 76 	 Ex 	 1 	 4.346155e-11 	 3.608010e-11
10 	 77 	 Ex 	 1 	 5.301901e-11 	 3.087624e-11
10 	 78 	 Ex 	 1 	 4.643839e-11 	 2.427504e-11
10 	 79 	 Ex 	 1 	 3.904408e-11 	 1.929968e-11
10 	 80 	 Ex 	 1 	 2.986274e-11 	 1.496133e-11
10 	 81 	 Ex 	 1 	 4.825560e-11 	 3.443322e-11
10 	 82 	 Ex 	 1 	 2.284825e-11 	 4.249325e-11
10 	 83 	 Ex 	 1 	 -4.196928e-11 	 5.259824e-11
10 	 84 	 Ex 	 1 	 -1.558263e-10 	 6.348898e-11
10 	 85 	 Ex 	 1 	 -3.123970e-10 	 7.398476e-11
10 	 86 	 Ex 	 1 	 -3.718170e-10 	 8.029036e-11
10 	 87 	 Ex 	 1 	 -3.943208e-10 	 7.646348e-11
10 	 88 	 Ex 	 1 	 -2.942315e-10 	 6.663011e-11
10 	 89 	 Ex 	 1 	 -1.535443e-10 	 5.871617e-11
10 	 90 	 Ex 	 1 	 -2.299060e-11 	 5.221863e-11
10 	 91 	 Ex 	 1 	 7.217869e-11 	 4.780758e-11
10 	 92 	 Ex 	 1 	 1.037153e-10 	 4.305976e-11
10 	 93 	 Ex 	 1 	 1.023140e-10 	 3.598977e-11
10 	 94 	 Ex 	 1 	 8.335709e-11 	 2.857811e-11
10 	 95 	 Ex 	 1 	 6.065180e-11 	 2.103407e-11
10 	 96 	 Ex 	 1 	 4.635204e-11 	 1.678764e-11
10 	 97 	 Ex 	 1 	 1.339100e-10 	 3.926564e-11
10 	 98 	 Ex 	 1 	 1.360515e-10 	 4.917533e-11
10 	 99 	 Ex 	 1 	 9.389109e-11 	 6.438761e-11
10 	 100 	 Ex 	 1 	 -9.123585e-11 	 8.563882e-11
10 	 101 	 Ex 	 1 	 -5.264777e-10 	 1.057614e-10
10 	 102 	 Ex 	 1 	 -8.395497e-10 	 1.188942e-10
10 	 103 	 Ex 	 1 	 -7.837144e-10 	 1.109142e-10
10 	 104 	 Ex 	 1 	 -3.972813e-10 	 8.832392e-11
10 	 105 	 Ex 	 1 	 -7.916969e-11 	 7.286635e-11
10 	 106 	 Ex 	 1 	 1.016228e-10 	 6.239828e-11
10 	 107 	 Ex 	 1 	 1.850505e-10 	 5.607896e-11
10 	 108 	 Ex 	 1 	 2.085678e-10 	 5.130284e-11
10 	 109 	 Ex 	 1 	 1.731943e-10 	 4.214187e-11
10 	 110 	 Ex 	 1 	 1.295324e-10 	 3.225325e-11
10 	 111 	 Ex 	 1 	 9.119885e-11 	 2.423100e-11
10 	 112 	 Ex 	 1 	 6.416578e-11 	 1.867540e-11
10 	 113 	 Ex 	 1 	 2.686704e-10 	 4.399313e-11
10 	 114 	 Ex 	 1 	 3.953564e-10 	 5.859468e-11
10 	 115 	 Ex 	 1 	 5.285147e-10 	 8.044570e-11
10 	 116 	 Ex 	 1 	 4.490856e-10 	 1.147739e-10
10 	 117 	 Ex 	 1 	 -7.717894e-10 	 1.570056e-10
10 	 118 	 Ex 	 1 	 -2.355901e-09 	 1.834006e-10
10 	 119 	 Ex 	 1 	 -1.870741e-09 	 1.725634e-10
10 	 120 	 Ex 	 1 	 -2.303259e-10 	 1.234484e-10
10 	 121 	 Ex 	 1 	 3.313703e-10 	 9.358161e-11
10 	 122 	 Ex 	 1 	 4.379707e-10 	 7.767018e-11
10 	 123 	 Ex 	 1 	 4.043698e-10 	 6.667381e-11
10 	 124 	 Ex 	 1 	 3.464980e-10 	 5.895043e-11
10 	 125 	 Ex 	 1 	 2.649777e-10 	 4.847917e-11
10 	 126 	 Ex 	 1 	 1.791931e-10 	 3.601907e-11
10 	 127 	 Ex 	 1 	 1.211130e-10 	 2.686470e-11
10 	 128 	 Ex 	 1 	 8.259819e-11 	 2.028701e-11
10 	 129 	 Ex 	 1 	 4.454663e-10 	 4.841026e-11
10 	 130 	 Ex 	 1 	 7.849928e-10 	 6.651515e-11
10 	 131 	 Ex 	 1 	 1.493231e-09 	 9.755313e-11
10 	 132 	 Ex 	 1 	 2.664819e-09 	 1.550542e-10
10 	 133 	 Ex 	 1 	 1.668015e-09 	 2.520768e-10
10 	 134 	 Ex 	 1 	 -1.080028e-08 	 3.203360e-10
10 	 135 	 Ex 	 1 	 -4.276098e-09 	 2.982826e-10
10 	 136 	 Ex 	 1 	 2.412819e-09 	 1.831505e-10
10 	 137 	 Ex 	 1 	 1.706284e-09 	 1.191579e-10
10 	 138 	 Ex 	 1 	 1.078800e-09 	 9.346761e-11
10 	 139 	 Ex 	 1 	 7.108341e-10 	 7.626795e-11
10 	 140 	 Ex 	 1 	 5.045521e-10 	 6.531031e-11
10 	 141 	 Ex 	 1 	 3.526639e-10 	 5.316500e-11
10 	 142 	 Ex 	 1 	 2.249738e-10 	 3.869835e-11
10 	 143 	 Ex 	 1 	 1.456639e-10 	 2.857684e-11
10 	 144 	 Ex 	 1 	 9.700881e-11 	 2.138862e-11
10 	 145 	 Ex 	 1 	 5.940968e-10 	 5.183714e-11
10 	 146 	 Ex 	 1 	 1.192856e-09 	 7.202346e-11
10 	 147 	 Ex 	 1 	 2.795686e-09 	 1.101963e-10
10 	 148 	 Ex 	 1 	 8.742234e-09 	 1.998920e-10
10 	 149 	 Ex 	 1 	 3.350134e-08 	 4.250126e-10
10 	 150 	 Ex 	 1 	 -1.054621e-07 	 7.317589e-10
10 	 151 	 Ex 	 1 	 4.726426e-08 	 6.451271e-10
10 	 152 	 Ex 	 1 	 1.611114e-08 	 2.693333e-10
10 	 153 	 Ex 	 1 	 4.206874e-09 	 1.418860e-10
10 	 154 	 Ex 	 1 	 1.777031e-09 	 1.030380e-10
10 	 155 	 Ex 	 1 	 9.830753e-10 	 8.295534e-11
10 	 156 	 Ex 	 1 	 6.235207e-10 	 6.933393e-11
10 	 157 	 Ex 	 1 	 4.050632e-10 	 5.489078e-11
10 	 158 	 Ex 	 1 	 2.535773e-10 	 4.035869e-11
10 	 159 	 Ex 	 1 	 1.596686e-10 	 2.926513e-11
10 	 160 	 Ex 	 1 	 1.038717e-10 	 2.172748e-11
10 	 161 	 Ex 	 1 	 6.272150e-10 	 5.257213e-11
10 	 162 	 Ex 	 1 	 1.286272e-09 	 7.484336e-11
10 	 163 	 Ex 	 1 	 3.108084e-09 	 1.153813e-10
10 	 164 	 Ex 	 1 	 1.044993e-08 	 2.048721e-10
10 	 165 	 Ex 	 1 	 6.405055e-08 	 4.891379e-10
10 	 166 	 Ex 	 1 	 -1.318262e-07 	 1.553202e-09
10 	 167 	 Ex 	 1 	 2.812383e-07 	 9.074078e-10
10 	 168 	 Ex 	 1 	 2.421049e-08 	 3.001846e-10
10 	 169 	 Ex 	 1 	 5.212015e-09 	 1.530955e-10
10 	 170 	 Ex 	 1 	 1.958810e-09 	 1.046789e-10
10 	 171 	 Ex 	 1 	 1.052914e-09 	 8.462159e-11
10 	 172 	 Ex 	 1 	 6.503376e-10 	 6.973729e-11
10 	 173 	 Ex 	 1 	 4.103113e-10 	 5.436731e-11
10 	 174 	 Ex 	 1 	 2.533704e-10 	 3.994941e-11
10 	 175 	 Ex 	 1 	 1.555784e-10 	 2.837447e-11
10 	 176 	 Ex 	 1 	 1.034759e-10 	 2.160348e-11
10 	 177 	 Ex 	 1 	 5.244615e-10 	 5.141005e-11
10 	 178 	 Ex 	 1 	 9.825628e-10 	 7.203635e-11
10 	 179 	 Ex 	 1 	 1.976782e-09 	 1.061881e-10
10 	 180 	 Ex 	 1 	 4.223576e-09 	 1.672701e-10
10 	 181 	 Ex 	 1 	 7.201368e-09 	 3.084454e-10
10 	 182 	 Ex 	 1 	 -2.489614e-08 	 4.521931e-10
10 	 183 	 Ex 	 1 	 -3.672487e-09 	 3.958824e-10
10 	 184 	 Ex 	 1 	 6.158596e-09 	 2.290591e-10
10 	 185 	 Ex 	 1 	 2.842536e-09 	 1.384585e-10
10 	 186 	 Ex 	 1 	 1.423611e-09 	 9.975260e-11
10 	 187 	 Ex 	 1 	 8.437498e-10 	 8.003238e-11
10 	 188 	 Ex 	 1 	 5.438653e-10 	 6.508369e-11
10 	 189 	 Ex 	 1 	 3.586245e-10 	 5.179939e-11
10 	 190 	 Ex 	 1 	 2.230713e-10 	 3.793364e-11
10 	 191 	 Ex 	 1 	 1.446176e-10 	 2.826395e-11
10 	 192 	 Ex 	 1 	 9.605504e-11 	 2.133163e-11
10 	 193 	 Ex 	 1 	 3.595709e-10 	 4.911947e-11
10 	 194 	 Ex 	 1 	 5.641203e-10 	 6.605200e-11
10 	 195 	 Ex 	 1 	 8.247465e-10 	 9.165060e-11
10 	 196 	 Ex 	 1 	 8.869594e-10 	 1.299807e-10
10 	 197 	 Ex 	 1 	 -7.203013e-10 	 1.883110e-10
10 	 198 	 Ex 	 1 	 -4.108825e-09 	 2.316854e-10
10 	 199 	 Ex 	 1 	 -2.858662e-09 	 2.174076e-10
10 	 200 	 Ex 	 1 	 2.663325e-10 	 1.620842e-10
10 	 201 	 Ex 	 1 	 8.541866e-10 	 1.147696e-10
10 	 202 	 Ex 	 1 	 7.139380e-10 	 8.759046e-11
10 	 203 	 Ex 	 1 	 5.220069e-10 	 7.053605e-11
10 	 204 	 Ex 	 1 	 3.777716e-10 	 5.766582e-11
10 	 205 	 Ex 	 1 	 2.621129e-10 	 4.554190e-11
10 	 206 	 Ex 	 1 	 1.754315e-10 	 3.447590e-11
10 	 207 	 Ex 	 1 	 1.193988e-10 	 2.659238e-11
10 	 208 	 Ex 	 1 	 8.225218e-11 	 2.054683e-11
10 	 209 	 Ex 	 1 	 2.060944e-10 	 4.477168e-11
10 	 210 	 Ex 	 1 	 2.530807e-10 	 5.804082e-11
10 	 211 	 Ex 	 1 	 2.312177e-10 	 7.556594e-11
10 	 212 	 Ex 	 1 	 -9.737959e-12 	 9.923699e-11
10 	 213 	 Ex 	 1 	 -7.041593e-10 	 1.266688e-10
10 	 214 	 Ex 	 1 	 -1.306583e-09 	 1.421578e-10
10 	 215 	 Ex 	 1 	 -1.192529e-09 	 1.406840e-10
10 	 216 	 Ex 	 1 	 -3.694499e-10 	 1.177409e-10
10 	 217 	 Ex 	 1 	 1.081137e-10 	 9.221237e-11
10 	 218 	 Ex 	 1 	 2.612640e-10 	 7.506758e-11
10 	 219 	 Ex 	 1 	 2.684704e-10 	 6.186592e-11
10 	 220 	 Ex 	 1 	 2.254749e-10 	 5.027184e-11
10 	 221 	 Ex 	 1 	 1.737462e-10 	 4.059985e-11
10 	 222 	 Ex 	 1 	 1.262585e-10 	 3.164330e-11
10 	 223 	 Ex 	 1 	 9.077065e-11 	 2.460062e-11
10 	 224 	 Ex 	 1 	 6.566626e-11 	 1.945150e-11
10 	 225 	 Ex 	 1 	 9.892921e-11 	 4.032322e-11
10 	 226 	 Ex 	 1 	 8.678685e-11 	 4.950215e-11
10 	 227 	 Ex 	 1 	 1.840328e-11 	 6.253432e-11
10 	 228 	 Ex 	 1 	 -1.585968e-10 	 7.762897e-11
10 	 229 	 Ex 	 1 	 -4.357170e-10 	 9.007017e-11
10 	 230 	 Ex 	 1 	 -5.821003e-10 	 9.656683e-11
10 	 231 	 Ex 	 1 	 -5.782361e-10 	 9.755086e-11
10 	 232 	 Ex 	 1 	 -3.129147e-10 	 8.727169e-11
10 	 233 	 Ex 	 1 	 -7.783718e-11 	 7.457088e-11
10 	 234 	 Ex 	 1 	 6.027008e-11 	 6.353036e-11
10 	 235 	 Ex 	 1 	 1.088618e-10 	 5.243261e-11
10 	 236 	 Ex 	 1 	 1.185920e-10 	 4.396711e-11
10 	 237 	 Ex 	 1 	 1.033847e-10 	 3.536210e-11
10 	 238 	 Ex 	 1 	 8.393844e-11 	 2.841865e-11
10 	 239 	 Ex 	 1 	 6.371426e-11 	 2.214606e-11
10 	 240 	 Ex 	 1 	 4.932147e-11 	 1.820640e-11
10 	 241 	 Ex 	 1 	 3.615020e-11 	 3.509984e-11
10 	 242 	 Ex 	 1 	 6.818034e-12 	 4.297649e-11
10 	 243 	 Ex 	 1 	 -5.301121e-11 	 5.155516e-11
10 	 244 	 Ex 	 1 	 -1.547031e-10 	 6.070386e-11
10 	 245 	 Ex 	 1 	 -2.717095e-10 	 6.733881e-11
10 	 246 	 Ex 	 1 	 -3.170350e-10 	 7.169339e-11
10 	 247 	 Ex 	 1 	 -3.238162e-10 	 7.180970e-11
10 	 248 	 Ex 	 1 	 -2.230587e-10 	 6.670831e-11
10 	 249 	 Ex 	 1 	 -1.051792e-10 	 5.953343e-11
10 	 250 	 Ex 	 1 	 -1.938709e-11 	 5.143602e-11
10 	 251 	 Ex 	 1 	 3.269679e-11 	 4.446086e-11
10 	 252 	 Ex 	 1 	 5.218399e-11 	 3.761906e-11
10 	 253 	 Ex 	 1 	 5.507430e-11 	 3.089712e-11
10 	 254 	 Ex 	 1 	 5.072577e-11 	 2.573871e-11
10 	 255 	 Ex 	 1 	 4.108292e-11 	 2.057772e-11
10 	 256 	 Ex 	 1 	 3.386381e-11 	 1.694336e-11
10 	 1 	 Ex 	 2 	 -4.615434e-11 	 1.881968e-11
10 	 2 	 Ex 	 2 	 -5.684737e-11 	 2.373534e-11
10 	 3 	 Ex 	 2 	 -6.733986e-11 	 2.862655e-11
10 	 4 	 Ex 	 2 	 -7.581456e-11 	 3.292270e-11
10 	 5 	 Ex 	 2 	 -8.319358e-11 	 3.617583e-11
10 	 6 	 Ex 	 2 	 -8.019384e-11 	 3.775164e-11
10 	 7 	 Ex 	 2 	 -8.827476e-11 	 3.748604e-11
10 	 8 	 Ex 	 2 	 -8.448674e-11 	 3.511624e-11
10 	 9 	 Ex 	 2 	 -7.850421e-11 	 3.136665e-11
10 	 10 	 Ex 	 2 	 -6.793488e-11 	 2.646859e-11
10 	 11 	 Ex 	 2 	 -5.720787e-11 	 2.200631e-11
10 	 12 	 Ex 	 2 	 -4.598770e-11 	 1.764583e-11
10 	 13 	 Ex 	 2 	 -3.494518e-11 	 1.354897e-11
10 	 14 	 Ex 	 2 	 -2.704753e-11 	 1.021270e-11
10 	 15 	 Ex 	 2 	 -1.872191e-11 	 7.209522e-12
10 	 16 	 Ex 	 2 	 -1.430348e-11 	 4.890908e-12
10 	 17 	 Ex 	 2 	 -5.142514e-11 	 2.398544e-11
10 	 18 	 Ex 	 2 	 -6.454839e-11 	 3.084143e-11
10 	 19 	 Ex 	 2 	 -7.958312e-11 	 3.832232e-11
10 	 20 	 Ex 	 2 	 -9.487940e-11 	 4.574672e-11
10 	 21 	 Ex 	 2 	 -1.044538e-10 	 5.029141e-11
10 	 22 	 Ex 	 2 	 -1.003850e-10 	 5.219375e-11
10 	 23 	 Ex 	 2 	 -1.119119e-10 	 5.254746e-11
10 	 24 	 Ex 	 2 	 -1.055132e-10 	 4.818331e-11
10 	 25 	 Ex 	 2 	 -9.646747e-11 	 4.232953e-11
10 	 26 	 Ex 	 2 	 -8.240210e-11 	 3.585716e-11
10 	 27 	 Ex 	 2 	 -6.576150e-11 	 2.894804e-11
10 	 28 	 Ex 	 2 	 -4.949240e-11 	 2.362752e-11
10 	 29 	 Ex 	 2 	 -3.641085e-11 	 1.852397e-11
10 	 30 	 Ex 	 2 	 -2.594613e-11 	 1.385029e-11
10 	 31 	 Ex 	 2 	 -1.688294e-11 	 9.657585e-12
10 	 32 	 Ex 	 2 	 -1.259641e-11 	 6.468832e-12
10 	 33 	 Ex 	 2 	 -5.570458e-11 	 3.049505e-11
10 	 34 	 Ex 	 2 	 -7.579208e-11 	 4.042587e-11
10 	 35 	 Ex 	 2 	 -9.766553e-11 	 5.181758e-11
10 	 36 	 Ex 	 2 	 -1.178558e-10 	 6.244509e-11
10 	 37 	 Ex 	 2 	 -1.344449e-10 	 7.079107e-11
10 	 38 	 Ex 	 2 	 -1.306248e-10 	 7.408078e-11
10 	 39 	 Ex 	 2 	 -1.461785e-10 	 7.396263e-11
10 	 40 	 Ex 	 2 	 -1.374321e-10 	 6.636160e-11
10 	 41 	 Ex 	 2 	 -1.237067e-10 	 5.707817e-11
10 	 42 	 Ex 	 2 	 -9.666615e-11 	 4.633590e-11
10 	 43 	 Ex 	 2 	 -7.309722e-11 	 3.882863e-11
10 	 44 	 Ex 	 2 	 -4.891968e-11 	 3.181883e-11
10 	 45 	 Ex 	 2 	 -3.169372e-11 	 2.502742e-11
10 	 46 	 Ex 	 2 	 -2.108624e-11 	 1.852596e-11
10 	 47 	 Ex 	 2 	 -1.265570e-11 	 1.288889e-11
10 	 48 	 Ex 	 2 	 -8.013824e-12 	 8.689090e-12
10 	 49 	 Ex 	 2 	 -5.320084e-11 	 3.868420e-11
10 	 50 	 Ex 	 2 	 -8.137255e-11 	 5.216860e-11
10 	 51 	 Ex 	 2 	 -1.160247e-10 	 6.859847e-11
10 	 52 	 Ex 	 2 	 -1.513244e-10 	 8.606389e-11
10 	 53 	 Ex 	 2 	 -1.809230e-10 	 1.010486e-10
10 	 54 	 Ex 	 2 	 -1.786105e-10 	 1.079180e-10
10 	 55 	 Ex 	 2 	 -1.995884e-10 	 1.042137e-10
10 	 56 	 Ex 	 2 	 -1.874776e-10 	 9.030973e-11
10 	 57 	 Ex 	 2 	 -1.579698e-10 	 7.465106e-11
10 	 58 	 Ex 	 2 	 -1.161854e-10 	 6.155041e-11
10 	 59 	 Ex 	 2 	 -7.326925e-11 	 5.199379e-11
10 	 60 	 Ex 	 2 	 -3.830160e-11 	 4.372900e-11
10 	 61 	 Ex 	 2 	 -2.016303e-11 	 3.438694e-11
10 	 62 	 Ex 	 2 	 -9.599273e-12 	 2.496236e-11
10 	 63 	 Ex 	 2 	 -4.639908e-12 	 1.736363e-11
10 	 64 	 Ex 	 2 	 -1.321307e-12 	 1.153981e-11
10 	 65 	 Ex 	 2 	 -3.825134e-11 	 4.851061e-11
10 	 66 	 Ex 	 2 	 -7.453602e-11 	 6.712390e-11
10 	 67 	 Ex 	 2 	 -1.302305e-10 	 9.238903e-11
10 	 68 	 Ex 	 2 	 -1.929478e-10 	 1.177095e-10
10 	 69 	 Ex 	 2 	 -2.573979e-10 	 1.465679e-10
10 	 70 	 Ex 	 2 	 -2.685396e-10 	 1.623479e-10
10 	 71 	 Ex 	 2 	 -2.871154e-10 	 1.479837e-10
10 	 72 	 Ex 	 2 	 -2.666218e-10 	 1.242431e-10
10 	 73 	 Ex 	 2 	 -2.019044e-10 	 9.808354e-11
10 	 74 	 Ex 	 2 	 -1.224301e-10 	 8.023424e-11
10 	 75 	 Ex 	 2 	 -5.379776e-11 	 6.933173e-11
10 	 76 	 Ex 	 2 	 -1.200596e-11 	 5.923749e-11
10 	 77 	 Ex 	 2 	 5.582706e-12 	 4.741493e-11
10 	 78 	 Ex 	 2 	 9.469724e-12 	 3.359932e-11
10 	 79 	 Ex 	 2 	 1.032462e-11 	 2.313765e-11
10 	 80 	 Ex 	 2 	 8.420753e-12 	 1.486671e-11
10 	 81 	 Ex 	 2 	 -3.797263e-12 	 6.084799e-11
10 	 82 	 Ex 	 2 	 -3.886597e-11 	 8.773849e-11
10 	 83 	 Ex 	 2 	 -1.138633e-10 	 1.233716e-10
10 	 84 	 Ex 	 2 	 -2.349387e-10 	 1.696248e-10
10 	 85 	 Ex 	 2 	 -3.953002e-10 	 2.182737e-10
10 	 86 	 Ex 	 2 	 -4.563584e-10 	 2.464703e-10
10 	 87 	 Ex 	 2 	 -4.781564e-10 	 2.263675e-10
10 	 88 	 Ex 	 2 	 -3.778955e-10 	 1.740630e-10
10 	 89 	 Ex 	 2 	 -2.363428e-10 	 1.321707e-10
10 	 90 	 Ex 	 2 	 -1.012079e-10 	 1.053670e-10
10 	 91 	 Ex 	 2 	 -4.222180e-13 	 9.141200e-11
10 	 92 	 Ex 	 2 	 3.774863e-11 	 7.831521e-11
10 	 93 	 Ex 	 2 	 4.705846e-11 	 6.137274e-11
10 	 94 	 Ex 	 2 	 3.958138e-11 	 4.438138e-11
10 	 95 	 Ex 	 2 	 2.883908e-11 	 2.853822e-11
10 	 96 	 Ex 	 2 	 2.175134e-11 	 1.888891e-11
10 	 97 	 Ex 	 2 	 7.441114e-11 	 7.429386e-11
10 	 98 	 Ex 	 2 	 6.575809e-11 	 1.086146e-10
10 	 99 	 Ex 	 2 	 1.004266e-11 	 1.643526e-10
10 	 100 	 Ex 	 2 	 -1.892540e-10 	 2.482815e-10
10 	 101 	 Ex 	 2 	 -6.306139e-10 	 3.381427e-10
10 	 102 	 Ex 	 2 	 -9.472804e-10 	 3.941631e-10
10 	 103 	 Ex 	 2 	 -8.884554e-10 	 3.582294e-10
10 	 104 	 Ex 	 2 	 -4.977095e-10 	 2.536417e-10
10 	 105 	 Ex 	 2 	 -1.767358e-10 	 1.800201e-10
10 	 106 	 Ex 	 2 	 1.119004e-11 	 1.382763e-10
10 	 107 	 Ex 	 2 	 1.015300e-10 	 1.171092e-10
10 	 108 	 Ex 	 2 	 1.312582e-10 	 1.023448e-10
10 	 109 	 Ex 	 2 	 1.090824e-10 	 7.868214e-11
10 	 110 	 Ex 	 2 	 8.021690e-11 	 5.496180e-11
10 	 111 	 Ex 	 2 	 5.427026e-11 	 3.607020e-11
10 	 112 	 Ex 	 2 	 3.633896e-11 	 2.309915e-11
10 	 113 	 Ex 	 2 	 2.024667e-10 	 8.850318e-11
10 	 114 	 Ex 	 2 	 3.138865e-10 	 1.384566e-10
10 	 115 	 Ex 	 2 	 4.306233e-10 	 2.213024e-10
10 	 116 	 Ex 	 2 	 3.329097e-10 	 3.587304e-10
10 	 117 	 Ex 	 2 	 -9.006589e-10 	 5.366411e-10
10 	 118 	 Ex 	 2 	 -2.489638e-09 	 6.472844e-10
10 	 119 	 Ex 	 2 	 -2.001973e-09 	 5.988654e-10
10 	 120 	 Ex 	 2 	 -3.509725e-10 	 3.872060e-10
10 	 121 	 Ex 	 2 	 2.158002e-10 	 2.532579e-10
10 	 122 	 Ex 	 2 	 3.309406e-10 	 1.885424e-10
10 	 123 	 Ex 	 2 	 3.083654e-10 	 1.513128e-10
10 	 124 	 Ex 	 2 	 2.597595e-10 	 1.267732e-10
10 	 125 	 Ex 	 2 	 1.922961e-10 	 9.734206e-11
10 	 126 	 Ex 	 2 	 1.243236e-10 	 6.551824e-11
10 	 127 	 Ex 	 2 	 8.004682e-11 	 4.250003e-11
10 	 128 	 Ex 	 2 	 5.205395e-11 	 2.696766e-11
10 	 129 	 Ex 	 2 	 3.732907e-10 	 1.024377e-10
10 	 130 	 Ex 	 2 	 6.952315e-10 	 1.656539e-10
10 	 131 	 Ex 	 2 	 1.382767e-09 	 2.843162e-10
10 	 132 	 Ex 	 2 	 2.529433e-09 	 5.135906e-10
10 	 133 	 Ex 	 2 	 1.509750e-09 	 9.100704e-10
10 	 134 	 Ex 	 2 	 -1.096870e-08 	 1.189355e-09
10 	 135 	 Ex 	 2 	 -4.440618e-09 	 1.095197e-09
10 	 136 	 Ex 	 2 	 2.267581e-09 	 6.185479e-10
10 	 137 	 Ex 	 2 	 1.573649e-09 	 3.487433e-10
10 	 138 	 Ex 	 2 	 9.575656e-10 	 2.441956e-10
10 	 139 	 Ex 	 2 	 6.053157e-10 	 1.849549e-10
10 	 140 	 Ex 	 2 	 4.106761e-10 	 1.484797e-10
10 	 141 	 Ex 	 2 	 2.739741e-10 	 1.120108e-10
10 	 142 	 Ex 	 2 	 1.663087e-10 	 7.341309e-11
10 	 143 	 Ex 	 2 	 1.019217e-10 	 4.703490e-11
10 	 144 	 Ex 	 2 	 6.461330e-11 	 2.952406e-11
10 	 145 	 Ex 	 2 	 5.172812e-10 	 1.131270e-10
10 	 146 	 Ex 	 2 	 1.097723e-09 	 1.856616e-10
10 	 147 	 Ex 	 2 	 2.676665e-09 	 3.314738e-10
10 	 148 	 Ex 	 2 	 8.591248e-09 	 6.880062e-10
10 	 149 	 Ex 	 2 	 3.331377e-08 	 1.593122e-09
10 	 150 	 Ex 	 2 	 -1.056702e-07 	 2.836140e-09
10 	 151 	 Ex 	 2 	 4.705839e-08 	 2.470643e-09
10 	 152 	 Ex 	 2 	 1.594095e-08 	 9.547482e-10
10 	 153 	 Ex 	 2 	 4.061813e-09 	 4.359375e-10
10 	 154 	 Ex 	 2 	 1.649222e-09 	 2.817430e-10
10 	 155 	 Ex 	 2 	 8.711071e-10 	 2.087955e-10
10 	 156 	 Ex 	 2 	 5.252089e-10 	 1.621313e-10
10 	 157 	 Ex 	 2 	 3.242426e-10 	 1.181323e-10
10 	 158 	 Ex 	 2 	 1.924485e-10 	 7.798413e-11
10 	 159 	 Ex 	 2 	 1.148142e-10 	 4.888861e-11
10 	 160 	 Ex 	 2 	 7.082026e-11 	 3.022058e-11
10 	 161 	 Ex 	 2 	 5.491275e-10 	 1.157170e-10
10 	 162 	 Ex 	 2 	 1.187956e-09 	 1.958983e-10
10 	 163 	 Ex 	 2 	 2.983211e-09 	 3.486122e-10
10 	 164 	 Ex 	 2 	 1.029514e-08 	 7.057588e-10
10 	 165 	 Ex 	 2 	 6.385415e-08 	 1.843840e-09
10 	 166 	 Ex 	 2 	 -1.320525e-07 	 6.123722e-09
10 	 167 	 Ex 	 2 	 2.810087e-07 	 3.492622e-09
10 	 168 	 Ex 	 2 	 2.403145e-08 	 1.075574e-09
10 	 169 	 Ex 	 2 	 5.059569e-09 	 4.778387e-10
10 	 170 	 Ex 	 2 	 1.830099e-09 	 2.898109e-10
10 	 171 	 Ex 	 2 	 9.387764e-10 	 2.143480e-10
10 	 172 	 Ex 	 2 	 5.511978e-10 	 1.633755e-10
10 	 173 	 Ex 	 2 	 3.299350e-10 	 1.163962e-10
10 	 174 	 Ex 	 2 	 1.926099e-10 	 7.646662e-11
10 	 175 	 Ex 	 2 	 1.118550e-10 	 4.683744e-11
10 	 176 	 Ex 	 2 	 7.055425e-11 	 2.946174e-11
10 	 177 	 Ex 	 2 	 4.478717e-10 	 1.127283e-10
10 	 178 	 Ex 	 2 	 8.858999e-10 	 1.854916e-10
10 	 179 	 Ex 	 2 	 1.856315e-09 	 3.142878e-10
10 	 180 	 Ex 	 2 	 4.079217e-09 	 5.585938e-10
10 	 181 	 Ex 	 2 	 7.023052e-09 	 1.123741e-09
10 	 182 	 Ex 	 2 	 -2.509413e-08 	 1.703543e-09
10 	 183 	 Ex 	 2 	 -3.861293e-09 	 1.473670e-09
10 	 184 	 Ex 	 2 	 5.991386e-09 	 7.938248e-10
10 	 185 	 Ex 	 2 	 2.697128e-09 	 4.238007e-10
10 	 186 	 Ex 	 2 	 1.297695e-09 	 2.716481e-10
10 	 187 	 Ex 	 2 	 7.334602e-10 	 1.985388e-10
10 	 188 	 Ex 	 2 	 4.495517e-10 	 1.486992e-10
10 	 189 	 Ex 	 2 	 2.809504e-10 	 1.076444e-10
10 	 190 	 Ex 	 2 	 1.648257e-10 	 6.995553e-11
10 	 191 	 Ex 	 2 	 1.009371e-10 	 4.486936e-11
10 	 192 	 Ex 	 2 	 6.357365e-11 	 2.800895e-11
10 	 193 	 Ex 	 2 	 2.858822e-10 	 1.051899e-10
10 	 194 	 Ex 	 2 	 4.728491e-10 	 1.640951e-10
10 	 195 	 Ex 	 2 	 7.139410e-10 	 2.605526e-10
10 	 196 	 Ex 	 2 	 7.571470e-10 	 4.128189e-10
10 	 197 	 Ex 	 2 	 -8.717352e-10 	 6.453652e-10
10 	 198 	 Ex 	 2 	 -4.271266e-09 	 8.193119e-10
10 	 199 	 Ex 	 2 	 -3.018633e-09 	 7.589988e-10
10 	 200 	 Ex 	 2 	 1.185440e-10 	 5.298694e-10
10 	 201 	 Ex 	 2 	 7.230396e-10 	 3.365406e-10
10 	 202 	 Ex 	 2 	 5.981080e-10 	 2.290660e-10
10 	 203 	 Ex 	 2 	 4.212989e-10 	 1.672683e-10
10 	 204 	 Ex 	 2 	 2.920128e-10 	 1.254459e-10
10 	 205 	 Ex 	 2 	 1.925223e-10 	 8.960875e-11
10 	 206 	 Ex 	 2 	 1.219752e-10 	 5.987847e-11
10 	 207 	 Ex 	 2 	 7.827414e-11 	 3.951710e-11
10 	 208 	 Ex 	 2 	 5.112722e-11 	 2.539306e-11
10 	 209 	 Ex 	 2 	 1.384688e-10 	 9.198933e-11
10 	 210 	 Ex 	 2 	 1.706099e-10 	 1.370233e-10
10 	 211 	 Ex 	 2 	 1.339401e-10 	 2.027782e-10
10 	 212 	 Ex 	 2 	 -1.228846e-10 	 2.942509e-10
10 	 213 	 Ex 	 2 	 -8.324030e-10 	 4.008174e-10
10 	 214 	 Ex 	 2 	 -1.441270e-09 	 4.620436e-10
10 	 215 	 Ex 	 2 	 -1.328729e-09 	 4.518529e-10
10 	 216 	 Ex 	 2 	 -4.970293e-10 	 3.571308e-10
10 	 217 	 Ex 	 2 	 -6.321347e-12 	 2.546048e-10
10 	 218 	 Ex 	 2 	 1.576371e-10 	 1.861406e-10
10 	 219 	 Ex 	 2 	 1.773602e-10 	 1.384264e-10
10 	 220 	 Ex 	 2 	 1.489635e-10 	 1.026153e-10
10 	 221 	 Ex 	 2 	 1.108015e-10 	 7.468832e-11
10 	 222 	 Ex 	 2 	 7.699669e-11 	 5.100304e-11
10 	 223 	 Ex 	 2 	 5.289723e-11 	 3.367885e-11
10 	 224 	 Ex 	 2 	 3.654634e-11 	 2.221473e-11
10 	 225 	 Ex 	 2 	 3.774971e-11 	 7.852940e-11
10 	 226 	 Ex 	 2 	 1.507256e-11 	 1.102064e-10
10 	 227 	 Ex 	 2 	 -6.685402e-11 	 1.556107e-10
10 	 228 	 Ex 	 2 	 -2.570911e-10 	 2.107492e-10
10 	 229 	 Ex 	 2 	 -5.425388e-10 	 2.592519e-10
10 	 230 	 Ex 	 2 	 -6.931957e-10 	 2.837659e-10
10 	 231 	 Ex 	 2 	 -6.914901e-10 	 2.835741e-10
10 	 232 	 Ex 	 2 	 -4.203519e-10 	 2.419391e-10
10 	 233 	 Ex 	 2 	 -1.772982e-10 	 1.906832e-10
10 	 234 	 Ex 	 2 	 -3.045781e-11 	 1.476140e-10
10 	 235 	 Ex 	 2 	 3.014601e-11 	 1.096799e-10
10 	 236 	 Ex 	 2 	 5.085387e-11 	 8.344812e-11
10 	 237 	 Ex 	 2 	 4.832328e-11 	 6.005930e-11
10 	 238 	 Ex 	 2 	 3.986937e-11 	 4.225237e-11
10 	 239 	 Ex 	 2 	 3.003287e-11 	 2.798019e-11
10 	 240 	 Ex 	 2 	 2.256654e-11 	 1.902145e-11
10 	 241 	 Ex 	 2 	 -1.708599e-11 	 6.374849e-11
10 	 242 	 Ex 	 2 	 -5.675371e-11 	 8.820080e-11
10 	 243 	 Ex 	 2 	 -1.267074e-10 	 1.166607e-10
10 	 244 	 Ex 	 2 	 -2.377940e-10 	 1.487400e-10
10 	 245 	 Ex 	 2 	 -3.605050e-10 	 1.738286e-10
10 	 246 	 Ex 	 2 	 -4.102312e-10 	 1.882939e-10
10 	 247 	 Ex 	 2 	 -4.177765e-10 	 1.865798e-10
10 	 248 	 Ex 	 2 	 -3.129940e-10 	 1.666721e-10
10 	 249 	 Ex 	 2 	 -1.890406e-10 	 1.388921e-10
10 	 250 	 Ex 	 2 	 -9.495234e-11 	 1.101615e-10
10 	 251 	 Ex 	 2 	 -3.472678e-11 	 8.642985e-11
10 	 252 	 Ex 	 2 	 -5.841994e-12 	 6.566971e-11
10 	 253 	 Ex 	 2 	 7.248047e-12 	 4.798495e-11
10 	 254 	 Ex 	 2 	 1.132913e-11 	 3.486914e-11
10 	 255 	 Ex 	 2 	 1.039615e-11 	 2.367224e-11
10 	 256 	 Ex 	 2 	 9.625936e-12 	 1.607257e-11
10 	 1 	 Ey 	 1 	 3.457497e-11 	 -3.310544e-12
10 	 2 	 Ey 	 1 	 3.390889e-11 	 -3.547674e-12
10 	 3 	 Ey 	 1 	 2.977863e-11 	 -3.344749e-12
10 	 4 	 Ey 	 1 	 2.220937e-11 	 -2.874789e-12
10 	 5 	 Ey 	 1 	 1.290644e-11 	 -2.660719e-12
10 	 6 	 Ey 	 1 	 -1.020584e-12 	 -2.261357e-12
10 	 7 	 Ey 	 1 	 -1.105006e-11 	 -1.714000e-12
10 	 8 	 Ey 	 1 	 -2.254980e-11 	 -1.105809e-12
10 	 9 	 Ey 	 1 	 -3.210066e-11 	 -4.055132e-13
10 	 10 	 Ey 	 1 	 -3.836362e-11 	 2.008846e-13
10 	 11 	 Ey 	 1 	 -4.195943e-11 	 8.047084e-13
10 	 12 	 Ey 	 1 	 -4.165926e-11 	 1.358955e-12
10 	 13 	 Ey 	 1 	 -3.916254e-11 	 1.708127e-12
10 	 14 	 Ey 	 1 	 -3.491575e-11 	 1.967447e-12
10 	 15 	 Ey 	 1 	 -3.070050e-11 	 1.813678e-12
10 	 16 	 Ey 	 1 	 -2.701524e-11 	 1.963171e-12
10 	 17 	 Ey 	 1 	 4.844346e-11 	 -3.750508e-12
10 	 18 	 Ey 	 1 	 4.713688e-11 	 -3.802784e-12
10 	 19 	 Ey 	 1 	 4.176154e-11 	 -3.730785e-12
10 	 20 	 Ey 	 1 	 3.266846e-11 	 -3.584041e-12
10 	 21 	 Ey 	 1 	 1.917008e-11 	 -3.446177e-12
10 	 22 	 Ey 	 1 	 -1.098508e-12 	 -2.952465e-12
10 	 23 	 Ey 	 1 	 -1.776012e-11 	 -2.083343e-12
10 	 24 	 Ey 	 1 	 -3.501218e-11 	 -1.698723e-12
10 	 25 	 Ey 	 1 	 -4.961122e-11 	 -1.109162e-12
10 	 26 	 Ey 	 1 	 -5.944334e-11 	 -4.291437e-13
10 	 27 	 Ey 	 1 	 -6.237959e-11 	 3.368857e-13
10 	 28 	 Ey 	 1 	 -5.975122e-11 	 9.874414e-13
10 	 29 	 Ey 	 1 	 -5.300951e-11 	 1.688971e-12
10 	 30 	 Ey 	 1 	 -4.604888e-11 	 1.993055e-12
10 	 31 	 Ey 	 1 	 -3.928275e-11 	 1.772603e-12
10 	 32 	 Ey 	 1 	 -3.252041e-11 	 1.985835e-12
10 	 33 	 Ey 	 1 	 6.675988e-11 	 -4.510329e-12
10 	 34 	 Ey 	 1 	 7.062359e-11 	 -4.721662e-12
10 	 35 	 Ey 	 1 	 6.508993e-11 	 -4.806696e-12
10 	 36 	 Ey 	 1 	 5.076338e-11 	 -4.328900e-12
10 	 37 	 Ey 	 1 	 2.939174e-11 	 -4.125059e-12
10 	 38 	 Ey 	 1 	 -2.360770e-12 	 -3.599024e-12
10 	 39 	 Ey 	 1 	 -2.853291e-11 	 -2.917492e-12
10 	 40 	 Ey 	 1 	 -5.875013e-11 	 -2.325644e-12
10 	 41 	 Ey 	 1 	 -8.320582e-11 	 -1.868026e-12
10 	 42 	 Ey 	 1 	 -9.599751e-11 	 -1.623955e-12
10 	 43 	 Ey 	 1 	 -9.744139e-11 	 -8.282467e-13
10 	 44 	 Ey 	 1 	 -8.837015e-11 	 5.270117e-14
10 	 45 	 Ey 	 1 	 -7.368912e-11 	 9.727576e-13
10 	 46 	 Ey 	 1 	 -6.013941e-11 	 1.637723e-12
10 	 47 	 Ey 	 1 	 -4.816638e-11 	 1.604096e-12
10 	 48 	 Ey 	 1 	 -3.833097e-11 	 1.752600e-12
10 	 49 	 Ey 	 1 	 9.353001e-11 	 -5.052099e-12
10 	 50 	 Ey 	 1 	 1.069260e-10 	 -5.565399e-12
10 	 51 	 Ey 	 1 	 1.059654e-10 	 -5.875058e-12
10 	 52 	 Ey 	 1 	 8.855541e-11 	 -5.587419e-12
10 	 53 	 Ey 	 1 	 5.521147e-11 	 -5.573763e-12
10 	 54 	 Ey 	 1 	 -3.362618e-12 	 -3.976433e-12
10 	 55 	 Ey 	 1 	 -5.331787e-11 	 -2.409638e-12
10 	 56 	 Ey 	 1 	 -1.037371e-10 	 -2.867133e-12
10 	 57 	 Ey 	 1 	 -1.434198e-10 	 -2.855563e-12
10 	 58 	 Ey 	 1 	 -1.600219e-10 	 -2.963004e-12
10 	 59 	 Ey 	 1 	 -1.519919e-10 	 -2.632296e-12
10 	 60 	 Ey 	 1 	 -1.300109e-10 	 -1.856212e-12
10 	 61 	 Ey 	 1 	 -1.015527e-10 	 -1.486916e-14
10 	 62 	 Ey 	 1 	 -7.595499e-11 	 8.976159e-13
10 	 63 	 Ey 	 1 	 -5.705516e-11 	 1.529484e-12
10 	 64 	 Ey 	 1 	 -4.323054e-11 	 1.664651e-12
10 	 65 	 Ey 	 1 	 1.331194e-10 	 -5.452079e-12
10 	 66 	 Ey 	 1 	 1.630509e-10 	 -6.582374e-12
10 	 67 	 Ey 	 1 	 1.821752e-10 	 -7.263748e-12
10 	 68 	 Ey 	 1 	 1.711836e-10 	 -8.101411e-12
10 	 69 	 Ey 	 1 	 1.172135e-10 	 -7.916655e-12
10 	 70 	 Ey 	 1 	 2.584300e-12 	 -4.672925e-12
10 	 71 	 Ey 	 1 	 -1.008640e-10 	 -2.218891e-12
10 	 72 	 Ey 	 1 	 -1.936971e-10 	 -2.639493e-12
10 	 73 	 Ey 	 1 	 -2.504598e-10 	 -3.688685e-12
10 	 74 	 Ey 	 1 	 -2.556614e-10 	 -4.540777e-12
10 	 75 	 Ey 	 1 	 -2.217087e-10 	 -4.554724e-12
10 	 76 	 Ey 	 1 	 -1.770135e-10 	 -3.293738e-12
10 	 77 	 Ey 	 1 	 -1.314246e-10 	 -1.395886e-12
10 	 78 	 Ey 	 1 	 -9.304871e-11 	 4.266229e-13
10 	 79 	 Ey 	 1 	 -6.684129e-11 	 1.009009e-12
10 	 80 	 Ey 	 1 	 -4.821791e-11 	 1.440640e-12
10 	 81 	 Ey 	 1 	 1.853159e-10 	 -5.998660e-12
10 	 82 	 Ey 	 1 	 2.491376e-10 	 -7.643721e-12
10 	 83 	 Ey 	 1 	 3.265449e-10 	 -9.489144e-12
10 	 84 	 Ey 	 1 	 3.666739e-10 	 -1.101674e-11
10 	 85 	 Ey 	 1 	 2.969359e-10 	 -1.145353e-11
10 	 86 	 Ey 	 1 	 3.627275e-11 	 -5.301189e-12
10 	 87 	 Ey 	 1 	 -2.175928e-10 	 -1.182053e-12
10 	 88 	 Ey 	 1 	 -3.865513e-10 	 -9.563034e-13
10 	 89 	 Ey 	 1 	 -4.281951e-10 	 -3.250557e-12
10 	 90 	 Ey 	 1 	 -3.875301e-10 	 -5.026558e-12
10 	 91 	 Ey 	 1 	 -3.136536e-10 	 -6.102444e-12
10 	 92 	 Ey 	 1 	 -2.329249e-10 	 -3.956448e-12
10 	 93 	 Ey 	 1 	 -1.590196e-10 	 -1.996173e-12
10 	 94 	 Ey 	 1 	 -1.067784e-10 	 -1.417658e-13
10 	 95 	 Ey 	 1 	 -7.171576e-11 	 6.316226e-13
10 	 96 	 Ey 	 1 	 -5.049798e-11 	 9.434120e-13
10 	 97 	 Ey 	 1 	 2.437073e-10 	 -5.601009e-12
10 	 98 	 Ey 	 1 	 3.838707e-10 	 -8.339126e-12
10 	 99 	 Ey 	 1 	 5.990492e-10 	 -1.067130e-11
10 	 100 	 Ey 	 1 	 8.215073e-10 	 -1.347877e-11
10 	 101 	 Ey 	 1 	 8.135859e-10 	 -1.458116e-11
10 	 102 	 Ey 	 1 	 2.062110e-10 	 -7.972309e-12
10 	 103 	 Ey 	 1 	 -5.623549e-10 	 1.596306e-12
10 	 104 	 Ey 	 1 	 -8.729821e-10 	 7.679920e-13
10 	 105 	 Ey 	 1 	 -8.002534e-10 	 -3.398896e-12
10 	 106 	 Ey 	 1 	 -5.997650e-10 	 -5.477980e-12
10 	 107 	 Ey 	 1 	 -4.154483e-10 	 -5.865736e-12
10 	 108 	 Ey 	 1 	 -2.802404e-10 	 -4.768259e-12
10 	 109 	 Ey 	 1 	 -1.732465e-10 	 -1.580003e-12
10 	 110 	 Ey 	 1 	 -1.110756e-10 	 -6.605237e-13
10 	 111 	 Ey 	 1 	 -7.359525e-11 	 2.603001e-14
10 	 112 	 Ey 	 1 	 -4.834370e-11 	 8.241868e-13
10 	 113 	 Ey 	 1 	 2.808452e-10 	 -5.298391e-12
10 	 114 	 Ey 	 1 	 5.257408e-10 	 -7.288112e-12
10 	 115 	 Ey 	 1 	 9.880609e-10 	 -1.042814e-11
10 	 116 	 Ey 	 1 	 1.815918e-09 	 -1.312901e-11
10 	 117 	 Ey 	 1 	 2.421884e-09 	 -1.770323e-11
10 	 118 	 Ey 	 1 	 8.798475e-10 	 -9.657084e-12
10 	 119 	 Ey 	 1 	 -1.943143e-09 	 2.905254e-12
10 	 120 	 Ey 	 1 	 -2.236267e-09 	 2.934048e-12
10 	 121 	 Ey 	 1 	 -1.468754e-09 	 -3.578786e-12
10 	 122 	 Ey 	 1 	 -8.554603e-10 	 -5.940475e-12
10 	 123 	 Ey 	 1 	 -4.998645e-10 	 -5.966368e-12
10 	 124 	 Ey 	 1 	 -2.943564e-10 	 -4.038779e-12
10 	 125 	 Ey 	 1 	 -1.715047e-10 	 -1.860243e-12
10 	 126 	 Ey 	 1 	 -9.979600e-11 	 -2.286813e-13
10 	 127 	 Ey 	 1 	 -6.275837e-11 	 1.354956e-13
10 	 128 	 Ey 	 1 	 -4.130455e-11 	 3.485986e-13
10 	 129 	 Ey 	 1 	 2.604566e-10 	 -3.798573e-12
10 	 130 	 Ey 	 1 	 5.396336e-10 	 -6.626293e-12
10 	 131 	 Ey 	 1 	 1.310811e-09 	 -9.362189e-12
10 	 132 	 Ey 	 1 	 3.598492e-09 	 -1.339216e-11
10 	 133 	 Ey 	 1 	 9.360837e-09 	 -1.714231e-11
10 	 134 	 Ey 	 1 	 6.059504e-09 	 -1.014253e-11
10 	 135 	 Ey 	 1 	 -1.082217e-08 	 4.906245e-12
10 	 136 	 Ey 	 1 	 -5.983857e-09 	 2.306472e-12
10 	 137 	 Ey 	 1 	 -2.227300e-09 	 -2.768514e-12
10 	 138 	 Ey 	 1 	 -9.496481e-10 	 -4.999925e-12
10 	 139 	 Ey 	 1 	 -4.607647e-10 	 -4.468083e-12
10 	 140 	 Ey 	 1 	 -2.420159e-10 	 -2.438510e-12
10 	 141 	 Ey 	 1 	 -1.294935e-10 	 -6.365807e-13
10 	 142 	 Ey 	 1 	 -7.354140e-11 	 -1.549888e-14
10 	 143 	 Ey 	 1 	 -4.311110e-11 	 5.003393e-13
10 	 144 	 Ey 	 1 	 -2.894435e-11 	 2.428690e-13
10 	 145 	 Ey 	 1 	 1.328025e-10 	 -2.333588e-12
10 	 146 	 Ey 	 1 	 3.358244e-10 	 -2.402527e-12
10 	 147 	 Ey 	 1 	 9.062726e-10 	 -4.721617e-12
10 	 148 	 Ey 	 1 	 3.749971e-09 	 -6.773257e-12
10 	 149 	 Ey 	 1 	 2.764732e-08 	 -1.086589e-11
10 	 150 	 Ey 	 1 	 5.613642e-08 	 1.827846e-11
10 	 151 	 Ey 	 1 	 -1.047884e-07 	 -5.030365e-11
10 	 152 	 Ey 	 1 	 -9.961985e-09 	 -5.632231e-12
10 	 153 	 Ey 	 1 	 -1.766653e-09 	 -1.603613e-12
10 	 154 	 Ey 	 1 	 -5.639026e-10 	 -1.817498e-12
10 	 155 	 Ey 	 1 	 -2.300483e-10 	 -7.734601e-13
10 	 156 	 Ey 	 1 	 -9.814950e-11 	 9.105343e-13
10 	 157 	 Ey 	 1 	 -4.636118e-11 	 9.640563e-13
10 	 158 	 Ey 	 1 	 -2.574491e-11 	 5.979692e-13
10 	 159 	 Ey 	 1 	 -1.530901e-11 	 4.719389e-13
10 	 160 	 Ey 	 1 	 -1.095163e-11 	 1.283988e-13
10 	 161 	 Ey 	 1 	 -2.847790e-11 	 2.719271e-13
10 	 162 	 Ey 	 1 	 -9.620548e-11 	 1.510484e-12
10 	 163 	 Ey 	 1 	 -3.477471e-10 	 3.451127e-12
10 	 164 	 Ey 	 1 	 -2.036153e-09 	 1.914150e-12
10 	 165 	 Ey 	 1 	 -1.979319e-08 	 -7.457833e-12
10 	 166 	 Ey 	 1 	 -3.356592e-06 	 -2.437613e-10
10 	 167 	 Ey 	 1 	 1.316251e-07 	 4.015446e-11
10 	 168 	 Ey 	 1 	 5.491974e-09 	 -1.513066e-11
10 	 169 	 Ey 	 1 	 8.962453e-10 	 -3.797203e-12
10 	 170 	 Ey 	 1 	 3.449910e-10 	 2.692403e-12
10 	 171 	 Ey 	 1 	 1.850401e-10 	 4.550417e-12
10 	 172 	 Ey 	 1 	 1.069406e-10 	 3.687757e-12
10 	 173 	 Ey 	 1 	 6.452994e-11 	 2.288533e-12
10 	 174 	 Ey 	 1 	 3.805150e-11 	 9.693592e-13
10 	 175 	 Ey 	 1 	 2.199052e-11 	 1.998569e-14
10 	 176 	 Ey 	 1 	 1.325441e-11 	 -5.003560e-13
10 	 177 	 Ey 	 1 	 -2.033368e-10 	 3.588495e-12
10 	 178 	 Ey 	 1 	 -4.662131e-10 	 5.846454e-12
10 	 179 	 Ey 	 1 	 -1.238971e-09 	 9.111965e-12
10 	 180 	 Ey 	 1 	 -4.009249e-09 	 1.557393e-11
10 	 181 	 Ey 	 1 	 -1.651826e-08 	 1.573200e-11
10 	 182 	 Ey 	 1 	 -1.823804e-08 	 -6.203246e-12
10 	 183 	 Ey 	 1 	 2.786167e-08 	 -5.317594e-12
10 	 184 	 Ey 	 1 	 8.659705e-09 	 -1.250071e-11
10 	 185 	 Ey 	 1 	 2.365242e-09 	 -1.179130e-12
10 	 186 	 Ey 	 1 	 9.172553e-10 	 5.696376e-12
10 	 187 	 Ey 	 1 	 4.384651e-10 	 6.911135e-12
10 	 188 	 Ey 	 1 	 2.379884e-10 	 6.104286e-12
10 	 189 	 Ey 	 1 	 1.272673e-10 	 3.312419e-12
10 	 190 	 Ey 	 1 	 6.552791e-11 	 4.706860e-13
10 	 191 	 Ey 	 1 	 3.730664e-11 	 -3.267212e-13
10 	 192 	 Ey 	 1 	 2.249338e-11 	 -5.629525e-13
10 	 193 	 Ey 	 1 	 -2.677486e-10 	 5.843410e-12
10 	 194 	 Ey 	 1 	 -5.278277e-10 	 7.630042e-12
10 	 195 	 Ey 	 1 	 -1.134495e-09 	 1.118660e-11
10 	 196 	 Ey 	 1 	 -2.434625e-09 	 1.407436e-11
10 	 197 	 Ey 	 1 	 -4.005780e-09 	 1.935979e-11
10 	 198 	 Ey 	 1 	 -1.544390e-09 	 8.586328e-12
10 	 199 	 Ey 	 1 	 3.743648e-09 	 -7.110046e-12
10 	 200 	 Ey 	 1 	 3.507732e-09 	 -6.813516e-12
10 	 201 	 Ey 	 1 	 1.872372e-09 	 1.789053e-13
10 	 202 	 Ey 	 1 	 9.495301e-10 	 5.370798e-12
10 	 203 	 Ey 	 1 	 5.126068e-10 	 6.169819e-12
10 	 204 	 Ey 	 1 	 2.928906e-10 	 4.550322e-12
10 	 205 	 Ey 	 1 	 1.662073e-10 	 2.195300e-12
10 	 206 	 Ey 	 1 	 9.627876e-11 	 4.818116e-13
10 	 207 	 Ey 	 1 	 5.535693e-11 	 -6.889678e-13
10 	 208 	 Ey 	 1 	 3.458579e-11 	 -1.112223e-12
10 	 209 	 Ey 	 1 	 -2.586375e-10 	 6.264139e-12
10 	 210 	 Ey 	 1 	 -4.346445e-10 	 8.234242e-12
10 	 211 	 Ey 	 1 	 -7.202025e-10 	 1.133311e-11
10 	 212 	 Ey 	 1 	 -1.109569e-09 	 1.355864e-11
10 	 213 	 Ey 	 1 	 -1.185079e-09 	 1.445888e-11
10 	 214 	 Ey 	 1 	 -2.853460e-10 	 8.259599e-12
10 	 215 	 Ey 	 1 	 9.018045e-10 	 8.849794e-13
10 	 216 	 Ey 	 1 	 1.319582e-09 	 -1.694830e-12
10 	 217 	 Ey 	 1 	 1.038650e-09 	 -3.881841e-13
10 	 218 	 Ey 	 1 	 6.852842e-10 	 2.501603e-12
10 	 219 	 Ey 	 1 	 4.359501e-10 	 3.295842e-12
10 	 220 	 Ey 	 1 	 2.699742e-10 	 2.086892e-12
10 	 221 	 Ey 	 1 	 1.651035e-10 	 1.819523e-13
10 	 222 	 Ey 	 1 	 1.014980e-10 	 -8.270386e-13
10 	 223 	 Ey 	 1 	 6.487894e-11 	 -1.091869e-12
10 	 224 	 Ey 	 1 	 4.169754e-11 	 -1.391521e-12
10 	 225 	 Ey 	 1 	 -2.111539e-10 	 6.482294e-12
10 	 226 	 Ey 	 1 	 -3.118115e-10 	 7.628898e-12
10 	 227 	 Ey 	 1 	 -4.329916e-10 	 9.358653e-12
10 	 228 	 Ey 	 1 	 -5.143446e-10 	 1.078613e-11
10 	 229 	 Ey 	 1 	 -4.406782e-10 	 1.104743e-11
10 	 230 	 Ey 	 1 	 -8.509210e-11 	 7.074584e-12
10 	 231 	 Ey 	 1 	 3.135192e-10 	 2.680314e-12
10 	 232 	 Ey 	 1 	 5.466038e-10 	 6.810766e-13
10 	 233 	 Ey 	 1 	 5.452596e-10 	 1.808019e-13
10 	 234 	 Ey 	 1 	 4.349368e-10 	 9.344625e-13
10 	 235 	 Ey 	 1 	 3.122619e-10 	 4.264237e-13
10 	 236 	 Ey 	 1 	 2.151858e-10 	 -3.180198e-13
10 	 237 	 Ey 	 1 	 1.432014e-10 	 -1.083363e-12
10 	 238 	 Ey 	 1 	 9.643064e-11 	 -1.291035e-12
10 	 239 	 Ey 	 1 	 6.666167e-11 	 -1.311527e-12
10 	 240 	 Ey 	 1 	 4.501603e-11 	 -1.521203e-12
10 	 241 	 Ey 	 1 	 -1.612481e-10 	 5.998627e-12
10 	 242 	 Ey 	 1 	 -2.080866e-10 	 7.235536e-12
10 	 243 	 Ey 	 1 	 -2.545827e-10 	 8.086052e-12
10 	 244 	 Ey 	 1 	 -2.690900e-10 	 8.358259e-12
10 	 245 	 Ey 	 1 	 -1.970390e-10 	 7.354693e-12
10 	 246 	 Ey 	 1 	 -1.965897e-11 	 5.201798e-12
10 	 247 	 Ey 	 1 	 1.407766e-10 	 3.497022e-12
10 	 248 	 Ey 	 1 	 2.652367e-10 	 1.448663e-12
10 	 249 	 Ey 	 1 	 2.987703e-10 	 5.885848e-13
10 	 250 	 Ey 	 1 	 2.678255e-10 	 -3.643977e-15
10 	 251 	 Ey 	 1 	 2.212527e-10 	 -3.182709e-13
10 	 252 	 Ey 	 1 	 1.639360e-10 	 -1.131200e-12
10 	 253 	 Ey 	 1 	 1.188152e-10 	 -1.548965e-12
10 	 254 	 Ey 	 1 	 8.490034e-11 	 -1.762591e-12
10 	 255 	 Ey 	 1 	 6.108737e-11 	 -2.030332e-12
10 	 256 	 Ey 	 1 	 4.389418e-11 	 -2.052040e-12
10 	 1 	 Ey 	 2 	 3.908467e-11 	 -9.860701e-12
10 	 2 	 Ey 	 2 	 3.868770e-11 	 -1.044924e-11
10 	 3 	 Ey 	 2 	 3.430348e-11 	 -9.725506e-12
10 	 4 	 Ey 	 2 	 2.627458e-11 	 -7.951670e-12
10 	 5 	 Ey 	 2 	 1.702077e-11 	 -5.756545e-12
10 	 6 	 Ey 	 2 	 2.988192e-12 	 -2.813183e-12
10 	 7 	 Ey 	 2 	 -7.320878e-12 	 2.756114e-13
10 	 8 	 Ey 	 2 	 -1.937774e-11 	 3.079251e-12
10 	 9 	 Ey 	 2 	 -2.985360e-11 	 4.905434e-12
10 	 10 	 Ey 	 2 	 -3.719771e-11 	 5.715776e-12
10 	 11 	 Ey 	 2 	 -4.194173e-11 	 5.762037e-12
10 	 12 	 Ey 	 2 	 -4.280579e-11 	 5.475735e-12
10 	 13 	 Ey 	 2 	 -4.110091e-11 	 5.049604e-12
10 	 14 	 Ey 	 2 	 -3.740464e-11 	 4.592930e-12
10 	 15 	 Ey 	 2 	 -3.314916e-11 	 4.030687e-12
10 	 16 	 Ey 	 2 	 -2.961402e-11 	 3.467931e-12
10 	 17 	 Ey 	 2 	 5.325991e-11 	 -1.244837e-11
10 	 18 	 Ey 	 2 	 5.176962e-11 	 -1.354451e-11
10 	 19 	 Ey 	 2 	 4.626822e-11 	 -1.321252e-11
10 	 20 	 Ey 	 2 	 3.726418e-11 	 -1.162996e-11
10 	 21 	 Ey 	 2 	 2.423599e-11 	 -8.770808e-12
10 	 22 	 Ey 	 2 	 4.123694e-12 	 -4.579665e-12
10 	 23 	 Ey 	 2 	 -1.284981e-11 	 3.666782e-13
10 	 24 	 Ey 	 2 	 -2.999585e-11 	 3.699500e-12
10 	 25 	 Ey 	 2 	 -4.536598e-11 	 5.455327e-12
10 	 26 	 Ey 	 2 	 -5.655076e-11 	 5.932276e-12
10 	 27 	 Ey 	 2 	 -6.118860e-11 	 5.387909e-12
10 	 28 	 Ey 	 2 	 -6.004598e-11 	 4.901230e-12
10 	 29 	 Ey 	 2 	 -5.474466e-11 	 4.860070e-12
10 	 30 	 Ey 	 2 	 -4.849261e-11 	 4.594565e-12
10 	 31 	 Ey 	 2 	 -4.155430e-11 	 3.821072e-12
10 	 32 	 Ey 	 2 	 -3.510828e-11 	 3.269092e-12
10 	 33 	 Ey 	 2 	 7.225349e-11 	 -1.549092e-11
10 	 34 	 Ey 	 2 	 7.593066e-11 	 -1.755593e-11
10 	 35 	 Ey 	 2 	 7.018594e-11 	 -1.830052e-11
10 	 36 	 Ey 	 2 	 5.539839e-11 	 -1.638652e-11
10 	 37 	 Ey 	 2 	 3.471742e-11 	 -1.277385e-11
10 	 38 	 Ey 	 2 	 3.974330e-12 	 -6.434747e-12
10 	 39 	 Ey 	 2 	 -2.143212e-11 	 -9.348930e-14
10 	 40 	 Ey 	 2 	 -5.153000e-11 	 4.099612e-12
10 	 41 	 Ey 	 2 	 -7.670964e-11 	 5.017988e-12
10 	 42 	 Ey 	 2 	 -9.066262e-11 	 3.727631e-12
10 	 43 	 Ey 	 2 	 -9.421431e-11 	 2.635574e-12
10 	 44 	 Ey 	 2 	 -8.712250e-11 	 2.588764e-12
10 	 45 	 Ey 	 2 	 -7.426602e-11 	 3.184349e-12
10 	 46 	 Ey 	 2 	 -6.203470e-11 	 3.460692e-12
10 	 47 	 Ey 	 2 	 -5.017076e-11 	 2.970624e-12
10 	 48 	 Ey 	 2 	 -4.063076e-11 	 2.707456e-12
10 	 49 	 Ey 	 2 	 9.913877e-11 	 -1.876836e-11
10 	 50 	 Ey 	 2 	 1.124903e-10 	 -2.188454e-11
10 	 51 	 Ey 	 2 	 1.113063e-10 	 -2.377715e-11
10 	 52 	 Ey 	 2 	 9.352415e-11 	 -2.284829e-11
10 	 53 	 Ey 	 2 	 6.137259e-11 	 -1.943985e-11
10 	 54 	 Ey 	 2 	 3.347636e-12 	 -8.571423e-12
10 	 55 	 Ey 	 2 	 -4.580685e-11 	 2.236151e-12
10 	 56 	 Ey 	 2 	 -9.434992e-11 	 4.001788e-12
10 	 57 	 Ey 	 2 	 -1.346089e-10 	 2.725943e-12
10 	 58 	 Ey 	 2 	 -1.524675e-10 	 -6.940760e-13
10 	 59 	 Ey 	 2 	 -1.461305e-10 	 -2.738246e-12
10 	 60 	 Ey 	 2 	 -1.259922e-10 	 -2.649448e-12
10 	 61 	 Ey 	 2 	 -1.007346e-10 	 -2.355253e-14
10 	 62 	 Ey 	 2 	 -7.680725e-11 	 1.375667e-12
10 	 63 	 Ey 	 2 	 -5.900092e-11 	 2.163884e-12
10 	 64 	 Ey 	 2 	 -4.547868e-11 	 2.307351e-12
10 	 65 	 Ey 	 2 	 1.384258e-10 	 -2.166118e-11
10 	 66 	 Ey 	 2 	 1.688216e-10 	 -2.659083e-11
10 	 67 	 Ey 	 2 	 1.878221e-10 	 -3.024006e-11
10 	 68 	 Ey 	 2 	 1.775949e-10 	 -3.281270e-11
10 	 69 	 Ey 	 2 	 1.248160e-10 	 -2.890901e-11
10 	 70 	 Ey 	 2 	 9.772040e-12 	 -1.198600e-11
10 	 71 	 Ey 	 2 	 -9.248472e-11 	 3.243179e-12
10 	 72 	 Ey 	 2 	 -1.832764e-10 	 4.873602e-12
10 	 73 	 Ey 	 2 	 -2.397954e-10 	 -1.626773e-13
10 	 74 	 Ey 	 2 	 -2.459947e-10 	 -6.440347e-12
10 	 75 	 Ey 	 2 	 -2.134726e-10 	 -9.275130e-12
10 	 76 	 Ey 	 2 	 -1.713136e-10 	 -7.775139e-12
10 	 77 	 Ey 	 2 	 -1.288896e-10 	 -4.145698e-12
10 	 78 	 Ey 	 2 	 -9.339762e-11 	 -6.058064e-13
10 	 79 	 Ey 	 2 	 -6.815342e-11 	 8.807276e-13
10 	 80 	 Ey 	 2 	 -5.016473e-11 	 1.656971e-12
10 	 81 	 Ey 	 2 	 1.905812e-10 	 -2.375990e-11
10 	 82 	 Ey 	 2 	 2.550414e-10 	 -3.123865e-11
10 	 83 	 Ey 	 2 	 3.333907e-10 	 -3.882896e-11
10 	 84 	 Ey 	 2 	 3.749014e-10 	 -4.352494e-11
10 	 85 	 Ey 	 2 	 3.067157e-10 	 -4.267494e-11
10 	 86 	 Ey 	 2 	 4.367067e-11 	 -1.562368e-11
10 	 87 	 Ey 	 2 	 -2.093627e-10 	 5.546113e-12
10 	 88 	 Ey 	 2 	 -3.766586e-10 	 9.315822e-12
10 	 89 	 Ey 	 2 	 -4.176306e-10 	 -4.825387e-13
10 	 90 	 Ey 	 2 	 -3.776094e-10 	 -9.924406e-12
10 	 91 	 Ey 	 2 	 -3.038333e-10 	 -1.491581e-11
10 	 92 	 Ey 	 2 	 -2.270183e-10 	 -1.159259e-11
10 	 93 	 Ey 	 2 	 -1.561026e-10 	 -6.655815e-12
10 	 94 	 Ey 	 2 	 -1.065545e-10 	 -2.273286e-12
10 	 95 	 Ey 	 2 	 -7.258206e-11 	 -2.541116e-14
10 	 96 	 Ey 	 2 	 -5.174067e-11 	 7.078097e-13
10 	 97 	 Ey 	 2 	 2.482226e-10 	 -2.223709e-11
10 	 98 	 Ey 	 2 	 3.898347e-10 	 -3.334409e-11
10 	 99 	 Ey 	 2 	 6.060835e-10 	 -4.301705e-11
10 	 100 	 Ey 	 2 	 8.304457e-10 	 -5.312918e-11
10 	 101 	 Ey 	 2 	 8.243722e-10 	 -5.540854e-11
10 	 102 	 Ey 	 2 	 2.159296e-10 	 -2.616595e-11
10 	 103 	 Ey 	 2 	 -5.553699e-10 	 1.393200e-11
10 	 104 	 Ey 	 2 	 -8.635922e-10 	 1.357961e-11
10 	 105 	 Ey 	 2 	 -7.896301e-10 	 -3.425783e-12
10 	 106 	 Ey 	 2 	 -5.903994e-10 	 -1.436183e-11
10 	 107 	 Ey 	 2 	 -4.075590e-10 	 -1.822295e-11
10 	 108 	 Ey 	 2 	 -2.741139e-10 	 -1.537084e-11
10 	 109 	 Ey 	 2 	 -1.713293e-10 	 -6.750255e-12
10 	 110 	 Ey 	 2 	 -1.102394e-10 	 -3.223829e-12
10 	 111 	 Ey 	 2 	 -7.365257e-11 	 -1.416014e-12
10 	 112 	 Ey 	 2 	 -4.947793e-11 	 2.911490e-13
10 	 113 	 Ey 	 2 	 2.850464e-10 	 -2.031489e-11
10 	 114 	 Ey 	 2 	 5.303882e-10 	 -2.926030e-11
10 	 115 	 Ey 	 2 	 9.940679e-10 	 -4.177020e-11
10 	 116 	 Ey 	 2 	 1.823332e-09 	 -5.215212e-11
10 	 117 	 Ey 	 2 	 2.432248e-09 	 -6.907123e-11
10 	 118 	 Ey 	 2 	 8.899912e-10 	 -3.446314e-11
10 	 119 	 Ey 	 2 	 -1.935262e-09 	 1.746640e-11
10 	 120 	 Ey 	 2 	 -2.228048e-09 	 1.825502e-11
10 	 121 	 Ey 	 2 	 -1.459038e-09 	 -7.710587e-12
10 	 122 	 Ey 	 2 	 -8.472867e-10 	 -1.944035e-11
10 	 123 	 Ey 	 2 	 -4.931549e-10 	 -2.070655e-11
10 	 124 	 Ey 	 2 	 -2.899382e-10 	 -1.467046e-11
10 	 125 	 Ey 	 2 	 -1.694796e-10 	 -7.368205e-12
10 	 126 	 Ey 	 2 	 -9.971702e-11 	 -2.409068e-12
10 	 127 	 Ey 	 2 	 -6.305802e-11 	 -9.543889e-13
10 	 128 	 Ey 	 2 	 -4.179586e-11 	 -3.075954e-13
10 	 129 	 Ey 	 2 	 2.633921e-10 	 -1.400095e-11
10 	 130 	 Ey 	 2 	 5.441699e-10 	 -2.476981e-11
10 	 131 	 Ey 	 2 	 1.315800e-09 	 -3.653830e-11
10 	 132 	 Ey 	 2 	 3.604626e-09 	 -5.391585e-11
10 	 133 	 Ey 	 2 	 9.369914e-09 	 -6.820165e-11
10 	 134 	 Ey 	 2 	 6.069709e-09 	 -3.817679e-11
10 	 135 	 Ey 	 2 	 -1.081632e-08 	 2.279151e-11
10 	 136 	 Ey 	 2 	 -5.975459e-09 	 1.354245e-11
10 	 137 	 Ey 	 2 	 -2.220269e-09 	 -9.044374e-12
10 	 138 	 Ey 	 2 	 -9.438776e-10 	 -1.875835e-11
10 	 139 	 Ey 	 2 	 -4.565256e-10 	 -1.730830e-11
10 	 140 	 Ey 	 2 	 -2.399042e-10 	 -1.041878e-11
10 	 141 	 Ey 	 2 	 -1.291967e-10 	 -4.094959e-12
10 	 142 	 Ey 	 2 	 -7.378896e-11 	 -1.497961e-12
10 	 143 	 Ey 	 2 	 -4.396559e-11 	 -3.993364e-14
10 	 144 	 Ey 	 2 	 -2.930804e-11 	 -2.716692e-13
10 	 145 	 Ey 	 2 	 1.350144e-10 	 -6.958486e-12
10 	 146 	 Ey 	 2 	 3.372805e-10 	 -8.105046e-12
10 	 147 	 Ey 	 2 	 9.083616e-10 	 -1.698542e-11
10 	 148 	 Ey 	 2 	 3.752441e-09 	 -2.646794e-11
10 	 149 	 Ey 	 2 	 2.765427e-08 	 -4.437903e-11
10 	 150 	 Ey 	 2 	 5.613893e-08 	 6.691069e-11
10 	 151 	 Ey 	 2 	 -1.047755e-07 	 -1.909526e-10
10 	 152 	 Ey 	 2 	 -9.955391e-09 	 -2.306176e-11
10 	 153 	 Ey 	 2 	 -1.764215e-09 	 -9.971200e-12
10 	 154 	 Ey 	 2 	 -5.627478e-10 	 -1.068225e-11
10 	 155 	 Ey 	 2 	 -2.301173e-10 	 -5.999357e-12
10 	 156 	 Ey 	 2 	 -1.001026e-10 	 -1.626724e-13
10 	 157 	 Ey 	 2 	 -4.803494e-11 	 1.113480e-12
10 	 158 	 Ey 	 2 	 -2.677361e-11 	 5.396968e-13
10 	 159 	 Ey 	 2 	 -1.607223e-11 	 5.653461e-13
10 	 160 	 Ey 	 2 	 -1.117524e-11 	 -2.491996e-13
10 	 161 	 Ey 	 2 	 -2.783329e-11 	 4.091157e-12
10 	 162 	 Ey 	 2 	 -9.649716e-11 	 8.860948e-12
10 	 163 	 Ey 	 2 	 -3.492153e-10 	 1.677202e-11
10 	 164 	 Ey 	 2 	 -2.038323e-09 	 9.238552e-12
10 	 165 	 Ey 	 2 	 -1.979436e-08 	 -2.825611e-11
10 	 166 	 Ey 	 2 	 -3.356458e-06 	 -6.492886e-10
10 	 167 	 Ey 	 2 	 1.316230e-07 	 1.420412e-10
10 	 168 	 Ey 	 2 	 5.494193e-09 	 -6.919643e-11
10 	 169 	 Ey 	 2 	 8.940130e-10 	 -2.423354e-11
10 	 170 	 Ey 	 2 	 3.396993e-10 	 1.974643e-12
10 	 171 	 Ey 	 2 	 1.786772e-10 	 1.005415e-11
10 	 172 	 Ey 	 2 	 1.020000e-10 	 9.101510e-12
10 	 173 	 Ey 	 2 	 6.130567e-11 	 5.584404e-12
10 	 174 	 Ey 	 2 	 3.660041e-11 	 2.280900e-12
10 	 175 	 Ey 	 2 	 2.192106e-11 	 -8.056755e-14
10 	 176 	 Ey 	 2 	 1.395883e-11 	 -1.146913e-12
10 	 177 	 Ey 	 2 	 -2.054295e-10 	 1.673584e-11
10 	 178 	 Ey 	 2 	 -4.691607e-10 	 2.641902e-11
10 	 179 	 Ey 	 2 	 -1.243180e-09 	 3.920107e-11
10 	 180 	 Ey 	 2 	 -4.014878e-09 	 6.535779e-11
10 	 181 	 Ey 	 2 	 -1.652514e-08 	 6.432484e-11
10 	 182 	 Ey 	 2 	 -1.824102e-08 	 -2.749333e-11
10 	 183 	 Ey 	 2 	 2.785774e-08 	 -3.486655e-11
10 	 184 	 Ey 	 2 	 8.654931e-09 	 -6.493679e-11
10 	 185 	 Ey 	 2 	 2.356633e-09 	 -1.942429e-11
10 	 186 	 Ey 	 2 	 9.072766e-10 	 9.964485e-12
10 	 187 	 Ey 	 2 	 4.290072e-10 	 1.709659e-11
10 	 188 	 Ey 	 2 	 2.297181e-10 	 1.580768e-11
10 	 189 	 Ey 	 2 	 1.225804e-10 	 8.674351e-12
10 	 190 	 Ey 	 2 	 6.476641e-11 	 1.764801e-12
10 	 191 	 Ey 	 2 	 3.765551e-11 	 -8.095691e-13
10 	 192 	 Ey 	 2 	 2.326735e-11 	 -1.550091e-12
10 	 193 	 Ey 	 2 	 -2.721819e-10 	 2.425586e-11
10 	 194 	 Ey 	 2 	 -5.321161e-10 	 3.294560e-11
10 	 195 	 Ey 	 2 	 -1.139641e-09 	 4.769913e-11
10 	 196 	 Ey 	 2 	 -2.439283e-09 	 6.039777e-11
10 	 197 	 Ey 	 2 	 -4.014234e-09 	 7.701741e-11
10 	 198 	 Ey 	 2 	 -1.552623e-09 	 2.766607e-11
10 	 199 	 Ey 	 2 	 3.736460e-09 	 -4.204300e-11
10 	 200 	 Ey 	 2 	 3.497929e-09 	 -4.522277e-11
10 	 201 	 Ey 	 2 	 1.860782e-09 	 -1.679025e-11
10 	 202 	 Ey 	 2 	 9.375113e-10 	 6.070941e-12
10 	 203 	 Ey 	 2 	 5.024892e-10 	 1.305681e-11
10 	 204 	 Ey 	 2 	 2.857783e-10 	 1.054827e-11
10 	 205 	 Ey 	 2 	 1.625357e-10 	 5.092930e-12
10 	 206 	 Ey 	 2 	 9.517242e-11 	 1.044729e-12
10 	 207 	 Ey 	 2 	 5.611570e-11 	 -1.736570e-12
10 	 208 	 Ey 	 2 	 3.613451e-11 	 -2.701944e-12
10 	 209 	 Ey 	 2 	 -2.638530e-10 	 2.501990e-11
10 	 210 	 Ey 	 2 	 -4.400822e-10 	 3.415897e-11
10 	 211 	 Ey 	 2 	 -7.267704e-10 	 4.639867e-11
10 	 212 	 Ey 	 2 	 -1.116893e-09 	 5.490215e-11
10 	 213 	 Ey 	 2 	 -1.194414e-09 	 5.465665e-11
10 	 214 	 Ey 	 2 	 -2.950414e-10 	 2.427570e-11
10 	 215 	 Ey 	 2 	 8.916450e-10 	 -1.057319e-11
10 	 216 	 Ey 	 2 	 1.308421e-09 	 -2.475808e-11
10 	 217 	 Ey 	 2 	 1.028065e-09 	 -1.847538e-11
10 	 218 	 Ey 	 2 	 6.752158e-10 	 -4.527560e-12
10 	 219 	 Ey 	 2 	 4.280206e-10 	 2.696346e-12
10 	 220 	 Ey 	 2 	 2.651714e-10 	 2.056059e-12
10 	 221 	 Ey 	 2 	 1.637577e-10 	 -1.157337e-12
10 	 222 	 Ey 	 2 	 1.019815e-10 	 -2.906564e-12
10 	 223 	 Ey 	 2 	 6.606271e-11 	 -3.175904e-12
10 	 224 	 Ey 	 2 	 4.355725e-11 	 -3.496207e-12
10 	 225 	 Ey 	 2 	 -2.174163e-10 	 2.389906e-11
10 	 226 	 Ey 	 2 	 -3.178315e-10 	 3.029981e-11
10 	 227 	 Ey 	 2 	 -4.399747e-10 	 3.703910e-11
10 	 228 	 Ey 	 2 	 -5.227866e-10 	 4.059229e-11
10 	 229 	 Ey 	 2 	 -4.511910e-10 	 3.768392e-11
10 	 230 	 Ey 	 2 	 -9.445628e-11 	 1.933302e-11
10 	 231 	 Ey 	 2 	 3.048327e-10 	 -1.203976e-12
10 	 232 	 Ey 	 2 	 5.371075e-10 	 -1.261729e-11
10 	 233 	 Ey 	 2 	 5.366889e-10 	 -1.392124e-11
10 	 234 	 Ey 	 2 	 4.273370e-10 	 -9.039153e-12
10 	 235 	 Ey 	 2 	 3.078549e-10 	 -5.833264e-12
10 	 236 	 Ey 	 2 	 2.134403e-10 	 -4.930807e-12
10 	 237 	 Ey 	 2 	 1.434383e-10 	 -5.294676e-12
10 	 238 	 Ey 	 2 	 9.745619e-11 	 -5.100543e-12
10 	 239 	 Ey 	 2 	 6.805993e-11 	 -4.482423e-12
10 	 240 	 Ey 	 2 	 4.701164e-11 	 -4.228482e-12
10 	 241 	 Ey 	 2 	 -1.678602e-10 	 2.070996e-11
10 	 242 	 Ey 	 2 	 -2.156651e-10 	 2.530591e-11
10 	 243 	 Ey 	 2 	 -2.629027e-10 	 2.798143e-11
10 	 244 	 Ey 	 2 	 -2.778676e-10 	 2.820448e-11
10 	 245 	 Ey 	 2 	 -2.054746e-10 	 2.309016e-11
10 	 246 	 Ey 	 2 	 -2.726719e-11 	 1.290088e-11
10 	 247 	 Ey 	 2 	 1.329523e-10 	 3.629869e-12
10 	 248 	 Ey 	 2 	 2.583354e-10 	 -5.527960e-12
10 	 249 	 Ey 	 2 	 2.928286e-10 	 -8.436699e-12
10 	 250 	 Ey 	 2 	 2.635002e-10 	 -8.809514e-12
10 	 251 	 Ey 	 2 	 2.185738e-10 	 -7.225857e-12
10 	 252 	 Ey 	 2 	 1.635356e-10 	 -6.951851e-12
10 	 253 	 Ey 	 2 	 1.198222e-10 	 -6.653888e-12
10 	 254 	 Ey 	 2 	 8.673667e-11 	 -6.169731e-12
10 	 255 	 Ey 	 2 	 6.370660e-11 	 -5.899127e-12
10 	 256 	 Ey 	 2 	 4.670920e-11 	 -5.130626e-12
