iTx 	 iRx    chrec  ifreq 	 emf_real 	 emf_imag
12 	 1 	 Ex 	 1 	 1.569081e-12 	 5.748125e-12
12 	 2 	 Ex 	 1 	 9.369078e-13 	 6.697605e-12
12 	 3 	 Ex 	 1 	 1.481085e-13 	 7.769743e-12
12 	 4 	 Ex 	 1 	 -9.433040e-13 	 8.932103e-12
12 	 5 	 Ex 	 1 	 -3.333421e-12 	 1.036841e-11
12 	 6 	 Ex 	 1 	 -6.571844e-12 	 1.228787e-11
12 	 7 	 Ex 	 1 	 -1.109125e-11 	 1.457159e-11
12 	 8 	 Ex 	 1 	 -1.701174e-11 	 1.710092e-11
12 	 9 	 Ex 	 1 	 -2.505424e-11 	 2.010730e-11
12 	 10 	 Ex 	 1 	 -3.458886e-11 	 2.216686e-11
12 	 11 	 Ex 	 1 	 -4.723457e-11 	 2.431414e-11
12 	 12 	 Ex 	 1 	 -5.919767e-11 	 2.563152e-11
12 	 13 	 Ex 	 1 	 -6.932967e-11 	 2.597712e-11
12 	 14 	 Ex 	 1 	 -7.892514e-11 	 2.677383e-11
12 	 15 	 Ex 	 1 	 -1.001911e-10 	 2.571411e-11
12 	 16 	 Ex 	 1 	 -8.042034e-11 	 2.589188e-11
12 	 17 	 Ex 	 1 	 4.323366e-12 	 6.507496e-12
12 	 18 	 Ex 	 1 	 4.738239e-12 	 7.508701e-12
12 	 19 	 Ex 	 1 	 4.623440e-12 	 8.704575e-12
12 	 20 	 Ex 	 1 	 3.893779e-12 	 1.017394e-11
12 	 21 	 Ex 	 1 	 1.877896e-12 	 1.165968e-11
12 	 22 	 Ex 	 1 	 -7.974049e-13 	 1.367617e-11
12 	 23 	 Ex 	 1 	 -4.284323e-12 	 1.685678e-11
12 	 24 	 Ex 	 1 	 -1.059524e-11 	 2.024294e-11
12 	 25 	 Ex 	 1 	 -1.934484e-11 	 2.443246e-11
12 	 26 	 Ex 	 1 	 -3.256526e-11 	 2.782572e-11
12 	 27 	 Ex 	 1 	 -4.928329e-11 	 3.018547e-11
12 	 28 	 Ex 	 1 	 -6.968840e-11 	 3.155524e-11
12 	 29 	 Ex 	 1 	 -8.775105e-11 	 3.240824e-11
12 	 30 	 Ex 	 1 	 -1.022991e-10 	 3.284585e-11
12 	 31 	 Ex 	 1 	 -1.324700e-10 	 3.185661e-11
12 	 32 	 Ex 	 1 	 -1.063837e-10 	 3.171201e-11
12 	 33 	 Ex 	 1 	 7.192412e-12 	 7.285624e-12
12 	 34 	 Ex 	 1 	 8.515557e-12 	 8.504178e-12
12 	 35 	 Ex 	 1 	 9.332895e-12 	 9.738533e-12
12 	 36 	 Ex 	 1 	 9.905007e-12 	 1.110652e-11
12 	 37 	 Ex 	 1 	 9.057593e-12 	 1.282633e-11
12 	 38 	 Ex 	 1 	 7.442165e-12 	 1.520841e-11
12 	 39 	 Ex 	 1 	 5.992171e-12 	 1.926755e-11
12 	 40 	 Ex 	 1 	 2.641633e-12 	 2.440740e-11
12 	 41 	 Ex 	 1 	 -4.458055e-12 	 3.063128e-11
12 	 42 	 Ex 	 1 	 -2.172329e-11 	 3.425987e-11
12 	 43 	 Ex 	 1 	 -4.916758e-11 	 3.797480e-11
12 	 44 	 Ex 	 1 	 -8.285583e-11 	 3.906240e-11
12 	 45 	 Ex 	 1 	 -1.145720e-10 	 3.963899e-11
12 	 46 	 Ex 	 1 	 -1.394501e-10 	 4.032204e-11
12 	 47 	 Ex 	 1 	 -1.841413e-10 	 3.981440e-11
12 	 48 	 Ex 	 1 	 -1.448173e-10 	 3.870507e-11
12 	 49 	 Ex 	 1 	 1.064715e-11 	 8.105515e-12
12 	 50 	 Ex 	 1 	 1.275172e-11 	 9.439780e-12
12 	 51 	 Ex 	 1 	 1.471009e-11 	 1.070572e-11
12 	 52 	 Ex 	 1 	 1.661041e-11 	 1.205798e-11
12 	 53 	 Ex 	 1 	 1.730368e-11 	 1.363657e-11
12 	 54 	 Ex 	 1 	 1.924739e-11 	 1.654370e-11
12 	 55 	 Ex 	 1 	 2.410318e-11 	 2.206011e-11
12 	 56 	 Ex 	 1 	 2.815117e-11 	 2.992707e-11
12 	 57 	 Ex 	 1 	 2.629182e-11 	 3.803921e-11
12 	 58 	 Ex 	 1 	 6.367387e-12 	 4.399790e-11
12 	 59 	 Ex 	 1 	 -3.838318e-11 	 4.744274e-11
12 	 60 	 Ex 	 1 	 -9.923380e-11 	 4.864580e-11
12 	 61 	 Ex 	 1 	 -1.558767e-10 	 4.969300e-11
12 	 62 	 Ex 	 1 	 -2.019395e-10 	 4.974913e-11
12 	 63 	 Ex 	 1 	 -2.661565e-10 	 4.959891e-11
12 	 64 	 Ex 	 1 	 -2.070973e-10 	 4.778977e-11
12 	 65 	 Ex 	 1 	 1.407986e-11 	 8.821181e-12
12 	 66 	 Ex 	 1 	 1.696000e-11 	 1.022594e-11
12 	 67 	 Ex 	 1 	 2.057633e-11 	 1.182282e-11
12 	 68 	 Ex 	 1 	 2.266824e-11 	 1.253018e-11
12 	 69 	 Ex 	 1 	 2.621265e-11 	 1.407717e-11
12 	 70 	 Ex 	 1 	 3.457169e-11 	 1.780774e-11
12 	 71 	 Ex 	 1 	 4.894460e-11 	 2.501778e-11
12 	 72 	 Ex 	 1 	 7.089515e-11 	 3.720877e-11
12 	 73 	 Ex 	 1 	 8.126663e-11 	 4.796111e-11
12 	 74 	 Ex 	 1 	 5.944967e-11 	 5.480874e-11
12 	 75 	 Ex 	 1 	 -5.706861e-12 	 5.840354e-11
12 	 76 	 Ex 	 1 	 -1.038853e-10 	 6.065751e-11
12 	 77 	 Ex 	 1 	 -2.154345e-10 	 6.291639e-11
12 	 78 	 Ex 	 1 	 -3.061036e-10 	 6.207820e-11
12 	 79 	 Ex 	 1 	 -4.087778e-10 	 6.208129e-11
12 	 80 	 Ex 	 1 	 -3.157620e-10 	 5.981530e-11
12 	 81 	 Ex 	 1 	 1.739284e-11 	 9.574586e-12
12 	 82 	 Ex 	 1 	 2.118332e-11 	 1.109384e-11
12 	 83 	 Ex 	 1 	 2.556113e-11 	 1.256162e-11
12 	 84 	 Ex 	 1 	 2.966089e-11 	 1.326991e-11
12 	 85 	 Ex 	 1 	 3.598239e-11 	 1.443820e-11
12 	 86 	 Ex 	 1 	 5.242020e-11 	 1.873395e-11
12 	 87 	 Ex 	 1 	 8.486598e-11 	 2.924802e-11
12 	 88 	 Ex 	 1 	 1.322440e-10 	 4.523276e-11
12 	 89 	 Ex 	 1 	 1.688500e-10 	 6.004805e-11
12 	 90 	 Ex 	 1 	 1.562020e-10 	 6.781824e-11
12 	 91 	 Ex 	 1 	 7.073293e-11 	 7.133503e-11
12 	 92 	 Ex 	 1 	 -5.975156e-11 	 7.646694e-11
12 	 93 	 Ex 	 1 	 -2.753178e-10 	 7.829392e-11
12 	 94 	 Ex 	 1 	 -4.895331e-10 	 7.986953e-11
12 	 95 	 Ex 	 1 	 -6.637506e-10 	 7.786911e-11
12 	 96 	 Ex 	 1 	 -5.265771e-10 	 7.841738e-11
12 	 97 	 Ex 	 1 	 2.022944e-11 	 1.008227e-11
12 	 98 	 Ex 	 1 	 2.456990e-11 	 1.146357e-11
12 	 99 	 Ex 	 1 	 2.989337e-11 	 1.284773e-11
12 	 100 	 Ex 	 1 	 3.682220e-11 	 1.397766e-11
12 	 101 	 Ex 	 1 	 4.726325e-11 	 1.505428e-11
12 	 102 	 Ex 	 1 	 7.281185e-11 	 2.042236e-11
12 	 103 	 Ex 	 1 	 1.251749e-10 	 3.297807e-11
12 	 104 	 Ex 	 1 	 2.067184e-10 	 5.314142e-11
12 	 105 	 Ex 	 1 	 2.842585e-10 	 7.163976e-11
12 	 106 	 Ex 	 1 	 3.069560e-10 	 8.099950e-11
12 	 107 	 Ex 	 1 	 2.652940e-10 	 8.773355e-11
12 	 108 	 Ex 	 1 	 7.832664e-11 	 9.595454e-11
12 	 109 	 Ex 	 1 	 -2.742706e-10 	 1.015558e-10
12 	 110 	 Ex 	 1 	 -8.088989e-10 	 1.052006e-10
12 	 111 	 Ex 	 1 	 -1.324276e-09 	 1.100175e-10
12 	 112 	 Ex 	 1 	 -9.663089e-10 	 1.076371e-10
12 	 113 	 Ex 	 1 	 2.247477e-11 	 1.041674e-11
12 	 114 	 Ex 	 1 	 2.833653e-11 	 1.211372e-11
12 	 115 	 Ex 	 1 	 3.455691e-11 	 1.327496e-11
12 	 116 	 Ex 	 1 	 4.299026e-11 	 1.415356e-11
12 	 117 	 Ex 	 1 	 5.807848e-11 	 1.546372e-11
12 	 118 	 Ex 	 1 	 9.310607e-11 	 2.148497e-11
12 	 119 	 Ex 	 1 	 1.661447e-10 	 3.592027e-11
12 	 120 	 Ex 	 1 	 2.932216e-10 	 6.034542e-11
12 	 121 	 Ex 	 1 	 4.356313e-10 	 8.397352e-11
12 	 122 	 Ex 	 1 	 5.429262e-10 	 9.815018e-11
12 	 123 	 Ex 	 1 	 5.797807e-10 	 1.064224e-10
12 	 124 	 Ex 	 1 	 5.118760e-10 	 1.191361e-10
12 	 125 	 Ex 	 1 	 4.245930e-11 	 1.348298e-10
12 	 126 	 Ex 	 1 	 -1.322567e-09 	 1.520260e-10
12 	 127 	 Ex 	 1 	 -3.103464e-09 	 1.675897e-10
12 	 128 	 Ex 	 1 	 -1.896721e-09 	 1.592058e-10
12 	 129 	 Ex 	 1 	 2.423924e-11 	 1.063358e-11
12 	 130 	 Ex 	 1 	 3.062414e-11 	 1.231763e-11
12 	 131 	 Ex 	 1 	 3.802005e-11 	 1.356563e-11
12 	 132 	 Ex 	 1 	 4.817031e-11 	 1.450645e-11
12 	 133 	 Ex 	 1 	 6.745755e-11 	 1.604888e-11
12 	 134 	 Ex 	 1 	 1.110778e-10 	 2.264846e-11
12 	 135 	 Ex 	 1 	 2.046815e-10 	 3.863362e-11
12 	 136 	 Ex 	 1 	 3.728146e-10 	 6.606053e-11
12 	 137 	 Ex 	 1 	 5.866224e-10 	 9.290418e-11
12 	 138 	 Ex 	 1 	 8.076219e-10 	 1.114339e-10
12 	 139 	 Ex 	 1 	 1.067457e-09 	 1.229045e-10
12 	 140 	 Ex 	 1 	 1.521664e-09 	 1.447039e-10
12 	 141 	 Ex 	 1 	 1.915143e-09 	 1.803913e-10
12 	 142 	 Ex 	 1 	 -7.397274e-10 	 2.355754e-10
12 	 143 	 Ex 	 1 	 -1.103437e-08 	 2.976036e-10
12 	 144 	 Ex 	 1 	 -3.522042e-09 	 2.639013e-10
12 	 145 	 Ex 	 1 	 2.536740e-11 	 1.077300e-11
12 	 146 	 Ex 	 1 	 3.201619e-11 	 1.232923e-11
12 	 147 	 Ex 	 1 	 4.038015e-11 	 1.376986e-11
12 	 148 	 Ex 	 1 	 5.212992e-11 	 1.488103e-11
12 	 149 	 Ex 	 1 	 7.351288e-11 	 1.669069e-11
12 	 150 	 Ex 	 1 	 1.233776e-10 	 2.373421e-11
12 	 151 	 Ex 	 1 	 2.285064e-10 	 4.042631e-11
12 	 152 	 Ex 	 1 	 4.237951e-10 	 6.914524e-11
12 	 153 	 Ex 	 1 	 6.784442e-10 	 9.620024e-11
12 	 154 	 Ex 	 1 	 9.856815e-10 	 1.151942e-10
12 	 155 	 Ex 	 1 	 1.532151e-09 	 1.336586e-10
12 	 156 	 Ex 	 1 	 2.918696e-09 	 1.660640e-10
12 	 157 	 Ex 	 1 	 7.117932e-09 	 2.249487e-10
12 	 158 	 Ex 	 1 	 2.353185e-08 	 3.845147e-10
12 	 159 	 Ex 	 1 	 -1.107697e-07 	 7.910879e-10
12 	 160 	 Ex 	 1 	 3.216625e-08 	 5.126361e-10
12 	 161 	 Ex 	 1 	 2.585894e-11 	 1.062076e-11
12 	 162 	 Ex 	 1 	 3.282660e-11 	 1.234984e-11
12 	 163 	 Ex 	 1 	 4.260829e-11 	 1.425705e-11
12 	 164 	 Ex 	 1 	 5.440345e-11 	 1.530157e-11
12 	 165 	 Ex 	 1 	 7.644095e-11 	 1.733643e-11
12 	 166 	 Ex 	 1 	 1.244203e-10 	 2.394588e-11
12 	 167 	 Ex 	 1 	 2.307233e-10 	 4.072707e-11
12 	 168 	 Ex 	 1 	 4.204209e-10 	 6.715128e-11
12 	 169 	 Ex 	 1 	 6.977989e-10 	 9.563832e-11
12 	 170 	 Ex 	 1 	 1.010845e-09 	 1.123000e-10
12 	 171 	 Ex 	 1 	 1.679336e-09 	 1.348365e-10
12 	 172 	 Ex 	 1 	 3.413511e-09 	 1.712665e-10
12 	 173 	 Ex 	 1 	 9.788915e-09 	 2.409562e-10
12 	 174 	 Ex 	 1 	 5.676984e-08 	 4.500329e-10
12 	 175 	 Ex 	 1 	 -9.572207e-07 	 1.895265e-09
12 	 176 	 Ex 	 1 	 1.517644e-07 	 6.710199e-10
12 	 177 	 Ex 	 1 	 2.431091e-11 	 1.031616e-11
12 	 178 	 Ex 	 1 	 3.155192e-11 	 1.224148e-11
12 	 179 	 Ex 	 1 	 4.082311e-11 	 1.415277e-11
12 	 180 	 Ex 	 1 	 5.214134e-11 	 1.550860e-11
12 	 181 	 Ex 	 1 	 7.433790e-11 	 1.861937e-11
12 	 182 	 Ex 	 1 	 1.179793e-10 	 2.526375e-11
12 	 183 	 Ex 	 1 	 2.044590e-10 	 3.923520e-11
12 	 184 	 Ex 	 1 	 3.600131e-10 	 6.170432e-11
12 	 185 	 Ex 	 1 	 5.825824e-10 	 8.626738e-11
12 	 186 	 Ex 	 1 	 8.452031e-10 	 1.045801e-10
12 	 187 	 Ex 	 1 	 1.287481e-09 	 1.243900e-10
12 	 188 	 Ex 	 1 	 2.166126e-09 	 1.522592e-10
12 	 189 	 Ex 	 1 	 4.061834e-09 	 2.076387e-10
12 	 190 	 Ex 	 1 	 3.531508e-09 	 3.019366e-10
12 	 191 	 Ex 	 1 	 -2.527435e-08 	 4.222227e-10
12 	 192 	 Ex 	 1 	 -2.121033e-09 	 3.502756e-10
12 	 193 	 Ex 	 1 	 2.265247e-11 	 1.008176e-11
12 	 194 	 Ex 	 1 	 2.934922e-11 	 1.197172e-11
12 	 195 	 Ex 	 1 	 3.777319e-11 	 1.388839e-11
12 	 196 	 Ex 	 1 	 4.908202e-11 	 1.585917e-11
12 	 197 	 Ex 	 1 	 6.858615e-11 	 1.946319e-11
12 	 198 	 Ex 	 1 	 1.021216e-10 	 2.550910e-11
12 	 199 	 Ex 	 1 	 1.662198e-10 	 3.687991e-11
12 	 200 	 Ex 	 1 	 2.730506e-10 	 5.432916e-11
12 	 201 	 Ex 	 1 	 4.176371e-10 	 7.362166e-11
12 	 202 	 Ex 	 1 	 5.696323e-10 	 9.042092e-11
12 	 203 	 Ex 	 1 	 7.345220e-10 	 1.054885e-10
12 	 204 	 Ex 	 1 	 8.931293e-10 	 1.247605e-10
12 	 205 	 Ex 	 1 	 6.680323e-10 	 1.534825e-10
12 	 206 	 Ex 	 1 	 -1.394958e-09 	 1.884929e-10
12 	 207 	 Ex 	 1 	 -5.108681e-09 	 2.155607e-10
12 	 208 	 Ex 	 1 	 -2.648992e-09 	 1.995009e-10
12 	 209 	 Ex 	 1 	 1.992632e-11 	 9.575632e-12
12 	 210 	 Ex 	 1 	 2.572193e-11 	 1.142917e-11
12 	 211 	 Ex 	 1 	 3.253703e-11 	 1.333471e-11
12 	 212 	 Ex 	 1 	 4.286060e-11 	 1.590982e-11
12 	 213 	 Ex 	 1 	 5.939110e-11 	 1.995461e-11
12 	 214 	 Ex 	 1 	 8.314051e-11 	 2.534297e-11
12 	 215 	 Ex 	 1 	 1.256190e-10 	 3.475303e-11
12 	 216 	 Ex 	 1 	 1.846333e-10 	 4.715014e-11
12 	 217 	 Ex 	 1 	 2.578620e-10 	 6.103455e-11
12 	 218 	 Ex 	 1 	 3.240424e-10 	 7.572946e-11
12 	 219 	 Ex 	 1 	 3.385885e-10 	 8.848480e-11
12 	 220 	 Ex 	 1 	 2.317527e-10 	 9.957379e-11
12 	 221 	 Ex 	 1 	 -1.362438e-10 	 1.157514e-10
12 	 222 	 Ex 	 1 	 -9.573252e-10 	 1.316122e-10
12 	 223 	 Ex 	 1 	 -1.864926e-09 	 1.392473e-10
12 	 224 	 Ex 	 1 	 -1.262818e-09 	 1.321841e-10
12 	 225 	 Ex 	 1 	 1.658284e-11 	 9.124859e-12
12 	 226 	 Ex 	 1 	 2.086906e-11 	 1.067180e-11
12 	 227 	 Ex 	 1 	 2.696311e-11 	 1.296826e-11
12 	 228 	 Ex 	 1 	 3.543458e-11 	 1.586479e-11
12 	 229 	 Ex 	 1 	 4.622835e-11 	 1.940798e-11
12 	 230 	 Ex 	 1 	 6.187038e-11 	 2.413338e-11
12 	 231 	 Ex 	 1 	 8.671393e-11 	 3.193761e-11
12 	 232 	 Ex 	 1 	 1.128716e-10 	 4.046102e-11
12 	 233 	 Ex 	 1 	 1.433283e-10 	 5.143962e-11
12 	 234 	 Ex 	 1 	 1.537803e-10 	 6.237030e-11
12 	 235 	 Ex 	 1 	 1.228045e-10 	 7.181482e-11
12 	 236 	 Ex 	 1 	 -2.286600e-12 	 8.027047e-11
12 	 237 	 Ex 	 1 	 -2.359959e-10 	 8.778392e-11
12 	 238 	 Ex 	 1 	 -5.612374e-10 	 9.517025e-11
12 	 239 	 Ex 	 1 	 -8.725944e-10 	 9.735540e-11
12 	 240 	 Ex 	 1 	 -6.606777e-10 	 9.545550e-11
12 	 241 	 Ex 	 1 	 1.291308e-11 	 8.466932e-12
12 	 242 	 Ex 	 1 	 1.612687e-11 	 1.028756e-11
12 	 243 	 Ex 	 1 	 2.014890e-11 	 1.238179e-11
12 	 244 	 Ex 	 1 	 2.585744e-11 	 1.505819e-11
12 	 245 	 Ex 	 1 	 3.310379e-11 	 1.821995e-11
12 	 246 	 Ex 	 1 	 4.279857e-11 	 2.278981e-11
12 	 247 	 Ex 	 1 	 5.340125e-11 	 2.865483e-11
12 	 248 	 Ex 	 1 	 6.322799e-11 	 3.503565e-11
12 	 249 	 Ex 	 1 	 6.885947e-11 	 4.285891e-11
12 	 250 	 Ex 	 1 	 5.638996e-11 	 4.989470e-11
12 	 251 	 Ex 	 1 	 1.269102e-11 	 5.737327e-11
12 	 252 	 Ex 	 1 	 -7.189654e-11 	 6.402216e-11
12 	 253 	 Ex 	 1 	 -2.036865e-10 	 6.827200e-11
12 	 254 	 Ex 	 1 	 -3.469444e-10 	 7.324100e-11
12 	 255 	 Ex 	 1 	 -4.874963e-10 	 7.369660e-11
12 	 256 	 Ex 	 1 	 -3.948344e-10 	 7.278407e-11
12 	 1 	 Ex 	 2 	 -2.053765e-12 	 1.047902e-13
12 	 2 	 Ex 	 2 	 -4.043388e-12 	 5.702913e-13
12 	 3 	 Ex 	 2 	 -6.472564e-12 	 1.172898e-12
12 	 4 	 Ex 	 2 	 -9.512550e-12 	 2.079763e-12
12 	 5 	 Ex 	 2 	 -1.441911e-11 	 3.272329e-12
12 	 6 	 Ex 	 2 	 -2.091059e-11 	 5.040708e-12
12 	 7 	 Ex 	 2 	 -2.944894e-11 	 7.478296e-12
12 	 8 	 Ex 	 2 	 -3.985810e-11 	 1.046159e-11
12 	 9 	 Ex 	 2 	 -5.317654e-11 	 1.417754e-11
12 	 10 	 Ex 	 2 	 -6.653435e-11 	 1.736098e-11
12 	 11 	 Ex 	 2 	 -8.301750e-11 	 2.067255e-11
12 	 12 	 Ex 	 2 	 -9.726770e-11 	 2.370421e-11
12 	 13 	 Ex 	 2 	 -1.079935e-10 	 2.571170e-11
12 	 14 	 Ex 	 2 	 -1.187895e-10 	 2.744555e-11
12 	 15 	 Ex 	 2 	 -1.382760e-10 	 2.724952e-11
12 	 16 	 Ex 	 2 	 -1.186208e-10 	 2.704127e-11
12 	 17 	 Ex 	 2 	 -3.984190e-13 	 6.461784e-13
12 	 18 	 Ex 	 2 	 -1.588823e-12 	 1.460240e-12
12 	 19 	 Ex 	 2 	 -3.573089e-12 	 2.387029e-12
12 	 20 	 Ex 	 2 	 -6.798208e-12 	 3.665192e-12
12 	 21 	 Ex 	 2 	 -1.163949e-11 	 5.309082e-12
12 	 22 	 Ex 	 2 	 -1.799401e-11 	 7.685812e-12
12 	 23 	 Ex 	 2 	 -2.703516e-11 	 1.168967e-11
12 	 24 	 Ex 	 2 	 -3.938486e-11 	 1.629634e-11
12 	 25 	 Ex 	 2 	 -5.550493e-11 	 2.231225e-11
12 	 26 	 Ex 	 2 	 -7.473575e-11 	 2.761668e-11
12 	 27 	 Ex 	 2 	 -9.586824e-11 	 3.216196e-11
12 	 28 	 Ex 	 2 	 -1.186313e-10 	 3.577422e-11
12 	 29 	 Ex 	 2 	 -1.380269e-10 	 3.911078e-11
12 	 30 	 Ex 	 2 	 -1.530334e-10 	 4.132478e-11
12 	 31 	 Ex 	 2 	 -1.814284e-10 	 4.130813e-11
12 	 32 	 Ex 	 2 	 -1.550339e-10 	 4.004084e-11
12 	 33 	 Ex 	 2 	 1.309010e-12 	 1.164024e-12
12 	 34 	 Ex 	 2 	 7.314183e-13 	 2.202960e-12
12 	 35 	 Ex 	 2 	 -6.125084e-13 	 3.559895e-12
12 	 36 	 Ex 	 2 	 -2.585275e-12 	 5.318525e-12
12 	 37 	 Ex 	 2 	 -6.749989e-12 	 7.625278e-12
12 	 38 	 Ex 	 2 	 -1.276843e-11 	 1.089077e-11
12 	 39 	 Ex 	 2 	 -2.145323e-11 	 1.684937e-11
12 	 40 	 Ex 	 2 	 -3.382599e-11 	 2.499846e-11
12 	 41 	 Ex 	 2 	 -5.158517e-11 	 3.515988e-11
12 	 42 	 Ex 	 2 	 -7.539600e-11 	 4.200626e-11
12 	 43 	 Ex 	 2 	 -1.094086e-10 	 4.857335e-11
12 	 44 	 Ex 	 2 	 -1.450064e-10 	 5.266753e-11
12 	 45 	 Ex 	 2 	 -1.774941e-10 	 5.675706e-11
12 	 46 	 Ex 	 2 	 -2.030110e-10 	 6.065981e-11
12 	 47 	 Ex 	 2 	 -2.465660e-10 	 6.072249e-11
12 	 48 	 Ex 	 2 	 -2.052662e-10 	 5.851629e-11
12 	 49 	 Ex 	 2 	 3.545314e-12 	 1.723825e-12
12 	 50 	 Ex 	 2 	 3.533625e-12 	 2.963414e-12
12 	 51 	 Ex 	 2 	 3.163034e-12 	 4.585307e-12
12 	 52 	 Ex 	 2 	 2.428589e-12 	 6.752662e-12
12 	 53 	 Ex 	 2 	 -1.749898e-13 	 9.662924e-12
12 	 54 	 Ex 	 2 	 -3.731123e-12 	 1.463686e-11
12 	 55 	 Ex 	 2 	 -8.545612e-12 	 2.397461e-11
12 	 56 	 Ex 	 2 	 -1.788038e-11 	 3.798947e-11
12 	 57 	 Ex 	 2 	 -3.335325e-11 	 5.318252e-11
12 	 58 	 Ex 	 2 	 -6.347185e-11 	 6.470870e-11
12 	 59 	 Ex 	 2 	 -1.143915e-10 	 7.137993e-11
12 	 60 	 Ex 	 2 	 -1.776005e-10 	 7.621936e-11
12 	 61 	 Ex 	 2 	 -2.353024e-10 	 8.261553e-11
12 	 62 	 Ex 	 2 	 -2.805227e-10 	 8.686014e-11
12 	 63 	 Ex 	 2 	 -3.438822e-10 	 8.858995e-11
12 	 64 	 Ex 	 2 	 -2.814149e-10 	 8.550078e-11
12 	 65 	 Ex 	 2 	 5.884627e-12 	 2.198682e-12
12 	 66 	 Ex 	 2 	 6.402922e-12 	 3.589805e-12
12 	 67 	 Ex 	 2 	 7.307203e-12 	 5.474521e-12
12 	 68 	 Ex 	 2 	 7.457972e-12 	 7.420173e-12
12 	 69 	 Ex 	 2 	 7.625066e-12 	 1.100560e-11
12 	 70 	 Ex 	 2 	 9.033731e-12 	 1.859502e-11
12 	 71 	 Ex 	 2 	 1.093653e-11 	 3.300308e-11
12 	 72 	 Ex 	 2 	 1.301974e-11 	 5.654487e-11
12 	 73 	 Ex 	 2 	 5.975006e-12 	 7.901183e-11
12 	 74 	 Ex 	 2 	 -2.711428e-11 	 9.370892e-11
12 	 75 	 Ex 	 2 	 -9.882811e-11 	 1.018876e-10
12 	 76 	 Ex 	 2 	 -2.007783e-10 	 1.092669e-10
12 	 77 	 Ex 	 2 	 -3.147942e-10 	 1.197706e-10
12 	 78 	 Ex 	 2 	 -4.021885e-10 	 1.245761e-10
12 	 79 	 Ex 	 2 	 -5.030734e-10 	 1.287752e-10
12 	 80 	 Ex 	 2 	 -4.058002e-10 	 1.254888e-10
12 	 81 	 Ex 	 2 	 8.075349e-12 	 2.562266e-12
12 	 82 	 Ex 	 2 	 9.285395e-12 	 4.115242e-12
12 	 83 	 Ex 	 2 	 1.109362e-11 	 5.822773e-12
12 	 84 	 Ex 	 2 	 1.320605e-11 	 7.774838e-12
12 	 85 	 Ex 	 2 	 1.643443e-11 	 1.187830e-11
12 	 86 	 Ex 	 2 	 2.494296e-11 	 2.215396e-11
12 	 87 	 Ex 	 2 	 3.986491e-11 	 4.488930e-11
12 	 88 	 Ex 	 2 	 6.197259e-11 	 7.908473e-11
12 	 89 	 Ex 	 2 	 7.567921e-11 	 1.126132e-10
12 	 90 	 Ex 	 2 	 5.105226e-11 	 1.315358e-10
12 	 91 	 Ex 	 2 	 -4.026070e-11 	 1.413226e-10
12 	 92 	 Ex 	 2 	 -1.778005e-10 	 1.581201e-10
12 	 93 	 Ex 	 2 	 -3.938800e-10 	 1.700698e-10
12 	 94 	 Ex 	 2 	 -6.067372e-10 	 1.834817e-10
12 	 95 	 Ex 	 2 	 -7.734577e-10 	 1.877473e-10
12 	 96 	 Ex 	 2 	 -6.370336e-10 	 1.896770e-10
12 	 97 	 Ex 	 2 	 1.007002e-11 	 2.801798e-12
12 	 98 	 Ex 	 2 	 1.199520e-11 	 4.191288e-12
12 	 99 	 Ex 	 2 	 1.483573e-11 	 5.733486e-12
12 	 100 	 Ex 	 2 	 1.915126e-11 	 7.955721e-12
12 	 101 	 Ex 	 2 	 2.644412e-11 	 1.281751e-11
12 	 102 	 Ex 	 2 	 4.236317e-11 	 2.656124e-11
12 	 103 	 Ex 	 2 	 7.425409e-11 	 5.604208e-11
12 	 104 	 Ex 	 2 	 1.247876e-10 	 1.027312e-10
12 	 105 	 Ex 	 2 	 1.752964e-10 	 1.479393e-10
12 	 106 	 Ex 	 2 	 1.850405e-10 	 1.741006e-10
12 	 107 	 Ex 	 2 	 1.347814e-10 	 1.958314e-10
12 	 108 	 Ex 	 2 	 -6.234516e-11 	 2.223080e-10
12 	 109 	 Ex 	 2 	 -4.166312e-10 	 2.504806e-10
12 	 110 	 Ex 	 2 	 -9.474658e-10 	 2.764055e-10
12 	 111 	 Ex 	 2 	 -1.462049e-09 	 3.027810e-10
12 	 112 	 Ex 	 2 	 -1.101595e-09 	 2.958383e-10
12 	 113 	 Ex 	 2 	 1.179952e-11 	 2.915671e-12
12 	 114 	 Ex 	 2 	 1.486141e-11 	 4.370227e-12
12 	 115 	 Ex 	 2 	 1.869793e-11 	 5.777621e-12
12 	 116 	 Ex 	 2 	 2.487340e-11 	 7.841939e-12
12 	 117 	 Ex 	 2 	 3.635470e-11 	 1.346353e-11
12 	 118 	 Ex 	 2 	 6.068761e-11 	 2.986770e-11
12 	 119 	 Ex 	 2 	 1.108414e-10 	 6.526819e-11
12 	 120 	 Ex 	 2 	 2.015015e-10 	 1.252459e-10
12 	 121 	 Ex 	 2 	 3.108445e-10 	 1.863224e-10
12 	 122 	 Ex 	 2 	 4.004555e-10 	 2.285153e-10
12 	 123 	 Ex 	 2 	 4.291708e-10 	 2.584440e-10
12 	 124 	 Ex 	 2 	 3.500872e-10 	 3.051792e-10
12 	 125 	 Ex 	 2 	 -1.260248e-10 	 3.715430e-10
12 	 126 	 Ex 	 2 	 -1.490097e-09 	 4.534514e-10
12 	 127 	 Ex 	 2 	 -3.273626e-09 	 5.214005e-10
12 	 128 	 Ex 	 2 	 -2.061136e-09 	 4.930154e-10
12 	 129 	 Ex 	 2 	 1.323460e-11 	 2.968367e-12
12 	 130 	 Ex 	 2 	 1.675844e-11 	 4.422622e-12
12 	 131 	 Ex 	 2 	 2.164337e-11 	 5.885288e-12
12 	 132 	 Ex 	 2 	 2.936657e-11 	 8.049943e-12
12 	 133 	 Ex 	 2 	 4.467767e-11 	 1.428889e-11
12 	 134 	 Ex 	 2 	 7.673772e-11 	 3.271127e-11
12 	 135 	 Ex 	 2 	 1.454652e-10 	 7.306139e-11
12 	 136 	 Ex 	 2 	 2.735911e-10 	 1.430355e-10
12 	 137 	 Ex 	 2 	 4.515227e-10 	 2.161454e-10
12 	 138 	 Ex 	 2 	 6.510980e-10 	 2.733549e-10
12 	 139 	 Ex 	 2 	 9.024831e-10 	 3.186616e-10
12 	 140 	 Ex 	 2 	 1.341891e-09 	 4.016865e-10
12 	 141 	 Ex 	 2 	 1.721637e-09 	 5.455042e-10
12 	 142 	 Ex 	 2 	 -9.379376e-10 	 7.799791e-10
12 	 143 	 Ex 	 2 	 -1.124121e-08 	 1.034098e-09
12 	 144 	 Ex 	 2 	 -3.720301e-09 	 9.042300e-10
12 	 145 	 Ex 	 2 	 1.420582e-11 	 2.973503e-12
12 	 146 	 Ex 	 2 	 1.805865e-11 	 4.455426e-12
12 	 147 	 Ex 	 2 	 2.362693e-11 	 6.155151e-12
12 	 148 	 Ex 	 2 	 3.261320e-11 	 8.557498e-12
12 	 149 	 Ex 	 2 	 4.964913e-11 	 1.517070e-11
12 	 150 	 Ex 	 2 	 8.734267e-11 	 3.432415e-11
12 	 151 	 Ex 	 2 	 1.665651e-10 	 7.741960e-11
12 	 152 	 Ex 	 2 	 3.205594e-10 	 1.520508e-10
12 	 153 	 Ex 	 2 	 5.401988e-10 	 2.286050e-10
12 	 154 	 Ex 	 2 	 8.270171e-10 	 2.901725e-10
12 	 155 	 Ex 	 2 	 1.359078e-09 	 3.586698e-10
12 	 156 	 Ex 	 2 	 2.726429e-09 	 4.830852e-10
12 	 157 	 Ex 	 2 	 6.907427e-09 	 7.212552e-10
12 	 158 	 Ex 	 2 	 2.330123e-08 	 1.368173e-09
12 	 159 	 Ex 	 2 	 -1.110133e-07 	 3.010143e-09
12 	 160 	 Ex 	 2 	 3.193184e-08 	 1.893134e-09
12 	 161 	 Ex 	 2 	 1.490657e-11 	 2.821755e-12
12 	 162 	 Ex 	 2 	 1.881155e-11 	 4.565626e-12
12 	 163 	 Ex 	 2 	 2.521407e-11 	 6.766404e-12
12 	 164 	 Ex 	 2 	 3.427574e-11 	 9.306877e-12
12 	 165 	 Ex 	 2 	 5.159979e-11 	 1.598919e-11
12 	 166 	 Ex 	 2 	 8.801779e-11 	 3.382387e-11
12 	 167 	 Ex 	 2 	 1.681931e-10 	 7.673207e-11
12 	 168 	 Ex 	 2 	 3.199510e-10 	 1.458203e-10
12 	 169 	 Ex 	 2 	 5.604137e-10 	 2.265350e-10
12 	 170 	 Ex 	 2 	 8.564502e-10 	 2.829646e-10
12 	 171 	 Ex 	 2 	 1.505883e-09 	 3.636445e-10
12 	 172 	 Ex 	 2 	 3.218819e-09 	 5.033755e-10
12 	 173 	 Ex 	 2 	 9.573606e-09 	 7.844694e-10
12 	 174 	 Ex 	 2 	 5.652842e-08 	 1.627086e-09
12 	 175 	 Ex 	 2 	 -9.574252e-07 	 7.479079e-09
12 	 176 	 Ex 	 2 	 1.515117e-07 	 2.518093e-09
12 	 177 	 Ex 	 2 	 1.382019e-11 	 2.626473e-12
12 	 178 	 Ex 	 2 	 1.778417e-11 	 4.540122e-12
12 	 179 	 Ex 	 2 	 2.356159e-11 	 6.986826e-12
12 	 180 	 Ex 	 2 	 3.162280e-11 	 1.018087e-11
12 	 181 	 Ex 	 2 	 4.766577e-11 	 1.769107e-11
12 	 182 	 Ex 	 2 	 7.966056e-11 	 3.455776e-11
12 	 183 	 Ex 	 2 	 1.439539e-10 	 7.027462e-11
12 	 184 	 Ex 	 2 	 2.667152e-10 	 1.284955e-10
12 	 185 	 Ex 	 2 	 4.566910e-10 	 1.977467e-10
12 	 186 	 Ex 	 2 	 6.985960e-10 	 2.565720e-10
12 	 187 	 Ex 	 2 	 1.123129e-09 	 3.267109e-10
12 	 188 	 Ex 	 2 	 1.984713e-09 	 4.346436e-10
12 	 189 	 Ex 	 2 	 3.858049e-09 	 6.538751e-10
12 	 190 	 Ex 	 2 	 3.314103e-09 	 1.040054e-09
12 	 191 	 Ex 	 2 	 -2.550093e-08 	 1.528232e-09
12 	 192 	 Ex 	 2 	 -2.337820e-09 	 1.244084e-09
12 	 193 	 Ex 	 2 	 1.262168e-11 	 2.408925e-12
12 	 194 	 Ex 	 2 	 1.612115e-11 	 4.301927e-12
12 	 195 	 Ex 	 2 	 2.094458e-11 	 6.954005e-12
12 	 196 	 Ex 	 2 	 2.815084e-11 	 1.096142e-11
12 	 197 	 Ex 	 2 	 4.075373e-11 	 1.886678e-11
12 	 198 	 Ex 	 2 	 6.360488e-11 	 3.321770e-11
12 	 199 	 Ex 	 2 	 1.092273e-10 	 6.087897e-11
12 	 200 	 Ex 	 2 	 1.898076e-10 	 1.051550e-10
12 	 201 	 Ex 	 2 	 3.076364e-10 	 1.586594e-10
12 	 202 	 Ex 	 2 	 4.385967e-10 	 2.097903e-10
12 	 203 	 Ex 	 2 	 5.881248e-10 	 2.619681e-10
12 	 204 	 Ex 	 2 	 7.327011e-10 	 3.354109e-10
12 	 205 	 Ex 	 2 	 4.936705e-10 	 4.507019e-10
12 	 206 	 Ex 	 2 	 -1.578712e-09 	 5.952602e-10
12 	 207 	 Ex 	 2 	 -5.299385e-09 	 7.050402e-10
12 	 208 	 Ex 	 2 	 -2.832168e-09 	 6.458355e-10
12 	 209 	 Ex 	 2 	 1.067281e-11 	 2.028812e-12
12 	 210 	 Ex 	 2 	 1.339397e-11 	 3.825926e-12
12 	 211 	 Ex 	 2 	 1.664899e-11 	 6.490818e-12
12 	 212 	 Ex 	 2 	 2.203903e-11 	 1.092884e-11
12 	 213 	 Ex 	 2 	 3.106689e-11 	 1.890255e-11
12 	 214 	 Ex 	 2 	 4.526751e-11 	 3.080568e-11
12 	 215 	 Ex 	 2 	 7.212066e-11 	 5.217774e-11
12 	 216 	 Ex 	 2 	 1.115783e-10 	 8.280279e-11
12 	 217 	 Ex 	 2 	 1.645188e-10 	 1.203014e-10
12 	 218 	 Ex 	 2 	 2.104577e-10 	 1.621982e-10
12 	 219 	 Ex 	 2 	 2.095485e-10 	 2.032127e-10
12 	 220 	 Ex 	 2 	 9.344563e-11 	 2.461313e-10
12 	 221 	 Ex 	 2 	 -2.856214e-10 	 3.089823e-10
12 	 222 	 Ex 	 2 	 -1.114047e-09 	 3.741359e-10
12 	 223 	 Ex 	 2 	 -2.024436e-09 	 4.066515e-10
12 	 224 	 Ex 	 2 	 -1.416662e-09 	 3.824547e-10
12 	 225 	 Ex 	 2 	 8.208338e-12 	 1.548797e-12
12 	 226 	 Ex 	 2 	 9.682119e-12 	 3.230270e-12
12 	 227 	 Ex 	 2 	 1.188135e-11 	 5.884614e-12
12 	 228 	 Ex 	 2 	 1.506863e-11 	 1.023653e-11
12 	 229 	 Ex 	 2 	 1.921010e-11 	 1.701518e-11
12 	 230 	 Ex 	 2 	 2.642907e-11 	 2.677115e-11
12 	 231 	 Ex 	 2 	 3.806665e-11 	 4.321533e-11
12 	 232 	 Ex 	 2 	 5.013185e-11 	 6.341935e-11
12 	 233 	 Ex 	 2 	 6.343644e-11 	 9.106646e-11
12 	 234 	 Ex 	 2 	 5.771737e-11 	 1.204976e-10
12 	 235 	 Ex 	 2 	 1.415517e-11 	 1.502825e-10
12 	 236 	 Ex 	 2 	 -1.205305e-10 	 1.794160e-10
12 	 237 	 Ex 	 2 	 -3.600717e-10 	 2.098215e-10
12 	 238 	 Ex 	 2 	 -6.901769e-10 	 2.394861e-10
12 	 239 	 Ex 	 2 	 -1.001240e-09 	 2.520505e-10
12 	 240 	 Ex 	 2 	 -7.887225e-10 	 2.435817e-10
12 	 241 	 Ex 	 2 	 5.578191e-12 	 9.888357e-13
12 	 242 	 Ex 	 2 	 5.797789e-12 	 2.562240e-12
12 	 243 	 Ex 	 2 	 6.186896e-12 	 4.859686e-12
12 	 244 	 Ex 	 2 	 7.106585e-12 	 8.575734e-12
12 	 245 	 Ex 	 2 	 8.501249e-12 	 1.409695e-11
12 	 246 	 Ex 	 2 	 1.012364e-11 	 2.244322e-11
12 	 247 	 Ex 	 2 	 1.052538e-11 	 3.410054e-11
12 	 248 	 Ex 	 2 	 9.445706e-12 	 4.839914e-11
12 	 249 	 Ex 	 2 	 2.152300e-12 	 6.711770e-11
12 	 250 	 Ex 	 2 	 -2.139363e-11 	 8.559962e-11
12 	 251 	 Ex 	 2 	 -7.620471e-11 	 1.062711e-10
12 	 252 	 Ex 	 2 	 -1.697201e-10 	 1.273413e-10
12 	 253 	 Ex 	 2 	 -3.058163e-10 	 1.434762e-10
12 	 254 	 Ex 	 2 	 -4.543918e-10 	 1.608441e-10
12 	 255 	 Ex 	 2 	 -5.942058e-10 	 1.655058e-10
12 	 256 	 Ex 	 2 	 -5.008806e-10 	 1.618390e-10
12 	 1 	 Ey 	 1 	 1.619408e-11 	 1.947466e-13
12 	 2 	 Ey 	 1 	 1.970644e-11 	 1.430008e-13
12 	 3 	 Ey 	 1 	 2.365557e-11 	 1.180995e-13
12 	 4 	 Ey 	 1 	 2.803210e-11 	 4.641521e-14
12 	 5 	 Ey 	 1 	 3.296263e-11 	 -3.029528e-13
12 	 6 	 Ey 	 1 	 3.845058e-11 	 -7.159997e-13
12 	 7 	 Ey 	 1 	 4.411452e-11 	 -9.641125e-13
12 	 8 	 Ey 	 1 	 4.987684e-11 	 -9.933558e-13
12 	 9 	 Ey 	 1 	 5.446061e-11 	 -5.143762e-13
12 	 10 	 Ey 	 1 	 5.735295e-11 	 3.069588e-13
12 	 11 	 Ey 	 1 	 5.719144e-11 	 1.353366e-12
12 	 12 	 Ey 	 1 	 5.127815e-11 	 2.304623e-12
12 	 13 	 Ey 	 1 	 4.064287e-11 	 2.869135e-12
12 	 14 	 Ey 	 1 	 2.436410e-11 	 3.212173e-12
12 	 15 	 Ey 	 1 	 4.380930e-12 	 2.834342e-12
12 	 16 	 Ey 	 1 	 -1.392683e-11 	 3.392484e-12
12 	 17 	 Ey 	 1 	 1.744976e-11 	 4.605860e-13
12 	 18 	 Ey 	 1 	 2.129359e-11 	 5.456650e-13
12 	 19 	 Ey 	 1 	 2.596299e-11 	 4.488507e-13
12 	 20 	 Ey 	 1 	 3.191992e-11 	 1.843929e-13
12 	 21 	 Ey 	 1 	 3.850522e-11 	 -3.653215e-13
12 	 22 	 Ey 	 1 	 4.545394e-11 	 -1.012784e-12
12 	 23 	 Ey 	 1 	 5.371243e-11 	 -1.522402e-12
12 	 24 	 Ey 	 1 	 6.419610e-11 	 -1.736905e-12
12 	 25 	 Ey 	 1 	 7.453617e-11 	 -1.004431e-12
12 	 26 	 Ey 	 1 	 8.394492e-11 	 5.331179e-13
12 	 27 	 Ey 	 1 	 8.632912e-11 	 2.403218e-12
12 	 28 	 Ey 	 1 	 8.103684e-11 	 3.689462e-12
12 	 29 	 Ey 	 1 	 6.433169e-11 	 4.543565e-12
12 	 30 	 Ey 	 1 	 4.102657e-11 	 4.721310e-12
12 	 31 	 Ey 	 1 	 8.433156e-12 	 4.220397e-12
12 	 32 	 Ey 	 1 	 -2.036550e-11 	 4.449087e-12
12 	 33 	 Ey 	 1 	 1.766092e-11 	 4.874840e-13
12 	 34 	 Ey 	 1 	 2.225532e-11 	 6.459261e-13
12 	 35 	 Ey 	 1 	 2.718792e-11 	 5.703367e-13
12 	 36 	 Ey 	 1 	 3.363091e-11 	 3.450390e-13
12 	 37 	 Ey 	 1 	 4.138322e-11 	 -4.818703e-13
12 	 38 	 Ey 	 1 	 5.148159e-11 	 -1.645542e-12
12 	 39 	 Ey 	 1 	 6.410848e-11 	 -2.473212e-12
12 	 40 	 Ey 	 1 	 8.097897e-11 	 -2.355321e-12
12 	 41 	 Ey 	 1 	 1.021387e-10 	 -7.500208e-13
12 	 42 	 Ey 	 1 	 1.236244e-10 	 1.579025e-12
12 	 43 	 Ey 	 1 	 1.361292e-10 	 4.297097e-12
12 	 44 	 Ey 	 1 	 1.337494e-10 	 5.778067e-12
12 	 45 	 Ey 	 1 	 1.105170e-10 	 6.506589e-12
12 	 46 	 Ey 	 1 	 7.058929e-11 	 6.883582e-12
12 	 47 	 Ey 	 1 	 1.631096e-11 	 5.699404e-12
12 	 48 	 Ey 	 1 	 -2.831159e-11 	 5.173959e-12
12 	 49 	 Ey 	 1 	 1.750519e-11 	 5.750080e-13
12 	 50 	 Ey 	 1 	 2.233239e-11 	 7.256899e-13
12 	 51 	 Ey 	 1 	 2.741497e-11 	 6.592875e-13
12 	 52 	 Ey 	 1 	 3.396447e-11 	 3.281439e-13
12 	 53 	 Ey 	 1 	 4.229592e-11 	 -8.478509e-13
12 	 54 	 Ey 	 1 	 5.375392e-11 	 -2.346628e-12
12 	 55 	 Ey 	 1 	 7.228490e-11 	 -3.193201e-12
12 	 56 	 Ey 	 1 	 9.965533e-11 	 -2.701953e-12
12 	 57 	 Ey 	 1 	 1.380786e-10 	 2.297447e-13
12 	 58 	 Ey 	 1 	 1.822936e-10 	 4.129834e-12
12 	 59 	 Ey 	 1 	 2.146192e-10 	 6.903597e-12
12 	 60 	 Ey 	 1 	 2.231951e-10 	 8.339256e-12
12 	 61 	 Ey 	 1 	 1.914972e-10 	 9.636676e-12
12 	 62 	 Ey 	 1 	 1.256484e-10 	 8.875827e-12
12 	 63 	 Ey 	 1 	 2.919708e-11 	 7.813140e-12
12 	 64 	 Ey 	 1 	 -4.658655e-11 	 6.388674e-12
12 	 65 	 Ey 	 1 	 1.681215e-11 	 6.587815e-13
12 	 66 	 Ey 	 1 	 2.095900e-11 	 6.534869e-13
12 	 67 	 Ey 	 1 	 2.618514e-11 	 5.912542e-13
12 	 68 	 Ey 	 1 	 3.214758e-11 	 -8.785338e-14
12 	 69 	 Ey 	 1 	 3.976728e-11 	 -1.468838e-12
12 	 70 	 Ey 	 1 	 5.385541e-11 	 -3.031604e-12
12 	 71 	 Ey 	 1 	 7.791425e-11 	 -3.930382e-12
12 	 72 	 Ey 	 1 	 1.186117e-10 	 -2.680104e-12
12 	 73 	 Ey 	 1 	 1.815118e-10 	 1.307254e-12
12 	 74 	 Ey 	 1 	 2.545560e-10 	 6.238203e-12
12 	 75 	 Ey 	 1 	 3.150188e-10 	 9.257620e-12
12 	 76 	 Ey 	 1 	 3.510257e-10 	 1.123731e-11
12 	 77 	 Ey 	 1 	 3.305193e-10 	 1.255162e-11
12 	 78 	 Ey 	 1 	 2.260261e-10 	 1.206353e-11
12 	 79 	 Ey 	 1 	 5.884744e-11 	 9.066668e-12
12 	 80 	 Ey 	 1 	 -9.278183e-11 	 7.652482e-12
12 	 81 	 Ey 	 1 	 1.501333e-11 	 5.420736e-13
12 	 82 	 Ey 	 1 	 1.862036e-11 	 5.348954e-13
12 	 83 	 Ey 	 1 	 2.351695e-11 	 2.565809e-13
12 	 84 	 Ey 	 1 	 2.929482e-11 	 -5.295764e-13
12 	 85 	 Ey 	 1 	 3.719992e-11 	 -1.846847e-12
12 	 86 	 Ey 	 1 	 5.247587e-11 	 -3.139225e-12
12 	 87 	 Ey 	 1 	 8.291320e-11 	 -3.667622e-12
12 	 88 	 Ey 	 1 	 1.339833e-10 	 -2.331045e-12
12 	 89 	 Ey 	 1 	 2.155378e-10 	 2.044055e-12
12 	 90 	 Ey 	 1 	 3.302467e-10 	 7.759017e-12
12 	 91 	 Ey 	 1 	 4.522305e-10 	 1.056809e-11
12 	 92 	 Ey 	 1 	 5.662421e-10 	 1.527163e-11
12 	 93 	 Ey 	 1 	 5.791662e-10 	 1.522537e-11
12 	 94 	 Ey 	 1 	 4.347428e-10 	 1.424681e-11
12 	 95 	 Ey 	 1 	 9.762559e-11 	 1.030525e-11
12 	 96 	 Ey 	 1 	 -2.217705e-10 	 7.729605e-12
12 	 97 	 Ey 	 1 	 1.267498e-11 	 4.131012e-13
12 	 98 	 Ey 	 1 	 1.601563e-11 	 3.364253e-13
12 	 99 	 Ey 	 1 	 2.021808e-11 	 2.230205e-14
12 	 100 	 Ey 	 1 	 2.536723e-11 	 -6.461531e-13
12 	 101 	 Ey 	 1 	 3.416493e-11 	 -1.654117e-12
12 	 102 	 Ey 	 1 	 5.151040e-11 	 -2.763583e-12
12 	 103 	 Ey 	 1 	 8.361684e-11 	 -2.919221e-12
12 	 104 	 Ey 	 1 	 1.421606e-10 	 -1.736188e-12
12 	 105 	 Ey 	 1 	 2.494034e-10 	 2.748791e-12
12 	 106 	 Ey 	 1 	 4.132097e-10 	 9.114385e-12
12 	 107 	 Ey 	 1 	 6.246340e-10 	 1.446268e-11
12 	 108 	 Ey 	 1 	 8.638362e-10 	 1.614073e-11
12 	 109 	 Ey 	 1 	 1.036637e-09 	 1.788051e-11
12 	 110 	 Ey 	 1 	 9.037746e-10 	 1.390716e-11
12 	 111 	 Ey 	 1 	 1.646221e-10 	 1.073557e-11
12 	 112 	 Ey 	 1 	 -6.080401e-10 	 8.122135e-12
12 	 113 	 Ey 	 1 	 9.654009e-12 	 1.591288e-13
12 	 114 	 Ey 	 1 	 1.273593e-11 	 2.072503e-13
12 	 115 	 Ey 	 1 	 1.594157e-11 	 -3.038522e-14
12 	 116 	 Ey 	 1 	 2.089963e-11 	 -3.834307e-13
12 	 117 	 Ey 	 1 	 2.844725e-11 	 -1.091866e-12
12 	 118 	 Ey 	 1 	 4.317540e-11 	 -2.113267e-12
12 	 119 	 Ey 	 1 	 7.633245e-11 	 -1.863591e-12
12 	 120 	 Ey 	 1 	 1.372970e-10 	 -4.411989e-13
12 	 121 	 Ey 	 1 	 2.517879e-10 	 2.807605e-12
12 	 122 	 Ey 	 1 	 4.556275e-10 	 8.905292e-12
12 	 123 	 Ey 	 1 	 7.657484e-10 	 1.329685e-11
12 	 124 	 Ey 	 1 	 1.280508e-09 	 1.592664e-11
12 	 125 	 Ey 	 1 	 2.054134e-09 	 1.660278e-11
12 	 126 	 Ey 	 1 	 2.345930e-09 	 1.475076e-11
12 	 127 	 Ey 	 1 	 3.592565e-10 	 8.720477e-12
12 	 128 	 Ey 	 1 	 -1.947888e-09 	 5.177802e-12
12 	 129 	 Ey 	 1 	 6.237844e-12 	 -5.478205e-14
12 	 130 	 Ey 	 1 	 7.966261e-12 	 -1.859056e-13
12 	 131 	 Ey 	 1 	 1.069576e-11 	 -1.638277e-13
12 	 132 	 Ey 	 1 	 1.483928e-11 	 -1.245870e-13
12 	 133 	 Ey 	 1 	 2.080062e-11 	 -3.453151e-13
12 	 134 	 Ey 	 1 	 3.193691e-11 	 -7.779968e-13
12 	 135 	 Ey 	 1 	 5.652510e-11 	 -6.333724e-13
12 	 136 	 Ey 	 1 	 1.000000e-10 	 -5.432668e-13
12 	 137 	 Ey 	 1 	 1.985114e-10 	 2.071367e-12
12 	 138 	 Ey 	 1 	 3.777214e-10 	 5.013493e-12
12 	 139 	 Ey 	 1 	 7.303136e-10 	 8.394080e-12
12 	 140 	 Ey 	 1 	 1.570852e-09 	 1.179946e-11
12 	 141 	 Ey 	 1 	 3.785729e-09 	 1.379033e-11
12 	 142 	 Ey 	 1 	 8.127802e-09 	 8.690304e-12
12 	 143 	 Ey 	 1 	 2.062865e-09 	 5.914982e-12
12 	 144 	 Ey 	 1 	 -8.944145e-09 	 3.171283e-12
12 	 145 	 Ey 	 1 	 8.821181e-13 	 -3.544607e-13
12 	 146 	 Ey 	 1 	 1.931615e-12 	 -2.586096e-13
12 	 147 	 Ey 	 1 	 3.114256e-12 	 -1.958700e-13
12 	 148 	 Ey 	 1 	 5.360026e-12 	 1.308601e-13
12 	 149 	 Ey 	 1 	 7.675180e-12 	 2.732824e-13
12 	 150 	 Ey 	 1 	 1.370445e-11 	 8.362206e-13
12 	 151 	 Ey 	 1 	 2.027472e-11 	 5.486979e-13
12 	 152 	 Ey 	 1 	 3.585348e-11 	 2.377553e-13
12 	 153 	 Ey 	 1 	 7.423279e-11 	 9.416007e-14
12 	 154 	 Ey 	 1 	 1.587772e-10 	 -3.442822e-13
12 	 155 	 Ey 	 1 	 3.601213e-10 	 -4.952747e-13
12 	 156 	 Ey 	 1 	 1.035751e-09 	 2.927232e-12
12 	 157 	 Ey 	 1 	 3.876880e-09 	 3.735402e-12
12 	 158 	 Ey 	 1 	 2.668404e-08 	 1.203943e-13
12 	 159 	 Ey 	 1 	 -6.007089e-08 	 -1.136006e-11
12 	 160 	 Ey 	 1 	 -6.437449e-08 	 -3.028066e-12
12 	 161 	 Ey 	 1 	 -1.278569e-11 	 -5.711863e-13
12 	 162 	 Ey 	 1 	 -1.470547e-11 	 -5.094448e-13
12 	 163 	 Ey 	 1 	 -1.684334e-11 	 -2.942782e-13
12 	 164 	 Ey 	 1 	 -1.888821e-11 	 3.710484e-13
12 	 165 	 Ey 	 1 	 -2.167088e-11 	 1.382970e-12
12 	 166 	 Ey 	 1 	 -2.878215e-11 	 2.337422e-12
12 	 167 	 Ey 	 1 	 -4.416240e-11 	 2.516318e-12
12 	 168 	 Ey 	 1 	 -7.353686e-11 	 1.239256e-12
12 	 169 	 Ey 	 1 	 -1.260708e-10 	 -2.055659e-12
12 	 170 	 Ey 	 1 	 -2.064727e-10 	 -5.491959e-12
12 	 171 	 Ey 	 1 	 -3.378730e-10 	 -7.186588e-12
12 	 172 	 Ey 	 1 	 -7.547951e-10 	 -1.099268e-11
12 	 173 	 Ey 	 1 	 -2.208476e-09 	 -7.595433e-12
12 	 174 	 Ey 	 1 	 -2.164338e-08 	 -3.543409e-12
12 	 175 	 Ey 	 1 	 -5.395465e-06 	 -2.517125e-10
12 	 176 	 Ey 	 1 	 6.473833e-08 	 -9.945827e-13
12 	 177 	 Ey 	 1 	 -6.228439e-12 	 -5.967556e-13
12 	 178 	 Ey 	 1 	 -7.993421e-12 	 -5.753686e-13
12 	 179 	 Ey 	 1 	 -9.552840e-12 	 -2.637049e-13
12 	 180 	 Ey 	 1 	 -1.123236e-11 	 4.103056e-13
12 	 181 	 Ey 	 1 	 -1.340410e-11 	 2.026482e-12
12 	 182 	 Ey 	 1 	 -2.086001e-11 	 4.019931e-12
12 	 183 	 Ey 	 1 	 -4.191434e-11 	 4.972586e-12
12 	 184 	 Ey 	 1 	 -9.444910e-11 	 2.250134e-12
12 	 185 	 Ey 	 1 	 -1.980899e-10 	 -3.237491e-12
12 	 186 	 Ey 	 1 	 -3.823503e-10 	 -1.013325e-11
12 	 187 	 Ey 	 1 	 -7.240467e-10 	 -1.500014e-11
12 	 188 	 Ey 	 1 	 -1.588962e-09 	 -1.766015e-11
12 	 189 	 Ey 	 1 	 -4.558410e-09 	 -2.000331e-11
12 	 190 	 Ey 	 1 	 -1.524486e-08 	 -2.053325e-11
12 	 191 	 Ey 	 1 	 -7.346371e-09 	 -8.698395e-12
12 	 192 	 Ey 	 1 	 2.084735e-08 	 -1.038996e-11
12 	 193 	 Ey 	 1 	 -9.718395e-12 	 -4.895279e-13
12 	 194 	 Ey 	 1 	 -1.260821e-11 	 -5.593603e-13
12 	 195 	 Ey 	 1 	 -1.632243e-11 	 -3.536979e-13
12 	 196 	 Ey 	 1 	 -2.131948e-11 	 2.055083e-13
12 	 197 	 Ey 	 1 	 -2.655977e-11 	 2.085749e-12
12 	 198 	 Ey 	 1 	 -3.818464e-11 	 4.467172e-12
12 	 199 	 Ey 	 1 	 -6.714795e-11 	 5.437536e-12
12 	 200 	 Ey 	 1 	 -1.316974e-10 	 3.274094e-12
12 	 201 	 Ey 	 1 	 -2.590617e-10 	 -2.617757e-12
12 	 202 	 Ey 	 1 	 -4.665093e-10 	 -9.398950e-12
12 	 203 	 Ey 	 1 	 -8.230029e-10 	 -1.544380e-11
12 	 204 	 Ey 	 1 	 -1.545463e-09 	 -2.065468e-11
12 	 205 	 Ey 	 1 	 -2.874870e-09 	 -2.272811e-11
12 	 206 	 Ey 	 1 	 -4.179753e-09 	 -2.011654e-11
12 	 207 	 Ey 	 1 	 -8.226394e-10 	 -1.436061e-11
12 	 208 	 Ey 	 1 	 3.527274e-09 	 -1.062142e-11
12 	 209 	 Ey 	 1 	 -1.272060e-11 	 -4.448284e-13
12 	 210 	 Ey 	 1 	 -1.652395e-11 	 -4.811326e-13
12 	 211 	 Ey 	 1 	 -2.114650e-11 	 -1.350333e-13
12 	 212 	 Ey 	 1 	 -2.837933e-11 	 5.272402e-13
12 	 213 	 Ey 	 1 	 -3.752690e-11 	 1.953292e-12
12 	 214 	 Ey 	 1 	 -5.396413e-11 	 3.690890e-12
12 	 215 	 Ey 	 1 	 -8.360073e-11 	 4.639426e-12
12 	 216 	 Ey 	 1 	 -1.428120e-10 	 3.661443e-12
12 	 217 	 Ey 	 1 	 -2.496046e-10 	 -7.234334e-13
12 	 218 	 Ey 	 1 	 -4.263880e-10 	 -7.003865e-12
12 	 219 	 Ey 	 1 	 -6.739319e-10 	 -1.242426e-11
12 	 220 	 Ey 	 1 	 -1.036528e-09 	 -1.619566e-11
12 	 221 	 Ey 	 1 	 -1.418033e-09 	 -1.878377e-11
12 	 222 	 Ey 	 1 	 -1.365822e-09 	 -1.713889e-11
12 	 223 	 Ey 	 1 	 -2.067451e-10 	 -1.273822e-11
12 	 224 	 Ey 	 1 	 9.591247e-10 	 -9.273127e-12
12 	 225 	 Ey 	 1 	 -1.449092e-11 	 -1.945845e-13
12 	 226 	 Ey 	 1 	 -1.926221e-11 	 -3.041521e-13
12 	 227 	 Ey 	 1 	 -2.532858e-11 	 3.953336e-14
12 	 228 	 Ey 	 1 	 -3.280426e-11 	 7.290795e-13
12 	 229 	 Ey 	 1 	 -4.364338e-11 	 1.810232e-12
12 	 230 	 Ey 	 1 	 -6.119878e-11 	 2.554593e-12
12 	 231 	 Ey 	 1 	 -8.934736e-11 	 3.132444e-12
12 	 232 	 Ey 	 1 	 -1.376321e-10 	 2.778354e-12
12 	 233 	 Ey 	 1 	 -2.136410e-10 	 1.782970e-13
12 	 234 	 Ey 	 1 	 -3.260179e-10 	 -3.869559e-12
12 	 235 	 Ey 	 1 	 -4.674247e-10 	 -9.191393e-12
12 	 236 	 Ey 	 1 	 -6.089511e-10 	 -1.198955e-11
12 	 237 	 Ey 	 1 	 -6.795974e-10 	 -1.263331e-11
12 	 238 	 Ey 	 1 	 -5.478566e-10 	 -1.080137e-11
12 	 239 	 Ey 	 1 	 -8.596783e-11 	 -9.555074e-12
12 	 240 	 Ey 	 1 	 3.517351e-10 	 -7.598236e-12
12 	 241 	 Ey 	 1 	 -1.571059e-11 	 2.340723e-14
12 	 242 	 Ey 	 1 	 -1.970502e-11 	 2.206335e-13
12 	 243 	 Ey 	 1 	 -2.562135e-11 	 4.962205e-13
12 	 244 	 Ey 	 1 	 -3.431452e-11 	 8.532768e-13
12 	 245 	 Ey 	 1 	 -4.519157e-11 	 1.245700e-12
12 	 246 	 Ey 	 1 	 -6.159399e-11 	 1.612579e-12
12 	 247 	 Ey 	 1 	 -8.547571e-11 	 1.894546e-12
12 	 248 	 Ey 	 1 	 -1.216272e-10 	 1.240573e-12
12 	 249 	 Ey 	 1 	 -1.710442e-10 	 -5.064513e-13
12 	 250 	 Ey 	 1 	 -2.351552e-10 	 -3.128744e-12
12 	 251 	 Ey 	 1 	 -3.087071e-10 	 -6.095413e-12
12 	 252 	 Ey 	 1 	 -3.596705e-10 	 -8.459343e-12
12 	 253 	 Ey 	 1 	 -3.581254e-10 	 -8.858951e-12
12 	 254 	 Ey 	 1 	 -2.591895e-10 	 -8.495548e-12
12 	 255 	 Ey 	 1 	 -4.325811e-11 	 -8.188222e-12
12 	 256 	 Ey 	 1 	 1.531933e-10 	 -7.722126e-12
12 	 1 	 Ey 	 2 	 1.581948e-11 	 5.781426e-13
12 	 2 	 Ey 	 2 	 1.936605e-11 	 8.900657e-13
12 	 3 	 Ey 	 2 	 2.338018e-11 	 1.231147e-12
12 	 4 	 Ey 	 2 	 2.795961e-11 	 1.474255e-12
12 	 5 	 Ey 	 2 	 3.345258e-11 	 1.601854e-12
12 	 6 	 Ey 	 2 	 3.958648e-11 	 1.658802e-12
12 	 7 	 Ey 	 2 	 4.572112e-11 	 1.771123e-12
12 	 8 	 Ey 	 2 	 5.147834e-11 	 2.096782e-12
12 	 9 	 Ey 	 2 	 5.530601e-11 	 2.720099e-12
12 	 10 	 Ey 	 2 	 5.676697e-11 	 3.756486e-12
12 	 11 	 Ey 	 2 	 5.485454e-11 	 4.600677e-12
12 	 12 	 Ey 	 2 	 4.731820e-11 	 5.018697e-12
12 	 13 	 Ey 	 2 	 3.571257e-11 	 5.034025e-12
12 	 14 	 Ey 	 2 	 1.893065e-11 	 4.661896e-12
12 	 15 	 Ey 	 2 	 -3.844814e-13 	 4.057513e-12
12 	 16 	 Ey 	 2 	 -1.934311e-11 	 3.690163e-12
12 	 17 	 Ey 	 2 	 1.671790e-11 	 7.396720e-13
12 	 18 	 Ey 	 2 	 2.052669e-11 	 9.610570e-13
12 	 19 	 Ey 	 2 	 2.537404e-11 	 1.246195e-12
12 	 20 	 Ey 	 2 	 3.176301e-11 	 1.573935e-12
12 	 21 	 Ey 	 2 	 3.926634e-11 	 1.716734e-12
12 	 22 	 Ey 	 2 	 4.726375e-11 	 1.601073e-12
12 	 23 	 Ey 	 2 	 5.641322e-11 	 1.473651e-12
12 	 24 	 Ey 	 2 	 6.727201e-11 	 2.127631e-12
12 	 25 	 Ey 	 2 	 7.641202e-11 	 3.745696e-12
12 	 26 	 Ey 	 2 	 8.329516e-11 	 6.431480e-12
12 	 27 	 Ey 	 2 	 8.261187e-11 	 8.627627e-12
12 	 28 	 Ey 	 2 	 7.512602e-11 	 9.554981e-12
12 	 29 	 Ey 	 2 	 5.677427e-11 	 9.530445e-12
12 	 30 	 Ey 	 2 	 3.312638e-11 	 8.781726e-12
12 	 31 	 Ey 	 2 	 1.369522e-12 	 7.435817e-12
12 	 32 	 Ey 	 2 	 -2.778396e-11 	 6.053582e-12
12 	 33 	 Ey 	 2 	 1.683525e-11 	 7.208021e-13
12 	 34 	 Ey 	 2 	 2.129411e-11 	 9.396004e-13
12 	 35 	 Ey 	 2 	 2.646468e-11 	 1.048475e-12
12 	 36 	 Ey 	 2 	 3.342687e-11 	 1.169254e-12
12 	 37 	 Ey 	 2 	 4.260638e-11 	 9.855261e-13
12 	 38 	 Ey 	 2 	 5.464503e-11 	 6.818881e-13
12 	 39 	 Ey 	 2 	 6.866498e-11 	 6.948986e-13
12 	 40 	 Ey 	 2 	 8.553975e-11 	 2.173257e-12
12 	 41 	 Ey 	 2 	 1.042881e-10 	 6.187361e-12
12 	 42 	 Ey 	 2 	 1.222283e-10 	 1.145915e-11
12 	 43 	 Ey 	 2 	 1.304797e-10 	 1.586096e-11
12 	 44 	 Ey 	 2 	 1.253644e-10 	 1.734608e-11
12 	 45 	 Ey 	 2 	 1.004390e-10 	 1.675237e-11
12 	 46 	 Ey 	 2 	 5.948288e-11 	 1.541725e-11
12 	 47 	 Ey 	 2 	 6.893847e-12 	 1.155525e-11
12 	 48 	 Ey 	 2 	 -3.695482e-11 	 8.838072e-12
12 	 49 	 Ey 	 2 	 1.660638e-11 	 5.654420e-13
12 	 50 	 Ey 	 2 	 2.125891e-11 	 7.620181e-13
12 	 51 	 Ey 	 2 	 2.657724e-11 	 7.388867e-13
12 	 52 	 Ey 	 2 	 3.391990e-11 	 4.401158e-13
12 	 53 	 Ey 	 2 	 4.428412e-11 	 -4.788837e-13
12 	 54 	 Ey 	 2 	 5.828563e-11 	 -1.451678e-12
12 	 55 	 Ey 	 2 	 7.839394e-11 	 -8.840111e-13
12 	 56 	 Ey 	 2 	 1.053177e-10 	 2.573995e-12
12 	 57 	 Ey 	 2 	 1.397942e-10 	 1.031801e-11
12 	 58 	 Ey 	 2 	 1.784890e-10 	 2.019468e-11
12 	 59 	 Ey 	 2 	 2.067931e-10 	 2.658858e-11
12 	 60 	 Ey 	 2 	 2.128228e-10 	 2.866226e-11
12 	 61 	 Ey 	 2 	 1.780214e-10 	 2.810631e-11
12 	 62 	 Ey 	 2 	 1.123455e-10 	 2.328169e-11
12 	 63 	 Ey 	 2 	 1.683081e-11 	 1.797733e-11
12 	 64 	 Ey 	 2 	 -5.688286e-11 	 1.317872e-11
12 	 65 	 Ey 	 2 	 1.583088e-11 	 3.787094e-13
12 	 66 	 Ey 	 2 	 1.997293e-11 	 3.635648e-13
12 	 67 	 Ey 	 2 	 2.547356e-11 	 1.608142e-13
12 	 68 	 Ey 	 2 	 3.268281e-11 	 -8.131757e-13
12 	 69 	 Ey 	 2 	 4.266953e-11 	 -2.590359e-12
12 	 70 	 Ey 	 2 	 5.951830e-11 	 -4.125774e-12
12 	 71 	 Ey 	 2 	 8.539758e-11 	 -3.251550e-12
12 	 72 	 Ey 	 2 	 1.249331e-10 	 2.535965e-12
12 	 73 	 Ey 	 2 	 1.828072e-10 	 1.449950e-11
12 	 74 	 Ey 	 2 	 2.495756e-10 	 2.838413e-11
12 	 75 	 Ey 	 2 	 3.061796e-10 	 3.681867e-11
12 	 76 	 Ey 	 2 	 3.389889e-10 	 4.065354e-11
12 	 77 	 Ey 	 2 	 3.152955e-10 	 4.091001e-11
12 	 78 	 Ey 	 2 	 2.096741e-10 	 3.498441e-11
12 	 79 	 Ey 	 2 	 4.582005e-11 	 2.444145e-11
12 	 80 	 Ey 	 2 	 -1.043505e-10 	 1.848923e-11
12 	 81 	 Ey 	 2 	 1.417574e-11 	 1.231228e-13
12 	 82 	 Ey 	 2 	 1.784303e-11 	 -3.353245e-14
12 	 83 	 Ey 	 2 	 2.324260e-11 	 -5.842110e-13
12 	 84 	 Ey 	 2 	 3.033691e-11 	 -1.877447e-12
12 	 85 	 Ey 	 2 	 4.055119e-11 	 -4.064313e-12
12 	 86 	 Ey 	 2 	 5.820021e-11 	 -5.801475e-12
12 	 87 	 Ey 	 2 	 9.008486e-11 	 -4.353635e-12
12 	 88 	 Ey 	 2 	 1.401918e-10 	 1.941106e-12
12 	 89 	 Ey 	 2 	 2.165928e-10 	 1.586022e-11
12 	 90 	 Ey 	 2 	 3.247941e-10 	 3.364466e-11
12 	 91 	 Ey 	 2 	 4.441786e-10 	 4.390721e-11
12 	 92 	 Ey 	 2 	 5.515605e-10 	 5.555883e-11
12 	 93 	 Ey 	 2 	 5.632157e-10 	 5.284252e-11
12 	 94 	 Ey 	 2 	 4.180075e-10 	 4.608181e-11
12 	 95 	 Ey 	 2 	 8.447573e-11 	 3.150117e-11
12 	 96 	 Ey 	 2 	 -2.327166e-10 	 2.128265e-11
12 	 97 	 Ey 	 2 	 1.195593e-11 	 1.331160e-14
12 	 98 	 Ey 	 2 	 1.544180e-11 	 -2.553383e-13
12 	 99 	 Ey 	 2 	 2.014895e-11 	 -9.234443e-13
12 	 100 	 Ey 	 2 	 2.647828e-11 	 -2.226817e-12
12 	 101 	 Ey 	 2 	 3.701490e-11 	 -4.093617e-12
12 	 102 	 Ey 	 2 	 5.649028e-11 	 -5.684630e-12
12 	 103 	 Ey 	 2 	 8.951556e-11 	 -4.518055e-12
12 	 104 	 Ey 	 2 	 1.475193e-10 	 1.542811e-12
12 	 105 	 Ey 	 2 	 2.501641e-10 	 1.688954e-11
12 	 106 	 Ey 	 2 	 4.074286e-10 	 3.805904e-11
12 	 107 	 Ey 	 2 	 6.136297e-10 	 5.591652e-11
12 	 108 	 Ey 	 2 	 8.510426e-10 	 6.151592e-11
12 	 109 	 Ey 	 2 	 1.019786e-09 	 6.331374e-11
12 	 110 	 Ey 	 2 	 8.903324e-10 	 4.951825e-11
12 	 111 	 Ey 	 2 	 1.528088e-10 	 3.622931e-11
12 	 112 	 Ey 	 2 	 -6.190911e-10 	 2.380738e-11
12 	 113 	 Ey 	 2 	 9.287265e-12 	 -1.828355e-13
12 	 114 	 Ey 	 2 	 1.231523e-11 	 -3.308188e-13
12 	 115 	 Ey 	 2 	 1.586486e-11 	 -8.293795e-13
12 	 116 	 Ey 	 2 	 2.142174e-11 	 -1.618283e-12
12 	 117 	 Ey 	 2 	 3.020543e-11 	 -3.148052e-12
12 	 118 	 Ey 	 2 	 4.685982e-11 	 -4.995389e-12
12 	 119 	 Ey 	 2 	 8.026054e-11 	 -3.254532e-12
12 	 120 	 Ey 	 2 	 1.403847e-10 	 2.478628e-12
12 	 121 	 Ey 	 2 	 2.523065e-10 	 1.488582e-11
12 	 122 	 Ey 	 2 	 4.506969e-10 	 3.627435e-11
12 	 123 	 Ey 	 2 	 7.576872e-10 	 5.255341e-11
12 	 124 	 Ey 	 2 	 1.270038e-09 	 6.161401e-11
12 	 125 	 Ey 	 2 	 2.042107e-09 	 6.310929e-11
12 	 126 	 Ey 	 2 	 2.333151e-09 	 5.418546e-11
12 	 127 	 Ey 	 2 	 3.502527e-10 	 3.113514e-11
12 	 128 	 Ey 	 2 	 -1.954382e-09 	 1.712709e-11
12 	 129 	 Ey 	 2 	 6.125007e-12 	 -2.914379e-13
12 	 130 	 Ey 	 2 	 7.968217e-12 	 -4.562310e-13
12 	 131 	 Ey 	 2 	 1.065972e-11 	 -5.817582e-13
12 	 132 	 Ey 	 2 	 1.479609e-11 	 -8.647600e-13
12 	 133 	 Ey 	 2 	 2.111048e-11 	 -1.453966e-12
12 	 134 	 Ey 	 2 	 3.307744e-11 	 -2.352893e-12
12 	 135 	 Ey 	 2 	 5.799231e-11 	 -2.044185e-12
12 	 136 	 Ey 	 2 	 1.022687e-10 	 -3.604460e-13
12 	 137 	 Ey 	 2 	 1.987167e-10 	 8.867633e-12
12 	 138 	 Ey 	 2 	 3.764274e-10 	 2.095373e-11
12 	 139 	 Ey 	 2 	 7.272821e-10 	 3.432506e-11
12 	 140 	 Ey 	 2 	 1.565350e-09 	 4.689662e-11
12 	 141 	 Ey 	 2 	 3.777567e-09 	 5.360060e-11
12 	 142 	 Ey 	 2 	 8.120242e-09 	 3.330898e-11
12 	 143 	 Ey 	 2 	 2.055689e-09 	 2.109087e-11
12 	 144 	 Ey 	 2 	 -8.946484e-09 	 1.285115e-11
12 	 145 	 Ey 	 2 	 1.171179e-12 	 -4.303350e-13
12 	 146 	 Ey 	 2 	 2.045580e-12 	 -4.071690e-13
12 	 147 	 Ey 	 2 	 3.002584e-12 	 -2.142362e-13
12 	 148 	 Ey 	 2 	 4.715839e-12 	 2.143233e-13
12 	 149 	 Ey 	 2 	 6.808067e-12 	 2.446807e-13
12 	 150 	 Ey 	 2 	 1.200468e-11 	 4.282512e-13
12 	 151 	 Ey 	 2 	 1.916588e-11 	 -5.809550e-13
12 	 152 	 Ey 	 2 	 3.557519e-11 	 -1.861801e-12
12 	 153 	 Ey 	 2 	 7.479657e-11 	 -1.897716e-12
12 	 154 	 Ey 	 2 	 1.612235e-10 	 -1.106199e-12
12 	 155 	 Ey 	 2 	 3.640144e-10 	 5.261267e-13
12 	 156 	 Ey 	 2 	 1.037046e-09 	 1.303063e-11
12 	 157 	 Ey 	 2 	 3.877402e-09 	 1.724223e-11
12 	 158 	 Ey 	 2 	 2.668161e-08 	 1.670296e-12
12 	 159 	 Ey 	 2 	 -6.006569e-08 	 -4.010276e-11
12 	 160 	 Ey 	 2 	 -6.436922e-08 	 -5.596553e-12
12 	 161 	 Ey 	 2 	 -1.224111e-11 	 -5.196566e-13
12 	 162 	 Ey 	 2 	 -1.432275e-11 	 -4.132760e-13
12 	 163 	 Ey 	 2 	 -1.696529e-11 	 9.379827e-14
12 	 164 	 Ey 	 2 	 -2.011889e-11 	 1.162036e-12
12 	 165 	 Ey 	 2 	 -2.462159e-11 	 2.853352e-12
12 	 166 	 Ey 	 2 	 -3.334602e-11 	 4.174145e-12
12 	 167 	 Ey 	 2 	 -4.909221e-11 	 2.342234e-12
12 	 168 	 Ey 	 2 	 -7.684624e-11 	 -2.907773e-12
12 	 169 	 Ey 	 2 	 -1.251156e-10 	 -1.319844e-11
12 	 170 	 Ey 	 2 	 -2.014179e-10 	 -2.351829e-11
12 	 171 	 Ey 	 2 	 -3.306856e-10 	 -2.822601e-11
12 	 172 	 Ey 	 2 	 -7.434147e-10 	 -3.888729e-11
12 	 173 	 Ey 	 2 	 -2.197249e-09 	 -2.352480e-11
12 	 174 	 Ey 	 2 	 -2.163217e-08 	 -5.061784e-12
12 	 175 	 Ey 	 2 	 -5.395101e-06 	 -7.542058e-10
12 	 176 	 Ey 	 2 	 6.474379e-08 	 2.146562e-12
12 	 177 	 Ey 	 2 	 -5.703393e-12 	 -4.659391e-13
12 	 178 	 Ey 	 2 	 -7.609999e-12 	 -2.912317e-13
12 	 179 	 Ey 	 2 	 -9.727318e-12 	 2.420339e-13
12 	 180 	 Ey 	 2 	 -1.277638e-11 	 1.711368e-12
12 	 181 	 Ey 	 2 	 -1.763757e-11 	 4.509729e-12
12 	 182 	 Ey 	 2 	 -2.839740e-11 	 7.503037e-12
12 	 183 	 Ey 	 2 	 -5.112081e-11 	 6.799616e-12
12 	 184 	 Ey 	 2 	 -1.002649e-10 	 -2.998725e-12
12 	 185 	 Ey 	 2 	 -1.973118e-10 	 -2.074337e-11
12 	 186 	 Ey 	 2 	 -3.739509e-10 	 -4.244287e-11
12 	 187 	 Ey 	 2 	 -7.108890e-10 	 -5.771366e-11
12 	 188 	 Ey 	 2 	 -1.573386e-09 	 -6.576532e-11
12 	 189 	 Ey 	 2 	 -4.539201e-09 	 -7.031055e-11
12 	 190 	 Ey 	 2 	 -1.522137e-08 	 -6.626253e-11
12 	 191 	 Ey 	 2 	 -7.331444e-09 	 -2.274666e-11
12 	 192 	 Ey 	 2 	 2.085606e-08 	 -3.327330e-11
12 	 193 	 Ey 	 2 	 -9.334119e-12 	 -3.709844e-13
12 	 194 	 Ey 	 2 	 -1.224719e-11 	 -2.534207e-13
12 	 195 	 Ey 	 2 	 -1.652075e-11 	 2.281962e-13
12 	 196 	 Ey 	 2 	 -2.264769e-11 	 1.433054e-12
12 	 197 	 Ey 	 2 	 -3.100743e-11 	 4.320190e-12
12 	 198 	 Ey 	 2 	 -4.653512e-11 	 7.722095e-12
12 	 199 	 Ey 	 2 	 -7.719422e-11 	 7.291234e-12
12 	 200 	 Ey 	 2 	 -1.391345e-10 	 -1.442698e-12
12 	 201 	 Ey 	 2 	 -2.592591e-10 	 -2.014681e-11
12 	 202 	 Ey 	 2 	 -4.590756e-10 	 -4.143529e-11
12 	 203 	 Ey 	 2 	 -8.089914e-10 	 -5.966184e-11
12 	 204 	 Ey 	 2 	 -1.525677e-09 	 -7.489102e-11
12 	 205 	 Ey 	 2 	 -2.851904e-09 	 -7.843566e-11
12 	 206 	 Ey 	 2 	 -4.157339e-09 	 -6.566533e-11
12 	 207 	 Ey 	 2 	 -8.042628e-10 	 -4.309625e-11
12 	 208 	 Ey 	 2 	 3.540984e-09 	 -2.990606e-11
12 	 209 	 Ey 	 2 	 -1.241407e-11 	 -3.230044e-13
12 	 210 	 Ey 	 2 	 -1.633571e-11 	 -1.927701e-13
12 	 211 	 Ey 	 2 	 -2.162398e-11 	 3.466740e-13
12 	 212 	 Ey 	 2 	 -3.011669e-11 	 1.361864e-12
12 	 213 	 Ey 	 2 	 -4.169418e-11 	 3.279808e-12
12 	 214 	 Ey 	 2 	 -6.103629e-11 	 5.301067e-12
12 	 215 	 Ey 	 2 	 -9.223487e-11 	 5.262379e-12
12 	 216 	 Ey 	 2 	 -1.502918e-10 	 1.731615e-13
12 	 217 	 Ey 	 2 	 -2.513073e-10 	 -1.305919e-11
12 	 218 	 Ey 	 2 	 -4.204087e-10 	 -3.206795e-11
12 	 219 	 Ey 	 2 	 -6.611757e-10 	 -4.728164e-11
12 	 220 	 Ey 	 2 	 -1.018715e-09 	 -5.674778e-11
12 	 221 	 Ey 	 2 	 -1.395897e-09 	 -6.121921e-11
12 	 222 	 Ey 	 2 	 -1.344318e-09 	 -5.285925e-11
12 	 223 	 Ey 	 2 	 -1.890873e-10 	 -3.649154e-11
12 	 224 	 Ey 	 2 	 9.732262e-10 	 -2.352826e-11
12 	 225 	 Ey 	 2 	 -1.445561e-11 	 -1.370558e-13
12 	 226 	 Ey 	 2 	 -1.933753e-11 	 -7.987218e-14
12 	 227 	 Ey 	 2 	 -2.604665e-11 	 3.100617e-13
12 	 228 	 Ey 	 2 	 -3.469266e-11 	 1.052488e-12
12 	 229 	 Ey 	 2 	 -4.732370e-11 	 2.101163e-12
12 	 230 	 Ey 	 2 	 -6.611117e-11 	 2.650938e-12
12 	 231 	 Ey 	 2 	 -9.528612e-11 	 2.559278e-12
12 	 232 	 Ey 	 2 	 -1.432102e-10 	 -4.637381e-13
12 	 233 	 Ey 	 2 	 -2.155489e-10 	 -8.129690e-12
12 	 234 	 Ey 	 2 	 -3.223860e-10 	 -1.972274e-11
12 	 235 	 Ey 	 2 	 -4.562433e-10 	 -3.278992e-11
12 	 236 	 Ey 	 2 	 -5.933591e-10 	 -3.876029e-11
12 	 237 	 Ey 	 2 	 -6.623158e-10 	 -3.839259e-11
12 	 238 	 Ey 	 2 	 -5.325651e-10 	 -3.150536e-11
12 	 239 	 Ey 	 2 	 -7.211813e-11 	 -2.633214e-11
12 	 240 	 Ey 	 2 	 3.637871e-10 	 -1.821528e-11
12 	 241 	 Ey 	 2 	 -1.601870e-11 	 1.086626e-13
12 	 242 	 Ey 	 2 	 -2.038801e-11 	 2.550392e-13
12 	 243 	 Ey 	 2 	 -2.681094e-11 	 4.455063e-13
12 	 244 	 Ey 	 2 	 -3.614897e-11 	 7.163080e-13
12 	 245 	 Ey 	 2 	 -4.772003e-11 	 1.012077e-12
12 	 246 	 Ey 	 2 	 -6.477047e-11 	 9.494903e-13
12 	 247 	 Ey 	 2 	 -8.911077e-11 	 2.832155e-13
12 	 248 	 Ey 	 2 	 -1.242687e-10 	 -2.338637e-12
12 	 249 	 Ey 	 2 	 -1.710870e-10 	 -7.123045e-12
12 	 250 	 Ey 	 2 	 -2.312944e-10 	 -1.392914e-11
12 	 251 	 Ey 	 2 	 -3.003545e-10 	 -2.102059e-11
12 	 252 	 Ey 	 2 	 -3.474895e-10 	 -2.546860e-11
12 	 253 	 Ey 	 2 	 -3.449268e-10 	 -2.516477e-11
12 	 254 	 Ey 	 2 	 -2.462419e-10 	 -2.272441e-11
12 	 255 	 Ey 	 2 	 -3.073373e-11 	 -2.032120e-11
12 	 256 	 Ey 	 2 	 1.653461e-10 	 -1.718344e-11
